	hit_fraction_z	mean_z	median_z	max_z	mean_prob	median_prob	mean_confidence	median_confidence	hit_fraction_prob	direction
COG0001	0.0	0.8122277316041571	0.8717554510855138	1.2173352662941472	0.7407873570307615	0.6946024822719383	0.7407873570307615	0.6946024822719383	1.0	endpoint
COG0002	0.0	0.3085473995536217	0.5832710031486997	1.3909911239372994	0.5812822810855083	0.5915767420182221	0.5812822810855083	0.5915767420182221	0.7142857142857143	endpoint
COG0003	0.0	0.5438750327443336	0.7063278295207276	1.351147941035887	0.3399581659335099	0.313701845611089	0.6600418340664901	0.6862981543889111	0.8571428571428571	baseline
COG0004	0.0	0.7333468692844857	0.9970944798349345	1.8409057665045867	0.6801080803150403	0.7762057973109743	0.6801080803150403	0.7762057973109743	0.8571428571428571	endpoint
COG0005	0.0	0.11276595632681644	0.30059592216156655	1.542362909742425	0.5145682183266348	0.5741026282317021	0.5145682183266348	0.5741026282317021	0.5714285714285714	endpoint
COG0006	0.0	0.24850647313875765	0.6215945600228368	1.2955377820371938	0.4117874412017835	0.2864794734336305	0.5882125587982165	0.7135205265663696	0.7142857142857143	baseline
COG0007	0.0	0.41432482935720216	0.5319007350662568	1.6914218175241205	0.41583772492994797	0.38884692197803905	0.584162275070052	0.611153078021961	0.7142857142857143	baseline
COG0008	0.0	0.6209900712478699	0.48046599348721136	1.4873704065079956	0.7002974194157093	0.6400699357326081	0.7002974194157093	0.6400699357326081	0.8571428571428571	endpoint
COG0009	0.0	0.5446153993550484	0.5004953178694177	1.0623176576580762	0.33504196841722084	0.35867272964310326	0.6649580315827792	0.6413272703568967	1.0	baseline
COG0010	0.0	0.12836724342714328	0.34364762766639595	1.6661904262709628	0.4208849431043457	0.41357637826760946	0.5791150568956542	0.5864236217323906	0.7142857142857143	baseline
COG0011	0.0	0.45606871637190066	0.3059259141758993	1.2907419821091224	0.35593349274417685	0.42438928919508184	0.6440665072558232	0.5756107108049182	0.8571428571428571	baseline
COG0012	0.0	0.862169393741036	0.9659704391574817	1.4784916352443738	0.7668626119631506	0.8325037059968777	0.7668626119631506	0.8325037059968777	0.8571428571428571	endpoint
COG0013	0.0	0.037880857447272265	0.417062327600267	1.2879384103132674	0.5171368339689792	0.40138975465049	0.5171368339689792	0.59861024534951	0.5714285714285714	baseline
COG0014	0.0	0.3250341442821467	0.23023279154275814	1.3827037718594577	0.3753646292596501	0.41389341946130515	0.6246353707403499	0.5861065805386949	0.7142857142857143	baseline
COG0015	0.0	0.09892923434001787	0.20180793385378562	0.907345562302709	0.5521116682230857	0.46601598770969793	0.5521116682230857	0.5339840122903021	0.5714285714285714	endpoint
COG0016	0.0	0.3042273907796158	0.7322148486062997	1.4051838012097906	0.5794092785203523	0.6995331219575555	0.5794092785203523	0.6995331219575555	0.7142857142857143	endpoint
COG0017	0.0	0.5405781948885163	0.5145355921308209	1.706496605278083	0.6799081432956863	0.6764807946083707	0.6799081432956863	0.6764807946083707	0.7142857142857143	endpoint
COG0018	0.0	0.10971686791660033	0.3193783647217389	1.4641384791884091	0.5519439389678046	0.5805496623951688	0.5519439389678046	0.5805496623951688	0.7142857142857143	endpoint
COG0019	0.0	0.7586615847138518	1.0924252942059576	1.338795429523741	0.7266274584981776	0.8087486303887295	0.7266274584981776	0.8087486303887295	0.7142857142857143	endpoint
COG0020	0.0	0.11047913301164544	0.12860025938594344	1.5989930391390377	0.44469914892793133	0.5241251058673921	0.5553008510720687	0.5241251058673921	0.5714285714285714	baseline
COG0021	0.0	0.9729293034002511	1.222279133650252	1.8375033087431691	0.20490906623865415	0.12285662431245195	0.7950909337613459	0.8771433756875481	0.8571428571428571	baseline
COG0022	0.0	0.6505685604621487	1.2628438984580614	1.429790550289006	0.2852994176319306	0.21796709420020816	0.7147005823680694	0.7820329057997919	0.8571428571428571	baseline
COG0024	0.0	0.8129312248690042	1.1001800176739143	1.726687496880813	0.7536450049799869	0.8730439277254675	0.7536450049799869	0.8730439277254675	0.8571428571428571	endpoint
COG0025	0.0	0.5726730658638264	1.0387417130186727	1.7433119520317804	0.37731716112282443	0.1336606560269908	0.6226828388771756	0.8663393439730092	0.7142857142857143	baseline
COG0026	0.0	0.2044289188557447	0.3957905845963722	1.478490541025921	0.43557195544676136	0.42066674085859596	0.5644280445532386	0.579333259141404	0.5714285714285714	baseline
COG0027	0.0	0.29676092642031676	0.6993911592681133	1.278197804864709	0.43161995696591926	0.34224566174289056	0.5683800430340807	0.6577543382571094	0.7142857142857143	baseline
COG0028	0.0	0.39303033468805115	0.6129110910824825	1.5007391721169265	0.40959005182686903	0.3386946331993853	0.590409948173131	0.6613053668006147	0.7142857142857143	baseline
COG0029	0.0	1.0306968822396823	1.0191952669790265	1.9880141093121038	0.21657075775317255	0.1822217322724011	0.7834292422468274	0.8177782677275989	1.0	baseline
COG0030	0.0	0.13320032279992028	0.30291052860009704	1.1692310312446021	0.4659210841851588	0.4203386165389839	0.5340789158148411	0.579661383461016	0.5714285714285714	baseline
COG0031	0.0	0.6522560166330251	0.7021570817066991	1.542851283152471	0.7124545525700192	0.7816730568185264	0.7124545525700192	0.7816730568185264	0.8571428571428571	endpoint
COG0033	0.0	0.23822551130052141	0.8706063618403953	1.6880488251432453	0.4615588855976241	0.2834326360999592	0.538441114402376	0.7165673639000407	0.5714285714285714	baseline
COG0034	0.0	0.2935490093762406	0.6153529263441581	1.2780423506451708	0.410753491528874	0.36933747611760015	0.589246508471126	0.6306625238823999	0.5714285714285714	baseline
COG0035	0.0	0.3402408420749143	0.893232831526181	1.3326985549304862	0.6107615730750396	0.7440920656286227	0.6107615730750396	0.7440920656286227	0.5714285714285714	endpoint
COG0036	0.0	0.17723362252718358	0.04021418432481836	1.427810382264296	0.42759615934795914	0.5252867526007938	0.5724038406520409	0.5252867526007938	0.5714285714285714	baseline
COG0037	0.0	0.7523003755886084	1.0735207315163888	1.5270085192975968	0.7102673767335984	0.7048419588114121	0.7102673767335984	0.7048419588114121	0.8571428571428571	endpoint
COG0038	0.0	0.03212442410691853	0.08534290531951838	1.2611212031811083	0.4557429636631109	0.48411200460313186	0.544257036336889	0.5158879953968681	0.5714285714285714	baseline
COG0039	0.0	0.06369444695575492	0.05817532051634829	1.2869071654169226	0.4989710693412962	0.46096393911689504	0.5010289306587038	0.539036060883105	0.7142857142857143	baseline
COG0040	0.0	0.06906597922827655	0.11166059261266777	1.2749512997138788	0.530512078571173	0.48573950347301664	0.530512078571173	0.5142604965269834	0.7142857142857143	baseline
COG0041	0.0	0.7854199663068627	1.0749162537206658	1.35450251751858	0.759948676218453	0.8305255839391235	0.759948676218453	0.8305255839391235	0.8571428571428571	endpoint
COG0042	0.0	0.14052880816897878	0.05782799855736398	1.7693375011295855	0.5198423322811253	0.5419031822515576	0.5198423322811253	0.5419031822515576	0.5714285714285714	baseline
COG0043	0.0	0.6971789822019456	0.7064518237647036	1.3086755361757245	0.2783405996243987	0.34804038397470693	0.7216594003756013	0.6519596160252931	1.0	baseline
COG0044	0.0	0.09787892214965872	0.0406713499154496	1.517345298464289	0.5174171989936607	0.45696335015830664	0.5174171989936607	0.5430366498416934	0.5714285714285714	baseline
COG0045	0.0	1.0815509479124936	1.2412258943044951	1.6216254961495598	0.18537140949985376	0.20700917808436167	0.8146285905001462	0.7929908219156383	1.0	baseline
COG0046	0.0	0.03201397125593226	0.37416246656607627	1.5220080274057795	0.5278586068457314	0.4257229603695985	0.5278586068457314	0.5742770396304016	0.5714285714285714	endpoint
COG0047	0.0	0.3127938065548106	0.3573613690751457	1.0432617021583777	0.378465187240974	0.35191718358045504	0.621534812759026	0.6480828164195449	0.7142857142857143	baseline
COG0048	0.0	0.49525351901974446	0.030613842037463642	1.7631723552310292	0.6524167672792355	0.5349097022270285	0.6524167672792355	0.5349097022270285	0.7142857142857143	endpoint
COG0049	0.0	1.2471592485514427	1.2596902423337002	1.5987638126319208	0.8681178136543901	0.9483143175870343	0.8681178136543901	0.9483143175870343	1.0	endpoint
COG0050	0.0	0.0691686849498472	0.418017628597707	1.1499478019538456	0.46769489355615385	0.32744002845359144	0.5323051064438462	0.6725599715464086	0.5714285714285714	baseline
COG0051	0.0	0.05376608472907576	0.2593552081598625	1.2423860492857277	0.4747553751260839	0.43614775589779997	0.5252446248739161	0.5638522441022	0.7142857142857143	baseline
COG0052	0.0	0.645331769480518	1.1628506641528595	1.3467534373652525	0.3524964999790278	0.2637586584139353	0.6475035000209721	0.7362413415860647	0.7142857142857143	baseline
COG0053	0.0	0.2853434993166743	0.6948501388079503	1.5444065519646366	0.6153446790057508	0.7561588020933278	0.6153446790057508	0.7561588020933278	0.5714285714285714	endpoint
COG0054	0.14285714285714285	0.5861318069633841	0.6823296829032005	2.025333947066956	0.6710425193638223	0.7766798089093355	0.6710425193638223	0.7766798089093355	0.7142857142857143	endpoint
COG0055	0.0	0.0678821382293761	0.005501522289954407	1.5144347952022421	0.5091626718966421	0.49554557196028987	0.5091626718966421	0.5044544280397101	0.5714285714285714	baseline
COG0056	0.0	0.7507453136054096	1.1452941473493934	1.8830515793779699	0.6849343597976408	0.7809413925345975	0.6849343597976408	0.7809413925345975	0.8571428571428571	endpoint
COG0057	0.0	0.10485709873135322	0.0807599533397377	1.3200009706129117	0.4611374449250663	0.45721495669242956	0.5388625550749337	0.5427850433075705	0.5714285714285714	baseline
COG0058	0.0	1.2961192048262984	1.2692549577736254	1.5955581739476057	0.8832362371952472	0.9146126934768629	0.8832362371952472	0.9146126934768629	1.0	endpoint
COG0059	0.0	0.24976854841621213	0.8384409087774618	1.485172429825178	0.42886521167693564	0.33144215323350046	0.5711347883230644	0.6685578467664995	0.5714285714285714	baseline
COG0060	0.0	0.814917293039686	1.0580529184607774	1.5310958752051291	0.748936316549459	0.6551093348956212	0.748936316549459	0.6551093348956212	1.0	endpoint
COG0061	0.0	0.11911133434240728	0.4275435558249022	1.3813841282453034	0.4314670067313621	0.37233190286864265	0.5685329932686378	0.6276680971313573	0.5714285714285714	baseline
COG0062	0.0	0.1731249599334263	0.013241866251256628	1.3919034521642122	0.57356464099231	0.5162903108664888	0.57356464099231	0.5162903108664888	0.5714285714285714	endpoint
COG0063	0.0	0.9434329204112923	1.2775077411823157	1.7004089770890325	0.2539357973757369	0.18835799668241945	0.7460642026242631	0.8116420033175805	0.8571428571428571	baseline
COG0064	0.0	0.17797854896372037	0.7919395580865985	1.6617435546796404	0.5755281594015639	0.742755304616171	0.5755281594015639	0.742755304616171	0.5714285714285714	endpoint
COG0065	0.0	0.7513888102711128	1.162451105416706	1.7430395582588023	0.7120361694424694	0.8061846401225078	0.7120361694424694	0.8061846401225078	0.8571428571428571	endpoint
COG0066	0.0	0.4830418742222094	0.9161783458090885	1.7119360671956203	0.6703763208640552	0.7854000089089459	0.6703763208640552	0.7854000089089459	0.7142857142857143	endpoint
COG0067	0.0	0.06002035191064113	0.08654245846847727	1.3807538509018704	0.4704092849819294	0.5314899899694772	0.5295907150180705	0.5314899899694772	0.5714285714285714	baseline
COG0068	0.0	0.1643460380165557	0.05492615111921943	1.2814833873244882	0.45274758543025956	0.5299763189769261	0.5472524145697404	0.5299763189769261	0.5714285714285714	baseline
COG0069	0.0	0.18524007894868527	0.12568868201222974	1.3034809451492837	0.4330832779139005	0.47240378225761204	0.5669167220860996	0.527596217742388	0.5714285714285714	baseline
COG0070	0.0	0.11772084356982826	0.21264496769348934	1.3042379148576042	0.43142294681995424	0.5752664188248154	0.5685770531800458	0.5752664188248154	0.5714285714285714	baseline
COG0071	0.0	0.07150194817561038	0.5901287180477586	1.6418834911318565	0.5509100581276009	0.6189766544502417	0.5509100581276009	0.6189766544502417	0.5714285714285714	endpoint
COG0072	0.0	0.30688856649760926	0.6847162160945433	1.2705089976655937	0.6400265245549954	0.7307273371109819	0.6400265245549954	0.7307273371109819	0.5714285714285714	endpoint
COG0073	0.0	1.2700214998779644	1.3676204107836714	1.7260663592061791	0.85940653691421	0.9392980578902251	0.85940653691421	0.9392980578902251	1.0	endpoint
COG0074	0.0	0.706129036959904	1.0165542089698394	1.3810765105160419	0.30354762538038854	0.2660779414548105	0.6964523746196114	0.7339220585451895	0.8571428571428571	baseline
COG0075	0.0	0.6183932547595353	0.8731519659893625	1.5369000909314798	0.3431008289420411	0.2341434100776958	0.6568991710579589	0.7658565899223042	0.8571428571428571	baseline
COG0076	0.0	0.5012434763268006	0.8200948876900304	1.3077157662474317	0.30769941022985814	0.2118547950887129	0.6923005897701419	0.7881452049112871	0.5714285714285714	baseline
COG0077	0.0	0.47234339876634684	0.8293048365744567	1.4520622083652113	0.3792646884090881	0.28993034237591064	0.6207353115909119	0.7100696576240894	0.7142857142857143	baseline
COG0078	0.0	0.32948829184338174	0.48403759010609565	1.2477382235004248	0.5931955758107205	0.6370685974581689	0.5931955758107205	0.6370685974581689	0.7142857142857143	endpoint
COG0079	0.0	0.7284703549996816	0.8178178030623927	1.358826408720969	0.7241984581601618	0.6836813366962227	0.7241984581601618	0.6836813366962227	0.8571428571428571	endpoint
COG0080	0.0	0.02964440389876899	0.10482726998397372	1.361910750649386	0.5586813496864378	0.47874139058689896	0.5586813496864378	0.5212586094131011	0.5714285714285714	endpoint
COG0081	0.0	0.2131311914434741	0.09151124445268848	1.0974511823371838	0.5512010774994278	0.5328595717911081	0.5512010774994278	0.5328595717911081	0.5714285714285714	endpoint
COG0082	0.0	0.2610720614847827	0.35597847574704045	0.9994133807077916	0.43620576288359125	0.40951479741367863	0.5637942371164087	0.5904852025863214	0.8571428571428571	baseline
COG0083	0.0	0.622617148687806	1.023778198333912	1.291936564374408	0.33770423005490696	0.22129587465478337	0.6622957699450931	0.7787041253452166	0.8571428571428571	baseline
COG0084	0.0	0.5055075008088895	0.5420512281416086	1.4046424557927288	0.3400334914292121	0.38647394060897133	0.659966508570788	0.6135260593910287	0.5714285714285714	baseline
COG0085	0.0	0.9601018647545938	1.283855350528126	1.4489496628527647	0.7785160035489919	0.8421610965089295	0.7785160035489919	0.8421610965089295	1.0	endpoint
COG0086	0.0	0.273982529063998	0.7167675174600313	1.2214117215779907	0.4497818366895895	0.3422073809781725	0.5502181633104105	0.6577926190218275	0.5714285714285714	baseline
COG0087	0.0	0.5161792732676255	0.8186689047378034	1.3530834644477179	0.34037361324680804	0.23157289955152371	0.659626386753192	0.7684271004484763	0.7142857142857143	baseline
COG0088	0.0	0.3904165827976854	0.4420795923643019	1.4012620895041499	0.6559822372119	0.6304474317901523	0.6559822372119	0.6304474317901523	0.7142857142857143	endpoint
COG0089	0.0	0.17472393866861732	0.5518924364750813	1.5174535675153795	0.4974701570357027	0.3632448951000539	0.5025298429642973	0.636755104899946	0.5714285714285714	baseline
COG0090	0.0	0.3875990345493409	0.6055268639873904	1.452939966242407	0.36010144957920875	0.34073000023438516	0.6398985504207912	0.6592699997656148	0.7142857142857143	baseline
COG0091	0.0	0.5890960833303845	0.6753179509224889	1.4780300916969298	0.33657031523749714	0.29720470963595275	0.6634296847625029	0.7027952903640473	0.7142857142857143	baseline
COG0092	0.0	0.3943739237469045	0.1557815585923312	1.6703187807424815	0.38197051506313856	0.44952739567336997	0.6180294849368615	0.55047260432663	0.7142857142857143	baseline
COG0093	0.0	0.01572367651052128	0.020404543788821856	1.3475319698870403	0.49575010717139206	0.4740079647825181	0.5042498928286079	0.5259920352174818	0.5714285714285714	baseline
COG0094	0.0	0.02815471713008612	0.124059419042282	1.4772934563361149	0.5650021602976832	0.4729231238893952	0.5650021602976832	0.5270768761106048	0.5714285714285714	baseline
COG0095	0.0	0.5621606455577052	0.8252109559275098	1.9236399549814334	0.3239983242273273	0.26338563228662837	0.6760016757726728	0.7366143677133716	0.7142857142857143	baseline
COG0096	0.0	0.2182801869101954	0.03271598718388676	1.4388861736322425	0.46004055441223624	0.5055462879747574	0.5399594455877638	0.5055462879747574	0.5714285714285714	baseline
COG0097	0.0	0.328911756341224	0.4206614378353637	1.8405832798927146	0.5558218678244125	0.6465575978173498	0.5558218678244125	0.6465575978173498	0.5714285714285714	endpoint
COG0098	0.0	0.08035380190940014	0.4154396805563793	1.2700130445076412	0.5309940472096069	0.39312508261052176	0.5309940472096069	0.6068749173894783	0.5714285714285714	baseline
COG0099	0.0	0.17482651373187125	0.5469115453607637	1.4598743741617328	0.5604844613140352	0.7259923037190732	0.5604844613140352	0.7259923037190732	0.5714285714285714	endpoint
COG0100	0.0	0.1508656353805666	0.2535265835026307	1.3973497496791374	0.4584046593675152	0.43775434116853223	0.5415953406324848	0.5622456588314677	0.5714285714285714	baseline
COG0101	0.0	0.378411836285195	0.1419074172136778	1.2918453460708113	0.626294849005912	0.5735121959312467	0.626294849005912	0.5735121959312467	0.5714285714285714	endpoint
COG0102	0.0	0.914141323619783	0.8295664973767561	1.4982561202966351	0.7924939993312717	0.7388959901966698	0.7924939993312717	0.7388959901966698	1.0	endpoint
COG0103	0.0	0.026403560264415735	0.05574437480975935	1.7187763131748603	0.5278142773972483	0.5001627135621448	0.5278142773972483	0.5001627135621448	0.5714285714285714	baseline
COG0104	0.0	0.7017253406429729	0.8428063189128707	1.3011674070315984	0.7326090299117249	0.7538773514998054	0.7326090299117249	0.7538773514998054	0.8571428571428571	endpoint
COG0105	0.0	0.18573808173774373	0.30012070696325494	1.3879510016639856	0.4722658646399615	0.3679079004627735	0.5277341353600384	0.6320920995372266	0.7142857142857143	baseline
COG0106	0.0	0.11825425444145489	0.21402393161144093	1.0945201727193359	0.5732159317819637	0.4631601328395655	0.5732159317819637	0.5368398671604345	0.5714285714285714	endpoint
COG0107	0.0	0.3943826826204549	0.1723638990494336	1.9137150244626058	0.628642344267791	0.5551455640471997	0.628642344267791	0.5551455640471997	0.7142857142857143	endpoint
COG0108	0.0	0.08150059365795927	0.39758757774687475	1.1214673581191237	0.4573526396060736	0.5747959820410065	0.5426473603939264	0.5747959820410065	0.5714285714285714	baseline
COG0109	0.0	0.08421085800361529	0.33915325715796235	1.2788419200384709	0.4465244024872545	0.4043601067865826	0.5534755975127454	0.5956398932134175	0.5714285714285714	baseline
COG0110	0.0	0.3878307131199391	0.41537098865487077	1.4229796475781848	0.3735687757220843	0.3554082583106073	0.6264312242779158	0.6445917416893927	0.7142857142857143	baseline
COG0111	0.0	0.7219169189486222	1.2188154946432406	1.6716869654692303	0.2935165002464794	0.17168489291275707	0.7064834997535205	0.828315107087243	0.8571428571428571	baseline
COG0112	0.0	0.44801131770164926	0.7486229144442478	1.5538555795409144	0.640890244051573	0.7278869571946743	0.640890244051573	0.7278869571946743	0.7142857142857143	endpoint
COG0113	0.0	0.2662917479717205	0.48802208518974455	1.3296900322703202	0.44054399977504055	0.3949919413940679	0.5594560002249594	0.6050080586059321	0.5714285714285714	baseline
COG0114	0.0	0.9418741869358331	1.1977082736672082	1.8445631248309806	0.21517197996900891	0.1644288334091218	0.7848280200309911	0.8355711665908783	0.8571428571428571	baseline
COG0115	0.0	0.14003930164036488	0.019409994399661734	1.545145345555619	0.5224556346771011	0.5367972755722125	0.5224556346771011	0.5367972755722125	0.5714285714285714	endpoint
COG0116	0.14285714285714285	1.1500267230332655	1.1518275162285831	2.098390013883215	0.8358989318111055	0.8251220873468658	0.8358989318111055	0.8251220873468658	1.0	endpoint
COG0117	0.0	0.24666169385123865	0.47475105070987345	1.2730607645537655	0.41176657944621403	0.3767766677992638	0.588233420553786	0.6232233322007362	0.7142857142857143	baseline
COG0118	0.0	0.011323485228017929	0.1722968190359744	1.5202736895311315	0.5192618244845718	0.567389232253489	0.5192618244845718	0.567389232253489	0.5714285714285714	endpoint
COG0119	0.0	0.644029619734877	0.6800279693297322	1.5014599300148521	0.31301423882451995	0.3495812155138531	0.68698576117548	0.6504187844861469	0.8571428571428571	baseline
COG0120	0.14285714285714285	0.5797156023387515	0.8250592605055611	2.4947084322928363	0.40664544987734097	0.24947337497809904	0.593354550122659	0.7505266250219009	0.7142857142857143	baseline
COG0121	0.0	0.718736210044887	0.766647720696188	1.0255456360260453	0.29383856277572784	0.27344266090254815	0.7061614372242722	0.7265573390974518	1.0	baseline
COG0122	0.0	1.0021532623043503	1.265061333020448	1.5466481330205624	0.8115064040856631	0.9339493021397067	0.8115064040856631	0.9339493021397067	1.0	endpoint
COG0123	0.0	0.6156099081341223	0.5458748409337307	1.3768122452024567	0.30345178855905386	0.2835533074728035	0.6965482114409461	0.7164466925271965	0.8571428571428571	baseline
COG0124	0.0	0.03574260082604203	0.7134571238317964	1.4267871824603855	0.5209758727895332	0.34640268554759246	0.5209758727895332	0.6535973144524075	0.5714285714285714	baseline
COG0125	0.0	1.162368278706557	1.2647365366994234	1.874779244651011	0.19046039440683585	0.1235083200435121	0.8095396055931642	0.8764916799564879	0.8571428571428571	baseline
COG0126	0.0	0.41197729261736604	0.754360963949938	1.3181121030150524	0.6622129069861673	0.7766226072621185	0.6622129069861673	0.7766226072621185	0.5714285714285714	endpoint
COG0127	0.0	0.4946771026676875	0.8851908527724188	1.4122505961977705	0.6967507653285929	0.7995154531806645	0.6967507653285929	0.7995154531806645	0.7142857142857143	endpoint
COG0128	0.0	0.27038651731675417	0.4514918493547977	1.353613151405179	0.5641572272781996	0.5899733310748128	0.5641572272781996	0.5899733310748128	0.7142857142857143	endpoint
COG0129	0.0	0.5809717867423234	1.1524719272565933	1.448493042828403	0.7124011721746318	0.879828506653058	0.7124011721746318	0.879828506653058	0.7142857142857143	endpoint
COG0130	0.0	0.358494608490131	0.6624408289295506	1.2032015372139244	0.39536194569051614	0.35832927043595253	0.6046380543094838	0.6416707295640475	0.7142857142857143	baseline
COG0131	0.0	0.3510642976995773	0.18798439638935374	1.4566467469319568	0.3823665584436408	0.4525464857042185	0.6176334415563591	0.5474535142957815	0.5714285714285714	baseline
COG0132	0.0	0.030940170428788032	0.07884393660726154	1.6094398356869901	0.5315274326646987	0.5498039632503666	0.5315274326646987	0.5498039632503666	0.5714285714285714	baseline
COG0133	0.0	0.4024102037094545	0.3327262934143097	1.36165405062843	0.36614427483177947	0.4153892875357372	0.6338557251682205	0.5846107124642628	0.7142857142857143	baseline
COG0134	0.0	0.6119855548488639	0.7751101996301456	1.673764152755519	0.30736376051236325	0.2459469235891565	0.6926362394876368	0.7540530764108435	0.7142857142857143	baseline
COG0135	0.0	0.16920440302381604	0.30185293797565366	1.2368806422603384	0.4482588138933758	0.40302214473580233	0.5517411861066241	0.5969778552641977	0.7142857142857143	baseline
COG0136	0.0	0.09325173121963473	0.011480976751921054	1.4072447996474533	0.47994576712803366	0.5044710933218309	0.5200542328719664	0.5044710933218309	0.5714285714285714	baseline
COG0137	0.0	0.48021351332037515	0.15861353771907058	1.5144798511066802	0.6606477808208784	0.5253674714394625	0.6606477808208784	0.5253674714394625	0.5714285714285714	endpoint
COG0138	0.0	0.3213592858148036	0.1485996549345759	1.4663174627922748	0.4046964748411997	0.4651007119229236	0.5953035251588004	0.5348992880770764	0.5714285714285714	baseline
COG0139	0.0	0.9569931340483331	1.1126698298675115	1.6315276072664044	0.22240827253901937	0.13536639123516672	0.7775917274609806	0.8646336087648333	0.8571428571428571	baseline
COG0140	0.0	0.5348038913884404	0.9328230674130942	1.267226950978682	0.33339364994920595	0.29511933475250407	0.666606350050794	0.7048806652474959	0.8571428571428571	baseline
COG0141	0.0	1.0160807910303546	1.1112508042470928	1.5972604608170562	0.20204842090357805	0.2861565153693017	0.797951579096422	0.7138434846306982	1.0	baseline
COG0142	0.0	1.2704008784988061	1.3834963107451388	1.689017743136325	0.13021508676647703	0.04207970281754412	0.8697849132335229	0.9579202971824559	1.0	baseline
COG0143	0.0	0.1785819903113436	0.01725142143475248	1.6522661874302356	0.460894769156528	0.523648200298295	0.5391052308434721	0.523648200298295	0.5714285714285714	baseline
COG0144	0.0	0.3531956201456415	1.0425593942758928	1.5262447392403862	0.5534039433646007	0.7011070481469666	0.5534039433646007	0.7011070481469666	0.5714285714285714	endpoint
COG0145	0.0	0.2437843649764828	0.14845744461350852	1.7435733052792917	0.37065163303430776	0.46514604269000165	0.6293483669656923	0.5348539573099984	0.5714285714285714	baseline
COG0147	0.0	0.22924526159378852	0.2753204141322419	1.1647306796492627	0.4385253713946085	0.37642054915760076	0.5614746286053915	0.6235794508423993	0.7142857142857143	baseline
COG0148	0.0	0.24476758278126023	0.014888333986366593	1.3260657150544446	0.5893090374132796	0.5244957511642522	0.5893090374132796	0.5244957511642522	0.7142857142857143	endpoint
COG0149	0.0	0.03632944791321415	0.09604284964197056	0.9632812015422783	0.5154641832539664	0.5341086503607568	0.5154641832539664	0.5341086503607568	0.5714285714285714	baseline
COG0150	0.0	0.18604471069160308	0.5353828136691268	1.6410532718810942	0.6053685148853767	0.6611471393132219	0.6053685148853767	0.6611471393132219	0.5714285714285714	endpoint
COG0151	0.0	0.22206095936799	0.10845062069926062	1.3101151401565623	0.5777751899714362	0.5185723770695185	0.5777751899714362	0.5185723770695185	0.7142857142857143	endpoint
COG0152	0.0	0.9369010468897051	1.1153470299662245	1.4339982380895937	0.7717298566422476	0.8163468721401347	0.7717298566422476	0.8163468721401347	1.0	endpoint
COG0153	0.0	0.3750750913066446	0.339689866117651	1.4128220543530987	0.5991110247271685	0.6012668104666766	0.5991110247271685	0.6012668104666766	0.5714285714285714	endpoint
COG0154	0.0	0.16874673907014906	0.3196020802427623	1.4006556635064533	0.5477559942954371	0.6312286054507567	0.5477559942954371	0.6312286054507567	0.5714285714285714	endpoint
COG0155	0.0	0.17240697096218702	0.6320656717999374	1.347605784117916	0.476951612149704	0.31099174686209696	0.5230483878502961	0.689008253137903	0.5714285714285714	baseline
COG0156	0.0	0.53965840748495	0.8498540006052429	1.5672392761121947	0.38568610131199893	0.2684930135241939	0.614313898688001	0.7315069864758061	0.7142857142857143	baseline
COG0157	0.0	0.5403183153809571	0.5936771634253474	1.6174870868989253	0.3632606014536659	0.3232284151892619	0.6367393985463341	0.6767715848107381	0.8571428571428571	baseline
COG0158	0.0	0.5303646768117671	1.3144914672832433	1.420746466874187	0.36433663457478843	0.24016166422094798	0.6356633654252115	0.759838335779052	0.7142857142857143	baseline
COG0159	0.0	0.04999597068080806	0.19595121055896625	1.3630608696371824	0.4946860344411547	0.5381835496258845	0.5053139655588452	0.5381835496258845	0.5714285714285714	baseline
COG0160	0.0	0.1022962298650465	0.18564537466542066	1.5770244407239784	0.4679149417285334	0.4632516030500212	0.5320850582714667	0.5367483969499788	0.5714285714285714	baseline
COG0161	0.0	0.13226218419239233	0.04755434445060971	1.076944465163476	0.47611281140931677	0.46494240002877446	0.5238871885906833	0.5350575999712255	0.5714285714285714	baseline
COG0162	0.0	0.4733846626863583	1.2061456991509079	1.7546305003592848	0.619262785460782	0.7618843576411716	0.619262785460782	0.7618843576411716	0.7142857142857143	endpoint
COG0163	0.0	0.05372112285136953	0.113174004832027	1.5595353381965276	0.5053931743934886	0.4894074216476271	0.5053931743934886	0.5105925783523728	0.5714285714285714	endpoint
COG0164	0.0	0.21368736321193205	0.20613500586783776	1.393227384548051	0.4663205972775578	0.4559027405774899	0.5336794027224422	0.5440972594225101	0.5714285714285714	baseline
COG0165	0.0	0.3572629289604357	0.42674640535574504	1.3726157289972223	0.41665847723112065	0.3997822263109172	0.5833415227688794	0.6002177736890828	0.5714285714285714	baseline
COG0166	0.0	1.3053223731666415	1.2054459952247663	1.8241214997760795	0.8819688005767541	0.9326805180750166	0.8819688005767541	0.9326805180750166	1.0	endpoint
COG0167	0.0	0.9740192642594293	1.3296275106560593	1.4171452932760107	0.23622187682004542	0.11701783988244062	0.7637781231799545	0.8829821601175594	0.8571428571428571	baseline
COG0168	0.0	0.4026357321955435	1.1442906231967547	1.432418482827708	0.6778787142648114	0.9024633711914792	0.6778787142648114	0.9024633711914792	0.5714285714285714	endpoint
COG0169	0.0	0.24707087594846439	0.3509199302425792	1.047951429359498	0.4458565634921969	0.4311565984457101	0.5541434365078031	0.5688434015542899	0.8571428571428571	baseline
COG0171	0.0	0.6845878739149949	0.8511362909716772	1.269027320607645	0.714283826163209	0.7121731950128206	0.714283826163209	0.7121731950128206	0.8571428571428571	endpoint
COG0172	0.0	0.863508135954046	1.406484002811805	1.8638774011330101	0.7934026693976719	0.948931721742668	0.7934026693976719	0.948931721742668	0.8571428571428571	endpoint
COG0173	0.0	0.32932621699441306	0.34707562131697905	1.3494976395706788	0.38502762040428223	0.3896827665529219	0.6149723795957178	0.6103172334470781	0.5714285714285714	baseline
COG0174	0.0	0.15978366645373984	0.17664725705318912	1.732033140972482	0.4619814703209587	0.5075769563162636	0.5380185296790413	0.5075769563162636	0.5714285714285714	baseline
COG0175	0.0	0.48685790360157416	0.7623987023598396	1.4370009444410667	0.6369397628491819	0.5971768062373124	0.6369397628491819	0.5971768062373124	0.5714285714285714	endpoint
COG0176	0.0	0.033053361354839036	0.22475559313685647	1.6626891659392862	0.5664458494465305	0.4492242340857946	0.5664458494465305	0.5507757659142054	0.5714285714285714	endpoint
COG0177	0.0	0.24802729951098734	0.1198220540688006	1.6263649636735047	0.43956203632978763	0.45073076320382455	0.5604379636702124	0.5492692367961755	0.7142857142857143	baseline
COG0178	0.0	0.9110224082475714	1.1093427176359791	1.4349310574362095	0.21886500870096812	0.10472423576251041	0.7811349912990319	0.8952757642374896	0.8571428571428571	baseline
COG0179	0.0	1.0755985153718055	1.2465811313041393	1.9956256863327868	0.22109134315426054	0.11510964103780255	0.7789086568457395	0.8848903589621975	0.8571428571428571	baseline
COG0180	0.0	0.33011663276169834	0.4340303189435772	1.366631436948087	0.6156039731101234	0.5757834913764923	0.6156039731101234	0.5757834913764923	0.5714285714285714	endpoint
COG0181	0.0	0.5864655563344863	1.081822720589511	1.4332268974396387	0.6496041498193473	0.783000309334475	0.6496041498193473	0.783000309334475	0.7142857142857143	endpoint
COG0182	0.0	0.24970857749565062	0.07588864468812015	1.4272518244969912	0.4025066069555428	0.49697232475760456	0.5974933930444573	0.5030276752423954	0.5714285714285714	baseline
COG0183	0.0	0.41139502802767075	0.79812338336034	1.2188272717765007	0.41218966254130807	0.29507298645029334	0.5878103374586919	0.7049270135497067	0.7142857142857143	baseline
COG0184	0.0	0.44681447229009585	0.9936869963349882	1.46128952183688	0.35660001577445005	0.1606639061671082	0.64339998422555	0.8393360938328918	0.7142857142857143	baseline
COG0185	0.0	0.22267016740035078	0.5396606185854464	1.5963925971537187	0.39899616150616435	0.3362796085301302	0.6010038384938357	0.6637203914698697	0.7142857142857143	baseline
COG0186	0.0	0.7305201009739644	0.8068367076322813	1.2857043343836716	0.7080054426465318	0.7018168423567004	0.7080054426465318	0.7018168423567004	0.8571428571428571	endpoint
COG0187	0.0	0.31216893656986355	0.40659067713272207	1.6100170909862568	0.4234199973151007	0.3955641963632778	0.5765800026848993	0.6044358036367222	0.5714285714285714	baseline
COG0188	0.0	0.6070395591676849	0.7688423529754804	1.4655425370295954	0.7206298217847601	0.7729077992722122	0.7206298217847601	0.7729077992722122	0.7142857142857143	endpoint
COG0189	0.0	0.5754115174615447	0.6566296998951048	1.249235156164725	0.34200957248841307	0.27330828084940134	0.6579904275115869	0.7266917191505986	0.7142857142857143	baseline
COG0190	0.0	0.13646182792925785	0.768328037714091	1.5834998767630604	0.5614857433012516	0.6928142889255433	0.5614857433012516	0.6928142889255433	0.7142857142857143	endpoint
COG0191	0.0	0.03885630198523687	0.45793704656384077	1.3032655024380977	0.517771703570981	0.5664518656268525	0.517771703570981	0.5664518656268525	0.5714285714285714	endpoint
COG0192	0.0	0.4224251144830398	1.1054884564364742	1.4035192661465474	0.6182757061071122	0.6541286933060901	0.6182757061071122	0.6541286933060901	0.7142857142857143	endpoint
COG0193	0.0	0.5479427815050084	0.3643590834866355	1.5194419097722818	0.6569297069331858	0.6605175802805799	0.6569297069331858	0.6605175802805799	0.8571428571428571	endpoint
COG0194	0.0	0.23073216082057676	0.2264337094185268	1.563571602475394	0.5746854178510076	0.5661302810154865	0.5746854178510076	0.5661302810154865	0.5714285714285714	endpoint
COG0195	0.0	0.1859393346032761	0.02689399982448549	1.487207957805163	0.45649657276033	0.46615654607247103	0.5435034272396699	0.533843453927529	0.5714285714285714	baseline
COG0196	0.0	0.4998200353059556	0.4409869637055484	1.8118908877742779	0.3526146256168681	0.3873915285443266	0.6473853743831319	0.6126084714556734	0.8571428571428571	baseline
COG0197	0.0	0.2291738403206748	0.7369579804381794	1.3660935236181984	0.5550000187084896	0.6973883656784968	0.5550000187084896	0.6973883656784968	0.5714285714285714	endpoint
COG0198	0.0	0.1645642652057592	0.3574589799758837	1.2339594859052287	0.5847549747547707	0.4174643207684547	0.5847549747547707	0.5825356792315453	0.5714285714285714	endpoint
COG0199	0.0	0.6674404091769724	0.7027806525941647	1.4344505660162585	0.29268624862851944	0.3234688486057178	0.7073137513714806	0.6765311513942822	0.7142857142857143	baseline
COG0200	0.0	0.5772073363199791	0.7277021667022251	1.621834932339115	0.6530695110807118	0.7118887687904921	0.6530695110807118	0.7118887687904921	0.8571428571428571	endpoint
COG0201	0.0	0.11803573880963389	0.5753639115545869	1.2416493658645171	0.4778573311344783	0.349044029349335	0.5221426688655217	0.650955970650665	0.7142857142857143	baseline
COG0202	0.0	0.06013318912399579	0.18593722321190748	1.6682867742492598	0.46347920395895553	0.5014859012486418	0.5365207960410445	0.5014859012486418	0.5714285714285714	baseline
COG0203	0.0	0.06018478609932004	0.2650125434071834	1.6976165150614373	0.5304984920759808	0.6197926255545331	0.5304984920759808	0.6197926255545331	0.5714285714285714	baseline
COG0204	0.0	0.12152155855597033	0.1926202112674956	1.3826264490612095	0.5529699054538889	0.5582253644227896	0.5529699054538889	0.5582253644227896	0.5714285714285714	endpoint
COG0205	0.0	0.9396628649326119	0.8903935588399711	1.7815073073647052	0.7564880505952153	0.721350755606224	0.7564880505952153	0.721350755606224	1.0	endpoint
COG0206	0.0	0.10708801740974291	0.08276164667332624	1.5212711960793677	0.5036742637543183	0.48435905990913386	0.5036742637543183	0.5156409400908661	0.5714285714285714	endpoint
COG0207	0.0	0.37611077279597044	0.5184088319165876	1.2868023880985202	0.5951731118731864	0.5965779719212871	0.5951731118731864	0.5965779719212871	0.7142857142857143	endpoint
COG0208	0.0	0.41174069123524987	0.028939769112141526	1.3608067246408564	0.38473810674284425	0.4868169591082599	0.6152618932571557	0.5131830408917402	0.5714285714285714	baseline
COG0209	0.0	0.3472785591376702	0.7345252787666625	1.679281387905131	0.4386955976587177	0.3213936268722494	0.5613044023412823	0.6786063731277505	0.5714285714285714	baseline
COG0210	0.0	0.5102648266067803	1.1676352851297693	1.52276403362086	0.3991338843264686	0.2767968578758734	0.6008661156735313	0.7232031421241266	0.7142857142857143	baseline
COG0211	0.0	0.006912727494034725	0.043954071489406575	1.2473886530030063	0.5479688061452475	0.4984573947100253	0.5479688061452475	0.5015426052899747	0.5714285714285714	baseline
COG0212	0.0	0.36275001764212683	1.0796836562705634	1.4976369820522992	0.39619792107297785	0.29139656881094755	0.6038020789270222	0.7086034311890524	0.5714285714285714	baseline
COG0213	0.0	0.34230597210094166	0.3384411034378536	1.413145987102652	0.3591118704867354	0.3547545044421092	0.6408881295132647	0.6452454955578908	0.7142857142857143	baseline
COG0214	0.0	0.48142640116463076	0.48439519264378555	1.6983383230049065	0.3755114562304836	0.3148926617077062	0.6244885437695165	0.6851073382922939	0.7142857142857143	baseline
COG0215	0.0	0.28682194738640215	0.20962431678129867	1.5289392148631402	0.4540030964591188	0.44564857433244565	0.5459969035408812	0.5543514256675544	0.5714285714285714	baseline
COG0216	0.0	0.5675194290585337	1.0659646360357942	1.9180454555449218	0.6402452052849847	0.6475678557140605	0.6402452052849847	0.6475678557140605	0.7142857142857143	endpoint
COG0217	0.0	0.5254339496429943	0.852158370316834	1.4454883772284637	0.38661008800758073	0.3291650950842031	0.6133899119924193	0.6708349049157969	0.7142857142857143	baseline
COG0218	0.14285714285714285	0.3050654814013822	0.13601447135491943	2.017663708904423	0.5319822729569627	0.5451263127541702	0.5319822729569627	0.5451263127541702	0.5714285714285714	endpoint
COG0219	0.0	0.09252999018309041	0.02092382515851455	1.3574247057278686	0.48389098061641	0.5134030593535959	0.51610901938359	0.5134030593535959	0.5714285714285714	baseline
COG0220	0.0	0.13553828391463227	0.24568115142006566	1.445917837643167	0.48139929392936825	0.43415514713030745	0.5186007060706317	0.5658448528696925	0.7142857142857143	baseline
COG0221	0.0	0.2868641354803124	0.3929316178105586	1.810636981812542	0.40185557358397617	0.38890579963987487	0.5981444264160238	0.6110942003601252	0.5714285714285714	baseline
COG0222	0.0	0.3110299360890066	0.057456603494458414	1.7243988817553606	0.5966492470716769	0.4941533461101033	0.5966492470716769	0.5058466538898967	0.5714285714285714	endpoint
COG0223	0.0	0.8782645456321373	1.035733400959235	1.380896688752361	0.7519031233024417	0.7269934747318103	0.7519031233024417	0.7269934747318103	0.8571428571428571	endpoint
COG0224	0.0	0.498312695816506	0.7563545160523838	1.533234630381395	0.6788035427575265	0.6900151200955724	0.6788035427575265	0.6900151200955724	0.7142857142857143	endpoint
COG0225	0.0	0.07879478022122748	0.3117238333687374	1.4857961379238296	0.554689258770463	0.52236610746668	0.554689258770463	0.52236610746668	0.5714285714285714	endpoint
COG0226	0.0	0.20026307612657904	0.3878201698177787	1.1613444182577217	0.5615229247911868	0.5349978748345434	0.5615229247911868	0.5349978748345434	0.5714285714285714	endpoint
COG0227	0.0	0.7557589855764598	1.2396299106026523	1.464741298761268	0.3005949210129363	0.20753292961614236	0.6994050789870637	0.7924670703838577	0.7142857142857143	baseline
COG0228	0.0	0.6729685702263865	0.9711033969975565	1.5649943179547403	0.33477165046473445	0.2827022232548174	0.6652283495352656	0.7172977767451826	0.8571428571428571	baseline
COG0229	0.0	0.6993190015980633	1.0027193503516334	1.2790170384368746	0.29478309938940167	0.2976332980687265	0.7052169006105984	0.7023667019312735	0.8571428571428571	baseline
COG0230	0.0	0.23430024870747695	0.015426896708077405	1.2637066889068387	0.6242243409724245	0.5173855907651631	0.6242243409724245	0.5173855907651631	0.5714285714285714	endpoint
COG0231	0.0	0.11093468853160789	0.24134467183360644	1.425058537242687	0.5109330595012034	0.4065516373591179	0.5109330595012034	0.5934483626408821	0.7142857142857143	baseline
COG0232	0.0	0.039226645098796746	0.0999146911752875	1.06458363340022	0.46400385002916034	0.48061946425967206	0.5359961499708397	0.5193805357403279	0.5714285714285714	baseline
COG0233	0.0	0.16725662065676777	0.4027713129985736	1.3604066860903774	0.4661882056959183	0.41903478679311607	0.5338117943040817	0.5809652132068839	0.5714285714285714	baseline
COG0234	0.0	0.09967493285539657	0.08170522248438837	1.2294320417851792	0.5182076846467396	0.4841836966102005	0.5182076846467396	0.5158163033897996	0.5714285714285714	endpoint
COG0235	0.0	0.00885853309966029	0.003924669198079496	1.0231834856546518	0.5146731492103565	0.4896568614389968	0.5146731492103565	0.5103431385610032	0.5714285714285714	endpoint
COG0236	0.0	1.0303667170668644	1.2760907041364913	1.4016458746204064	0.7992679049758564	0.8388209284599483	0.7992679049758564	0.8388209284599483	0.8571428571428571	endpoint
COG0237	0.0	0.3794271036295376	0.9341704784725015	1.6681960749664795	0.4268973651699164	0.3155513270644485	0.5731026348300836	0.6844486729355514	0.5714285714285714	baseline
COG0238	0.0	0.08540951691970045	0.13170431461560228	1.175861298723066	0.5152154187367269	0.4487583430054875	0.5152154187367269	0.5512416569945124	0.7142857142857143	baseline
COG0239	0.0	0.7123574844348551	0.9757930636964389	1.734695318081862	0.3269518698388509	0.3086421007030726	0.6730481301611491	0.6913578992969274	0.8571428571428571	baseline
COG0240	0.0	0.1438747835183712	0.4979087273149696	0.9029474078531292	0.42433912457349937	0.3445204200757628	0.5756608754265007	0.6554795799242372	0.5714285714285714	baseline
COG0241	0.0	0.23710085196685124	0.26665075549613526	1.533958627135769	0.40125368607608525	0.5233489467755359	0.5987463139239148	0.5233489467755359	0.5714285714285714	baseline
COG0242	0.0	0.34475135813810287	0.28979735026914183	1.3406275067160562	0.43069324413319837	0.38699537034025844	0.5693067558668017	0.6130046296597416	0.7142857142857143	baseline
COG0243	0.0	0.338719144922409	0.354980471552614	1.7678876972938884	0.4494607238831844	0.399315045613576	0.5505392761168155	0.600684954386424	0.7142857142857143	baseline
COG0244	0.0	0.48400271343431284	0.6413569331411317	1.0432135037396821	0.6472632290364793	0.7402357662770065	0.6472632290364793	0.7402357662770065	0.7142857142857143	endpoint
COG0245	0.0	0.02877176828742208	0.20109101213608732	1.5043824686294307	0.5284028986512118	0.5957618152960344	0.5284028986512118	0.5957618152960344	0.5714285714285714	endpoint
COG0246	0.0	0.168745696346263	0.3977376802566336	1.7618880850046308	0.4651423563041604	0.38718204523933514	0.5348576436958397	0.6128179547606649	0.5714285714285714	baseline
COG0247	0.0	0.8172773993688397	1.0574155131946652	1.3599041210681801	0.279357981272938	0.17540781425989493	0.720642018727062	0.8245921857401051	0.8571428571428571	baseline
COG0248	0.0	0.8108959321993658	1.1642472025675188	1.7003013069712867	0.2886672347765236	0.18837586960434058	0.7113327652234764	0.8116241303956594	0.8571428571428571	baseline
COG0249	0.0	0.17530311017600383	0.29742353489151824	1.1573745705967926	0.422243604422515	0.42565471223738566	0.5777563955774849	0.5743452877626143	0.5714285714285714	baseline
COG0250	0.0	0.3202837657470821	0.3825463755705709	1.4112965233251538	0.632479722422132	0.602626286234568	0.632479722422132	0.602626286234568	0.7142857142857143	endpoint
COG0251	0.0	0.6156951894615872	0.7364314315366809	1.235347800256698	0.3475532817713677	0.2655567801153747	0.6524467182286323	0.7344432198846254	0.8571428571428571	baseline
COG0252	0.0	0.04139870768025998	0.7318185824539732	1.3046909079004734	0.5129420778632104	0.6948164387377539	0.5129420778632104	0.6948164387377539	0.5714285714285714	endpoint
COG0253	0.14285714285714285	0.2926102867002069	0.6766634221900812	2.0817251738319085	0.559905260175648	0.7031870118354872	0.559905260175648	0.7031870118354872	0.7142857142857143	endpoint
COG0254	0.0	0.1607317048500652	0.5771695089208022	1.8998001622850116	0.42958226934221166	0.30318073124970896	0.5704177306577883	0.696819268750291	0.5714285714285714	baseline
COG0255	0.0	0.05800212482226956	0.007310826676307626	1.2566690657697488	0.5037979741318506	0.517414739648186	0.5037979741318506	0.517414739648186	0.5714285714285714	endpoint
COG0256	0.0	0.27076763481398597	0.483471999328897	1.2567257027941112	0.5679060351180869	0.6514287289311509	0.5679060351180869	0.6514287289311509	0.7142857142857143	endpoint
COG0257	0.0	0.16139041974890947	0.10308250930247147	1.6150197988679766	0.4832893837637357	0.4535094782537114	0.5167106162362642	0.5464905217462885	0.5714285714285714	baseline
COG0258	0.0	0.7930511449319179	1.2175461376896788	1.8393232038421021	0.2795725546023788	0.08319781342002083	0.7204274453976212	0.9168021865799791	0.8571428571428571	baseline
COG0259	0.0	0.4702385896877425	0.3557590775637003	1.357317326418297	0.3462396211450161	0.38641828766289116	0.653760378854984	0.6135817123371088	0.7142857142857143	baseline
COG0260	0.0	0.08107267507266015	0.5666028172627191	1.5810769343214053	0.5105122770640343	0.3765664745079901	0.5105122770640343	0.6234335254920099	0.5714285714285714	endpoint
COG0261	0.0	0.16616099999400907	0.0556845695260567	1.2133135978727605	0.5698691851974564	0.5302180713890575	0.5698691851974564	0.5302180713890575	0.5714285714285714	endpoint
COG0262	0.0	0.3093847324598659	0.40117166008562505	1.3416802062368096	0.3998442375743466	0.3970578785750687	0.6001557624256534	0.6029421214249313	0.7142857142857143	baseline
COG0263	0.0	0.6271614205999249	0.5873349956398242	1.795675481341072	0.35776738194111213	0.26932219599960294	0.6422326180588879	0.7306778040003971	0.8571428571428571	baseline
COG0264	0.0	0.04742152248050641	0.0069633360492786876	0.9907931548091149	0.47894590382297453	0.46946497746409405	0.5210540961770255	0.530535022535906	0.5714285714285714	baseline
COG0265	0.0	0.19036831111376662	0.4017720436546751	1.071603185588472	0.5964107725240212	0.6335953852702477	0.5964107725240212	0.6335953852702477	0.5714285714285714	endpoint
COG0266	0.0	0.18779337196592602	0.6393967923212068	1.3576296750833992	0.43867617897649813	0.3644828893890582	0.5613238210235019	0.6355171106109418	0.5714285714285714	baseline
COG0267	0.0	0.23142027249845418	0.6115381246217647	1.5686494061209848	0.4717726093385952	0.3702293001252347	0.5282273906614048	0.6297706998747653	0.5714285714285714	baseline
COG0268	0.0	0.3051090986522951	0.7357900876443577	1.4648384978729678	0.607734875920085	0.7937359550099065	0.607734875920085	0.7937359550099065	0.7142857142857143	endpoint
COG0269	0.14285714285714285	0.10094196959512122	0.37618887650763644	2.0563581544732044	0.4511333545356293	0.3417976602086697	0.5488666454643707	0.6582023397913304	0.5714285714285714	baseline
COG0270	0.0	0.1840553336852327	0.4222823223407842	1.527198472035776	0.4637254971607926	0.4005232509224447	0.5362745028392074	0.5994767490775553	0.5714285714285714	baseline
COG0272	0.0	0.09512261399896903	0.30392353112973297	1.41077421207722	0.46189084014782533	0.42017046110740164	0.5381091598521747	0.5798295388925984	0.5714285714285714	baseline
COG0274	0.0	0.13168557625165436	0.3086022749349713	0.6582666439459843	0.5200294442303518	0.5404604141711468	0.5200294442303518	0.5404604141711468	0.5714285714285714	endpoint
COG0275	0.0	0.45259798529067213	0.717585872593109	1.4570926338265102	0.6542930986885962	0.7054289745406196	0.6542930986885962	0.7054289745406196	0.7142857142857143	endpoint
COG0276	0.0	0.5627410440954733	1.1086112153189622	1.5290987486912224	0.3742938761519567	0.22839852232291127	0.6257061238480432	0.7716014776770888	0.7142857142857143	baseline
COG0277	0.0	0.2576535533251668	0.6988428205334744	1.6277774027825873	0.6246036308065277	0.7002626937902859	0.6246036308065277	0.7002626937902859	0.7142857142857143	endpoint
COG0279	0.0	0.7917114896296636	1.260523545496735	1.8532503770013369	0.30607683863394125	0.07994192011658166	0.6939231613660588	0.9200580798834184	0.7142857142857143	baseline
COG0280	0.0	0.35519755893953153	0.7473523641157175	1.3100516472859267	0.36757136059549694	0.27424311879250796	0.6324286394045031	0.725756881207492	0.7142857142857143	baseline
COG0281	0.0	0.9186801167479393	1.1932891080836165	1.8957846568867025	0.7367765790473427	0.8255499510654676	0.7367765790473427	0.8255499510654676	0.8571428571428571	endpoint
COG0282	0.0	0.3778651883091891	0.14400087267935444	1.6683548066778735	0.6247337586287836	0.5583696551657167	0.6247337586287836	0.5583696551657167	0.5714285714285714	endpoint
COG0283	0.0	0.06785983712502681	0.1298593122497298	1.6937870221102067	0.4824726181860851	0.44357218487743916	0.5175273818139149	0.5564278151225608	0.7142857142857143	baseline
COG0284	0.0	0.10321084476081663	0.4323209936136346	1.3724476951174458	0.5499914317572057	0.6848929692741569	0.5499914317572057	0.6848929692741569	0.5714285714285714	endpoint
COG0285	0.0	0.7745065825926752	1.1712788194852803	1.2936966031146637	0.7532924943711509	0.829787586826217	0.7532924943711509	0.829787586826217	0.8571428571428571	endpoint
COG0286	0.0	0.44461352205883653	0.4557939539189571	1.3494795667172172	0.3554093267068167	0.36635943664295756	0.6445906732931833	0.6336405633570424	0.8571428571428571	baseline
COG0287	0.0	0.40176937430633497	0.8008251101039127	1.5091526786263194	0.3442199511222155	0.24260969754357395	0.6557800488777845	0.757390302456426	0.5714285714285714	baseline
COG0288	0.0	0.29059502344764304	0.19220094437266788	1.5427727936867541	0.439113878977858	0.4682619088568075	0.5608861210221421	0.5317380911431925	0.7142857142857143	baseline
COG0289	0.0	0.1001353977716236	0.12159662049997944	1.3625940228490385	0.5112881754030937	0.5658765074187826	0.5112881754030937	0.5658765074187826	0.5714285714285714	endpoint
COG0290	0.0	0.16601645439233984	0.6842553262739651	1.4261743767982415	0.6103908032278197	0.7057929170492397	0.6103908032278197	0.7057929170492397	0.5714285714285714	endpoint
COG0291	0.0	0.8849241568198076	1.0280045577411796	1.4860050814043422	0.771925063264478	0.7535214426996734	0.771925063264478	0.7535214426996734	0.8571428571428571	endpoint
COG0292	0.0	0.006187042923982184	0.13471619124457757	1.362002520439359	0.4810332650154376	0.5554100828340146	0.5189667349845624	0.5554100828340146	0.5714285714285714	endpoint
COG0293	0.0	0.941771433467645	1.2241067967797525	1.7384572358281003	0.24532143472041387	0.21336644881267877	0.7546785652795861	0.7866335511873213	0.7142857142857143	baseline
COG0294	0.0	0.6694409777116113	1.2009784677807216	1.3764716362369342	0.30276641403159393	0.27126198791754025	0.697233585968406	0.7287380120824598	0.7142857142857143	baseline
COG0295	0.0	0.9302700594933621	0.9595672202327807	1.4986410474076886	0.780605224389964	0.7527511610641523	0.780605224389964	0.7527511610641523	1.0	endpoint
COG0296	0.0	0.588624594840768	1.0632044262022997	1.5656514308674436	0.6868206688280765	0.7528229509322202	0.6868206688280765	0.7528229509322202	0.7142857142857143	endpoint
COG0297	0.0	0.111941319548893	0.3132568930070392	1.543857434840297	0.5677730141345264	0.5864277971587154	0.5677730141345264	0.5864277971587154	0.5714285714285714	endpoint
COG0298	0.0	0.10632411873444492	0.06564386614540683	1.2884053295109625	0.5001474331699048	0.5533796318711414	0.5001474331699048	0.5533796318711414	0.5714285714285714	baseline
COG0299	0.0	0.7759357301116091	0.6370060436042498	1.663696127075997	0.7193163947505937	0.758305822229108	0.7193163947505937	0.758305822229108	0.8571428571428571	endpoint
COG0300	0.0	0.21437618519832688	0.5280085925797116	1.4383327231960445	0.5896074711798721	0.6366324303995414	0.5896074711798721	0.6366324303995414	0.7142857142857143	endpoint
COG0301	0.0	0.8972845950388263	1.1254424367544023	1.3767010346176902	0.805328327881775	0.9176603285449493	0.805328327881775	0.9176603285449493	0.8571428571428571	endpoint
COG0302	0.0	0.297113604972205	0.46794096475188907	1.3902784551096399	0.4101441483163213	0.36330791358686154	0.5898558516836787	0.6366920864131385	0.5714285714285714	baseline
COG0303	0.0	0.8904755254973107	1.2616560535597066	1.658657563337355	0.7766574717940247	0.8769301699889526	0.7766574717940247	0.8769301699889526	0.7142857142857143	endpoint
COG0304	0.0	0.018722245764068588	0.1456952235484617	1.6251718082223714	0.5142871540637014	0.4948058480176076	0.5142871540637014	0.5051941519823924	0.5714285714285714	endpoint
COG0305	0.0	0.47734670589898986	1.0413112800432747	1.5930647293054445	0.3815039139688395	0.20617682515110133	0.6184960860311606	0.7938231748488986	0.7142857142857143	baseline
COG0306	0.0	0.339106037113711	0.38149100490195004	1.3550648311774305	0.39366554204649956	0.39086458432952165	0.6063344579535004	0.6091354156704784	0.7142857142857143	baseline
COG0307	0.0	0.15207755587899477	0.0029853069188738347	1.2434959003726502	0.5603324946664581	0.4711164228485087	0.5603324946664581	0.5288835771514913	0.5714285714285714	endpoint
COG0308	0.0	0.7653706114084119	1.1439142750610256	1.404515673292351	0.29262200885213696	0.24577045098853115	0.707377991147863	0.7542295490114689	0.7142857142857143	baseline
COG0309	0.0	0.2963656159977112	0.4466740493615489	1.1979960978516304	0.5865770277812261	0.6242436401675255	0.5865770277812261	0.6242436401675255	0.7142857142857143	endpoint
COG0310	0.0	0.1690075046836951	0.20151148584189513	1.670281133915237	0.41875463601258295	0.4444064887555197	0.5812453639874171	0.5555935112444803	0.7142857142857143	baseline
COG0311	0.0	0.37549472461531896	0.027641280531466365	1.187677278256394	0.4077632062436608	0.5067326524449642	0.5922367937563392	0.5067326524449642	0.5714285714285714	baseline
COG0312	0.0	0.7620070951253304	1.0033353068500215	1.3094470096006994	0.2827233570253492	0.2581238195626039	0.7172766429746509	0.7418761804373961	0.8571428571428571	baseline
COG0313	0.0	0.029477641269005102	0.019927717328198376	1.7254378787691014	0.5386134490545166	0.4921183774077336	0.5386134490545166	0.5078816225922664	0.5714285714285714	baseline
COG0315	0.0	0.9178547898665327	1.0240616334017403	1.7557438374798213	0.7792565352504314	0.8388966173396484	0.7792565352504314	0.8388966173396484	0.8571428571428571	endpoint
COG0316	0.0	0.8096394263259352	1.265852544622506	1.6506655639786723	0.288401224487785	0.19661525651666095	0.7115987755122151	0.803384743483339	0.8571428571428571	baseline
COG0317	0.0	0.3368566385426889	0.6773058644857455	1.2988602237715627	0.641559178197831	0.7283652235862857	0.641559178197831	0.7283652235862857	0.7142857142857143	endpoint
COG0318	0.14285714285714285	0.6811081764091147	1.1996045775709354	2.0867601429581746	0.708087705463569	0.8170168985367543	0.708087705463569	0.8170168985367543	0.7142857142857143	endpoint
COG0319	0.0	0.32396320046957844	0.21011845766783346	1.3979540337098864	0.4385950587095516	0.39880098447660817	0.5614049412904484	0.6011990155233918	0.7142857142857143	baseline
COG0320	0.0	0.7202747132941825	1.046353501212848	1.7535793813411777	0.32155763043653923	0.2192218188087508	0.6784423695634607	0.7807781811912492	0.8571428571428571	baseline
COG0321	0.0	1.1557012114218073	1.1763828848875673	1.6738431518389667	0.14626756407433475	0.0779110505040772	0.8537324359256653	0.9220889494959228	1.0	baseline
COG0322	0.0	0.2798093247420333	0.02706812594651178	1.5848681327208465	0.4115242603300275	0.48021478370845855	0.5884757396699725	0.5197852162915415	0.5714285714285714	baseline
COG0323	0.0	0.23861387425009903	0.43041065680153623	1.258617099513707	0.5770617162191479	0.6140904725487928	0.5770617162191479	0.6140904725487928	0.7142857142857143	endpoint
COG0324	0.0	0.32405150675731725	0.4647693761202449	1.5515271682324079	0.41701511600127233	0.34543670057098214	0.5829848839987277	0.6545632994290178	0.7142857142857143	baseline
COG0325	0.0	0.4446753477087516	0.415746916993257	1.5253173293414743	0.3958068426958587	0.4008797890152793	0.6041931573041412	0.5991202109847207	0.7142857142857143	baseline
COG0326	0.0	0.04390472877583329	0.012206136178530636	1.3793513638747164	0.5012919660697134	0.516358945552051	0.5012919660697134	0.516358945552051	0.5714285714285714	endpoint
COG0327	0.0	0.17818581319539836	0.09301427266965276	1.9962403219866593	0.4885548457337581	0.5332738621489327	0.5114451542662419	0.5332738621489327	0.5714285714285714	baseline
COG0328	0.0	0.5334964588146452	0.9770539770106392	1.392360400569061	0.33465197462520413	0.27164776993350803	0.6653480253747959	0.728352230066492	0.7142857142857143	baseline
COG0329	0.0	0.664166550627855	0.9042051073799048	1.7134756228277381	0.3211401375833444	0.2574322718404707	0.6788598624166555	0.7425677281595293	0.7142857142857143	baseline
COG0330	0.0	0.07061708888640748	0.5610569492501845	1.1026026940237428	0.5279353182681985	0.6622837940777977	0.5279353182681985	0.6622837940777977	0.5714285714285714	endpoint
COG0331	0.0	0.3071630789339456	0.038919513146908856	1.4508967638147376	0.5787156810718412	0.5222932288757473	0.5787156810718412	0.5222932288757473	0.7142857142857143	endpoint
COG0332	0.0	0.27446459317452493	0.5760668478489718	1.6891932180166085	0.4091384850899845	0.3288418552516388	0.5908615149100155	0.6711581447483612	0.7142857142857143	baseline
COG0333	0.0	0.9500194938543549	0.9999810648149307	1.8371899574426007	0.7747631151224812	0.7755889839682474	0.7747631151224812	0.7755889839682474	0.8571428571428571	endpoint
COG0334	0.0	0.11925260623634985	0.30839630160035014	1.6944893394975362	0.47758110858002745	0.5218137470092802	0.5224188914199726	0.5218137470092802	0.5714285714285714	baseline
COG0335	0.0	0.27559379820761437	0.6211275958191338	1.2806526157442675	0.43495767929855056	0.3364298595584154	0.5650423207014494	0.6635701404415846	0.7142857142857143	baseline
COG0336	0.0	0.0548504585808991	0.18975599894030357	1.731993869960672	0.499120081191123	0.43912193465890004	0.5008799188088771	0.5608780653411	0.5714285714285714	endpoint
COG0337	0.0	0.33893109488217815	0.7483285309257736	1.3187472210917521	0.40209491214539045	0.3013685610903215	0.5979050878546095	0.6986314389096785	0.7142857142857143	baseline
COG0338	0.0	0.09276735925387193	0.5145033337420871	1.213743854400332	0.45984949837210476	0.32050046977253177	0.5401505016278952	0.6794995302274682	0.5714285714285714	baseline
COG0339	0.0	0.14640401727139102	0.0786983509487499	1.401781736294901	0.427327572866527	0.5348506876708723	0.572672427133473	0.5348506876708723	0.5714285714285714	baseline
COG0340	0.14285714285714285	0.004250785115354832	0.4704492295484864	2.0884608472730117	0.45040831243144563	0.3389073028086614	0.5495916875685544	0.6610926971913387	0.5714285714285714	baseline
COG0341	0.14285714285714285	0.8876709672107144	1.2312250405335277	2.330973596338975	0.7352760639239574	0.8283624753101433	0.7352760639239574	0.8283624753101433	0.8571428571428571	endpoint
COG0342	0.0	0.38110509347987875	1.0184023289765478	1.3323600482107123	0.6317537429812609	0.7525998639168435	0.6317537429812609	0.7525998639168435	0.5714285714285714	endpoint
COG0343	0.0	0.5037649757998065	0.575271241759138	1.6478477634931938	0.6564740411898426	0.566114199799879	0.6564740411898426	0.566114199799879	0.7142857142857143	endpoint
COG0344	0.0	0.2241075989535682	0.4883780729262109	1.505264338890294	0.40696567257396443	0.3525860335796256	0.5930343274260356	0.6474139664203744	0.5714285714285714	baseline
COG0345	0.0	0.5728678803227714	0.8408172002778919	1.423719660295288	0.6590327509518926	0.6718463315103947	0.6590327509518926	0.6718463315103947	0.7142857142857143	endpoint
COG0346	0.0	0.556253769611147	0.9931911635643862	1.4428296078208975	0.33580764242511657	0.24803603245708017	0.6641923575748834	0.7519639675429198	0.7142857142857143	baseline
COG0347	0.0	0.6013225972736915	0.9957656928732735	1.3071827568406122	0.7161691575791422	0.8945136769971854	0.7161691575791422	0.8945136769971854	0.7142857142857143	endpoint
COG0348	0.0	0.7178056847882159	1.1257194786472404	1.5029294326706086	0.7645694610117236	0.8965389290310412	0.7645694610117236	0.8965389290310412	0.8571428571428571	endpoint
COG0349	0.0	0.03678425726831995	0.1566456606679863	1.7184861543724845	0.5632114702965084	0.5508130342051624	0.5632114702965084	0.5508130342051624	0.7142857142857143	endpoint
COG0350	0.0	0.46470858371023827	0.7112944534799428	1.4752692514341288	0.3184878707013227	0.22677337110530119	0.6815121292986773	0.7732266288946988	0.5714285714285714	baseline
COG0351	0.0	0.711378320677597	1.1123085060177378	1.3160305219716042	0.3161479059041636	0.2531592448666236	0.6838520940958364	0.7468407551333764	0.7142857142857143	baseline
COG0352	0.0	0.4405953142604529	0.6925173724669395	1.4813024246548014	0.6062636005562009	0.6583079396809975	0.6062636005562009	0.6583079396809975	0.7142857142857143	endpoint
COG0353	0.0	0.2572515427616436	0.5908667227015036	1.183204842090558	0.5822865789312744	0.5826115586134673	0.5822865789312744	0.5826115586134673	0.7142857142857143	endpoint
COG0354	0.0	0.46358355314377775	0.6498160094394518	1.1028052395139656	0.3682485151413446	0.3627533300839126	0.6317514848586554	0.6372466699160875	0.7142857142857143	baseline
COG0355	0.14285714285714285	0.920835630526647	1.1229306797042502	2.084505170526278	0.7264898484984659	0.8166425797651833	0.7264898484984659	0.8166425797651833	0.8571428571428571	endpoint
COG0356	0.0	0.12783514391128914	0.053932272298597636	1.4985130763727883	0.47601428275625984	0.5005863467261602	0.5239857172437401	0.5005863467261602	0.5714285714285714	baseline
COG0357	0.0	0.24346382146179765	0.07930774808337285	1.343422412927211	0.5887063635259129	0.49814592485391795	0.5887063635259129	0.501854075146082	0.5714285714285714	endpoint
COG0358	0.0	0.9440496278797504	1.0435411544848836	1.7459795672654734	0.7668951536339793	0.7952743472658916	0.7668951536339793	0.7952743472658916	0.8571428571428571	endpoint
COG0359	0.0	0.27763234595763675	0.5420349421065782	1.32198078413333	0.4701206712546116	0.2848713447218779	0.5298793287453885	0.7151286552781221	0.5714285714285714	baseline
COG0360	0.0	0.01339875841270902	0.32232039366690446	1.6265573462931313	0.4797314508512058	0.39898930484659817	0.5202685491487942	0.6010106951534018	0.5714285714285714	baseline
COG0361	0.0	0.9714769312142545	1.114853742222365	1.4659965022114363	0.7991266106033175	0.9197504614519655	0.7991266106033175	0.9197504614519655	0.8571428571428571	endpoint
COG0362	0.0	0.3628520966648138	0.2532789347233217	1.885883137385503	0.41415236862354293	0.42857731471031485	0.5858476313764571	0.5714226852896851	0.7142857142857143	baseline
COG0363	0.0	0.28972598282676626	0.8167154933025781	1.3614125804327422	0.42018448226418614	0.3171141166344893	0.5798155177358139	0.6828858833655107	0.7142857142857143	baseline
COG0364	0.0	0.6650854966501684	1.3244951336054858	1.7236760721746776	0.34961700333584833	0.19180997664564622	0.6503829966641517	0.8081900233543537	0.7142857142857143	baseline
COG0365	0.0	0.37583085962020696	0.20664182085318109	1.872927993321776	0.4032116046339084	0.44180115791962776	0.5967883953660915	0.5581988420803723	0.7142857142857143	baseline
COG0366	0.0	0.43638152138256114	0.39533075427805886	1.5012647498003977	0.41599963851836347	0.38804531934238595	0.5840003614816365	0.611954680657614	0.7142857142857143	baseline
COG0367	0.0	0.143028752991656	0.3045400258302844	1.365413595707113	0.5771878943082014	0.6390627271595005	0.5771878943082014	0.6390627271595005	0.5714285714285714	endpoint
COG0368	0.0	0.23494829128010622	0.34853280059684577	1.2570779367782292	0.6009643554937176	0.5946745957000429	0.6009643554937176	0.5946745957000429	0.5714285714285714	endpoint
COG0369	0.0	0.055429748854815476	0.31651168773824523	1.3449440616704798	0.45576261727600603	0.5231608771679432	0.5442373827239939	0.5231608771679432	0.5714285714285714	baseline
COG0370	0.0	0.44310857212614485	0.9948830601787962	1.520138076227231	0.6565540320656221	0.8062250221735959	0.6565540320656221	0.8062250221735959	0.7142857142857143	endpoint
COG0371	0.0	0.12079439762400337	0.11946965007041858	1.5746094825214523	0.5894891742932657	0.5505501162610977	0.5894891742932657	0.5505501162610977	0.5714285714285714	endpoint
COG0372	0.0	0.42906501470998	0.6009461734903011	1.1997706144703815	0.6770075470025371	0.704024913117371	0.6770075470025371	0.704024913117371	0.7142857142857143	endpoint
COG0373	0.0	0.3553000905920315	0.7039671387090852	1.1921209157257737	0.6168967169168561	0.677768003675993	0.6168967169168561	0.677768003675993	0.5714285714285714	endpoint
COG0374	0.0	0.31485878185990673	1.0728721951570177	1.343766898470966	0.3952118349819478	0.19904892244892752	0.6047881650180522	0.8009510775510724	0.5714285714285714	baseline
COG0375	0.0	0.5453905515222413	1.077744972863096	1.7204788322502913	0.37040472163271465	0.24376284896182235	0.6295952783672853	0.7562371510381777	0.7142857142857143	baseline
COG0376	0.0	0.30492815670193657	0.5978547638040539	1.4723560559546789	0.4441645393357777	0.3119021346872512	0.5558354606642223	0.6880978653127487	0.7142857142857143	baseline
COG0377	0.0	0.07443538676997775	0.2717379756942884	1.3711312795092319	0.47406071790715304	0.37765021366603785	0.525939282092847	0.6223497863339622	0.5714285714285714	baseline
COG0378	0.0	0.27177966324639746	0.2307429349015054	1.2759648707294704	0.6009153702719552	0.5671376913659305	0.6009153702719552	0.5671376913659305	0.5714285714285714	endpoint
COG0379	0.0	0.15264514361149978	0.23427956571641292	1.3183544518003054	0.44027914066671203	0.551339677447807	0.559720859333288	0.551339677447807	0.5714285714285714	baseline
COG0380	0.0	0.18899851018927616	0.36490855877608325	1.3939250414661781	0.4777379312495614	0.41004712642272484	0.5222620687504387	0.5899528735772752	0.7142857142857143	baseline
COG0381	0.0	0.18739518367231037	0.21832701748840297	1.3890466040355285	0.41679544309508926	0.5458639986008814	0.5832045569049107	0.5458639986008814	0.5714285714285714	baseline
COG0382	0.0	0.2516313373345693	0.26689716297938215	1.7623602516579926	0.4598870305026531	0.427392360357157	0.5401129694973469	0.572607639642843	0.5714285714285714	baseline
COG0383	0.0	0.6547702494548543	0.9201530659463752	1.563166400676338	0.3233870295169477	0.2822176187866727	0.6766129704830524	0.7177823812133273	0.7142857142857143	baseline
COG0384	0.0	1.2866605004497014	1.2252617065957216	1.5260628701783447	0.12614517983899534	0.11232167653071133	0.8738548201610047	0.8876783234692887	1.0	baseline
COG0385	0.0	0.6102845975732987	0.7782874330554931	1.4270843394319785	0.3333299034445491	0.25373627279138317	0.6666700965554508	0.7462637272086168	0.8571428571428571	baseline
COG0386	0.0	0.1420257795598598	0.6379051964850988	1.237725662214746	0.5639103511084523	0.6239176744500105	0.5639103511084523	0.6239176744500105	0.5714285714285714	endpoint
COG0387	0.14285714285714285	0.5719664989293232	0.534796991668415	2.063779639521209	0.37454237866451995	0.38816983536698074	0.6254576213354801	0.6118301646330193	0.5714285714285714	baseline
COG0388	0.0	0.6097446014026097	1.0167419926216734	1.2945006196677744	0.6925984060746557	0.8450492782989211	0.6925984060746557	0.8450492782989211	0.7142857142857143	endpoint
COG0389	0.0	0.29958896550051517	0.4645010517880724	1.3167112466595052	0.4242561213474407	0.34553757504920496	0.5757438786525593	0.6544624249507951	0.7142857142857143	baseline
COG0390	0.0	0.6616968135135962	1.2820156199689121	1.668222553931536	0.2945839592481982	0.04781162872515116	0.7054160407518018	0.9521883712748488	0.7142857142857143	baseline
COG0391	0.0	0.37295787226598204	0.6238235053659866	1.5664704228383952	0.3856230610454961	0.31361900854065455	0.614376938954504	0.6863809914593455	0.7142857142857143	baseline
COG0392	0.0	0.584784906569529	0.6918511910688119	1.3757577768901734	0.3212814201780652	0.33641856845117474	0.6787185798219348	0.6635814315488253	0.8571428571428571	baseline
COG0393	0.0	0.19457926518887575	0.2817516462498147	1.4632315149596318	0.5910507792419119	0.5676343698995046	0.5910507792419119	0.5676343698995046	0.7142857142857143	endpoint
COG0394	0.0	0.12353375207167636	0.005751386342952702	1.2759097437140565	0.5838317209792667	0.506050381078327	0.5838317209792667	0.506050381078327	0.5714285714285714	endpoint
COG0395	0.0	0.23083267394552914	0.0822859045980557	1.3681792840962368	0.5937259902938853	0.49395783708701846	0.5937259902938853	0.5060421629129815	0.5714285714285714	endpoint
COG0396	0.0	0.37523800532643453	0.8760854209558385	1.9163080345028918	0.43168175837776135	0.26222448375965957	0.5683182416222387	0.7377755162403404	0.5714285714285714	baseline
COG0397	0.0	0.2791929979868181	0.44917072331341523	1.7169890910314918	0.40526032524203187	0.3687349411292582	0.5947396747579681	0.6312650588707418	0.7142857142857143	baseline
COG0398	0.0	0.19503454060207037	0.3075484405720925	1.4272053937807019	0.4382220465704852	0.41956873683338064	0.5617779534295149	0.5804312631666193	0.5714285714285714	baseline
COG0399	0.0	0.10949136498046065	0.10863664730078665	1.559859385776051	0.5236676530599542	0.47769138482263007	0.5236676530599542	0.5223086151773699	0.5714285714285714	endpoint
COG0400	0.0	0.8390305843887175	1.3317028891561074	1.3787842914677275	0.2572044526883021	0.24956211960366656	0.7427955473116978	0.7504378803963334	0.8571428571428571	baseline
COG0401	0.0	0.6007782784225327	0.5343580587595634	1.7998926091672325	0.3480966553683688	0.3421368917098042	0.6519033446316311	0.6578631082901958	0.8571428571428571	baseline
COG0402	0.0	0.4006901626341351	0.6003168597358367	1.7802209566860758	0.43728247592918285	0.32111195469145476	0.5627175240708171	0.6788880453085453	0.5714285714285714	baseline
COG0403	0.0	0.06957736634765423	0.38049134131005646	1.3299828741818727	0.5363396414430773	0.6474144440204684	0.5363396414430773	0.6474144440204684	0.5714285714285714	endpoint
COG0404	0.0	0.3170236393013016	0.11491239072456008	1.4519697683435402	0.39231937411422557	0.540058837042261	0.6076806258857744	0.540058837042261	0.5714285714285714	baseline
COG0405	0.0	0.18669651709130022	0.23708934506351137	1.4708185815187793	0.4415255326887049	0.45776790253259486	0.5584744673112951	0.5422320974674051	0.5714285714285714	baseline
COG0406	0.0	0.22837246294599756	0.06495666377755874	1.3058356903362358	0.42586408439059076	0.4639715520257511	0.5741359156094092	0.536028447974249	0.7142857142857143	baseline
COG0407	0.0	0.11884843777695467	0.12208359376155412	1.3350513116663243	0.53268478996052	0.541735320250935	0.53268478996052	0.541735320250935	0.5714285714285714	endpoint
COG0408	0.0	0.5586617140368727	0.8947445487202735	1.7804984547363603	0.37704699227943717	0.19614585121815137	0.6229530077205628	0.8038541487818487	0.5714285714285714	baseline
COG0409	0.0	0.26149411679198264	0.9169869968057766	1.6460202941693736	0.5532422296564682	0.6487482141983115	0.5532422296564682	0.6487482141983115	0.5714285714285714	endpoint
COG0410	0.0	0.28691846479242067	0.21676836665509672	0.7425891796582023	0.4324482500358374	0.3966187052885124	0.5675517499641626	0.6033812947114876	0.7142857142857143	baseline
COG0411	0.0	0.6525346496448614	0.45908167387342974	1.5883519559030013	0.7052532581148103	0.6229486985034769	0.7052532581148103	0.6229486985034769	1.0	endpoint
COG0412	0.0	0.7192635886242612	1.158833022483813	1.4074383839480202	0.33060635778024505	0.24228274754188103	0.669393642219755	0.7577172524581189	0.7142857142857143	baseline
COG0413	0.0	0.01565380131688448	0.12157726048804621	1.1574262301567657	0.4667030530844582	0.49080233729708944	0.5332969469155417	0.5091976627029106	0.5714285714285714	baseline
COG0414	0.0	0.018589931476287052	0.1669696069318842	1.5761285942542285	0.492268962355772	0.4136117373335804	0.507731037644228	0.5863882626664196	0.7142857142857143	baseline
COG0415	0.0	1.3073624787309694	1.4894683430397369	1.7187382917295544	0.13130411668612238	0.1509967050321089	0.8686958833138776	0.8490032949678911	1.0	baseline
COG0416	0.0	0.6906675632750112	1.2034481547900986	1.5502857964512882	0.6791565081585187	0.8353635960248019	0.6791565081585187	0.8353635960248019	0.7142857142857143	endpoint
COG0417	0.0	1.1331516255331893	1.2100337439987081	1.6665928493291957	0.1699278908215193	0.12357870034726849	0.8300721091784807	0.8764212996527315	0.8571428571428571	baseline
COG0418	0.0	0.9351688382815195	0.9930970956228684	1.6137467783121957	0.20823826540670604	0.19278943145519356	0.7917617345932939	0.8072105685448064	1.0	baseline
COG0419	0.0	0.1670058179364797	0.3306791305257548	1.6599891602197316	0.5660718774416608	0.5844286266448089	0.5660718774416608	0.5844286266448089	0.7142857142857143	endpoint
COG0420	0.0	0.8080446701165264	1.1560842814371017	1.6326651945693857	0.7661810900779294	0.8946471076743008	0.7661810900779294	0.8946471076743008	0.8571428571428571	endpoint
COG0421	0.0	0.32461355021845284	0.7240928228874076	1.4561564300117074	0.6189187868888288	0.7072225315313303	0.6189187868888288	0.7072225315313303	0.7142857142857143	endpoint
COG0422	0.0	0.09276593046275194	0.5958657657065485	1.4683623328987838	0.5500983255957478	0.5695328300217135	0.5500983255957478	0.5695328300217135	0.5714285714285714	endpoint
COG0423	0.0	0.06476245801387258	0.24188264244744348	1.029355775129281	0.4937929051520407	0.6083661585351393	0.5062070948479593	0.6083661585351393	0.5714285714285714	baseline
COG0424	0.0	0.029958129045486812	0.2494450077080869	1.2394739542452702	0.5249632896460988	0.5565451837237435	0.5249632896460988	0.5565451837237435	0.5714285714285714	baseline
COG0425	0.0	0.12233166569228013	0.1418357233879731	1.1929007914928622	0.579052516399127	0.546730865856062	0.579052516399127	0.546730865856062	0.7142857142857143	endpoint
COG0426	0.0	1.008994159100699	1.1745818799972207	1.6360402500399245	0.8181292541757946	0.8868762448922294	0.8181292541757946	0.8868762448922294	1.0	endpoint
COG0427	0.0	0.5950648913874284	0.7690496590246437	1.2198008214602225	0.32984945746668376	0.24617396889298018	0.6701505425333163	0.7538260311070198	0.8571428571428571	baseline
COG0428	0.0	0.3277574479880191	1.0465339972575205	1.3858842114443757	0.612502790691367	0.7630284985161063	0.612502790691367	0.7630284985161063	0.7142857142857143	endpoint
COG0429	0.0	0.862728219370004	1.0117103255647961	1.631451853164959	0.2569963797269522	0.3026799411881327	0.7430036202730478	0.6973200588118673	0.8571428571428571	baseline
COG0430	0.0	0.918202902720836	1.1712800753380637	1.6863684842852928	0.2311440400343327	0.190688677068666	0.7688559599656672	0.809311322931334	0.8571428571428571	baseline
COG0431	0.0	0.5505683220108483	0.30363318511676235	1.2955697507810287	0.6891673623736015	0.6092538323401517	0.6891673623736015	0.6092538323401517	0.8571428571428571	endpoint
COG0432	0.0	0.1477091019288474	0.4492463161315497	1.5925224204574795	0.574726163582695	0.6182193924111999	0.574726163582695	0.6182193924111999	0.5714285714285714	endpoint
COG0433	0.0	0.46417846139844515	0.7927256778589936	1.8115796286187145	0.40461464984208934	0.26605195848083385	0.5953853501579107	0.7339480415191661	0.7142857142857143	baseline
COG0434	0.0	0.12843706562402518	1.0147231191867825	1.397742176596672	0.4655173398352203	0.25811338682278556	0.5344826601647796	0.7418866131772144	0.5714285714285714	baseline
COG0435	0.0	0.37497823533831615	0.6731266233349747	1.7016278633667792	0.3788870659663597	0.28478748324472214	0.6211129340336403	0.7152125167552779	0.7142857142857143	baseline
COG0436	0.0	0.6966693135360221	0.6389970634686432	1.3832050272310623	0.2840279190931937	0.3006513502786747	0.7159720809068063	0.6993486497213253	0.8571428571428571	baseline
COG0437	0.0	0.532998137918838	0.7217091595255093	1.571477026370236	0.37662723565837336	0.2709856226366367	0.6233727643416267	0.7290143773633633	0.7142857142857143	baseline
COG0438	0.0	0.7905920763226674	0.9224933472343482	1.8388170804502204	0.2875005271458462	0.2533622740129796	0.7124994728541538	0.7466377259870204	0.8571428571428571	baseline
COG0439	0.0	0.38398693694308694	0.5841363927135881	1.4972742608788119	0.6247833885956559	0.6686453452336087	0.6247833885956559	0.6686453452336087	0.7142857142857143	endpoint
COG0440	0.0	0.5056045598042764	1.0302486915412836	1.5613605646528144	0.6543674038590676	0.7298021184563598	0.6543674038590676	0.7298021184563598	0.7142857142857143	endpoint
COG0441	0.0	0.8776753768557942	1.1447949105376092	1.8479853690802892	0.767546963525408	0.9205745502770561	0.767546963525408	0.9205745502770561	0.7142857142857143	endpoint
COG0442	0.0	0.8063396249341005	1.1094622191215735	1.4224784435069813	0.769284413160598	0.8584554817739304	0.769284413160598	0.8584554817739304	0.7142857142857143	endpoint
COG0443	0.0	0.7232556831231873	1.121383682922571	1.5118289893545362	0.711850500231267	0.796025494257984	0.711850500231267	0.796025494257984	0.8571428571428571	endpoint
COG0444	0.0	0.4470674022330257	1.1844475214742751	1.6663644222336358	0.6401408811503667	0.7472324490554869	0.6401408811503667	0.7472324490554869	0.5714285714285714	endpoint
COG0445	0.0	0.7487026969394284	1.143084818922909	1.525667679842562	0.7079992271144434	0.6603695785703175	0.7079992271144434	0.6603695785703175	0.8571428571428571	endpoint
COG0446	0.0	0.5117965961898997	0.9187482739942098	1.3448885220456843	0.3282391635107115	0.2543945551872279	0.6717608364892885	0.745605444812772	0.7142857142857143	baseline
COG0447	0.0	0.007092877162538979	0.011140035991997177	1.263852309071949	0.5152428075848487	0.5107062839578129	0.5152428075848487	0.5107062839578129	0.5714285714285714	baseline
COG0448	0.0	0.29188753315690513	0.042764743165431815	1.751982310428011	0.5752144305888313	0.5362402667205821	0.5752144305888313	0.5362402667205821	0.5714285714285714	endpoint
COG0449	0.0	0.2825094408883021	0.5160062287010494	1.406626977220367	0.4042589111828122	0.3849653589502984	0.5957410888171878	0.6150346410497016	0.5714285714285714	baseline
COG0450	0.0	0.6107159994538053	1.3138524277462567	1.5046265142979016	0.3678933738229948	0.2361734403088424	0.6321066261770052	0.7638265596911575	0.7142857142857143	baseline
COG0451	0.0	0.7187143305396394	0.9605646870407168	1.8291098064290459	0.28462640692507074	0.23639425668518424	0.7153735930749292	0.7636057433148158	0.7142857142857143	baseline
COG0452	0.0	0.45275039751749596	0.6369234255083631	1.0653000743187662	0.629730093876156	0.5763482804295358	0.629730093876156	0.5763482804295358	0.7142857142857143	endpoint
COG0454	0.0	0.449563825469721	1.0506442166562655	1.5746346532700946	0.40792750458050425	0.2962170301211523	0.5920724954194958	0.7037829698788477	0.7142857142857143	baseline
COG0455	0.14285714285714285	1.2309461041969612	1.199875038779765	2.203771081055029	0.8524343890327556	0.8678376001556227	0.8524343890327556	0.8678376001556227	1.0	endpoint
COG0456	0.0	0.08767952943870516	0.02896494240620408	1.676448092623759	0.5347520452854708	0.48086586199491066	0.5347520452854708	0.5191341380050893	0.5714285714285714	endpoint
COG0457	0.0	0.37904045684481524	0.5291396682768605	1.6182086478080415	0.43411590306515396	0.3838912560033656	0.565884096934846	0.6161087439966344	0.7142857142857143	baseline
COG0458	0.0	0.26210481326277896	0.4434490355902589	0.9866031445357523	0.5640815107850996	0.6512404485063956	0.5640815107850996	0.6512404485063956	0.8571428571428571	endpoint
COG0459	0.0	0.09237965835422332	0.019738990061801954	1.2959301962608374	0.5665947347622773	0.5178092078935099	0.5665947347622773	0.5178092078935099	0.5714285714285714	endpoint
COG0460	0.0	0.3208402928046481	0.7512983221828108	1.4105446365044458	0.5829725858155766	0.7196375425037883	0.5829725858155766	0.7196375425037883	0.7142857142857143	endpoint
COG0461	0.0	0.6472634740705236	1.2131626079162392	1.8308673383277005	0.2716362122469001	0.05450817573248527	0.7283637877531	0.9454918242675148	0.8571428571428571	baseline
COG0462	0.0	0.06539808797457067	0.139367230289563	1.376890707471769	0.5525635210980193	0.46922089566022945	0.5525635210980193	0.5307791043397705	0.5714285714285714	endpoint
COG0463	0.0	0.05319079745060388	0.4633950350265027	1.6311985082592582	0.5279201301982417	0.6025675699185783	0.5279201301982417	0.6025675699185783	0.7142857142857143	endpoint
COG0464	0.0	0.4044827598080887	0.3917765319203242	1.465729877118397	0.4164134438333776	0.37746081811585425	0.5835865561666225	0.6225391818841457	0.8571428571428571	baseline
COG0465	0.0	0.4977175082923707	0.26274959922853514	1.5295502497922195	0.6446333376199131	0.5730976549870848	0.6446333376199131	0.5730976549870848	0.8571428571428571	endpoint
COG0466	0.0	0.659036552496067	1.0209539322329237	1.5186591597172638	0.7039643931742788	0.6480632556212834	0.7039643931742788	0.6480632556212834	0.8571428571428571	endpoint
COG0468	0.0	0.017099881953110456	0.005074852230494425	1.149330589426934	0.49530103097815864	0.5140857872525033	0.5046989690218413	0.5140857872525033	0.5714285714285714	endpoint
COG0469	0.0	0.07119506983080368	0.09233805543737361	1.6475667554233968	0.5269823140515669	0.48303458228551244	0.5269823140515669	0.5169654177144876	0.5714285714285714	endpoint
COG0470	0.0	0.3261613959832844	0.3233634794212347	1.7635423822912917	0.4257123251748762	0.3791427623041917	0.5742876748251238	0.6208572376958084	0.5714285714285714	baseline
COG0471	0.0	0.5272304065631196	0.6965101888001834	1.380430293855864	0.3026542958769407	0.2904495009289799	0.6973457041230593	0.7095504990710201	0.7142857142857143	baseline
COG0472	0.0	0.6989194022246489	0.582050387393575	1.3913492638470915	0.2982897256673636	0.32693455038541874	0.7017102743326364	0.6730654496145813	1.0	baseline
COG0473	0.0	0.13065182498407432	0.09622209960747156	1.4719928120914754	0.575315515320948	0.5356894224459394	0.575315515320948	0.5356894224459394	0.5714285714285714	endpoint
COG0474	0.0	0.09620161997906239	0.1033784968998347	1.7568415927332646	0.5211244920239273	0.4812988345812889	0.5211244920239273	0.518701165418711	0.5714285714285714	baseline
COG0475	0.0	0.8668390815464374	1.0327103812079135	1.8042639423848827	0.23874133096150527	0.17111837881338815	0.7612586690384947	0.8288816211866119	0.8571428571428571	baseline
COG0476	0.0	0.4102011541081846	0.44178635980717723	1.5202835211001111	0.38989327755884584	0.3858629600162112	0.6101067224411542	0.6141370399837889	0.7142857142857143	baseline
COG0477	0.0	0.7373719282362712	1.3029801813838866	1.557165944271143	0.2987652039269047	0.19226916789072135	0.7012347960730954	0.8077308321092787	0.7142857142857143	baseline
COG0479	0.0	0.6736933075391673	1.1975534986350747	1.3555479563868988	0.32148117013449784	0.23046198059786846	0.6785188298655022	0.7695380194021315	0.7142857142857143	baseline
COG0480	0.0	0.45268418879753486	0.4220619122027136	1.6875902589458722	0.6269191437129811	0.6470040111076693	0.6269191437129811	0.6470040111076693	0.5714285714285714	endpoint
COG0481	0.0	0.1193314901426664	0.21041068915275177	1.4727950818387396	0.5326773255182283	0.5431467354405838	0.5326773255182283	0.5431467354405838	0.7142857142857143	endpoint
COG0482	0.0	0.16062815340221231	0.5900698106028561	1.2747440767451834	0.5613591989132509	0.6460576322952896	0.5613591989132509	0.6460576322952896	0.5714285714285714	endpoint
COG0483	0.0	0.5813759396455775	0.6675967415681285	1.6535595248369335	0.3517557100142828	0.359801781003358	0.6482442899857173	0.640198218996642	0.7142857142857143	baseline
COG0484	0.0	0.026191528392519117	0.3699198432570626	1.475060125375562	0.5275784257065493	0.38109465622407235	0.5275784257065493	0.6189053437759277	0.5714285714285714	endpoint
COG0486	0.0	0.23862501028313643	0.29431757682644527	1.4684985240679964	0.5782510720421975	0.5820001655051787	0.5782510720421975	0.5820001655051787	0.5714285714285714	endpoint
COG0488	0.0	0.22894649823091104	0.22751698517219224	1.2452497539152036	0.46233267253795274	0.6056964575253264	0.5376673274620473	0.6056964575253264	0.5714285714285714	baseline
COG0489	0.0	0.24565579638064178	0.48348803807610236	1.3256646077449454	0.4287066948275044	0.374368429829138	0.5712933051724955	0.625631570170862	0.7142857142857143	baseline
COG0491	0.0	0.26594469877926785	0.7430726595954175	1.6680049155560763	0.3687225131284319	0.24081071201095636	0.631277486871568	0.7591892879890436	0.5714285714285714	baseline
COG0492	0.0	0.6610192647114727	0.9811416197261862	1.5600141295727574	0.31303219384279846	0.28382342788688436	0.6869678061572015	0.7161765721131157	0.7142857142857143	baseline
COG0493	0.0	0.9924702207659915	1.121700659647501	1.4234347527429887	0.7985010564075956	0.8406606995422471	0.7985010564075956	0.8406606995422471	0.8571428571428571	endpoint
COG0494	0.0	0.3187459957322322	0.42734070261018847	1.206801255684633	0.6236075210688705	0.6176075092915302	0.6236075210688705	0.6176075092915302	0.5714285714285714	endpoint
COG0495	0.0	0.004395512432150782	0.5871437476700085	1.4730608157940377	0.46102949191334935	0.6384618018192195	0.5389705080866507	0.6384618018192195	0.5714285714285714	baseline
COG0496	0.0	0.26347135610238054	0.19074934867222398	1.1053829011030551	0.6045646277508039	0.5732711353155373	0.6045646277508039	0.5732711353155373	0.7142857142857143	endpoint
COG0497	0.0	0.39186807033908355	0.21908940778062092	1.465959028003479	0.3749839984271124	0.39572172459490695	0.6250160015728876	0.604278275405093	0.7142857142857143	baseline
COG0498	0.0	0.15209127024298771	0.17285314050582193	1.3542145637643916	0.5341169882195519	0.49931398211721506	0.5341169882195519	0.500686017882785	0.5714285714285714	endpoint
COG0499	0.0	0.4577363873416727	1.2323841218959246	1.8212606189247385	0.36132083989031777	0.10803971262981082	0.6386791601096822	0.8919602873701892	0.5714285714285714	baseline
COG0500	0.0	0.4955339189050058	0.7571411648928283	1.3632825339926367	0.6525450976762323	0.696921749693017	0.6525450976762323	0.696921749693017	0.7142857142857143	endpoint
COG0501	0.0	0.8570233020075059	1.3161922775713317	1.7064628682079974	0.27088266197683836	0.14484423763579457	0.7291173380231617	0.8551557623642054	0.8571428571428571	baseline
COG0502	0.0	0.43037324442720865	0.7266323244474658	1.351552263106718	0.6612987293582554	0.7472097571028856	0.6612987293582554	0.7472097571028856	0.7142857142857143	endpoint
COG0503	0.0	0.2887473765485017	0.7384995717347757	1.3325679023097832	0.405947424772902	0.3480321203576319	0.594052575227098	0.651967879642368	0.5714285714285714	baseline
COG0504	0.0	0.5471197842592347	0.6509699558654428	1.3474514376517737	0.6738931525939093	0.6783346608793451	0.6738931525939093	0.6783346608793451	0.8571428571428571	endpoint
COG0505	0.0	0.21038323774922832	0.7473126309701463	1.4969585826524467	0.44807980648154244	0.32754686210891554	0.5519201935184576	0.6724531378910845	0.5714285714285714	baseline
COG0506	0.0	0.5508296888724619	1.0381368303118201	1.6767383700284917	0.4013510259447233	0.1922872476266497	0.5986489740552767	0.8077127523733503	0.7142857142857143	baseline
COG0507	0.0	0.7734865147739954	1.0701161196459394	1.739989560139957	0.7140022178839895	0.839879473745915	0.7140022178839895	0.839879473745915	0.8571428571428571	endpoint
COG0508	0.0	0.7575398582723482	1.090992532842443	1.657303736231564	0.2651140167082912	0.1385375225664686	0.7348859832917087	0.8614624774335314	0.8571428571428571	baseline
COG0509	0.0	0.5014801882544927	1.0086949384673667	1.7678849925493467	0.35908518401821965	0.22960191630718377	0.6409148159817804	0.7703980836928163	0.7142857142857143	baseline
COG0510	0.0	0.1293274117276215	0.001332178536952054	1.3012196047697921	0.5361617770002688	0.5120434909043837	0.5361617770002688	0.5120434909043837	0.5714285714285714	endpoint
COG0511	0.0	0.26024482606656985	0.530747274250483	1.4142555274494104	0.5600617427900099	0.7196935629852367	0.5600617427900099	0.7196935629852367	0.7142857142857143	endpoint
COG0512	0.0	0.1271901468540627	0.20632531876229132	1.611687465857233	0.48260890028758296	0.5048702649655296	0.517391099712417	0.5048702649655296	0.5714285714285714	baseline
COG0513	0.0	0.2225177452786386	0.5071935785539514	1.4833306448175054	0.4575952084116023	0.38642823287757416	0.5424047915883977	0.6135717671224259	0.7142857142857143	baseline
COG0514	0.0	0.7235586303513806	1.0156576746020858	1.4709278080946815	0.2523360939243256	0.17203320195717797	0.7476639060756745	0.827966798042822	0.8571428571428571	baseline
COG0515	0.0	0.15550771024873658	0.3473409956811355	1.480470657597853	0.4509414573711674	0.4129632900725248	0.5490585426288326	0.5870367099274751	0.5714285714285714	baseline
COG0516	0.0	0.39862397996573584	0.8081863146177724	1.2480268048060124	0.40363293963065106	0.324256903744358	0.596367060369349	0.675743096255642	0.7142857142857143	baseline
COG0517	0.0	0.10707114277742202	0.23180462484014572	1.2131526002462476	0.4889595216895263	0.4385784097284438	0.5110404783104737	0.5614215902715562	0.5714285714285714	baseline
COG0518	0.0	0.30579074644218995	0.8505162273148535	1.700051186028425	0.4585665935344972	0.31436102051595083	0.5414334064655029	0.6856389794840492	0.5714285714285714	baseline
COG0519	0.0	0.3812642598344625	0.3292021336249838	1.5371814349691382	0.38353808643763354	0.41597428766456407	0.6164619135623665	0.584025712335436	0.8571428571428571	baseline
COG0520	0.0	0.05189617119290977	0.053709501684389115	1.4133338637505724	0.5018996002763692	0.4524880318064189	0.5018996002763692	0.5475119681935812	0.5714285714285714	baseline
COG0521	0.0	0.6188075732937015	0.7872879140863817	1.4619047803908807	0.6782865111070118	0.7132927516614622	0.6782865111070118	0.7132927516614622	0.8571428571428571	endpoint
COG0522	0.0	0.356651777124347	0.7940817346192489	1.5551104228639272	0.6331054061062039	0.743490602234994	0.6331054061062039	0.743490602234994	0.5714285714285714	endpoint
COG0523	0.0	0.9216102147640131	1.1449529965386702	1.5338738734279171	0.7993880984947388	0.8232272145892814	0.7993880984947388	0.8232272145892814	0.8571428571428571	endpoint
COG0524	0.0	0.6623302232680894	1.3064059455483479	1.5079988610564006	0.29453560428041786	0.20148834932977805	0.7054643957195821	0.7985116506702219	0.7142857142857143	baseline
COG0525	0.0	0.5289889133521349	0.8043663620811875	1.740532908887567	0.3410323304242394	0.25283269261204877	0.6589676695757606	0.7471673073879512	0.7142857142857143	baseline
COG0526	0.0	0.11202109728992272	0.10790857226976314	1.7140417677058044	0.47465770252391737	0.5079630979953899	0.5253422974760826	0.5079630979953899	0.5714285714285714	baseline
COG0527	0.0	0.8065347216222384	1.1830942015606034	1.3454042439404195	0.7524162025082454	0.6670110180612926	0.7524162025082454	0.6670110180612926	0.8571428571428571	endpoint
COG0528	0.0	0.06860291174403531	0.4859368847240062	1.5248781606606183	0.5311937416435798	0.5973612647048573	0.5311937416435798	0.5973612647048573	0.5714285714285714	endpoint
COG0529	0.0	0.2969657445280017	0.323808900890865	1.2075792812460813	0.4226906184313524	0.4168695483884986	0.5773093815686476	0.5831304516115015	0.7142857142857143	baseline
COG0530	0.0	0.34306141858217803	0.48741965082057304	1.4063680718200728	0.6250649028393612	0.6074067003372404	0.6250649028393612	0.6074067003372404	0.7142857142857143	endpoint
COG0531	0.0	1.2706144158575314	1.206373603015643	1.7967263896887347	0.1362309662295047	0.10866071320625095	0.8637690337704953	0.8913392867937491	1.0	baseline
COG0532	0.0	0.36510623272365084	0.28348214722027354	1.6244273360506338	0.39960095576937815	0.3736190513288139	0.6003990442306218	0.6263809486711861	0.5714285714285714	baseline
COG0533	0.0	0.25204092369750825	0.4984664266856615	1.2418228022696216	0.5833369813509909	0.5816704700021144	0.5833369813509909	0.5816704700021144	0.5714285714285714	endpoint
COG0534	0.0	1.2993620781343826	1.261336954492328	1.75089301120969	0.8851810152151847	0.9322024914469933	0.8851810152151847	0.9322024914469933	1.0	endpoint
COG0535	0.0	0.3325695724908454	0.011287316714628385	1.856544959069033	0.5809975793870751	0.47249453198384034	0.5809975793870751	0.5275054680161597	0.5714285714285714	endpoint
COG0536	0.0	0.21215543087424774	0.48924145731970853	1.3732753781088967	0.57295008747948	0.6275694529637456	0.57295008747948	0.6275694529637456	0.7142857142857143	endpoint
COG0537	0.0	0.9118572066873478	1.1372994249883364	1.683835856599059	0.20089885287105244	0.1014778030827272	0.7991011471289475	0.8985221969172728	0.8571428571428571	baseline
COG0538	0.0	0.071451717085096	0.19763620168971036	1.6648749569401244	0.5250493899553336	0.5387619193107774	0.5250493899553336	0.5387619193107774	0.5714285714285714	endpoint
COG0539	0.0	0.13006957289551607	0.6777814689640147	1.4381317455228864	0.5275890962073435	0.6944574036570081	0.5275890962073435	0.6944574036570081	0.5714285714285714	endpoint
COG0540	0.0	0.29647640570970857	0.3912059327809596	1.5859012550149638	0.6040340246568182	0.652437298201126	0.6040340246568182	0.652437298201126	0.7142857142857143	endpoint
COG0541	0.14285714285714285	0.01761119671350058	0.7435680923266836	2.1870038632774653	0.5309419812366757	0.7494868805362415	0.5309419812366757	0.7494868805362415	0.5714285714285714	endpoint
COG0542	0.0	0.022764761033622145	0.1809052394514626	1.4163682587323625	0.5220982781031724	0.4474160846825284	0.5220982781031724	0.5525839153174716	0.7142857142857143	endpoint
COG0543	0.0	0.8227981419089874	1.2522367013684748	1.6436344977447706	0.7300206214123091	0.9116293893450691	0.7300206214123091	0.9116293893450691	0.8571428571428571	endpoint
COG0544	0.0	0.7023976661923677	1.0958970216309558	1.5157992025505895	0.7354622605717429	0.897489158296269	0.7354622605717429	0.897489158296269	0.7142857142857143	endpoint
COG0545	0.14285714285714285	0.8115844390740923	0.8823375014607344	2.1719820910391503	0.282228626721869	0.2465184664589672	0.717771373278131	0.7534815335410328	0.8571428571428571	baseline
COG0546	0.0	0.24167646277095242	0.5208725608425269	1.2305424327252945	0.6060706150351439	0.715981240086443	0.6060706150351439	0.715981240086443	0.5714285714285714	endpoint
COG0547	0.0	0.20283541789538367	0.5321697338251737	1.2190618583311434	0.602507478064278	0.682101829451466	0.602507478064278	0.682101829451466	0.5714285714285714	endpoint
COG0548	0.0	0.13518064981891423	0.5078721057902928	1.100382436941029	0.460053699749121	0.38302083931553627	0.539946300250879	0.6169791606844637	0.5714285714285714	baseline
COG0549	0.0	0.30436613035314514	0.4502566424388177	1.504214844030758	0.40654724049547586	0.3211899075440361	0.5934527595045241	0.6788100924559639	0.7142857142857143	baseline
COG0550	0.0	0.4862462624843462	0.8922520146277406	1.4737762838532618	0.6289093573460109	0.6578158990261271	0.6289093573460109	0.6578158990261271	0.7142857142857143	endpoint
COG0551	0.0	0.21031673652429234	1.0947153246415804	1.838211804213413	0.5355500465503471	0.6590113593551591	0.5355500465503471	0.6590113593551591	0.5714285714285714	endpoint
COG0552	0.0	0.3639364129518104	0.07040600384422842	1.2665681111743092	0.3764617158882701	0.48348745192613274	0.6235382841117298	0.5165125480738673	0.7142857142857143	baseline
COG0553	0.0	0.01117151586336153	0.39251605423748454	1.5056469739280447	0.5061924045934754	0.40546436361769417	0.5061924045934754	0.5945356363823058	0.5714285714285714	baseline
COG0554	0.0	0.5606910172225686	0.5924951468172501	1.967107688289709	0.6172158824882038	0.7013310754351911	0.6172158824882038	0.7013310754351911	0.7142857142857143	endpoint
COG0555	0.0	0.6909854169480961	0.9991028484793478	1.6908619060566916	0.7169512514083249	0.8138636711824186	0.7169512514083249	0.8138636711824186	0.7142857142857143	endpoint
COG0556	0.0	0.3755261844843398	0.1333982578218513	1.4675816049450108	0.3714375322544949	0.45656170304250665	0.6285624677455051	0.5434382969574933	0.7142857142857143	baseline
COG0557	0.0	0.4462451467209857	0.40925466306799557	1.2105947634522163	0.6308789762587743	0.609596082526057	0.6308789762587743	0.609596082526057	0.8571428571428571	endpoint
COG0558	0.0	0.008740918095475867	0.45492933140062425	1.3772114229327488	0.5093573187239052	0.39510394372653795	0.5093573187239052	0.604896056273462	0.5714285714285714	baseline
COG0559	0.0	0.39228380034214727	0.7136352336433617	1.5931405622177093	0.4314697875554609	0.2984476997405626	0.568530212444539	0.7015523002594374	0.7142857142857143	baseline
COG0560	0.0	0.4664720804299983	0.7962072479301097	1.1885765416219145	0.3915012100337865	0.3384528163457023	0.6084987899662135	0.6615471836542977	0.5714285714285714	baseline
COG0561	0.0	0.3510032890188756	0.9186569702351739	1.3601756860492722	0.3893251218523202	0.2746078892742289	0.6106748781476798	0.725392110725771	0.5714285714285714	baseline
COG0562	0.0	0.7153504133311621	1.2725104277337558	1.527938213259324	0.7313469786437844	0.850770569885672	0.7313469786437844	0.850770569885672	0.7142857142857143	endpoint
COG0563	0.0	0.34823453074865657	0.5418114688905391	1.164796927848086	0.4175472530146883	0.35829232776468506	0.5824527469853117	0.641707672235315	0.7142857142857143	baseline
COG0564	0.0	0.9384025729361983	1.057956909233109	1.2706653492419306	0.771269349543018	0.7993880256971075	0.771269349543018	0.7993880256971075	1.0	endpoint
COG0565	0.0	0.6995446042755987	0.49749776083469366	1.8208996210857962	0.3044576135298741	0.3880377100165017	0.6955423864701259	0.6119622899834982	0.7142857142857143	baseline
COG0566	0.0	0.1960575034111949	0.42179194667432857	1.5745127523437696	0.5501682955599586	0.5406370895766653	0.5501682955599586	0.5406370895766653	0.5714285714285714	endpoint
COG0567	0.0	0.9469133529138593	1.344739561208356	1.5501860749358158	0.24155945738930162	0.13587787724617167	0.7584405426106984	0.8641221227538283	0.8571428571428571	baseline
COG0568	0.0	0.7306528840410519	1.0343267937376912	1.5756202297420918	0.29548133912220825	0.18276754283640192	0.7045186608777918	0.817232457163598	0.8571428571428571	baseline
COG0569	0.0	0.3563359870589808	0.7161033528733615	1.5119722993116795	0.5939186751514564	0.6278749836869417	0.5939186751514564	0.6278749836869417	0.7142857142857143	endpoint
COG0571	0.0	0.5448022018314551	0.7015675778774576	1.3773244284577137	0.36076490893603924	0.31425761516924827	0.6392350910639608	0.6857423848307518	0.7142857142857143	baseline
COG0572	0.0	1.209255289333363	1.2715275856043355	1.463110089985843	0.8698474269419666	0.8625200534790071	0.8698474269419666	0.8625200534790071	1.0	endpoint
COG0573	0.0	0.033741372266653046	0.5864470707588446	1.4611738140629342	0.5202836654969037	0.6502941726347528	0.5202836654969037	0.6502941726347528	0.5714285714285714	endpoint
COG0574	0.0	0.3396762492374809	0.6162946492972894	1.1260217762453302	0.5983569849790252	0.5729239644329767	0.5983569849790252	0.5729239644329767	0.7142857142857143	endpoint
COG0575	0.0	0.179722815142371	0.35228476537736136	1.3100196088618	0.4890032417752015	0.4105329210746206	0.5109967582247985	0.5894670789253794	0.7142857142857143	baseline
COG0576	0.0	0.1369815532004913	0.39342011861519954	1.3983944632525598	0.44163567610926535	0.4053142915979654	0.5583643238907346	0.5946857084020346	0.7142857142857143	baseline
COG0577	0.0	0.9842627555850727	1.173774196890054	1.546146453540192	0.22489680040605364	0.2365257752699446	0.7751031995939464	0.7634742247300554	0.8571428571428571	baseline
COG0578	0.0	0.9569340197963369	1.2387571323345379	1.5658288077495466	0.20512451920615077	0.2058439986870039	0.7948754807938492	0.7941560013129961	0.8571428571428571	baseline
COG0579	0.0	0.735344915924116	1.0768364150033338	1.2602413828116017	0.747365545761623	0.8403972443294021	0.747365545761623	0.8403972443294021	0.8571428571428571	endpoint
COG0580	0.0	0.005136541290030288	0.33277872729795854	1.2457841195986552	0.5389347554674336	0.5993618441178953	0.5389347554674336	0.5993618441178953	0.5714285714285714	baseline
COG0581	0.0	0.10421595519460793	0.08216360395602704	1.280769773952648	0.5324608311196951	0.5370941599399731	0.5324608311196951	0.5370941599399731	0.7142857142857143	endpoint
COG0582	0.0	0.39543793181750847	0.27511978497926326	1.573181952342964	0.6271301982818261	0.5162899434152413	0.6271301982818261	0.5162899434152413	0.5714285714285714	endpoint
COG0583	0.0	0.7482225703447247	0.8350683271134037	1.368124546615292	0.7434143023214771	0.8341007327384149	0.7434143023214771	0.8341007327384149	0.8571428571428571	endpoint
COG0584	0.0	0.1175062808693658	0.30195253242969095	1.3171670396759998	0.5774741322617843	0.6087181097925556	0.5774741322617843	0.6087181097925556	0.5714285714285714	endpoint
COG0585	0.0	0.8803596526535774	1.3529146678538775	1.5008018533281229	0.2850785596528381	0.16963843540363213	0.7149214403471619	0.8303615645963679	0.8571428571428571	baseline
COG0586	0.0	0.41921604356025427	0.8175028293108987	1.9792505767313608	0.4400793801682556	0.28230155721988176	0.5599206198317443	0.7176984427801183	0.5714285714285714	baseline
COG0587	0.0	0.2616010756309638	0.5004842351076715	1.2381009283655666	0.3915954721830423	0.35033070840133496	0.6084045278169576	0.649669291598665	0.7142857142857143	baseline
COG0588	0.0	0.4514400941761579	0.9637174120422177	1.3782181543082144	0.3641828088671194	0.31064662325474135	0.6358171911328806	0.6893533767452587	0.7142857142857143	baseline
COG0589	0.0	0.4133669733887021	0.49091434340795487	1.4668643879146779	0.41988727765055645	0.39842871697740095	0.5801127223494436	0.601571283022599	0.7142857142857143	baseline
COG0590	0.0	0.21082830952062168	0.22506341470899277	1.5133410517935308	0.4364930405859197	0.4332610077974712	0.5635069594140802	0.5667389922025288	0.5714285714285714	baseline
COG0591	0.0	0.5445200474065982	0.6194666346739192	1.1375023823694548	0.3281453699915621	0.33688768209256154	0.6718546300084379	0.6631123179074385	0.8571428571428571	baseline
COG0592	0.0	0.4407218903916182	0.3636854954774215	1.3062758390490579	0.4056415025819558	0.396540244115469	0.5943584974180443	0.6034597558845309	0.8571428571428571	baseline
COG0593	0.0	0.27412301191509275	0.6193230208397844	1.4611214597990414	0.559215531989153	0.5972345841048468	0.559215531989153	0.5972345841048468	0.7142857142857143	endpoint
COG0594	0.0	0.05397486519107619	0.00489136688235494	1.417676842558763	0.5020576886598036	0.511196425317441	0.5020576886598036	0.511196425317441	0.5714285714285714	baseline
COG0595	0.0	0.25103753697493597	0.5130749024160752	1.4629940928022391	0.5880706375958203	0.593137104375287	0.5880706375958203	0.593137104375287	0.5714285714285714	endpoint
COG0596	0.0	0.9842722393203498	0.9332951694548189	1.613330777084152	0.2206560662671804	0.2719389558932429	0.7793439337328196	0.7280610441067571	1.0	baseline
COG0597	0.0	1.0461843562332176	1.3401960735685339	1.7413696696004013	0.1990455197207199	0.18342772318531833	0.8009544802792801	0.8165722768146817	0.8571428571428571	baseline
COG0598	0.0	0.2926433855481517	0.669339263069875	1.4559630409025455	0.41732647696265535	0.2757836792984191	0.5826735230373447	0.7242163207015808	0.5714285714285714	baseline
COG0599	0.0	0.15274143818317237	0.10176552883789418	1.254017315307004	0.4651814436423174	0.5058545111730934	0.5348185563576826	0.5058545111730934	0.5714285714285714	baseline
COG0600	0.0	0.1380169023573813	0.6456656823028496	0.9813913146059243	0.45368971373527023	0.36344227214520614	0.5463102862647298	0.6365577278547938	0.5714285714285714	baseline
COG0601	0.0	0.2612285633805889	0.24502646226569755	1.4948830119926393	0.42016778845699065	0.38681888483754945	0.5798322115430093	0.6131811151624506	0.5714285714285714	baseline
COG0602	0.0	0.4431867905785503	0.8280632102974432	1.7221620133769155	0.3714104373351082	0.24851584005863736	0.6285895626648919	0.7514841599413626	0.7142857142857143	baseline
COG0603	0.0	0.20452298636511726	0.43462306545453033	1.7024420645821023	0.6079980036895857	0.6274339234182514	0.6079980036895857	0.6274339234182514	0.8571428571428571	endpoint
COG0604	0.0	0.45217685037628524	0.059518216171844725	1.7674905328925625	0.36683830930445954	0.4607410223995981	0.6331616906955404	0.539258977600402	0.5714285714285714	baseline
COG0605	0.0	0.20926353814829005	0.6772888308384643	1.3180221838999815	0.5554610907761967	0.6148597648302385	0.5554610907761967	0.6148597648302385	0.5714285714285714	endpoint
COG0606	0.0	0.5780980011558672	0.9932782915889189	1.324599580356205	0.34155041220007576	0.30573960445399506	0.6584495877999242	0.6942603955460049	0.7142857142857143	baseline
COG0607	0.0	0.1994131343452427	0.033334801867726374	1.4569385094581222	0.4612962712751759	0.501842378543449	0.5387037287248241	0.501842378543449	0.5714285714285714	baseline
COG0608	0.0	0.9840927704130192	1.0635098831424972	1.9389717607307546	0.7757332090439502	0.7618218745165872	0.7757332090439502	0.7618218745165872	1.0	endpoint
COG0609	0.0	0.07808190340818776	0.27908142937492175	1.5268467347008825	0.49918730959689445	0.4307104772403042	0.5008126904031056	0.5692895227596958	0.5714285714285714	baseline
COG0610	0.0	0.5403324395717534	0.7714479161051216	1.497549317228651	0.7005498191743154	0.735721591322659	0.7005498191743154	0.735721591322659	0.5714285714285714	endpoint
COG0611	0.0	0.523005270520002	1.1772668829371493	1.6267667817965523	0.322809259392149	0.06682930832858965	0.677190740607851	0.9331706916714103	0.5714285714285714	baseline
COG0612	0.0	0.20583363463258283	0.3193921869326446	0.8724027934545171	0.5729411514747351	0.5805544068401811	0.5729411514747351	0.5805544068401811	0.7142857142857143	endpoint
COG0613	0.0	0.11948235374374941	0.26302241359085954	1.3230331037048677	0.5097310614635747	0.435136937981625	0.5097310614635747	0.564863062018375	0.5714285714285714	baseline
COG0614	0.0	0.5899774271255414	1.0274897973997628	1.2135579643395888	0.3555200974880816	0.27415636420232503	0.6444799025119183	0.725843635797675	0.8571428571428571	baseline
COG0615	0.0	0.40802019364557945	0.5228467840786484	1.4534901410812853	0.624828952322947	0.652192341119712	0.624828952322947	0.652192341119712	0.8571428571428571	endpoint
COG0616	0.0	0.1725283432839443	0.4562346157518387	1.831401697590779	0.4377723807039769	0.3948872703747992	0.5622276192960232	0.6051127296252008	0.7142857142857143	baseline
COG0617	0.0	0.4468416145710193	1.0202371828188987	1.5380520057079998	0.39495110223225	0.22642044540163206	0.60504889776775	0.7735795545983679	0.7142857142857143	baseline
COG0618	0.0	0.2131368001836235	0.9109096489941799	1.5731495889411367	0.5435633263778482	0.7261470053391823	0.5435633263778482	0.7261470053391823	0.5714285714285714	endpoint
COG0619	0.0	0.12305954027831187	0.29686543729849857	1.5131913430338038	0.522085233016899	0.36902526497341936	0.522085233016899	0.6309747350265806	0.5714285714285714	baseline
COG0620	0.0	0.47064173366259016	0.4648280609221583	1.6886037617575334	0.3973607496930346	0.3643001785461323	0.6026392503069654	0.6356998214538677	0.7142857142857143	baseline
COG0621	0.0	0.6201827652048345	0.9771410769596496	1.2406084309712846	0.6524186296857284	0.6876651181596385	0.6524186296857284	0.6876651181596385	0.7142857142857143	endpoint
COG0622	0.0	0.5693834775695438	1.0922935764241017	1.7749560410399248	0.6363890122558244	0.7652583374342175	0.6363890122558244	0.7652583374342175	0.7142857142857143	endpoint
COG0623	0.0	0.2833585648181743	0.0866652170946153	1.3651084511010312	0.423092130125647	0.48783228673316986	0.576907869874353	0.5121677132668301	0.7142857142857143	baseline
COG0624	0.0	0.39432369174961285	0.332546489236478	1.3726564398877996	0.4106350851264862	0.4154191344988385	0.5893649148735138	0.5845808655011615	0.5714285714285714	baseline
COG0625	0.0	0.20543950123480897	0.207300372505082	1.882692913850681	0.4920743745667364	0.4463893516255196	0.5079256254332636	0.5536106483744804	0.7142857142857143	baseline
COG0626	0.0	0.8974154963833738	1.1951033038851517	1.5838142349803983	0.265724938229499	0.21125474748128611	0.734275061770501	0.7887452525187139	0.8571428571428571	baseline
COG0627	0.0	0.5089831486377674	0.8485574561203202	1.5541366555990184	0.38388398428875153	0.24238945050580285	0.6161160157112484	0.7576105494941971	0.7142857142857143	baseline
COG0628	0.0	0.060610924703136115	0.4737006227229404	1.4864861797084006	0.49317396523399915	0.3083269570679388	0.5068260347660009	0.6916730429320612	0.5714285714285714	baseline
COG0629	0.0	0.15205349785337088	0.45661269594092085	1.8572716043226078	0.5344272123364189	0.36691889703034797	0.5344272123364189	0.633081102969652	0.5714285714285714	baseline
COG0630	0.0	0.3033654919110292	0.5195654898937738	1.2524822272817702	0.3777297045933663	0.39173065449821226	0.6222702954066337	0.6082693455017878	0.7142857142857143	baseline
COG0631	0.0	0.5127068073649866	0.5405835451013198	1.3785607441085175	0.3559907751012087	0.33839452873466297	0.6440092248987913	0.661605471265337	0.8571428571428571	baseline
COG0632	0.0	0.19309110844532323	0.386710039858612	1.5801830224082694	0.5206100287990977	0.6036611191985207	0.5206100287990977	0.6036611191985207	0.5714285714285714	endpoint
COG0633	0.0	0.5639179961886142	0.6244402320274273	1.4769986382950626	0.35000842115239245	0.3154056133486795	0.6499915788476076	0.6845943866513204	0.7142857142857143	baseline
COG0634	0.0	0.1599993453053268	0.7202234421929495	1.511043765161431	0.49511209638245085	0.32733733078002164	0.5048879036175491	0.6726626692199784	0.5714285714285714	baseline
COG0635	0.0	0.28753633474118523	0.6115509294980245	1.2101200152117229	0.6192414919793112	0.7500710784926732	0.6192414919793112	0.7500710784926732	0.7142857142857143	endpoint
COG0636	0.0	0.023649294595251686	0.44775478354811193	1.7569084926928704	0.5237335486891316	0.4085185550457867	0.5237335486891316	0.5914814449542133	0.5714285714285714	baseline
COG0637	0.0	1.0397745436020496	1.007257014389696	1.7126645455910765	0.20429153982429904	0.27761322877272476	0.795708460175701	0.7223867712272752	1.0	baseline
COG0639	0.0	0.46875414448376024	0.6598889235758953	1.3779069053364998	0.34628424111229555	0.3610812560521591	0.6537157588877045	0.6389187439478409	0.7142857142857143	baseline
COG0640	0.0	1.1686395102249048	1.247613174855631	1.4630842663592196	0.8573554933480177	0.9122564556124337	0.8573554933480177	0.9122564556124337	1.0	endpoint
COG0641	0.0	0.41297032813193135	0.05603853865914708	1.516256451251371	0.6107003914564776	0.5097367156369995	0.6107003914564776	0.5097367156369995	0.5714285714285714	endpoint
COG0642	0.0	0.785121439252876	0.570671476804636	1.5013829395131884	0.7210723263680704	0.7198460096159819	0.7210723263680704	0.7198460096159819	1.0	endpoint
COG0643	0.0	0.2234927068057424	0.2741526476407062	1.424312789847331	0.5929965664828994	0.44472247021146516	0.5929965664828994	0.5552775297885348	0.5714285714285714	endpoint
COG0644	0.0	0.05470966988769686	0.004917431388487047	1.362093476957163	0.487958383369751	0.47261160408458375	0.512041616630249	0.5273883959154162	0.5714285714285714	baseline
COG0645	0.0	0.3533695153555634	0.7847264380426163	1.144886347502294	0.6439822470718332	0.7239354061369616	0.6439822470718332	0.7239354061369616	0.7142857142857143	endpoint
COG0646	0.0	0.3217800328902064	0.5178869187079735	1.4944425186151886	0.602058635460782	0.5565885714559962	0.602058635460782	0.5565885714559962	0.5714285714285714	endpoint
COG0647	0.0	0.47383209223869066	0.7758189474387481	1.50373038905376	0.3999088892842321	0.2651691496991399	0.6000911107157678	0.73483085030086	0.7142857142857143	baseline
COG0648	0.0	0.00014375484036681968	0.5880871144928268	1.0146582843468783	0.4862978347912651	0.32501029152715977	0.5137021652087349	0.6749897084728402	0.5714285714285714	baseline
COG0649	0.0	0.25890427762903456	0.43604433120506947	1.4155889296947748	0.40591363345448134	0.3902246052006331	0.5940863665455187	0.6097753947993669	0.8571428571428571	baseline
COG0650	0.0	0.06092420122130181	0.08254048533635588	1.1854538721293444	0.5240778007060646	0.4425918569092987	0.5240778007060646	0.5574081430907013	0.5714285714285714	endpoint
COG0651	0.0	0.29359642850473516	0.3063606909895343	1.615851005264591	0.4523227099406562	0.41995554519372497	0.5476772900593438	0.5800444548062751	0.5714285714285714	baseline
COG0652	0.0	0.5929923022880674	0.9155828973647918	1.3547531725927013	0.6691152002876132	0.7272395169279461	0.6691152002876132	0.7272395169279461	0.7142857142857143	endpoint
COG0653	0.0	0.19213524876734905	0.1833025725349627	1.4023649219045218	0.5672141282377632	0.5560470876679692	0.5672141282377632	0.5560470876679692	0.5714285714285714	endpoint
COG0654	0.0	0.3594370390326626	0.8744441962927806	1.720194305392467	0.39663069384686	0.17077256278095948	0.60336930615314	0.8292274372190405	0.7142857142857143	baseline
COG0655	0.0	0.0210074274075503	0.6718019422171182	1.4510937319656738	0.49210560750334215	0.5821380113122593	0.5078943924966579	0.5821380113122593	0.5714285714285714	endpoint
COG0656	0.0	1.1347026199834063	0.9402352071591881	1.787742407294044	0.18389625933855078	0.2117292511666008	0.8161037406614492	0.7882707488333992	1.0	baseline
COG0657	0.0	0.29235415134787374	0.3641886639264471	1.4048092419287574	0.43455292740442875	0.407251764850309	0.5654470725955713	0.592748235149691	0.7142857142857143	baseline
COG0658	0.0	0.6762093235538051	1.2427584314022373	1.394474291070108	0.2725976051989945	0.07228543138074904	0.7274023948010055	0.927714568619251	0.8571428571428571	baseline
COG0659	0.0	0.2154944879609114	0.003291611996645658	1.1817806204361982	0.5739547312013785	0.5067283861766994	0.5739547312013785	0.5067283861766994	0.5714285714285714	endpoint
COG0661	0.0	0.09902313960787033	0.7247038763158864	1.3561611354334784	0.525706532443537	0.34377342075137596	0.525706532443537	0.656226579248624	0.5714285714285714	baseline
COG0662	0.0	0.6416658574770835	0.8663407167997768	1.2902832136991078	0.30991058992349146	0.29113730429449547	0.6900894100765085	0.7088626957055045	0.8571428571428571	baseline
COG0663	0.0	0.8810943723523598	0.9256119768251163	1.958114991047204	0.7206553624685602	0.79566218282017	0.7206553624685602	0.79566218282017	0.8571428571428571	endpoint
COG0664	0.0	0.09960827484664551	0.07915007712517044	1.3830984643703974	0.5271659468570916	0.48375955001819826	0.5271659468570916	0.5162404499818017	0.5714285714285714	endpoint
COG0665	0.0	0.3372633891707086	0.2648398470822905	1.3038138437256026	0.4064694485544566	0.4346359858617719	0.5935305514455433	0.5653640141382281	0.7142857142857143	baseline
COG0666	0.0	0.3895210353805216	0.5795764863284752	1.5078740012543044	0.38443359975442565	0.32772312769903694	0.6155664002455743	0.6722768723009631	0.7142857142857143	baseline
COG0667	0.0	0.2965744963758258	0.2008414899239234	1.6703725031931551	0.48277408622146034	0.5398621277998239	0.5172259137785397	0.5398621277998239	0.5714285714285714	baseline
COG0668	0.0	0.4930840289420795	1.1507084564931855	1.5740136328862253	0.3503676871730481	0.17920858737211576	0.6496323128269519	0.8207914126278842	0.7142857142857143	baseline
COG0669	0.0	0.12680934010705294	0.8135068884894049	1.5008757693133277	0.4982629103116637	0.6056606143666887	0.5017370896883363	0.6056606143666887	0.5714285714285714	endpoint
COG0670	0.0	0.6860645833855938	0.9255610200011666	1.9493637807763768	0.31216228501268134	0.19787160352103056	0.6878377149873187	0.8021283964789694	0.8571428571428571	baseline
COG0671	0.0	0.7405963756675558	1.1884435134332225	1.5220789441100901	0.2989326767162964	0.23536040959925242	0.7010673232837036	0.7646395904007476	0.8571428571428571	baseline
COG0672	0.0	0.1550243727718277	0.4478850292125816	1.5151521200121694	0.47999280910446324	0.36919607139731575	0.5200071908955368	0.6308039286026843	0.7142857142857143	baseline
COG0673	0.0	0.5747966142088178	0.9539062321747444	1.656027229094227	0.2680112897205295	0.2084022908429566	0.7319887102794704	0.7915977091570434	0.7142857142857143	baseline
COG0674	0.0	0.39374731772281724	0.3461012208345073	1.218003112018851	0.636423541308863	0.5941061411993012	0.636423541308863	0.5941061411993012	0.7142857142857143	endpoint
COG0675	0.0	1.2438602242586858	1.4018059303030401	1.6886459494987083	0.8916205530464895	0.9691457409013421	0.8916205530464895	0.9691457409013421	0.8571428571428571	endpoint
COG0676	0.0	1.0035476129342036	1.2066683136580854	1.8912305500989435	0.22946197455712544	0.17136915933665575	0.7705380254428745	0.8286308406633442	0.8571428571428571	baseline
COG0677	0.0	0.3149865584305659	0.6448924194897128	1.2686679999014605	0.6260583829913973	0.7611343695668521	0.6260583829913973	0.7611343695668521	0.5714285714285714	endpoint
COG0679	0.0	0.1366664319884483	0.20640203612572744	1.4970986108876234	0.538326755695565	0.6038643098456543	0.538326755695565	0.6038643098456543	0.5714285714285714	endpoint
COG0680	0.0	0.14628104114577	0.48509856215263086	1.8132652023416582	0.58063334804829	0.5511458009928083	0.58063334804829	0.5511458009928083	0.5714285714285714	endpoint
COG0681	0.0	0.051020398947983936	0.4018494488876897	1.6807934890555476	0.5072185536693664	0.6184002983795241	0.5072185536693664	0.6184002983795241	0.5714285714285714	endpoint
COG0682	0.0	0.28495055960537413	0.8313228004453227	1.5200204905449197	0.5864717822219079	0.7673846599998231	0.5864717822219079	0.7673846599998231	0.5714285714285714	endpoint
COG0683	0.0	0.2915658209106701	0.3448816982916823	1.3754543941694346	0.41576621992211205	0.43256821577456495	0.584233780077888	0.567431784225435	0.5714285714285714	baseline
COG0684	0.0	0.13749818544296108	0.1907176543584928	1.4267614895502785	0.41834945496642745	0.4484643470574396	0.5816505450335725	0.5515356529425604	0.5714285714285714	baseline
COG0685	0.0	0.15634617832919256	0.023591555772891192	1.4979027603137158	0.5357976907086293	0.5187098603630657	0.5357976907086293	0.5187098603630657	0.5714285714285714	endpoint
COG0686	0.0	0.3747405755728722	0.792756055937394	1.5011649227143011	0.6262453214016878	0.7651659684163875	0.6262453214016878	0.7651659684163875	0.5714285714285714	endpoint
COG0687	0.0	0.6588183351110012	1.2367937007202576	1.6609132925177101	0.687689227202898	0.9014827904682774	0.687689227202898	0.9014827904682774	0.7142857142857143	endpoint
COG0688	0.0	0.1462160291080765	0.3765988818392062	1.3771313418854791	0.48690423855471726	0.4038310482185598	0.5130957614452827	0.5961689517814401	0.5714285714285714	baseline
COG0689	0.0	0.9777367950970204	1.029648914501601	1.2569376617785732	0.2235390410510296	0.2193478536862437	0.7764609589489704	0.7806521463137563	1.0	baseline
COG0691	0.0	0.026358376336271836	0.7245694944382676	1.832490088050394	0.4430489217430485	0.26995972774904303	0.5569510782569516	0.7300402722509569	0.5714285714285714	baseline
COG0692	0.0	0.2912789675313978	0.21133612866870102	1.2463888129942393	0.6188078067840157	0.5658877568895926	0.6188078067840157	0.5658877568895926	0.7142857142857143	endpoint
COG0693	0.0	0.467435351546615	0.505540398700074	1.4315595807967747	0.3391113811356211	0.39500943907104663	0.6608886188643789	0.6049905609289534	0.7142857142857143	baseline
COG0695	0.0	0.5317887131675664	1.1433813319040846	1.7140388322646147	0.31963868985002986	0.1480054676837865	0.6803613101499701	0.8519945323162135	0.7142857142857143	baseline
COG0696	0.0	0.39657643565877254	0.8361305666639507	1.331706446675332	0.5822074442863169	0.6913262435692936	0.5822074442863169	0.6913262435692936	0.7142857142857143	endpoint
COG0697	0.0	0.6373667535114744	0.8516032815257116	1.2506188565115939	0.33139290991153014	0.27290220703430185	0.6686070900884699	0.7270977929656981	0.8571428571428571	baseline
COG0698	0.0	0.3796020011299189	0.601815255095777	1.7187389476343027	0.5916133117033572	0.6774955348732163	0.5916133117033572	0.6774955348732163	0.5714285714285714	endpoint
COG0699	0.0	0.78777164847019	1.0259468501688414	1.2194219404370472	0.2627209476120064	0.2386058504976983	0.7372790523879936	0.7613941495023017	0.8571428571428571	baseline
COG0700	0.0	0.23556598017406236	0.28913735252753303	1.4867406513980432	0.5383621608511302	0.6288621628288343	0.5383621608511302	0.6288621628288343	0.7142857142857143	endpoint
COG0701	0.0	0.5799139122836767	0.3578660225590861	1.8840484163279654	0.3491019091539823	0.4089945194605791	0.6508980908460177	0.5910054805394209	0.8571428571428571	baseline
COG0702	0.0	0.2904654644704699	0.20409261344473625	1.5338874162615994	0.4529473718103684	0.4008693429153777	0.5470526281896315	0.5991306570846223	0.7142857142857143	baseline
COG0703	0.0	0.09555675249279243	0.13461668075669575	1.6251611988821228	0.5347516079175662	0.5553783630072529	0.5347516079175662	0.5553783630072529	0.5714285714285714	endpoint
COG0704	0.0	0.3450027359359566	0.04187379304356122	1.418169783563041	0.42929024226694246	0.5034053769347493	0.5707097577330575	0.5034053769347493	0.5714285714285714	baseline
COG0705	0.0	0.8686856053624364	0.8091790066669314	1.8426329865641158	0.2505400103195957	0.2845959116589505	0.7494599896804043	0.7154040883410495	0.8571428571428571	baseline
COG0706	0.0	0.12334149827155258	0.32203783789360596	1.2940398219849123	0.5065668413913068	0.5964012563761222	0.5065668413913068	0.5964012563761222	0.5714285714285714	baseline
COG0707	0.0	0.5051113496349762	0.7135856776454762	1.3492102262151704	0.6609982939124476	0.7404440360803031	0.6609982939124476	0.7404440360803031	0.7142857142857143	endpoint
COG0708	0.0	0.4352543699294696	0.6975614773397818	1.4077469170293189	0.3253351225157308	0.3036941551645426	0.6746648774842692	0.6963058448354573	0.7142857142857143	baseline
COG0709	0.0	1.108124175234987	1.2022195952438306	1.4885581265403927	0.8328152518302413	0.8611896150835363	0.8328152518302413	0.8611896150835363	1.0	endpoint
COG0710	0.0	0.2574741982520969	0.20829617012503018	0.9861730888264214	0.5798972098415177	0.5610650738788351	0.5798972098415177	0.5610650738788351	0.7142857142857143	endpoint
COG0711	0.0	0.019560641295953172	0.4266547992184718	1.3781725830119935	0.5049374962275086	0.6252375735208119	0.5049374962275086	0.6252375735208119	0.5714285714285714	endpoint
COG0712	0.0	0.5902016691274367	0.9542205772242677	1.5328968940321899	0.3255837857848369	0.23607097121062348	0.6744162142151631	0.7639290287893765	0.5714285714285714	baseline
COG0713	0.0	1.3425840249712395	1.2789198580670051	1.8354566795161127	0.11467979659023823	0.0841017291333275	0.8853202034097618	0.9158982708666725	1.0	baseline
COG0714	0.0	0.07653020372302047	0.08622621064769445	1.7642469655323476	0.4920698660902588	0.5525792726526009	0.5079301339097412	0.5525792726526009	0.5714285714285714	baseline
COG0715	0.0	0.6729168167899281	0.9732860454871476	1.463252795773629	0.2905685068651368	0.2856599033343513	0.7094314931348632	0.7143400966656487	0.8571428571428571	baseline
COG0716	0.0	0.48122673711191893	0.3299251668786372	1.593339920302898	0.6439872931580933	0.5253874751357519	0.6439872931580933	0.5253874751357519	0.7142857142857143	endpoint
COG0717	0.0	0.4639744825725084	0.8825539589815393	1.4604916377990522	0.38755651157958565	0.3241195170322434	0.6124434884204144	0.6758804829677566	0.7142857142857143	baseline
COG0718	0.0	1.0521092277298754	1.2751226897793737	1.458114691313895	0.8111342693071232	0.8618609209422621	0.8111342693071232	0.8618609209422621	1.0	endpoint
COG0719	0.0	1.1078740723697211	1.2142109637974696	1.7457555232449367	0.16937564119009707	0.12542791127661365	0.8306243588099029	0.8745720887233863	1.0	baseline
COG0720	0.0	0.026602683330569896	0.00012205815000872108	1.1988624882853103	0.48156448149933195	0.47064113199940394	0.518435518500668	0.5293588680005961	0.5714285714285714	baseline
COG0721	0.0	0.2663570965536902	0.5557536536219455	1.1492169004473	0.6183894358042211	0.6663975247799856	0.6183894358042211	0.6663975247799856	0.5714285714285714	endpoint
COG0722	0.0	0.2770862390081246	0.5383441073135827	1.7168640539037838	0.4584748784617995	0.32818943373023907	0.5415251215382004	0.6718105662697609	0.5714285714285714	baseline
COG0724	0.0	0.5158783809974485	0.6084421418540805	1.0500261942657982	0.34935523657190515	0.31161025503328565	0.6506447634280949	0.6883897449667143	0.7142857142857143	baseline
COG0725	0.0	0.6993581172899671	0.9876677316881062	1.5299860443369975	0.7103528111200398	0.744091503089774	0.7103528111200398	0.744091503089774	0.7142857142857143	endpoint
COG0726	0.0	0.25743083095452163	0.042284908032066415	1.977381237641657	0.5435103426657472	0.5042665015457366	0.5435103426657472	0.5042665015457366	0.5714285714285714	endpoint
COG0727	0.0	0.035676951422578256	0.49914591085329896	1.4142707170674211	0.4478620912173264	0.2995929150843082	0.5521379087826737	0.7004070849156918	0.5714285714285714	baseline
COG0728	0.0	0.1315997256998995	0.07592109103292223	1.299074560522378	0.45904139640058056	0.48322354785232974	0.5409586035994194	0.5167764521476703	0.5714285714285714	baseline
COG0729	0.0	0.78868054996719	0.9626351455587696	1.4363788252518912	0.25856151335993577	0.31082627629832915	0.7414384866400643	0.6891737237016708	0.8571428571428571	baseline
COG0730	0.0	0.20609646400644108	0.5399313354301911	1.7678020673948118	0.4333654250727149	0.38099386181184935	0.5666345749272851	0.6190061381881506	0.5714285714285714	baseline
COG0731	0.0	0.19775447831277596	0.26521822405644424	1.5372843707398527	0.5335728054948689	0.5697444777300397	0.5335728054948689	0.5697444777300397	0.5714285714285714	endpoint
COG0732	0.0	0.05150450258149026	0.0022249256508312244	1.4926797178282911	0.5198770568001155	0.5306336357502691	0.5198770568001155	0.5306336357502691	0.5714285714285714	endpoint
COG0733	0.0	1.0040311008564649	1.4253361591688012	1.6607431008654423	0.8137429488212623	0.9005112199479023	0.8137429488212623	0.9005112199479023	0.8571428571428571	endpoint
COG0735	0.0	0.41780494582700267	0.15730104890211224	1.6747103066202949	0.3584803547929961	0.442906482841979	0.6415196452070039	0.557093517158021	0.7142857142857143	baseline
COG0736	0.0	0.7372700864558616	0.9736519538848982	1.8047674794237427	0.2792746397761254	0.2021081716474427	0.7207253602238746	0.7978918283525573	0.8571428571428571	baseline
COG0737	0.0	0.05027481502754468	0.3083148333128266	1.3293246025368055	0.511763965776132	0.5421127337265457	0.511763965776132	0.5421127337265457	0.5714285714285714	baseline
COG0738	0.0	0.2325418438506747	0.40983878950810526	1.3703280044970572	0.41541704992960143	0.3302473978816748	0.5845829500703985	0.6697526021183252	0.5714285714285714	baseline
COG0739	0.0	0.30655720176796564	0.8275029534611141	1.4558388340244293	0.6119756885583385	0.7834241401706015	0.6119756885583385	0.7834241401706015	0.5714285714285714	endpoint
COG0740	0.0	0.14198385738409108	0.20538184313421431	1.4815036263798211	0.5648813767130613	0.6034984048707914	0.5648813767130613	0.6034984048707914	0.5714285714285714	endpoint
COG0741	0.0	0.2303259187555973	0.07192313272869907	1.4934124914725027	0.538023295812826	0.49561117106334357	0.538023295812826	0.5043888289366565	0.5714285714285714	endpoint
COG0742	0.0	0.5969776817558455	0.5677530234636747	1.4365419411544968	0.35183301141646367	0.3262039161990543	0.6481669885835364	0.6737960838009457	0.7142857142857143	baseline
COG0743	0.0	0.054055702331838464	0.11173335101476314	1.292262133422919	0.5094716130865218	0.4325714667627437	0.5094716130865218	0.5674285332372563	0.5714285714285714	baseline
COG0744	0.0	0.3471357619199562	0.8164847078517189	1.6373064639379433	0.38065574684960063	0.3223169061116154	0.6193442531503994	0.6776830938883847	0.5714285714285714	baseline
COG0745	0.0	0.7811671944939244	1.0800436841713013	1.4313390835232536	0.7226308274282651	0.7054700825092481	0.7226308274282651	0.7054700825092481	0.8571428571428571	endpoint
COG0746	0.0	0.30274750661626587	0.6584144265417587	1.8281106719431566	0.45219054443045115	0.2936870701804218	0.5478094555695489	0.7063129298195783	0.5714285714285714	baseline
COG0747	0.0	0.5112796076573959	0.44466853378878907	1.4776979609491796	0.3414761621612464	0.3850685259020158	0.6585238378387537	0.6149314740979842	0.7142857142857143	baseline
COG0749	0.0	0.12712004849974542	0.022139992855877366	1.558868950979221	0.5037835453854369	0.48889404102370665	0.5037835453854369	0.5111059589762934	0.5714285714285714	baseline
COG0750	0.0	1.1357892719382325	1.187224315488808	1.5874982061152398	0.8354607070565334	0.8909061303060771	0.8354607070565334	0.8909061303060771	1.0	endpoint
COG0751	0.0	0.3464333107862493	0.4508861886616517	1.1821607142013053	0.4329496172209561	0.4077864954366356	0.5670503827790438	0.5922135045633644	0.8571428571428571	baseline
COG0752	0.0	0.2378750407903429	0.5629786608342732	1.3731177814057034	0.4467368344818708	0.3771680737839228	0.5532631655181293	0.6228319262160772	0.5714285714285714	baseline
COG0753	0.0	0.24255103741909953	0.3940770349498513	1.2827882274353901	0.4393990094515227	0.4052052454243033	0.5606009905484772	0.5947947545756966	0.7142857142857143	baseline
COG0754	0.0	1.0953870911869608	1.276356181425073	1.860038061117645	0.17701087099103965	0.08922687226681578	0.8229891290089604	0.9107731277331842	0.8571428571428571	baseline
COG0755	0.0	0.6787519469721215	1.2531896705436767	1.5708832768239995	0.3116623391333852	0.26259508228089834	0.6883376608666147	0.7374049177191017	0.8571428571428571	baseline
COG0756	0.0	0.660471584706168	0.6105580328475474	1.908386940658603	0.6678499161536521	0.70708877623532	0.6678499161536521	0.70708877623532	0.7142857142857143	endpoint
COG0757	0.0	0.2954361062394514	0.4143632038066224	1.4435501535385715	0.5674363149564415	0.6100644215119877	0.5674363149564415	0.6100644215119877	0.7142857142857143	endpoint
COG0758	0.0	0.011141691933380946	0.29812108897257716	1.0612735684291446	0.49514946365765383	0.5898089127616382	0.5048505363423461	0.5898089127616382	0.5714285714285714	endpoint
COG0759	0.0	0.10524951877439394	0.25371838143869957	1.5894106005729438	0.5294214233617278	0.5775698786670256	0.5294214233617278	0.5775698786670256	0.5714285714285714	endpoint
COG0760	0.0	0.35061223757377824	0.6495281896907311	1.3609891284534439	0.4074215272010874	0.3628011073131377	0.5925784727989126	0.6371988926868624	0.7142857142857143	baseline
COG0761	0.0	0.7364078791273896	1.0105284761530404	1.4249764615454863	0.30064880742029737	0.19035346193975175	0.6993511925797027	0.8096465380602482	0.8571428571428571	baseline
COG0762	0.0	0.5907908611305752	0.9081248167457894	1.3831195623646317	0.33219385194970513	0.3008932895985397	0.6678061480502948	0.6991067104014603	0.7142857142857143	baseline
COG0763	0.0	0.4129631758149312	0.5660465533429765	1.5915237788549799	0.348837127370239	0.3320359105979397	0.651162872629761	0.6679640894020603	0.5714285714285714	baseline
COG0764	0.0	0.2511344335434158	0.5620847660467523	1.4649406027185914	0.4141251688826632	0.3673008787975971	0.5858748311173367	0.6326991212024029	0.5714285714285714	baseline
COG0765	0.0	0.6041472343635083	1.01186647890448	1.4637567766701733	0.322686967618479	0.17099769938717924	0.6773130323815211	0.8290023006128208	0.8571428571428571	baseline
COG0766	0.0	0.26787639485136877	0.43935318894078	1.1931568326088542	0.5833715426187406	0.5585388976701327	0.5833715426187406	0.5585388976701327	0.5714285714285714	endpoint
COG0767	0.0	0.5300379293132698	0.5745355743413884	1.5363317488956763	0.3651967454296452	0.323771269504692	0.6348032545703548	0.6762287304953081	0.7142857142857143	baseline
COG0768	0.0	0.6676941070359307	1.0463574005495337	1.3860395520236104	0.7451224890826185	0.7578119686603685	0.7451224890826185	0.7578119686603685	0.8571428571428571	endpoint
COG0769	0.0	0.10956701077107343	0.38053466405827385	1.1952774675318985	0.4561765147047228	0.34030597771229737	0.5438234852952772	0.6596940222877026	0.5714285714285714	baseline
COG0770	0.0	0.13817124453732088	0.4286112126578872	1.9556962641570275	0.46573297345750075	0.5461094283651469	0.5342670265424992	0.5461094283651469	0.5714285714285714	baseline
COG0771	0.0	0.26427158842973714	0.9136567871910078	1.4947828654301576	0.5742926924196325	0.6222852021109476	0.5742926924196325	0.6222852021109476	0.7142857142857143	endpoint
COG0772	0.0	0.5192379305496705	0.7248417384683442	1.1045231945570013	0.6799988017445638	0.720931483640218	0.6799988017445638	0.720931483640218	0.8571428571428571	endpoint
COG0773	0.0	0.17628270084861536	0.12558776610081734	1.54988606852573	0.4538966247218864	0.5422523258243852	0.5461033752781136	0.5422523258243852	0.5714285714285714	baseline
COG0774	0.0	1.002529720277066	1.3361056051044546	1.7267046035019256	0.2348833584101108	0.08901967126621758	0.7651166415898892	0.9109803287337824	0.8571428571428571	baseline
COG0775	0.0	0.5476168595376766	0.52445765523036	1.773117447432815	0.3562775186604187	0.33599458006724353	0.6437224813395813	0.6640054199327565	0.7142857142857143	baseline
COG0776	0.0	0.5492901872473197	0.9401149504453383	1.5101856699165326	0.3409761480719906	0.14823121363503255	0.6590238519280094	0.8517687863649674	0.7142857142857143	baseline
COG0777	0.0	0.7417007638371061	0.9908097819079853	1.5343887371891791	0.7154420366898053	0.7967367249832948	0.7154420366898053	0.7967367249832948	0.8571428571428571	endpoint
COG0778	0.0	0.15229982251138383	0.01603557466693992	1.105282823053421	0.4560898216841612	0.5073566565014958	0.5439101783158389	0.5073566565014958	0.5714285714285714	baseline
COG0779	0.0	0.6459911365962154	0.6277222893784	1.9074222223619426	0.6897019191449069	0.754976087674076	0.6897019191449069	0.754976087674076	0.7142857142857143	endpoint
COG0780	0.0	0.38850802947006546	0.6723640117206285	1.3408888283003253	0.36976114144117744	0.26385385407837697	0.6302388585588226	0.736146145921623	0.7142857142857143	baseline
COG0781	0.0	0.36819056788908233	0.006350118544069228	1.426576612014062	0.40378125902495327	0.4716749716521638	0.5962187409750468	0.5283250283478362	0.5714285714285714	baseline
COG0782	0.0	0.1032920419538527	0.1597062757317169	1.0304583404835754	0.5231798324782649	0.4615603806966089	0.5231798324782649	0.5384396193033911	0.5714285714285714	endpoint
COG0783	0.0	0.4181177838514432	0.6857045984381721	1.8358006627374794	0.4100642812937577	0.29389387610628337	0.5899357187062423	0.7061061238937166	0.5714285714285714	baseline
COG0784	0.0	0.02166628786659461	0.18375743659989982	1.1779306101895646	0.5217204017084707	0.4702358313535393	0.5217204017084707	0.5297641686464607	0.7142857142857143	endpoint
COG0785	0.0	0.5399418701483898	0.47679040387588206	1.6653902493425972	0.3422088320099545	0.35882879728588485	0.6577911679900454	0.6411712027141152	0.8571428571428571	baseline
COG0786	0.0	0.697910369396971	0.7896218783717674	1.5580712708453233	0.7293658425958383	0.7419597658967728	0.7293658425958383	0.7419597658967728	0.7142857142857143	endpoint
COG0787	0.0	0.5593074653595783	0.6095257704479172	1.7677473783530866	0.3717238286900351	0.2833682611910308	0.6282761713099649	0.7166317388089691	0.8571428571428571	baseline
COG0788	0.0	0.05381174393483506	0.30849380268330484	0.7893575493278493	0.49502921511800585	0.5264485153854636	0.5049707848819942	0.5264485153854636	0.5714285714285714	endpoint
COG0789	0.0	0.8509031924663025	1.2047888509738434	1.689538285322468	0.29045221016423245	0.19016249944734487	0.7095477898357676	0.8098375005526551	0.8571428571428571	baseline
COG0790	0.0	0.14770621735759404	0.09845722544718916	1.5525934391914036	0.5225974874744831	0.4945227231355665	0.5225974874744831	0.5054772768644336	0.5714285714285714	endpoint
COG0791	0.0	0.9051320064291032	0.9852322433194215	1.6493657468792322	0.7785689906719023	0.7518094075011527	0.7785689906719023	0.7518094075011527	0.8571428571428571	endpoint
COG0792	0.0	1.1636371954132063	1.1882024205760844	1.3439744214431715	0.15752146051798424	0.17290510068018247	0.8424785394820158	0.8270948993198175	1.0	baseline
COG0793	0.0	0.29024497017419665	0.10943149979315638	1.5069462989388371	0.3774577548454637	0.47747229397671986	0.6225422451545364	0.5225277060232801	0.7142857142857143	baseline
COG0794	0.0	0.843884378506993	1.1899133695579902	1.5665578678562004	0.2560249793165292	0.13190115915992115	0.7439750206834708	0.8680988408400788	0.8571428571428571	baseline
COG0795	0.0	0.42997563728624794	0.7843689761045066	1.1737718066922394	0.3753453993513652	0.2558518979184678	0.6246546006486349	0.7441481020815321	0.7142857142857143	baseline
COG0796	0.0	0.023496283724970875	0.1695477266784098	1.3139796443069927	0.47042281490959226	0.49876529317276963	0.5295771850904077	0.5012347068272304	0.5714285714285714	endpoint
COG0797	0.0	0.7667606674984454	0.7931065394292597	1.6053004176972847	0.252013904211804	0.25965858056477714	0.7479860957881961	0.7403414194352229	1.0	baseline
COG0798	0.0	0.4878624158839352	1.1349514048337241	1.3257079262470601	0.599895497986971	0.7526868796541356	0.599895497986971	0.7526868796541356	0.7142857142857143	endpoint
COG0799	0.0	0.07657306629035054	0.04906795806364392	1.4351582062251493	0.4662570900790948	0.5057537701158101	0.5337429099209052	0.5057537701158101	0.5714285714285714	baseline
COG0800	0.0	0.3138222347083333	0.4006908100245443	1.3687397567014115	0.6116886342494038	0.5415503262932184	0.6116886342494038	0.5415503262932184	0.7142857142857143	endpoint
COG0801	0.0	0.7017779179357183	0.9001311428213602	1.3862425712932624	0.2770545712827453	0.3027620499781842	0.7229454287172548	0.6972379500218158	0.8571428571428571	baseline
COG0802	0.0	0.3020416047613436	0.4117169870084512	1.2611951783419517	0.5726991959704425	0.6094457891840841	0.5726991959704425	0.6094457891840841	0.5714285714285714	endpoint
COG0803	0.0	0.41377380058689545	0.4494534900366132	1.3569295553958176	0.3964954647838315	0.3960129172393408	0.6035045352161685	0.6039870827606593	0.8571428571428571	baseline
COG0804	0.0	1.3698509851819896	1.411173214195632	1.7976163386451725	0.8922063173385979	0.874720227314876	0.8922063173385979	0.874720227314876	1.0	endpoint
COG0805	0.0	0.002450162855797958	0.20029437471615374	1.1005980487834868	0.48991181236952464	0.5600194296718036	0.5100881876304754	0.5600194296718036	0.5714285714285714	baseline
COG0806	0.0	0.11154889476501996	0.3644952402837266	1.8136589765034588	0.4621042814326325	0.5314667116783423	0.5378957185673675	0.5314667116783423	0.5714285714285714	baseline
COG0807	0.0	0.7844875069046509	0.9143678725583567	1.885246993900411	0.29877205830331893	0.2556019563908728	0.7012279416966811	0.7443980436091272	0.8571428571428571	baseline
COG0809	0.0	0.014199065608777135	0.4321709110992956	1.5523836674869045	0.49804635772637174	0.6281611605811358	0.5019536422736283	0.6281611605811358	0.5714285714285714	endpoint
COG0810	0.0	0.5885452530673653	0.5913011226603362	1.3461546948770429	0.3033932140761535	0.3734776892286527	0.6966067859238465	0.6265223107713473	0.7142857142857143	baseline
COG0811	0.0	0.5095428951441446	0.676080473595908	1.4349204569224927	0.37528452059600614	0.2850777551556413	0.6247154794039939	0.7149222448443586	0.5714285714285714	baseline
COG0812	0.0	0.1298739737515881	0.2764064036747246	1.0187325954143585	0.5392819303004754	0.5165035183231883	0.5392819303004754	0.5165035183231883	0.5714285714285714	endpoint
COG0813	0.0	0.2607008051925574	0.5449956480447609	1.4058103301747489	0.6020819229544939	0.6578567033895318	0.6020819229544939	0.6578567033895318	0.5714285714285714	endpoint
COG0814	0.0	0.9200848377694916	1.0223009561593548	1.7443416460961443	0.1942916035983863	0.17292529841192347	0.8057083964016137	0.8270747015880765	0.8571428571428571	baseline
COG0815	0.0	0.876904810222462	1.1937636883350198	1.472096891562049	0.2346323821347686	0.20542946236146886	0.7653676178652313	0.7945705376385311	0.8571428571428571	baseline
COG0816	0.0	0.44686746167506947	0.6334531420203631	1.3221798707924866	0.36112864377771203	0.35809705298080513	0.638871356222288	0.6419029470191948	0.7142857142857143	baseline
COG0817	0.0	0.009846757023306476	0.1984109836429736	1.4962146656672477	0.4743385544821807	0.5035565086828538	0.5256614455178192	0.5035565086828538	0.5714285714285714	baseline
COG0818	0.0	0.3821082719585728	0.2757989007002544	1.4438189918041526	0.4089690653229452	0.4316152639660944	0.5910309346770548	0.5683847360339056	0.7142857142857143	baseline
COG0819	0.0	0.4617066779045103	0.5051140904406307	0.995078488157086	0.6410528914573008	0.6358009642789199	0.6410528914573008	0.6358009642789199	0.8571428571428571	endpoint
COG0820	0.0	0.8672213166485155	0.9948289403776883	1.9773598561216057	0.7689703916318666	0.8915322361525307	0.7689703916318666	0.8915322361525307	0.8571428571428571	endpoint
COG0821	0.0	0.005007927855690113	0.20997394977142508	1.3073413297751928	0.5080719304820202	0.5054759269496569	0.5080719304820202	0.5054759269496569	0.5714285714285714	baseline
COG0822	0.0	0.8377082628881594	1.1975088558846707	1.5540975779890118	0.7568278803800531	0.876511422218615	0.7568278803800531	0.876511422218615	0.7142857142857143	endpoint
COG0823	0.0	0.6048502274001761	1.293689361852067	1.6552643189528973	0.30866572531783565	0.12622708317185768	0.6913342746821644	0.8737729168281423	0.7142857142857143	baseline
COG0824	0.0	0.42342122567851176	0.5090006305091694	1.9304758744860582	0.4047404821188478	0.2962103031535519	0.5952595178811522	0.7037896968464481	0.5714285714285714	baseline
COG0825	0.0	0.4561597691446361	0.7195431090202763	1.3295720410003677	0.6222499529401545	0.6913259073015835	0.6222499529401545	0.6913259073015835	0.7142857142857143	endpoint
COG0826	0.0	0.09577160808136052	0.11777318294894594	1.490599300090099	0.49402017103227464	0.4510708697655914	0.5059798289677253	0.5489291302344086	0.5714285714285714	baseline
COG0827	0.0	0.560781088489557	0.6760560129921654	1.3062806573497439	0.7189179736879246	0.6712429431863909	0.7189179736879246	0.6712429431863909	0.8571428571428571	endpoint
COG0829	0.0	1.0083496526322393	1.2660202769633322	1.5784897115340064	0.7980392326493603	0.7912171738229484	0.7980392326493603	0.7912171738229484	0.8571428571428571	endpoint
COG0830	0.0	1.040433843872887	1.153701577867499	1.4466483644998145	0.819169946266305	0.8884611552903429	0.819169946266305	0.8884611552903429	1.0	endpoint
COG0831	0.0	0.028696149680033534	0.09563935126247221	1.3132394569024666	0.46292552156798167	0.49083606951255	0.5370744784320183	0.50916393048745	0.5714285714285714	baseline
COG0832	0.0	0.3931073041427009	0.848329178613155	1.5524240403458232	0.43113291082233113	0.31487230856706794	0.5688670891776688	0.6851276914329321	0.5714285714285714	baseline
COG0833	0.0	0.8403108886271441	0.8077683810329633	1.6010500976059252	0.2767981078935094	0.24948443792177277	0.7232018921064907	0.7505155620782272	1.0	baseline
COG0834	0.0	0.23235203920961103	0.7748318843705596	1.3090920314551457	0.47997262589309564	0.2923200297909421	0.5200273741069044	0.7076799702090579	0.7142857142857143	baseline
COG0835	0.0	0.2750039309607622	0.3403555430773221	1.3843051653842986	0.5630592587878227	0.5271188868153315	0.5630592587878227	0.5271188868153315	0.5714285714285714	endpoint
COG0836	0.0	0.47374141655141344	0.3516258953615696	1.6203955741621276	0.3534179450465785	0.35022885216349436	0.6465820549534216	0.6497711478365056	0.7142857142857143	baseline
COG0837	0.0	0.987859075294259	1.2688772299631021	1.5727599331565576	0.20401926650563812	0.15788602073930266	0.7959807334943618	0.8421139792606973	1.0	baseline
COG0838	0.0	0.1690424535996293	0.04333725598803237	1.4254529450007503	0.46385595886901737	0.456048283469218	0.5361440411309826	0.543951716530782	0.5714285714285714	baseline
COG0839	0.0	0.8171613377698167	1.0802771564409355	1.369336935366732	0.2569637998960048	0.19307116149587905	0.7430362001039952	0.8069288385041209	0.8571428571428571	baseline
COG0840	0.0	0.31478232351517793	0.11383506699260212	1.4368741280745805	0.5781747357104878	0.5390128457773763	0.5781747357104878	0.5390128457773763	0.7142857142857143	endpoint
COG0841	0.0	0.5880273283172246	0.7695361410127648	1.291960409489999	0.34545740241142436	0.3332925378948436	0.6545425975885757	0.6667074621051564	0.8571428571428571	baseline
COG0842	0.0	0.6422210463934722	1.2265357457779742	1.7014087951934704	0.316662673279978	0.20214523130960116	0.683337326720022	0.7978547686903988	0.7142857142857143	baseline
COG0843	0.0	0.6442646403563855	1.0981045850541244	1.7400656715568237	0.312215258641751	0.18454632290824827	0.687784741358249	0.8154536770917518	0.7142857142857143	baseline
COG0845	0.0	0.12600920637581514	0.00025449214299906874	1.1154262103058499	0.5479279551175894	0.5297443615510997	0.5479279551175894	0.5297443615510997	0.5714285714285714	endpoint
COG0846	0.0	0.4806015604539109	0.7749230699732823	1.5898571672554345	0.6376183124129159	0.7212332340689391	0.6376183124129159	0.7212332340689391	0.7142857142857143	endpoint
COG0847	0.0	0.5651135028517588	0.7846744298122582	1.672389157818151	0.3352364540144729	0.20158584755434547	0.6647635459855271	0.7984141524456545	0.5714285714285714	baseline
COG0848	0.0	0.9532581812614459	0.9948258287689485	1.9492536438412897	0.23436086633814626	0.26771227444779816	0.7656391336618538	0.7322877255522018	1.0	baseline
COG0849	0.0	0.0786980662796084	0.2672466112223591	1.0941052473750368	0.5097429676701764	0.4275570414730739	0.5097429676701764	0.5724429585269262	0.5714285714285714	endpoint
COG0850	0.0	0.4897572236366522	0.8452284100661708	1.3996070910876333	0.6612199697446801	0.7996413769015228	0.6612199697446801	0.7996413769015228	0.7142857142857143	endpoint
COG0852	0.0	0.41243105258235246	0.6251388761586715	1.3029619805529717	0.389486387233633	0.36704971763965377	0.6105136127663671	0.6329502823603462	0.7142857142857143	baseline
COG0853	0.0	0.09340057756538626	0.4809635514013751	1.5270009758487755	0.5140340213083437	0.390782340006844	0.5140340213083437	0.609217659993156	0.5714285714285714	endpoint
COG0854	0.0	0.5855400667255356	0.8289734423731211	1.4573862332316576	0.31833001186818016	0.25078566247539713	0.6816699881318198	0.7492143375246029	0.7142857142857143	baseline
COG0855	0.0	0.23518965697466562	0.14267496361883822	1.44362874223255	0.6183658443656761	0.5738007491254556	0.6183658443656761	0.5738007491254556	0.5714285714285714	endpoint
COG0857	0.0	0.7339842033010299	0.8050392718253847	1.331039659450589	0.28926034054525324	0.2857369762174504	0.7107396594547468	0.7142630237825496	0.8571428571428571	baseline
COG0858	0.0	0.8857244771988554	1.026527365435235	1.7245625929126862	0.26176732114820683	0.18525367791483158	0.7382326788517932	0.8147463220851684	0.8571428571428571	baseline
COG0859	0.0	0.9154438689983865	1.0176871830270304	1.7693650676975048	0.2408450410054325	0.22712331998129862	0.7591549589945675	0.7728766800187014	0.8571428571428571	baseline
COG0860	0.0	0.5883549939996433	0.45528244188108463	1.6214614420368634	0.6856187845482818	0.6575933416271129	0.6856187845482818	0.6575933416271129	0.7142857142857143	endpoint
COG0861	0.0	0.8651045161823687	1.0429264313026758	1.4506545103365247	0.2305042022261519	0.2693793801274322	0.7694957977738481	0.7306206198725678	0.8571428571428571	baseline
COG0863	0.0	0.02323801624759295	0.2568312355149243	1.6544275288668049	0.47537910472364997	0.44843101376173483	0.52462089527635	0.5515689862382651	0.5714285714285714	baseline
COG0864	0.0	0.42853710561296837	0.540005438493708	1.0944728944019826	0.3517914506113665	0.38695220513104545	0.6482085493886335	0.6130477948689546	0.7142857142857143	baseline
COG1001	0.0	0.5021849352496542	0.9234021232800074	1.2931020526681587	0.6804618306503455	0.7621595715984765	0.6804618306503455	0.7621595715984765	0.7142857142857143	endpoint
COG1002	0.0	0.12205429623313788	0.15555688832863196	1.0981357018454305	0.5371368518133218	0.5495607040800096	0.5371368518133218	0.5495607040800096	0.5714285714285714	endpoint
COG1003	0.0	0.5901646011653668	0.33430203314928925	1.5568667086323917	0.3156502692979215	0.42848859597068334	0.6843497307020785	0.5715114040293167	0.7142857142857143	baseline
COG1004	0.0	0.22503192450624024	0.5441149148603871	1.4276242822648013	0.4470786946757001	0.38029939996791284	0.5529213053242998	0.6197006000320872	0.5714285714285714	baseline
COG1005	0.0	0.040012753525503646	0.2484374007449812	1.570015084865887	0.48253050754583854	0.5118607463448527	0.5174694924541614	0.5118607463448527	0.5714285714285714	baseline
COG1007	0.0	0.8844714617083623	1.0185173474913454	1.6353458690796927	0.2712654590167237	0.21929184605046248	0.7287345409832763	0.7807081539495375	1.0	baseline
COG1008	0.0	0.2688593606134405	0.4736025861835184	1.2766215093658455	0.5675690678806538	0.588235560237624	0.5675690678806538	0.588235560237624	0.8571428571428571	endpoint
COG1009	0.0	0.9001107920382311	0.9181196660707196	1.4784070287529096	0.2493256388158535	0.27081672287424785	0.7506743611841464	0.7291832771257521	0.8571428571428571	baseline
COG1010	0.0	0.45397588281787915	0.18597548176221235	1.5361104012089346	0.6581884050233783	0.5566719601495705	0.6581884050233783	0.5566719601495705	0.5714285714285714	endpoint
COG1011	0.0	0.8494962576666678	1.1274688224462892	1.6446904278222338	0.25966044789767506	0.12869904650066827	0.7403395521023249	0.8713009534993317	0.8571428571428571	baseline
COG1012	0.0	0.4250064853341229	0.7034657120854872	1.276394881888039	0.6712497789573746	0.7367039007613309	0.6712497789573746	0.7367039007613309	0.7142857142857143	endpoint
COG1013	0.0	0.7908413100025253	0.8697502682053186	1.5721284879384303	0.7149358948249084	0.7315895619566127	0.7149358948249084	0.7315895619566127	0.8571428571428571	endpoint
COG1014	0.0	0.29040139464039166	0.5721229681367196	1.2109677244422024	0.6099310352259258	0.7350346957898239	0.6099310352259258	0.7350346957898239	0.7142857142857143	endpoint
COG1015	0.0	0.6724254189498479	0.8705506536197435	1.2762548475683464	0.6868115696004258	0.7218998793712124	0.6868115696004258	0.7218998793712124	0.8571428571428571	endpoint
COG1018	0.14285714285714285	0.6179601495468853	0.8202385851372869	2.1580933902981525	0.37254313379707377	0.281547481383219	0.6274568662029263	0.7184525186167809	0.7142857142857143	baseline
COG1020	0.0	0.6039199653713322	0.40829332876631913	1.2851713128284352	0.700077564970859	0.6762751467885005	0.700077564970859	0.6762751467885005	0.8571428571428571	endpoint
COG1021	0.0	0.25456031241593025	0.6046933216110978	1.2754086984541417	0.4537088807907126	0.37024356315238866	0.5462911192092874	0.6297564368476114	0.7142857142857143	baseline
COG1022	0.0	1.0417040689830999	1.3761021992234745	1.6542893458976142	0.22517343344423688	0.09833378213323915	0.7748265665557631	0.9016662178667608	0.8571428571428571	baseline
COG1023	0.0	0.2084431635871815	0.22803720856236623	1.3491965236716643	0.4090458451285032	0.459884110199357	0.5909541548714967	0.5401158898006431	0.7142857142857143	baseline
COG1024	0.0	0.3368725413445984	0.5968424612675481	1.2713227459615433	0.602161816128733	0.6721476092818485	0.602161816128733	0.6721476092818485	0.5714285714285714	endpoint
COG1025	0.0	0.43561376620232906	0.948330720582713	1.3552005000437006	0.37689102041309114	0.3105023503622351	0.6231089795869089	0.6894976496377649	0.5714285714285714	baseline
COG1026	0.0	0.7518578517473774	1.2186718303954869	1.4531484368930812	0.7723683410049775	0.9119197630020368	0.7723683410049775	0.9119197630020368	0.8571428571428571	endpoint
COG1027	0.0	0.5253737896314867	0.9756258595370145	1.1059794546498238	0.3548327472344214	0.28511290181371585	0.6451672527655786	0.7148870981862842	0.7142857142857143	baseline
COG1028	0.0	1.0847792029545713	1.1326214908001075	1.629709612573848	0.1728224866238149	0.15143525989028747	0.8271775133761851	0.8485647401097125	1.0	baseline
COG1030	0.0	0.9796210122083383	1.213053012857979	1.6030249846005247	0.1901868412392318	0.12579701813138938	0.8098131587607682	0.8742029818686106	0.8571428571428571	baseline
COG1032	0.0	0.8516160255263359	1.2326575596906664	1.5780540760531578	0.7421962549636713	0.7768029305897329	0.7421962549636713	0.7768029305897329	0.8571428571428571	endpoint
COG1033	0.0	0.6710180291029693	1.1713667136178993	1.683998250501133	0.6845299092782077	0.8965357966243621	0.6845299092782077	0.8965357966243621	0.7142857142857143	endpoint
COG1034	0.0	0.4606544445500294	0.34473506644838664	1.3006923296818453	0.650687674814878	0.6497636976868151	0.650687674814878	0.6497636976868151	0.5714285714285714	endpoint
COG1038	0.0	0.09979990725990327	0.09044487626958275	1.6891327708890211	0.4967731898247368	0.4556072880564051	0.5032268101752633	0.544392711943595	0.5714285714285714	endpoint
COG1039	0.0	0.4480602996792444	0.7450587344487547	1.024437867206195	0.39998737813350005	0.30056720682165494	0.6000126218665	0.6994327931783451	0.7142857142857143	baseline
COG1040	0.0	0.340850438015015	0.7959168220166785	1.392906848994194	0.3741350455707569	0.2882514619422221	0.6258649544292432	0.7117485380577779	0.5714285714285714	baseline
COG1042	0.0	0.0260885561006785	0.24116050851515694	1.1832099587273608	0.535227660294158	0.44334040602673114	0.535227660294158	0.5566595939732688	0.5714285714285714	endpoint
COG1043	0.0	0.06039809077459272	0.33958515960190916	1.6141693043809329	0.45691759717204533	0.5874856025163362	0.5430824028279546	0.5874856025163362	0.5714285714285714	baseline
COG1044	0.0	0.3296332962509304	0.2828976039421403	1.5094378336607885	0.4052917312957412	0.42366070299447545	0.5947082687042589	0.5763392970055246	0.5714285714285714	baseline
COG1045	0.0	0.4274690741458456	0.5495196586417376	1.6920709084570336	0.6489402141350802	0.561839512969048	0.6489402141350802	0.561839512969048	0.7142857142857143	endpoint
COG1047	0.0	0.2307937145409786	0.6361396701546012	1.545964529175124	0.4240220399276436	0.3650235620602692	0.5759779600723565	0.6349764379397308	0.5714285714285714	baseline
COG1048	0.0	0.09954553632717547	0.34875565749820175	1.6050870385143274	0.5161242892177318	0.40153265875951843	0.5161242892177318	0.5984673412404815	0.5714285714285714	endpoint
COG1049	0.0	0.5703358038795656	0.8535896892126372	1.5915283020862192	0.34399492157990774	0.22427016115129142	0.6560050784200923	0.7757298388487086	0.7142857142857143	baseline
COG1051	0.14285714285714285	0.6829795670360115	1.0376557747420323	2.059173524981584	0.33983031471182507	0.15658005781526177	0.6601696852881749	0.8434199421847383	0.5714285714285714	baseline
COG1052	0.0	0.24862459099031867	0.6910221574241218	1.5883953217947129	0.41361776195293387	0.24867397064984348	0.5863822380470661	0.7513260293501565	0.7142857142857143	baseline
COG1053	0.0	0.7522673964778948	1.0751771009104152	1.7792500860733964	0.7359407132651314	0.8259073633659784	0.7359407132651314	0.8259073633659784	0.7142857142857143	endpoint
COG1054	0.0	0.5620273503851696	0.9410756179116704	1.190072018309241	0.3477642869013548	0.2959862911598735	0.6522357130986451	0.7040137088401265	0.8571428571428571	baseline
COG1055	0.14285714285714285	1.407933062911463	1.46689170837958	2.329723022853827	0.8964089441851144	0.9119654715433265	0.8964089441851144	0.9119654715433265	1.0	endpoint
COG1057	0.0	0.4160466725021846	0.6343906417458224	1.4592699667893427	0.38467575095255	0.2876881105172975	0.61532424904745	0.7123118894827025	0.7142857142857143	baseline
COG1058	0.0	0.30483856586654434	0.6532536510207075	1.5479723406229673	0.35082556239474183	0.3042378956387699	0.6491744376052582	0.6957621043612301	0.7142857142857143	baseline
COG1060	0.0	0.6305034736928536	0.8372944545057519	1.7560213870129473	0.732733278524246	0.7652966963271904	0.732733278524246	0.7652966963271904	0.7142857142857143	endpoint
COG1061	0.0	0.6229040961299889	1.1260670472379302	1.4930524511791454	0.6940262795591269	0.7858570892460895	0.6940262795591269	0.7858570892460895	0.8571428571428571	endpoint
COG1062	0.0	0.7886612420699992	1.2416308134240324	1.5323176676954415	0.312537648502725	0.2093133518020289	0.6874623514972751	0.7906866481979711	0.8571428571428571	baseline
COG1063	0.0	0.5212782155862619	0.5857191779023286	1.4473716975374655	0.36851027666129854	0.26987682206179886	0.6314897233387015	0.7301231779382011	0.7142857142857143	baseline
COG1064	0.0	0.15851728072089574	0.1464631888019556	1.5039250357198637	0.4751527064894615	0.465101474543797	0.5248472935105385	0.534898525456203	0.5714285714285714	baseline
COG1066	0.0	0.4039664118369031	0.2938980813695335	1.4893448248777803	0.6311616903208309	0.6352458606912964	0.6311616903208309	0.6352458606912964	0.5714285714285714	endpoint
COG1067	0.0	0.013982784526315184	0.8469274550328361	1.5883324742502374	0.5150200754661307	0.3195635741506598	0.5150200754661307	0.6804364258493403	0.5714285714285714	baseline
COG1069	0.0	0.1153062437632285	0.07130748361860755	1.1051082081041481	0.5684963627531682	0.4879806877143735	0.5684963627531682	0.5120193122856265	0.5714285714285714	endpoint
COG1070	0.0	0.7608266540292069	1.0298577625908172	1.6437923198957585	0.29577104115819974	0.2272418344017962	0.7042289588418003	0.7727581655982038	0.8571428571428571	baseline
COG1071	0.0	0.13032569999164015	0.38699847552622185	1.143806579425366	0.4780001808568883	0.4227221593356491	0.5219998191431117	0.5772778406643508	0.5714285714285714	baseline
COG1072	0.0	0.06468540426915288	0.24783153520163495	1.1809726974057637	0.46908760810161837	0.4294815669611947	0.5309123918983816	0.5705184330388053	0.5714285714285714	baseline
COG1073	0.0	0.7552433047474612	0.847026028625589	1.5683718101537043	0.2596152417537691	0.2303823163639227	0.7403847582462308	0.7696176836360773	0.8571428571428571	baseline
COG1074	0.0	0.586910101557387	0.9855291444296834	1.165708288513816	0.6994385000572512	0.8092045256291914	0.6994385000572512	0.8092045256291914	0.7142857142857143	endpoint
COG1075	0.0	0.3432127349005144	0.1675692830425573	1.42455012915301	0.6133064789729094	0.49843687736558745	0.6133064789729094	0.5015631226344126	0.5714285714285714	endpoint
COG1076	0.0	0.36664154755574707	0.8196394378822718	1.1457821125667433	0.40360802092781023	0.3116108888176354	0.5963919790721898	0.6883891111823646	0.5714285714285714	baseline
COG1077	0.0	0.4882918718109832	0.2787143411861467	1.514954621060178	0.6401380209479604	0.6298000223878137	0.6401380209479604	0.6298000223878137	0.7142857142857143	endpoint
COG1078	0.0	0.2292022868241353	0.44778543822461875	1.3549101571039104	0.4252360111042287	0.39628980891941223	0.5747639888957713	0.6037101910805878	0.5714285714285714	baseline
COG1079	0.0	0.6132235244623245	1.0462403460532186	1.2850974403915063	0.6690688337099855	0.7020711638696552	0.6690688337099855	0.7020711638696552	0.7142857142857143	endpoint
COG1080	0.0	0.40865754597955045	0.3185646826999189	1.269072632439177	0.6700292583540344	0.614013376049693	0.6700292583540344	0.614013376049693	0.7142857142857143	endpoint
COG1082	0.0	0.2102915623582243	0.33680767742151635	1.407808242115963	0.5621253449958434	0.6004723722966127	0.5621253449958434	0.6004723722966127	0.7142857142857143	endpoint
COG1083	0.0	0.6486175825336797	1.2545398430041983	1.485646604803207	0.6991210463335878	0.8349408072164772	0.6991210463335878	0.8349408072164772	0.7142857142857143	endpoint
COG1085	0.0	0.04962077760994632	0.6966313621766871	1.4583183386501326	0.5466817951858495	0.7615224543418069	0.5466817951858495	0.7615224543418069	0.5714285714285714	endpoint
COG1086	0.0	0.4088139493391988	0.5799092619988248	1.9481996493430402	0.6728439139651188	0.6699763485145588	0.6728439139651188	0.6699763485145588	0.8571428571428571	endpoint
COG1087	0.0	0.012343406531517649	0.17873707534498914	1.5041147723216053	0.4830866039012051	0.4657293509959649	0.5169133960987948	0.5342706490040351	0.5714285714285714	baseline
COG1088	0.0	0.5620138022744932	0.9076675527813707	1.3104026491031577	0.34342621237843424	0.20684881370100788	0.6565737876215658	0.7931511862989922	0.8571428571428571	baseline
COG1089	0.0	0.027012464194394452	0.23718832810084667	1.5696736748359734	0.48286612612709395	0.44476507820811256	0.5171338738729061	0.5552349217918875	0.5714285714285714	endpoint
COG1090	0.0	0.5470814202670315	0.998130484533938	1.5375058740199588	0.3198402804493151	0.17184365751809508	0.6801597195506849	0.828156342481905	0.7142857142857143	baseline
COG1091	0.0	0.5621533285244381	0.9240704079516354	1.4207321407431095	0.6800401051317417	0.7292237263986419	0.6800401051317417	0.7292237263986419	0.8571428571428571	endpoint
COG1092	0.0	0.3993400063932045	0.5720696476412389	1.972428081175173	0.5905787368681564	0.6469330199360599	0.5905787368681564	0.6469330199360599	0.7142857142857143	endpoint
COG1098	0.0	0.012477720717542242	0.20597459723390346	1.1556587118226127	0.46977465267440094	0.5781243146844767	0.5302253473255991	0.5781243146844767	0.5714285714285714	endpoint
COG1099	0.0	0.04089518032180658	0.02681148763474361	1.223762578139152	0.5173038611193956	0.46617024285255887	0.5173038611193956	0.5338297571474411	0.5714285714285714	baseline
COG1101	0.0	0.6929932026256728	0.7056159072081515	1.522749727999507	0.6964056653444549	0.7021296078444321	0.6964056653444549	0.7021296078444321	0.8571428571428571	endpoint
COG1104	0.0	0.49036046544508655	1.2135631721160263	1.493338462355988	0.6380758234528097	0.6720687772906363	0.6380758234528097	0.6720687772906363	0.7142857142857143	endpoint
COG1105	0.0	0.7236497982355425	0.8597108882087555	1.4475432934953325	0.7210507548487249	0.7865083990055354	0.7210507548487249	0.7865083990055354	0.8571428571428571	endpoint
COG1106	0.0	0.48710949046686375	0.29649256704141197	1.3878895722483977	0.6425603070041078	0.5726941601605382	0.6425603070041078	0.5726941601605382	0.5714285714285714	endpoint
COG1108	0.0	0.24119605446271122	0.11454265044651693	1.4662051458272873	0.4209333462126449	0.45160712863098806	0.5790666537873551	0.5483928713690119	0.5714285714285714	baseline
COG1109	0.0	0.794515756571647	0.7838655324677822	1.746784060714747	0.7411295491928472	0.7774422292088292	0.7411295491928472	0.7774422292088292	0.8571428571428571	endpoint
COG1112	0.0	0.7762441920220294	1.0395545630156273	1.4935117351701424	0.7243507699642547	0.794175494704338	0.7243507699642547	0.794175494704338	0.8571428571428571	endpoint
COG1113	0.0	0.7017317432556212	1.322831742227329	1.5804685409877595	0.3246391909540155	0.22791673228986226	0.6753608090459845	0.7720832677101377	0.7142857142857143	baseline
COG1114	0.0	0.7544264160516335	1.2101618144335706	1.9162150611513975	0.3010736742412977	0.1228846758820871	0.6989263257587023	0.8771153241179129	0.7142857142857143	baseline
COG1115	0.0	0.9521923791518775	1.2738717090840463	1.8088332159154172	0.7556288321475126	0.7708818485265578	0.7556288321475126	0.7708818485265578	0.8571428571428571	endpoint
COG1116	0.0	0.5617693820106763	0.5880481222672709	1.4551733445636708	0.36449841574443675	0.26907741677478714	0.6355015842555632	0.7309225832252129	0.8571428571428571	baseline
COG1117	0.0	0.2622663913308928	0.048639978751827025	1.4843199758314283	0.42388303343434075	0.4625467777207372	0.5761169665656592	0.5374532222792627	0.7142857142857143	baseline
COG1118	0.0	0.013002679957779975	0.16065923032844212	1.1965438502873367	0.4798318480168339	0.49728982899956226	0.5201681519831661	0.5027101710004378	0.5714285714285714	baseline
COG1119	0.0	1.022438610687181	1.309905201347151	1.6856730715668078	0.20464782405477525	0.043001618431437016	0.7953521759452248	0.956998381568563	0.8571428571428571	baseline
COG1120	0.0	0.8944580616384099	1.3055616579133686	1.5589171442997776	0.7726513759357407	0.8722384193846762	0.7726513759357407	0.8722384193846762	0.8571428571428571	endpoint
COG1121	0.0	0.5187618088663137	0.8314531810291028	1.2770034425244126	0.3419469400170611	0.318817577782475	0.6580530599829388	0.681182422217525	0.7142857142857143	baseline
COG1122	0.0	0.6540770798821087	1.2320506242874043	1.5892362373655329	0.7528007458643767	0.9412999199561418	0.7528007458643767	0.9412999199561418	0.7142857142857143	endpoint
COG1123	0.0	0.24872606045411536	0.41013171401492493	1.3318880024204958	0.4391429326281916	0.4029271833638618	0.5608570673718084	0.5970728166361382	0.7142857142857143	baseline
COG1124	0.0	0.06512511766532111	0.005009970477258754	1.5834230211502403	0.5374478264699095	0.5316325269068282	0.5374478264699095	0.5316325269068282	0.5714285714285714	endpoint
COG1125	0.0	0.9785172970068834	1.094285211878828	1.7867790488320616	0.19548156315371346	0.1636552796284832	0.8045184368462865	0.8363447203715169	0.8571428571428571	baseline
COG1126	0.0	0.14883410292397414	0.03605627891240359	1.1157847594463706	0.5570582654167046	0.504765394871321	0.5570582654167046	0.504765394871321	0.5714285714285714	endpoint
COG1127	0.0	0.7157920955284255	0.7060928894371383	1.4702164167761291	0.2974458420406771	0.3157048339166671	0.7025541579593229	0.684295166083333	0.7142857142857143	baseline
COG1129	0.0	0.8239857219289426	0.7810961558475211	1.2916648789610987	0.7574427434238956	0.7339241118714304	0.7574427434238956	0.7339241118714304	1.0	endpoint
COG1131	0.0	0.07323962906044959	0.2142399598239495	1.3729550714355552	0.5263295073556656	0.537544278743744	0.5263295073556656	0.537544278743744	0.7142857142857143	endpoint
COG1132	0.0	0.4144214201568833	0.22256211435495485	1.5259246227555687	0.6641775421890806	0.5834117289127364	0.6641775421890806	0.5834117289127364	0.5714285714285714	endpoint
COG1133	0.0	0.7224734715009892	1.1428140892526224	1.4067583825143675	0.2734189325630737	0.19463943039584566	0.7265810674369263	0.8053605696041544	0.8571428571428571	baseline
COG1134	0.0	0.27885383950671117	0.3002385131721088	1.4496178127554276	0.5881297959662753	0.5703465616663197	0.5881297959662753	0.5703465616663197	0.7142857142857143	endpoint
COG1135	0.0	0.5249052437279456	0.5304442898738835	1.2423808216886867	0.3619478949311696	0.3395851600812449	0.6380521050688304	0.660414839918755	0.8571428571428571	baseline
COG1136	0.0	0.094679158438945	0.18990120810981423	1.3086752635261392	0.5550250869879487	0.4687995409959568	0.5550250869879487	0.5312004590040432	0.5714285714285714	endpoint
COG1137	0.14285714285714285	0.5187667796194138	0.7799992352974463	2.2452615094086736	0.4234841511146019	0.26383664686939146	0.5765158488853981	0.7361633531306085	0.5714285714285714	baseline
COG1138	0.0	0.15003488055703512	0.050962647484688026	1.5929852619817897	0.469723420487116	0.5186156257075203	0.530276579512884	0.5186156257075203	0.5714285714285714	baseline
COG1139	0.0	0.05288932153021877	0.08312400130272875	1.051152327270922	0.4945315061962245	0.5326273501883023	0.5054684938037755	0.5326273501883023	0.5714285714285714	baseline
COG1140	0.0	0.5839265937781565	1.1268328445377704	1.372155915906727	0.3325598102961979	0.21634501729369163	0.667440189703802	0.7836549827063084	0.7142857142857143	baseline
COG1142	0.0	0.25846327366155636	0.8651791282575885	1.2950376458887565	0.43866116350741235	0.32700368767701454	0.5613388364925876	0.6729963123229854	0.7142857142857143	baseline
COG1143	0.0	0.8646550345382834	1.115421115384172	1.5239940047327618	0.2772806661598876	0.2501926792553685	0.7227193338401123	0.7498073207446315	0.8571428571428571	baseline
COG1145	0.0	0.505257305503587	1.0613122907751085	1.5763205033621146	0.6512829713491498	0.7322854241505823	0.6512829713491498	0.7322854241505823	0.7142857142857143	endpoint
COG1146	0.0	0.03796992633668734	0.15042896367053674	0.9919113992259191	0.46188323520946695	0.5604186646418963	0.538116764790533	0.5604186646418963	0.5714285714285714	baseline
COG1148	0.0	0.5209669394683584	0.7297329933614314	1.5236332127554661	0.7004439837213553	0.7450768233477899	0.7004439837213553	0.7450768233477899	0.7142857142857143	endpoint
COG1151	0.0	1.0422217227665789	1.268459507449535	1.4975322827134865	0.8118916866436033	0.8005449077219654	0.8118916866436033	0.8005449077219654	1.0	endpoint
COG1152	0.0	0.6949007396801546	1.115219021045041	1.4188382998399767	0.7212166286730428	0.8448905201936081	0.7212166286730428	0.8448905201936081	0.8571428571428571	endpoint
COG1154	0.0	0.16131234235874461	1.151179004205029	1.566283048403958	0.5678393162485088	0.824943333365231	0.5678393162485088	0.824943333365231	0.5714285714285714	endpoint
COG1155	0.0	0.5134526515975945	1.0524332787011923	1.502475608501671	0.6895325402516154	0.907303995398336	0.6895325402516154	0.907303995398336	0.7142857142857143	endpoint
COG1156	0.0	0.7781746671588161	1.084879886306666	1.6188746397163678	0.7059441579723205	0.7393492852515333	0.7059441579723205	0.7393492852515333	0.8571428571428571	endpoint
COG1157	0.0	0.10789355190699534	0.010834798374104388	1.0147913050308883	0.5188526379243472	0.5106616703500976	0.5188526379243472	0.5106616703500976	0.5714285714285714	endpoint
COG1158	0.0	0.3307300820474051	0.675331436732892	1.4671230912202302	0.3791709170530827	0.3546066514376033	0.6208290829469173	0.6453933485623967	0.7142857142857143	baseline
COG1159	0.0	0.35601504240256965	1.0563596763320235	1.6105834387770135	0.5609387211015474	0.6459734607376745	0.5609387211015474	0.6459734607376745	0.5714285714285714	endpoint
COG1160	0.0	0.1796632542226805	0.19142423240835915	1.2443033943626112	0.5908623436928807	0.4481987144495919	0.5908623436928807	0.5518012855504081	0.5714285714285714	endpoint
COG1161	0.0	0.7189565009757309	1.0223872872356223	1.4712724950453224	0.7256781102894388	0.7148477646595278	0.7256781102894388	0.7148477646595278	0.8571428571428571	endpoint
COG1162	0.0	0.41711548181848385	1.0704850843156979	1.923043108149965	0.3355420072854996	0.17124177567809293	0.6644579927145005	0.828758224321907	0.7142857142857143	baseline
COG1164	0.0	0.4607406074196139	0.8463683427045254	1.4887386489620535	0.6628600389025351	0.7110585444906599	0.6628600389025351	0.7110585444906599	0.5714285714285714	endpoint
COG1165	0.0	0.6119296757099859	1.2516042671474659	1.742749026625784	0.3728831067333555	0.24067590785921392	0.6271168932666444	0.7593240921407861	0.7142857142857143	baseline
COG1166	0.0	0.32900135996385194	0.5991570058498333	1.2423818229344947	0.3992430540112966	0.3644944344445076	0.6007569459887034	0.6355055655554924	0.7142857142857143	baseline
COG1167	0.0	0.09810576460039577	0.4122885566479488	1.351972271547281	0.538251021689787	0.5390595548670977	0.538251021689787	0.5390595548670977	0.5714285714285714	endpoint
COG1168	0.0	0.3321166793449793	0.49798577954774514	1.6543503020616583	0.4236058659086703	0.3537308695918065	0.5763941340913297	0.6462691304081936	0.5714285714285714	baseline
COG1169	0.0	0.8329068408555461	1.103604547387234	1.366599297760476	0.2421794981180554	0.21157441804695687	0.7578205018819446	0.7884255819530431	0.8571428571428571	baseline
COG1171	0.0	0.7217430152543073	1.2088806182016794	1.8585089887971185	0.29777328536163783	0.16211386113076393	0.7022267146383622	0.837886138869236	0.7142857142857143	baseline
COG1172	0.0	0.514144621612093	0.40434716408743493	1.3850762215505457	0.33183157116598894	0.3961825918210779	0.6681684288340111	0.603817408178922	0.7142857142857143	baseline
COG1173	0.0	0.07471184555979302	0.19296957521257502	0.864189632066221	0.47471551017979513	0.44332087234318973	0.5252844898202049	0.5566791276568103	0.5714285714285714	baseline
COG1174	0.0	0.055369019218252435	0.07337777801102835	1.3604578627059252	0.4823404262835299	0.44573693705353373	0.5176595737164701	0.5542630629464662	0.5714285714285714	baseline
COG1175	0.0	0.040725571387330635	0.26415488389935765	1.2071482790499808	0.4827730895926007	0.5966697831397131	0.5172269104073993	0.5966697831397131	0.5714285714285714	endpoint
COG1176	0.0	0.70391051098805	1.1163987255237717	1.4275062537758387	0.7077823787670035	0.7228785547984761	0.7077823787670035	0.7228785547984761	0.8571428571428571	endpoint
COG1177	0.0	0.13949032587188573	0.03591297052765575	1.5697526025004735	0.5520947854407721	0.5175346241029314	0.5520947854407721	0.5175346241029314	0.5714285714285714	endpoint
COG1178	0.0	0.42887946885831757	0.880446768076013	1.2922727123869826	0.6166683575547928	0.6167724369067537	0.6166683575547928	0.6167724369067537	0.5714285714285714	endpoint
COG1179	0.0	0.31150599396087275	0.6258661575061286	1.5349283762875217	0.5546147341626011	0.6324055835687782	0.5546147341626011	0.6324055835687782	0.7142857142857143	endpoint
COG1180	0.0	0.28455740442684563	0.1074985588690715	1.7604019842966183	0.4457619755945212	0.4527764270529141	0.5542380244054788	0.5472235729470859	0.5714285714285714	baseline
COG1181	0.0	0.4744154389184409	0.6686776748699964	1.5110300520448081	0.6387263282378436	0.6435021283333641	0.6387263282378436	0.6435021283333641	0.7142857142857143	endpoint
COG1182	0.0	0.12696458826097315	0.7391170563395032	1.525789442178498	0.49652435379101184	0.32480652153844886	0.5034756462089882	0.6751934784615512	0.5714285714285714	baseline
COG1183	0.0	0.23751926523450556	0.2449331608845519	0.8244578940376311	0.43100226649823903	0.4045319222328008	0.568997733501761	0.5954680777671992	0.7142857142857143	baseline
COG1185	0.0	0.003568118983956497	0.33330693454591764	1.1080163682718385	0.5086653512833353	0.41576391556770675	0.5086653512833353	0.5842360844322932	0.5714285714285714	endpoint
COG1186	0.0	0.45288743941056725	0.8402710515852232	1.2346463684610607	0.6582925310687607	0.6625282282798496	0.6582925310687607	0.6625282282798496	0.7142857142857143	endpoint
COG1187	0.0	0.1566131708635508	0.365616260534792	1.4443095523689369	0.4039414429930362	0.3454266885502059	0.5960585570069639	0.654573311449794	0.7142857142857143	baseline
COG1188	0.0	0.7506693795872929	0.7615869663688277	1.5440690637513617	0.7242589397915619	0.726931780316302	0.7242589397915619	0.726931780316302	0.8571428571428571	endpoint
COG1189	0.0	0.19121031489739088	0.07484111343361674	1.4476234037992977	0.5924902266064657	0.49569827970381236	0.5924902266064657	0.5043017202961877	0.5714285714285714	endpoint
COG1190	0.0	0.1350171593761452	0.030403607508409834	1.3381609175430775	0.4886462437178037	0.5315931924148423	0.5113537562821964	0.5315931924148423	0.5714285714285714	baseline
COG1191	0.14285714285714285	0.39275994751639914	0.16774469295853292	2.184741721641312	0.5991689906920589	0.5899993702729183	0.5991689906920589	0.5899993702729183	0.5714285714285714	endpoint
COG1192	0.0	0.05872084386391428	0.2086509370974051	1.533148659707688	0.5022972415705544	0.6046709063037327	0.5022972415705544	0.6046709063037327	0.5714285714285714	baseline
COG1193	0.0	1.2604307032777597	1.2763319333544472	1.5621786905995103	0.8811907811025026	0.878400624006518	0.8811907811025026	0.878400624006518	1.0	endpoint
COG1194	0.0	0.22705158623156926	0.4188262481833419	1.263475307737695	0.4243251958248293	0.40109694903723014	0.5756748041751707	0.5989030509627699	0.7142857142857143	baseline
COG1195	0.14285714285714285	0.22748294720932355	0.16975003897962299	2.0095536461720185	0.5041287835706394	0.4608462660013506	0.5041287835706394	0.5391537339986494	0.5714285714285714	baseline
COG1196	0.0	0.6895162790944968	1.172936533852162	1.384873488452673	0.7017833669463087	0.8535396585214848	0.7017833669463087	0.8535396585214848	0.8571428571428571	endpoint
COG1197	0.0	0.6380956341537881	1.1134657491913664	1.332569799795569	0.7118809627659177	0.814548160647917	0.7118809627659177	0.814548160647917	0.7142857142857143	endpoint
COG1198	0.0	0.1025142396454964	0.06753679157639847	1.2722697938107552	0.5391274580436736	0.49094019916960413	0.5391274580436736	0.5090598008303959	0.5714285714285714	endpoint
COG1199	0.0	0.5604111572082645	1.1287570712069042	1.4527410656472195	0.6719954937823344	0.8977312497136456	0.6719954937823344	0.8977312497136456	0.7142857142857143	endpoint
COG1200	0.0	0.32271819755745745	0.1959154569569153	1.7683013672369277	0.44407440692344036	0.4036761347939155	0.5559255930765596	0.5963238652060845	0.5714285714285714	baseline
COG1201	0.0	0.8600668778655969	1.145511918132922	1.936079682100372	0.28548172315726844	0.19189007908259426	0.7145182768427316	0.8081099209174057	0.8571428571428571	baseline
COG1203	0.0	0.37904891555243586	0.6279934540498768	1.341744825654445	0.5972759638087942	0.6567236934733606	0.5972759638087942	0.6567236934733606	0.7142857142857143	endpoint
COG1204	0.0	0.1613922917457982	0.5862226436786819	1.4209859933475755	0.5310567302853669	0.6378771175020223	0.5310567302853669	0.6378771175020223	0.5714285714285714	endpoint
COG1205	0.0	0.5747457742373632	0.8454198602961929	1.4819294963269078	0.34053732389305946	0.24298325808819624	0.6594626761069405	0.7570167419118038	0.8571428571428571	baseline
COG1206	0.0	0.583324952803937	0.8395493449540637	1.4869841249470528	0.6646198523828593	0.7800817331042691	0.6646198523828593	0.7800817331042691	0.7142857142857143	endpoint
COG1207	0.0	0.18807754104223307	0.5288016714620783	1.3808080053195984	0.5035535185033025	0.3618783107628941	0.5035535185033025	0.6381216892371059	0.5714285714285714	baseline
COG1208	0.0	0.5077927312778603	0.8539624452329931	1.3692054060987662	0.3329858583919914	0.2722519339619636	0.6670141416080086	0.7277480660380364	0.7142857142857143	baseline
COG1209	0.0	0.26228492195694786	0.5653310586421759	1.3803871914656414	0.4762223064126899	0.3518094559568801	0.5237776935873101	0.6481905440431199	0.5714285714285714	baseline
COG1210	0.0	0.23316138054584348	0.357048450085632	1.0778327416729419	0.5989078491865217	0.5934798404858876	0.5989078491865217	0.5934798404858876	0.5714285714285714	endpoint
COG1211	0.0	0.4487901806107551	0.8618047414623514	1.397220383330548	0.3789174061908274	0.32466459829893907	0.6210825938091726	0.6753354017010609	0.7142857142857143	baseline
COG1212	0.0	0.9555942571645926	1.2181403354060911	1.533959648845342	0.18371541970323363	0.12165898697632416	0.8162845802967664	0.8783410130236758	0.8571428571428571	baseline
COG1213	0.0	0.04236546936396041	0.127207935728873	1.6048904287661852	0.44882394775362516	0.4723403395064681	0.5511760522463749	0.527659660493532	0.5714285714285714	baseline
COG1214	0.0	0.878819636082049	1.1957771132791866	1.7376920935284956	0.7495417179342276	0.7590726320752235	0.7495417179342276	0.7590726320752235	0.8571428571428571	endpoint
COG1215	0.0	0.289538045861728	1.1509175903987376	1.7810686442962997	0.449508628730798	0.19328548358902148	0.550491371269202	0.8067145164109786	0.5714285714285714	baseline
COG1216	0.0	0.026200638375531316	0.07427745540635286	1.584461730931571	0.5539060116223692	0.4871620532664061	0.5539060116223692	0.512837946733594	0.5714285714285714	endpoint
COG1217	0.0	0.5308173158545005	0.7130271159989767	1.2208641919666703	0.6537199633050965	0.5941301997893118	0.6537199633050965	0.5941301997893118	0.7142857142857143	endpoint
COG1218	0.0	0.4407799022103888	0.3138437657682935	1.3781594481247224	0.35188437629776415	0.41242772558131574	0.6481156237022359	0.5875722744186842	0.7142857142857143	baseline
COG1219	0.0	1.0617276237775142	1.229359235954678	1.950213928449803	0.7942598391040386	0.7943506297369788	0.7942598391040386	0.7943506297369788	0.8571428571428571	endpoint
COG1220	0.0	0.5796182439577588	0.4340279197453292	1.2970280334627324	0.3129197578874131	0.3366573314662962	0.6870802421125869	0.6633426685337038	0.8571428571428571	baseline
COG1221	0.0	0.8514218465163744	0.7244953292436498	1.5239715249073533	0.2654223817129766	0.2868930664683077	0.7345776182870234	0.7131069335316923	1.0	baseline
COG1225	0.0	0.501745874191481	0.8352642493508846	1.5678202885696588	0.350187507027725	0.28713851727436	0.6498124929722751	0.71286148272564	0.7142857142857143	baseline
COG1226	0.0	0.6341513196845481	0.6287750521757909	1.7775171493575557	0.32585973937310353	0.32814801742600763	0.6741402606268965	0.6718519825739924	0.7142857142857143	baseline
COG1227	0.0	0.8229893006100403	0.9146250258924484	1.4047393441810185	0.7306679375099593	0.6940115486114569	0.7306679375099593	0.6940115486114569	0.8571428571428571	endpoint
COG1228	0.0	0.22918027807103214	0.22968804801072357	1.4935795228248199	0.4340393948695152	0.3920837634814437	0.5659606051304849	0.6079162365185563	0.5714285714285714	baseline
COG1230	0.0	0.24848191926948943	0.8434089535990562	1.528423909635887	0.4332882761814802	0.22733646952370165	0.5667117238185198	0.7726635304762983	0.5714285714285714	baseline
COG1232	0.0	0.20238820371299202	0.537810698207001	1.2381067276436994	0.4427765145925971	0.3874652913202223	0.557223485407403	0.6125347086797777	0.5714285714285714	baseline
COG1233	0.0	0.22862007893758604	0.5752416756567512	1.089717564755223	0.5482448899358644	0.5661092919141022	0.5482448899358644	0.5661092919141022	0.5714285714285714	endpoint
COG1234	0.0	0.6549433693778732	0.9228345479263649	1.3048906938143847	0.6769894493377028	0.6374154612761767	0.6769894493377028	0.6374154612761767	0.8571428571428571	endpoint
COG1235	0.0	0.014429843978290835	0.016770118897002122	1.5043720021661438	0.4777879609768126	0.4734046609719571	0.5222120390231875	0.5265953390280429	0.5714285714285714	endpoint
COG1236	0.0	0.269128889982899	0.1827491418512904	1.2870686387304258	0.56332378372994	0.5953809035128134	0.56332378372994	0.5953809035128134	0.5714285714285714	endpoint
COG1237	0.0	0.29395643817903877	0.023692255052369545	1.4198005528783741	0.41814572896350277	0.5200202450652821	0.5818542710364972	0.5200202450652821	0.5714285714285714	baseline
COG1238	0.0	0.09844241152318904	0.020804748434382004	0.9041070757940793	0.5290732032914783	0.5133702373891825	0.5290732032914783	0.5133702373891825	0.5714285714285714	endpoint
COG1239	0.0	0.03714001391186802	0.588395147178567	1.5039014354962732	0.5088673717253404	0.5797134330838968	0.5088673717253404	0.5797134330838968	0.5714285714285714	endpoint
COG1240	0.0	0.15949097791908606	0.02593988958156898	1.7170628899838591	0.49311044896993916	0.5104112860846072	0.5068895510300608	0.5104112860846072	0.5714285714285714	baseline
COG1242	0.0	0.5829656928907367	1.167189128502775	1.575850890308497	0.7055397220061115	0.8233279653755028	0.7055397220061115	0.8233279653755028	0.7142857142857143	endpoint
COG1243	0.0	0.39759670360449767	0.3898852922350263	1.190583444479217	0.39338291209480303	0.37223340859663606	0.606617087905197	0.6277665914033639	0.8571428571428571	baseline
COG1246	0.0	0.2597539372907646	0.44205433155463225	1.2891976290572564	0.4096261696170676	0.3972411557199794	0.5903738303829325	0.6027588442800206	0.5714285714285714	baseline
COG1247	0.0	0.04327421974058221	0.0583144818127415	1.4845601938293618	0.547159533472853	0.531056378625892	0.547159533472853	0.531056378625892	0.5714285714285714	baseline
COG1249	0.0	0.5742624098916969	1.31632772855395	1.7132886424928944	0.3392665395452813	0.1471986965006201	0.6607334604547187	0.8528013034993799	0.5714285714285714	baseline
COG1250	0.0	0.144461214670132	0.29153747577659284	1.7065675097387625	0.5664154273362622	0.5709933354373936	0.5664154273362622	0.5709933354373936	0.7142857142857143	endpoint
COG1251	0.0	1.1430824854395674	1.1237775891049144	1.7483966167667009	0.18758792930816418	0.16502806918192722	0.8124120706918359	0.8349719308180727	1.0	baseline
COG1252	0.0	0.22493519511684207	0.0975003205935827	1.3892903492565	0.42163523726327323	0.43745692471535247	0.5783647627367268	0.5625430752846475	0.5714285714285714	baseline
COG1253	0.0	0.3110109120595596	0.874024735409684	1.5725701084475776	0.3830343403570101	0.2667220222262617	0.6169656596429899	0.7332779777737384	0.7142857142857143	baseline
COG1254	0.0	0.5311041099119986	0.7621274601425497	1.4664900164957195	0.37878357578821703	0.2695334294287495	0.621216424211783	0.7304665705712505	0.7142857142857143	baseline
COG1256	0.0	0.25429750388976863	0.21878948316939972	1.2909986551283574	0.6052616634998467	0.5113058276174486	0.6052616634998467	0.5113058276174486	0.7142857142857143	endpoint
COG1257	0.0	0.14224336541080548	0.3706394111047898	1.7428550215090755	0.5721883662973724	0.6306126451200011	0.5721883662973724	0.6306126451200011	0.7142857142857143	endpoint
COG1259	0.0	0.40920368454250056	0.6876625662819362	1.4250434316939153	0.3386521872768382	0.3180903524155913	0.6613478127231618	0.6819096475844086	0.5714285714285714	baseline
COG1260	0.0	0.5627770010860684	0.6770839195586924	1.1822715459106925	0.6891046284814797	0.7747077043447839	0.6891046284814797	0.7747077043447839	0.8571428571428571	endpoint
COG1262	0.0	0.10929956592938496	0.08651967712589965	1.1425274934928433	0.46942938671093926	0.4562588595349972	0.5305706132890607	0.5437411404650028	0.5714285714285714	baseline
COG1263	0.0	0.44265316735114585	0.941173331326993	1.3784041073994493	0.39049425059831183	0.2811130231457225	0.6095057494016882	0.7188869768542775	0.7142857142857143	baseline
COG1264	0.0	0.21243937852986877	0.15511876289193605	1.5598028959410675	0.41855944794320515	0.4176795147883334	0.5814405520567949	0.5823204852116666	0.7142857142857143	baseline
COG1266	0.0	0.3148800850880934	0.38933241404701857	1.426539304852944	0.6076821960390966	0.5352489029155069	0.6076821960390966	0.5352489029155069	0.7142857142857143	endpoint
COG1267	0.0	0.844275053342555	0.9003787264816899	1.3744895109923283	0.23886771790612446	0.25945788422266575	0.7611322820938755	0.7405421157773342	1.0	baseline
COG1268	0.0	0.7219218252348701	1.0726848948263341	1.2408990062790581	0.7339031607587865	0.859804127878805	0.7339031607587865	0.859804127878805	0.8571428571428571	endpoint
COG1269	0.0	0.37770101219500646	0.831783859646367	1.1180264293147175	0.5730566644355648	0.6352048405383784	0.5730566644355648	0.6352048405383784	0.7142857142857143	endpoint
COG1270	0.0	0.069448069183791	0.28282337892182924	1.0964635912844998	0.5358013577105553	0.5175687172842585	0.5358013577105553	0.5175687172842585	0.5714285714285714	endpoint
COG1271	0.0	0.896910427042888	0.7905359551514699	1.6772239803999063	0.24462496527490604	0.2604779764867911	0.7553750347250939	0.739522023513209	1.0	baseline
COG1272	0.0	0.551916311077328	0.626125578867052	1.334448479204945	0.3358409303778838	0.33913462246924336	0.6641590696221162	0.6608653775307567	0.7142857142857143	baseline
COG1274	0.0	0.4435960571000765	0.7508258559465882	1.4388804742893553	0.5991578966767027	0.6433765152692364	0.5991578966767027	0.6433765152692364	0.7142857142857143	endpoint
COG1275	0.0	0.7137296880821123	0.7930402443156427	1.3635720785794752	0.2798724574215392	0.25967971270435203	0.7201275425784608	0.740320287295648	0.8571428571428571	baseline
COG1276	0.0	1.0486292408106326	1.3135446912876576	1.9239193727224382	0.18528874383837649	0.12571912964373166	0.8147112561616235	0.8742808703562683	0.8571428571428571	baseline
COG1277	0.0	0.9338691450300928	1.249846025838447	1.9631025307458498	0.8163158410506707	0.9515850806193218	0.8163158410506707	0.9515850806193218	0.8571428571428571	endpoint
COG1278	0.0	0.47829430801186806	0.4654461834602436	1.604193342636086	0.33168039151127837	0.37934143454073277	0.6683196084887216	0.6206585654592672	0.5714285714285714	baseline
COG1279	0.0	0.044427304755073185	0.35139614900224914	1.9180931580191014	0.5708356818867887	0.6044934964798316	0.5708356818867887	0.6044934964798316	0.5714285714285714	endpoint
COG1280	0.0	0.7612663689884773	0.7828601375757003	1.843694450848717	0.28096818577531657	0.20712187829380332	0.7190318142246834	0.7928781217061966	0.8571428571428571	baseline
COG1281	0.0	1.0384788415583621	1.2183922251045494	1.8561204696458458	0.8379733528154036	0.9031968713473969	0.8379733528154036	0.9031968713473969	0.8571428571428571	endpoint
COG1282	0.0	0.16993368345176965	0.3244551129931677	1.452355493804738	0.47040413010361803	0.35955516643896834	0.529595869896382	0.6404448335610317	0.7142857142857143	baseline
COG1283	0.0	1.1543436620399095	1.0667030185275888	1.657930903491269	0.8430543609477411	0.9124220160433644	0.8430543609477411	0.9124220160433644	1.0	endpoint
COG1284	0.0	1.0440686368832266	1.1485470390442936	1.7008994679952696	0.7860505120752109	0.7938794681890788	0.7860505120752109	0.7938794681890788	1.0	endpoint
COG1285	0.0	0.35618423659393167	0.501653457609192	1.3252514827921618	0.39997900967334893	0.3330395191046501	0.6000209903266511	0.66696048089535	0.8571428571428571	baseline
COG1286	0.0	0.2445683754839528	0.2501218412905328	1.2938604704821848	0.45439147406869607	0.43273963891210654	0.5456085259313039	0.5672603610878935	0.5714285714285714	baseline
COG1288	0.0	0.6618039465421947	1.0671157209784519	1.7207346049492636	0.7416074792219342	0.8017723727041007	0.7416074792219342	0.8017723727041007	0.8571428571428571	endpoint
COG1289	0.0	0.9645263366183581	1.3667223280190794	1.8636748657145212	0.20935927610505692	0.07169850423419538	0.7906407238949431	0.9283014957658047	0.8571428571428571	baseline
COG1291	0.0	0.39401435804736834	0.8064232646463716	1.657238227954874	0.35773396935203045	0.2853554964324658	0.6422660306479695	0.7146445035675342	0.7142857142857143	baseline
COG1292	0.0	0.08846201063181777	0.09649317153562338	1.4498116092847182	0.4873126777904321	0.5342327757872471	0.5126873222095679	0.5342327757872471	0.5714285714285714	baseline
COG1293	0.0	0.5148836891101108	1.2700974078433913	1.5140155438116847	0.7022857226752333	0.9234595033724131	0.7022857226752333	0.9234595033724131	0.5714285714285714	endpoint
COG1294	0.0	0.9873630878177577	1.2625581805483075	1.7131700920079658	0.23609749908626312	0.14750197408436688	0.7639025009137369	0.8524980259156332	0.8571428571428571	baseline
COG1295	0.0	0.10769429989355465	0.3836489316190128	1.2057493743251833	0.4806998089773134	0.4069362798145253	0.5193001910226867	0.5930637201854747	0.5714285714285714	baseline
COG1296	0.0	0.4730976260511818	0.6363223499612356	1.2236074025292485	0.6520832435962659	0.6619540109742044	0.6520832435962659	0.6619540109742044	0.8571428571428571	endpoint
COG1297	0.0	0.08251195227842276	0.729576550117323	1.0882554532306634	0.495831683560138	0.3426342875031172	0.504168316439862	0.6573657124968828	0.5714285714285714	baseline
COG1298	0.0	0.39977812700396376	0.2761772655715719	1.3471877889833106	0.6351551494305999	0.583760380640795	0.6351551494305999	0.583760380640795	0.8571428571428571	endpoint
COG1299	0.0	0.0030351430147462937	0.18151449502541592	1.6780060219558868	0.5338571314238864	0.5332281771840484	0.5338571314238864	0.5332281771840484	0.5714285714285714	baseline
COG1300	0.0	0.11929767196832282	0.6182641251119264	1.114212002175707	0.4946248216871713	0.36865689632839344	0.5053751783128286	0.6313431036716066	0.5714285714285714	baseline
COG1301	0.0	0.516745086595627	1.038456802236384	1.4081033226381183	0.6386262151534643	0.7043618683877328	0.6386262151534643	0.7043618683877328	0.7142857142857143	endpoint
COG1302	0.0	1.0120721899002987	1.4477396462002383	1.5768466308576348	0.7873326116358259	0.9422731288872541	0.7873326116358259	0.9422731288872541	0.8571428571428571	endpoint
COG1304	0.0	0.41774417211148274	0.998266851568464	1.3353223730175838	0.6022111046193829	0.6922804454530764	0.6022111046193829	0.6922804454530764	0.7142857142857143	endpoint
COG1305	0.0	0.40941939800048116	0.5132230202194931	1.4541232406975315	0.6125644423309397	0.5732601232558345	0.6125644423309397	0.5732601232558345	0.7142857142857143	endpoint
COG1306	0.0	0.31191531403045103	0.47292388627681176	1.5820485806562183	0.6371859315153695	0.6882527004392671	0.6371859315153695	0.6882527004392671	0.8571428571428571	endpoint
COG1307	0.0	0.6788302916673175	1.014148996586731	1.5982801137518743	0.677101501823829	0.735930654694869	0.677101501823829	0.735930654694869	0.8571428571428571	endpoint
COG1309	0.0	0.13214744771446635	0.0011930911169177275	1.3085757388240271	0.4546069305537435	0.5206117224312826	0.5453930694462565	0.5206117224312826	0.5714285714285714	baseline
COG1310	0.0	0.7790339046714296	0.9000065082363617	1.6086616520188344	0.7207796858002469	0.8309186555431258	0.7207796858002469	0.8309186555431258	0.7142857142857143	endpoint
COG1312	0.0	0.0677796402681897	0.0773052373367525	1.345655978090458	0.47492950505794135	0.4834533120555615	0.5250704949420586	0.5165466879444385	0.5714285714285714	baseline
COG1313	0.0	0.6711234974602177	1.1066943227834787	1.527429357686003	0.6832188305886863	0.6882727403068839	0.6832188305886863	0.6882727403068839	0.8571428571428571	endpoint
COG1315	0.0	0.28092884562871595	0.5286979469595942	1.1229239655673944	0.5747771015087347	0.6010875820736915	0.5747771015087347	0.6010875820736915	0.7142857142857143	endpoint
COG1316	0.0	0.30731009115367997	0.3510958513523084	1.0041257834502777	0.4232358514293398	0.40118483563443197	0.5767641485706603	0.598815164365568	0.7142857142857143	baseline
COG1319	0.0	0.0042546647215636136	0.1264349408628265	1.1961992722640482	0.5022530824898661	0.47216590580896606	0.5022530824898661	0.527834094191034	0.5714285714285714	baseline
COG1321	0.0	0.5049685468154687	0.6829336281582324	1.4900619878068173	0.6281019238640683	0.6728507914486911	0.6281019238640683	0.6728507914486911	0.7142857142857143	endpoint
COG1322	0.0	0.510902632654431	0.586369761367005	1.3489347626663466	0.34342261261392687	0.3460104086857392	0.6565773873860732	0.6539895913142608	0.8571428571428571	baseline
COG1323	0.0	0.37238036988694606	0.6393331704707168	1.6556114822895003	0.6148446399989794	0.6838596256773594	0.6148446399989794	0.6838596256773594	0.5714285714285714	endpoint
COG1327	0.0	0.29010815515782573	0.1653597608163912	1.300485848737539	0.3988683257020451	0.44317163821905275	0.6011316742979549	0.5568283617809473	0.7142857142857143	baseline
COG1328	0.0	0.3034558835414793	0.814500836297949	1.6596637726273664	0.5455746903608911	0.7461201609876291	0.5455746903608911	0.7461201609876291	0.7142857142857143	endpoint
COG1329	0.0	0.11049762270411005	0.6296492849208449	1.3287900607774212	0.4633549219473559	0.30638383105166345	0.5366450780526442	0.6936161689483366	0.5714285714285714	baseline
COG1330	0.0	0.8652070788688336	1.2969399236048533	1.4594123646908808	0.2551530923020207	0.17582415476742552	0.7448469076979793	0.8241758452325745	0.8571428571428571	baseline
COG1331	0.0	0.5630163284949571	0.6081671706865043	1.3291710665987768	0.677138635228727	0.6553718956655464	0.677138635228727	0.6553718956655464	0.7142857142857143	endpoint
COG1332	0.0	1.1808076352326082	1.2600828743154846	1.4770575751298547	0.8507074039858987	0.9034445197412632	0.8507074039858987	0.9034445197412632	1.0	endpoint
COG1334	0.0	1.2133980350409925	1.4899230646768753	1.682953255948009	0.8453478829440157	0.8692270773928815	0.8453478829440157	0.8692270773928815	1.0	endpoint
COG1335	0.0	0.6418271451457683	0.7563072045198103	1.3813528619528483	0.3069659171304396	0.33638519749249307	0.6930340828695605	0.6636148025075069	0.7142857142857143	baseline
COG1338	0.0	0.15881954871163212	0.42240172124491077	1.0629344817182402	0.539455228244294	0.5484857865165859	0.539455228244294	0.5484857865165859	0.7142857142857143	endpoint
COG1342	0.0	0.3362648035715554	0.4673450023493015	1.4180337093210493	0.6114291766224245	0.6321514544258564	0.6114291766224245	0.6321514544258564	0.7142857142857143	endpoint
COG1343	0.0	0.15810755540366822	0.8643674768463967	1.44749453450847	0.55134825003315	0.7458874321143448	0.55134825003315	0.7458874321143448	0.5714285714285714	endpoint
COG1344	0.0	0.0316346015566465	0.5137973872568038	1.6884280089414407	0.5388882794495632	0.3486907831845143	0.5388882794495632	0.6513092168154857	0.5714285714285714	baseline
COG1345	0.0	0.4178745968872551	0.4537544526422658	1.3405821096239614	0.38607058971892716	0.3952989701345565	0.6139294102810728	0.6047010298654435	0.8571428571428571	baseline
COG1346	0.0	0.3854721673725391	0.8226300972855554	1.5009221838446825	0.6207746036636499	0.785422148977873	0.6207746036636499	0.785422148977873	0.7142857142857143	endpoint
COG1347	0.0	0.5949384205836843	0.8545746087165007	1.575746058217049	0.33581119879015964	0.25958151446585076	0.6641888012098404	0.7404184855341492	0.7142857142857143	baseline
COG1348	0.0	1.0501628970288415	1.3021299421003247	1.6520207018344242	0.84151992957022	0.9453930611982286	0.84151992957022	0.9453930611982286	1.0	endpoint
COG1349	0.0	0.36801485253220234	0.6727527647239687	1.571010064590048	0.4426134576161828	0.29802238487361554	0.5573865423838171	0.7019776151263845	0.5714285714285714	baseline
COG1350	0.0	0.5975431180660182	0.8486264631397767	1.4904110552920333	0.6835437221799526	0.7415486245474392	0.6835437221799526	0.7415486245474392	0.7142857142857143	endpoint
COG1351	0.0	0.7584705130695248	0.9681453725604798	1.168174709437013	0.7324763100311554	0.7784192752634983	0.7324763100311554	0.7784192752634983	1.0	endpoint
COG1353	0.0	0.9077653750140507	1.258598332134347	1.5380405291117485	0.8189554688387052	0.9392525598811434	0.8189554688387052	0.9392525598811434	0.8571428571428571	endpoint
COG1354	0.14285714285714285	0.4531424828406997	0.5502894671806404	2.0031025384268673	0.5955372500180234	0.6914745837046552	0.5955372500180234	0.6914745837046552	0.7142857142857143	endpoint
COG1355	0.0	0.1663350635824909	0.6001163486956053	1.3571494034678568	0.46413741313977436	0.3728994818861836	0.5358625868602256	0.6271005181138164	0.5714285714285714	baseline
COG1357	0.0	0.06712881018376685	0.10809937906765066	1.467409136483839	0.5137042153560051	0.4751596190510006	0.5137042153560051	0.5248403809489994	0.5714285714285714	endpoint
COG1358	0.0	1.1509627304213759	1.275759594084422	1.585577439013938	0.8309315905701364	0.8762236449736239	0.8309315905701364	0.8762236449736239	1.0	endpoint
COG1359	0.0	1.1083613613321892	1.3794280564444752	1.646904469342695	0.16879174808213104	0.12650847295443193	0.831208251917869	0.8734915270455681	1.0	baseline
COG1360	0.0	0.42764182103984566	0.5565231328468642	1.3141655434546817	0.404213063788955	0.33507158306569795	0.5957869362110451	0.664928416934302	0.7142857142857143	baseline
COG1362	0.14285714285714285	0.9166724902682108	1.2669667738101529	2.5821052688459676	0.7345453457539515	0.9163247270525179	0.7345453457539515	0.9163247270525179	0.7142857142857143	endpoint
COG1363	0.0	0.1755061463602896	0.043929311016036525	1.6417909386697564	0.5044485879512807	0.5234644189763644	0.5044485879512807	0.5234644189763644	0.5714285714285714	baseline
COG1364	0.0	0.43816700501049605	0.9039633321992472	1.4813602904286343	0.3614688898798785	0.24971597279027266	0.6385311101201214	0.7502840272097273	0.7142857142857143	baseline
COG1366	0.0	0.3491623218175127	0.37018230948020353	1.716931695288483	0.5866106324850268	0.5320700420498428	0.5866106324850268	0.5320700420498428	0.5714285714285714	endpoint
COG1368	0.0	0.07906476410186115	0.47032340006180545	1.4181795922913907	0.47533727906490586	0.40324246588291884	0.5246627209350941	0.5967575341170812	0.5714285714285714	baseline
COG1373	0.0	0.4978690689249875	0.8650446278879868	1.6375345997443858	0.362136477058202	0.27456987554097106	0.6378635229417979	0.7254301244590289	0.7142857142857143	baseline
COG1376	0.0	0.059220982048821647	0.12473642670066551	1.589585871413758	0.4794058638352957	0.4281081882030681	0.5205941361647043	0.5718918117969318	0.5714285714285714	baseline
COG1377	0.0	0.07265997843520215	0.7923247796266413	1.3771498156150823	0.4809806462718585	0.6727183260646671	0.5190193537281416	0.6727183260646671	0.5714285714285714	endpoint
COG1378	0.0	0.04335076969751515	0.27708605467401626	1.2638976013555359	0.48577111999131517	0.5390716216433156	0.5142288800086848	0.5390716216433156	0.7142857142857143	endpoint
COG1379	0.0	0.43578252447070537	0.23365583115099295	1.6849623653838737	0.6033234617367852	0.5541683666643124	0.6033234617367852	0.5541683666643124	0.7142857142857143	endpoint
COG1380	0.0	0.6927132839561551	1.218367227742158	1.6122114617842653	0.7112915355976587	0.9008332023420016	0.7112915355976587	0.9008332023420016	0.7142857142857143	endpoint
COG1381	0.0	0.004736573192047598	0.43013888239583	1.5230209419385587	0.5478582069553598	0.6495786150588606	0.5478582069553598	0.6495786150588606	0.5714285714285714	baseline
COG1385	0.0	0.5361726132058199	0.9028500973554777	1.5655859348583345	0.32649520568154483	0.18074360764017516	0.6735047943184551	0.8192563923598248	0.7142857142857143	baseline
COG1386	0.0	0.3007116469168317	0.5270511111535243	1.442191647167551	0.567981835414647	0.6529105230545531	0.567981835414647	0.6529105230545531	0.7142857142857143	endpoint
COG1387	0.0	0.8573168962522973	1.1308945934441712	1.632819708020889	0.7836233620057195	0.8629947420131012	0.7836233620057195	0.8629947420131012	0.8571428571428571	endpoint
COG1388	0.0	0.40054833831066805	0.38963998760497137	1.594691073401271	0.6446678691636752	0.6695848927037037	0.6446678691636752	0.6695848927037037	0.5714285714285714	endpoint
COG1391	0.0	0.10067653537873558	0.26617786299405904	1.429700708069466	0.4452767227274049	0.5148056107441892	0.5547232772725952	0.5148056107441892	0.5714285714285714	baseline
COG1392	0.0	0.6687594308791615	0.9711880238391241	1.2405111057610063	0.3176917248894946	0.2185018738072401	0.6823082751105054	0.7814981261927599	0.8571428571428571	baseline
COG1393	0.0	0.14023729150765565	0.23667321019231966	1.4932978911359234	0.5010863201486122	0.5901216907801691	0.5010863201486122	0.5901216907801691	0.5714285714285714	baseline
COG1394	0.0	0.2819561147276774	0.5512136660115563	1.3068679179812455	0.5877219691971572	0.5621207131951499	0.5877219691971572	0.5621207131951499	0.5714285714285714	endpoint
COG1396	0.0	0.014580622487400774	0.052418558384535886	1.698426515418587	0.5248504759594803	0.4529311453967088	0.5248504759594803	0.5470688546032911	0.5714285714285714	endpoint
COG1397	0.0	0.5095747063107962	0.5960259774130993	1.382695029466755	0.3728881608589668	0.2663390346654545	0.6271118391410332	0.7336609653345455	0.5714285714285714	baseline
COG1399	0.0	0.6616145347489141	1.0670071999877266	1.3158567127002974	0.3214918335655194	0.2935008231586048	0.6785081664344805	0.7064991768413952	0.8571428571428571	baseline
COG1401	0.0	0.005713234150707728	0.5680742418597106	1.924277428369277	0.43866202836234286	0.33138956738481035	0.5613379716376572	0.6686104326151896	0.5714285714285714	baseline
COG1402	0.0	0.3401039126886806	0.5031322273140927	1.201613227166601	0.6322006333062227	0.6308168359385412	0.6322006333062227	0.6308168359385412	0.7142857142857143	endpoint
COG1403	0.0	0.27302944789700867	0.8801237344301276	1.40977178077813	0.38617693843292766	0.205801111433397	0.6138230615670723	0.794198888566603	0.5714285714285714	baseline
COG1404	0.0	0.25742651169188735	0.44091830547728694	1.1490863539136704	0.40859252573772825	0.38610222800524985	0.5914074742622717	0.6138977719947502	0.7142857142857143	baseline
COG1408	0.0	0.5110086707911095	1.197477499057593	1.267107840660141	0.6224328360491185	0.8045114338065756	0.6224328360491185	0.8045114338065756	0.7142857142857143	endpoint
COG1409	0.0	0.31244768187513916	0.6869297244453972	1.6054776652737919	0.40493993782994586	0.28345970197711423	0.5950600621700541	0.7165402980228858	0.5714285714285714	baseline
COG1410	0.0	0.5011995784750407	1.0116768005517967	1.5742316256253945	0.6258149688637026	0.7864913487540935	0.6258149688637026	0.7864913487540935	0.7142857142857143	endpoint
COG1414	0.0	0.05362549315125399	0.007649587132601434	1.5995851828177656	0.499450288974608	0.5149065062218372	0.500549711025392	0.5149065062218372	0.5714285714285714	endpoint
COG1418	0.0	0.5009078390594597	0.828431771464533	1.7278043131117258	0.6346100733901799	0.7650571390347445	0.6346100733901799	0.7650571390347445	0.7142857142857143	endpoint
COG1419	0.0	1.1702049860175765	1.3082988120479149	1.7108593449058846	0.8693405856586678	0.9792120064342301	0.8693405856586678	0.9792120064342301	1.0	endpoint
COG1420	0.0	0.057303015916919824	0.37307614428608993	1.3937338842041616	0.5767999023742035	0.4259769206956708	0.5767999023742035	0.5740230793043293	0.5714285714285714	endpoint
COG1424	0.0	0.16724747869336637	0.1777960544080142	1.3887434570966697	0.43630261227959727	0.45862848554103236	0.5636973877204028	0.5413715144589677	0.5714285714285714	baseline
COG1426	0.0	0.5971935720914268	1.1540986159084812	1.2775391177315274	0.6945629723413749	0.8118576099577438	0.6945629723413749	0.8118576099577438	0.7142857142857143	endpoint
COG1428	0.0	0.05113683803022297	0.03303469296518809	1.3903385215413324	0.4886330167376155	0.48288729400412655	0.5113669832623845	0.5171127059958734	0.5714285714285714	baseline
COG1429	0.0	0.28682340551352414	0.7587674255202539	1.3643532906483333	0.5751474010389946	0.6613927741573506	0.5751474010389946	0.6613927741573506	0.7142857142857143	endpoint
COG1432	0.0	0.7394978315118619	0.9691525630792124	1.6198720280485046	0.7035755041967445	0.8213938773234593	0.7035755041967445	0.8213938773234593	0.8571428571428571	endpoint
COG1434	0.0	0.18731395374350177	0.11549602208375341	1.3692476432879133	0.426307245527418	0.43127993778029355	0.5736927544725821	0.5687200622197064	0.5714285714285714	baseline
COG1435	0.0	0.08967937023672554	0.2914888447361826	1.663869822135152	0.46655604718170485	0.4105801896016512	0.5334439528182952	0.5894198103983488	0.5714285714285714	baseline
COG1436	0.0	0.46513561781872675	0.9615165535262122	1.4834317316336498	0.6994829356293655	0.8189598333816797	0.6994829356293655	0.8189598333816797	0.7142857142857143	endpoint
COG1438	0.0	0.7282984258239311	0.7231738466370886	1.4497031982378565	0.2802240761039913	0.2857431452424841	0.7197759238960086	0.7142568547575159	0.8571428571428571	baseline
COG1440	0.0	0.6580705009483551	0.8034642630411793	1.4946951419437302	0.30578365217031367	0.19513627655927326	0.6942163478296863	0.8048637234407268	0.7142857142857143	baseline
COG1441	0.0	0.45465015207169596	1.0893274737240268	1.4829514763053864	0.3775893455255107	0.2817865196716848	0.6224106544744893	0.7182134803283152	0.7142857142857143	baseline
COG1442	0.0	0.3778667672169517	0.4729199628603497	1.2315725355930556	0.37823307352101027	0.3602169793595493	0.6217669264789898	0.6397830206404507	0.7142857142857143	baseline
COG1444	0.14285714285714285	1.1035544898642693	1.360394772647519	2.075404495839156	0.21695169897120503	0.12610984679921305	0.783048301028795	0.873890153200787	0.8571428571428571	baseline
COG1445	0.0	0.02527044954093771	0.20602098177694106	1.2997539368213102	0.5062401965060405	0.5577257795370102	0.5062401965060405	0.5577257795370102	0.7142857142857143	endpoint
COG1446	0.0	0.7013984017618041	1.151121854875919	1.4234218528957727	0.2741695940668597	0.11528778711202062	0.7258304059331403	0.8847122128879794	0.8571428571428571	baseline
COG1447	0.0	0.6338484263577049	0.821769567060804	1.5376096260218761	0.32357815682367186	0.2780162445122367	0.6764218431763281	0.7219837554877633	0.7142857142857143	baseline
COG1448	0.0	0.38623501602919735	0.42198132781942027	1.308697789885012	0.6344252083542837	0.6239493913587321	0.6344252083542837	0.6239493913587321	0.7142857142857143	endpoint
COG1449	0.0	0.15898629003732018	0.3337456783632841	1.1393515676872543	0.5432943964069529	0.5260216687717705	0.5432943964069529	0.5260216687717705	0.5714285714285714	endpoint
COG1450	0.0	0.5476941469032762	0.778727569059388	1.7459838266684347	0.39152022065847714	0.24289071836068152	0.6084797793415229	0.7571092816393185	0.5714285714285714	baseline
COG1451	0.0	0.05126174780954102	0.17997078657475435	1.2938363144325953	0.46889837301932485	0.530292379981587	0.5311016269806752	0.530292379981587	0.5714285714285714	baseline
COG1452	0.0	1.0524558657575005	1.2917492843946234	1.6375147334092295	0.16146353611614314	0.056275843707019234	0.8385364638838568	0.9437241562929808	1.0	baseline
COG1453	0.0	0.7414274366728071	0.8319799982589113	1.1199658084535276	0.7217725815790751	0.7193526470482059	0.7217725815790751	0.7193526470482059	1.0	endpoint
COG1454	0.0	1.009493265294165	0.7833099889207316	1.8976034423635249	0.7985533943413167	0.7796890632117492	0.7985533943413167	0.7796890632117492	1.0	endpoint
COG1455	0.0	0.5130452905969829	0.6768612611577773	1.6351305850871511	0.6396179624128766	0.7420477242283682	0.6396179624128766	0.7420477242283682	0.7142857142857143	endpoint
COG1456	0.0	0.9688498220787201	1.1987525652012472	1.9290885001136027	0.8141398176452574	0.9641767666669526	0.8141398176452574	0.9641767666669526	0.8571428571428571	endpoint
COG1457	0.0	0.029136434854930084	0.8322869550868607	1.5067111379667215	0.5459227057328561	0.7535746235245614	0.5459227057328561	0.7535746235245614	0.5714285714285714	baseline
COG1459	0.0	0.28818853775973235	0.10327719356287604	1.6179912984548053	0.4017772263210228	0.43547402513923367	0.5982227736789771	0.5645259748607663	0.7142857142857143	baseline
COG1461	0.0	0.39095673396324776	0.9865281139191279	1.477717257873475	0.6331607647443399	0.8269324841001313	0.6331607647443399	0.8269324841001313	0.5714285714285714	endpoint
COG1463	0.0	0.828940561962769	1.309112912490921	1.5138095598109285	0.2325562903737051	0.035525743717923275	0.7674437096262949	0.9644742562820767	0.8571428571428571	baseline
COG1464	0.0	0.7576980566532994	1.234135324845412	1.9947663487171294	0.3013974502856117	0.16339486487121177	0.6986025497143883	0.8366051351287882	0.7142857142857143	baseline
COG1466	0.0	0.344454020332558	0.2672599998805515	1.4282158959260047	0.5870719056024385	0.5756746475714111	0.5870719056024385	0.5756746475714111	0.7142857142857143	endpoint
COG1468	0.0	0.04045298880367224	0.6119446319345517	1.3912125240221118	0.49201269920271906	0.5857135024928364	0.5079873007972809	0.5857135024928364	0.5714285714285714	endpoint
COG1469	0.0	0.0956539676876675	0.7603046165855012	1.5134647219800763	0.48454477977790883	0.5982415137366028	0.5154552202220912	0.5982415137366028	0.5714285714285714	endpoint
COG1470	0.0	0.07423035720054517	0.43685856915519383	1.554317128555442	0.5086035626942135	0.5431381044622526	0.5086035626942135	0.5431381044622526	0.5714285714285714	endpoint
COG1472	0.0	0.22314062148157726	0.4100300893344261	1.4049706226932588	0.5466701348584204	0.6090514263957674	0.5466701348584204	0.6090514263957674	0.5714285714285714	endpoint
COG1473	0.0	0.9083767704985205	0.8142641935778511	1.2842715375010911	0.23665187618260172	0.23778960218748033	0.7633481238173982	0.7622103978125196	1.0	baseline
COG1475	0.0	0.5390662585566457	0.6418380376205532	1.5652556519931495	0.6697677126589193	0.7588390276756408	0.6697677126589193	0.7588390276756408	0.7142857142857143	endpoint
COG1476	0.0	0.6829861454619425	0.978202901882861	1.4735085140557962	0.6955490284811435	0.7967390322631956	0.6955490284811435	0.7967390322631956	0.8571428571428571	endpoint
COG1477	0.0	0.9023257382842642	1.2267480885627922	1.468593748913679	0.7553973386685547	0.8373865553591927	0.7553973386685547	0.8373865553591927	0.8571428571428571	endpoint
COG1479	0.0	0.30539540674323135	0.16289859055627168	1.3916207480212104	0.449786448156924	0.4605428027974419	0.550213551843076	0.5394571972025581	0.5714285714285714	baseline
COG1480	0.0	0.5071897756018664	0.5768324206450371	1.4704406264751289	0.3529296140481181	0.2729271829217694	0.6470703859518818	0.7270728170782306	0.7142857142857143	baseline
COG1481	0.0	0.17651677706777155	0.0022429325180836025	1.4347896491386842	0.4510178624128182	0.5126702759863474	0.5489821375871817	0.5126702759863474	0.5714285714285714	baseline
COG1482	0.0	0.5182585429618866	0.6163393838446422	1.575647811331506	0.6579763688772097	0.6572823949313803	0.6579763688772097	0.6572823949313803	0.5714285714285714	endpoint
COG1484	0.0	0.2724823523877379	0.03756344285937674	1.373307990425312	0.4042508784206916	0.45803013276143134	0.5957491215793085	0.5419698672385687	0.5714285714285714	baseline
COG1485	0.0	0.9470580000302812	0.9608037408435837	1.813714166191556	0.22763223903776858	0.2428025077373821	0.7723677609622315	0.7571974922626179	0.8571428571428571	baseline
COG1486	0.0	0.36895012439119773	0.1393080053407326	1.7867714237959729	0.4121582706251975	0.4680625054154615	0.5878417293748025	0.5319374945845385	0.7142857142857143	baseline
COG1487	0.0	0.6218900504469581	0.9165431411722957	1.3176844262581275	0.3264716658611438	0.255002371631078	0.6735283341388563	0.744997628368922	0.8571428571428571	baseline
COG1488	0.0	0.295251357099051	0.483312842164916	1.094915368261954	0.6210410596521366	0.7031818334572909	0.6210410596521366	0.7031818334572909	0.7142857142857143	endpoint
COG1489	0.0	0.29862398915518007	0.383610905109833	1.2674728464675973	0.606380554240972	0.6028751518556505	0.606380554240972	0.6028751518556505	0.5714285714285714	endpoint
COG1490	0.0	0.5394695841844731	0.946622992198494	1.3819579573196394	0.3633747708637169	0.3134842465206013	0.636625229136283	0.6865157534793986	0.8571428571428571	baseline
COG1492	0.0	0.30866173115257756	1.1754818444528132	1.8131615805339782	0.5506867202432267	0.6774528838756292	0.5506867202432267	0.6774528838756292	0.5714285714285714	endpoint
COG1493	0.0	0.9135026586255018	1.2146712003640054	1.6815420124898253	0.7635387069951095	0.7759020266106955	0.7635387069951095	0.7759020266106955	0.8571428571428571	endpoint
COG1494	0.0	0.7966750800350061	1.0829090167261664	1.8935700875289763	0.3276225334700745	0.1800684508211149	0.6723774665299256	0.8199315491788851	0.7142857142857143	baseline
COG1495	0.0	1.2470450354279998	1.3249159361727962	1.3950018892297538	0.12836488166568638	0.09013974597708632	0.8716351183343136	0.9098602540229137	1.0	baseline
COG1496	0.0	0.5788422095941977	0.602100695417687	1.3409811584520908	0.3317467448483888	0.3429780473478246	0.6682532551516112	0.6570219526521754	0.7142857142857143	baseline
COG1501	0.0	0.3126847866746622	0.7806173531143499	1.4119071459187411	0.3610622677957175	0.2697830920839397	0.6389377322042825	0.7302169079160603	0.5714285714285714	baseline
COG1502	0.0	1.0684523130933954	1.0114924690819853	1.523936427150237	0.825055513586922	0.8348900877441332	0.825055513586922	0.8348900877441332	1.0	endpoint
COG1505	0.0	0.26209501094225024	0.3339909177825793	1.4315867927537411	0.5405244128839847	0.6175188258013325	0.5405244128839847	0.6175188258013325	0.7142857142857143	endpoint
COG1506	0.0	0.04157121289665589	0.2892776437078105	1.3150104822277986	0.46328652243359336	0.58082193038861	0.5367134775664066	0.58082193038861	0.7142857142857143	baseline
COG1507	0.0	0.02973337959424748	0.08935074900382588	1.2602897649523246	0.488426115611683	0.5048942706981061	0.5115738843883171	0.5048942706981061	0.5714285714285714	endpoint
COG1508	0.0	0.579100529692428	0.8646269106832343	0.9735972510170239	0.32930526766640955	0.31106222621212626	0.6706947323335904	0.6889377737878737	0.8571428571428571	baseline
COG1509	0.0	0.2009656158401021	0.20758041662917134	1.2414600701498684	0.4284389679793487	0.44580489979453103	0.5715610320206512	0.554195100205469	0.5714285714285714	baseline
COG1511	0.0	0.523460159999854	0.5446844463361551	1.3807182984760056	0.3476585611628411	0.35750042855711717	0.6523414388371589	0.6424995714428828	0.7142857142857143	baseline
COG1512	0.0	0.6111453292368199	1.1109860846459316	1.3956322831742456	0.64398509154795	0.656122568054838	0.64398509154795	0.656122568054838	0.8571428571428571	endpoint
COG1515	0.0	0.7637741756637174	1.0736105997104883	1.9219816846311844	0.3254401113025306	0.2353325228889128	0.6745598886974694	0.7646674771110872	0.8571428571428571	baseline
COG1516	0.0	0.33059974836779865	0.32971405884968524	1.7505557287199118	0.5767613320012835	0.5902751519268387	0.5767613320012835	0.5902751519268387	0.5714285714285714	endpoint
COG1518	0.0	0.01258307802521032	0.5246772383208345	1.2588755753192995	0.525098012727862	0.35016331045435517	0.525098012727862	0.6498366895456449	0.5714285714285714	baseline
COG1519	0.0	0.12264959341776129	0.11440085758428191	1.2805386875436573	0.4435632502385739	0.45163066582783296	0.5564367497614261	0.548369334172167	0.5714285714285714	baseline
COG1520	0.0	0.4732719390040292	0.6391519911847976	1.5400871965131164	0.3919202685484965	0.30873292140509406	0.6080797314515035	0.691267078594906	0.7142857142857143	baseline
COG1521	0.0	0.4107345671564434	0.6000253223160668	1.5896916422984257	0.6568476688363573	0.6534684950770826	0.6568476688363573	0.6534684950770826	0.7142857142857143	endpoint
COG1522	0.0	0.324035284016215	0.15052717199537743	1.2332520489192107	0.4049328654326591	0.4595018739636653	0.5950671345673408	0.5404981260363346	0.8571428571428571	baseline
COG1523	0.0	0.45632234237660263	0.613560887199027	1.5726602208447757	0.35168021460219284	0.36877157342393435	0.6483197853978071	0.6312284265760657	0.5714285714285714	baseline
COG1524	0.14285714285714285	0.5637371156914995	0.8316192822095991	2.112233741861966	0.3615681764204922	0.20752228720698976	0.6384318235795078	0.7924777127930103	0.7142857142857143	baseline
COG1525	0.0	0.6026976017282321	0.9153001459059499	1.3535557444085595	0.2890079806387081	0.17606310721291496	0.710992019361292	0.823936892787085	0.8571428571428571	baseline
COG1526	0.0	0.8758574822556062	0.8291723927059205	1.4858196755853412	0.7708523528015699	0.7555353973024372	0.7708523528015699	0.7555353973024372	1.0	endpoint
COG1527	0.0	0.21922469030088945	0.10041972598240517	1.3593444590811323	0.5528007620905392	0.5023586601654656	0.5528007620905392	0.5023586601654656	0.5714285714285714	endpoint
COG1528	0.0	0.003317969305078185	0.347602792917258	1.0165094399804295	0.5082993454274187	0.3639307032182223	0.5082993454274187	0.6360692967817777	0.5714285714285714	baseline
COG1529	0.0	0.6085828025089413	1.0669183188353057	1.5928349709935616	0.7135213712159487	0.7979851850029661	0.7135213712159487	0.7979851850029661	0.7142857142857143	endpoint
COG1530	0.0	0.1890724800431122	0.6766926848146096	1.3085763565003734	0.4385157216076659	0.31186718670446967	0.5614842783923342	0.6881328132955303	0.5714285714285714	baseline
COG1533	0.0	0.1513935696011637	0.46128951294828396	1.5694866905126184	0.5660013370743678	0.5471935690611078	0.5660013370743678	0.5471935690611078	0.5714285714285714	endpoint
COG1534	0.0	0.0344799230503065	0.06778976296635877	1.3409735018157625	0.5117092558705555	0.4908595623559775	0.5117092558705555	0.5091404376440225	0.5714285714285714	endpoint
COG1536	0.0	0.11583829558481787	0.17363971219109645	1.3646009105296635	0.5141465570414003	0.4994445506965998	0.5141465570414003	0.5005554493034001	0.5714285714285714	endpoint
COG1538	0.0	0.5709664054722755	0.7693264325386108	1.373171459752461	0.339819843205529	0.31756642161959114	0.660180156794471	0.6824335783804089	0.7142857142857143	baseline
COG1539	0.0	0.5590022113084928	0.6577390835057155	1.3343227975973608	0.3271561205513791	0.3562611272315833	0.6728438794486209	0.6437388727684167	0.8571428571428571	baseline
COG1540	0.0	0.16000191895942104	0.15420826155977826	1.4575258689242845	0.5350441635100688	0.5238553696024689	0.5350441635100688	0.5238553696024689	0.5714285714285714	endpoint
COG1541	0.0	0.45267586216450545	1.0570322772396823	1.4493725306262897	0.5911152364601128	0.6882512879138045	0.5911152364601128	0.6882512879138045	0.7142857142857143	endpoint
COG1544	0.0	0.7720370020519314	1.1844769654455833	1.6919833099409436	0.28694176592000326	0.13490587984788896	0.7130582340799967	0.8650941201521111	0.7142857142857143	baseline
COG1546	0.0	0.23693115275032037	0.7894143251096072	1.6482385551765542	0.6171378864987197	0.7641007628767694	0.6171378864987197	0.7641007628767694	0.5714285714285714	endpoint
COG1553	0.0	0.6055968306401539	0.5183856802557238	0.9800969184957544	0.31882855313312675	0.3439101312248614	0.6811714468668733	0.6560898687751386	1.0	baseline
COG1554	0.0	0.16337365936138984	0.09743479142521434	1.2492753632444096	0.42903525223909594	0.46126597894482435	0.5709647477609041	0.5387340210551756	0.5714285714285714	baseline
COG1555	0.0	0.020892962338440162	0.3357463913341947	1.0279794330857837	0.5261173139974119	0.4175701194144698	0.5261173139974119	0.5824298805855301	0.5714285714285714	baseline
COG1556	0.14285714285714285	0.6619811629115308	1.0579832155425526	2.089049999709214	0.33587825188974835	0.21400586188550674	0.6641217481102517	0.7859941381144933	0.7142857142857143	baseline
COG1558	0.0	0.26266468672029264	0.4459705753504674	1.3951628340608	0.584950893346023	0.6305617182807464	0.584950893346023	0.6305617182807464	0.7142857142857143	endpoint
COG1559	0.0	0.2421837930068298	0.5521198009040564	1.3816605229428143	0.4055374949287417	0.28140973801163316	0.5944625050712583	0.7185902619883668	0.5714285714285714	baseline
COG1560	0.0	0.18994175114659764	0.3277580922671548	1.5425961972583317	0.47226488068909445	0.4153911328120063	0.5277351193109056	0.5846088671879937	0.5714285714285714	baseline
COG1561	0.0	0.27570450930472296	0.20630063090093612	1.411450805673585	0.6163514166355196	0.6038279395936168	0.6163514166355196	0.6038279395936168	0.5714285714285714	endpoint
COG1562	0.0	0.11275164305367777	0.14256558033321354	1.4209370467002995	0.47123110160724974	0.43882959253712134	0.5287688983927503	0.5611704074628787	0.7142857142857143	baseline
COG1564	0.0	0.1091896835800279	0.20215825586512043	1.5594520707007589	0.549436164276142	0.45191335867572013	0.549436164276142	0.5480866413242799	0.5714285714285714	endpoint
COG1565	0.0	0.6321454940236105	0.618772525975724	1.3340487205603004	0.2963138488266446	0.33707900420993686	0.7036861511733554	0.6629209957900631	0.8571428571428571	baseline
COG1566	0.0	0.8756986413285093	1.1540452781420465	1.5591216586326837	0.2538795033172159	0.19505745574044542	0.7461204966827841	0.8049425442595546	0.8571428571428571	baseline
COG1567	0.0	1.2164570332600706	1.2940191019653617	1.4668727476967214	0.8595825306406957	0.8643153654700902	0.8595825306406957	0.8643153654700902	1.0	endpoint
COG1570	0.0	0.644755101904717	0.7368183888283297	1.4034691185968615	0.3247289185430606	0.34831119176064584	0.6752710814569394	0.6516888082393542	0.8571428571428571	baseline
COG1573	0.0	0.4171137839538301	0.654054092329586	1.2058189053901402	0.6131179595997386	0.5791919205867327	0.6131179595997386	0.5791919205867327	0.5714285714285714	endpoint
COG1574	0.0	0.6695483648227726	0.6873101817191082	1.5695446714447419	0.30540576155710314	0.3525153153509827	0.6945942384428969	0.6474846846490173	0.8571428571428571	baseline
COG1575	0.14285714285714285	0.5424397991820967	0.2337509123175908	2.1309333787982894	0.3476719861901264	0.4318189088223889	0.6523280138098736	0.5681810911776111	0.7142857142857143	baseline
COG1576	0.0	0.08684336006236497	0.8619995816354775	1.554675784766778	0.5531853724001125	0.6217284125925612	0.5531853724001125	0.6217284125925612	0.5714285714285714	endpoint
COG1577	0.0	0.15989084417645394	0.2619081186221538	1.310123318010351	0.5556307097658045	0.45196577185573333	0.5556307097658045	0.5480342281442667	0.5714285714285714	endpoint
COG1584	0.0	0.5556321544723827	0.550206020579977	1.5833369560082118	0.36351305061810707	0.2820666391090907	0.636486949381893	0.7179333608909093	0.7142857142857143	baseline
COG1585	0.0	0.07902001116293968	0.020769290821670935	1.2949969558742607	0.4873012491418563	0.47406851171397457	0.5126987508581438	0.5259314882860254	0.5714285714285714	baseline
COG1586	0.0	0.3279167235441612	0.7666307229476956	1.308059454623599	0.41423120263736907	0.34104288149077067	0.5857687973626309	0.6589571185092293	0.7142857142857143	baseline
COG1587	0.0	0.17668102144567194	0.5648213015493074	0.8369802840480893	0.566618088271351	0.6452385022308584	0.566618088271351	0.6452385022308584	0.5714285714285714	endpoint
COG1589	0.0	0.36341933767843015	0.07065549431926908	1.7362175062547092	0.44198004543896807	0.48816040016226503	0.5580199545610319	0.511839599837735	0.7142857142857143	baseline
COG1592	0.0	0.6065027591175737	0.46537159785804877	1.7796910454661627	0.6721967074853277	0.6608093471615416	0.6721967074853277	0.6608093471615416	0.8571428571428571	endpoint
COG1593	0.0	0.5894674006513527	0.8671072529791105	1.6320207715463542	0.6775591673563489	0.7415315043544839	0.6775591673563489	0.7415315043544839	0.7142857142857143	endpoint
COG1595	0.0	0.4992801099268745	1.0153590340665282	1.4717009261018485	0.6102668213740846	0.6796790425001775	0.6102668213740846	0.6796790425001775	0.5714285714285714	endpoint
COG1596	0.0	0.16915682231709006	0.2258479687674771	1.318466909320284	0.43318123357467636	0.44538359461387067	0.5668187664253237	0.5546164053861293	0.5714285714285714	baseline
COG1597	0.0	0.5573924335867491	0.8879708369248234	1.289357885291194	0.3598646399796751	0.25891665027781413	0.6401353600203249	0.7410833497221858	0.8571428571428571	baseline
COG1598	0.0	0.2683961150426378	0.45432909656854653	1.400506963458696	0.4207915684003692	0.3824057162716709	0.5792084315996309	0.617594283728329	0.7142857142857143	baseline
COG1600	0.0	0.5099196535342917	1.2262103756152665	1.494526942459487	0.372807090705537	0.16964658927388152	0.627192909294463	0.8303534107261185	0.7142857142857143	baseline
COG1605	0.0	0.8110326610357701	0.915267913260602	1.8796031354338862	0.2640456754485459	0.19072765571498523	0.7359543245514542	0.8092723442850147	1.0	baseline
COG1606	0.0	0.07392630349187748	0.2995975440206891	1.4728239892186723	0.5375857340608768	0.42238123243350784	0.5375857340608768	0.5776187675664921	0.5714285714285714	endpoint
COG1607	0.0	0.3701103479752277	0.9816975440504698	1.453499972021959	0.6328281546045942	0.778637576844921	0.6328281546045942	0.778637576844921	0.7142857142857143	endpoint
COG1609	0.0	1.0347103517758771	0.9470016313061148	1.469593297600271	0.18978036787504501	0.19333003711297694	0.810219632124955	0.8066699628870231	1.0	baseline
COG1610	0.0	0.3972772535434276	0.5900482256501268	1.40042317144701	0.6623521826271269	0.7414638135689277	0.6623521826271269	0.7414638135689277	0.5714285714285714	endpoint
COG1611	0.0	0.8125981438782119	1.0867787750554996	1.3816676356164705	0.2680827392570731	0.20052806332395567	0.731917260742927	0.7994719366760443	0.8571428571428571	baseline
COG1613	0.0	0.5655870100051809	0.9671218789230547	1.412316341633965	0.6853485366460509	0.7392882954562979	0.6853485366460509	0.7392882954562979	0.8571428571428571	endpoint
COG1614	0.0	0.9501285394654909	1.2812058711238181	1.7592204892128087	0.7936039504039548	0.894372159742809	0.7936039504039548	0.894372159742809	0.8571428571428571	endpoint
COG1615	0.0	0.15582194220578763	0.23811309053013802	1.3153970223345517	0.44840074706181515	0.44200287186597853	0.5515992529381848	0.5579971281340215	0.5714285714285714	baseline
COG1619	0.0	0.04350539865140839	0.4574513944588032	1.5228578160555466	0.5391944807404255	0.5465564527142271	0.5391944807404255	0.5465564527142271	0.5714285714285714	endpoint
COG1620	0.0	0.2363091235345764	0.783260924819739	1.5134284823375848	0.47628561199148295	0.33636181705164186	0.5237143880085171	0.6636381829483582	0.5714285714285714	baseline
COG1621	0.0	0.6918511169597671	1.2058491959402413	1.4488983557129027	0.7308924010694503	0.8400124671583845	0.7308924010694503	0.8400124671583845	0.7142857142857143	endpoint
COG1622	0.0	0.3761745049982576	0.39907269951804447	1.594606656704679	0.3761015218443921	0.33394283577536277	0.6238984781556078	0.6660571642246372	0.7142857142857143	baseline
COG1623	0.0	0.4183165680683084	0.7572451085002452	1.137804917691782	0.6794058680079257	0.8014310665547452	0.6794058680079257	0.8014310665547452	0.7142857142857143	endpoint
COG1624	0.0	0.8010597458748823	0.9925525169332844	1.2658668846351984	0.7240702512667682	0.7452334677502743	0.7240702512667682	0.7452334677502743	1.0	endpoint
COG1625	0.0	0.5527259371983361	0.48493789943391774	1.5013889078373603	0.6798085794807863	0.6265633675836684	0.6798085794807863	0.6265633675836684	0.7142857142857143	endpoint
COG1626	0.0	0.4303956089763045	0.5242156389462397	1.807613985814683	0.4504887814434292	0.3453698755517255	0.5495112185565708	0.6546301244482745	0.5714285714285714	baseline
COG1629	0.0	1.0547823388155597	1.2263688658594094	1.641100116136889	0.18315712272022783	0.05528757916453428	0.8168428772797722	0.9447124208354657	1.0	baseline
COG1633	0.0	0.10979992034129059	0.3880933591410687	1.6851324987917153	0.524776951147331	0.3887600269392162	0.524776951147331	0.6112399730607838	0.5714285714285714	baseline
COG1635	0.0	0.5325688707443664	0.4696530690043171	1.4746208846341753	0.3370447113145036	0.40339917581796525	0.6629552886854964	0.5966008241820348	0.8571428571428571	baseline
COG1636	0.0	0.902478484935096	0.7602325413151021	1.4629015406566852	0.7959072347567364	0.7857733867448379	0.7959072347567364	0.7857733867448379	0.8571428571428571	endpoint
COG1637	0.0	0.2568699918198357	0.30501613150406914	1.121629149730861	0.4223097429887518	0.40549470971455764	0.5776902570112482	0.5945052902854424	0.8571428571428571	baseline
COG1638	0.0	0.09666046752283933	0.1058655591863205	1.2710530282459436	0.5254646652729283	0.488194241230209	0.5254646652729283	0.5118057587697911	0.5714285714285714	endpoint
COG1640	0.0	0.21680246644727014	0.6349161228295012	1.3016338742503952	0.6105207531582402	0.6616252633203208	0.6105207531582402	0.6616252633203208	0.5714285714285714	endpoint
COG1641	0.0	0.5776033931559581	0.9774951232117148	1.2724206913786504	0.666266317543882	0.6411863957777205	0.666266317543882	0.6411863957777205	0.7142857142857143	endpoint
COG1643	0.0	0.5394374348804749	0.3890795704100996	1.4080114761327303	0.34210594591942745	0.4003909072580821	0.6578940540805726	0.599609092741918	0.7142857142857143	baseline
COG1648	0.0	0.4689653837782674	0.7708068116729504	1.6822053274646709	0.5970272440215084	0.672316081074254	0.5970272440215084	0.672316081074254	0.7142857142857143	endpoint
COG1649	0.0	0.18936102157304566	0.25871588688807046	1.3091122136657596	0.4244469469786995	0.43704395002704616	0.5755530530213004	0.5629560499729538	0.5714285714285714	baseline
COG1651	0.0	1.0201383572734866	1.1251778203047813	1.5515191780414834	0.20605497494539288	0.1504806129941574	0.7939450250546072	0.8495193870058426	0.8571428571428571	baseline
COG1652	0.0	0.10431625614890146	0.0331745720778995	1.3803166616811875	0.515435027905707	0.5209501770631949	0.515435027905707	0.5209501770631949	0.5714285714285714	endpoint
COG1653	0.0	0.046006284959087075	0.30567580216769835	1.3978284448155318	0.5004878975530851	0.42020118913484444	0.5004878975530851	0.5797988108651555	0.5714285714285714	baseline
COG1654	0.0	0.8377492596186623	0.999090249309022	1.3892683509410861	0.737032610478339	0.6678622885048326	0.737032610478339	0.6678622885048326	1.0	endpoint
COG1655	0.0	0.7171348729756366	1.2114570867351462	1.4196202970278797	0.7558314434082156	0.9222682697765746	0.7558314434082156	0.9222682697765746	0.7142857142857143	endpoint
COG1658	0.0	0.24625990512099175	0.6077802442754353	1.7485557430357135	0.6108249127918592	0.706203332156372	0.6108249127918592	0.706203332156372	0.5714285714285714	endpoint
COG1660	0.0	0.20576912403902275	0.6127133759242256	1.3020106070713924	0.47199303492151656	0.28694381056129625	0.5280069650784834	0.7130561894387037	0.7142857142857143	baseline
COG1661	0.0	0.305120825288356	0.6137217792198597	1.1861576524409745	0.6370040633194222	0.7402420399513545	0.6370040633194222	0.7402420399513545	0.5714285714285714	endpoint
COG1662	0.0	0.4871702911488775	0.48818528861765803	1.3457662656732052	0.33118650998976	0.3730736932528791	0.66881349001024	0.6269263067471209	0.7142857142857143	baseline
COG1663	0.0	0.13318681806042768	0.2646110181869591	1.476853812784869	0.48664176362377515	0.43681659589059013	0.5133582363762248	0.5631834041094099	0.7142857142857143	baseline
COG1664	0.0	0.6831521562922244	1.25293533817912	1.414966018047892	0.27143832811343455	0.11761852901379913	0.7285616718865655	0.8823814709862009	0.5714285714285714	baseline
COG1666	0.0	0.02667783923409509	0.03167115777593274	1.242835448110766	0.5064985684183406	0.4758781894680916	0.5064985684183406	0.5241218105319084	0.5714285714285714	baseline
COG1668	0.0	0.34006451423921696	0.7369010573483452	1.271638104022449	0.5935108070413738	0.5929442723829494	0.5935108070413738	0.5929442723829494	0.7142857142857143	endpoint
COG1669	0.0	0.23322690647072994	0.10661278551640127	1.3004534985517735	0.3889750427553085	0.43432909017079874	0.6110249572446915	0.5656709098292012	0.5714285714285714	baseline
COG1670	0.0	0.6009322153057344	0.5449516007859723	1.325795728656121	0.311778714293182	0.3343819315952868	0.688221285706818	0.6656180684047133	0.8571428571428571	baseline
COG1671	0.0	0.5850662908704066	1.0882823958852959	1.4228533335648086	0.677621218691065	0.7068103266893249	0.677621218691065	0.7068103266893249	0.7142857142857143	endpoint
COG1672	0.0	0.4450850357483814	0.5957608022889412	1.2822892146839553	0.6551308978730203	0.6584704438572276	0.6551308978730203	0.6584704438572276	0.7142857142857143	endpoint
COG1674	0.0	0.2238052144274259	0.03587427481666248	1.2944038570524787	0.41076752240581144	0.5169688810368713	0.5892324775941886	0.5169688810368713	0.5714285714285714	baseline
COG1678	0.0	0.7574222124356285	1.2270878942342676	1.6351801040147746	0.24489926495462497	0.08937617034284458	0.755100735045375	0.9106238296571554	0.7142857142857143	baseline
COG1679	0.0	0.18932872967851885	0.6324808416855626	1.4593749162414142	0.5392967860786774	0.6202749557921764	0.5392967860786774	0.6202749557921764	0.5714285714285714	endpoint
COG1680	0.0	0.08018142681244134	0.3431485102562435	1.2655406259487736	0.4888478868594306	0.5855066124991898	0.5111521131405694	0.5855066124991898	0.5714285714285714	endpoint
COG1682	0.0	0.5346532695104832	0.8048529307997949	1.1267592508230406	0.3390108272156607	0.31268456969409186	0.6609891727843393	0.6873154303059081	0.8571428571428571	baseline
COG1683	0.0	0.35634435233458095	0.7806432975554296	1.5209877431000145	0.6345842160471776	0.8098231196753769	0.6345842160471776	0.8098231196753769	0.5714285714285714	endpoint
COG1684	0.0	0.7655674078023532	0.5594695094696612	1.447004663204997	0.7448965167577742	0.7183823397150748	0.7448965167577742	0.7183823397150748	1.0	endpoint
COG1686	0.0	0.701572514136999	0.675078074197736	1.7937581778027785	0.6899982711533804	0.6937122477295135	0.6899982711533804	0.6937122477295135	0.8571428571428571	endpoint
COG1687	0.0	0.13976756813312635	0.2840503443195692	0.6422063449940004	0.556319525477413	0.5177723899207598	0.556319525477413	0.5177723899207598	0.5714285714285714	endpoint
COG1690	0.0	0.21583161660715905	0.42358929757544866	1.228904959844527	0.5561837390058709	0.6794083421221568	0.5561837390058709	0.6794083421221568	0.5714285714285714	endpoint
COG1691	0.0	0.35668923123418306	0.7224924941161941	1.3823238763515393	0.6008916688290356	0.6820988596166936	0.6008916688290356	0.6820988596166936	0.7142857142857143	endpoint
COG1692	0.0	0.12513126379351	0.07451500808448543	1.3551855715495584	0.5193710362604663	0.4921498422046559	0.5193710362604663	0.507850157795344	0.5714285714285714	endpoint
COG1694	0.0	0.7783460335951655	1.2974934485613216	1.6120490767213747	0.2750954442523875	0.09888090055212348	0.7249045557476125	0.9011190994478765	0.8571428571428571	baseline
COG1695	0.0	0.34121741912616005	0.18138942611134834	1.2660094054205522	0.6118609619797664	0.57028757922558	0.6118609619797664	0.57028757922558	0.7142857142857143	endpoint
COG1696	0.0	0.9393430794589264	1.0907327421085478	1.9575376241175118	0.7622511623942645	0.8265191429371499	0.7622511623942645	0.8265191429371499	0.8571428571428571	endpoint
COG1699	0.0	0.29875371899888836	0.0037972040608183757	1.3060135415399947	0.6334941378206833	0.5112577427461272	0.6334941378206833	0.5112577427461272	0.5714285714285714	endpoint
COG1700	0.0	0.4399171619461172	0.7229569704562131	1.3105017049097987	0.6531282249156761	0.7190771755489498	0.6531282249156761	0.7190771755489498	0.7142857142857143	endpoint
COG1702	0.0	0.25690979348762655	0.04058398496081351	1.1753090760917786	0.6012838662319562	0.5188221290340266	0.6012838662319562	0.5188221290340266	0.5714285714285714	endpoint
COG1703	0.0	0.6819282001572639	0.8639850032974736	1.6330087734076695	0.2922229266768772	0.28393575162960244	0.7077770733231228	0.7160642483703976	0.7142857142857143	baseline
COG1704	0.0	0.1750737070633194	0.534834913437489	1.6821903552146966	0.47528197455980686	0.379476575405351	0.5247180254401931	0.6205234245946489	0.7142857142857143	baseline
COG1705	0.0	0.5831646430022757	0.6131669261269828	1.513979035837368	0.3389157076797772	0.33862411556642685	0.6610842923202228	0.6613758844335731	0.7142857142857143	baseline
COG1706	0.0	0.8185075500689608	1.2228295227930548	1.7908310420895004	0.29683334251160026	0.17334820063563322	0.7031666574883997	0.8266517993643667	0.8571428571428571	baseline
COG1708	0.0	0.39622273350492004	0.0707825167044467	1.5358952184846741	0.3647732134484814	0.45887118174064845	0.6352267865515187	0.5411288182593516	0.5714285714285714	baseline
COG1712	0.14285714285714285	0.7523970249514554	0.4742931580079848	2.0749989403619433	0.716939342649556	0.6383684731847883	0.716939342649556	0.6383684731847883	0.8571428571428571	endpoint
COG1713	0.0	1.056756280970726	1.1038994940407842	1.7305584498442217	0.8135045767528615	0.7578884682677408	0.8135045767528615	0.7578884682677408	1.0	endpoint
COG1714	0.0	0.7621149577751866	0.9184883814607007	1.5876263965762851	0.736874766571918	0.8654618634546309	0.736874766571918	0.8654618634546309	0.7142857142857143	endpoint
COG1715	0.0	0.3322627797931888	0.5580350963399571	1.6265930047746808	0.6479235067819434	0.6903466369643515	0.6479235067819434	0.6903466369643515	0.5714285714285714	endpoint
COG1716	0.0	0.5059263274724352	1.0419462174573735	1.4037523884707972	0.36283018691702784	0.2580240277857722	0.6371698130829722	0.7419759722142278	0.7142857142857143	baseline
COG1720	0.0	0.5809826818213043	0.8061817773498301	1.237629456544971	0.6676073287204735	0.6855689591975755	0.6676073287204735	0.6855689591975755	0.8571428571428571	endpoint
COG1721	0.0	0.49385587520702334	0.8689888123142813	1.6284321300802402	0.3281489206912745	0.21493948879097632	0.6718510793087256	0.7850605112090236	0.8571428571428571	baseline
COG1722	0.0	0.1322449434931052	0.5555323625774026	1.3966992840777537	0.5020923205730353	0.6430669349035271	0.5020923205730353	0.6430669349035271	0.5714285714285714	endpoint
COG1725	0.0	0.5513498650007886	0.807960220909356	1.357215804883464	0.6592392995388713	0.6784842865798645	0.6592392995388713	0.6784842865798645	0.7142857142857143	endpoint
COG1726	0.0	0.5965689050628015	1.1464319538372714	1.5331914292689455	0.3200886963201321	0.18083472026989325	0.6799113036798679	0.8191652797301068	0.7142857142857143	baseline
COG1728	0.14285714285714285	1.0415962736064215	1.5157954297069398	2.132352858338097	0.7609613543537617	0.8870561338676173	0.7609613543537617	0.8870561338676173	0.8571428571428571	endpoint
COG1729	0.0	1.3221599388551977	1.340027212380933	1.6764460563988008	0.12114563046307032	0.12127521847420394	0.8788543695369296	0.878724781525796	1.0	baseline
COG1732	0.0	0.11029782894598071	0.11059864580982372	1.297157851699011	0.47570995419997464	0.452261821765944	0.5242900458000254	0.547738178234056	0.5714285714285714	baseline
COG1733	0.0	0.13189156094937485	0.3527348511720906	1.144525895981827	0.542080588695519	0.5513747502400407	0.542080588695519	0.5513747502400407	0.7142857142857143	endpoint
COG1734	0.0	0.9568264877113523	1.2942308380625296	1.4991863015791016	0.23449436764394838	0.15607533906353943	0.7655056323560516	0.8439246609364606	0.8571428571428571	baseline
COG1735	0.0	1.2018397348571697	1.0388500811433543	1.80011333594795	0.15068897376102647	0.1296154550353086	0.8493110262389736	0.8703845449646914	1.0	baseline
COG1737	0.0	0.3379177889494413	0.23059265704241005	1.513941673103204	0.417467039471005	0.4471306981181863	0.5825329605289951	0.5528693018818137	0.7142857142857143	baseline
COG1738	0.0	0.5552659720417652	0.8216853748100128	1.9605164089136893	0.3438050179575659	0.23739762872574852	0.6561949820424341	0.7626023712742515	0.8571428571428571	baseline
COG1739	0.0	0.09409095522182602	0.39471061272723734	0.9841342388502037	0.5292485848138596	0.6064072991187355	0.5292485848138596	0.6064072991187355	0.5714285714285714	endpoint
COG1740	0.0	0.7508307954958804	0.5917834374838163	1.443462788846901	0.25987518089828887	0.3020323152403022	0.7401248191017111	0.6979676847596978	1.0	baseline
COG1741	0.0	0.6084088270027596	1.072326996041441	1.5588667338469522	0.2790865896048416	0.14523215076994514	0.7209134103951584	0.8547678492300549	0.7142857142857143	baseline
COG1742	0.0	0.5384637333298301	1.1980197753320572	1.6615535474139023	0.360524771260697	0.20418372469779442	0.6394752287393031	0.7958162753022056	0.7142857142857143	baseline
COG1743	0.0	0.2557959511886894	0.20008314965458543	1.4210898855663943	0.5904280398374073	0.562786018246411	0.5904280398374073	0.562786018246411	0.7142857142857143	endpoint
COG1744	0.14285714285714285	1.0839589946582173	1.1931707084520418	2.13164421672812	0.8110491953275785	0.9255604992764371	0.8110491953275785	0.9255604992764371	1.0	endpoint
COG1748	0.0	0.10166097016079652	0.3547830647873666	1.4067131063026812	0.4608794336242873	0.43025347519515167	0.5391205663757127	0.5697465248048483	0.5714285714285714	baseline
COG1749	0.0	0.28839711983037614	0.4926103614562454	1.509069963072061	0.5662336405308602	0.6434173742534939	0.5662336405308602	0.6434173742534939	0.5714285714285714	endpoint
COG1752	0.0	0.6808274718437125	1.0529034761606297	1.5179389984088938	0.7203929831453059	0.8480902036165869	0.7203929831453059	0.8480902036165869	0.7142857142857143	endpoint
COG1754	0.0	0.12663736225165384	0.24533713563471207	1.1814964425770704	0.5629020265248018	0.5551351652178248	0.5629020265248018	0.5551351652178248	0.5714285714285714	endpoint
COG1755	0.0	0.11614292280266524	0.0728300027245374	1.1186150963598807	0.5389779429991955	0.5302208201155343	0.5389779429991955	0.5302208201155343	0.5714285714285714	endpoint
COG1757	0.0	0.8345382570660647	1.3376894721103159	1.774425504322547	0.7182380619979934	0.9219222287318957	0.7182380619979934	0.9219222287318957	0.7142857142857143	endpoint
COG1758	0.0	0.7758443695625576	1.1627597931561808	1.5794242234769071	0.27058535725745203	0.11279729713899495	0.729414642742548	0.887202702861005	0.8571428571428571	baseline
COG1760	0.0	0.15316880188896595	0.15439497408248115	1.4970832892633967	0.5837271197233516	0.49624998094216394	0.5837271197233516	0.5037500190578361	0.5714285714285714	endpoint
COG1762	0.0	0.3201845043637153	1.1097363702097733	1.3653275710582229	0.4202023421555013	0.28640790695194646	0.5797976578444988	0.7135920930480535	0.5714285714285714	baseline
COG1763	0.0	0.6306698626586295	0.8564922872650206	1.2983166070255168	0.7032195780459796	0.7649128940258032	0.7032195780459796	0.7649128940258032	0.7142857142857143	endpoint
COG1765	0.0	0.45697709843969975	0.5546876686955294	1.3096548593258466	0.35636931687530105	0.37854435402069253	0.643630683124699	0.6214556459793075	0.7142857142857143	baseline
COG1766	0.0	0.007499859953750814	0.38112599438288614	1.2591494266567107	0.5309558213048823	0.6022942296467423	0.5309558213048823	0.6022942296467423	0.5714285714285714	endpoint
COG1767	0.0	0.3413821053759366	0.4920901718246198	1.4197812536618302	0.3979942342706052	0.3533413441733246	0.6020057657293948	0.6466586558266754	0.7142857142857143	baseline
COG1768	0.14285714285714285	1.2488211629728023	1.1832613866892234	2.3274898130967943	0.8595101061299717	0.8719995625472048	0.8595101061299717	0.8719995625472048	1.0	endpoint
COG1770	0.0	0.5127740778729115	0.16449523053219847	1.4151983660230856	0.32114074719489744	0.4428291238066182	0.6788592528051025	0.5571708761933818	0.8571428571428571	baseline
COG1773	0.0	0.4898171835091439	0.6608696577712257	1.3538667990517457	0.6614199409171817	0.7668648058866552	0.6614199409171817	0.7668648058866552	0.7142857142857143	endpoint
COG1774	0.0	1.010425491491749	1.203837017920028	1.736981244050919	0.7775145503129668	0.8394578362189304	0.7775145503129668	0.8394578362189304	1.0	endpoint
COG1775	0.0	0.6603212431121619	1.0765519298143693	1.5838327562236687	0.6672098132569568	0.7156059783333483	0.6672098132569568	0.7156059783333483	0.8571428571428571	endpoint
COG1776	0.0	1.0657869291936664	1.1423643880061733	1.4528207845558694	0.8209812247585945	0.8425963111289098	0.8209812247585945	0.8425963111289098	1.0	endpoint
COG1778	0.0	0.520630788666623	0.5560337540171529	1.6034305678938414	0.34597408755448134	0.3783209078282279	0.6540259124455187	0.6216790921717721	0.5714285714285714	baseline
COG1780	0.14285714285714285	0.09462037840648774	0.6834993024424452	2.098361886588696	0.5003887384679188	0.7083471905373354	0.5003887384679188	0.7083471905373354	0.5714285714285714	baseline
COG1781	0.0	0.3382758960798786	0.12868673768746441	1.1600174969690895	0.6408143848286195	0.543106517404443	0.6408143848286195	0.543106517404443	0.8571428571428571	endpoint
COG1783	0.0	0.5472466122908823	1.1664813166357453	1.6249553194725217	0.33064577361754965	0.17758071760250055	0.6693542263824503	0.8224192823974994	0.7142857142857143	baseline
COG1785	0.0	0.32440784002006123	0.07001443998896104	1.6987481065366496	0.4276061720358962	0.4883370985268671	0.5723938279641039	0.5116629014731329	0.5714285714285714	baseline
COG1788	0.0	0.39691120065729196	0.47342753660366765	1.5941462603319352	0.40910640087597994	0.30842069330777444	0.5908935991240201	0.6915793066922256	0.7142857142857143	baseline
COG1791	0.0	0.24433883758719555	0.2130074348559499	1.3094775655325808	0.44639865700849635	0.43526226488817576	0.5536013429915037	0.5647377351118242	0.5714285714285714	baseline
COG1792	0.0	0.8934817770100658	1.2196036410719564	1.346766905194066	0.801855436116571	0.9012273197607977	0.801855436116571	0.9012273197607977	0.8571428571428571	endpoint
COG1793	0.0	0.2761249148039092	0.7304567597499295	1.3881092698572948	0.5399745755669944	0.591874537992162	0.5399745755669944	0.591874537992162	0.5714285714285714	endpoint
COG1794	0.0	0.5694817273225103	0.9556021845371989	1.5818323436361392	0.3483814538331587	0.2688161219677397	0.6516185461668413	0.7311838780322604	0.7142857142857143	baseline
COG1797	0.0	0.45401707118502316	0.22614666287527838	1.691488917915919	0.6285088252060007	0.5485480755410277	0.6285088252060007	0.5485480755410277	0.8571428571428571	endpoint
COG1799	0.0	0.2985075816305721	1.211545837784093	1.5000185326137436	0.40735230333713723	0.1911607920899527	0.5926476966628628	0.8088392079100473	0.5714285714285714	baseline
COG1801	0.0	0.9781017212954374	1.3464015696915446	1.8830228699312044	0.23232699705900636	0.07298170936535885	0.7676730029409936	0.9270182906346411	0.8571428571428571	baseline
COG1802	0.0	0.44756301829720074	0.5607192135260699	1.7288781213209004	0.3953928993136885	0.35308065162827085	0.6046071006863115	0.6469193483717292	0.7142857142857143	baseline
COG1803	0.0	0.23823244100939214	0.3597363806682616	1.4261430673767566	0.5924484861678782	0.6093247930981163	0.5924484861678782	0.6093247930981163	0.7142857142857143	endpoint
COG1804	0.0	0.3205974169794033	0.8125314688138446	1.2610099451138124	0.42273711302613765	0.31036476766270993	0.5772628869738623	0.6896352323372901	0.7142857142857143	baseline
COG1805	0.0	0.17487090116197776	0.1600099154418178	1.7264259998705853	0.4635703542092263	0.46000868638567793	0.5364296457907737	0.5399913136143221	0.5714285714285714	baseline
COG1806	0.0	0.5133449098788346	0.6574685101443428	1.3560885910755989	0.33427357044775924	0.3028943729199818	0.6657264295522407	0.6971056270800182	0.7142857142857143	baseline
COG1807	0.0	0.6554169527667542	0.8217916408801258	1.1929641491673137	0.29337359714069017	0.21121691371829082	0.7066264028593099	0.7887830862817091	0.8571428571428571	baseline
COG1808	0.0	0.22870581839059748	0.3369645892576753	1.5928958216470568	0.45492986781560724	0.40505776356742934	0.5450701321843927	0.5949422364325707	0.5714285714285714	baseline
COG1811	0.0	0.37500339871449867	0.8419592028876	1.0918771521543977	0.4245248367316802	0.2982363905382432	0.5754751632683198	0.7017636094617568	0.7142857142857143	baseline
COG1814	0.0	0.5129978789812774	0.887459741274958	1.2846516759079474	0.6780564406338484	0.7466642944788604	0.6780564406338484	0.7466642944788604	0.7142857142857143	endpoint
COG1815	0.0	0.11672068730773776	0.47493509856758637	1.3849378288718337	0.5517136363861386	0.5941916747415902	0.5517136363861386	0.5941916747415902	0.5714285714285714	endpoint
COG1816	0.0	0.49650246836747364	0.8245193300990241	1.3095228219326158	0.6820696077387011	0.705950684265497	0.6820696077387011	0.705950684265497	0.7142857142857143	endpoint
COG1819	0.0	0.7720858775901774	0.9218129009709037	1.5579440357200405	0.2512941290184423	0.19921591328492863	0.7487058709815577	0.8007840867150714	0.8571428571428571	baseline
COG1820	0.0	0.028172273036577076	0.2875113003951643	1.3554325463703982	0.5173667607053396	0.42838689193300694	0.5173667607053396	0.5716131080669931	0.5714285714285714	endpoint
COG1823	0.0	0.4265185370513697	0.6563921349352605	1.3618496534693139	0.3842629699021338	0.3597433335803821	0.6157370300978662	0.6402566664196179	0.8571428571428571	baseline
COG1825	0.0	0.4468899726381327	0.2774375086583561	1.4120479834981556	0.6423368072700496	0.5780539446689973	0.6423368072700496	0.5780539446689973	0.7142857142857143	endpoint
COG1826	0.0	0.6755666688537701	0.48102491564875	1.3871403613816804	0.2991935592366164	0.3431920137129737	0.7008064407633836	0.6568079862870263	1.0	baseline
COG1827	0.14285714285714285	0.7271702831589837	1.134449325134396	2.0843727126057807	0.6919145294137904	0.8166205921411289	0.6919145294137904	0.8166205921411289	0.7142857142857143	endpoint
COG1830	0.0	0.05649246178224632	0.005276984594746143	1.4974427269323205	0.5215828726394984	0.5090902093998668	0.5215828726394984	0.5090902093998668	0.5714285714285714	endpoint
COG1834	0.0	0.2795135186106022	0.5744938073809364	1.3650684497159444	0.6455544730264974	0.7153580320734908	0.6455544730264974	0.7153580320734908	0.7142857142857143	endpoint
COG1835	0.0	0.9799350458205279	1.3489630631106957	1.5751216485437607	0.20881129104869522	0.20265751532692225	0.7911887089513048	0.7973424846730778	0.8571428571428571	baseline
COG1837	0.0	0.3234044190299055	0.750502149668022	1.3362972367675006	0.602200691250057	0.688646954402344	0.602200691250057	0.688646954402344	0.5714285714285714	endpoint
COG1838	0.0	0.728168879358729	0.7019618858842662	1.4338563326418134	0.7446104521142729	0.7443471771683428	0.7446104521142729	0.7443471771683428	0.8571428571428571	endpoint
COG1840	0.0	0.48304268843832787	1.1283116221621938	1.4561360359721183	0.3733316309856965	0.2833244699244681	0.6266683690143036	0.7166755300755319	0.7142857142857143	baseline
COG1841	0.0	0.09598388626448806	0.312276438776301	1.9717905211712383	0.5255874182117768	0.5861985866557877	0.5255874182117768	0.5861985866557877	0.5714285714285714	baseline
COG1842	0.0	0.06810000930125375	0.17430480835170062	1.3966339386063658	0.4705080524240239	0.45463463084676936	0.5294919475759761	0.5453653691532306	0.5714285714285714	baseline
COG1843	0.0	1.0042012414400945	1.0893052763164117	1.5101068701979339	0.818149349578081	0.8596935915542356	0.818149349578081	0.8596935915542356	1.0	endpoint
COG1845	0.0	0.45782988495809074	1.2241615305974323	1.5552277304355948	0.403026167969526	0.22701025472091185	0.596973832030474	0.7729897452790881	0.7142857142857143	baseline
COG1846	0.0	1.0626255501852835	1.1537933548606707	1.6596769675314833	0.8106689318574632	0.7461223513027878	0.8106689318574632	0.7461223513027878	1.0	endpoint
COG1847	0.0	0.09515383662620344	0.6722466938490158	1.1053645992747054	0.5633588826864679	0.7016709790610289	0.5633588826864679	0.7016709790610289	0.5714285714285714	endpoint
COG1850	0.0	0.3469564578907577	0.7935575799102682	1.0439916294585168	0.3785298683403469	0.29069606286648514	0.6214701316596531	0.7093039371335148	0.5714285714285714	baseline
COG1852	0.0	0.10319838581624287	0.09123135798357275	1.1447191745640208	0.553782182778186	0.5345226873126383	0.553782182778186	0.5345226873126383	0.5714285714285714	endpoint
COG1853	0.0	0.3635474044928472	0.9879299676295691	1.3001422091762975	0.5682834965312811	0.6794715649938036	0.5682834965312811	0.6794715649938036	0.7142857142857143	endpoint
COG1854	0.0	0.3684203786838348	0.4482935047052624	1.3149903427444118	0.4204701266300015	0.3726418718967678	0.5795298733699985	0.6273581281032322	0.8571428571428571	baseline
COG1857	0.0	0.9192741206674011	1.0660157595152921	1.689504226196716	0.7648639318075118	0.8170046926045098	0.7648639318075118	0.8170046926045098	0.8571428571428571	endpoint
COG1858	0.0	0.07547182787816706	0.5516250508673562	1.4129793340931807	0.4860305231598398	0.5870673154345737	0.5139694768401601	0.5870673154345737	0.5714285714285714	baseline
COG1859	0.0	0.4392003855082124	0.30477495584767766	1.3367997895600692	0.36554227706769593	0.4200291271159088	0.6344577229323041	0.5799708728840912	0.7142857142857143	baseline
COG1862	0.0	0.4821689331472228	0.5109559749684631	1.421431532078645	0.6310536837206037	0.6753397607467114	0.6310536837206037	0.6753397607467114	0.7142857142857143	endpoint
COG1864	0.0	0.8571681538916648	1.1663499142110352	1.5933222266940885	0.7271970077908695	0.8054064525501778	0.7271970077908695	0.8054064525501778	0.8571428571428571	endpoint
COG1865	0.0	0.5479850809283426	1.027897547974124	1.251192446882555	0.6596446333638053	0.7818062837890726	0.6596446333638053	0.7818062837890726	0.7142857142857143	endpoint
COG1866	0.0	0.5165591189150138	1.0242042159447007	1.372079013761127	0.6720015232152148	0.752632999132234	0.6720015232152148	0.752632999132234	0.7142857142857143	endpoint
COG1868	0.0	0.335038285177479	0.7520986683897782	1.471355573812593	0.41502653561161307	0.24982128389202057	0.5849734643883869	0.7501787161079794	0.5714285714285714	baseline
COG1869	0.0	0.47537538235617033	0.6727726137794864	1.48296501586381	0.34998309139868844	0.3559139066919342	0.6500169086013116	0.6440860933080659	0.7142857142857143	baseline
COG1871	0.0	0.8016354103156408	1.1095520999845956	1.7076550924670966	0.7061150408489011	0.7540865785075863	0.7061150408489011	0.7540865785075863	0.8571428571428571	endpoint
COG1872	0.0	0.5882206786846537	0.8159443281665903	1.4421371973368737	0.34144231717679047	0.3224432360263805	0.6585576828232096	0.6775567639736195	0.8571428571428571	baseline
COG1874	0.0	0.472860509329355	0.5083547849319072	1.4426003526589815	0.357080007507249	0.2964319882984735	0.642919992492751	0.7035680117015265	0.7142857142857143	baseline
COG1875	0.0	0.29605035574135946	0.5715834570153114	1.3804029373512603	0.4100329180243996	0.32483008330264634	0.5899670819756004	0.6751699166973537	0.7142857142857143	baseline
COG1876	0.0	0.6175563176939244	0.8524292818843009	1.5063620014876786	0.6451958327484583	0.7124754703134639	0.6451958327484583	0.7124754703134639	0.7142857142857143	endpoint
COG1877	0.0	0.3891092717776015	0.6445386744218995	1.447416554949012	0.39675141284413257	0.2496871527829112	0.6032485871558675	0.7503128472170888	0.7142857142857143	baseline
COG1878	0.0	0.39494771616225843	0.6681703097097998	1.3173881332896418	0.6156883751214597	0.6484504059326593	0.6156883751214597	0.6484504059326593	0.5714285714285714	endpoint
COG1879	0.0	0.6214348874709495	0.5955593554551183	1.2217253934813914	0.6910423848705697	0.6753482103930623	0.6910423848705697	0.6753482103930623	0.8571428571428571	endpoint
COG1881	0.0	0.3074430433975556	0.2760358660730826	1.4845320669716977	0.41665939220352166	0.4247997312387489	0.5833406077964783	0.5752002687612511	0.7142857142857143	baseline
COG1882	0.0	0.4907336764366598	1.1790825701341503	1.4570979117334715	0.6663089924456985	0.8457154109564867	0.6663089924456985	0.8457154109564867	0.7142857142857143	endpoint
COG1883	0.0	0.32566542573862167	0.5644288998293581	1.2502581736315828	0.612761328274105	0.6451467665916419	0.612761328274105	0.6451467665916419	0.5714285714285714	endpoint
COG1884	0.0	0.10773267646197528	0.0684176470361362	1.1511249612515089	0.4568498050367567	0.4944420984056067	0.5431501949632433	0.5055579015943933	0.5714285714285714	baseline
COG1886	0.0	0.4972264159904755	0.101075296533835	1.532408914758783	0.6377825826266413	0.5638949770458175	0.6377825826266413	0.5638949770458175	0.8571428571428571	endpoint
COG1887	0.0	1.086628515443823	1.0899234422849517	1.6896238855878951	0.8257715375934435	0.9081947503646761	0.8257715375934435	0.9081947503646761	1.0	endpoint
COG1893	0.0	0.604572700649361	0.8143399285180394	1.7907292816769305	0.6674285974936552	0.7504441849619061	0.6674285974936552	0.7504441849619061	0.7142857142857143	endpoint
COG1894	0.0	0.5505095865636167	0.8573117431985026	1.5042007636265293	0.6376051602023988	0.7136168916855871	0.6376051602023988	0.7136168916855871	0.8571428571428571	endpoint
COG1896	0.0	0.32077733742675985	0.3328980679418639	1.5362133852689068	0.6365354495658578	0.5675039936658961	0.6365354495658578	0.5675039936658961	0.7142857142857143	endpoint
COG1897	0.0	0.017388810167260953	0.3124201109996977	1.3773202086828755	0.48651265455951165	0.5224816874994143	0.5134873454404884	0.5224816874994143	0.5714285714285714	baseline
COG1898	0.0	0.10601475099939286	0.3461344786116215	1.4937724455766477	0.4271840975867009	0.4056901788550714	0.572815902413299	0.5943098211449286	0.5714285714285714	baseline
COG1902	0.0	0.2968651576631543	0.13490740503625426	1.5641989306075843	0.5602626553235698	0.544733269711065	0.5602626553235698	0.544733269711065	0.7142857142857143	endpoint
COG1903	0.0	0.78689194206692	1.1071524567867554	1.3557087885909507	0.7419733473224509	0.6819727902826369	0.7419733473224509	0.6819727902826369	0.8571428571428571	endpoint
COG1904	0.0	0.017944582534418767	0.09550989995790982	1.3680507952974166	0.5244748983937012	0.48130960355756325	0.5244748983937012	0.5186903964424368	0.5714285714285714	endpoint
COG1905	0.0	0.1638604584721053	0.4632648577191849	1.6456545848054345	0.5310584854548551	0.6959913731172461	0.5310584854548551	0.6959913731172461	0.5714285714285714	endpoint
COG1906	0.0	0.0718952303182068	0.39742433920340337	1.2441988418576344	0.5211734031870525	0.3951327979014564	0.5211734031870525	0.6048672020985436	0.7142857142857143	baseline
COG1907	0.0	0.020938823585016277	0.14142387233963669	1.1484637802143511	0.4861655739446851	0.5372788773940608	0.5138344260553149	0.5372788773940608	0.5714285714285714	baseline
COG1910	0.0	1.127671617351638	1.1413539724164274	1.774048750744618	0.8199392097862842	0.7568337775462692	0.8199392097862842	0.7568337775462692	1.0	endpoint
COG1912	0.0	0.9154506934109429	1.3256838402699758	1.6132032836050423	0.2081359393068483	0.0674009031859847	0.7918640606931517	0.9325990968140153	0.7142857142857143	baseline
COG1914	0.0	0.1768430295875214	0.2248173961368959	1.375618904173316	0.43793209757894097	0.4408056491755568	0.5620679024210591	0.5591943508244432	0.5714285714285714	baseline
COG1915	0.0	0.3333781850061232	0.4480131550057167	1.2419814087017038	0.5996199799244587	0.6552761937035492	0.5996199799244587	0.6552761937035492	0.8571428571428571	endpoint
COG1917	0.0	0.3646387428453335	0.026989617955017142	1.6813530114825053	0.38861323306032375	0.503864960672899	0.6113867669396762	0.503864960672899	0.5714285714285714	baseline
COG1918	0.0	0.35862051156165714	0.8538664302886828	1.2878124002632965	0.6283101715599797	0.6123601792455241	0.6283101715599797	0.6123601792455241	0.7142857142857143	endpoint
COG1921	0.0	0.06496137455063897	0.1957496518215294	1.4201424313115731	0.49803457032716697	0.4037330470601922	0.5019654296728331	0.5962669529398078	0.5714285714285714	baseline
COG1922	0.14285714285714285	0.16947279044418054	0.1289225927942448	2.206602301369185	0.4900674239038058	0.515176116632295	0.5099325760961941	0.515176116632295	0.5714285714285714	endpoint
COG1923	0.0	0.08286539109727434	0.14614526982022433	1.3435529361465461	0.5067331910583679	0.49488055437109263	0.5067331910583679	0.5051194456289074	0.5714285714285714	baseline
COG1924	0.0	0.1282310841111168	0.18065821768553653	1.4805005453811633	0.5389920681843658	0.4709603664759074	0.5389920681843658	0.5290396335240926	0.5714285714285714	endpoint
COG1925	0.0	1.0401730527712618	1.1901853884213638	1.6456087333709255	0.7922157273525956	0.7463601845359558	0.7922157273525956	0.7463601845359558	1.0	endpoint
COG1928	0.0	0.5005560597460633	0.6461854623172854	1.1441338954722173	0.6669152703551592	0.5994588634725428	0.6669152703551592	0.5994588634725428	0.7142857142857143	endpoint
COG1929	0.0	0.12017612188563893	0.08026582558428728	1.2432691106713323	0.4686392057645587	0.48551143620160253	0.5313607942354412	0.5144885637983975	0.5714285714285714	baseline
COG1930	0.0	0.3764572964733211	0.8951798858427465	1.5090508169845906	0.6097322155131026	0.797814448089522	0.6097322155131026	0.797814448089522	0.7142857142857143	endpoint
COG1932	0.0	0.41333863210765637	0.39053922187754464	1.315417511331468	0.6204206534367127	0.6152827800640169	0.6204206534367127	0.6152827800640169	0.8571428571428571	endpoint
COG1934	0.0	0.9656116954904127	1.3234614589839766	1.4354520261585855	0.22988809700473106	0.12094603113177985	0.770111902995269	0.8790539688682202	0.8571428571428571	baseline
COG1937	0.0	0.7633346335516233	1.074550316528979	1.5834451063961097	0.7433870744023309	0.9241321530366287	0.7433870744023309	0.9241321530366287	0.8571428571428571	endpoint
COG1939	0.0	0.41954273321044766	0.3736410570553603	1.7366197892780548	0.6174098545867155	0.5326441839440823	0.6174098545867155	0.5326441839440823	0.5714285714285714	endpoint
COG1940	0.0	0.6580714285231162	0.7384962603864178	1.3202865473120033	0.3145279936954521	0.2770660782820759	0.6854720063045479	0.722933921717924	0.8571428571428571	baseline
COG1943	0.0	0.12396091559110364	0.26371474105480797	1.5774302079885532	0.4453120334286642	0.5742416545731387	0.5546879665713358	0.5742416545731387	0.5714285714285714	baseline
COG1944	0.0	0.5392737494037535	0.6795313413489085	1.7286515222738663	0.3686295745500268	0.3578206726465803	0.6313704254499732	0.6421793273534198	0.7142857142857143	baseline
COG1946	0.0	0.2529405028882597	0.3185656872616375	1.362052471583122	0.4268366354999315	0.3753429904372623	0.5731633645000684	0.6246570095627377	0.7142857142857143	baseline
COG1947	0.0	0.11069981268685658	0.3628039086357329	1.3809834338147007	0.5215636439526427	0.3997114793102876	0.5215636439526427	0.6002885206897124	0.5714285714285714	endpoint
COG1949	0.0	0.11553847400829408	0.09937076725461129	1.3386507374833678	0.48069789159692966	0.48024540524391196	0.5193021084030703	0.519754594756088	0.5714285714285714	baseline
COG1951	0.0	0.584351441307997	0.3618622396537674	1.7186846497710677	0.6718592599011977	0.6175641547899798	0.6718592599011977	0.6175641547899798	0.8571428571428571	endpoint
COG1953	0.0	0.9878490278901648	1.2272014893692431	1.4296920922817733	0.20399253670355286	0.17598847516381105	0.7960074632964471	0.824011524836189	1.0	baseline
COG1954	0.0	0.3119367747446761	0.6843030520281377	1.465793712463191	0.6083176265977751	0.6962549939821421	0.6083176265977751	0.6962549939821421	0.7142857142857143	endpoint
COG1956	0.0	0.05292688796716845	0.11356649170585986	1.4353231782050682	0.5170151230396216	0.4517691681022883	0.5170151230396216	0.5482308318977117	0.5714285714285714	endpoint
COG1957	0.0	1.1004599845631138	1.0249916236990977	1.7740437220120844	0.1950422605527606	0.2089010371943129	0.8049577394472394	0.791098962805687	1.0	baseline
COG1959	0.0	0.5662695934361012	0.5287132114440417	1.3566373508509444	0.673464094060604	0.6709507410734593	0.673464094060604	0.6709507410734593	0.8571428571428571	endpoint
COG1960	0.0	0.13025768082763642	1.06250605066957	1.2962480361544713	0.52548284154163	0.2942480006671179	0.52548284154163	0.705751999332882	0.5714285714285714	baseline
COG1961	0.0	1.0495093245459532	1.2354032541870477	1.6669570340735906	0.8061192521813073	0.7866737395227693	0.8061192521813073	0.7866737395227693	1.0	endpoint
COG1963	0.0	0.029102273157897436	0.2747710717313106	1.3774703919864029	0.5576642143133572	0.41686510836119894	0.5576642143133572	0.5831348916388011	0.5714285714285714	endpoint
COG1964	0.0	0.683331502324667	1.2414896939221722	1.715322888201563	0.6742322486412101	0.8462274836820641	0.6742322486412101	0.8462274836820641	0.7142857142857143	endpoint
COG1966	0.0	0.4566183693288045	0.8561231854130851	1.3000469202357035	0.6657444880201437	0.7705811450179129	0.6657444880201437	0.7705811450179129	0.7142857142857143	endpoint
COG1968	0.0	0.4218563707970853	0.7952306790073117	1.47405863599563	0.6457034346684184	0.6026268175071153	0.6457034346684184	0.6026268175071153	0.7142857142857143	endpoint
COG1969	0.0	0.19750228082254456	0.27828193650829364	1.7421903785432058	0.4756016381098488	0.42442689017236696	0.5243983618901512	0.5755731098276331	0.5714285714285714	baseline
COG1970	0.0	0.7558200612024102	1.2150712724576485	1.2583130588510365	0.2716017638343444	0.21902631348087667	0.7283982361656556	0.7809736865191234	0.8571428571428571	baseline
COG1971	0.0	0.27566047257617804	0.6167051644620364	1.6292563346664568	0.5846068964648946	0.6573679070916073	0.5846068964648946	0.6573679070916073	0.7142857142857143	endpoint
COG1972	0.0	0.35133557255428516	0.5581689968271211	1.0971899214299123	0.3849689536648014	0.38270593007808007	0.6150310463351987	0.6172940699219199	0.7142857142857143	baseline
COG1974	0.0	0.06033311126685199	0.5048721743671162	1.5552195001479079	0.4922669978590562	0.6697323729873113	0.5077330021409439	0.6697323729873113	0.5714285714285714	baseline
COG1975	0.0	0.039954968479104416	0.08414317864174206	1.5085312601814898	0.5342862231706257	0.4885302052028978	0.5342862231706257	0.5114697947971022	0.5714285714285714	endpoint
COG1979	0.0	0.03793855642466001	0.09509161000279835	1.6286480689205476	0.5604738153404103	0.49096412041555804	0.5604738153404103	0.509035879584442	0.5714285714285714	endpoint
COG1982	0.0	0.3046589460660509	0.6016108509955487	1.4084154574091108	0.6010804173690506	0.6258518509427983	0.6010804173690506	0.6258518509427983	0.7142857142857143	endpoint
COG1984	0.0	0.46891048164721205	1.0040561427995898	1.4716745613791278	0.7038892840504155	0.8194715918340033	0.7038892840504155	0.8194715918340033	0.7142857142857143	endpoint
COG1985	0.0	0.4651443672097499	0.7079110531837718	1.309523099381737	0.6382714882513121	0.7027622352540625	0.6382714882513121	0.7027622352540625	0.8571428571428571	endpoint
COG1988	0.0	0.5902231908266309	1.146676618613665	1.5514658364616594	0.3649273009958596	0.28027593468989775	0.6350726990041404	0.7197240653101022	0.7142857142857143	baseline
COG1989	0.0	0.4523814632710562	0.6496617574138196	1.4424371808566125	0.6466573819372325	0.6842907087033231	0.6466573819372325	0.6842907087033231	0.8571428571428571	endpoint
COG1994	0.0	0.46928791607353515	0.7077891076783811	1.3341696457257686	0.6278416931172102	0.7380820204163364	0.6278416931172102	0.7380820204163364	0.7142857142857143	endpoint
COG1995	0.0	0.0009869986614289919	0.12447098948851089	1.2389329490424514	0.5188191713881393	0.4826333684362329	0.5188191713881393	0.517366631563767	0.7142857142857143	endpoint
COG2000	0.0	1.1611456130868203	1.3261928601323378	1.926338723222608	0.8207768008485959	0.8790194099161748	0.8207768008485959	0.8790194099161748	0.8571428571428571	endpoint
COG2001	0.0	0.9098967772373374	1.2110955089342788	1.7112872070841445	0.2250645953850989	0.1131300573633644	0.7749354046149011	0.8868699426366355	0.8571428571428571	baseline
COG2002	0.0	0.41752375454845253	0.41678740189971086	1.5252928722023804	0.6770901110212989	0.6225177526153578	0.6770901110212989	0.6225177526153578	0.7142857142857143	endpoint
COG2003	0.0	0.27159409211736246	0.4205102850923739	1.3177387803095457	0.5719832723822037	0.6251089369784733	0.5719832723822037	0.6251089369784733	0.7142857142857143	endpoint
COG2005	0.0	0.7969821422997623	1.0712241511390164	1.9213989351412961	0.2956447764663563	0.262763941698949	0.7043552235336437	0.737236058301051	0.8571428571428571	baseline
COG2006	0.0	0.30867770555543483	0.39362794769184434	1.5142632151202622	0.5450265581218001	0.6577248171772991	0.5450265581218001	0.6577248171772991	0.7142857142857143	endpoint
COG2008	0.0	0.024247270489057726	0.2994281283120784	1.5840414472546827	0.5214174909672326	0.6079134341951208	0.5214174909672326	0.6079134341951208	0.5714285714285714	endpoint
COG2009	0.0	0.7008224091902472	0.9833967852916692	1.4506809085444523	0.3270639836425259	0.22981211936798962	0.672936016357474	0.7701878806320104	0.8571428571428571	baseline
COG2010	0.0	0.5365912402425327	0.8912844263969497	1.1877930938303196	0.31759606639163307	0.22836353184439717	0.6824039336083669	0.7716364681556028	0.8571428571428571	baseline
COG2011	0.0	0.15530755360752563	0.547444637174719	1.4181614957964386	0.4678043611820151	0.31435556919060365	0.5321956388179849	0.6856444308093963	0.5714285714285714	baseline
COG2013	0.0	0.5893989796964572	0.98733950689027	1.2706128339732008	0.6642719246277319	0.6551367197803852	0.6642719246277319	0.6551367197803852	0.8571428571428571	endpoint
COG2015	0.0	0.01356887318869336	0.5872799969170641	1.456439248556539	0.5250038444907099	0.6725063378743298	0.5250038444907099	0.6725063378743298	0.5714285714285714	endpoint
COG2017	0.0	0.3330064772463552	0.42576447310050963	1.031726794471452	0.4106004154692537	0.3767520342728058	0.5893995845307463	0.6232479657271942	0.7142857142857143	baseline
COG2020	0.0	0.12176401451047296	0.08639763845496545	1.1041195009916982	0.4577682046825896	0.5072260432266756	0.5422317953174104	0.5072260432266756	0.5714285714285714	baseline
COG2021	0.0	0.3915042408613578	0.7255857519517993	1.3799374625027614	0.6167393095484185	0.6828220011585994	0.6167393095484185	0.6828220011585994	0.5714285714285714	endpoint
COG2022	0.0	0.0023101806712440315	0.25249077707751977	1.3395083887955523	0.533602419031458	0.5722218999770791	0.533602419031458	0.5722218999770791	0.5714285714285714	endpoint
COG2025	0.0	1.077910767405046	1.1695525143685142	1.4778426328293337	0.8308574188624942	0.8586845479160653	0.8308574188624942	0.8586845479160653	1.0	endpoint
COG2026	0.0	0.26929241276857957	0.2607619420719795	1.3191039775637299	0.4403132912117077	0.3814177142728245	0.5596867087882923	0.6185822857271754	0.5714285714285714	baseline
COG2027	0.0	0.6451463574341344	0.7420042341746935	1.4520121840354687	0.2670284286613019	0.21952419542177626	0.7329715713386982	0.7804758045782237	0.7142857142857143	baseline
COG2030	0.0	0.44463069910533576	0.8810761906081309	1.4890201772338272	0.3948156430034606	0.3243648222228419	0.6051843569965394	0.6756351777771581	0.7142857142857143	baseline
COG2031	0.0	0.6129641997668519	1.0881576520650602	1.6855845807703387	0.3098018227450435	0.11913881505877885	0.6901981772549566	0.8808611849412211	0.7142857142857143	baseline
COG2032	0.0	0.21595289984653054	0.20378632423991222	1.6774712271931218	0.5185863231449871	0.5638067505964267	0.5185863231449871	0.5638067505964267	0.5714285714285714	endpoint
COG2033	0.0	0.7171407386004195	1.2755426457166288	1.5987284066645073	0.6846122006210157	0.7522380289344278	0.6846122006210157	0.7522380289344278	0.7142857142857143	endpoint
COG2035	0.0	0.32110439830903914	0.42258980886773645	1.2676552724233927	0.633107832105041	0.6119876365120654	0.633107832105041	0.6119876365120654	0.8571428571428571	endpoint
COG2038	0.0	0.031009447048491352	0.038137635440258374	1.3517061090386222	0.5423861175797583	0.5181478243158611	0.5423861175797583	0.5181478243158611	0.5714285714285714	baseline
COG2039	0.0	0.24356080533554314	0.6337762733630196	1.3834592184285452	0.42751490183205876	0.36541587895569827	0.5724850981679412	0.6345841210443017	0.5714285714285714	baseline
COG2040	0.0	0.144597244920599	0.05145908037225954	1.1988950215536038	0.5753972272858305	0.5218197089320835	0.5753972272858305	0.5218197089320835	0.5714285714285714	endpoint
COG2041	0.0	0.9022464411156238	1.1403893027915732	1.4251641045008592	0.2467276938008458	0.2011088799343927	0.7532723061991542	0.7988911200656073	0.8571428571428571	baseline
COG2045	0.0	0.7853948877911855	1.3952884110234416	1.648646346339875	0.3152472114625389	0.14702864503000607	0.6847527885374611	0.852971354969994	0.7142857142857143	baseline
COG2048	0.0	0.16510530372382326	0.17344686705298676	1.0775386237085487	0.5763351477028877	0.5289846900849126	0.5763351477028877	0.5289846900849126	0.5714285714285714	endpoint
COG2049	0.0	0.04543276458856861	0.05092506367028791	1.3039093133811306	0.5146081133665031	0.4935988390959726	0.5146081133665031	0.5064011609040274	0.5714285714285714	baseline
COG2050	0.0	0.8760244881872182	0.9602305267631239	1.540741552677784	0.2615519309315553	0.24701125854174338	0.7384480690684447	0.7529887414582566	0.8571428571428571	baseline
COG2055	0.0	0.022213271924064477	0.13068777434897194	1.217456901618647	0.5211437441598653	0.48296283369912535	0.5211437441598653	0.5170371663008746	0.5714285714285714	endpoint
COG2056	0.0	0.3427027556955015	0.219491638206911	1.6922499343478974	0.6186903521284565	0.6026793897807604	0.6186903521284565	0.6026793897807604	0.7142857142857143	endpoint
COG2057	0.0	0.5683284794882822	0.9065324330057715	1.6560333193821675	0.3419309462213849	0.3201391610802418	0.6580690537786151	0.6798608389197582	0.5714285714285714	baseline
COG2059	0.0	0.782132794530108	0.9012590994443953	1.4225402034411687	0.7125091376426582	0.8442518050592799	0.7125091376426582	0.8442518050592799	0.8571428571428571	endpoint
COG2060	0.0	0.03477530757225877	0.1390757543827028	1.5326359707833241	0.481378409342987	0.5586641980109703	0.5186215906570131	0.5586641980109703	0.5714285714285714	endpoint
COG2062	0.0	0.5078227006130602	0.8196209909155336	1.6693919948062395	0.3542027891540992	0.33456620408019755	0.6457972108459008	0.6654337959198025	0.5714285714285714	baseline
COG2065	0.0	0.4390480131466118	0.4310272097484092	1.4441018798154368	0.6202686696093052	0.5802887804498039	0.6202686696093052	0.5802887804498039	0.7142857142857143	endpoint
COG2066	0.0	0.28406435905069777	0.9393001017690644	1.8698842231552086	0.5455356206930414	0.6265419166836376	0.5455356206930414	0.6265419166836376	0.5714285714285714	endpoint
COG2067	0.0	0.10190445035378064	0.028256352697058975	1.4298206745020388	0.49457118129768574	0.4753113418986055	0.5054288187023143	0.5246886581013945	0.5714285714285714	baseline
COG2068	0.0	0.8443782897956955	0.8914410878641811	1.545310740238871	0.752890261195372	0.8108772408264682	0.752890261195372	0.8108772408264682	1.0	endpoint
COG2069	0.0	0.9063966319932162	1.0076398884725744	1.309570232657877	0.769682065164253	0.7897998832607147	0.769682065164253	0.7897998832607147	0.8571428571428571	endpoint
COG2070	0.0	0.5692597562945328	0.5078156096017946	1.5239822200708608	0.6590673145161098	0.5892923699040917	0.6590673145161098	0.5892923699040917	0.7142857142857143	endpoint
COG2071	0.0	0.4816672723375168	0.6939840797058439	1.312947581779884	0.34490240714650516	0.2327151207337888	0.6550975928534948	0.7672848792662113	0.7142857142857143	baseline
COG2073	0.0	0.8254032820943908	1.26477452297017	1.8617166356244381	0.7392612339194512	0.7796603401932201	0.7392612339194512	0.7796603401932201	0.7142857142857143	endpoint
COG2076	0.0	1.026094993516349	1.3069648860151428	1.4791840745317766	0.18037779683564667	0.16739110706413843	0.8196222031643533	0.8326088929358616	1.0	baseline
COG2077	0.0	0.7542718199768838	0.8956746940789095	1.2986290741632052	0.24198727212953322	0.22824074318442822	0.7580127278704668	0.7717592568155718	0.7142857142857143	baseline
COG2078	0.0	0.055491816167552055	0.0516054462755996	1.3342134667524956	0.48641514819776044	0.49341130039920644	0.5135848518022396	0.5065886996007936	0.5714285714285714	baseline
COG2079	0.0	0.10026186249228407	0.27586161184166785	1.4977736462753233	0.5106504831182014	0.6004014036973179	0.5106504831182014	0.6004014036973179	0.5714285714285714	baseline
COG2080	0.0	0.7348093490695724	0.8562956701373009	1.6592143586972457	0.7279199885186914	0.7133793542156391	0.7279199885186914	0.7133793542156391	0.8571428571428571	endpoint
COG2081	0.0	0.6578838548630328	0.668938038681926	1.4405158244786322	0.7255566399355872	0.6944350140496366	0.7255566399355872	0.6944350140496366	0.8571428571428571	endpoint
COG2082	0.0	0.33398126332363426	0.3831657034819108	1.2830219985007716	0.6339809454743082	0.6132503647440151	0.6339809454743082	0.6132503647440151	0.7142857142857143	endpoint
COG2084	0.0	0.5426003197117631	0.45477241598495116	1.3504701397329084	0.3341176743367732	0.3595995572700148	0.6658823256632268	0.6404004427299852	0.8571428571428571	baseline
COG2086	0.0	0.5619363586120231	0.9859888285463716	1.4733926572791272	0.708123406766509	0.8093623112417494	0.708123406766509	0.8093623112417494	0.7142857142857143	endpoint
COG2087	0.0	0.3746590836513131	0.38914005287437764	1.358104028688792	0.6036914642106945	0.604167755528663	0.6036914642106945	0.604167755528663	0.5714285714285714	endpoint
COG2088	0.0	0.866636563033624	1.1488785718345613	1.714043454442498	0.7219830302758921	0.824309248828989	0.7219830302758921	0.824309248828989	0.8571428571428571	endpoint
COG2089	0.0	0.0004192547345936209	0.024964582874203105	1.434288968567204	0.4822279091270917	0.5109731109025979	0.5177720908729083	0.5109731109025979	0.5714285714285714	baseline
COG2091	0.0	0.3841671777754653	0.79078672198713	1.317940545052485	0.6309077672519245	0.6018891337513499	0.6309077672519245	0.6018891337513499	0.7142857142857143	endpoint
COG2094	0.0	0.6257433991861492	0.5580774320710294	1.3669975572595758	0.296255285097429	0.3296741880542437	0.7037447149025711	0.6703258119457562	0.8571428571428571	baseline
COG2095	0.0	0.27531982172351016	0.395125433230402	1.2992648991119087	0.42111605186063217	0.3716188076632178	0.5788839481393678	0.6283811923367821	0.5714285714285714	baseline
COG2096	0.0	0.15395591501722986	0.11769587538866419	1.250261876511398	0.45714377485316954	0.430524842729906	0.5428562251468305	0.569475157270094	0.5714285714285714	baseline
COG2099	0.0	0.2766953382261938	0.5628739246919545	1.1898006381592472	0.582878677798515	0.6447832446422125	0.582878677798515	0.6447832446422125	0.5714285714285714	endpoint
COG2103	0.0	0.47906197687085444	1.1248898632109046	1.5079366097569906	0.3916911648128732	0.2838924718162613	0.6083088351871269	0.7161075281837387	0.7142857142857143	baseline
COG2105	0.14285714285714285	0.6226620150068839	0.9591026077298979	2.260059353300928	0.3505361465132203	0.22655299836496473	0.6494638534867797	0.7734470016350352	0.7142857142857143	baseline
COG2109	0.0	0.7779538062074983	0.7704168800000227	1.7418587804451635	0.7449472348175709	0.758045163305118	0.7449472348175709	0.758045163305118	1.0	endpoint
COG2110	0.0	0.06858381695341446	0.40264784853873953	1.2260281150256227	0.5683653501623889	0.6408156107764972	0.5683653501623889	0.6408156107764972	0.5714285714285714	endpoint
COG2111	0.0	0.3185293775675733	0.2758248363937812	1.2904830173766997	0.3913912402652589	0.4248347615429796	0.6086087597347412	0.5751652384570204	0.7142857142857143	baseline
COG2113	0.0	0.33125668276826964	0.73307477743536	1.48631350982869	0.571405464570968	0.7173445287428727	0.571405464570968	0.7173445287428727	0.5714285714285714	endpoint
COG2115	0.0	0.4300483458927804	0.8127434518921897	1.558125689089305	0.39491715529976024	0.25339914525581114	0.6050828447002398	0.7466008547441889	0.7142857142857143	baseline
COG2116	0.0	0.031805925977856336	0.04114128678632326	1.0258095795796025	0.5055355524800083	0.47136374731442165	0.5055355524800083	0.5286362526855783	0.5714285714285714	baseline
COG2120	0.0	0.3107230452909423	0.05655421784400748	1.4308418309837574	0.4079711575232447	0.45151158892857324	0.5920288424767552	0.5484884110714268	0.7142857142857143	baseline
COG2121	0.0	0.22465675999400458	0.5916853064505544	1.3832938616528583	0.39861223586981953	0.3748704901929535	0.6013877641301805	0.6251295098070465	0.5714285714285714	baseline
COG2127	0.0	0.08312742408356648	0.3287226162009567	1.337829749014109	0.5384954542118219	0.6172513050134522	0.5384954542118219	0.6172513050134522	0.5714285714285714	endpoint
COG2128	0.0	0.6802165812433287	0.9012968678198006	1.3303754265209478	0.29656317935339915	0.21548586330973313	0.7034368206466008	0.7845141366902668	0.8571428571428571	baseline
COG2130	0.0	0.629455251999988	0.944830724852377	1.2861471997580185	0.3465017359253611	0.24720526374411925	0.653498264074639	0.7527947362558808	0.7142857142857143	baseline
COG2131	0.0	0.36456152996628816	0.7964411399456273	1.5130384707820714	0.5744825345288207	0.6993865674667825	0.5744825345288207	0.6993865674667825	0.7142857142857143	endpoint
COG2132	0.0	0.6998493764134358	0.6634981293093557	1.0136563905189997	0.2886567064404194	0.3009723797771011	0.7113432935595806	0.6990276202228989	1.0	baseline
COG2133	0.0	0.09913607857132371	0.14054059271597086	1.8972962691329787	0.5141570764170231	0.5572666610660791	0.5141570764170231	0.5572666610660791	0.5714285714285714	baseline
COG2134	0.0	0.6776252310916094	1.2531214313954862	1.5244258692692065	0.3394686533563526	0.25399879771044365	0.6605313466436473	0.7460012022895564	0.7142857142857143	baseline
COG2135	0.0	0.00705812015424756	0.08171919861570101	1.3602642143114123	0.5105481425789261	0.4940903215612094	0.5105481425789261	0.5059096784387906	0.5714285714285714	endpoint
COG2137	0.0	0.6029988466838488	0.7123307163143867	1.309245639747182	0.7048097257519724	0.6992162017214272	0.7048097257519724	0.6992162017214272	0.8571428571428571	endpoint
COG2140	0.0	0.321483398259429	0.7163797424947747	1.5392234182683946	0.5679330652983944	0.725889620882813	0.5679330652983944	0.725889620882813	0.7142857142857143	endpoint
COG2141	0.0	0.5693875606620796	1.131373072621709	1.3946460227958186	0.37843514956842644	0.28281627817940647	0.6215648504315736	0.7171837218205935	0.7142857142857143	baseline
COG2142	0.0	1.3107854397251089	1.3683891792558818	1.8171568338515454	0.11129963256321336	0.08837986542645802	0.8887003674367866	0.911620134573542	1.0	baseline
COG2145	0.0	0.4237223287113398	0.18660320182015241	1.5820251424111784	0.41234979366383573	0.46957054861325564	0.5876502063361643	0.5304294513867444	0.5714285714285714	baseline
COG2146	0.0	0.7281366502573963	0.9558051270419002	1.4310733345155826	0.2799475664277282	0.2577587255735655	0.7200524335722718	0.7422412744264345	0.8571428571428571	baseline
COG2148	0.0	0.8884856403137399	0.6223945194671411	1.6050315809844353	0.7657321434014625	0.717604082252903	0.7657321434014625	0.717604082252903	1.0	endpoint
COG2151	0.0	0.028852300754012492	0.021777482470321925	1.3630425385039189	0.5237964497298913	0.5182857664676102	0.5237964497298913	0.5182857664676102	0.5714285714285714	baseline
COG2152	0.0	0.3213041727642886	0.6543062849596667	1.1894571353570265	0.6274858843837946	0.7172545120158669	0.6274858843837946	0.7172545120158669	0.7142857142857143	endpoint
COG2153	0.0	0.31325229443774305	0.5839072131908317	1.2866659087903651	0.4257348702468743	0.365092980116667	0.5742651297531257	0.634907019883333	0.7142857142857143	baseline
COG2156	0.0	0.3404785375518184	0.17037775375211764	1.3040319776323712	0.4183877305574734	0.4606732445139471	0.5816122694425265	0.5393267554860529	0.7142857142857143	baseline
COG2159	0.0	0.18185844409092367	0.0961923691996687	1.4157585458470778	0.5295902974192839	0.5356824720738455	0.5295902974192839	0.5356824720738455	0.7142857142857143	endpoint
COG2160	0.0	0.25623774604670446	0.5170382650642961	1.3960025751947693	0.5805931928497404	0.5958587727526052	0.5805931928497404	0.5958587727526052	0.7142857142857143	endpoint
COG2162	0.0	0.7817566373661677	1.0088426942831397	1.3307156624628085	0.27024877303173594	0.24698799871523172	0.729751226968264	0.7530120012847683	0.8571428571428571	baseline
COG2165	0.0	0.6618769553562693	0.8108484394376898	1.4510237491012579	0.2991851232027837	0.32363455244054434	0.7008148767972163	0.6763654475594556	0.7142857142857143	baseline
COG2166	0.0	0.2335571595358654	0.24086397998608422	1.3594785924900772	0.42543828030384834	0.4412446246393618	0.5745617196961517	0.5587553753606382	0.5714285714285714	baseline
COG2169	0.0	0.007236084509081689	0.013271352808704333	1.4500440484479835	0.5018579485880987	0.46841786529055324	0.5018579485880987	0.5315821347094467	0.5714285714285714	baseline
COG2170	0.0	0.9595211283735938	1.10330684630048	1.3523061209998224	0.197879036234105	0.1526336842005144	0.802120963765895	0.8473663157994856	0.8571428571428571	baseline
COG2171	0.0	0.6528941690674889	0.633554566531758	1.1453214857997962	0.3122236360038931	0.29088576761799206	0.687776363996107	0.7091142323820079	0.8571428571428571	baseline
COG2172	0.0	0.22688759417276883	0.1395749461352014	1.4725859595226751	0.54972704220203	0.5461077117419602	0.54972704220203	0.5461077117419602	0.5714285714285714	endpoint
COG2173	0.0	0.08945529124926004	0.05310395823120921	1.242912618694324	0.4916228333033531	0.5256092671869642	0.5083771666966469	0.5256092671869642	0.5714285714285714	endpoint
COG2175	0.0	1.0353732490707592	1.0604471885494475	1.4667380538038781	0.19861728381563368	0.22900863558244944	0.8013827161843663	0.7709913644175506	1.0	baseline
COG2176	0.0	0.9527821617900403	1.3067519865801551	1.6601554925821853	0.7562716371431758	0.884405545426307	0.7562716371431758	0.884405545426307	0.8571428571428571	endpoint
COG2177	0.0	0.8180914117913666	0.7801780549489349	1.2941839137271611	0.7438684745967591	0.7388205403845639	0.7438684745967591	0.7388205403845639	1.0	endpoint
COG2179	0.0	0.28634239563499125	0.049855128716955396	1.3939506927634202	0.6266316255717054	0.5063854425297024	0.6266316255717054	0.5063854425297024	0.5714285714285714	endpoint
COG2180	0.14285714285714285	1.0309441185378951	1.2787572743232105	2.121083658202969	0.2124747611273727	0.11852724059943956	0.7875252388726273	0.8814727594005605	0.8571428571428571	baseline
COG2181	0.0	0.663188133349152	1.2025715344644403	1.788997416592633	0.358553532938976	0.16673856157448505	0.641446467061024	0.8332614384255149	0.7142857142857143	baseline
COG2182	0.0	0.15150968935312217	0.30603774865486927	1.5593882810209834	0.4290176083877094	0.5973494322972083	0.5709823916122906	0.5973494322972083	0.5714285714285714	baseline
COG2183	0.0	0.578843776073554	0.9773977811369496	1.493855060572955	0.6665631707085222	0.6329476330504301	0.6665631707085222	0.6329476330504301	0.7142857142857143	endpoint
COG2184	0.0	0.009723181398955958	0.08538191484412928	0.9806693602043512	0.5182976252281407	0.48479401669574823	0.5182976252281407	0.5152059833042517	0.5714285714285714	baseline
COG2185	0.0	0.14590548326845307	0.08650785350241028	1.3106420036413464	0.46486221524317173	0.48498091919152625	0.5351377847568283	0.5150190808084738	0.5714285714285714	baseline
COG2186	0.14285714285714285	0.7497350290820883	1.1049134406850065	2.366802314610609	0.33497350113047625	0.2030805261807873	0.6650264988695238	0.7969194738192127	0.7142857142857143	baseline
COG2188	0.0	0.28406116013335353	0.014803722528909132	1.42373639188408	0.4200154341184769	0.5171869486177234	0.579984565881523	0.5171869486177234	0.5714285714285714	baseline
COG2189	0.0	0.5515338376837203	0.6894678378453042	1.2500078566344048	0.6588594137194701	0.6520405505809881	0.6588594137194701	0.6520405505809881	0.8571428571428571	endpoint
COG2190	0.0	0.10878062409900317	0.09754679003061235	0.8435445914810958	0.5305121902449887	0.5345231921469488	0.5305121902449887	0.5345231921469488	0.5714285714285714	endpoint
COG2192	0.0	0.7654985401384681	0.9623435544140343	1.374200181001228	0.24096824118776425	0.14060129176873412	0.7590317588122357	0.8593987082312659	0.8571428571428571	baseline
COG2193	0.0	0.466983850173372	0.7030555664437619	1.99665469578375	0.4025230951544785	0.2776759670758354	0.5974769048455215	0.7223240329241646	0.7142857142857143	baseline
COG2194	0.14285714285714285	1.0116436896642091	1.2557652811368276	2.0176564534954458	0.2132802726509501	0.16150016045384938	0.7867197273490499	0.8384998395461506	0.8571428571428571	baseline
COG2195	0.0	0.9629375102392882	1.2094587274181525	1.4889509265061518	0.78944100111732	0.8410073879926608	0.78944100111732	0.8410073879926608	0.8571428571428571	endpoint
COG2197	0.0	0.8445007933311264	1.0760226136583266	1.5337173579021355	0.27073967495275725	0.2160283137304866	0.7292603250472427	0.7839716862695134	0.8571428571428571	baseline
COG2198	0.0	0.6228838371995256	1.1430188283958957	1.4424018111297034	0.3303383109994599	0.26068166187357233	0.66966168900054	0.7393183381264277	0.7142857142857143	baseline
COG2199	0.0	0.6722253812625444	0.6690942071059034	1.274923313909779	0.7066452591245452	0.6658883635748066	0.7066452591245452	0.6658883635748066	0.8571428571428571	endpoint
COG2200	0.0	0.4560151572944142	0.5447813248376118	1.3271258978963525	0.3672318623291832	0.3388143856973724	0.6327681376708167	0.6611856143026276	0.7142857142857143	baseline
COG2201	0.0	0.4304841311727424	0.5437482309074262	1.515826720734115	0.6636495454518696	0.6575641501497531	0.6636495454518696	0.6575641501497531	0.5714285714285714	endpoint
COG2202	0.0	0.8403026086015272	0.9343910719960973	1.5668501743999321	0.26854959758966856	0.2923788183530998	0.7314504024103314	0.7076211816469002	0.8571428571428571	baseline
COG2204	0.0	0.36456145332983614	0.5134369742983261	1.1969761111938404	0.40346397472642215	0.3104586168080935	0.5965360252735779	0.6895413831919065	0.7142857142857143	baseline
COG2205	0.0	0.043805083287594505	0.3377001362926931	1.4190636581179923	0.5086275652045945	0.4087152612070048	0.5086275652045945	0.5912847387929951	0.5714285714285714	endpoint
COG2206	0.0	0.4930064358320209	0.6618894391388586	1.4622299614513472	0.6669216567478516	0.6977390358252725	0.6669216567478516	0.6977390358252725	0.7142857142857143	endpoint
COG2207	0.0	0.6756270518889643	0.7877952149516969	1.7321450506088185	0.7110256996232124	0.7969918267711401	0.7110256996232124	0.7969918267711401	0.8571428571428571	endpoint
COG2208	0.0	0.2882789531529916	0.42991318832792447	1.974974581227538	0.5759249888356816	0.6184905096390165	0.5759249888356816	0.6184905096390165	0.5714285714285714	endpoint
COG2209	0.0	0.40885448013458003	0.8548125488601077	1.3374349825798488	0.6048615046898388	0.7052669056387875	0.6048615046898388	0.7052669056387875	0.7142857142857143	endpoint
COG2210	0.0	0.2255956522089868	0.5569112284984102	1.0978543205745552	0.5773086850788489	0.7295788151316742	0.5773086850788489	0.7295788151316742	0.5714285714285714	endpoint
COG2211	0.0	0.3796785255169609	0.6656147647715833	1.4292434338666158	0.4069444964323202	0.29091395654733093	0.5930555035676798	0.7090860434526691	0.7142857142857143	baseline
COG2213	0.0	0.3877913489781168	0.6066592755541852	1.3701745736959663	0.35477276875718333	0.36991722059736115	0.6452272312428167	0.6300827794026389	0.7142857142857143	baseline
COG2214	0.0	0.37687855208835075	0.5177634991795442	1.359322985432608	0.5822991241949402	0.6064010230227351	0.5822991241949402	0.6064010230227351	0.7142857142857143	endpoint
COG2215	0.14285714285714285	1.0836519857534586	1.2219878898752237	2.121995447406453	0.17329827079069174	0.12078112818424712	0.8267017292093083	0.8792188718157529	1.0	baseline
COG2216	0.0	0.29719651897670013	0.9606567189631737	1.7439685558857423	0.41203517555078534	0.311154689276879	0.5879648244492146	0.6888453107231209	0.7142857142857143	baseline
COG2217	0.0	0.44607675625050336	0.7318671906039583	1.5161034278750383	0.683156367111029	0.7953030556395669	0.683156367111029	0.7953030556395669	0.7142857142857143	endpoint
COG2220	0.0	0.23599549031407627	0.2680836874615832	1.3579888356476337	0.414345537233355	0.515121971983654	0.585654462766645	0.515121971983654	0.5714285714285714	baseline
COG2221	0.0	0.6949757427812161	1.0951926419694165	1.345859178082391	0.7229800735550788	0.8051268499155106	0.7229800735550788	0.8051268499155106	0.7142857142857143	endpoint
COG2222	0.0	0.6238634987809496	0.7805543005639609	1.986085024639701	0.6894090888897001	0.7388473387606568	0.6894090888897001	0.7388473387606568	0.7142857142857143	endpoint
COG2223	0.0	0.2627935585991211	0.3813879239175926	1.8506599298657278	0.4651462738568057	0.39089744228284745	0.5348537261431943	0.6091025577171525	0.7142857142857143	baseline
COG2224	0.0	0.840266918258412	1.0210187693099309	1.555279689957669	0.2610181759989451	0.17775102058881798	0.7389818240010548	0.822248979411182	0.8571428571428571	baseline
COG2225	0.0	0.9001095840107182	1.3163995185991963	1.757559027895129	0.2634537649799641	0.17887125684011948	0.7365462350200359	0.8211287431598805	0.7142857142857143	baseline
COG2226	0.0	0.42807956008705533	0.8077595462066567	1.361172474367232	0.33979601850188984	0.2849871676416178	0.6602039814981102	0.7150128323583822	0.5714285714285714	baseline
COG2227	0.0	1.2116286726309065	1.3093060845039524	1.958024138966929	0.1529460016816511	0.10505096059333315	0.8470539983183489	0.8949490394066668	1.0	baseline
COG2230	0.0	0.2817043396780491	0.376354213535614	1.6220111643651023	0.4428957967814729	0.4081471814970964	0.5571042032185272	0.5918528185029036	0.5714285714285714	baseline
COG2231	0.0	0.06663361813635178	0.39812641244684693	1.3068603439275563	0.486122618087976	0.42012067123130015	0.5138773819120239	0.5798793287686999	0.7142857142857143	baseline
COG2233	0.14285714285714285	0.294469633720832	0.318923076382216	2.394157706576477	0.4604059495487988	0.41407275859182835	0.5395940504512011	0.5859272414081717	0.5714285714285714	baseline
COG2234	0.0	0.36951604556185075	0.5861412066680993	1.3193247975809628	0.5851614480765742	0.6367400996083931	0.5851614480765742	0.6367400996083931	0.7142857142857143	endpoint
COG2235	0.0	0.40377599822925775	0.07065043650217837	1.5407770276260957	0.3775632614583717	0.5044959757403026	0.6224367385416283	0.5044959757403026	0.5714285714285714	baseline
COG2239	0.0	1.0131869542137264	1.2757281106907505	1.9826950580752098	0.7848782555596857	0.7997424014361106	0.7848782555596857	0.7997424014361106	1.0	endpoint
COG2240	0.0	0.5335734275173359	0.8479373094206113	1.8799527998277041	0.370293633591914	0.17987099631454	0.629706366408086	0.82012900368546	0.7142857142857143	baseline
COG2241	0.0	0.3361596906587305	0.9684284922446154	1.4423807203432897	0.4066731982910806	0.2311899261239927	0.5933268017089194	0.7688100738760073	0.5714285714285714	baseline
COG2242	0.0	0.6712107587687245	1.192840940313545	1.4047039639287857	0.6750583694513398	0.6758111051736088	0.6750583694513398	0.6758111051736088	0.7142857142857143	endpoint
COG2243	0.0	0.6573065572022895	1.0535655577365977	1.377180156025979	0.6913835266508496	0.7240276643058096	0.6913835266508496	0.7240276643058096	0.8571428571428571	endpoint
COG2244	0.0	0.8144147756546737	0.8614468229841747	1.9062505471187103	0.7479834449382606	0.787052838127117	0.7479834449382606	0.787052838127117	0.8571428571428571	endpoint
COG2246	0.14285714285714285	0.9690263539727921	1.1808014248555068	2.470612960383053	0.741927602619679	0.8276084582976193	0.741927602619679	0.8276084582976193	0.7142857142857143	endpoint
COG2247	0.0	0.07609180353507418	0.271654445520169	1.4681734128724897	0.5316133657351426	0.44641360860253915	0.5316133657351426	0.5535863913974608	0.5714285714285714	endpoint
COG2249	0.0	0.6567921501615477	1.0834931526912264	1.8330898495705852	0.3178286179575512	0.2016575999265988	0.6821713820424489	0.7983424000734012	0.7142857142857143	baseline
COG2252	0.0	1.0322149999582675	1.3127952758872152	1.5445766439844764	0.20923897212095222	0.23529162610690485	0.7907610278790478	0.7647083738930951	0.8571428571428571	baseline
COG2255	0.0	0.3593619492561216	0.8360143132799448	1.4199988656837994	0.3606132079733447	0.3177512766902271	0.6393867920266554	0.6822487233097729	0.5714285714285714	baseline
COG2256	0.0	0.11138032408168315	0.18351117197304975	1.2962777155979683	0.46481983391699366	0.47029340307611844	0.5351801660830063	0.5297065969238816	0.5714285714285714	baseline
COG2257	0.0	0.46356671662757126	0.7086788977390533	1.471282104052865	0.6409428327690379	0.648971392990952	0.6409428327690379	0.648971392990952	0.7142857142857143	endpoint
COG2258	0.14285714285714285	0.66471591015204	0.8822509494172867	2.3112556416592556	0.6763634884531137	0.8404251176175445	0.6763634884531137	0.8404251176175445	0.7142857142857143	endpoint
COG2259	0.0	0.3580528320026722	0.6610521114429381	1.5381889188701756	0.4320397920169814	0.2817469316085984	0.5679602079830186	0.7182530683914016	0.5714285714285714	baseline
COG2261	0.0	0.2237503641216054	0.23651421605189954	1.45709175690692	0.48649502448190046	0.40820974767109597	0.5135049755180996	0.591790252328904	0.7142857142857143	baseline
COG2262	0.0	0.29881228166050394	0.92873156768316	1.275185006436749	0.6018253604094508	0.6708075992502007	0.6018253604094508	0.6708075992502007	0.5714285714285714	endpoint
COG2264	0.0	0.7329819658334393	1.087119362616416	1.5273047651720466	0.6988446735143982	0.7673412965297937	0.6988446735143982	0.7673412965297937	0.8571428571428571	endpoint
COG2265	0.0	0.02193040839501884	0.32705331182516467	1.4763542129050171	0.536247280564561	0.4163309857443525	0.536247280564561	0.5836690142556475	0.7142857142857143	endpoint
COG2267	0.0	0.11892880451329872	0.7276797852718868	1.562830597785832	0.5605646389611316	0.34436453861913463	0.5605646389611316	0.6556354613808654	0.5714285714285714	endpoint
COG2268	0.0	0.29404423184296763	0.6380180636572864	1.6921525886855955	0.4093299563074516	0.33177421977367066	0.5906700436925484	0.6682257802263294	0.5714285714285714	baseline
COG2269	0.0	0.7803928690856716	0.6278840396815265	1.4964478984181584	0.27889950221020515	0.273162892636692	0.7211004977897948	0.726837107363308	0.8571428571428571	baseline
COG2270	0.0	0.047363947868822434	0.22283187427304713	1.3545310947228777	0.5055975440762545	0.5949378568202409	0.5055975440762545	0.5949378568202409	0.5714285714285714	baseline
COG2271	0.0	0.06232316320482397	0.3292513791695264	1.6072806230358279	0.48150824818505666	0.41596611304944336	0.5184917518149433	0.5840338869505566	0.5714285714285714	baseline
COG2272	0.0	0.31936535411249645	0.28308819111512634	1.468466590215302	0.38863800802139664	0.42223133041455996	0.6113619919786033	0.57776866958544	0.5714285714285714	baseline
COG2273	0.0	0.8378641444582628	1.1131804978641606	1.5615401196279979	0.23698178991135213	0.09587597639720435	0.7630182100886479	0.9041240236027956	0.8571428571428571	baseline
COG2274	0.0	0.40656080984630333	0.6393188374111938	1.3863024877643466	0.3864929599199454	0.33141567825204604	0.6135070400800546	0.6685843217479539	0.7142857142857143	baseline
COG2301	0.0	0.3133175654573729	0.14858537383425108	1.2226465907298305	0.627956846608198	0.4952856044391628	0.627956846608198	0.5047143955608372	0.5714285714285714	endpoint
COG2302	0.0	0.7537044481827208	0.8370980538969625	1.5584184222567665	0.7146624271235451	0.6558975342035442	0.7146624271235451	0.6558975342035442	0.8571428571428571	endpoint
COG2303	0.0	0.8571352107697132	0.7663187592652808	1.7160713056876111	0.2670862192790505	0.3322054697922337	0.7329137807209495	0.6677945302077664	1.0	baseline
COG2304	0.0	0.5334014237114825	0.6361027579430973	1.2284300365336682	0.33548151135615284	0.2525827634876826	0.6645184886438471	0.7474172365123174	0.7142857142857143	baseline
COG2307	0.0	0.03348634178149491	0.29285436402777226	1.3723771527007558	0.5444961964566725	0.5816580957471427	0.5444961964566725	0.5816580957471427	0.5714285714285714	endpoint
COG2308	0.0	0.08500657489947387	0.05028851917992998	1.782440619996407	0.5782293794549923	0.524951074095768	0.5782293794549923	0.524951074095768	0.5714285714285714	endpoint
COG2309	0.0	0.6106436308667311	0.41857668822788496	1.7652208584833722	0.3545346668901116	0.4153398075766527	0.6454653331098884	0.5846601924233473	0.5714285714285714	baseline
COG2310	0.14285714285714285	1.0718472708639466	1.4786362876528458	2.1435307214706687	0.7897062993485154	0.8744990380846993	0.7897062993485154	0.8744990380846993	0.8571428571428571	endpoint
COG2311	0.14285714285714285	0.6667162687390803	0.9700683312795066	2.076630718228292	0.31801875627812054	0.13794977825033466	0.6819812437218795	0.8620502217496653	0.7142857142857143	baseline
COG2312	0.0	0.716609594686258	0.8263074128036334	1.1599438298052893	0.7356360017306394	0.7631317164267518	0.7356360017306394	0.7631317164267518	0.8571428571428571	endpoint
COG2313	0.0	0.8768555629410676	0.8730356693614201	1.4767827234547106	0.219971533364658	0.3090964273556377	0.780028466635342	0.6909035726443623	1.0	baseline
COG2315	0.0	0.21465731724762213	0.6849570736729178	1.7032741616388594	0.5048536088888406	0.6947403144711102	0.5048536088888406	0.6947403144711102	0.5714285714285714	endpoint
COG2316	0.14285714285714285	1.3760373434421678	1.3060549945800382	2.060592270786031	0.8953392197547828	0.9297458559426278	0.8953392197547828	0.9297458559426278	1.0	endpoint
COG2317	0.0	0.7266697417644282	1.0711454934953084	1.4814216714357555	0.7328400743193717	0.7676373527766645	0.7328400743193717	0.7676373527766645	0.8571428571428571	endpoint
COG2319	0.0	0.2799931803853829	0.37099684969336666	0.968015577198961	0.5883761358881588	0.5999262391014172	0.5883761358881588	0.5999262391014172	0.5714285714285714	endpoint
COG2320	0.0	0.6019713660690119	0.8880196400403498	1.4167876233647758	0.33614406479523823	0.18631900451662256	0.6638559352047617	0.8136809954833775	0.8571428571428571	baseline
COG2321	0.0	0.840367729163512	0.8688895611600455	1.2747420818415243	0.24190332857774524	0.2856232209057916	0.7580966714222548	0.7143767790942084	1.0	baseline
COG2323	0.0	0.2092669326056185	0.25203432530295367	1.0153440906424378	0.43436777620455497	0.42878391620252293	0.565632223795445	0.5712160837974771	0.7142857142857143	baseline
COG2326	0.0	0.14074681893985594	0.4111755181301115	1.2094244413784114	0.42260219862945775	0.3943004440291974	0.5773978013705423	0.6056995559708026	0.5714285714285714	baseline
COG2327	0.0	0.0028484033331302927	0.3075250237118499	1.4543879142245324	0.46617394307682414	0.4045515108986765	0.5338260569231759	0.5954484891013234	0.5714285714285714	endpoint
COG2331	0.0	0.2701565088146891	0.5353514173713145	1.3002489634222552	0.3854530258041976	0.3189019225825059	0.6145469741958024	0.6810980774174942	0.5714285714285714	baseline
COG2333	0.0	0.3081267969149584	0.7863997542732245	1.5160295864996889	0.5552942922162406	0.6255419046380641	0.5552942922162406	0.6255419046380641	0.5714285714285714	endpoint
COG2334	0.0	0.24316335968909225	0.5027455040085079	1.2138366127459468	0.43682583646529005	0.3495196760307914	0.56317416353471	0.6504803239692085	0.7142857142857143	baseline
COG2336	0.0	0.5583177492520724	1.1283455001243368	1.4351791350163363	0.3345770549270989	0.2190937255078105	0.6654229450729011	0.7809062744921895	0.7142857142857143	baseline
COG2337	0.0	0.1640821601083207	0.1798487278686405	1.3741519143342011	0.5363183217365528	0.5437680508236403	0.5363183217365528	0.5437680508236403	0.5714285714285714	endpoint
COG2339	0.0	0.5342198960608282	0.5592166938826199	1.6073911752904178	0.6832761869837153	0.7069724431320894	0.6832761869837153	0.7069724431320894	0.8571428571428571	endpoint
COG2340	0.0	0.012119803622024599	0.2172206098730315	1.4054095201272996	0.5468258386848343	0.5817090782633398	0.5468258386848343	0.5817090782633398	0.7142857142857143	baseline
COG2344	0.0	0.3146652379654701	0.45037542163639954	1.5254726213613403	0.5621051399331202	0.5453818620996871	0.5621051399331202	0.5453818620996871	0.5714285714285714	endpoint
COG2348	0.0	0.14239992701695925	0.21097214783505652	1.3101689628327073	0.5821779285416949	0.5797173270661459	0.5821779285416949	0.5797173270661459	0.5714285714285714	endpoint
COG2350	0.0	0.8091784090324067	1.200891407912173	1.816543171371999	0.30019594079719003	0.1436792068105726	0.69980405920281	0.8563207931894274	0.7142857142857143	baseline
COG2351	0.0	1.0392097286379458	1.2117791758601666	1.5127276120118809	0.19871088745946966	0.21951254962893635	0.8012891125405304	0.7804874503710637	1.0	baseline
COG2352	0.0	0.02624345624710145	0.06862776613253405	1.5069649118990356	0.4811682971432138	0.5308688356442643	0.5188317028567861	0.5308688356442643	0.7142857142857143	baseline
COG2354	0.14285714285714285	0.8742999662410694	1.2122228111672146	2.03677962884117	0.26010855742093747	0.09865738620451771	0.7398914425790626	0.9013426137954823	0.8571428571428571	baseline
COG2355	0.0	0.06563127057882692	0.09001811571485363	1.4505013482515423	0.5246212085538399	0.5018222361644534	0.5246212085538399	0.5018222361644534	0.5714285714285714	endpoint
COG2356	0.0	0.9508769512232432	1.230754219929586	1.8051936445824928	0.24696218636627362	0.1709640509911879	0.7530378136337263	0.8290359490088122	0.8571428571428571	baseline
COG2357	0.0	0.6265177815499493	1.2218557528324412	1.611662006502582	0.7152704710780442	0.8681273330128171	0.7152704710780442	0.8681273330128171	0.7142857142857143	endpoint
COG2358	0.0	0.6629820909839585	1.2705428285033766	1.5559820117317713	0.6961592458500078	0.8520794206369187	0.6961592458500078	0.8520794206369187	0.7142857142857143	endpoint
COG2360	0.0	0.20815786925673205	0.07581047715194379	1.385394433444225	0.3930965832347802	0.4867394955789553	0.6069034167652199	0.5132605044210448	0.5714285714285714	baseline
COG2361	0.0	0.49961899121498327	0.9509111455634874	1.3990454369946084	0.35003505153324477	0.23119435451431794	0.6499649484667552	0.7688056454856821	0.7142857142857143	baseline
COG2362	0.0	0.4071569109405252	0.3126864373831588	1.738098263255755	0.582072759063487	0.6121396346272595	0.582072759063487	0.6121396346272595	0.5714285714285714	endpoint
COG2364	0.0	0.11204981761054407	0.14405076211029413	1.310990100712477	0.5407122137897029	0.5203688291402034	0.5407122137897029	0.5203688291402034	0.5714285714285714	endpoint
COG2365	0.0	0.16142543607061136	0.029837290932198005	1.2763478874772594	0.5723045685424798	0.4864804081975836	0.5723045685424798	0.5135195918024165	0.5714285714285714	endpoint
COG2366	0.0	0.5787405678033533	0.792988495654343	1.3271495219120917	0.32130855224467914	0.2871273752462463	0.6786914477553209	0.7128726247537537	0.7142857142857143	baseline
COG2367	0.0	0.2664865225406392	0.8665407626878643	1.4649968307805203	0.43774603095675335	0.31061480606057046	0.5622539690432466	0.6893851939394295	0.5714285714285714	baseline
COG2368	0.0	0.06587796781796602	0.06326280411337037	1.2568537734563139	0.5404006238825587	0.4928875175257332	0.5404006238825587	0.5071124824742668	0.5714285714285714	endpoint
COG2369	0.0	0.5445199693140176	0.7564629433587496	1.4024355824835124	0.6450194846303015	0.7668282367938708	0.6450194846303015	0.7668282367938708	0.7142857142857143	endpoint
COG2372	0.0	1.2138368381366917	1.320805967616942	1.5135631957266864	0.14054996959853058	0.0914498339222161	0.8594500304014694	0.9085501660777839	1.0	baseline
COG2373	0.0	0.06672071781462405	0.01791125484917203	1.0566550166485231	0.4739422654005391	0.4949571854102231	0.5260577345994609	0.505042814589777	0.5714285714285714	baseline
COG2374	0.0	0.08959604232509309	0.11401313569194685	1.1659551306291684	0.527031292157816	0.4516950265181887	0.527031292157816	0.5483049734818113	0.5714285714285714	endpoint
COG2375	0.14285714285714285	0.8459257544408372	1.318310930455535	2.2794051888462747	0.302802667131886	0.09327683923072526	0.697197332868114	0.9067231607692747	0.7142857142857143	baseline
COG2376	0.0	0.030632969897295675	0.29425742097291574	1.3478679270536056	0.49945038315181606	0.5367983520175104	0.500549616848184	0.5367983520175104	0.5714285714285714	endpoint
COG2377	0.0	0.042576275487203934	0.14626586290239194	1.0328156174226708	0.5211535658675689	0.5473886489815691	0.5211535658675689	0.5473886489815691	0.7142857142857143	baseline
COG2378	0.0	0.6033278495433948	1.1640773688711281	1.3786245798900039	0.32121597856806566	0.15886000528412886	0.6787840214319343	0.8411399947158711	0.7142857142857143	baseline
COG2379	0.0	0.6158691176742577	0.8401099203350986	1.2743664680277578	0.6966371805473142	0.613606893606516	0.6966371805473142	0.613606893606516	0.8571428571428571	endpoint
COG2382	0.0	0.03906607477175831	0.625457609668145	1.6002459632048014	0.4983658159764502	0.3667967525891552	0.5016341840235499	0.6332032474108449	0.5714285714285714	baseline
COG2384	0.0	0.25183380784014436	0.5114494242454655	1.5165443881182574	0.5537154026951576	0.6517657547653393	0.5537154026951576	0.6517657547653393	0.5714285714285714	endpoint
COG2385	0.0	0.16588475146262954	0.31907185908195446	1.4953565936527173	0.5434044621536691	0.5804444549747465	0.5434044621536691	0.5804444549747465	0.5714285714285714	endpoint
COG2386	0.0	0.7487092333748462	1.1683034961822856	1.6006037618126803	0.31289571026638724	0.1951657407860454	0.6871042897336128	0.8048342592139546	0.8571428571428571	baseline
COG2388	0.0	0.008640817800444725	0.18366898707720059	1.2680694150582739	0.47294950078217074	0.45700968733782155	0.5270504992178293	0.5429903126621785	0.5714285714285714	endpoint
COG2390	0.0	0.9915229926706436	1.2542483310852084	1.4263293996951445	0.1846322169358096	0.14625072251839513	0.8153677830641903	0.8537492774816049	1.0	baseline
COG2391	0.0	0.05782666521470773	0.009971227195651241	1.3776716417846755	0.5059813695091321	0.472276065006128	0.5059813695091321	0.527723934993872	0.5714285714285714	endpoint
COG2405	0.0	0.946065852259889	0.9857021074861153	1.4782961865586408	0.766742244616248	0.7987791471766897	0.766742244616248	0.7987791471766897	0.8571428571428571	endpoint
COG2407	0.0	0.2791803462372584	0.6384825329662744	1.5480311224240457	0.5656282968236704	0.5766070876682131	0.5656282968236704	0.5766070876682131	0.5714285714285714	endpoint
COG2414	0.0	0.5901114634773515	1.0215249554807655	1.2656525379182642	0.6664018677402336	0.7520066418590847	0.6664018677402336	0.7520066418590847	0.7142857142857143	endpoint
COG2421	0.0	0.6738225520216421	1.0137171517584151	1.590681778517466	0.2898670941344296	0.2004504765016286	0.7101329058655703	0.7995495234983714	0.7142857142857143	baseline
COG2423	0.0	0.07565717070211485	0.15441449712084235	1.3049429537372643	0.5053531306255686	0.4179212525427205	0.5053531306255686	0.5820787474572795	0.5714285714285714	baseline
COG2425	0.0	0.24370020883732726	0.5856848137261159	1.7305837323977904	0.5425339986505983	0.6501159722533842	0.5425339986505983	0.6501159722533842	0.7142857142857143	endpoint
COG2426	0.0	0.9401882564801559	1.00180632057719	1.5299223371158581	0.7956447731155666	0.841404713154859	0.7956447731155666	0.841404713154859	1.0	endpoint
COG2431	0.0	0.7955693285153157	0.7149980464035016	1.9906899645532101	0.287777183839623	0.3105556796043627	0.712222816160377	0.6894443203956373	0.7142857142857143	baseline
COG2440	0.0	0.07042723461344498	0.13061164610129403	1.1830233112535966	0.5388904337332193	0.5692656372689722	0.5388904337332193	0.5692656372689722	0.5714285714285714	endpoint
COG2452	0.0	0.01935504555034025	0.0943339851941929	1.3675097922624309	0.47812243779400837	0.4911412378759827	0.5218775622059917	0.5088587621240173	0.5714285714285714	baseline
COG2461	0.0	0.09657161417688989	0.022327327875922176	0.9389937937287918	0.5379251963422534	0.5199089562180612	0.5379251963422534	0.5199089562180612	0.5714285714285714	endpoint
COG2501	0.0	0.7908688658690214	0.7647228511302816	1.517618172802829	0.7346290260138895	0.7766086260291031	0.7346290260138895	0.7766086260291031	0.8571428571428571	endpoint
COG2502	0.0	0.4952201794086921	1.116242793203865	1.3070787740532785	0.6405863444617982	0.6559138814843977	0.6405863444617982	0.6559138814843977	0.7142857142857143	endpoint
COG2503	0.0	0.0021847872358323273	0.3474613163209485	1.6938438198073182	0.5177486992823112	0.5901890768531691	0.5177486992823112	0.5901890768531691	0.5714285714285714	endpoint
COG2508	0.0	0.5933260336608035	0.7589912089286612	1.52273027043215	0.6539049724770238	0.6806079547310797	0.6539049724770238	0.6806079547310797	0.7142857142857143	endpoint
COG2509	0.0	0.5373904712140386	0.6306103570628896	1.4126016944416318	0.681366706216786	0.7560119292670751	0.681366706216786	0.7560119292670751	0.7142857142857143	endpoint
COG2510	0.0	0.7890067801399157	1.2757145873797	1.9085765438500168	0.7175853900396597	0.7921696156672179	0.7175853900396597	0.7921696156672179	0.7142857142857143	endpoint
COG2513	0.0	0.4726659630223548	0.7638713978336943	1.46576650553417	0.36102099996872233	0.26897753423997206	0.6389790000312776	0.7310224657600279	0.5714285714285714	baseline
COG2514	0.0	0.3460396671094281	0.42486803262963696	1.3577820648523626	0.6150304249463838	0.5784356782622365	0.6150304249463838	0.5784356782622365	0.7142857142857143	endpoint
COG2515	0.0	0.3699095307644783	0.15010714673219586	1.339740117463356	0.36784430952184916	0.47599783293667386	0.6321556904781509	0.5240021670633261	0.5714285714285714	baseline
COG2518	0.0	1.276412875148372	1.3706732559964574	1.661216151965682	0.1305311895135046	0.06241297852076445	0.8694688104864954	0.9375870214792356	1.0	baseline
COG2519	0.0	0.6478004466621933	1.053457672049377	1.4956940988495335	0.31101199151057907	0.15199986979804342	0.6889880084894209	0.8480001302019566	0.7142857142857143	baseline
COG2602	0.0	0.5416951314356813	0.7041811448581266	1.3737717797776592	0.6381082516649108	0.7264648024184982	0.6381082516649108	0.7264648024184982	0.8571428571428571	endpoint
COG2603	0.0	0.12219007554004871	0.01377212704326943	1.7701976108839867	0.5276883371576521	0.5114317859351882	0.5276883371576521	0.5114317859351882	0.5714285714285714	baseline
COG2605	0.0	0.5157518021857813	0.48476320453081573	1.3900968168995105	0.3561571996589822	0.3045297489772961	0.6438428003410178	0.6954702510227039	0.8571428571428571	baseline
COG2606	0.0	0.5349935212849017	0.791341543044366	1.496619632609861	0.3405939597067183	0.2226643948548189	0.6594060402932818	0.7773356051451811	0.7142857142857143	baseline
COG2607	0.0	0.7793420579041078	0.9613075534796431	1.5523901689630049	0.7356211070822967	0.7844166335754664	0.7356211070822967	0.7844166335754664	0.8571428571428571	endpoint
COG2609	0.0	0.6181817202452696	0.33110543829948064	1.6607950160097942	0.32255160758381163	0.4156583447033085	0.6774483924161884	0.5843416552966916	0.8571428571428571	baseline
COG2610	0.0	0.5841500382901436	0.8498762357673715	1.4548306350839957	0.33584878735113727	0.17920546389733907	0.6641512126488627	0.820794536102661	0.7142857142857143	baseline
COG2703	0.0	1.24092292692695	1.107595478432371	1.997330510473925	0.853138957453255	0.8348121167422321	0.853138957453255	0.8348121167422321	1.0	endpoint
COG2704	0.0	0.18366600875928205	0.5565596323520322	1.2744560311788544	0.42385898184003523	0.34566924315035774	0.5761410181599648	0.6543307568496423	0.7142857142857143	baseline
COG2706	0.0	0.21068450277590514	0.2172479544740636	1.59049412597277	0.55461380515545	0.5622924911023041	0.55461380515545	0.5622924911023041	0.5714285714285714	endpoint
COG2710	0.0	0.6505675842917472	1.1343675400183513	1.4689417840060568	0.691197719281828	0.8566037082691901	0.691197719281828	0.8566037082691901	0.7142857142857143	endpoint
COG2715	0.0	0.559779051660525	0.6183881397100935	1.4344043687852355	0.6690338673550146	0.7516282781633652	0.6690338673550146	0.7516282781633652	0.8571428571428571	endpoint
COG2716	0.0	1.3402213935927134	1.3304039063625925	1.951658261547726	0.11234276539832136	0.0569361336129683	0.8876572346016787	0.9430638663870317	1.0	baseline
COG2717	0.0	0.03099771995045805	0.06921175269203475	1.4551600674437921	0.5074745945971693	0.4970143111576905	0.5074745945971693	0.5029856888423094	0.5714285714285714	baseline
COG2718	0.0	0.011958723838283955	0.2327470756133146	1.399925683176461	0.4422399393247726	0.5508136534220075	0.5577600606752273	0.5508136534220075	0.5714285714285714	baseline
COG2719	0.0	0.4724329628005902	0.46249188342185893	1.7936303691699154	0.3878306644639088	0.3938485824003909	0.6121693355360912	0.6061514175996091	0.8571428571428571	baseline
COG2720	0.0	0.025341823198843667	0.10794015632434431	1.2112767607687955	0.5024192225025346	0.5468749906330278	0.5024192225025346	0.5468749906330278	0.5714285714285714	baseline
COG2721	0.0	0.11068332559057861	0.5970550968523646	1.4992129987477834	0.5260313524652288	0.5831401408787964	0.5260313524652288	0.5831401408787964	0.7142857142857143	endpoint
COG2723	0.0	0.46548977668181685	0.5532661192690332	1.6009732111298518	0.407487504373438	0.3838521243578845	0.5925124956265619	0.6161478756421155	0.5714285714285714	baseline
COG2730	0.0	0.6802496569188129	0.9211318225917243	1.3016322379417598	0.3218238939589043	0.2545537589974259	0.6781761060410957	0.7454462410025742	0.7142857142857143	baseline
COG2731	0.0	0.48861331337166447	0.8950444744568117	1.6133064332368268	0.36737231613718124	0.27356545295676304	0.6326276838628188	0.726434547043237	0.5714285714285714	baseline
COG2733	0.0	0.8812659707509577	0.8726764222004538	1.3296361826688718	0.23506838584011444	0.2822640283594	0.7649316141598855	0.7177359716406	1.0	baseline
COG2738	0.0	0.09737376250770156	0.04534558283879233	1.5959048392332824	0.5601374285631915	0.546099398714422	0.5601374285631915	0.546099398714422	0.5714285714285714	endpoint
COG2739	0.0	1.0071636116369456	1.3899301914749203	1.8424066001593231	0.7865640635571097	0.8707895074673577	0.7865640635571097	0.8707895074673577	1.0	endpoint
COG2740	0.0	0.6066203407993596	0.7517095650314626	1.5225587735013126	0.7352570947126058	0.752082045219665	0.7352570947126058	0.752082045219665	0.7142857142857143	endpoint
COG2746	0.0	0.5380668046427898	0.5881881506037969	1.2841498854074538	0.651991720241371	0.6492175308699111	0.651991720241371	0.6492175308699111	0.8571428571428571	endpoint
COG2755	0.0	0.12993596584510386	0.3280552951727567	1.356664150302458	0.5133135251825195	0.5835280006423123	0.5133135251825195	0.5835280006423123	0.5714285714285714	endpoint
COG2759	0.0	0.33446066346665443	0.8113075573267283	1.445545017543041	0.587255042638682	0.7028620372009378	0.587255042638682	0.7028620372009378	0.7142857142857143	endpoint
COG2764	0.0	0.6891903196330936	1.2770750707071234	1.5477687511663383	0.28053532745108817	0.08101316711657025	0.7194646725489118	0.9189868328834297	0.7142857142857143	baseline
COG2766	0.0	0.826964869150699	1.300339715975627	1.8097706729089313	0.31599013056184216	0.16117619404868497	0.6840098694381578	0.838823805951315	0.7142857142857143	baseline
COG2768	0.0	0.13926944649968512	0.2888048463129626	1.5317254431367857	0.45050613899681263	0.44567785724652453	0.5494938610031874	0.5543221427534755	0.7142857142857143	baseline
COG2770	0.0	0.6853867313481828	1.0423898023619174	1.384610266428424	0.2962643053773532	0.24077965105217156	0.7037356946226467	0.7592203489478284	0.7142857142857143	baseline
COG2771	0.0	0.8098046794706952	0.8729494576923373	1.4577504790121594	0.281328316231984	0.3091165819119741	0.718671683768016	0.6908834180880259	0.8571428571428571	baseline
COG2801	0.0	0.015569082276851545	0.3220180738254316	1.5796796146674326	0.544620984687726	0.41433982902958005	0.544620984687726	0.5856601709704199	0.5714285714285714	baseline
COG2804	0.0	0.11367793589474869	0.0005748577679825715	1.8223098845304009	0.5583485954861188	0.48256493652189114	0.5583485954861188	0.5174350634781089	0.5714285714285714	endpoint
COG2805	0.0	0.7397106605070226	0.9827523314299635	1.2650409140975238	0.28209446825341583	0.26015182003072584	0.7179055317465841	0.7398481799692742	0.8571428571428571	baseline
COG2807	0.0	1.3038390179198476	1.2621432318407504	1.8269246884779873	0.12978435555943443	0.08609633723997083	0.8702156444405655	0.9139036627600292	1.0	baseline
COG2812	0.0	0.12093070992922843	0.25184943600198906	1.3455075861696788	0.4642302631088251	0.4420101069914337	0.5357697368911749	0.5579898930085663	0.7142857142857143	baseline
COG2813	0.0	0.3835990469639574	0.5286434167096485	1.7440357106764985	0.41074825736233705	0.32142374407064767	0.5892517426376629	0.6785762559293523	0.7142857142857143	baseline
COG2814	0.0	0.8368845740858141	1.2109980529819064	1.4940357450848982	0.27805654496191273	0.12719581978981911	0.7219434550380872	0.8728041802101809	0.8571428571428571	baseline
COG2815	0.0	1.0236186930269846	0.9660993691479688	1.2890764247174111	0.8147702392647478	0.7820448081819145	0.8147702392647478	0.7820448081819145	1.0	endpoint
COG2816	0.0	0.5417942739096627	1.0058124821693328	1.6766768649460044	0.34248777923146884	0.1918567257198505	0.6575122207685311	0.8081432742801495	0.7142857142857143	baseline
COG2818	0.0	0.00375045875064647	0.11858176261279113	1.7519166347904338	0.49998813090398003	0.4755832832421301	0.50001186909602	0.5244167167578699	0.5714285714285714	endpoint
COG2819	0.0	0.7728891127604652	1.1826992310336581	1.3595761432924087	0.7265564514765697	0.8241839012580857	0.7265564514765697	0.8241839012580857	0.8571428571428571	endpoint
COG2820	0.0	0.35045159229437667	0.38692101677217833	1.6672687878502024	0.59023191290267	0.5348486180814573	0.59023191290267	0.5348486180814573	0.5714285714285714	endpoint
COG2821	0.0	1.1770119848677683	1.0595549080690057	1.7896423407332989	0.18233516967602667	0.14042360659466627	0.8176648303239733	0.8595763934053338	1.0	baseline
COG2822	0.0	0.24864589946162524	0.7517828724838713	1.4896340703330455	0.4565232743293623	0.3458271316187548	0.5434767256706377	0.6541728683812452	0.5714285714285714	baseline
COG2823	0.0	0.8922977860552735	1.4592066771116723	1.5817129445929614	0.24865441038398364	0.07165688765217956	0.7513455896160164	0.9283431123478204	0.7142857142857143	baseline
COG2824	0.0	0.2801590434358369	0.7264541114105731	1.4615911430271697	0.4323407329488456	0.3500316312375814	0.5676592670511544	0.6499683687624186	0.5714285714285714	baseline
COG2826	0.0	0.22334104385251288	0.5067406697689361	1.2272501460351608	0.4398893878960835	0.3509401727813942	0.5601106121039165	0.6490598272186058	0.5714285714285714	baseline
COG2827	0.0	0.08531434720929498	0.24050165471169657	1.8749279408410435	0.48126011417323494	0.5534753964945823	0.5187398858267651	0.5534753964945823	0.5714285714285714	endpoint
COG2828	0.0	0.5651163228098735	0.24573053857601687	1.444820281107694	0.337308952656604	0.45574776508119585	0.662691047343396	0.5442522349188041	0.5714285714285714	baseline
COG2829	0.0	0.6729998433480192	0.9623598591059253	1.484810824912529	0.34043662868867636	0.31087197303741176	0.6595633713113236	0.6891280269625882	0.8571428571428571	baseline
COG2830	0.0	0.04074954223997777	0.13389981660690933	1.344587625976125	0.49446719357694124	0.47072791778090295	0.5055328064230588	0.529272082219097	0.5714285714285714	baseline
COG2831	0.0	0.31075704413163113	0.8560846639589226	1.5333213990820498	0.6008352183972602	0.8420016636613843	0.6008352183972602	0.8420016636613843	0.5714285714285714	endpoint
COG2832	0.0	0.11264239905878481	0.16140901817005293	1.8385919362997027	0.5089940261297753	0.4155203978074068	0.5089940261297753	0.5844796021925932	0.5714285714285714	baseline
COG2837	0.0	0.22561431367374515	0.12721709763780742	1.33926461739337	0.42882077660064993	0.42725670308717667	0.57117922339935	0.5727432969128233	0.5714285714285714	baseline
COG2840	0.0	0.4189134320512443	0.6753844178390691	1.5628145341223536	0.4153989655921354	0.2972026116980517	0.5846010344078646	0.7027973883019483	0.7142857142857143	baseline
COG2842	0.0	0.6559737223896446	0.5010288048728423	1.9426280933382225	0.6725912661411974	0.6429007964242553	0.6725912661411974	0.6429007964242553	0.8571428571428571	endpoint
COG2843	0.0	0.5333010096828475	0.6437799624202635	1.7558144296558114	0.6449289149342607	0.7607353729265898	0.6449289149342607	0.7607353729265898	0.7142857142857143	endpoint
COG2844	0.0	0.7058197554069933	1.2216146320444277	1.8704806552769664	0.33009014339449416	0.08499183864585792	0.6699098566055058	0.9150081613541421	0.7142857142857143	baseline
COG2846	0.0	0.08852107470062033	0.09227332996054628	1.5850146912471421	0.5053758092170829	0.4916229776733714	0.5053758092170829	0.5083770223266286	0.5714285714285714	baseline
COG2848	0.0	0.38724257528233974	0.7061185821771876	1.46955126808899	0.36859773080436187	0.3130031894848094	0.6314022691956381	0.6869968105151907	0.7142857142857143	baseline
COG2850	0.0	0.41042250547439657	0.8415479691476698	1.2541911081768848	0.38099997050503553	0.3164576191132538	0.6190000294949645	0.6835423808867462	0.8571428571428571	baseline
COG2851	0.0	0.7798200562914255	1.0886241234775689	1.5079494958155055	0.75158184423516	0.7928137701407867	0.75158184423516	0.7928137701407867	0.7142857142857143	endpoint
COG2853	0.0	0.30729406652230384	1.1620271105400708	1.3826211140316786	0.33818745380740817	0.14206196483538405	0.6618125461925919	0.857938035164616	0.5714285714285714	baseline
COG2854	0.0	0.7019792147311011	0.579345319127442	1.8800545923854017	0.316064185263435	0.29998535642802837	0.6839358147365651	0.7000146435719716	0.8571428571428571	baseline
COG2855	0.0	0.7568787976484846	0.7524808725375742	1.375984696694525	0.282533348906784	0.3429526915321415	0.717466651093216	0.6570473084678585	0.8571428571428571	baseline
COG2856	0.0	0.35869954484483557	0.7569291978127485	1.1604367239368085	0.5960853583629288	0.5962688846174248	0.5960853583629288	0.5962688846174248	0.7142857142857143	endpoint
COG2859	0.0	0.382702737813935	0.21642249725209936	1.7878030719547735	0.39736480769765453	0.45108060417090684	0.6026351923023454	0.5489193958290932	0.7142857142857143	baseline
COG2860	0.14285714285714285	0.8773348150933602	1.3492951946154421	2.2511262343852416	0.2707995479077159	0.08706625436729884	0.7292004520922841	0.9129337456327011	0.7142857142857143	baseline
COG2861	0.0	0.8375781105522317	1.1973159402665108	1.4550850013692105	0.2781543807018683	0.2332862144426708	0.7218456192981317	0.7667137855573292	0.8571428571428571	baseline
COG2862	0.0	0.42115393438594956	0.46437373256601555	1.2908081443314519	0.35241962668172894	0.3644449996303874	0.647580373318271	0.6355550003696127	0.8571428571428571	baseline
COG2864	0.0	1.1358022934687777	1.333020116025363	1.7183730833079036	0.19240105069410823	0.12076549509855096	0.8075989493058917	0.879234504901449	0.8571428571428571	baseline
COG2865	0.0	0.0688562733810687	0.5167556034207789	1.373857539189947	0.49595137113718096	0.5564007764556794	0.504048628862819	0.5564007764556794	0.5714285714285714	endpoint
COG2866	0.0	0.19791395504742873	0.041108287390253476	1.5678203092271223	0.4577125076772664	0.49630470696447715	0.5422874923227337	0.5036952930355229	0.5714285714285714	baseline
COG2867	0.0	0.7240786922153335	1.1199513286876919	1.382615605152954	0.3087426167909099	0.2847122539785361	0.69125738320909	0.7152877460214639	0.8571428571428571	baseline
COG2868	0.0	0.05286702586991835	0.10342066135277614	1.5147296099062693	0.49808326805600533	0.48778839540224056	0.5019167319439947	0.5122116045977594	0.5714285714285714	baseline
COG2869	0.0	0.07640034178209303	0.2486887833922514	1.7233439931209085	0.43136987473050675	0.4238564132983129	0.5686301252694932	0.5761435867016871	0.5714285714285714	baseline
COG2870	0.0	0.2803817548020748	0.4292768280828715	1.2691319628109456	0.46632269464842674	0.32357533175604564	0.5336773053515733	0.6764246682439543	0.7142857142857143	baseline
COG2871	0.0	0.33981338747860457	0.495475563554048	1.4052370457177399	0.3992843895013299	0.3521271310921112	0.6007156104986702	0.6478728689078888	0.5714285714285714	baseline
COG2872	0.0	0.6892081746266914	0.9963512739288382	1.6395492839792578	0.7344578283990836	0.8830387440736567	0.7344578283990836	0.8830387440736567	0.7142857142857143	endpoint
COG2873	0.0	0.4371060237771641	0.44602982495941373	1.4409616739146107	0.6227582749372277	0.5652462535370556	0.6227582749372277	0.5652462535370556	0.7142857142857143	endpoint
COG2875	0.0	0.5962144898703637	1.005473015312062	1.6611386564783341	0.7026913070963703	0.8981630705427696	0.7026913070963703	0.8981630705427696	0.7142857142857143	endpoint
COG2876	0.0	0.10932427027347799	0.129956305795118	1.4823446051251283	0.5362779418665597	0.4713071108232883	0.5362779418665597	0.5286928891767118	0.5714285714285714	endpoint
COG2877	0.0	0.8567856488349791	0.7995039158655529	1.7086763122075495	0.2813960078651267	0.2615734225585078	0.7186039921348732	0.7384265774414922	0.8571428571428571	baseline
COG2878	0.14285714285714285	1.429409010452837	1.3912125410790963	2.2196167778056384	0.9056701342954598	0.8582696927874944	0.9056701342954598	0.8582696927874944	1.0	endpoint
COG2879	0.14285714285714285	1.086898360134412	1.2157161715247178	2.016096620202232	0.1634827829877954	0.12762387861820357	0.8365172170122046	0.8723761213817964	0.8571428571428571	baseline
COG2884	0.0	0.13089187053850254	0.1877965558922184	1.381422170430391	0.43653810855402675	0.4394471964245642	0.5634618914459733	0.5605528035754358	0.5714285714285714	baseline
COG2885	0.0	0.7648120548247832	1.3633345580499163	1.5792726817207672	0.2652196745811458	0.14114683834342462	0.7347803254188542	0.8588531616565753	0.7142857142857143	baseline
COG2887	0.0	0.37473096174017834	0.3979946211450119	1.3800828385710882	0.3687724133076407	0.38560391423016366	0.6312275866923593	0.6143960857698363	0.7142857142857143	baseline
COG2890	0.0	0.31346816643562053	0.05988001017110961	1.6227865690888403	0.41950554693847986	0.5083589238380808	0.5804944530615201	0.5083589238380808	0.5714285714285714	baseline
COG2891	0.0	0.7871101016536644	0.9194653600014775	1.5641381335971007	0.2468376910938426	0.21172209561011954	0.7531623089061574	0.7882779043898804	0.8571428571428571	baseline
COG2893	0.0	0.4037940790291176	0.6552310409175656	1.5785893350368585	0.3879298570235239	0.3585694698111719	0.6120701429764761	0.6414305301888281	0.7142857142857143	baseline
COG2894	0.0	0.5888715775646975	1.0493099949945404	1.6508749028650431	0.6919480536147374	0.8469447504840955	0.6919480536147374	0.8469447504840955	0.7142857142857143	endpoint
COG2895	0.0	0.7955635880498461	0.9941476642531059	1.888731403747009	0.7306999659824729	0.6668652073861684	0.7306999659824729	0.6668652073861684	0.8571428571428571	endpoint
COG2896	0.0	0.7258167575693069	1.0090603016101212	1.6754286673434993	0.6980663810732296	0.6788631477132883	0.6980663810732296	0.6788631477132883	0.8571428571428571	endpoint
COG2897	0.0	0.2505377118509565	0.2720660438456023	1.4674118745553295	0.4387289550881829	0.4326441778511213	0.5612710449118171	0.5673558221488787	0.5714285714285714	baseline
COG2898	0.0	0.5246938589928478	0.5845288313123448	1.7315827122005407	0.386048278599378	0.300414050344143	0.613951721400622	0.699585949655857	0.7142857142857143	baseline
COG2907	0.0	0.5017853166454135	0.8120928718002641	1.3123234881113115	0.3689682496989887	0.27144159331035	0.6310317503010112	0.72855840668965	0.7142857142857143	baseline
COG2908	0.0	0.9089080762524401	0.9432679599823274	1.422908551059025	0.2272101935848088	0.23225435848643264	0.7727898064151912	0.7677456415135674	1.0	baseline
COG2909	0.0	0.19853957074720954	0.1881581623495018	1.452259074621727	0.5544994522879754	0.590899809440683	0.5544994522879754	0.590899809440683	0.5714285714285714	endpoint
COG2910	0.0	0.13640734122696682	0.010382061289235484	1.7641881493541505	0.46207180228412087	0.46736008519075567	0.5379281977158792	0.5326399148092443	0.5714285714285714	baseline
COG2911	0.0	0.919249001721405	1.0808890585028994	1.4687155782668109	0.21563811846607317	0.16792541912235248	0.7843618815339268	0.8320745808776475	0.8571428571428571	baseline
COG2912	0.0	0.3474901689728908	1.270198337084016	1.4653395753227543	0.44440318485335867	0.22737882392556666	0.5555968151466413	0.7726211760744334	0.5714285714285714	baseline
COG2915	0.0	0.40169733744799146	0.7160157241852437	1.5875611731358552	0.3804061040740591	0.3458045361843498	0.6195938959259408	0.6541954638156502	0.7142857142857143	baseline
COG2916	0.0	0.2376507922543088	0.23191036200107845	1.257670518623003	0.447964564786424	0.4329782640161156	0.552035435213576	0.5670217359838844	0.5714285714285714	baseline
COG2918	0.0	0.25348068018756925	0.05926031314772328	1.7693739523599787	0.453919220173906	0.4993407578099618	0.546080779826094	0.5006592421900382	0.7142857142857143	baseline
COG2922	0.0	0.8826712494994755	0.9567142406533569	1.6838440695975787	0.26317779019449955	0.19933473335846733	0.7368222098055004	0.8006652666415327	0.8571428571428571	baseline
COG2923	0.0	0.5314825750231945	0.6979457793807098	1.4204329497743455	0.3448879373678984	0.3329247229488238	0.6551120626321016	0.6670752770511762	0.7142857142857143	baseline
COG2925	0.0	0.5202510075746787	0.9001606473779639	1.2914545495290872	0.3345615485251715	0.3027551524055635	0.6654384514748285	0.6972448475944365	0.7142857142857143	baseline
COG2929	0.0	0.32078396543428234	0.6709832782252666	1.5279292374714954	0.38181288019340265	0.3137699887310135	0.6181871198065974	0.6862300112689865	0.7142857142857143	baseline
COG2931	0.0	0.1481673225457812	0.1320223000658946	1.3360174512905345	0.48693370119021406	0.4487055583587897	0.5130662988097859	0.5512944416412102	0.5714285714285714	baseline
COG2932	0.0	0.6851916010745934	0.6798950746663004	1.452508329923798	0.7175864777594132	0.6950399918298826	0.7175864777594132	0.6950399918298826	0.8571428571428571	endpoint
COG2933	0.0	1.2695774447227222	1.3221136013204944	1.7295728586306915	0.14552804063428165	0.1432121010550253	0.8544719593657184	0.8567878989449746	1.0	baseline
COG2936	0.0	0.4941634702071688	0.8865434380270103	1.544830651499675	0.6748901305782978	0.7950615058179753	0.6748901305782978	0.7950615058179753	0.7142857142857143	endpoint
COG2937	0.0	1.005417432076523	1.2548094904639038	1.5779262563277283	0.2156993022232315	0.21984537738705368	0.7843006977767685	0.7801546226129463	0.8571428571428571	baseline
COG2939	0.0	0.035191380583031506	0.47458425020964806	1.2468366529549892	0.49429604011937756	0.6637459596013887	0.5057039598806224	0.6637459596013887	0.5714285714285714	baseline
COG2942	0.0	0.6463293742064664	1.1164541791970806	1.3863397399172965	0.28888840801727994	0.18042649927683346	0.71111159198272	0.8195735007231666	0.7142857142857143	baseline
COG2943	0.0	0.8346420970208198	1.2858183163564845	1.4822265503511243	0.2393022718611702	0.10260244969574585	0.7606977281388299	0.8973975503042542	0.7142857142857143	baseline
COG2944	0.0	1.3692500009313588	1.2843480122730333	1.7576219223692857	0.10229180428661888	0.07925422127052247	0.8977081957133811	0.9207457787294775	1.0	baseline
COG2946	0.0	0.08824094685774361	0.12660492193879544	1.7104480262333164	0.4734078204690636	0.5427923159503939	0.5265921795309364	0.5427923159503939	0.5714285714285714	endpoint
COG2948	0.0	0.1984213716106844	0.06134946168380727	1.3203707974380694	0.5545957343326716	0.5000231075572009	0.5545957343326716	0.5000231075572009	0.5714285714285714	endpoint
COG2949	0.0	0.9742604683731315	1.1396309603000048	1.463488923510712	0.18783269522138304	0.19351108931876368	0.812167304778617	0.8064889106812363	1.0	baseline
COG2951	0.0	0.6984928677464045	0.9502178272443546	1.3080984429377585	0.32463233706146283	0.25880167574368823	0.6753676629385372	0.7411983242563118	0.8571428571428571	baseline
COG2954	0.0	0.795817879461884	1.0894196630737696	1.923055686602283	0.7251553651147437	0.8317042780792133	0.7251553651147437	0.8317042780792133	0.8571428571428571	endpoint
COG2956	0.0	0.6175247634622304	1.0811456199520757	1.4196324398834845	0.3121229187291609	0.18131308291978196	0.687877081270839	0.818686917080218	0.5714285714285714	baseline
COG2957	0.0	0.2910261669127973	0.41894679267626744	1.2983477851814282	0.5743539697377333	0.5401648024061348	0.5743539697377333	0.5401648024061348	0.5714285714285714	endpoint
COG2959	0.0	0.6065082851590545	0.7289728758544531	1.573171211004087	0.3308721442546017	0.2683803999357718	0.6691278557453983	0.7316196000642282	0.7142857142857143	baseline
COG2961	0.0	0.2676759924963458	0.184446683095354	1.8132863336225222	0.45021035229358153	0.4076127674582606	0.5497896477064185	0.5923872325417394	0.5714285714285714	baseline
COG2962	0.0	0.8423626190387109	1.0353933921294929	1.2880870604884618	0.266646282517933	0.2461716465202982	0.733353717482067	0.7538283534797018	0.8571428571428571	baseline
COG2963	0.0	0.08046161817528978	0.11854866181048943	1.1591370457662784	0.5052205046845354	0.48548033292861587	0.5052205046845354	0.5145196670713841	0.5714285714285714	baseline
COG2964	0.0	1.1658281874120713	1.2332979658172492	1.8772282141411976	0.16916812312296386	0.11934376466698489	0.8308318768770362	0.8806562353330151	1.0	baseline
COG2966	0.0	0.6740987146279542	0.6187614618239102	1.446576867756026	0.6946415692158002	0.6833122849240916	0.6946415692158002	0.6833122849240916	0.8571428571428571	endpoint
COG2968	0.0	0.24565795801268037	0.1894228244706176	1.8346444223278944	0.45697784712962786	0.46891137748061357	0.5430221528703721	0.5310886225193865	0.5714285714285714	baseline
COG2969	0.0	0.89703379451342	1.2962598477161003	1.76364942587851	0.23780048611890423	0.0907182465517863	0.7621995138810957	0.9092817534482137	0.7142857142857143	baseline
COG2972	0.0	1.14193807553584	1.329863358027615	1.674016199775279	0.8248996059810036	0.8505979258385702	0.8248996059810036	0.8505979258385702	1.0	endpoint
COG2974	0.0	1.0522502068373931	1.231988094833436	1.457964271610528	0.19597720741437263	0.26611448130457205	0.8040227925856274	0.733885518695428	1.0	baseline
COG2976	0.0	0.858171440880697	0.8693361463922488	1.940624187408655	0.23719105967136417	0.25340890890737783	0.7628089403286358	0.7465910910926221	0.8571428571428571	baseline
COG2977	0.0	0.46251329625369003	0.6176469602747985	1.3542560065785545	0.3909463910752556	0.34106471061848853	0.6090536089247445	0.6589352893815115	0.8571428571428571	baseline
COG2978	0.0	0.7796256358067696	1.302007095765142	1.5805202033057768	0.26317461967907674	0.21328147173108924	0.7368253803209233	0.7867185282689108	0.8571428571428571	baseline
COG2979	0.14285714285714285	0.539476741759397	0.2809820851575861	2.0193409070566686	0.384059599384211	0.4475066616542091	0.6159404006157889	0.5524933383457908	0.7142857142857143	baseline
COG2980	0.0	1.1699209240421347	1.3050346479054558	1.7301535461444395	0.17574593968936258	0.16227074398929883	0.8242540603106374	0.8377292560107011	1.0	baseline
COG2981	0.0	0.9659587949919926	0.7845870204189463	1.6054053373654493	0.20719308384334134	0.2717010049290259	0.7928069161566587	0.7282989950709742	1.0	baseline
COG2982	0.0	0.3336756702220808	0.7349345712566611	1.772336035420634	0.4116262014369724	0.3486238999203185	0.5883737985630275	0.6513761000796815	0.5714285714285714	baseline
COG2984	0.0	1.1009709617450552	1.4210685441023176	1.9389169090298193	0.7968550505437102	0.8454119064990534	0.7968550505437102	0.8454119064990534	0.8571428571428571	endpoint
COG2985	0.0	0.22340412146147376	0.5278469522769909	1.1070656638726355	0.44276760861175213	0.36461630145426616	0.5572323913882479	0.6353836985457338	0.7142857142857143	baseline
COG2986	0.0	0.7645694856663093	0.9940947212167552	1.3838112393912751	0.26945131026470504	0.19976965825633555	0.730548689735295	0.8002303417436645	0.8571428571428571	baseline
COG2987	0.0	0.8556841451983379	0.8539777609823538	1.2821359171481133	0.7559528956155005	0.6918668957321389	0.7559528956155005	0.6918668957321389	1.0	endpoint
COG2988	0.0	0.8493453086289643	1.2970139069819449	1.821622609573237	0.2551924548578252	0.20203441663535038	0.7448075451421747	0.7979655833646496	0.8571428571428571	baseline
COG2989	0.0	0.34992683638387717	0.41160683773683493	1.4385861762785976	0.3882329611034404	0.41696921860503033	0.6117670388965596	0.5830307813949697	0.7142857142857143	baseline
COG2990	0.0	0.6977529241026312	0.8817378843597364	1.2566262684255656	0.2730737757524075	0.21942065119663592	0.7269262242475925	0.7805793488033641	0.8571428571428571	baseline
COG2992	0.0	1.2840149890704147	1.3640045540351478	1.8740012922198752	0.13824561771016688	0.0776799117089361	0.8617543822898331	0.9223200882910639	1.0	baseline
COG2995	0.0	0.5001241965885118	0.9715923148999623	1.3987395273586087	0.36543787145141854	0.3093394126111624	0.6345621285485814	0.6906605873888376	0.7142857142857143	baseline
COG2996	0.0	0.9166375738175716	1.0946939779116645	1.436017469069663	0.8087691820661179	0.8614112866908047	0.8087691820661179	0.8614112866908047	0.8571428571428571	endpoint
COG2999	0.0	1.0346491508238538	1.184541129349841	1.6477294803505487	0.2079798007516543	0.19710263773754122	0.7920201992483458	0.8028973622624588	1.0	baseline
COG3001	0.0	0.871445522812065	1.319392546210246	1.884437487426292	0.2627747681562608	0.13693700384290033	0.7372252318437392	0.8630629961570997	0.8571428571428571	baseline
COG3004	0.0	0.817062396126955	1.2963465698692695	1.703146714412556	0.28267877297623717	0.21013484265512355	0.7173212270237628	0.7898651573448765	0.8571428571428571	baseline
COG3005	0.0	0.6297920725736761	1.1629037511788936	1.3905064469244952	0.2904287809040818	0.24133109294931634	0.7095712190959182	0.7586689070506837	0.7142857142857143	baseline
COG3006	0.0	0.5811385204369802	0.3312589673368813	1.5361748242865074	0.3187577427622198	0.3572197576519245	0.6812422572377802	0.6427802423480755	0.7142857142857143	baseline
COG3007	0.14285714285714285	1.4185770794845465	1.4024582000574117	2.130915070181736	0.8971838516283623	0.9148477730768709	0.8971838516283623	0.9148477730768709	1.0	endpoint
COG3008	0.0	0.04935917425168811	0.5283600196642184	1.2887820697191184	0.4950516575597818	0.5725252653670907	0.5049483424402181	0.5725252653670907	0.5714285714285714	baseline
COG3009	0.0	0.5988323131886588	0.7042674266846899	1.2900967043419882	0.2854939422998971	0.2772413182449937	0.7145060577001029	0.7227586817550062	0.8571428571428571	baseline
COG3010	0.0	0.3062457731854293	0.5173219989845275	1.2601699997599596	0.6110888108914427	0.556494796448406	0.6110888108914427	0.556494796448406	0.7142857142857143	endpoint
COG3013	0.14285714285714285	1.3546275897049986	1.411270610129313	2.056040998419718	0.12275383219986254	0.05556745487771461	0.8772461678001374	0.9444325451222854	1.0	baseline
COG3015	0.0	0.7349511540105162	1.1995286678400636	1.5246520286083134	0.2991004651935625	0.15676161280092407	0.7008995348064375	0.843238387199076	0.8571428571428571	baseline
COG3016	0.0	0.07224968801157004	0.25668233060979223	1.3264139232856191	0.5251479443269692	0.5732018009893447	0.5251479443269692	0.5732018009893447	0.5714285714285714	endpoint
COG3017	0.0	1.4866914930747939	1.3639546938739369	1.953780217634639	0.08414119146276668	0.06433575238761138	0.9158588085372333	0.9356642476123886	1.0	baseline
COG3019	0.14285714285714285	0.8858584574066264	1.1133349930148855	2.0127867448367898	0.26671999517040473	0.18966489331299238	0.7332800048295953	0.8103351066870076	0.8571428571428571	baseline
COG3021	0.0	0.9668766176483368	1.236894153095403	1.3982589647872135	0.2136774428494713	0.12222361293400695	0.7863225571505287	0.877776387065993	0.8571428571428571	baseline
COG3022	0.14285714285714285	0.0916682936283587	0.05496488657834047	2.0534771809816124	0.47150727890957406	0.5260443148505733	0.528492721090426	0.5260443148505733	0.5714285714285714	endpoint
COG3023	0.0	0.36083778787154724	0.3684509614183365	1.458470937835688	0.36804098516450406	0.42705819553544794	0.6319590148354959	0.572941804464552	0.5714285714285714	baseline
COG3025	0.0	0.6018603577020304	1.207065998865227	1.7550924393059493	0.31063418305444523	0.102889274067581	0.6893658169455548	0.897110725932419	0.7142857142857143	baseline
COG3026	0.0	0.3632842443241607	0.4488313921493134	1.2744381644300413	0.4312955779305069	0.4082668655826775	0.5687044220694931	0.5917331344173224	0.7142857142857143	baseline
COG3027	0.0	0.5529925655102135	1.1534189381265985	1.7532734325644164	0.3756080581565378	0.17958265302259688	0.6243919418434623	0.8204173469774031	0.7142857142857143	baseline
COG3028	0.0	0.3103070508841812	0.47157391305148316	1.8542813974384331	0.4464730846939072	0.39234099227367986	0.5535269153060929	0.6076590077263202	0.7142857142857143	baseline
COG3029	0.0	0.5459697477736126	0.8334034108913808	1.5825165976117588	0.37813610640263157	0.27791876682496697	0.6218638935973684	0.722081233175033	0.7142857142857143	baseline
COG3031	0.0	1.215167938899983	1.2064371116014965	1.7383621573169719	0.16167656104111808	0.11160463626293679	0.838323438958882	0.8883953637370632	1.0	baseline
COG3033	0.0	0.6238237118527029	0.8793845765623498	1.5351120892757528	0.2913307252538552	0.2652446510871451	0.7086692747461447	0.7347553489128549	0.7142857142857143	baseline
COG3034	0.0	0.7276739308563219	0.7503906554248048	1.4431234347942394	0.2806550821132718	0.21335368147798972	0.7193449178867282	0.7866463185220103	0.8571428571428571	baseline
COG3037	0.0	0.698263196263338	0.695656012980797	1.4058093052829452	0.27744147648227696	0.35056422766033035	0.722558523517723	0.6494357723396696	0.8571428571428571	baseline
COG3038	0.0	0.611867895712189	1.0292526407252733	1.2271677080301098	0.32169751881727976	0.2787446358718793	0.6783024811827203	0.7212553641281207	0.8571428571428571	baseline
COG3039	0.0	0.3132255326733882	0.23958598845421533	1.3740510924318436	0.41167802003479687	0.4360980329253309	0.5883219799652031	0.5639019670746691	0.5714285714285714	baseline
COG3040	0.0	0.38615653714249765	0.49248769295860406	1.3504680921536094	0.38646165443481373	0.35548343213914124	0.6135383455651863	0.6445165678608588	0.8571428571428571	baseline
COG3041	0.0	0.10195920864070007	0.3728184515993943	1.3233016565077502	0.5091181358148031	0.6313072330822046	0.5091181358148031	0.6313072330822046	0.5714285714285714	endpoint
COG3044	0.0	0.7676321137375737	0.9811552784092079	1.253797686627678	0.7442980447278055	0.8045060296322157	0.7442980447278055	0.8045060296322157	1.0	endpoint
COG3045	0.0	0.6704193847413863	1.0617610401315105	1.453020135210873	0.2716913875485441	0.10647644752586419	0.728308612451456	0.8935235524741358	0.8571428571428571	baseline
COG3047	0.0	0.4915288633961038	1.2716722924344954	1.6177334290267609	0.3568887997572086	0.21590319304098873	0.6431112002427914	0.7840968069590113	0.5714285714285714	baseline
COG3048	0.0	0.36377761888601734	0.6286789627877845	1.1813506574685508	0.4014831985985272	0.32319071135953836	0.5985168014014728	0.6768092886404616	0.7142857142857143	baseline
COG3049	0.0	0.3860704527632007	0.31069635943449275	1.4370908318715652	0.6146291544053711	0.5696648710021674	0.6146291544053711	0.5696648710021674	0.8571428571428571	endpoint
COG3050	0.0	0.8678366563714375	0.8479651600645	1.5606165386896556	0.23781873946385465	0.2257023290952954	0.7621812605361453	0.7742976709047046	1.0	baseline
COG3051	0.0	0.19634264423357178	0.9413013882946365	1.475122736106889	0.6106104007302814	0.8660852600280899	0.6106104007302814	0.8660852600280899	0.5714285714285714	endpoint
COG3052	0.0	0.2432367837226203	0.8108013698597566	1.4129399736394952	0.5520534579479313	0.6211353636613738	0.5520534579479313	0.6211353636613738	0.5714285714285714	endpoint
COG3053	0.0	0.2326990135635615	0.05546515085739602	1.9517824958393857	0.4763780748375348	0.49931149017166376	0.5236219251624652	0.5006885098283362	0.5714285714285714	baseline
COG3054	0.0	0.6447027337831737	1.1938567009960959	1.6299458294766982	0.33212309539956547	0.20451806672179382	0.6678769046004345	0.7954819332782062	0.7142857142857143	baseline
COG3055	0.0	0.590573873065187	0.9933285902969343	1.526779688405801	0.32552263086029587	0.17790116246929039	0.6744773691397041	0.8220988375307097	0.7142857142857143	baseline
COG3056	0.0	0.648844423635626	0.9063265248692725	1.5594521847054823	0.29431363695086354	0.17943667133404823	0.7056863630491365	0.8205633286659517	0.7142857142857143	baseline
COG3057	0.0	0.5594015684264679	0.7472590500164759	1.2959173483412447	0.37368172923407156	0.2744017334137996	0.6263182707659285	0.7255982665862004	0.7142857142857143	baseline
COG3058	0.0	0.34770952146390777	0.328419655851329	1.3700550131210878	0.43508232018921233	0.35819434538668987	0.5649176798107877	0.6418056546133102	0.7142857142857143	baseline
COG3059	0.0	0.14254417973252761	0.08938291669808698	1.4947171184349137	0.47995277570931993	0.5079852962432599	0.5200472242906801	0.5079852962432599	0.5714285714285714	baseline
COG3060	0.0	1.1977889396824335	1.2596530815034181	1.4265052491746602	0.14526106974215192	0.11094284410427874	0.8547389302578481	0.8890571558957212	1.0	baseline
COG3061	0.0	0.007999728681385035	0.10177542996520722	1.558488631251604	0.521628328852998	0.48751529184530396	0.521628328852998	0.512484708154696	0.5714285714285714	baseline
COG3064	0.0	1.0410552250736498	1.1618890064476215	1.8073712408914395	0.21847632959267343	0.11394351473870516	0.7815236704073265	0.8860564852612949	0.8571428571428571	baseline
COG3065	0.0	0.8534493412088323	1.1607545712842022	1.5421228887172873	0.26698388328390393	0.21463302041131993	0.733016116716096	0.7853669795886801	0.8571428571428571	baseline
COG3066	0.0	0.943389927879824	1.0169232750785675	1.5818777725104038	0.21991431801818298	0.14338338347722246	0.780085681981817	0.8566166165227775	1.0	baseline
COG3067	0.0	0.22315471184065688	0.19730823237572598	1.7720473871915752	0.4638617258325632	0.4378682861875582	0.5361382741674368	0.5621317138124418	0.5714285714285714	baseline
COG3068	0.0	0.5071616214101431	0.8177381302404394	1.5850290206162279	0.3854388583397242	0.2684620599713177	0.6145611416602759	0.7315379400286823	0.7142857142857143	baseline
COG3069	0.0	0.328410364705818	0.5109760865156822	1.4926759509795073	0.5733248500751739	0.648479649679001	0.5733248500751739	0.648479649679001	0.5714285714285714	endpoint
COG3070	0.0	0.2975715991699576	0.8248540966528413	1.3168659044219846	0.6009078462083844	0.7540531512051591	0.6009078462083844	0.7540531512051591	0.5714285714285714	endpoint
COG3071	0.0	0.29844623910342083	0.3707190566403006	1.6217530782159095	0.42976411079009713	0.40908260091811777	0.5702358892099029	0.5909173990818822	0.5714285714285714	baseline
COG3072	0.0	0.19610148932912477	0.18840581506728887	1.2749043575201904	0.4610627389772746	0.45241215486389397	0.5389372610227254	0.547587845136106	0.5714285714285714	baseline
COG3073	0.0	0.8162434545013626	1.1502557360570373	1.3735636478139743	0.2896344284655775	0.257086306235392	0.7103655715344225	0.7429136937646079	0.8571428571428571	baseline
COG3075	0.0	0.7893353820121379	1.230376835442324	1.5197030333988157	0.27196895049248254	0.2312671177338422	0.7280310495075175	0.7687328822661578	0.7142857142857143	baseline
COG3076	0.0	0.6979142890884897	0.61452998042705	1.6580843015409643	0.3095888943881254	0.36952986434096535	0.6904111056118746	0.6304701356590346	0.8571428571428571	baseline
COG3077	0.0	0.006580164307947199	0.6178855848482051	1.2525669991859216	0.5440983628338161	0.36805368637194275	0.5440983628338161	0.6319463136280572	0.5714285714285714	endpoint
COG3079	0.0	1.2605399135173745	1.2974907632793766	1.6836426962228794	0.13870249549850638	0.08357145258839634	0.8612975045014937	0.9164285474116036	1.0	baseline
COG3081	0.0	0.8040467613143475	0.6878183840649905	1.4688593614028274	0.2829649061540277	0.2671553403470572	0.7170350938459723	0.7328446596529428	0.8571428571428571	baseline
COG3083	0.0	1.0815358916223434	1.1468602392501952	1.6813182111462766	0.1722537976238832	0.07726632524042808	0.8277462023761168	0.9227336747595719	1.0	baseline
COG3085	0.0	0.966497645160526	1.1216348894938726	1.5063203056629333	0.21750648157991886	0.284432787851181	0.7824935184200812	0.715567212148819	1.0	baseline
COG3086	0.0	0.737284685934989	0.9742035392307448	1.9907433371874574	0.33114990325942445	0.23910902600102013	0.6688500967405755	0.7608909739989799	0.7142857142857143	baseline
COG3087	0.0	0.34368786774054316	0.5723664295322316	1.4778336363331646	0.4385570498313557	0.32454926041765764	0.5614429501686443	0.6754507395823424	0.5714285714285714	baseline
COG3090	0.0	0.28896037300901617	0.1691628414940248	1.4100011602735327	0.42232088457332434	0.4585460187521896	0.5776791154266756	0.5414539812478104	0.5714285714285714	baseline
COG3096	0.0	0.6451053026863524	0.799573469436992	1.6809304677339558	0.35696634653166315	0.2992694492965959	0.6430336534683369	0.7007305507034041	0.7142857142857143	baseline
COG3101	0.0	0.8635524087903644	0.7832238464452226	1.8888347664574983	0.268615657585588	0.20208375726413294	0.731384342414412	0.797916242735867	0.8571428571428571	baseline
COG3103	0.0	0.28653996420638983	0.8431253034757653	1.5533810464469695	0.4146471960572849	0.3160888700342115	0.5853528039427152	0.6839111299657885	0.7142857142857143	baseline
COG3104	0.0	0.7180011952485618	0.9472183056883872	1.3818154179097477	0.25747071278302613	0.19010394716492546	0.7425292872169739	0.8098960528350745	0.7142857142857143	baseline
COG3105	0.0	1.0660190116105956	1.1389971880668477	1.959575860247317	0.17003289061669682	0.0853239337975326	0.8299671093833032	0.9146760662024674	0.8571428571428571	baseline
COG3106	0.0	0.3778459288642694	0.6152039006843231	1.775858462079507	0.4137288894087648	0.36849883803223227	0.5862711105912353	0.6315011619677677	0.5714285714285714	baseline
COG3107	0.0	0.50303586749677	0.7064148515097446	1.3271971878761288	0.3695052484866648	0.3533580892657012	0.6304947515133352	0.6466419107342988	0.8571428571428571	baseline
COG3109	0.0	0.6214879359435989	0.8292407087740449	1.609274335077779	0.32017963979394093	0.33296935929366084	0.6798203602060591	0.6670306407063391	0.7142857142857143	baseline
COG3111	0.0	1.1242188055008469	1.2348771895100572	1.4881822607967516	0.14781692694761453	0.047054690972330386	0.8521830730523855	0.9529453090276696	1.0	baseline
COG3112	0.0	0.5279456849038914	1.2162261117861664	1.681825851242631	0.4104555175036263	0.20783622897745316	0.5895444824963737	0.7921637710225469	0.7142857142857143	baseline
COG3115	0.0	0.8629315598230762	1.1384006022196413	1.5419743351374706	0.22621177951402563	0.11206926338235865	0.7737882204859744	0.8879307366176413	0.8571428571428571	baseline
COG3117	0.0	0.5612779105450445	1.1530987627133924	1.811249930769374	0.2955676182859125	0.1449079527544391	0.7044323817140875	0.8550920472455609	0.7142857142857143	baseline
COG3118	0.14285714285714285	0.5015734291400523	0.5469990680576126	2.0349909495446465	0.36916251076238965	0.28316741886156765	0.6308374892376103	0.7168325811384324	0.7142857142857143	baseline
COG3119	0.0	0.601545154369263	0.9424750513979987	1.3323472547389088	0.2965930009629435	0.1814446828326734	0.7034069990370565	0.8185553171673265	0.8571428571428571	baseline
COG3121	0.0	1.2557422977793862	1.3129236129942894	1.4788191687733827	0.13064368286665634	0.14474617919919874	0.8693563171333436	0.8552538208008013	1.0	baseline
COG3126	0.0	0.8719147921438586	0.9687586695320313	1.8315373834055828	0.2424165646694699	0.15596578456728685	0.7575834353305301	0.8440342154327132	0.8571428571428571	baseline
COG3127	0.0	0.6105797569469463	1.0397571382859025	1.2561772707751329	0.32490778808197707	0.27012029716723407	0.6750922119180229	0.7298797028327659	0.7142857142857143	baseline
COG3129	0.0	0.6510867493662618	0.7086392728776835	1.562959212597532	0.2681432570034665	0.3123083935784606	0.7318567429965335	0.6876916064215395	0.8571428571428571	baseline
COG3131	0.0	0.596972150224237	0.7858416424743704	1.501353850349674	0.34478239290720575	0.24335658371033222	0.6552176070927942	0.7566434162896678	0.8571428571428571	baseline
COG3132	0.0	0.748198534502197	0.7564948527427037	1.376068009419052	0.2752577752627749	0.3363413291076216	0.724742224737225	0.6636586708923784	0.8571428571428571	baseline
COG3135	0.0	1.0217099960845013	1.1868563822467657	1.79115214745621	0.18829994003998582	0.09445923870088795	0.8117000599600142	0.9055407612991121	1.0	baseline
COG3137	0.0	0.6096835603984967	1.2581938938190094	1.4903076265501722	0.2852954363803993	0.164790644061843	0.7147045636196008	0.835209355938157	0.7142857142857143	baseline
COG3138	0.0	1.0568441872186285	1.3717593617261978	1.7743188859475005	0.19688588906578816	0.1579465525766235	0.8031141109342118	0.8420534474233765	0.8571428571428571	baseline
COG3142	0.0	0.39643228093226596	0.791143539335818	1.351747587866508	0.38232201932920357	0.30922625926022096	0.6176779806707964	0.690773740739779	0.5714285714285714	baseline
COG3145	0.0	0.8918360483133253	1.243323712684483	1.5777702918730567	0.25084136530837225	0.14640449632720284	0.7491586346916277	0.8535955036727971	0.8571428571428571	baseline
COG3147	0.0	0.4480618220339468	1.2265152095823582	1.8198271017671357	0.43610892675938817	0.19152502087883022	0.5638910732406118	0.8084749791211698	0.5714285714285714	baseline
COG3148	0.0	0.6537672137501757	1.1534308995803026	1.9273958760562016	0.3628048427791231	0.24354565535416978	0.6371951572208769	0.7564543446458303	0.7142857142857143	baseline
COG3149	0.0	0.8644884046117032	0.8963196030020649	1.3545349470453258	0.26220345332385564	0.2605767292981258	0.7377965466761444	0.7394232707018742	0.8571428571428571	baseline
COG3150	0.0	0.42221049992186044	0.12875418120379836	1.5329664638343643	0.3798013721955447	0.4267291023648372	0.6201986278044553	0.5732708976351628	0.7142857142857143	baseline
COG3151	0.0	0.66926346457276	1.2201082186819534	1.7657976679523322	0.3353786623128034	0.15675137115598145	0.6646213376871966	0.8432486288440185	0.7142857142857143	baseline
COG3152	0.0	0.32787070291619835	1.2123940762443364	1.7154828980107246	0.46075576425151815	0.26635459081847307	0.5392442357484819	0.733645409181527	0.5714285714285714	baseline
COG3153	0.0	0.2906359330919998	0.20322175965760353	1.455493873502751	0.3907407227826467	0.44281746731401345	0.6092592772173533	0.5571825326859865	0.7142857142857143	baseline
COG3154	0.0	1.0926665240715028	1.2506526572861727	1.5486156918758651	0.19908058077388632	0.1629093893296641	0.8009194192261136	0.837090610670336	0.8571428571428571	baseline
COG3155	0.0	0.35580026232894085	0.4171338227219484	1.4151971066090083	0.41930052981919397	0.40137788667120006	0.580699470180806	0.5986221133287999	0.5714285714285714	baseline
COG3156	0.0	0.7624377618114454	1.0014250251091683	1.551303998975619	0.2960768021350922	0.18514446509756557	0.7039231978649079	0.8148555349024345	0.8571428571428571	baseline
COG3157	0.0	1.0664981502239743	1.058209501432436	1.789755441031764	0.18372951079038136	0.15029556676378897	0.8162704892096186	0.849704433236211	1.0	baseline
COG3158	0.0	0.43212377184878725	0.5338986759552949	1.381446557399979	0.3817339775374182	0.3604733871616638	0.6182660224625818	0.6395266128383361	0.7142857142857143	baseline
COG3159	0.0	1.0379975703501267	1.3349970305528231	1.7785037010937668	0.21349671764209055	0.11693402801763503	0.7865032823579095	0.883065971982365	0.8571428571428571	baseline
COG3160	0.0	0.6954678816130448	1.2882141369030153	1.495961303135168	0.32968518137325936	0.21203604211123417	0.6703148186267407	0.7879639578887658	0.7142857142857143	baseline
COG3161	0.14285714285714285	1.4095803939279956	1.3890311939772855	2.130524392571094	0.10069909738666168	0.0778416059748132	0.8993009026133383	0.9221583940251868	1.0	baseline
COG3164	0.0	0.40070561025873425	0.019797421848015424	1.369335430944913	0.3815710261360722	0.4739071843313419	0.6184289738639278	0.5260928156686582	0.5714285714285714	baseline
COG3165	0.0	1.2556171981804776	1.4727340392621988	1.7879185789136096	0.13968910588049646	0.057041724887224414	0.8603108941195036	0.9429582751127756	1.0	baseline
COG3166	0.0	1.0776359061712462	1.0074290811727908	1.7593790491853616	0.18650977344779365	0.22010207989057057	0.8134902265522064	0.7798979201094294	1.0	baseline
COG3169	0.0	0.15844059299411956	0.46262212342797904	1.531118704133438	0.43883171718528197	0.3639104282559733	0.561168282814718	0.6360895717440267	0.7142857142857143	baseline
COG3172	0.0	0.20330990727051557	0.24238180381820773	1.536535750893662	0.4742584061226572	0.44082625606089615	0.5257415938773429	0.5591737439391038	0.5714285714285714	baseline
COG3174	0.0	0.4212961783686597	0.41672125870236104	1.4754243966389284	0.3754080593713273	0.41577356972623514	0.6245919406286726	0.5842264302737649	0.7142857142857143	baseline
COG3176	0.0	0.2589305613809584	0.018469918452589967	1.8970964097602379	0.5433206372721939	0.5232111711044156	0.5433206372721939	0.5232111711044156	0.5714285714285714	endpoint
COG3177	0.0	0.7557601871830517	1.2043624765841219	1.4450054565612491	0.2976011544147635	0.230754227654731	0.7023988455852366	0.769245772345269	0.8571428571428571	baseline
COG3178	0.0	0.019966337871782987	0.08482273019558748	1.7352997385296147	0.49708261618070626	0.48470119369367387	0.5029173838192937	0.5152988063063262	0.5714285714285714	endpoint
COG3180	0.0	0.1292873193019937	0.10156206197235029	1.160752893812919	0.5674873794096075	0.45376186802522217	0.5674873794096075	0.5462381319747778	0.5714285714285714	endpoint
COG3181	0.0	0.26951655788499945	0.2606700453628219	1.5467404607360176	0.41002763681739735	0.435785337967686	0.5899723631826026	0.5642146620323141	0.7142857142857143	baseline
COG3182	0.0	0.16540819793367434	0.38888645350344736	1.475903073066508	0.48106382699819566	0.4222807880119205	0.5189361730018043	0.5777192119880795	0.5714285714285714	baseline
COG3185	0.14285714285714285	0.9277568981186918	0.6891052675058963	2.0188849774373603	0.24842844376959555	0.2954658027580922	0.7515715562304044	0.7045341972419078	1.0	baseline
COG3187	0.0	0.10343475302776402	0.28248013804309663	1.0711529781348594	0.49222544065708096	0.4237300011022006	0.507774559342919	0.5762699988977994	0.5714285714285714	baseline
COG3188	0.0	0.9843841628514725	1.3022196939303226	1.4065980186228944	0.21076554101780479	0.11992506021323335	0.7892344589821952	0.8800749397867667	0.8571428571428571	baseline
COG3189	0.0	0.9023756283115694	0.9776066124720297	1.7375226560838883	0.2092967971791364	0.1907529333821365	0.7907032028208636	0.8092470666178635	0.8571428571428571	baseline
COG3191	0.0	0.4797424416997851	1.0047464401936048	1.4277186640773127	0.6158186761984442	0.637405815796716	0.6158186761984442	0.637405815796716	0.5714285714285714	endpoint
COG3192	0.0	0.3543190812133245	0.012754240134097202	1.5930267174822115	0.6177390108102158	0.5252611706131856	0.6177390108102158	0.5252611706131856	0.5714285714285714	endpoint
COG3193	0.0	0.33986482657973177	0.5570974450258994	1.9984809782353723	0.5576620791550633	0.7295997079350119	0.5576620791550633	0.7295997079350119	0.5714285714285714	endpoint
COG3194	0.14285714285714285	0.32689384215391737	0.11158717045136801	2.061356708466085	0.43487546186426457	0.476898760759985	0.5651245381357355	0.523101239240015	0.7142857142857143	baseline
COG3196	0.0	0.18472365845763397	0.48566845884897347	1.3814705725603134	0.5528213659909976	0.5724893066495532	0.5528213659909976	0.5724893066495532	0.7142857142857143	endpoint
COG3201	0.0	0.4407568987575146	0.5979202972504369	1.1039507670438868	0.38627158833994496	0.3157253846027338	0.613728411660055	0.6842746153972662	0.7142857142857143	baseline
COG3202	0.0	0.3340054002168081	0.1686046924932798	1.432143430263016	0.371659114791523	0.4587239335628566	0.628340885208477	0.5412760664371434	0.7142857142857143	baseline
COG3203	0.0	0.5952667892494132	0.7740909272179822	1.4659672101282517	0.3044174142015842	0.34081014023264006	0.6955825857984158	0.65918985976736	0.7142857142857143	baseline
COG3204	0.0	1.0365100236067335	1.1427594416447018	1.7851862625610915	0.20623816616004395	0.12634517502033135	0.793761833839956	0.8736548249796686	1.0	baseline
COG3206	0.0	0.9380267773468648	1.1399582811538578	1.3804275703281528	0.2450120180000346	0.25481682247394905	0.7549879819999654	0.7451831775260509	1.0	baseline
COG3208	0.0	0.0382291319740738	0.20630684953765438	1.5721623320985363	0.5401353779603143	0.4649642316009478	0.5401353779603143	0.5350357683990522	0.5714285714285714	endpoint
COG3209	0.0	0.45757657078714015	0.6412271515103075	1.1773124694516193	0.6425324145696614	0.7161906890891839	0.6425324145696614	0.7161906890891839	0.7142857142857143	endpoint
COG3210	0.0	0.2756417085574111	0.37374502768538964	1.4106952215671464	0.4155866730974192	0.4046176763371934	0.5844133269025809	0.5953823236628066	0.7142857142857143	baseline
COG3212	0.0	0.4114690659651368	0.4141175885849958	1.5426360555493857	0.41414928066852635	0.3934895002240565	0.5858507193314737	0.6065104997759435	0.7142857142857143	baseline
COG3214	0.0	0.6076529319779127	0.8671212211612641	1.3631056167683306	0.3181382631273468	0.21883176821868383	0.6818617368726532	0.7811682317813162	0.7142857142857143	baseline
COG3221	0.0	0.1528762681692984	0.5150372554048449	1.402278790115254	0.4568888605135517	0.3858487684110458	0.5431111394864483	0.6141512315889541	0.7142857142857143	baseline
COG3223	0.0	0.5637286648663687	0.9500134272120077	1.5422069787119859	0.32544869003267485	0.20964315601871533	0.6745513099673252	0.7903568439812847	0.7142857142857143	baseline
COG3224	0.0	0.7534587786111876	0.8343072097330521	1.3753857457834222	0.2799123794157342	0.3300309682535231	0.7200876205842658	0.6699690317464768	1.0	baseline
COG3225	0.0	0.610374620345065	1.1670735108276669	1.7258486347841278	0.6968703637453314	0.879116040600656	0.6968703637453314	0.879116040600656	0.7142857142857143	endpoint
COG3226	0.0	0.4705730110630654	0.7994777197883592	1.3797948574210903	0.3704887939893859	0.28284445866819447	0.629511206010614	0.7171555413318056	0.7142857142857143	baseline
COG3227	0.0	0.8511182082531352	0.9687893146918712	1.3260439709287821	0.23780878182450374	0.2867111486600405	0.7621912181754963	0.7132888513399596	1.0	baseline
COG3228	0.0	0.29057982663649484	0.3521224856868672	1.58448499774281	0.44441607007897277	0.4035425052319691	0.5555839299210272	0.5964574947680309	0.7142857142857143	baseline
COG3231	0.0	0.04121900824004616	0.24679007391046015	1.35065145143797	0.5365808896446784	0.5556338832451073	0.5365808896446784	0.5556338832451073	0.5714285714285714	endpoint
COG3232	0.0	0.689214213766484	0.7845589742323171	1.7834927078052178	0.33108520038818395	0.23355998027084757	0.6689147996118161	0.7664400197291524	0.7142857142857143	baseline
COG3236	0.0	0.19174365262575724	0.20518620417471803	1.3537441225945706	0.5829292155255432	0.5046811753043577	0.5829292155255432	0.5046811753043577	0.5714285714285714	endpoint
COG3238	0.0	0.36837514881541056	0.5316419964998873	0.8594140241074218	0.6048562043931677	0.5588718737922482	0.6048562043931677	0.5588718737922482	0.7142857142857143	endpoint
COG3239	0.0	0.5652859666771523	1.132026003974763	1.353335572128191	0.32475281044010407	0.20249448791512287	0.6752471895598959	0.7975055120848771	0.7142857142857143	baseline
COG3240	0.0	0.07693184600621157	0.08748291099191202	1.5207604222930156	0.4911609097149694	0.5336463757080574	0.5088390902850306	0.5336463757080574	0.5714285714285714	endpoint
COG3246	0.0	0.3244369570358266	0.2589874377872646	1.7357085536645125	0.4461514750861143	0.4227988446931769	0.5538485249138857	0.577201155306823	0.5714285714285714	baseline
COG3247	0.0	0.719813308703845	1.1123365379112509	1.696707404992946	0.3291275455862356	0.2259215334830679	0.6708724544137644	0.7740784665169321	0.8571428571428571	baseline
COG3248	0.0	0.8123875500199151	1.0858931278600816	1.4854664907948667	0.22229363591922818	0.11263199558993646	0.7777063640807718	0.8873680044100636	0.8571428571428571	baseline
COG3250	0.0	0.20853760642545854	0.5072040228246742	1.4164835215163987	0.4310156505142234	0.38642496373383267	0.5689843494857766	0.6135750362661674	0.7142857142857143	baseline
COG3253	0.0	0.43961599310064564	0.0928484237745322	1.9675308313069702	0.4090663140473768	0.4395864429487502	0.5909336859526232	0.5604135570512498	0.7142857142857143	baseline
COG3254	0.0	0.23449430135207625	0.14526334415548633	1.0421856379924996	0.5937127669601879	0.4947341573124093	0.5937127669601879	0.5052658426875907	0.5714285714285714	endpoint
COG3256	0.0	0.24590850476698484	0.07139627294433465	1.2952567350831168	0.545629249694999	0.5273151391252606	0.545629249694999	0.5273151391252606	0.5714285714285714	endpoint
COG3257	0.14285714285714285	0.9812834871360121	1.0678086501956412	2.2594657275068726	0.23310371284117823	0.17209491215078584	0.7668962871588217	0.8279050878492141	1.0	baseline
COG3260	0.0	0.6886957043911125	0.6485449811213073	1.6742428316844336	0.29955968221378326	0.30573882480379067	0.7004403177862167	0.6942611751962093	0.7142857142857143	baseline
COG3261	0.0	0.08157130410342295	0.8820251270270515	1.6682305441647551	0.6001255376750626	0.7936212551948989	0.6001255376750626	0.7936212551948989	0.5714285714285714	endpoint
COG3262	0.0	0.322842204597646	0.4815814707418041	1.2395610056582549	0.3850864542068183	0.4006105551198687	0.6149135457931817	0.5993894448801314	0.7142857142857143	baseline
COG3263	0.0	0.48289915266357647	1.022396905469015	1.342126502189459	0.3744738686884205	0.2987569277974773	0.6255261313115795	0.7012430722025227	0.7142857142857143	baseline
COG3264	0.0	0.9449082227537319	0.9425153001943094	1.4352356614973194	0.2133133424654587	0.17852090989410516	0.7866866575345413	0.8214790901058948	1.0	baseline
COG3265	0.0	0.24370769063731187	0.5244092104531441	1.3071447196336567	0.5874547855902887	0.6357909671658745	0.5874547855902887	0.6357909671658745	0.5714285714285714	endpoint
COG3266	0.0	0.9687074739998474	1.328260973913275	1.6431550004837245	0.22129320908949754	0.12905799856740946	0.7787067909105024	0.8709420014325906	0.8571428571428571	baseline
COG3267	0.0	0.2697103452206337	0.3944132853344374	1.1853459239367587	0.5809288618474563	0.6163506157291603	0.5809288618474563	0.6163506157291603	0.7142857142857143	endpoint
COG3270	0.0	0.402939652846713	0.67617224960743	1.492214879640884	0.5897924945161565	0.6051259773548715	0.5897924945161565	0.6051259773548715	0.7142857142857143	endpoint
COG3274	0.0	0.2660646107864833	0.5075421841548989	1.477964954314318	0.4064114840746655	0.37081571162948174	0.5935885159253345	0.6291842883705183	0.7142857142857143	baseline
COG3275	0.0	0.1437494092903831	0.5077049201236347	1.594034808233621	0.46802212534335447	0.39450341744501055	0.5319778746566455	0.6054965825549894	0.5714285714285714	baseline
COG3276	0.0	0.6973777676353973	0.7924793207308565	1.1599498365567174	0.7092028096298826	0.726072388335187	0.7092028096298826	0.726072388335187	0.8571428571428571	endpoint
COG3279	0.0	0.7859256896652644	1.1097671010031298	1.5209794597826933	0.7501874566513814	0.8942807265033877	0.7501874566513814	0.8942807265033877	0.7142857142857143	endpoint
COG3280	0.0	0.9368549412749617	0.9525530417637121	1.446530369293807	0.2152936212907897	0.29050686310224605	0.7847063787092103	0.709493136897754	1.0	baseline
COG3283	0.0	1.0064525410289737	1.0314842438818477	1.8087129641836985	0.19214572209882316	0.11686889457616445	0.8078542779011768	0.8831311054238355	1.0	baseline
COG3284	0.0	0.7729836687786801	1.1136021184189835	1.2795787308531428	0.2790523727217618	0.21405482657013317	0.7209476272782382	0.7859451734298668	0.7142857142857143	baseline
COG3288	0.0	0.41072806879043366	0.23235336372601262	1.4314448320702238	0.41118973417570154	0.4355776410681285	0.5888102658242984	0.5644223589318715	0.7142857142857143	baseline
COG3290	0.0	0.6884460531895552	1.025825882088464	1.3363275131297798	0.2588161206055942	0.20251772342885255	0.7411838793944058	0.7974822765711475	0.8571428571428571	baseline
COG3291	0.0	0.5024358260359294	0.5835891805968715	1.352050028618806	0.37707856069923534	0.3467768399404667	0.6229214393007647	0.6532231600595333	0.8571428571428571	baseline
COG3292	0.0	0.09569343490638384	0.06717029056335887	1.455040233229495	0.4383413998492961	0.49491103252101293	0.5616586001507039	0.5050889674789871	0.5714285714285714	baseline
COG3293	0.0	0.2662444927625191	0.5897927520676847	1.4443928585243822	0.5984933279582775	0.7227559235885785	0.5984933279582775	0.7227559235885785	0.7142857142857143	endpoint
COG3297	0.0	0.37315217286584107	0.4520670962979655	1.3240886134368854	0.4266761441913531	0.36836784614387336	0.5733238558086469	0.6316321538561267	0.7142857142857143	baseline
COG3299	0.0	0.19022150903065613	0.3783539135277436	1.5665933463038386	0.4285254350119482	0.5334265042156652	0.5714745649880518	0.5334265042156652	0.5714285714285714	baseline
COG3301	0.0	0.003259163670938766	0.190993887626421	1.2558458500730114	0.5258465461888788	0.4389164487887515	0.5258465461888788	0.5610835512112484	0.5714285714285714	baseline
COG3302	0.0	0.8895470712189663	1.0893505246184538	1.7892643869285583	0.2503888361256664	0.2897918971822669	0.7496111638743336	0.7102081028177332	0.8571428571428571	baseline
COG3303	0.0	0.5494676383431341	0.6916322688864965	1.387272173585527	0.32784825755382524	0.28432813083685116	0.6721517424461747	0.7156718691631488	0.8571428571428571	baseline
COG3304	0.0	0.1776775038024929	0.7681883444080956	1.2707725438256723	0.46660247503529045	0.33360762566530267	0.5333975249647096	0.6663923743346973	0.5714285714285714	baseline
COG3307	0.0	0.5844704704815982	1.1743399207836653	1.442675007893973	0.32586387941808337	0.27568390813586835	0.6741361205819166	0.7243160918641316	0.7142857142857143	baseline
COG3311	0.0	1.2008650001122305	1.240661082648583	1.696115428233408	0.15368495987141603	0.1313027546810653	0.8463150401285839	0.8686972453189347	1.0	baseline
COG3314	0.0	0.3270826916283077	0.5137147742595294	1.2947233474936164	0.5909115002514114	0.586630774386188	0.5909115002514114	0.586630774386188	0.7142857142857143	endpoint
COG3315	0.0	0.5210374827378402	0.7359291709987822	1.3324557085857955	0.6374735488848957	0.6624410410457526	0.6374735488848957	0.6624410410457526	0.8571428571428571	endpoint
COG3316	0.0	0.1984238546787413	0.18585898027216055	1.4050530559585894	0.45615794800864257	0.4502909283791754	0.5438420519913574	0.5497090716208246	0.5714285714285714	baseline
COG3317	0.0	0.5605755254309133	0.8404176636428138	1.5814778453283556	0.3483095483482779	0.33111401775723953	0.6516904516517221	0.6688859822427604	0.7142857142857143	baseline
COG3318	0.0	0.7452065551347461	1.3332887584816404	1.6407258135687899	0.3364904247850595	0.1982652257626356	0.6635095752149405	0.8017347742373644	0.7142857142857143	baseline
COG3319	0.0	0.5080930344675283	0.5441062213231808	1.4608215321768558	0.35286235809342187	0.38030084306944334	0.6471376419065782	0.6196991569305567	0.7142857142857143	baseline
COG3321	0.0	0.7634545348189269	1.1607471516994141	1.5056452257349067	0.28855934676097733	0.26311024452373016	0.7114406532390227	0.7368897554762699	0.7142857142857143	baseline
COG3323	0.0	0.12559695977608917	0.28448255957781077	1.6866360893022805	0.5757550994186923	0.6318688660508888	0.5757550994186923	0.6318688660508888	0.5714285714285714	endpoint
COG3325	0.0	0.282651587226893	0.49337515697954537	1.105008169571752	0.5613632759676591	0.6412972279841419	0.5613632759676591	0.6412972279841419	0.7142857142857143	endpoint
COG3326	0.0	0.4655235512186198	0.42813811935649926	1.422180749344265	0.639330374698209	0.6402277430611841	0.639330374698209	0.6402277430611841	0.8571428571428571	endpoint
COG3327	0.14285714285714285	0.6159348725643682	0.9212512955400162	2.0222969695947475	0.34238830642976925	0.3176958733199086	0.6576116935702307	0.6823041266800913	0.7142857142857143	baseline
COG3328	0.0	0.220383038268293	0.2895549320137763	1.4063915470071655	0.6024909178603431	0.5808867548241357	0.6024909178603431	0.5808867548241357	0.5714285714285714	endpoint
COG3331	0.0	1.0459206252235236	1.205545869340548	1.5323661805384499	0.8168902154651813	0.8629801580295084	0.8168902154651813	0.8629801580295084	0.8571428571428571	endpoint
COG3333	0.0	0.48526678837429404	0.7172281412500412	1.6469327124186124	0.6558772234593419	0.7897996171205988	0.6558772234593419	0.7897996171205988	0.7142857142857143	endpoint
COG3335	0.0	0.5732520142118717	0.7128892261580833	1.6434624063430732	0.6910195905256853	0.7156214433548461	0.6910195905256853	0.7156214433548461	0.5714285714285714	endpoint
COG3338	0.0	0.506878263944059	0.5660973803556585	1.145210017016298	0.6771027634477521	0.660136772861522	0.6771027634477521	0.660136772861522	0.7142857142857143	endpoint
COG3339	0.0	0.6986925362438605	0.9671139365707025	1.145760088259318	0.28554163890615036	0.28152022655007725	0.7144583610938496	0.7184797734499228	0.8571428571428571	baseline
COG3340	0.0	0.17873412467221345	0.3805400101955596	1.3471277935419625	0.5631589403124259	0.40078842201389625	0.5631589403124259	0.5992115779861038	0.5714285714285714	endpoint
COG3341	0.0	0.36740786836700484	0.6205927896136587	1.2476293197879775	0.6367234388354096	0.6729812076333043	0.6367234388354096	0.6729812076333043	0.7142857142857143	endpoint
COG3344	0.0	0.6639100713341868	0.9722293718263497	1.7514239980891346	0.6894036733944847	0.639541325646866	0.6894036733944847	0.639541325646866	0.7142857142857143	endpoint
COG3345	0.0	0.35009183474704525	0.6612771126421955	1.524087935237336	0.610758986818099	0.7080856052635978	0.610758986818099	0.7080856052635978	0.7142857142857143	endpoint
COG3347	0.0	1.21422568169732	1.3790777441188113	1.593382274090373	0.8499628209816473	0.8877606839917873	0.8499628209816473	0.8877606839917873	1.0	endpoint
COG3350	0.0	0.35015896415549597	0.3793508400667271	1.4363462240409155	0.4129793599268447	0.37754914518303706	0.5870206400731552	0.6224508548169629	0.7142857142857143	baseline
COG3359	0.0	0.7069982369572338	1.1927069075074164	1.3361616043629836	0.7554769376747383	0.9064991682360396	0.7554769376747383	0.9064991682360396	0.7142857142857143	endpoint
COG3376	0.0	0.6102976037081475	1.039415690967628	1.466835430404387	0.33758069029167187	0.2980809322615389	0.6624193097083282	0.701919067738461	0.7142857142857143	baseline
COG3378	0.0	0.6603776173926839	0.8268728995845313	1.5306595839217803	0.6835923608276024	0.7737265544803835	0.6835923608276024	0.7737265544803835	0.8571428571428571	endpoint
COG3381	0.0	0.7797538887770185	1.0351346306531028	1.3783205461845767	0.28213892705231663	0.2545769101373906	0.7178610729476833	0.7454230898626094	0.7142857142857143	baseline
COG3382	0.0	0.43283932450289775	0.4122486059386837	1.7498560965666796	0.36753063717900336	0.41681918609183694	0.6324693628209966	0.5831808139081631	0.7142857142857143	baseline
COG3383	0.0	0.9688092515555813	1.009995469781138	1.622499152882981	0.7743609928031645	0.8176025406844746	0.7743609928031645	0.8176025406844746	1.0	endpoint
COG3384	0.0	0.9289998167769519	1.0949954196047413	1.7365360631863231	0.23936407802318202	0.15324190435964435	0.760635921976818	0.8467580956403556	0.8571428571428571	baseline
COG3385	0.0	0.2640137215063544	0.7845085808795728	1.4814435882443608	0.4519650331716153	0.3403947605652565	0.5480349668283847	0.6596052394347435	0.7142857142857143	baseline
COG3386	0.0	0.2363339567035681	0.5026731144061584	1.1839498860951123	0.42048763004387063	0.3806450638490828	0.5795123699561293	0.6193549361509172	0.5714285714285714	baseline
COG3387	0.0	0.047334554341916954	0.07147532271709328	1.5953068347794184	0.4898110272581317	0.4879344250298917	0.5101889727418683	0.5120655749701083	0.5714285714285714	baseline
COG3391	0.0	0.8799147674021537	1.3176250499523623	1.5476174270607548	0.22056669146489966	0.09262375991075349	0.7794333085351004	0.9073762400892466	0.8571428571428571	baseline
COG3392	0.0	0.25566163800058667	0.5738545392020287	1.1836552381205219	0.38567630700724925	0.3240155312743975	0.6143236929927507	0.6759844687256025	0.7142857142857143	baseline
COG3394	0.0	0.3943259595611842	0.6676106475350813	1.407015479864834	0.4041778885726178	0.3571206707018003	0.5958221114273822	0.6428793292981997	0.7142857142857143	baseline
COG3395	0.0	0.10799203972084911	0.45124958090871453	0.9338125233188777	0.5012404903058699	0.4001367132136041	0.5012404903058699	0.5998632867863959	0.5714285714285714	baseline
COG3396	0.0	0.6836305832354969	0.8841136291489822	1.3235365687859009	0.3221539867172886	0.32386061638544383	0.6778460132827113	0.6761393836145562	0.8571428571428571	baseline
COG3397	0.0	0.3839264490070669	0.5670389562474446	1.1146890912331593	0.3883017475985472	0.35535760285774476	0.6116982524014528	0.6446423971422552	0.7142857142857143	baseline
COG3401	0.14285714285714285	1.357794725953998	1.2902453988518237	2.4266886638214906	0.8813102975454686	0.8932188776758885	0.8813102975454686	0.8932188776758885	1.0	endpoint
COG3404	0.0	0.3794943341322533	0.4302988572125975	1.0325621536435388	0.623466114714463	0.6186228896778377	0.623466114714463	0.6186228896778377	0.7142857142857143	endpoint
COG3405	0.0	0.17066050275511283	0.17835510371310737	1.2621076913347589	0.5906203546376557	0.562337026385466	0.5906203546376557	0.562337026385466	0.7142857142857143	endpoint
COG3407	0.0	0.17546902266579104	0.3403321633816416	1.0414947599502875	0.5799620953891508	0.613382146794508	0.5799620953891508	0.613382146794508	0.5714285714285714	endpoint
COG3408	0.0	0.1029861718692122	0.12562898521668805	1.215757073618452	0.5022435602376377	0.47652151261513503	0.5022435602376377	0.523478487384865	0.5714285714285714	baseline
COG3409	0.0	0.2287146330979198	0.756084920827762	1.1385423745533458	0.5696331608911679	0.6046613938667363	0.5696331608911679	0.6046613938667363	0.7142857142857143	endpoint
COG3410	0.0	0.634434771570907	0.7804617016515051	1.490456789855818	0.30804998547263723	0.3307383612996882	0.6919500145273627	0.6692616387003119	0.8571428571428571	baseline
COG3411	0.0	0.11393213236604002	0.26047254715530405	1.5855573762116908	0.481973561957142	0.43583977580334254	0.518026438042858	0.5641602241966575	0.5714285714285714	baseline
COG3412	0.0	0.4509854166239551	0.857090175519158	1.3519002401220706	0.3699134008979708	0.3128241634889842	0.6300865991020292	0.6871758365110159	0.7142857142857143	baseline
COG3414	0.0	0.6114865819098563	0.8427554317278926	1.36950842099483	0.34266234941532	0.2432865128440048	0.65733765058468	0.7567134871559952	0.8571428571428571	baseline
COG3416	0.0	0.6466018485792756	0.6731989086961653	1.3413201193979143	0.3086229948970699	0.2670792136647769	0.6913770051029301	0.7329207863352232	0.8571428571428571	baseline
COG3419	0.0	0.14023148053487813	0.09000489531661549	0.9305345790874533	0.539854244347843	0.5324443660647293	0.539854244347843	0.5324443660647293	0.5714285714285714	endpoint
COG3421	0.0	0.4649626224698478	1.198723103473309	1.3173816877195348	0.6995655593879023	0.923112217718167	0.6995655593879023	0.923112217718167	0.5714285714285714	endpoint
COG3423	0.0	1.4029817625706928	1.4282015426388532	1.7532458172761138	0.09764797880640827	0.10332097720160409	0.9023520211935917	0.896679022798396	1.0	baseline
COG3425	0.0	0.03660593223800448	0.034105345331219616	1.1081187420593748	0.4697580986724653	0.5420679469627675	0.5302419013275347	0.5420679469627675	0.5714285714285714	baseline
COG3426	0.0	0.007836964914148346	0.00229547428866949	1.3863400010628395	0.5218063471955484	0.47332564052498377	0.5218063471955484	0.5266743594750163	0.5714285714285714	baseline
COG3429	0.0	0.05297773643912799	0.6050542395048614	1.423074013912066	0.5084982278918393	0.3655239576840249	0.5084982278918393	0.6344760423159751	0.5714285714285714	baseline
COG3433	0.0	0.6157120322313846	0.7918296706277885	1.7986113018214813	0.3425215065686244	0.22248088702723862	0.6574784934313755	0.7775191129727614	0.7142857142857143	baseline
COG3434	0.0	0.04273320478559801	0.6408119147046359	1.5395674141200288	0.5194154643271002	0.6630035810209228	0.5194154643271002	0.6630035810209228	0.5714285714285714	endpoint
COG3435	0.0	0.5840728804911188	0.9491582960979807	1.2985660066508269	0.3058392309076109	0.1689212003177224	0.6941607690923891	0.8310787996822776	0.8571428571428571	baseline
COG3436	0.0	0.20189925174056464	0.5729550899679021	1.293527839246752	0.55058747691725	0.6058206256558243	0.55058747691725	0.6058206256558243	0.5714285714285714	endpoint
COG3437	0.0	0.18195777093599932	0.04767626948935083	1.4361809138462647	0.5558297954158765	0.5380867174363692	0.5558297954158765	0.5380867174363692	0.5714285714285714	endpoint
COG3439	0.0	0.47862981910059593	0.7389525751118626	1.4901925699663863	0.34187297513949855	0.34044236121315374	0.6581270248605015	0.6595576387868463	0.7142857142857143	baseline
COG3440	0.0	0.8899863120422248	0.9143323313469344	1.3728978984072027	0.22797966463750136	0.2315042237975934	0.7720203353624986	0.7684957762024066	1.0	baseline
COG3442	0.0	0.0271422241282101	0.22113215186720245	1.2013211738089318	0.4853810532593416	0.43703024959128783	0.5146189467406583	0.5629697504087121	0.5714285714285714	baseline
COG3443	0.0	0.7786568227505141	1.2884477869500166	1.4977719246356762	0.6987271218295804	0.7954796790627702	0.6987271218295804	0.7954796790627702	0.7142857142857143	endpoint
COG3444	0.0	0.39050857061552396	0.7099162768254276	1.7073761246904866	0.3644624822118008	0.2532756002475131	0.6355375177881992	0.7467243997524868	0.5714285714285714	baseline
COG3447	0.0	0.6617825070880098	0.8867164829601171	1.8497826919906046	0.3324460467722105	0.1945471173758164	0.6675539532277894	0.8054528826241836	0.7142857142857143	baseline
COG3448	0.0	0.6014870919055877	0.9689152531857774	1.4801679662006901	0.35387348306940974	0.30978379695843833	0.6461265169305903	0.6902162030415617	0.7142857142857143	baseline
COG3449	0.0	0.7392887248037902	1.1850438066897195	1.349604200604163	0.25026673065202665	0.17206361192910088	0.7497332693479734	0.8279363880708991	0.8571428571428571	baseline
COG3451	0.0	0.3337947737308956	0.42495121930491464	1.4901731884107112	0.6132224238531302	0.6125396868342072	0.6132224238531302	0.6125396868342072	0.5714285714285714	endpoint
COG3454	0.14285714285714285	0.7921978560705263	1.3356112572733132	2.0739865098398904	0.3140933441243101	0.1362945395730804	0.6859066558756899	0.8637054604269196	0.7142857142857143	baseline
COG3455	0.0	0.8246436022546553	1.2032277023017501	1.6243788486159898	0.2671322361492914	0.23190416323945887	0.7328677638507086	0.7680958367605412	0.8571428571428571	baseline
COG3456	0.0	1.181689548074163	1.374352046985016	1.68059307157414	0.17468308432793236	0.12030572963506406	0.8253169156720677	0.879694270364936	0.8571428571428571	baseline
COG3457	0.0	0.5943930941538753	0.9746672208973893	1.5543988180387593	0.3552554671477723	0.21259525235770269	0.6447445328522277	0.7874047476422973	0.7142857142857143	baseline
COG3458	0.0	0.4817976282595689	0.7453190182676368	1.503369189016553	0.3381938831714078	0.33895401469799125	0.6618061168285923	0.6610459853020088	0.5714285714285714	baseline
COG3459	0.0	0.13844328956726154	0.4503359269387016	1.4197059809023906	0.5492568477514009	0.6894635326424965	0.5492568477514009	0.6894635326424965	0.5714285714285714	endpoint
COG3464	0.0	0.09484084389145717	0.37049244125780956	1.8461397744784804	0.5413516241983849	0.6594469855319884	0.5413516241983849	0.6594469855319884	0.5714285714285714	endpoint
COG3467	0.0	0.541946028317889	0.3028100342348702	1.5473408708694756	0.3211428643389235	0.4063240750916647	0.6788571356610765	0.5936759249083353	0.8571428571428571	baseline
COG3468	0.0	0.6657883031862165	1.0013345239910165	1.3715452783070785	0.3157079277660628	0.25743016902834404	0.6842920722339372	0.742569830971656	0.8571428571428571	baseline
COG3470	0.0	0.12563389205719439	0.28092041707068355	1.1760940941951454	0.4704578318230811	0.42398891018247536	0.5295421681769189	0.5760110898175246	0.5714285714285714	baseline
COG3472	0.0	0.26256407925046005	0.47580241065431006	1.493870370868386	0.41565200093077637	0.3898462429711601	0.5843479990692236	0.6101537570288399	0.5714285714285714	baseline
COG3475	0.0	0.48996961584351206	0.9239966301523582	1.3200243770748767	0.6635347393043924	0.8065508240017655	0.6635347393043924	0.8065508240017655	0.5714285714285714	endpoint
COG3477	0.0	0.08017979086184866	0.17692907200620372	1.432664327343562	0.5252996867225938	0.5124949730329211	0.5252996867225938	0.5124949730329211	0.5714285714285714	endpoint
COG3479	0.0	0.2316737247797953	0.27645649837523845	1.700775982429509	0.45819112093546677	0.5838373475645305	0.5418088790645332	0.5838373475645305	0.5714285714285714	baseline
COG3480	0.0	0.17989660450678685	0.3030307736313408	1.725983717897924	0.41288807170057495	0.42673673383839694	0.587111928299425	0.5732632661616031	0.7142857142857143	baseline
COG3481	0.0	0.5576569065719895	0.6093964078717972	1.44410235527772	0.6592713195835718	0.6738359079896112	0.6592713195835718	0.6738359079896112	0.8571428571428571	endpoint
COG3484	0.0	0.7536380474261974	0.8136423509874354	1.386028623547043	0.2584401508997581	0.2606342267950569	0.741559849100242	0.7393657732049431	1.0	baseline
COG3485	0.0	0.9174541273867893	1.0538799273868764	1.7577601820060662	0.2540919792518168	0.21682154467071432	0.7459080207481832	0.7831784553292856	0.8571428571428571	baseline
COG3486	0.0	0.4756092625524069	0.4722845809056482	1.0975524547202626	0.35363000221461605	0.377456518414324	0.646369997785384	0.6225434815856761	0.8571428571428571	baseline
COG3488	0.0	0.3986860447411827	0.2905047210654	1.4333340263427703	0.3819754248754685	0.410950163360621	0.6180245751245315	0.589049836639379	0.5714285714285714	baseline
COG3491	0.0	0.9490215485244333	1.0351185050512752	1.400461337657357	0.2263351826675655	0.21592790608961443	0.7736648173324345	0.7840720939103856	0.8571428571428571	baseline
COG3493	0.0	0.7278587101312597	0.7325107306282043	1.301621748731155	0.7185111565222851	0.6844409220581371	0.7185111565222851	0.6844409220581371	1.0	endpoint
COG3494	0.0	0.5119061362084095	0.8093578982615268	1.3595117726787014	0.366478456779348	0.28233987927508764	0.633521543220652	0.7176601207249124	0.7142857142857143	baseline
COG3496	0.0	0.43275612582977946	0.9228457149302507	1.2240545015529918	0.4096305662845889	0.3081132614091956	0.5903694337154111	0.6918867385908044	0.7142857142857143	baseline
COG3497	0.0	0.2364197832472445	0.2476400962278744	1.488446138702146	0.4399399268673267	0.45530134886304957	0.5600600731326733	0.5446986511369505	0.7142857142857143	baseline
COG3498	0.0	0.8039060672218102	0.8355713048841239	1.5109620537237556	0.27777162700768393	0.2245600550627871	0.722228372992316	0.7754399449372129	0.8571428571428571	baseline
COG3500	0.0	0.7517199678151564	0.7833408608195157	1.7282528126128076	0.26365251152211405	0.20204359232465458	0.736347488477886	0.7979564076753454	0.7142857142857143	baseline
COG3501	0.0	0.27773319758741405	0.6896707369540976	1.2619710027836235	0.40720726046300904	0.26266888880769745	0.592792739536991	0.7373311111923025	0.7142857142857143	baseline
COG3505	0.0	0.8951007271039843	1.2349487492866564	1.5060868792247706	0.7552479034422461	0.8652874853282863	0.7552479034422461	0.8652874853282863	0.8571428571428571	endpoint
COG3506	0.0	0.4030920459236613	0.8643317206825414	1.4060001669535547	0.6514192240359451	0.6264127843762585	0.6514192240359451	0.6264127843762585	0.7142857142857143	endpoint
COG3507	0.0	0.4932118558429874	1.1010227500118914	1.3512352023845755	0.3795423219961046	0.27002848559056103	0.6204576780038954	0.729971514409439	0.7142857142857143	baseline
COG3509	0.0	0.18185761459491315	0.2451986595323903	1.2323271954880337	0.4520531566147474	0.4343089455832825	0.5479468433852526	0.5656910544167175	0.7142857142857143	baseline
COG3512	0.0	0.26404073401540945	0.305398224022161	1.0682875536177763	0.6080079169584899	0.5918147612544357	0.6080079169584899	0.5918147612544357	0.7142857142857143	endpoint
COG3513	0.0	0.612839485439031	1.138030163318851	1.8054434154499077	0.6680365186017859	0.7703191516491271	0.6680365186017859	0.7703191516491271	0.7142857142857143	endpoint
COG3515	0.0	0.7663044113699057	1.1183994845489535	1.7828678760430077	0.2956376757708143	0.17467006270816973	0.7043623242291857	0.8253299372918302	0.8571428571428571	baseline
COG3517	0.0	1.0935066939828946	1.2676368836271232	1.4705676270231158	0.16057210679125375	0.14762665675099687	0.8394278932087462	0.8523733432490032	1.0	baseline
COG3518	0.0	0.49299976055828815	0.6814375360023304	1.5328041453002603	0.37855960263236416	0.35388822194474107	0.6214403973676359	0.646111778055259	0.5714285714285714	baseline
COG3519	0.0	0.7814437165950553	1.0018961167175802	1.7018694933714005	0.22965766103520463	0.17049306644271936	0.7703423389647954	0.8295069335572807	0.8571428571428571	baseline
COG3520	0.0	1.2490297229070921	1.4044860975286142	1.8605593443666884	0.14008827150086553	0.05383689655858302	0.8599117284991344	0.946163103441417	0.8571428571428571	baseline
COG3521	0.0	0.5683014757247077	0.72208596567915	1.3783778904448276	0.3141523084622831	0.3135217372656006	0.685847691537717	0.6864782627343994	0.8571428571428571	baseline
COG3522	0.14285714285714285	0.8500003133635149	1.2512796445400969	2.0382219795048613	0.2337825039123192	0.16134016486346744	0.7662174960876809	0.8386598351365325	0.7142857142857143	baseline
COG3523	0.0	0.6490774657743626	0.9495006378183215	1.549609835762154	0.3296492962977321	0.2479431129797016	0.6703507037022679	0.7520568870202984	0.7142857142857143	baseline
COG3524	0.0	1.0010215487429326	1.2067999989589555	1.5983085915899549	0.18069070517006205	0.10464766565032649	0.819309294829938	0.8953523343496735	0.8571428571428571	baseline
COG3525	0.0	0.5426328552383367	1.2704982707616628	1.6097546638577145	0.37269201554192816	0.2453883993135048	0.6273079844580718	0.7546116006864951	0.7142857142857143	baseline
COG3527	0.0	0.3981776313928765	0.4378086089865735	1.3504126528314007	0.388014178689768	0.39794593314148013	0.611985821310232	0.6020540668585199	0.7142857142857143	baseline
COG3528	0.0	0.6159174681484586	1.0817038213104324	1.3458253077697244	0.29567241410793205	0.186375859941572	0.7043275858920679	0.813624140058428	0.7142857142857143	baseline
COG3529	0.0	0.7583656524766303	1.1398035158439936	1.9197583523576054	0.3043415173994875	0.1605917141273023	0.6956584826005126	0.8394082858726977	0.7142857142857143	baseline
COG3530	0.0	0.7661759554242987	0.7290534931731603	1.4764356451991927	0.27820661964175314	0.27462030840407387	0.7217933803582468	0.7253796915959261	1.0	baseline
COG3533	0.0	0.22934876056130912	0.31156065399458843	1.3100598716335379	0.5685659523626861	0.5935133556584066	0.5685659523626861	0.5935133556584066	0.5714285714285714	endpoint
COG3534	0.0	0.30025482222824834	0.41603469804148574	1.3346446274852322	0.39881142653785634	0.38061959098967174	0.6011885734621436	0.6193804090103283	0.7142857142857143	baseline
COG3535	0.0	0.43224563043995773	0.3177075605787297	1.9271752610169481	0.40382685927059464	0.4200636819658112	0.5961731407294053	0.5799363180341888	0.7142857142857143	baseline
COG3537	0.0	0.4622396684354828	0.7152918200829672	0.9741446565333658	0.3727219351735433	0.3518845386694268	0.6272780648264566	0.6481154613305732	0.7142857142857143	baseline
COG3538	0.0	0.028971018168066687	0.14246244768062602	1.774072149897572	0.48061249316685684	0.47873969985554987	0.5193875068331432	0.5212603001444501	0.5714285714285714	baseline
COG3539	0.0	0.43102218904576056	1.348273030493968	1.651700305937961	0.39944238920934183	0.23818425383965947	0.6005576107906582	0.7618157461603405	0.5714285714285714	baseline
COG3541	0.0	0.296622220705731	0.40425447386599345	1.461012375921505	0.3894916681570432	0.4035158205874659	0.6105083318429567	0.5964841794125342	0.5714285714285714	baseline
COG3542	0.0	0.19718973711083662	0.7085221356398179	1.326528758314531	0.5651822297264172	0.6453226956742163	0.5651822297264172	0.6453226956742163	0.5714285714285714	endpoint
COG3543	0.14285714285714285	1.1734555177676982	1.274536172036337	2.2371974684740197	0.8424059573916522	0.8573032166240224	0.8424059573916522	0.8573032166240224	1.0	endpoint
COG3546	0.0	0.26836815505612543	0.13664917082763886	1.6948083547117976	0.5994654909406503	0.5788465723824157	0.5994654909406503	0.5788465723824157	0.5714285714285714	endpoint
COG3547	0.0	0.9201278221513464	1.1912202098483688	1.69654757074484	0.7520889309188513	0.785526544526542	0.7520889309188513	0.785526544526542	0.8571428571428571	endpoint
COG3549	0.0	0.12868284409011393	0.21823706160582854	1.3679953356838568	0.5239765413706119	0.564214069418281	0.5239765413706119	0.564214069418281	0.5714285714285714	endpoint
COG3550	0.0	0.18752622880823983	0.19576609855963498	1.275829160591936	0.47127341289886715	0.44656642311403866	0.5287265871011328	0.5534335768859613	0.5714285714285714	baseline
COG3558	0.0	0.8956734276492185	0.9575629139007175	1.4637070481338976	0.223642209866954	0.2331049729769067	0.7763577901330461	0.7668950270230933	1.0	baseline
COG3560	0.0	0.3150677147886411	0.536875886520907	1.3508263947666586	0.4186911592432819	0.38150105731727707	0.5813088407567182	0.618498942682723	0.7142857142857143	baseline
COG3561	0.0	0.37883371260406334	0.37654168034197383	1.4153256912952172	0.39729501004750817	0.408116062560264	0.6027049899524919	0.591883937439736	0.5714285714285714	baseline
COG3562	0.0	0.9064881372528849	1.003115662204645	1.3760251074634597	0.2412720824711181	0.23992188635937398	0.7587279175288819	0.760078113640626	0.8571428571428571	baseline
COG3563	0.0	0.670018018494077	0.6104869794167597	1.8620038169519855	0.31532350861892616	0.35459324421082583	0.6846764913810739	0.6454067557891742	0.7142857142857143	baseline
COG3566	0.0	0.7317132367723496	0.9952196559628196	1.178563972811674	0.2842761977902371	0.24269514734611145	0.715723802209763	0.7573048526538886	0.8571428571428571	baseline
COG3567	0.0	0.48591978261983243	0.7256633336302655	1.5395747266046804	0.39834814999425866	0.28115668443039343	0.6016518500057413	0.7188433155696066	0.5714285714285714	baseline
COG3568	0.0	0.33279179353784194	0.08627249929265189	1.8126064795710137	0.4004752225115449	0.4413108509167238	0.5995247774884551	0.5586891490832762	0.5714285714285714	baseline
COG3570	0.0	0.10644115735155192	0.10442877261210916	0.9991743079870014	0.5379124158434565	0.4879557388973817	0.5379124158434565	0.5120442611026184	0.5714285714285714	endpoint
COG3572	0.0	0.2599373251146782	0.5977337563647466	1.246272560846787	0.4435277055308231	0.37139883045270405	0.5564722944691769	0.628601169547296	0.7142857142857143	baseline
COG3576	0.0	0.7430937013302031	0.9198347629326311	1.8383413997150726	0.30080336104248484	0.31793101355399156	0.6991966389575152	0.6820689864460084	0.7142857142857143	baseline
COG3579	0.0	0.17114559853390546	0.3759605849046876	1.2966765623437846	0.4987251387803377	0.36980320993845234	0.5012748612196622	0.6301967900615477	0.5714285714285714	baseline
COG3580	0.0	0.18096912512969235	0.80265705503766	0.992766616854671	0.5709633957294404	0.6038595740204917	0.5709633957294404	0.6038595740204917	0.5714285714285714	endpoint
COG3581	0.0	0.185164336631166	0.2961007556282996	1.4423499422071564	0.5661311613097343	0.5725596717116648	0.5661311613097343	0.5725596717116648	0.5714285714285714	endpoint
COG3583	0.0	0.2728208401491809	0.39890686313413193	1.404292866965087	0.5813720371160306	0.6396231393950551	0.5813720371160306	0.6396231393950551	0.5714285714285714	endpoint
COG3584	0.0	0.1789612629423725	0.14171791787175184	1.2758675277287808	0.5713237743719383	0.5466983942837268	0.5713237743719383	0.5466983942837268	0.5714285714285714	endpoint
COG3586	0.0	0.10056047543865733	0.035112387473843314	1.3236852471269787	0.47660891864257904	0.47644942344638563	0.523391081357421	0.5235505765536144	0.5714285714285714	baseline
COG3587	0.0	0.3407064088399312	0.36677052343072203	1.525484774150013	0.40892197041869555	0.38227861889964015	0.5910780295813045	0.6177213811003599	0.8571428571428571	baseline
COG3589	0.0	0.09709828785777644	0.006588190470930373	1.2589400415722622	0.5456293651183091	0.5103680917424229	0.5456293651183091	0.5103680917424229	0.5714285714285714	endpoint
COG3590	0.0	0.2083649078947573	0.07700172152393216	1.3670844167214866	0.39906665016591775	0.5288602087863606	0.6009333498340823	0.5288602087863606	0.5714285714285714	baseline
COG3591	0.0	0.2866098697655647	0.311552877405517	1.6267660986681582	0.42515464940895725	0.40303727014228724	0.5748453505910427	0.5969627298577127	0.7142857142857143	baseline
COG3593	0.0	0.47598683361257704	0.7736180334506582	1.4502422147677976	0.31606943373412566	0.3065464836780895	0.6839305662658743	0.6934535163219104	0.7142857142857143	baseline
COG3594	0.0	0.35886547669024266	0.6328703545127402	1.2361220295093998	0.6273187189401591	0.7404533390462563	0.6273187189401591	0.7404533390462563	0.5714285714285714	endpoint
COG3596	0.0	0.7320517825904622	1.3609551535496216	1.4161418501613785	0.31973163489181783	0.18212911267480253	0.6802683651081822	0.8178708873251974	0.7142857142857143	baseline
COG3598	0.0	0.12644228562513438	0.12550067301526052	1.2780095379389278	0.5237247991198258	0.47246371174786433	0.5237247991198258	0.5275362882521357	0.5714285714285714	endpoint
COG3599	0.0	0.29085215267898257	0.1541690096809497	1.4469895012199654	0.39146529793783974	0.47715301116908804	0.6085347020621603	0.522846988830912	0.5714285714285714	baseline
COG3600	0.0	0.0096182816559334	0.3833988881528592	1.4092615060637212	0.5339956766269025	0.5342639551208597	0.5339956766269025	0.5342639551208597	0.5714285714285714	endpoint
COG3601	0.0	0.3678517684032378	0.4540632148460805	1.226788110263608	0.6047593256053273	0.5688801602998783	0.6047593256053273	0.5688801602998783	0.8571428571428571	endpoint
COG3604	0.0	0.45116401163871866	1.1002224850343107	1.2500921104579088	0.3351067288509521	0.2230747591126843	0.6648932711490478	0.7769252408873157	0.5714285714285714	baseline
COG3605	0.0	1.0187266127596843	1.4515888260031238	1.9718582165584466	0.24988388390943791	0.10146444263866382	0.7501161160905621	0.8985355573613362	0.8571428571428571	baseline
COG3608	0.0	0.9522102224701886	1.1049080808979408	1.5213412800946806	0.787153805630514	0.8140328817682073	0.787153805630514	0.8140328817682073	1.0	endpoint
COG3610	0.0	0.1611647172908151	0.5827639397930621	1.6126825985669209	0.5936469569218153	0.6982291692184655	0.5936469569218153	0.6982291692184655	0.5714285714285714	endpoint
COG3611	0.0	0.1907675969114719	0.5927692404801779	1.72001771174088	0.5780197513096237	0.6743905092577699	0.5780197513096237	0.6743905092577699	0.5714285714285714	endpoint
COG3615	0.0	0.18424204784397283	0.044510088898838694	1.4602649991667271	0.46524763086491255	0.4773956249632456	0.5347523691350875	0.5226043750367544	0.7142857142857143	baseline
COG3616	0.0	0.43384542320361064	0.47777358698768485	1.4436572400660033	0.38672654097280296	0.39131186468918505	0.6132734590271971	0.6086881353108149	0.5714285714285714	baseline
COG3617	0.0	0.1067896196657147	0.030978508987748204	1.0984239893572358	0.43016349464400044	0.4602903975538593	0.5698365053559995	0.5397096024461407	0.5714285714285714	baseline
COG3618	0.0	0.21824570192262896	0.6782392985867294	1.308470866287334	0.414811426083834	0.3546359056035286	0.585188573916166	0.6453640943964714	0.7142857142857143	baseline
COG3619	0.0	0.7223344115498218	1.0304334646530957	1.4615380390958965	0.7087661602125219	0.8409276935382514	0.7087661602125219	0.8409276935382514	0.8571428571428571	endpoint
COG3622	0.0	0.4806215129698334	0.6502710132573182	1.3574879958549546	0.3801311997592672	0.362677800792399	0.6198688002407329	0.637322199207601	0.8571428571428571	baseline
COG3623	0.0	0.11207424235374244	0.03027654151523929	1.6366722410510157	0.4886678642301418	0.540694698591434	0.5113321357698581	0.540694698591434	0.5714285714285714	endpoint
COG3624	0.0	0.5801896114990213	0.8401701972973797	1.4942745163932378	0.3600235245906746	0.3311550964405608	0.6399764754093253	0.6688449035594393	0.7142857142857143	baseline
COG3625	0.0	0.674068272539679	1.1661411969080153	1.8036861293673787	0.3374521245214929	0.1862038842467726	0.662547875478507	0.8137961157532274	0.7142857142857143	baseline
COG3626	0.0	1.0458043757094817	1.2955536904366585	1.7348742382588864	0.2153669008147066	0.1311791865111372	0.7846330991852934	0.8688208134888629	0.8571428571428571	baseline
COG3627	0.0	1.0280628960786016	1.0347249213341543	1.6794783522330425	0.20407270297184502	0.15912595453991432	0.795927297028155	0.8408740454600857	1.0	baseline
COG3629	0.0	0.46934053793700287	0.7535190559506547	1.660890556125568	0.37896796431319907	0.3455389302849754	0.6210320356868009	0.6544610697150246	0.7142857142857143	baseline
COG3633	0.0	0.6095800006523339	0.6284650299907311	1.2759515448619918	0.7068477752079175	0.6866430144220578	0.7068477752079175	0.6866430144220578	0.8571428571428571	endpoint
COG3634	0.0	0.2580294683325448	0.3168943515201754	1.3541982072402667	0.6169559190864974	0.5796970300539982	0.6169559190864974	0.5796970300539982	0.5714285714285714	endpoint
COG3635	0.0	0.784504676021268	1.1095106336493028	1.7018539084480537	0.716866656666842	0.8088004364104898	0.716866656666842	0.8088004364104898	0.8571428571428571	endpoint
COG3636	0.0	0.5324493593556504	0.4330834953053124	1.225524028063272	0.6500983164584618	0.6851664500416659	0.6500983164584618	0.6851664500416659	0.8571428571428571	endpoint
COG3637	0.0	0.9684809908908105	1.1900866341211376	1.5662639546118446	0.18920674799103537	0.08693849045804955	0.8107932520089647	0.9130615095419504	0.8571428571428571	baseline
COG3638	0.0	0.2652177789703562	0.9363647205827345	1.6153465193065537	0.5784628901219943	0.6260546520660228	0.5784628901219943	0.6260546520660228	0.5714285714285714	endpoint
COG3639	0.0	0.18363816059134358	0.13454709253123984	1.3082288712448142	0.5742605103171458	0.5553561811598606	0.5742605103171458	0.5553561811598606	0.5714285714285714	endpoint
COG3640	0.0	0.6444715292229014	0.5664347963522764	1.822676231966169	0.6585402114044474	0.6456157049025031	0.6585402114044474	0.6456157049025031	0.7142857142857143	endpoint
COG3641	0.0	0.8379953733523138	1.181466127195338	1.528139529883633	0.7458414316001484	0.7974705593319293	0.7458414316001484	0.7974705593319293	0.8571428571428571	endpoint
COG3643	0.0	0.6385247176432509	0.6606260856517246	1.275363279579243	0.7020571897483993	0.6442907789905852	0.7020571897483993	0.6442907789905852	0.8571428571428571	endpoint
COG3645	0.0	0.2647899645158124	0.6067839606256888	1.4764531416378555	0.5337297953859558	0.5713452181698332	0.5337297953859558	0.5713452181698332	0.5714285714285714	endpoint
COG3646	0.0	0.2770166035519794	0.2252794719411257	1.6079749399797667	0.4592930758277959	0.4406583585253655	0.5407069241722041	0.5593416414746345	0.5714285714285714	baseline
COG3647	0.0	0.6487037376624626	1.2336981127361735	1.4618576044734095	0.3293028671620718	0.2279568208148132	0.6706971328379282	0.7720431791851868	0.7142857142857143	baseline
COG3649	0.0	0.1883749313337108	0.01334179224703433	1.3037947733688537	0.58450378085649	0.4728355688615578	0.58450378085649	0.5271644311384422	0.5714285714285714	endpoint
COG3653	0.0	0.23830949758848097	0.5512073468377194	0.9203607517562106	0.4149931749778638	0.33213823003993875	0.5850068250221362	0.6678617699600613	0.5714285714285714	baseline
COG3655	0.0	0.042769276284308155	0.28446147363128255	1.1165167974976082	0.5563861797338224	0.4466932505260463	0.5563861797338224	0.5533067494739536	0.5714285714285714	endpoint
COG3659	0.0	0.6539067140661905	0.8785888234477985	1.383982706685687	0.31779466789984684	0.2547567694274923	0.6822053321001531	0.7452432305725076	0.8571428571428571	baseline
COG3661	0.0	0.32832670642734857	0.26148101728120876	1.2650900616748977	0.6283435013820425	0.6180850534044929	0.6283435013820425	0.6180850534044929	0.7142857142857143	endpoint
COG3662	0.0	0.699221094255221	0.8282568567506525	1.2787106500920493	0.29035409527369804	0.32840900276527396	0.709645904726302	0.671590997234726	0.8571428571428571	baseline
COG3663	0.0	0.12032337925890066	0.37239393431049417	1.0441531942260587	0.4485974823279952	0.4088045761657214	0.5514025176720048	0.5911954238342786	0.7142857142857143	baseline
COG3664	0.0	0.34379452637267915	0.07512322821356451	1.31079418425029	0.6339398838098165	0.4830911049779958	0.6339398838098165	0.5169088950220042	0.5714285714285714	endpoint
COG3666	0.0	0.04196986213621915	0.0577042045387038	1.266338421933653	0.51693579777993	0.48019959843374194	0.51693579777993	0.5198004015662581	0.5714285714285714	endpoint
COG3667	0.0	0.8839476909671341	1.2202793107561223	1.4875750447041607	0.2542284783225159	0.26798946929642486	0.7457715216774841	0.7320105307035751	0.8571428571428571	baseline
COG3669	0.0	0.4880955985026162	0.7613784075319798	1.4346247246023887	0.35994528667315945	0.21730394051553123	0.6400547133268406	0.7826960594844687	0.7142857142857143	baseline
COG3677	0.0	0.4746502034959259	0.7939001755394209	1.2947301742573039	0.3717847998287339	0.32034822143567954	0.6282152001712661	0.6796517785643205	0.7142857142857143	baseline
COG3678	0.0	0.6428022865322626	1.2375652900522425	1.7350450842989356	0.35276899833604597	0.1826085050614022	0.647231001663954	0.8173914949385979	0.7142857142857143	baseline
COG3679	0.0	0.44389771016587065	0.9016252428237457	1.4971866390257786	0.6913337512638662	0.7804046867174698	0.6913337512638662	0.7804046867174698	0.7142857142857143	endpoint
COG3680	0.0	0.06860454433524962	0.17000267912451422	1.6000236800423293	0.4957718860603669	0.4424009274764209	0.5042281139396332	0.5575990725235791	0.5714285714285714	endpoint
COG3681	0.0	0.39689840133577026	1.0496271323385864	1.543657499438421	0.638311767941414	0.7371729145621407	0.638311767941414	0.7371729145621407	0.7142857142857143	endpoint
COG3682	0.0	0.7811012774532818	0.5241232164939092	1.966592642685858	0.7306466536366184	0.6508279049581528	0.7306466536366184	0.6508279049581528	0.8571428571428571	endpoint
COG3683	0.0	0.5939411674541029	0.5924677627637868	1.4485878161483368	0.30689477142483296	0.374687567625584	0.6931052285751671	0.625312432374416	0.7142857142857143	baseline
COG3684	0.0	0.2934517784820622	0.5731380922785381	1.375307365303046	0.42093997903398134	0.3754816381342953	0.5790600209660186	0.6245183618657046	0.5714285714285714	baseline
COG3685	0.0	0.8224594829735089	1.2634428879321684	1.7858429802195064	0.2830467159859765	0.1710484701949932	0.7169532840140235	0.8289515298050067	0.7142857142857143	baseline
COG3688	0.0	0.8430439945074707	1.2150525130994945	1.4899250700424607	0.7648965076506693	0.9183143208446998	0.7648965076506693	0.9183143208446998	0.8571428571428571	endpoint
COG3689	0.0	0.4475826768430249	1.0704417961031345	1.3112296451754257	0.41308058178534296	0.28094548661354407	0.5869194182146571	0.7190545133864559	0.5714285714285714	baseline
COG3691	0.0	0.17383875548724032	0.2265477791067671	1.291870611903829	0.485775693670548	0.5661569482170657	0.514224306329452	0.5661569482170657	0.5714285714285714	baseline
COG3693	0.0	0.2664630555205147	0.2942284642898203	1.394532652923721	0.5865262430615692	0.5194619278105702	0.5865262430615692	0.5194619278105702	0.5714285714285714	endpoint
COG3695	0.0	0.05668741051877776	0.2896283487116961	1.2532045087790928	0.4810034599159467	0.4454853389289344	0.5189965400840533	0.5545146610710656	0.7142857142857143	baseline
COG3696	0.0	0.9125192399564301	1.099280308200214	1.7830533216246318	0.2569444821406538	0.11629507456420501	0.7430555178593462	0.8837049254357949	0.8571428571428571	baseline
COG3698	0.0	0.9749223585862226	1.3339628388061344	1.4339525483585411	0.22604317036608615	0.1870841982592574	0.7739568296339139	0.8129158017407426	1.0	baseline
COG3700	0.0	0.40868597660486167	0.273491759870972	1.3965280417802537	0.3669172463581974	0.41734605585988854	0.6330827536418027	0.5826539441401115	0.5714285714285714	baseline
COG3705	0.0	0.9136700048347821	1.1977337357883713	1.4503807830833575	0.798199425502764	0.8942560987201053	0.798199425502764	0.8942560987201053	0.8571428571428571	endpoint
COG3706	0.0	0.14131598801966586	0.5989877897760497	1.5128319256135485	0.4492953785342981	0.36125820249191215	0.5507046214657019	0.6387417975080878	0.5714285714285714	baseline
COG3707	0.0	0.8086074620390694	0.9715619740220965	1.8287694784593553	0.24505072684073917	0.20259741128090397	0.7549492731592609	0.7974025887190961	0.7142857142857143	baseline
COG3708	0.0	0.5434963287903685	0.974866856236629	1.5947049734766225	0.2871387996047673	0.14910059082849556	0.7128612003952327	0.8508994091715044	0.7142857142857143	baseline
COG3709	0.0	1.1035713556904159	1.2881582030449599	1.4907363484886182	0.1595165551470353	0.16469041748517416	0.8404834448529647	0.8353095825148258	1.0	baseline
COG3710	0.0	1.1285291053589972	1.2963324888198262	1.7416436629554215	0.1723815540655433	0.09925096648850346	0.8276184459344567	0.9007490335114965	0.8571428571428571	baseline
COG3711	0.0	0.46107169264486697	0.6534783222110477	1.9683716293476443	0.3692515462898154	0.24661863735839396	0.6307484537101846	0.753381362641606	0.5714285714285714	baseline
COG3712	0.0	0.09579027817622708	0.05705292397730944	1.2224914016786863	0.5011772187147516	0.45134040909034784	0.5011772187147516	0.5486595909096521	0.5714285714285714	endpoint
COG3713	0.0	0.569401505793115	1.045379014337053	1.4294602506982612	0.36185048838418593	0.2591195700982789	0.638149511615814	0.7408804299017211	0.7142857142857143	baseline
COG3714	0.0	0.48377729555407	0.6585113170080354	1.3079455780486162	0.39722817389482623	0.3261255185930504	0.6027718261051738	0.6738744814069496	0.7142857142857143	baseline
COG3715	0.0	0.028432535447310708	0.31933326481028024	1.3218749921320285	0.46715745255498053	0.43854092628332336	0.5328425474450195	0.5614590737166767	0.5714285714285714	baseline
COG3716	0.0	0.5624242883572901	0.5627113418454011	1.1562877838070431	0.6703149665617955	0.6447452360387942	0.6703149665617955	0.6447452360387942	0.8571428571428571	endpoint
COG3717	0.0	0.19375008358792942	0.49276548342382576	1.4109138809613684	0.4240197560179899	0.35539488403109293	0.5759802439820101	0.644605115968907	0.5714285714285714	baseline
COG3718	0.0	0.49562103870914065	0.5532972980785305	1.6162930024551334	0.6248232240086965	0.5624665899715945	0.6248232240086965	0.5624665899715945	0.7142857142857143	endpoint
COG3719	0.0	0.5247011425051195	0.534426836064219	1.378743061295706	0.35982750997617036	0.35773825892695177	0.6401724900238297	0.6422617410730482	0.7142857142857143	baseline
COG3720	0.14285714285714285	0.747587163535627	1.0936445498646874	2.07054448658064	0.33040089448390847	0.18825945144946526	0.6695991055160915	0.8117405485505347	0.7142857142857143	baseline
COG3722	0.0	0.5260571941297977	0.4921322238851731	1.5899887578569127	0.34423670118772837	0.33514984746068277	0.6557632988122717	0.6648501525393172	0.7142857142857143	baseline
COG3723	0.0	0.42796887084224805	0.39389582500253756	1.4538550710723006	0.3671412534450543	0.3869104408721136	0.6328587465549457	0.6130895591278864	0.7142857142857143	baseline
COG3724	0.0	0.9135654079313726	0.8186393783127751	1.2910453674594675	0.2226436290032401	0.22513942091718359	0.7773563709967599	0.7748605790828165	1.0	baseline
COG3725	0.0	0.39340425551897346	0.8331880951567907	1.2153364359931578	0.3880685790443438	0.3184119897118883	0.6119314209556562	0.6815880102881118	0.7142857142857143	baseline
COG3726	0.0	0.8893234693704593	1.1930857608130063	1.4284124025963358	0.23318705788235658	0.2572959689307177	0.7668129421176434	0.7427040310692823	0.8571428571428571	baseline
COG3727	0.0	0.5707827601773511	0.5382200231939436	1.7605984299945088	0.34816773163563586	0.3812779345947294	0.6518322683643641	0.6187220654052705	0.7142857142857143	baseline
COG3728	0.0	0.029428753696473083	0.17404834083195697	1.4283331319193582	0.5181052475893847	0.4417293595676069	0.5181052475893847	0.5582706404323932	0.5714285714285714	endpoint
COG3730	0.0	0.6027927153823197	0.9808933175960479	1.305645838908115	0.3589318856465394	0.2824619940085817	0.6410681143534607	0.7175380059914183	0.7142857142857143	baseline
COG3731	0.0	0.1824142270630167	0.4130008699085554	1.067600273471795	0.45989889639836773	0.36773529624056067	0.5401011036016323	0.6322647037594393	0.7142857142857143	baseline
COG3732	0.0	0.5592863656814856	0.9744065654047613	1.3333084085684344	0.3364563757771358	0.2390530644526395	0.6635436242228643	0.7609469355473605	0.7142857142857143	baseline
COG3733	0.0	0.9720880049790847	1.1573874716798334	1.5508591800462863	0.2045501212828504	0.15063490726681966	0.7954498787171496	0.8493650927331804	0.8571428571428571	baseline
COG3734	0.0	0.7977946100993522	1.0568626997075583	1.4221208887876324	0.26927384931824283	0.20032036674318707	0.7307261506817572	0.7996796332568129	0.7142857142857143	baseline
COG3735	0.0	0.2231035776103402	0.3347456679983605	1.4853273056823117	0.5837721936699826	0.6191712047512328	0.5837721936699826	0.6191712047512328	0.5714285714285714	endpoint
COG3738	0.0	0.35490951113629216	1.0372659244960698	1.4830010239741123	0.631111472542837	0.7556865641965614	0.631111472542837	0.7556865641965614	0.5714285714285714	endpoint
COG3740	0.0	0.500370343484868	0.40671038109918795	1.1810075671881992	0.3313278588092871	0.38282569053004634	0.6686721411907128	0.6171743094699537	0.8571428571428571	baseline
COG3746	0.0	0.40104767459895063	0.2655661569894565	1.1259836990425627	0.6401414544287706	0.6044139099086214	0.6401414544287706	0.6044139099086214	0.8571428571428571	endpoint
COG3747	0.0	0.40645051285868405	0.7140167852376444	1.2262535776774017	0.6281557878469233	0.7044452016074746	0.6281557878469233	0.7044452016074746	0.7142857142857143	endpoint
COG3754	0.0	0.07410935783957875	0.11459921713064768	1.593225419515299	0.530716306614742	0.47604787929127257	0.530716306614742	0.5239521207087274	0.5714285714285714	endpoint
COG3757	0.0	0.3425756384936024	0.49011562514275075	1.3655229257146977	0.6102341513657984	0.657157237652034	0.6102341513657984	0.657157237652034	0.7142857142857143	endpoint
COG3760	0.0	0.7027174004694147	1.2559209660692798	1.6361267806415054	0.7418936852265432	0.9586129382059759	0.7418936852265432	0.9586129382059759	0.7142857142857143	endpoint
COG3764	0.0	0.21193648054174555	0.5107215937123081	1.3908460154985605	0.46055112254213426	0.32816131620591077	0.5394488774578657	0.6718386837940893	0.5714285714285714	baseline
COG3765	0.0	0.27972065506823773	0.5831000236412957	1.4570451661206045	0.4498958419235885	0.3738279869155767	0.5501041580764114	0.6261720130844233	0.7142857142857143	baseline
COG3768	0.0	0.6801023579828899	1.1348726519877652	1.4704217601461163	0.2692093372891507	0.16391463499653344	0.7307906627108494	0.8360853650034665	0.7142857142857143	baseline
COG3770	0.0	1.0413245191988059	1.3737684641424812	1.506346190099638	0.22155816661624889	0.09243076224395556	0.7784418333837511	0.9075692377560445	0.8571428571428571	baseline
COG3772	0.0	0.9181672815519585	1.0298406880989253	1.999698680830512	0.217358735974541	0.13656139532622377	0.782641264025459	0.8634386046737762	0.8571428571428571	baseline
COG3773	0.0	0.5080412115667583	1.190759953411339	1.3479405389118533	0.6307028080948488	0.6719246700336134	0.6307028080948488	0.6719246700336134	0.5714285714285714	endpoint
COG3774	0.0	0.06996686104369267	0.14185942536827836	1.5314160758732054	0.5050431376590745	0.480030744695735	0.5050431376590745	0.519969255304265	0.5714285714285714	baseline
COG3775	0.0	0.5327975380486332	0.5424051024460884	1.7360680701961213	0.6737760452935396	0.7243760116104893	0.6737760452935396	0.7243760116104893	0.7142857142857143	endpoint
COG3778	0.0	1.1118120369596365	1.0249509662172138	1.5780629805016322	0.16184008146238885	0.11911142848347553	0.8381599185376112	0.8808885715165244	1.0	baseline
COG3781	0.0	1.198314206972277	1.2115058236839618	1.737724179198005	0.13948349687065484	0.05507686345841693	0.8605165031293451	0.9449231365415831	1.0	baseline
COG3787	0.0	0.5604801048627738	0.21356113010284475	1.9911413866447891	0.36205719645118684	0.3976192943566444	0.6379428035488132	0.6023807056433557	0.7142857142857143	baseline
COG3797	0.0	0.7804193728057562	0.7454391578370302	1.2707758854947155	0.7577382841488234	0.7267941393916044	0.7577382841488234	0.7267941393916044	1.0	endpoint
COG3799	0.0	0.020406292567045736	0.25499376927663975	1.2585782454734196	0.5106956739997449	0.5584497845381896	0.5106956739997449	0.5584497845381896	0.5714285714285714	endpoint
COG3804	0.0	0.10431077833674843	0.22886614651609316	1.097373582685021	0.48164712593397097	0.44455167281404057	0.518352874066029	0.5554483271859594	0.7142857142857143	baseline
COG3808	0.14285714285714285	0.6799390474590966	0.5773545459253953	2.020077591374651	0.31587515973458535	0.3031111680045902	0.6841248402654146	0.6968888319954099	0.8571428571428571	baseline
COG3817	0.0	0.2590974354319914	0.4380890226295003	1.272708845893126	0.6089219411043719	0.6219180077870915	0.6089219411043719	0.6219180077870915	0.5714285714285714	endpoint
COG3819	0.0	0.36270340005609286	1.2077859729944105	1.5590913830051503	0.3464933163739444	0.09441217995053239	0.6535066836260556	0.9055878200494676	0.7142857142857143	baseline
COG3822	0.0	0.24986135369278228	0.26843983323211357	1.5836114507140249	0.58805156116885	0.4335563350638146	0.58805156116885	0.5664436649361855	0.5714285714285714	endpoint
COG3824	0.0	0.29432100223933816	0.8224835538936486	1.4547788818414296	0.4063628631222685	0.296323227794188	0.5936371368777316	0.7036767722058119	0.5714285714285714	baseline
COG3829	0.0	0.3273300459932345	0.6133674770871762	1.2723770608834124	0.6056177023088365	0.6818317093262215	0.6056177023088365	0.6818317093262215	0.7142857142857143	endpoint
COG3830	0.0	0.3885137300291289	0.8078105228881169	1.4075042025448918	0.3515824451053038	0.1936444319481828	0.6484175548946962	0.8063555680518172	0.8571428571428571	baseline
COG3833	0.0	0.44629374091569135	0.4640561092424794	0.9894509812665508	0.6298831534415505	0.6691510725502777	0.6298831534415505	0.6691510725502777	0.8571428571428571	endpoint
COG3835	0.0	0.41771025477100654	0.9177957045801415	1.446197557046652	0.3881378057861483	0.25465711867003743	0.6118621942138517	0.7453428813299625	0.7142857142857143	baseline
COG3836	0.0	0.373485252766249	0.747676799578136	1.2894696365338807	0.4084274981816309	0.3465087276082735	0.5915725018183691	0.6534912723917266	0.7142857142857143	baseline
COG3837	0.0	0.48216671547093964	0.2383682205231236	1.5206471734125082	0.35015698940291323	0.4574689271413021	0.6498430105970867	0.5425310728586978	0.7142857142857143	baseline
COG3839	0.0	0.5649814050040317	0.8800055138263569	1.453365412273489	0.3041144690104237	0.23195878256033256	0.6958855309895763	0.7680412174396675	0.7142857142857143	baseline
COG3840	0.0	0.627060242542334	1.014731542661668	1.3566156482212854	0.3346867026367816	0.24542667509099023	0.6653132973632184	0.7545733249090097	0.7142857142857143	baseline
COG3842	0.0	0.5639518431722699	0.8308534326867323	1.4005385031515725	0.6866897225412648	0.8278316125643864	0.6866897225412648	0.8278316125643864	0.7142857142857143	endpoint
COG3843	0.0	0.5748316705971275	1.1348048653939937	1.7788093537650316	0.6577422243449137	0.8604431049433506	0.6577422243449137	0.8604431049433506	0.7142857142857143	endpoint
COG3845	0.0	0.4174296393886086	0.6543596324067852	1.4984239301756381	0.6323046256424947	0.7210509140911493	0.6323046256424947	0.7210509140911493	0.7142857142857143	endpoint
COG3848	0.0	0.2648674703320458	0.24444324093924957	1.3358496186856523	0.6165877258291242	0.5703405476938697	0.6165877258291242	0.5703405476938697	0.7142857142857143	endpoint
COG3852	0.0	0.8474804907105425	1.1811338069306576	1.4369056332854069	0.24221830642516792	0.13935126352318544	0.757781693574832	0.8606487364768145	0.8571428571428571	baseline
COG3853	0.0	0.7296914477091087	0.8420870681739937	1.4984160632095431	0.7285896109206884	0.8318606964188919	0.7285896109206884	0.8318606964188919	0.7142857142857143	endpoint
COG3854	0.0	1.2140764730438627	1.306305066373883	1.8838389513163312	0.88447727767019	0.953598331170515	0.88447727767019	0.953598331170515	0.8571428571428571	endpoint
COG3855	0.0	0.9954282704053128	1.3905558742138602	1.5353402116738666	0.7711753119762653	0.8721263267884528	0.7711753119762653	0.8721263267884528	0.8571428571428571	endpoint
COG3856	0.0	0.3820040947078712	0.7040603016592981	1.4923855164791175	0.4294790280638682	0.2792471890794755	0.5705209719361318	0.7207528109205246	0.7142857142857143	baseline
COG3857	0.0	0.05451227198868945	0.3166995139428978	1.225615028512586	0.5457043193396602	0.613418837412475	0.5457043193396602	0.613418837412475	0.5714285714285714	endpoint
COG3858	0.0	0.27766154049474306	0.2747465414019745	1.9004628274973943	0.5903283615883307	0.6000459653719	0.5903283615883307	0.6000459653719	0.5714285714285714	endpoint
COG3859	0.0	1.2189287838952734	1.249572438183756	1.6575400932714284	0.8645986148655455	0.8963219298331647	0.8645986148655455	0.8963219298331647	1.0	endpoint
COG3862	0.0	0.7149308062740081	1.1114812893619654	1.6610667645306665	0.7120976205348578	0.9020576957375542	0.7120976205348578	0.9020576957375542	0.8571428571428571	endpoint
COG3864	0.0	0.5935160645230358	0.43417394153746425	1.4743774381958878	0.31652867637624243	0.39854927721583566	0.6834713236237575	0.6014507227841643	0.8571428571428571	baseline
COG3866	0.0	1.0862754569396895	1.2537366841198936	1.6071340962718077	0.8277049819670224	0.9121075217915418	0.8277049819670224	0.9121075217915418	1.0	endpoint
COG3867	0.0	0.5190840531751783	0.9847575569792572	1.473448118932763	0.6134284678318072	0.7152089118067958	0.6134284678318072	0.7152089118067958	0.7142857142857143	endpoint
COG3869	0.0	0.27765816398628435	0.04782891531631436	1.4392202319852165	0.410732037152481	0.4736174424497528	0.589267962847519	0.5263825575502472	0.7142857142857143	baseline
COG3870	0.0	0.516882082007897	0.12240429170401307	1.4195494482060849	0.32022036737285337	0.4503021193739289	0.6797796326271466	0.5496978806260711	0.5714285714285714	baseline
COG3871	0.0	0.044523295841881846	0.25765622440265173	1.6104019519011183	0.5263124559994568	0.622247265452191	0.5263124559994568	0.622247265452191	0.5714285714285714	baseline
COG3872	0.0	0.5443333537351903	0.5481197710472783	1.5287772465016272	0.707080009210719	0.658717827633237	0.707080009210719	0.658717827633237	0.7142857142857143	endpoint
COG3875	0.0	0.7491216409110273	0.7571230645828124	1.3499643638731538	0.7246144725979159	0.6355030378810455	0.7246144725979159	0.6355030378810455	1.0	endpoint
COG3876	0.0	0.06368753002078019	0.18687668006902367	1.2845229860803136	0.510997333644634	0.5591458251026971	0.510997333644634	0.5591458251026971	0.5714285714285714	endpoint
COG3878	0.0	0.038651542340409205	0.06900257893668973	1.412750555002882	0.46976945424889355	0.45916664615931513	0.5302305457511065	0.5408333538406849	0.5714285714285714	baseline
COG3879	0.0	0.17816601810820915	0.5332768330985944	1.6299563128138082	0.4852994346293914	0.3424815417199321	0.5147005653706086	0.6575184582800679	0.7142857142857143	baseline
COG3880	0.0	0.40192715402098317	0.39705835240808746	1.4510334762619024	0.39125630885554524	0.3859023579698121	0.6087436911444548	0.6140976420301879	0.7142857142857143	baseline
COG3882	0.0	0.7951151663205343	0.9994376482826987	1.968477832873577	0.6965049949905758	0.7831177841624218	0.6965049949905758	0.7831177841624218	0.8571428571428571	endpoint
COG3884	0.0	0.29045386884069807	0.43346053907083404	1.680301644883931	0.540926683292222	0.651305324507671	0.540926683292222	0.651305324507671	0.7142857142857143	endpoint
COG3886	0.0	0.09824966120731204	0.4517835572513599	1.2750496837122074	0.48245767623781116	0.40757670868748397	0.5175423237621888	0.592423291312516	0.5714285714285714	baseline
COG3887	0.14285714285714285	1.2410193015993194	1.2576215127095076	2.5599827041241126	0.8440873090284532	0.944924999625888	0.8440873090284532	0.944924999625888	0.8571428571428571	endpoint
COG3892	0.0	1.1136820698771857	1.302396831861804	1.6222804877567807	0.15553420940659257	0.06047496719073396	0.8444657905934074	0.939525032809266	1.0	baseline
COG3894	0.0	0.9807232930422476	1.2019836242750679	1.7846770350696242	0.8256268312025252	0.9304162672030131	0.8256268312025252	0.9304162672030131	0.8571428571428571	endpoint
COG3896	0.0	0.8048081637295716	1.0274435345988475	1.5269350360671026	0.26213067045833954	0.23133816612511932	0.7378693295416605	0.7686618338748807	0.8571428571428571	baseline
COG3899	0.0	0.644715334837768	1.1065747977869929	1.2982291454172168	0.7044886713894549	0.8116428206642855	0.7044886713894549	0.8116428206642855	0.7142857142857143	endpoint
COG3910	0.0	0.004782876670829312	0.5563920324798937	1.6121118432906314	0.4605444968082643	0.35415795325244503	0.5394555031917356	0.645842046747555	0.5714285714285714	baseline
COG3919	0.0	0.2144112433643366	0.3368188051218305	1.4841763745598218	0.5747739959211012	0.5919360988789324	0.5747739959211012	0.5919360988789324	0.5714285714285714	endpoint
COG3920	0.0	0.3612603566117373	0.6410459537325136	1.1633316759414833	0.40495076804565716	0.32026949161965645	0.5950492319543428	0.6797305083803435	0.7142857142857143	baseline
COG3921	0.0	1.0862828963360622	1.057045034012295	1.472893968450002	0.16946498072617805	0.12780374007060288	0.8305350192738219	0.8721962599293971	1.0	baseline
COG3926	0.0	0.41853487819897695	0.5598996306183117	1.4663719413536294	0.3551789679403306	0.30589711769067507	0.6448210320596695	0.6941028823093249	0.7142857142857143	baseline
COG3933	0.0	0.24714934181299714	0.23615216053304855	1.5099402508877533	0.4269394402175632	0.4451367126645369	0.5730605597824368	0.5548632873354631	0.7142857142857143	baseline
COG3934	0.0	0.3290428575585003	0.752457171258094	1.4448340381518148	0.5921528627317519	0.6227000381708294	0.5921528627317519	0.6227000381708294	0.7142857142857143	endpoint
COG3935	0.0	0.1798736238509621	0.813590290885998	1.4850717898464607	0.4338085126932608	0.32607942669749407	0.5661914873067392	0.673920573302506	0.5714285714285714	baseline
COG3938	0.0	0.21071221635341517	0.02666694564910376	1.274373877514498	0.5907024162950811	0.5149860765027227	0.5907024162950811	0.5149860765027227	0.5714285714285714	endpoint
COG3940	0.0	0.020493684952206603	0.015526113918371769	1.448643133075214	0.5135708441904415	0.5168243220831028	0.5135708441904415	0.5168243220831028	0.5714285714285714	baseline
COG3941	0.0	0.09006826339776661	0.020602713974241533	1.0490688337698661	0.5005798940194756	0.5083781279091854	0.5005798940194756	0.5083781279091854	0.5714285714285714	baseline
COG3942	0.0	0.52414745725812	0.4204399201017276	1.2197383846868632	0.35653614618953144	0.4149042213947737	0.6434638538104686	0.5850957786052263	0.7142857142857143	baseline
COG3943	0.0	0.6878333076597335	1.1137593536520716	1.4494708818810895	0.716255540928124	0.6791124424665006	0.716255540928124	0.6791124424665006	0.8571428571428571	endpoint
COG3944	0.0	0.16664654804778078	0.060809465646974814	1.430002801209185	0.5309660172836504	0.49087433107570766	0.5309660172836504	0.5091256689242923	0.5714285714285714	endpoint
COG3947	0.0	0.5445650199296068	0.9566881636920161	1.509060928348163	0.7046486852215548	0.7368491024368441	0.7046486852215548	0.7368491024368441	0.7142857142857143	endpoint
COG3948	0.0	0.29185238251463896	0.7065623422684235	1.3998091558352121	0.4022672712888542	0.3128808727345905	0.5977327287111458	0.6871191272654096	0.7142857142857143	baseline
COG3949	0.0	0.3883504163693646	1.2701512463468074	1.4856594550803786	0.6302352261940943	0.846006264664561	0.6302352261940943	0.846006264664561	0.5714285714285714	endpoint
COG3950	0.0	0.4196522244229219	0.5485963526621657	1.4846905930035195	0.6267882217135556	0.5616862469001733	0.6267882217135556	0.5616862469001733	0.7142857142857143	endpoint
COG3952	0.0	0.10849516379197162	0.30829589474251895	0.9523936871289399	0.4808802385956663	0.4411212416768586	0.5191197614043337	0.5588787583231414	0.7142857142857143	baseline
COG3953	0.0	0.26175647151753223	0.7369590088299429	1.3692875799452164	0.623239186613584	0.7941552032115569	0.623239186613584	0.7941552032115569	0.5714285714285714	endpoint
COG3954	0.14285714285714285	1.097389712471173	1.0612124887110699	2.0290639780828306	0.1925586685134952	0.15451571441824355	0.8074413314865048	0.8454842855817565	1.0	baseline
COG3956	0.0	0.773712009126334	0.7170376983856886	1.5379689538240953	0.7287907391430914	0.7052778773849048	0.7287907391430914	0.7052778773849048	1.0	endpoint
COG3957	0.0	0.4132569148507302	0.08677298468473237	1.8362503130010024	0.3750205684507992	0.4562168112274832	0.6249794315492008	0.5437831887725169	0.5714285714285714	baseline
COG3958	0.0	0.6864511771249315	0.6417436739722063	1.8028878850658523	0.7082387750756913	0.7614218096033729	0.7082387750756913	0.7614218096033729	0.8571428571428571	endpoint
COG3959	0.0	0.5068530827123103	0.7480510168361979	1.6576910391551973	0.6569373128409565	0.6880739287867557	0.6569373128409565	0.6880739287867557	0.7142857142857143	endpoint
COG3960	0.0	0.9243638685829326	0.9409629124083829	1.4074898624857972	0.2237168752862677	0.3047190106236694	0.7762831247137323	0.6952809893763305	1.0	baseline
COG3961	0.0	0.6316104212048849	0.6855611363860413	1.4027729799497664	0.2963280381929225	0.35681974445819153	0.7036719618070775	0.6431802555418085	0.7142857142857143	baseline
COG3962	0.0	1.0223336136137764	1.3081650025177896	1.7867131327307786	0.7766760307202244	0.930892265933287	0.7766760307202244	0.930892265933287	0.8571428571428571	endpoint
COG3964	0.0	0.5277575908417113	0.1293380583604147	1.9606888031653504	0.34853001130684563	0.4491511345634398	0.6514699886931543	0.5508488654365602	0.7142857142857143	baseline
COG3965	0.0	0.029651077815279172	0.3450657173246591	1.9794943907665457	0.5393462824591386	0.5893667925032202	0.5393462824591386	0.5893667925032202	0.5714285714285714	baseline
COG3966	0.0	0.730339200876183	1.152836325577183	1.3326933337724582	0.7145576852419416	0.824751557682163	0.7145576852419416	0.824751557682163	0.8571428571428571	endpoint
COG3968	0.0	0.06444649766812757	0.009093317437359952	1.408196192473133	0.5031957470070871	0.5110687936087219	0.5031957470070871	0.5110687936087219	0.5714285714285714	baseline
COG3969	0.0	0.9633974989986515	1.0074114567844867	1.473508542691178	0.2238102371701855	0.19134703876253836	0.7761897628298144	0.8086529612374617	1.0	baseline
COG3971	0.0	0.8047720920485583	1.1320512898713373	1.424053150734007	0.2655269431712985	0.22702799102218096	0.7344730568287015	0.772972008977819	0.8571428571428571	baseline
COG3972	0.0	1.219930089282777	1.2748541128159503	1.5355289248840893	0.861901568911134	0.878070758055642	0.861901568911134	0.878070758055642	1.0	endpoint
COG3973	0.0	0.012534009735748237	0.17768335511418562	1.7501531397111663	0.5520321136862764	0.5547334275187273	0.5520321136862764	0.5547334275187273	0.5714285714285714	endpoint
COG3976	0.0	0.6264167541041502	1.228980531217304	1.3610592861647335	0.7304044650213475	0.93755627291419	0.7304044650213475	0.93755627291419	0.7142857142857143	endpoint
COG3977	0.0	0.24738574293629365	0.3999434474534995	1.3816203983022524	0.4561478771186937	0.38639091924902075	0.5438521228813062	0.6136090807509793	0.5714285714285714	baseline
COG3979	0.0	0.09848013075751812	0.03735406866881176	1.2606034893778255	0.49885148410214486	0.5243750660533933	0.5011485158978551	0.5243750660533933	0.5714285714285714	baseline
COG3980	0.0	0.6202847424336398	0.6840137100034853	1.5302949477635142	0.6861313663295956	0.730405448975706	0.6861313663295956	0.730405448975706	0.8571428571428571	endpoint
COG3981	0.0	0.4854346974502612	1.0369668455391896	1.3821165053094413	0.38570850622600616	0.2565004466842305	0.6142914937739938	0.7434995533157696	0.7142857142857143	baseline
COG4085	0.0	0.36985890580612485	0.33386180167630425	1.270848797994129	0.3914028620193971	0.41520079651397285	0.6085971379806029	0.5847992034860272	0.7142857142857143	baseline
COG4086	0.0	1.1493340761296638	1.3160085965582842	1.6881309255784236	0.8463366250970823	0.9429311338148102	0.8463366250970823	0.9429311338148102	1.0	endpoint
COG4091	0.0	0.10580047960811008	0.046306704326489416	0.851019504718193	0.4616455826858615	0.46293409439223016	0.5383544173141386	0.5370659056077698	0.5714285714285714	baseline
COG4096	0.0	0.2346918038471384	0.12369007209136054	1.5131487161165427	0.5908417471101616	0.49115305779048746	0.5908417471101616	0.5088469422095125	0.5714285714285714	endpoint
COG4097	0.0	0.29295474813261346	0.1068468106560921	1.5462131023989576	0.41639985614820746	0.47818473022733293	0.5836001438517926	0.521815269772667	0.5714285714285714	baseline
COG4098	0.0	0.03195655445224158	0.09617865860499858	1.352057837754475	0.5558468230774142	0.43791058243136355	0.5558468230774142	0.5620894175686364	0.5714285714285714	endpoint
COG4099	0.0	0.03813800678475375	0.37439366018970394	1.3648643127757276	0.5200575982390353	0.4256689119448133	0.5200575982390353	0.5743310880551866	0.5714285714285714	endpoint
COG4100	0.0	0.9269535414795776	1.2440497229975025	1.4661203542293682	0.8039337083774946	0.8382009761623974	0.8039337083774946	0.8382009761623974	0.8571428571428571	endpoint
COG4105	0.0	0.6439665152270548	0.6316003162672525	1.3776170258301597	0.3269711535343441	0.34678701613977303	0.673028846465656	0.653212983860227	0.8571428571428571	baseline
COG4106	0.0	0.9430962950082871	1.2379496125557083	1.4381686827075855	0.2299281701123339	0.1112230135232361	0.7700718298876661	0.8887769864767638	0.8571428571428571	baseline
COG4107	0.0	0.4116188718019063	0.4889263950447103	1.5124105746806162	0.38306331319789616	0.36855662030124314	0.6169366868021038	0.6314433796987569	0.8571428571428571	baseline
COG4108	0.0	0.9006861132541832	1.1874302041279767	1.2654038770221276	0.788156817635002	0.9052709428022535	0.788156817635002	0.9052709428022535	0.8571428571428571	endpoint
COG4109	0.0	0.36469450703391626	0.98596063922355	1.5631510504834227	0.43104395291237524	0.2695089689432277	0.5689560470876247	0.7304910310567723	0.5714285714285714	baseline
COG4112	0.0	0.3599490820632582	0.3896196922330497	1.5887044743385215	0.40015157735726364	0.38827349509429276	0.5998484226427363	0.6117265049057072	0.7142857142857143	baseline
COG4114	0.0	0.7062161330658159	1.1654744707988038	1.6526613325840618	0.33128558370325717	0.2425636730772386	0.6687144162967429	0.7574363269227614	0.7142857142857143	baseline
COG4115	0.0	0.4743394621900118	0.67389577281635	1.3064172898992192	0.33470663117641003	0.2668172329344171	0.66529336882359	0.7331827670655828	0.7142857142857143	baseline
COG4117	0.0	0.6986563096432649	0.8555029374190399	1.766017692417917	0.33572214445090226	0.2194076999089866	0.6642778555490978	0.7805923000910134	0.7142857142857143	baseline
COG4120	0.0	0.6552580647958103	1.2180984138610473	1.7778598457430932	0.6756964743325433	0.7657403604487774	0.6756964743325433	0.7657403604487774	0.7142857142857143	endpoint
COG4121	0.0	1.0003411016155583	1.3043829640801907	1.4046748843985541	0.2064158409869574	0.25409714657303367	0.7935841590130426	0.7459028534269663	1.0	baseline
COG4122	0.0	0.35166919834170013	1.0258899260447214	1.8133305397086676	0.5879433216969631	0.7716283910092218	0.5879433216969631	0.7716283910092218	0.5714285714285714	endpoint
COG4123	0.0	0.8657857630242073	0.9211410688628181	1.5173038609627554	0.7804415150517785	0.8104218657423529	0.7804415150517785	0.8104218657423529	0.8571428571428571	endpoint
COG4124	0.0	0.8239353965478171	0.789452328382371	1.5125499340925987	0.7336186511837751	0.7218492005037258	0.7336186511837751	0.7218492005037258	1.0	endpoint
COG4125	0.0	0.7612805203286727	1.0052974229185376	1.5955838055740434	0.26952988920076704	0.19434230611409906	0.730470110799233	0.8056576938859009	0.7142857142857143	baseline
COG4126	0.0	0.28273370411147664	0.6299279263814416	1.4658972021526542	0.6336563741224175	0.755767166968747	0.6336563741224175	0.755767166968747	0.5714285714285714	endpoint
COG4127	0.0	0.3032216488004667	0.49248703061204474	1.5794071532559073	0.5982605880520168	0.6433833796957085	0.5982605880520168	0.6433833796957085	0.5714285714285714	endpoint
COG4129	0.0	0.4993147977266105	0.7561733767068609	1.4766416490648797	0.3254111461952955	0.2992062304507214	0.6745888538047045	0.7007937695492785	0.7142857142857143	baseline
COG4130	0.0	0.41581166636087624	0.5888861175273522	1.2868202072922073	0.3635097908316145	0.34606205161343595	0.6364902091683855	0.653937948386564	0.5714285714285714	baseline
COG4132	0.0	0.21730305154223797	0.18047082891409774	1.4583315328980297	0.39709001217347095	0.5005784959209597	0.602909987826529	0.5005784959209597	0.5714285714285714	baseline
COG4134	0.0	0.9206496701427176	1.0299119072308722	1.9924789417725082	0.2309051254011211	0.1329756930815058	0.7690948745988789	0.8670243069184942	0.8571428571428571	baseline
COG4135	0.0	1.0367726749225392	1.2015249410893953	1.6169658251125876	0.21201483131056714	0.21460034067637532	0.7879851686894328	0.7853996593236247	0.8571428571428571	baseline
COG4137	0.0	0.39084370302352683	0.0444642978446361	1.226836852219434	0.35592895326791485	0.47800181297998784	0.6440710467320852	0.5219981870200121	0.5714285714285714	baseline
COG4138	0.0	0.7472298402380851	0.9258719362068148	1.9283520157434504	0.30087720830701653	0.21733846461135958	0.6991227916929834	0.7826615353886404	0.7142857142857143	baseline
COG4139	0.14285714285714285	0.9720588487526517	1.241759294818391	2.0604769045465057	0.21592547762681605	0.12078504026804641	0.784074522373184	0.8792149597319536	0.7142857142857143	baseline
COG4143	0.0	0.543078333888484	1.1084281667005744	1.4656658319401172	0.3177257330231276	0.18096481432841546	0.6822742669768724	0.8190351856715845	0.8571428571428571	baseline
COG4145	0.0	0.7422240367021254	0.9917201804402456	1.3980245165881418	0.2390134453907213	0.20018108338742113	0.7609865546092787	0.7998189166125789	0.8571428571428571	baseline
COG4146	0.0	0.3261252387293667	0.5515744438214163	1.1415047648657173	0.3982926232051143	0.3842476040936869	0.6017073767948857	0.6157523959063131	0.7142857142857143	baseline
COG4147	0.0	0.975538561270296	1.13785006860029	1.5175302533550032	0.20956532118572552	0.16160112312768782	0.7904346788142744	0.8383988768723122	0.8571428571428571	baseline
COG4148	0.0	0.4401069940381349	0.808818337024587	1.2542382068431694	0.3641929782898939	0.32410914960226156	0.6358070217101062	0.6758908503977384	0.7142857142857143	baseline
COG4149	0.0	0.2885637176652565	0.8798682124944607	1.451578827646394	0.6239062008842391	0.8250907910402135	0.6239062008842391	0.8250907910402135	0.5714285714285714	endpoint
COG4150	0.0	0.525728174652892	1.0662028432065631	1.3254595314919986	0.33869655385906017	0.20944658837572436	0.6613034461409398	0.7905534116242756	0.5714285714285714	baseline
COG4152	0.0	0.0070262632929655655	0.27798661664183055	1.4653995897952747	0.4883153584697205	0.56560084719919	0.5116846415302795	0.56560084719919	0.7142857142857143	endpoint
COG4154	0.0	0.23529572608830127	0.38056687044796883	1.2630570732866975	0.42435371434623376	0.3402949229363288	0.5756462856537663	0.6597050770636712	0.5714285714285714	baseline
COG4158	0.0	0.2361706249547308	0.16092771921052068	1.2917343334926803	0.4416915095409059	0.46327802474861246	0.558308490459094	0.5367219752513875	0.7142857142857143	baseline
COG4160	0.0	0.8490479820576841	1.0516289086852675	1.9118109788623014	0.29227981284310595	0.23265913902313137	0.7077201871568941	0.7673408609768686	0.8571428571428571	baseline
COG4166	0.0	0.15948954809288887	0.13772140410391256	1.5550854735905772	0.4802860135034856	0.4809981309391669	0.5197139864965143	0.5190018690608331	0.5714285714285714	baseline
COG4168	0.0	0.5879658688271066	0.8765808514329946	1.5356362974332132	0.3283537901122061	0.22795507858533667	0.6716462098877939	0.7720449214146633	0.7142857142857143	baseline
COG4171	0.0	1.121839103933274	1.4501454196529413	1.5523675228756921	0.19423454899172057	0.16677576469425892	0.8057654510082795	0.8332242353057411	0.8571428571428571	baseline
COG4172	0.0	0.030920115740882333	0.37496398332978187	1.5842775212139546	0.4483455160359805	0.6008536752503738	0.5516544839640195	0.6008536752503738	0.5714285714285714	baseline
COG4174	0.0	0.5898035262113073	0.8285198846884594	1.617981602359651	0.35849803517751644	0.18653598678176375	0.6415019648224836	0.8134640132182362	0.7142857142857143	baseline
COG4175	0.0	0.667742600503437	0.9177290880614859	1.5151157578984153	0.29389723316340344	0.28652173658479124	0.7061027668365966	0.7134782634152088	0.7142857142857143	baseline
COG4176	0.0	0.25448686284495026	0.12010175882288697	1.556871862042168	0.6064231053646291	0.4851172500470834	0.6064231053646291	0.5148827499529166	0.5714285714285714	endpoint
COG4177	0.0	0.558422432877645	0.8181962754481421	1.7743812589686634	0.3777939983615495	0.21256856382409853	0.6222060016384505	0.7874314361759015	0.7142857142857143	baseline
COG4178	0.0	0.5307905206874955	0.8203230217490102	1.380416586628718	0.33671343311813523	0.3344496690328174	0.6632865668818648	0.6655503309671826	0.7142857142857143	baseline
COG4181	0.0	0.7399890795170869	0.632485467471729	1.316926310836907	0.2601030655421773	0.3108579333689868	0.7398969344578227	0.6891420666310132	1.0	baseline
COG4185	0.0	0.1915131708418845	0.42314077507703207	1.4349349103559481	0.551676597594711	0.6111321290787749	0.551676597594711	0.6111321290787749	0.7142857142857143	endpoint
COG4186	0.0	0.20411972160221437	0.5435359438680278	1.2428876400143902	0.4408704431568345	0.38612684389839774	0.5591295568431656	0.6138731561016022	0.5714285714285714	baseline
COG4189	0.0	0.5757412072795765	0.9550481233687742	1.5476753186941112	0.7155092640039858	0.7987419788391521	0.7155092640039858	0.7987419788391521	0.8571428571428571	endpoint
COG4191	0.0	1.322248059763323	1.3433746443703538	1.6568931419048551	0.10939341209657173	0.07509200001384178	0.8906065879034283	0.9249079999861582	1.0	baseline
COG4192	0.0	0.34448053829238623	0.08743845490799676	1.3661170891813232	0.4269786583566645	0.4835343933653313	0.5730213416433355	0.5164656066346687	0.5714285714285714	baseline
COG4193	0.0	0.3118226540711733	0.41227565802069865	1.352389246669425	0.3840383541415945	0.3939972046463407	0.6159616458584055	0.6060027953536593	0.5714285714285714	baseline
COG4194	0.0	0.1401305667882147	0.30234308120410214	1.4635691374870667	0.5563074949564838	0.5208089302803827	0.5563074949564838	0.5208089302803827	0.5714285714285714	endpoint
COG4198	0.0	0.38873139607696344	0.5500761405468515	1.636364719781316	0.5846525740448032	0.5619318873236864	0.5846525740448032	0.5619318873236864	0.5714285714285714	endpoint
COG4199	0.0	0.3676799674787163	0.6229739492716595	1.3006496105527934	0.6338344471833626	0.6588334230472856	0.6338344471833626	0.6588334230472856	0.5714285714285714	endpoint
COG4200	0.14285714285714285	0.778364834429022	1.0979652138113907	2.3434552683081895	0.6961662929973035	0.7698768386582694	0.6961662929973035	0.7698768386582694	0.7142857142857143	endpoint
COG4206	0.0	0.5549875393306288	0.8832334604618669	1.508853622522331	0.2860060528577621	0.1677556662198067	0.7139939471422379	0.8322443337801932	0.7142857142857143	baseline
COG4208	0.0	0.6374282619837571	1.207402242800089	1.4280416686832507	0.6827112047061406	0.7000633004205146	0.6827112047061406	0.7000633004205146	0.7142857142857143	endpoint
COG4209	0.0	0.63126444518623	0.49243736937771987	1.519697360148947	0.7029800318122019	0.706454459252813	0.7029800318122019	0.706454459252813	0.7142857142857143	endpoint
COG4211	0.0	0.6284181197718457	1.0812189304805604	1.519685092045296	0.7119411546417175	0.7659618940294527	0.7119411546417175	0.7659618940294527	0.7142857142857143	endpoint
COG4213	0.0	0.006404234977837189	0.2146919321599758	1.2724144340253625	0.519971481179687	0.566812740874256	0.519971481179687	0.566812740874256	0.5714285714285714	baseline
COG4214	0.0	0.43946905652739116	0.3765398866169745	1.6602270551378577	0.6221813065893995	0.5331253810998208	0.6221813065893995	0.5331253810998208	0.5714285714285714	endpoint
COG4215	0.0	0.9238554509997198	1.3142802207406532	1.3796166000264969	0.20412615130951575	0.14537127145965895	0.7958738486904843	0.8546287285403411	0.8571428571428571	baseline
COG4219	0.0	0.6882221168535692	0.8341378958386143	1.4399284804329608	0.7057221883261421	0.7375550376913736	0.7057221883261421	0.7375550376913736	0.8571428571428571	endpoint
COG4221	0.0	0.36634694855724487	0.25912283418801957	1.5745128859624526	0.42064412544866137	0.45261691540321325	0.5793558745513386	0.5473830845967868	0.7142857142857143	baseline
COG4222	0.0	0.3123797643311508	0.23948714997089418	1.638166674519664	0.45536773267894376	0.4361295385448397	0.5446322673210562	0.5638704614551603	0.7142857142857143	baseline
COG4225	0.0	0.055365425813780525	0.27447167629217034	1.043032423982372	0.4962694922565922	0.39796247940920454	0.5037305077434078	0.6020375205907955	0.5714285714285714	endpoint
COG4226	0.0	0.13800441682115702	0.15065865321135705	1.600370186706746	0.4740306279057626	0.5484155951096058	0.5259693720942373	0.5484155951096058	0.5714285714285714	baseline
COG4227	0.0	0.17851772549789646	0.2852625626089796	1.5906754361732598	0.4010436495110383	0.44650597201603415	0.5989563504889617	0.5534940279839659	0.5714285714285714	baseline
COG4228	0.0	1.0124424074823766	1.300585572464789	1.461295485223098	0.19640942376852052	0.06464678402802111	0.8035905762314794	0.9353532159719788	0.8571428571428571	baseline
COG4229	0.0	1.0155884924459708	0.9953315307971856	1.3619200979257076	0.18832716861241586	0.19519761941758526	0.8116728313875842	0.8048023805824147	1.0	baseline
COG4230	0.0	0.6834837034433854	0.9320990272279349	1.6834535236891115	0.34746005703040284	0.24169762811268072	0.6525399429695972	0.7583023718873193	0.7142857142857143	baseline
COG4231	0.0	0.14189195132545793	0.09984435259339222	0.8818174877663923	0.5591505832845333	0.49402521263727317	0.5591505832845333	0.5059747873627268	0.5714285714285714	endpoint
COG4232	0.0	0.018583128964493607	0.48204952941929835	1.600453741204303	0.5155932899323168	0.612087499437483	0.5155932899323168	0.612087499437483	0.5714285714285714	baseline
COG4233	0.0	0.14838307649168242	0.023298974147015334	1.2768783535468688	0.4558034179076718	0.49283431590533966	0.5441965820923282	0.5071656840946603	0.5714285714285714	baseline
COG4235	0.0	0.8619471019746312	1.0975199429737454	1.4917173045049248	0.24120908036579086	0.13570273894360715	0.7587909196342091	0.8642972610563928	0.8571428571428571	baseline
COG4239	0.0	0.9082619037705217	1.1723026392333367	1.8529141947190448	0.26674242663118386	0.2760220908632829	0.7332575733688161	0.7239779091367171	0.8571428571428571	baseline
COG4241	0.0	0.38725128645694046	0.10671066160031832	1.446707468853642	0.37534308230083074	0.43429549440950316	0.6246569176991692	0.5657045055904968	0.5714285714285714	baseline
COG4243	0.0	0.5937235839892382	0.5209105105929127	1.27265615150887	0.3175274040460855	0.3640534075596402	0.6824725959539145	0.6359465924403598	0.7142857142857143	baseline
COG4245	0.0	0.3993910886497013	0.538154211428072	1.3657918084775664	0.3669800892185749	0.3593004036515386	0.6330199107814252	0.6406995963484614	0.7142857142857143	baseline
COG4248	0.0	0.24215045715890277	0.1881565297999121	1.0629258727753261	0.42532684461493275	0.45577275401923073	0.5746731553850672	0.5442272459807693	0.7142857142857143	baseline
COG4249	0.0	0.1301094958173443	0.298919175067741	0.9253512252865332	0.46718399101845226	0.4433133303691065	0.5328160089815477	0.5566866696308935	0.7142857142857143	baseline
COG4253	0.0	0.5366408315593911	0.9990857478846118	1.7225788970899845	0.34884405203532953	0.12798961063159542	0.6511559479646705	0.8720103893684046	0.7142857142857143	baseline
COG4258	0.0	0.24292856604127855	0.20869412634922505	1.25639648705929	0.4442258174139753	0.3992898832256258	0.5557741825860247	0.6007101167743742	0.8571428571428571	baseline
COG4260	0.0	0.23465317542126923	0.014071846293475404	1.6061750370230452	0.5642201648732345	0.5169536567517788	0.5642201648732345	0.5169536567517788	0.5714285714285714	endpoint
COG4261	0.0	0.04726280368950804	0.21729894457227356	1.2209214354635103	0.5117791812357488	0.5332435618308597	0.5117791812357488	0.5332435618308597	0.5714285714285714	endpoint
COG4262	0.0	0.5049985485885069	0.4606773257865558	1.2615714539952194	0.6641499592254638	0.620891732832458	0.6641499592254638	0.620891732832458	0.7142857142857143	endpoint
COG4264	0.0	0.768066662818537	0.9156882215453404	1.5494205361785518	0.26541538066089193	0.20141260615568646	0.7345846193391081	0.7985873938443135	0.7142857142857143	baseline
COG4267	0.0	0.3700508991359282	0.49537692388629817	1.8551993357917707	0.6095083316044364	0.6703738037711443	0.6095083316044364	0.6703738037711443	0.7142857142857143	endpoint
COG4268	0.0	0.6796485303638251	1.0833107903617039	1.360038482981308	0.706313353705853	0.793588386567411	0.706313353705853	0.793588386567411	0.7142857142857143	endpoint
COG4269	0.0	1.113725960697268	1.43956465152004	1.7760475507695535	0.20206132026321533	0.17580221658373932	0.7979386797367847	0.8241977834162607	0.8571428571428571	baseline
COG4277	0.0	0.49397866481705677	0.7944969459470217	1.5342908214999706	0.6519633391201217	0.6989320539665717	0.6519633391201217	0.6989320539665717	0.5714285714285714	endpoint
COG4279	0.0	0.6164387737320568	0.5928890178232512	1.4763612272994562	0.3234309686041713	0.33272485032436727	0.6765690313958287	0.6672751496756327	0.7142857142857143	baseline
COG4283	0.0	0.11433512135389783	0.08465388235639512	1.1754776060257912	0.571187616814234	0.5394522898513038	0.571187616814234	0.5394522898513038	0.5714285714285714	endpoint
COG4284	0.0	0.7136617247287462	1.02468795639433	1.4611379665156745	0.2869519273599435	0.1716099245923608	0.7130480726400565	0.8283900754076392	0.8571428571428571	baseline
COG4286	0.0	1.0164190686938532	1.110667541984033	1.537404173892331	0.8139062834695964	0.8702590642623842	0.8139062834695964	0.8702590642623842	1.0	endpoint
COG4289	0.0	0.180827307469764	0.07866876516273638	1.7001275653463965	0.4671219824492683	0.529319707881477	0.5328780175507317	0.529319707881477	0.5714285714285714	baseline
COG4295	0.0	0.16694088991150952	0.008137626432503908	1.4640822791526735	0.4340275321342663	0.4737169293049481	0.5659724678657336	0.5262830706950519	0.5714285714285714	baseline
COG4299	0.14285714285714285	0.8262085258771416	1.1331564524782916	2.0135436416041697	0.25413378908429834	0.13637856611393245	0.7458662109157017	0.8636214338860675	0.8571428571428571	baseline
COG4302	0.0	0.004699086731950868	0.022421229881372417	1.2866814346210438	0.5189833939374389	0.4743427287246977	0.5189833939374389	0.5256572712753023	0.5714285714285714	baseline
COG4303	0.0	0.5949513384693887	0.9972016802020222	1.6055260123027753	0.29323675830542406	0.145272852483226	0.7067632416945759	0.854727147516774	0.7142857142857143	baseline
COG4320	0.0	0.16873639664572118	0.0697858734732471	1.2819159134329587	0.4200357792215397	0.488400099941287	0.5799642207784603	0.511599900058713	0.5714285714285714	baseline
COG4325	0.0	0.9693011422182504	1.264803998486509	1.357847213671433	0.20103933726710002	0.07964261708610343	0.7989606627329	0.9203573829138966	0.8571428571428571	baseline
COG4332	0.0	0.15846446638263903	0.6187327812579875	1.6630621713896392	0.4394256166032685	0.25854497169083634	0.5605743833967315	0.7414550283091637	0.5714285714285714	baseline
COG4335	0.0	0.6620611621183874	0.6229751842266631	1.4041439005353444	0.7187511598944267	0.6970248032441217	0.7187511598944267	0.6970248032441217	0.8571428571428571	endpoint
COG4336	0.14285714285714285	0.9987324336670661	1.0880956995560116	2.3022035513482373	0.7706964580727468	0.8527798687757394	0.7706964580727468	0.8527798687757394	0.8571428571428571	endpoint
COG4354	0.0	0.11780001056501553	0.40019850869976814	1.1256099043227132	0.5412266572036503	0.6179452379931114	0.5412266572036503	0.6179452379931114	0.5714285714285714	endpoint
COG4372	0.0	0.554528852997934	0.317016144901095	1.5515431654094474	0.3209203507129148	0.41613383339203974	0.6790796492870852	0.5838661666079603	0.8571428571428571	baseline
COG4373	0.0	0.8230680070663811	1.3447204209321502	1.8852531753523307	0.2810318118093026	0.19646828371296812	0.7189681881906974	0.8035317162870319	0.7142857142857143	baseline
COG4377	0.0	0.8726944692267509	0.9987747056558565	1.1066642200800485	0.7650390901369999	0.7897454246547025	0.7650390901369999	0.7897454246547025	1.0	endpoint
COG4379	0.0	0.7110197720598421	0.7286498328340543	1.4668545852210286	0.28524039075016333	0.24892576222663465	0.7147596092498367	0.7510742377733653	0.8571428571428571	baseline
COG4381	0.0	0.49474900284555506	0.7423293901820751	1.2953002255172832	0.36587595260100825	0.34739638179326837	0.6341240473989918	0.6526036182067316	0.7142857142857143	baseline
COG4383	0.0	0.1262854916572423	0.020548859130416607	1.4687809520168498	0.570735543857768	0.4895027758369021	0.570735543857768	0.5104972241630978	0.5714285714285714	endpoint
COG4384	0.0	0.8071542729041229	1.1111197888337883	1.4556632606195263	0.2816406740944674	0.2534371430642444	0.7183593259055325	0.7465628569357556	0.8571428571428571	baseline
COG4385	0.0	0.8600698547860679	1.32017642979415	1.5711146927714965	0.2543631125760848	0.11188163101646033	0.7456368874239152	0.8881183689835397	0.8571428571428571	baseline
COG4386	0.0	0.8847839952867427	1.20129563778433	1.361398143730874	0.2544219826000053	0.1765140156698623	0.7455780173999946	0.8234859843301376	0.8571428571428571	baseline
COG4393	0.0	0.2520078908855192	0.28614895052645567	1.3827987558818235	0.43088128921477836	0.4462987523274611	0.5691187107852216	0.5537012476725389	0.7142857142857143	baseline
COG4397	0.0	0.4086482017495543	0.3339424901783227	1.4679950083073237	0.621695936590629	0.5855487680268673	0.621695936590629	0.5855487680268673	0.5714285714285714	endpoint
COG4403	0.0	0.913903395108164	1.0885136472180799	1.4952162336536405	0.7782909955186488	0.9052330407723574	0.7782909955186488	0.9052330407723574	1.0	endpoint
COG4405	0.0	0.10415055083515348	0.364530836920914	1.101552712635755	0.563374871525233	0.6286654843834968	0.563374871525233	0.6286654843834968	0.5714285714285714	endpoint
COG4409	0.0	0.4069662509832986	0.2583249795196629	1.800175653927197	0.3770733406414669	0.45280343779667526	0.6229266593585331	0.5471965622033248	0.5714285714285714	baseline
COG4412	0.0	1.1963571375753947	1.2245851280232525	1.43444467520629	0.8671038180070157	0.928996196224358	0.8671038180070157	0.928996196224358	1.0	endpoint
COG4413	0.0	0.048207533825805796	0.25884742563272767	1.4337809605662752	0.5109401035604597	0.45268130039079346	0.5109401035604597	0.5473186996092065	0.5714285714285714	baseline
COG4420	0.0	0.4826275130925372	0.6292379766835317	1.4392211620284925	0.6243566022747847	0.6869083267593142	0.6243566022747847	0.6869083267593142	0.8571428571428571	endpoint
COG4422	0.0	0.5011031921686578	0.6955455911323677	1.3639096197980194	0.6459628259037095	0.6970258440868199	0.6459628259037095	0.6970258440868199	0.7142857142857143	endpoint
COG4430	0.0	0.7191472481173603	0.8032717922560605	1.6393594073265498	0.28413215204482395	0.2936767894161614	0.7158678479551761	0.7063232105838386	1.0	baseline
COG4443	0.0	0.5327138734794972	0.22502848909650403	1.758197686900914	0.6356007094545042	0.6105449201446411	0.6356007094545042	0.6105449201446411	0.7142857142857143	endpoint
COG4445	0.0	0.34972064892908133	0.440334356016217	1.5811109714006861	0.38767771310836213	0.37190421476734215	0.6123222868916378	0.6280957852326579	0.7142857142857143	baseline
COG4452	0.0	0.9933334682956801	1.1073905979620837	1.693752402022542	0.1958909900180869	0.13265615143834222	0.804109009981913	0.8673438485616578	0.8571428571428571	baseline
COG4453	0.0	0.30925099369690423	0.4837384268207482	1.3319362354151563	0.4149581726048447	0.3903217188730553	0.5850418273951553	0.6096782811269448	0.7142857142857143	baseline
COG4463	0.0	1.1667966841318294	1.2057521628435182	1.3582898245745907	0.8515908561348972	0.8666616300407969	0.8515908561348972	0.8666616300407969	1.0	endpoint
COG4464	0.0	0.5235145784394155	0.8272417582535624	1.1788415205056542	0.6754811306941527	0.7065871332775191	0.6754811306941527	0.7065871332775191	0.7142857142857143	endpoint
COG4465	0.0	0.0128332984878826	0.033986655589332865	1.356196111292275	0.4920806825035261	0.4592578575182914	0.5079193174964739	0.5407421424817086	0.5714285714285714	baseline
COG4468	0.0	0.5931057885298227	0.2709783714282652	1.4641261325486614	0.6951288335908739	0.5693742281822097	0.6951288335908739	0.5693742281822097	0.8571428571428571	endpoint
COG4469	0.0	0.8286997353308723	1.3083835252309708	1.4771712588335046	0.7403629890880188	0.838902607886163	0.7403629890880188	0.838902607886163	0.8571428571428571	endpoint
COG4470	0.0	0.023607548279129222	0.48696427965420874	1.5364150146138489	0.5375229718202127	0.6418611045682866	0.5375229718202127	0.6418611045682866	0.5714285714285714	endpoint
COG4472	0.0	0.8405131702101487	0.7189611208278139	1.7947312241777664	0.7356724555322989	0.6977344753471522	0.7356724555322989	0.6977344753471522	1.0	endpoint
COG4473	0.0	0.26061286095674047	0.1076951850551067	1.5947791731605405	0.44835728260780944	0.4880176577599261	0.5516427173921905	0.5119823422400739	0.5714285714285714	baseline
COG4475	0.14285714285714285	0.6970822523049289	1.0774567853983033	2.0960476020616956	0.6574532388009293	0.8185585893501194	0.6574532388009293	0.8185585893501194	0.7142857142857143	endpoint
COG4477	0.0	0.09229886223660907	0.009626395297255065	1.5593359406513159	0.4899566108815315	0.5102890684072565	0.5100433891184686	0.5102890684072565	0.5714285714285714	baseline
COG4481	0.14285714285714285	1.4974434699841783	1.4383690185536986	2.3605080050780507	0.9277952997664219	0.9777977241327768	0.9277952997664219	0.9777977241327768	1.0	endpoint
COG4485	0.0	1.1335283422343536	1.2498756632064063	1.6295297833090048	0.8401336428610503	0.8941459564745611	0.8401336428610503	0.8941459564745611	1.0	endpoint
COG4487	0.0	0.08082432412270593	0.014627875547494892	1.1823049837514628	0.552125649322119	0.47304905489551413	0.552125649322119	0.5269509451044858	0.5714285714285714	endpoint
COG4492	0.0	0.8629323418716436	1.2680290896155748	1.3887047788264433	0.7727358588897019	0.8244789168639821	0.7727358588897019	0.8244789168639821	0.8571428571428571	endpoint
COG4496	0.0	1.188691243627728	1.202197857915706	1.6330058816768984	0.8620271062754448	0.895679076172397	0.8620271062754448	0.895679076172397	1.0	endpoint
COG4502	0.0	1.306171307793773	1.4107009379333595	1.6364267216608612	0.8799410155511181	0.896477209824846	0.8799410155511181	0.896477209824846	1.0	endpoint
COG4506	0.0	0.4016611593180707	0.2743886661933176	1.4645717966682288	0.6120092004789568	0.5773411865484753	0.6120092004789568	0.5773411865484753	0.7142857142857143	endpoint
COG4509	0.0	0.511932495162086	0.5603052568863427	1.524733732835009	0.663987947984612	0.6287827157225925	0.663987947984612	0.6287827157225925	0.8571428571428571	endpoint
COG4512	0.0	0.8897533155530212	1.0032288104773488	1.5514760962502947	0.7575004197152753	0.677879807236212	0.7575004197152753	0.677879807236212	1.0	endpoint
COG4521	0.0	0.7559067543570402	0.9625663420543515	1.7348081001923545	0.29589730588236024	0.1582937426702226	0.7041026941176398	0.8417062573297774	0.8571428571428571	baseline
COG4529	0.0	0.4857602153971769	0.788032923604284	1.4993245504943418	0.3563487605500287	0.33980973006969534	0.6436512394499714	0.6601902699303046	0.5714285714285714	baseline
COG4531	0.0	0.7272261006810566	0.6567939932796202	1.6739101962240592	0.2891030834729237	0.2942682588349041	0.7108969165270763	0.7057317411650958	0.8571428571428571	baseline
COG4533	0.0	0.7783292005024368	1.0107911130550402	1.4588591031257174	0.2700422383404642	0.2768919719714553	0.7299577616595359	0.7231080280285447	0.8571428571428571	baseline
COG4535	0.0	0.4968426948547067	0.5234402777301023	1.5974899979306523	0.3540819320568778	0.3260734925848099	0.6459180679431222	0.6739265074151901	0.7142857142857143	baseline
COG4536	0.0	0.5923262608334238	0.6754931072216883	1.3582451559277096	0.35472812707658974	0.32144470697241034	0.6452718729234103	0.6785552930275897	0.7142857142857143	baseline
COG4540	0.14285714285714285	0.6761622730318252	1.2429361457639594	2.127182089108394	0.3363884874272647	0.11751491905938882	0.6636115125727353	0.8824850809406112	0.7142857142857143	baseline
COG4542	0.0	0.27385655259015457	0.4617225412794626	1.9911457358932168	0.47260806694784474	0.3939762909264847	0.5273919330521553	0.6060237090735153	0.5714285714285714	baseline
COG4548	0.0	0.3403552700104106	0.3913481412628991	1.5048625007759806	0.6172320388175544	0.6052531378143778	0.6172320388175544	0.6052531378143778	0.7142857142857143	endpoint
COG4552	0.0	0.19466041737151546	0.8231313386013832	1.0224569202616014	0.49252804727562	0.3207630573656539	0.5074719527243801	0.6792369426343461	0.5714285714285714	baseline
COG4555	0.0	0.5894734253023545	0.6190696757724775	1.356994843805846	0.3193128196472	0.2606804329677514	0.6806871803528001	0.7393195670322485	0.8571428571428571	baseline
COG4558	0.0	0.30168303766755616	0.15580372982895954	1.3132372731167898	0.41787500877460715	0.4767708464381661	0.5821249912253929	0.5232291535618339	0.5714285714285714	baseline
COG4559	0.14285714285714285	0.26437081050750805	0.11015150808461428	2.037143588468882	0.4726090262088878	0.5379975202360232	0.5273909737911122	0.5379975202360232	0.5714285714285714	baseline
COG4565	0.0	0.4872931824276299	0.7022709748754996	1.4461803835147076	0.3690990278674776	0.2886132006533992	0.6309009721325224	0.7113867993466008	0.5714285714285714	baseline
COG4567	0.0	0.44918049197973126	0.5234305216413717	1.0951105739020168	0.3615892771570245	0.38251478657182425	0.6384107228429755	0.6174852134281757	0.8571428571428571	baseline
COG4569	0.0	0.5644834033789243	0.95432314169346	1.463099105595408	0.33557819319520554	0.2748008185694469	0.6644218068047945	0.7251991814305532	0.7142857142857143	baseline
COG4570	0.0	0.11780408939977254	0.31110157153482687	1.372766204601808	0.47865706192100144	0.44046533080569716	0.5213429380789986	0.5595346691943028	0.5714285714285714	baseline
COG4571	0.0	0.4417520738414031	0.6726254182010959	1.6932890908111808	0.3941929692475171	0.3326860686852817	0.6058070307524829	0.6673139313147183	0.7142857142857143	baseline
COG4573	0.0	0.18540135828903065	0.562080216511413	1.6688820610732245	0.6274102811336476	0.7314327373255124	0.6274102811336476	0.7314327373255124	0.5714285714285714	endpoint
COG4575	0.0	0.4103028111631484	0.6547154815947142	1.2979694830869446	0.39684872077292715	0.36013530144932854	0.6031512792270728	0.6398646985506715	0.7142857142857143	baseline
COG4576	0.0	0.044765518236288174	0.204425333553333	1.4008307156026756	0.5293082259080333	0.5776304735165554	0.5293082259080333	0.5776304735165554	0.5714285714285714	endpoint
COG4577	0.0	0.06804073200334416	0.1852714444409603	1.5834162330694967	0.5152637353025157	0.5055410044874289	0.5152637353025157	0.5055410044874289	0.7142857142857143	endpoint
COG4579	0.0	1.3086681824225248	1.289802398249474	1.5211839547930566	0.11509310683815357	0.11507925877832192	0.8849068931618465	0.8849207412216781	1.0	baseline
COG4580	0.0	0.4029249927529939	0.5354423519896092	1.3207460436740701	0.37832891576581457	0.3817390198205742	0.6216710842341855	0.6182609801794259	0.7142857142857143	baseline
COG4581	0.0	0.019161491131776325	0.1711535493071422	1.1389981489388277	0.504341370000468	0.5473189427344758	0.504341370000468	0.5473189427344758	0.7142857142857143	baseline
COG4582	0.14285714285714285	0.5302804687889916	0.6731776708394801	2.052800503555067	0.3666211993038092	0.3220829271711253	0.6333788006961908	0.6779170728288747	0.7142857142857143	baseline
COG4584	0.0	0.010037434663342174	0.19294039327327153	1.2878793744208148	0.5202526636767916	0.5608172095017254	0.5202526636767916	0.5608172095017254	0.5714285714285714	endpoint
COG4585	0.0	0.07967871695897268	0.25190092527548	1.3135290573223544	0.5309905648878247	0.43820243290827815	0.5309905648878247	0.5617975670917219	0.5714285714285714	baseline
COG4586	0.0	0.12177904205588168	0.5189115196375915	1.3455328277015342	0.4586973534033006	0.3579348971729903	0.5413026465966995	0.6420651028270097	0.5714285714285714	baseline
COG4587	0.0	0.61107977945439	0.8399464816012847	1.418867864503229	0.7178648667511753	0.7095572423726637	0.7178648667511753	0.7095572423726637	0.7142857142857143	endpoint
COG4589	0.0	0.9394796302064042	1.0591756742287306	1.3192147129363638	0.21250313037233007	0.21568755206187112	0.78749686962767	0.7843124479381289	0.8571428571428571	baseline
COG4590	0.0	0.5967388584918546	0.29389259817685315	1.3292767671296533	0.3012945433506862	0.4218355663865272	0.6987054566493138	0.5781644336134728	0.8571428571428571	baseline
COG4591	0.0	0.73580738248653	0.9948192652124398	1.5804623720199416	0.24045698508818633	0.1730312677376098	0.7595430149118136	0.8269687322623902	0.8571428571428571	baseline
COG4592	0.0	0.6198779723071771	0.8919408250159453	1.3011197542172686	0.32664405538749736	0.3046767817468495	0.6733559446125026	0.6953232182531506	0.8571428571428571	baseline
COG4597	0.0	0.8623511307983552	1.056491880590744	1.5750956364325004	0.22023281576874432	0.16527342653542662	0.7797671842312557	0.8347265734645734	0.8571428571428571	baseline
COG4598	0.0	1.0160395612639455	1.2711915696365352	1.3723515628905942	0.1974465701135579	0.12936465438679742	0.8025534298864421	0.8706353456132025	1.0	baseline
COG4603	0.0	0.26788412416639634	0.44083089674088866	1.6359343913218034	0.5505979042135498	0.6162520364139409	0.5505979042135498	0.6162520364139409	0.5714285714285714	endpoint
COG4604	0.0	0.2566187504480649	0.3196485361815942	1.3306834735479667	0.5839042074352772	0.5502816301306945	0.5839042074352772	0.5502816301306945	0.7142857142857143	endpoint
COG4605	0.0	0.693849015243974	0.857313151855705	1.2465558315796894	0.7342733803900846	0.7854103370710976	0.7342733803900846	0.7854103370710976	0.8571428571428571	endpoint
COG4606	0.0	0.30026261873780175	0.5665638858859655	1.2755241872175458	0.6185081774003889	0.665395576048556	0.6185081774003889	0.665395576048556	0.5714285714285714	endpoint
COG4607	0.0	0.20161812069556334	0.3351018548870646	1.273619930138812	0.5940621911703647	0.6245237658661998	0.5940621911703647	0.6245237658661998	0.5714285714285714	endpoint
COG4608	0.0	0.7174716351550113	0.9673719539181295	1.0408000131376545	0.7253221987848132	0.6830919330934342	0.7253221987848132	0.6830919330934342	1.0	endpoint
COG4615	0.0	0.7440590732114398	1.1322095221977024	1.7397813487625915	0.2886958232513848	0.13847076924672613	0.7113041767486152	0.8615292307532738	0.7142857142857143	baseline
COG4619	0.0	0.720346967208162	0.6541688843108975	1.7841327453296882	0.32537002809395194	0.36026308491376235	0.674629971906048	0.6397369150862376	0.8571428571428571	baseline
COG4623	0.0	0.2979244055784967	0.16418342316657555	1.8003636349469863	0.6187252109444105	0.5528907212954584	0.6187252109444105	0.5528907212954584	0.5714285714285714	endpoint
COG4624	0.0	0.8800051467691615	1.2675662675811437	1.742949722535959	0.7288302561964766	0.7882500125093787	0.7288302561964766	0.7882500125093787	0.8571428571428571	endpoint
COG4626	0.0	0.14219388317680098	0.04510896784750689	1.360706344597266	0.4648116784503812	0.4781088262987007	0.5351883215496188	0.5218911737012992	0.5714285714285714	baseline
COG4632	0.0	0.6475074525274226	1.1056201114905928	1.229085325971405	0.7094104220505205	0.7882137265899148	0.7094104220505205	0.7882137265899148	0.7142857142857143	endpoint
COG4635	0.0	0.8457143352460766	1.1042156605834441	1.7908932190346445	0.26443271587494493	0.09451977096427021	0.7355672841250551	0.9054802290357298	0.8571428571428571	baseline
COG4636	0.0	1.0182448818177094	1.2021820864438653	1.6953762130919106	0.8178826247808376	0.9690501193065978	0.8178826247808376	0.9690501193065978	1.0	endpoint
COG4637	0.0	0.06962641110577195	0.23797063798792428	1.3399605105655414	0.5256779820485286	0.5526066302926259	0.5256779820485286	0.5526066302926259	0.5714285714285714	endpoint
COG4638	0.0	0.5933905498055648	0.7215697978894544	1.370256563440713	0.30902991230717414	0.29903831066966113	0.6909700876928259	0.7009616893303389	0.8571428571428571	baseline
COG4639	0.0	0.6999193620822818	0.946866450660929	1.3660529473531637	0.2692132398511799	0.14591377529307467	0.73078676014882	0.8540862247069253	0.8571428571428571	baseline
COG4640	0.0	0.23514305866677931	0.5041054437711114	1.4770969335763817	0.5644411764497594	0.631044354395372	0.5644411764497594	0.631044354395372	0.5714285714285714	endpoint
COG4641	0.0	0.8682665617671343	1.0171603661527135	1.9396465908323437	0.7245143241364823	0.721460228753097	0.7245143241364823	0.721460228753097	0.8571428571428571	endpoint
COG4643	0.0	0.36292548154633775	0.30493915512483155	1.778017402978786	0.43279650636870415	0.4152661470683749	0.5672034936312959	0.584733852931625	0.5714285714285714	baseline
COG4644	0.0	0.2700873886349974	0.508501530906102	1.2844160979965928	0.45097112568251047	0.35037888309815257	0.5490288743174896	0.6496211169018474	0.7142857142857143	baseline
COG4646	0.0	1.063062714546223	1.217889603891595	1.4785125455221246	0.8194502473427941	0.8902935645770484	0.8194502473427941	0.8902935645770484	1.0	endpoint
COG4650	0.0	0.980864732890692	1.2776629297187565	1.4063621516836202	0.20700116351935188	0.13089753627555747	0.7929988364806482	0.8691024637244426	0.8571428571428571	baseline
COG4651	0.0	0.9050501463836128	0.8988826945041904	1.5278490845870287	0.21233435135851025	0.17049188096416995	0.7876656486414897	0.82950811903583	0.8571428571428571	baseline
COG4653	0.0	0.39918136196531934	0.4292789646379894	1.276741991931049	0.6371221117143048	0.5418799124720791	0.6371221117143048	0.5418799124720791	0.7142857142857143	endpoint
COG4656	0.0	0.6757963705729945	0.6621231633495498	1.4707833502663576	0.7117623651290064	0.7547770636627983	0.7117623651290064	0.7547770636627983	0.8571428571428571	endpoint
COG4657	0.0	0.439112672137731	0.6852179552771966	1.4504622022927323	0.6349181114876915	0.5981232680672807	0.6349181114876915	0.5981232680672807	0.8571428571428571	endpoint
COG4658	0.0	0.7492817864029623	1.2697190191867564	1.7035002497960081	0.7122120124719027	0.826382757265751	0.7122120124719027	0.826382757265751	0.8571428571428571	endpoint
COG4659	0.0	0.23504796972198455	0.572022112422829	1.7054259189111864	0.6088831721978777	0.6948051190450493	0.6088831721978777	0.6948051190450493	0.5714285714285714	endpoint
COG4660	0.14285714285714285	0.9744583975274214	0.9390991410608622	2.24423726115894	0.7771566807333237	0.7829632895529155	0.7771566807333237	0.7829632895529155	0.8571428571428571	endpoint
COG4666	0.0	0.7513319133745283	0.9895126836516295	1.6403683733413683	0.7072050728562551	0.7445228157958431	0.7072050728562551	0.7445228157958431	0.8571428571428571	endpoint
COG4667	0.0	0.1276735134698748	0.2292273473311798	0.8957455064822868	0.5614674686534543	0.5929556544654903	0.5614674686534543	0.5929556544654903	0.7142857142857143	endpoint
COG4668	0.0	0.3954509802735634	0.6880715608474902	1.5737409154397486	0.39525657079946497	0.3523373202060143	0.604743429200535	0.6476626797939857	0.7142857142857143	baseline
COG4670	0.0	0.5530847463155323	0.9338466443139536	1.3837889794553513	0.3595442649443469	0.22048547540963975	0.6404557350556531	0.7795145245903603	0.7142857142857143	baseline
COG4674	0.0	0.5857567600108889	0.6926801357058515	1.0683497991690298	0.3262952897088112	0.3556380115720093	0.6737047102911888	0.6443619884279908	1.0	baseline
COG4675	0.0	0.2950908122852312	0.06435942146221912	1.0688199019608737	0.4100788950117579	0.48592058214921613	0.589921104988242	0.5140794178507839	0.7142857142857143	baseline
COG4677	0.0	0.3446189348304471	0.0855685522123815	1.7898257061674323	0.6091608837418209	0.5250004658951342	0.6091608837418209	0.5250004658951342	0.7142857142857143	endpoint
COG4679	0.0	0.42851409686872605	0.8470323237062424	1.2594917392703326	0.650617630243536	0.6489763680763264	0.650617630243536	0.6489763680763264	0.8571428571428571	endpoint
COG4681	0.0	0.4715143079919292	0.5618048911642438	1.3840886606772433	0.4013836414885534	0.34832832146743015	0.5986163585114466	0.6516716785325698	0.7142857142857143	baseline
COG4682	0.0	0.440336231000527	0.8628244059570054	1.5835275427672668	0.376535896380986	0.311483615606833	0.623464103619014	0.688516384393167	0.7142857142857143	baseline
COG4683	0.0	0.8984060672311934	1.1895517654339758	1.580724850466742	0.258998946731726	0.2220726459199001	0.741001053268274	0.7779273540800999	0.8571428571428571	baseline
COG4684	0.0	0.23474412323467503	0.3375250348104782	1.0428811547752286	0.5759737772744977	0.5921012011927809	0.5759737772744977	0.5921012011927809	0.7142857142857143	endpoint
COG4685	0.14285714285714285	1.2741175095243193	1.2940629500815402	2.018861950918281	0.14238283439730295	0.05247315243165573	0.8576171656026971	0.9475268475683443	0.8571428571428571	baseline
COG4687	0.0	0.29714810058229596	0.2532825402623033	1.5238947427607892	0.5814118399831016	0.5932041297799264	0.5814118399831016	0.5932041297799264	0.7142857142857143	endpoint
COG4688	0.0	0.6912454170854547	0.9661483040122706	1.287876459889604	0.313148067984707	0.2795868817410463	0.686851932015293	0.7204131182589537	0.8571428571428571	baseline
COG4690	0.0	0.030995282000005026	0.2338648898330321	1.205837157824791	0.5372813545716638	0.44317383363971646	0.5372813545716638	0.5568261663602836	0.5714285714285714	endpoint
COG4692	0.0	0.07788886405296847	0.1946444549591774	1.2714997189399038	0.5034981961844792	0.4600239703608451	0.5034981961844792	0.5399760296391549	0.5714285714285714	baseline
COG4693	0.0	0.07546633811733118	0.02692308629226922	1.23334364859173	0.5275669478534525	0.46168241292040657	0.5275669478534525	0.5383175870795934	0.5714285714285714	endpoint
COG4695	0.0	0.5506771206159823	1.1832242922521372	1.4629118930702572	0.3314885750226005	0.26333374411885324	0.6685114249773996	0.7366662558811468	0.7142857142857143	baseline
COG4708	0.0	0.5070924240864852	0.8130501289433468	1.4248361464679256	0.6756123084769748	0.8214462350300457	0.6756123084769748	0.8214462350300457	0.5714285714285714	endpoint
COG4713	0.0	0.20487068870943462	0.6049772386671474	1.309043540072477	0.5302912840619817	0.5710453076545091	0.5302912840619817	0.5710453076545091	0.7142857142857143	endpoint
COG4716	0.0	0.1796538253274583	0.7653428915027675	1.374566128694934	0.3880303060181508	0.25533583898282775	0.6119696939818492	0.7446641610171723	0.5714285714285714	baseline
COG4717	0.0	0.5540862820797432	0.5385939135228504	1.2219229117412254	0.3469176393264033	0.35656467031219424	0.6530823606735967	0.6434353296878057	1.0	baseline
COG4720	0.0	0.24273476330002114	0.32415185330088253	1.4980813097752672	0.5574289483476248	0.5244291221130047	0.5574289483476248	0.5244291221130047	0.5714285714285714	endpoint
COG4721	0.0	0.06962208809571153	0.3297842462227515	1.478599128640932	0.5163634781630708	0.5902915603246764	0.5163634781630708	0.5902915603246764	0.5714285714285714	baseline
COG4723	0.0	0.9007835228351532	0.8125119091867093	1.6388095671726246	0.24031719984766342	0.28367724003194533	0.7596828001523366	0.7163227599680546	0.8571428571428571	baseline
COG4724	0.0	0.4626375305915201	0.5705221344544825	1.2802575767638462	0.35300398169341757	0.32521073991190763	0.6469960183065824	0.6747892600880924	0.7142857142857143	baseline
COG4725	0.0	0.7348067433483535	0.7919920888670456	1.632712971906904	0.7087785598456414	0.6222794183294633	0.7087785598456414	0.6222794183294633	0.8571428571428571	endpoint
COG4728	0.0	0.5789129186268492	0.8313851919483828	1.5243321249979112	0.6863637737341224	0.7687646443678846	0.6863637737341224	0.7687646443678846	0.7142857142857143	endpoint
COG4732	0.0	0.4453520176940392	0.21877715218904303	1.507560284222106	0.6460637938066259	0.5679387791272522	0.6460637938066259	0.5679387791272522	0.7142857142857143	endpoint
COG4733	0.14285714285714285	0.7432546427547483	1.2029630846594914	2.0727411760324714	0.351695660372522	0.1342691671421828	0.648304339627478	0.8657308328578173	0.7142857142857143	baseline
COG4735	0.0	1.2201404424370097	1.2506922902836488	1.3347521727294425	0.1422988583922354	0.1841926379531968	0.8577011416077646	0.8158073620468032	1.0	baseline
COG4739	0.0	0.01737520645829438	0.18460117985501656	0.8232028102364277	0.5104632953090341	0.45076378881550094	0.5104632953090341	0.5492362111844991	0.5714285714285714	endpoint
COG4744	0.0	0.007464806231391357	0.4477222155782292	1.4005616398911191	0.5294773521660618	0.6246034210312913	0.5294773521660618	0.6246034210312913	0.5714285714285714	baseline
COG4747	0.0	0.5393458891502979	0.4235071548745771	1.247588270415531	0.6537205575717159	0.6169137247269123	0.6537205575717159	0.6169137247269123	0.8571428571428571	endpoint
COG4748	0.0	0.30522494032260417	0.4117641973919473	1.2223450483317122	0.5827767975673985	0.6094568260233422	0.5827767975673985	0.6094568260233422	0.7142857142857143	endpoint
COG4750	0.0	0.22803356802168476	0.5293965617827596	1.4982214872368222	0.5473733901462584	0.57016266540372	0.5473733901462584	0.57016266540372	0.5714285714285714	endpoint
COG4753	0.14285714285714285	1.019895932202511	0.9722188400613323	2.2441550106761046	0.772414919653932	0.7848327102456786	0.772414919653932	0.7848327102456786	1.0	endpoint
COG4763	0.0	0.7032732870527619	0.987868492852785	1.5843743904378103	0.29452030158461856	0.14871317603016967	0.7054796984153815	0.8512868239698304	0.8571428571428571	baseline
COG4766	0.0	0.7285179816114385	0.7971207250650394	1.2437909136507999	0.29655111218796926	0.2886633831287877	0.7034488878120307	0.7113366168712123	0.8571428571428571	baseline
COG4767	0.0	0.07298999864960631	0.5825381019343914	1.3562785217967437	0.4921086813585984	0.3470665562280692	0.5078913186414016	0.6529334437719307	0.5714285714285714	baseline
COG4769	0.0	0.0028888783728461104	0.10928438915609141	1.5676796000629538	0.5197521097552097	0.4876461337664326	0.5197521097552097	0.5123538662335674	0.5714285714285714	endpoint
COG4770	0.0	0.35125991932827005	0.7943421741301677	1.5257885971865688	0.42676016815265827	0.2886854933389632	0.5732398318473417	0.7113145066610368	0.5714285714285714	baseline
COG4771	0.0	0.16864544293740055	0.37588166422909786	1.3459834859909352	0.4295913673708663	0.42532104649272473	0.5704086326291338	0.5746789535072753	0.5714285714285714	baseline
COG4772	0.0	0.2834095526283196	0.2662078943357526	1.5275237438165112	0.42255735708543757	0.42643114555482475	0.5774426429145625	0.5735688544451752	0.5714285714285714	baseline
COG4773	0.0	1.0927747751698256	1.119552365190482	1.7315080643335203	0.19092012222267715	0.18319563994152266	0.8090798777773228	0.8168043600584773	1.0	baseline
COG4774	0.0	0.28572757437054114	0.47252332755708126	1.5876081907642343	0.4255784059000912	0.30873106117369936	0.5744215940999088	0.6912689388263007	0.5714285714285714	baseline
COG4775	0.0	0.6656041747299175	1.0424000375968636	1.332404189053887	0.27163737959449713	0.18019412668631254	0.7283626204055029	0.8198058733136875	0.8571428571428571	baseline
COG4776	0.0	0.7629107319407421	1.121342964135833	1.5474169244207816	0.3118905976435569	0.24795539261415825	0.6881094023564431	0.7520446073858418	0.7142857142857143	baseline
COG4778	0.0	0.6387796888543212	1.1873184363088567	1.7113273824363362	0.31873171903505265	0.24454412729038175	0.6812682809649473	0.7554558727096182	0.7142857142857143	baseline
COG4779	0.0	0.44183627744027526	0.8133977478541546	1.7513366650079452	0.38334617659804343	0.25319058277153217	0.6166538234019565	0.7468094172284678	0.7142857142857143	baseline
COG4783	0.0	0.8398576150324606	0.9561451489666316	1.5350911141680483	0.240500507151556	0.23926638902694394	0.759499492848444	0.760733610973056	0.8571428571428571	baseline
COG4785	0.0	0.7418720294491871	0.7733270340521604	1.3219945925420022	0.29945684536529005	0.30056869314618545	0.70054315463471	0.6994313068538145	0.8571428571428571	baseline
COG4786	0.0	0.33444204527069654	0.623704135075847	1.6432571683346477	0.5833595003780131	0.6850088471902613	0.5833595003780131	0.6850088471902613	0.5714285714285714	endpoint
COG4795	0.0	0.7389541950960271	1.1150287334175244	1.5406985509684945	0.2594751281539111	0.15704310312687042	0.7405248718460888	0.8429568968731296	0.8571428571428571	baseline
COG4796	0.0	0.5901464644731771	0.7076720695381399	1.509546668506093	0.3434021618108625	0.30884693862125745	0.6565978381891375	0.6911530613787426	0.8571428571428571	baseline
COG4797	0.0	0.7588472139252785	0.6035465243151148	1.4218726708098344	0.26498174564879867	0.32008247123565114	0.7350182543512014	0.6799175287643489	1.0	baseline
COG4799	0.0	0.7042928892319384	1.3428931106212862	1.4868652961946687	0.32865872036011334	0.2477045758513774	0.6713412796398867	0.7522954241486226	0.8571428571428571	baseline
COG4804	0.0	0.34800536227051576	0.2960663599954776	1.290073026918247	0.5945546435133695	0.5930725824607618	0.5945546435133695	0.5930725824607618	0.8571428571428571	endpoint
COG4805	0.0	0.8472671006052247	1.261255340504087	1.3585788932775313	0.7801025261529914	0.8821104399350395	0.7801025261529914	0.8821104399350395	0.8571428571428571	endpoint
COG4806	0.0	0.40934081490981516	0.4083354134234857	1.371682530775701	0.3573709464317029	0.36665261675342553	0.642629053568297	0.6333473832465745	0.7142857142857143	baseline
COG4808	0.0	0.5617197589742693	0.677465995729978	1.4456587773454566	0.35547172977042113	0.3581635139265943	0.6445282702295789	0.6418364860734057	0.7142857142857143	baseline
COG4810	0.0	0.05462791517513118	0.05038299738987087	1.3038144683971802	0.48252893683477965	0.478984299644451	0.5174710631652204	0.521015700355549	0.5714285714285714	baseline
COG4811	0.0	0.44330072865168774	0.8595397425509238	1.4651003271649374	0.3209632368500432	0.27071462383334444	0.6790367631499568	0.7292853761666556	0.5714285714285714	baseline
COG4812	0.0	0.5392178145523999	0.6979829628730604	1.4269731384346982	0.37712407291991296	0.2814985732813277	0.622875927080087	0.7185014267186722	0.8571428571428571	baseline
COG4814	0.0	0.8261699165873896	0.9192994932466755	1.4706982434829157	0.752019680581843	0.8055027810954136	0.752019680581843	0.8055027810954136	0.8571428571428571	endpoint
COG4816	0.0	0.25302798805920607	1.0190934963707603	1.324050098340836	0.6201172709108708	0.8207254193013271	0.6201172709108708	0.8207254193013271	0.5714285714285714	endpoint
COG4819	0.0	0.006009777521473818	0.2212817431613539	1.433026440069868	0.5101717445759479	0.5073529872946198	0.5101717445759479	0.5073529872946198	0.5714285714285714	endpoint
COG4820	0.0	0.170629305778889	0.2450580607943141	1.3044008011216661	0.5578263011916297	0.5774440387629699	0.5578263011916297	0.5774440387629699	0.7142857142857143	endpoint
COG4821	0.0	0.05939657570144717	0.06650042785292382	1.3240802769012292	0.47902947259627277	0.49127054905000894	0.5209705274037273	0.5087294509499911	0.5714285714285714	baseline
COG4822	0.0	0.6644457822059017	1.150264777509923	1.6181479393348057	0.7359040071192974	0.9525964249255641	0.7359040071192974	0.9525964249255641	0.7142857142857143	endpoint
COG4823	0.0	0.360409658783671	0.7824095047880184	1.3334633997583163	0.5804154058391899	0.6919718613759721	0.5804154058391899	0.6919718613759721	0.5714285714285714	endpoint
COG4824	0.0	0.23633530040961004	0.4260382068191603	1.536108099830206	0.5752130142570829	0.6648852671163397	0.5752130142570829	0.6648852671163397	0.7142857142857143	endpoint
COG4826	0.0	0.2610545703249225	0.6503369391268868	1.3429160981822426	0.404335855911067	0.2607609194760495	0.595664144088933	0.7392390805239505	0.5714285714285714	baseline
COG4832	0.0	0.31401337229241644	0.26558300709265553	1.3885532901807562	0.3968374433577493	0.3797628937779385	0.6031625566422507	0.6202371062220615	0.5714285714285714	baseline
COG4833	0.0	0.20952821480277808	0.3176857377638342	1.3395075121067954	0.5921681922212525	0.6042143423029811	0.5921681922212525	0.6042143423029811	0.5714285714285714	endpoint
COG4834	0.0	0.12167230010234743	0.5088556228702206	1.2062041987741094	0.5869220829850306	0.6928030754752191	0.5869220829850306	0.6928030754752191	0.5714285714285714	endpoint
COG4842	0.0	0.1718660269182855	0.06420071086211859	1.3636267234443173	0.4671048220341655	0.448886946177209	0.5328951779658345	0.5511130538227911	0.5714285714285714	baseline
COG4845	0.0	0.007483481377228239	0.1546973527536463	1.495815259622551	0.5357456865014015	0.5493597619296775	0.5357456865014015	0.5493597619296775	0.5714285714285714	endpoint
COG4849	0.0	0.22898007257891395	0.18639471853710185	1.1179881350526502	0.5898153030822809	0.5590129786176717	0.5898153030822809	0.5590129786176717	0.5714285714285714	endpoint
COG4850	0.0	0.15354276274815928	0.08943572349428712	1.3082437250500365	0.4860737782397185	0.4557748044401236	0.5139262217602816	0.5442251955598765	0.5714285714285714	baseline
COG4856	0.0	0.64849589853495	0.7915389631065382	1.4627090723573166	0.7187617633664923	0.6020140035580753	0.7187617633664923	0.6020140035580753	0.7142857142857143	endpoint
COG4857	0.0	0.3101406050533017	0.7109046689331894	1.4676052189825413	0.5626551923710866	0.649695381399267	0.5626551923710866	0.649695381399267	0.7142857142857143	endpoint
COG4862	0.0	0.025861754097301053	0.05898159472421289	1.5029533645454016	0.5219593826322912	0.4936672419953445	0.5219593826322912	0.5063327580046555	0.5714285714285714	endpoint
COG4864	0.0	0.18644510771168843	0.13438987056733706	1.3369954708408702	0.4684695966256263	0.4696403460932929	0.5315304033743737	0.530359653906707	0.5714285714285714	baseline
COG4865	0.0	0.12215044704698856	0.6703277964311177	1.7231838671251245	0.49687952536558366	0.5907259172241951	0.5031204746344163	0.5907259172241951	0.5714285714285714	endpoint
COG4866	0.0	0.3809936829393936	0.7995363674739057	1.2995517192040642	0.6320772743793419	0.7280175723226624	0.6320772743793419	0.7280175723226624	0.7142857142857143	endpoint
COG4868	0.0	0.6094839958401971	0.7000526943080411	1.494358609010673	0.6757932835219304	0.5868275528201963	0.6757932835219304	0.5868275528201963	0.7142857142857143	endpoint
COG4869	0.0	0.4275458010333404	0.6714352072905708	1.3416336068382053	0.6241319202060996	0.5820771343963131	0.6241319202060996	0.5820771343963131	0.7142857142857143	endpoint
COG4870	0.0	0.9570341149435626	0.9246464854496235	1.5212648447180475	0.7929531368999267	0.7315627458909814	0.7929531368999267	0.7315627458909814	1.0	endpoint
COG4874	0.0	0.16878092218435728	0.35716617131985395	1.3078065162864647	0.5492892652645557	0.5299094015125732	0.5492892652645557	0.5299094015125732	0.5714285714285714	endpoint
COG4878	0.0	0.23225180594326225	0.3108850494044248	1.78599462987989	0.5008982960783002	0.5933271339599396	0.5008982960783002	0.5933271339599396	0.5714285714285714	baseline
COG4880	0.0	0.4743911746255632	0.7685144180502643	1.710140377772665	0.6362513015971302	0.5981919970006834	0.6362513015971302	0.5981919970006834	0.5714285714285714	endpoint
COG4886	0.0	0.33244424718114873	0.5359535595409745	1.2056569568342543	0.6374872013042147	0.6842420942713123	0.6374872013042147	0.6842420942713123	0.5714285714285714	endpoint
COG4887	0.0	0.46952893129858325	0.6129154620581977	1.18022224963193	0.6471840019829953	0.6967145026571534	0.6471840019829953	0.6967145026571534	0.7142857142857143	endpoint
COG4889	0.0	0.33403617562256266	0.14212022507225713	1.2733300803668506	0.6019460086134529	0.5794093830196335	0.6019460086134529	0.5794093830196335	0.7142857142857143	endpoint
COG4894	0.0	0.32971428545379416	0.1714775406850361	1.4965480738043577	0.5758866768537055	0.4990856366049567	0.5758866768537055	0.5009143633950432	0.5714285714285714	endpoint
COG4905	0.0	0.40602503210060104	0.6619205848286702	1.4689661003579928	0.6486783712410695	0.6981265637158696	0.6486783712410695	0.6981265637158696	0.7142857142857143	endpoint
COG4907	0.0	0.20085974942029786	0.37509221289087114	1.3249971461911283	0.5527996805370027	0.5990306286942029	0.5527996805370027	0.5990306286942029	0.5714285714285714	endpoint
COG4909	0.0	0.044833971777856356	0.2907900711770988	1.2820405228178284	0.48388935829104646	0.3711106217003068	0.5161106417089536	0.6288893782996932	0.5714285714285714	baseline
COG4910	0.0	0.3192919275912291	0.5496260384638781	1.6798259078229216	0.5697150520831947	0.6355328322113286	0.5697150520831947	0.6355328322113286	0.5714285714285714	endpoint
COG4912	0.0	0.9838647183897871	1.0379143422379236	1.3881590947228069	0.7955966444863607	0.827185635319676	0.7955966444863607	0.827185635319676	1.0	endpoint
COG4913	0.0	0.08892109993009822	0.042362551583848544	1.2511398823065083	0.5136387871883675	0.49896470541432153	0.5136387871883675	0.5010352945856784	0.5714285714285714	baseline
COG4917	0.0	0.12698296967423314	0.2097949600809721	1.1759410043471716	0.5655253995991483	0.5654629536300984	0.5655253995991483	0.5654629536300984	0.5714285714285714	endpoint
COG4922	0.0	0.4069101871563107	0.5219710851161689	1.5030821299835433	0.6180283218315729	0.6515102793458721	0.6180283218315729	0.6515102793458721	0.7142857142857143	endpoint
COG4924	0.0	0.33164915632837755	0.5259794361995858	1.1255471929842213	0.414433285999113	0.32242524714631954	0.585566714000887	0.6775747528536804	0.7142857142857143	baseline
COG4926	0.0	0.26947052704096247	0.4412667232311618	1.3363486342629278	0.5910686824853749	0.672145801496159	0.5910686824853749	0.672145801496159	0.5714285714285714	endpoint
COG4927	0.0	0.3070392666886058	0.19250250805449273	1.5695031540644666	0.427339092097273	0.4607922064052369	0.572660907902727	0.5392077935947631	0.5714285714285714	baseline
COG4928	0.0	0.08488435689866058	0.3417664477294185	1.7589741743622507	0.45338445676678	0.41388864858770436	0.54661554323322	0.5861113514122956	0.5714285714285714	baseline
COG4930	0.0	0.9686404799281964	1.041054470305534	1.4970679867736087	0.7921861370639368	0.7494886851323649	0.7921861370639368	0.7494886851323649	0.8571428571428571	endpoint
COG4932	0.0	0.035290557004004984	0.11884241929487989	1.2161389323343639	0.4961683451380684	0.43013129392976424	0.5038316548619316	0.5698687060702358	0.7142857142857143	baseline
COG4933	0.0	0.11592507241387087	0.10554332891989218	1.042976406726604	0.46919923315275697	0.4769948616169232	0.530800766847243	0.5230051383830767	0.7142857142857143	baseline
COG4936	0.0	0.505492163656901	0.7860218822323757	1.3703017740208718	0.35103402233452413	0.3370635441176715	0.6489659776654759	0.6629364558823285	0.7142857142857143	baseline
COG4938	0.0	0.0956310143205464	0.3758590372683316	1.1857956257394642	0.4998186112880663	0.6322764460036356	0.5001813887119337	0.6322764460036356	0.5714285714285714	endpoint
COG4942	0.0	0.39896189989120723	0.6555204078164003	1.7725154060413395	0.3907866773048948	0.3005079513711135	0.6092133226951052	0.6994920486288865	0.7142857142857143	baseline
COG4943	0.0	1.2407398609776443	1.3143008934078375	1.8285527117634524	0.13063978400132112	0.0857157381009794	0.8693602159986789	0.9142842618990206	1.0	baseline
COG4946	0.0	0.45243644794820564	0.003280584475593864	1.3315525690107712	0.6626429637143865	0.5135138489215684	0.6626429637143865	0.5135138489215684	0.5714285714285714	endpoint
COG4947	0.0	0.34844320510825577	0.32467225409506667	1.45249918199248	0.60803713820286	0.5245155071096673	0.60803713820286	0.5245155071096673	0.7142857142857143	endpoint
COG4948	0.0	0.6124066416330015	0.5714740003129125	1.5382253477236896	0.30408908371387516	0.2747664495045234	0.6959109162861248	0.7252335504954766	0.8571428571428571	baseline
COG4951	0.0	0.5488736195907226	1.0918787144800794	1.9166293641823897	0.6481730059494178	0.7887756911423841	0.6481730059494178	0.7887756911423841	0.5714285714285714	endpoint
COG4953	0.0	0.4394374386903432	0.5556122722488857	1.402382110303547	0.40237065809881234	0.31128500932094816	0.5976293419011877	0.6887149906790518	0.7142857142857143	baseline
COG4956	0.0	0.20579487948612224	0.8271916141587111	1.4902562526455183	0.3962049949259957	0.18699191286572106	0.6037950050740043	0.813008087134279	0.5714285714285714	baseline
COG4962	0.0	0.21073740582260372	0.04120037949442886	1.4227788278802211	0.4206635741814248	0.5035628074944183	0.5793364258185751	0.5035628074944183	0.5714285714285714	baseline
COG4964	0.0	0.5882659536592829	0.7428956713186844	1.2507300699021724	0.6621652189535762	0.7090356762082117	0.6621652189535762	0.7090356762082117	0.8571428571428571	endpoint
COG4969	0.0	0.5407088971320919	0.860034625885873	1.317980274158565	0.3497728338092008	0.32785765989453974	0.6502271661907992	0.6721423401054603	0.5714285714285714	baseline
COG4972	0.0	0.39704556047958334	0.5767515771740278	1.4032124235947787	0.6116219632746839	0.6480275610061459	0.6116219632746839	0.6480275610061459	0.7142857142857143	endpoint
COG4973	0.0	0.5211134495976528	0.5843129608081101	1.4535309889953933	0.3137698448594719	0.2712455823651148	0.6862301551405281	0.7287544176348852	0.7142857142857143	baseline
COG4974	0.0	0.9484924936440021	0.9610056190250509	1.623507766372718	0.24822505490646604	0.24634382451788794	0.7517749450935339	0.7536561754821121	1.0	baseline
COG4975	0.0	0.6282301704144952	1.0060870960493624	1.6714461930002547	0.35300915631845864	0.19316573340152018	0.6469908436815414	0.8068342665984798	0.7142857142857143	baseline
COG4977	0.0	0.5568898539295007	0.9687320665928575	1.867919036277442	0.37771122365563725	0.1605518210084829	0.6222887763443627	0.8394481789915171	0.7142857142857143	baseline
COG4978	0.0	0.21782935385848906	0.3403271011756519	1.2558597987120257	0.5764053862080936	0.6451795537792727	0.5764053862080936	0.6451795537792727	0.5714285714285714	endpoint
COG4981	0.0	0.1158636182140187	0.21346482336498182	1.2736842113936466	0.5706476430769617	0.4487968490570609	0.5706476430769617	0.5512031509429391	0.5714285714285714	endpoint
COG4982	0.0	0.5364207916497319	1.169302532891797	1.4911649474410646	0.38390958315337376	0.18533250272436183	0.6160904168466262	0.8146674972756381	0.7142857142857143	baseline
COG4983	0.0	0.28317128832718624	0.8238591790269492	1.7888882096549024	0.542817883675092	0.7647118388718658	0.542817883675092	0.7647118388718658	0.5714285714285714	endpoint
COG4985	0.0	0.9991339514876022	1.1430925082689425	1.5411282708473326	0.2235633871117988	0.17406326389666155	0.7764366128882012	0.8259367361033385	0.8571428571428571	baseline
COG4986	0.0	0.8556800514507383	0.9848526919259487	1.5398962411495678	0.22068525697123612	0.21090897867329642	0.7793147430287639	0.7890910213267036	0.8571428571428571	baseline
COG4987	0.0	0.8841047306171907	1.29099865481948	1.6152762053044765	0.24307292783441214	0.13557550082678796	0.7569270721655879	0.8644244991732121	0.8571428571428571	baseline
COG4988	0.0	0.6085086226691178	1.079028395125809	1.82499773541691	0.3650797890126793	0.21021540539728348	0.6349202109873207	0.7897845946027165	0.7142857142857143	baseline
COG4989	0.0	0.3915449388547613	0.7379110150740725	1.3032036448132185	0.635003375847442	0.7892963972396915	0.635003375847442	0.7892963972396915	0.5714285714285714	endpoint
COG4990	0.0	0.39222797985740304	0.4840027976979086	1.3421225556857481	0.6297360375109099	0.6395660304672435	0.6297360375109099	0.6395660304672435	0.7142857142857143	endpoint
COG4992	0.0	0.0007668697192976724	0.4446833197592428	1.6309281508060154	0.5297927232414689	0.5444369899796663	0.5297927232414689	0.5444369899796663	0.5714285714285714	endpoint
COG4993	0.0	0.9006340404723006	1.2850533206800727	1.9339325430247707	0.2583743549653688	0.061080050513956236	0.7416256450346312	0.9389199494860437	0.8571428571428571	baseline
COG4999	0.0	0.8664897483923791	1.3082407289969327	1.718581720493248	0.28296556328968964	0.22750300026127224	0.7170344367103103	0.7724969997387278	0.7142857142857143	baseline
COG5000	0.0	0.16020891977556997	0.013367055258583421	1.4530407831466783	0.5000789155110678	0.47551191982277574	0.5000789155110678	0.5244880801772243	0.5714285714285714	baseline
COG5001	0.0	0.4692676292284376	0.25409637091972176	1.3094366197020337	0.342736926566368	0.44141171530514356	0.657263073433632	0.5585882846948564	0.8571428571428571	baseline
COG5002	0.0	0.4020715889428005	0.4803644340256634	1.6489032447749568	0.37792853018239353	0.3395738579568711	0.6220714698176064	0.6604261420431289	0.5714285714285714	baseline
COG5006	0.0	0.0913729336178954	0.09165362429154533	1.2156368753914497	0.474740619749964	0.4823725362474865	0.525259380250036	0.5176274637525136	0.5714285714285714	baseline
COG5009	0.0	0.04580387141783201	0.408156833564544	1.2187948125905794	0.45993273293285014	0.36671975248407657	0.5400672670671498	0.6332802475159234	0.5714285714285714	baseline
COG5011	0.0	0.6959839678827349	1.2225846256352377	1.6506535901741932	0.7022988350606635	0.8990842781662036	0.7022988350606635	0.8990842781662036	0.5714285714285714	endpoint
COG5012	0.0	0.9070437380212091	1.209615708110296	1.4979729845233307	0.7828872210816967	0.9028596230487297	0.7828872210816967	0.9028596230487297	0.8571428571428571	endpoint
COG5013	0.0	0.7130402068160604	0.6067120098993909	1.7121929733320587	0.31961989008406233	0.3255698022846731	0.6803801099159377	0.6744301977153269	0.8571428571428571	baseline
COG5015	0.0	1.072221776478069	1.2643402140190707	1.7510607309637027	0.8085881384547954	0.8918692574466213	0.8085881384547954	0.8918692574466213	0.8571428571428571	endpoint
COG5016	0.0	0.10677447709505647	0.018182355187490017	1.2085836144438817	0.471334570408717	0.48425111829289763	0.5286654295912829	0.5157488817071023	0.5714285714285714	baseline
COG5026	0.0	0.014516132952984468	0.18525856799125662	1.466134824670551	0.5155675936255119	0.5586998133617782	0.5155675936255119	0.5586998133617782	0.5714285714285714	endpoint
COG5039	0.0	0.5581575180728487	0.7192915240035419	1.2594787190084564	0.6572663896548306	0.630612928434126	0.6572663896548306	0.630612928434126	0.8571428571428571	endpoint
COG5263	0.0	0.7437260379697498	0.8982301892676952	1.4536908775458641	0.7119805242831625	0.7119292680200393	0.7119805242831625	0.7119292680200393	0.8571428571428571	endpoint
COG5266	0.0	0.46573910794760087	0.8515241975275599	1.2945956632740394	0.3965896036469219	0.29888029282121875	0.6034103963530781	0.7011197071787812	0.7142857142857143	baseline
COG5267	0.0	0.12678847337271484	0.2258365380896948	1.3515455717823903	0.44068050899539823	0.4331326715969732	0.5593194910046018	0.5668673284030268	0.5714285714285714	baseline
COG5276	0.0	0.562740202663563	0.9963305681507222	1.3321075208887176	0.3492593119781841	0.3052329355488908	0.6507406880218158	0.6947670644511093	0.7142857142857143	baseline
COG5279	0.0	0.9492916591322043	1.147072345429143	1.5320265702000273	0.7930750248186123	0.8304438308383687	0.7930750248186123	0.8304438308383687	1.0	endpoint
COG5280	0.0	0.2526064257729567	0.5312409216573282	1.3468512131347248	0.3944952830605103	0.361205962882257	0.6055047169394897	0.638794037117743	0.5714285714285714	baseline
COG5281	0.0	1.191128119385587	1.2805061260316104	1.7982703437991039	0.17134441614981227	0.172113298497631	0.8286555838501877	0.827886701502369	1.0	baseline
COG5282	0.0	0.5682652812288603	0.8263813973585317	1.2225989672779285	0.34061071898639916	0.29060220648386875	0.6593892810136008	0.7093977935161313	0.8571428571428571	baseline
COG5283	0.0	0.5283826410269709	0.8310529006887397	1.3142920519304677	0.6406405974027064	0.6412232587801899	0.6406405974027064	0.6412232587801899	0.7142857142857143	endpoint
COG5285	0.0	0.7217873444206472	1.0573317507621152	1.7722078392465233	0.3195913128749362	0.21619580580199593	0.6804086871250639	0.7838041941980041	0.7142857142857143	baseline
COG5295	0.0	0.26651656304976695	0.18567171046335545	1.3188803060247956	0.6006997135904841	0.5899650468919033	0.6006997135904841	0.5899650468919033	0.5714285714285714	endpoint
COG5301	0.0	0.3603912109603569	0.32234548551253034	1.2244916071917402	0.3741835440705391	0.4098552654495259	0.6258164559294609	0.5901447345504741	0.7142857142857143	baseline
COG5324	0.0	0.2675020670617279	0.615838316574863	1.5355671576445205	0.4500655128453837	0.3161643563779113	0.5499344871546163	0.6838356436220887	0.7142857142857143	baseline
COG5339	0.14285714285714285	0.8695468128719066	1.2872293048383456	2.1696920630915653	0.2820358789570195	0.15963654360770987	0.7179641210429806	0.8403634563922902	0.8571428571428571	baseline
COG5340	0.0	0.09370507588769596	0.3645149689111313	1.4571067183201536	0.47204854059039303	0.42251701063030056	0.527951459409607	0.5774829893696994	0.5714285714285714	baseline
COG5341	0.0	0.7318177021565623	0.7901429820199494	1.7388029274951704	0.7182608198178208	0.7421386336351818	0.7182608198178208	0.7421386336351818	0.8571428571428571	endpoint
COG5361	0.0	1.0530847186133667	1.2108497129282034	1.3638418177846683	0.8175341685695167	0.7471000919236904	0.8175341685695167	0.7471000919236904	1.0	endpoint
COG5368	0.0	0.23391008145956063	0.6756117709663418	1.2357845302920547	0.5934936630891192	0.7263411066960429	0.5934936630891192	0.7263411066960429	0.5714285714285714	endpoint
COG5373	0.0	0.4291437348821399	1.2161645847681966	1.617834927889038	0.39296229164210844	0.21156833696148095	0.6070377083578915	0.7884316630385191	0.5714285714285714	baseline
COG5377	0.0	0.8368150221164702	1.3101516969574933	1.7529687559471214	0.7249908793203562	0.8807393604015338	0.7249908793203562	0.8807393604015338	0.7142857142857143	endpoint
COG5383	0.0	1.2346333551198918	1.35990293899858	1.7510784944841993	0.16022615319971004	0.12859517035315995	0.83977384680029	0.8714048296468401	1.0	baseline
COG5405	0.0	1.18398334043423	1.273650114373915	1.453172914488671	0.14938056147686213	0.13498114916143386	0.8506194385231378	0.8650188508385661	1.0	baseline
COG5412	0.0	0.26006839033058704	0.2095991427308061	1.8745164798701899	0.5896731440525683	0.5654089791011089	0.5896731440525683	0.5654089791011089	0.7142857142857143	endpoint
COG5426	0.0	0.38961471516228485	0.44650481271774106	1.6567648032152806	0.34193401743819135	0.36739024544899845	0.6580659825618087	0.6326097545510015	0.7142857142857143	baseline
COG5427	0.0	0.43414917003098846	0.8191559147397232	1.537678385117404	0.6358102402982745	0.6065983360597266	0.6358102402982745	0.6065983360597266	0.5714285714285714	endpoint
COG5430	0.0	0.9466989554256683	0.9422545717816678	1.3214841172983587	0.20768041454225972	0.22232012920230587	0.7923195854577403	0.7776798707976942	1.0	baseline
COG5433	0.0	0.6108570468764628	0.7111699906340833	1.6031254022014534	0.6401169313269881	0.7092773005682252	0.6401169313269881	0.7092773005682252	0.7142857142857143	endpoint
COG5434	0.0	0.11860450744381135	0.14319223574766726	1.4440640349639702	0.4217111573578104	0.46682437345336086	0.5782888426421896	0.5331756265466392	0.5714285714285714	baseline
COG5437	0.0	0.21464047456499658	0.09324390974869039	1.5857930642987503	0.555115027673489	0.48274583340649496	0.555115027673489	0.5172541665935051	0.5714285714285714	endpoint
COG5438	0.0	0.6219055611567642	1.0604731732914012	1.5173921335143183	0.6734654070896026	0.8349289069428268	0.6734654070896026	0.8349289069428268	0.8571428571428571	endpoint
COG5441	0.0	0.5398353205088756	0.9636515607727201	1.3682017368552013	0.6809750928044964	0.8482793391075782	0.6809750928044964	0.8482793391075782	0.7142857142857143	endpoint
COG5445	0.0	0.8152173247818678	1.3237947949232038	1.4363237977712517	0.28146126148667566	0.1823644402191128	0.7185387385133244	0.8176355597808872	0.8571428571428571	baseline
COG5449	0.0	0.18274536108473996	0.10013489030903844	0.9830245793882532	0.5521598973484589	0.49529442345189273	0.5521598973484589	0.5047055765481072	0.5714285714285714	endpoint
COG5463	0.0	0.2385605745557811	0.1069427006129648	1.3878271528137347	0.43015721320035905	0.452868697883657	0.569842786799641	0.547131302116343	0.5714285714285714	baseline
COG5464	0.0	0.9227101620166881	1.2011931562035536	1.5168408747864128	0.1925649238203355	0.15858770364722016	0.8074350761796645	0.8414122963527798	0.8571428571428571	baseline
COG5476	0.0	0.6146095654575855	0.5642225294175527	1.1066549505752101	0.6967268988464973	0.6645919103329627	0.6967268988464973	0.6645919103329627	1.0	endpoint
COG5484	0.0	0.406970540501746	0.9418614699093445	1.585533934149407	0.6173110992556241	0.7333829192819994	0.6173110992556241	0.7333829192819994	0.7142857142857143	endpoint
COG5492	0.0	0.02219013021267621	0.03162952054966205	1.2855608748006828	0.5288252449711355	0.4653704636017836	0.5288252449711355	0.5346295363982164	0.5714285714285714	endpoint
COG5495	0.0	1.1991156934791174	1.2855729589080063	1.5521964349505784	0.872523333259824	0.926624604965572	0.872523333259824	0.926624604965572	1.0	endpoint
COG5496	0.0	0.6845262089736005	0.8710625232762536	1.4904205360585476	0.7038447419164083	0.7469675227826014	0.7038447419164083	0.7469675227826014	0.7142857142857143	endpoint
COG5499	0.0	0.8857303773107701	1.0949119002665126	1.6460873418368835	0.23324332430110345	0.1371317924245122	0.7667566756988966	0.8628682075754878	0.8571428571428571	baseline
COG5504	0.0	0.7697065452162823	1.038349319382985	1.513901833912219	0.7659463572624272	0.8434509405451548	0.7659463572624272	0.8434509405451548	0.7142857142857143	endpoint
COG5505	0.0	0.4192544950598392	0.4847751278918857	1.5063957598592965	0.6197181562372395	0.5510921118596492	0.6197181562372395	0.5510921118596492	0.7142857142857143	endpoint
COG5511	0.0	0.5820260094555098	0.6400575296300007	1.2638429056059544	0.3045972217533561	0.27953846137375815	0.6954027782466439	0.7204615386262418	0.7142857142857143	baseline
COG5512	0.0	0.19056221854592031	0.05233562859222773	1.3105249342645569	0.5878707060424234	0.47930843066381906	0.5878707060424234	0.5206915693361809	0.5714285714285714	endpoint
COG5518	0.0	0.49120445768951054	0.4275876873458097	1.6802800060719987	0.3950283613730031	0.38977664109568877	0.6049716386269969	0.6102233589043112	0.5714285714285714	baseline
COG5519	0.0	0.4608499016383612	0.8168909722367539	1.432749812896271	0.35501421288650503	0.33501937912737423	0.644985787113495	0.6649806208726258	0.5714285714285714	baseline
COG5520	0.0	0.6665542441625997	0.7964978967126956	1.3124291704762883	0.29110624676529395	0.220151167416172	0.708893753234706	0.779848832583828	0.7142857142857143	baseline
COG5522	0.0	0.5241452119276794	0.7296361998693763	1.4630518953420037	0.3318015176117376	0.26640398136968246	0.6681984823882624	0.7335960186303175	0.7142857142857143	baseline
COG5523	0.0	0.5275572445206738	0.9145012465718128	1.4208005814248335	0.6475222993385158	0.7597061596433514	0.6475222993385158	0.7597061596433514	0.5714285714285714	endpoint
COG5525	0.0	0.13431866713232596	0.1527722385590592	1.472546959330456	0.4566868544932774	0.4750419644235317	0.5433131455067226	0.5249580355764683	0.5714285714285714	baseline
COG5527	0.0	0.011418065859151267	0.1781012948367073	1.3789141671414302	0.48926501974592057	0.5320566033510467	0.5107349802540795	0.5320566033510467	0.5714285714285714	baseline
COG5529	0.0	0.7559245706101858	0.7730303996398394	1.4369264158024173	0.25695588557565374	0.2525786180500692	0.7430441144243463	0.7474213819499308	1.0	baseline
COG5532	0.0	0.3874507460070156	0.17554618230690908	1.9201652258495485	0.4223401000747059	0.4106678457565828	0.5776598999252941	0.5893321542434171	0.7142857142857143	baseline
COG5545	0.0	0.5813511117277447	0.7942313789761254	1.38113101605307	0.7098065244194062	0.8146966550084321	0.7098065244194062	0.8146966550084321	0.7142857142857143	endpoint
COG5553	0.0	0.3901302761648891	0.5109785279480873	1.3823306912225028	0.3748650214588783	0.39373811369873996	0.6251349785411218	0.6062618863012601	0.7142857142857143	baseline
COG5557	0.0	1.0116318434184823	1.2628791096925682	1.3042251800985067	0.19797649180297042	0.15233410877664397	0.8020235081970296	0.847665891223356	0.8571428571428571	baseline
COG5564	0.0	0.24112245049725	0.26408742097837196	1.3274603456484038	0.5828102006865785	0.5804279707857913	0.5828102006865785	0.5804279707857913	0.5714285714285714	endpoint
COG5571	0.0	0.6597077371697037	1.3040925059992146	1.4923237892079548	0.31665998263838807	0.23267915140933312	0.683340017361612	0.7673208485906668	0.7142857142857143	baseline
COG5577	0.0	1.3734482206644996	1.2585901655095428	1.9395543257135168	0.9015849986079053	0.9698777779162003	0.9015849986079053	0.9698777779162003	1.0	endpoint
COG5579	0.0	0.6936197420864134	1.0636502153747434	1.8248646437973015	0.7058126969843036	0.851515819482628	0.7058126969843036	0.851515819482628	0.7142857142857143	endpoint
COG5585	0.0	0.2724866989229542	0.7269325133656889	1.3435114891302031	0.41773456570462264	0.22140563972474436	0.5822654342953774	0.7785943602752556	0.5714285714285714	baseline
COG5587	0.0	0.21744642813642198	0.22340244234070483	1.518889047636679	0.42870188546232096	0.43353672431077156	0.571298114537679	0.5664632756892285	0.5714285714285714	baseline
COG5598	0.0	0.21609229729526463	0.22249416796335197	1.3329650411200298	0.4352802829635242	0.44154619820472407	0.5647197170364757	0.5584538017952759	0.7142857142857143	baseline
COG5618	0.0	0.862862829065004	0.798435729615443	1.6193511277351909	0.7537362062834271	0.7394283808570278	0.7537362062834271	0.7394283808570278	1.0	endpoint
COG5620	0.0	1.1772399837912904	1.2753509139481634	1.5302281959969557	0.8522064935021899	0.9189972440744404	0.8522064935021899	0.9189972440744404	1.0	endpoint
COG5632	0.14285714285714285	0.11028456031808864	0.12133465913876716	2.143549142302422	0.4593487100465295	0.4292758378108053	0.5406512899534706	0.5707241621891948	0.5714285714285714	endpoint
COG5635	0.0	0.03243796903014974	0.1292174408738956	1.061317895648848	0.5034060345454876	0.471584881433214	0.5034060345454876	0.528415118566786	0.7142857142857143	baseline
COG5645	0.0	1.1167529942707235	1.32904573166791	1.8037617505500059	0.18531660994099822	0.08364752271521575	0.8146833900590018	0.9163524772847842	0.8571428571428571	baseline
COG5652	0.0	0.8254603853810821	0.8717553039196089	1.3059100331090354	0.7654741612534574	0.7454197692469644	0.7654741612534574	0.7454197692469644	0.8571428571428571	endpoint
COG5658	0.0	0.35150746858956705	0.20518814052654044	1.3621665207972948	0.43243596590504	0.46522576329414483	0.5675640340949599	0.5347742367058552	0.5714285714285714	baseline
ENOG410XNME	0.0	0.5171856976651129	0.829072332976525	1.7720633832117065	0.3915603708855685	0.29493608685011946	0.6084396291144315	0.7050639131498806	0.7142857142857143	baseline
ENOG410XNMH	0.0	0.48051535865740463	0.40677373189094074	1.494769203744616	0.6733058297484408	0.6082901554420262	0.6733058297484408	0.6082901554420262	0.8571428571428571	endpoint
ENOG410XNMK	0.0	0.6371970197238243	1.2496380750754053	1.768935991538394	0.2817950641313874	0.050371322640108275	0.7182049358686127	0.9496286773598918	0.7142857142857143	baseline
ENOG410XNMP	0.0	0.5685708907359299	1.158127190428255	1.5274505541697798	0.6223535797586329	0.7839415002050839	0.6223535797586329	0.7839415002050839	0.7142857142857143	endpoint
ENOG410XNMQ	0.0	0.18730521553036228	0.0781811704756495	1.1316806474885217	0.40839116255051267	0.4949174414653613	0.5916088374494873	0.5050825585346387	0.5714285714285714	baseline
ENOG410XNMX	0.0	0.6701023375460664	0.8495872984335642	1.864092550466857	0.6806481301321691	0.7800547350481601	0.6806481301321691	0.7800547350481601	0.8571428571428571	endpoint
ENOG410XNN3	0.0	0.628590591485627	0.9048024934869926	1.7622478324756692	0.35419434584568227	0.1800096192632873	0.6458056541543178	0.8199903807367127	0.7142857142857143	baseline
ENOG410XNN9	0.0	0.08569272706496621	0.23002546212363684	1.4516572735463398	0.4547568569114157	0.5088044188485619	0.5452431430885842	0.5088044188485619	0.5714285714285714	baseline
ENOG410XNNB	0.0	1.095571040546467	1.345594998699043	1.8198727321271286	0.16198093922936005	0.0877449429689577	0.8380190607706399	0.9122550570310423	0.8571428571428571	baseline
ENOG410XNNF	0.0	1.0433828230896867	1.1791900551347936	1.853684961891856	0.2319806153591826	0.1709203459750596	0.7680193846408174	0.8290796540249404	0.8571428571428571	baseline
ENOG410XNNK	0.0	0.5403088370294399	1.0665949044089682	1.6496738931116355	0.32923922626530866	0.19677987095517974	0.6707607737346913	0.8032201290448202	0.7142857142857143	baseline
ENOG410XNNM	0.0	0.4825935840268478	0.540697342263689	1.5570661989674839	0.6479520713544137	0.6395988051729954	0.6479520713544137	0.6395988051729954	0.7142857142857143	endpoint
ENOG410XNNT	0.0	0.814188443915003	1.2270980565983869	1.3674514337811685	0.23480505390749085	0.12132003923408856	0.7651949460925092	0.8786799607659115	0.8571428571428571	baseline
ENOG410XNNV	0.0	0.3430926438344242	0.36564695520281143	1.6577075396147298	0.4152460916283586	0.4068498056536163	0.5847539083716413	0.5931501943463837	0.7142857142857143	baseline
ENOG410XNNX	0.0	0.14361947785126253	0.04528187601982562	1.1984834297405271	0.48713970856398964	0.5026086355994391	0.5128602914360103	0.5026086355994391	0.5714285714285714	baseline
ENOG410XNP4	0.0	0.6532921284849647	0.7224370976553038	1.3450191510053895	0.29432196448361364	0.3164829376852113	0.7056780355163863	0.6835170623147887	0.8571428571428571	baseline
ENOG410XNP9	0.0	0.7243728829982389	0.7137247297895624	1.1119904972099142	0.7147838651071516	0.672332780973584	0.7147838651071516	0.672332780973584	1.0	endpoint
ENOG410XNPF	0.0	0.5072460140765844	1.0456122894829023	1.4566783720630068	0.6691399842992737	0.8272033072773218	0.6691399842992737	0.8272033072773218	0.7142857142857143	endpoint
ENOG410XNPK	0.0	0.9814337469972763	1.3370765886266864	1.8627782029040574	0.7677915840722589	0.9338215595410978	0.7677915840722589	0.9338215595410978	0.7142857142857143	endpoint
ENOG410XNPQ	0.0	0.7466575334564869	1.1647970720658816	1.4879834802691296	0.7212600918645226	0.7740847273085009	0.7212600918645226	0.7740847273085009	0.7142857142857143	endpoint
ENOG410XNPT	0.0	0.21949971871188165	0.18250578951473584	1.3469196429037835	0.5557752052139022	0.5706434296943333	0.5557752052139022	0.5706434296943333	0.7142857142857143	endpoint
ENOG410XNPU	0.0	0.1681947780292897	0.1040622604639407	1.4064489765239032	0.5630077052775817	0.5363190976041803	0.5630077052775817	0.5363190976041803	0.5714285714285714	endpoint
ENOG410XNPZ	0.0	1.1039885918134549	1.2236025271340794	1.4474009506809273	0.17723054706318928	0.2271409385008951	0.8227694529368107	0.7728590614991049	1.0	baseline
ENOG410XNQ2	0.0	0.13824565145607073	0.030973265080324455	1.2048952883243427	0.4800672802738977	0.46029219751412553	0.5199327197261023	0.5397078024858745	0.5714285714285714	baseline
ENOG410XNQ6	0.0	0.6544675312947081	0.5239891762705412	1.4987402478185856	0.3009771713529834	0.39069648549019054	0.6990228286470166	0.6093035145098095	1.0	baseline
ENOG410XNQA	0.0	0.18624521872008185	0.6675298199266044	1.2754481073603285	0.4733102250915021	0.32363968448893604	0.5266897749084979	0.676360315511064	0.7142857142857143	baseline
ENOG410XNQB	0.0	0.37243294054563686	0.5228646484463492	0.8709105539283709	0.6375551426298374	0.6517565785620951	0.6375551426298374	0.6517565785620951	0.8571428571428571	endpoint
ENOG410XNQF	0.0	0.14713198375927755	0.06802593728040916	0.709505729031945	0.5695723227147607	0.534151988863526	0.5695723227147607	0.534151988863526	0.5714285714285714	endpoint
ENOG410XNQI	0.0	0.29302587578322703	0.09946715371360826	1.670990766999102	0.5963210422770906	0.5655107769489633	0.5963210422770906	0.5655107769489633	0.7142857142857143	endpoint
ENOG410XNQK	0.0	0.7662335528135633	1.0264516492960876	1.594813657773938	0.2857427801342685	0.14597650911876497	0.7142572198657315	0.854023490881235	0.8571428571428571	baseline
ENOG410XNQT	0.14285714285714285	1.0616080209952552	1.260765870677782	2.210382754391049	0.805893793899261	0.8908146990971604	0.805893793899261	0.8908146990971604	0.8571428571428571	endpoint
ENOG410XNR2	0.0	0.7106391889951599	0.6703973660385978	1.2517642564399265	0.7357435183922946	0.7261630800877268	0.7357435183922946	0.7261630800877268	0.8571428571428571	endpoint
ENOG410XNR3	0.0	0.006127998143605111	0.1220090231462255	0.9913216215833358	0.49540265803923145	0.561433451697869	0.5045973419607686	0.561433451697869	0.5714285714285714	baseline
ENOG410XNR6	0.0	0.38941193115564193	0.2709282974199543	1.4126944615078754	0.6538325880998401	0.5260601477452419	0.6538325880998401	0.5260601477452419	0.7142857142857143	endpoint
ENOG410XNRI	0.0	0.25245098560603374	0.3296971275823694	1.466821477662289	0.40807765881083224	0.4073743296927223	0.5919223411891678	0.5926256703072776	0.5714285714285714	baseline
ENOG410XNRQ	0.0	0.5130869970323771	0.5909342105243358	1.2526430377515705	0.3129195918035372	0.375046081331834	0.6870804081964628	0.6249539186681661	0.7142857142857143	baseline
ENOG410XNRW	0.0	0.49328205934193675	1.0162880879266771	1.6073659611952287	0.3932780805657178	0.27560688967448765	0.6067219194342822	0.7243931103255123	0.7142857142857143	baseline
ENOG410XNS5	0.0	0.3074680416447098	0.15482053796159737	1.2732341431685972	0.5961951819542328	0.4770006969455404	0.5961951819542328	0.5229993030544595	0.5714285714285714	endpoint
ENOG410XNSE	0.0	0.8927285749391426	1.2201629695884164	1.383417498435377	0.7768713953218349	0.8728024343529059	0.7768713953218349	0.8728024343529059	0.8571428571428571	endpoint
ENOG410XNSI	0.0	0.416685865331586	0.9247395567367146	1.532688958996659	0.5800849434789702	0.6678693741706296	0.5800849434789702	0.6678693741706296	0.7142857142857143	endpoint
ENOG410XNSZ	0.14285714285714285	0.9443967645728654	1.1354819915790906	2.7073260116643145	0.7393556321009574	0.8206166541291541	0.7393556321009574	0.8206166541291541	0.8571428571428571	endpoint
ENOG410XNT3	0.0	0.6466392108602753	0.9123922985523726	1.4567135667284545	0.6878891096238408	0.761640349269294	0.6878891096238408	0.761640349269294	0.8571428571428571	endpoint
ENOG410XNTB	0.0	0.5346301191474749	0.6119196102419345	1.2266416908560973	0.36873238249667734	0.353481280930768	0.6312676175033227	0.646518719069232	0.8571428571428571	baseline
ENOG410XNTH	0.0	0.566486987657128	0.5575467773978569	1.7546166678098505	0.34893166467106074	0.2795469396696298	0.6510683353289393	0.7204530603303703	0.8571428571428571	baseline
ENOG410XNTK	0.0	0.9605587739295147	1.2531522419914596	1.5518141705656778	0.7930236841828793	0.8196874658724208	0.7930236841828793	0.8196874658724208	1.0	endpoint
ENOG410XNTV	0.0	0.5369994679815913	0.9149753079347472	1.2841105108996071	0.6542577779223357	0.6601641896248821	0.6542577779223357	0.6601641896248821	0.7142857142857143	endpoint
ENOG410XNTZ	0.0	0.7268830323059448	0.5848357605065276	1.413400335705959	0.706638939461653	0.6716673588335669	0.706638939461653	0.6716673588335669	1.0	endpoint
ENOG410XNUC	0.0	0.30206441284153424	0.0750468337264812	1.532965781191081	0.6090886617208504	0.5363899601942074	0.6090886617208504	0.5363899601942074	0.7142857142857143	endpoint
ENOG410XNUH	0.0	0.22478936155169352	0.5686185131974485	1.5288976563928274	0.4279795538683577	0.3762318749290879	0.5720204461316423	0.6237681250709122	0.5714285714285714	baseline
ENOG410XNUJ	0.0	0.09589600228887218	0.6165125339773735	1.7485974445307615	0.47160082517709057	0.36828160876602806	0.5283991748229094	0.6317183912339719	0.5714285714285714	baseline
ENOG410XNUN	0.0	0.4403345763227967	0.8649427470605643	1.750664806328584	0.4054872803666541	0.27364651664422346	0.594512719633346	0.7263534833557765	0.7142857142857143	baseline
ENOG410XNV1	0.0	0.22481375431451922	0.04522629835624474	1.4883551109470676	0.4422889922914243	0.5007100962946727	0.5577110077085756	0.5007100962946727	0.5714285714285714	baseline
ENOG410XNVA	0.0	0.0742875962522677	0.39352564551356267	1.3505181928014725	0.5701504959815534	0.6051930189860981	0.5701504959815534	0.6051930189860981	0.5714285714285714	endpoint
ENOG410XNVB	0.0	0.5215301893829922	0.930717839837324	1.2617146650771338	0.34326205683446	0.2510952986196005	0.65673794316554	0.7489047013803996	0.8571428571428571	baseline
ENOG410XNVC	0.0	0.8121616472745133	1.0645449235193396	1.601180664013814	0.2795202770853885	0.2939095537886905	0.7204797229146115	0.7060904462113096	0.8571428571428571	baseline
ENOG410XNVE	0.0	0.18046454981050533	0.0063172802862368985	1.3112712543959604	0.4798617480782819	0.5146714817749838	0.5201382519217181	0.5146714817749838	0.5714285714285714	baseline
ENOG410XNVK	0.0	0.010021635604317616	0.6116114120297643	1.632634776758208	0.5215985138679752	0.5721465608620242	0.5215985138679752	0.5721465608620242	0.5714285714285714	endpoint
ENOG410XNVM	0.0	0.26144478676002236	0.5226082056019653	1.1823172682568912	0.4427640796526771	0.3910193286903615	0.5572359203473229	0.6089806713096385	0.7142857142857143	baseline
ENOG410XNVN	0.0	0.5695303320800867	1.1169364537983784	1.5937246870912205	0.26669039396487143	0.10025948111332901	0.7333096060351285	0.899740518886671	0.7142857142857143	baseline
ENOG410XNVP	0.0	0.18052340529356017	0.5896310528347736	1.2218575608416349	0.5895696165199098	0.6607174724247741	0.5895696165199098	0.6607174724247741	0.7142857142857143	endpoint
ENOG410XNVS	0.0	0.5675059948322779	0.6399006573551094	1.4124734529046232	0.6378086110612025	0.7050872971201754	0.6378086110612025	0.7050872971201754	0.8571428571428571	endpoint
ENOG410XNVW	0.0	0.40499874221463106	0.6559136710143679	1.406993848503709	0.6156698077481506	0.6665340682688985	0.6156698077481506	0.6665340682688985	0.5714285714285714	endpoint
ENOG410XNW1	0.0	0.39194001325031097	0.7550836709440018	1.3947845629812725	0.6533453619027524	0.7686812215545626	0.6533453619027524	0.7686812215545626	0.5714285714285714	endpoint
ENOG410XNW5	0.0	0.4122209837095268	0.5006586537446104	1.413198740410818	0.4124046364639123	0.3502681509759305	0.5875953635360878	0.6497318490240696	0.7142857142857143	baseline
ENOG410XNW6	0.0	0.1657465460479683	0.5585316603336473	1.043574367425549	0.5451128000909254	0.5951674763668151	0.5451128000909254	0.5951674763668151	0.5714285714285714	endpoint
ENOG410XNWD	0.0	0.2377958625089571	0.22262820888143794	1.573275603876119	0.3914898466590912	0.4462710799320043	0.6085101533409087	0.5537289200679957	0.7142857142857143	baseline
ENOG410XNWE	0.0	0.11160016614818716	0.6317524535235552	1.2940539432257623	0.4979304808947158	0.31249261835434344	0.5020695191052842	0.6875073816456565	0.5714285714285714	baseline
ENOG410XNWS	0.0	0.20374055285474682	0.6395137535324515	1.1873171483442677	0.5439259714804237	0.6839094010710737	0.5439259714804237	0.6839094010710737	0.7142857142857143	endpoint
ENOG410XNWU	0.0	0.4646950917796825	0.5386084669080308	0.9519656848311773	0.3397111569728786	0.3407820374325721	0.6602888430271214	0.6592179625674279	0.8571428571428571	baseline
ENOG410XNWW	0.0	0.08404986297179871	0.5897152558928934	1.105541155993525	0.4620480227856785	0.31135216911382135	0.5379519772143215	0.6886478308861786	0.5714285714285714	baseline
ENOG410XNX2	0.0	0.6381478566902042	0.6427747834232316	1.285067766811575	0.30327469032333354	0.3629267968066718	0.6967253096766665	0.6370732031933282	0.8571428571428571	baseline
ENOG410XNX3	0.0	0.7093345071387333	0.7704559850654862	1.3793617408543644	0.27548869749474425	0.25350196403259573	0.7245113025052557	0.7464980359674043	0.8571428571428571	baseline
ENOG410XNXE	0.0	0.4734686522218717	0.09497116228522055	1.585737365049967	0.6507509305567025	0.5410296420044157	0.6507509305567025	0.5410296420044157	0.5714285714285714	endpoint
ENOG410XNXF	0.0	0.1392027204019958	0.20058597497276753	1.274067053297041	0.5601757532408961	0.44429349379535066	0.5601757532408961	0.5557065062046493	0.5714285714285714	endpoint
ENOG410XNXG	0.0	0.11920900855729546	0.13638381368149652	1.4737690377246204	0.47095435090693005	0.555941651876927	0.52904564909307	0.555941651876927	0.5714285714285714	baseline
ENOG410XNXZ	0.0	0.5665685653915963	0.7476521822106088	1.2397984811073008	0.6496241602090681	0.7020631471477764	0.6496241602090681	0.7020631471477764	0.8571428571428571	endpoint
ENOG410XNYD	0.0	0.20058210560536044	0.5611112409594392	1.3143357295805862	0.5233226918984991	0.6887967245527151	0.5233226918984991	0.6887967245527151	0.5714285714285714	endpoint
ENOG410XNYE	0.0	0.701776554504961	0.916470177117341	1.508148545795916	0.7092172192649847	0.8046009121629317	0.7092172192649847	0.8046009121629317	0.8571428571428571	endpoint
ENOG410XNYS	0.0	0.9705329856684726	1.0011302969039442	1.6279510871991771	0.7879094155411454	0.8937768890383064	0.7879094155411454	0.8937768890383064	1.0	endpoint
ENOG410XNYU	0.14285714285714285	0.6979302871203321	1.3552356903234974	2.135531060590552	0.3209575596435107	0.027440044350300966	0.6790424403564893	0.972559955649699	0.7142857142857143	baseline
ENOG410XNYY	0.0	0.8190813112050369	0.977228935356514	1.6896972879302046	0.717719437518089	0.7511056359296281	0.717719437518089	0.7511056359296281	0.8571428571428571	endpoint
ENOG410XNZB	0.0	0.14077380217005755	0.354490581219415	1.1751637965543424	0.4569227891337407	0.3868951691511308	0.5430772108662594	0.6131048308488691	0.7142857142857143	baseline
ENOG410XNZD	0.0	0.09295452461056776	0.14739963982041626	1.3369412377424303	0.4517864594169844	0.4769689141504611	0.5482135405830155	0.5230310858495388	0.5714285714285714	baseline
ENOG410XNZF	0.0	0.24611770167576125	0.08775878432189213	1.5737461618787025	0.45315268446038676	0.4851885700173392	0.5468473155396132	0.5148114299826607	0.5714285714285714	baseline
ENOG410XNZG	0.0	0.6291910334847938	0.7912246206485208	1.487235737668879	0.3016371121339538	0.2964527234941613	0.6983628878660462	0.7035472765058387	0.7142857142857143	baseline
ENOG410XNZJ	0.0	0.893181757038561	0.8292925885784413	1.4218589254229872	0.2066325254969705	0.2023678752725805	0.7933674745030295	0.7976321247274195	0.8571428571428571	baseline
ENOG410XNZQ	0.0	0.5115504548776141	0.26444660880697085	1.4923130813426932	0.6947215663312429	0.5750169332562592	0.6947215663312429	0.5750169332562592	0.7142857142857143	endpoint
ENOG410XNZR	0.0	0.7202986726623111	0.8970668802117325	1.5953983985386635	0.28133784350777846	0.260370751965769	0.7186621564922215	0.739629248034231	0.8571428571428571	baseline
ENOG410XNZT	0.0	0.004800273527409559	0.17776172215107977	1.4525882421800989	0.46986746139284863	0.5935921030650377	0.5301325386071514	0.5935921030650377	0.5714285714285714	baseline
ENOG410XNZW	0.0	0.28111082009487137	0.4220367580632955	1.6020338306142141	0.5487446709757512	0.6635780864396381	0.5487446709757512	0.6635780864396381	0.7142857142857143	endpoint
ENOG410XNZX	0.0	0.9076363107491597	1.0449805780487018	1.6786020264492358	0.7884063173612911	0.9046309911064072	0.7884063173612911	0.9046309911064072	0.8571428571428571	endpoint
ENOG410XP02	0.0	0.0253092152064688	0.053732514788881185	1.5133235655645854	0.5240397048258825	0.5289314561720541	0.5240397048258825	0.5289314561720541	0.5714285714285714	endpoint
ENOG410XP0R	0.0	0.28988576212750977	0.7946510947755225	1.2479971060394797	0.4305470126876379	0.33657181198553016	0.5694529873123622	0.6634281880144699	0.7142857142857143	baseline
ENOG410XP1B	0.0	0.194763552474506	0.20728395043267916	1.5086149207117994	0.4216670778306713	0.4647358050405452	0.5783329221693287	0.5352641949594548	0.5714285714285714	baseline
ENOG410XP1K	0.0	0.08284415118144414	0.016729794939165436	1.319709573556343	0.43071975654330374	0.4766661731917986	0.5692802434566963	0.5233338268082014	0.5714285714285714	baseline
ENOG410XP27	0.0	0.2427824925855349	0.3290458333221971	1.0744191779767414	0.5606613667698903	0.5758073438714315	0.5606613667698903	0.5758073438714315	0.8571428571428571	endpoint
ENOG410XP28	0.0	0.4163334088640288	0.30085849226631967	1.2087124388317805	0.6470384668771226	0.56492635824739	0.6470384668771226	0.56492635824739	0.7142857142857143	endpoint
ENOG410XP2B	0.0	0.5612545749159896	0.5808180828565526	1.480104599791705	0.317955485747244	0.3018090778143075	0.682044514252756	0.6981909221856926	0.7142857142857143	baseline
ENOG410XP2F	0.0	0.6827923946843917	0.8054829763673876	1.614888328128908	0.29031485993883016	0.19444335742808916	0.7096851400611699	0.8055566425719108	0.8571428571428571	baseline
ENOG410XP2G	0.0	0.39932375985420016	0.4119331314380164	1.4849167505779164	0.3735215198222269	0.39371387535456775	0.6264784801777731	0.6062861246454323	0.7142857142857143	baseline
ENOG410XP2I	0.0	0.09966409197505859	0.297916543788199	1.3313363020378075	0.4772525995537954	0.4081637453574943	0.5227474004462046	0.5918362546425058	0.5714285714285714	baseline
ENOG410XP2N	0.0	1.0012744035374916	1.270971320929852	1.5312502893478337	0.7878572982312251	0.9105127007266735	0.7878572982312251	0.9105127007266735	0.8571428571428571	endpoint
ENOG410XP2U	0.0	0.6179544982555785	1.2052180429248374	1.3511578519383558	0.3349436953280807	0.23143886158547777	0.6650563046719193	0.7685611384145222	0.7142857142857143	baseline
ENOG410XP2Y	0.14285714285714285	0.5578030636985735	0.8788683306007954	2.1825978313512575	0.6458891573250947	0.749884405572904	0.6458891573250947	0.749884405572904	0.7142857142857143	endpoint
ENOG410XP33	0.0	0.3894386492660929	0.4497339830018777	1.2392679158901672	0.6236527542598175	0.65582472247762	0.6236527542598175	0.65582472247762	0.7142857142857143	endpoint
ENOG410XP36	0.14285714285714285	0.6789895700602369	0.8675724207741973	2.0678425487629997	0.30566127563924156	0.2057022318957019	0.6943387243607584	0.7942977681042981	0.7142857142857143	baseline
ENOG410XP3B	0.0	0.861474057922237	1.193711547463726	1.5192975560042046	0.7508742203436108	0.7922604080304065	0.7508742203436108	0.7922604080304065	0.8571428571428571	endpoint
ENOG410XP3G	0.0	1.0030223774898681	1.1268190424089262	1.5047030278186957	0.22390831423267074	0.24193599088438725	0.7760916857673292	0.7580640091156128	1.0	baseline
ENOG410XP3K	0.0	0.18865997773453488	0.7580305826214258	1.2200348747470664	0.538468277692511	0.6016694421112119	0.538468277692511	0.6016694421112119	0.7142857142857143	endpoint
ENOG410XP3M	0.0	0.059041314651660896	0.10850612073593353	1.2937812956668129	0.5657487053312588	0.5081682052578445	0.5657487053312588	0.5081682052578445	0.5714285714285714	endpoint
ENOG410XP3Q	0.0	0.3432500664667734	0.8866733410349789	1.2751595238306532	0.40365685588230515	0.28785277077603505	0.5963431441176948	0.712147229223965	0.7142857142857143	baseline
ENOG410XP3R	0.14285714285714285	1.3815453603402919	1.381238159249769	2.1438692423421246	0.11735615136815856	0.11277282196082052	0.8826438486318414	0.8872271780391795	1.0	baseline
ENOG410XP3U	0.0	0.7625410528256135	1.0373246861730656	1.9517598282344688	0.6738039639944391	0.7946072445408597	0.6738039639944391	0.7946072445408597	0.8571428571428571	endpoint
ENOG410XP44	0.0	0.10392740564405736	0.33630768636256075	1.4067264850385308	0.4595244098563769	0.4147947868713654	0.5404755901436231	0.5852052131286346	0.5714285714285714	baseline
ENOG410XP48	0.0	0.7609667867746239	1.0748296298063384	1.3846545188918915	0.7151503342951814	0.6490394185284157	0.7151503342951814	0.6490394185284157	0.8571428571428571	endpoint
ENOG410XP49	0.0	0.08949393619297762	0.11939118301323909	1.2053614399676331	0.5300454302356045	0.541105888705472	0.5300454302356045	0.541105888705472	0.5714285714285714	endpoint
ENOG410XP4A	0.0	0.05938337782092392	0.080200937521028	1.38468816656203	0.4979893783122235	0.5305190528897026	0.5020106216877764	0.5305190528897026	0.5714285714285714	endpoint
ENOG410XP4R	0.0	0.494048979060857	0.6239023067948241	1.5677917819257763	0.3766235196439745	0.3356650462368796	0.6233764803560256	0.6643349537631205	0.7142857142857143	baseline
ENOG410XP53	0.0	0.24150385464061433	0.6037403940133238	1.2132112114782876	0.6166876226858783	0.7299149690630867	0.6166876226858783	0.7299149690630867	0.7142857142857143	endpoint
ENOG410XP54	0.0	0.12935544191571516	0.10223388927784224	1.3557228153328809	0.45327886946890794	0.4892943990013823	0.5467211305310921	0.5107056009986177	0.5714285714285714	baseline
ENOG410XP56	0.0	0.6012121917347321	0.9761173726709867	1.7493615298228335	0.6571752605194888	0.8355519427241742	0.6571752605194888	0.8355519427241742	0.7142857142857143	endpoint
ENOG410XP57	0.0	0.4140102726426614	0.8709523419190898	1.406291929053535	0.6144210354699559	0.719021066145271	0.6144210354699559	0.719021066145271	0.7142857142857143	endpoint
ENOG410XP59	0.0	0.9279539581169437	1.1914020131510525	1.6052893071379943	0.765391617021385	0.8539780021636724	0.765391617021385	0.8539780021636724	0.8571428571428571	endpoint
ENOG410XP5M	0.0	0.49431366650140446	0.9172088712310088	1.2296232862415488	0.6779432100527637	0.7871735022312523	0.6779432100527637	0.7871735022312523	0.7142857142857143	endpoint
ENOG410XP5N	0.0	0.7849156233794403	0.7799265316101502	1.6201925080835207	0.7126211213906267	0.7395680475127953	0.7126211213906267	0.7395680475127953	0.7142857142857143	endpoint
ENOG410XP5P	0.0	0.32457743692176166	0.3658716947937162	0.951039343740129	0.39705787595300446	0.40988724868502985	0.6029421240469955	0.5901127513149702	0.7142857142857143	baseline
ENOG410XP5S	0.0	0.23737411284479323	0.669282613853226	1.3992150805552581	0.5353312096464684	0.643334174814331	0.5353312096464684	0.643334174814331	0.5714285714285714	endpoint
ENOG410XP5Y	0.0	0.22682383114593194	0.07436837869136562	1.45875027701652	0.4167195707818386	0.4839953258977898	0.5832804292181615	0.5160046741022102	0.5714285714285714	baseline
ENOG410XP61	0.0	0.6691217791973456	1.1823639071985343	1.6465741579542232	0.2903313517586991	0.10523515195149269	0.7096686482413008	0.8947648480485073	0.7142857142857143	baseline
ENOG410XP63	0.0	0.19867968560227986	0.07038063235697299	1.4230020857490076	0.48356421547905437	0.45893789335677826	0.5164357845209456	0.5410621066432217	0.5714285714285714	baseline
ENOG410XP6B	0.0	0.7962093360641083	1.2140767369108885	1.2974276353947052	0.7373836095088481	0.8165071458495221	0.7373836095088481	0.8165071458495221	0.7142857142857143	endpoint
ENOG410XP6M	0.0	0.4662270568697244	0.42645874104234616	1.2460619989227435	0.6329357817836511	0.6251835326112503	0.6329357817836511	0.6251835326112503	0.8571428571428571	endpoint
ENOG410XP6N	0.0	0.405046152489232	0.5712792830390925	1.485616808129876	0.6322223949939136	0.7347320975784977	0.6322223949939136	0.7347320975784977	0.7142857142857143	endpoint
ENOG410XP70	0.0	0.3569437402165137	0.5643537114650115	1.4010130580173017	0.37900732596166353	0.2846450269541478	0.6209926740383365	0.7153549730458522	0.7142857142857143	baseline
ENOG410XP71	0.0	0.15058065945605065	0.40291413513028673	1.3022702113867008	0.5218131746481479	0.5375034285495226	0.5218131746481479	0.5375034285495226	0.5714285714285714	endpoint
ENOG410XP72	0.0	0.7793471099553646	0.9114321407236351	1.2762529835482612	0.7501630675401678	0.7262691534092598	0.7501630675401678	0.7262691534092598	0.8571428571428571	endpoint
ENOG410XP7C	0.0	0.19680386406763292	0.18493512044499957	1.4332591595982334	0.4694833359143434	0.4535184687259335	0.5305166640856567	0.5464815312740665	0.5714285714285714	baseline
ENOG410XP7H	0.0	0.3942598323018473	0.8555560209914165	1.342873732142099	0.336126672505606	0.2397522693941839	0.663873327494394	0.7602477306058161	0.7142857142857143	baseline
ENOG410XP7I	0.0	0.040958716437582456	0.05848078695968686	1.3553435624221297	0.5129004579818967	0.46091323258842076	0.5129004579818967	0.5390867674115792	0.5714285714285714	endpoint
ENOG410XP7P	0.0	0.2134414427533197	0.432213253713164	0.7047698436560844	0.42799259606135515	0.4121518525094041	0.5720074039386449	0.5878481474905959	0.5714285714285714	baseline
ENOG410XP7Y	0.0	0.6662759162628006	1.1188134080827925	1.7307032777110665	0.6645382556094689	0.8397839379910818	0.6645382556094689	0.8397839379910818	0.7142857142857143	endpoint
ENOG410XP82	0.0	0.4705989860054978	0.5691497218058852	1.3588594505872125	0.35069270406531405	0.3393395551390261	0.649307295934686	0.6606604448609739	0.7142857142857143	baseline
ENOG410XP86	0.0	0.7499246984492236	0.9587748903217757	1.2739387249538523	0.2864743504994286	0.24156551067461354	0.7135256495005714	0.7584344893253865	0.8571428571428571	baseline
ENOG410XP8A	0.0	0.04290642181097981	0.1828749531100791	1.6813851247284275	0.5285519863919205	0.46424524938752776	0.5285519863919205	0.5357547506124722	0.5714285714285714	baseline
ENOG410XP8I	0.0	1.241397315650089	1.3998404252221281	1.683953105673592	0.14965212041770007	0.1217877037460946	0.8503478795823	0.8782122962539054	1.0	baseline
ENOG410XP8J	0.0	0.671973311080344	0.9711468347288724	1.524361126926361	0.33667895156790645	0.3001601788637944	0.6633210484320935	0.6998398211362056	0.8571428571428571	baseline
ENOG410XP8N	0.0	0.6558338756110483	0.8533952810692493	1.8840263152514132	0.6687554368596738	0.7638498531202	0.6687554368596738	0.7638498531202	0.8571428571428571	endpoint
ENOG410XP94	0.0	0.09700498093168353	0.2907689695845826	1.3540776174061309	0.49984152350914046	0.4274889574039506	0.5001584764908595	0.5725110425960493	0.5714285714285714	baseline
ENOG410XP95	0.0	0.34027315704850647	0.4684624630003065	0.8302441417936092	0.4197208122190303	0.3631416815197853	0.5802791877809697	0.6368583184802147	0.8571428571428571	baseline
ENOG410XP9D	0.0	0.9902036543206691	0.8262074534912504	1.763626405289733	0.7683097974598269	0.7542726348746531	0.7683097974598269	0.7542726348746531	1.0	endpoint
ENOG410XP9H	0.0	0.3049674439550683	0.350413130982186	1.277660959912537	0.38735005645702897	0.4110488129750801	0.6126499435429711	0.5889511870249199	0.5714285714285714	baseline
ENOG410XP9Q	0.0	1.000399001659153	1.2790359189871483	1.3848787674968799	0.20705308188312896	0.18879222677532692	0.792946918116871	0.8112077732246731	0.8571428571428571	baseline
ENOG410XPA1	0.0	0.8966177957240316	1.2275946545196856	1.488074096191145	0.760590013637989	0.9178041237568937	0.760590013637989	0.9178041237568937	0.8571428571428571	endpoint
ENOG410XPA5	0.0	0.8598509275684283	1.2417522937976522	1.8938650433867779	0.7626054882551881	0.8361302826706682	0.7626054882551881	0.8361302826706682	0.7142857142857143	endpoint
ENOG410XPA7	0.0	0.5532713785084636	0.854827954431598	1.368924664762656	0.6731101389345414	0.6622292546481551	0.6731101389345414	0.6622292546481551	0.7142857142857143	endpoint
ENOG410XPA8	0.0	0.9198334768957315	1.2325148347442358	1.2810461477461728	0.7622107542994787	0.8013318370823436	0.7622107542994787	0.8013318370823436	1.0	endpoint
ENOG410XPA9	0.0	0.8540634983839146	0.9546746785321347	1.323844097405689	0.7537743992488105	0.8167789266837298	0.7537743992488105	0.8167789266837298	1.0	endpoint
ENOG410XPAA	0.0	0.10608426797754775	0.213121688402882	1.1639247532236374	0.5810152797768252	0.44453375694666564	0.5810152797768252	0.5554662430533344	0.5714285714285714	endpoint
ENOG410XPAH	0.0	0.12343767289495323	0.005184714778866374	1.24280643362664	0.4453240321223416	0.5141208068878819	0.5546759678776584	0.5141208068878819	0.5714285714285714	baseline
ENOG410XPAI	0.0	0.14784849820058849	0.302556976289835	1.5012684337853752	0.540843062975214	0.5906991727968234	0.540843062975214	0.5906991727968234	0.5714285714285714	endpoint
ENOG410XPAU	0.0	0.7838653487164856	1.110190981512325	1.6047873870656417	0.7497376120363429	0.8967916695859253	0.7497376120363429	0.8967916695859253	0.8571428571428571	endpoint
ENOG410XPAW	0.0	0.21919689533772937	0.1886166589260412	1.5021865879261778	0.4413370179843361	0.4556459253554984	0.5586629820156639	0.5443540746445016	0.5714285714285714	baseline
ENOG410XPAZ	0.0	0.09506291860961683	0.27381230904117104	1.1347317502753693	0.5500517629248456	0.5649092089916286	0.5500517629248456	0.5649092089916286	0.7142857142857143	endpoint
ENOG410XPB1	0.0	0.08447802013658896	0.0506159145764652	1.450162205076552	0.4385256277555389	0.5011345234227206	0.5614743722444611	0.5011345234227206	0.5714285714285714	baseline
ENOG410XPB6	0.0	0.460786857473933	0.7355050411900377	1.05991991992103	0.6495089659879423	0.7609826132337175	0.6495089659879423	0.7609826132337175	0.5714285714285714	endpoint
ENOG410XPB7	0.0	0.21455377544335102	0.008714301201981382	1.6929374211545245	0.562967555872435	0.5052336917818147	0.562967555872435	0.5052336917818147	0.5714285714285714	endpoint
ENOG410XPBG	0.0	0.1802912858742298	0.03943151904367078	1.1169840684095025	0.4476237990311092	0.48027045213263225	0.5523762009688908	0.5197295478673678	0.5714285714285714	baseline
ENOG410XPBJ	0.0	0.758524153664826	1.2636888230189836	1.4926173647837668	0.700930096241103	0.6876043036779564	0.700930096241103	0.6876043036779564	0.7142857142857143	endpoint
ENOG410XPBQ	0.0	0.6029667047702841	0.7997085061461215	1.5783528141967165	0.33756982553728376	0.24677284505554095	0.6624301744627162	0.753227154944459	0.7142857142857143	baseline
ENOG410XPBR	0.0	0.6237741962652403	0.8772585709097711	1.4526274578393747	0.689607378979674	0.772040877496379	0.689607378979674	0.772040877496379	0.5714285714285714	endpoint
ENOG410XPBS	0.0	0.7829664787049985	0.7018144801502114	1.5690730052746586	0.25023919293834884	0.3141895597397012	0.7497608070616512	0.6858104402602988	1.0	baseline
ENOG410XPBV	0.0	0.3389814551420548	0.9585655947988001	1.4719316905237103	0.5694532831192417	0.6689127209474777	0.5694532831192417	0.6689127209474777	0.7142857142857143	endpoint
ENOG410XPC1	0.0	0.7963620415315347	1.1601332477527408	1.5519654187861824	0.7130518427199225	0.7282425519579921	0.7130518427199225	0.7282425519579921	0.8571428571428571	endpoint
ENOG410XPC7	0.0	0.34016274256568696	0.5897130093570341	1.2743147659718688	0.4420997018212757	0.3450888854631859	0.5579002981787242	0.654911114536814	0.5714285714285714	baseline
ENOG410XPCD	0.0	0.01905914940641746	0.46266059656164094	1.7231583960498251	0.5023942366244147	0.3692945870040651	0.5023942366244147	0.6307054129959349	0.5714285714285714	endpoint
ENOG410XPCF	0.0	0.513174322154558	0.7971111777813893	1.394542311351161	0.6718751191157225	0.815729530864487	0.6718751191157225	0.815729530864487	0.7142857142857143	endpoint
ENOG410XPCH	0.0	0.46995745402103745	0.6421561968843771	1.6706171558052696	0.6636702962824327	0.7533053589220888	0.6636702962824327	0.7533053589220888	0.7142857142857143	endpoint
ENOG410XPCY	0.0	0.5067030144832607	0.9088256408772571	1.5577213117635234	0.3778589134440984	0.31975849533849277	0.6221410865559016	0.6802415046615072	0.7142857142857143	baseline
ENOG410XPD4	0.0	0.493575056640913	0.8535317786608739	1.5319340848842973	0.6669469030120158	0.7429007115538844	0.6669469030120158	0.7429007115538844	0.7142857142857143	endpoint
ENOG410XPD5	0.0	0.6506459723249096	0.8192707632377443	1.5101611139792654	0.30953866468974905	0.2538879498342487	0.6904613353102509	0.7461120501657512	0.8571428571428571	baseline
ENOG410XPD8	0.0	0.7359505529310215	0.7944033636182181	1.5546698953226776	0.29745322643899813	0.2886686272451578	0.7025467735610018	0.7113313727548423	0.7142857142857143	baseline
ENOG410XPDK	0.0	0.8215852557770259	0.6542512691060334	1.7810400820026397	0.7161549059009306	0.7355053428044042	0.7161549059009306	0.7355053428044042	0.8571428571428571	endpoint
ENOG410XPDP	0.0	0.2752265746267154	0.23780384817482203	1.1907476114069555	0.554464250212557	0.5687883910434536	0.554464250212557	0.5687883910434536	0.7142857142857143	endpoint
ENOG410XPDR	0.0	0.10456754282127276	0.26085028259779464	1.2724358532991618	0.5026754161573792	0.4273204932984778	0.5026754161573792	0.5726795067015222	0.5714285714285714	baseline
ENOG410XPDS	0.0	1.1061734256530882	1.2119759114045132	1.61777574893849	0.1873459311730596	0.21159208908898078	0.8126540688269404	0.7884079109110192	1.0	baseline
ENOG410XPDT	0.0	0.46401828304314463	0.9132954783051338	1.5366516381929807	0.6188264658951902	0.7727723471313476	0.6188264658951902	0.7727723471313476	0.7142857142857143	endpoint
ENOG410XPE4	0.0	0.05882585262520031	0.08666746692774145	1.5079498767965158	0.47971201547481174	0.4987512674703984	0.5202879845251882	0.5012487325296016	0.5714285714285714	baseline
ENOG410XPE8	0.0	1.335766313166263	1.2972370566641633	1.8061282383345951	0.9047398187753287	0.956889098853031	0.9047398187753287	0.956889098853031	1.0	endpoint
ENOG410XPE9	0.0	0.27776817293344414	0.29230605744473487	1.2634666902368898	0.5918151952973315	0.6346748614009361	0.5918151952973315	0.6346748614009361	0.7142857142857143	endpoint
ENOG410XPEC	0.0	0.553915877608721	0.5961272963290446	1.478644618886373	0.685243427078318	0.7024888544365738	0.685243427078318	0.7024888544365738	0.7142857142857143	endpoint
ENOG410XPEF	0.0	0.27434045426352693	0.2455105393225659	1.2694479153315303	0.5934520737908152	0.5907267374100543	0.5934520737908152	0.5907267374100543	0.5714285714285714	endpoint
ENOG410XPF0	0.0	0.41684067620897214	0.4810927301863051	1.469416082984072	0.3512274400135604	0.30578963162671075	0.6487725599864396	0.6942103683732892	0.7142857142857143	baseline
ENOG410XPF1	0.0	0.36485051541174585	0.13101376347823204	1.235294335650693	0.379415973419717	0.4828459136211207	0.620584026580283	0.5171540863788793	0.5714285714285714	baseline
ENOG410XPF3	0.0	0.09790622189644116	0.25716632197203	1.6217149596409164	0.4522607533112434	0.549430022756331	0.5477392466887566	0.549430022756331	0.5714285714285714	baseline
ENOG410XPF8	0.0	0.4046966469089333	0.7452730102312763	1.4178761876334376	0.5913425855677609	0.757099067825849	0.5913425855677609	0.757099067825849	0.7142857142857143	endpoint
ENOG410XPFA	0.0	0.11806987911324948	0.3072216383847585	1.594902343535742	0.5271831747617274	0.6400245210382073	0.5271831747617274	0.6400245210382073	0.5714285714285714	endpoint
ENOG410XPFR	0.0	0.6651957307469542	0.7947309897362171	1.4524602019361121	0.6726493708665753	0.711724979499289	0.6726493708665753	0.711724979499289	0.8571428571428571	endpoint
ENOG410XPFY	0.0	0.9629396619190642	1.1876511615016567	1.9804394955326934	0.7748138077317304	0.7993679847079175	0.7748138077317304	0.7993679847079175	1.0	endpoint
ENOG410XPFZ	0.0	0.5718001388352018	1.351169411019501	1.550630012495916	0.3646354117553496	0.24633073440019515	0.6353645882446504	0.7536692655998048	0.7142857142857143	baseline
ENOG410XPG7	0.0	0.2314035513201406	0.4168940146823608	1.4366468672083519	0.5782894404037188	0.6106560742536012	0.5782894404037188	0.6106560742536012	0.5714285714285714	endpoint
ENOG410XPGG	0.0	0.15794672037165522	0.1558041201390425	1.2040226267921543	0.5527957133939039	0.5496185019106755	0.5527957133939039	0.5496185019106755	0.5714285714285714	endpoint
ENOG410XPGH	0.0	1.3776221599622764	1.5105014176443687	1.5960268436684408	0.9027879124798476	0.9362413919218565	0.9027879124798476	0.9362413919218565	1.0	endpoint
ENOG410XPGK	0.0	0.40673227973621423	0.8136532709949453	1.858842797365197	0.4254145403102064	0.2952183226654317	0.5745854596897936	0.7047816773345683	0.7142857142857143	baseline
ENOG410XPGN	0.0	0.4059861509642197	0.800605547823275	1.300113736065919	0.6730111327839057	0.7676680616940694	0.6730111327839057	0.7676680616940694	0.5714285714285714	endpoint
ENOG410XPGQ	0.0	0.4561609785310609	0.9775739793950488	1.264527916898282	0.6272365504426931	0.632895267462374	0.6272365504426931	0.632895267462374	0.7142857142857143	endpoint
ENOG410XPGV	0.0	0.6447934535837695	0.7597246748908518	1.6795446367283304	0.3229259715389653	0.23455051435878993	0.6770740284610347	0.7654494856412101	0.8571428571428571	baseline
ENOG410XPGY	0.0	0.6832345161534983	1.0347892948047799	1.8409644863712253	0.6636949013837838	0.7976338923859666	0.6636949013837838	0.7976338923859666	0.7142857142857143	endpoint
ENOG410XPHB	0.0	0.07462571423566534	0.318434615802974	1.7746104731100976	0.5225253029116173	0.592677927212886	0.5225253029116173	0.592677927212886	0.7142857142857143	endpoint
ENOG410XPHE	0.0	0.06494782791753176	0.20764632297770835	1.296740966277271	0.5038490767035136	0.5421978725270548	0.5038490767035136	0.5421978725270548	0.5714285714285714	baseline
ENOG410XPHF	0.0	0.8746124589336225	1.119076576728652	1.8038264663111516	0.21218726581795946	0.09149623756536353	0.7878127341820406	0.9085037624346365	0.7142857142857143	baseline
ENOG410XPHJ	0.0	0.3509935930179578	0.21077596930025844	1.254638250019688	0.6115845778314323	0.5657333561787	0.6115845778314323	0.5657333561787	0.5714285714285714	endpoint
ENOG410XPHK	0.0	0.28708059701149563	0.14932356393022247	1.6220500677847995	0.44254740251559366	0.4571537567217451	0.5574525974844063	0.5428462432782549	0.7142857142857143	baseline
ENOG410XPHQ	0.0	0.10059132385181128	0.13057757650420673	1.3650273752455175	0.5503893131704006	0.5766689191474155	0.5503893131704006	0.5766689191474155	0.7142857142857143	endpoint
ENOG410XPHU	0.0	0.6116276143648267	1.1595438798193929	1.4012466026982937	0.32206435387693444	0.1880223496797423	0.6779356461230656	0.8119776503202577	0.8571428571428571	baseline
ENOG410XPIA	0.0	0.375943986800794	0.5794194026145979	1.2894887451523132	0.3768943368643035	0.377738012101636	0.6231056631356965	0.622261987898364	0.7142857142857143	baseline
ENOG410XPIG	0.0	0.4748215853830932	0.4765602644564501	1.429827097063616	0.6705640088854311	0.6643758311950418	0.6705640088854311	0.6643758311950418	0.5714285714285714	endpoint
ENOG410XPIV	0.0	0.31230904994930125	0.4127027089355859	1.5315843330300165	0.3772099242304234	0.3938794935652438	0.6227900757695766	0.6061205064347561	0.7142857142857143	baseline
ENOG410XPIZ	0.0	0.019717057195732707	0.07443581387128684	1.6952812169307738	0.5350505595325107	0.4957930305994743	0.5350505595325107	0.5042069694005257	0.5714285714285714	baseline
ENOG410XPJ6	0.0	0.6027866369329695	0.8489745080042498	1.5442956016139788	0.6509605859390578	0.7623324320027027	0.6509605859390578	0.7623324320027027	0.7142857142857143	endpoint
ENOG410XPJ8	0.0	0.10814255032656196	0.3230894231150025	1.3654743536136924	0.48637504437930273	0.42277157215371036	0.5136249556206973	0.5772284278462896	0.7142857142857143	baseline
ENOG410XPJF	0.0	1.0206186074543488	1.2390871770681522	1.9376390067557732	0.2013840829191076	0.14897851158160474	0.7986159170808924	0.8510214884183953	0.8571428571428571	baseline
ENOG410XPJG	0.0	0.6398200091488891	0.6522971232901861	1.6311603034354516	0.6906810235576752	0.6948233306506997	0.6906810235576752	0.6948233306506997	0.8571428571428571	endpoint
ENOG410XPJN	0.0	0.4769571959910866	0.8794777562034665	1.3266770705039717	0.6688804368414025	0.7728026082115232	0.6688804368414025	0.7728026082115232	0.5714285714285714	endpoint
ENOG410XPJV	0.0	0.2531457385629878	0.06125976160282533	1.4745095093314178	0.4587748397025718	0.4988733269278217	0.5412251602974282	0.5011266730721783	0.5714285714285714	baseline
ENOG410XPJW	0.0	0.17043427519171975	0.5235719465432626	1.4811413811689695	0.5759915282727581	0.6365196644663654	0.5759915282727581	0.6365196644663654	0.5714285714285714	endpoint
ENOG410XPK1	0.0	0.4042830277386572	0.28707168162981334	1.8471268360120718	0.41446102116137046	0.3723869511429566	0.5855389788386296	0.6276130488570434	0.7142857142857143	baseline
ENOG410XPK3	0.0	0.5836856899522916	0.5565645121232256	1.4546231701993153	0.67404930749598	0.6745034758318006	0.67404930749598	0.6745034758318006	0.7142857142857143	endpoint
ENOG410XPK9	0.0	0.3677777988175644	0.76713480771031	1.2984129351351934	0.6089042700534141	0.7190864999468909	0.6089042700534141	0.7190864999468909	0.5714285714285714	endpoint
ENOG410XPKA	0.0	0.714278073716673	1.2491102519336992	1.5225765146916643	0.7107146886173753	0.8077567264889717	0.7107146886173753	0.8077567264889717	0.8571428571428571	endpoint
ENOG410XPKD	0.0	0.6042233242930399	0.8530936554859153	1.471189414886263	0.3447931147210741	0.2653635512700589	0.6552068852789259	0.734636448729941	0.7142857142857143	baseline
ENOG410XPKJ	0.0	0.5264606453743448	0.6290762390719349	1.4401643746534778	0.3589694881773049	0.3297037237178868	0.6410305118226951	0.6702962762821132	0.8571428571428571	baseline
ENOG410XPKX	0.0	0.20372340547792112	0.6657611773687813	1.2609719092650447	0.5983431319092345	0.6994448390804675	0.5983431319092345	0.6994448390804675	0.5714285714285714	endpoint
ENOG410XPM4	0.0	0.4599807155902438	0.20752105464942341	1.6935272723706611	0.6178031038746198	0.5421548744351151	0.6178031038746198	0.5421548744351151	0.5714285714285714	endpoint
ENOG410XPM6	0.0	0.7425789781372628	0.9692115827577218	1.751108428524638	0.7456142232324415	0.8258643677935756	0.7456142232324415	0.8258643677935756	0.8571428571428571	endpoint
ENOG410XPM9	0.0	0.19520984508241201	0.3287288248505125	1.7489205402924437	0.4433995424370443	0.4076829845447004	0.5566004575629557	0.5923170154552996	0.5714285714285714	baseline
ENOG410XPMU	0.0	1.0072486415884325	1.1036639138427569	1.483172540568123	0.8137685565508205	0.7863571575689479	0.8137685565508205	0.7863571575689479	1.0	endpoint
ENOG410XPMV	0.0	0.164016869045254	0.6101070093311293	1.7067164178655643	0.4267060711033979	0.3110131294919349	0.5732939288966021	0.6889868705080651	0.5714285714285714	baseline
ENOG410XPMX	0.0	0.05212451836093742	0.036860017689495095	0.9111302181121375	0.5127648111512361	0.5021058689394388	0.5127648111512361	0.5021058689394388	0.7142857142857143	endpoint
ENOG410XPN4	0.0	0.289273711083788	0.22229969427845273	1.4062805555793518	0.4355542460032785	0.4463616307486059	0.5644457539967215	0.5536383692513941	0.5714285714285714	baseline
ENOG410XPNA	0.0	1.1806124455085332	1.2677266991490448	1.5303789091400959	0.8486476696897911	0.8095636636135739	0.8486476696897911	0.8095636636135739	1.0	endpoint
ENOG410XPNG	0.0	0.04695247327893914	0.3690765641767502	1.7112017499241579	0.49068512442121376	0.40590447813882	0.5093148755787862	0.59409552186118	0.5714285714285714	endpoint
ENOG410XPNI	0.0	0.5323033254949988	0.33669016829652915	1.2612623651126849	0.6765221231355977	0.6197910310018019	0.6765221231355977	0.6197910310018019	0.7142857142857143	endpoint
ENOG410XPNN	0.0	0.3035501286365222	0.022626215015210522	1.4732953695778341	0.40736481574196237	0.47799280136082845	0.5926351842580376	0.5220071986391716	0.5714285714285714	baseline
ENOG410XPNQ	0.0	0.628083420324638	0.7252870568225983	1.2646112844991775	0.6860724635668747	0.6691296762747384	0.6860724635668747	0.6691296762747384	0.8571428571428571	endpoint
ENOG410XPNV	0.0	0.6201721715969779	1.0191511802178697	1.5532745543827147	0.3191545457059646	0.2564655956585979	0.6808454542940354	0.743534404341402	0.7142857142857143	baseline
ENOG410XPP0	0.0	1.1932620404890002	1.2600600367273906	1.80415373290605	0.17312426936112585	0.12016446063601324	0.8268757306388741	0.8798355393639867	1.0	baseline
ENOG410XPPG	0.0	0.09279325604131923	0.004599962582629294	1.0215102897873032	0.5389708707875608	0.5281858042338003	0.5389708707875608	0.5281858042338003	0.5714285714285714	endpoint
ENOG410XPPI	0.0	0.6026701831507546	0.8843209668949439	1.3190346635671366	0.6883921454326789	0.6196085914555379	0.6883921454326789	0.6196085914555379	0.8571428571428571	endpoint
ENOG410XPPS	0.0	0.5659013626339187	0.9209532702922899	1.1889425782968104	0.3169947156596812	0.17991897731831985	0.6830052843403188	0.8200810226816801	0.7142857142857143	baseline
ENOG410XPPT	0.0	0.47936853363677834	1.1088092131904947	1.737850485754651	0.652948759058526	0.8515201516415827	0.652948759058526	0.8515201516415827	0.7142857142857143	endpoint
ENOG410XPPY	0.0	0.6100585282459975	0.9572201794351113	1.844715817248446	0.6514025584640527	0.7768382544948811	0.6514025584640527	0.7768382544948811	0.7142857142857143	endpoint
ENOG410XPQ5	0.0	0.40761167451925173	0.4313608155787917	1.452997620821753	0.6502190852672394	0.6140381216814847	0.6502190852672394	0.6140381216814847	0.7142857142857143	endpoint
ENOG410XPQW	0.0	1.0630801212490646	1.1973812677574571	1.5328261715333968	0.18532769079307027	0.21832519065313905	0.8146723092069297	0.781674809346861	1.0	baseline
ENOG410XPR1	0.0	1.1965220279047102	1.2648207712227262	1.8144536095715962	0.853636969908341	0.9373774321437998	0.853636969908341	0.9373774321437998	1.0	endpoint
ENOG410XPR3	0.14285714285714285	1.488988572008452	1.3969695813155727	2.244776990713602	0.9262673682468893	0.9537272541443594	0.9262673682468893	0.9537272541443594	1.0	endpoint
ENOG410XPR5	0.0	0.9534260609644333	0.9440203356308526	1.350737024971803	0.21341042104181013	0.20255904720467796	0.7865895789581898	0.797440952795322	1.0	baseline
ENOG410XPR9	0.0	0.28756292550822876	0.42905747080280343	1.4137652588874419	0.559732766928583	0.6446723985546238	0.559732766928583	0.6446723985546238	0.7142857142857143	endpoint
ENOG410XPRM	0.0	0.18339073066284667	0.3697258697191696	1.376972972300557	0.5413409599699145	0.5319942743959993	0.5413409599699145	0.5319942743959993	0.5714285714285714	endpoint
ENOG410XPRN	0.0	0.20981954061759497	0.5315625974324746	1.2539991736216411	0.5879300095697669	0.5588586937812834	0.5879300095697669	0.5588586937812834	0.5714285714285714	endpoint
ENOG410XPRS	0.0	0.07439746353163933	0.2651236659814865	1.016961297338536	0.5073969676320874	0.5751752156223465	0.5073969676320874	0.5751752156223465	0.5714285714285714	endpoint
ENOG410XPRU	0.0	0.5477909772665494	0.5266053470593682	1.2652256653699738	0.6904842623282248	0.6363043797865039	0.6904842623282248	0.6363043797865039	0.7142857142857143	endpoint
ENOG410XPRV	0.0	0.34090493798655574	0.2096932428476722	1.4503095143301423	0.3924280128851963	0.4413306198538015	0.6075719871148038	0.5586693801461985	0.7142857142857143	baseline
ENOG410XPRZ	0.0	0.05179529876364351	0.04220739094401803	1.486323302775723	0.4518690542951199	0.5033273884472278	0.5481309457048801	0.5033273884472278	0.5714285714285714	baseline
ENOG410XPS1	0.0	0.11449300956232923	0.27376969578613103	1.380524233945151	0.4685024400734008	0.4252016812168492	0.5314975599265992	0.5747983187831508	0.7142857142857143	baseline
ENOG410XPS7	0.0	0.1680354162473811	0.19926367959703942	1.1193910782514926	0.5674728030610939	0.5036980536957927	0.5674728030610939	0.5036980536957927	0.5714285714285714	endpoint
ENOG410XPSF	0.0	0.5388201873282555	0.8257590839022306	1.7711528894827953	0.3162652038349405	0.22608765586104032	0.6837347961650595	0.7739123441389597	0.7142857142857143	baseline
ENOG410XPSK	0.0	0.2546215317491494	0.5243315046254272	1.7107446950730911	0.39803400200998407	0.3906164559978085	0.6019659979900159	0.6093835440021915	0.5714285714285714	baseline
ENOG410XPSN	0.0	0.34466836799425454	0.9377806700928976	1.6823911855817721	0.40952829807036656	0.26560034910042485	0.5904717019296335	0.7343996508995752	0.5714285714285714	baseline
ENOG410XPSU	0.0	0.22143595899861604	0.3440381359728154	1.4168178735297257	0.5588173831879149	0.593623833403684	0.5588173831879149	0.593623833403684	0.5714285714285714	endpoint
ENOG410XPT3	0.0	0.5612789337685747	1.0805114920050412	1.2573378401627817	0.6700087817912547	0.64998259089202	0.6700087817912547	0.64998259089202	0.5714285714285714	endpoint
ENOG410XPT6	0.0	0.12030135239425545	0.1123272956428353	1.4529514082797172	0.45920513098992594	0.48926687041999656	0.5407948690100741	0.5107331295800035	0.5714285714285714	baseline
ENOG410XPT8	0.0	0.149645543487817	0.3587850768704451	1.3643430178795086	0.5864711243460639	0.6518752521124213	0.5864711243460639	0.6518752521124213	0.7142857142857143	endpoint
ENOG410XPT9	0.0	0.2900795012875391	0.30975494790511826	0.9342590303973892	0.4464764057719922	0.4037131879718993	0.5535235942280078	0.5962868120281006	0.5714285714285714	baseline
ENOG410XPTB	0.0	0.5343869189855466	1.1679755246914785	1.5554146058201415	0.6958453797719777	0.9253719056680263	0.6958453797719777	0.9253719056680263	0.5714285714285714	endpoint
ENOG410XPTC	0.0	0.5581164483173934	0.7442546276018187	1.2541346642745874	0.3368687624337849	0.3024914800393968	0.6631312375662151	0.6975085199606033	0.8571428571428571	baseline
ENOG410XPTE	0.0	0.7466763262393481	0.6939511743912786	1.3770386422184224	0.26436380063546794	0.3163569786342926	0.7356361993645321	0.6836430213657074	1.0	baseline
ENOG410XPTK	0.0	0.0762972566984385	0.2546622394363997	1.200667871805013	0.49763733658823844	0.512894051204478	0.5023626634117615	0.512894051204478	0.5714285714285714	endpoint
ENOG410XPTV	0.0	0.2683589683429836	0.024934728142008648	1.203417511976256	0.4159765856379	0.46648177939194974	0.5840234143620999	0.5335182206080502	0.5714285714285714	baseline
ENOG410XPU0	0.0	0.07632175402172427	0.08295756970303883	1.2749425823300138	0.5281319333006724	0.5414033555797787	0.5281319333006724	0.5414033555797787	0.5714285714285714	endpoint
ENOG410XPU6	0.0	0.22384989564770638	0.08499092512159122	1.7851044632966042	0.47981877721885546	0.49332545762942515	0.5201812227811445	0.5066745423705749	0.5714285714285714	baseline
ENOG410XPUA	0.0	0.3721629111903799	0.6656572482592438	0.8201335300683791	0.5943464117663861	0.6627200261504501	0.5943464117663861	0.6627200261504501	0.7142857142857143	endpoint
ENOG410XPUE	0.0	0.32380359148877585	0.5929625405443101	1.240345403368905	0.633657756693311	0.6518173585821603	0.633657756693311	0.6518173585821603	0.5714285714285714	endpoint
ENOG410XPUG	0.0	0.9440236464783355	1.026474029114597	1.589814261491024	0.2310605157542856	0.11858864032633988	0.7689394842457145	0.8814113596736601	0.8571428571428571	baseline
ENOG410XPUH	0.0	0.9163114988423879	1.0950261518601978	1.4106913470167317	0.21545021745512447	0.16341909861530374	0.7845497825448755	0.8365809013846963	1.0	baseline
ENOG410XPUJ	0.0	0.026803889583112955	0.34981363396942344	1.726286390434339	0.5270204255157294	0.6516729462616876	0.5270204255157294	0.6516729462616876	0.5714285714285714	baseline
ENOG410XPUQ	0.2857142857142857	1.3983040152142672	1.353309231301455	2.0550055280105126	0.11609424848318624	0.12633661008798205	0.8839057515168137	0.873663389912018	1.0	baseline
ENOG410XPUT	0.0	0.02790032173378928	0.1198472499530404	1.7994432970032777	0.4717140407121425	0.47460132667747296	0.5282859592878575	0.5253986733225271	0.5714285714285714	endpoint
ENOG410XPUU	0.0	0.26334775239683694	0.20820112352700465	1.5695122576134115	0.5309775498326477	0.5650236331244656	0.5309775498326477	0.5650236331244656	0.5714285714285714	endpoint
ENOG410XPUX	0.0	0.2907808280534883	0.3313877162326731	1.3785197846808583	0.4209887296845557	0.3693591296654601	0.5790112703154443	0.6306408703345399	0.7142857142857143	baseline
ENOG410XPUZ	0.0	0.20262857004427534	0.5612924143939546	1.1972442940686767	0.590596337464926	0.563793755694521	0.590596337464926	0.563793755694521	0.5714285714285714	endpoint
ENOG410XPV5	0.0	0.36392096336854085	0.27224485881140703	1.269157328614465	0.6111249962727966	0.5158127141523521	0.6111249962727966	0.5158127141523521	0.5714285714285714	endpoint
ENOG410XPW2	0.0	1.0122540384278826	1.179649465263686	1.5979157569892697	0.18785854251384357	0.0766830046226397	0.8121414574861564	0.9233169953773603	1.0	baseline
ENOG410XPW8	0.0	0.022290114507619547	0.005041330145809336	0.9399293321569002	0.5221755068501187	0.5220584384296908	0.5221755068501187	0.5220584384296908	0.5714285714285714	endpoint
ENOG410XPWC	0.0	0.9415880061950135	1.0501126557060574	1.6260355341639834	0.2099250526247922	0.13306018588220847	0.7900749473752078	0.8669398141177915	1.0	baseline
ENOG410XPWD	0.0	0.28094387695973955	0.17329108808652416	1.4564331602807734	0.5648809192715764	0.4652825002257517	0.5648809192715764	0.5347174997742483	0.5714285714285714	endpoint
ENOG410XPWQ	0.0	0.24807646854563895	0.23359635353988661	1.374900658128008	0.42953126221125837	0.458584493780561	0.5704687377887416	0.541415506219439	0.7142857142857143	baseline
ENOG410XPWS	0.0	0.750455989446075	0.7842075313577049	1.4519991148347033	0.2885528347172827	0.2914789770096212	0.7114471652827172	0.7085210229903788	0.8571428571428571	baseline
ENOG410XPWT	0.0	0.4319002826022224	0.47920873360070293	1.2776030103014016	0.628734134025149	0.6354111025524339	0.628734134025149	0.6354111025524339	0.8571428571428571	endpoint
ENOG410XPWZ	0.0	0.2414579145575449	0.016892688963344876	1.2557861217914528	0.44685014783037025	0.5237768641854466	0.5531498521696298	0.5237768641854466	0.5714285714285714	baseline
ENOG410XPX2	0.0	0.026384517488815335	0.8901373770654086	1.9258838177472275	0.545437294227664	0.7461468101211343	0.545437294227664	0.7461468101211343	0.5714285714285714	endpoint
ENOG410XPXA	0.0	0.3690191273776174	0.4489645591492998	1.2861066535160335	0.5947545740460375	0.6250298528662241	0.5947545740460375	0.6250298528662241	0.8571428571428571	endpoint
ENOG410XPXC	0.0	0.762138015620028	0.911558873287079	1.2589321294493363	0.733097950353712	0.8154416441547576	0.733097950353712	0.8154416441547576	0.8571428571428571	endpoint
ENOG410XPXG	0.0	0.22318059042714156	0.31271962290167826	1.3468834496114868	0.5550733876610695	0.6121502127976699	0.5550733876610695	0.6121502127976699	0.5714285714285714	endpoint
ENOG410XPXH	0.0	0.2513419288076998	0.3761820755895225	1.446819902756387	0.4408753587885858	0.42525081635158263	0.5591246412114141	0.5747491836484173	0.7142857142857143	baseline
ENOG410XPXV	0.0	0.4122290685066095	0.5980912134553587	1.4055579903300763	0.320409510503179	0.34277954147706113	0.679590489496821	0.6572204585229389	0.7142857142857143	baseline
ENOG410XPY1	0.0	0.40422380588542584	0.2677290047079172	1.1888833036152373	0.6088042214646021	0.5671845617849007	0.6088042214646021	0.5671845617849007	0.8571428571428571	endpoint
ENOG410XPY2	0.0	1.0118347855765821	1.0890367394797593	1.5767016765827155	0.19381286706203346	0.11074816509390525	0.8061871329379665	0.8892518349060947	1.0	baseline
ENOG410XPY5	0.0	0.28996362134141085	0.28214473975977383	1.1812547975837908	0.6063589335769165	0.5854052379953246	0.6063589335769165	0.5854052379953246	0.7142857142857143	endpoint
ENOG410XPYJ	0.0	0.3661687901490935	0.3114056794537689	1.5991389800212918	0.6059295556524175	0.5928266822363376	0.6059295556524175	0.5928266822363376	0.8571428571428571	endpoint
ENOG410XPYP	0.0	0.05180831118837887	0.24439614737344276	1.2911314850624822	0.5290731287347394	0.4402710282196215	0.5290731287347394	0.5597289717803785	0.5714285714285714	baseline
ENOG410XPYR	0.0	0.06989123458231249	0.7352338843080112	1.7220918375077392	0.4637281393767597	0.32472205847216457	0.5362718606232403	0.6752779415278354	0.5714285714285714	baseline
ENOG410XPYS	0.0	0.8734230788472945	0.7543890532235187	1.64042660270574	0.2620679209973216	0.34147215900903916	0.7379320790026784	0.6585278409909608	0.8571428571428571	baseline
ENOG410XPYV	0.14285714285714285	0.7410626786992527	0.7191393385566498	2.073207436768654	0.304290457467072	0.30941418579298957	0.695709542532928	0.6905858142070105	0.8571428571428571	baseline
ENOG410XPYX	0.0	0.23394359270771733	0.47921452580141594	0.9750121579485111	0.40952869160543626	0.3597143687144482	0.5904713083945637	0.6402856312855518	0.7142857142857143	baseline
ENOG410XPYZ	0.0	0.03140412699544718	0.04130235298129681	1.4749811301376212	0.49861810933733425	0.5256336157506566	0.5013818906626657	0.5256336157506566	0.5714285714285714	endpoint
ENOG410XPZB	0.0	0.41981033588222527	0.589804343812462	1.105019732165295	0.39656996372384895	0.37531022147132304	0.6034300362761511	0.6246897785286769	0.7142857142857143	baseline
ENOG410XPZP	0.0	0.3483654813046245	0.7526185732636751	1.407155853513999	0.5769886320806369	0.6231990310501597	0.5769886320806369	0.6231990310501597	0.7142857142857143	endpoint
ENOG410XPZR	0.0	0.6098260832959834	0.8843152394737044	1.3224378486335744	0.3097668682150108	0.24118065898123786	0.6902331317849892	0.7588193410187621	0.8571428571428571	baseline
ENOG410XPZX	0.0	0.4097710731936381	0.27904663235709604	1.4855031198044095	0.6372389656863607	0.5845512846164408	0.6372389656863607	0.5845512846164408	0.7142857142857143	endpoint
ENOG410XQ03	0.0	0.527279464439618	1.0118638989593334	1.266951385395457	0.354098225084478	0.24566956311863128	0.645901774915522	0.7543304368813687	0.7142857142857143	baseline
ENOG410XQ05	0.0	0.1698522351036092	0.4805983505346836	1.319551551872966	0.5265852846565127	0.625548868227667	0.5265852846565127	0.625548868227667	0.5714285714285714	endpoint
ENOG410XQ0E	0.0	0.5496270295507725	0.4321112878569132	1.700521720525788	0.32356929702555115	0.3577142588030124	0.6764307029744488	0.6422857411969876	0.7142857142857143	baseline
ENOG410XQ0N	0.0	0.41707652289725294	0.784330867550819	1.3580619528138114	0.6679112078708418	0.7624803669109995	0.6679112078708418	0.7624803669109995	0.5714285714285714	endpoint
ENOG410XQ17	0.0	0.8737762441464678	0.9766694447057521	1.4713221648222765	0.25747679178025434	0.19665868431725908	0.7425232082197457	0.8033413156827409	0.8571428571428571	baseline
ENOG410XQ1F	0.0	0.0419642556715516	0.006096190394765182	1.2941925477139398	0.5041169059305328	0.5178713728582235	0.5041169059305328	0.5178713728582235	0.5714285714285714	endpoint
ENOG410XQ1G	0.0	0.6119895956062565	1.1302326134129705	1.7381337980151004	0.7082602671222753	0.8952597061990906	0.7082602671222753	0.8952597061990906	0.7142857142857143	endpoint
ENOG410XQ1K	0.0	0.8067009334700213	1.1819958947372162	1.6061079483923675	0.7409258929440884	0.8766413271612666	0.7409258929440884	0.8766413271612666	0.8571428571428571	endpoint
ENOG410XQ1X	0.0	0.5008898172972839	0.7285371650784793	1.2204888395334437	0.66653282196612	0.6835119822570586	0.66653282196612	0.6835119822570586	0.8571428571428571	endpoint
ENOG410XQ20	0.0	0.2577167196627552	0.42269541667260474	1.2737209278789998	0.5691138310693374	0.612012325495302	0.5691138310693374	0.612012325495302	0.5714285714285714	endpoint
ENOG410XQ21	0.0	0.18312156521128667	0.006348233747764902	1.2752615351780923	0.5792623782501823	0.4728528519639574	0.5792623782501823	0.5271471480360426	0.5714285714285714	endpoint
ENOG410XQ2C	0.0	0.617993762907752	0.9342151925776095	1.403016932300108	0.33563848482895425	0.2840506592649379	0.6643615151710458	0.7159493407350621	0.7142857142857143	baseline
ENOG410XQ2F	0.0	0.6337466219246897	0.9659276826695467	1.3874737078243269	0.6640634775602354	0.7269237435430154	0.6640634775602354	0.7269237435430154	0.8571428571428571	endpoint
ENOG410XQ2Q	0.0	0.03305165651200267	0.1620060170185944	1.307662873463308	0.5285546495049394	0.4608273183152522	0.5285546495049394	0.5391726816847477	0.5714285714285714	baseline
ENOG410XQ2S	0.0	0.8198239247990688	0.8919137174441464	1.596666884162646	0.7387695417497401	0.7382329645068415	0.7387695417497401	0.7382329645068415	0.8571428571428571	endpoint
ENOG410XQ2T	0.0	0.874370612345433	1.038442508280901	1.5834897420741583	0.7658445161357663	0.8434806453105613	0.7658445161357663	0.8434806453105613	0.8571428571428571	endpoint
ENOG410XQ2W	0.0	0.07743999804193973	0.09748928422084246	1.4706415525175196	0.4828338264396567	0.486803804295784	0.5171661735603432	0.5131961957042159	0.5714285714285714	baseline
ENOG410XQ39	0.0	0.9468947527033068	1.2944457813500847	1.7656913265141203	0.7582514360925946	0.7637204221536573	0.7582514360925946	0.7637204221536573	0.8571428571428571	endpoint
ENOG410XQ3B	0.0	0.04066960270012402	0.2844445651653786	1.0995970990306425	0.5459963191754441	0.603137294137888	0.5459963191754441	0.603137294137888	0.5714285714285714	baseline
ENOG410XQ3U	0.0	0.20430125878809793	0.25971322379927037	1.536282959165089	0.5596590211927853	0.5522178125733133	0.5596590211927853	0.5522178125733133	0.7142857142857143	endpoint
ENOG410XQ43	0.0	0.8471513357817548	1.0809018513538067	1.326591878917214	0.7674674683768451	0.8233251601083486	0.7674674683768451	0.8233251601083486	1.0	endpoint
ENOG410XQ4C	0.0	0.7570593455325334	0.6839223301251705	1.3870059439081182	0.2756134298203718	0.2845383415603104	0.7243865701796282	0.7154616584396896	0.8571428571428571	baseline
ENOG410XQ4M	0.0	1.158552369807273	1.1252245158092435	1.8628831066294607	0.8287654965098682	0.8571546699662189	0.8287654965098682	0.8571546699662189	0.8571428571428571	endpoint
ENOG410XQ4N	0.0	0.35212517441638436	0.27367346289572697	1.3728981087748109	0.6123912693969208	0.5276032116603354	0.6123912693969208	0.5276032116603354	0.8571428571428571	endpoint
ENOG410XQ4Q	0.0	0.5030225021449733	0.4416394789832601	1.2578481597245	0.6559709088014999	0.6164410666987027	0.6559709088014999	0.6164410666987027	0.5714285714285714	endpoint
ENOG410XQ4R	0.0	0.6036054742521928	0.6819113118857183	1.4681828706298574	0.32932672664903834	0.321268996638378	0.6706732733509617	0.6787310033616221	0.7142857142857143	baseline
ENOG410XQ4S	0.0	0.25777036996931635	0.3263597952374793	1.2073597870135455	0.6123141816715484	0.5975925482190074	0.6123141816715484	0.5975925482190074	0.7142857142857143	endpoint
ENOG410XQ4U	0.0	0.1824188850682393	0.5334586240903043	1.3840681367000809	0.5641260022742861	0.5810215827191716	0.5641260022742861	0.5810215827191716	0.7142857142857143	endpoint
ENOG410XQ4W	0.0	0.22554585988468714	0.2630523705480985	1.8583957755180194	0.5457630504489728	0.5801426724738338	0.5457630504489728	0.5801426724738338	0.5714285714285714	endpoint
ENOG410XQ4X	0.0	0.9198781745061853	1.2471108924830765	1.6296009809908436	0.7597752144713267	0.894162601062294	0.7597752144713267	0.894162601062294	0.8571428571428571	endpoint
ENOG410XQ51	0.0	0.8928053223453069	1.2614213476810932	1.8114854117391397	0.7707528020851591	0.9366835271183158	0.7707528020851591	0.9366835271183158	0.7142857142857143	endpoint
ENOG410XQ57	0.0	0.5444699273156071	1.0421795427917009	1.392996595579867	0.33047096532870046	0.19181618330949718	0.6695290346712995	0.8081838166905029	0.5714285714285714	baseline
ENOG410XQ58	0.0	0.1644407781954976	0.31721072506182724	1.0989902453221132	0.5810118262217043	0.6394161322859587	0.5810118262217043	0.6394161322859587	0.5714285714285714	endpoint
ENOG410XQ5H	0.0	0.18873453812596422	0.3734405521290523	1.7314041418418948	0.5659501161784585	0.4047016011003882	0.5659501161784585	0.5952983988996118	0.5714285714285714	endpoint
ENOG410XQ5I	0.0	0.2279008822698618	0.2673071789986416	0.9712045675309559	0.4502415851516215	0.4507035800007398	0.5497584148483785	0.5492964199992603	0.5714285714285714	baseline
ENOG410XQ5J	0.0	0.037816279861454145	0.07979249584895642	1.1433989523574417	0.5220933137863735	0.529629449763125	0.5220933137863735	0.529629449763125	0.5714285714285714	endpoint
ENOG410XQ5Q	0.0	0.12905649705213454	0.7723425647992841	1.2503424388700264	0.5216729907812302	0.6498083144197506	0.5216729907812302	0.6498083144197506	0.5714285714285714	endpoint
ENOG410XQ5V	0.0	0.6500087330807235	0.9097241725936177	1.5048595343963336	0.342879269170488	0.2208186273024449	0.657120730829512	0.7791813726975552	0.8571428571428571	baseline
ENOG410XQ63	0.0	0.48521165805725514	0.84820704502709	1.2064581582045921	0.631120753561509	0.6551263663158001	0.631120753561509	0.6551263663158001	0.7142857142857143	endpoint
ENOG410XQ6D	0.0	0.03667222058527354	0.41834977223922687	1.6249676948179614	0.5489921385803284	0.39232295334176837	0.5489921385803284	0.6076770466582316	0.5714285714285714	baseline
ENOG410XQ6F	0.0	0.371080409513104	0.9634871863104729	1.3664883387666675	0.6293556894449974	0.6305569013660935	0.6293556894449974	0.6305569013660935	0.5714285714285714	endpoint
ENOG410XQ6Z	0.0	0.8236932552007687	1.033126349977499	1.3768077002307284	0.2738417559946038	0.2762236057975103	0.7261582440053962	0.7237763942024897	0.8571428571428571	baseline
ENOG410XQ7E	0.0	0.6270772008608121	0.6116585854269472	1.3842728482226205	0.3336022996310727	0.2914951913363004	0.6663977003689273	0.7085048086636996	0.8571428571428571	baseline
ENOG410XQ7F	0.0	0.4946079022571896	0.5909337733317048	1.3472061143776606	0.342280325849512	0.3573177178454891	0.657719674150488	0.6426822821545108	0.8571428571428571	baseline
ENOG410XQ7R	0.0	0.7922721806610742	0.8542426019474889	1.2977942192109895	0.7408907900420927	0.7452236449034069	0.7408907900420927	0.7452236449034069	1.0	endpoint
ENOG410XQ7Y	0.0	0.4150977572882665	0.7169441239014765	1.3240862545056105	0.6053519234673141	0.5896314803033256	0.6053519234673141	0.5896314803033256	0.7142857142857143	endpoint
ENOG410XQ84	0.0	0.8956124840868096	0.9600117572986376	1.3207858593975226	0.7858108811005228	0.8184801665981433	0.7858108811005228	0.8184801665981433	0.8571428571428571	endpoint
ENOG410XQ88	0.0	0.4925302580535861	0.4350216817063478	1.7245289932022083	0.6325879112558483	0.6858616048332103	0.6325879112558483	0.6858616048332103	0.5714285714285714	endpoint
ENOG410XQ8A	0.0	0.03310181657829373	0.1729440874470927	1.4438588397698155	0.4941158261235796	0.46780707855221576	0.5058841738764204	0.5321929214477843	0.7142857142857143	endpoint
ENOG410XQ8K	0.0	0.6754562383330509	0.9636639473754891	1.4606156807009856	0.7218911220105885	0.7574794270207436	0.7218911220105885	0.7574794270207436	0.8571428571428571	endpoint
ENOG410XQ8P	0.0	0.30044769725193154	0.5015945186855708	1.3895557193070416	0.40539683383384123	0.37518991738874885	0.5946031661661588	0.6248100826112511	0.7142857142857143	baseline
ENOG410XQ8S	0.0	0.0011526053273879708	0.18602848330597715	1.3558163724585077	0.49784762454952886	0.534777594229517	0.5021523754504711	0.534777594229517	0.5714285714285714	endpoint
ENOG410XQ93	0.0	0.7986772029374664	1.2303133985591923	1.466630775234657	0.2930647606693804	0.17032581625819038	0.7069352393306196	0.8296741837418096	0.7142857142857143	baseline
ENOG410XQ98	0.0	0.5619916561281241	1.0755619535831666	1.3812136896054972	0.3251222886925208	0.29208075929811456	0.6748777113074792	0.7079192407018855	0.7142857142857143	baseline
ENOG410XQ9B	0.0	0.5201427448645111	0.6250534623800272	1.2879179948761517	0.6450000342679045	0.6967128022077015	0.6450000342679045	0.6967128022077015	0.7142857142857143	endpoint
ENOG410XQ9D	0.0	0.6782390520447441	0.5544936819758446	1.3356914841814125	0.7378973777540452	0.7286208431523679	0.7378973777540452	0.7286208431523679	0.8571428571428571	endpoint
ENOG410XQ9F	0.0	0.05954699567064254	0.301790632260564	1.3034552151032222	0.5030765171895135	0.4205245160276745	0.5030765171895135	0.5794754839723255	0.5714285714285714	baseline
ENOG410XQ9I	0.0	0.3474399386978114	0.5533147084703004	1.4849909326254433	0.5800496902156784	0.6224155769381128	0.5800496902156784	0.6224155769381128	0.7142857142857143	endpoint
ENOG410XQ9J	0.0	0.7578528452897382	1.2668096365387476	1.4745554621065522	0.2860421664903381	0.2170399843041459	0.7139578335096619	0.782960015695854	0.8571428571428571	baseline
ENOG410XQ9K	0.0	0.3368456775459413	0.14087702286517725	1.7770578332526632	0.36576709415170966	0.46756236753933483	0.6342329058482903	0.5324376324606652	0.7142857142857143	baseline
ENOG410XQ9Q	0.0	0.16602532548229534	0.6508102276392405	1.279478067830141	0.4383930788315353	0.3480850168255993	0.5616069211684647	0.6519149831744007	0.5714285714285714	baseline
ENOG410XQ9V	0.0	0.14300069125742312	0.34372576167291313	1.1832587877420357	0.5185160359964994	0.5757939724535268	0.5185160359964994	0.5757939724535268	0.7142857142857143	endpoint
ENOG410XQA5	0.0	0.3212563752236622	0.6907447569892025	1.9558268737315418	0.558213288229888	0.7036168451323133	0.558213288229888	0.7036168451323133	0.5714285714285714	endpoint
ENOG410XQAT	0.0	0.22114395768999945	0.15619833544171707	1.1927181443633512	0.46606855964929156	0.4738131519300569	0.5339314403507085	0.5261868480699431	0.5714285714285714	baseline
ENOG410XQAX	0.0	0.20648825419986552	0.17260833121770652	1.5032523820495245	0.5355304685511311	0.4116762570044058	0.5355304685511311	0.5883237429955942	0.5714285714285714	endpoint
ENOG410XQB1	0.0	0.37077190493330414	0.7332799252088528	1.4045111393014666	0.609565005327272	0.7097548378880333	0.609565005327272	0.7097548378880333	0.5714285714285714	endpoint
ENOG410XQBA	0.0	0.13897194571055171	0.20485348553373983	0.7431499800728313	0.46664788656619544	0.45117045335216804	0.5333521134338046	0.5488295466478319	0.7142857142857143	baseline
ENOG410XQBH	0.0	1.141788411846746	1.3549958816534466	1.9528940057783852	0.8237575533767111	0.829965445343723	0.8237575533767111	0.829965445343723	1.0	endpoint
ENOG410XQBJ	0.0	0.8619707694825965	0.8441562783243128	1.5212466486603313	0.7561521889402305	0.7489840179381557	0.7561521889402305	0.7489840179381557	0.8571428571428571	endpoint
ENOG410XQBQ	0.0	0.32430402878629266	0.6357750315602846	1.476284097559725	0.6064615483454839	0.6828788705419901	0.6064615483454839	0.6828788705419901	0.5714285714285714	endpoint
ENOG410XQBS	0.0	0.021966967353607807	0.030148672661758268	1.0758708575843319	0.5072109448176253	0.5088290263106624	0.5072109448176253	0.5088290263106624	0.5714285714285714	endpoint
ENOG410XQBW	0.0	0.02762451995281458	0.5912520140619391	1.5419322781712097	0.5173037510660213	0.6738697244599055	0.5173037510660213	0.6738697244599055	0.5714285714285714	endpoint
ENOG410XQC5	0.0	0.337566992286341	0.7284310841647258	1.4343533644075548	0.5880113399034702	0.6540950367497907	0.5880113399034702	0.6540950367497907	0.7142857142857143	endpoint
ENOG410XQCC	0.0	0.6365999601475204	0.9213680055241388	1.4896246971840832	0.6975709625301932	0.7285919589993078	0.6975709625301932	0.7285919589993078	0.7142857142857143	endpoint
ENOG410XQCP	0.0	0.5997354409830533	0.4841116025733004	1.658554040456725	0.6401903300994772	0.6263701959770274	0.6401903300994772	0.6263701959770274	0.8571428571428571	endpoint
ENOG410XQCX	0.0	0.8473643890944543	0.8078317911488917	1.6005058030034904	0.7272332028775158	0.7564232458897722	0.7272332028775158	0.7564232458897722	0.8571428571428571	endpoint
ENOG410XQD0	0.0	0.18299139439612142	0.2682619412644064	1.3491696029534568	0.47849965844188036	0.4260901798240658	0.5215003415581196	0.5739098201759343	0.5714285714285714	baseline
ENOG410XQD1	0.0	0.48820457249266	0.38386489341070956	1.6738102128235417	0.6576767457902406	0.6644742565310876	0.6576767457902406	0.6644742565310876	0.8571428571428571	endpoint
ENOG410XQD4	0.0	0.006332609567179661	0.11519607311899036	0.8874238798729036	0.4990096590902419	0.5393879895762344	0.500990340909758	0.5393879895762344	0.5714285714285714	baseline
ENOG410XQD7	0.0	0.8752555068604868	0.7181063688892907	1.8939093613148488	0.26486756891171187	0.25019659784452586	0.7351324310882881	0.7498034021554741	1.0	baseline
ENOG410XQDB	0.0	0.3171172213506138	0.19196641890595745	1.5438190389069937	0.39177747082974385	0.4050316338535182	0.6082225291702561	0.5949683661464817	0.7142857142857143	baseline
ENOG410XQDJ	0.0	0.22562487461425465	0.4665376742985211	1.3443353248277712	0.5438044532889219	0.6222617645867682	0.5438044532889219	0.6222617645867682	0.7142857142857143	endpoint
ENOG410XQDU	0.0	0.04181628073843239	0.12284835128405691	1.2598975045282776	0.515886096921599	0.4287562661447459	0.515886096921599	0.5712437338552541	0.5714285714285714	endpoint
ENOG410XQE0	0.0	0.7672350870429662	1.1000941417656351	1.619890119131177	0.3180161859481423	0.1670731396271906	0.6819838140518577	0.8329268603728094	0.7142857142857143	baseline
ENOG410XQE2	0.0	1.258492460347291	1.3039930729382365	1.7664228040954708	0.8738672685909545	0.9225867356920278	0.8738672685909545	0.9225867356920278	1.0	endpoint
ENOG410XQE6	0.0	0.6206566398751858	1.1864408219665756	1.6757745239120378	0.3680650854432074	0.19244724323865414	0.6319349145567926	0.8075527567613459	0.7142857142857143	baseline
ENOG410XQE9	0.0	0.29859779231554384	0.2619073647560198	1.5323535364377152	0.5928402315229074	0.42898290160150443	0.5928402315229074	0.5710170983984956	0.5714285714285714	endpoint
ENOG410XQEA	0.0	0.5077468556043544	0.6776376671185449	1.4579669456914037	0.303053217954901	0.23832599269907334	0.696946782045099	0.7616740073009267	0.7142857142857143	baseline
ENOG410XQEC	0.0	0.6410500424402726	1.1906301221938418	1.4165496994704079	0.679979472333339	0.8416530474254912	0.679979472333339	0.8416530474254912	0.8571428571428571	endpoint
ENOG410XQED	0.0	0.24554970043345323	0.8509587922096574	0.9985005004120427	0.4097576984643122	0.30886735552404504	0.5902423015356878	0.6911326444759549	0.5714285714285714	baseline
ENOG410XQEH	0.0	0.346097024060537	0.21864311104691225	1.1613901347527489	0.3803230677942368	0.4473695207923936	0.6196769322057631	0.5526304792076064	0.7142857142857143	baseline
ENOG410XQEK	0.0	0.8510479389962812	1.1496858687323779	1.5472399608585337	0.2742051734333381	0.24442116833297164	0.7257948265666618	0.7555788316670283	0.8571428571428571	baseline
ENOG410XQEM	0.0	0.8395450470001382	0.8389755134695743	1.398425979409341	0.2538320046148219	0.3170590075730614	0.7461679953851781	0.6829409924269386	1.0	baseline
ENOG410XQEV	0.0	0.5997458640287051	0.592060851932527	1.5057783503810909	0.7048689338211706	0.5689012255596458	0.7048689338211706	0.5689012255596458	0.7142857142857143	endpoint
ENOG410XQF5	0.14285714285714285	0.9894060191924982	0.612906195234901	2.006390817451951	0.2455869460164782	0.289745797652148	0.7544130539835218	0.710254202347852	1.0	baseline
ENOG410XQF9	0.0	0.9373538193639759	1.1791546912917419	1.6239545620241533	0.2472816621341858	0.21790680416118285	0.7527183378658142	0.7820931958388171	0.8571428571428571	baseline
ENOG410XQFC	0.0	0.9146465317873221	1.4123310229606778	1.6890203697349122	0.24995503675534955	0.11381871346321151	0.7500449632446504	0.8861812865367885	0.7142857142857143	baseline
ENOG410XQFG	0.0	0.13301593802942238	0.37026424011922104	1.3131852245853477	0.44107854355296283	0.5631100534426233	0.5589214564470372	0.5631100534426233	0.5714285714285714	baseline
ENOG410XQFW	0.0	0.3972645574048269	0.14649769456935102	1.287413593191166	0.637582305923534	0.5212087335939877	0.637582305923534	0.5212087335939877	0.5714285714285714	endpoint
ENOG410XQG1	0.0	0.6606022497276739	0.39909393088500994	1.9189053739212325	0.6848350643141387	0.672975667691392	0.6848350643141387	0.672975667691392	0.8571428571428571	endpoint
ENOG410XQG7	0.14285714285714285	0.8420922573235011	1.2379617796105653	2.019512898524864	0.28225646329912824	0.09336627712901575	0.7177435367008718	0.9066337228709842	0.7142857142857143	baseline
ENOG410XQGC	0.0	0.5962274261732274	1.1392877761738287	1.6596584073277776	0.6758728531588687	0.6699438068321572	0.6758728531588687	0.6699438068321572	0.7142857142857143	endpoint
ENOG410XQGH	0.0	1.056737156002116	1.4042116473223514	1.609985299089896	0.8145498277565116	0.9462877723809168	0.8145498277565116	0.9462877723809168	0.8571428571428571	endpoint
ENOG410XQGX	0.0	0.02836754065195741	0.0013069643069000731	0.9281134070748189	0.5273256514235211	0.4713723188027844	0.5273256514235211	0.5286276811972156	0.7142857142857143	endpoint
ENOG410XQH2	0.0	0.33076737717473126	0.2544083887298314	1.1445291441416692	0.5905121861206476	0.6055743727765813	0.5905121861206476	0.6055743727765813	0.8571428571428571	endpoint
ENOG410XQH6	0.0	0.25984140104780024	0.8576557526345783	1.7352392212879642	0.552707318678937	0.7136973141809803	0.552707318678937	0.7136973141809803	0.5714285714285714	endpoint
ENOG410XQH8	0.0	0.3329714937466031	0.31619534069582017	1.0602522641398866	0.5999901221689147	0.579457096049099	0.5999901221689147	0.579457096049099	0.5714285714285714	endpoint
ENOG410XQHH	0.0	0.34791952849989577	0.19159705946668806	1.4453932645527336	0.6509899582949777	0.45482441635619364	0.6509899582949777	0.5451755836438064	0.5714285714285714	endpoint
ENOG410XQHQ	0.0	0.43864229884937905	0.7864251425544779	1.3767578068428787	0.6095060030930878	0.7288571106490487	0.6095060030930878	0.7288571106490487	0.8571428571428571	endpoint
ENOG410XQHT	0.0	0.33638210627395687	0.5305996759003867	1.5078996132282378	0.39379139042950456	0.35505334523847554	0.6062086095704955	0.6449466547615245	0.5714285714285714	baseline
ENOG410XQHZ	0.0	0.13873076022028694	0.03838235444672515	1.2415426221140948	0.4574212861894213	0.4799785588326719	0.5425787138105787	0.5200214411673281	0.5714285714285714	baseline
ENOG410XQI3	0.0	0.1906407028398101	0.8426822884663574	1.1502917411828641	0.5596597049408818	0.7101968190584456	0.5596597049408818	0.7101968190584456	0.5714285714285714	endpoint
ENOG410XQI4	0.0	0.006234433225036394	0.35856304801328975	1.6057993379647357	0.5037149056132698	0.6267632001687377	0.5037149056132698	0.6267632001687377	0.5714285714285714	baseline
ENOG410XQI8	0.0	0.43366430919718973	0.36487730683050934	1.8538314921279047	0.4118127343182703	0.4148464832075458	0.5881872656817297	0.5851535167924542	0.7142857142857143	baseline
ENOG410XQIJ	0.0	0.22883407841980705	0.7164169425782013	1.8312929588485367	0.580612672821993	0.7168323246450011	0.580612672821993	0.7168323246450011	0.5714285714285714	endpoint
ENOG410XQIS	0.0	1.0032919200880668	1.0028396673236815	1.3631896096172937	0.1944859392244142	0.1456738136890381	0.8055140607755857	0.8543261863109619	1.0	baseline
ENOG410XQJQ	0.0	0.07135765393799727	0.27708624782765257	1.8161507326670387	0.48435782134845123	0.566032981639298	0.5156421786515488	0.566032981639298	0.5714285714285714	baseline
ENOG410XQJV	0.0	0.34560816650684256	0.40181231839280407	1.5269886536370252	0.5908007322696259	0.6739506513670118	0.5908007322696259	0.6739506513670118	0.7142857142857143	endpoint
ENOG410XQK0	0.0	0.14779596121296096	0.11997778203536073	1.4620929255183241	0.5339479677958127	0.49053682859237324	0.5339479677958127	0.5094631714076268	0.5714285714285714	endpoint
ENOG410XQK3	0.0	0.08180194051227112	0.02283721713381286	1.254626263024675	0.5340757046227028	0.4668299600316945	0.5340757046227028	0.5331700399683055	0.5714285714285714	endpoint
ENOG410XQK7	0.0	0.15575724943295727	0.27205086146971336	1.673529632204501	0.5260725003573407	0.388316021333791	0.5260725003573407	0.6116839786662089	0.5714285714285714	endpoint
ENOG410XQKC	0.0	0.12298408101895861	0.04197387611867766	1.4904659090025993	0.49842363862124345	0.5359429463097233	0.5015763613787565	0.5359429463097233	0.5714285714285714	baseline
ENOG410XQKS	0.0	1.1677262290204402	1.3287026510071722	1.6265623134920915	0.8464611645420871	0.8934522216444861	0.8464611645420871	0.8934522216444861	1.0	endpoint
ENOG410XQKZ	0.0	0.031302116767675504	0.2705157748652714	1.3178408311148158	0.48223277733484693	0.4262388965908578	0.5177672226651531	0.5737611034091422	0.5714285714285714	baseline
ENOG410XQM1	0.0	0.21254946525142662	0.0040402028944393825	1.4930591510040085	0.5513228833479044	0.5122501102774888	0.5513228833479044	0.5122501102774888	0.5714285714285714	endpoint
ENOG410XQM3	0.0	0.17045803943585916	0.16907307704590402	1.3471890886593707	0.44665184640381506	0.4610328618340759	0.5533481535961849	0.5389671381659241	0.5714285714285714	baseline
ENOG410XQMH	0.0	1.0298697145750362	1.1248590714876443	1.6969041501685609	0.8110909790417231	0.8239621137038188	0.8110909790417231	0.8239621137038188	1.0	endpoint
ENOG410XQMS	0.0	0.8553683605550741	1.2446824342929232	1.4757326837580402	0.7831992413466062	0.9078200558335981	0.7831992413466062	0.9078200558335981	0.8571428571428571	endpoint
ENOG410XQMY	0.0	0.08164838777533019	0.18891986166289815	1.4036143549821818	0.5263029750978825	0.5357700538090876	0.5263029750978825	0.5357700538090876	0.5714285714285714	endpoint
ENOG410XQN2	0.0	0.5084664758838194	1.013613457238626	1.2622440037541303	0.683687590459889	0.7930146322627261	0.683687590459889	0.7930146322627261	0.7142857142857143	endpoint
ENOG410XQN3	0.0	0.6453911031737641	0.7316869407272079	1.0340334885903966	0.6751018119594832	0.7209873926585154	0.6751018119594832	0.7209873926585154	1.0	endpoint
ENOG410XQN7	0.0	0.345920261915274	0.781729315059284	1.2269455549282968	0.5907005927030083	0.6003856309204976	0.5907005927030083	0.6003856309204976	0.5714285714285714	endpoint
ENOG410XQNE	0.0	0.36298848113376103	0.6637257157385544	0.9046816905533265	0.6052005598162643	0.605910518354307	0.6052005598162643	0.605910518354307	0.7142857142857143	endpoint
ENOG410XQNF	0.0	0.18163348782344327	0.24963403808977566	1.3952168881763092	0.4295919352684005	0.429182356799111	0.5704080647315994	0.570817643200889	0.5714285714285714	baseline
ENOG410XQNQ	0.0	0.10625649251266302	0.21517188967310064	1.2336059205155518	0.5251719117884049	0.5063387696395159	0.5251719117884049	0.5063387696395159	0.5714285714285714	endpoint
ENOG410XQNW	0.0	0.01656283537694403	0.6767552759266656	1.4694883562425014	0.5048325526787535	0.675328660721784	0.5048325526787535	0.675328660721784	0.5714285714285714	endpoint
ENOG410XQNY	0.0	0.6539188208184454	1.2053308990248897	1.6430582155951823	0.3120268308623283	0.19167055255377335	0.6879731691376717	0.8083294474462266	0.7142857142857143	baseline
ENOG410XQP2	0.0	0.6495385985792552	0.883934220191947	1.4574314994617221	0.6948886237604986	0.8336496516157835	0.6948886237604986	0.8336496516157835	0.8571428571428571	endpoint
ENOG410XQP6	0.0	0.2706075573487436	0.2202070042136997	1.3092628825287003	0.5909185303538814	0.5071745837997677	0.5909185303538814	0.5071745837997677	0.5714285714285714	endpoint
ENOG410XQPI	0.0	0.4938691066637234	0.5982822343846658	1.547687533883963	0.3229053652748247	0.278223625604707	0.6770946347251753	0.721776374395293	0.7142857142857143	baseline
ENOG410XQPN	0.0	0.32851561812465596	0.6104119918942467	1.4164613843433724	0.5928959404294237	0.6401976303956148	0.5928959404294237	0.6401976303956148	0.7142857142857143	endpoint
ENOG410XQPP	0.0	0.007710484082727961	0.12110353885673891	0.8105785532097973	0.5147431498466802	0.5415062031023861	0.5147431498466802	0.5415062031023861	0.5714285714285714	endpoint
ENOG410XQPQ	0.0	0.1533645369050827	0.02304593242289406	0.9848282258331319	0.5597003794108998	0.5051220444692356	0.5597003794108998	0.5051220444692356	0.5714285714285714	endpoint
ENOG410XQPS	0.0	0.26705789158036136	0.6048330835708975	1.5327085398145965	0.4127077223662985	0.3702203630793569	0.5872922776337015	0.6297796369206431	0.7142857142857143	baseline
ENOG410XQPU	0.0	0.26929144230417773	0.6765109388475875	1.8546968392439183	0.6334074868234534	0.7644961383412131	0.6334074868234534	0.7644961383412131	0.7142857142857143	endpoint
ENOG410XQPV	0.0	1.156099180541728	1.2883377174533066	1.5605405284289966	0.15102886032058624	0.07749279130959477	0.8489711396794137	0.9225072086904053	1.0	baseline
ENOG410XQQ4	0.0	0.155207334904329	0.2678646558575318	0.5811714236222071	0.573685377737412	0.6208648553927005	0.573685377737412	0.6208648553927005	0.7142857142857143	endpoint
ENOG410XQQ7	0.0	0.9095800115132624	1.2202221539149454	1.3487703728106781	0.7601355753182849	0.8654974700551497	0.7601355753182849	0.8654974700551497	0.8571428571428571	endpoint
ENOG410XQQI	0.0	0.47952715632338594	0.34795270210823664	1.5773630400441028	0.35391090887429133	0.4128617486101478	0.6460890911257087	0.5871382513898522	0.7142857142857143	baseline
ENOG410XQQP	0.0	0.15213348869805085	0.48090051596649513	1.314591332752344	0.4091043504304121	0.37508164695212276	0.5908956495695878	0.6249183530478772	0.5714285714285714	baseline
ENOG410XQRC	0.0	0.39708765050158495	0.7882305949044461	1.1502964781468856	0.602359897613148	0.6974671069767374	0.602359897613148	0.6974671069767374	0.7142857142857143	endpoint
ENOG410XQRE	0.0	0.2559480596730538	0.19789762250401072	1.3860395311976643	0.5979097971522788	0.5832513881289191	0.5979097971522788	0.5832513881289191	0.5714285714285714	endpoint
ENOG410XQRJ	0.0	0.04586031880501419	0.3154288205545974	1.2326203816561052	0.450694427747262	0.5945795659199198	0.549305572252738	0.5945795659199198	0.5714285714285714	baseline
ENOG410XQRQ	0.0	0.4106434481812707	0.49551962622268175	1.3842619728283314	0.35512598597018336	0.3338763794879486	0.6448740140298166	0.6661236205120513	0.5714285714285714	baseline
ENOG410XQRS	0.0	0.4488225798279983	0.5444227812260503	1.239888705053317	0.6351504587332649	0.6576988000337394	0.6351504587332649	0.6576988000337394	0.5714285714285714	endpoint
ENOG410XQRU	0.0	0.03942296074937977	0.7437016013907025	1.2077988576010712	0.5338285228052261	0.60316886170594	0.5338285228052261	0.60316886170594	0.5714285714285714	endpoint
ENOG410XQRW	0.0	0.6307306076926545	1.1122446563637627	1.8006221554094592	0.2962904298248847	0.1038428430298632	0.7037095701751153	0.8961571569701368	0.5714285714285714	baseline
ENOG410XQS8	0.0	0.39843313758883453	0.5556759864949334	1.3333759940650678	0.37831974374066907	0.33585761455374014	0.6216802562593309	0.6641423854462598	0.7142857142857143	baseline
ENOG410XQSA	0.0	0.5634310748258547	0.6714320933197541	1.2034463925776557	0.6678979847006643	0.670389421731565	0.6678979847006643	0.670389421731565	0.7142857142857143	endpoint
ENOG410XQSG	0.0	0.8020992499911015	0.9684349290734293	1.3377650881556524	0.7372556774944987	0.73959526020376	0.7372556774944987	0.73959526020376	0.8571428571428571	endpoint
ENOG410XQSJ	0.0	0.5242677820504937	0.546436521796956	1.0861574227392956	0.32839461397013026	0.3728539200361	0.6716053860298697	0.6271460799638999	0.8571428571428571	baseline
ENOG410XQSR	0.0	0.15262742351324451	0.37464473673415244	1.2657237976818485	0.46706232777759865	0.42561021529256565	0.5329376722224013	0.5743897847074344	0.5714285714285714	baseline
ENOG410XQST	0.0	0.7817143715985997	0.7542037558668985	1.4123297245757502	0.7230718991444915	0.7528770900726733	0.7230718991444915	0.7528770900726733	1.0	endpoint
ENOG410XQSV	0.0	0.8489165871959957	1.256494957922879	1.6477445046080472	0.7696245831997677	0.8984041924010844	0.7696245831997677	0.8984041924010844	0.8571428571428571	endpoint
ENOG410XQSZ	0.0	0.37587277559040555	0.3994408757660379	1.3039505616892904	0.3985926974175743	0.3338164600475315	0.6014073025824257	0.6661835399524685	0.7142857142857143	baseline
ENOG410XQT1	0.14285714285714285	0.31685631497889116	0.016744733765776728	2.1134700811026246	0.5729396947217297	0.5059240250414819	0.5729396947217297	0.5059240250414819	0.5714285714285714	endpoint
ENOG410XQTC	0.0	0.4502627597468827	0.6679882902234866	1.488843065523928	0.3757130298569059	0.32413301334767003	0.6242869701430941	0.6758669866523299	0.5714285714285714	baseline
ENOG410XQTD	0.0	0.20592521974971437	0.17297932947662936	1.3530710085894444	0.4554199341718676	0.47266958422197314	0.5445800658281323	0.5273304157780269	0.5714285714285714	baseline
ENOG410XQTE	0.0	0.7408322802913218	1.1351741245172773	1.4495692616976839	0.7217128995364603	0.8205317945411826	0.7217128995364603	0.8205317945411826	0.8571428571428571	endpoint
ENOG410XQTH	0.14285714285714285	1.529222398334522	1.4258830780735596	2.381497986430114	0.9332228876572416	0.9157968885435379	0.9332228876572416	0.9157968885435379	1.0	endpoint
ENOG410XQTW	0.0	0.7481809499970621	0.9516671428076479	1.4063735628058533	0.251124284010061	0.14426594774460597	0.7488757159899391	0.855734052255394	0.8571428571428571	baseline
ENOG410XQTX	0.0	0.5853789971553714	1.0558881038220442	1.5061159067879097	0.3335415591021626	0.20441122753077204	0.6664584408978373	0.795588772469228	0.7142857142857143	baseline
ENOG410XQUC	0.0	0.4307446613818017	0.9924557331342329	1.1748606543651847	0.6447549696904611	0.7811933092307396	0.6447549696904611	0.7811933092307396	0.7142857142857143	endpoint
ENOG410XQUD	0.0	0.07533682650649316	0.2541551176359114	1.1558697257779653	0.5551296692459352	0.5581619191148454	0.5551296692459352	0.5581619191148454	0.5714285714285714	endpoint
ENOG410XQUK	0.0	0.29018681414736935	0.2945287284842098	1.1068361473446997	0.6178757489448798	0.5195117707810655	0.6178757489448798	0.5195117707810655	0.7142857142857143	endpoint
ENOG410XQUR	0.0	0.578082899432627	0.973267041231895	1.4566976979544597	0.34804204630652585	0.19305787381826556	0.6519579536934741	0.8069421261817344	0.7142857142857143	baseline
ENOG410XQV2	0.0	0.5237518258317218	1.2622472988561038	1.3838705502818234	0.34818852809839457	0.19676724790408387	0.6518114719016055	0.8032327520959162	0.7142857142857143	baseline
ENOG410XQVA	0.0	0.5365793159754279	0.6114948206469213	1.5860787279327924	0.3685161668773231	0.3702394237246251	0.6314838331226769	0.6297605762753749	0.7142857142857143	baseline
ENOG410XQVC	0.0	0.11152022744544197	0.07775481128991898	1.3268336798000917	0.46531983471644167	0.49761288254437663	0.5346801652835583	0.5023871174556234	0.5714285714285714	baseline
ENOG410XQVK	0.0	0.3336522810604216	0.5190829565935704	1.4256920127710748	0.37889214119160064	0.3918434610902504	0.6211078588083994	0.6081565389097496	0.5714285714285714	baseline
ENOG410XQVS	0.0	0.09758025487835116	0.20037951084159403	1.7228038423145873	0.496166923653505	0.4373584630224344	0.503833076346495	0.5626415369775656	0.5714285714285714	baseline
ENOG410XQVW	0.0	0.9988441688854809	1.0103453377263028	1.580716290549532	0.19087804517853388	0.15062044086583198	0.8091219548214661	0.849379559134168	1.0	baseline
ENOG410XQW5	0.0	1.0473793472110826	1.3394736946670487	1.5920300597056685	0.15558842522884447	0.01659830929182482	0.8444115747711556	0.9834016907081752	0.8571428571428571	baseline
ENOG410XQWF	0.0	0.3153884361143718	0.7457601461839151	1.631031149602203	0.592000349514388	0.7269043179709778	0.592000349514388	0.7269043179709778	0.5714285714285714	endpoint
ENOG410XQWR	0.0	0.8699196338873812	1.0943677433152592	1.3636466563225373	0.26243398237713117	0.2044764310393646	0.7375660176228689	0.7955235689606354	0.8571428571428571	baseline
ENOG410XQWS	0.0	0.1420684845576315	0.2015654434037443	1.4566854307479247	0.48998118162146753	0.45207675979086515	0.5100188183785325	0.5479232402091349	0.5714285714285714	baseline
ENOG410XQWW	0.0	0.5480537067181805	0.792656024901021	1.4200750539142268	0.364796693254069	0.33904230889249376	0.6352033067459311	0.6609576911075062	0.8571428571428571	baseline
ENOG410XQWY	0.0	1.1919882690049222	1.186276814112324	1.5524046464532633	0.8576112026408934	0.9027065867883489	0.8576112026408934	0.9027065867883489	1.0	endpoint
ENOG410XQXB	0.0	0.10794265340864997	0.19011660926147037	1.309901732531324	0.49120390603633934	0.5730694441679843	0.5087960939636607	0.5730694441679843	0.5714285714285714	endpoint
ENOG410XQXG	0.0	0.37359430420783807	0.8946781156673923	1.4771309004224982	0.6226701572587644	0.774804849552403	0.6226701572587644	0.774804849552403	0.7142857142857143	endpoint
ENOG410XQXV	0.0	0.1259710747306168	0.3862922165061282	1.3950227962215798	0.5637996222188107	0.6035019885955847	0.5637996222188107	0.6035019885955847	0.5714285714285714	endpoint
ENOG410XQXY	0.0	0.04931102216821946	0.4450936411078551	1.358367543245646	0.507948921700322	0.5445051021130961	0.507948921700322	0.5445051021130961	0.5714285714285714	endpoint
ENOG410XQYE	0.0	0.07211526958689529	0.1380001749578576	1.4099702388500874	0.4943449033924864	0.4477132487613358	0.5056550966075136	0.5522867512386642	0.5714285714285714	baseline
ENOG410XQYG	0.0	0.6094169064853576	0.7326914487193209	1.44349026814893	0.6743178385717947	0.7460198565238114	0.6743178385717947	0.7460198565238114	0.8571428571428571	endpoint
ENOG410XQYI	0.14285714285714285	0.7517525897597809	0.936885095678052	2.2145953364901305	0.7082966079765478	0.7925075575353766	0.7082966079765478	0.7925075575353766	0.7142857142857143	endpoint
ENOG410XQYJ	0.0	0.3270451432563397	0.6080659946056437	1.2014892129049566	0.3718707647623648	0.3117451649480067	0.6281292352376352	0.6882548350519933	0.7142857142857143	baseline
ENOG410XQYP	0.0	0.1230870976055631	0.5225526450271432	0.9502092056563739	0.49122944615619074	0.37704914380278043	0.5087705538438092	0.6229508561972196	0.5714285714285714	baseline
ENOG410XQYQ	0.0	0.4196494932744902	0.5349702887004942	1.4603034555721985	0.38725112556267344	0.33958051913023296	0.6127488744373266	0.660419480869767	0.7142857142857143	baseline
ENOG410XQYT	0.0	0.6953891820524644	0.6919828156314958	1.4084102553767064	0.2961577688068854	0.2958972896893325	0.7038422311931146	0.7041027103106675	0.8571428571428571	baseline
ENOG410XQZA	0.0	0.2779175964268442	0.5752418102218102	1.227165964405569	0.43903009110738533	0.37184674818634983	0.5609699088926147	0.6281532518136501	0.7142857142857143	baseline
ENOG410XQZT	0.0	0.6082224921799745	0.8488184761888571	1.5517705166401852	0.6801439671595118	0.7416015504698621	0.6801439671595118	0.7416015504698621	0.7142857142857143	endpoint
ENOG410XQZU	0.0	0.06238239328399247	0.13175065680374742	1.3936542704784092	0.5357095513743542	0.44875065033896394	0.5357095513743542	0.551249349661036	0.5714285714285714	endpoint
ENOG410XR0I	0.0	0.43386115469104386	0.12627394007915546	1.5680471361947537	0.6032225693916987	0.5527190424206218	0.6032225693916987	0.5527190424206218	0.7142857142857143	endpoint
ENOG410XR0J	0.0	0.43236748897820665	0.21481436792462713	1.7645021085879875	0.6016426904214904	0.598030900152961	0.6016426904214904	0.598030900152961	0.8571428571428571	endpoint
ENOG410XR13	0.0	0.08875911910730282	0.16291182848763744	1.4156215526982883	0.5636675240009906	0.5268428507646321	0.5636675240009906	0.5268428507646321	0.5714285714285714	endpoint
ENOG410XR1B	0.0	0.3753745122525375	0.3464545503017091	1.3054300723674623	0.6022615292663903	0.6335201446083263	0.6022615292663903	0.6335201446083263	0.7142857142857143	endpoint
ENOG410XR1I	0.0	1.0500039684862992	1.0645866860326587	1.479172002046671	0.1811512899464757	0.14800830975432883	0.8188487100535243	0.8519916902456712	1.0	baseline
ENOG410XR1R	0.0	0.24299232317134392	0.5220594719745357	1.3293906062776535	0.5543713707075236	0.5856997872298049	0.5543713707075236	0.5856997872298049	0.5714285714285714	endpoint
ENOG410XR1U	0.0	0.29669072296907434	0.17168058541839215	1.065949244335418	0.41134677255185614	0.4545690121785785	0.5886532274481439	0.5454309878214215	0.7142857142857143	baseline
ENOG410XR1Y	0.0	0.321919269717356	0.06276687021791878	1.1765891259965275	0.5848208091655402	0.5519374127106522	0.5848208091655402	0.5519374127106522	0.7142857142857143	endpoint
ENOG410XR25	0.0	0.07808844011106023	0.5247202033360601	1.390307018493859	0.5180415532887032	0.6566162981797063	0.5180415532887032	0.6566162981797063	0.5714285714285714	endpoint
ENOG410XR2G	0.0	0.8184283147323288	0.9967765697633043	1.4032878104150153	0.24909882916120135	0.2328870610432314	0.7509011708387987	0.7671129389567686	0.8571428571428571	baseline
ENOG410XR2K	0.14285714285714285	1.3245480905661446	1.4274628927845405	2.6099039765359406	0.845380679324781	0.9192406684071859	0.845380679324781	0.9192406684071859	0.8571428571428571	endpoint
ENOG410XR2M	0.0	0.6269739580777244	0.7235574937049749	1.5324946010288951	0.6811786360489455	0.6996023434508825	0.6811786360489455	0.6996023434508825	0.8571428571428571	endpoint
ENOG410XR3B	0.0	0.09198370098235234	0.49548658558735936	1.047528269943112	0.522892059688668	0.5528701822385109	0.522892059688668	0.5528701822385109	0.5714285714285714	endpoint
ENOG410XR3C	0.0	0.3141126676348849	0.5721730926748921	1.3589781447834097	0.6129081361459424	0.6933619589211888	0.6129081361459424	0.6933619589211888	0.7142857142857143	endpoint
ENOG410XR3E	0.0	0.0016771354493271432	0.14959660774653805	1.295203010831691	0.4917795387548131	0.5488700536115914	0.5082204612451868	0.5488700536115914	0.7142857142857143	baseline
ENOG410XR3F	0.0	0.9989269278170053	1.128827539636062	1.5305746624889014	0.1888624325292087	0.08345601170423066	0.8111375674707912	0.9165439882957693	0.8571428571428571	baseline
ENOG410XR3H	0.0	0.82319181440142	1.1632685258662638	1.57835191568067	0.2819079061669703	0.20861910881030662	0.7180920938330297	0.7913808911896933	0.7142857142857143	baseline
ENOG410XR3R	0.0	0.00013349441554852008	0.6617211243787806	1.4550906676193414	0.5257334725558276	0.36077711612383606	0.5257334725558276	0.639222883876164	0.5714285714285714	baseline
ENOG410XR4R	0.0	1.2143204613491272	1.3597537806897697	1.5828331997291436	0.12607595175161523	0.07134810376110853	0.8739240482483848	0.9286518962388914	1.0	baseline
ENOG410XR4Y	0.0	0.08842328103433261	0.4255237577212862	1.4702159240742454	0.47089769613226845	0.541256559201692	0.5291023038677316	0.541256559201692	0.5714285714285714	baseline
ENOG410XR51	0.0	1.0146986151906128	1.1459839002888246	1.4196494955233208	0.2006891572376381	0.1478103518255819	0.7993108427623619	0.8521896481744181	0.8571428571428571	baseline
ENOG410XR53	0.0	0.23022259834374426	0.18943739536852613	1.2600200769371277	0.427412755171384	0.452083329740607	0.572587244828616	0.547916670259393	0.7142857142857143	baseline
ENOG410XR59	0.0	0.6717105479645823	0.9577847862508274	1.4144287521956245	0.3087447930506545	0.24620069869571246	0.6912552069493455	0.7537993013042875	0.8571428571428571	baseline
ENOG410XR5C	0.0	0.573133759493163	1.0954656179132851	1.5793183928762193	0.28471124562436867	0.10833127747030005	0.7152887543756313	0.8916687225297	0.5714285714285714	baseline
ENOG410XR5J	0.0	0.4336382572735534	0.5085127562372064	1.2205127343020927	0.3833237317273071	0.35037530492699137	0.616676268272693	0.6496246950730087	0.7142857142857143	baseline
ENOG410XR5M	0.0	0.05173166467265745	0.04607072444942199	1.2743021976935505	0.48892839101011537	0.5203344780640514	0.5110716089898846	0.5203344780640514	0.5714285714285714	endpoint
ENOG410XR5T	0.0	0.42591317741640117	0.24171485851607388	1.8803012152816954	0.602974670831803	0.6110340393012388	0.602974670831803	0.6110340393012388	0.7142857142857143	endpoint
ENOG410XR5V	0.0	0.12849942024051314	0.2510528203203696	1.3407899843287865	0.46722185115231724	0.43244288131224107	0.5327781488476828	0.5675571186877589	0.5714285714285714	baseline
ENOG410XR65	0.0	0.6709618394367799	0.8917380012230023	1.626712643020715	0.7120498837498356	0.7216650592270466	0.7120498837498356	0.7216650592270466	0.7142857142857143	endpoint
ENOG410XR66	0.0	0.3892045225077917	0.5229606322888439	1.148650774578699	0.6344349769037806	0.6979045825427993	0.6344349769037806	0.6979045825427993	0.7142857142857143	endpoint
ENOG410XR6Q	0.0	0.2959358733534683	0.7400382747715853	1.4413014088450502	0.573302926187524	0.6407947317231023	0.573302926187524	0.6407947317231023	0.7142857142857143	endpoint
ENOG410XR6V	0.0	0.11138407924718245	0.39856578300487816	1.7536923895325733	0.41424781353188406	0.3341168338093213	0.5857521864681159	0.6658831661906788	0.5714285714285714	baseline
ENOG410XR78	0.0	0.953295350070116	1.0911912905777332	1.9972920867047717	0.7584494970875486	0.8021654651276741	0.7584494970875486	0.8021654651276741	0.8571428571428571	endpoint
ENOG410XR7J	0.0	0.29203018146639653	0.6109860556445048	1.1548130310657547	0.42205031940632576	0.3395850963044549	0.5779496805936742	0.6604149036955451	0.7142857142857143	baseline
ENOG410XR7P	0.0	1.0451211353247933	0.9674925399691653	1.895411818731065	0.7982911172809167	0.7852536411888008	0.7982911172809167	0.7852536411888008	1.0	endpoint
ENOG410XR7Q	0.0	0.08154398065659227	0.3534920734039517	1.1073013772159397	0.45493773485271294	0.34958829044976597	0.5450622651472871	0.650411709550234	0.5714285714285714	baseline
ENOG410XR7W	0.0	0.5983642920694853	0.9868994893334354	1.4714705243685422	0.6472956948853817	0.8198775425225864	0.6472956948853817	0.8198775425225864	0.8571428571428571	endpoint
ENOG410XR82	0.0	0.35234171884394644	0.18622361194128187	1.2396135286946297	0.39924205265691376	0.4397083004802663	0.6007579473430862	0.5602916995197337	0.5714285714285714	baseline
ENOG410XR85	0.0	0.8552535297575874	1.2063193046686578	1.3298301420395724	0.21603023822041606	0.0940513054044911	0.783969761779584	0.9059486945955089	0.7142857142857143	baseline
ENOG410XR8K	0.0	0.12787193958408752	0.1719723640847809	1.2701136553055765	0.5525059704569363	0.46815559928840805	0.5525059704569363	0.5318444007115919	0.5714285714285714	endpoint
ENOG410XR99	0.0	0.4679056397739414	0.48397848978150243	1.6056998299238532	0.5953813853332207	0.6767895469041098	0.5953813853332207	0.6767895469041098	0.5714285714285714	endpoint
ENOG410XR9D	0.0	0.8404720001897149	1.088050689902408	1.3845405603975856	0.273730230373986	0.24079122204765932	0.726269769626014	0.7592087779523407	0.8571428571428571	baseline
ENOG410XR9S	0.0	0.43665527339263	0.710334484377757	1.3386404160171315	0.37397003260035105	0.27506529212920866	0.626029967399649	0.7249347078707913	0.7142857142857143	baseline
ENOG410XR9X	0.0	1.3125086253944829	1.4656451299394044	1.5450534420883493	0.8815221922275286	0.8743970849315227	0.8815221922275286	0.8743970849315227	1.0	endpoint
ENOG410XRA0	0.0	0.28731523332059866	0.2444533201822382	1.548480083009252	0.6173310804609399	0.5750160839345763	0.6173310804609399	0.5750160839345763	0.5714285714285714	endpoint
ENOG410XRA8	0.0	0.32117772224923147	0.6136922016596001	1.5129038988565797	0.4234330656820146	0.34659419582410794	0.5765669343179853	0.6534058041758921	0.5714285714285714	baseline
ENOG410XRAD	0.0	0.03911422453955101	0.1219515280875544	1.602600513526547	0.5005042087248535	0.4740213095284463	0.5005042087248535	0.5259786904715538	0.5714285714285714	baseline
ENOG410XRAH	0.0	0.6664403197730928	1.038217482165072	1.48702313353009	0.7093491396013893	0.780387074413251	0.7093491396013893	0.780387074413251	0.7142857142857143	endpoint
ENOG410XRAN	0.0	0.04132148986462868	0.281331856626	1.3307451635072796	0.5097001407252953	0.5210436407688186	0.5097001407252953	0.5210436407688186	0.7142857142857143	endpoint
ENOG410XRAT	0.0	0.5553142375476715	0.636649558100001	1.4206879736548559	0.6645813287101776	0.6620305056638055	0.6645813287101776	0.6620305056638055	0.7142857142857143	endpoint
ENOG410XRAY	0.0	0.35438391599531105	0.2787631984770113	1.5308685447607278	0.5846072478425689	0.4231027846949274	0.5846072478425689	0.5768972153050727	0.5714285714285714	endpoint
ENOG410XRBE	0.0	0.9255438983910044	0.9556696418628154	1.808553505710583	0.24949796078259304	0.22656283932332216	0.750502039217407	0.7734371606766779	1.0	baseline
ENOG410XRBF	0.0	0.45231748226420193	0.3905996483726903	1.4639144771648136	0.36510816752128405	0.33685119287683646	0.634891832478716	0.6631488071231635	0.7142857142857143	baseline
ENOG410XRBM	0.0	0.484916945010486	0.7290671071325261	1.2775505991621863	0.6285274492461067	0.6307941315157158	0.6285274492461067	0.6307941315157158	0.7142857142857143	endpoint
ENOG410XRBU	0.0	0.11194250733095276	0.04780153199347306	1.401114800011697	0.5229402616240442	0.5048576609918578	0.5229402616240442	0.5048576609918578	0.5714285714285714	endpoint
ENOG410XRBV	0.0	0.722288916844011	0.9880782352186064	1.3051358852584225	0.28454882185129543	0.21575405961301866	0.7154511781487045	0.7842459403869814	0.8571428571428571	baseline
ENOG410XRC2	0.0	0.11662122526059984	0.0319812966571541	1.184834535603277	0.4600708008649151	0.4653120698056724	0.539929199135085	0.5346879301943276	0.5714285714285714	baseline
ENOG410XRC7	0.0	0.7694658300622244	0.7243604897612447	1.8160296226941657	0.7186117205346187	0.7433642914619326	0.7186117205346187	0.7433642914619326	0.8571428571428571	endpoint
ENOG410XRCB	0.0	0.22709053073845706	0.7129713335625527	1.3992786277984555	0.554806184083641	0.7382225178120775	0.554806184083641	0.7382225178120775	0.5714285714285714	endpoint
ENOG410XRCM	0.0	0.47888050091561357	0.5888152495535518	1.7885470692122891	0.6259402329304858	0.673033310133943	0.6259402329304858	0.673033310133943	0.5714285714285714	endpoint
ENOG410XRCN	0.0	0.3482669856786142	0.10826601857997227	1.0553520480596577	0.6337271809595351	0.568666599871226	0.6337271809595351	0.568666599871226	0.5714285714285714	endpoint
ENOG410XRCP	0.0	0.13925726740940628	0.4972042345970223	1.5405574745189057	0.5274383096327241	0.645700681536655	0.5274383096327241	0.645700681536655	0.7142857142857143	endpoint
ENOG410XRCT	0.0	0.6529617603730323	0.8563872324255369	1.6860552829358926	0.3313080168969032	0.19074066756872868	0.6686919831030969	0.8092593324312713	0.7142857142857143	baseline
ENOG410XRCV	0.0	0.44824986785379256	0.6322514297183041	1.373941557351648	0.3668556269915584	0.36566899850246265	0.6331443730084416	0.6343310014975374	0.8571428571428571	baseline
ENOG410XRD0	0.0	0.23070132112023184	0.36266711265164564	1.1268952390020848	0.41481159587342226	0.40544753592039356	0.5851884041265778	0.5945524640796065	0.7142857142857143	baseline
ENOG410XRD1	0.0	0.09570624886394033	0.044874728041521185	1.6493963546742962	0.4937748721248452	0.4674898270565239	0.5062251278751548	0.532510172943476	0.7142857142857143	endpoint
ENOG410XRD8	0.0	0.03592051899805212	0.012677599840398188	1.5996018332897846	0.46948592563873703	0.5165092286628791	0.530514074361263	0.5165092286628791	0.5714285714285714	baseline
ENOG410XRDA	0.0	0.04859996022626637	0.13630343828734057	1.559914581617664	0.4866615095618424	0.5559160315264212	0.5133384904381576	0.5559160315264212	0.5714285714285714	baseline
ENOG410XRDB	0.0	0.11690052705421218	0.549141961438374	1.2872558680126929	0.5534449243281002	0.5617768163474889	0.5534449243281002	0.5617768163474889	0.5714285714285714	endpoint
ENOG410XRDH	0.0	0.5333819585897723	0.9461687611166201	1.6367313110730595	0.359631322611024	0.2919993796645436	0.6403686773889761	0.7080006203354564	0.7142857142857143	baseline
ENOG410XRDJ	0.0	0.6113686991192616	1.3144898097651478	1.6255562057046156	0.33945342003234014	0.1892824196002496	0.6605465799676599	0.8107175803997504	0.7142857142857143	baseline
ENOG410XRDV	0.0	0.8188271008637285	0.7054449895332461	1.5452545928805013	0.24342087773230947	0.34827576159185836	0.7565791222676905	0.6517242384081416	1.0	baseline
ENOG410XRDW	0.0	0.18457637929243087	0.49100321763719684	1.2905450372549374	0.5568120966054878	0.5521259563846301	0.5568120966054878	0.5521259563846301	0.5714285714285714	endpoint
ENOG410XREF	0.0	0.19385345930619097	0.06036947712820213	1.3273019563787065	0.4526726150718005	0.5273077995490068	0.5473273849281994	0.5273077995490068	0.5714285714285714	baseline
ENOG410XREI	0.0	0.7347475835717212	0.8124855785225359	1.347417605640573	0.24453157256548042	0.19203972887004753	0.7554684274345196	0.8079602711299525	0.8571428571428571	baseline
ENOG410XRFF	0.0	0.3655356891786848	0.2730456644841269	1.9079780598089802	0.5691187810155606	0.6228126159168551	0.5691187810155606	0.6228126159168551	0.5714285714285714	endpoint
ENOG410XRFJ	0.0	0.8988257071938631	1.1392178167411682	1.5759199921340457	0.7465105237365907	0.7688065021118294	0.7465105237365907	0.7688065021118294	0.8571428571428571	endpoint
ENOG410XRFP	0.0	0.9357009385635865	1.227788960955524	1.4945420581440074	0.7794583996780117	0.8180065683470559	0.7794583996780117	0.8180065683470559	0.8571428571428571	endpoint
ENOG410XRFS	0.0	0.24112652858746925	0.30956712356090016	1.3596670321546127	0.4215217670769565	0.4408240539166733	0.5784782329230436	0.5591759460833268	0.5714285714285714	baseline
ENOG410XRFV	0.0	0.16676604633471803	0.10668145734364193	1.2069862575745656	0.4857317242700511	0.4800571118919523	0.5142682757299488	0.5199428881080477	0.5714285714285714	baseline
ENOG410XRFX	0.0	0.8408698814460465	1.2257650687153083	1.8735899400265452	0.7203985983305609	0.7983166295073865	0.7203985983305609	0.7983166295073865	0.7142857142857143	endpoint
ENOG410XRFZ	0.0	0.10488956088475729	0.422491405856449	1.7214333495813254	0.49584989967113025	0.3642430027965775	0.5041501003288698	0.6357569972034225	0.5714285714285714	baseline
ENOG410XRGA	0.0	0.928042275634135	0.8886573041392757	1.5525853609890596	0.7618059456698653	0.7586099958754884	0.7618059456698653	0.7586099958754884	1.0	endpoint
ENOG410XRGD	0.0	0.14793042597073067	0.11067799640453005	1.6443398933946525	0.466379463317287	0.43293371502757655	0.5336205366827129	0.5670662849724235	0.5714285714285714	baseline
ENOG410XRGF	0.0	0.1269714708655652	0.3328123007317288	1.7637564804054942	0.42684667131756326	0.4353897984635072	0.5731533286824367	0.5646102015364928	0.7142857142857143	baseline
ENOG410XRGH	0.0	0.4703222211079834	0.8935750646285688	1.5207442077584399	0.6449332834061187	0.7563887159163808	0.6449332834061187	0.7563887159163808	0.7142857142857143	endpoint
ENOG410XRGM	0.0	0.683888509421953	1.01266722245694	1.7391493494731067	0.6957939488586773	0.818519614207902	0.6957939488586773	0.818519614207902	0.7142857142857143	endpoint
ENOG410XRH6	0.0	0.03853060079594276	0.28882883726357017	1.530421223017581	0.5023450083836012	0.4226761357601383	0.5023450083836012	0.5773238642398617	0.5714285714285714	endpoint
ENOG410XRHD	0.0	0.08348183006694287	0.059402216956072396	0.9324750806936114	0.47604602639442717	0.4804814634859223	0.5239539736055728	0.5195185365140778	0.5714285714285714	baseline
ENOG410XRHT	0.0	0.13626320987111679	0.18396266712775758	1.439288013552248	0.4397108171610295	0.47018785257897583	0.5602891828389704	0.5298121474210242	0.5714285714285714	baseline
ENOG410XRHX	0.0	0.5068425478012355	0.28188527432466237	1.2890523156707205	0.3522706600664461	0.42382874672462456	0.647729339933554	0.5761712532753754	0.7142857142857143	baseline
ENOG410XRI8	0.0	1.1874794947847944	1.3831987136241002	1.9283455361124269	0.8441312410703029	0.9031550400984254	0.8441312410703029	0.9031550400984254	1.0	endpoint
ENOG410XRI9	0.0	0.801315536718292	0.9120563891794422	1.5225020193334915	0.7294516199580612	0.856956068428554	0.7294516199580612	0.856956068428554	0.8571428571428571	endpoint
ENOG410XRIG	0.0	0.7221730206430779	0.9334511022260097	1.6915187747578528	0.2946568326982994	0.3156707413992205	0.7053431673017005	0.6843292586007794	0.7142857142857143	baseline
ENOG410XRIM	0.0	0.47887513863898346	0.838925336418943	1.4510405558822204	0.33044738516874833	0.3170707379594987	0.6695526148312516	0.6829292620405013	0.8571428571428571	baseline
ENOG410XRIS	0.0	0.24246822919564065	0.46272861274233884	1.3887698716669006	0.5429203103729469	0.6361338824795765	0.5429203103729469	0.6361338824795765	0.7142857142857143	endpoint
ENOG410XRJ1	0.0	0.7932382027566335	1.1908987662746513	1.743103615697257	0.2899760880258337	0.26847417917053773	0.7100239119741663	0.7315258208294623	0.7142857142857143	baseline
ENOG410XRJ8	0.0	0.16448758779029554	0.4291156380587737	1.1622369279252827	0.42148322104054514	0.3759279482632209	0.5785167789594549	0.624072051736779	0.5714285714285714	baseline
ENOG410XRJG	0.0	0.7877473826033468	0.7448007295514466	1.416205462999167	0.2528228312669704	0.3023409540748364	0.7471771687330295	0.6976590459251636	0.8571428571428571	baseline
ENOG410XRJW	0.14285714285714285	0.7991302516881956	1.054660034767601	2.294355158819889	0.7059845253641038	0.7985337662116839	0.7059845253641038	0.7985337662116839	0.7142857142857143	endpoint
ENOG410XRK1	0.0	0.3036338679680107	0.43530955762535073	1.3557485681822705	0.4181395312519652	0.3215046099457849	0.5818604687480349	0.6784953900542151	0.7142857142857143	baseline
ENOG410XRK4	0.0	0.20671201549999646	0.22307143172670577	1.6162814568053947	0.5121401620019986	0.5835740782202574	0.5121401620019986	0.5835740782202574	0.5714285714285714	endpoint
ENOG410XRK5	0.0	0.5851200478703554	0.6754036893268671	1.5891781200488113	0.6751844573208798	0.7278221249496483	0.6751844573208798	0.7278221249496483	0.8571428571428571	endpoint
ENOG410XRK7	0.0	0.016720618177138182	0.006467257703425537	1.4656780970019028	0.49661284774138065	0.4695473250060844	0.5033871522586193	0.5304526749939156	0.5714285714285714	baseline
ENOG410XRK8	0.0	1.0490353534992394	1.134848121627276	1.4670865067301828	0.20699900723118997	0.19482941716036875	0.79300099276881	0.8051705828396313	0.8571428571428571	baseline
ENOG410XRKI	0.0	0.43716809388454003	0.9815218557506797	1.2857348594527296	0.6012589362845521	0.6840490644834883	0.6012589362845521	0.6840490644834883	0.7142857142857143	endpoint
ENOG410XRKQ	0.0	0.29470026012636164	0.28313653546617873	1.1795470366855225	0.6093685881967582	0.5856786137000903	0.6093685881967582	0.5856786137000903	0.5714285714285714	endpoint
ENOG410XRKR	0.0	0.0700107754201997	0.08523683786309329	1.2930112681868802	0.4866732307601242	0.5207495972451162	0.5133267692398757	0.5207495972451162	0.5714285714285714	baseline
ENOG410XRKS	0.0	0.4349712579934573	0.5962187423332999	1.3791833135900833	0.35711041346277106	0.371650318312663	0.6428895865372289	0.6283496816873371	0.7142857142857143	baseline
ENOG410XRKV	0.14285714285714285	1.0572070185732567	0.9555038618755722	2.1376837408452487	0.21104748454057393	0.21535724897512373	0.7889525154594261	0.7846427510248762	1.0	baseline
ENOG410XRKW	0.0	0.5725927559931531	0.8543463275443431	1.3661104383515754	0.6635408456936494	0.629639339655752	0.6635408456936494	0.629639339655752	0.7142857142857143	endpoint
ENOG410XRKX	0.0	0.5647024676239024	0.4653292654322324	1.2677060834456637	0.6653069018541924	0.6068601976057336	0.6653069018541924	0.6068601976057336	0.8571428571428571	endpoint
ENOG410XRM2	0.0	0.4573611326219909	0.6572109769079061	1.3744587929417504	0.3810231651993874	0.35955190477678856	0.6189768348006126	0.6404480952232114	0.7142857142857143	baseline
ENOG410XRMF	0.0	0.015415869884587874	0.05376486141985222	1.7500040680010192	0.5403526695281423	0.5403756769546069	0.5403526695281423	0.5403756769546069	0.5714285714285714	endpoint
ENOG410XRMQ	0.0	0.2921643937364666	0.14835738005326984	1.4914819606443228	0.5553077522706886	0.5478776036752254	0.5553077522706886	0.5478776036752254	0.5714285714285714	endpoint
ENOG410XRMV	0.14285714285714285	0.6128730491693156	0.5814290886980981	2.0444635838045135	0.3728839577354895	0.3473722414343151	0.6271160422645106	0.6526277585656849	0.7142857142857143	baseline
ENOG410XRMZ	0.0	0.2540451870074879	0.1701226422544973	1.2189570300056993	0.5951030899305286	0.5908522515263707	0.5951030899305286	0.5908522515263707	0.5714285714285714	endpoint
ENOG410XRN1	0.0	0.40682482327749014	0.5644665480046419	1.2486785442602082	0.6200032165654449	0.6592888019086691	0.6200032165654449	0.6592888019086691	0.7142857142857143	endpoint
ENOG410XRNA	0.0	0.9680503966016337	0.9992306544771367	1.6921593048384467	0.7790208903992376	0.7499208600123014	0.7790208903992376	0.7499208600123014	1.0	endpoint
ENOG410XRNC	0.0	0.05788711956481591	0.045890817499903834	1.3114094418554143	0.5114589088179821	0.5024662773143439	0.5114589088179821	0.5024662773143439	0.5714285714285714	endpoint
ENOG410XRNH	0.0	0.13164149506574896	0.5734968569713229	1.4119898692426713	0.45851018057339354	0.32966106202223694	0.5414898194266065	0.6703389379777631	0.7142857142857143	baseline
ENOG410XRNM	0.0	0.8688720128813177	0.8864891475543777	1.3214072427391113	0.24612912716799112	0.25804379869141136	0.7538708728320089	0.7419562013085886	1.0	baseline
ENOG410XRNU	0.0	0.12318236910323291	0.20324693374133815	1.4237578060868903	0.44435007398359894	0.43688247927991736	0.5556499260164011	0.5631175207200827	0.7142857142857143	baseline
ENOG410XRP0	0.0	0.5976897353915157	0.9051407131031567	1.4736147553513264	0.716777574380749	0.724798344019272	0.716777574380749	0.724798344019272	0.8571428571428571	endpoint
ENOG410XRP1	0.0	0.08571200160822746	0.2634147165079153	1.3199731899303977	0.4623343203381083	0.5143469365787164	0.5376656796618917	0.5143469365787164	0.5714285714285714	baseline
ENOG410XRP2	0.0	0.584579981180087	1.0517102521660642	1.5399437352723206	0.6958462236665625	0.8319210525763981	0.6958462236665625	0.8319210525763981	0.7142857142857143	endpoint
ENOG410XRP4	0.0	0.414747338703111	0.70226163771342	1.4181050558880983	0.5896400061200229	0.6773692918047965	0.5896400061200229	0.6773692918047965	0.5714285714285714	endpoint
ENOG410XRPD	0.14285714285714285	0.011385595303448832	0.9446275705337299	2.2500999960099106	0.45862743348996277	0.28775833044866483	0.5413725665100373	0.7122416695513352	0.5714285714285714	baseline
ENOG410XRPE	0.0	0.33241700528192913	0.17629993102524066	1.1256549747879039	0.42414617740699484	0.45627100987290276	0.5758538225930052	0.5437289901270972	0.5714285714285714	baseline
ENOG410XRPG	0.0	0.8948500808838386	1.1614165870693995	1.4861820756067496	0.7971632975241004	0.8826796941584595	0.7971632975241004	0.8826796941584595	0.8571428571428571	endpoint
ENOG410XRPN	0.0	0.7055125731727843	1.2261058444273099	1.537211625673774	0.27058680188595635	0.08815863672949845	0.7294131981140437	0.9118413632705016	0.8571428571428571	baseline
ENOG410XRPP	0.0	0.2890396946678307	0.04604988344963009	1.2116094108295892	0.6173044845259792	0.5271469320573813	0.6173044845259792	0.5271469320573813	0.5714285714285714	endpoint
ENOG410XRQ3	0.0	0.09532478812350174	0.14736061146268423	1.2790108546828969	0.4755346604453438	0.4787446778994826	0.5244653395546561	0.5212553221005174	0.7142857142857143	baseline
ENOG410XRQ4	0.0	1.0374742090827458	1.1038422038372668	1.7516526779617747	0.2113334088814606	0.17985169350544158	0.7886665911185394	0.8201483064945584	1.0	baseline
ENOG410XRQC	0.0	0.7258329573226401	0.9373852154627471	1.1836120065040094	0.2736427141252424	0.29405279618690044	0.7263572858747576	0.7059472038130996	1.0	baseline
ENOG410XRQD	0.0	0.9767552451827111	1.2050774524093408	1.6086713946035172	0.7744383254879424	0.8744828669653759	0.7744383254879424	0.8744828669653759	0.8571428571428571	endpoint
ENOG410XRQU	0.0	0.16040927841310637	0.061727664333172956	1.24062412244629	0.5813961815446503	0.507696239566233	0.5813961815446503	0.507696239566233	0.5714285714285714	endpoint
ENOG410XRQY	0.0	0.2135892087438133	0.026278363267107595	1.164220384318147	0.42672355985148286	0.5040916792426117	0.5732764401485171	0.5040916792426117	0.5714285714285714	baseline
ENOG410XRR3	0.0	0.45562902580356324	0.6913135875773632	1.3940410479337795	0.6367563760340047	0.6892317673249468	0.6367563760340047	0.6892317673249468	0.7142857142857143	endpoint
ENOG410XRRH	0.0	0.09432110788823789	0.07484516352917789	1.3787069425691116	0.4762176711240262	0.4966141520301181	0.5237823288759738	0.5033858479698818	0.5714285714285714	baseline
ENOG410XRRN	0.0	0.7810069741432505	0.9455402862585005	1.6212806156170523	0.2597803346457011	0.2038405918255248	0.740219665354299	0.7961594081744752	0.8571428571428571	baseline
ENOG410XRRP	0.0	0.4607884372941135	0.9799727168808827	1.2028448730242018	0.37949435889518496	0.28317396155785524	0.6205056411048151	0.7168260384421448	0.7142857142857143	baseline
ENOG410XRRR	0.0	0.07947030216551701	0.08759613348061336	1.3024608748159916	0.5613540940820825	0.5336728448514038	0.5613540940820825	0.5336728448514038	0.5714285714285714	endpoint
ENOG410XRRU	0.0	0.9239464888950987	1.2680688251346197	1.3997509836713822	0.7874700098936053	0.8111323674052066	0.7874700098936053	0.8111323674052066	0.8571428571428571	endpoint
ENOG410XRS1	0.0	0.7103902666019687	1.061681570520509	1.4544213335379148	0.25917446854669807	0.16872017682529694	0.7408255314533019	0.8312798231747031	0.8571428571428571	baseline
ENOG410XRS4	0.0	0.0627449745011207	0.028237833655632424	1.3417217403594122	0.4659421477046878	0.4753082677923595	0.5340578522953122	0.5246917322076405	0.5714285714285714	baseline
ENOG410XRS7	0.0	0.184257166352823	0.34727592975611765	1.2277046606050646	0.5651528687024301	0.6033578111437019	0.5651528687024301	0.6033578111437019	0.7142857142857143	endpoint
ENOG410XRSA	0.0	0.5202798410943812	0.8436857860692486	1.3306482537823725	0.3444124919884689	0.3237100140199849	0.6555875080115311	0.6762899859800151	0.7142857142857143	baseline
ENOG410XRSE	0.0	0.8122317356619572	0.9650631111205545	1.8701568605993146	0.7570327102622468	0.7736428859933626	0.7570327102622468	0.7736428859933626	0.8571428571428571	endpoint
ENOG410XRSI	0.0	0.08939721277314969	0.04581991883642082	1.2367513946433675	0.5004292515718917	0.5202653467290692	0.5004292515718917	0.5202653467290692	0.5714285714285714	endpoint
ENOG410XRSK	0.0	0.7624453735700396	0.9606511029516562	1.3732646754320734	0.24496926931269383	0.15008975363168475	0.7550307306873062	0.8499102463683152	0.8571428571428571	baseline
ENOG410XRSS	0.0	0.6255694583675157	0.9303905542840156	1.5263589385667913	0.6715682162993397	0.7628946504598473	0.6715682162993397	0.7628946504598473	0.7142857142857143	endpoint
ENOG410XRSZ	0.0	0.8257859469685862	1.0289196663806992	1.546139275079643	0.7354730890571224	0.7306212337970893	0.7354730890571224	0.7306212337970893	0.8571428571428571	endpoint
ENOG410XRT1	0.0	0.4524760210892368	0.47560797555167444	1.0453241497976058	0.6403104670129046	0.6871282482185557	0.6403104670129046	0.6871282482185557	0.8571428571428571	endpoint
ENOG410XRT7	0.0	0.019083139643435443	0.05915552029286923	1.442900437174463	0.49829438344983973	0.4993652562742565	0.5017056165501603	0.5006347437257435	0.5714285714285714	baseline
ENOG410XRTM	0.0	1.1852653272217162	1.399679542104536	1.817323301160781	0.16358486608577802	0.10970536562517948	0.836415133914222	0.8902946343748205	0.8571428571428571	baseline
ENOG410XRTR	0.0	0.8060607258115579	1.1713045113950453	1.4837179810181977	0.7373491873574051	0.7583064378994586	0.7373491873574051	0.7583064378994586	0.7142857142857143	endpoint
ENOG410XRU0	0.0	0.35288874631077366	0.33107719767037547	1.0458674351648733	0.3997694127640795	0.4163785138018562	0.6002305872359205	0.5836214861981438	0.7142857142857143	baseline
ENOG410XRUF	0.0	0.02945510936963217	0.2602241811782021	1.4887557222073655	0.4696337748615407	0.5740298145004585	0.5303662251384593	0.5740298145004585	0.5714285714285714	baseline
ENOG410XRUN	0.14285714285714285	0.8122771644170745	1.002227089348893	2.2494106197169392	0.29012178058762966	0.2098116559036634	0.7098782194123703	0.7901883440963366	0.8571428571428571	baseline
ENOG410XRV0	0.0	0.841612306283225	0.8159648614717648	1.334093401329758	0.26906671811975263	0.2736966141022741	0.7309332818802474	0.7263033858977259	0.8571428571428571	baseline
ENOG410XRV2	0.0	0.04357424194379186	0.5020019959961765	1.64876921615871	0.46082830939508307	0.6524573306429571	0.5391716906049169	0.6524573306429571	0.5714285714285714	endpoint
ENOG410XRV3	0.0	0.46097314861763916	0.5350274231614804	1.5718259464276396	0.3857576585329056	0.32904043297173263	0.6142423414670943	0.6709595670282673	0.8571428571428571	baseline
ENOG410XRV6	0.0	0.3006318146759866	0.5945957149638167	1.89202924937017	0.5459937593610411	0.6521991619528101	0.5459937593610411	0.6521991619528101	0.5714285714285714	endpoint
ENOG410XRV8	0.0	0.4908558220859634	0.4205031109137833	1.5785502433839416	0.6645440026949787	0.6465071297447762	0.6645440026949787	0.6465071297447762	0.7142857142857143	endpoint
ENOG410XRVN	0.0	1.0801751385594538	1.0396868615208195	1.8438127073879726	0.8104699180605451	0.8110118325608221	0.8104699180605451	0.8110118325608221	1.0	endpoint
ENOG410XRVP	0.0	0.9271193948274009	0.7565842313276033	1.860256130990587	0.775151982539262	0.7978899109240926	0.775151982539262	0.7978899109240926	1.0	endpoint
ENOG410XRW2	0.0	1.2309735122628318	1.4245137615861558	1.5928271876520474	0.1452147087836307	0.07702216875423233	0.8547852912163693	0.9229778312457677	1.0	baseline
ENOG410XRWQ	0.0	1.01005156954856	1.01470675285893	1.262718110507899	0.8106090656534682	0.7937710754271006	0.8106090656534682	0.7937710754271006	1.0	endpoint
ENOG410XRWU	0.0	0.9628107988813236	1.314010719558726	1.5115009383149138	0.20615767500161025	0.09100992232990823	0.7938423249983897	0.9089900776700918	0.8571428571428571	baseline
ENOG410XRWZ	0.0	0.35479875755601714	0.3018067364189416	1.7698609875192273	0.38903880859152473	0.3733244367929236	0.6109611914084753	0.6266755632070764	0.8571428571428571	baseline
ENOG410XRX3	0.0	0.92919770528678	0.9872930326436382	1.5331838012281238	0.7829753128113299	0.7884437693770469	0.7829753128113299	0.7884437693770469	1.0	endpoint
ENOG410XRX8	0.0	0.5120439665205427	0.5515756783393186	1.4578307728735878	0.347410407144729	0.3161573055894849	0.652589592855271	0.6838426944105152	0.8571428571428571	baseline
ENOG410XRXZ	0.0	0.13785552918941602	0.325092245796776	1.4709813506814613	0.4922174901017423	0.5972431645511412	0.5077825098982577	0.5972431645511412	0.5714285714285714	endpoint
ENOG410XRY5	0.0	0.8216606354207452	0.8282644545786613	1.9484021219999026	0.7021931487808324	0.7940498752110883	0.7021931487808324	0.7940498752110883	0.8571428571428571	endpoint
ENOG410XRYB	0.0	0.5909110664167129	1.2137941614520005	1.4908899761201693	0.3506517004559786	0.24392170367344343	0.6493482995440214	0.7560782963265565	0.7142857142857143	baseline
ENOG410XRYC	0.0	0.7839928479810575	1.0614369619738586	1.428459999595014	0.274482597288633	0.19214472715947703	0.725517402711367	0.8078552728405229	0.8571428571428571	baseline
ENOG410XRYI	0.0	0.4947086795607533	0.6202437965354461	1.376384856955276	0.3062129384945087	0.29622987512437776	0.6937870615054913	0.7037701248756223	0.8571428571428571	baseline
ENOG410XRZB	0.0	0.3098389639985493	0.5368218879471612	1.3728161461757997	0.6027505597873112	0.6556037117574477	0.6027505597873112	0.6556037117574477	0.7142857142857143	endpoint
ENOG410XRZU	0.0	0.05614302948412426	0.06992295288670924	0.6083899776234976	0.49025285110042593	0.5047568968368459	0.5097471488995741	0.5047568968368459	0.5714285714285714	baseline
ENOG410XS0E	0.14285714285714285	1.2695015726555954	1.3214923516545425	2.1306188239350345	0.8542120738773973	0.8291337084094192	0.8542120738773973	0.8291337084094192	1.0	endpoint
ENOG410XS0I	0.0	0.32546635329598617	1.15018022768252	1.2487582814612133	0.5744218384712001	0.6615473954930984	0.5744218384712001	0.6615473954930984	0.5714285714285714	endpoint
ENOG410XS0Q	0.0	0.6756567812840492	0.8568828342439041	1.4542192444540347	0.6972187451057322	0.751154111487038	0.6972187451057322	0.751154111487038	0.8571428571428571	endpoint
ENOG410XS0Z	0.0	1.0958597827661911	1.3311431368450142	1.8661206522182667	0.18868221838948948	0.22813418620009315	0.8113177816105105	0.7718658137999068	1.0	baseline
ENOG410XS18	0.0	0.3759645381741969	0.7756269897197731	1.235600120861685	0.40183212342277486	0.3351058649609844	0.5981678765772251	0.6648941350390156	0.7142857142857143	baseline
ENOG410XS1A	0.0	0.45901661791535636	0.3437589969100949	1.286621956074754	0.6541834343101443	0.5889182634512715	0.6541834343101443	0.5889182634512715	0.7142857142857143	endpoint
ENOG410XS1K	0.0	0.4498261510897622	0.5317876165555453	1.4158099027204423	0.3464870638314861	0.382345695121232	0.6535129361685139	0.6176543048787679	0.7142857142857143	baseline
ENOG410XS1S	0.0	0.31762138443015825	0.7579050808411723	1.6596306564312893	0.4561766663107897	0.3360116461080905	0.5438233336892103	0.6639883538919096	0.5714285714285714	baseline
ENOG410XS1T	0.0	0.7069001059906607	0.6010553716684485	1.5629301476568265	0.314776618697103	0.3142596125387541	0.685223381302897	0.6857403874612459	0.8571428571428571	baseline
ENOG410XS1X	0.0	0.9027793829578484	1.0213455887585505	1.3196295985083082	0.22713654214800474	0.2744245475794792	0.7728634578519953	0.7255754524205208	1.0	baseline
ENOG410XS21	0.0	0.40570262801105567	0.47991902206639503	1.4938112721650063	0.39179319045465405	0.3909557287951099	0.6082068095453459	0.60904427120489	0.5714285714285714	baseline
ENOG410XS27	0.0	0.2980620273783997	0.34929878262040587	1.3664820351914204	0.4170242590785245	0.40112613299220345	0.5829757409214755	0.5988738670077965	0.5714285714285714	baseline
ENOG410XS2C	0.0	0.41694425113393574	0.3391115901638624	1.85485483068366	0.3858303603363014	0.4043733885005272	0.6141696396636986	0.5956266114994728	0.7142857142857143	baseline
ENOG410XS2E	0.0	0.4780051901551278	0.628475628417025	1.6960053396490795	0.604693937434002	0.6866466523097381	0.604693937434002	0.6866466523097381	0.5714285714285714	endpoint
ENOG410XS38	0.0	0.7879086346034099	0.9037432443875648	1.7067415814996534	0.7197203938146413	0.7539349383818299	0.7197203938146413	0.7539349383818299	0.7142857142857143	endpoint
ENOG410XS3B	0.0	0.318550694453618	0.7080820938642582	1.4847224011133784	0.6067233300926641	0.6205411727386448	0.6067233300926641	0.6205411727386448	0.7142857142857143	endpoint
ENOG410XS3E	0.0	0.1566064001878129	0.04855675664453577	1.40615149137819	0.43655282628600695	0.527946019521916	0.563447173713993	0.527946019521916	0.5714285714285714	baseline
ENOG410XS3N	0.0	0.593340821199234	0.7844937764851554	1.2925075646287543	0.6845115057819898	0.7537599454362021	0.6845115057819898	0.7537599454362021	0.7142857142857143	endpoint
ENOG410XS3S	0.0	0.08163465359442788	0.21534405018914538	1.499983724615723	0.5319231972946314	0.43920624209985876	0.5319231972946314	0.5607937579001412	0.5714285714285714	endpoint
ENOG410XS3W	0.0	1.0178874442464967	1.116046208892027	1.4819235169124465	0.8098620559758236	0.8245702944755475	0.8098620559758236	0.8245702944755475	1.0	endpoint
ENOG410XS3Y	0.0	0.03172836044929214	0.12473585663377194	0.9718831541352885	0.5170730229440309	0.4727075035696287	0.5170730229440309	0.5272924964303713	0.5714285714285714	endpoint
ENOG410XS43	0.0	0.740541944656076	0.5473078212028089	1.9460693637375917	0.309040288264906	0.3259506355889362	0.6909597117350941	0.6740493644110638	0.7142857142857143	baseline
ENOG410XS4I	0.0	0.865936912341479	1.2152310501403074	1.655334508774777	0.7706788506419365	0.9001785829006486	0.7706788506419365	0.9001785829006486	0.8571428571428571	endpoint
ENOG410XS4R	0.0	0.9622829382388502	0.9942001386355117	1.4449509404715795	0.1970567524025756	0.1764279500697728	0.8029432475974244	0.8235720499302273	1.0	baseline
ENOG410XS53	0.0	0.7959949053639364	1.039449113928309	1.4491578508167564	0.26094069769672085	0.2980753841486629	0.7390593023032792	0.701924615851337	0.8571428571428571	baseline
ENOG410XS58	0.0	1.0455785532862365	1.3814644499395874	1.5110118589833232	0.2157365684177937	0.1128172785060628	0.7842634315822063	0.8871827214939372	0.8571428571428571	baseline
ENOG410XS5E	0.0	0.8963744170564689	1.0113918500830794	1.466364901612799	0.7768683867225503	0.7864128058296729	0.7768683867225503	0.7864128058296729	0.8571428571428571	endpoint
ENOG410XS5H	0.0	0.10923823952400442	0.6758449320886629	1.4682066385577652	0.521872194739771	0.6230214819765404	0.521872194739771	0.6230214819765404	0.5714285714285714	endpoint
ENOG410XS5X	0.0	0.9671696594616279	1.2244557193532575	1.4336814173338088	0.7958324351870504	0.8471911809566648	0.7958324351870504	0.8471911809566648	0.8571428571428571	endpoint
ENOG410XS66	0.14285714285714285	0.8498462000234975	0.9747937297011724	2.387615896285222	0.7227365035102259	0.8669580660705619	0.7227365035102259	0.8669580660705619	0.8571428571428571	endpoint
ENOG410XS6G	0.0	1.3239932789227224	1.2713328820894347	1.7171662870363622	0.11443077806448329	0.11175564657461674	0.8855692219355167	0.8882443534253832	1.0	baseline
ENOG410XS6P	0.0	0.4367077519429404	0.7234184080740599	1.423431338512534	0.5993641621502622	0.6823153196994762	0.5993641621502622	0.6823153196994762	0.7142857142857143	endpoint
ENOG410XS71	0.0	0.2120009588868144	0.08205686350137605	1.4346737620761965	0.5661458862893535	0.48893969832673934	0.5661458862893535	0.5110603016732607	0.5714285714285714	endpoint
ENOG410XS79	0.0	0.17716728389492925	0.09114805423949311	1.3761945913128435	0.4274874458288962	0.455490562587761	0.5725125541711038	0.544509437412239	0.5714285714285714	baseline
ENOG410XS7C	0.0	0.6424535874612374	0.8640899238508276	1.4037596966987573	0.7216701587604961	0.78888942991035	0.7216701587604961	0.78888942991035	0.8571428571428571	endpoint
ENOG410XS7F	0.0	0.6290279128137138	0.9196625864409285	1.4535662908388693	0.32848550472330157	0.29819599082458725	0.6715144952766985	0.7018040091754127	0.7142857142857143	baseline
ENOG410XS7M	0.0	0.06856335513095033	0.2775691639390951	1.1365494869602486	0.5188985892535982	0.5166965330969542	0.5188985892535982	0.5166965330969542	0.5714285714285714	endpoint
ENOG410XS87	0.0	0.18511971080881023	0.554973417024426	1.2619906023330738	0.47189482191030835	0.37849692064104756	0.5281051780896917	0.6215030793589524	0.5714285714285714	baseline
ENOG410XS8C	0.0	0.39329162934540557	0.6513655311632862	1.274893432559897	0.3542186487114501	0.32063419110375896	0.64578135128855	0.6793658088962411	0.7142857142857143	baseline
ENOG410XS8M	0.0	0.5572683969151994	0.4642191833102465	1.447781228714136	0.6633771724690413	0.6302659707354202	0.6633771724690413	0.6302659707354202	0.7142857142857143	endpoint
ENOG410XS8S	0.0	0.42474708742225864	0.267022931384191	1.2301609491765249	0.6469273369023831	0.5756192257194005	0.6469273369023831	0.5756192257194005	0.7142857142857143	endpoint
ENOG410XS8T	0.0	0.7845598268443047	0.7884856806919565	1.469023774338791	0.740006441325426	0.6975267409094718	0.740006441325426	0.6975267409094718	0.8571428571428571	endpoint
ENOG410XS98	0.0	0.9989951191767149	0.9125377870621614	1.9307572512046611	0.7781150723381501	0.7911208787110957	0.7781150723381501	0.7911208787110957	1.0	endpoint
ENOG410XS9K	0.0	1.1645492476274613	1.5345599062660131	1.5954031241025013	0.1806327313557033	0.1544453500426335	0.8193672686442968	0.8455546499573665	0.8571428571428571	baseline
ENOG410XSAD	0.0	0.6249014643542727	0.6030404710568708	1.223274990863421	0.7190632619335096	0.6779160876918122	0.7190632619335096	0.6779160876918122	0.8571428571428571	endpoint
ENOG410XSAF	0.0	0.5438420895569304	0.897613928161588	1.5535947814100146	0.6593840339144268	0.8223638040676086	0.6593840339144268	0.8223638040676086	0.5714285714285714	endpoint
ENOG410XSAQ	0.0	0.743578066539017	0.7895177729597082	1.243657605462981	0.7481442136131634	0.7419240319316084	0.7481442136131634	0.7419240319316084	0.8571428571428571	endpoint
ENOG410XSBE	0.0	0.49037046292951514	1.0547532164099147	1.3764141211349956	0.3603225737182779	0.20086208508771675	0.6396774262817221	0.7991379149122833	0.7142857142857143	baseline
ENOG410XSBJ	0.0	1.2609378553630033	1.2666003179605234	1.9991608030330583	0.1394351210971713	0.09243453193319688	0.8605648789028287	0.9075654680668032	1.0	baseline
ENOG410XSBZ	0.0	0.4332067061337964	0.5466317969892424	1.1536864690675621	0.6558169804950265	0.6818385241418763	0.6558169804950265	0.6818385241418763	0.7142857142857143	endpoint
ENOG410XSC1	0.0	0.534401005674627	0.7984152879798163	1.4196247004840645	0.3339046686404648	0.29486196792105485	0.6660953313595352	0.7051380320789451	0.7142857142857143	baseline
ENOG410XSC7	0.0	0.4033077192801926	0.1570412157896247	1.4948720781285716	0.6349625471905623	0.5861604343294101	0.6349625471905623	0.5861604343294101	0.5714285714285714	endpoint
ENOG410XSCE	0.0	0.8324953930909079	1.091616125907296	1.2363573775935084	0.2334688763614651	0.1725562518524168	0.7665311236385349	0.8274437481475831	1.0	baseline
ENOG410XSCI	0.0	0.17906589336413603	0.02237126915452907	1.4193132649863176	0.4582410963910292	0.47433443539142484	0.5417589036089707	0.5256655646085752	0.5714285714285714	baseline
ENOG410XSCT	0.0	0.7476535776697479	0.918782456795268	1.5158811736548257	0.7178484553105482	0.8053379712646385	0.7178484553105482	0.8053379712646385	0.8571428571428571	endpoint
ENOG410XSCV	0.0	0.0814016683733073	0.007002784277982138	1.2229191693054247	0.5607579387343337	0.5323472744984369	0.5607579387343337	0.5323472744984369	0.5714285714285714	endpoint
ENOG410XSCX	0.0	0.5994954050933977	1.0768063201001878	1.4809391739654698	0.6562787744184392	0.6842649989040015	0.6562787744184392	0.6842649989040015	0.7142857142857143	endpoint
ENOG410XSCY	0.0	0.03362587895075527	0.16605244510766826	1.5529206283866688	0.4629685516195347	0.4981850867430376	0.5370314483804652	0.5018149132569625	0.5714285714285714	baseline
ENOG410XSD0	0.0	0.3143930687367579	0.21227015820030834	1.2897365522652084	0.3744383754325547	0.4448051895472184	0.6255616245674454	0.5551948104527815	0.7142857142857143	baseline
ENOG410XSD4	0.0	0.8214322619123647	1.0725069321989242	1.832138933304475	0.728971807984924	0.8543389744014802	0.728971807984924	0.8543389744014802	0.7142857142857143	endpoint
ENOG410XSDB	0.0	0.13468240595487893	0.05609120623512669	1.3038550250375744	0.5351371045925404	0.5303476903492418	0.5351371045925404	0.5303476903492418	0.5714285714285714	endpoint
ENOG410XSDI	0.0	0.5591083189433419	0.26062954652841225	1.5484692272466272	0.6704188423147736	0.601093364167674	0.6704188423147736	0.601093364167674	0.8571428571428571	endpoint
ENOG410XSDP	0.0	0.37175229873118837	0.5667327803740496	1.631329168385468	0.6100594629886213	0.6638482637801745	0.6100594629886213	0.6638482637801745	0.7142857142857143	endpoint
ENOG410XSDQ	0.0	0.2652203474775748	0.6236280656171516	1.1837780569160024	0.6147872280350094	0.6589863423084026	0.6147872280350094	0.6589863423084026	0.5714285714285714	endpoint
ENOG410XSDW	0.0	0.159927268157174	0.4616550728478303	1.690346388627706	0.44962290291689294	0.5693828199552157	0.550377097083107	0.5693828199552157	0.5714285714285714	baseline
ENOG410XSEG	0.0	0.3846106342784958	0.4136197863828847	1.2565222884017946	0.6105373092815511	0.5907313710269567	0.6105373092815511	0.5907313710269567	0.7142857142857143	endpoint
ENOG410XSEI	0.14285714285714285	1.3999572989999756	1.1944043999890797	2.4840650173673278	0.8840392707993938	0.8931948442027858	0.8840392707993938	0.8931948442027858	1.0	endpoint
ENOG410XSEP	0.0	1.2039348207907044	1.3463163949017063	1.5592489177730156	0.850623505710362	0.8777157019755129	0.850623505710362	0.8777157019755129	1.0	endpoint
ENOG410XSET	0.0	0.10426090275746765	0.33723651652890557	1.275154200353512	0.5195359984583202	0.5920337514145558	0.5195359984583202	0.5920337514145558	0.5714285714285714	endpoint
ENOG410XSF7	0.0	0.7687318653070341	0.7271603413778518	1.692170087866702	0.29365105896738053	0.30720329973549465	0.7063489410326195	0.6927967002645053	0.8571428571428571	baseline
ENOG410XSF8	0.0	0.2510752592364933	0.4111437536332241	1.3744708619785175	0.5237119701577005	0.643523753842798	0.5237119701577005	0.643523753842798	0.7142857142857143	endpoint
ENOG410XSFE	0.0	0.6664971999753835	1.1002602864796305	1.4512379841520848	0.6999983020070842	0.7115220949526586	0.6999983020070842	0.7115220949526586	0.8571428571428571	endpoint
ENOG410XSFI	0.0	0.45912296226013954	0.7192839446966457	1.4521441023792463	0.3646606889131462	0.28451051760185103	0.6353393110868538	0.715489482398149	0.7142857142857143	baseline
ENOG410XSFR	0.0	0.03107631993923429	0.16528480366214562	1.5366549308623116	0.4836130353225115	0.4705541764681131	0.5163869646774886	0.5294458235318868	0.5714285714285714	baseline
ENOG410XSFU	0.0	0.19681458954603556	0.04276016812467354	1.4738648599273	0.40819906823068586	0.5194219658777209	0.5918009317693141	0.5194219658777209	0.5714285714285714	baseline
ENOG410XSG5	0.0	0.6083526583528744	0.5552866661646841	1.3106867524492165	0.6925915284028173	0.6606932899094399	0.6925915284028173	0.6606932899094399	0.8571428571428571	endpoint
ENOG410XSG7	0.0	1.1559467116020523	1.2364188271645655	1.68372180830021	0.8545313215613544	0.9068149632608866	0.8545313215613544	0.9068149632608866	1.0	endpoint
ENOG410XSGG	0.0	0.12693583086645713	0.09175222688317575	1.4107086805079025	0.45596577971110597	0.49720457399392787	0.544034220288894	0.5027954260060721	0.5714285714285714	baseline
ENOG410XSGP	0.0	0.3540598896814882	0.18662790533559465	1.2978504328604865	0.3535696169985007	0.4561940996527682	0.6464303830014992	0.5438059003472318	0.5714285714285714	baseline
ENOG410XSGQ	0.0	0.11638318793356475	0.004664921367918412	1.2622648154885014	0.5475371960888095	0.5219169304316617	0.5475371960888095	0.5219169304316617	0.5714285714285714	endpoint
ENOG410XSGY	0.0	0.1279498404450392	0.117423155022011	1.1646827067657035	0.5792894066902059	0.540001856001424	0.5792894066902059	0.540001856001424	0.5714285714285714	endpoint
ENOG410XSHB	0.0	0.3801816191271911	0.7506668471407111	1.0577768340397196	0.622070543617627	0.7285885328220034	0.622070543617627	0.7285885328220034	0.7142857142857143	endpoint
ENOG410XSHC	0.0	1.0641436750006499	1.4859096869925439	1.6942723055426312	0.7907464322713024	0.8605704631214106	0.7907464322713024	0.8605704631214106	0.8571428571428571	endpoint
ENOG410XSHT	0.0	0.28868568768118574	0.32804953701939454	1.7392479256161157	0.46986561883414807	0.4365032369409035	0.5301343811658519	0.5634967630590966	0.5714285714285714	baseline
ENOG410XSHU	0.0	0.033062673427872245	0.5336476914211434	1.368746985028939	0.47372862089391665	0.6171179920693769	0.5262713791060833	0.6171179920693769	0.5714285714285714	baseline
ENOG410XSHZ	0.0	0.3414883498742992	0.9245696548518616	1.2373995959445432	0.6180607525749421	0.7882803082045061	0.6180607525749421	0.7882803082045061	0.5714285714285714	endpoint
ENOG410XSI9	0.0	0.5682779892806613	0.5790941505742864	1.345673912465633	0.31496788114485863	0.3744929500274545	0.6850321188551414	0.6255070499725455	0.8571428571428571	baseline
ENOG410XSID	0.0	0.19557051350400062	0.4478429361587676	1.1483611259876534	0.46103634370138274	0.3962802644319613	0.5389636562986173	0.6037197355680387	0.5714285714285714	baseline
ENOG410XSIM	0.0	0.1321122085988553	0.2519685762050404	1.1663314335050081	0.5661404621796775	0.5770875674048723	0.5661404621796775	0.5770875674048723	0.5714285714285714	endpoint
ENOG410XSIN	0.0	0.17703698082968136	0.6423339689623458	1.502274541180371	0.5580319705080586	0.6282488231349854	0.5580319705080586	0.6282488231349854	0.7142857142857143	endpoint
ENOG410XSIT	0.0	0.19286371743816394	0.2653445291255083	1.3757247105152917	0.469687957044658	0.435395647547365	0.5303120429553421	0.564604352452635	0.7142857142857143	baseline
ENOG410XSJ8	0.0	0.11178031497391779	0.0699932964394734	1.3293950564030748	0.4707831964607026	0.48052305380001986	0.5292168035392975	0.5194769461999802	0.7142857142857143	baseline
ENOG410XSJE	0.0	0.06601522602021881	0.05112402859100693	1.3099922596698927	0.5207549283052024	0.488471922027143	0.5207549283052024	0.511528077972857	0.5714285714285714	endpoint
ENOG410XSJU	0.0	0.3965208519021827	0.5234156226278159	0.9745324165452236	0.6201701236451248	0.5954848936743651	0.6201701236451248	0.5954848936743651	0.8571428571428571	endpoint
ENOG410XSK2	0.14285714285714285	1.0570475856080521	1.3493428568385712	2.1818158480205785	0.2258539215142246	0.10432661411607654	0.7741460784857754	0.8956733858839234	0.8571428571428571	baseline
ENOG410XSK3	0.0	0.8055444246155102	1.1607382184790993	1.7258839541050779	0.22563360640811697	0.10971763114204319	0.774366393591883	0.8902823688579569	0.8571428571428571	baseline
ENOG410XSK4	0.0	0.853921573879677	1.044901973548229	1.3003464698808844	0.7702525033299283	0.7676420123068985	0.7702525033299283	0.7676420123068985	1.0	endpoint
ENOG410XSK7	0.0	0.007254548051434424	0.25957841377722185	1.6722460620678743	0.45638283988510375	0.42972527482423273	0.5436171601148962	0.5702747251757673	0.5714285714285714	baseline
ENOG410XSK8	0.0	0.07231728201448662	0.055749310385661215	1.235384224402844	0.5325715200003901	0.4946975605220244	0.5325715200003901	0.5053024394779756	0.5714285714285714	endpoint
ENOG410XSKF	0.0	0.11258217668600697	0.11361007485634446	1.0264947766026618	0.5319467363547211	0.5397543817543281	0.5319467363547211	0.5397543817543281	0.5714285714285714	endpoint
ENOG410XSKS	0.0	0.37474662741169723	0.7377202766989637	1.463651420555254	0.5769011043057903	0.6856588092755799	0.5769011043057903	0.6856588092755799	0.5714285714285714	endpoint
ENOG410XSKU	0.0	0.4126323985192132	0.230774710421509	1.3369961134846458	0.36233143167330634	0.43340520353220224	0.6376685683266936	0.5665947964677978	0.8571428571428571	baseline
ENOG410XSKW	0.0	0.18811605381592816	0.7628986084007211	1.5931047136382497	0.5210197138686954	0.6930947358101744	0.5210197138686954	0.6930947358101744	0.5714285714285714	endpoint
ENOG410XSKX	0.0	0.2308219159530247	0.09531851086962885	1.3690810045749295	0.43329567137735925	0.4956484623713366	0.5667043286226408	0.5043515376286634	0.5714285714285714	baseline
ENOG410XSMF	0.0	0.5639055568115643	1.0601216125977106	1.4990417414843853	0.635577309250029	0.7610297649297472	0.635577309250029	0.7610297649297472	0.7142857142857143	endpoint
ENOG410XSMM	0.0	0.2040080956782522	0.031298710905804474	1.4854959610529592	0.5683522735806328	0.5058776186970922	0.5683522735806328	0.5058776186970922	0.5714285714285714	endpoint
ENOG410XSMW	0.0	0.09485027666049516	0.3571083312618176	1.9439528337998806	0.4694477177127983	0.5935003945744936	0.5305522822872017	0.5935003945744936	0.5714285714285714	endpoint
ENOG410XSN7	0.0	0.9658012353802045	1.2459635280236703	1.786803325017854	0.23459007489214842	0.0432493284420821	0.7654099251078516	0.9567506715579179	0.8571428571428571	baseline
ENOG410XSND	0.0	0.5275674185822281	0.8068671944003547	1.3750990503605451	0.3569081478336765	0.33668329667827146	0.6430918521663235	0.6633167033217285	0.7142857142857143	baseline
ENOG410XSNI	0.0	0.019461968236273757	0.41887492703201484	1.1336165337539879	0.5202421476094524	0.4010888684919521	0.5202421476094524	0.598911131508048	0.5714285714285714	baseline
ENOG410XSNN	0.0	0.6010989701091104	0.5226341053584616	1.456251858381106	0.2992976661996639	0.29153064139824164	0.7007023338003361	0.7084693586017583	0.8571428571428571	baseline
ENOG410XSNQ	0.0	0.051140940261619514	0.19521983446204508	0.6497508041041219	0.5377291622722835	0.5379325063088033	0.5377291622722835	0.5379325063088033	0.5714285714285714	endpoint
ENOG410XSNZ	0.0	0.0264243427634677	0.01515114619963107	1.4246461688302656	0.505171026801929	0.47612430531048944	0.505171026801929	0.5238756946895106	0.5714285714285714	baseline
ENOG410XSP4	0.0	0.7755249612889734	0.9554357929440649	1.285955330859785	0.7532233061633391	0.7709892398094708	0.7532233061633391	0.7709892398094708	1.0	endpoint
ENOG410XSP9	0.0	0.24338703777529083	0.06251359046071518	1.3559842889953413	0.5595102176064252	0.5436646946518262	0.5595102176064252	0.5436646946518262	0.5714285714285714	endpoint
ENOG410XSPA	0.0	0.19588906000934395	0.33011813373417137	1.5801405862880789	0.5186768492066202	0.6442685737492041	0.5186768492066202	0.6442685737492041	0.5714285714285714	endpoint
ENOG410XSPG	0.0	0.7684955009485614	0.6017591511735942	1.8532924133376911	0.27492894243572186	0.2939364435183166	0.7250710575642781	0.7060635564816834	0.8571428571428571	baseline
ENOG410XSPJ	0.0	0.5275029238871932	0.9127424735810895	1.234552939548786	0.3752190372685099	0.29981377419396066	0.6247809627314901	0.7001862258060394	0.7142857142857143	baseline
ENOG410XSPZ	0.0	0.22231454038441195	0.05285033608520041	1.2678598884939047	0.44239289719187536	0.47576497276595314	0.5576071028081246	0.5242350272340468	0.7142857142857143	baseline
ENOG410XSQ0	0.0	0.1837056104783707	0.05255940321197827	1.3636811333831194	0.44158349650882656	0.5292218976570789	0.5584165034911734	0.5292218976570789	0.5714285714285714	baseline
ENOG410XSQ6	0.0	0.19716907920231086	0.39525438954908987	1.3555944539698828	0.5343510981463439	0.581419927539075	0.5343510981463439	0.581419927539075	0.5714285714285714	endpoint
ENOG410XSQB	0.0	0.6273783635344167	0.5412197820451494	1.4971767183975215	0.7184626036585299	0.7239508816251649	0.7184626036585299	0.7239508816251649	0.8571428571428571	endpoint
ENOG410XSQF	0.0	0.6514541136701955	0.5839259466948777	1.1691834720450698	0.3080283677863783	0.3006407002000213	0.6919716322136217	0.6993592997999787	0.8571428571428571	baseline
ENOG410XSQH	0.0	0.26385602345817	0.8658097328065127	1.2844096544450958	0.42507100462500097	0.2911865409883137	0.574928995374999	0.7088134590116864	0.7142857142857143	baseline
ENOG410XSQM	0.0	0.22201298929532146	0.7313312426262764	1.5749770244733907	0.4508273973213699	0.33181559602451066	0.5491726026786301	0.6681844039754894	0.5714285714285714	baseline
ENOG410XSQN	0.0	0.5012314133973887	0.7294225038093688	1.7261294192137142	0.6739140369883437	0.7914521414349639	0.6739140369883437	0.7914521414349639	0.8571428571428571	endpoint
ENOG410XSRK	0.0	0.21462221275179205	0.34168982219330585	1.4074800061709574	0.6215396444307	0.6523869662176531	0.6215396444307	0.6523869662176531	0.7142857142857143	endpoint
ENOG410XSRM	0.0	0.19657417302510108	0.034302248112673246	0.9032434879192729	0.5791268811932685	0.5234022719147128	0.5791268811932685	0.5234022719147128	0.7142857142857143	endpoint
ENOG410XSRY	0.0	0.05421560023718681	0.02150060269392293	0.7147152119591925	0.4984106502178487	0.46354366908543304	0.5015893497821513	0.5364563309145669	0.5714285714285714	endpoint
ENOG410XSSD	0.0	0.9863190868577233	1.0835052548483288	1.3646715024701381	0.21664046586022664	0.24408942705029033	0.7833595341397733	0.7559105729497096	1.0	baseline
ENOG410XSSF	0.0	0.5508007839319659	1.2216698070485643	1.4710684467780495	0.38454014263551334	0.19244059131979316	0.6154598573644867	0.8075594086802068	0.7142857142857143	baseline
ENOG410XSSS	0.0	0.8534502527450004	1.2098307500681735	1.4728514234066938	0.7672516290411642	0.7781646060391106	0.7672516290411642	0.7781646060391106	0.8571428571428571	endpoint
ENOG410XST3	0.0	0.6812049276793296	0.7777922549906648	1.3269926526330076	0.2816581158800654	0.2039481396817734	0.7183418841199346	0.7960518603182266	0.8571428571428571	baseline
ENOG410XST8	0.0	0.7930847563905274	1.2040999432168482	1.4555922039908284	0.2486309126624872	0.1654721408812702	0.7513690873375127	0.8345278591187297	0.8571428571428571	baseline
ENOG410XSTJ	0.0	0.018015061374429812	0.18875386934271768	1.2792911614309626	0.5367469261807623	0.44477586664021673	0.5367469261807623	0.5552241333597833	0.7142857142857143	endpoint
ENOG410XSTW	0.0	0.028559807951734437	0.3203566538536894	1.4238625559483815	0.4820755741064819	0.4174426112126097	0.5179244258935181	0.5825573887873903	0.5714285714285714	endpoint
ENOG410XSU0	0.0	0.13224305714049936	0.27660323255333397	1.500045743266258	0.46928347559260175	0.3759802244149689	0.5307165244073982	0.6240197755850311	0.5714285714285714	baseline
ENOG410XSU2	0.0	0.19789219818183887	0.17274627487169056	1.5676708609812986	0.43552521517008663	0.44194549867594246	0.5644747848299134	0.5580545013240575	0.5714285714285714	baseline
ENOG410XSUA	0.0	0.11866975703292419	0.04780202571493676	1.2824012842539605	0.42445842684850693	0.5208116889458544	0.575541573151493	0.5208116889458544	0.5714285714285714	baseline
ENOG410XSUN	0.0	0.3337526869528065	0.2927115099512168	1.0278356036639402	0.3939130451012379	0.39864501041508377	0.6060869548987621	0.6013549895849162	0.8571428571428571	baseline
ENOG410XSUS	0.0	1.1062404708645492	1.4330276953842105	1.883758181548582	0.20599100958153377	0.0778100934721486	0.7940089904184662	0.9221899065278514	0.8571428571428571	baseline
ENOG410XSV4	0.0	0.6582821573873134	1.130384015217923	1.4167870162543499	0.7031957412619352	0.8159182693627057	0.7031957412619352	0.8159182693627057	0.7142857142857143	endpoint
ENOG410XSV5	0.0	0.08450206770395782	0.033068453058930525	1.389690948960988	0.5202535657154655	0.5164531443614633	0.5202535657154655	0.5164531443614633	0.5714285714285714	endpoint
ENOG410XSVA	0.0	0.6081935943530876	0.46927504230679645	1.3817602165833145	0.32202076397479756	0.3098460282986716	0.6779792360252024	0.6901539717013284	0.7142857142857143	baseline
ENOG410XSVF	0.0	0.46471287779077247	0.8903103960102696	1.2233811287373462	0.3938173818236916	0.32283197136680897	0.6061826181763084	0.677168028633191	0.7142857142857143	baseline
ENOG410XSVH	0.0	1.0045303296266372	1.3800560609513222	1.7616645478325574	0.23086501292228162	0.049645532569279956	0.7691349870777184	0.95035446743072	0.8571428571428571	baseline
ENOG410XSVM	0.0	0.02064503167849268	0.2873334365280342	1.3131926437723531	0.5130029243079599	0.5868354353904923	0.5130029243079599	0.5868354353904923	0.5714285714285714	endpoint
ENOG410XSVW	0.0	0.12941439278992117	0.11425308706277777	1.2763034435519198	0.48793022929172736	0.4317065726291705	0.5120697707082726	0.5682934273708296	0.7142857142857143	baseline
ENOG410XSWR	0.14285714285714285	0.83693191695202	1.2305681276802911	2.0604348567628064	0.22917539714936255	0.07123524078230696	0.7708246028506375	0.9287647592176931	0.7142857142857143	baseline
ENOG410XSWU	0.0	0.16789942152707665	0.20579501992640667	1.270934134857145	0.5377155334860786	0.4509109315307947	0.5377155334860786	0.5490890684692054	0.5714285714285714	endpoint
ENOG410XSX2	0.0	0.4687307678350237	0.9116632930302773	1.4963881028245065	0.6531082484718251	0.8628960237163213	0.6531082484718251	0.8628960237163213	0.5714285714285714	endpoint
ENOG410XSXG	0.0	0.7313408713100705	0.5624231864153727	1.7971697626447132	0.7139919743265278	0.6917453785439573	0.7139919743265278	0.6917453785439573	1.0	endpoint
ENOG410XSXN	0.0	0.1688117747225693	0.480962321015091	0.9946382707509946	0.4831829934539436	0.3811816362088499	0.5168170065460564	0.6188183637911501	0.7142857142857143	baseline
ENOG410XSYQ	0.0	0.4090712166943343	0.8583260616167762	1.3056931678582449	0.39527260486831073	0.32713105124439096	0.6047273951316893	0.672868948755609	0.7142857142857143	baseline
ENOG410XSYT	0.0	0.18021899288694007	0.18390490425006994	1.2011652264182884	0.5383111140164275	0.5313290137064266	0.5383111140164275	0.5313290137064266	0.7142857142857143	endpoint
ENOG410XSZ8	0.0	0.6401806772360976	1.2147417777849265	1.5079475822325399	0.6902831256131124	0.7409748608493089	0.6902831256131124	0.7409748608493089	0.7142857142857143	endpoint
ENOG410XSZ9	0.0	1.1691142505366379	1.2166457750120563	1.6182729001924328	0.8605010809588364	0.8915143233399833	0.8605010809588364	0.8915143233399833	1.0	endpoint
ENOG410XSZC	0.0	0.4828161549172093	0.38564143234560316	1.3836290630710164	0.6701034615256231	0.6634965843080805	0.6701034615256231	0.6634965843080805	0.7142857142857143	endpoint
ENOG410XSZJ	0.14285714285714285	0.051231496371290305	0.5182155874452751	2.012434798668176	0.5329060087566315	0.6343430225295305	0.5329060087566315	0.6343430225295305	0.5714285714285714	baseline
ENOG410XSZM	0.0	0.47044623933399615	0.5617245298345684	1.573442299393096	0.3301188452653113	0.3528035491437839	0.6698811547346887	0.647196450856216	0.7142857142857143	baseline
ENOG410XT00	0.0	0.2166917537712774	0.2253318114499241	1.3708442659884112	0.4389372379615513	0.5080252866829016	0.5610627620384487	0.5080252866829016	0.5714285714285714	baseline
ENOG410XT02	0.0	0.8937774194436331	1.3190932835376867	1.660553149035175	0.2728026772122361	0.20481711795525215	0.727197322787764	0.7951828820447479	0.8571428571428571	baseline
ENOG410XT0B	0.0	0.7503821563334173	1.245367923968201	1.516652452679016	0.7337695198389715	0.8345728963360213	0.7337695198389715	0.8345728963360213	0.8571428571428571	endpoint
ENOG410XT0J	0.0	0.6278263336837971	0.9140601315042416	1.8148624132495175	0.7023265822707392	0.863797096788927	0.7023265822707392	0.863797096788927	0.7142857142857143	endpoint
ENOG410XT0N	0.0	0.7894520946837275	1.105866785937664	1.8112134605208465	0.6970100581319459	0.7548971830365969	0.6970100581319459	0.7548971830365969	0.7142857142857143	endpoint
ENOG410XT0S	0.0	0.2442932194236866	0.4623799311921355	1.1827944369470151	0.5526906272973519	0.6212897677728616	0.5526906272973519	0.6212897677728616	0.5714285714285714	endpoint
ENOG410XT14	0.0	0.13094642017357733	0.18264551604163343	1.5647988984258725	0.5131791454630444	0.45424829988819226	0.5131791454630444	0.5457517001118077	0.5714285714285714	endpoint
ENOG410XT1B	0.0	0.222062495619286	0.4583589543722346	1.1307316673202221	0.5781688129720975	0.6203497441692548	0.5781688129720975	0.6203497441692548	0.5714285714285714	endpoint
ENOG410XT1M	0.0	0.3367428502367781	0.05944994574985444	1.4447718471953526	0.3848972951479776	0.49929642551708847	0.6151027048520223	0.5007035744829116	0.5714285714285714	baseline
ENOG410XT1T	0.0	0.030621300384716863	0.4806516391629123	1.3663618719732107	0.5037367512932963	0.5921998514469167	0.5037367512932963	0.5921998514469167	0.5714285714285714	endpoint
ENOG410XT21	0.0	0.4174511776458059	0.45011142988570774	1.4025746751883614	0.3621524435799299	0.35883372051167345	0.6378475564200701	0.6411662794883266	0.7142857142857143	baseline
ENOG410XT26	0.0	0.9199799328413597	1.0251898339680103	1.2102640440856378	0.21270880196961972	0.19992833203383886	0.7872911980303803	0.8000716679661611	1.0	baseline
ENOG410XT2E	0.0	0.021859229128082577	0.188366799916888	1.3363421107539344	0.47903264783382127	0.559556557434935	0.5209673521661787	0.559556557434935	0.5714285714285714	baseline
ENOG410XT2G	0.0	1.2467783497325324	1.4395674486482715	1.8673924137168576	0.8662800023220811	0.9278603313576828	0.8662800023220811	0.9278603313576828	1.0	endpoint
ENOG410XT2N	0.0	0.2598741799806829	0.3443173160791274	1.4656519277003186	0.40067806785698823	0.41272904579367703	0.5993219321430118	0.587270954206323	0.7142857142857143	baseline
ENOG410XT2P	0.0	1.133818004705429	1.4279634326406938	1.924707423724354	0.8264063325612107	0.9610691706053388	0.8264063325612107	0.9610691706053388	0.8571428571428571	endpoint
ENOG410XT2W	0.0	0.04993153607917909	0.003923183577908247	1.3435434546083271	0.4496137209410068	0.5122774670429078	0.5503862790589932	0.5122774670429078	0.5714285714285714	baseline
ENOG410XT32	0.0	0.42863806800778514	0.6434107221507354	1.4851857878848003	0.6264774901289589	0.7171573302269443	0.6264774901289589	0.7171573302269443	0.5714285714285714	endpoint
ENOG410XT3D	0.0	0.37078152401146863	0.6226445895366802	1.335057585571316	0.4012038186182837	0.36726370563262495	0.5987961813817163	0.6327362943673751	0.7142857142857143	baseline
ENOG410XT3G	0.0	0.05708897714378545	0.25737521237073585	1.155058778425592	0.4738833430126147	0.4530254742763443	0.5261166569873853	0.5469745257236557	0.5714285714285714	baseline
ENOG410XT3I	0.0	0.12103527978245958	0.7594223573550616	1.4902686356143828	0.5167504686454919	0.608183143460324	0.5167504686454919	0.608183143460324	0.5714285714285714	endpoint
ENOG410XT3J	0.0	0.18701788668617494	0.07610425845926894	1.514997919598605	0.4315766591403694	0.5487740022273031	0.5684233408596306	0.5487740022273031	0.5714285714285714	baseline
ENOG410XT3K	0.0	0.5887994830559357	0.9698233454943571	1.4912039050640848	0.6813186352458789	0.8429285713206669	0.6813186352458789	0.8429285713206669	0.8571428571428571	endpoint
ENOG410XT3Q	0.0	0.7583647797809292	0.8920691198532243	1.8881225122676362	0.29327945488960233	0.29793513899592045	0.7067205451103977	0.7020648610040796	0.7142857142857143	baseline
ENOG410XT3T	0.0	0.19380040750420274	0.1707320794278416	1.2951098934527494	0.42739565603939517	0.473280898195642	0.5726043439606048	0.526719101804358	0.5714285714285714	baseline
ENOG410XT3V	0.0	0.8837138199483533	1.22521894812412	1.371445046391225	0.23050474707077193	0.13838671560625843	0.769495252929228	0.8616132843937416	1.0	baseline
ENOG410XT3W	0.0	0.30339976796637924	0.11937304333235589	1.2800184488085329	0.39583807824160655	0.4384941400207326	0.6041619217583934	0.5615058599792674	0.7142857142857143	baseline
ENOG410XT41	0.0	0.04264704007940334	0.055486455517941825	0.9807012784631358	0.5300540106610598	0.49234155021781734	0.5300540106610598	0.5076584497821827	0.5714285714285714	endpoint
ENOG410XT46	0.0	0.26545935658203224	0.23908478240986386	1.3585064394334265	0.40472190839504074	0.4573014093671018	0.5952780916049593	0.5426985906328983	0.5714285714285714	baseline
ENOG410XT4D	0.0	0.49668712098322537	0.6640919543001144	1.458058976106968	0.6567864059018255	0.6427556173529471	0.6567864059018255	0.6427556173529471	0.8571428571428571	endpoint
ENOG410XT4G	0.0	0.6321727321009546	0.8248355845583747	1.3905170638769802	0.7285591860021989	0.8174515687358943	0.7285591860021989	0.8174515687358943	0.8571428571428571	endpoint
ENOG410XT4P	0.0	1.0058025134658828	1.1985862428126375	1.5079534360119922	0.8049627974718988	0.7934000138758542	0.8049627974718988	0.7934000138758542	0.8571428571428571	endpoint
ENOG410XT4Y	0.0	0.6636786148918228	1.065701271524886	1.6430110819772392	0.6655356941469798	0.753049290146767	0.6655356941469798	0.753049290146767	0.8571428571428571	endpoint
ENOG410XT55	0.0	0.29605987320500954	0.3684921018412911	1.1785627616167174	0.4068994299319123	0.38889157978171585	0.5931005700680877	0.6111084202182842	0.8571428571428571	baseline
ENOG410XT59	0.0	0.033331210511550795	0.08192541391457413	1.2227203612507815	0.47451056842427697	0.5385825669895059	0.525489431575723	0.5385825669895059	0.5714285714285714	endpoint
ENOG410XT5H	0.0	0.17229570762965452	0.018941426363398448	1.7858945434855946	0.525529222004758	0.5128566366737619	0.525529222004758	0.5128566366737619	0.5714285714285714	endpoint
ENOG410XT5M	0.0	0.03985481359582981	0.058129123355015154	1.4730567672767447	0.4790780738012438	0.48937728983257134	0.5209219261987562	0.5106227101674287	0.5714285714285714	baseline
ENOG410XT5W	0.0	0.699200042185878	1.0189231181020257	1.261868058221986	0.29768070363618	0.27499087255427335	0.7023192963638201	0.7250091274457267	0.8571428571428571	baseline
ENOG410XT60	0.0	0.4470558594508133	0.45308230367421	1.2344103057463236	0.6578914277582353	0.5458311965327155	0.6578914277582353	0.5458311965327155	0.5714285714285714	endpoint
ENOG410XT63	0.0	0.26495914806961585	0.25875367574838126	1.3976486889167627	0.3881063083560061	0.4527032172304243	0.6118936916439939	0.5472967827695757	0.5714285714285714	baseline
ENOG410XT66	0.0	0.5685225089166714	0.2920716088792584	1.5926853119932707	0.667569500520023	0.5814751033180876	0.667569500520023	0.5814751033180876	0.8571428571428571	endpoint
ENOG410XT7Q	0.14285714285714285	1.2810272925936879	1.3030165559603473	2.140449938121289	0.845672724532115	0.8651261074205401	0.845672724532115	0.8651261074205401	1.0	endpoint
ENOG410XT7T	0.0	0.607825950789708	0.6993913322776525	1.2788262905296999	0.6941823539137462	0.6730959075301121	0.6941823539137462	0.6730959075301121	0.8571428571428571	endpoint
ENOG410XT7W	0.0	0.1096793203152052	0.12198624427420585	1.4245504653792909	0.4468352157888224	0.5127952294960698	0.5531647842111775	0.5127952294960698	0.5714285714285714	baseline
ENOG410XT83	0.0	0.7179256199141825	0.6229228145589716	1.5080675148433897	0.727609790404854	0.6336770683743957	0.727609790404854	0.6336770683743957	0.8571428571428571	endpoint
ENOG410XT85	0.0	0.45982878651323966	0.6810909142397803	1.5621294461743376	0.6433352900795014	0.7270760900044689	0.6433352900795014	0.7270760900044689	0.7142857142857143	endpoint
ENOG410XT8A	0.0	0.8687210929353834	0.8603184902347188	1.4922616182159563	0.25481751329590413	0.2382341912240201	0.7451824867040959	0.7617658087759799	1.0	baseline
ENOG410XT8Q	0.0	0.6614214683855908	0.7099317296159887	1.5388709493588597	0.3257431815544601	0.3527742978747851	0.67425681844554	0.6472257021252149	0.8571428571428571	baseline
ENOG410XT8S	0.0	1.1048303687679677	1.3315002842490573	1.5851814692570918	0.19056270277444615	0.21710920042149598	0.8094372972255539	0.782890799578504	1.0	baseline
ENOG410XT98	0.0	0.9582329784737121	1.1201658370030578	1.7732437987237375	0.25184418849944856	0.17438604452162837	0.7481558115005514	0.8256139554783717	0.8571428571428571	baseline
ENOG410XT9F	0.0	0.8714458314925014	1.0064494988356845	1.550403353594642	0.26783323519343266	0.195058875949216	0.7321667648065673	0.804941124050784	0.8571428571428571	baseline
ENOG410XT9M	0.0	0.04636025345476221	0.1104899236821009	1.4769544635702792	0.5175338043408838	0.4771805530721036	0.5175338043408838	0.5228194469278964	0.5714285714285714	endpoint
ENOG410XT9P	0.0	0.9502250814047498	1.0524688879642334	1.7079751941849226	0.22616207898067267	0.16949998562785681	0.7738379210193274	0.8305000143721432	1.0	baseline
ENOG410XT9Q	0.0	0.34459007722356055	0.7924739424382562	1.4062279938258835	0.4081943679108022	0.3390725340441731	0.5918056320891978	0.6609274659558269	0.5714285714285714	baseline
ENOG410XT9Z	0.0	0.20244756865876554	0.6146382641223718	1.856624589345303	0.526465411163972	0.6920692373209066	0.526465411163972	0.6920692373209066	0.7142857142857143	endpoint
ENOG410XTAD	0.0	0.6348763260530322	0.897438422698598	1.2605256058890837	0.6993729444176466	0.7215203916280946	0.6993729444176466	0.7215203916280946	0.7142857142857143	endpoint
ENOG410XTAF	0.0	1.1653934658712248	1.0649380024655117	1.853934882137851	0.17183755717442467	0.16287314934267877	0.8281624428255754	0.8371268506573213	1.0	baseline
ENOG410XTAM	0.0	0.11232628045896771	0.06510429129922439	1.3965496729993603	0.5959038894310035	0.49327061799042726	0.5959038894310035	0.5067293820095727	0.5714285714285714	endpoint
ENOG410XTB1	0.0	0.4093887662710229	0.6164024387858731	1.474794528979674	0.6359487846359909	0.5729418571701047	0.6359487846359909	0.5729418571701047	0.5714285714285714	endpoint
ENOG410XTC8	0.0	0.17273449126625	0.013308459268261892	1.4495559422926745	0.45232535002015145	0.46841170572773	0.5476746499798486	0.5315882942722701	0.7142857142857143	baseline
ENOG410XTCH	0.14285714285714285	0.2738323444727389	0.559132237623481	2.3043036692490197	0.5305948880181556	0.6452902992356463	0.5305948880181556	0.6452902992356463	0.7142857142857143	endpoint
ENOG410XTD7	0.0	0.33766422415862635	0.3319205574945868	1.848332559426226	0.42214583959854574	0.41614605253505904	0.5778541604014542	0.5838539474649409	0.7142857142857143	baseline
ENOG410XTD8	0.0	0.6848650741336095	0.7881918659913617	1.1148356981112495	0.7120729363658561	0.6955057184635469	0.7120729363658561	0.6955057184635469	0.8571428571428571	endpoint
ENOG410XTDI	0.0	0.06884864272874393	0.030700624230306086	1.2155401660168716	0.4833120203556132	0.48146163115438206	0.5166879796443868	0.518538368845618	0.5714285714285714	endpoint
ENOG410XTDY	0.0	0.5155963490960148	0.44364322758461716	1.0930108689873415	0.36337062263243874	0.40296575037323334	0.6366293773675613	0.5970342496267667	1.0	baseline
ENOG410XTE0	0.0	0.028185753534402447	0.046748957152941875	1.4733071438496952	0.49324926698481936	0.5273697678331347	0.5067507330151806	0.5273697678331347	0.5714285714285714	endpoint
ENOG410XTE1	0.0	1.3461462609917316	1.3343684656502854	1.7740465425739054	0.11753627669029161	0.08601603996712165	0.8824637233097083	0.9139839600328783	1.0	baseline
ENOG410XTE8	0.0	1.3010642234553984	1.3215166183809361	1.683545505543094	0.11951806356166007	0.06535757443392204	0.8804819364383399	0.9346424255660779	1.0	baseline
ENOG410XTE9	0.0	1.040119254040531	1.3489196916857265	1.4929819603475976	0.18476952104679942	0.038843329012796315	0.8152304789532006	0.9611566709872037	0.8571428571428571	baseline
ENOG410XTEI	0.0	0.2823848729107559	0.6843812865175333	1.3827143691971817	0.6110593041290928	0.6731892248912731	0.6110593041290928	0.6731892248912731	0.5714285714285714	endpoint
ENOG410XTEU	0.0	0.5720818055939887	0.9282080688539152	1.1654716987744922	0.6875787862076373	0.7547794840457855	0.6875787862076373	0.7547794840457855	0.7142857142857143	endpoint
ENOG410XTEX	0.0	1.0503555587879998	1.1425484313406102	1.6695328998556693	0.808812801144181	0.777422645610136	0.808812801144181	0.777422645610136	1.0	endpoint
ENOG410XTFC	0.0	0.10395793684943129	0.27153227759742166	1.2462337699106856	0.5185345877444707	0.5743890493513166	0.5185345877444707	0.5743890493513166	0.5714285714285714	endpoint
ENOG410XTFW	0.0	0.1856015139502409	0.35665775986175224	0.9258389179370515	0.5687583524964323	0.5505669058439161	0.5687583524964323	0.5505669058439161	0.7142857142857143	endpoint
ENOG410XTGU	0.0	0.14042611760627313	0.07550047386412367	1.2460420173773405	0.5363013976493617	0.47352237737244407	0.5363013976493617	0.5264776226275559	0.5714285714285714	endpoint
ENOG410XTH0	0.0	0.3807658873993086	1.0076242102985975	1.4626753563222195	0.33276928189562405	0.16843861404478067	0.667230718104376	0.8315613859552193	0.5714285714285714	baseline
ENOG410XTHE	0.0	0.7845685413418926	1.2434754552731897	1.8923860615864643	0.29436376832522004	0.15649036698442276	0.70563623167478	0.8435096330155772	0.7142857142857143	baseline
ENOG410XTHF	0.0	0.19178990065124027	0.4304473769814868	1.5559849597164819	0.4223498421143196	0.3991678759388367	0.5776501578856804	0.6008321240611634	0.7142857142857143	baseline
ENOG410XTHI	0.0	0.2796252762121684	0.24560155844952786	1.3140695679116854	0.5680576368705824	0.5753325810151062	0.5680576368705824	0.5753325810151062	0.5714285714285714	endpoint
ENOG410XTI1	0.0	0.06590286100312281	0.6923667778398627	1.438059033240814	0.4475022214624561	0.608144059892856	0.5524977785375439	0.608144059892856	0.5714285714285714	baseline
ENOG410XTI6	0.0	0.7539488364661643	1.0703620166833987	1.419345001247775	0.7359710942251106	0.8115369295568209	0.7359710942251106	0.8115369295568209	0.8571428571428571	endpoint
ENOG410XTIC	0.0	0.8292644528627916	1.0676866864253822	1.9120192286387507	0.2591995857476713	0.14689645584510713	0.7408004142523287	0.8531035441548929	0.7142857142857143	baseline
ENOG410XTIR	0.0	0.3837034942286634	0.35520878166692677	1.475059187845589	0.4074516509281179	0.4301539511408821	0.5925483490718821	0.5698460488591179	0.7142857142857143	baseline
ENOG410XTIS	0.0	0.3784266952651927	0.32037130449489726	0.836919431977832	0.6097792239396203	0.5880910036440795	0.6097792239396203	0.5880910036440795	0.8571428571428571	endpoint
ENOG410XTJ6	0.0	0.272159519268267	0.5368921959547328	1.3210615295743107	0.5387526700831942	0.6552108304777067	0.5387526700831942	0.6552108304777067	0.5714285714285714	endpoint
ENOG410XTJ7	0.0	0.029036725699358445	0.2353176550162779	1.3290743294853375	0.4688803689028454	0.5310847621604748	0.5311196310971547	0.5310847621604748	0.5714285714285714	endpoint
ENOG410XTJD	0.0	0.27580398670392	0.6222474747927133	1.41636720787886	0.5515378238764216	0.6806600432269154	0.5515378238764216	0.6806600432269154	0.7142857142857143	endpoint
ENOG410XTJH	0.0	0.6874321944209054	0.7502026801505597	1.4625626698281688	0.6975651266724733	0.7863155568332012	0.6975651266724733	0.7863155568332012	0.8571428571428571	endpoint
ENOG410XTK8	0.0	0.029946245898213326	0.1676418772615366	1.2465951931743147	0.497972876837829	0.5523859317187347	0.502027123162171	0.5523859317187347	0.5714285714285714	baseline
ENOG410XTKQ	0.0	0.13466296403724382	0.37743597128998413	1.2944622781065251	0.5275482889898322	0.5332741285121084	0.5275482889898322	0.5332741285121084	0.5714285714285714	endpoint
ENOG410XTKS	0.0	0.9441220310330912	1.1024906973781605	1.7068452321971521	0.7637824585101309	0.7539521440918472	0.7637824585101309	0.7539521440918472	1.0	endpoint
ENOG410XTM1	0.0	1.3656148056011261	1.3432172416265216	1.699859300024634	0.9009957526767118	0.9147781451437006	0.9009957526767118	0.9147781451437006	1.0	endpoint
ENOG410XTMC	0.0	0.8492755788545193	0.7482805639435127	1.3440084492844289	0.23396652421999534	0.28628070116744625	0.7660334757800047	0.7137192988325538	1.0	baseline
ENOG410XTMS	0.0	0.4206246928465383	0.6173938337388137	1.0079980729648303	0.3828560478411952	0.30839961878964167	0.6171439521588048	0.6916003812103584	0.8571428571428571	baseline
ENOG410XTNF	0.0	0.15291259465202536	0.38555589842076554	1.0698112105305477	0.4312070208879855	0.3895688644414337	0.5687929791120145	0.6104311355585663	0.5714285714285714	baseline
ENOG410XTPT	0.0	0.6804387575504028	1.0863567464402928	1.501769660468574	0.6732244800829825	0.7258683775382514	0.6732244800829825	0.7258683775382514	0.8571428571428571	endpoint
ENOG410XTVV	0.0	0.48702476093385255	0.4295044028861894	1.4526694695933982	0.3756450098728416	0.412785127414995	0.6243549901271583	0.587214872585005	0.8571428571428571	baseline
ENOG410XTW4	0.0	0.20555253573209437	0.23879021332014624	1.2755024346573824	0.5962434690475813	0.5102593416913409	0.5962434690475813	0.5102593416913409	0.5714285714285714	endpoint
ENOG410XTWD	0.0	0.6008380434853582	0.8367287988035144	1.24130891624188	0.33058875146311173	0.2770021665027149	0.6694112485368883	0.7229978334972851	0.8571428571428571	baseline
ENOG410XTWY	0.0	0.1044228360807095	0.35456445045007573	1.3417243766179663	0.5586238551921519	0.5926272128012207	0.5586238551921519	0.5926272128012207	0.5714285714285714	endpoint
ENOG410XTX8	0.0	0.3432669079372691	1.0437673193347357	1.3463654075744962	0.406293560593762	0.2943934019589046	0.593706439406238	0.7056065980410954	0.5714285714285714	baseline
ENOG410XTYU	0.0	0.475145417024026	0.2602380801881985	1.2429924458993074	0.3611880034110854	0.42176973044396837	0.6388119965889145	0.5782302695560316	0.8571428571428571	baseline
ENOG410XU1U	0.0	1.027255200637681	0.9355985744336435	1.5086652091707906	0.8199259799806914	0.8463574746551389	0.8199259799806914	0.8463574746551389	1.0	endpoint
ENOG410XU52	0.0	1.0296626246708371	1.5033870069297897	1.979085147613251	0.7701177563700226	0.9184370864935579	0.7701177563700226	0.9184370864935579	0.8571428571428571	endpoint
ENOG410XU7P	0.0	1.2599065408755332	1.1940815596644576	1.806528259607538	0.866612888511761	0.8803912554765229	0.866612888511761	0.8803912554765229	1.0	endpoint
ENOG410XU8G	0.0	0.44095014779965525	0.6695387212760961	1.195861808772673	0.3951309958870896	0.3594794181006369	0.6048690041129103	0.6405205818993631	0.8571428571428571	baseline
ENOG410XU9J	0.0	0.10835540450767622	0.01241977561690856	1.4868528395051546	0.49783499435865447	0.47268251682088763	0.5021650056413456	0.5273174831791123	0.5714285714285714	endpoint
ENOG410XUAX	0.0	0.4475171646052865	0.44214776665452155	1.513583904620943	0.6335745910183438	0.616559894145318	0.6335745910183438	0.616559894145318	0.7142857142857143	endpoint
ENOG410XUAZ	0.0	0.2295883903592825	0.31308341625463143	1.3147647795846704	0.44524790872528014	0.41864994719814724	0.5547520912747199	0.5813500528018527	0.5714285714285714	baseline
ENOG410XUB6	0.0	0.059612059743883714	0.08052579539660468	1.4072995686569567	0.47829109850103135	0.4943693152597104	0.5217089014989686	0.5056306847402896	0.5714285714285714	baseline
ENOG410XUBJ	0.0	0.6849913029676709	0.9885510386018824	1.4793550675412244	0.7110774480245678	0.8275773088000691	0.7110774480245678	0.8275773088000691	0.8571428571428571	endpoint
ENOG410XUBN	0.0	0.8203482237892729	0.902797357693233	1.4217619438020337	0.7235873946594819	0.7564801335071027	0.7235873946594819	0.7564801335071027	1.0	endpoint
ENOG410XUC3	0.0	0.7433258805535379	0.8834780601007913	1.5354671791419343	0.7127573137450739	0.6811008640310316	0.7127573137450739	0.6811008640310316	0.8571428571428571	endpoint
ENOG410XUCI	0.0	0.4668048519305553	0.6267452556287118	1.817825778441882	0.3879088407936443	0.31268767543047205	0.6120911592063557	0.687312324569528	0.5714285714285714	baseline
ENOG410XUCQ	0.0	0.7037813847711588	0.8327966442154101	1.3515218211249118	0.3088258965137607	0.26575252207930394	0.6911741034862393	0.734247477920696	0.7142857142857143	baseline
ENOG410XUCS	0.0	0.06269092315551442	0.4607640072491683	1.757495649714715	0.4800653257472693	0.405477259885101	0.5199346742527307	0.5945227401148989	0.5714285714285714	baseline
ENOG410XUCW	0.0	0.5750555637952728	0.15406067059698061	1.4641977160616415	0.3115034000763931	0.44504725386338373	0.6884965999236069	0.5549527461366163	0.7142857142857143	baseline
ENOG410XUD3	0.0	0.1999799334777923	0.8927470164732118	1.3539380256304894	0.5769087724644243	0.6419344730129934	0.5769087724644243	0.6419344730129934	0.5714285714285714	endpoint
ENOG410XUDT	0.0	0.6888557579858663	0.9777822382875704	1.2395921072670508	0.7201644409769898	0.658735213601012	0.7201644409769898	0.658735213601012	0.8571428571428571	endpoint
ENOG410XUDZ	0.0	0.4110443321276655	0.7602217105068713	1.2584682462332684	0.6353838237379751	0.7529454312275103	0.6353838237379751	0.7529454312275103	0.5714285714285714	endpoint
ENOG410XUEN	0.0	0.08586483821974834	0.161578899450617	1.4263040762900356	0.4911395173585322	0.4154620864128147	0.5088604826414678	0.5845379135871853	0.7142857142857143	endpoint
ENOG410XUEY	0.0	0.5092025041459614	0.4984707627634465	1.7821958888961975	0.33571414407707645	0.3702386348579937	0.6642858559229236	0.6297613651420063	0.7142857142857143	baseline
ENOG410XUF0	0.0	0.04714371311554059	0.24671679861158285	1.499939239996755	0.5215585332193822	0.5556087316518741	0.5215585332193822	0.5556087316518741	0.5714285714285714	endpoint
ENOG410XUF9	0.0	0.015493125225014904	0.20770167211756138	1.4767297831515573	0.5262893281009121	0.5617511070000082	0.5262893281009121	0.5617511070000082	0.7142857142857143	baseline
ENOG410XUFC	0.0	0.4460231324074723	0.3930656071881059	1.3886944233308791	0.6130491169486669	0.6159791456162413	0.6130491169486669	0.6159791456162413	0.8571428571428571	endpoint
ENOG410XUFW	0.0	0.18169133785892336	0.19079713677812063	0.9651599784182722	0.5602430502305645	0.5459350511337834	0.5602430502305645	0.5459350511337834	0.5714285714285714	endpoint
ENOG410XUFZ	0.0	0.5767720722622941	0.9580475979592967	1.7792687873607478	0.67062986795635	0.7659742406009583	0.67062986795635	0.7659742406009583	0.5714285714285714	endpoint
ENOG410XUGE	0.0	0.3593360824826318	0.6379398989688573	1.0890903558757166	0.6252845389569427	0.6734082762980983	0.6252845389569427	0.6734082762980983	0.7142857142857143	endpoint
ENOG410XUGJ	0.14285714285714285	1.2056768534201545	1.316066849162087	2.4365193761121717	0.8509341455445606	0.8750758994575437	0.8509341455445606	0.8750758994575437	0.8571428571428571	endpoint
ENOG410XUI8	0.0	0.8294081932237407	1.0818677884515002	1.6723571999380267	0.7489302322421122	0.8422725638931674	0.7489302322421122	0.8422725638931674	0.8571428571428571	endpoint
ENOG410XUII	0.0	0.4497284862414949	0.6164215833017352	1.1556768190071245	0.3657943192364023	0.33603971723465736	0.6342056807635976	0.6639602827653426	0.7142857142857143	baseline
ENOG410XUIX	0.0	0.1325476005955692	0.2944938577584018	0.8783266787300589	0.5455445934765772	0.5888091132231649	0.5455445934765772	0.5888091132231649	0.5714285714285714	endpoint
ENOG410XUJM	0.0	0.8136898833217956	1.1491199845441893	1.6102875024411507	0.28128924953447904	0.1801684321228433	0.718710750465521	0.8198315678771567	0.8571428571428571	baseline
ENOG410XUMV	0.0	0.9620719139616182	1.1136103044647387	1.745888385070922	0.794325749432553	0.8538868229221923	0.794325749432553	0.8538868229221923	1.0	endpoint
ENOG410XUMX	0.0	0.28754459378761676	0.5100817229926176	1.6594937696050625	0.405722160762076	0.3859488094207242	0.594277839237924	0.6140511905792758	0.5714285714285714	baseline
ENOG410XUN7	0.0	0.5172293812677969	0.3451511439858862	1.2657806179366171	0.3543758521055879	0.39040625907055476	0.645624147894412	0.6095937409294452	0.8571428571428571	baseline
ENOG410XUN9	0.0	0.04223093520492977	0.017955356507341654	1.5150614703872483	0.4993205375270948	0.48187678375605025	0.5006794624729052	0.5181232162439497	0.5714285714285714	baseline
ENOG410XUNB	0.0	0.3665169368300604	0.5187651641017822	1.399765220210415	0.3578823003634364	0.391917754590738	0.6421176996365636	0.608082245409262	0.7142857142857143	baseline
ENOG410XUNF	0.0	0.3849636576678093	0.759719912055372	1.1743446437771956	0.6038942977251069	0.7170426795186087	0.6038942977251069	0.7170426795186087	0.7142857142857143	endpoint
ENOG410XUQ1	0.0	1.1195165575212338	1.5064348842194935	1.5960911865869685	0.8185719106152521	0.9210093259482942	0.8185719106152521	0.9210093259482942	0.8571428571428571	endpoint
ENOG410XUQG	0.0	0.6891328519339716	0.7417272215084831	1.7625487976789989	0.7197735420316386	0.6865955524770467	0.7197735420316386	0.6865955524770467	0.7142857142857143	endpoint
ENOG410XUQX	0.0	0.718792151328033	0.9568953837271664	1.5687293973539327	0.7122116834165181	0.8336785738472068	0.7122116834165181	0.8336785738472068	0.7142857142857143	endpoint
ENOG410XUSB	0.0	0.7201920621857508	0.8444198556625581	1.4986133532156078	0.7083213560507906	0.8084775882220098	0.7083213560507906	0.8084775882220098	0.8571428571428571	endpoint
ENOG410XUST	0.0	0.12282947361795522	0.03977671156725747	1.2979633023467119	0.5421635709985695	0.4772236874862292	0.5421635709985695	0.5227763125137708	0.5714285714285714	endpoint
ENOG410XUSY	0.0	0.31457607523973047	0.6424461612870994	1.1507639216230767	0.591570173819603	0.6633856350417334	0.591570173819603	0.6633856350417334	0.7142857142857143	endpoint
ENOG410XUT4	0.0	0.03359804890280963	0.3552827143768216	1.4005735004778403	0.44668506697308485	0.5295967532161903	0.5533149330269151	0.5295967532161903	0.5714285714285714	baseline
ENOG410XUTM	0.0	1.0074491211935557	0.9131536220719285	1.9413646321222122	0.7961056397395152	0.8035437316212058	0.7961056397395152	0.8035437316212058	1.0	endpoint
ENOG410XUTQ	0.0	0.41507279094860206	0.2249670489127948	1.5728477699813508	0.613889418989567	0.5247465406326647	0.613889418989567	0.5247465406326647	0.7142857142857143	endpoint
ENOG410XUTU	0.0	0.4254519614061853	0.6769441301330847	1.1269744748149577	0.3634200755942082	0.32104475120685044	0.6365799244057918	0.6789552487931496	0.7142857142857143	baseline
ENOG410XUTY	0.14285714285714285	1.1884770358514611	1.2860598112417652	2.220448102862073	0.8301068387311308	0.8392087055039814	0.8301068387311308	0.8392087055039814	1.0	endpoint
ENOG410XUTZ	0.0	0.6415005696113057	1.0301736917636635	1.7138336679225656	0.3046778768228042	0.1680357947824462	0.6953221231771958	0.8319642052175538	0.7142857142857143	baseline
ENOG410XUV1	0.0	0.31483186862073964	0.6380770206684012	1.4091627445408996	0.44428537636447757	0.3640250393659995	0.5557146236355224	0.6359749606340005	0.7142857142857143	baseline
ENOG410XUV4	0.0	0.5426413402360672	0.4567050278230277	1.329071898100117	0.3423424398381254	0.366032668593441	0.6576575601618746	0.633967331406559	0.7142857142857143	baseline
ENOG410XUVJ	0.0	0.014852773374000086	0.03990575616722006	0.9820575252090195	0.4905262379028118	0.505160925473064	0.5094737620971882	0.505160925473064	0.5714285714285714	baseline
ENOG410XUVW	0.0	0.1294142836378947	0.11571504345382404	1.1981807579327268	0.5243802492636424	0.5493533030007873	0.5243802492636424	0.5493533030007873	0.5714285714285714	endpoint
ENOG410XUWD	0.0	0.6126519354259028	0.5762908250587307	1.500587169687893	0.6810274454187846	0.696165808035614	0.6810274454187846	0.696165808035614	0.7142857142857143	endpoint
ENOG410XUWV	0.0	0.8049942507394461	0.9605309117325556	1.5081039407079024	0.2575911253605519	0.2449218825026169	0.7424088746394482	0.7550781174973831	1.0	baseline
ENOG410XUX9	0.0	0.6589467717677934	1.1205012214536931	1.486463452489748	0.3375872560537853	0.2512439525801036	0.6624127439462146	0.7487560474198964	0.8571428571428571	baseline
ENOG410XUXE	0.0	0.35692330525107935	0.42268452742545193	1.3964612612816056	0.6381085866414483	0.6160092868882984	0.6381085866414483	0.6160092868882984	0.5714285714285714	endpoint
ENOG410XUXP	0.0	0.2860088636509443	0.3724408417085609	1.8806467926133246	0.5360325031057002	0.5987632467485484	0.5360325031057002	0.5987632467485484	0.7142857142857143	endpoint
ENOG410XUY1	0.0	0.26967046600092065	0.2077276757014251	0.9090296020816258	0.4358138453622123	0.4361386893326425	0.5641861546377878	0.5638613106673576	0.7142857142857143	baseline
ENOG410XUYD	0.0	0.7186751789922291	1.0796855689361662	1.6484643953182134	0.697243401271124	0.7656034249038761	0.697243401271124	0.7656034249038761	0.8571428571428571	endpoint
ENOG410XUYN	0.0	0.89694098841664	1.1265483867473711	1.5851493331110582	0.7628297936555889	0.928386459211924	0.7628297936555889	0.928386459211924	0.8571428571428571	endpoint
ENOG410XUYW	0.0	0.20007481778737857	0.542458999478273	1.4108002659472119	0.47850313675942463	0.3352759342265773	0.5214968632405754	0.6647240657734227	0.5714285714285714	baseline
ENOG410XUYX	0.0	0.19049854092646168	0.7745818856709157	1.3885224176486457	0.5595930686843068	0.7011114959227602	0.5595930686843068	0.7011114959227602	0.5714285714285714	endpoint
ENOG410XUZ1	0.0	0.9529493160668052	1.133700233330709	1.7603561915399277	0.8146645866442518	0.9247305425640668	0.8146645866442518	0.9247305425640668	0.8571428571428571	endpoint
ENOG410XV06	0.0	1.2861658259654511	1.2606806781641162	1.6010335266364064	0.8819519554681952	0.8949150108649745	0.8819519554681952	0.8949150108649745	1.0	endpoint
ENOG410XV13	0.0	0.6070800344055047	0.7528258153338594	1.5432907035339523	0.3479670400746207	0.3078695392987871	0.6520329599253794	0.6921304607012129	0.7142857142857143	baseline
ENOG410XV1E	0.0	0.5391421429050091	0.332696286884052	1.4176485921136248	0.6706599307929234	0.6016377753856212	0.6706599307929234	0.6016377753856212	0.8571428571428571	endpoint
ENOG410XV1P	0.0	0.5331238875781292	0.27301993300752087	1.4767388740120055	0.693175441720695	0.6133762896864369	0.693175441720695	0.6133762896864369	0.7142857142857143	endpoint
ENOG410XV1Q	0.0	0.7459881646005885	0.8414088785624699	1.5134425973879042	0.25082851123948874	0.2757121628313924	0.7491714887605112	0.7242878371686077	0.8571428571428571	baseline
ENOG410XV1U	0.0	0.39579687617332915	0.4219721694538973	1.245254487996844	0.5982114799465356	0.5604357482177692	0.5982114799465356	0.5604357482177692	0.8571428571428571	endpoint
ENOG410XV1V	0.0	0.5660809833757113	0.604707488531554	1.4363407535005548	0.332695572529892	0.3718261656233563	0.667304427470108	0.6281738343766436	0.8571428571428571	baseline
ENOG410XV2J	0.0	1.0119870538785682	1.196799617799801	1.5181570232623394	0.8115118901810866	0.8063313861276169	0.8115118901810866	0.8063313861276169	1.0	endpoint
ENOG410XV35	0.0	0.8713220547030393	1.2272816889579732	1.4528300240051408	0.25970236067874325	0.21765054921941163	0.7402976393212568	0.7823494507805884	0.8571428571428571	baseline
ENOG410XV3S	0.0	0.31198035765816423	0.1285819525162409	1.3868971220665613	0.4198246952974897	0.43480365061373816	0.5801753047025102	0.5651963493862618	0.7142857142857143	baseline
ENOG410XV4V	0.0	0.16168643574324207	0.4781519039878283	1.6067426351104304	0.5070250419208328	0.6648831800311006	0.5070250419208328	0.6648831800311006	0.5714285714285714	endpoint
ENOG410XV5R	0.0	0.2814246167235813	0.6041206163044479	1.1747426394322789	0.5862847618972298	0.6590653967792508	0.5862847618972298	0.6590653967792508	0.7142857142857143	endpoint
ENOG410XV5S	0.0	0.5738366310487015	0.49619424991731637	1.5602570159614595	0.3562184566872705	0.38740340581145877	0.6437815433127295	0.6125965941885412	0.7142857142857143	baseline
ENOG410XV63	0.0	0.032532783488556316	0.06562018885846853	1.147444009662534	0.541109281976076	0.5285353104706706	0.541109281976076	0.5285353104706706	0.7142857142857143	endpoint
ENOG410XV65	0.14285714285714285	1.3294807866653768	1.2925223213162227	2.0574213976931905	0.888329214770109	0.9636574436797568	0.888329214770109	0.9636574436797568	1.0	endpoint
ENOG410XV6C	0.0	0.7345517075853464	1.0586121490714127	1.5684783914737022	0.2938203325668833	0.29489437684547987	0.7061796674331167	0.7051056231545201	0.8571428571428571	baseline
ENOG410XV6Q	0.0	0.666474903024492	0.7639642305130698	1.750570832729458	0.6715408519031666	0.761210464790559	0.6715408519031666	0.761210464790559	0.8571428571428571	endpoint
ENOG410XV6R	0.0	0.2227316780522768	0.06579166502395581	1.3707898824609863	0.4211671954165722	0.5334397953005976	0.5788328045834278	0.5334397953005976	0.5714285714285714	baseline
ENOG410XV6S	0.0	0.6208130847367678	0.6092627139355982	1.235881678196315	0.6840345906459554	0.6538677055482026	0.6840345906459554	0.6538677055482026	0.8571428571428571	endpoint
ENOG410XV7P	0.0	0.4050719269464472	0.962292522959432	1.779154850430098	0.5828876355553261	0.7524020101037496	0.5828876355553261	0.7524020101037496	0.7142857142857143	endpoint
ENOG410XV8W	0.0	0.10442106454265665	0.08243353451023588	1.4314570864324263	0.47064868325967846	0.44262856755689406	0.5293513167403215	0.5573714324431059	0.5714285714285714	baseline
ENOG410XV92	0.0	0.3326620894377464	0.47836390131665407	0.7449407459613506	0.40616336443176465	0.3713758033594266	0.5938366355682354	0.6286241966405735	0.7142857142857143	baseline
ENOG410XV97	0.0	0.5049383596537139	0.8547568193662156	1.271196406741899	0.3294912798781508	0.2400070218091172	0.6705087201218491	0.7599929781908827	0.7142857142857143	baseline
ENOG410XV98	0.0	0.266819060857934	0.4368843070401267	1.3422025941031803	0.4643733058445117	0.4110598540777496	0.5356266941554884	0.5889401459222504	0.7142857142857143	baseline
ENOG410XV9Q	0.0	0.09671266193253474	0.23772564381856764	1.3666268585162582	0.46792409780843347	0.4421096665588278	0.5320759021915665	0.5578903334411722	0.5714285714285714	baseline
ENOG410XV9T	0.0	0.13437383414974077	0.03800609067024915	1.5651833099799153	0.5114671474598861	0.5221459714204462	0.5114671474598861	0.5221459714204462	0.7142857142857143	endpoint
ENOG410XVAX	0.0	0.39681790469485007	0.1444739880501964	0.9805136730540984	0.39823900512503424	0.42133331151084424	0.6017609948749658	0.5786666884891558	0.7142857142857143	baseline
ENOG410XVBQ	0.0	0.09972026724587571	0.043455619819305444	1.2410408975495328	0.5430604467275154	0.4651121954107789	0.5430604467275154	0.5348878045892211	0.5714285714285714	endpoint
ENOG410XVBT	0.0	0.400397255027602	0.8808065017494354	1.3722766542736693	0.5967231083807094	0.6984147471271926	0.5967231083807094	0.6984147471271926	0.7142857142857143	endpoint
ENOG410XVCE	0.0	0.4223803006458522	0.4007707419693165	1.174469074886009	0.6084485122973776	0.640217266858556	0.6084485122973776	0.640217266858556	0.7142857142857143	endpoint
ENOG410XVCG	0.0	0.23445463536647462	0.8094602002799957	1.2512650892855677	0.5649424113271171	0.6133229340489449	0.5649424113271171	0.6133229340489449	0.5714285714285714	endpoint
ENOG410XVCQ	0.0	0.4393693876466734	0.4991907102167029	1.009104065197679	0.6282340119722515	0.6387928436298798	0.6282340119722515	0.6387928436298798	0.8571428571428571	endpoint
ENOG410XVE6	0.0	0.2641632707140703	0.07249653729996039	1.4157530202203255	0.6093968266980047	0.5301428625982122	0.6093968266980047	0.5301428625982122	0.7142857142857143	endpoint
ENOG410XVET	0.14285714285714285	0.7543566310602066	0.7290539180395023	2.2320227670126993	0.3057242621642269	0.28007590639009455	0.6942757378357731	0.7199240936099054	0.7142857142857143	baseline
ENOG410XVEX	0.0	0.15476191895314856	0.4565720461446918	1.63100673540691	0.45156033330760315	0.37252310823428897	0.5484396666923969	0.627476891765711	0.7142857142857143	baseline
ENOG410XVFQ	0.0	0.8755895979300815	1.1708818482742283	1.4847657280374622	0.7744574522962347	0.8600214655807249	0.7744574522962347	0.8600214655807249	0.8571428571428571	endpoint
ENOG410XVG9	0.0	0.08883021794486741	0.28563235244896457	0.9340931871104768	0.4921850244710448	0.3728809978768507	0.5078149755289552	0.6271190021231493	0.5714285714285714	baseline
ENOG410XVGB	0.0	0.061516956009035874	0.0769768668096507	1.2589426848536809	0.5171975749219306	0.5574443542890251	0.5171975749219306	0.5574443542890251	0.5714285714285714	baseline
ENOG410XVGY	0.0	0.2382527346142592	0.6440905621635115	1.2823929141925763	0.4768637282920496	0.33014483663512517	0.5231362717079504	0.6698551633648748	0.5714285714285714	baseline
ENOG410XVH5	0.0	0.14412504463000544	0.5028109054588298	1.142896097131256	0.47173396764465564	0.39564753975841094	0.5282660323553443	0.6043524602415891	0.5714285714285714	baseline
ENOG410XVH9	0.0	0.3140260436799772	0.6142257157815724	1.2134202240917358	0.6132564027687583	0.672355167062287	0.6132564027687583	0.672355167062287	0.7142857142857143	endpoint
ENOG410XVI4	0.0	0.04959337458798845	0.1062315940398469	1.2624605901408457	0.47078194527386896	0.48835981593740224	0.529218054726131	0.5116401840625977	0.5714285714285714	baseline
ENOG410XVIV	0.0	0.8032925637034237	0.7605503059531242	1.506566904597866	0.7333014485399509	0.7319810094081934	0.7333014485399509	0.7319810094081934	1.0	endpoint
ENOG410XVMR	0.0	0.6273463189413608	0.48486983328159605	1.4527643034581832	0.701493826014704	0.6670245779674578	0.701493826014704	0.6670245779674578	0.8571428571428571	endpoint
ENOG410XVP9	0.0	0.32739937311367767	0.6953211630043573	1.7619781287219913	0.5491664121456559	0.608871439725228	0.5491664121456559	0.608871439725228	0.5714285714285714	endpoint
ENOG410XVPQ	0.0	0.9973334581162004	1.1162568656115592	1.338837616799758	0.8093996082549274	0.8595777058886613	0.8093996082549274	0.8595777058886613	1.0	endpoint
ENOG410XVQ2	0.0	1.037420543182804	1.318949903301536	1.5209667976992356	0.8066154622891846	0.9129605662773851	0.8066154622891846	0.9129605662773851	1.0	endpoint
ENOG410XVQR	0.0	0.026012065361821497	0.5847419579514054	1.342232344040861	0.520154214387831	0.6087273191399144	0.520154214387831	0.6087273191399144	0.5714285714285714	endpoint
ENOG410XVR0	0.0	1.0887668586913066	1.342505645374756	1.5928273363939025	0.805508951021141	0.9348374960240335	0.805508951021141	0.9348374960240335	0.8571428571428571	endpoint
ENOG410XVRQ	0.0	0.10416206356698535	0.049070668899511574	0.9881551200115396	0.4898261426965814	0.5386109312182328	0.5101738573034186	0.5386109312182328	0.5714285714285714	baseline
ENOG410XVSQ	0.0	0.7503972922833496	1.2931717279667212	1.5332540873036717	0.3208732523743741	0.15475062428359979	0.679126747625626	0.8452493757164002	0.7142857142857143	baseline
ENOG410XVU3	0.0	0.38090990991482104	0.3556174987569045	1.4421715050952746	0.38035981828585064	0.40961429606894134	0.6196401817141494	0.5903857039310587	0.7142857142857143	baseline
ENOG410XVXM	0.0	1.4516819638325855	1.4079348650345371	1.9932347802638968	0.9175042807551186	0.9541944066235764	0.9175042807551186	0.9541944066235764	1.0	endpoint
ENOG410XVY3	0.0	0.023837387106467194	0.22448902910418247	1.2499343509735426	0.5257105661039175	0.4333563541134436	0.5257105661039175	0.5666436458865565	0.5714285714285714	endpoint
ENOG410XVYH	0.0	0.05138245606119613	0.22794030042783273	1.3267366120965385	0.530762003080998	0.5491637378831937	0.530762003080998	0.5491637378831937	0.7142857142857143	endpoint
ENOG410XVYV	0.0	0.7164731063668331	1.2092253745355481	1.5113510407165598	0.3150831097377144	0.21974105640310174	0.6849168902622855	0.7802589435968983	0.8571428571428571	baseline
ENOG410XVZ9	0.0	0.0357622040383757	0.1781446827881901	1.2821708331606256	0.5053293933972755	0.5548412766613573	0.5053293933972755	0.5548412766613573	0.5714285714285714	endpoint
ENOG410XVZB	0.0	0.9125735662856215	1.2461455937147279	1.665175569268295	0.25327589098705955	0.1516316637363729	0.7467241090129404	0.8483683362636271	0.8571428571428571	baseline
ENOG410XW00	0.0	0.3583540736913734	0.371961034451326	1.6969230169264813	0.4241740835969801	0.4262376109737406	0.5758259164030199	0.5737623890262594	0.5714285714285714	baseline
ENOG410XW02	0.0	0.13029828142422978	0.23593978149441172	0.8489810971433235	0.42842588742646937	0.3899378690259647	0.5715741125735306	0.6100621309740353	0.5714285714285714	baseline
ENOG410XW1B	0.0	0.3584280168541258	0.4039786775497788	1.5126295023180025	0.560744534602309	0.6076367278865497	0.560744534602309	0.6076367278865497	0.7142857142857143	endpoint
ENOG410XW1D	0.0	0.7394846485928097	1.038684471892341	1.6915984887423083	0.6780904052709275	0.7323370876253525	0.6780904052709275	0.7323370876253525	0.7142857142857143	endpoint
ENOG410XW1S	0.0	0.951417460193575	1.0917608047555576	1.5704698944841033	0.22954256435327589	0.24728958964365225	0.7704574356467241	0.7527104103563478	1.0	baseline
ENOG410XW26	0.0	0.2624943592910423	0.13764782488412355	1.17889365847176	0.43339153981293066	0.44782109964876776	0.5666084601870693	0.5521789003512323	0.8571428571428571	baseline
ENOG410XW2M	0.0	1.241745279711848	1.4442270022086259	1.9791912424594869	0.8353802287615607	0.9478611518860733	0.8353802287615607	0.9478611518860733	0.8571428571428571	endpoint
ENOG410XW3C	0.0	0.4965971239402613	0.5199518700133932	1.3649354131668157	0.6620099094654966	0.71563511341861	0.6620099094654966	0.71563511341861	0.7142857142857143	endpoint
ENOG410XW3I	0.0	0.6114912309394374	1.0528949930156006	1.4099990010225256	0.7119150048494677	0.8962837299615425	0.7119150048494677	0.8962837299615425	0.5714285714285714	endpoint
ENOG410XW3J	0.0	0.5194588959360825	1.1461120103447895	1.456277056016875	0.6237612949177523	0.6847083019168054	0.6237612949177523	0.6847083019168054	0.7142857142857143	endpoint
ENOG410XW3R	0.0	0.9062279550912403	1.1895760393813803	1.510111126906782	0.7817884620212293	0.8662282735937465	0.7817884620212293	0.8662282735937465	0.8571428571428571	endpoint
ENOG410XW4I	0.0	0.3728139749416574	0.12414078620473633	1.62372077046738	0.5821115915986007	0.5520390812145919	0.5821115915986007	0.5520390812145919	0.5714285714285714	endpoint
ENOG410XW5Q	0.0	0.12755629708247074	0.18799693567763834	1.5768019323996227	0.5546392959594837	0.5354532613930715	0.5546392959594837	0.5354532613930715	0.5714285714285714	endpoint
ENOG410XW5U	0.0	0.09029814391420125	0.272634279223306	1.02499147371101	0.4776770269725291	0.42536438462119835	0.5223229730274709	0.5746356153788017	0.5714285714285714	baseline
ENOG410XW6Y	0.0	0.6815781298672631	1.1258054819821357	1.4746491550857366	0.2633468030628432	0.12605142298939817	0.7366531969371568	0.8739485770106018	0.8571428571428571	baseline
ENOG410XW8N	0.0	0.194581540098119	0.6579300806284313	1.0524003056615252	0.5639878023615664	0.6945075335208778	0.5639878023615664	0.6945075335208778	0.5714285714285714	endpoint
ENOG410XW9I	0.0	0.12064650585129935	0.13343711319597332	1.0561737082069873	0.47379930107089896	0.4484707035528672	0.526200698929101	0.5515292964471328	0.5714285714285714	baseline
ENOG410XWA5	0.0	0.6654454038515595	1.0075101820929309	1.3833176679095263	0.29206645473395143	0.2756395962874829	0.7079335452660486	0.7243604037125171	0.7142857142857143	baseline
ENOG410XWCG	0.0	0.3459783211996408	0.08126530884304001	1.4312479666147353	0.6018029190339771	0.5321928252302608	0.6018029190339771	0.5321928252302608	0.5714285714285714	endpoint
ENOG410XWCQ	0.0	0.017654628137346102	0.012614007521474783	1.4159495658229695	0.47919142914473906	0.510245726993746	0.520808570855261	0.510245726993746	0.5714285714285714	baseline
ENOG410XWD1	0.0	0.29001004602608677	0.21255951138192214	1.2584521702729563	0.38711085208453827	0.4447129557235369	0.6128891479154617	0.555287044276463	0.5714285714285714	baseline
ENOG410XWDI	0.0	0.37604940563257044	0.460104411690899	1.2911386640037354	0.3993711525349709	0.4056314600760941	0.6006288474650291	0.5943685399239059	0.7142857142857143	baseline
ENOG410XWE4	0.0	1.1832219851801358	1.4219191437695813	1.6511224204377397	0.8512604525499351	0.9052831612118832	0.8512604525499351	0.9052831612118832	1.0	endpoint
ENOG410XWEM	0.0	0.991925064949678	1.4655732467942202	1.7796308519726771	0.7551615207768371	0.9292365709670699	0.7551615207768371	0.9292365709670699	0.8571428571428571	endpoint
ENOG410XWEP	0.0	0.18108035401759912	0.2852882882613286	1.2134690456537127	0.4530805366023802	0.37299909719034563	0.5469194633976198	0.6270009028096544	0.7142857142857143	baseline
ENOG410XWG4	0.0	0.5816861088188288	0.7228498463839094	1.1310128938240385	0.6744927996826521	0.7190404054349638	0.6744927996826521	0.7190404054349638	0.7142857142857143	endpoint
ENOG410XWHE	0.0	0.7375779362404258	1.202472093851901	1.8241592457521885	0.681343176889668	0.773425924267979	0.681343176889668	0.773425924267979	0.8571428571428571	endpoint
ENOG410XWHS	0.0	0.806955912891361	1.0902843748705018	1.473678277304627	0.7197483898065451	0.7365082836602215	0.7197483898065451	0.7365082836602215	0.8571428571428571	endpoint
ENOG410XWI1	0.0	0.9302203575881782	0.9794071103805759	1.6033464547588205	0.7682589917199877	0.7359249328096054	0.7682589917199877	0.7359249328096054	1.0	endpoint
ENOG410XWID	0.0	0.4851344205375086	0.2896134399037366	1.3196285974603792	0.6642903797531765	0.5871742412024666	0.6642903797531765	0.5871742412024666	0.7142857142857143	endpoint
ENOG410XWJU	0.0	0.51147939359934	0.9096538072051926	1.2920847891411888	0.6643043677982473	0.655561852749174	0.6643043677982473	0.655561852749174	0.7142857142857143	endpoint
ENOG410XWJY	0.0	0.061509518292676084	0.0958988588954466	1.2754677617145955	0.4871185415179366	0.5175394780572241	0.5128814584820633	0.5175394780572241	0.5714285714285714	baseline
ENOG410XWKU	0.0	0.4857631505197371	0.2468540343533931	1.6630713265673034	0.39511261064322195	0.41996946917867045	0.6048873893567781	0.5800305308213296	0.7142857142857143	baseline
ENOG410XWM3	0.0	0.9895493823374526	1.396550325606616	1.5910233290238396	0.7815760435157205	0.7024441049616147	0.7815760435157205	0.7024441049616147	1.0	endpoint
ENOG410XWNB	0.0	0.12296376869753581	0.08486028713137846	1.5856816916410068	0.4395995226672271	0.5504662466653888	0.5604004773327729	0.5504662466653888	0.5714285714285714	baseline
ENOG410XWND	0.0	0.529159556948949	0.6017993984385527	1.366240572605225	0.6683368164374388	0.6328454638978194	0.6683368164374388	0.6328454638978194	0.8571428571428571	endpoint
ENOG410XWQG	0.0	0.3566759449850042	0.2746156871293972	1.2966003622185192	0.6006594677856606	0.5773942594827364	0.6006594677856606	0.5773942594827364	0.5714285714285714	endpoint
ENOG410XWQI	0.0	1.3817913884079396	1.4262579240759459	1.679149242048377	0.902108408416899	0.9636562485269712	0.902108408416899	0.9636562485269712	1.0	endpoint
ENOG410XWRI	0.0	0.20188997606425577	0.16446989548703717	1.667114602956801	0.4510145020255704	0.546963034409438	0.5489854979744295	0.546963034409438	0.5714285714285714	baseline
ENOG410XWRP	0.0	0.3524518236719749	0.5527768289888461	1.2723923412424762	0.5952467346521059	0.5623801936380803	0.5952467346521059	0.5623801936380803	0.7142857142857143	endpoint
ENOG410XWRS	0.0	1.1729180569337543	1.2655536781131482	1.5079613749587244	0.8555257855468797	0.8515655307413197	0.8555257855468797	0.8515655307413197	1.0	endpoint
ENOG410XWRZ	0.0	0.4575674193862684	0.6400580041323123	1.2804228120418621	0.6320042479456459	0.6906222785730072	0.6320042479456459	0.6906222785730072	0.7142857142857143	endpoint
ENOG410XWS1	0.0	0.4193978529503788	0.5716772087522236	1.1318487083340723	0.6567304340896253	0.6671507134382747	0.6567304340896253	0.6671507134382747	0.7142857142857143	endpoint
ENOG410XWSH	0.0	0.1420551058386821	0.2768768010225842	1.2029148578533873	0.4238892045198722	0.4484663946144477	0.5761107954801278	0.5515336053855523	0.5714285714285714	baseline
ENOG410XWU8	0.0	0.34063847620275395	0.003466162505062938	1.397877778050266	0.5986175780857759	0.5113632650988261	0.5986175780857759	0.5113632650988261	0.5714285714285714	endpoint
ENOG410XWUM	0.0	0.7726395369649905	0.9580203913836485	1.7328444567639583	0.7086564151421306	0.6579353521483484	0.7086564151421306	0.6579353521483484	1.0	endpoint
ENOG410XWUY	0.0	0.41043972234824394	0.10674192980418072	1.9457331532343627	0.5890545867807085	0.568119966371649	0.5890545867807085	0.568119966371649	0.7142857142857143	endpoint
ENOG410XWV3	0.0	1.1787363741140449	1.243059477708127	1.5820466959743615	0.8523882252530608	0.8529794174717287	0.8523882252530608	0.8529794174717287	1.0	endpoint
ENOG410XWVU	0.0	0.7363094915975621	1.0024952903318622	1.2243509621976523	0.7002256037002043	0.6738595186204203	0.7002256037002043	0.6738595186204203	0.8571428571428571	endpoint
ENOG410XWX0	0.0	0.1638668107094113	0.37856266340814076	1.2333131090306035	0.47613810786261795	0.3917980184514928	0.5238618921373821	0.6082019815485071	0.5714285714285714	baseline
ENOG410XWX7	0.0	0.5392134335161706	0.6424018418026612	1.3718280506837734	0.344667783882094	0.3071698452986256	0.655332216117906	0.6928301547013744	0.8571428571428571	baseline
ENOG410XWX8	0.0	0.213308985397282	0.0891492668319557	1.1830707440737953	0.42682789579681485	0.4646720282562854	0.5731721042031852	0.5353279717437146	0.7142857142857143	baseline
ENOG410XWY9	0.0	0.9150491118228843	0.9572354649849459	1.4751604145221782	0.22516996779159387	0.21031310792926544	0.7748300322084061	0.7896868920707345	1.0	baseline
ENOG410XWYF	0.0	1.0098634003148041	1.3087192624830484	1.8226202950252246	0.1659787633704763	0.07938400586154751	0.8340212366295237	0.9206159941384525	0.8571428571428571	baseline
ENOG410XWYN	0.0	0.12103458471701904	0.22749053534708982	1.0661292894578818	0.5110945784570415	0.5663773456871444	0.5110945784570415	0.5663773456871444	0.5714285714285714	endpoint
ENOG410XWZA	0.0	0.32982290020459976	0.5494940896228281	1.3816723560867255	0.6008261504666654	0.6590966408371431	0.6008261504666654	0.6590966408371431	0.7142857142857143	endpoint
ENOG410XWZC	0.0	0.5032939124584915	0.8043372733492864	1.3399694779121414	0.35480122506454065	0.32515673227003516	0.6451987749354593	0.6748432677299648	0.7142857142857143	baseline
ENOG410XX01	0.0	0.6924150251230818	1.0068203501320308	1.242724804248071	0.7444154788113363	0.8001432823824055	0.7444154788113363	0.8001432823824055	0.8571428571428571	endpoint
ENOG410XX1B	0.0	0.8734341338334296	1.2128688793744138	1.5009977270863248	0.7801153050530371	0.8993342751701715	0.7801153050530371	0.8993342751701715	0.8571428571428571	endpoint
ENOG410XX45	0.0	0.013460566241072518	0.2787666536773097	1.2550786053573957	0.5146273320262189	0.6249633780005923	0.5146273320262189	0.6249633780005923	0.5714285714285714	baseline
ENOG410XX4B	0.0	0.9573029968864425	1.152787981091213	1.5356342942316321	0.8187102164768898	0.8527219522334931	0.8187102164768898	0.8527219522334931	0.8571428571428571	endpoint
ENOG410XX5C	0.0	0.4945434800053886	0.7679774560816786	1.488200627164185	0.3746179013511112	0.2936840400966659	0.6253820986488887	0.7063159599033342	0.7142857142857143	baseline
ENOG410XX68	0.0	0.41363975100869826	1.0440698337786483	1.5822564147099243	0.33100889636906444	0.11254891714127482	0.6689911036309355	0.8874510828587252	0.7142857142857143	baseline
ENOG410XX6B	0.0	1.1116143276292965	1.2754645441224632	1.5054588912368272	0.8608988086573474	0.97413633061896	0.8608988086573474	0.97413633061896	0.8571428571428571	endpoint
ENOG410XX6K	0.0	0.5244960067377746	0.9849875761309743	1.4537938416654488	0.6576547774033169	0.7434649365618168	0.6576547774033169	0.7434649365618168	0.7142857142857143	endpoint
ENOG410XX6Q	0.0	0.08295788814524914	0.2405187152450101	1.4818583500689437	0.5106148873858233	0.42695523560176246	0.5106148873858233	0.5730447643982375	0.5714285714285714	endpoint
ENOG410XX6V	0.0	1.462589821513621	1.4749724465452418	1.7559524510532067	0.9259330776547573	0.9826283302712578	0.9259330776547573	0.9826283302712578	1.0	endpoint
ENOG410XX9J	0.0	1.1364333055227567	1.259971688293685	1.3871753721486122	0.1638303360128044	0.18890089333033705	0.8361696639871956	0.8110991066696629	1.0	baseline
ENOG410XXBN	0.0	1.224371047943597	1.4117684499246719	1.7400479987946111	0.8888282111074154	0.9555102766269622	0.8888282111074154	0.9555102766269622	0.8571428571428571	endpoint
ENOG410XXEH	0.0	0.14862775860364105	0.3595578378058949	1.3130419927288925	0.4271147902173416	0.38534976175722957	0.5728852097826584	0.6146502382427704	0.7142857142857143	baseline
ENOG410XXEN	0.0	0.31095742387400194	0.42163454655272325	1.262844709499393	0.4049524426863284	0.39346737193299347	0.5950475573136715	0.6065326280670065	0.8571428571428571	baseline
ENOG410XXFZ	0.0	1.0293833410211517	1.2823355050137772	1.6698270719458546	0.7980372533467274	0.8538422201613455	0.7980372533467274	0.8538422201613455	0.8571428571428571	endpoint
ENOG410XXGI	0.0	0.7741171237126896	1.024061119296842	1.5260959368524207	0.3006160520016086	0.16703052342610722	0.6993839479983914	0.8329694765738928	0.8571428571428571	baseline
ENOG410XXHT	0.0	0.5610350849576571	0.7476338976355771	1.8198941631301158	0.36919517707073446	0.27415337755349223	0.6308048229292655	0.7258466224465078	0.7142857142857143	baseline
ENOG410XXHW	0.0	0.32629225682646845	0.30848817952550434	1.3253630828212524	0.38345563661815535	0.41919249482408794	0.6165443633818446	0.5808075051759121	0.7142857142857143	baseline
ENOG410XXIR	0.0	0.1607622099312586	0.12328933763143982	0.8139771047995608	0.5358530922178647	0.5132425135681685	0.5358530922178647	0.5132425135681685	0.7142857142857143	endpoint
ENOG410XXIU	0.0	0.4464690003730364	0.5167268034576497	1.4039076918005844	0.34564138520530246	0.29355831043257713	0.6543586147946976	0.7064416895674228	0.7142857142857143	baseline
ENOG410XXJC	0.0	0.28730607961800725	0.5151734517722262	1.5433792601558114	0.5500656797504838	0.647755916917682	0.5500656797504838	0.647755916917682	0.8571428571428571	endpoint
ENOG410XXJV	0.0	0.5263443310270364	0.7785725024916558	1.3203594970150452	0.33262345314042724	0.20452110268104542	0.6673765468595727	0.7954788973189546	0.8571428571428571	baseline
ENOG410XXK0	0.0	0.8774817868902061	1.2019397281969362	1.8402990177086596	0.24347239522593966	0.08296968774101901	0.7565276047740603	0.917030312258981	0.8571428571428571	baseline
ENOG410XXK3	0.0	0.0011854971621082253	0.06756847955305922	1.3140859533879228	0.5017305432460216	0.47810724350819855	0.5017305432460216	0.5218927564918014	0.5714285714285714	endpoint
ENOG410XXK5	0.0	0.26721939342976964	0.5604579926860749	1.5997824724143879	0.4670249628001598	0.3094632978244265	0.5329750371998402	0.6905367021755735	0.5714285714285714	baseline
ENOG410XXKJ	0.0	0.649654722719843	0.6510780135625817	1.0378889139184821	0.3000993413214976	0.3078892542561198	0.6999006586785024	0.6921107457438802	1.0	baseline
ENOG410XXMB	0.0	0.01966117483707454	0.21916500294908495	1.5520337627389214	0.5442022741558248	0.5644310034630401	0.5442022741558248	0.5644310034630401	0.5714285714285714	endpoint
ENOG410XXQW	0.0	0.3414888727308743	0.18626075921776708	1.473948707191272	0.37363545811590837	0.4530959099271987	0.6263645418840916	0.5469040900728013	0.7142857142857143	baseline
ENOG410XXS0	0.0	0.6785398203088645	0.6917889435617693	1.6824724123276797	0.7122758398410542	0.7083788154420264	0.7122758398410542	0.7083788154420264	0.8571428571428571	endpoint
ENOG410XXTQ	0.0	0.013048344355643162	0.29803759029878424	1.6869536717148006	0.5478242379086902	0.5732244861653546	0.5478242379086902	0.5732244861653546	0.5714285714285714	baseline
ENOG410XXTX	0.0	1.1981547271568196	1.3734013886730985	1.515993526076928	0.8492074871250356	0.8861960697668504	0.8492074871250356	0.8861960697668504	1.0	endpoint
ENOG410XXUQ	0.0	0.08134631812788738	0.3535754082512657	1.0902900882401871	0.5043705273400123	0.5471598163500292	0.5043705273400123	0.5471598163500292	0.5714285714285714	endpoint
ENOG410XXVB	0.0	0.45922583492826713	0.5000560774134268	1.620693329227786	0.4033736400371319	0.3632469857193853	0.5966263599628681	0.6367530142806147	0.7142857142857143	baseline
ENOG410XXX4	0.0	0.8032821192153617	1.005213492413921	1.6921274255326706	0.7430225471930638	0.8348884405973371	0.7430225471930638	0.8348884405973371	0.7142857142857143	endpoint
ENOG410XXX8	0.0	0.7453955986935352	0.6712944613419647	1.3367228387704515	0.26854585183160157	0.26779517606595904	0.7314541481683985	0.732204823934041	1.0	baseline
ENOG410XXX9	0.0	0.9346632369928161	0.7076795137660562	1.5425967772539246	0.791585818376084	0.7688863385217319	0.791585818376084	0.7688863385217319	1.0	endpoint
ENOG410XXXE	0.0	0.23423105925141877	0.3330111379416513	1.1275501341260032	0.5905713361406942	0.5910459427839426	0.5905713361406942	0.5910459427839426	0.5714285714285714	endpoint
ENOG410XXXP	0.0	0.9262059753723297	1.304266930339837	1.7720397402256158	0.7509231748027113	0.8154278164561128	0.7509231748027113	0.8154278164561128	0.8571428571428571	endpoint
ENOG410XXY3	0.0	0.37239424152483347	0.6316124323079592	1.2114520595231553	0.5977620381660492	0.6820509057640356	0.5977620381660492	0.6820509057640356	0.7142857142857143	endpoint
ENOG410XXYA	0.0	0.45427238527635067	0.6256653108939617	1.3945843263570965	0.6489595947837562	0.7406717887505687	0.6489595947837562	0.7406717887505687	0.7142857142857143	endpoint
ENOG410XXZT	0.0	0.4252775349563538	0.4233178357226373	1.2749342701514317	0.40011404873231476	0.3775319210508418	0.5998859512676853	0.6224680789491581	0.8571428571428571	baseline
ENOG410XY17	0.0	1.2494080049379923	1.3590386372486787	1.5088108358007672	0.8714795487121758	0.8980907891707525	0.8714795487121758	0.8980907891707525	1.0	endpoint
ENOG410XY19	0.0	0.486066603855642	0.23677204590235193	1.7085689654967746	0.3671408235271646	0.43699500139732395	0.6328591764728354	0.563004998602676	0.5714285714285714	baseline
ENOG410XY1F	0.0	1.024101548075492	0.8229617997735443	1.9905435841351649	0.7840155122498118	0.8010452336090675	0.7840155122498118	0.8010452336090675	1.0	endpoint
ENOG410XY1N	0.0	0.3406113740012143	0.6169492022627804	1.370059549066425	0.6104389781398754	0.6333222807034955	0.6104389781398754	0.6333222807034955	0.8571428571428571	endpoint
ENOG410XY1R	0.0	0.15960877569596046	0.28652618667122154	1.4248800998261932	0.4682313366274481	0.42305836896569476	0.5317686633725519	0.5769416310343052	0.5714285714285714	baseline
ENOG410XY2D	0.0	0.2727783734981378	0.8005805227769875	1.5852367344991838	0.396080047110513	0.3260349850849597	0.603919952889487	0.6739650149150402	0.5714285714285714	baseline
ENOG410XY33	0.0	0.6588563199890698	1.05924993442869	1.3618959640574695	0.2875895758173164	0.13224660545927588	0.7124104241826836	0.8677533945407241	0.7142857142857143	baseline
ENOG410XY3A	0.0	0.4237460602764746	0.408214785374346	1.4695131261929584	0.6327651912736697	0.6201548213491973	0.6327651912736697	0.6201548213491973	0.7142857142857143	endpoint
ENOG410XY3F	0.0	0.07626175963576458	0.12322895199853894	0.8095459190923211	0.5227050431112158	0.4738362079743211	0.5227050431112158	0.526163792025679	0.5714285714285714	endpoint
ENOG410XY3Z	0.0	0.4900186757625256	0.5965350345671485	1.4739923829425525	0.6553624446342557	0.6756831102096164	0.6553624446342557	0.6756831102096164	0.7142857142857143	endpoint
ENOG410XY5S	0.0	0.7445331158716945	1.2144845700586109	1.5363930137859843	0.25187593621030013	0.13673436084230367	0.7481240637896999	0.8632656391576963	0.7142857142857143	baseline
ENOG410XY61	0.0	0.2450831033753675	0.6280569488624078	1.3238411914065085	0.5645360695226176	0.6600217262398778	0.5645360695226176	0.6600217262398778	0.5714285714285714	endpoint
ENOG410XY68	0.0	0.9096431264630175	1.2011934440416434	1.3621905701880028	0.7696135440671087	0.6967404869227193	0.7696135440671087	0.6967404869227193	1.0	endpoint
ENOG410XY7J	0.0	0.346442297237869	0.45787703790512074	1.7636685785248234	0.5660478668548908	0.6153787122550882	0.5660478668548908	0.6153787122550882	0.7142857142857143	endpoint
ENOG410XY7K	0.0	0.7458538728470944	0.9171988590120348	1.425723979335167	0.2897742744824391	0.21296665344662188	0.7102257255175609	0.7870333465533781	0.8571428571428571	baseline
ENOG410XY7V	0.0	0.36159232422611576	0.5370774268952736	1.3620348063740915	0.3812459208420796	0.3814676022096723	0.6187540791579205	0.6185323977903276	0.7142857142857143	baseline
ENOG410XY8M	0.0	0.18098735177170225	0.6802353518500771	1.2328547730970563	0.5435300198471215	0.5835379324329399	0.5435300198471215	0.5835379324329399	0.5714285714285714	endpoint
ENOG410XY8U	0.0	0.5181654390762307	0.6944918429829195	1.4635094537382312	0.3557331293618025	0.3553372735085164	0.6442668706381975	0.6446627264914836	0.7142857142857143	baseline
ENOG410XY95	0.0	0.09638695554412856	0.19613519030579438	1.3682424436821425	0.4574268541202034	0.5384815556069733	0.5425731458797967	0.5384815556069733	0.5714285714285714	baseline
ENOG410XY9G	0.0	1.1948571209499228	1.2702796256017417	1.771575324029339	0.8471863531333869	0.8279479230932082	0.8471863531333869	0.8279479230932082	1.0	endpoint
ENOG410XY9M	0.0	0.2486824078158684	0.42872448414208353	1.1200698464740961	0.5547547637172743	0.5417878703454652	0.5547547637172743	0.5417878703454652	0.8571428571428571	endpoint
ENOG410XYB5	0.0	0.04636065787963079	0.32033229762042353	1.420137351961404	0.45686362540562536	0.36097031420117204	0.5431363745943747	0.639029685798828	0.5714285714285714	endpoint
ENOG410XYCG	0.0	0.3150827326425675	0.2542207716201203	1.3456559021580425	0.41256666108272794	0.42842097256384637	0.5874333389172721	0.5715790274361536	0.5714285714285714	baseline
ENOG410XYD5	0.0	0.09011255235081991	0.12625098865016746	1.5429600968852126	0.4676889420636116	0.4722245421642105	0.5323110579363883	0.5277754578357895	0.5714285714285714	baseline
ENOG410XYEE	0.0	1.0013971853680472	1.0420024683924425	1.3084053496924988	0.793902109023296	0.8120828270130533	0.793902109023296	0.8120828270130533	1.0	endpoint
ENOG410XYEZ	0.0	0.05376174559162848	0.13166247537970296	1.177443133870578	0.5645046949843834	0.5439746703443377	0.5645046949843834	0.5439746703443377	0.5714285714285714	endpoint
ENOG410XYF2	0.0	0.21048095844116405	0.2320359891659591	1.231907431723159	0.5677535658935496	0.5631498701215361	0.5677535658935496	0.5631498701215361	0.8571428571428571	endpoint
ENOG410XYH3	0.0	0.978036414098543	1.2297264213660484	1.591156081980693	0.8122576664009393	0.8851749559883509	0.8122576664009393	0.8851749559883509	1.0	endpoint
ENOG410XYIX	0.0	0.47055898853638567	0.5395962358086543	1.2847857243507403	0.6606119780627749	0.5735891458203387	0.6606119780627749	0.5735891458203387	0.8571428571428571	endpoint
ENOG410XYKK	0.0	0.07165088360041406	0.406425119294882	1.3362703997145011	0.5239631360869953	0.538086241563512	0.5239631360869953	0.538086241563512	0.5714285714285714	endpoint
ENOG410XYN2	0.0	0.24303536518499458	0.5757110424906845	1.2392554099802677	0.46786115999405303	0.3489483471804278	0.532138840005947	0.6510516528195722	0.5714285714285714	baseline
ENOG410XYNB	0.0	1.0111741017598468	1.111854364379954	1.6091127924264674	0.8225301238265945	0.9286161108926454	0.8225301238265945	0.9286161108926454	1.0	endpoint
ENOG410XYNV	0.0	0.6649955975227532	1.0486398153682601	1.7416892391347107	0.3574830496923998	0.268043705708336	0.6425169503076003	0.731956294291664	0.5714285714285714	baseline
ENOG410XYP6	0.0	1.2022714173728914	1.2671700532090011	1.4763235680124582	0.14388833618070776	0.13903474195814125	0.8561116638192923	0.8609652580418587	1.0	baseline
ENOG410XYPB	0.0	0.445218431157529	0.6636293366165311	1.2868114835916689	0.39726873928518297	0.3580514212145145	0.602731260714817	0.6419485787854855	0.5714285714285714	baseline
ENOG410XYSH	0.0	1.0305464262065498	1.5174454055644029	1.8998379666308873	0.7747737271224606	0.896080302010405	0.7747737271224606	0.896080302010405	0.8571428571428571	endpoint
ENOG410XYV4	0.0	0.7237241522087954	0.9356333940503876	1.5339099584555578	0.7399351041356707	0.8107093529338791	0.7399351041356707	0.8107093529338791	0.7142857142857143	endpoint
ENOG410XYVK	0.0	0.636510280729386	1.0735633447438573	1.703805679884505	0.31426238234613235	0.18779415403857663	0.6857376176538676	0.8122058459614234	0.7142857142857143	baseline
ENOG410XYX0	0.0	0.0701919418998164	0.173679207829062	1.5139688602356067	0.511349807992015	0.49945110685599076	0.511349807992015	0.5005488931440092	0.5714285714285714	baseline
ENOG410XYXW	0.14285714285714285	0.6380313390561387	0.676176030614786	2.006242785175449	0.6640913893773794	0.7723546279273439	0.6640913893773794	0.7723546279273439	0.8571428571428571	endpoint
ENOG410XYZ9	0.0	1.1144214977235125	1.505175120998046	1.6907918947440164	0.8067016495244551	0.9540133069978691	0.8067016495244551	0.9540133069978691	0.8571428571428571	endpoint
ENOG410XYZS	0.0	0.2643256497282583	0.2524130721496316	1.292919763218245	0.5937462372626207	0.5125206960698732	0.5937462372626207	0.5125206960698732	0.5714285714285714	endpoint
ENOG410XYZZ	0.0	0.9291107948427032	1.0189374440939776	1.397026002062861	0.782722287586152	0.6892452482289464	0.782722287586152	0.6892452482289464	1.0	endpoint
ENOG410XZ09	0.0	0.38599481785563683	1.0416950543717507	1.4446292743400697	0.604174469071163	0.7567220057852754	0.604174469071163	0.7567220057852754	0.5714285714285714	endpoint
ENOG410XZ0P	0.0	0.5335552342057076	1.0105218049807316	1.4628727877287917	0.306831428048825	0.25391884729243064	0.693168571951175	0.7460811527075694	0.7142857142857143	baseline
ENOG410XZ1C	0.0	0.9737147409444901	1.2746537566704992	1.5435023799484486	0.7683493514882931	0.8740344777623017	0.7683493514882931	0.8740344777623017	0.8571428571428571	endpoint
ENOG410XZ29	0.0	0.3630060684583617	0.7687280595576989	1.2739797458946842	0.36559201529709684	0.2541217061252699	0.6344079847029032	0.7458782938747301	0.5714285714285714	baseline
ENOG410XZ3T	0.0	0.5613485735981149	0.26454634523121223	1.4245175423778411	0.314144122957522	0.4267069578046417	0.6858558770424781	0.5732930421953584	0.7142857142857143	baseline
ENOG410XZ3W	0.0	0.8784513279260288	1.1890836327667231	1.7097220465935135	0.7348995106018245	0.8914988037338333	0.7348995106018245	0.8914988037338333	0.8571428571428571	endpoint
ENOG410XZ44	0.0	0.06449309667337898	0.10092790837551693	1.5320852914735263	0.4533435341649277	0.5350986482107463	0.5466564658350723	0.5350986482107463	0.5714285714285714	baseline
ENOG410XZ45	0.0	0.9271020054511049	1.0468845073784643	1.4705675713393829	0.7935351003975883	0.8709504178884826	0.7935351003975883	0.8709504178884826	1.0	endpoint
ENOG410XZ4Z	0.0	0.31396009256595836	0.4624165760559106	1.221499539511494	0.5889581202430146	0.6041683761259661	0.5889581202430146	0.6041683761259661	0.5714285714285714	endpoint
ENOG410XZ5W	0.0	0.5864726936322822	0.594657293305006	1.1941996347441597	0.6703875880051885	0.6625261168929685	0.6703875880051885	0.6625261168929685	0.8571428571428571	endpoint
ENOG410XZ74	0.0	0.25165241980902525	0.48074686706604614	1.2766051358198487	0.5545700130559545	0.6401473549148733	0.5545700130559545	0.6401473549148733	0.7142857142857143	endpoint
ENOG410XZ8R	0.0	0.5282989834654886	0.7295152333651673	1.4666879783899114	0.6381945575685773	0.6837406349741982	0.6381945575685773	0.6837406349741982	0.8571428571428571	endpoint
ENOG410XZ8Y	0.0	0.36412195141833703	0.4643712075246904	1.4319203467308828	0.6173236052826837	0.696388179310918	0.6173236052826837	0.696388179310918	0.5714285714285714	endpoint
ENOG410XZ91	0.0	0.4352024684185666	0.36409211263569713	1.0291701876828412	0.6337416873713853	0.6285256372315083	0.6337416873713853	0.6285256372315083	0.7142857142857143	endpoint
ENOG410XZ98	0.0	0.49582459469321316	0.6899610415155791	1.4838262822746602	0.3523766513694181	0.31745680733889264	0.6476233486305819	0.6825431926611074	0.8571428571428571	baseline
ENOG410XZ9N	0.0	0.9653708216874256	1.255416937844202	1.680029570213517	0.786386734463243	0.8511243287297156	0.786386734463243	0.8511243287297156	0.8571428571428571	endpoint
ENOG410XZBD	0.0	0.1298864515133502	0.15120855695044047	1.2129376255345543	0.42935157551444153	0.5606671667275512	0.5706484244855585	0.5606671667275512	0.5714285714285714	baseline
ENOG410XZC6	0.0	0.21704701828395187	0.4697122275240716	1.2591677205884195	0.4790057875876669	0.3850390777107418	0.5209942124123331	0.6149609222892582	0.7142857142857143	baseline
ENOG410XZC7	0.0	0.3634804842057152	0.4832878698846902	1.3846308939421594	0.3803187245228112	0.4002116332798948	0.6196812754771888	0.5997883667201052	0.5714285714285714	baseline
ENOG410XZF7	0.0	0.11363110061272062	0.1499023646810992	1.2459823093637996	0.5405532835454661	0.5482387900442145	0.5405532835454661	0.5482387900442145	0.5714285714285714	endpoint
ENOG410XZGY	0.0	0.1729302791951779	0.5266355591163739	1.28000486374013	0.5320042144297666	0.5580408199554756	0.5320042144297666	0.5580408199554756	0.5714285714285714	endpoint
ENOG410XZI0	0.0	0.3492948836334158	0.6650464139251953	1.017795929266685	0.39175435943589315	0.2798804520190276	0.6082456405641068	0.7201195479809723	0.7142857142857143	baseline
ENOG410XZIB	0.0	0.31550436981652663	0.6266122403723147	1.442180684740844	0.6013830055130783	0.6973941516042254	0.6013830055130783	0.6973941516042254	0.7142857142857143	endpoint
ENOG410XZJD	0.0	0.057590904951755055	0.48033042683456106	1.3468617036230797	0.485271888839145	0.36069328084591556	0.514728111160855	0.6393067191540844	0.5714285714285714	baseline
ENOG410XZM9	0.0	0.4557926929086357	0.15154889660175025	1.4533775993069586	0.36515961316438444	0.4631895416357959	0.6348403868356156	0.5368104583642042	0.8571428571428571	baseline
ENOG410XZP0	0.0	0.7195518887375446	0.8154327706811728	1.2683062174166106	0.2695733226019908	0.2525419016837066	0.7304266773980093	0.7474580983162934	1.0	baseline
ENOG410XZR5	0.0	0.10081751633457782	0.3462031687180363	1.9980370145655815	0.4411703304257052	0.43225928253573276	0.5588296695742948	0.5677407174642672	0.5714285714285714	baseline
ENOG410XZS0	0.0	0.4431304822523115	0.5004892776549044	1.4921901612572346	0.6156048268878896	0.5537006143638814	0.6156048268878896	0.5537006143638814	0.5714285714285714	endpoint
ENOG410XZT0	0.0	0.3400223638699315	0.7145143492614854	1.2990480519429102	0.4292923555775256	0.3214778460347002	0.5707076444224743	0.6785221539652998	0.5714285714285714	baseline
ENOG410XZTD	0.0	0.6166252602706074	0.8185284611091036	1.4607608909561922	0.28113133704825133	0.21244368116827936	0.7188686629517487	0.7875563188317206	0.5714285714285714	baseline
ENOG410XZUM	0.0	0.9343055825146017	0.9835761466493504	1.6155285402760178	0.7625290790968882	0.738793842615362	0.7625290790968882	0.738793842615362	1.0	endpoint
ENOG410XZUT	0.0	0.41236126847061083	0.6821683348671687	1.1492822349397354	0.6016748030724856	0.5838588019115157	0.6016748030724856	0.5838588019115157	0.7142857142857143	endpoint
ENOG410XZUX	0.14285714285714285	0.3508094927031286	0.8672451718216934	2.05896997046386	0.5630904561854444	0.740474437859322	0.5630904561854444	0.740474437859322	0.7142857142857143	endpoint
ENOG410XZVK	0.0	0.6193710682540386	0.9418445817044492	1.6353413367579022	0.6625524126891411	0.7031445315744774	0.6625524126891411	0.7031445315744774	0.7142857142857143	endpoint
ENOG410XZXD	0.0	0.1685083295865983	0.24339404161225725	1.330857546777343	0.532937331643246	0.6116653153293822	0.532937331643246	0.6116653153293822	0.7142857142857143	endpoint
ENOG410XZXZ	0.0	0.48199802822259535	0.6658887958738735	1.391545883863985	0.6319096355795045	0.7686649825361328	0.6319096355795045	0.7686649825361328	0.7142857142857143	endpoint
ENOG410XZY9	0.0	0.08303021471225877	0.21324625168949965	1.404156633725716	0.5455440837772363	0.43562771384789983	0.5455440837772363	0.5643722861521001	0.5714285714285714	endpoint
ENOG410Y00H	0.0	0.5248724830987792	0.3305572853659443	1.4278529056616491	0.6722462419113419	0.6483941426618529	0.6722462419113419	0.6483941426618529	0.7142857142857143	endpoint
ENOG410Y00Q	0.0	0.3293799203852978	0.4081910696050652	1.5144029893091104	0.5983120041574626	0.6149022868713314	0.5983120041574626	0.6149022868713314	0.7142857142857143	endpoint
ENOG410Y00R	0.0	0.6088425195316157	0.7871188844827532	1.3611209254313017	0.3393488211120651	0.3207072159479673	0.6606511788879349	0.6792927840520326	0.8571428571428571	baseline
ENOG410Y015	0.0	0.11023752585885505	0.25181880755595915	0.7005208687474613	0.44335772728406664	0.43219871627062784	0.5566422727159334	0.5678012837293722	0.7142857142857143	baseline
ENOG410Y01S	0.0	0.3586489513074332	0.21839494928551081	1.2473592871562988	0.38669912582578	0.4428528595334686	0.6133008741742201	0.5571471404665314	0.7142857142857143	baseline
ENOG410Y01V	0.0	1.0478692703245636	0.983497251838885	1.932149429714599	0.7986368089176351	0.791525103478109	0.7986368089176351	0.791525103478109	1.0	endpoint
ENOG410Y02D	0.0	1.1368564735018973	1.215123309959857	1.9667453176212797	0.8073730514133722	0.8356187620568247	0.8073730514133722	0.8356187620568247	1.0	endpoint
ENOG410Y037	0.14285714285714285	1.0164678380892351	1.0808736559275658	2.154259861949492	0.765285999235102	0.8282216527664858	0.765285999235102	0.8282216527664858	0.8571428571428571	endpoint
ENOG410Y052	0.0	1.012491529518859	1.208401520231186	1.9846937720023656	0.7696078739774851	0.8842991341796335	0.7696078739774851	0.8842991341796335	0.8571428571428571	endpoint
ENOG410Y056	0.0	0.09722255771002132	0.11358664457569813	0.9809367497513627	0.4773837106566713	0.5602744853793816	0.5226162893433287	0.5602744853793816	0.5714285714285714	baseline
ENOG410Y061	0.14285714285714285	0.6158684132960811	1.0363395735596306	2.2467825492463396	0.6440675701958044	0.8266450992612807	0.6440675701958044	0.8266450992612807	0.5714285714285714	endpoint
ENOG410Y065	0.0	0.2168051047908873	0.4588799932427738	1.3121161858441053	0.5724336378344645	0.6341200329534494	0.5724336378344645	0.6341200329534494	0.5714285714285714	endpoint
ENOG410Y077	0.0	0.5344177791787621	0.31627753875494236	1.520340403723402	0.661760144572547	0.6432725329583816	0.661760144572547	0.6432725329583816	0.7142857142857143	endpoint
ENOG410Y07X	0.0	0.44508000186606206	0.7841269343731871	1.6971390803608324	0.3489060695300933	0.26252090716803805	0.6510939304699067	0.7374790928319619	0.5714285714285714	baseline
ENOG410Y080	0.0	0.21188406660922146	0.4133158755793233	1.1818897672613151	0.4018864527374708	0.32905389535298923	0.5981135472625292	0.6709461046470108	0.5714285714285714	baseline
ENOG410Y085	0.0	0.7081862785515	1.1368331307996402	1.43093018682193	0.69030721035446	0.796890415302532	0.69030721035446	0.796890415302532	0.7142857142857143	endpoint
ENOG410Y09H	0.0	0.19601495444838543	0.22080244783183342	1.304165782138073	0.47323681029739156	0.3951337271766706	0.5267631897026084	0.6048662728233294	0.5714285714285714	baseline
ENOG410Y09Q	0.0	0.7633787438435649	1.2262909636911965	1.3679360060304497	0.296273185100021	0.22651243604149723	0.703726814899979	0.7734875639585028	0.8571428571428571	baseline
ENOG410Y0B5	0.0	1.0953223839109338	1.2423873542449453	1.500227190227139	0.848982030734623	0.9192250013985894	0.848982030734623	0.9192250013985894	0.8571428571428571	endpoint
ENOG410Y0F8	0.0	0.08931266225490246	0.20215942078701712	1.3738928094631004	0.5106619764414512	0.5403145048148065	0.5106619764414512	0.5403145048148065	0.7142857142857143	endpoint
ENOG410Y0FB	0.0	0.3341260061738646	0.45029496412690834	1.2989399459132376	0.38589700470156324	0.36833171810182797	0.6141029952984367	0.631668281898172	0.7142857142857143	baseline
ENOG410Y0GE	0.14285714285714285	0.9094096905345869	0.8517358460262113	2.123414655800425	0.2615870812097099	0.2902586306222475	0.7384129187902901	0.7097413693777526	0.8571428571428571	baseline
ENOG410Y0I2	0.0	0.8452160698388663	0.9014538234721521	1.5566086372957233	0.27303497926747294	0.2591615475924897	0.7269650207325271	0.7408384524075102	0.8571428571428571	baseline
ENOG410Y0IZ	0.0	0.18363483866833666	0.05641308830424299	1.6419809531204363	0.5685396015470903	0.5263828753213512	0.5685396015470903	0.5263828753213512	0.5714285714285714	endpoint
ENOG410Y0J0	0.0	1.049151603324235	1.2678140277476189	1.7033961217745972	0.8241812507421568	0.8982952035563113	0.8241812507421568	0.8982952035563113	0.8571428571428571	endpoint
ENOG410Y0KE	0.0	0.8977968612286957	0.9715832191338598	1.8379061970378583	0.2810306654239339	0.20330518795145994	0.7189693345760662	0.7966948120485401	0.8571428571428571	baseline
ENOG410Y0M7	0.0	0.926316816552906	1.2242285993103006	1.4305172370227346	0.2097536910350532	0.16993209417487973	0.7902463089649467	0.8300679058251202	0.8571428571428571	baseline
ENOG410Y0NA	0.0	0.4113665321487861	0.678622505702811	1.5225954299803452	0.33065851425584303	0.2379879489128127	0.669341485744157	0.7620120510871873	0.7142857142857143	baseline
ENOG410Y0QZ	0.0	0.12188651161738365	0.0780790062330052	1.4455247687742574	0.5573482429319512	0.4663007126229107	0.5573482429319512	0.5336992873770894	0.5714285714285714	endpoint
ENOG410Y0TG	0.0	0.15806742458917675	0.1368272677708357	1.191401930501689	0.5408989698880456	0.5451820950505346	0.5408989698880456	0.5451820950505346	0.7142857142857143	endpoint
ENOG410Y0TP	0.0	0.07992788885586441	0.14603232182326717	0.8949036888837143	0.5391244187547722	0.4463799360763511	0.5391244187547722	0.5536200639236488	0.5714285714285714	endpoint
ENOG410Y0U6	0.0	0.6053578351674046	0.5360999216180272	1.330584285349384	0.30610540989360846	0.28690852810353773	0.6938945901063915	0.7130914718964623	0.8571428571428571	baseline
ENOG410Y0UR	0.0	0.3740670582918562	0.40859998826400235	1.3096835271666507	0.38654717356623053	0.34121052362964244	0.6134528264337695	0.6587894763703576	0.5714285714285714	baseline
ENOG410Y0VY	0.14285714285714285	0.906559553057564	1.0734677640910752	2.2453619353459047	0.7605399220286898	0.8433443282009877	0.7605399220286898	0.8433443282009877	0.8571428571428571	endpoint
ENOG410Y0X2	0.0	0.9024553014504239	1.3255596489083235	1.514690058687995	0.7659415254480654	0.8786699960857086	0.7659415254480654	0.8786699960857086	0.8571428571428571	endpoint
ENOG410Y0YW	0.0	0.47602300170026407	1.2213764517211183	1.385463970742293	0.6456125523491424	0.8370882725031733	0.6456125523491424	0.8370882725031733	0.5714285714285714	endpoint
ENOG410Y12H	0.14285714285714285	1.1513053120741517	1.2115454072007052	2.2421934896457882	0.8262178568734184	0.8428183755616201	0.8262178568734184	0.8428183755616201	1.0	endpoint
ENOG410Y12I	0.0	0.22785587312140357	0.43053831058047337	0.7658188641954661	0.5950198827688528	0.618705081546031	0.5950198827688528	0.618705081546031	0.7142857142857143	endpoint
ENOG410Y12S	0.0	0.4959743578844812	0.729473082837529	1.084796729014125	0.6795199421536288	0.7914702822359511	0.6795199421536288	0.7914702822359511	0.7142857142857143	endpoint
ENOG410Y14K	0.0	0.027989901018830605	0.6293932036779436	1.4562337531660277	0.45500173343381584	0.3046367120248176	0.5449982665661841	0.6953632879751823	0.5714285714285714	baseline
ENOG410Y16Y	0.0	0.0120114730712823	0.35337900890949775	1.4382397971309173	0.46357530287633003	0.5292807437245077	0.5364246971236699	0.5292807437245077	0.5714285714285714	endpoint
ENOG410Y18H	0.0	0.10755529350603255	0.16938533501163058	1.462529052652966	0.4335187198205352	0.46094679195002825	0.5664812801794648	0.5390532080499717	0.5714285714285714	baseline
ENOG410Y18N	0.0	0.29759269122536164	0.5588980718994591	1.336740789763888	0.4170940904031754	0.3778454395094458	0.5829059095968245	0.6221545604905542	0.5714285714285714	baseline
ENOG410Y18U	0.0	0.4278448468875079	0.6783164840720126	1.42769166364883	0.39168024689300324	0.3027593617569303	0.6083197531069968	0.6972406382430697	0.7142857142857143	baseline
ENOG410Y19R	0.0	0.3217013737540132	0.3853954840315637	1.2668470838826067	0.5923142741694205	0.5970214502365995	0.5923142741694205	0.5970214502365995	0.7142857142857143	endpoint
ENOG410Y19Z	0.0	0.23862797970902272	0.38187582877271536	1.1656434765277086	0.5753651884904081	0.5340111317567506	0.5753651884904081	0.5340111317567506	0.7142857142857143	endpoint
ENOG410Y1AW	0.0	0.5902129653240314	0.8120940747999227	1.1673272331780975	0.647601232729927	0.6789381600786447	0.647601232729927	0.6789381600786447	0.8571428571428571	endpoint
ENOG410Y1BD	0.0	0.24467704673331067	0.1945191982249193	1.538782711712659	0.42575313152968225	0.4041553976862352	0.5742468684703177	0.5958446023137648	0.5714285714285714	baseline
ENOG410Y1BX	0.0	0.5718494359551347	0.6884565971050118	1.395598671730504	0.312916821244532	0.3563391065203939	0.687083178755468	0.6436608934796061	0.5714285714285714	baseline
ENOG410Y1DB	0.0	0.018278941259495925	0.08288149808642842	0.8787135219402478	0.502099037600366	0.48596910796994747	0.502099037600366	0.5140308920300525	0.5714285714285714	endpoint
ENOG410Y1E4	0.0	0.020097144471262634	0.4337217930454731	1.3632586030575418	0.4672277609134114	0.4117991863183628	0.5327722390865886	0.5882008136816372	0.5714285714285714	baseline
ENOG410Y1FH	0.0	0.16726608861267384	0.08988580386257745	1.5069461303904994	0.44203371266636265	0.5539550687016218	0.5579662873336373	0.5539550687016218	0.5714285714285714	baseline
ENOG410Y1GY	0.0	0.0848361178694996	0.4904749727824137	1.4891598862800328	0.4882035127886893	0.30256919645949204	0.5117964872113108	0.6974308035405079	0.5714285714285714	baseline
ENOG410Y1H4	0.0	0.1982273095996335	0.5291442115259491	1.4444035681349374	0.4232953604122943	0.36178389400875166	0.5767046395877057	0.6382161059912483	0.7142857142857143	baseline
ENOG410Y1HH	0.0	1.0427681957927797	1.0315260085471742	1.767634965107198	0.8107398273712987	0.8589812860608665	0.8107398273712987	0.8589812860608665	0.8571428571428571	endpoint
ENOG410Y1JH	0.0	0.6441009315940771	0.7129531372263066	1.6282699763584303	0.32843994734689097	0.2521339158318885	0.671560052653109	0.7478660841681115	0.7142857142857143	baseline
ENOG410Y1KT	0.0	0.417878280620143	0.4826220207998035	1.708623374356865	0.5936273034536806	0.6526393236856556	0.5936273034536806	0.6526393236856556	0.5714285714285714	endpoint
ENOG410Y1MA	0.0	0.5418216843145105	0.5608566290028301	1.250394550510067	0.6847511089138791	0.5637214166051525	0.6847511089138791	0.5637214166051525	0.7142857142857143	endpoint
ENOG410Y1MD	0.0	0.5202496219365872	0.9758909426232693	1.244058520833627	0.3224124951704587	0.21218412358420005	0.6775875048295412	0.7878158764158	0.8571428571428571	baseline
ENOG410Y1MR	0.0	0.8331040438871998	1.2007379296699472	1.3495086463803991	0.761757531129066	0.694156637080483	0.761757531129066	0.694156637080483	0.8571428571428571	endpoint
ENOG410Y1NG	0.0	0.332400106522536	0.8419983282615753	1.4378993791082169	0.4007388387065972	0.2953419053399421	0.5992611612934028	0.7046580946600579	0.5714285714285714	baseline
ENOG410Y1QQ	0.0	1.0282981572777639	1.072141832276656	1.5168118160831179	0.8174722473002507	0.6991605118998004	0.8174722473002507	0.6991605118998004	1.0	endpoint
ENOG410Y1RD	0.0	0.6723568487856912	1.0181325388410076	1.4430702957191495	0.7162045208814763	0.7882707898155934	0.7162045208814763	0.7882707898155934	0.7142857142857143	endpoint
ENOG410Y1SQ	0.0	0.31688917779678827	0.6966170846524244	1.6580077851353483	0.5469779308332444	0.586257251752344	0.5469779308332444	0.586257251752344	0.5714285714285714	endpoint
ENOG410Y1UE	0.0	0.23366864552560548	0.3878056771433462	1.2119600786291607	0.5979840184767339	0.636084540560167	0.5979840184767339	0.636084540560167	0.7142857142857143	endpoint
ENOG410Y1UZ	0.0	0.17554937419303318	0.16573666341394974	1.3578908541124648	0.4504589410630152	0.4140349426199154	0.5495410589369848	0.5859650573800845	0.5714285714285714	baseline
ENOG410Y1VW	0.0	0.42242255750047397	0.44617497625047575	1.3078191455919883	0.6310556974603635	0.6175013748467566	0.6310556974603635	0.6175013748467566	0.7142857142857143	endpoint
ENOG410Y1WM	0.0	0.49936411432809896	0.8806696401285681	1.289058038685964	0.6418174423852953	0.6168094330100097	0.6418174423852953	0.6168094330100097	0.7142857142857143	endpoint
ENOG410Y1XP	0.0	0.7991336254469686	1.2314457277414357	1.4674336788286468	0.7163280573021114	0.7142105324919911	0.7163280573021114	0.7142105324919911	0.8571428571428571	endpoint
ENOG410Y1YB	0.0	0.05329315254381751	0.29230869199168596	1.4507651118102334	0.45321088963999673	0.5681683134516288	0.5467891103600033	0.5681683134516288	0.5714285714285714	baseline
ENOG410Y1YY	0.0	0.8121832601943538	1.1220043955155683	1.2816404958972203	0.7345600165835175	0.7715688336188311	0.7345600165835175	0.7715688336188311	0.8571428571428571	endpoint
ENOG410Y20W	0.0	0.40006061953518907	0.37091324583142066	1.1195870181510146	0.4051628669176046	0.3968029641102941	0.5948371330823954	0.6031970358897059	0.7142857142857143	baseline
ENOG410Y252	0.0	0.1326657998303174	0.033019282557055954	1.0315088461094102	0.5006859927239943	0.5167370163060573	0.5006859927239943	0.5167370163060573	0.5714285714285714	endpoint
ENOG410Y25P	0.0	0.26536944506430155	0.5667952678674856	1.2012224050287286	0.4059044440868266	0.3765345282753243	0.5940955559131734	0.6234654717246757	0.5714285714285714	baseline
ENOG410Y26I	0.0	0.4196392040372153	0.24806607111112347	1.5354914280654557	0.3438661396188346	0.4408636396412421	0.6561338603811654	0.5591363603587579	0.7142857142857143	baseline
ENOG410Y2DY	0.14285714285714285	0.946010180468961	1.2717291366652081	2.2079157952247273	0.7620063980830958	0.8675870854942549	0.7620063980830958	0.8675870854942549	0.7142857142857143	endpoint
ENOG410Y2EA	0.0	0.08677768489813045	0.37988481979930644	1.2552248332717422	0.5259363315902694	0.6050534485268007	0.5259363315902694	0.6050534485268007	0.5714285714285714	endpoint
ENOG410Y2F5	0.0	0.5903456312071779	0.33674161971561434	1.5425015043041141	0.6762678007968764	0.6467586225904128	0.6762678007968764	0.6467586225904128	0.7142857142857143	endpoint
ENOG410Y2FJ	0.0	0.9126315905666486	0.9803793057191712	1.5074610174721923	0.7838578196133311	0.7778645976479767	0.7838578196133311	0.7778645976479767	1.0	endpoint
ENOG410Y2GD	0.0	0.026029582551080788	0.2727625555624731	1.431605078135238	0.5181368456762203	0.5769610345497111	0.5181368456762203	0.5769610345497111	0.5714285714285714	endpoint
ENOG410Y2ID	0.0	0.13631953351980905	0.7626229996469467	1.4356617074954932	0.5298074776401235	0.6932000860427836	0.5298074776401235	0.6932000860427836	0.5714285714285714	endpoint
ENOG410Y2IM	0.0	1.1780170368272447	1.1985626722081832	1.5354625346860415	0.8487266384225821	0.9308661361124911	0.8487266384225821	0.9308661361124911	1.0	endpoint
ENOG410Y2JB	0.0	0.4124062607802533	0.23106558281158185	0.9034305303211527	0.633194384366336	0.567213119965674	0.633194384366336	0.567213119965674	0.8571428571428571	endpoint
ENOG410Y2JJ	0.0	0.48297495164281756	0.41209037918649233	1.3239089108305848	0.650231472376021	0.6438254989070327	0.650231472376021	0.6438254989070327	0.8571428571428571	endpoint
ENOG410Y2NR	0.0	0.6496311332870331	1.3791634113045592	1.5300293001567187	0.6453959112016926	0.7199543661416851	0.6453959112016926	0.7199543661416851	0.7142857142857143	endpoint
ENOG410Y2QG	0.0	1.3145669687252146	1.3348440662976817	1.6369982570674293	0.8868031853390699	0.9221791459773351	0.8868031853390699	0.9221791459773351	1.0	endpoint
ENOG410Y2SR	0.0	0.228863315872531	0.6307043700767389	1.6616663362355406	0.5609955057319689	0.5753159355739759	0.5609955057319689	0.5753159355739759	0.5714285714285714	endpoint
ENOG410Y2VC	0.0	0.1996790114161651	0.2883015063001415	1.4952570459305203	0.4362135454784653	0.4264326976293791	0.5637864545215348	0.5735673023706209	0.5714285714285714	baseline
ENOG410Y2VY	0.0	0.36650154004706575	0.8194035830071678	1.4794273094325996	0.6015222032528559	0.6622594813192999	0.6015222032528559	0.6622594813192999	0.7142857142857143	endpoint
ENOG410Y2W2	0.0	1.1459441457016895	1.1675063135981194	1.453366668730145	0.8465868028175041	0.8348514224041034	0.8465868028175041	0.8348514224041034	1.0	endpoint
ENOG410Y2XH	0.0	0.1368073752865298	0.16797322354519195	0.9775908354689539	0.44511066950773087	0.44273781111573485	0.5548893304922691	0.5572621888842652	0.5714285714285714	baseline
ENOG410Y2XW	0.0	0.0036422109886026072	0.30157290976603934	1.0933136766516733	0.5015684539399031	0.5907603626782326	0.5015684539399031	0.5907603626782326	0.5714285714285714	endpoint
ENOG410Y2Y3	0.0	0.9685742970258341	1.270060879596612	1.5405213839619132	0.7702680289905499	0.7650042658469622	0.7702680289905499	0.7650042658469622	0.8571428571428571	endpoint
ENOG410Y2YQ	0.0	0.05135915286432204	0.49383515390340377	1.4219847133249206	0.50821189372259	0.5947838096254144	0.50821189372259	0.5947838096254144	0.5714285714285714	endpoint
ENOG410Y2ZR	0.0	0.7220186832386801	0.9775061469289302	1.4194900312782215	0.2638185609092286	0.2706334702081083	0.7361814390907714	0.7293665297918916	0.8571428571428571	baseline
ENOG410Y30I	0.0	0.15218926392484575	0.17331447499508956	0.4822431722828379	0.5396519348500394	0.5506718146977659	0.5396519348500394	0.5506718146977659	0.7142857142857143	endpoint
ENOG410Y30J	0.0	0.4816864330253368	0.8077156420172081	1.4442173849062578	0.3504794823569109	0.19561507816908213	0.6495205176430892	0.8043849218309178	0.7142857142857143	baseline
ENOG410Y311	0.0	0.46172453778399053	0.6022352771406664	1.8433866056818038	0.6256544090371267	0.7279463522398766	0.6256544090371267	0.7279463522398766	0.7142857142857143	endpoint
ENOG410Y315	0.0	1.3698365704425755	1.4350496251071245	1.8732022515501643	0.9006851427847765	0.930671510960978	0.9006851427847765	0.930671510960978	1.0	endpoint
ENOG410Y31C	0.0	0.017504472310198988	0.09494577873108395	1.3709742777622964	0.4965816646406558	0.5338062569026033	0.5034183353593442	0.5338062569026033	0.5714285714285714	endpoint
ENOG410Y32P	0.0	0.8048521443690984	1.2560124440360334	1.793272803975264	0.26581296581071173	0.09396347180832913	0.7341870341892882	0.9060365281916709	0.7142857142857143	baseline
ENOG410Y33J	0.14285714285714285	0.7771136789896556	1.1242155510105023	2.06411303799928	0.704043380899171	0.8132575459220865	0.704043380899171	0.8132575459220865	0.8571428571428571	endpoint
ENOG410Y34J	0.0	0.21594792920709716	0.6527836251222544	1.4929763797364004	0.5316362004104825	0.6304963599935862	0.5316362004104825	0.6304963599935862	0.5714285714285714	endpoint
ENOG410Y37D	0.0	0.07474987133241166	0.12195400775037651	1.2265253444770814	0.507996950383286	0.47402062604134587	0.507996950383286	0.5259793739586541	0.5714285714285714	baseline
ENOG410Y3AD	0.0	0.5341208989844841	0.3404849601688682	1.259104874534643	0.6830033991384514	0.6014859678951701	0.6830033991384514	0.6014859678951701	0.8571428571428571	endpoint
ENOG410Y3AE	0.0	0.12367396189326083	0.3951707876721578	1.2938309051444794	0.45725193141042036	0.38650403551857854	0.5427480685895796	0.6134959644814215	0.5714285714285714	baseline
ENOG410Y3AH	0.0	1.0530411517730927	1.2102143916966128	1.5218899050028512	0.8117286776483859	0.7961184414885407	0.8117286776483859	0.7961184414885407	1.0	endpoint
ENOG410Y3C5	0.0	0.07388174143125885	0.3061765235234928	1.5154551854427825	0.4422387037978836	0.4200215991586052	0.5577612962021163	0.5799784008413948	0.5714285714285714	baseline
ENOG410Y3CA	0.0	0.6194008487100872	0.5877684778570986	1.8945143024653563	0.6853332174108973	0.7411302478914602	0.6853332174108973	0.7411302478914602	0.8571428571428571	endpoint
ENOG410Y3CU	0.0	0.48960587005867945	0.757764832059236	1.3485805218798115	0.3450147074272226	0.3448341439759059	0.6549852925727774	0.655165856024094	0.5714285714285714	baseline
ENOG410Y3E1	0.14285714285714285	1.1023281630809088	1.1783865359495902	2.0474073662923633	0.18835635947952273	0.11909862614629106	0.8116436405204772	0.8809013738537089	1.0	baseline
ENOG410Y3HN	0.0	0.6768310437542333	0.9877830243787005	1.460394688168394	0.7153349440814569	0.7441184562047349	0.7153349440814569	0.7441184562047349	0.8571428571428571	endpoint
ENOG410Y3II	0.14285714285714285	0.9432334476448135	1.1426374340110301	2.106271177096092	0.7705844662840258	0.8202556726464864	0.7705844662840258	0.8202556726464864	0.8571428571428571	endpoint
ENOG410Y3IK	0.0	0.0902304427242054	0.14866200396448911	1.3922881905760234	0.47949686992863677	0.44594341659841824	0.5205031300713632	0.5540565834015818	0.5714285714285714	baseline
ENOG410Y3IT	0.0	0.1324855542081893	0.6658837976166864	1.4817625948801207	0.5358661933478445	0.5811556167669963	0.5358661933478445	0.5811556167669963	0.5714285714285714	endpoint
ENOG410Y3J8	0.0	0.6146509372829497	1.184776005857777	1.292428454339199	0.31682161853282315	0.23621779919430377	0.6831783814671768	0.7637822008056963	0.7142857142857143	baseline
ENOG410Y3JR	0.0	0.04969160765582516	0.00460318465512743	1.4912702891629512	0.49916675695891277	0.4761000664921923	0.5008332430410872	0.5238999335078077	0.5714285714285714	endpoint
ENOG410Y3KM	0.0	0.5575380584859747	0.8758073243957712	1.8498449089354279	0.6916697201783786	0.7916392769481715	0.6916697201783786	0.7916392769481715	0.7142857142857143	endpoint
ENOG410Y3MC	0.0	0.11765121455668899	0.048129689932338876	1.4740372825520143	0.548847618430768	0.5019428739160608	0.548847618430768	0.5019428739160608	0.5714285714285714	endpoint
ENOG410Y3MI	0.0	0.5129968573881635	0.5557461748295377	1.6434557640361198	0.6497819119802302	0.6463292119682659	0.6497819119802302	0.6463292119682659	0.8571428571428571	endpoint
ENOG410Y3QX	0.0	0.10389106369335696	0.38404659688063086	1.33975228248691	0.473860259958996	0.4017781815493503	0.526139740041004	0.5982218184506497	0.5714285714285714	baseline
ENOG410Y3RG	0.0	0.7221165772338604	0.9863975760515807	1.2861400649946055	0.7476120183607078	0.8095026129688476	0.7476120183607078	0.8095026129688476	0.7142857142857143	endpoint
ENOG410Y3RI	0.0	0.5146099762303109	0.8080220534597121	1.2358890331559307	0.6319982662465401	0.6447956126841855	0.6319982662465401	0.6447956126841855	0.8571428571428571	endpoint
ENOG410Y3S9	0.0	0.2261290162072203	0.10156805166756568	1.188353593114725	0.4336693300202114	0.46203776637083943	0.5663306699797885	0.5379622336291605	0.7142857142857143	baseline
ENOG410Y3SX	0.0	0.14604863576639118	0.16590335781203527	1.4172767884378017	0.4574056187826264	0.5023373049883685	0.5425943812173736	0.5023373049883685	0.5714285714285714	baseline
ENOG410Y3UX	0.0	0.6535082334319186	0.9478246916663646	1.4571346903282254	0.6684914609451844	0.7688913378298617	0.6684914609451844	0.7688913378298617	0.8571428571428571	endpoint
ENOG410Y3V4	0.0	0.41235034115486874	1.0260151294814717	1.2742432873632794	0.6323258071526734	0.6464195287562162	0.6323258071526734	0.6464195287562162	0.5714285714285714	endpoint
ENOG410Y3XW	0.0	0.4665591399043049	0.7999398894767442	1.2822227023104862	0.6272113684454952	0.6970098891266412	0.6272113684454952	0.6970098891266412	0.8571428571428571	endpoint
ENOG410Y3YF	0.0	0.3707279450695303	0.7178540369657297	1.2685824198462	0.6250165097426497	0.7173256042907575	0.6250165097426497	0.7173256042907575	0.7142857142857143	endpoint
ENOG410Y40Z	0.0	0.4551804574336145	0.7432396296169885	1.455544197762486	0.3947504672763969	0.32790834424855725	0.6052495327236032	0.6720916557514427	0.7142857142857143	baseline
ENOG410Y41G	0.0	0.5605983864711394	0.903253056314968	1.4260533817300145	0.3349474083016126	0.32068352793681926	0.6650525916983874	0.6793164720631808	0.5714285714285714	baseline
ENOG410Y422	0.0	0.9306539781496884	1.2412526537974966	1.808005136661896	0.7391173136439193	0.8487851654818159	0.7391173136439193	0.8487851654818159	0.8571428571428571	endpoint
ENOG410Y441	0.0	0.5952748642914519	0.7349634863814744	1.2222877393075129	0.6601272001898139	0.6754855079026646	0.6601272001898139	0.6754855079026646	0.7142857142857143	endpoint
ENOG410Y44U	0.0	0.15778566043380352	0.004856542687595883	1.5144620468724164	0.4512115283615337	0.5120592664331939	0.5487884716384663	0.5120592664331939	0.5714285714285714	baseline
ENOG410Y44W	0.0	0.9957550914631567	1.1252090319077244	1.5361082013676475	0.8205589684044446	0.8875421035014252	0.8205589684044446	0.8875421035014252	1.0	endpoint
ENOG410Y44Z	0.0	0.16311591061796257	0.25492657083691206	1.4057030648498539	0.44084111854967617	0.43120808990564163	0.5591588814503239	0.5687919100943584	0.7142857142857143	baseline
ENOG410Y46N	0.0	0.3433980426964938	0.393362937661199	1.637322055700403	0.4242779062652434	0.4053237834676468	0.5757220937347566	0.5946762165323531	0.7142857142857143	baseline
ENOG410Y47H	0.0	1.1681370959840003	1.2539724335109863	1.4540649877848393	0.8580962227790135	0.8933684430622589	0.8580962227790135	0.8933684430622589	1.0	endpoint
ENOG410Y47Q	0.0	0.16297445794852689	0.18670863684287664	1.0961240005233035	0.44372248848579765	0.445723207510515	0.5562775115142023	0.554276792489485	0.7142857142857143	baseline
ENOG410Y47S	0.0	0.7136211353648714	0.6766923852027827	1.2112177838332379	0.7132146780642057	0.6723188481088379	0.7132146780642057	0.6723188481088379	1.0	endpoint
ENOG410Y48A	0.0	0.6621279338706122	0.7371073060456422	1.891259786464046	0.7310076526431043	0.7239342486733481	0.7310076526431043	0.7239342486733481	0.8571428571428571	endpoint
ENOG410Y48Z	0.0	0.1332883519337847	0.2815557132527169	0.8751010356018009	0.4827174759229837	0.44737255892910854	0.5172825240770162	0.5526274410708915	0.5714285714285714	baseline
ENOG410Y49J	0.0	0.15572646573970048	0.19236269796239416	1.4983805725883876	0.45277814460347016	0.4546133779719702	0.5472218553965298	0.5453866220280298	0.5714285714285714	baseline
ENOG410Y4AA	0.0	1.089848436469647	1.3422847310486308	1.4689996981808497	0.16662719433667622	0.04421180343192238	0.8333728056633238	0.9557881965680777	0.8571428571428571	baseline
ENOG410Y4AB	0.0	0.40865526122913315	0.2942957957394276	1.3168764657884382	0.3711680376359859	0.4095249378637382	0.6288319623640142	0.5904750621362618	0.8571428571428571	baseline
ENOG410Y4CB	0.0	0.9012278702942397	1.2124612181206462	1.4773598787244986	0.7717067087463872	0.711409821352943	0.7717067087463872	0.711409821352943	0.8571428571428571	endpoint
ENOG410Y4CW	0.14285714285714285	0.7967170541985734	0.9668345728118769	2.1628563665505816	0.32109363681237263	0.15806265890095347	0.6789063631876273	0.8419373410990465	0.8571428571428571	baseline
ENOG410Y4D6	0.0	0.7470164780547226	1.0928702054714772	1.5430086660095828	0.24125608869527432	0.10930700290571106	0.7587439113047256	0.890692997094289	0.8571428571428571	baseline
ENOG410Y4E2	0.0	0.3824972958041776	0.5482113768713484	1.7227216210859757	0.403745859110744	0.3140673192722903	0.596254140889256	0.6859326807277097	0.7142857142857143	baseline
ENOG410Y4FC	0.0	0.09475641939877313	0.09234881974496766	1.6179074768008264	0.5708823930566533	0.5026222454528586	0.5708823930566533	0.5026222454528586	0.5714285714285714	endpoint
ENOG410Y4GZ	0.0	1.1423921032159463	0.9937239167263683	1.8012675910982676	0.1641256135307822	0.12983004797328795	0.8358743864692177	0.8701699520267121	1.0	baseline
ENOG410Y4H9	0.0	0.13071274897088206	0.727468749738813	1.6133498010280471	0.40878059387656723	0.26891987357763397	0.5912194061234328	0.7310801264223661	0.5714285714285714	baseline
ENOG410Y4I7	0.0	1.1175380418421526	1.1326829311550433	1.3019748799218474	0.838395523243309	0.9079736596800695	0.838395523243309	0.9079736596800695	1.0	endpoint
ENOG410Y4ID	0.0	0.46927547926389745	1.013395260180801	1.3026032146441002	0.33152447879423763	0.2762831746878291	0.6684755212057624	0.7237168253121709	0.5714285714285714	baseline
ENOG410Y4JT	0.0	0.4094056011782779	0.19662602506190824	1.4707733220178427	0.6395138417792551	0.5384151782940161	0.6395138417792551	0.5384151782940161	0.7142857142857143	endpoint
ENOG410Y4M2	0.0	0.8179497606822427	0.6000332727785556	1.710854471147305	0.7404048024003239	0.7450450755937859	0.7404048024003239	0.7450450755937859	1.0	endpoint
ENOG410Y4NF	0.0	1.0944030175957966	1.2114784559059342	1.5621023840727202	0.8245547543704274	0.7816377955024637	0.8245547543704274	0.7816377955024637	1.0	endpoint
ENOG410Y4NK	0.0	0.6344497332455444	0.8389527307656832	1.9502064329860156	0.6373552256920908	0.737528061800921	0.6373552256920908	0.737528061800921	0.8571428571428571	endpoint
ENOG410Y4RG	0.0	0.1784215481284517	0.539072880627007	1.4721005492315895	0.4518950160075262	0.38113636277675333	0.5481049839924739	0.6188636372232467	0.5714285714285714	baseline
ENOG410Y4S2	0.0	0.07779172758483333	0.36510675230336187	1.2289845252793716	0.47170145137227043	0.38290410091610805	0.5282985486277296	0.617095899083892	0.7142857142857143	baseline
ENOG410Y4SM	0.0	0.45628766481383426	0.44761744097194717	1.2467220414403795	0.35470999865176933	0.39631769596776717	0.6452900013482307	0.6036823040322328	0.8571428571428571	baseline
ENOG410Y4SU	0.0	0.12765102054349062	0.0009556268911505292	1.4686000411030287	0.4568177758657344	0.5134180349207779	0.5431822241342656	0.5134180349207779	0.5714285714285714	baseline
ENOG410Y4TD	0.14285714285714285	0.5050004941483301	0.5650136474855062	2.1818295415236766	0.6380922611319476	0.7299626550190701	0.6380922611319476	0.7299626550190701	0.8571428571428571	endpoint
ENOG410Y4TR	0.0	0.94865978307219	1.2785870682521976	1.6452874410679248	0.7720820048490967	0.8210549668771555	0.7720820048490967	0.8210549668771555	0.7142857142857143	endpoint
ENOG410Y4TW	0.0	0.27483246455419363	0.4101347187863424	1.3648255675533583	0.4146840260450209	0.39458732695507126	0.5853159739549791	0.6054126730449287	0.5714285714285714	baseline
ENOG410Y4V2	0.0	0.39127204966047024	0.5766032432917636	1.2286618008337173	0.40208053267936666	0.3286708745752968	0.5979194673206334	0.6713291254247031	0.8571428571428571	baseline
ENOG410Y4V7	0.0	0.2534347528700071	0.6691055700173637	1.473660625784687	0.5602675530425869	0.669618069245437	0.5602675530425869	0.669618069245437	0.7142857142857143	endpoint
ENOG410Y4VD	0.0	0.40718527926388587	0.8564384244693143	1.1732065178565192	0.37943713690870495	0.2774155947926782	0.620562863091295	0.7225844052073218	0.7142857142857143	baseline
ENOG410Y4VX	0.0	0.42620873847198065	0.5656068920184102	1.2413175813483555	0.3762090645984964	0.3809670996012763	0.6237909354015037	0.6190329003987237	0.8571428571428571	baseline
ENOG410Y4VZ	0.0	0.63710571293088	0.6093058403367609	1.3877281140727342	0.6751762347725905	0.659358307307781	0.6751762347725905	0.659358307307781	1.0	endpoint
ENOG410Y4W7	0.0	0.11580686277052364	0.05270436243235055	1.4373982270204329	0.46133112302701085	0.5399769904800933	0.5386688769729892	0.5399769904800933	0.5714285714285714	baseline
ENOG410Y4XD	0.0	0.08892475677623644	0.2188735807491648	1.4129949017926928	0.45375794617740606	0.5139591306674197	0.5462420538225939	0.5139591306674197	0.5714285714285714	baseline
ENOG410Y4YN	0.0	0.15142606081909996	0.005445886956797339	1.2888835718267901	0.4383894273428702	0.4690544167163868	0.5616105726571299	0.5309455832836132	0.7142857142857143	baseline
ENOG410Y50B	0.0	0.023135323438113815	0.1243347564891736	0.8552006667645924	0.5245733731708626	0.542261596873334	0.5245733731708626	0.542261596873334	0.5714285714285714	endpoint
ENOG410Y57B	0.0	0.18712206978449272	0.34174270128719897	1.424783031195564	0.42572536974734604	0.43330205021530616	0.574274630252654	0.5666979497846938	0.5714285714285714	baseline
ENOG410Y57R	0.0	0.5470605802554956	1.1357719268024213	1.2783140233559878	0.7107998346584328	0.8993505604227131	0.7107998346584328	0.8993505604227131	0.7142857142857143	endpoint
ENOG410Y57Z	0.0	1.0036945201314535	1.2738848914942034	1.6331507259725697	0.8220936882979751	0.927584692597339	0.8220936882979751	0.927584692597339	0.8571428571428571	endpoint
ENOG410Y58E	0.0	0.6176304945575424	0.5816000852248312	1.4270011179325823	0.34436537666259054	0.30098209448115354	0.6556346233374095	0.6990179055188465	0.7142857142857143	baseline
ENOG410Y59Y	0.0	0.6413826875917339	0.5660539669918143	1.2305990765641144	0.2850625449587003	0.30735953413043215	0.7149374550412997	0.6926404658695678	1.0	baseline
ENOG410Y5B4	0.0	1.0612352533754756	1.0517532886633074	1.3636754652568448	0.829279799079443	0.8994123184458964	0.829279799079443	0.8994123184458964	1.0	endpoint
ENOG410Y5BR	0.0	0.541327380266776	0.5074792017309288	1.2703648774847427	0.6742193756324174	0.6451148816678958	0.6742193756324174	0.6451148816678958	0.8571428571428571	endpoint
ENOG410Y5DI	0.0	0.5935556977877617	0.6251867858231968	1.5458332041522365	0.34396659678870195	0.33531099614635135	0.656033403211298	0.6646890038536486	0.8571428571428571	baseline
ENOG410Y5GI	0.0	0.515206756052123	0.8119201680614576	1.2920149183525618	0.35724200139916945	0.33584451795670006	0.6427579986008305	0.6641554820433	0.7142857142857143	baseline
ENOG410Y5N3	0.14285714285714285	0.8449845680854917	1.2543279569599763	2.585682011377702	0.6860506014145064	0.8522337916101379	0.6860506014145064	0.8522337916101379	0.7142857142857143	endpoint
ENOG410Y5P6	0.0	0.08233591674353789	0.319430229392945	1.1801365007773947	0.4910613237333075	0.39265639303552846	0.5089386762666925	0.6073436069644715	0.5714285714285714	baseline
ENOG410Y5Q5	0.0	1.1583265143938182	1.491548706994625	1.8309570696506823	0.8238872341415803	0.8953623286839455	0.8238872341415803	0.8953623286839455	0.8571428571428571	endpoint
ENOG410Y5R4	0.0	0.17177131045296665	0.11882206741973594	1.2865722744763184	0.46026787669128927	0.4508967580376286	0.5397321233087107	0.5491032419623714	0.5714285714285714	baseline
ENOG410Y5RX	0.0	0.5943725126399899	0.7595958607175033	1.870251604754721	0.6502519831392819	0.6907728813633214	0.6502519831392819	0.6907728813633214	0.7142857142857143	endpoint
ENOG410Y5SN	0.0	0.2990642376400026	0.5582476869123811	1.2706006456900847	0.5853062678441014	0.6615094571185739	0.5853062678441014	0.6615094571185739	0.7142857142857143	endpoint
ENOG410Y5T5	0.0	0.34777874219306104	0.9684445078271179	1.3520106869287623	0.5804418198651355	0.8000509369986352	0.5804418198651355	0.8000509369986352	0.5714285714285714	endpoint
ENOG410Y5TW	0.0	0.22546787242630967	0.111725250018157	1.1435461462849499	0.4284284591454976	0.48976398019427303	0.5715715408545023	0.510236019805727	0.5714285714285714	baseline
ENOG410Y5V7	0.0	0.4089916085504767	0.6085551761213457	1.4251123862760728	0.6193258295941952	0.7481015628019588	0.6193258295941952	0.7481015628019588	0.5714285714285714	endpoint
ENOG410Y5VR	0.0	0.037927546613811244	0.04928022595978395	1.2347244215947712	0.5333595864852417	0.5281766316095019	0.5333595864852417	0.5281766316095019	0.5714285714285714	endpoint
ENOG410Y5WY	0.0	0.35044700841245524	0.160856178829159	1.186282871251083	0.603633009406891	0.5507995717422677	0.603633009406891	0.5507995717422677	0.7142857142857143	endpoint
ENOG410Y5X3	0.0	0.37165456604046493	0.5949634077201198	1.6320620659253917	0.5963296197825209	0.6522851211327013	0.5963296197825209	0.6522851211327013	0.5714285714285714	endpoint
ENOG410Y5Y8	0.0	0.16806988987479496	0.25147375346589784	1.3411653796591294	0.4437003853692696	0.42887696947379844	0.5562996146307304	0.5711230305262016	0.5714285714285714	baseline
ENOG410Y5ZF	0.0	0.2246075548475714	0.5588529013902588	1.452488229696784	0.5608904650417932	0.66274879673226	0.5608904650417932	0.66274879673226	0.5714285714285714	endpoint
ENOG410Y5ZK	0.0	0.0459947281424915	0.1900350463510206	1.0764131528269762	0.4986500394087323	0.5730434452864119	0.5013499605912677	0.5730434452864119	0.5714285714285714	endpoint
ENOG410Y60R	0.14285714285714285	0.6288356557965245	1.0886665514949505	2.116437681746333	0.646790924471997	0.8219432824274401	0.646790924471997	0.8219432824274401	0.7142857142857143	endpoint
ENOG410Y61A	0.0	1.293305453066799	1.2407142698225948	1.6326355601660347	0.8844255763395134	0.9576506282747967	0.8844255763395134	0.9576506282747967	1.0	endpoint
ENOG410Y61B	0.0	1.195432087306598	1.48404838861585	1.707189934360645	0.8405327100514723	0.9676942157113253	0.8405327100514723	0.9676942157113253	0.8571428571428571	endpoint
ENOG410Y63T	0.0	0.42788266289685417	0.5431469215188167	1.612998557782147	0.6042874932804901	0.5607816574060908	0.6042874932804901	0.5607816574060908	0.7142857142857143	endpoint
ENOG410Y65M	0.0	0.6334417631114716	1.0048503330277037	1.2265057510558341	0.6926747397191916	0.7481084501039041	0.6926747397191916	0.7481084501039041	0.8571428571428571	endpoint
ENOG410Y65N	0.0	0.1878093409942643	0.1595710218862976	1.1878013868129793	0.5353081035912064	0.4601736850574346	0.5353081035912064	0.5398263149425654	0.5714285714285714	endpoint
ENOG410Y698	0.0	0.2608121019921107	0.3325661946438636	1.6600674872392145	0.5735473172923412	0.5993032622307952	0.5735473172923412	0.5993032622307952	0.5714285714285714	endpoint
ENOG410Y69H	0.0	0.1667198502892982	0.5017568216126924	1.63725372129491	0.4508530127315469	0.3958939633862831	0.5491469872684531	0.604106036613717	0.5714285714285714	baseline
ENOG410Y6BE	0.0	0.3409116749734981	0.7376622518766767	1.446544480998528	0.6083157613056741	0.7054530671414874	0.6083157613056741	0.7054530671414874	0.7142857142857143	endpoint
ENOG410Y6DH	0.0	0.3162606341154923	0.5093109013639118	1.343871508381068	0.5885824655004012	0.6322612858088008	0.5885824655004012	0.6322612858088008	0.5714285714285714	endpoint
ENOG410Y6DZ	0.0	0.2585402333292054	0.5303527096373033	1.2494150009744185	0.47795344626110936	0.34953724286672855	0.5220465537388906	0.6504627571332715	0.7142857142857143	baseline
ENOG410Y6G5	0.0	0.34006625745812286	0.2842826091531897	1.3529129281954797	0.40519151836002176	0.42343079621517904	0.5948084816399782	0.5765692037848209	0.7142857142857143	baseline
ENOG410Y6HR	0.0	0.603850182336019	0.4771488125882006	1.4038531111610513	0.6801564750948023	0.6247424355531033	0.6801564750948023	0.6247424355531033	0.8571428571428571	endpoint
ENOG410Y6JS	0.0	1.0540127468029639	1.1011696218023048	1.7157601091885801	0.8064180774333536	0.8111588915986906	0.8064180774333536	0.8111588915986906	1.0	endpoint
ENOG410Y6KN	0.0	0.622278604510048	0.7395152860929767	1.4538254017282044	0.7035116712916377	0.748195013574592	0.7035116712916377	0.748195013574592	0.8571428571428571	endpoint
ENOG410Y6KY	0.0	0.3309592875820288	0.38461584287869455	0.9915500846809453	0.5959436803215604	0.5647561362495085	0.5959436803215604	0.5647561362495085	0.7142857142857143	endpoint
ENOG410Y6N4	0.0	1.207339437712114	1.4252160914509786	1.830368381604567	0.8367279992069394	0.88896227597885	0.8367279992069394	0.88896227597885	1.0	endpoint
ENOG410Y6PP	0.0	1.2704010603129061	1.25541701935387	1.7326144235159973	0.8718809616436378	0.8783751150967309	0.8718809616436378	0.8783751150967309	1.0	endpoint
ENOG410Y6PV	0.0	0.5634947154320898	1.2043054852322428	1.4470857790072487	0.7216712941684076	0.8395869631961994	0.7216712941684076	0.8395869631961994	0.7142857142857143	endpoint
ENOG410Y6RZ	0.0	0.33877730699408753	0.6753642243072622	1.330462066028701	0.559986001977863	0.6826495019717329	0.559986001977863	0.6826495019717329	0.7142857142857143	endpoint
ENOG410Y6SJ	0.0	0.039399980305170175	0.21359312724369192	0.9592276331862699	0.5470498541051703	0.5442391006656965	0.5470498541051703	0.5442391006656965	0.5714285714285714	endpoint
ENOG410Y6T0	0.0	1.1197517317260224	1.2423681364622348	1.3983546770529083	0.8382410864829088	0.9359201675826639	0.8382410864829088	0.9359201675826639	1.0	endpoint
ENOG410Y6T3	0.0	0.7460096040232023	0.878247487566839	1.3653585310058916	0.24539348048976778	0.1899927704173816	0.7546065195102323	0.8100072295826184	0.8571428571428571	baseline
ENOG410Y6UB	0.0	0.0063186558458845354	0.0345887307766205	1.199375972554821	0.49235016690107075	0.49599433239611823	0.5076498330989292	0.5040056676038818	0.5714285714285714	baseline
ENOG410Y6VM	0.0	0.6269229567398088	1.0488420902038984	1.2085058920229261	0.2736848444594713	0.1314913340198783	0.7263151555405287	0.8685086659801217	0.8571428571428571	baseline
ENOG410Y6W0	0.0	0.034423352984954074	0.7144129958950031	1.5575334224510577	0.4451030502759405	0.5892113205210282	0.5548969497240595	0.5892113205210282	0.5714285714285714	baseline
ENOG410Y6W3	0.0	1.190226548713473	1.2459338536986362	1.5188777568696996	0.8658598981028974	0.9096203022583849	0.8658598981028974	0.9096203022583849	1.0	endpoint
ENOG410Y6WN	0.0	0.35492802292448633	0.4345432199195472	1.0166354784488079	0.6212918959868663	0.6659288662986795	0.6212918959868663	0.6659288662986795	0.7142857142857143	endpoint
ENOG410Y6X8	0.0	0.33294032691941045	0.44232140372985507	1.3072954777604775	0.6250094258987795	0.6166004870053581	0.6250094258987795	0.6166004870053581	0.7142857142857143	endpoint
ENOG410Y70M	0.0	1.0856492282480816	1.3031291536645475	1.6414697263086568	0.8502173536961728	0.96008565232225	0.8502173536961728	0.96008565232225	0.8571428571428571	endpoint
ENOG410Y714	0.0	0.0695978353788981	0.02376697962931378	1.2152074206288928	0.49745310119693087	0.5048922044497409	0.5025468988030691	0.5048922044497409	0.5714285714285714	baseline
ENOG410Y71B	0.0	0.06552993569673513	0.07142253469144758	1.6022097132071216	0.48815913084092205	0.5284208089194742	0.5118408691590779	0.5284208089194742	0.5714285714285714	endpoint
ENOG410Y722	0.0	0.17487061432533083	0.05847119236898097	1.4471755275578957	0.39499514269061925	0.5311063314680643	0.6050048573093807	0.5311063314680643	0.5714285714285714	baseline
ENOG410Y736	0.0	0.8557467804385314	0.77819858673154	1.6171624953684591	0.7446323400703092	0.6449651418214505	0.7446323400703092	0.6449651418214505	1.0	endpoint
ENOG410Y73Q	0.0	0.27918764049038386	0.12580450062751458	1.5273852015190839	0.38102119715556937	0.47295928730274756	0.6189788028444306	0.5270407126972525	0.7142857142857143	baseline
ENOG410Y744	0.0	0.008883685570225675	0.030446023999794274	1.5954536478512384	0.526872785829345	0.5221730672005294	0.526872785829345	0.5221730672005294	0.5714285714285714	baseline
ENOG410Y74B	0.0	0.03478504113983041	0.011255662344221784	1.4957498874308726	0.4810544473124989	0.501763794571187	0.5189455526875011	0.501763794571187	0.5714285714285714	baseline
ENOG410Y74G	0.0	0.15702331843937825	0.07437064050153168	1.186609683890287	0.4629073159619569	0.4582755637752261	0.5370926840380431	0.541724436224774	0.5714285714285714	baseline
ENOG410Y74R	0.0	0.9202006397637954	1.2689721263715252	1.5194894283455445	0.792239049477358	0.8579557138954991	0.792239049477358	0.8579557138954991	0.8571428571428571	endpoint
ENOG410Y74T	0.0	0.8814362302642215	1.0184263717923858	1.779507193876725	0.2322475641407265	0.23021497702857363	0.7677524358592736	0.7697850229714264	0.8571428571428571	baseline
ENOG410Y775	0.0	0.40453020838721976	0.7450392381468541	1.456440193942745	0.5947599113077213	0.7499558209620236	0.5947599113077213	0.7499558209620236	0.7142857142857143	endpoint
ENOG410Y77C	0.0	0.8083834174108292	1.0440873855052597	1.3837105040171034	0.23651950664223972	0.24975957970364954	0.7634804933577602	0.7502404202963504	1.0	baseline
ENOG410Y7AI	0.0	0.9215569602628838	0.7051082505805583	1.534388018268293	0.22619808109458436	0.26634895149854126	0.7738019189054156	0.7336510485014587	1.0	baseline
ENOG410Y7CB	0.0	0.2774914684325964	0.6747289411849364	1.475757006489164	0.4391179275693492	0.3042721904852805	0.5608820724306508	0.6957278095147195	0.5714285714285714	baseline
ENOG410Y7H9	0.0	0.6724583996889255	0.8617406428867137	1.5716705096873227	0.6743950239159878	0.7425598770645104	0.6743950239159878	0.7425598770645104	0.8571428571428571	endpoint
ENOG410Y7HA	0.0	0.8984801503885417	1.211651013556865	1.6061895395048515	0.7649229480272896	0.8886894763523051	0.7649229480272896	0.8886894763523051	0.8571428571428571	endpoint
ENOG410Y7HB	0.0	0.31837082111013987	0.43434705319732914	1.3695043007429075	0.5860309385668866	0.6273578441966445	0.5860309385668866	0.6273578441966445	0.7142857142857143	endpoint
ENOG410Y7HR	0.0	0.4743058414946778	0.6839391999030392	1.3655764379288842	0.6339884752723063	0.6145521469379778	0.6339884752723063	0.6145521469379778	0.7142857142857143	endpoint
ENOG410Y7J2	0.0	0.3697482902359793	0.12157993203171807	1.1011316109762839	0.6173410903109435	0.4919804209896155	0.6173410903109435	0.5080195790103845	0.5714285714285714	endpoint
ENOG410Y7MF	0.0	0.8173261520919609	0.9908642964761919	1.2568714611363752	0.7623145462605102	0.7884908183352599	0.7623145462605102	0.7884908183352599	0.8571428571428571	endpoint
ENOG410Y7NJ	0.0	0.19046829635677573	0.7206847364726507	1.3620070357974612	0.5227435833741304	0.6495524257909243	0.5227435833741304	0.6495524257909243	0.5714285714285714	endpoint
ENOG410Y7NW	0.0	0.02071854392989522	0.4444910539944749	1.3602435105083057	0.517600392845964	0.3750875910656056	0.517600392845964	0.6249124089343945	0.5714285714285714	baseline
ENOG410Y7PK	0.0	0.0392413291989151	0.5555569973090774	1.3545488885226016	0.47488938567181094	0.5628416933777975	0.5251106143281891	0.5628416933777975	0.5714285714285714	baseline
ENOG410Y7RU	0.0	0.21000796607160074	0.32052294064383785	1.1919844720196613	0.584262197163028	0.6406613343736398	0.584262197163028	0.6406613343736398	0.5714285714285714	endpoint
ENOG410Y7SB	0.0	0.51540944180104	0.37518391961158737	1.3185350159829154	0.31523072046870565	0.40422106432136623	0.6847692795312943	0.5957789356786338	0.7142857142857143	baseline
ENOG410Y7U8	0.0	0.4820977643930047	0.940357955898337	1.4274092111299443	0.3460201577463729	0.17700837730912697	0.6539798422536272	0.822991622690873	0.7142857142857143	baseline
ENOG410Y7U9	0.0	0.29094990958821004	0.47273083220581996	1.0273631112650337	0.580649737128268	0.660082709746396	0.580649737128268	0.660082709746396	0.7142857142857143	endpoint
ENOG410Y7UF	0.0	0.07829591972504939	0.5313362307225726	1.7277308156121456	0.4928351347454955	0.3204114012603423	0.5071648652545044	0.6795885987396577	0.5714285714285714	endpoint
ENOG410Y7UJ	0.0	0.888388166787914	1.2602748486213586	1.7033494959604902	0.7806616624245803	0.8979999427641133	0.7806616624245803	0.8979999427641133	0.7142857142857143	endpoint
ENOG410Y7W1	0.0	0.48836204245970966	0.5961825942463339	1.1818010561378978	0.36217810129545613	0.34330562776481877	0.6378218987045439	0.6566943722351812	0.7142857142857143	baseline
ENOG410Y80I	0.14285714285714285	1.4491206418582308	1.500830341677791	2.046812007934876	0.9072504172807124	0.9232462466463044	0.9072504172807124	0.9232462466463044	1.0	endpoint
ENOG410Y81N	0.0	0.8501876924566042	1.1419339808372695	1.2902115543618053	0.24097554857202935	0.2334992761754205	0.7590244514279707	0.7665007238245796	0.8571428571428571	baseline
ENOG410Y82Q	0.0	0.6189760279607504	0.5245257376410424	1.6884323715920244	0.6925868957230722	0.7173546239328586	0.6925868957230722	0.7173546239328586	0.7142857142857143	endpoint
ENOG410Y83C	0.0	1.247455471211358	1.1829657985176858	1.536233272904008	0.8632702963194274	0.8729582665061116	0.8632702963194274	0.8729582665061116	1.0	endpoint
ENOG410Y83P	0.0	0.6635889868015615	1.2444260826648172	1.3728214428776049	0.7336750772568985	0.9377507931906972	0.7336750772568985	0.9377507931906972	0.8571428571428571	endpoint
ENOG410Y85C	0.0	0.0741200135658545	0.11661188042690684	0.774450462591012	0.5206592455636162	0.548186593898145	0.5206592455636162	0.548186593898145	0.7142857142857143	endpoint
ENOG410Y87T	0.0	0.08739716909323181	0.2541407298103521	1.4597925524378808	0.529951179302502	0.42843425926814616	0.529951179302502	0.5715657407318538	0.5714285714285714	endpoint
ENOG410Y881	0.0	0.6425774782576923	0.833497265792395	1.4181139059080226	0.6944397963377743	0.708049545274012	0.6944397963377743	0.708049545274012	0.8571428571428571	endpoint
ENOG410Y8AE	0.0	0.09500142217803034	0.05329566307209812	1.1075211594296592	0.5232405634464974	0.4929454139218143	0.5232405634464974	0.5070545860781857	0.5714285714285714	endpoint
ENOG410Y8AI	0.0	0.9387286598246495	1.202445933313468	1.633662089942917	0.7485104408204524	0.8121387161251965	0.7485104408204524	0.8121387161251965	0.8571428571428571	endpoint
ENOG410Y8BB	0.0	0.40313926791079807	0.49613439947677207	1.9479878381322144	0.42174794632152207	0.38826402398002785	0.5782520536784779	0.6117359760199721	0.7142857142857143	baseline
ENOG410Y8E8	0.0	0.7311261479445089	0.6576545814471705	1.6150164208387068	0.7338107268736781	0.6946748329782229	0.7338107268736781	0.6946748329782229	0.7142857142857143	endpoint
ENOG410Y8F2	0.0	0.24557437630486373	0.6467094355057109	1.2503749001722828	0.5446841838033246	0.6533275342048447	0.5446841838033246	0.6533275342048447	0.7142857142857143	endpoint
ENOG410Y8FG	0.0	0.29090140872494824	0.15048731527927994	1.9064531538583893	0.5471466337664823	0.5483755397430718	0.5471466337664823	0.5483755397430718	0.5714285714285714	endpoint
ENOG410Y8FN	0.0	0.4738959237543708	0.9476483173503244	1.4745612106090966	0.35475715683076875	0.29055277029951526	0.6452428431692312	0.7094472297004848	0.7142857142857143	baseline
ENOG410Y8GF	0.0	0.48189420430429425	0.2727010877571547	1.4052063064438263	0.6534057871641302	0.6226830749346429	0.6534057871641302	0.6226830749346429	0.7142857142857143	endpoint
ENOG410Y8IJ	0.0	0.27950899056191586	0.5188465839601258	0.7934144559513167	0.4335780015334337	0.3437448223472506	0.5664219984665664	0.6562551776527494	0.7142857142857143	baseline
ENOG410Y8IR	0.0	0.08011172347081527	0.016001301093190437	1.5730922745211418	0.4889641216982156	0.4654312928692698	0.5110358783017843	0.5345687071307301	0.5714285714285714	endpoint
ENOG410Y8K0	0.0	0.12898900625342344	0.2823501682424011	0.8234162423389293	0.5116469694022346	0.6019610056365701	0.5116469694022346	0.6019610056365701	0.5714285714285714	endpoint
ENOG410Y8K6	0.0	0.8538935336309776	1.1043383834959375	1.5892536641904513	0.7613800830794873	0.9353307487369497	0.7613800830794873	0.9353307487369497	0.7142857142857143	endpoint
ENOG410Y8MK	0.0	0.5035279889681809	0.8549422510318174	1.1424495901900509	0.3638017203400564	0.31208105500893446	0.6361982796599436	0.6879189449910655	0.7142857142857143	baseline
ENOG410Y8MT	0.0	0.7145545584731753	0.6908569869679405	1.4774171202727346	0.7138172882699623	0.6616279349634346	0.7138172882699623	0.6616279349634346	1.0	endpoint
ENOG410Y8NU	0.0	0.45718035144037106	0.8799276163415732	1.2262841886919003	0.6622864928257675	0.718904028499071	0.6622864928257675	0.718904028499071	0.5714285714285714	endpoint
ENOG410Y8R0	0.0	0.14583336948783768	0.47848372324663735	1.4169358322661292	0.5317143461718213	0.7000454811474869	0.5317143461718213	0.7000454811474869	0.5714285714285714	endpoint
ENOG410Y8U6	0.0	0.6209613736738083	0.3978140378152664	1.2225792948358718	0.699647255413266	0.5742086082207565	0.699647255413266	0.5742086082207565	1.0	endpoint
ENOG410Y8W0	0.0	0.160630733340627	0.19892617575482413	0.9738895106399793	0.527538942624335	0.5624671133013701	0.527538942624335	0.5624671133013701	0.5714285714285714	endpoint
ENOG410Y8WS	0.0	0.016793030927705028	0.020799395971588645	1.1719494334372689	0.48552801397810974	0.49859439168952274	0.5144719860218903	0.5014056083104772	0.5714285714285714	baseline
ENOG410Y8XY	0.0	0.09514474498293869	0.0052441063243741795	0.8705912796830078	0.5409477344423548	0.5107965301632316	0.5409477344423548	0.5107965301632316	0.7142857142857143	endpoint
ENOG410Y8YV	0.0	1.0598956630954761	1.1922605835351188	1.4625932772493444	0.8027424122488315	0.8362669412713003	0.8027424122488315	0.8362669412713003	1.0	endpoint
ENOG410Y8YW	0.0	0.8920693805976843	0.8212603302721024	1.481683828211408	0.21961264033949573	0.23528035026892855	0.7803873596605042	0.7647196497310714	1.0	baseline
ENOG410Y909	0.0	0.2816096019659869	0.3447481095141961	0.8314948250065153	0.5904448217361139	0.527848039885869	0.5904448217361139	0.527848039885869	0.7142857142857143	endpoint
ENOG410Y90I	0.0	0.4951294578125699	0.5757869300080213	1.1044959528658276	0.6573026890081212	0.6663439234419948	0.6573026890081212	0.6663439234419948	0.7142857142857143	endpoint
ENOG410Y90V	0.0	1.012174761392399	1.0633647139171662	1.5217402833741662	0.20795433732028315	0.24528101421508672	0.7920456626797169	0.7547189857849133	1.0	baseline
ENOG410Y91P	0.0	0.5179914146678026	0.7126244819584523	1.0663432844825058	0.33717242605645975	0.2880130085007764	0.6628275739435403	0.7119869914992236	0.8571428571428571	baseline
ENOG410Y91S	0.0	0.7237236113045589	1.0243516990909143	1.3781065741591947	0.25929343147002426	0.16732087250645375	0.7407065685299757	0.8326791274935462	0.8571428571428571	baseline
ENOG410Y921	0.0	0.46387070229496824	0.8836571880212045	1.8425807855267273	0.39744584344397005	0.2526928436058285	0.60255415655603	0.7473071563941716	0.5714285714285714	baseline
ENOG410Y926	0.0	0.10349586984828095	0.4264348565970418	1.3125517795554438	0.42116026307671006	0.6251769491717114	0.5788397369232899	0.6251769491717114	0.5714285714285714	baseline
ENOG410Y935	0.0	0.3096734316005412	0.1315181214015133	1.5205105338777294	0.6365958617373283	0.5770062573372181	0.6365958617373283	0.5770062573372181	0.5714285714285714	endpoint
ENOG410Y93R	0.14285714285714285	1.2518882719027216	1.2863883026526035	2.191948658629682	0.8625795258587133	0.9314307429805062	0.8625795258587133	0.9314307429805062	1.0	endpoint
ENOG410Y94C	0.0	0.5503631202611646	0.7238623977026257	1.2397923529952946	0.6551623123319887	0.7233501536811796	0.6551623123319887	0.7233501536811796	0.8571428571428571	endpoint
ENOG410Y954	0.0	0.6929629099119181	0.7039985738519406	1.5279498923993096	0.7079022276461762	0.677775352580896	0.7079022276461762	0.677775352580896	0.8571428571428571	endpoint
ENOG410Y968	0.0	0.2720929768804334	0.4354255888864801	1.5876633293704934	0.41044371169613986	0.373672470243131	0.5895562883038601	0.626327529756869	0.7142857142857143	baseline
ENOG410Y96E	0.0	0.7255596819100832	0.9142294435497959	1.1694682074968423	0.7455034323710252	0.7812694126592272	0.7455034323710252	0.7812694126592272	0.8571428571428571	endpoint
ENOG410Y96N	0.0	0.048270161087728906	0.03874182330836055	1.4289160626240875	0.5183839549845024	0.5347278808022845	0.5183839549845024	0.5347278808022845	0.5714285714285714	endpoint
ENOG410Y96R	0.0	1.0281907110973783	1.2856165790747056	1.7903455554759973	0.8070758886201366	0.9317414533998459	0.8070758886201366	0.9317414533998459	0.8571428571428571	endpoint
ENOG410Y96Y	0.0	0.8106545474792565	1.0507447816830429	1.6137533063720346	0.7051115441108221	0.7588376502318478	0.7051115441108221	0.7588376502318478	0.7142857142857143	endpoint
ENOG410Y97H	0.0	0.8622876793541204	1.2510762995852827	1.5452737232791935	0.7972673623425546	0.9335704638071175	0.7972673623425546	0.9335704638071175	0.8571428571428571	endpoint
ENOG410Y97T	0.0	0.008126885437490199	0.6153527461154251	1.1366104678312405	0.49086750273396085	0.575892197081745	0.5091324972660392	0.575892197081745	0.5714285714285714	endpoint
ENOG410Y99D	0.0	0.011994906136105004	0.5077888291600916	1.3768556063168385	0.5075144807983442	0.38632942303293233	0.5075144807983442	0.6136705769670676	0.5714285714285714	baseline
ENOG410Y99K	0.0	0.2408008291118464	0.16125904593121806	0.7079023734854994	0.5657960963003003	0.580330697567036	0.5657960963003003	0.580330697567036	0.5714285714285714	endpoint
ENOG410Y99P	0.0	0.7305401041347643	0.8022466528607262	1.772254808026665	0.30627471937346984	0.26025492992653576	0.6937252806265302	0.7397450700734642	0.8571428571428571	baseline
ENOG410Y9B6	0.0	0.9433520481095607	0.9368382782480494	1.7665855508476926	0.8022276829752192	0.8437753858162961	0.8022276829752192	0.8437753858162961	0.8571428571428571	endpoint
ENOG410Y9BH	0.0	1.0107472805281443	1.1020771013648145	1.5136674684762752	0.8199652457228688	0.8849668241138124	0.8199652457228688	0.8849668241138124	1.0	endpoint
ENOG410Y9CE	0.0	0.22338411370671976	0.41203540955506385	0.933295762256462	0.43047774703556474	0.382667612067587	0.5695222529644353	0.6173323879324131	0.5714285714285714	baseline
ENOG410Y9CX	0.0	0.4774927830213639	1.0105280631551226	1.3122731368229816	0.6491533151219405	0.6464747014316895	0.6491533151219405	0.6464747014316895	0.7142857142857143	endpoint
ENOG410Y9CY	0.0	1.370791217881752	1.4399780773165598	1.7055873375781323	0.9080877368730051	0.9777588455569981	0.9080877368730051	0.9777588455569981	1.0	endpoint
ENOG410Y9DH	0.0	0.6145416562354435	0.7900189602799921	1.3432267805771183	0.281894887550457	0.2606427730636049	0.718105112449543	0.739357226936395	0.8571428571428571	baseline
ENOG410Y9DN	0.0	0.29345436993200147	0.4118990267873837	1.2727512618866288	0.5709702010600238	0.5389948940593492	0.5709702010600238	0.5389948940593492	0.5714285714285714	endpoint
ENOG410Y9EQ	0.14285714285714285	0.40758977665091667	0.7477544080633777	2.1504868008757545	0.5815128501880181	0.7980271081530779	0.5815128501880181	0.7980271081530779	0.5714285714285714	endpoint
ENOG410Y9EU	0.0	0.10944879421418333	0.23434047399460142	1.302964006050129	0.5467874545826037	0.4317210433232003	0.5467874545826037	0.5682789566767996	0.5714285714285714	endpoint
ENOG410Y9EZ	0.0	0.9863915886651935	0.9737654413010566	1.450915865739927	0.2095729080677696	0.23922978204937914	0.7904270919322304	0.7607702179506208	1.0	baseline
ENOG410Y9G0	0.14285714285714285	1.3583622757544938	1.2650378692664679	2.3569212556794885	0.8792269777987525	0.8860818510284824	0.8792269777987525	0.8860818510284824	1.0	endpoint
ENOG410Y9GF	0.14285714285714285	0.7218462774675102	0.9349298594162566	2.10384631354667	0.3169930800233668	0.2946268091052382	0.6830069199766332	0.7053731908947618	0.5714285714285714	baseline
ENOG410Y9GZ	0.0	0.3042260044447151	0.3183851104075081	1.229389291156611	0.43099265366950457	0.4177698816086619	0.5690073463304954	0.5822301183913381	0.5714285714285714	baseline
ENOG410Y9HG	0.0	0.1812631461626307	0.17193398807432295	1.26980012241987	0.4390941464131865	0.4420803358880756	0.5609058535868134	0.5579196641119244	0.5714285714285714	baseline
ENOG410Y9I9	0.0	0.16208049884075978	0.5859639259170072	1.4298942026194568	0.5440539296389438	0.5941001451977423	0.5440539296389438	0.5941001451977423	0.5714285714285714	endpoint
ENOG410Y9IM	0.0	0.017453158765479055	0.2113971471843678	1.6298905473090741	0.49823157029037535	0.42865005840241793	0.5017684297096247	0.571349941597582	0.5714285714285714	endpoint
ENOG410Y9IT	0.0	0.18751846027593536	0.35800718392528647	1.2209868408023279	0.591721916064655	0.6021178145443429	0.591721916064655	0.6021178145443429	0.7142857142857143	endpoint
ENOG410Y9J2	0.0	1.0568446554395887	1.0811309924811412	1.3971362482947591	0.8156537708203926	0.7959825941719713	0.8156537708203926	0.7959825941719713	1.0	endpoint
ENOG410Y9J8	0.0	0.5261154283768845	0.6767880371431555	1.4487018374469431	0.33931719380018216	0.29673610696665653	0.6606828061998178	0.7032638930333435	0.8571428571428571	baseline
ENOG410Y9JJ	0.0	0.8596610365698351	0.9955678977150784	1.6544003520631032	0.2512331382644255	0.12919710535185247	0.7487668617355745	0.8708028946481475	0.8571428571428571	baseline
ENOG410Y9K3	0.0	0.6594178946949455	0.6695452888930825	1.6455125487732432	0.6641993193630819	0.6921872067637084	0.6641993193630819	0.6921872067637084	0.8571428571428571	endpoint
ENOG410Y9KI	0.0	0.12825629753600534	0.49691040469620346	0.9965001488035513	0.43822224661789366	0.3540736546059385	0.5617777533821063	0.6459263453940616	0.5714285714285714	baseline
ENOG410Y9KP	0.0	0.14510189007968752	0.049654062422352076	1.5067211829278724	0.5284869694768471	0.49394917421001744	0.5284869694768471	0.5060508257899825	0.5714285714285714	endpoint
ENOG410Y9MC	0.0	0.9842503318702072	1.2028427410554958	1.8120152388032496	0.7838315673756241	0.875165697960879	0.7838315673756241	0.875165697960879	0.8571428571428571	endpoint
ENOG410Y9P0	0.0	0.3798148675635966	0.8640511674840423	1.443587097637871	0.5862778599280688	0.710252070361262	0.5862778599280688	0.710252070361262	0.5714285714285714	endpoint
ENOG410Y9P6	0.0	0.42096938327217054	0.4365826579593828	1.328984005179807	0.6334150013321463	0.6152588835291471	0.6334150013321463	0.6152588835291471	0.7142857142857143	endpoint
ENOG410Y9PG	0.0	0.0105184080446664	0.5909266429273335	1.6059741778244088	0.4794073494463152	0.3171262132070838	0.5205926505536849	0.6828737867929162	0.5714285714285714	baseline
ENOG410Y9RA	0.0	0.33238006814171356	0.7455926424918893	1.6544819704538765	0.5750760040505559	0.745259997113043	0.5750760040505559	0.745259997113043	0.7142857142857143	endpoint
ENOG410Y9RX	0.0	0.08236988881460641	0.07006234813646878	1.3406765111827974	0.4959415100001552	0.5348011123975869	0.5040584899998448	0.5348011123975869	0.5714285714285714	baseline
ENOG410Y9SW	0.0	0.025458285970821764	0.3861050353475151	1.5225250475388135	0.46370815221915646	0.5347131675720922	0.5362918477808436	0.5347131675720922	0.5714285714285714	baseline
ENOG410Y9TM	0.0	0.5841784126539472	0.6433582815823589	1.2412961330338284	0.2993696748308784	0.2609502343916339	0.7006303251691216	0.7390497656083661	0.8571428571428571	baseline
ENOG410Y9TN	0.0	0.3647853747163738	0.18915782085926697	1.4159232739402825	0.4043625634112811	0.4619918202962107	0.5956374365887189	0.5380081797037892	0.5714285714285714	baseline
ENOG410Y9TS	0.0	0.42531521625074414	0.2724339912812233	1.527473994505358	0.6290209345296692	0.5768842228212405	0.6290209345296692	0.5768842228212405	0.5714285714285714	endpoint
ENOG410Y9UF	0.0	0.30334179142214607	0.07667402189871614	1.8411297791903798	0.5794905208698166	0.444605508226481	0.5794905208698166	0.555394491773519	0.5714285714285714	endpoint
ENOG410Y9V7	0.0	0.3083312674364721	0.41330409822343495	1.7132069224006847	0.5503732337419566	0.6098168239028743	0.5503732337419566	0.6098168239028743	0.5714285714285714	endpoint
ENOG410Y9VJ	0.0	0.013974218542974029	0.10884132040685492	1.5847708225846877	0.5174781746599912	0.45255353259876185	0.5174781746599912	0.5474464674012381	0.5714285714285714	baseline
ENOG410Y9VZ	0.0	0.21508912139949715	0.35384884018669194	1.028854697489839	0.5751644049543199	0.6051695491959199	0.5751644049543199	0.6051695491959199	0.7142857142857143	endpoint
ENOG410Y9W1	0.0	0.15423781360256728	0.34471211253762807	1.2666171626154392	0.5737050036648919	0.5937813955851087	0.5737050036648919	0.5937813955851087	0.5714285714285714	endpoint
ENOG410Y9XA	0.0	0.6299120526515968	0.8226310720155899	1.6606178662898634	0.6849092001265389	0.77468888760487	0.6849092001265389	0.77468888760487	0.7142857142857143	endpoint
ENOG410Y9XN	0.0	0.5085123198638959	0.4721178426935293	1.3923309017744894	0.6558564492068866	0.6593542206238608	0.6558564492068866	0.6593542206238608	0.7142857142857143	endpoint
ENOG410Y9Y0	0.0	0.18336319046149302	0.4364090604467643	0.8234447641532111	0.5395177948093658	0.5839151389867054	0.5395177948093658	0.5839151389867054	0.5714285714285714	endpoint
ENOG410Y9YJ	0.0	0.18544939404608535	0.27614736258254463	1.243535086527481	0.4602799345631565	0.4244437794068512	0.5397200654368435	0.5755562205931488	0.5714285714285714	baseline
ENOG410Y9YN	0.0	1.117098738364847	1.2017168309315962	1.871119203253241	0.847905645541302	0.874192713658108	0.847905645541302	0.874192713658108	0.8571428571428571	endpoint
ENOG410Y9YV	0.0	0.0760430117381027	0.14689760759475065	1.4501303315338714	0.48592802540348423	0.4281254268702013	0.5140719745965158	0.5718745731297987	0.5714285714285714	baseline
ENOG410Y9ZI	0.0	1.289224509638156	1.2565334404039958	1.8429538972074282	0.13686046405435512	0.12321141670594554	0.8631395359456449	0.8767885832940545	1.0	baseline
ENOG410Y9ZP	0.0	0.1357338830156342	0.020551331489711097	1.5513424225899748	0.4339697958736054	0.47534989573582886	0.5660302041263946	0.5246501042641711	0.7142857142857143	baseline
ENOG410YA1K	0.0	0.9167602712880275	1.040863595203767	1.694804362308459	0.26077786981526524	0.22202051576102855	0.7392221301847348	0.7779794842389715	0.8571428571428571	baseline
ENOG410YA26	0.0	0.22218941406651313	0.11918889269786298	1.1291149511577356	0.41612542592227925	0.5088112334485155	0.5838745740777207	0.5088112334485155	0.5714285714285714	baseline
ENOG410YA2N	0.0	0.8751239244605395	0.7726732038126546	1.8681634648025252	0.7580252206327909	0.7807304948187648	0.7580252206327909	0.7807304948187648	0.8571428571428571	endpoint
ENOG410YA2Z	0.0	0.9300754182293478	1.0922994151902423	1.3842984709513504	0.7986937946050586	0.9047980931714767	0.7986937946050586	0.9047980931714767	1.0	endpoint
ENOG410YA33	0.0	0.7459374458949534	1.1611523163020083	1.3925373354715278	0.6973643437755674	0.7423350468767385	0.6973643437755674	0.7423350468767385	0.8571428571428571	endpoint
ENOG410YA44	0.0	0.6247082309068543	0.6215272276656427	1.2389454535052684	0.7036480025059547	0.6236873684145218	0.7036480025059547	0.6236873684145218	0.8571428571428571	endpoint
ENOG410YA4G	0.0	0.606827892749944	0.9702343888099431	1.4045149572007452	0.6685018396112923	0.7452099473367486	0.6685018396112923	0.7452099473367486	0.8571428571428571	endpoint
ENOG410YA56	0.0	0.27523540806879193	0.4580439730460848	0.988258870591493	0.4095397080198367	0.38388811099875864	0.5904602919801634	0.6161118890012414	0.5714285714285714	baseline
ENOG410YA5P	0.0	0.4441605901200716	0.5366711629505267	1.3330123491505492	0.3790885980522875	0.3125375583974968	0.6209114019477124	0.6874624416025032	0.8571428571428571	baseline
ENOG410YA6E	0.0	1.1694645118332343	1.252140190889902	1.677278657669343	0.8647757106163768	0.9564851474186641	0.8647757106163768	0.9564851474186641	1.0	endpoint
ENOG410YA6Q	0.0	0.45024889990861766	0.528459485361429	1.2233086934377346	0.677998283924184	0.6809191557351757	0.677998283924184	0.6809191557351757	0.7142857142857143	endpoint
ENOG410YA70	0.0	0.4757478135136	0.42395797874417745	0.9649861223773076	0.35879186049089057	0.39566296538925666	0.6412081395091094	0.6043370346107433	1.0	baseline
ENOG410YA83	0.0	0.15812885046647882	0.021219956701187564	1.3111430912969464	0.4483627025934217	0.5057040899882214	0.5516372974065783	0.5057040899882214	0.5714285714285714	baseline
ENOG410YA87	0.0	0.014151732008580189	0.3454991494900843	1.6050150339513378	0.48968401934987293	0.4124032886447505	0.5103159806501271	0.5875967113552495	0.5714285714285714	endpoint
ENOG410YA89	0.0	0.4621968276924563	0.5133870444696457	1.2747733644556147	0.371185775964174	0.38540013580617005	0.628814224035826	0.61459986419383	0.8571428571428571	baseline
ENOG410YA9M	0.0	0.2682716005764911	0.5251725708746318	1.3364428081832385	0.4492356315222295	0.39041983160481614	0.5507643684777705	0.6095801683951838	0.5714285714285714	baseline
ENOG410YA9Z	0.0	0.4356815413677137	0.28584238542823664	1.3842005237029016	0.36929513820002613	0.37280890449557275	0.6307048617999739	0.6271910955044273	0.5714285714285714	baseline
ENOG410YAA3	0.0	0.09069821790364564	0.2750497587678353	1.256511711451986	0.49860316986305914	0.5653339610246945	0.5013968301369409	0.5653339610246945	0.5714285714285714	endpoint
ENOG410YAB1	0.0	0.38559799281759904	0.4997234078777222	0.8862590985825766	0.6118781487209927	0.5892119415926649	0.6118781487209927	0.5892119415926649	0.8571428571428571	endpoint
ENOG410YABC	0.0	0.1027051372305341	0.12187515765851123	1.195931473446094	0.5401092241546943	0.5412289931532713	0.5401092241546943	0.5412289931532713	0.5714285714285714	endpoint
ENOG410YABJ	0.0	0.6601128047087459	0.4045221365859743	1.3306567544492307	0.296710458460467	0.4102400966434381	0.703289541539533	0.5897599033565619	0.8571428571428571	baseline
ENOG410YACP	0.0	0.32699375782716433	0.2478690296506449	1.4654380203817527	0.3741536477122252	0.4525313059497203	0.6258463522877749	0.5474686940502798	0.7142857142857143	baseline
ENOG410YACX	0.0	0.3888560806567546	0.22753663635973864	1.312523788004421	0.6181682849952644	0.5831044520925136	0.6181682849952644	0.5831044520925136	0.8571428571428571	endpoint
ENOG410YAD4	0.0	0.17038894187082088	0.5417112509764388	1.1710317248436197	0.5772031527754676	0.6651134058524872	0.5772031527754676	0.6651134058524872	0.7142857142857143	endpoint
ENOG410YAD8	0.0	0.4466235935123093	0.23004464761690926	1.2944453403931437	0.3612528979682454	0.44422683417345943	0.6387471020317546	0.5557731658265406	0.7142857142857143	baseline
ENOG410YADM	0.0	0.07757650765695456	0.10848669425806846	1.2103089464857946	0.5151716290043455	0.5120898461132005	0.5151716290043455	0.5120898461132005	0.5714285714285714	endpoint
ENOG410YAE9	0.0	0.5407821766006883	1.1796683326217852	1.6720358370727557	0.6298730146146642	0.74817388718822	0.6298730146146642	0.74817388718822	0.7142857142857143	endpoint
ENOG410YAEF	0.0	0.13197103900827054	0.8108392357936399	1.429558016792425	0.5106956366283611	0.6656127037945141	0.5106956366283611	0.6656127037945141	0.5714285714285714	endpoint
ENOG410YAF1	0.0	1.0203244027678253	1.4680216657520078	1.8977804655443342	0.7815753179231796	0.923915809320695	0.7815753179231796	0.923915809320695	0.8571428571428571	endpoint
ENOG410YAFB	0.0	1.0445948518274524	1.3475893479349332	1.8543090461510408	0.777781508217113	0.8582630690031176	0.777781508217113	0.8582630690031176	0.8571428571428571	endpoint
ENOG410YAFU	0.14285714285714285	1.4767776197566511	1.2744905526598869	2.1040158318371964	0.91718131721835	0.9348780795959031	0.91718131721835	0.9348780795959031	1.0	endpoint
ENOG410YAGR	0.0	0.2745524833918915	0.5596620331765739	1.4084771006054269	0.4028670736309742	0.35337204976726416	0.5971329263690258	0.6466279502327359	0.7142857142857143	baseline
ENOG410YAGY	0.0	0.9323585947412447	1.253060700571707	1.5085057804501771	0.776319863843482	0.8562218056600667	0.776319863843482	0.8562218056600667	0.8571428571428571	endpoint
ENOG410YAI5	0.0	0.4082951061580142	0.8057547646796582	1.4905133065473433	0.5956194285432954	0.677794413020641	0.5956194285432954	0.677794413020641	0.7142857142857143	endpoint
ENOG410YAI8	0.0	0.3495419186343828	0.3502283451424803	1.4035899550221707	0.6246539613472256	0.595070979953236	0.6246539613472256	0.595070979953236	0.7142857142857143	endpoint
ENOG410YAIR	0.0	0.18706872089463628	0.32073521928649656	1.4145155914981509	0.3963637733316561	0.4192291468617764	0.6036362266683439	0.5807708531382236	0.5714285714285714	baseline
ENOG410YAIS	0.0	0.2401776891595164	0.6649979898293784	1.13107465943694	0.5859257918243657	0.593479203858099	0.5859257918243657	0.593479203858099	0.7142857142857143	endpoint
ENOG410YAJ1	0.0	0.3902955171810116	0.7631476244424368	1.1287562611812343	0.6221652312437832	0.6795491624492106	0.6221652312437832	0.6795491624492106	0.7142857142857143	endpoint
ENOG410YAJ5	0.0	0.5147239640292408	0.9238575363015701	1.6655948355140557	0.376519505562445	0.3138912714952925	0.6234804944375549	0.6861087285047075	0.7142857142857143	baseline
ENOG410YAN2	0.0	0.8404258556807649	0.9501939544638986	1.935566245527129	0.7253995877763003	0.7919191575821879	0.7253995877763003	0.7919191575821879	0.8571428571428571	endpoint
ENOG410YANC	0.0	1.3322702048477917	1.4352833483957141	1.7011982940449506	0.8994393564251756	0.9558457034068735	0.8994393564251756	0.9558457034068735	1.0	endpoint
ENOG410YAP4	0.0	0.43606179492511693	1.0190674521446976	1.6287490394805215	0.32978406712145636	0.27495713015460466	0.6702159328785436	0.7250428698453953	0.7142857142857143	baseline
ENOG410YAQA	0.14285714285714285	0.8542350499181778	0.6935569087104603	2.058107864997353	0.7338249941466621	0.6988057003181283	0.7338249941466621	0.6988057003181283	1.0	endpoint
ENOG410YAQZ	0.0	0.36512142561052346	0.5651611265240252	1.4569773381898243	0.6101533575245991	0.6649140818285908	0.6101533575245991	0.6649140818285908	0.7142857142857143	endpoint
ENOG410YAR1	0.0	1.3912960317170293	1.374487701095979	1.7739603265615844	0.9038008415735673	0.9279109160404119	0.9038008415735673	0.9279109160404119	1.0	endpoint
ENOG410YARE	0.0	1.0429923297363641	1.3832822378965373	1.6517698936463605	0.7885718092338878	0.9629247607061292	0.7885718092338878	0.9629247607061292	0.8571428571428571	endpoint
ENOG410YARU	0.0	0.24331748212400367	0.5052085282692368	1.2878089717767478	0.5444688152316599	0.6468898965774125	0.5444688152316599	0.6468898965774125	0.7142857142857143	endpoint
ENOG410YARX	0.0	0.5628264288838158	1.0490449594702211	1.7768086649135162	0.36333634388484054	0.2766984497662691	0.6366636561151595	0.7233015502337309	0.5714285714285714	baseline
ENOG410YAS5	0.0	0.2117303599985381	0.10353583606577592	1.1308382092947413	0.5839144846929262	0.4878075140648354	0.5839144846929262	0.5121924859351645	0.5714285714285714	endpoint
ENOG410YASD	0.0	0.07800688176272673	0.7419784469515055	1.476103995997329	0.5416450481920341	0.6918472150026341	0.5416450481920341	0.6918472150026341	0.5714285714285714	endpoint
ENOG410YAT8	0.0	0.6315903857143165	0.7974750693773706	1.531265387447904	0.2914651613638893	0.3190803674233119	0.7085348386361108	0.6809196325766881	0.7142857142857143	baseline
ENOG410YATZ	0.0	0.21809661161359667	0.6248895762720685	1.460249892964382	0.6003270471986512	0.5743506969559266	0.6003270471986512	0.5743506969559266	0.5714285714285714	endpoint
ENOG410YAU0	0.0	1.251341121442349	1.219620119576083	1.487765696848076	0.8770204636150825	0.924185041331541	0.8770204636150825	0.924185041331541	1.0	endpoint
ENOG410YAUK	0.0	0.32279257130778827	0.6115202572000336	1.327033772529931	0.37373815715108066	0.31754077506735867	0.6262618428489193	0.6824592249326413	0.5714285714285714	baseline
ENOG410YAUT	0.0	0.7625184743994275	0.7413842261101298	1.8371739613926317	0.7155370468423143	0.7487907543335219	0.7155370468423143	0.7487907543335219	0.7142857142857143	endpoint
ENOG410YAVK	0.0	1.417599882491968	1.3868576922826659	1.9702072161062179	0.9097040791139416	0.9251879727303227	0.9097040791139416	0.9251879727303227	1.0	endpoint
ENOG410YAVZ	0.0	1.0064921640622195	1.2055273396317134	1.4695906792248459	0.793881664996095	0.7349557627924346	0.793881664996095	0.7349557627924346	1.0	endpoint
ENOG410YAY4	0.0	0.9210752911312151	1.1910139817427876	1.6196293935667359	0.7667129450234379	0.8089461802807196	0.7667129450234379	0.8089461802807196	0.8571428571428571	endpoint
ENOG410YAYF	0.14285714285714285	1.1517967065853993	1.2750473601037915	2.3078638322282017	0.8200740105226257	0.8537194587040976	0.8200740105226257	0.8537194587040976	1.0	endpoint
ENOG410YAYG	0.0	0.07449195470389776	0.19252928083779708	0.7285208854997743	0.5194717870461207	0.5752601948770938	0.5194717870461207	0.5752601948770938	0.5714285714285714	endpoint
ENOG410YAYK	0.0	0.33732539305041037	0.13481621474302097	1.227967315870441	0.3773007740932666	0.42464832201892405	0.6226992259067334	0.5753516779810759	0.7142857142857143	baseline
ENOG410YAYV	0.0	0.14712561419797363	0.09433690037457909	1.0200076692893367	0.5697068016822043	0.5636707474303587	0.5697068016822043	0.5636707474303587	0.7142857142857143	endpoint
ENOG410YB0P	0.0	0.1971064503953788	0.20973430017387507	1.4282232875101395	0.5192477400225597	0.5654462335084578	0.5192477400225597	0.5654462335084578	0.7142857142857143	endpoint
ENOG410YB0Q	0.0	0.3115217825464671	0.3366520905642242	1.456262975560038	0.40608290969438254	0.41484186642174836	0.5939170903056175	0.5851581335782516	0.7142857142857143	baseline
ENOG410YB1Q	0.0	0.2797464345998521	0.611270774488792	1.443653708961839	0.4587053359713824	0.33641055284846455	0.5412946640286176	0.6635894471515354	0.5714285714285714	baseline
ENOG410YB26	0.0	0.10578895454906734	0.1086746986992174	1.3063544406596699	0.4557230953953631	0.45258119131069896	0.544276904604637	0.547418808689301	0.5714285714285714	baseline
ENOG410YB2E	0.0	0.4667555824076014	0.26556520008512724	1.3789073197821027	0.35455708440500716	0.4100228053372826	0.6454429155949928	0.5899771946627175	0.8571428571428571	baseline
ENOG410YB49	0.0	0.39479712608555345	1.0156517538890162	1.5416290700248168	0.6535471310772494	0.8735965355348386	0.6535471310772494	0.8735965355348386	0.5714285714285714	endpoint
ENOG410YB56	0.0	0.1496829248158791	0.15062718428738975	1.3341416503285077	0.5858978897592023	0.4661172344526775	0.5858978897592023	0.5338827655473225	0.5714285714285714	endpoint
ENOG410YB63	0.0	0.8053287380250033	0.9572666410235348	1.4220950084394022	0.7330367870019961	0.7369843388159965	0.7330367870019961	0.7369843388159965	0.8571428571428571	endpoint
ENOG410YB68	0.0	0.1350290071000236	0.6333773347028813	1.365134540640633	0.5231104726729473	0.6959458514193049	0.5231104726729473	0.6959458514193049	0.5714285714285714	endpoint
ENOG410YB6W	0.0	0.7685132374882934	1.0836130269512	1.9695545814118127	0.6833069582289746	0.7975611210741312	0.6833069582289746	0.7975611210741312	0.8571428571428571	endpoint
ENOG410YB8E	0.0	0.04384903311191607	0.31948855186016617	0.802354779373391	0.5032119380294988	0.5236550278304922	0.5032119380294988	0.5236550278304922	0.5714285714285714	endpoint
ENOG410YB8J	0.0	0.15289731666456458	0.3234256843821565	1.3513459579001834	0.5545566956312201	0.5398092966373877	0.5545566956312201	0.5398092966373877	0.5714285714285714	endpoint
ENOG410YB9V	0.0	0.808296065444089	1.1966055976154457	1.4785638936849708	0.7804715257201217	0.9674028542488963	0.7804715257201217	0.9674028542488963	0.8571428571428571	endpoint
ENOG410YBCD	0.0	0.2506111712003087	0.8588396724306335	1.3879132789008184	0.3994190962576649	0.3280560186430206	0.6005809037423351	0.6719439813569794	0.7142857142857143	baseline
ENOG410YBD7	0.0	0.3685356527977284	0.6793817026358864	1.460778622953995	0.5931006631991315	0.7138951299492445	0.5931006631991315	0.7138951299492445	0.7142857142857143	endpoint
ENOG410YBDJ	0.0	0.08125916541102855	0.06668257929108552	1.4013235426071884	0.5206994628037132	0.545231994082241	0.5206994628037132	0.545231994082241	0.5714285714285714	endpoint
ENOG410YBE3	0.0	0.19468625679404847	0.41061875379382695	1.095072106843234	0.5906352861736691	0.6380696340739612	0.5906352861736691	0.6380696340739612	0.7142857142857143	endpoint
ENOG410YBE7	0.0	0.017743221486712348	0.10643096215156703	1.561568858888817	0.5020043796795874	0.4782993535083838	0.5020043796795874	0.5217006464916162	0.5714285714285714	endpoint
ENOG410YBF1	0.0	0.7814803989696658	1.0087845705628	1.5723072590492915	0.3094362120532771	0.2096225039794987	0.6905637879467229	0.7903774960205013	0.8571428571428571	baseline
ENOG410YBF7	0.0	0.7896938757848603	1.1044610191072843	1.7495501840997223	0.2914804555160163	0.2051001035777974	0.7085195444839837	0.7948998964222026	0.7142857142857143	baseline
ENOG410YBFJ	0.0	0.1206289017762108	0.08791573023830483	0.9460078405713229	0.5603843641529472	0.5311916654394923	0.5603843641529472	0.5311916654394923	0.5714285714285714	endpoint
ENOG410YBFN	0.0	0.0797156316652073	0.38156964442172214	1.1977973458955762	0.4546927455373476	0.4239913109887915	0.5453072544626524	0.5760086890112085	0.7142857142857143	baseline
ENOG410YBH3	0.0	0.4051636947729142	0.37569478409108675	1.3662220996890262	0.3829802824669777	0.4082566448395842	0.6170197175330223	0.5917433551604159	0.8571428571428571	baseline
ENOG410YBJ6	0.0	0.7223297255181639	0.5242642703240405	1.7152368903960282	0.3073444245364309	0.36312898691112244	0.692655575463569	0.6368710130888775	0.8571428571428571	baseline
ENOG410YBJF	0.0	0.3049700275054312	0.2904423055796054	1.4407014857428724	0.41489890994637413	0.41097362798461384	0.5851010900536259	0.5890263720153861	0.7142857142857143	baseline
ENOG410YBKA	0.0	0.37784229366717115	0.6128275021969486	1.3731174439471778	0.3951273222352218	0.31712407944341037	0.6048726777647782	0.6828759205565896	0.7142857142857143	baseline
ENOG410YBKF	0.0	0.3458229207949483	0.9201761185221282	1.4467518997281286	0.5484456462569416	0.7030142719652122	0.5484456462569416	0.7030142719652122	0.7142857142857143	endpoint
ENOG410YBKS	0.0	0.4321034136734832	0.6637921938808643	1.3789896370643473	0.37561543344744075	0.35801334845773203	0.6243845665525593	0.641986651542268	0.7142857142857143	baseline
ENOG410YBMA	0.0	0.8796490463662116	0.8533265476530258	1.9939887798191982	0.7369284323591989	0.7443229804768398	0.7369284323591989	0.7443229804768398	1.0	endpoint
ENOG410YBMI	0.0	0.7761504963887493	0.9787330670796767	1.8119576385961766	0.6912409452519386	0.7656197386322238	0.6912409452519386	0.7656197386322238	0.8571428571428571	endpoint
ENOG410YBMR	0.0	0.2840593070354744	0.6919921071131028	1.0295175791461821	0.4360153346492059	0.3207442921424884	0.5639846653507941	0.6792557078575117	0.5714285714285714	baseline
ENOG410YBND	0.0	0.36660094008743027	0.4164228350385188	1.941219293411265	0.5687396892777693	0.6105459219183382	0.5687396892777693	0.6105459219183382	0.5714285714285714	endpoint
ENOG410YBPP	0.0	0.3944858488142144	0.7130993170400277	1.355706729887134	0.41216605197607953	0.2261538554595067	0.5878339480239205	0.7738461445404933	0.7142857142857143	baseline
ENOG410YBQA	0.0	0.8864830335945133	0.7571367892369355	1.7495233528191962	0.7438367085780239	0.7278624025152978	0.7438367085780239	0.7278624025152978	1.0	endpoint
ENOG410YBQR	0.0	0.16290770813548125	0.05046039583699691	1.3038861284062715	0.5461611663835175	0.5011929895020758	0.5461611663835175	0.5011929895020758	0.5714285714285714	endpoint
ENOG410YBQW	0.0	0.3685648029950925	0.11913061801700697	1.7959928322204992	0.40512597872131645	0.4300323703205761	0.5948740212786836	0.5699676296794238	0.5714285714285714	baseline
ENOG410YBRJ	0.0	0.19995304132520145	0.2529948326028321	1.2467703040427918	0.5545826044344258	0.5283211528658163	0.5545826044344258	0.5283211528658163	0.5714285714285714	endpoint
ENOG410YBRQ	0.0	0.6025427218025258	1.0955101265977112	1.3387417333058746	0.6820409443240152	0.7722591937741122	0.6820409443240152	0.7722591937741122	0.8571428571428571	endpoint
ENOG410YBRR	0.0	0.37600044850556397	0.3754279058081603	1.5921440445438235	0.5757645751272985	0.6009621310061397	0.5757645751272985	0.6009621310061397	0.7142857142857143	endpoint
ENOG410YBRS	0.0	0.16352315669417278	0.1938828572434564	1.1763623727763275	0.5404328461900861	0.5035136656348934	0.5404328461900861	0.5035136656348934	0.7142857142857143	endpoint
ENOG410YBTD	0.0	0.22886432622112424	0.3366341090363865	1.431384521466516	0.565670467867829	0.5864726605758462	0.565670467867829	0.5864726605758462	0.7142857142857143	endpoint
ENOG410YBTJ	0.0	0.8618832396447571	0.8023388515353308	1.4187385220871815	0.7506292002657898	0.7007653339580858	0.7506292002657898	0.7007653339580858	1.0	endpoint
ENOG410YBU9	0.0	0.5831520879374975	0.7132282270979414	1.343273172440671	0.6625652017162095	0.5998527434618082	0.6625652017162095	0.5998527434618082	0.8571428571428571	endpoint
ENOG410YBXC	0.0	1.232598175546041	1.4021970990569441	1.9912615094575206	0.8667505126695613	0.9787115672659745	0.8667505126695613	0.9787115672659745	0.8571428571428571	endpoint
ENOG410YBY0	0.0	1.3958486603462663	1.367972848834414	1.6122903856148862	0.9100058765636677	0.9377222819225249	0.9100058765636677	0.9377222819225249	1.0	endpoint
ENOG410YBY2	0.0	0.24976242867558915	0.447047826032669	1.0270358613422983	0.5825171459884865	0.6320004053205688	0.5825171459884865	0.6320004053205688	0.5714285714285714	endpoint
ENOG410YBY3	0.0	0.18729455532220537	0.44257346057973057	1.4132019410432117	0.5226214284711664	0.5440867595799098	0.5226214284711664	0.5440867595799098	0.5714285714285714	endpoint
ENOG410YBYI	0.0	0.7892728203417623	1.3450105957079812	1.6362675308955008	0.24303736937863699	0.05442946993468322	0.756962630621363	0.9455705300653168	0.8571428571428571	baseline
ENOG410YBZF	0.0	0.4698867128356162	0.9199642405549593	1.3368829848320511	0.6011200504521602	0.6233322207625017	0.6011200504521602	0.6233322207625017	0.5714285714285714	endpoint
ENOG410YC05	0.0	0.0875376635636139	0.04262188979991996	1.1192335545989658	0.47251115660329995	0.49588750196670844	0.5274888433967	0.5041124980332916	0.5714285714285714	baseline
ENOG410YC06	0.0	0.19717223588734492	0.15030116671677876	1.491973953150928	0.5119382084880226	0.5558947652902486	0.5119382084880226	0.5558947652902486	0.7142857142857143	endpoint
ENOG410YC0Y	0.0	0.24099699711958053	0.8694719195632014	1.3686537194455273	0.4438912315542744	0.30992956046675	0.5561087684457255	0.69007043953325	0.5714285714285714	baseline
ENOG410YC2V	0.0	0.26722071159930666	0.478545371146808	1.3813205675545004	0.566913252454812	0.6999160100524465	0.566913252454812	0.6999160100524465	0.5714285714285714	endpoint
ENOG410YC2W	0.0	0.23601220060462383	0.34468703889948926	1.1381174535540737	0.40420016539441633	0.40259616610138504	0.5957998346055837	0.597403833898615	0.8571428571428571	baseline
ENOG410YC2X	0.0	0.40881354266520925	0.6275942103318276	1.272308944014334	0.3847513999353782	0.3664420831819133	0.6152486000646218	0.6335579168180867	0.7142857142857143	baseline
ENOG410YC3V	0.0	0.22685473239474094	0.18965725369319741	1.3368732200519269	0.46141535080835944	0.5575326844643922	0.5385846491916406	0.5575326844643922	0.5714285714285714	baseline
ENOG410YC46	0.0	0.3690086703749425	0.5366162666469974	1.2963568690210074	0.6110252128879827	0.6555470348959891	0.6110252128879827	0.6555470348959891	0.7142857142857143	endpoint
ENOG410YC4S	0.0	0.19789927565584736	0.2525019072012944	1.271146740478363	0.4072371589118041	0.4380367799855442	0.5927628410881959	0.5619632200144558	0.5714285714285714	baseline
ENOG410YC51	0.0	0.6528060361534399	0.7347657963702275	1.2713477478985309	0.7166265924623605	0.6849681111268966	0.7166265924623605	0.6849681111268966	0.7142857142857143	endpoint
ENOG410YC5T	0.0	0.19314642876323324	0.244052545301835	1.3382776925347648	0.5566599834235954	0.5749056155037542	0.5566599834235954	0.5749056155037542	0.7142857142857143	endpoint
ENOG410YC5X	0.0	0.37340804862494065	0.6172688410431579	1.4953902488455786	0.6168943175037336	0.6827999459598817	0.6168943175037336	0.6827999459598817	0.7142857142857143	endpoint
ENOG410YC5Y	0.0	1.2928592319820276	1.5107096590716678	1.8835753040482146	0.8627150935314073	0.8960826077102694	0.8627150935314073	0.8960826077102694	1.0	endpoint
ENOG410YC6B	0.0	0.05180745057699538	0.22265813147229244	1.0403870827074089	0.5171560062876668	0.5075814636939174	0.5171560062876668	0.5075814636939174	0.5714285714285714	endpoint
ENOG410YC6S	0.0	0.004326280911080275	0.08645970895902752	0.7959108213275112	0.49591243745464547	0.48497292733935016	0.5040875625453545	0.5150270726606498	0.5714285714285714	endpoint
ENOG410YC7V	0.0	0.11829740048893618	0.5446218750995148	1.485393309693432	0.5335237772816938	0.6405162821105762	0.5335237772816938	0.6405162821105762	0.5714285714285714	endpoint
ENOG410YC8I	0.0	0.38548650931464573	0.22220136020920836	1.3961863517296682	0.3678238024908325	0.3946535534261193	0.6321761975091675	0.6053464465738807	0.7142857142857143	baseline
ENOG410YC9E	0.0	0.20489246255332508	0.29584049739353496	1.4666739429318736	0.4152884136481823	0.369377073454219	0.5847115863518177	0.630622926545781	0.5714285714285714	baseline
ENOG410YCAG	0.0	0.05931862207255107	0.2310451764677142	1.310391561816456	0.4567098738937246	0.4439510512899877	0.5432901261062755	0.5560489487100123	0.5714285714285714	baseline
ENOG410YCB3	0.0	0.006857129621876552	0.33688354790831143	1.670365507526688	0.48479155546579333	0.5865582799474399	0.5152084445342067	0.5865582799474399	0.5714285714285714	baseline
ENOG410YCB7	0.0	0.8870659569623249	0.7069235638599283	1.579276017209497	0.2209274490147803	0.22827366983453723	0.7790725509852197	0.7717263301654628	0.8571428571428571	baseline
ENOG410YCB9	0.0	0.793054186811159	0.8048916301060838	1.3792834888453882	0.2603260115061457	0.2508321600301311	0.7396739884938544	0.7491678399698689	1.0	baseline
ENOG410YCBF	0.0	0.09371611430607736	0.17773700154641286	1.2797288112887564	0.44433805583759906	0.4533443240942161	0.5556619441624009	0.5466556759057839	0.5714285714285714	baseline
ENOG410YCBW	0.0	0.83922149225569	1.021981897429003	1.5102664045685312	0.2628785012507376	0.28593542723602094	0.7371214987492625	0.714064572763979	0.8571428571428571	baseline
ENOG410YCC6	0.0	0.021540240559736436	0.015459100362814086	1.4179802592682316	0.479153456430372	0.48088921081292463	0.520846543569628	0.5191107891870754	0.5714285714285714	endpoint
ENOG410YCCC	0.0	1.1910561342058965	1.344204450842999	1.7006153411484795	0.846495114463093	0.8736456696955875	0.846495114463093	0.8736456696955875	1.0	endpoint
ENOG410YCCZ	0.0	0.06465565629921662	0.42462312183455864	1.2060573731251991	0.498640469226734	0.6330136329303714	0.501359530773266	0.6330136329303714	0.5714285714285714	endpoint
ENOG410YCET	0.0	1.1929649211810602	1.5302971892036097	1.8419982537872253	0.8195912654155252	0.9648937022649313	0.8195912654155252	0.9648937022649313	0.8571428571428571	endpoint
ENOG410YCFW	0.0	0.8660792843222268	0.6114544622788406	1.4452941183526884	0.7757801469711743	0.7469084567291782	0.7757801469711743	0.7469084567291782	1.0	endpoint
ENOG410YCGG	0.0	0.4596629914063965	0.6416779486668849	1.3968486046312685	0.3334182773933733	0.3079277506593278	0.6665817226066266	0.6920722493406721	0.7142857142857143	baseline
ENOG410YCIZ	0.0	0.0433431765611781	0.11522728904446425	1.3511581251830542	0.4960706749273	0.5104752322360816	0.5039293250726999	0.5104752322360816	0.5714285714285714	endpoint
ENOG410YCJF	0.0	0.09231069391165643	0.6086645276821413	1.4211002796194654	0.4458210500324209	0.5716573867535689	0.5541789499675791	0.5716573867535689	0.5714285714285714	baseline
ENOG410YCM3	0.0	0.701758813506782	0.8669724604397901	1.2088424756480083	0.7155266253457747	0.7888230878196425	0.7155266253457747	0.7888230878196425	0.8571428571428571	endpoint
ENOG410YCMS	0.0	0.20421275908488218	0.29338634713716677	1.141085182664472	0.42542954776514774	0.4098668381024559	0.5745704522348523	0.5901331618975441	0.7142857142857143	baseline
ENOG410YCNG	0.0	0.4687077052897722	0.706901763869324	1.2416121669408386	0.36491686559225933	0.3170724805655212	0.6350831344077407	0.6829275194344788	0.8571428571428571	baseline
ENOG410YCNS	0.0	0.25946631965653	0.31364002662366663	1.4383444378708012	0.5787643700242924	0.5372136200578022	0.5787643700242924	0.5372136200578022	0.5714285714285714	endpoint
ENOG410YCQ8	0.0	1.3044606945563522	1.2433296485115315	1.8107841039471804	0.13607045318699101	0.09342145406129156	0.863929546813009	0.9065785459387085	1.0	baseline
ENOG410YCRD	0.0	0.7174778386923908	0.957893507728026	1.404547900253487	0.32423179511177774	0.2374700626528339	0.6757682048882223	0.7625299373471661	0.7142857142857143	baseline
ENOG410YCSD	0.0	0.43460748600301224	0.3896574421600326	1.0056200489454208	0.3661332097328232	0.40593888478970247	0.6338667902671768	0.5940611152102975	0.8571428571428571	baseline
ENOG410YCTM	0.0	0.7715080348351208	0.7758100696207639	1.466453211218054	0.7410310196503731	0.694563437679747	0.7410310196503731	0.694563437679747	0.8571428571428571	endpoint
ENOG410YCUM	0.0	0.22034486635817602	0.16079546157463862	1.4035046158906095	0.4311429073096704	0.4633144798614814	0.5688570926903296	0.5366855201385186	0.5714285714285714	baseline
ENOG410YCVH	0.0	0.9247401439229765	1.298831127972825	1.489689697095404	0.7662546753094127	0.9182494433251976	0.7662546753094127	0.9182494433251976	0.8571428571428571	endpoint
ENOG410YCVN	0.0	0.1541169999053688	0.391762586871079	1.0723348632256773	0.4595126348859418	0.40558943697780375	0.5404873651140583	0.5944105630221963	0.5714285714285714	baseline
ENOG410YCVR	0.0	0.025376271795514254	0.6012595123342814	1.5609127423145959	0.48080084301101017	0.570428176050472	0.5191991569889898	0.570428176050472	0.5714285714285714	baseline
ENOG410YCW7	0.0	0.7301621710378319	1.1054065458420133	1.3052530322171203	0.2411025203280204	0.10642563177050302	0.7588974796719796	0.893574368229497	0.8571428571428571	baseline
ENOG410YCWB	0.0	1.1911928261349662	1.32085630273319	1.6772613420899578	0.8484664125745113	0.9182747323375381	0.8484664125745113	0.9182747323375381	1.0	endpoint
ENOG410YCWT	0.0	0.3427372616815548	0.30717138330532723	1.6047755288347434	0.5915889745853036	0.6282350582733367	0.5915889745853036	0.6282350582733367	0.7142857142857143	endpoint
ENOG410YCXJ	0.0	0.13117241423159748	0.04327307695421626	1.4133814755990213	0.4529198174054613	0.49570801061976016	0.5470801825945387	0.5042919893802398	0.5714285714285714	baseline
ENOG410YCXR	0.0	0.2556111891035466	0.47635004119874474	1.314198445949639	0.5657657373776085	0.6051398567815663	0.5657657373776085	0.6051398567815663	0.7142857142857143	endpoint
ENOG410YCYE	0.0	0.26892391082024586	0.3074617588353261	1.4666091509286123	0.5764288595907555	0.6104742232525315	0.5764288595907555	0.6104742232525315	0.7142857142857143	endpoint
ENOG410YCZF	0.0	0.20475252708472333	0.24311779111321058	1.4949800272977538	0.5149194147391022	0.5892361833720661	0.5149194147391022	0.5892361833720661	0.7142857142857143	endpoint
ENOG410YCZT	0.0	0.13557207235835228	0.2228457117594079	1.0718462277391225	0.5281344406798327	0.5652914792416078	0.5281344406798327	0.5652914792416078	0.5714285714285714	endpoint
ENOG410YD01	0.0	0.026177166604338015	0.23722164030551807	1.3437281418936862	0.5008295548876743	0.4278986934163742	0.5008295548876743	0.5721013065836258	0.5714285714285714	endpoint
ENOG410YD0D	0.0	0.3088272180145169	0.3458621628399428	1.485516166799986	0.45320659217494885	0.4022215852043539	0.5467934078250511	0.5977784147956461	0.7142857142857143	baseline
ENOG410YD0X	0.0	0.16224059595990775	0.4545560809315019	1.4517349097996533	0.5144369491421745	0.5667668359069318	0.5144369491421745	0.5667668359069318	0.7142857142857143	endpoint
ENOG410YD2N	0.0	0.7778803299412276	1.1580032997387435	1.4398299779197359	0.7233938377475005	0.8690784573503753	0.7233938377475005	0.8690784573503753	0.8571428571428571	endpoint
ENOG410YD37	0.0	0.5270926745808595	0.6144181031002977	1.4380781839458423	0.30394059990940336	0.316617061678999	0.6960594000905966	0.683382938321001	0.7142857142857143	baseline
ENOG410YD3Q	0.0	0.10025167688487915	0.2937863325211069	1.3342482067972365	0.4691482651363304	0.42665726019657274	0.5308517348636697	0.5733427398034272	0.5714285714285714	baseline
ENOG410YD3Z	0.0	0.03817838780531083	0.14578942389087304	1.6568587018120045	0.4771094627184031	0.547277267111798	0.5228905372815968	0.547277267111798	0.5714285714285714	endpoint
ENOG410YD4B	0.0	0.04960052372394103	0.05744702385866634	0.8599957042189367	0.49194840771987275	0.50645382534005	0.5080515922801272	0.50645382534005	0.5714285714285714	baseline
ENOG410YD4V	0.0	0.011445478267820473	0.08297345334903058	1.46474989936626	0.45420602241564895	0.486019630015233	0.545793977584351	0.5139803699847669	0.5714285714285714	endpoint
ENOG410YD57	0.0	0.413341075734233	0.4822124670304891	1.4732529588248302	0.6315526532249252	0.5749514728009012	0.6315526532249252	0.5749514728009012	0.8571428571428571	endpoint
ENOG410YD62	0.0	1.0614646809972554	1.2549081905050352	1.5185334351422484	0.8074931787965385	0.8535349467654629	0.8074931787965385	0.8535349467654629	1.0	endpoint
ENOG410YD7D	0.0	0.3016045145051628	0.049679494389333646	1.4960901688002535	0.6012575574428223	0.5213291889901924	0.6012575574428223	0.5213291889901924	0.5714285714285714	endpoint
ENOG410YD8B	0.0	0.3600595125823994	0.3121436498615781	1.2342319949992675	0.38803095275823474	0.42159730225044456	0.6119690472417653	0.5784026977495554	0.7142857142857143	baseline
ENOG410YD8C	0.0	0.4569886280700143	0.9517094761788532	1.2642562565991826	0.6268887095896188	0.628601836228255	0.6268887095896188	0.628601836228255	0.7142857142857143	endpoint
ENOG410YD8K	0.0	0.27261256602244976	0.6884551940447913	1.3823466767947061	0.5406940688578411	0.6960608232001421	0.5406940688578411	0.6960608232001421	0.5714285714285714	endpoint
ENOG410YD8U	0.0	0.7514498768703798	0.8746248507998216	1.5196141499519595	0.2759805431027165	0.3087249086602009	0.7240194568972835	0.6912750913397991	0.8571428571428571	baseline
ENOG410YD8Y	0.0	0.27768054762094635	0.40180067972131134	1.5265640684889747	0.5948575474270527	0.6405455684050971	0.5948575474270527	0.6405455684050971	0.5714285714285714	endpoint
ENOG410YD95	0.0	0.010365095067740368	0.42542197329339143	1.7263813349321666	0.5219512655674591	0.680097322526216	0.5219512655674591	0.680097322526216	0.5714285714285714	endpoint
ENOG410YDAR	0.0	0.23841726015040152	0.4174317351538434	1.49356034821128	0.5748854852527022	0.539913307326802	0.5748854852527022	0.539913307326802	0.5714285714285714	endpoint
ENOG410YDB3	0.0	0.17861669333915778	0.753789097725854	1.4756136794164554	0.46985425187881763	0.32956841454584523	0.5301457481211824	0.6704315854541547	0.5714285714285714	baseline
ENOG410YDBB	0.0	0.6870320878579842	0.9632773240056525	1.4440677228903116	0.3079463722423651	0.20541517445178856	0.6920536277576349	0.7945848255482114	0.7142857142857143	baseline
ENOG410YDBQ	0.0	1.0844581435440068	1.0617901109646006	1.3782372826846039	0.8246238055828241	0.8353988180112922	0.8246238055828241	0.8353988180112922	1.0	endpoint
ENOG410YDCP	0.0	0.49362746653451917	0.7202307335009904	1.4963192332563655	0.6339404296221443	0.6597628324837365	0.6339404296221443	0.6597628324837365	0.8571428571428571	endpoint
ENOG410YDF2	0.0	0.9057249610618714	0.9565210352229563	1.5321863332326342	0.7512738619558862	0.7368100311582002	0.7512738619558862	0.7368100311582002	0.8571428571428571	endpoint
ENOG410YDFB	0.0	0.2648020063362015	0.4276416554754011	1.4231591082480661	0.6084123477386816	0.6177108107336831	0.6084123477386816	0.6177108107336831	0.7142857142857143	endpoint
ENOG410YDGG	0.0	0.14127865347535404	0.34609279821706623	0.9478808588715105	0.5596189003035599	0.5280712542437406	0.5596189003035599	0.5280712542437406	0.5714285714285714	endpoint
ENOG410YDHJ	0.0	0.07045150085653311	0.1972622540582287	1.060451072140764	0.503982047020016	0.463627869276913	0.503982047020016	0.536372130723087	0.5714285714285714	endpoint
ENOG410YDIC	0.0	0.9166308772460517	1.093758501543704	1.4640352078228644	0.7788091154204436	0.8463540263168019	0.7788091154204436	0.8463540263168019	0.8571428571428571	endpoint
ENOG410YDIQ	0.0	0.3852547022732857	0.6328892542684231	1.4084607289064417	0.605625902918996	0.6632957398966964	0.605625902918996	0.6632957398966964	0.7142857142857143	endpoint
ENOG410YDKG	0.0	0.6165791816380296	0.8009312167405478	1.3190950551607359	0.29788815102845473	0.23999448099776838	0.7021118489715452	0.7600055190022317	0.8571428571428571	baseline
ENOG410YDM2	0.0	0.3188228563543537	0.07970087514795647	1.0911325595468269	0.6085671198875878	0.5378734760604601	0.6085671198875878	0.5378734760604601	0.5714285714285714	endpoint
ENOG410YDMQ	0.0	1.0373595006732679	1.2811268894642354	1.7608249692128601	0.7941108829574188	0.920838386115343	0.7941108829574188	0.920838386115343	0.8571428571428571	endpoint
ENOG410YDN3	0.0	0.10402547362596484	0.18840344497539852	1.40777711614149	0.47300545387791243	0.4454143241699772	0.5269945461220875	0.5545856758300227	0.7142857142857143	baseline
ENOG410YDPZ	0.0	0.32126522322191625	0.24692491731681374	1.2043668740938231	0.5861668036519605	0.5911775826014322	0.5861668036519605	0.5911775826014322	0.5714285714285714	endpoint
ENOG410YDQJ	0.0	0.34148895024870196	0.788204194559739	1.2888213730855163	0.5795047851169487	0.741473148890499	0.5795047851169487	0.741473148890499	0.7142857142857143	endpoint
ENOG410YDRB	0.14285714285714285	1.258132392683332	1.2671851351459316	2.314123425717534	0.8545461761876574	0.8547585327576507	0.8545461761876574	0.8547585327576507	1.0	endpoint
ENOG410YDSF	0.14285714285714285	1.2325479911443011	1.4836598456574743	2.3250894498814563	0.833836717670531	0.9619210252282226	0.833836717670531	0.9619210252282226	0.8571428571428571	endpoint
ENOG410YDTM	0.0	0.11261736130669377	0.07760663291612074	1.4926396757400702	0.5251998401001975	0.4835033428326257	0.5251998401001975	0.5164966571673744	0.5714285714285714	endpoint
ENOG410YDTR	0.0	0.423586832887751	0.627611404528648	1.3181727630992435	0.6286586806169004	0.7107462376267484	0.6286586806169004	0.7107462376267484	0.7142857142857143	endpoint
ENOG410YDTT	0.0	0.018984705771688204	0.026885085441467574	1.2109791246932295	0.5259449128416175	0.519479821436285	0.5259449128416175	0.519479821436285	0.5714285714285714	baseline
ENOG410YDU4	0.0	0.37744537126954825	0.254133023593104	0.9816543977372837	0.37667125150534214	0.4246238245410671	0.6233287484946579	0.5753761754589328	0.7142857142857143	baseline
ENOG410YDVK	0.0	1.266803629532374	1.2625596259205791	1.8640317169525917	0.8689169257685673	0.8102074580307332	0.8689169257685673	0.8102074580307332	1.0	endpoint
ENOG410YDWC	0.0	0.4137332950488061	0.6749527753207918	1.4349359311118284	0.34372488102702176	0.2973211125103634	0.6562751189729783	0.7026788874896366	0.7142857142857143	baseline
ENOG410YDXY	0.0	0.873440550333326	1.0029683726315501	1.853187443457573	0.778770208404411	0.8321729584398391	0.778770208404411	0.8321729584398391	0.8571428571428571	endpoint
ENOG410YDY0	0.0	0.2911303370730554	0.11042099028412043	1.1678305889713554	0.5960665742098682	0.5380717995313822	0.5960665742098682	0.5380717995313822	0.5714285714285714	endpoint
ENOG410YDYP	0.0	0.023417714706254516	0.3663297821279383	1.5587373174279335	0.44219429188866133	0.5966656383163631	0.5578057081113387	0.5966656383163631	0.5714285714285714	endpoint
ENOG410YE0P	0.0	0.7598390944598368	0.8628052842516788	1.3024104271787413	0.28206471096152125	0.2756804064471133	0.7179352890384787	0.7243195935528868	0.8571428571428571	baseline
ENOG410YE18	0.0	0.18987184288518538	0.2135712409152048	1.3638362416949594	0.4308526187906874	0.5104566096355578	0.5691473812093126	0.5104566096355578	0.5714285714285714	baseline
ENOG410YE3A	0.0	0.7184602599676989	1.0597175325754973	1.3818397395513202	0.2561871267268984	0.1746740257164309	0.7438128732731015	0.8253259742835691	0.8571428571428571	baseline
ENOG410YE3I	0.0	0.281719562963615	0.3851453453400175	1.308277819969428	0.4360372335342399	0.40179293887603335	0.56396276646576	0.5982070611239667	0.7142857142857143	baseline
ENOG410YE6B	0.0	0.023600300795991038	0.12246951414884323	1.2624930292736856	0.5275307328364124	0.5413928198600995	0.5275307328364124	0.5413928198600995	0.5714285714285714	endpoint
ENOG410YE84	0.0	0.33059917828016727	0.6032214704922738	1.30717438404354	0.43474803806658774	0.320186084946811	0.5652519619334122	0.679813915053189	0.5714285714285714	baseline
ENOG410YE91	0.0	0.005954041061406774	0.29464260414600063	1.3364782596887912	0.4799438256009882	0.5968254604885112	0.5200561743990118	0.5968254604885112	0.5714285714285714	endpoint
ENOG410YE97	0.0	0.2669759196233876	0.40247992282256145	1.2176843640133792	0.42420976033982616	0.384174185613467	0.5757902396601738	0.6158258143865329	0.8571428571428571	baseline
ENOG410YE9Q	0.0	1.349757403323705	1.3029486385027567	1.7026375902435607	0.9044875884219069	0.9851800341722442	0.9044875884219069	0.9851800341722442	1.0	endpoint
ENOG410YEA5	0.0	0.18413973216259544	0.594869008251872	1.5671916004398079	0.5791629934890308	0.5693673712246519	0.5791629934890308	0.5693673712246519	0.7142857142857143	endpoint
ENOG410YEAQ	0.0	0.695176063616022	1.2171540105989846	1.752597606594897	0.2851615240268207	0.10347251583705164	0.7148384759731793	0.8965274841629484	0.5714285714285714	baseline
ENOG410YEAS	0.0	0.04856116993171446	0.2890075517367025	1.3896408074364983	0.4869351242129865	0.6045917854848755	0.5130648757870135	0.6045917854848755	0.5714285714285714	endpoint
ENOG410YEB8	0.0	1.1599892259028566	1.1062067362144425	1.5799294990663402	0.8457266876090134	0.8650810777519015	0.8457266876090134	0.8650810777519015	1.0	endpoint
ENOG410YEBG	0.0	0.2166059237895266	0.6236316636092449	1.3404055273103306	0.4195203101897196	0.26561283844267264	0.5804796898102804	0.7343871615573274	0.5714285714285714	baseline
ENOG410YEBJ	0.0	0.9034245477514858	1.0814329854032438	1.670131274136823	0.7906552429373594	0.9177051028751743	0.7906552429373594	0.9177051028751743	1.0	endpoint
ENOG410YECS	0.0	0.28401699938351493	0.2600969812238217	1.654825215340614	0.5465902845518126	0.5602014513760618	0.5465902845518126	0.5602014513760618	0.7142857142857143	endpoint
ENOG410YECY	0.0	1.3411522443782402	1.3664402127994575	1.768301994509895	0.10796975274778979	0.02289873670239988	0.8920302472522103	0.9771012632976002	1.0	baseline
ENOG410YEEH	0.0	0.7968908338977186	0.9180998670439201	1.4159411738896013	0.7510787966386161	0.7973364527839122	0.7510787966386161	0.7973364527839122	0.8571428571428571	endpoint
ENOG410YEET	0.0	0.17604960848251405	0.3043490712485992	1.2721823034947848	0.5740636479061318	0.5211419187101385	0.5740636479061318	0.5211419187101385	0.5714285714285714	endpoint
ENOG410YEF4	0.0	0.19949858750499908	0.35208612716001614	1.1265391094647033	0.44870744852387395	0.4308839650339932	0.551292551476126	0.5691160349660068	0.7142857142857143	baseline
ENOG410YEG3	0.0	0.619408000742058	0.7518615054055617	1.5162524364453127	0.6867382118715287	0.7521304775251147	0.6867382118715287	0.7521304775251147	0.8571428571428571	endpoint
ENOG410YEG8	0.0	0.30862240471297236	0.5346305156397404	1.3611503084916696	0.36051092131805784	0.36027166498418434	0.6394890786819422	0.6397283350158156	0.7142857142857143	baseline
ENOG410YEGB	0.0	0.19365557967973954	0.285618288132713	1.1260383627379666	0.42841380540536844	0.4273950673812516	0.5715861945946316	0.5726049326187483	0.5714285714285714	baseline
ENOG410YEGC	0.0	0.403192930978502	0.659728592659172	1.1575395038902685	0.6214067199873394	0.580133870901781	0.6214067199873394	0.580133870901781	0.5714285714285714	endpoint
ENOG410YEGH	0.0	0.8035449489629377	0.789161992887694	1.3527204439933636	0.24986088462953035	0.24679282039123615	0.7501391153704696	0.7532071796087638	1.0	baseline
ENOG410YEI3	0.0	0.256710690630243	0.12989085328315922	1.3739765656154406	0.41588144946927535	0.4684275803666479	0.5841185505307247	0.5315724196333521	0.8571428571428571	baseline
ENOG410YEJ0	0.0	0.4632341813473389	0.6513099209539596	0.9665542437225543	0.36793794359359583	0.3404396875793747	0.6320620564064041	0.6595603124206253	0.8571428571428571	baseline
ENOG410YEK0	0.0	1.1208274325577696	1.148704560061743	1.520010660569737	0.8471492112378121	0.9040750565482747	0.8471492112378121	0.9040750565482747	1.0	endpoint
ENOG410YEKU	0.0	0.14715293186258036	0.40235839482241154	1.0982609831078642	0.5203615699739916	0.5374111772978382	0.5203615699739916	0.5374111772978382	0.5714285714285714	endpoint
ENOG410YENY	0.0	0.234311189629985	0.22627141387796054	1.0276184126127703	0.5530548146210311	0.554784421945558	0.5530548146210311	0.554784421945558	0.5714285714285714	endpoint
ENOG410YEPB	0.0	0.6716313688595452	0.9932685844770338	1.3001965257359087	0.2865320335363612	0.25960398470897966	0.7134679664636387	0.7403960152910203	0.7142857142857143	baseline
ENOG410YESU	0.0	0.47444460839723085	0.3309614674876879	1.2425092779907998	0.3599357771933573	0.4166666176098542	0.6400642228066427	0.5833333823901459	0.8571428571428571	baseline
ENOG410YEUD	0.0	0.2065017742838939	0.7495681812649806	1.4371556336720277	0.5623647057817898	0.7015468356113428	0.5623647057817898	0.7015468356113428	0.5714285714285714	endpoint
ENOG410YEV5	0.0	1.29931753929671	1.3485649049528277	1.491172442723233	0.8870600636098169	0.9186581430487176	0.8870600636098169	0.9186581430487176	1.0	endpoint
ENOG410YEW2	0.0	0.03339739735174747	0.4575815156995491	1.5727774481965089	0.5228792812063848	0.3946636889568073	0.5228792812063848	0.6053363110431926	0.5714285714285714	endpoint
ENOG410YEWF	0.0	0.08326288737582721	0.6228632016690572	1.481724633709716	0.4954705342554736	0.61014474025458	0.5045294657445264	0.61014474025458	0.5714285714285714	endpoint
ENOG410YEWP	0.0	0.10293873760002863	0.05355044834784391	1.4698814134958917	0.5613254608526386	0.4893047855387509	0.5613254608526386	0.5106952144612491	0.5714285714285714	endpoint
ENOG410YEWS	0.0	0.828238587399898	0.7589666745455127	1.4008755765255376	0.7539603150743315	0.6966372324085238	0.7539603150743315	0.6966372324085238	1.0	endpoint
ENOG410YEXF	0.0	0.24752751610472115	0.01697627201712183	1.347551552693878	0.41107002828105255	0.5237468860779261	0.5889299717189475	0.5237468860779261	0.5714285714285714	baseline
ENOG410YEY3	0.0	0.15896245743984538	0.33890668497738535	1.2874540607260063	0.5291296784409731	0.546189829846339	0.5291296784409731	0.546189829846339	0.7142857142857143	endpoint
ENOG410YEZ1	0.0	0.14522286721388486	0.22611063356845973	0.5277704535382014	0.5421703324553236	0.558229209081583	0.5421703324553236	0.558229209081583	0.7142857142857143	endpoint
ENOG410YEZQ	0.0	0.023568061563676208	0.2738840748652538	1.3431244068695616	0.5024672042389853	0.4321430610303148	0.5024672042389853	0.5678569389696853	0.5714285714285714	baseline
ENOG410YF02	0.0	0.8779844883995438	1.2687602679753567	1.8924487854277812	0.7311024715204437	0.8245438416576045	0.7311024715204437	0.8245438416576045	0.8571428571428571	endpoint
ENOG410YF0Y	0.0	0.14219223648556942	0.035585090003381926	1.5725480322211647	0.5205573773803478	0.4647138507413172	0.5205573773803478	0.5352861492586828	0.5714285714285714	endpoint
ENOG410YF1S	0.0	0.07683267902091917	0.4304663934408811	1.402148346764848	0.5022395978135308	0.6138290237535725	0.5022395978135308	0.6138290237535725	0.5714285714285714	baseline
ENOG410YF1T	0.0	0.27417143469350763	0.6716063441262512	1.4748988279746762	0.5534460665976639	0.6702026999943655	0.5534460665976639	0.6702026999943655	0.5714285714285714	endpoint
ENOG410YF2K	0.0	0.8176989142251946	0.9295456426900673	1.4911226300521956	0.7522070054910561	0.6249227052519841	0.7522070054910561	0.6249227052519841	1.0	endpoint
ENOG410YF30	0.0	0.5105320746653241	0.5863054033227459	1.5015098260789943	0.6950057651726448	0.6692432050550353	0.6950057651726448	0.6692432050550353	0.7142857142857143	endpoint
ENOG410YF4U	0.0	0.16474367884156277	0.23752906700927293	1.2722756755340945	0.5592514063372626	0.5669650540663852	0.5592514063372626	0.5669650540663852	0.5714285714285714	endpoint
ENOG410YF69	0.0	0.13124966353622478	0.10640252742292723	1.3208738022109041	0.47864726356170967	0.4882833763734401	0.5213527364382904	0.5117166236265599	0.5714285714285714	baseline
ENOG410YF6D	0.0	0.16161188411838953	0.6291851373862022	1.3357855990254015	0.4670137815501005	0.36617799398409023	0.5329862184498995	0.6338220060159098	0.5714285714285714	baseline
ENOG410YF6U	0.0	0.3785083468319731	0.5918119538477341	1.1444561989345337	0.6150740623562951	0.6605972236067035	0.6150740623562951	0.6605972236067035	0.7142857142857143	endpoint
ENOG410YF7B	0.0	0.44772785839527296	0.9150496121971229	1.4960237684155158	0.615999697275993	0.6592735637747996	0.615999697275993	0.6592735637747996	0.5714285714285714	endpoint
ENOG410YF7C	0.0	0.3386185897950478	0.7175582148157288	1.7358849948880923	0.3968555157612141	0.3515083238296077	0.6031444842387859	0.6484916761703923	0.7142857142857143	baseline
ENOG410YF7G	0.0	0.5059762570100463	0.9288616935913632	1.1933273913300142	0.34090215351586656	0.2516069214113316	0.6590978464841335	0.7483930785886683	0.7142857142857143	baseline
ENOG410YF83	0.0	0.7668173980478208	0.8419246976030571	1.7430758264127124	0.7035257380428632	0.7397013692458243	0.7035257380428632	0.7397013692458243	0.8571428571428571	endpoint
ENOG410YF8B	0.0	0.3651246883104675	0.575217683220162	0.8981424287879195	0.36691662430535105	0.3039145051774771	0.633083375694649	0.6960854948225229	0.7142857142857143	baseline
ENOG410YF8F	0.0	0.16584384768055135	0.00592803402715829	1.3690997351970653	0.5561356043404567	0.5319618018802332	0.5561356043404567	0.5319618018802332	0.5714285714285714	endpoint
ENOG410YF90	0.0	0.052801797117684804	0.4300341355810179	1.4059488748937796	0.5178065030034633	0.5431579421490738	0.5178065030034633	0.5431579421490738	0.5714285714285714	endpoint
ENOG410YF9W	0.14285714285714285	1.0459902867759305	1.523637448894377	2.187477478065471	0.7719697580893055	0.9316396891970875	0.7719697580893055	0.9316396891970875	0.8571428571428571	endpoint
ENOG410YFA2	0.0	0.41216378033718143	0.4872832532880317	1.4711915827703708	0.6181330716510095	0.703353597091892	0.6181330716510095	0.703353597091892	0.7142857142857143	endpoint
ENOG410YFA8	0.0	0.9479428447441682	1.2610079086757022	1.5329301760788572	0.7816978876465691	0.8336526375819673	0.7816978876465691	0.8336526375819673	0.8571428571428571	endpoint
ENOG410YFAH	0.0	0.1460312300049927	0.01621243042894326	1.409633459283515	0.5102776445657515	0.5073002822011383	0.5102776445657515	0.5073002822011383	0.5714285714285714	endpoint
ENOG410YFAI	0.0	0.18193573951130596	1.0495920389690914	1.42707196376051	0.38857480480120943	0.21832915761269403	0.6114251951987906	0.781670842387306	0.5714285714285714	baseline
ENOG410YFAW	0.0	1.3209908307965683	1.2439363512450203	1.5903502185150893	0.89853832258722	0.9624831266411153	0.89853832258722	0.9624831266411153	1.0	endpoint
ENOG410YFB8	0.0	0.09419168143645662	0.0634921431504506	1.402075368928339	0.4430715758516849	0.4927172515068926	0.5569284241483151	0.5072827484931074	0.5714285714285714	baseline
ENOG410YFBF	0.0	0.4351055845012313	0.3268461043754893	1.1867465867637883	0.3721916914050903	0.41754476014064285	0.6278083085949098	0.5824552398593572	0.8571428571428571	baseline
ENOG410YFDR	0.0	0.09099610980178922	0.37338161077769133	1.2686753452560657	0.5360479653700893	0.6004837483357737	0.5360479653700893	0.6004837483357737	0.5714285714285714	endpoint
ENOG410YFF0	0.0	0.47202214265512116	0.6426102025970871	1.3392352832693757	0.36361439407686846	0.31117826721153696	0.6363856059231315	0.688821732788463	0.7142857142857143	baseline
ENOG410YFFI	0.0	0.4009567461892677	0.15108047501470798	1.4920187579691748	0.3517597084286968	0.41906564866431867	0.6482402915713033	0.5809343513356813	0.7142857142857143	baseline
ENOG410YFH5	0.0	0.5083872884701415	0.5529271317906292	0.9604985615091126	0.6497366990896767	0.5909364492548111	0.6497366990896767	0.5909364492548111	0.8571428571428571	endpoint
ENOG410YFHM	0.14285714285714285	0.7768032528458849	1.1223698758610052	2.366639615583038	0.7097711904711421	0.8634760653536098	0.7097711904711421	0.8634760653536098	0.7142857142857143	endpoint
ENOG410YFI1	0.0	0.04134461612353746	0.0244413809217672	0.9554951488144422	0.5070434507594109	0.5074807246913403	0.5070434507594109	0.5074807246913403	0.5714285714285714	endpoint
ENOG410YFI4	0.0	0.0523312338000577	0.1256405289061687	1.0933151892434645	0.5090861093410183	0.542266869211703	0.5090861093410183	0.542266869211703	0.5714285714285714	endpoint
ENOG410YFIY	0.0	0.420889407954021	0.5523903915925135	0.9925299423506562	0.37238236538329783	0.37892569524287145	0.6276176346167022	0.6210743047571285	0.7142857142857143	baseline
ENOG410YFJQ	0.0	0.170063073060631	0.3582111739320411	1.1707337436533283	0.44416700037623225	0.40889938293274064	0.5558329996237678	0.5911006170672594	0.7142857142857143	baseline
ENOG410YFKX	0.0	0.17294104459211757	0.555086288988795	1.2232525919633406	0.6031662585159534	0.6606380585232543	0.6031662585159534	0.6606380585232543	0.5714285714285714	endpoint
ENOG410YFPN	0.0	0.36998216570882614	0.4634642853027842	1.275878553994891	0.4089778147409085	0.3936871665567235	0.5910221852590916	0.6063128334432766	0.7142857142857143	baseline
ENOG410YFQ9	0.0	0.5210942923841264	0.3273729065381172	1.2705625631203157	0.35406593056889096	0.4173995539136442	0.6459340694311091	0.5826004460863559	0.7142857142857143	baseline
ENOG410YFQB	0.0	0.4702101602383957	0.4041450614633709	1.460059659617403	0.35046577812663837	0.33220175813616737	0.6495342218733616	0.6677982418638326	0.7142857142857143	baseline
ENOG410YFRD	0.0	0.5761343265905726	0.7708356985146522	1.3434701929070527	0.660751102924182	0.6368800639573521	0.660751102924182	0.6368800639573521	0.8571428571428571	endpoint
ENOG410YFS2	0.0	0.27097631373573644	0.7896697492689675	1.445076138057146	0.5795649800265952	0.7749849987136843	0.5795649800265952	0.7749849987136843	0.7142857142857143	endpoint
ENOG410YFS4	0.0	0.3611560061379964	0.14821489447198372	1.109769141729329	0.6274978989084407	0.5319586504516809	0.6274978989084407	0.5319586504516809	0.7142857142857143	endpoint
ENOG410YFSH	0.0	1.1578513929866026	1.2330026471075257	1.4691288918779817	0.8558978201107601	0.9031220856233729	0.8558978201107601	0.9031220856233729	1.0	endpoint
ENOG410YFSW	0.0	0.06097314294838206	0.012404215239528293	1.2956720453021733	0.45244810861470286	0.5042166145308999	0.5475518913852971	0.5042166145308999	0.5714285714285714	baseline
ENOG410YFW1	0.0	0.06965165413170889	0.26088265739892447	0.9694521584851172	0.5256683109387273	0.5604711330815206	0.5256683109387273	0.5604711330815206	0.7142857142857143	endpoint
ENOG410YFW8	0.0	0.45153483374181286	0.5915459888109627	1.031300632615304	0.645120616995558	0.6642709827542578	0.645120616995558	0.6642709827542578	0.8571428571428571	endpoint
ENOG410YFWE	0.0	0.11379209769931471	0.7155918794648313	1.1238024696471298	0.47459979102797384	0.2840729759400586	0.5254002089720262	0.7159270240599414	0.5714285714285714	baseline
ENOG410YFWP	0.0	0.562393135312211	0.685754122115877	1.1037767249962522	0.6746112112441772	0.6300867098832796	0.6746112112441772	0.6300867098832796	0.8571428571428571	endpoint
ENOG410YFX1	0.0	1.2117243871591972	1.2800629020585552	1.990602830855041	0.8427364729046928	0.9497216900559609	0.8427364729046928	0.9497216900559609	0.8571428571428571	endpoint
ENOG410YFYJ	0.14285714285714285	0.7786357428865686	0.9452173881587514	2.0662699718544433	0.7089591742915223	0.7502911341526315	0.7089591742915223	0.7502911341526315	0.7142857142857143	endpoint
ENOG410YFZR	0.0	0.5451796512261448	0.28260010986178197	1.530259882738082	0.6948893972945488	0.6311937019184607	0.6948893972945488	0.6311937019184607	0.8571428571428571	endpoint
ENOG410YG02	0.0	0.10016001590601144	0.05457290891828549	1.4582934143577142	0.5189892843067849	0.5239291995924893	0.5189892843067849	0.5239291995924893	0.5714285714285714	endpoint
ENOG410YG0G	0.0	0.14093850995845092	0.21585774925395126	1.3647546414012526	0.5431229757187859	0.5381217895295264	0.5431229757187859	0.5381217895295264	0.7142857142857143	endpoint
ENOG410YG7B	0.0	0.6996753318096294	1.2704954729806723	1.4666985925652023	0.736573222796454	0.938149799598304	0.736573222796454	0.938149799598304	0.7142857142857143	endpoint
ENOG410YGA1	0.0	0.6286474234124816	0.8622384184652365	1.2280470920285163	0.6741675314100675	0.7873140710867123	0.6741675314100675	0.7873140710867123	0.7142857142857143	endpoint
ENOG410YGA3	0.0	0.9564327708895147	1.3204880731972042	1.963004250454444	0.7432803124457568	0.8862057865041622	0.7432803124457568	0.8862057865041622	0.8571428571428571	endpoint
ENOG410YGAE	0.0	0.32279782708019006	0.4000762280066743	1.3629296538020779	0.4200582262178264	0.40420939707437076	0.5799417737821736	0.5957906029256292	0.5714285714285714	baseline
ENOG410YGAP	0.0	0.5964065236052333	1.0070587742581945	1.427988276403896	0.6985216410629539	0.7486247392985012	0.6985216410629539	0.7486247392985012	0.7142857142857143	endpoint
ENOG410YGAS	0.0	0.6120392487866698	0.6068235742707835	1.3268097953733786	0.3219149529157425	0.3403725787560401	0.6780850470842574	0.6596274212439599	0.8571428571428571	baseline
ENOG410YGBE	0.0	0.547151885228847	1.0730727900222101	1.5744879111053356	0.6804742629967127	0.9014024029231149	0.6804742629967127	0.9014024029231149	0.7142857142857143	endpoint
ENOG410YGBQ	0.0	0.016890341840398757	0.1715329487022998	1.3614835406203898	0.4851755565907155	0.5913580755710612	0.5148244434092846	0.5913580755710612	0.5714285714285714	baseline
ENOG410YGC5	0.0	0.859909353127925	1.2717780366047362	1.4832822509800068	0.736954425319914	0.7909646011904247	0.736954425319914	0.7909646011904247	0.8571428571428571	endpoint
ENOG410YGEM	0.0	0.4870640475243855	0.5376782596992622	1.4572519549222087	0.6351294371519918	0.6399340618057932	0.6351294371519918	0.6399340618057932	0.8571428571428571	endpoint
ENOG410YGFD	0.0	0.466410027049552	0.5315206997276071	1.177348772648752	0.36091908334624945	0.33170745045010686	0.6390809166537506	0.6682925495498931	0.7142857142857143	baseline
ENOG410YGI2	0.0	0.3911191821529029	0.3797255264394607	1.3970280089488891	0.3460130007149734	0.39142734582505645	0.6539869992850267	0.6085726541749436	0.7142857142857143	baseline
ENOG410YGIG	0.0	0.02754301881477292	0.12255718069792153	1.3792938713777585	0.477931513761332	0.49096500116118363	0.522068486238668	0.5090349988388163	0.5714285714285714	baseline
ENOG410YGIN	0.0	0.6740556650319528	1.047074064543544	1.2931627191575483	0.6916570080950029	0.68528206728245	0.6916570080950029	0.68528206728245	0.7142857142857143	endpoint
ENOG410YGJ0	0.0	1.273840872301474	1.3311985663113035	1.6452712752191303	0.12711164252612564	0.08918555099496368	0.8728883574738744	0.9108144490050363	1.0	baseline
ENOG410YGJN	0.0	0.5041070486689331	0.7038374729202089	1.1737194335898755	0.6542525429194187	0.6594760526407752	0.6542525429194187	0.6594760526407752	0.7142857142857143	endpoint
ENOG410YGN1	0.0	0.2555547370136351	0.20726517691413335	1.4719375897629061	0.42988138628609035	0.4489258661267907	0.5701186137139096	0.5510741338732092	0.5714285714285714	baseline
ENOG410YGPB	0.14285714285714285	1.0075643441044337	1.3083758937433811	2.2456824332084815	0.7656966344700041	0.8682726301014502	0.7656966344700041	0.8682726301014502	0.8571428571428571	endpoint
ENOG410YGSK	0.0	0.2782073569937304	0.06333686882923552	1.3417232546234503	0.4353284487095751	0.49430242544025677	0.5646715512904249	0.5056975745597432	0.7142857142857143	baseline
ENOG410YGT9	0.0	0.16668194231512676	0.01841857469383898	1.3491183916087182	0.42398926290150174	0.4909021784332042	0.5760107370984983	0.5090978215667958	0.5714285714285714	baseline
ENOG410YGUE	0.0	0.001278565142571077	0.028641340428666513	1.532610895422392	0.5399989499206311	0.5198903985711116	0.5399989499206311	0.5198903985711116	0.7142857142857143	baseline
ENOG410YGUG	0.0	0.5340214435636601	0.6698977086974117	1.3954762284298197	0.33593146088665354	0.334462080870624	0.6640685391133465	0.665537919129376	0.8571428571428571	baseline
ENOG410YGV4	0.0	0.3354794870304299	0.11577124039757213	1.484643950480344	0.6222539396020458	0.47444399630821865	0.6222539396020458	0.5255560036917813	0.5714285714285714	endpoint
ENOG410YGV7	0.0	0.5751846620995982	0.7971849740725389	1.5506302367028189	0.3166314361211627	0.2204676017007078	0.6833685638788374	0.7795323982992922	0.7142857142857143	baseline
ENOG410YGXI	0.0	0.43236447499463015	0.37810954083979226	1.0514749779282935	0.645892886616913	0.6654493537724735	0.645892886616913	0.6654493537724735	0.8571428571428571	endpoint
ENOG410YGXM	0.0	0.15635630213628823	0.024603324577273496	0.9930729103941198	0.4627206557160761	0.4751164777000718	0.5372793442839239	0.5248835222999282	0.5714285714285714	baseline
ENOG410YGXY	0.0	1.0637237373213242	1.1807161954530252	1.3427709599126751	0.8264512998726546	0.9020236619128077	0.8264512998726546	0.9020236619128077	1.0	endpoint
ENOG410YGYK	0.0	1.117672960948036	1.2705595255947029	1.56508447929879	0.8198559035278581	0.8777828213620373	0.8198559035278581	0.8777828213620373	1.0	endpoint
ENOG410YH0R	0.0	0.8819851709477423	1.066412776860102	1.3279036713470442	0.2556912952512648	0.2715070300520021	0.7443087047487351	0.7284929699479978	0.8571428571428571	baseline
ENOG410YH0U	0.0	0.9840560883747467	1.0368272532946652	1.534398297447017	0.2068085452593925	0.2751917588977019	0.7931914547406075	0.724808241102298	1.0	baseline
ENOG410YH15	0.0	0.16145484271600247	0.6893832696122087	1.3644353708038761	0.5204699018117146	0.6737407733090776	0.5204699018117146	0.6737407733090776	0.7142857142857143	endpoint
ENOG410YH1K	0.0	0.05445976366002917	0.0005187564708199384	1.2846923355791109	0.4653784857604201	0.49311477375309865	0.5346215142395798	0.5068852262469014	0.5714285714285714	baseline
ENOG410YH4C	0.0	0.5662984709180419	1.03145251167278	1.656083019232451	0.3238617601690458	0.1414427364552842	0.6761382398309542	0.8585572635447158	0.7142857142857143	baseline
ENOG410YH5F	0.0	0.4206015633405987	0.6387629750640392	1.252486125383271	0.6255191876565372	0.702056145386057	0.6255191876565372	0.702056145386057	0.7142857142857143	endpoint
ENOG410YH79	0.0	0.34759963848606973	0.6270336476945938	0.8890034754800444	0.6384985744386455	0.6804694207334473	0.6384985744386455	0.6804694207334473	0.7142857142857143	endpoint
ENOG410YH8W	0.0	0.7363274967930505	1.2745381825573114	1.5084674902384985	0.7468373432605963	0.9098033450843939	0.7468373432605963	0.9098033450843939	0.8571428571428571	endpoint
ENOG410YH96	0.0	0.08166447109960791	0.10606637553229264	1.063726127383447	0.5302559596170678	0.48028834718948143	0.5302559596170678	0.5197116528105186	0.5714285714285714	endpoint
ENOG410YH9E	0.0	0.3483051542895046	0.19747328395085817	1.29764823978738	0.39804469605145865	0.4378408881129851	0.6019553039485414	0.5621591118870148	0.7142857142857143	baseline
ENOG410YHC9	0.14285714285714285	1.22951867265837	1.4486623876870988	2.2680848062835035	0.8260876085333381	0.906940794223668	0.8260876085333381	0.906940794223668	0.8571428571428571	endpoint
ENOG410YHCG	0.0	0.5832796537727037	0.27638027274462956	1.523850953319573	0.6852183119368412	0.624066236360563	0.6852183119368412	0.624066236360563	0.8571428571428571	endpoint
ENOG410YHCP	0.0	0.16933139124478866	0.41487023391506267	1.629685147034212	0.5463746375179775	0.61372395303759	0.5463746375179775	0.61372395303759	0.5714285714285714	endpoint
ENOG410YHCY	0.0	0.08302936423000722	0.2994850038650682	1.3792452633091892	0.5432614247699508	0.5832082061390318	0.5432614247699508	0.5832082061390318	0.5714285714285714	endpoint
ENOG410YHEH	0.0	0.6072662144354937	0.7414721086663161	0.9189109617041282	0.30850868160383593	0.22845814058686367	0.6914913183961641	0.7715418594131364	1.0	baseline
ENOG410YHEK	0.14285714285714285	1.2599299418343455	1.4828716860877986	2.417271394778044	0.8441120970486541	0.8612465789146573	0.8441120970486541	0.8612465789146573	1.0	endpoint
ENOG410YHEN	0.0	0.7934809916880158	0.8903087341615062	1.48516634407804	0.7451086020771964	0.7106190538917884	0.7451086020771964	0.7106190538917884	0.8571428571428571	endpoint
ENOG410YHHT	0.0	0.8857239606538706	1.0670875214823026	1.5298420899565925	0.7607762872298915	0.80462823624499	0.7607762872298915	0.80462823624499	0.8571428571428571	endpoint
ENOG410YHJ4	0.0	0.7305723952339818	0.9665956405608988	1.4644382876908053	0.6961585668631882	0.7369514186434736	0.6961585668631882	0.7369514186434736	0.8571428571428571	endpoint
ENOG410YHJ9	0.0	0.22319239911453767	0.4289752268876182	1.6054785166014516	0.46476551256247794	0.4129088381329124	0.5352344874375221	0.5870911618670875	0.5714285714285714	baseline
ENOG410YHNP	0.0	0.4139207689426419	0.2120627525300335	1.2652854456070888	0.6358002123373753	0.5660880413926496	0.6358002123373753	0.5660880413926496	0.7142857142857143	endpoint
ENOG410YHNR	0.0	0.04904284682926929	0.25282374149807263	1.1839693373550235	0.479475311034681	0.5930578837145148	0.520524688965319	0.5930578837145148	0.5714285714285714	endpoint
ENOG410YHNX	0.0	0.7992802860098129	1.3009487387533238	1.4162942313720828	0.25103282929597354	0.18209348900890643	0.7489671707040264	0.8179065109910936	0.8571428571428571	baseline
ENOG410YHP1	0.0	0.3822453919859316	0.8727284421314663	1.4065235299215546	0.3558910648882397	0.2670793287625043	0.6441089351117604	0.7329206712374957	0.7142857142857143	baseline
ENOG410YHPJ	0.0	0.10527404091842459	0.20902867494412722	0.8204665931250463	0.5179538453319592	0.5987459188530498	0.5179538453319592	0.5987459188530498	0.5714285714285714	endpoint
ENOG410YHRH	0.0	0.6527738119404465	0.7946817609463579	1.4490093035627862	0.32520269363551263	0.3274139971014934	0.6747973063644874	0.6725860028985067	0.7142857142857143	baseline
ENOG410YHV8	0.0	0.7498615362103246	0.915308337546196	1.3917677342566062	0.7552043529777598	0.7926711247612597	0.7552043529777598	0.7926711247612597	0.8571428571428571	endpoint
ENOG410YHWN	0.0	0.20026166124776212	0.015790326189337657	1.1347385033906625	0.4272474199843509	0.4732420182728538	0.5727525800156491	0.5267579817271462	0.5714285714285714	baseline
ENOG410YHXM	0.0	0.08366979242366776	0.06755056850461129	1.4113714015146417	0.44387329178639406	0.490935807654845	0.5561267082136059	0.509064192345155	0.5714285714285714	baseline
ENOG410YHXN	0.0	0.28380226217448234	0.2069848826264728	1.1868487565591828	0.618534849761505	0.5953917917979913	0.618534849761505	0.5953917917979913	0.7142857142857143	endpoint
ENOG410YHXQ	0.0	0.40258233645320207	0.0732561386840273	1.7331392504010918	0.38579143334750743	0.45846056778917366	0.6142085666524926	0.5415394322108263	0.5714285714285714	baseline
ENOG410YI0P	0.0	1.0425092650659404	1.3438663930411439	1.5818661875781375	0.2046512859709408	0.21168060259562285	0.7953487140290592	0.7883193974043772	1.0	baseline
ENOG410YI10	0.0	1.0021283578225169	1.1995181032035667	1.44087048961559	0.8030482923323328	0.8763142898353656	0.8030482923323328	0.8763142898353656	0.8571428571428571	endpoint
ENOG410YI22	0.0	0.07458960776299584	0.012318354042649731	1.4009181401681035	0.4657425454129177	0.5032348175386304	0.5342574545870823	0.5032348175386304	0.5714285714285714	baseline
ENOG410YI2M	0.0	0.1905863233255873	0.2636340609142143	1.1489251365768085	0.45919189185549014	0.45156228122008224	0.5408081081445099	0.5484377187799178	0.7142857142857143	baseline
ENOG410YI5I	0.0	0.12036384315963852	0.06745879156915004	1.0585137088592909	0.4514257339801013	0.4890415300780297	0.5485742660198987	0.5109584699219702	0.5714285714285714	baseline
ENOG410YI72	0.0	0.09251390977820662	0.10007513917016791	1.4059081310173205	0.5716954076034624	0.48005125420293754	0.5716954076034624	0.5199487457970624	0.5714285714285714	endpoint
ENOG410YI7C	0.0	1.3544658456737222	1.3005443931005292	1.6718165054675311	0.8954052726891106	0.92452863090673	0.8954052726891106	0.92452863090673	1.0	endpoint
ENOG410YI7H	0.0	1.1982835646684957	1.1731786433574152	1.8722460411639186	0.8346935906760774	0.8310072503786202	0.8346935906760774	0.8310072503786202	1.0	endpoint
ENOG410YI8N	0.0	0.8788928532579092	1.3503378678284148	1.5034559233786944	0.24622463371881298	0.19533114824639697	0.753775366281187	0.804668851753603	0.7142857142857143	baseline
ENOG410YI97	0.0	0.3984707741228704	0.26294600463394774	1.2605477895729233	0.35749090630303665	0.3806680393619577	0.6425090936969633	0.6193319606380423	0.5714285714285714	baseline
ENOG410YI9F	0.0	0.38898483800851796	0.5321331503698152	1.0031471820701268	0.6475107410507519	0.6769856279171469	0.6475107410507519	0.6769856279171469	0.7142857142857143	endpoint
ENOG410YIBA	0.0	0.7675604117726346	0.9170384282047123	1.312839233000187	0.7391208922316477	0.7295835094727849	0.7391208922316477	0.7295835094727849	0.8571428571428571	endpoint
ENOG410YICK	0.0	1.2451946679891834	1.2951998538854954	1.3479744039404544	0.13677541689009104	0.13745185198933782	0.863224583109909	0.8625481480106622	1.0	baseline
ENOG410YID6	0.0	0.20620113047620905	0.289981772796708	1.1583843025752343	0.585265780959272	0.5704593436401397	0.585265780959272	0.5704593436401397	0.5714285714285714	endpoint
ENOG410YIF1	0.0	0.9375159595252296	0.8539180544884957	1.5237092414631768	0.21578803475776695	0.238131026033141	0.784211965242233	0.7618689739668589	1.0	baseline
ENOG410YIFJ	0.0	0.5869335572651997	0.6170928383978889	1.1159160374535333	0.6824546181780434	0.682739533419645	0.6824546181780434	0.682739533419645	1.0	endpoint
ENOG410YIFQ	0.0	0.06115280823048012	0.29109350532647704	1.2213001434655462	0.5483734261088161	0.5940101104569255	0.5483734261088161	0.5940101104569255	0.7142857142857143	endpoint
ENOG410YIHG	0.0	0.06094367834413467	0.6762281679675881	1.625976920078673	0.5066074760670972	0.6209852325459931	0.5066074760670972	0.6209852325459931	0.5714285714285714	endpoint
ENOG410YIHP	0.0	0.31087716821219313	0.8535306234523018	1.6410950091991097	0.6566764970555024	0.7713561026178579	0.6566764970555024	0.7713561026178579	0.7142857142857143	endpoint
ENOG410YIHX	0.0	1.2248710233066984	1.4170487558560583	1.6778096724714096	0.845677643826188	0.9054328246722492	0.845677643826188	0.9054328246722492	0.8571428571428571	endpoint
ENOG410YIHY	0.0	0.07018427771965716	0.19798644445027008	1.3805959658098692	0.5174739314943072	0.5126281135851394	0.5174739314943072	0.5126281135851394	0.7142857142857143	endpoint
ENOG410YII6	0.0	0.3580198555370836	0.5214391568034804	1.4103122759912752	0.384057295053806	0.32391138486781357	0.6159427049461941	0.6760886151321864	0.8571428571428571	baseline
ENOG410YIIJ	0.0	0.7224942299256201	1.0422755901446317	1.399724451458518	0.7439669625608427	0.7568577233866665	0.7439669625608427	0.7568577233866665	0.8571428571428571	endpoint
ENOG410YIJR	0.0	1.2306370421763746	1.5246379759483177	1.747930208826848	0.8438620351474901	0.8696243590716561	0.8438620351474901	0.8696243590716561	0.8571428571428571	endpoint
ENOG410YIMK	0.0	0.5916330973313947	0.8178870174426184	1.1324292482075318	0.6599975894209525	0.6957934985289604	0.6599975894209525	0.6957934985289604	0.8571428571428571	endpoint
ENOG410YIPA	0.0	0.58461632306601	0.9536349162318887	1.414733102838964	0.6758235867323767	0.6511209893088161	0.6758235867323767	0.6511209893088161	0.7142857142857143	endpoint
ENOG410YIPF	0.0	0.4731948252283212	0.541420365193151	1.1765932974372606	0.6560507304423113	0.656765115107329	0.6560507304423113	0.656765115107329	0.7142857142857143	endpoint
ENOG410YIQ3	0.0	0.8171494377661961	1.139475780014977	1.950775413055777	0.7000925647603753	0.7944438345252021	0.7000925647603753	0.7944438345252021	0.8571428571428571	endpoint
ENOG410YIQE	0.0	0.5445665617271507	0.8882966729354469	1.2382931084532756	0.6783684757751709	0.7758296829529313	0.6783684757751709	0.7758296829529313	0.5714285714285714	endpoint
ENOG410YITK	0.0	0.6824508111138936	0.8937943867825539	1.1969667567776698	0.7052818803185412	0.7221458008604048	0.7052818803185412	0.7221458008604048	0.8571428571428571	endpoint
ENOG410YIUE	0.0	0.6270543403874834	1.0552709337994228	1.5204516843159028	0.6557325685847637	0.7598957736713698	0.6557325685847637	0.7598957736713698	0.7142857142857143	endpoint
ENOG410YIUP	0.0	0.05958350310298738	0.026335503277824024	1.4283860697679271	0.4801686715496312	0.5070379169352746	0.5198313284503688	0.5070379169352746	0.5714285714285714	baseline
ENOG410YIUW	0.0	0.13847206907511608	0.2663937151633439	0.9159732450970448	0.5424818753707915	0.5513682745698324	0.5424818753707915	0.5513682745698324	0.5714285714285714	endpoint
ENOG410YIWC	0.0	0.20452466561950403	0.12146558392819765	1.1229009434012291	0.5170415516197118	0.42923089815039644	0.5170415516197118	0.5707691018496035	0.5714285714285714	endpoint
ENOG410YIX7	0.0	0.1965556691669609	0.05484217854242723	1.3168400393210056	0.4300675343103955	0.49498671662536525	0.5699324656896045	0.5050132833746348	0.5714285714285714	baseline
ENOG410YIXT	0.0	0.05790903817365175	0.0993486944931672	1.465361614664413	0.4877941886992218	0.4951549368863707	0.5122058113007781	0.5048450631136293	0.5714285714285714	endpoint
ENOG410YIY1	0.0	0.44099357705644554	0.534118685613253	1.4128493265530562	0.6196285144632874	0.654858608871456	0.6196285144632874	0.654858608871456	0.7142857142857143	endpoint
ENOG410YIY4	0.0	0.31682596502750854	0.9469361890816811	1.0657885938805878	0.4064163494701778	0.310964182048646	0.5935836505298222	0.689035817951354	0.7142857142857143	baseline
ENOG410YIZ7	0.0	0.9203870793598218	1.1398346009621518	1.958946604350156	0.763316723502607	0.7958002281752173	0.763316723502607	0.7958002281752173	0.7142857142857143	endpoint
ENOG410YIZV	0.0	1.046208945034419	1.1959356485026245	1.7869000770937553	0.8041602668184762	0.9309359697698497	0.8041602668184762	0.9309359697698497	1.0	endpoint
ENOG410YJ0X	0.0	0.7782865793230881	1.0363070514891353	1.4276082711395952	0.729791358569055	0.793280360004161	0.729791358569055	0.793280360004161	0.8571428571428571	endpoint
ENOG410YJ27	0.0	0.3470465449504756	0.5601431215996664	1.3483303693438196	0.5820456945242232	0.638806661736312	0.5820456945242232	0.638806661736312	0.7142857142857143	endpoint
ENOG410YJ36	0.0	0.019795466418264147	0.38336039511531306	1.421249863477758	0.48089680940736323	0.39694141398919786	0.5191031905926368	0.6030585860108022	0.7142857142857143	baseline
ENOG410YJ3G	0.0	0.05149757911808523	0.09301978454188049	1.258863615991427	0.5272225822167403	0.4860618805340114	0.5272225822167403	0.5139381194659887	0.5714285714285714	endpoint
ENOG410YJ4K	0.0	0.8465052280624411	0.7581834980998813	1.694841710588585	0.24554311507632734	0.2986521663940484	0.7544568849236727	0.7013478336059515	1.0	baseline
ENOG410YJ58	0.0	0.32222764001699594	0.6627407210738794	1.2023962074362766	0.43420160981606537	0.35825916167710314	0.5657983901839346	0.6417408383228969	0.7142857142857143	baseline
ENOG410YJ5R	0.0	0.07981662941683657	0.29551012102729723	1.4346852674552675	0.46326895612712543	0.52181387061073	0.5367310438728745	0.52181387061073	0.7142857142857143	baseline
ENOG410YJ6W	0.0	0.16186118240561218	0.41170753709948643	1.2356500662681555	0.46055947973272554	0.4022786340770942	0.5394405202672745	0.5977213659229058	0.5714285714285714	baseline
ENOG410YJ72	0.0	0.2146570436518485	0.08279487572525539	1.351837222462599	0.5430577201731059	0.5325504072400504	0.5430577201731059	0.5325504072400504	0.7142857142857143	endpoint
ENOG410YJ7Q	0.0	0.8901893791451493	0.9512972508864307	1.383941445023988	0.2515273151238919	0.25786050081148243	0.7484726848761081	0.7421394991885175	1.0	baseline
ENOG410YJ8Z	0.0	0.69700646645118	0.9151280538148262	1.3235091635988587	0.2672541582287818	0.22068316202033686	0.7327458417712183	0.7793168379796631	0.8571428571428571	baseline
ENOG410YJAQ	0.0	0.4740310265452834	0.6633958867722632	1.4811238663810438	0.6597998631271681	0.5807426309061096	0.6597998631271681	0.5807426309061096	0.5714285714285714	endpoint
ENOG410YJAY	0.0	0.42635609927397083	0.5767293273891189	1.7180576545842208	0.6103465415655497	0.6213874352529348	0.6103465415655497	0.6213874352529348	0.7142857142857143	endpoint
ENOG410YJC2	0.0	0.4998584265623191	0.8216039490804882	1.2658997992588432	0.6462805358405449	0.7626045124075267	0.6462805358405449	0.7626045124075267	0.8571428571428571	endpoint
ENOG410YJED	0.0	0.7198630618649586	1.1739735719220576	1.4392548306563202	0.7589721679864796	0.8645995676673988	0.7589721679864796	0.8645995676673988	0.7142857142857143	endpoint
ENOG410YJGU	0.0	0.381451548758735	0.4445701224937063	0.6996067261706453	0.6163500721198728	0.6369058442565376	0.6163500721198728	0.6369058442565376	0.8571428571428571	endpoint
ENOG410YJJC	0.0	0.16333240263171858	0.6038324827449023	0.8733798337496342	0.557298151326459	0.6543585327037883	0.557298151326459	0.6543585327037883	0.5714285714285714	endpoint
ENOG410YJK6	0.0	0.16790405767021893	0.4890397145780281	1.5691824801991308	0.567507779976515	0.551800020669103	0.567507779976515	0.551800020669103	0.5714285714285714	endpoint
ENOG410YJKP	0.0	0.37908234781272415	0.3990560613009201	1.5069257227106572	0.410779781106259	0.38670919139022775	0.589220218893741	0.6132908086097723	0.7142857142857143	baseline
ENOG410YJMH	0.14285714285714285	1.0491958161123756	1.5364881810207076	2.2839654288574205	0.7534956051637972	0.9433301577032306	0.7534956051637972	0.9433301577032306	0.8571428571428571	endpoint
ENOG410YJNK	0.0	0.6385416349509712	0.7663384864043604	1.2287334637070455	0.7113958664622206	0.7080304941253631	0.7113958664622206	0.7080304941253631	0.8571428571428571	endpoint
ENOG410YJNW	0.0	1.2042335400321567	1.2740957720311405	1.9497379555779752	0.8543289505876929	0.9185971567568436	0.8543289505876929	0.9185971567568436	1.0	endpoint
ENOG410YJPW	0.0	0.2667356435946891	0.5213190135918112	1.3101704214894117	0.4462740849567291	0.36394080897255054	0.553725915043271	0.6360591910274495	0.7142857142857143	baseline
ENOG410YJQP	0.0	0.025944471048834763	0.258943332779128	1.3311354269471058	0.49511494816066776	0.5957925590240691	0.5048850518393322	0.5957925590240691	0.5714285714285714	endpoint
ENOG410YJTX	0.0	0.059586648746462835	0.24916001367592214	1.4378463834075512	0.5153118281511625	0.4414107410841403	0.5153118281511625	0.5585892589158596	0.5714285714285714	endpoint
ENOG410YJW3	0.0	1.0045862501542275	1.2751566887391967	1.6783114863055084	0.8134291980459251	0.9055501386657879	0.8134291980459251	0.9055501386657879	0.8571428571428571	endpoint
ENOG410YJXD	0.0	0.19185703524902573	0.5355310503255075	1.2930841517197953	0.43927353823063847	0.38799822719936244	0.5607264617693615	0.6120017728006375	0.5714285714285714	baseline
ENOG410YJZH	0.0	0.10445210781735284	0.006211138917196549	0.9445902461963938	0.5066426520216298	0.5117425890470226	0.5066426520216298	0.5117425890470226	0.5714285714285714	endpoint
ENOG410YJZK	0.0	0.67792781744831	0.9331632490870219	1.559709012050172	0.293839717212515	0.15061737060091723	0.706160282787485	0.8493826293990827	0.7142857142857143	baseline
ENOG410YK05	0.0	0.22708743496400682	0.13291896915082527	1.319890489577414	0.3976354873672167	0.5165478644663908	0.6023645126327832	0.5165478644663908	0.5714285714285714	baseline
ENOG410YK1B	0.0	0.0725094023044762	0.6282740058636497	1.869735453029211	0.5603107089422203	0.7551739676912356	0.5603107089422203	0.7551739676912356	0.7142857142857143	endpoint
ENOG410YK30	0.0	0.30200263957947965	0.3153895727979884	1.700665108720004	0.6205583883003518	0.5791805179017945	0.6205583883003518	0.5791805179017945	0.7142857142857143	endpoint
ENOG410YK3M	0.0	0.535642713999452	0.4642693517211394	1.7447665072176852	0.6398642358261297	0.630283190937634	0.6398642358261297	0.630283190937634	0.7142857142857143	endpoint
ENOG410YK47	0.0	0.47395998264652767	0.9615673330962332	1.362651856857487	0.6313757926620615	0.6543257354684827	0.6313757926620615	0.6543257354684827	0.7142857142857143	endpoint
ENOG410YK57	0.0	0.10336806292813626	0.04616482072924608	1.1528865406259048	0.4927360653464496	0.5463932286291606	0.5072639346535504	0.5463932286291606	0.5714285714285714	baseline
ENOG410YK6C	0.0	1.0676657770428764	1.1051568232400333	1.5532973189959836	0.8103223932462019	0.7887113122030628	0.8103223932462019	0.7887113122030628	1.0	endpoint
ENOG410YK7B	0.0	0.267538556298373	0.15864993357563145	1.1806279154385049	0.5602882347012634	0.5554059169550564	0.5602882347012634	0.5554059169550564	0.8571428571428571	endpoint
ENOG410YK7G	0.0	0.3871434556824661	0.722905732052895	1.2405153667516662	0.6359716765495944	0.7429005748882185	0.6359716765495944	0.7429005748882185	0.7142857142857143	endpoint
ENOG410YK82	0.0	0.8347159427224566	1.2746637918642523	1.4347559299605948	0.7440975276800159	0.8564945544141808	0.7440975276800159	0.8564945544141808	0.8571428571428571	endpoint
ENOG410YK8C	0.0	1.0439685677511368	1.002313452759934	1.707032998919053	0.199244139481509	0.17517195729579327	0.800755860518491	0.8248280427042067	1.0	baseline
ENOG410YK8K	0.0	0.06721609908366401	0.2575713265420119	1.2109154522285182	0.4716696002250051	0.4233312208732041	0.5283303997749949	0.5766687791267959	0.5714285714285714	baseline
ENOG410YKA8	0.0	0.2224203713432996	0.3235127789152762	1.0921512955224226	0.5684206201554745	0.6155906244191114	0.5684206201554745	0.6155906244191114	0.5714285714285714	endpoint
ENOG410YKBK	0.0	0.009050508340575065	0.1467027888225112	1.2965656673764419	0.4705517899470512	0.559230914253176	0.5294482100529487	0.559230914253176	0.5714285714285714	endpoint
ENOG410YKD8	0.0	0.5744698856516285	0.3375047638613163	1.3809932895231671	0.30850894954893143	0.41459607553792677	0.6914910504510685	0.5854039244620732	0.8571428571428571	baseline
ENOG410YKE0	0.0	0.9273248564511316	1.2736887403199357	1.7451310548562737	0.7828320283329686	0.8197959593726767	0.7828320283329686	0.8197959593726767	0.8571428571428571	endpoint
ENOG410YKIR	0.0	0.5197079878299756	0.508373958596986	1.4781825563525688	0.6343068060066168	0.6477624066529722	0.6343068060066168	0.6477624066529722	0.7142857142857143	endpoint
ENOG410YKJM	0.0	0.34474114632512176	0.7379460796099547	1.354762850431551	0.38108590055695357	0.26992760562988766	0.6189140994430464	0.7300723943701124	0.7142857142857143	baseline
ENOG410YKJV	0.14285714285714285	1.0115725980897152	1.0340247025929248	2.4231402191715783	0.7762103180227644	0.7926512599445484	0.7762103180227644	0.7926512599445484	0.8571428571428571	endpoint
ENOG410YKJW	0.0	0.3441869643127554	0.3978139560487293	0.9484766139265396	0.6091237519021143	0.6392747658300814	0.6091237519021143	0.6392747658300814	0.7142857142857143	endpoint
ENOG410YKSV	0.14285714285714285	0.6582277981913505	0.8623637826883084	2.2091974736934863	0.6931185491615406	0.8373411342511281	0.6931185491615406	0.8373411342511281	0.7142857142857143	endpoint
ENOG410YKUT	0.0	0.4230823287414917	0.552095686113582	1.127410250802993	0.6318275726840604	0.5843024659259954	0.6318275726840604	0.5843024659259954	0.7142857142857143	endpoint
ENOG410YKUY	0.0	0.38327778649643957	0.581410509934375	1.5069880289664195	0.5863168576502098	0.6491167258928142	0.5863168576502098	0.6491167258928142	0.7142857142857143	endpoint
ENOG410YKVF	0.0	1.1549747065430644	1.0382856295928138	1.761184217364564	0.8394675921272833	0.8423712456633238	0.8394675921272833	0.8423712456633238	1.0	endpoint
ENOG410YKVS	0.0	0.23717179112189118	0.3076992465600732	0.8494555192909604	0.4297072682174283	0.3653065825812815	0.5702927317825717	0.6346934174187184	0.7142857142857143	baseline
ENOG410YKXI	0.0	0.3379038945688483	0.4536649403258621	0.7030939503699811	0.5950718941277041	0.6504594424119658	0.5950718941277041	0.6504594424119658	0.8571428571428571	endpoint
ENOG410YM1X	0.0	0.6582552138213996	0.4007749089813899	1.7376580977954212	0.7076144135186349	0.6735785715078442	0.7076144135186349	0.6735785715078442	0.8571428571428571	endpoint
ENOG410YM3G	0.0	0.36079673018435116	0.6960770058595535	1.7149819035479557	0.5786612945616273	0.6857258096799349	0.5786612945616273	0.6857258096799349	0.5714285714285714	endpoint
ENOG410YM4C	0.14285714285714285	1.2816541210764814	1.4074612686898247	2.0884396840000505	0.8555803472466683	0.8452835087861161	0.8555803472466683	0.8452835087861161	1.0	endpoint
ENOG410YM68	0.14285714285714285	1.1753954245759337	1.1492128603618823	2.0534300768474463	0.8337377328020922	0.8114842058854048	0.8337377328020922	0.8114842058854048	1.0	endpoint
ENOG410YM6M	0.0	0.3595903392034105	0.6930339307163526	1.3405326453382156	0.6001904601654265	0.5949320673756254	0.6001904601654265	0.5949320673756254	0.8571428571428571	endpoint
ENOG410YMA7	0.0	0.8062973500924308	0.9429655728447801	1.4984619983956353	0.296223769783224	0.21188972041940476	0.703776230216776	0.7881102795805952	0.8571428571428571	baseline
ENOG410YMAD	0.0	0.0024333594262401226	0.0841991091994878	1.3776645931201297	0.5330318860815498	0.45664406696515236	0.5330318860815498	0.5433559330348476	0.5714285714285714	baseline
ENOG410YMAE	0.0	0.24453129626703177	0.25840739759562636	1.2046309169394342	0.6167897120898689	0.6173094715597692	0.6167897120898689	0.6173094715597692	0.7142857142857143	endpoint
ENOG410YMAW	0.0	0.5365495909017984	0.49603343626563867	1.8148977264720672	0.6170056763640549	0.6434562494544478	0.6170056763640549	0.6434562494544478	0.7142857142857143	endpoint
ENOG410YMB2	0.0	0.3596592045179944	0.8521866127169996	1.456236114276974	0.36649574903325977	0.21943993178436655	0.6335042509667402	0.7805600682156335	0.5714285714285714	baseline
ENOG410YMBB	0.0	0.2971749962301259	0.6819072481136105	1.1951535311621373	0.5821324299732682	0.7049869441269322	0.5821324299732682	0.7049869441269322	0.7142857142857143	endpoint
ENOG410YMCE	0.0	0.40364216723449065	0.9797427149713114	1.4675081825542333	0.4286217942813983	0.3079864702428364	0.5713782057186017	0.6920135297571637	0.5714285714285714	baseline
ENOG410YMEQ	0.0	0.1673141743165417	0.33596192359919774	1.3590133751515296	0.4265786354893541	0.541472482307137	0.5734213645106458	0.541472482307137	0.5714285714285714	baseline
ENOG410YMGN	0.0	0.4297844427118345	0.5326954982109092	1.2717410698462626	0.37663149464823586	0.36080502760102623	0.6233685053517641	0.6391949723989738	0.8571428571428571	baseline
ENOG410YMJM	0.0	0.5107563330578181	0.4564491505795402	1.3549497765281788	0.3496671475379443	0.40648598669385955	0.6503328524620557	0.5935140133061405	0.7142857142857143	baseline
ENOG410YMMR	0.0	0.28498755504904943	0.33861128632570797	1.6868146946313716	0.44829104965379324	0.4181081641792397	0.5517089503462067	0.5818918358207603	0.7142857142857143	baseline
ENOG410YMPY	0.0	0.5610071839203392	0.6210605155719157	1.3942736852432276	0.31015410485254113	0.33644834936406864	0.6898458951474589	0.6635516506359314	0.8571428571428571	baseline
ENOG410YMQ5	0.0	0.2252560643012711	0.17258948882709899	1.4447705608789165	0.4064043871622273	0.4728466731913541	0.5935956128377726	0.5271533268086459	0.5714285714285714	baseline
ENOG410YMQ7	0.0	1.256310586143695	1.2641744317240116	1.8344381557246665	0.8533745268783477	0.8888851718881822	0.8533745268783477	0.8888851718881822	1.0	endpoint
ENOG410YMSV	0.0	0.7785237629540228	0.7150093189682926	1.6141641285628114	0.24454017349059526	0.2758042275449823	0.7554598265094048	0.7241957724550177	0.8571428571428571	baseline
ENOG410YMSZ	0.0	0.08617152468265807	0.18071681717564952	1.2877980519261734	0.5048417062075521	0.41585732834969497	0.5048417062075521	0.5841426716503051	0.5714285714285714	baseline
ENOG410YMT5	0.0	0.1224444989369483	0.8945641001183317	1.583086293663531	0.4040741852616791	0.18385866485874866	0.5959258147383208	0.8161413351412513	0.5714285714285714	baseline
ENOG410YMTX	0.0	0.9023561377255775	1.3065330952294427	1.6020911743427528	0.25241837409116596	0.1386578961932482	0.747581625908834	0.8613421038067518	0.8571428571428571	baseline
ENOG410YMVU	0.0	0.4529804069839444	0.49337891372233217	1.5122768619753018	0.3879745927141794	0.3978525499483355	0.6120254072858207	0.6021474500516645	0.5714285714285714	baseline
ENOG410YMZ8	0.0	0.43692308597453827	0.8861215453452111	1.3253814812571176	0.6264699635932472	0.757263761503699	0.6264699635932472	0.757263761503699	0.5714285714285714	endpoint
ENOG410YMZA	0.0	0.25363982371675686	0.3828227041731102	1.5013210484453545	0.5440135770843869	0.5341683102799526	0.5440135770843869	0.5341683102799526	0.7142857142857143	endpoint
ENOG410YMZM	0.0	0.780210183677632	0.9250340140534596	1.6795501039641878	0.26783955168720125	0.17240373401138748	0.7321604483127988	0.8275962659886125	0.8571428571428571	baseline
ENOG410YN3H	0.0	0.2094955795761864	0.39348065259540754	0.8963211389030579	0.5625165531476102	0.5926236456781873	0.5625165531476102	0.5926236456781873	0.7142857142857143	endpoint
ENOG410YN3N	0.0	0.35802607788380214	0.42387677004340296	1.2735021741369288	0.6026544902958498	0.6164185216757573	0.6026544902958498	0.6164185216757573	0.7142857142857143	endpoint
ENOG410YN4C	0.0	0.5513450875630473	1.094638654987306	1.3499221625508844	0.3708238857746653	0.20591263844270405	0.6291761142253347	0.794087361557296	0.7142857142857143	baseline
ENOG410YN5U	0.0	0.09937317977541182	0.3348575446763018	1.1857932107345772	0.5043164669316342	0.5914775955862765	0.5043164669316342	0.5914775955862765	0.5714285714285714	endpoint
ENOG410YN8Y	0.0	0.3922375214234763	0.6030514286321779	1.0648077121838972	0.6350897066309222	0.6779198488566409	0.6350897066309222	0.6779198488566409	0.8571428571428571	endpoint
ENOG410YN8Z	0.0	0.5980187902317509	0.8073298662547268	1.4978173418854293	0.7016398744896952	0.7301657498233703	0.7016398744896952	0.7301657498233703	0.7142857142857143	endpoint
ENOG410YNB4	0.0	0.8360587300867316	1.2434498578094129	1.6315899161603566	0.25326308684389326	0.19978175778172008	0.7467369131561068	0.80021824221828	0.8571428571428571	baseline
ENOG410YNEA	0.0	0.05902596508789672	0.5044107347369907	1.402810099735615	0.5557201343407884	0.6440616367836901	0.5557201343407884	0.6440616367836901	0.5714285714285714	endpoint
ENOG410YNFS	0.0	0.2130186457975302	0.15111091016291678	1.6377329431939194	0.5453433081500971	0.49570483601943943	0.5453433081500971	0.5042951639805606	0.5714285714285714	endpoint
ENOG410YNGB	0.0	1.400623141092675	1.5098869591033972	1.71340229539653	0.903827999142777	0.9281892352730067	0.903827999142777	0.9281892352730067	1.0	endpoint
ENOG410YNH5	0.0	0.46361664309730255	0.6638846775543057	1.2053815329482434	0.3876745526453105	0.31215279795535267	0.6123254473546895	0.6878472020446473	0.7142857142857143	baseline
ENOG410YNH9	0.0	0.06313624654462824	0.11505520064158595	0.929140519015933	0.5224680132355152	0.5389978968136446	0.5224680132355152	0.5389978968136446	0.7142857142857143	endpoint
ENOG410YNI0	0.0	0.05667433228590787	0.04189032296939235	1.0844797222604365	0.4592107675015926	0.4636672006692712	0.5407892324984074	0.5363327993307287	0.5714285714285714	baseline
ENOG410YNJZ	0.0	0.2805421763967738	0.6191318244682764	0.9183495150512425	0.4369876088038433	0.33113110689547276	0.5630123911961566	0.6688688931045272	0.5714285714285714	baseline
ENOG410YNKY	0.0	0.043744298354299174	0.3224594343801852	1.6623953231723443	0.5444169722476838	0.5816072331176341	0.5444169722476838	0.5816072331176341	0.5714285714285714	baseline
ENOG410YNMS	0.0	0.8293493416593031	1.051971755190392	1.4425532472603464	0.7761118564936227	0.8320108129430964	0.7761118564936227	0.8320108129430964	0.8571428571428571	endpoint
ENOG410YNNP	0.0	0.5406917518670458	0.8671957574409125	1.545324289159537	0.6678536392594522	0.7387118859774442	0.6678536392594522	0.7387118859774442	0.7142857142857143	endpoint
ENOG410YNPF	0.0	0.5850141313826037	0.9644789237391873	1.6405593922737567	0.6473845817334484	0.7429488902064716	0.6473845817334484	0.7429488902064716	0.8571428571428571	endpoint
ENOG410YNQF	0.0	0.7292434158975948	0.7852601542090973	1.3507253095705203	0.7003934248275392	0.6876073892329292	0.7003934248275392	0.6876073892329292	0.8571428571428571	endpoint
ENOG410YNRA	0.0	0.6726785661497622	0.9040353932654824	1.2598121643362235	0.6953788402022779	0.6781567529736083	0.6953788402022779	0.6781567529736083	0.8571428571428571	endpoint
ENOG410YNW0	0.0	0.965732600764144	1.0119005924574007	1.3694107612938182	0.7880137674182199	0.7741986820006201	0.7880137674182199	0.7741986820006201	1.0	endpoint
ENOG410YNY1	0.0	1.2895104254439944	1.2695361879301694	1.5298019155787048	0.8875060403551892	0.9293058594064265	0.8875060403551892	0.9293058594064265	1.0	endpoint
ENOG410YNZ3	0.0	0.46428969520020436	0.6864209997202373	1.440659629642219	0.6325136144172875	0.6955264241211445	0.6325136144172875	0.6955264241211445	0.5714285714285714	endpoint
ENOG410YP0J	0.0	0.7391222392401772	0.9768222571681937	1.2323897354900246	0.7400407763533003	0.7890042234352924	0.7400407763533003	0.7890042234352924	0.8571428571428571	endpoint
ENOG410YP0W	0.0	0.416939836115975	0.4120309787256468	1.37647490831947	0.3576212269035947	0.365263297273617	0.6423787730964052	0.634736702726383	0.7142857142857143	baseline
ENOG410YP1K	0.0	0.6819474577999735	1.1534583899184165	1.6029451282880927	0.6719591117987195	0.8255716166616862	0.6719591117987195	0.8255716166616862	0.7142857142857143	endpoint
ENOG410YP1Q	0.0	0.21413261184238877	0.04223826634009878	1.2229724533670823	0.44433091863716206	0.4926140559989017	0.555669081362838	0.5073859440010984	0.5714285714285714	baseline
ENOG410YP2K	0.0	0.8110860440531235	0.7315307688017361	1.3298538964413624	0.7628628858227674	0.6842118266694359	0.7628628858227674	0.6842118266694359	1.0	endpoint
ENOG410YP36	0.0	0.09551733052008746	0.27640018492687524	0.8397655251436946	0.5068431159097058	0.5366404675523828	0.5068431159097058	0.5366404675523828	0.5714285714285714	endpoint
ENOG410YP4K	0.0	0.37347787170464924	0.4555798396487947	1.1872418805156024	0.6358648835742666	0.6441087925158163	0.6358648835742666	0.6441087925158163	0.8571428571428571	endpoint
ENOG410YP8I	0.0	0.7753350689924934	0.7025443638116625	1.5071281763002267	0.7319142151444266	0.6774353874869175	0.7319142151444266	0.6774353874869175	1.0	endpoint
ENOG410YP98	0.0	0.07178165337899214	0.04943644120893524	1.5839912890276207	0.4782466345307638	0.485844382888825	0.5217533654692361	0.514155617111175	0.5714285714285714	baseline
ENOG410YP9M	0.0	0.6466117494905601	1.003957292899088	1.2729533562077837	0.6748979215524605	0.673456434126543	0.6748979215524605	0.673456434126543	0.7142857142857143	endpoint
ENOG410YPAE	0.0	0.7038863068126088	1.2456540590119345	1.3455655370860078	0.7287827531173915	0.8785234760096555	0.7287827531173915	0.8785234760096555	0.7142857142857143	endpoint
ENOG410YPAF	0.0	0.45450347535625885	0.32102779539863224	1.6245408754531327	0.37562619325149527	0.4173312036960034	0.6243738067485047	0.5826687963039966	0.5714285714285714	baseline
ENOG410YPBM	0.0	0.6981730126674355	0.9208069703639138	1.2036633270783827	0.27855157530698055	0.19993831237519138	0.7214484246930195	0.8000616876248086	0.8571428571428571	baseline
ENOG410YPC8	0.0	0.2770596282955629	0.6883761204836436	1.474011531659612	0.5823141313511954	0.5848892760110066	0.5823141313511954	0.5848892760110066	0.7142857142857143	endpoint
ENOG410YPEJ	0.0	0.0911892068646448	0.04428630635867394	1.23059531486018	0.5210690207890352	0.5198426262139126	0.5210690207890352	0.5198426262139126	0.5714285714285714	endpoint
ENOG410YPG6	0.0	0.7968272241682298	1.033203081080503	1.4623497486016408	0.7675293023956961	0.8418105326755512	0.7675293023956961	0.8418105326755512	0.8571428571428571	endpoint
ENOG410YPHM	0.0	0.1946261181538987	0.14003957272274226	0.9806744018101554	0.5481256674631763	0.5776278722249563	0.5481256674631763	0.5776278722249563	0.5714285714285714	endpoint
ENOG410YPIJ	0.0	0.8666228802122659	0.677844172234328	1.3804388861968062	0.7638789957080362	0.7749935155172233	0.7638789957080362	0.7749935155172233	1.0	endpoint
ENOG410YPMI	0.0	0.6083112473659289	0.8801430561918394	1.5776883407463473	0.6864586443564086	0.7325124811212719	0.6864586443564086	0.7325124811212719	0.7142857142857143	endpoint
ENOG410YPQ3	0.0	0.5055778177959119	0.781999077147239	1.5565619437305227	0.6136212842024218	0.696010303309261	0.6136212842024218	0.696010303309261	0.7142857142857143	endpoint
ENOG410YPQE	0.0	0.5161693026432824	0.629879931160371	1.3678201329113282	0.6488449244903997	0.692162641638625	0.6488449244903997	0.692162641638625	0.7142857142857143	endpoint
ENOG410YPQK	0.0	0.7758331227879808	1.0345012142675887	1.537779131579094	0.7284541401769428	0.7550402304850506	0.7284541401769428	0.7550402304850506	0.8571428571428571	endpoint
ENOG410YPRW	0.0	0.0074745455740020195	0.29125134076591697	1.4800313427323586	0.482346905569777	0.4451059159907361	0.517653094430223	0.5548940840092639	0.5714285714285714	endpoint
ENOG410YPVN	0.0	0.4069142303057071	0.7897814660703198	1.3823374545013263	0.3975570329454389	0.32855958760211773	0.602442967054561	0.6714404123978823	0.7142857142857143	baseline
ENOG410YPW2	0.14285714285714285	0.159400689139932	0.39537487473502186	2.0542624865071466	0.5077496060474951	0.38643898100607277	0.5077496060474951	0.6135610189939272	0.5714285714285714	endpoint
ENOG410YPXC	0.0	0.1782129198484202	0.17899561102461925	1.2363094379927158	0.453055800880441	0.47134905051333853	0.5469441991195589	0.5286509494866615	0.5714285714285714	baseline
ENOG410YPZ3	0.0	0.05368186301297664	0.06307756833106876	1.2081313164652117	0.5272329648713843	0.49024915780086786	0.5272329648713843	0.5097508421991321	0.5714285714285714	endpoint
ENOG410YPZX	0.0	0.5252751072825318	0.5120148609251469	0.7857761015586617	0.3454795194339276	0.36793658344224245	0.6545204805660725	0.6320634165577576	1.0	baseline
ENOG410YQ0S	0.0	1.2220706532394756	1.5182169203250295	1.772703755012296	0.840624119893649	0.9426316706240063	0.840624119893649	0.9426316706240063	0.8571428571428571	endpoint
ENOG410YQ1G	0.14285714285714285	1.0820694760313536	1.264176799141917	2.0529800248375993	0.8182038127755591	0.8114094985794147	0.8182038127755591	0.8114094985794147	1.0	endpoint
ENOG410YQ2I	0.0	0.289389332464313	0.11038775456617471	1.0113904155921558	0.6131708725666415	0.569427587016948	0.6131708725666415	0.569427587016948	0.7142857142857143	endpoint
ENOG410YQ2P	0.0	0.5319269911889457	0.6575311124942614	1.3537808559742786	0.6628792773283482	0.7095678221900635	0.6628792773283482	0.7095678221900635	0.8571428571428571	endpoint
ENOG410YQ2R	0.0	1.1593351327537051	1.3073392281656253	1.5738138325635653	0.14601955811023112	0.028679015931638442	0.8539804418897688	0.9713209840683615	1.0	baseline
ENOG410YQ31	0.0	0.17577541065858537	0.07751589848851227	1.2599006715511825	0.5587395107159002	0.5273621055962225	0.5587395107159002	0.5273621055962225	0.7142857142857143	endpoint
ENOG410YQ52	0.0	1.0851107790215868	1.2012447111493965	1.6442816121192119	0.1928397974015117	0.12879461939938872	0.8071602025984883	0.8712053806006113	0.8571428571428571	baseline
ENOG410YQBC	0.0	0.30027812158711226	0.460412590517185	1.4340679039850965	0.39524515318697306	0.3807288795653744	0.6047548468130269	0.6192711204346256	0.5714285714285714	baseline
ENOG410YQCD	0.0	0.4480136787624411	0.4000613856914935	1.2905524514094038	0.35021311086243384	0.38494511519533636	0.6497868891375662	0.6150548848046636	0.7142857142857143	baseline
ENOG410YQEP	0.0	1.3606756131226179	1.4619253633708351	1.651156826390169	0.9122821445224664	0.9727265323660927	0.9122821445224664	0.9727265323660927	1.0	endpoint
ENOG410YQF3	0.0	0.3314362290615663	0.39234144344505306	1.5358346099180764	0.5692101529293583	0.6414746636567671	0.5692101529293583	0.6414746636567671	0.5714285714285714	endpoint
ENOG410YQFE	0.0	1.2255255044145026	1.2107564592784323	1.4968873958964695	0.8666686505240486	0.9202333962398207	0.8666686505240486	0.9202333962398207	1.0	endpoint
ENOG410YQFJ	0.0	0.09500375897603197	0.1015919736503007	1.6263222659459033	0.5061392018492606	0.48748483863822195	0.5061392018492606	0.512515161361778	0.5714285714285714	endpoint
ENOG410YQI4	0.0	0.1918327125451374	0.4144621081729538	0.8016100130074177	0.4438675868301147	0.3643493327721361	0.5561324131698853	0.6356506672278639	0.7142857142857143	baseline
ENOG410YQIC	0.0	0.006228817440297273	0.0725455435975293	1.099190747276006	0.4888353185781167	0.5474361306227592	0.5111646814218833	0.5474361306227592	0.5714285714285714	endpoint
ENOG410YQK2	0.0	0.1376367356891559	0.0013380821210711867	1.4479832388168181	0.5418446536198009	0.5004888351499557	0.5418446536198009	0.5004888351499557	0.5714285714285714	endpoint
ENOG410YQKC	0.0	0.9947456776809608	1.2407100123673493	1.5315196902247898	0.8229474988308858	0.9426064918125534	0.8229474988308858	0.9426064918125534	0.8571428571428571	endpoint
ENOG410YQNJ	0.0	0.02545572343673855	0.3463831395179068	1.222160466933859	0.5151294446033364	0.4020555193923607	0.5151294446033364	0.5979444806076393	0.5714285714285714	baseline
ENOG410YQP8	0.0	0.7579542890823366	0.9310004250825422	1.355618981389257	0.7374722787906117	0.830111113544585	0.7374722787906117	0.830111113544585	1.0	endpoint
ENOG410YQRP	0.0	0.48452886380175153	0.4575060514768465	1.008650119858625	0.6384600278135188	0.5962464179824227	0.6384600278135188	0.5962464179824227	1.0	endpoint
ENOG410YQS9	0.0	0.17884687496578658	0.1557815634906941	1.2386309340934387	0.41272632172805673	0.5505748569542398	0.5872736782719432	0.5505748569542398	0.5714285714285714	baseline
ENOG410YQTT	0.0	0.8968943272070841	0.8306892315629218	1.6149603548077007	0.21960146546542184	0.18579136299988536	0.7803985345345782	0.8142086370001147	0.8571428571428571	baseline
ENOG410YQUG	0.0	0.10038505818759484	0.031688396182862705	1.301512011375216	0.47772432480282045	0.4653606904203542	0.5222756751971795	0.5346393095796458	0.5714285714285714	baseline
ENOG410YQWC	0.14285714285714285	1.3395964753235954	1.1835795138511473	2.582798422164425	0.8726055536353154	0.8993577895819443	0.8726055536353154	0.8993577895819443	1.0	endpoint
ENOG410YQWJ	0.0	0.6233881222751715	0.8549457390785479	1.5486954047342136	0.31498797787876265	0.32870240009244095	0.6850120221212374	0.671297599907559	0.8571428571428571	baseline
ENOG410YQWW	0.0	0.6204334618151661	0.9127386865421605	1.4919190401049711	0.694869251865564	0.8034114673403074	0.694869251865564	0.8034114673403074	0.8571428571428571	endpoint
ENOG410YQXT	0.0	1.0362186676035987	1.2649446080603524	1.4924073046762336	0.8291646559148084	0.9736991061610546	0.8291646559148084	0.9736991061610546	1.0	endpoint
ENOG410YR38	0.0	0.18961517252413645	0.04785740006757036	0.9501092938965596	0.5410085703198958	0.5020065298164477	0.5410085703198958	0.5020065298164477	0.5714285714285714	endpoint
ENOG410YR3P	0.0	0.08798220933063283	0.0549329864568327	1.447423993914859	0.46263937099195296	0.4615021570059537	0.537360629008047	0.5384978429940463	0.5714285714285714	baseline
ENOG410YR7R	0.0	0.1605303331892395	0.5655854525346862	1.1848381575435398	0.41886913286242233	0.33218289045976135	0.5811308671375777	0.6678171095402387	0.5714285714285714	baseline
ENOG410YR80	0.0	0.030851672866905773	0.21813709311784474	1.0551982482398001	0.5172107654788575	0.5512986119667997	0.5172107654788575	0.5512986119667997	0.5714285714285714	endpoint
ENOG410YR8A	0.0	0.10189945617101362	0.13445109421080795	1.0121989755263723	0.5202665221807106	0.5553255808667826	0.5202665221807106	0.5553255808667826	0.7142857142857143	endpoint
ENOG410YR94	0.0	0.03045757893900241	0.4486118694003698	1.3431629868864243	0.5414046434882863	0.35967162102225075	0.5414046434882863	0.6403283789777492	0.5714285714285714	endpoint
ENOG410YRA6	0.0	0.7200658739343658	1.0389966246178548	1.6788973599469907	0.710719069833471	0.8436572746748441	0.710719069833471	0.8436572746748441	0.7142857142857143	endpoint
ENOG410YRAB	0.0	0.7076312418204582	1.1523576011637213	1.8195897421336054	0.3217959858173448	0.2437965709626127	0.6782040141826552	0.7562034290373874	0.7142857142857143	baseline
ENOG410YRAH	0.0	0.12581628887391755	0.012827068207108522	1.8564604400313576	0.504541966059063	0.5165568729946408	0.504541966059063	0.5165568729946408	0.5714285714285714	endpoint
ENOG410YRAS	0.0	0.6676358535456604	1.332959579141476	1.87885463125209	0.2929317492606186	0.07424715084860695	0.7070682507393814	0.9257528491513931	0.7142857142857143	baseline
ENOG410YRAX	0.0	0.4907604913735328	0.5647264493498411	1.1071008784257519	0.621141849258748	0.6565064850876906	0.621141849258748	0.6565064850876906	0.8571428571428571	endpoint
ENOG410YRD4	0.0	0.12925152516628866	0.32006746425882726	1.0275464226236324	0.5660917467632618	0.6144924006402059	0.5660917467632618	0.6144924006402059	0.5714285714285714	endpoint
ENOG410YREY	0.0	0.8053340393094601	1.0852284127848686	1.2214457889982344	0.7290949288828887	0.7830525055601242	0.7290949288828887	0.7830525055601242	0.8571428571428571	endpoint
ENOG410YRGK	0.0	0.6407270723070224	1.0792597815118046	1.8042687725079636	0.6614122954557774	0.6910768476067234	0.6614122954557774	0.6910768476067234	0.7142857142857143	endpoint
ENOG410YRHR	0.0	1.0229735537828175	1.020606209639109	1.701172884531354	0.802590024784544	0.8342097997948974	0.802590024784544	0.8342097997948974	1.0	endpoint
ENOG410YRIH	0.0	0.019455737020967718	0.23330718063018538	1.2818560575550852	0.5139777485130494	0.43809945710370607	0.5139777485130494	0.561900542896294	0.5714285714285714	baseline
ENOG410YRJC	0.0	0.9220334927662327	1.0306689762612053	1.8443900141318443	0.7534707652209969	0.7767841721386379	0.7534707652209969	0.7767841721386379	0.8571428571428571	endpoint
ENOG410YRPW	0.14285714285714285	1.2341345437692264	1.2723845834367495	2.6464714363113493	0.8538579899714965	0.9130420288797539	0.8538579899714965	0.9130420288797539	0.8571428571428571	endpoint
ENOG410YRQ2	0.0	0.1139128837325634	0.2655386884486897	1.1667700851334075	0.5270214555272507	0.51469950965521	0.5270214555272507	0.51469950965521	0.5714285714285714	endpoint
ENOG410YRV1	0.0	1.2852939043116336	1.2831452540942638	1.5497734155035117	0.8816658467784209	0.9240652433523705	0.8816658467784209	0.9240652433523705	1.0	endpoint
ENOG410YRWU	0.0	0.002970505901392917	0.29115629491832534	1.2128775363135538	0.4690646258906922	0.5189519567577405	0.5309353741093078	0.5189519567577405	0.5714285714285714	baseline
ENOG410YS2G	0.0	1.115344420250356	1.0374621055297122	1.5765594678901544	0.16179431245276518	0.11481700605608554	0.8382056875472348	0.8851829939439144	1.0	baseline
ENOG410YS5K	0.0	0.136365270960566	0.010515704309053225	1.0192641177954467	0.5336149716376338	0.5047371582308195	0.5336149716376338	0.5047371582308195	0.5714285714285714	endpoint
ENOG410YS88	0.0	0.07443335430350835	0.1611366094250024	1.4444298529820365	0.49697650430732193	0.4595851144093673	0.503023495692678	0.5404148855906328	0.5714285714285714	endpoint
ENOG410YS9X	0.0	0.3220540484943143	0.39652229631632496	1.379106630120743	0.41261532137548107	0.3710936676813148	0.5873846786245189	0.6289063323186852	0.7142857142857143	baseline
ENOG410YSBZ	0.0	0.8420663200110304	1.1952200608220023	1.2714466870010546	0.7865496655148962	0.9029629893818066	0.7865496655148962	0.9029629893818066	0.8571428571428571	endpoint
ENOG410YSDZ	0.0	0.746651655951094	0.7265077203434246	1.7933036180979338	0.7056143246613482	0.7078881668932423	0.7056143246613482	0.7078881668932423	0.8571428571428571	endpoint
ENOG410YSG6	0.0	0.614181169733851	0.7882147111663106	1.2208801579177364	0.2830174524942962	0.24713257482724416	0.7169825475057038	0.7528674251727558	0.7142857142857143	baseline
ENOG410YSGI	0.0	1.0597828906808162	1.0433592886691336	1.5872469173388624	0.8173475067109146	0.8145640891250571	0.8173475067109146	0.8145640891250571	1.0	endpoint
ENOG410YSH0	0.0	1.2365301320453825	1.277461096946785	1.6937019257296633	0.8809477643146549	0.9744827849534653	0.8809477643146549	0.9744827849534653	1.0	endpoint
ENOG410YSHF	0.0	0.45041233423963817	0.9612807160967958	1.6707448411201082	0.3327332752107191	0.24267103565582276	0.667266724789281	0.7573289643441772	0.8571428571428571	baseline
ENOG410YSIM	0.0	0.6338025542047712	0.8438281381975918	1.2454754465260545	0.7000508933039047	0.6162821687898921	0.7000508933039047	0.6162821687898921	0.8571428571428571	endpoint
ENOG410YSJJ	0.0	0.3565170921016487	0.6654496529752358	1.243823305172881	0.6454055642170177	0.7192950065490726	0.6454055642170177	0.7192950065490726	0.5714285714285714	endpoint
ENOG410YSK0	0.0	0.18790660235948858	0.10710397802981901	0.6457743761607155	0.4351329413946857	0.46128026162935726	0.5648670586053143	0.5387197383706428	0.8571428571428571	baseline
ENOG410YSKJ	0.0	0.3148046808340817	0.20617369516276088	1.4405760963914704	0.6135682807684323	0.5613938966833083	0.6135682807684323	0.5613938966833083	0.5714285714285714	endpoint
ENOG410YSQC	0.0	0.45917857548998375	0.3616167523538261	1.3815194692919655	0.36082485084322125	0.4286558963231838	0.6391751491567788	0.5713441036768162	0.7142857142857143	baseline
ENOG410YSTJ	0.0	0.8858538121501754	1.0247725413667463	1.6707455644657419	0.2571192432066358	0.19328203567140903	0.7428807567933642	0.806717964328591	0.8571428571428571	baseline
ENOG410YSVN	0.0	0.7617244086983835	0.9289324932791461	1.5506408755303442	0.2854754108439074	0.19666238246649234	0.7145245891560926	0.8033376175335076	0.8571428571428571	baseline
ENOG410YSVQ	0.0	0.11073605525133448	0.35047370341476203	0.8064802079650093	0.5416730386852467	0.5405461263864946	0.5416730386852467	0.5405461263864946	0.7142857142857143	endpoint
ENOG410YT0J	0.0	0.39248546776345644	0.7155228736159824	1.5242650913436828	0.585514900284168	0.7144231993963406	0.585514900284168	0.7144231993963406	0.5714285714285714	endpoint
ENOG410YT0K	0.0	0.25672446331834364	0.14934377717225655	1.2425613977767658	0.6069607092488685	0.4739564413528859	0.6069607092488685	0.5260435586471142	0.5714285714285714	endpoint
ENOG410YT1V	0.0	0.23167481703383494	0.026690611398456465	1.421767360626216	0.4421518633188453	0.48573556654543576	0.5578481366811547	0.5142644334545643	0.5714285714285714	baseline
ENOG410YT47	0.0	0.06941132180171859	0.27051209447797386	0.6850274445587919	0.5083105796392919	0.5298521445639296	0.5083105796392919	0.5298521445639296	0.5714285714285714	endpoint
ENOG410YT74	0.0	0.058328152143593874	0.1997984529310228	1.261327788998458	0.513418966082608	0.5037868244916632	0.513418966082608	0.5037868244916632	0.5714285714285714	baseline
ENOG410YT7D	0.0	0.23487443879912423	0.24851086197482727	1.2475841482746546	0.6225489739327775	0.571291475778072	0.6225489739327775	0.571291475778072	0.7142857142857143	endpoint
ENOG410YT9M	0.14285714285714285	1.26027470575962	1.2533037809893812	2.1032094992540817	0.8663055451421993	0.934274022336068	0.8663055451421993	0.934274022336068	1.0	endpoint
ENOG410YT9X	0.0	0.2280406473047641	0.04203063019011991	1.5705412596750858	0.4868252473179682	0.5449104494904276	0.5131747526820318	0.5449104494904276	0.5714285714285714	baseline
ENOG410YTAG	0.0	0.40470157894559705	0.7578677644800627	1.081628639028859	0.662299284339991	0.7486890947585618	0.662299284339991	0.7486890947585618	0.7142857142857143	endpoint
ENOG410YTAN	0.0	0.3294224046888137	0.06409921404806405	1.3453166653407136	0.39714595148767345	0.48996755432537303	0.6028540485123266	0.510032445674627	0.5714285714285714	baseline
ENOG410YTB7	0.0	0.6931443011192159	1.0668276801255634	1.502256174109194	0.28172265126624135	0.20654096643356504	0.7182773487337586	0.793459033566435	0.8571428571428571	baseline
ENOG410YTCU	0.0	0.45857144145470835	0.49034870004713393	1.3772892805756216	0.6058825775516901	0.668771014030157	0.6058825775516901	0.668771014030157	0.7142857142857143	endpoint
ENOG410YTFQ	0.0	0.7399244334046013	0.9104696950452491	1.123804851458917	0.7105382576591663	0.7442871745650802	0.7105382576591663	0.7442871745650802	0.8571428571428571	endpoint
ENOG410YTH4	0.0	0.8116431511357024	0.8599024445732839	1.4765670226975947	0.7344835881626942	0.6578811059294152	0.7344835881626942	0.6578811059294152	0.8571428571428571	endpoint
ENOG410YTHE	0.0	0.5628374011245939	0.12782534842823393	1.6424492343112242	0.691975042563348	0.5756817981288108	0.691975042563348	0.5756817981288108	0.5714285714285714	endpoint
ENOG410YTK8	0.0	0.24198081203455118	0.15541204236319087	1.4593108800873396	0.5401760256051014	0.4470643852795207	0.5401760256051014	0.5529356147204794	0.5714285714285714	endpoint
ENOG410YTMJ	0.0	0.8520143272497214	0.8681953824675052	1.323832818919111	0.7610558087932412	0.7161612679066508	0.7610558087932412	0.7161612679066508	1.0	endpoint
ENOG410YTR8	0.0	0.910433316639936	1.0176232578959274	1.436095433144514	0.24039645016980152	0.30169841186419755	0.7596035498301985	0.6983015881358025	1.0	baseline
ENOG410YTTA	0.0	0.6724954546614399	0.871091349992531	1.8264108752664578	0.6789778228375924	0.6673248566934615	0.6789778228375924	0.6673248566934615	0.8571428571428571	endpoint
ENOG410YTWT	0.0	0.6458561086618958	0.5826351900023425	1.4417106626398544	0.31630946918305	0.3769862256119204	0.6836905308169501	0.6230137743880796	0.7142857142857143	baseline
ENOG410YU1D	0.0	0.46702663534494937	0.3223531214669673	1.2641083948212908	0.6580778519266521	0.6007058900438579	0.6580778519266521	0.6007058900438579	0.8571428571428571	endpoint
ENOG410YU1Z	0.0	0.10061444411622499	0.23615883588861714	1.2217592359391785	0.5612896988872811	0.4314192006129251	0.5612896988872811	0.5685807993870748	0.5714285714285714	endpoint
ENOG410YU4S	0.0	0.013473103956070234	0.007830011364838812	1.2529243501499854	0.47363602040614594	0.4719206294947572	0.5263639795938541	0.5280793705052428	0.5714285714285714	baseline
ENOG410YU6C	0.0	0.3520979972848903	0.2599509032216002	1.5440732138076145	0.4122126872706212	0.42746978762177484	0.5877873127293788	0.5725302123782252	0.7142857142857143	baseline
ENOG410YU6X	0.0	0.6769747981862958	1.24490358924849	1.7857001185173322	0.6766265240190386	0.840296221212176	0.6766265240190386	0.840296221212176	0.7142857142857143	endpoint
ENOG410YU90	0.0	0.9625962506971851	1.4606255800837824	1.7519436338389418	0.751408908057841	0.8611783548463416	0.751408908057841	0.8611783548463416	0.8571428571428571	endpoint
ENOG410YUBD	0.0	0.08524672074435505	0.21264903684858577	1.030377640602223	0.4782843004810818	0.44902171009690806	0.5217156995189183	0.550978289903092	0.5714285714285714	baseline
ENOG410YUBX	0.0	0.5742910887832599	0.43583775250960194	1.248080780278695	0.6922977429090427	0.6277687362507789	0.6922977429090427	0.6277687362507789	0.8571428571428571	endpoint
ENOG410YUCE	0.0	0.15204502406937248	0.30205863049618087	1.586949927550649	0.5048057414435404	0.5771512293383518	0.5048057414435404	0.5771512293383518	0.5714285714285714	baseline
ENOG410YUCG	0.0	0.5687845980011507	0.21484823288576546	1.433029256574882	0.31511045844316987	0.4349566978455439	0.6848895415568301	0.5650433021544561	0.7142857142857143	baseline
ENOG410YUE3	0.0	0.0743127808380046	0.1159967634285628	1.101248449373485	0.5017073052350931	0.4756626636650423	0.5017073052350931	0.5243373363349577	0.5714285714285714	baseline
ENOG410YUED	0.0	0.5627236910238711	0.7056024239970793	1.1121324679219098	0.6668983321644324	0.7131202637386214	0.6668983321644324	0.7131202637386214	0.7142857142857143	endpoint
ENOG410YUF4	0.0	0.8802130014285233	0.941482063207759	1.6409191110413477	0.7587302784774766	0.7720050370089022	0.7587302784774766	0.7720050370089022	0.8571428571428571	endpoint
ENOG410YUG3	0.0	0.3558504282709807	0.2955542175885822	1.436973465670891	0.38169200770662925	0.40905184380480636	0.6183079922933707	0.5909481561951937	0.7142857142857143	baseline
ENOG410YUH9	0.0	0.0665816280168852	0.21882891799107843	1.886016548106367	0.5419611368547785	0.5407423291184886	0.5419611368547785	0.5407423291184886	0.5714285714285714	endpoint
ENOG410YUMD	0.14285714285714285	1.4761660487663792	1.381820748521837	2.445395273605731	0.9164245998343532	0.9210804361405057	0.9164245998343532	0.9210804361405057	1.0	endpoint
ENOG410YUU6	0.0	0.4896298783746967	0.9879978585957814	1.2932577263192306	0.3905471964911464	0.29264444175880244	0.6094528035088536	0.7073555582411976	0.7142857142857143	baseline
ENOG410YUUC	0.0	0.11685375511968847	0.5862308777607349	1.41262387489741	0.5101533493325606	0.6721462299160207	0.5101533493325606	0.6721462299160207	0.5714285714285714	endpoint
ENOG410YUXZ	0.0	0.2770954723247833	0.3479335800181498	1.1089142656155526	0.602594073207558	0.5283768185924508	0.602594073207558	0.5283768185924508	0.7142857142857143	endpoint
ENOG410YUYC	0.0	0.303367132024125	0.17705492141644077	1.4466020909855106	0.4203612763467614	0.45603035017033855	0.5796387236532385	0.5439696498296615	0.5714285714285714	baseline
ENOG410YV3D	0.0	0.33269364443104804	0.6199972381715991	1.5441202815169581	0.5900625215393541	0.7100976043902291	0.5900625215393541	0.7100976043902291	0.7142857142857143	endpoint
ENOG410YV3U	0.0	0.29252320803594906	0.40855023252747347	1.3100910824117853	0.41826919556114006	0.3822392220098448	0.5817308044388599	0.6177607779901553	0.7142857142857143	baseline
ENOG410YV46	0.0	0.1581599887310343	0.057190288005360905	1.0011668555792033	0.5739682837635149	0.5265645689984078	0.5739682837635149	0.5265645689984078	0.5714285714285714	endpoint
ENOG410YV5X	0.0	0.15414941296903445	0.14986467900775366	1.4799493146938434	0.4802794235493238	0.44574377608910376	0.5197205764506763	0.5542562239108962	0.5714285714285714	baseline
ENOG410YV6W	0.0	1.4297136203877052	1.3830186672647735	1.8051718245656467	0.9145597045591914	0.9533172695885976	0.9145597045591914	0.9533172695885976	1.0	endpoint
ENOG410YVAF	0.0	0.18992229697543997	0.45241695492924	1.3849356103477164	0.5340273657584996	0.6107255796077666	0.5340273657584996	0.6107255796077666	0.5714285714285714	endpoint
ENOG410YVDY	0.0	1.0969727963578453	1.24126739395537	1.6004506514979977	0.8400860858182427	0.9107530324248883	0.8400860858182427	0.9107530324248883	1.0	endpoint
ENOG410YVEC	0.0	0.0022281088467685528	0.023559944304945204	1.4616549476624678	0.49183662778853193	0.4852627736572279	0.508163372211468	0.5147372263427721	0.5714285714285714	endpoint
ENOG410YVF8	0.0	1.0175335129235041	0.9193129708476603	1.4601531016964344	0.8086446755350549	0.8545490908999086	0.8086446755350549	0.8545490908999086	1.0	endpoint
ENOG410YVFE	0.0	0.42532188118716135	0.35636497407367984	1.2900241717576657	0.6559601257071778	0.6541358724127616	0.6559601257071778	0.6541358724127616	0.7142857142857143	endpoint
ENOG410YVH4	0.0	0.5611261518055349	0.8247658570214705	1.1831000674540297	0.6727618086922693	0.7060083173075173	0.6727618086922693	0.7060083173075173	0.7142857142857143	endpoint
ENOG410YVIP	0.0	0.010640846077643009	0.28022175701158514	1.370447700987548	0.5189433577083226	0.42410488569125243	0.5189433577083226	0.5758951143087476	0.5714285714285714	endpoint
ENOG410YVM8	0.0	0.5241599388380441	0.5960082342212991	1.578924095578739	0.6316228493303738	0.6525293805792919	0.6316228493303738	0.6525293805792919	0.8571428571428571	endpoint
ENOG410YVPT	0.0	0.6005603781826931	0.841252432069644	1.3655749551553122	0.3119698787121749	0.2705611383404471	0.688030121287825	0.7294388616595529	0.8571428571428571	baseline
ENOG410YVPX	0.0	0.15191062725160592	0.010951961667468453	1.1120812869352048	0.4543798201007525	0.4746829439938863	0.5456201798992475	0.5253170560061138	0.5714285714285714	baseline
ENOG410YVRX	0.0	0.4997785770799926	0.7280204444576424	1.1702759159951814	0.6814581475627183	0.6833911833562409	0.6814581475627183	0.6833911833562409	0.8571428571428571	endpoint
ENOG410YVWG	0.0	0.16130045408956845	0.05449215504189703	0.7912374499923034	0.5522104966132866	0.5068978480824559	0.5522104966132866	0.5068978480824559	0.7142857142857143	endpoint
ENOG410YVWS	0.0	0.23873612979187644	0.3276786787615943	1.0860047644998374	0.5881350876104886	0.5833987278461087	0.5881350876104886	0.5833987278461087	0.5714285714285714	endpoint
ENOG410YW14	0.0	0.31584764924715636	0.5277892611156988	1.529370826981171	0.6268429323496054	0.7185815205955969	0.6268429323496054	0.7185815205955969	0.5714285714285714	endpoint
ENOG410YW3C	0.0	0.3568767334424107	0.6527110920742044	1.2518798470119097	0.39224310967437087	0.3622727549069798	0.6077568903256292	0.6377272450930203	0.7142857142857143	baseline
ENOG410YW8U	0.0	0.7730220573456109	0.6567759868002793	1.461257320967599	0.26824285890905264	0.3596535967254914	0.7317571410909474	0.6403464032745085	0.8571428571428571	baseline
ENOG410YW9Z	0.0	0.4958718065253989	0.4910018658047836	1.322606024595614	0.6464616142051767	0.6087623014840752	0.6464616142051767	0.6087623014840752	0.8571428571428571	endpoint
ENOG410YWAR	0.0	0.05110101297218879	0.020858370704242277	1.5189509415208373	0.4707335521577717	0.5018863355294484	0.5292664478422283	0.5018863355294484	0.5714285714285714	baseline
ENOG410YWBI	0.0	0.23494551547004017	0.7051554555401911	1.4466765464925069	0.538972401872116	0.6150082756478669	0.538972401872116	0.6150082756478669	0.5714285714285714	endpoint
ENOG410YWBS	0.0	0.8058374972115657	1.1307553366524639	1.465019127241754	0.26720467556502425	0.24884674644023208	0.7327953244349757	0.7511532535597679	0.8571428571428571	baseline
ENOG410YWC4	0.0	0.34733266728786766	0.4618225787015686	1.2882983022521584	0.422000481370691	0.3689231890941727	0.577999518629309	0.6310768109058273	0.7142857142857143	baseline
ENOG410YWDA	0.0	1.1181426057203996	1.2200161603184767	1.5033758613659203	0.8272191137140413	0.8179205214078028	0.8272191137140413	0.8179205214078028	1.0	endpoint
ENOG410YWDD	0.0	0.7108365075854184	0.6710287080915852	1.2829496842243253	0.2924838569044925	0.2891628003493217	0.7075161430955075	0.7108371996506784	0.8571428571428571	baseline
ENOG410YWEG	0.0	0.07466495944589403	0.00641772077845053	1.1657662912578595	0.5197825600088551	0.502096074080759	0.5197825600088551	0.502096074080759	0.5714285714285714	endpoint
ENOG410YWJ4	0.0	0.8674837382773424	1.2828842224524146	1.7779933220723683	0.7259462731257437	0.9112710348465773	0.7259462731257437	0.9112710348465773	0.7142857142857143	endpoint
ENOG410YWNZ	0.0	0.44007650305413326	0.8060381082951199	1.4080064209397578	0.3476523439922114	0.2866939731968654	0.6523476560077885	0.7133060268031346	0.7142857142857143	baseline
ENOG410YWSW	0.0	0.6303522876223454	0.6999184080977827	1.6468978963834084	0.6660696969346046	0.7068246768713233	0.6660696969346046	0.7068246768713233	0.8571428571428571	endpoint
ENOG410YWUA	0.0	0.11080827587040516	0.26522791046763683	1.0889110132165967	0.5294350444091255	0.5155749875752661	0.5294350444091255	0.5155749875752661	0.5714285714285714	endpoint
ENOG410YWUE	0.0	0.03282557225013778	0.2539810479081168	1.0960212227889816	0.5230189234602493	0.5848353371694697	0.5230189234602493	0.5848353371694697	0.5714285714285714	endpoint
ENOG410YWW6	0.0	0.8116069822895344	0.6265613416358969	1.3590784647449048	0.2561613234777332	0.3003896951242754	0.7438386765222669	0.6996103048757246	1.0	baseline
ENOG410YX06	0.14285714285714285	1.117760243114327	1.2256546444064738	2.225935385221999	0.8009617696283974	0.855405792619142	0.8009617696283974	0.855405792619142	0.8571428571428571	endpoint
ENOG410YX5C	0.0	0.29630093798834417	0.19089625880227304	1.2176730028506626	0.6016945455481252	0.5023090865275862	0.6016945455481252	0.5023090865275862	0.5714285714285714	endpoint
ENOG410YX6Y	0.0	0.38729207014813394	0.7400040073547278	1.261429640732445	0.6151263571205863	0.711608244475358	0.6151263571205863	0.711608244475358	0.7142857142857143	endpoint
ENOG410YX8I	0.0	0.43789784325636755	0.8418912728639111	1.4621678635294426	0.5875657750540756	0.6582307520340965	0.5875657750540756	0.6582307520340965	0.5714285714285714	endpoint
ENOG410YX99	0.0	0.812415897597688	1.0670018699119665	1.3783594502908243	0.7350873993612257	0.7207382609264458	0.7350873993612257	0.7207382609264458	0.8571428571428571	endpoint
ENOG410YXB6	0.0	0.12876710952010448	0.06473614636062469	1.241473316408191	0.44301211404294166	0.45987486138105077	0.5569878859570583	0.5401251386189492	0.5714285714285714	baseline
ENOG410YXBI	0.0	1.0225580277272204	1.0522442580952496	1.6844617981296723	0.8092710342953306	0.9056520625577922	0.8092710342953306	0.9056520625577922	0.8571428571428571	endpoint
ENOG410YXCA	0.0	0.029037506324291158	0.1267775125423762	1.2592826800659183	0.511758326616136	0.4996054888120527	0.511758326616136	0.5003945111879473	0.5714285714285714	endpoint
ENOG410YXDJ	0.0	1.3616990178480486	1.3990219164563462	1.907348477085949	0.9033247711659046	0.9768182310303447	0.9033247711659046	0.9768182310303447	1.0	endpoint
ENOG410YXFD	0.0	0.4287905901094187	0.42822974788986873	0.5950603495076838	0.37787308695114347	0.3821831111762534	0.6221269130488565	0.6178168888237465	1.0	baseline
ENOG410YXI9	0.0	0.3513486246324951	0.05023200285515447	1.263943319980204	0.5726248230583898	0.539047525826964	0.5726248230583898	0.539047525826964	0.5714285714285714	endpoint
ENOG410YXKT	0.0	0.9378685432544741	1.067382727577312	1.3886101632536134	0.8020890413991	0.8397612379736646	0.8020890413991	0.8397612379736646	1.0	endpoint
ENOG410YXP9	0.0	0.289067204312594	0.20113303246256425	1.4409630302671093	0.36684284311365173	0.4521959482941326	0.6331571568863483	0.5478040517058673	0.5714285714285714	baseline
ENOG410YXSE	0.0	0.9526364521115597	1.0596708127172367	1.5172432901435142	0.1992968326191717	0.17480911258571383	0.8007031673808283	0.8251908874142861	0.8571428571428571	baseline
ENOG410YXTA	0.0	1.057205644552353	1.1228787956928874	1.4746140498877323	0.8136231103688483	0.8077143298507095	0.8136231103688483	0.8077143298507095	1.0	endpoint
ENOG410YXTV	0.14285714285714285	1.0154371982439419	1.1896803667978875	2.1630690238819823	0.7961865227718038	0.8592864743056211	0.7961865227718038	0.8592864743056211	0.8571428571428571	endpoint
ENOG410YXV5	0.0	0.286468495313077	0.17887790674864965	1.041607062208292	0.6014018616029723	0.5939924366298767	0.6014018616029723	0.5939924366298767	0.5714285714285714	endpoint
ENOG410YXW0	0.0	0.7337614609062378	0.9061791541215037	1.2552406745942757	0.717565435944615	0.7173873729476673	0.717565435944615	0.7173873729476673	0.8571428571428571	endpoint
ENOG410YXW2	0.0	0.229831197026458	0.32080282780152614	1.2673422927727873	0.5571830513074242	0.5238731937596701	0.5571830513074242	0.5238731937596701	0.7142857142857143	endpoint
ENOG410YXYD	0.0	0.7654425688431793	0.5913012083271137	1.4221205294704726	0.7290105552731518	0.6591094846443509	0.7290105552731518	0.6591094846443509	1.0	endpoint
ENOG410YY0N	0.0	0.08901212512987867	0.44055977196433105	1.5552428653350225	0.5683908662221085	0.3545381158896604	0.5683908662221085	0.6454618841103397	0.5714285714285714	endpoint
ENOG410YY2Z	0.0	0.053391294722432966	0.4260291617159153	1.721389409069308	0.5275761978584527	0.6803255903646529	0.5275761978584527	0.6803255903646529	0.7142857142857143	endpoint
ENOG410YYBW	0.0	0.24136433125642728	0.2152575506935062	1.9271867721190363	0.5679805213263626	0.5669686463336504	0.5679805213263626	0.5669686463336504	0.7142857142857143	endpoint
ENOG410YYF9	0.0	1.2194928148789503	1.3696079930117737	1.8238528464287223	0.8406282017688467	0.9083729848413234	0.8406282017688467	0.9083729848413234	1.0	endpoint
ENOG410YYGA	0.0	0.34771201252685163	0.16596183550981303	1.382077645747239	0.3758536005286341	0.464803174821104	0.6241463994713659	0.535196825178896	0.7142857142857143	baseline
ENOG410YYHZ	0.0	0.9012162132254742	0.9462058137221866	1.0533274249982627	0.23238203434491042	0.25448240237939534	0.7676179656550896	0.7455175976206047	1.0	baseline
ENOG410YYJU	0.0	0.9521000204940018	1.146063479994619	1.949735353451111	0.7533857190110462	0.7811212470520267	0.7533857190110462	0.7811212470520267	0.8571428571428571	endpoint
ENOG410YYNW	0.0	0.0811106641406943	0.32138098978357366	1.2873660044808521	0.5305774795384373	0.3993424665438779	0.5305774795384373	0.6006575334561222	0.5714285714285714	endpoint
ENOG410YYQS	0.0	0.016357935932093084	0.3399975451415861	1.4177178118440381	0.47784915224314883	0.5926792244382519	0.5221508477568512	0.5926792244382519	0.5714285714285714	baseline
ENOG410YYRY	0.0	1.2003359855628573	1.2441083838233373	1.4257398310884641	0.8684699521211856	0.9070068338522669	0.8684699521211856	0.9070068338522669	1.0	endpoint
ENOG410YYX0	0.0	0.41798577036271667	0.787634415561591	1.468967622985577	0.666085410352135	0.8123305715786818	0.666085410352135	0.8123305715786818	0.5714285714285714	endpoint
ENOG410YYXB	0.0	0.2721266862762974	0.7000357463706541	1.3456817889540487	0.3786165273974456	0.31467984478271643	0.6213834726025544	0.6853201552172836	0.5714285714285714	baseline
ENOG410YYXN	0.0	0.004216620335850653	0.12680034094399617	1.4261998204300144	0.5302132815879652	0.5425865564529254	0.5302132815879652	0.5425865564529254	0.5714285714285714	endpoint
ENOG410YZ8S	0.0	0.2345439344711102	0.8142331412515983	1.5145404633877726	0.5902035791038408	0.7164559222364291	0.5902035791038408	0.7164559222364291	0.5714285714285714	endpoint
ENOG410YZC6	0.0	0.27403182849831587	0.2489656126317488	0.970598248257709	0.4230768675399947	0.44846086674418806	0.5769231324600053	0.5515391332558119	0.7142857142857143	baseline
ENOG410YZFA	0.0	0.16667972500636807	0.08110836187520123	1.7031330604075512	0.5818621022028774	0.49423312292011756	0.5818621022028774	0.5057668770798824	0.5714285714285714	endpoint
ENOG410YZJM	0.0	0.9555813845004	1.2674192338268646	1.397161213478756	0.7794645748139221	0.8209022103169662	0.7794645748139221	0.8209022103169662	1.0	endpoint
ENOG410YZK5	0.14285714285714285	0.9618527720670077	1.0587874860328752	2.5948581407252322	0.7411906206647944	0.852218766981195	0.7411906206647944	0.852218766981195	0.8571428571428571	endpoint
ENOG410YZKT	0.0	0.25275940023992927	0.8020381226679337	1.5736956366631265	0.552707179126647	0.7318497040218548	0.552707179126647	0.7318497040218548	0.7142857142857143	endpoint
ENOG410YZPH	0.0	0.24402903714629	0.25703147646907126	1.244448947468255	0.5773892983919293	0.5988082321461784	0.5773892983919293	0.5988082321461784	0.5714285714285714	endpoint
ENOG410Z01M	0.0	0.02576776184878556	0.24701537962541045	1.1937849797904967	0.48257525499857945	0.5116246950339379	0.5174247450014205	0.5116246950339379	0.5714285714285714	baseline
ENOG410Z02K	0.0	1.2264119781652683	1.2802926905233876	1.6478468047582797	0.8822223951701584	0.9618434118126911	0.8822223951701584	0.9618434118126911	1.0	endpoint
ENOG410Z03M	0.0	0.8858989758124356	0.9954100743256385	1.3517011981291074	0.2311861642782548	0.17655478305304315	0.7688138357217452	0.8234452169469568	1.0	baseline
ENOG410Z07R	0.0	0.25188844756946505	0.478684771111119	0.9377106452988815	0.38879008022419337	0.3756923884662347	0.6112099197758066	0.6243076115337653	0.5714285714285714	baseline
ENOG410Z08J	0.0	0.25919340495794013	0.27506029755340555	1.1944031975486786	0.42017870027641624	0.41675637612787453	0.5798212997235838	0.5832436238721255	0.5714285714285714	baseline
ENOG410Z0C5	0.0	0.4871346871318127	0.44768012738682356	1.6418012321160045	0.6306337463087066	0.6037480206090211	0.6306337463087066	0.6037480206090211	0.7142857142857143	endpoint
ENOG410Z0D2	0.0	0.2655150713377356	0.11548837461683067	1.5099009852777414	0.5858796391218435	0.45145014120858346	0.5858796391218435	0.5485498587914166	0.5714285714285714	endpoint
ENOG410Z0EK	0.0	0.10205294046948285	0.35085350575489305	1.2365154608909288	0.48808902851715474	0.4072042790254144	0.5119109714828453	0.5927957209745855	0.5714285714285714	baseline
ENOG410Z0GR	0.0	0.29397791748905266	0.2894830632976625	1.3581295547963181	0.42966607197471174	0.44551930374011545	0.5703339280252883	0.5544806962598845	0.5714285714285714	baseline
ENOG410Z0IW	0.0	1.0634091798619927	1.1791265432428064	1.519701711077626	0.8287017763401996	0.9516951007734905	0.8287017763401996	0.9516951007734905	0.8571428571428571	endpoint
ENOG410Z0IY	0.0	0.12848120946307878	0.6363618558201489	1.173871284054695	0.5738155981226597	0.6619632466503902	0.5738155981226597	0.6619632466503902	0.5714285714285714	endpoint
ENOG410Z0RI	0.0	0.6287776267680296	0.8720350405032676	1.4139015823953411	0.33606390276088344	0.26727045598514737	0.6639360972391166	0.7327295440148527	0.7142857142857143	baseline
ENOG410Z0UM	0.0	0.1427685238395349	0.39448862976627913	1.3002840285160506	0.4512084270047095	0.3867214792379213	0.5487915729952906	0.6132785207620788	0.7142857142857143	baseline
ENOG410Z0ZE	0.0	0.13265808596765685	0.1437989676347633	1.1051663887917371	0.5293348156587264	0.5294662583799656	0.5293348156587264	0.5294662583799656	0.7142857142857143	endpoint
ENOG410Z104	0.0	0.41914277576226866	0.3711544773387794	1.5680273528335251	0.3812136715863258	0.4264261678238319	0.6187863284136742	0.5735738321761681	0.7142857142857143	baseline
ENOG410Z131	0.0	0.48208214075355454	0.98507830946265	1.3818230374656932	0.35537768025487093	0.25048538446229623	0.6446223197451291	0.7495146155377037	0.7142857142857143	baseline
ENOG410Z17U	0.0	0.3772308912111438	0.4945958184050755	1.3206315280464689	0.37383665026982765	0.3548114489605085	0.6261633497301724	0.6451885510394915	0.7142857142857143	baseline
ENOG410Z1K5	0.0	0.13037228936261744	0.35273530706538087	1.4858670650017693	0.4974887586083976	0.3653487585398342	0.5025112413916024	0.6346512414601658	0.5714285714285714	endpoint
ENOG410Z1KF	0.0	0.5972527384350342	0.492666280164795	1.548783616815189	0.35296336534345135	0.33494907309142485	0.6470366346565486	0.6650509269085751	0.8571428571428571	baseline
ENOG410Z1MP	0.0	1.1535883182570672	1.2966846003161339	1.8247372705414973	0.8353810243705867	0.9093464299915622	0.8353810243705867	0.9093464299915622	0.8571428571428571	endpoint
ENOG410Z1QN	0.0	0.2055184509684447	0.4914608132503421	1.202328367131545	0.46902051906114306	0.3890398255066289	0.5309794809388569	0.610960174493371	0.7142857142857143	baseline
ENOG410Z1RP	0.0	0.0012999676284451503	0.3684080275879674	1.6360357714600038	0.5270387251274392	0.6375767055919341	0.5270387251274392	0.6375767055919341	0.5714285714285714	endpoint
ENOG410Z1W6	0.0	0.3127748022432855	0.3752816974757388	1.4617892392244776	0.39201324787581254	0.42546130666700516	0.6079867521241875	0.5745386933329948	0.5714285714285714	baseline
ENOG410Z1WC	0.0	0.9681116043505348	1.1608871764493003	1.55525827447182	0.7844062958373914	0.8767827697392132	0.7844062958373914	0.8767827697392132	1.0	endpoint
ENOG410Z217	0.0	0.056459689119441894	0.32436799515685033	1.2410345543261143	0.5042918889297966	0.5890253496318396	0.5042918889297966	0.5890253496318396	0.5714285714285714	endpoint
ENOG410Z24N	0.0	0.1666969838545566	0.3539666381522506	1.5300886373780556	0.5236843102534353	0.6532342363862469	0.5236843102534353	0.6532342363862469	0.5714285714285714	endpoint
ENOG410Z261	0.0	0.9433145365145746	0.9362568520942913	1.618260059619649	0.7751621030975234	0.8721417839429031	0.7751621030975234	0.8721417839429031	1.0	endpoint
ENOG410Z27T	0.0	1.0202068328865816	1.281308298079728	1.4392917878891758	0.17119844175119844	0.11091344405387812	0.8288015582488015	0.8890865559461218	1.0	baseline
ENOG410Z295	0.0	0.08141398926402452	0.019670158272033122	1.5193638934086098	0.4987533966855562	0.4673556824599894	0.5012466033144438	0.5326443175400106	0.5714285714285714	endpoint
ENOG410Z2AQ	0.0	0.351356862738279	0.3935554347446124	1.4479809092269635	0.3766034547618394	0.38701894320430597	0.6233965452381607	0.612981056795694	0.5714285714285714	baseline
ENOG410Z2E7	0.0	0.4779104720026996	0.6295385522791548	1.2593782389704877	0.6378169222006873	0.633579989711351	0.6378169222006873	0.633579989711351	0.7142857142857143	endpoint
ENOG410Z2G6	0.0	0.9348240283854505	0.9430729538107134	1.5139659387257256	0.7754766191849443	0.7513800046585204	0.7754766191849443	0.7513800046585204	1.0	endpoint
ENOG410Z2I8	0.0	0.0899534237404243	0.027793702756532614	1.183007331372472	0.45596047709648946	0.4985839916650272	0.5440395229035105	0.5014160083349728	0.5714285714285714	baseline
ENOG410Z2J1	0.0	0.11544900779089613	0.005814491619366466	1.2977597258758482	0.5220165073052117	0.5277501982059659	0.5220165073052117	0.5277501982059659	0.5714285714285714	endpoint
ENOG410Z2K9	0.0	0.4057945275595595	0.12799083575797035	1.456427608540987	0.6296692717258136	0.5757411522291929	0.6296692717258136	0.5757411522291929	0.7142857142857143	endpoint
ENOG410Z2ND	0.0	0.758555599740937	0.9163369032567235	1.175562434462459	0.7305209952200685	0.7406464255235975	0.7305209952200685	0.7406464255235975	1.0	endpoint
ENOG410Z2NQ	0.0	0.5318780425020339	0.5367912483220451	1.0495977663995253	0.3413247753746832	0.3183606291608171	0.6586752246253168	0.6816393708391829	0.8571428571428571	baseline
ENOG410Z2RR	0.0	0.09548792265350503	0.12757519340545637	1.3408901112097558	0.46692002319471226	0.48337011117454454	0.5330799768052877	0.5166298888254555	0.5714285714285714	baseline
ENOG410Z2RW	0.0	0.6064308403284501	0.7650323000300707	1.4225989958403604	0.7116477914003552	0.7316585636719191	0.7116477914003552	0.7316585636719191	0.8571428571428571	endpoint
ENOG410Z2UD	0.0	0.6553994293691444	0.6053744102283984	1.4632969514753598	0.7210128321490121	0.6787172074357479	0.7210128321490121	0.6787172074357479	0.8571428571428571	endpoint
ENOG410Z2UP	0.0	0.4615963811912713	0.8651857101716209	1.0736521610309646	0.6140488954704387	0.7461129675855124	0.6140488954704387	0.7461129675855124	0.7142857142857143	endpoint
ENOG410Z2UZ	0.0	0.07314218871850589	0.11760898534605846	1.5294127342332176	0.49138385185421624	0.49438331830842414	0.5086161481457838	0.5056166816915759	0.5714285714285714	endpoint
ENOG410Z2WJ	0.0	0.28969131310703966	0.5677486014289738	1.1887705817808447	0.4393057200825035	0.3763762777164323	0.5606942799174965	0.6236237222835677	0.7142857142857143	baseline
ENOG410Z32R	0.0	0.026242254749646237	0.5766981291337995	1.5118271321414327	0.5334111282943016	0.3783741911741338	0.5334111282943016	0.6216258088258662	0.5714285714285714	endpoint
ENOG410Z330	0.0	1.304318658068055	1.2509596788104247	1.7907179133623434	0.883565059608012	0.937428557980967	0.883565059608012	0.937428557980967	1.0	endpoint
ENOG410Z34Z	0.0	0.3930022056399781	0.579577673125521	1.2635311903016653	0.6184137725579762	0.6759880243650774	0.6184137725579762	0.6759880243650774	0.7142857142857143	endpoint
ENOG410Z36F	0.0	0.5197944299134051	1.0074309155745522	1.8239024184106252	0.6179114515700375	0.773383291686915	0.6179114515700375	0.773383291686915	0.7142857142857143	endpoint
ENOG410Z36U	0.0	0.47995950199826115	0.9031996813082043	1.450748696488438	0.6396171057835609	0.6205493533826564	0.6396171057835609	0.6205493533826564	0.8571428571428571	endpoint
ENOG410Z38T	0.0	0.29094787437901315	0.18589733578191622	1.4112741264904805	0.3895439493414397	0.40711483395469045	0.6104560506585603	0.5928851660453096	0.5714285714285714	baseline
ENOG410Z39D	0.0	0.49829612361043124	0.765900481108333	1.291822227485703	0.3208311845408756	0.20802996621940295	0.6791688154591244	0.791970033780597	0.7142857142857143	baseline
ENOG410Z39P	0.0	0.6235179217808884	0.9354669126101991	1.1963404392152532	0.30605005551930453	0.1752886014351812	0.6939499444806955	0.8247113985648188	0.7142857142857143	baseline
ENOG410Z39T	0.0	0.4381441262196316	0.3561821306203111	1.2812676464806252	0.6485851888166392	0.593182478139563	0.6485851888166392	0.593182478139563	0.7142857142857143	endpoint
ENOG410Z3DP	0.0	0.6203466076323702	0.35144169158744226	1.6274942278007698	0.6976134129871541	0.583214380625946	0.6976134129871541	0.583214380625946	0.8571428571428571	endpoint
ENOG410Z3IR	0.0	0.6630132827517944	1.0913753914701239	1.633389790177066	0.32701443326338575	0.23933216497102675	0.6729855667366142	0.7606678350289733	0.7142857142857143	baseline
ENOG410Z3JA	0.0	0.06081448909204918	0.25092301035079323	0.851347846360539	0.5366855206353308	0.5767993706518133	0.5366855206353308	0.5767993706518133	0.5714285714285714	endpoint
ENOG410Z3SG	0.0	0.08495781189660441	0.35140847713064627	1.2715385921246631	0.5187963804093098	0.5585046125113624	0.5187963804093098	0.5585046125113624	0.5714285714285714	endpoint
ENOG410Z3UP	0.0	1.0120657958980614	1.0490246886700283	1.405646622344708	0.8047788989713652	0.7852869228343958	0.8047788989713652	0.7852869228343958	1.0	endpoint
ENOG410Z3WW	0.0	0.12840013898036712	0.7304870425183055	1.2087000714530196	0.51410790907792	0.5918795648423789	0.51410790907792	0.5918795648423789	0.5714285714285714	endpoint
ENOG410Z3XN	0.0	0.2593213249908093	0.3858071766224732	1.3641893017173523	0.5808638286464888	0.560747746252263	0.5808638286464888	0.560747746252263	0.5714285714285714	endpoint
ENOG410Z3XZ	0.0	0.41423026080324316	0.5050179416445938	1.3329249416476159	0.38493815801809894	0.3619216163477692	0.6150618419819011	0.6380783836522308	0.7142857142857143	baseline
ENOG410Z3Y8	0.0	0.08265455035983345	0.269093692789813	1.5047459062424222	0.5152484210170992	0.5740020915267896	0.5152484210170992	0.5740020915267896	0.5714285714285714	endpoint
ENOG410Z3YF	0.0	0.2574336602149586	0.559014259722661	1.3423502509342138	0.5505594438521262	0.6438809325087047	0.5505594438521262	0.6438809325087047	0.7142857142857143	endpoint
ENOG410Z41R	0.0	1.1318376213029955	1.2653708076151668	1.7740615277762208	0.8302841156798675	0.8279680204631438	0.8302841156798675	0.8279680204631438	1.0	endpoint
ENOG410Z42R	0.0	0.20101909197036658	0.05949994544377396	1.1894112880851857	0.4509073797052328	0.46074405528655954	0.5490926202947672	0.5392559447134404	0.5714285714285714	baseline
ENOG410Z430	0.0	0.46732304988556284	0.8014650708875967	1.6522626561598746	0.5870587374291112	0.7285491945626024	0.5870587374291112	0.7285491945626024	0.7142857142857143	endpoint
ENOG410Z447	0.0	0.05089696343554284	0.07484107744849469	1.1830336212717718	0.47698237139552785	0.48700669811413333	0.5230176286044721	0.5129933018858667	0.5714285714285714	baseline
ENOG410Z46E	0.0	0.13434930146792157	0.17795052149286408	1.3721174053164633	0.5292466421329153	0.5566854445264859	0.5292466421329153	0.5566854445264859	0.5714285714285714	endpoint
ENOG410Z470	0.0	0.4960074683015545	0.5861371425824746	1.0925994138944348	0.6438503579099137	0.6519891502665305	0.6438503579099137	0.6519891502665305	0.8571428571428571	endpoint
ENOG410Z472	0.0	0.4108949774979485	0.9467334345505678	1.381149269901074	0.3267721478346878	0.2106886819850261	0.6732278521653122	0.7893113180149739	0.7142857142857143	baseline
ENOG410Z47E	0.0	0.2692780089699515	0.6374536518372192	1.2254813314234179	0.5909658403619952	0.5834684294378086	0.5909658403619952	0.5834684294378086	0.5714285714285714	endpoint
ENOG410Z4FA	0.0	0.2929464685111703	0.5472634003941593	1.4521055264376912	0.5958599592490265	0.674262395841388	0.5958599592490265	0.674262395841388	0.7142857142857143	endpoint
ENOG410Z4FU	0.0	1.0071369984085845	1.0078330916786216	1.4719728559921685	0.7956895211210744	0.7679852773036954	0.7956895211210744	0.7679852773036954	1.0	endpoint
ENOG410Z4H2	0.0	0.6650195757994977	0.7074362844032785	1.1831039656999014	0.3047112523167212	0.3531885344185813	0.6952887476832788	0.6468114655814188	0.8571428571428571	baseline
ENOG410Z4SK	0.0	1.061003489178612	1.3903080566757458	1.7152579880953234	0.8149945654226087	0.9407620133508506	0.8149945654226087	0.9407620133508506	1.0	endpoint
ENOG410Z4VE	0.0	0.13061797209968512	0.2463163753795522	1.4325043132167592	0.4637600745260988	0.4397417421165551	0.5362399254739012	0.560258257883445	0.5714285714285714	baseline
ENOG410Z4VQ	0.0	0.39156733064133525	0.39226871998204027	1.425410705241906	0.6226261874651573	0.6676336107856734	0.6226261874651573	0.6676336107856734	0.8571428571428571	endpoint
ENOG410Z4XY	0.0	0.02382140285209609	0.015179633788535516	1.488541007651375	0.49082815322411955	0.5069956068222377	0.5091718467758805	0.5069956068222377	0.5714285714285714	baseline
ENOG410Z4Y8	0.0	1.2207985391685008	1.297513365801827	1.4695386885794495	0.1462093709954839	0.1349558088433077	0.8537906290045161	0.8650441911566923	1.0	baseline
ENOG410Z50M	0.0	0.33116335534310365	0.6334228605197981	1.554552260447571	0.41615589701172484	0.3654745444451122	0.5838441029882752	0.6345254555548878	0.5714285714285714	baseline
ENOG410Z51W	0.0	0.860525312305893	1.1834709796545468	1.5304974807746505	0.7541066189760182	0.7246789375780676	0.7541066189760182	0.7246789375780676	1.0	endpoint
ENOG410Z568	0.0	0.39453385315880674	0.6592059015308862	1.3177215170572558	0.3468356442782117	0.2923544555465651	0.6531643557217883	0.7076455444534349	0.7142857142857143	baseline
ENOG410Z56P	0.0	0.18134446007302943	0.6317788181749606	1.2308280215637284	0.48701158876452627	0.3654974325851863	0.5129884112354737	0.6345025674148137	0.5714285714285714	baseline
ENOG410Z588	0.0	0.8759043765757605	1.002881850101935	1.5081862874349117	0.7464906020245576	0.7748260097548577	0.7464906020245576	0.7748260097548577	0.8571428571428571	endpoint
ENOG410Z5C5	0.0	0.5233148210408046	0.8977205650209789	1.3583307922005903	0.32074015930277816	0.1766888294034388	0.6792598406972219	0.8233111705965612	0.7142857142857143	baseline
ENOG410Z5EU	0.0	0.4091935198462627	0.6360183289261189	1.7727698755431542	0.40862201121610797	0.36450632013855155	0.591377988783892	0.6354936798614484	0.5714285714285714	baseline
ENOG410Z5FE	0.0	0.12831339697495206	0.24777884819694918	1.4198196554998153	0.45486049020393704	0.4393386303319661	0.545139509796063	0.5606613696680339	0.5714285714285714	baseline
ENOG410Z5IJ	0.0	0.7271003963751616	1.1720025700357672	1.6347642128773276	0.7334978618802496	0.8823830615543912	0.7334978618802496	0.8823830615543912	0.7142857142857143	endpoint
ENOG410Z5N2	0.0	0.9086993400452792	0.988697655383604	1.217941104425663	0.7780512777350884	0.7979247917036547	0.7780512777350884	0.7979247917036547	1.0	endpoint
ENOG410Z5N9	0.0	0.3614027783455857	1.250411252233842	1.5424143874642384	0.45453428384422245	0.22069059433263957	0.5454657161557775	0.7793094056673604	0.5714285714285714	baseline
ENOG410Z5P3	0.0	1.1577993364473003	1.27350594552482	1.5874794371768326	0.8497138896320974	0.8510865705448093	0.8497138896320974	0.8510865705448093	1.0	endpoint
ENOG410Z5R7	0.0	0.39290516777343687	0.23941031958470624	0.9395955441520523	0.6291831569368995	0.5751804897224387	0.6291831569368995	0.5751804897224387	1.0	endpoint
ENOG410Z5RD	0.0	0.7991784781739083	1.0408389048192501	1.4024254496323525	0.2665244648565549	0.29784468296062216	0.7334755351434451	0.7021553170393778	0.8571428571428571	baseline
ENOG410Z5SJ	0.0	0.9151450872310724	0.991618298166829	1.9086745178731797	0.2582421080368601	0.15035590004015442	0.7417578919631399	0.8496440999598456	0.8571428571428571	baseline
ENOG410Z62C	0.0	0.5276632627130731	0.8440541376959297	1.3723877243608582	0.6327359063613655	0.6984331844340115	0.6327359063613655	0.6984331844340115	0.7142857142857143	endpoint
ENOG410Z67X	0.0	0.3511108599399334	0.3372017286259881	1.399483211102968	0.38052484137428383	0.40498217334732906	0.6194751586257161	0.5950178266526709	0.7142857142857143	baseline
ENOG410Z6AU	0.14285714285714285	1.184057330518351	1.1848793546064442	2.2854316956984033	0.8231023912788933	0.8499957902145072	0.8231023912788933	0.8499957902145072	1.0	endpoint
ENOG410Z6C5	0.0	0.3863437947606145	0.4951516919248475	1.4076056609793826	0.6238415971660108	0.6408834896848955	0.6238415971660108	0.6408834896848955	0.7142857142857143	endpoint
ENOG410Z6D7	0.0	0.570695094252722	0.9743702852469823	1.2002451351763836	0.6600288888583803	0.7565029438306257	0.6600288888583803	0.7565029438306257	0.7142857142857143	endpoint
ENOG410Z6F6	0.0	1.367255319539172	1.534107217315789	1.8982542321857179	0.8843107691716522	0.960563225157266	0.8843107691716522	0.960563225157266	1.0	endpoint
ENOG410Z6GU	0.0	0.7862199301448897	0.8357670590821883	1.3796605941451505	0.27153967896202835	0.24160128204976025	0.7284603210379716	0.7583987179502397	1.0	baseline
ENOG410Z6IM	0.0	0.43668884806236036	0.6780919339124369	1.5164129099658747	0.6567760727248165	0.7036773454993562	0.6567760727248165	0.7036773454993562	0.5714285714285714	endpoint
ENOG410Z6IX	0.0	0.1559934077159977	0.18145474272795822	1.3851336327169945	0.4576723703255889	0.4629981304299627	0.5423276296744111	0.5370018695700374	0.7142857142857143	baseline
ENOG410Z6JP	0.0	0.24936086990986908	0.99600929682939	1.537901629257623	0.43474973536289363	0.30528626564048794	0.5652502646371064	0.694713734359512	0.5714285714285714	baseline
ENOG410Z6JU	0.0	0.1449452386476415	0.228041877325205	1.4305621873540146	0.41238110203087325	0.392648808129627	0.5876188979691268	0.607351191870373	0.5714285714285714	baseline
ENOG410Z6QR	0.0	0.08735441157329382	0.20796377207943645	1.4756095187315543	0.5003709523359969	0.3995405758026789	0.5003709523359969	0.6004594241973211	0.5714285714285714	baseline
ENOG410Z6RU	0.0	0.23290145714336272	0.37428319347923705	1.1597359133587715	0.5673403878553122	0.599395630144298	0.5673403878553122	0.599395630144298	0.7142857142857143	endpoint
ENOG410Z6UB	0.0	0.15543984850884182	0.5761292791728939	1.05652511658592	0.41344500685715574	0.3288219547283726	0.5865549931428442	0.6711780452716274	0.5714285714285714	baseline
ENOG410Z6ZU	0.0	0.7605851190722459	0.8335051826460489	1.4137624165815454	0.2662058482551346	0.2975880888358234	0.7337941517448654	0.7024119111641767	0.8571428571428571	baseline
ENOG410Z71M	0.0	0.4831022051025255	0.5234821842205185	1.171242160797997	0.3447012413341926	0.3633445588664728	0.6552987586658074	0.6366554411335272	0.8571428571428571	baseline
ENOG410Z72X	0.0	0.05154890914500126	0.4143811939378982	1.0544261387994451	0.5070520130156434	0.6131591850182451	0.5070520130156434	0.6131591850182451	0.5714285714285714	baseline
ENOG410Z75S	0.0	0.2411603129151618	0.27425261825618924	1.5216301399153431	0.44516776182376383	0.3767870678609305	0.5548322381762362	0.6232129321390695	0.7142857142857143	baseline
ENOG410Z78F	0.0	0.20675522797313425	0.3557734422188462	1.247800900571176	0.5637868796557617	0.529678212590329	0.5637868796557617	0.529678212590329	0.5714285714285714	endpoint
ENOG410Z78K	0.14285714285714285	1.2794655096341059	1.5157900440108742	2.2023842113894316	0.873605575547116	0.9835273290973342	0.873605575547116	0.9835273290973342	0.8571428571428571	endpoint
ENOG410Z79W	0.0	0.9899023927961708	1.2752202163876651	1.6709871377659664	0.7951936290478885	0.9038378531151385	0.7951936290478885	0.9038378531151385	1.0	endpoint
ENOG410Z7CF	0.0	0.08138359035585441	0.5673875162170514	1.4350379531786635	0.4978979813616136	0.6592323971593115	0.5021020186383864	0.6592323971593115	0.5714285714285714	endpoint
ENOG410Z7CV	0.0	1.2165601858826989	1.450044282983121	1.6413816537522097	0.8458486163996312	0.8969166856934818	0.8458486163996312	0.8969166856934818	1.0	endpoint
ENOG410Z7MK	0.0	0.31963839650169185	0.30471676098720923	1.2079396959415474	0.3885244140945391	0.3663303145223589	0.6114755859054609	0.6336696854776411	0.5714285714285714	baseline
ENOG410Z7PY	0.0	0.4011340960977492	0.7234605296864374	1.3201527363336292	0.4132103077270349	0.28185884719710924	0.5867896922729652	0.7181411528028907	0.7142857142857143	baseline
ENOG410Z7S1	0.0	0.8967342627739695	1.063101664433907	1.584417232976768	0.21489397263988227	0.10601628103525819	0.7851060273601177	0.8939837189647418	0.8571428571428571	baseline
ENOG410Z7X3	0.0	0.2770653901733896	0.2254144253001933	1.45845725343514	0.38710676356529344	0.5708042132107519	0.6128932364347066	0.5708042132107519	0.5714285714285714	baseline
ENOG410Z83I	0.0	0.11464338591495639	0.18388956915271099	1.427119951791496	0.5259157745618891	0.5561843156850992	0.5259157745618891	0.5561843156850992	0.5714285714285714	endpoint
ENOG410Z83N	0.0	0.21338924504800558	0.4096434525715585	1.317058495109054	0.42613593125101784	0.391019438320665	0.5738640687489822	0.608980561679335	0.5714285714285714	baseline
ENOG410Z89S	0.0	0.4495696215900998	0.37293829264951067	1.2429887232077652	0.6409488637813101	0.5756567610818495	0.6409488637813101	0.5756567610818495	0.7142857142857143	endpoint
ENOG410Z8B0	0.0	0.7345214063663908	0.6337635894587357	1.4569593368750446	0.30451856913162706	0.28190461999083755	0.695481430868373	0.7180953800091625	1.0	baseline
ENOG410Z8B4	0.0	0.6690178487003958	0.7236427739742537	1.2160355103863156	0.7015308021460659	0.7193125761735527	0.7015308021460659	0.7193125761735527	0.8571428571428571	endpoint
ENOG410Z8BV	0.0	0.005856836912417166	0.3051670562137026	1.4077566318434536	0.5060535425340681	0.5751545006557741	0.5060535425340681	0.5751545006557741	0.7142857142857143	baseline
ENOG410Z8C3	0.0	0.096160338789419	0.05074803581680894	1.3149759798318403	0.45484193398173606	0.46163456271711967	0.545158066018264	0.5383654372828803	0.7142857142857143	baseline
ENOG410Z8ID	0.0	0.40098837168674095	0.6083863396882926	1.3212252309515067	0.6399886270434322	0.6753295305975195	0.6399886270434322	0.6753295305975195	0.7142857142857143	endpoint
ENOG410Z8K8	0.0	0.567477048347935	1.04582479923418	1.3412884559372928	0.29684227217275055	0.21866718711111044	0.7031577278272494	0.7813328128888896	0.8571428571428571	baseline
ENOG410Z8NA	0.0	0.6603173809151734	0.8056842154942944	1.2131372127581932	0.7060343848276958	0.7630863979033465	0.7060343848276958	0.7630863979033465	0.8571428571428571	endpoint
ENOG410Z8VE	0.0	1.194206943730491	1.3112021313237563	1.551981166270008	0.14732172131092686	0.15037260942715042	0.8526782786890732	0.8496273905728495	1.0	baseline
ENOG410Z92N	0.0	0.18290665032717066	0.3889151981238644	1.4432921537440726	0.46658665853144593	0.4060620951101013	0.533413341468554	0.5939379048898987	0.5714285714285714	baseline
ENOG410Z937	0.0	0.8550724846297367	0.9559364749359542	1.0643516718500692	0.2457989761752242	0.21426085502289294	0.7542010238247758	0.7857391449771071	1.0	baseline
ENOG410Z93W	0.0	0.9540655985015254	1.2855350441499356	1.7153803851879408	0.24813457853816964	0.17446979630189238	0.7518654214618303	0.8255302036981076	0.8571428571428571	baseline
ENOG410Z952	0.0	0.5610759111545008	0.9636210936594716	1.1666850098797343	0.3346378694881423	0.25094214792352953	0.6653621305118578	0.7490578520764705	0.7142857142857143	baseline
ENOG410Z97P	0.0	0.10744021457154838	0.09274094908305684	1.2667245147045696	0.47395495715384295	0.48290615645908436	0.526045042846157	0.5170938435409156	0.5714285714285714	baseline
ENOG410Z994	0.0	0.10680607609846778	0.24070690487961396	1.3523268527633119	0.5055719239360482	0.6161681800383403	0.5055719239360482	0.6161681800383403	0.7142857142857143	baseline
ENOG410Z9BD	0.0	1.0079047423499223	1.2372662069971871	1.5364965363472765	0.8384670796621227	0.964329070956434	0.8384670796621227	0.964329070956434	0.8571428571428571	endpoint
ENOG410Z9EY	0.0	0.36569022053767614	0.5502723759252331	1.4283602584227708	0.6255069943921955	0.641837255691445	0.6255069943921955	0.641837255691445	0.5714285714285714	endpoint
ENOG410Z9IK	0.0	0.28274278480359205	0.11101248769558279	1.2026366720734394	0.5844186524886489	0.5382348381699661	0.5844186524886489	0.5382348381699661	0.5714285714285714	endpoint
ENOG410Z9M6	0.0	0.0476645306840953	0.0081448400546264	1.4156270236066648	0.49367769799032135	0.526914389596498	0.5063223020096786	0.526914389596498	0.5714285714285714	baseline
ENOG410Z9R2	0.0	0.7361031317792656	0.5939797946342484	1.5803261874167862	0.727800933408766	0.6520551721529013	0.727800933408766	0.6520551721529013	0.8571428571428571	endpoint
ENOG410Z9WD	0.0	0.3416207630862556	0.6674595458575413	1.2777624358305328	0.3936568308179441	0.29970964406638056	0.6063431691820559	0.7002903559336194	0.7142857142857143	baseline
ENOG410Z9WF	0.0	1.021509794375416	1.0233615725756686	1.352022671804479	0.8064375432678792	0.8221904275406533	0.8064375432678792	0.8221904275406533	1.0	endpoint
ENOG410Z9Z8	0.0	0.19940862409452276	0.37332000764395606	1.517949129694846	0.5510669806208932	0.6637315277942455	0.5510669806208932	0.6637315277942455	0.5714285714285714	endpoint
ENOG410ZA1A	0.0	0.6630614341405885	0.4339283619231455	1.2296305505668337	0.7012529652351885	0.68546947201999	0.7012529652351885	0.68546947201999	0.8571428571428571	endpoint
ENOG410ZA2Q	0.0	0.1815092026582171	0.09396202945809343	1.2526423889486251	0.5780838493793434	0.4386714357544631	0.5780838493793434	0.5613285642455369	0.5714285714285714	endpoint
ENOG410ZA63	0.0	1.2437924634353117	1.3590870159202244	1.5122591948643227	0.8807217577988408	0.8892946133509383	0.8807217577988408	0.8892946133509383	1.0	endpoint
ENOG410ZAAE	0.0	0.05434891676442323	0.20279700989237637	0.8369561077074844	0.5230285765048436	0.534818313927504	0.5230285765048436	0.534818313927504	0.7142857142857143	endpoint
ENOG410ZADN	0.0	0.4717852352216351	0.9130981454490512	1.259626828516645	0.3555881700736407	0.18790428631698916	0.6444118299263593	0.8120957136830108	0.7142857142857143	baseline
ENOG410ZAEE	0.0	0.7460225894925357	0.9970080309952698	1.8730491492255017	0.31778139562132907	0.2081099670407908	0.6822186043786709	0.7918900329592092	0.8571428571428571	baseline
ENOG410ZAFM	0.0	0.8495246503083517	0.971519022715551	1.6688766270466298	0.7434495856321196	0.7476494676434897	0.7434495856321196	0.7476494676434897	1.0	endpoint
ENOG410ZAHY	0.0	0.2936769008342713	0.7772600235482502	1.5642002636196146	0.5816281274009375	0.5996437417139869	0.5816281274009375	0.5996437417139869	0.5714285714285714	endpoint
ENOG410ZATI	0.0	0.3306310446896637	0.3765485947123355	1.2050982715033143	0.4072667273231536	0.42516513154362445	0.5927332726768464	0.5748348684563755	0.7142857142857143	baseline
ENOG410ZAVF	0.0	0.5933803646228658	0.6705762425664186	1.405923532898167	0.3280980144456042	0.3564273741589307	0.6719019855543957	0.6435726258410692	0.8571428571428571	baseline
ENOG410ZAVW	0.0	0.12546491913290536	0.7471084119655245	1.4598232416248278	0.4564719348405365	0.29424529470049815	0.5435280651594635	0.7057547052995019	0.5714285714285714	baseline
ENOG410ZAYP	0.0	0.01256696095974388	0.2453070248717372	1.495545227722753	0.4957229584389236	0.4418532060794224	0.5042770415610764	0.5581467939205775	0.5714285714285714	endpoint
ENOG410ZB0D	0.0	0.07593341814611516	0.41515861735331133	1.5112943200659836	0.4531684015243845	0.4161388838819419	0.5468315984756156	0.583861116118058	0.5714285714285714	baseline
ENOG410ZB0Z	0.0	0.3934340466489994	0.14966028396519857	1.2325177159445175	0.6109771546938266	0.5764268268257269	0.6109771546938266	0.5764268268257269	0.7142857142857143	endpoint
ENOG410ZB17	0.0	0.06021120043685256	0.26649563754822414	1.4818178740729935	0.46921763977689224	0.42752035005339784	0.5307823602231078	0.5724796499466022	0.5714285714285714	baseline
ENOG410ZB20	0.0	0.19393285483989656	0.37678738036588605	1.3944690070315564	0.5753612735010877	0.6002551870607219	0.5753612735010877	0.6002551870607219	0.5714285714285714	endpoint
ENOG410ZB44	0.0	0.02776208678620021	0.44082902662905965	1.6763027625740397	0.5554323696965088	0.38612683656918817	0.5554323696965088	0.6138731634308119	0.5714285714285714	baseline
ENOG410ZBEN	0.0	0.6707778585030602	0.927911615560106	1.4791369997085566	0.6927595017564737	0.7477522834254039	0.6927595017564737	0.7477522834254039	0.8571428571428571	endpoint
ENOG410ZBJR	0.0	0.165648587703666	0.2828068382822328	1.3382594801459882	0.4356625466873306	0.4236757698262632	0.5643374533126694	0.5763242301737368	0.5714285714285714	baseline
ENOG410ZBKA	0.0	0.22411334559159066	0.4169744571380672	1.3881394414672024	0.567437497756883	0.5725375725564577	0.567437497756883	0.5725375725564577	0.7142857142857143	endpoint
ENOG410ZBPX	0.0	0.15366200023966342	0.24463058999671108	1.1097735176213341	0.4522187706132992	0.45271623089581764	0.5477812293867008	0.5472837691041823	0.7142857142857143	baseline
ENOG410ZBQS	0.0	0.860591446211343	1.0194646282420023	1.9519053569761566	0.7449587814576972	0.794631401882673	0.7449587814576972	0.794631401882673	0.7142857142857143	endpoint
ENOG410ZBRU	0.0	0.569329492541442	0.4822009118029154	1.4950354669059185	0.6646728508917538	0.6160386943873242	0.6646728508917538	0.6160386943873242	1.0	endpoint
ENOG410ZBVD	0.0	0.24644744627509915	0.4371032863243718	1.4463227635970355	0.5650957204434637	0.6209584957528175	0.5650957204434637	0.6209584957528175	0.7142857142857143	endpoint
ENOG410ZBWM	0.0	0.4467542409817847	0.5556316466769303	1.5109524884041485	0.6323699216237599	0.6616431077826186	0.6323699216237599	0.6616431077826186	0.7142857142857143	endpoint
ENOG410ZBY4	0.0	0.4144931553737869	0.7309283874207276	1.2743359209967866	0.6292112399074783	0.6689037367325309	0.6292112399074783	0.6689037367325309	0.7142857142857143	endpoint
ENOG410ZC02	0.0	0.4516719373896114	0.6374065525821699	1.4677363651825357	0.6152881738435354	0.689712173368544	0.6152881738435354	0.689712173368544	0.8571428571428571	endpoint
ENOG410ZC4E	0.0	0.18992917559520958	0.4625251726602378	0.947662996285962	0.471301350463144	0.3990406806815968	0.528698649536856	0.6009593193184032	0.7142857142857143	baseline
ENOG410ZC5F	0.0	1.0702784116205992	1.1407783506132376	1.5376359884537634	0.8257940608658387	0.9290015612065431	0.8257940608658387	0.9290015612065431	1.0	endpoint
ENOG410ZC8P	0.0	0.43559930257697294	0.451595219193556	1.500407585105599	0.6112607121358893	0.6028306581314015	0.6112607121358893	0.6028306581314015	0.8571428571428571	endpoint
ENOG410ZC98	0.0	0.40505613024046283	0.7858954975022772	1.4851514337429805	0.6613662680894296	0.6969212081135816	0.6613662680894296	0.6969212081135816	0.5714285714285714	endpoint
ENOG410ZCCT	0.0	0.0025486501941179374	0.14557945174945533	1.4850215062637016	0.4636527746248795	0.494786630240497	0.5363472253751205	0.5052133697595029	0.5714285714285714	endpoint
ENOG410ZCG0	0.0	1.026367295270681	1.2575072393117332	1.8357094729501366	0.2013729951187038	0.16102001213231312	0.7986270048812962	0.8389799878676869	1.0	baseline
ENOG410ZCPC	0.0	0.10211440982312046	0.23639836579095463	1.100136759194741	0.46508088260096964	0.5098623020573977	0.5349191173990304	0.5098623020573977	0.5714285714285714	baseline
ENOG410ZCPU	0.0	0.8042985977338842	1.1744842901426071	1.3908696817801485	0.7144330480994022	0.8313671350885176	0.7144330480994022	0.8313671350885176	0.8571428571428571	endpoint
ENOG410ZCV3	0.0	1.0623285606191042	1.2855966776323051	1.536359666580848	0.1759994504249693	0.08415793424870056	0.8240005495750307	0.9158420657512995	0.8571428571428571	baseline
ENOG410ZCXG	0.0	0.3081140218781056	0.3284139775463607	1.2345774662792526	0.5925826115582378	0.6096474091066025	0.5925826115582378	0.6096474091066025	0.5714285714285714	endpoint
ENOG410ZCYK	0.0	0.1249271086854523	0.4203975229472782	1.4762807609081963	0.45622465308605525	0.33691429817906743	0.5437753469139448	0.6630857018209326	0.7142857142857143	baseline
ENOG410ZCYP	0.0	0.04753125144316426	0.38590708023713777	1.2431813492150898	0.4739538003469911	0.6140059899172728	0.5260461996530089	0.6140059899172728	0.5714285714285714	baseline
ENOG410ZCZ7	0.0	1.0261785794789626	1.2044069436768037	1.6042768617648333	0.21720683031945204	0.16207471109779273	0.7827931696805479	0.8379252889022073	0.8571428571428571	baseline
ENOG410ZD2Z	0.0	0.20878172345103757	0.03970124124010046	1.2931772037726281	0.42600159523012365	0.5039132759022847	0.5739984047698763	0.5039132759022847	0.5714285714285714	baseline
ENOG410ZD45	0.0	0.6917200342720383	0.6252570800107093	1.6737005351808132	0.30955696817993694	0.3131620442512758	0.6904430318200631	0.6868379557487242	0.7142857142857143	baseline
ENOG410ZD6H	0.0	0.14718311974981882	0.6326006420609896	1.158468047181167	0.5216167629288578	0.5756307111293969	0.5216167629288578	0.5756307111293969	0.5714285714285714	endpoint
ENOG410ZD8T	0.0	0.2667421388923684	0.964910295405993	1.7993775083856642	0.3956331761873452	0.22301092014658536	0.6043668238126547	0.7769890798534147	0.7142857142857143	baseline
ENOG410ZD92	0.0	0.6814095159346726	1.345128985970181	1.7745148471542014	0.6489431276822186	0.7651851005507005	0.6489431276822186	0.7651851005507005	0.7142857142857143	endpoint
ENOG410ZDA4	0.0	0.2963444015598098	0.45841596370849585	1.316647108647569	0.5848308126351489	0.6339921291924772	0.5848308126351489	0.6339921291924772	0.5714285714285714	endpoint
ENOG410ZDAN	0.0	0.3502080774735151	0.8250086727068409	1.225743526204739	0.36291715018585935	0.23393596037822148	0.6370828498141407	0.7660640396217785	0.5714285714285714	baseline
ENOG410ZDE6	0.0	0.8876021260270656	1.1367636489754172	1.4337150598433361	0.21391943017720522	0.15011491122616827	0.7860805698227948	0.8498850887738317	1.0	baseline
ENOG410ZDER	0.0	0.5997740208516421	0.7044763610053684	1.1406213311765336	0.7048681056955726	0.6778870496191628	0.7048681056955726	0.6778870496191628	0.7142857142857143	endpoint
ENOG410ZDI4	0.0	1.3030215424579776	1.2762864441567534	1.8882956422265367	0.8752948963255902	0.8879304802840238	0.8752948963255902	0.8879304802840238	1.0	endpoint
ENOG410ZDMF	0.0	0.7210441365404431	0.92963839071199	1.1911727571790451	0.2984883175022691	0.2505423865141227	0.7015116824977309	0.7494576134858772	0.8571428571428571	baseline
ENOG410ZDMZ	0.14285714285714285	1.1372066479876948	1.0043602663091218	2.0982038361673654	0.18411993652704609	0.23933707406652704	0.8158800634729539	0.760662925933473	1.0	baseline
ENOG410ZDRF	0.0	0.6516750215161468	0.7170143227499043	1.4920152222526948	0.30732022651337265	0.27266948455948253	0.6926797734866273	0.7273305154405174	0.8571428571428571	baseline
ENOG410ZDY6	0.0	0.5147295417171979	0.7522842042037624	1.3274544276726594	0.3293463221351208	0.3373256941488493	0.6706536778648793	0.6626743058511507	0.8571428571428571	baseline
ENOG410ZE8N	0.0	0.2031643730005331	0.016128672414036708	1.4088468109763101	0.4316547392267674	0.467943558665104	0.5683452607732327	0.532056441334896	0.5714285714285714	baseline
ENOG410ZE9J	0.0	0.6098291998308755	0.6537187545011742	1.2205896307747028	0.2929544189363161	0.3274465266842188	0.707045581063684	0.6725534733157812	0.8571428571428571	baseline
ENOG410ZEB6	0.0	0.1220518961100782	0.18783969449534765	1.1876827252028062	0.5414686829781069	0.5571077756366478	0.5414686829781069	0.5571077756366478	0.5714285714285714	endpoint
ENOG410ZEGC	0.0	0.5841520412915752	0.9816713857965538	1.2732816461217527	0.6809420145045005	0.7782207428697064	0.6809420145045005	0.7782207428697064	0.7142857142857143	endpoint
ENOG410ZEIQ	0.0	0.6409643307807599	0.9411442230869059	1.3068123700380332	0.33541577193915023	0.26624959979808654	0.6645842280608498	0.7337504002019135	0.8571428571428571	baseline
ENOG410ZEJ4	0.0	0.21977489535849978	0.26782766022264665	1.3048088994342628	0.5463134216908248	0.5814589195313776	0.5463134216908248	0.5814589195313776	0.7142857142857143	endpoint
ENOG410ZEMC	0.0	0.8630106402179489	0.9110308612981421	1.5622913175212734	0.21983815073543675	0.20308302665294053	0.7801618492645632	0.7969169733470595	1.0	baseline
ENOG410ZETB	0.0	0.7820253940265485	1.3057967831972128	1.8114249278751526	0.2649602419774214	0.09623414098133189	0.7350397580225786	0.9037658590186681	0.7142857142857143	baseline
ENOG410ZEYT	0.0	1.2877635673619392	1.525057160539838	1.7566759857125382	0.8687731265790034	0.8697223560082082	0.8687731265790034	0.8697223560082082	1.0	endpoint
ENOG410ZF0V	0.0	0.292644814503984	0.34929554243508226	1.1901013934139564	0.41126479731756393	0.4011271658292373	0.5887352026824361	0.5988728341707628	0.5714285714285714	baseline
ENOG410ZF12	0.0	0.5430384783051994	1.0239579752117016	1.4311126116195803	0.2965609591357877	0.1697655429316543	0.7034390408642123	0.8302344570683458	0.7142857142857143	baseline
ENOG410ZF8H	0.0	0.14993077946660185	0.3993746257018414	1.4393846069486	0.4313518343078556	0.41982886404747793	0.5686481656921444	0.5801711359525221	0.5714285714285714	baseline
ENOG410ZFED	0.0	0.7507709963585898	0.9455472164439919	1.3528749645312304	0.7380345191077813	0.7963465370790374	0.7380345191077813	0.7963465370790374	0.8571428571428571	endpoint
ENOG410ZFFM	0.0	0.47757832989951615	0.3934193170009636	1.5379937056228297	0.6136087004599426	0.6051681615158723	0.6136087004599426	0.6051681615158723	0.8571428571428571	endpoint
ENOG410ZFN1	0.0	0.7838936633574465	0.9190311737356265	1.3396066954715022	0.7112056801769301	0.7607372853374252	0.7112056801769301	0.7607372853374252	0.8571428571428571	endpoint
ENOG410ZFR9	0.0	0.708231216829457	0.9957385933363985	1.60237775637399	0.7160993612460211	0.7324729679285114	0.7160993612460211	0.7324729679285114	0.8571428571428571	endpoint
ENOG410ZFU2	0.0	0.3493708662378934	0.30530068839440705	1.8465424339496255	0.5603579624564973	0.4234834763906347	0.5603579624564973	0.5765165236093652	0.5714285714285714	endpoint
ENOG410ZFU4	0.0	0.3697048345372303	0.7989548695636385	1.0164177540011692	0.6230105662109295	0.7084895438563742	0.6230105662109295	0.7084895438563742	0.7142857142857143	endpoint
ENOG410ZFWF	0.0	1.0586280665781238	0.941116616293752	1.5091169240765903	0.8206652082412403	0.8650165242882948	0.8206652082412403	0.8650165242882948	1.0	endpoint
ENOG410ZFY9	0.0	0.7881898906687624	1.0143602723639364	1.9810341579024788	0.29339920669885505	0.28123204456172424	0.7066007933011449	0.7187679554382758	0.8571428571428571	baseline
ENOG410ZG22	0.0	0.6699055655118735	0.7881659876999206	1.3930542542589863	0.31036518975866734	0.20679687749600953	0.6896348102413327	0.7932031225039905	0.8571428571428571	baseline
ENOG410ZG3Z	0.0	0.16926830303703655	0.5378567055877459	1.4516428819157852	0.5350400821408607	0.6389347213833446	0.5350400821408607	0.6389347213833446	0.5714285714285714	endpoint
ENOG410ZG6A	0.0	0.5004253022992232	0.41104886972180427	1.2742546839407016	0.32535443148934806	0.38144275984156784	0.6746455685106519	0.6185572401584322	0.7142857142857143	baseline
ENOG410ZG9V	0.0	1.290609792811482	1.3078477326213573	1.7730912337685516	0.8889706105902649	0.9490762025120096	0.8889706105902649	0.9490762025120096	1.0	endpoint
ENOG410ZGBE	0.0	0.09916880763930265	0.22310636686263266	1.398282141946095	0.4865060998308491	0.4335858719667148	0.513493900169151	0.5664141280332853	0.5714285714285714	baseline
ENOG410ZGC3	0.0	0.34043379762736603	0.5218474412552695	1.3026071462578717	0.40660735996619596	0.3193197599066354	0.5933926400338041	0.6806802400933646	0.7142857142857143	baseline
ENOG410ZGCT	0.0	0.2910084071379968	0.5655452063797475	1.169795064768767	0.5678092185081159	0.6143615195044528	0.5678092185081159	0.6143615195044528	0.8571428571428571	endpoint
ENOG410ZGGZ	0.0	0.638030928614881	1.0411472536740092	1.5731787937546509	0.6670979533773718	0.6613603963098879	0.6670979533773718	0.6613603963098879	0.7142857142857143	endpoint
ENOG410ZGJ0	0.0	0.8211549946386144	1.120244192074495	1.675465476668502	0.26481055869190046	0.12770139471329325	0.7351894413080995	0.8722986052867068	0.8571428571428571	baseline
ENOG410ZGJH	0.0	0.04634074615574278	0.04976866775653834	1.119238003962012	0.4941216794237616	0.5014530393776252	0.5058783205762384	0.5014530393776252	0.5714285714285714	baseline
ENOG410ZGK6	0.0	0.5013462124759415	0.3864369504356055	1.240890851740359	0.6733102285267053	0.668436083365969	0.6733102285267053	0.668436083365969	0.8571428571428571	endpoint
ENOG410ZGNB	0.0	0.439789923825366	0.5313159364313634	1.3486993512381302	0.33906867108137073	0.32041903074373673	0.6609313289186293	0.6795809692562633	0.7142857142857143	baseline
ENOG410ZGR7	0.0	0.8708752280994096	1.1572502658402255	1.6963585182260519	0.7535143771704217	0.9013120725682311	0.7535143771704217	0.9013120725682311	0.7142857142857143	endpoint
ENOG410ZGRA	0.0	0.3900366623713352	0.9574785506462415	1.4550983518631857	0.3910231280481362	0.28935537807342493	0.6089768719518638	0.7106446219265751	0.7142857142857143	baseline
ENOG410ZGSC	0.0	0.02239931102649357	0.2733144818757244	1.3291552559852435	0.5277659319834589	0.4304334461324065	0.5277659319834589	0.5695665538675935	0.5714285714285714	baseline
ENOG410ZGTQ	0.0	0.18936219609698085	0.3073934379364101	1.653958717655018	0.5342895320673862	0.5764358613182256	0.5342895320673862	0.5764358613182256	0.7142857142857143	endpoint
ENOG410ZGVC	0.0	0.11594795817067165	0.26817692246235564	1.4409718292665232	0.45773805368190346	0.4261042926944024	0.5422619463180965	0.5738957073055976	0.5714285714285714	baseline
ENOG410ZH12	0.0	0.6369499454694412	0.6406611907208993	1.3733958906834385	0.6940840557271961	0.6808335358848098	0.6940840557271961	0.6808335358848098	0.7142857142857143	endpoint
ENOG410ZH1H	0.0	0.9134003610742008	1.2253890973387997	1.7180101094665032	0.2617135278107202	0.2270882516469823	0.7382864721892798	0.7729117483530177	0.8571428571428571	baseline
ENOG410ZH41	0.0	0.4645769838802072	1.0333058833502011	1.3759476818232088	0.6478231457478326	0.7893144899187727	0.6478231457478326	0.7893144899187727	0.5714285714285714	endpoint
ENOG410ZH7W	0.0	0.7867901838949238	1.156625617334924	1.5070073278594405	0.7336000754818868	0.7835904625807718	0.7336000754818868	0.7835904625807718	0.8571428571428571	endpoint
ENOG410ZHCN	0.0	0.35871167798422327	0.239867838511292	1.1681786071298754	0.6322435509183569	0.546753283006335	0.6322435509183569	0.546753283006335	0.7142857142857143	endpoint
ENOG410ZHID	0.0	0.6345874662429266	0.6630895662883961	1.3015003518824424	0.29666860411174734	0.2920102728433448	0.7033313958882527	0.7079897271566552	1.0	baseline
ENOG410ZHKD	0.0	0.16860659030219924	0.16414837366747767	1.2852534443592958	0.5489370564437509	0.5818735132195024	0.5489370564437509	0.5818735132195024	0.5714285714285714	endpoint
ENOG410ZHQ3	0.0	1.1975698211931332	1.2632653192605066	1.491542254531765	0.8634307116006928	0.9048036297472883	0.8634307116006928	0.9048036297472883	1.0	endpoint
ENOG410ZHQ7	0.0	1.001713471307432	1.1470818910456495	1.547422944006233	0.18598845833763517	0.09137450103530755	0.8140115416623648	0.9086254989646925	1.0	baseline
ENOG410ZHQG	0.0	0.07702831919883822	0.5381804506101387	1.7704913617548046	0.4914812616333985	0.3368104892853435	0.5085187383666014	0.6631895107146565	0.5714285714285714	baseline
ENOG410ZHQR	0.0	0.2966437104003407	0.04512452645282305	1.3791971634043396	0.3848460428721684	0.4631303324318576	0.6151539571278316	0.5368696675681424	0.5714285714285714	baseline
ENOG410ZHR8	0.0	0.4161486657027824	0.23047669207145727	1.5660581399991156	0.37846144347432337	0.4323624197243625	0.6215385565256766	0.5676375802756375	0.7142857142857143	baseline
ENOG410ZHSA	0.0	0.2862220006392427	0.6616174560186275	0.993618202760091	0.4024508420212359	0.3236479651133503	0.5975491579787642	0.6763520348866496	0.7142857142857143	baseline
ENOG410ZHSB	0.0	0.7567494698912336	0.9856000829326806	1.1753342830235496	0.28974093897464975	0.30493931647785044	0.7102590610253503	0.6950606835221496	0.8571428571428571	baseline
ENOG410ZHVH	0.0	0.651623108647671	0.34115998789153074	1.3418695873576285	0.7273403087633871	0.62121582457108	0.7273403087633871	0.62121582457108	0.8571428571428571	endpoint
ENOG410ZHW9	0.0	0.43225249062393684	0.4568120119003105	1.2635535714418438	0.3448298345458395	0.36685536334824803	0.6551701654541605	0.6331446366517519	0.5714285714285714	baseline
ENOG410ZI0N	0.0	0.20661901886452658	0.04402383857463601	1.1943052031817254	0.44404628106282623	0.48603479663964344	0.5559537189371737	0.5139652033603566	0.7142857142857143	baseline
ENOG410ZI19	0.0	1.0555168481624528	1.2326749620215842	1.4844362036347432	0.8227562903143181	0.9383194998040123	0.8227562903143181	0.9383194998040123	0.8571428571428571	endpoint
ENOG410ZI1R	0.0	0.5037623133128731	0.5439840702774627	1.4809378122267738	0.31606987822641724	0.3576934781916433	0.6839301217735827	0.6423065218083567	0.7142857142857143	baseline
ENOG410ZI1U	0.0	0.45322394711629715	0.5645960023655083	1.2713497317762539	0.6160132192341932	0.6632592884597123	0.6160132192341932	0.6632592884597123	0.8571428571428571	endpoint
ENOG410ZI3Q	0.0	0.5754500309110941	0.8876223700383237	1.3782714513300025	0.32402539447993667	0.32007012291000936	0.6759746055200633	0.6799298770899906	0.8571428571428571	baseline
ENOG410ZI7G	0.0	0.07543852663302557	0.02599416290535291	1.4079775307458586	0.46614586663862073	0.5111918029110826	0.5338541333613793	0.5111918029110826	0.5714285714285714	baseline
ENOG410ZI89	0.0	0.13146131546240156	0.18660860970661203	1.2402643887899678	0.5609154063022589	0.43964439198695726	0.5609154063022589	0.5603556080130427	0.5714285714285714	endpoint
ENOG410ZIA8	0.14285714285714285	0.1557675959322224	0.3385416244154637	2.2217803935913945	0.5316934710509983	0.4340503976818964	0.5316934710509983	0.5659496023181037	0.5714285714285714	endpoint
ENOG410ZIAB	0.0	0.27878997994163396	0.5048606376871929	1.1565881103077964	0.40578375802878547	0.39516835354022667	0.5942162419712145	0.6048316464597734	0.5714285714285714	baseline
ENOG410ZIAQ	0.0	0.09042135140765997	0.1859596375417165	1.4077953214254788	0.4276444152482665	0.565818370352422	0.5723555847517334	0.565818370352422	0.5714285714285714	baseline
ENOG410ZICD	0.0	1.0008778790201305	1.039206999170339	1.7033402261408284	0.22087897952144478	0.22895216768100946	0.7791210204785552	0.7710478323189905	1.0	baseline
ENOG410ZIF1	0.0	0.1173618589244113	0.04339472206550227	1.164866549690839	0.45009675057771004	0.4956744807125279	0.54990324942229	0.504325519287472	0.5714285714285714	baseline
ENOG410ZIFY	0.0	0.7378792416207826	0.9786301719369257	1.3793706270469692	0.3175529632537978	0.23788888174351194	0.6824470367462022	0.762111118256488	0.7142857142857143	baseline
ENOG410ZIG5	0.0	0.8411972159845805	0.8694257468829083	1.4098062717143878	0.23298305768141678	0.23943021119599092	0.7670169423185832	0.760569788804009	1.0	baseline
ENOG410ZIJN	0.0	0.2136602534541639	0.3578636478390462	1.2060968629042	0.5503144612132286	0.5968559603390795	0.5503144612132286	0.5968559603390795	0.5714285714285714	endpoint
ENOG410ZIMQ	0.0	1.0516760148223758	1.1963517570839657	1.6735858862019863	0.22088690213822432	0.12194386880862804	0.7791130978617757	0.8780561311913719	0.8571428571428571	baseline
ENOG410ZIMZ	0.0	0.7922922448475872	0.9905845823370524	1.3564791066016755	0.23927797415267651	0.17455008970949254	0.7607220258473235	0.8254499102905075	0.8571428571428571	baseline
ENOG410ZIN8	0.0	0.309492221056868	0.11291362779392924	1.1477676582890737	0.413688279837462	0.4536502951688403	0.5863117201625381	0.5463497048311596	0.7142857142857143	baseline
ENOG410ZINF	0.0	0.2467549160548573	0.5183192008994278	1.3005931157152628	0.43966863370677806	0.3093740468310401	0.5603313662932219	0.6906259531689599	0.7142857142857143	baseline
ENOG410ZINS	0.0	0.3208361812130328	0.28432836300185776	1.3134937421008628	0.6166730019279888	0.6318135615205525	0.6166730019279888	0.6318135615205525	0.5714285714285714	endpoint
ENOG410ZIQ4	0.0	0.4728238381546624	0.5995915102254521	1.4838297685554587	0.6336030001276206	0.676732239092921	0.6336030001276206	0.676732239092921	0.7142857142857143	endpoint
ENOG410ZIQS	0.0	0.6842488617552075	0.7745476448457941	1.4641413802759755	0.27450831665323494	0.26557438837165215	0.7254916833467651	0.7344256116283479	0.7142857142857143	baseline
ENOG410ZIT2	0.0	0.005788869500620123	0.25710413005773836	1.2697869373766535	0.523529057079519	0.43676823656602304	0.523529057079519	0.563231763433977	0.5714285714285714	baseline
ENOG410ZIUZ	0.0	0.3866222191438104	0.0460152063407709	1.3609358038459183	0.6377207616066827	0.5028641244580555	0.6377207616066827	0.5028641244580555	0.5714285714285714	endpoint
ENOG410ZJ1R	0.0	0.006161972261502335	0.04474434107215251	1.2616249903931405	0.5151491055703302	0.4588207480991366	0.5151491055703302	0.5411792519008634	0.5714285714285714	endpoint
ENOG410ZJ35	0.0	0.05728936753383546	0.01970350428629468	1.102531190740301	0.5075279861317794	0.5061874722820553	0.5075279861317794	0.5061874722820553	0.5714285714285714	baseline
ENOG410ZJ5G	0.0	0.2111755430198957	0.3087907178968159	1.476977170271169	0.5261452511452379	0.5672935198533946	0.5261452511452379	0.5672935198533946	0.5714285714285714	endpoint
ENOG410ZJ65	0.0	0.0061324093605329266	0.19329359324784448	1.5522693963794034	0.5135936150244981	0.5372713280368483	0.5135936150244981	0.5372713280368483	0.5714285714285714	endpoint
ENOG410ZJ6A	0.0	0.7469628932838842	1.2113020773343475	1.3430519721635263	0.7471945825261973	0.8953757556491965	0.7471945825261973	0.8953757556491965	0.7142857142857143	endpoint
ENOG410ZJ6R	0.0	0.3601602879603646	1.0196854560688395	1.3194009054698965	0.4071594755321586	0.3013560930509377	0.5928405244678414	0.6986439069490623	0.5714285714285714	baseline
ENOG410ZJ6Y	0.0	1.2272003792873674	1.1685106254742799	1.653601743394311	0.8546636150787019	0.847119021915739	0.8546636150787019	0.847119021915739	1.0	endpoint
ENOG410ZJ88	0.0	0.6240936797963494	1.0372289157950205	1.804212625294027	0.3535151877904168	0.21727713516996325	0.6464848122095832	0.7827228648300367	0.7142857142857143	baseline
ENOG410ZJ9F	0.0	0.18982693992194113	0.06963193957442712	1.2796392400836147	0.45241430375464764	0.45906217415005207	0.5475856962453524	0.540937825849948	0.5714285714285714	baseline
ENOG410ZJ9Y	0.0	0.17707268102046497	0.20088081267560565	1.3034042245856374	0.4284440756369498	0.41338843209979986	0.5715559243630501	0.5866115679002002	0.7142857142857143	baseline
ENOG410ZJAS	0.0	0.08744763766550089	0.19720607254663078	1.747732583698744	0.4403323364762027	0.40323313368944563	0.5596676635237974	0.5967668663105543	0.5714285714285714	baseline
ENOG410ZJC4	0.0	0.45997927046673376	0.4286898237871363	1.2838467853152988	0.6568732008643116	0.6813258458986502	0.6568732008643116	0.6813258458986502	0.5714285714285714	endpoint
ENOG410ZJCP	0.0	0.8294619893062418	0.9416868908866344	1.306273862192017	0.7597035323673423	0.7650505801748403	0.7597035323673423	0.7650505801748403	1.0	endpoint
ENOG410ZJDC	0.0	0.15508572657613165	0.1897712695001904	1.3003591670055463	0.44866809315030165	0.43911939979100667	0.5513319068496983	0.5608806002089933	0.5714285714285714	baseline
ENOG410ZJH1	0.0	0.185696185900228	0.6957139425025893	1.3353942718287448	0.5513044761291906	0.7097260631273032	0.5513044761291906	0.7097260631273032	0.7142857142857143	endpoint
ENOG410ZJHZ	0.0	0.6350293251488031	0.6898609586938217	1.3389814872756423	0.6859640711038585	0.7099491925653255	0.6859640711038585	0.7099491925653255	0.8571428571428571	endpoint
ENOG410ZJJS	0.0	0.5816035950917925	0.7876341874663546	1.4575287195340734	0.6675579925782872	0.6469913074584155	0.6675579925782872	0.6469913074584155	0.8571428571428571	endpoint
ENOG410ZJK0	0.0	0.3629658531630985	0.17708382969526063	1.3333800759184666	0.6270032377723543	0.5689151332117837	0.6270032377723543	0.5689151332117837	0.7142857142857143	endpoint
ENOG410ZJK4	0.0	0.26253272592293914	0.449859037818587	1.1331342916692675	0.5892790437060833	0.5452961439092522	0.5892790437060833	0.5452961439092522	0.5714285714285714	endpoint
ENOG410ZJKU	0.0	0.21373354762871993	0.7253338783586606	1.2976851365013837	0.44983882000484565	0.3140008752324707	0.5501611799951543	0.6859991247675292	0.5714285714285714	baseline
ENOG410ZJM7	0.0	0.6191765216351476	1.235661995580687	1.7232056416662647	0.6507351404247312	0.7566679238008377	0.6507351404247312	0.7566679238008377	0.7142857142857143	endpoint
ENOG410ZJMC	0.0	0.020333977289731218	0.027823197018482845	1.3382441097706694	0.5034918545426988	0.5198565007753609	0.5034918545426988	0.5198565007753609	0.5714285714285714	endpoint
ENOG410ZJMP	0.0	0.5161877848319526	0.6568015899824908	1.4205236293254495	0.6694153576737714	0.6963694794308943	0.6694153576737714	0.6963694794308943	0.7142857142857143	endpoint
ENOG410ZJMR	0.0	0.10828194555369867	0.14217818882226305	0.7549989749650595	0.47001874328897036	0.4221213397988334	0.5299812567110296	0.5778786602011666	0.5714285714285714	baseline
ENOG410ZJMV	0.0	0.20600332408210922	0.15113707030392817	1.094717365769023	0.5630803187994115	0.47562843796752546	0.5630803187994115	0.5243715620324745	0.5714285714285714	endpoint
ENOG410ZJN8	0.0	0.31329822722455875	0.2866399208234221	1.1591230796824943	0.38980699304661376	0.4251407602458845	0.6101930069533863	0.5748592397541155	0.7142857142857143	baseline
ENOG410ZJNA	0.0	0.4442803191557581	0.5405284858760685	1.4660428598654682	0.34963821113595234	0.38089473659941564	0.6503617888640476	0.6191052634005844	0.5714285714285714	baseline
ENOG410ZJP4	0.0	0.505440378687698	0.7945331564349164	1.2392846696085889	0.6454700434314554	0.7055260991900822	0.6454700434314554	0.7055260991900822	0.7142857142857143	endpoint
ENOG410ZJPA	0.0	0.17481183536035608	0.28061028162881074	1.477821062566271	0.4387095943700429	0.42919125154362825	0.561290405629957	0.5708087484563718	0.5714285714285714	baseline
ENOG410ZJPZ	0.14285714285714285	1.4071609562409222	1.4463283849250876	2.1808783737126802	0.9067874624511377	0.9429418897092314	0.9067874624511377	0.9429418897092314	1.0	endpoint
ENOG410ZJQ0	0.0	0.4939169647587653	0.804689977474607	1.3547669549940262	0.6229326834079343	0.7116973617795749	0.6229326834079343	0.7116973617795749	0.8571428571428571	endpoint
ENOG410ZJQ8	0.0	0.565132745605591	1.0267007406530244	1.370072895381518	0.3223464550321108	0.30019157650491285	0.6776535449678892	0.6998084234950872	0.7142857142857143	baseline
ENOG410ZJQZ	0.0	1.3230253633669846	1.3833602750076575	1.5923293562631895	0.11779605912739013	0.15245695438071008	0.8822039408726099	0.84754304561929	1.0	baseline
ENOG410ZJR9	0.0	1.2171283569902496	1.2738399756341372	1.5164190559420845	0.8683045227864191	0.9124904637092717	0.8683045227864191	0.9124904637092717	1.0	endpoint
ENOG410ZJRR	0.0	0.8030398452126686	1.0996483496609368	1.5087353011103037	0.7623382640032262	0.9180443118265104	0.7623382640032262	0.9180443118265104	0.8571428571428571	endpoint
ENOG410ZJU9	0.0	0.5178933296358615	0.7464983509428289	1.4175653709197809	0.6335201333858093	0.6875785133652841	0.6335201333858093	0.6875785133652841	0.7142857142857143	endpoint
ENOG410ZJV1	0.0	0.46087682719174083	0.6024243007468348	1.0371848855137356	0.36386465044336275	0.37062021392228994	0.6361353495566373	0.6293797860777101	0.7142857142857143	baseline
ENOG410ZJVD	0.0	0.4728298286705564	0.7976981397188793	1.2941970366009947	0.6256014178121527	0.7220985858973669	0.6256014178121527	0.7220985858973669	0.7142857142857143	endpoint
ENOG410ZJWK	0.0	1.3721938772066427	1.3767518920066806	1.6425502520717699	0.9007812035661484	0.9434909162875885	0.9007812035661484	0.9434909162875885	1.0	endpoint
ENOG410ZJXJ	0.0	0.291095594634554	0.9817789558725847	1.5888372401046902	0.5908425315676323	0.8763764208183362	0.5908425315676323	0.8763764208183362	0.5714285714285714	endpoint
ENOG410ZJY7	0.0	0.595079497281613	0.735434575725181	1.3014221368994898	0.3052477863752609	0.3005712028809299	0.694752213624739	0.69942879711907	0.8571428571428571	baseline
ENOG410ZJYB	0.0	0.8320138468390702	1.1416725997403234	1.4729209851596272	0.7478457262250651	0.7148784713534466	0.7478457262250651	0.7148784713534466	0.8571428571428571	endpoint
ENOG410ZJZS	0.0	0.1601128927150183	0.10844216519670218	0.879253295708598	0.4667217321435403	0.47939518725566516	0.5332782678564597	0.5206048127443348	0.5714285714285714	baseline
ENOG410ZK0W	0.14285714285714285	1.434872387289256	1.258107233933446	2.197230267158271	0.9131375500689718	0.9687053813781674	0.9131375500689718	0.9687053813781674	1.0	endpoint
ENOG410ZK4G	0.0	0.2220863298569995	0.1850569460624242	1.1591448220227754	0.5793884966752536	0.5897339309223906	0.5793884966752536	0.5897339309223906	0.5714285714285714	endpoint
ENOG410ZK57	0.0	0.18770647089221068	0.11137274445798359	1.1667747578777405	0.4091175935618098	0.47693721490252877	0.5908824064381901	0.5230627850974712	0.5714285714285714	baseline
ENOG410ZK5A	0.0	0.14995144018547935	0.001325261449740751	1.8093251952502194	0.5081250550504196	0.5128905728331525	0.5081250550504196	0.5128905728331525	0.5714285714285714	baseline
ENOG410ZK5M	0.0	0.32650505169107374	0.2039855959565701	1.7363153058495053	0.5797852602316578	0.540941335626021	0.5797852602316578	0.540941335626021	0.5714285714285714	endpoint
ENOG410ZK6H	0.0	0.1716386091503619	0.3886518749646159	1.7181031437427392	0.45554235097105394	0.38858199520061537	0.5444576490289461	0.6114180047993847	0.7142857142857143	baseline
ENOG410ZK6J	0.0	0.026989001739043235	0.0949791147113433	1.1385121238761882	0.5125957021393155	0.481545729454159	0.5125957021393155	0.518454270545841	0.5714285714285714	baseline
ENOG410ZK7Z	0.0	0.313059140317192	0.7183789828333036	1.1025380135972163	0.5766576477624243	0.62618681340027	0.5766576477624243	0.62618681340027	0.5714285714285714	endpoint
ENOG410ZK8S	0.0	0.8276101348775503	1.1618521961407857	1.494144918285497	0.7322433245547636	0.827050588786742	0.7322433245547636	0.827050588786742	0.8571428571428571	endpoint
ENOG410ZK9X	0.0	0.7825064159750655	1.0867556679596735	1.4480216391047902	0.7564645528099762	0.8517129986533735	0.7564645528099762	0.8517129986533735	0.8571428571428571	endpoint
ENOG410ZKC2	0.0	0.24434167237566137	0.706680818643606	1.3623993322860315	0.5505821704772024	0.6429634273377713	0.5505821704772024	0.6429634273377713	0.7142857142857143	endpoint
ENOG410ZKDB	0.0	0.21748340572327826	0.4859509606747422	1.5569266816821439	0.589233641544696	0.6377253579079303	0.589233641544696	0.6377253579079303	0.7142857142857143	endpoint
ENOG410ZKE8	0.0	1.0148740800055065	1.1173923872480649	1.5631998301694938	0.7851467421413071	0.815630487823945	0.7851467421413071	0.815630487823945	0.8571428571428571	endpoint
ENOG410ZKEA	0.0	0.8494999281293291	1.273982436221145	1.5182034276179885	0.7393018016061027	0.7909497406742234	0.7393018016061027	0.7909497406742234	0.8571428571428571	endpoint
ENOG410ZKES	0.0	0.8081267345414654	0.9394560504053613	1.2081508704097403	0.2648829031723368	0.3005143615163382	0.7351170968276632	0.6994856384836619	1.0	baseline
ENOG410ZKFF	0.0	0.25171462543600237	0.15581136149594638	1.3812630204276368	0.403030143162106	0.47676906230773614	0.596969856837894	0.5232309376922639	0.7142857142857143	baseline
ENOG410ZKFY	0.0	0.4256669944465629	0.7491471040579374	1.4025907477879036	0.6131601606612218	0.7020919901491657	0.6131601606612218	0.7020919901491657	0.7142857142857143	endpoint
ENOG410ZKG3	0.0	0.21540150770348163	0.20803796166663516	0.9773856763536399	0.5768088245099641	0.5051545586353882	0.5768088245099641	0.5051545586353882	0.5714285714285714	endpoint
ENOG410ZKHE	0.0	0.7993911057134445	1.118843600418061	1.622694828814376	0.7504650806561333	0.8252170487341044	0.7504650806561333	0.8252170487341044	0.8571428571428571	endpoint
ENOG410ZKHX	0.0	0.05476491884091096	0.27247005568099036	1.3622827250960199	0.5047065921712907	0.5158500961683766	0.5047065921712907	0.5158500961683766	0.5714285714285714	endpoint
ENOG410ZKJY	0.14285714285714285	1.2095127599800644	1.244893160303195	2.059107949551252	0.8572213764137825	0.9120476574445733	0.8572213764137825	0.9120476574445733	1.0	endpoint
ENOG410ZKM4	0.0	0.4279538916341329	0.21700414844246227	1.255003048048954	0.6537930730923984	0.5454099265649548	0.6537930730923984	0.5454099265649548	0.5714285714285714	endpoint
ENOG410ZKMW	0.0	0.4257975946233486	0.5972620640124963	1.1231691879719181	0.38379755076709426	0.3566008056306431	0.6162024492329057	0.6433991943693569	0.8571428571428571	baseline
ENOG410ZKNE	0.0	0.31549387654509464	0.0031429591482176156	1.1121682219548066	0.5842704194455378	0.5189816175335938	0.5842704194455378	0.5189816175335938	0.5714285714285714	endpoint
ENOG410ZKQ7	0.0	0.33949463764804916	0.3367260323023614	1.2569087385405833	0.6318218955035478	0.600449867871714	0.6318218955035478	0.600449867871714	0.7142857142857143	endpoint
ENOG410ZKR2	0.0	0.4157624343958451	0.9277441737163394	1.3498769432174287	0.3403850020700709	0.2519149513629148	0.6596149979299291	0.7480850486370851	0.7142857142857143	baseline
ENOG410ZKS3	0.0	0.8169706542048445	1.1478699758972706	1.2940094390732373	0.24362662354530493	0.23313120958771383	0.756373376454695	0.7668687904122862	1.0	baseline
ENOG410ZKW2	0.0	0.6632564937655585	0.7522182349930121	1.301467864090854	0.7051756284838966	0.7522441881595974	0.7051756284838966	0.7522441881595974	0.8571428571428571	endpoint
ENOG410ZKX3	0.0	0.2056549596902761	0.15093969641860955	1.1926700896538172	0.46355065947061525	0.4658690818323735	0.5364493405293848	0.5341309181676265	0.7142857142857143	baseline
ENOG410ZKYZ	0.0	0.18303071684613773	0.38520182266919256	1.3971075220099018	0.46441312610785024	0.40667850448119314	0.5355868738921498	0.5933214955188069	0.5714285714285714	baseline
ENOG410ZM02	0.0	0.15857941378264565	0.1684801742348651	1.2196428870209266	0.5692003076612238	0.5615898802420377	0.5692003076612238	0.5615898802420377	0.7142857142857143	endpoint
ENOG410ZM1E	0.0	1.2508810001050343	1.471695262017882	1.7557474436295113	0.8475909642418928	0.9690725260094692	0.8475909642418928	0.9690725260094692	0.8571428571428571	endpoint
ENOG410ZM3M	0.0	0.9594035493960845	1.1526284021999897	1.4329933279185072	0.7734837224176723	0.7588050005608515	0.7734837224176723	0.7588050005608515	0.8571428571428571	endpoint
ENOG410ZM4J	0.0	0.2511940551227401	0.6307033174331635	1.0652552057436517	0.42236466107110476	0.3337904353020182	0.5776353389288953	0.6662095646979818	0.7142857142857143	baseline
ENOG410ZMBA	0.0	0.17230825625283971	0.2526120225834384	1.4615041054409772	0.42975783107647814	0.42868802015815793	0.5702421689235219	0.571311979841842	0.5714285714285714	baseline
ENOG410ZMF3	0.0	0.5337517869220667	0.6862185332627169	1.3644251645175773	0.35304984792400324	0.3387247000471877	0.6469501520759968	0.6612752999528123	0.8571428571428571	baseline
ENOG410ZMFH	0.0	0.08212033629059375	0.1344378687091747	1.384352267438906	0.5325248240701547	0.44830458108988464	0.5325248240701547	0.5516954189101153	0.5714285714285714	endpoint
ENOG410ZMFR	0.0	0.04417320125153105	0.26427189832319414	1.4331016660369091	0.49354674269846505	0.43863898208651814	0.506453257301535	0.5613610179134818	0.5714285714285714	baseline
ENOG410ZMG7	0.0	0.7126327439824556	1.1426212828117017	1.8978275343195226	0.32750944141420363	0.15558709856297132	0.6724905585857963	0.8444129014370287	0.7142857142857143	baseline
ENOG410ZMHB	0.0	0.6102955254726357	0.8099732563051075	1.5184739760315897	0.6850746965705816	0.7489453338488391	0.6850746965705816	0.7489453338488391	0.7142857142857143	endpoint
ENOG410ZMJ6	0.0	0.3638816260401021	0.5834950352722094	1.1874656137405082	0.41231488608659694	0.29194804819436615	0.5876851139134031	0.7080519518056339	0.7142857142857143	baseline
ENOG410ZMS9	0.0	0.15597860924393056	0.059175013600342906	1.3804131070728398	0.4364996294425761	0.5270285579716174	0.563500370557424	0.5270285579716174	0.5714285714285714	baseline
ENOG410ZMSK	0.0	0.12629749935318293	0.3676995684067618	1.3413285953442267	0.5310730368554021	0.5991554009752685	0.5310730368554021	0.5991554009752685	0.5714285714285714	endpoint
ENOG410ZMVI	0.0	0.4224957341639915	0.19288774612175574	1.5242421915458704	0.37456759624622704	0.40471539021177916	0.625432403753773	0.5952846097882208	0.7142857142857143	baseline
ENOG410ZMWE	0.0	1.0568685042808261	1.0896912432301766	1.4316740714654177	0.20157263586718277	0.23296719825331844	0.7984273641328172	0.7670328017466815	1.0	baseline
ENOG410ZMWT	0.0	0.06110349089719807	0.5228193123076299	1.2755457349914598	0.5064597758019512	0.383834407170067	0.5064597758019512	0.616165592829933	0.5714285714285714	endpoint
ENOG410ZMXZ	0.0	0.45243179754312646	0.17527608545308337	1.6944692490024833	0.6485139291553832	0.5310868561333023	0.6485139291553832	0.5310868561333023	0.7142857142857143	endpoint
ENOG410ZMYB	0.0	0.26022181832013663	0.24283821090880545	1.448639988549495	0.40278123854293874	0.417913486428687	0.5972187614570612	0.582086513571313	0.7142857142857143	baseline
ENOG410ZN2B	0.0	0.8644492773218599	1.275707277852467	1.6181013527580126	0.7795005165555337	0.9191108381442642	0.7795005165555337	0.9191108381442642	0.7142857142857143	endpoint
ENOG410ZN4P	0.0	0.17121616970483008	0.3644625258048225	1.4527840541928292	0.45028707147835423	0.41012116658016573	0.5497129285216458	0.5898788334198343	0.5714285714285714	baseline
ENOG410ZN54	0.0	0.1239184340270436	0.13303635264392658	1.3818336360562475	0.4458708600787297	0.5165881561051288	0.5541291399212702	0.5165881561051288	0.5714285714285714	baseline
ENOG410ZN5Y	0.0	0.1373174545845033	0.41401597927677697	1.2436868181211191	0.5103396032364139	0.6359059824453089	0.5103396032364139	0.6359059824453089	0.7142857142857143	endpoint
ENOG410ZN8Y	0.0	1.122733575448619	1.2068071314054019	1.4586383021133167	0.8514820673360266	0.8541949611879897	0.8514820673360266	0.8541949611879897	1.0	endpoint
ENOG410ZNBK	0.0	0.515728692006486	0.8998370858504945	1.7126529845597993	0.6845507293222965	0.8568823222913315	0.6845507293222965	0.8568823222913315	0.8571428571428571	endpoint
ENOG410ZNCA	0.0	0.3956006312545245	0.6923251508699496	1.3895591585900138	0.5815362490659413	0.6975551336011566	0.5815362490659413	0.6975551336011566	0.7142857142857143	endpoint
ENOG410ZNCQ	0.14285714285714285	0.6086396500384134	0.5882717637783174	2.4539645620713215	0.646585322126156	0.7347624061471479	0.646585322126156	0.7347624061471479	0.7142857142857143	endpoint
ENOG410ZNDB	0.0	0.06488072079770578	0.3028118362078866	1.0486031709987969	0.5050056045895103	0.5911018567853412	0.5050056045895103	0.5911018567853412	0.5714285714285714	endpoint
ENOG410ZNH8	0.0	0.8471706534617225	0.9037834918712355	1.438579512730541	0.7669643906531464	0.8152424019618193	0.7669643906531464	0.8152424019618193	0.8571428571428571	endpoint
ENOG410ZNJB	0.0	0.2149892369444011	0.11597335325876772	1.543479636623748	0.5142511706519437	0.510731317218764	0.5142511706519437	0.510731317218764	0.5714285714285714	endpoint
ENOG410ZNKJ	0.0	0.14674305959026906	0.6907685210313518	1.226941643531355	0.44251710046024534	0.35170682509391366	0.5574828995397547	0.6482931749060863	0.7142857142857143	baseline
ENOG410ZNMA	0.0	0.5387387592376263	0.814591459013628	1.4762847105338843	0.2992832975168637	0.2072993785820701	0.7007167024831362	0.79270062141793	0.5714285714285714	baseline
ENOG410ZNS9	0.0	0.6519742582580087	0.7501483142127415	1.3481872144596254	0.31047414409868707	0.25376181271123543	0.6895258559013129	0.7462381872887646	0.8571428571428571	baseline
ENOG410ZNUM	0.0	0.508641540587611	0.7321297759436415	1.3608487884288891	0.3356657839364989	0.26724813823882965	0.6643342160635011	0.7327518617611704	0.7142857142857143	baseline
ENOG410ZNUV	0.0	0.4646867052214555	0.3164374279652942	1.1739070865965422	0.6402696488408519	0.5795401919985124	0.6402696488408519	0.5795401919985124	0.7142857142857143	endpoint
ENOG410ZNV1	0.0	0.6739087198144912	0.9019289079240722	1.5002913439957972	0.30059939457676393	0.2922439646043013	0.699400605423236	0.7077560353956986	0.8571428571428571	baseline
ENOG410ZNVS	0.14285714285714285	1.2143792943462646	1.4151436340335408	2.0509018241987382	0.8357869767863163	0.9366031080670408	0.8357869767863163	0.9366031080670408	0.8571428571428571	endpoint
ENOG410ZNX6	0.0	0.2881197029022521	0.14241902440301168	1.3763774151557904	0.3821171222730864	0.47989992168312734	0.6178828777269136	0.5201000783168727	0.7142857142857143	baseline
ENOG410ZNXF	0.0	0.8371033624909542	1.2698492863242208	1.4445984074649045	0.24657345108254966	0.23082179660393748	0.7534265489174503	0.7691782033960626	0.8571428571428571	baseline
ENOG410ZNXQ	0.0	0.6256742179757887	0.3393797398483613	1.326713894152068	0.3085245643148792	0.39257597426660934	0.6914754356851208	0.6074240257333907	1.0	baseline
ENOG410ZNXT	0.0	1.1466787152435711	1.2452374545991676	1.503239825132261	0.8350016550333164	0.8351026179774642	0.8350016550333164	0.8351026179774642	1.0	endpoint
ENOG410ZP37	0.0	0.2435552613543733	0.06739824326068797	1.330045642034895	0.4242840605352348	0.48102577633171356	0.5757159394647652	0.5189742236682864	0.8571428571428571	baseline
ENOG410ZP7K	0.0	0.4319470527347926	1.0597740147118655	1.555678132843083	0.6153276509178104	0.7288588515390051	0.6153276509178104	0.7288588515390051	0.7142857142857143	endpoint
ENOG410ZP81	0.0	0.5018481350252452	0.6158038624071654	1.5357089104726092	0.6521199488956598	0.6981983926709642	0.6521199488956598	0.6981983926709642	0.8571428571428571	endpoint
ENOG410ZP8N	0.0	0.12252299848010563	0.016382370165768344	1.5236614577678524	0.44785277142878815	0.4653004917063391	0.5521472285712119	0.534699508293661	0.5714285714285714	baseline
ENOG410ZPA9	0.0	0.23775392594917813	0.4738793837348073	1.1482312166636433	0.5850756569840545	0.6335818143464712	0.5850756569840545	0.6335818143464712	0.7142857142857143	endpoint
ENOG410ZPAJ	0.0	0.31321914817516167	0.07043549478609427	1.698385927613682	0.5669582645988389	0.546642873927942	0.5669582645988389	0.546642873927942	0.5714285714285714	endpoint
ENOG410ZPH1	0.0	0.5564221279739745	0.7308803155747923	1.4296827143230801	0.6426099864181002	0.7629892080333914	0.6426099864181002	0.7629892080333914	0.8571428571428571	endpoint
ENOG410ZPHH	0.0	1.2177433947890532	1.27600878671678	1.5401035666412985	0.8676512799570741	0.8732399034894133	0.8676512799570741	0.8732399034894133	1.0	endpoint
ENOG410ZPI7	0.0	0.9701672473452371	1.2785469261427225	1.4381184705747814	0.20332571987820908	0.1353395746518889	0.796674280121791	0.8646604253481112	0.8571428571428571	baseline
ENOG410ZPJF	0.0	0.5167822800767726	1.1733400986565428	1.4101584691431968	0.6549725116298152	0.8061032287935628	0.6549725116298152	0.8061032287935628	0.7142857142857143	endpoint
ENOG410ZPM6	0.0	0.2358179108936595	0.40510768175239653	1.12331901578135	0.5733885839089101	0.5707377495998549	0.5733885839089101	0.5707377495998549	0.8571428571428571	endpoint
ENOG410ZPNJ	0.0	0.3640592831619058	0.14057522557354418	1.3799118993824198	0.39493466809764816	0.5191758584859864	0.6050653319023518	0.5191758584859864	0.5714285714285714	baseline
ENOG410ZPQX	0.0	0.03640684869341485	0.05943675045652182	1.7203814102456025	0.49645554760724225	0.4505221656322873	0.5035444523927577	0.5494778343677127	0.5714285714285714	baseline
ENOG410ZPQY	0.0	1.219338661703949	1.1599058806551046	1.8419637291631368	0.853266701991501	0.8405990176524855	0.853266701991501	0.8405990176524855	1.0	endpoint
ENOG410ZPTT	0.0	1.2054867044622644	1.078590741619131	1.7371476868702034	0.13667963744883135	0.10069968765536103	0.8633203625511686	0.899300312344639	1.0	baseline
ENOG410ZPV3	0.14285714285714285	0.9563619573786406	1.312710973444361	2.393785743353382	0.26937304516629973	0.15522965399156013	0.7306269548337003	0.8447703460084399	0.8571428571428571	baseline
ENOG410ZPYN	0.0	0.9104422820138757	0.981889816469089	1.8537209012234757	0.2349053799574524	0.16290866954322564	0.7650946200425476	0.8370913304567744	0.8571428571428571	baseline
ENOG410ZQ0F	0.0	0.029849107148932946	0.03297701675735642	1.5732524269786405	0.530115631989446	0.4760949582067499	0.530115631989446	0.52390504179325	0.5714285714285714	endpoint
ENOG410ZQ17	0.0	0.4163462249948087	0.9757154611316391	1.3483096350951949	0.6505867028119268	0.8058359993425148	0.6505867028119268	0.8058359993425148	0.5714285714285714	endpoint
ENOG410ZQ2Q	0.0	0.02077822411780447	0.10977622880882384	1.907234553229032	0.5203792904303947	0.5614327216667392	0.5203792904303947	0.5614327216667392	0.5714285714285714	baseline
ENOG410ZQ3X	0.0	0.6995675269689831	0.9776155086979504	1.3540336824192192	0.28144504971421747	0.13535922537103948	0.7185549502857825	0.8646407746289605	0.8571428571428571	baseline
ENOG410ZQ44	0.0	0.5538208236696808	0.7164089982781103	1.5647160259722594	0.6534107856258462	0.7303591151368436	0.6534107856258462	0.7303591151368436	0.8571428571428571	endpoint
ENOG410ZQ4V	0.0	0.19086436777607885	0.4458959099090779	1.4028221495966844	0.47779981276490685	0.4089531223599195	0.5222001872350932	0.5910468776400806	0.5714285714285714	baseline
ENOG410ZQ51	0.14285714285714285	1.1439131693557485	1.1384490463166956	2.0019224897752985	0.8287125275321989	0.8126200719486293	0.8287125275321989	0.8126200719486293	1.0	endpoint
ENOG410ZQ81	0.0	0.6947978178307563	0.9071501358453448	1.4168262486515601	0.738748178040595	0.7480202006263098	0.738748178040595	0.7480202006263098	0.8571428571428571	endpoint
ENOG410ZQ9H	0.0	0.3399109602924483	0.09899846424591702	1.2791606039180181	0.6124804682397123	0.5049047220335902	0.6124804682397123	0.5049047220335902	0.5714285714285714	endpoint
ENOG410ZQ9R	0.0	0.14653616384408724	0.05622482753155754	1.3684759726016251	0.5502174163622354	0.5000503933675413	0.5502174163622354	0.5000503933675413	0.5714285714285714	endpoint
ENOG410ZQCG	0.0	0.5473449523962703	0.8992826966120977	1.2625610281871313	0.6548289313463994	0.6764526951043199	0.6548289313463994	0.6764526951043199	0.7142857142857143	endpoint
ENOG410ZQDJ	0.0	0.7362549740163	0.9305767065029972	1.2609393322391544	0.7315938283650979	0.6841656719720474	0.7315938283650979	0.6841656719720474	0.8571428571428571	endpoint
ENOG410ZQEH	0.0	0.45311095490249337	0.1347779164403776	1.6253699215966906	0.6522582196483411	0.4937094003707699	0.6522582196483411	0.5062905996292302	0.5714285714285714	endpoint
ENOG410ZQEY	0.0	1.152061455822483	1.224291744295219	1.4406832497587898	0.8449021522994291	0.8963912836846915	0.8449021522994291	0.8963912836846915	1.0	endpoint
ENOG410ZQFA	0.0	0.16855345500187952	0.14177156185094394	1.1059501320731517	0.4487416602707701	0.4685581726510066	0.5512583397292299	0.5314418273489934	0.5714285714285714	baseline
ENOG410ZQJ3	0.0	0.3734490408287819	0.703714544359356	1.5350582866751592	0.6063965205413329	0.7212739950171051	0.6063965205413329	0.7212739950171051	0.7142857142857143	endpoint
ENOG410ZQP3	0.0	0.743681143826857	0.7678574447181961	1.7551184095407468	0.6887224970616446	0.7538638525266524	0.6887224970616446	0.7538638525266524	0.8571428571428571	endpoint
ENOG410ZQPZ	0.0	0.03579896425666614	0.01887125846771737	1.2958358891617756	0.5006448251674136	0.5064527578187901	0.5006448251674136	0.5064527578187901	0.5714285714285714	endpoint
ENOG410ZQTG	0.0	1.0976593832200996	1.2590975995518547	1.4921101639849634	0.8309316306831637	0.861382012194206	0.8309316306831637	0.861382012194206	1.0	endpoint
ENOG410ZQZW	0.0	0.4694064055606182	0.8251396826841716	1.4464376313768461	0.6080555020483184	0.7092909781115788	0.6080555020483184	0.7092909781115788	0.7142857142857143	endpoint
ENOG410ZR0N	0.0	0.6325342156342705	0.9038962124244496	1.3880449180486418	0.6633082523754478	0.7010322323977739	0.6633082523754478	0.7010322323977739	0.8571428571428571	endpoint
ENOG410ZR1Q	0.0	0.41114691707210904	0.43671448951537345	1.8903571602090532	0.5834458973639572	0.6387789757268366	0.5834458973639572	0.6387789757268366	0.7142857142857143	endpoint
ENOG410ZR3I	0.0	0.29943078478174495	0.5922680879055396	1.3875121500010676	0.3886551037029493	0.3427442072009671	0.6113448962970507	0.6572557927990329	0.7142857142857143	baseline
ENOG410ZR3Q	0.0	1.1476691134499142	1.220516221441677	1.6554363894546196	0.8333014489069671	0.7985268023308043	0.8333014489069671	0.7985268023308043	1.0	endpoint
ENOG410ZR5A	0.0	0.0029534022988737213	0.14430686235449103	1.3819683370522244	0.5149010150136599	0.4794585830946052	0.5149010150136599	0.5205414169053948	0.5714285714285714	baseline
ENOG410ZR5K	0.0	0.10684872719507697	0.2471577694548374	1.376275040930362	0.5481141675089478	0.4295934100875676	0.5481141675089478	0.5704065899124324	0.5714285714285714	endpoint
ENOG410ZR5Z	0.0	0.9083531364597192	1.2063405896113713	1.3129640062926664	0.7726956557621031	0.8170876779336274	0.7726956557621031	0.8170876779336274	1.0	endpoint
ENOG410ZR6H	0.0	0.7846603549490885	0.9477963919060278	1.3140753989853518	0.24501656583135328	0.18989660931346594	0.7549834341686468	0.810103390686534	1.0	baseline
ENOG410ZR6W	0.0	0.0719688021391868	0.007305203695223448	1.4694551650316678	0.48251131815684106	0.5147967310292342	0.517488681843159	0.5147967310292342	0.5714285714285714	endpoint
ENOG410ZR7H	0.0	0.27669654427846097	0.26255077125825377	1.2679925072735032	0.580552832993452	0.5166458336855575	0.580552832993452	0.5166458336855575	0.7142857142857143	endpoint
ENOG410ZR84	0.0	0.7342852206545565	1.1483046935675287	1.5048109330071542	0.24117343589634074	0.19060857454846764	0.7588265641036592	0.8093914254515324	0.8571428571428571	baseline
ENOG410ZRB7	0.0	0.39633608263554365	0.41681692547992677	1.3044111865949435	0.6353500113662806	0.6116191608616596	0.6353500113662806	0.6116191608616596	0.7142857142857143	endpoint
ENOG410ZRD3	0.0	1.2494565521123417	1.358889770692376	1.7413806153356854	0.8628672896210651	0.9196103677732197	0.8628672896210651	0.9196103677732197	1.0	endpoint
ENOG410ZRE2	0.0	0.34386862847684113	0.26559363037110806	1.3061637844389522	0.37578435704765906	0.43442821521254404	0.6242156429523409	0.565571784787456	0.7142857142857143	baseline
ENOG410ZRET	0.0	7.659714375563009e-05	0.2807906530288799	1.3564848447486586	0.48729613509072806	0.4291265590852823	0.5127038649092719	0.5708734409147177	0.7142857142857143	baseline
ENOG410ZRG1	0.0	0.22391833675985315	0.6463099687993129	1.3899185024233056	0.564048448661013	0.5819168018223462	0.564048448661013	0.5819168018223462	0.7142857142857143	endpoint
ENOG410ZRJG	0.0	0.07784285026538829	0.1858087327635853	1.1675471609549868	0.5292233921742299	0.43977716919987864	0.5292233921742299	0.5602228308001214	0.5714285714285714	endpoint
ENOG410ZRM0	0.0	0.6327602275785207	0.6018328358102425	1.3442078012848286	0.29901184702826605	0.37249820168107023	0.7009881529717339	0.6275017983189297	0.8571428571428571	baseline
ENOG410ZRQY	0.0	0.9616253863427747	1.3007688271436029	1.5213472937397712	0.777082693884447	0.8661758402288137	0.777082693884447	0.8661758402288137	0.8571428571428571	endpoint
ENOG410ZRT2	0.0	0.8470431909209566	1.1392278180455615	1.939570809928847	0.7212364210146343	0.7925839034594878	0.7212364210146343	0.7925839034594878	0.8571428571428571	endpoint
ENOG410ZRT8	0.0	0.322974637700517	0.6694824550142445	1.423064062238399	0.57485405354599	0.6697061773865135	0.57485405354599	0.6697061773865135	0.5714285714285714	endpoint
ENOG410ZRYP	0.0	0.4806814187265109	0.4745293813275196	1.4367287269623825	0.35021414133079315	0.34176750134195755	0.6497858586692069	0.6582324986580425	0.5714285714285714	baseline
ENOG410ZRZQ	0.0	0.5252506290588606	0.8327831821873786	1.4673731303548636	0.6964293184476087	0.7567747932473187	0.6964293184476087	0.7567747932473187	0.5714285714285714	endpoint
ENOG410ZS3T	0.0	0.7571673701389318	0.7818646583387144	1.4417116452938747	0.7448540110471004	0.8102611759945479	0.7448540110471004	0.8102611759945479	0.8571428571428571	endpoint
ENOG410ZS3Y	0.0	0.819901443315447	1.1840375633202826	1.5732434410575415	0.7710595715311984	0.879778444434747	0.7710595715311984	0.879778444434747	0.8571428571428571	endpoint
ENOG410ZS6C	0.0	0.5309862972416682	0.6165776372521431	1.4664472617083266	0.665481397721579	0.6485272715525958	0.665481397721579	0.6485272715525958	0.7142857142857143	endpoint
ENOG410ZS7B	0.0	0.04261439695772854	0.32199955391282314	0.8301778953002392	0.4817234221915411	0.4379176014538876	0.5182765778084589	0.5620823985461124	0.5714285714285714	baseline
ENOG410ZS81	0.0	0.1449078996778301	0.1755510293063339	1.2482943829971171	0.5361400006264274	0.5232012689042973	0.5361400006264274	0.5232012689042973	0.7142857142857143	endpoint
ENOG410ZS87	0.0	0.7002880393693145	1.1672203731590478	1.5048333228331072	0.331993531384459	0.2768657320390311	0.668006468615541	0.7231342679609689	0.7142857142857143	baseline
ENOG410ZSAC	0.0	0.7718270874873968	0.7739554384245676	1.3619576598187995	0.7260538216725134	0.732355123692271	0.7260538216725134	0.732355123692271	1.0	endpoint
ENOG410ZSAE	0.0	0.7302540656305219	1.0321847260596293	1.769363362020885	0.27609002240422836	0.11672580274755368	0.7239099775957716	0.8832741972524463	0.7142857142857143	baseline
ENOG410ZSDZ	0.0	0.1299870881311363	0.019857174748343403	1.1439366417461738	0.4469752391872768	0.47119759796476784	0.5530247608127232	0.5288024020352322	0.5714285714285714	baseline
ENOG410ZSE7	0.0	0.25688592448394065	0.17403087025886332	1.5440698349155222	0.4434018944476711	0.4596663100281719	0.5565981055523289	0.5403336899718281	0.7142857142857143	baseline
ENOG410ZSED	0.0	0.05097252525419081	0.08743279272266538	1.0723935074390094	0.5281648489320415	0.5530328779453458	0.5281648489320415	0.5530328779453458	0.5714285714285714	endpoint
ENOG410ZSEH	0.0	0.391129475106713	0.6318593909272683	1.4777824114670977	0.3681547432198905	0.3110575006704101	0.6318452567801095	0.6889424993295898	0.7142857142857143	baseline
ENOG410ZSFZ	0.0	0.6541591443940256	0.8560720591983635	1.3789599253330782	0.6972905214309991	0.6664956804851297	0.6972905214309991	0.6664956804851297	0.7142857142857143	endpoint
ENOG410ZSQZ	0.0	0.11691343685792811	0.18019049644905985	1.4741882545059737	0.5477163333687092	0.5553195467971812	0.5477163333687092	0.5553195467971812	0.5714285714285714	endpoint
ENOG410ZSR7	0.0	0.6425142548109734	0.8029418908108578	1.3267221401573	0.7169561842911983	0.746531832334751	0.7169561842911983	0.746531832334751	0.8571428571428571	endpoint
ENOG410ZSSQ	0.0	0.7535344039443267	0.7795765373137664	1.8282859574790675	0.6954299203730491	0.7491917008285541	0.6954299203730491	0.7491917008285541	0.8571428571428571	endpoint
ENOG410ZSSS	0.0	0.06110429856088314	0.32574072616910177	1.620165842309139	0.5172145108517137	0.6163008018328691	0.5172145108517137	0.6163008018328691	0.5714285714285714	endpoint
ENOG410ZSUS	0.0	0.8519650124015812	0.6849394349195795	1.7907632706198058	0.7402269194592247	0.7133773848435485	0.7402269194592247	0.7133773848435485	0.8571428571428571	endpoint
ENOG410ZSYZ	0.0	0.11284500333175686	0.27230707393972775	1.1394288357347289	0.4384097842583009	0.5769210248100662	0.5615902157416991	0.5769210248100662	0.5714285714285714	baseline
ENOG410ZT0A	0.0	0.3117339056762516	0.381279709285495	1.3408883562197609	0.5639269998793416	0.634004331988085	0.5639269998793416	0.634004331988085	0.7142857142857143	endpoint
ENOG410ZT1Z	0.0	0.041859672370475734	0.2916392904695089	1.0492967210161495	0.5145599153897696	0.4053667626344219	0.5145599153897696	0.594633237365578	0.5714285714285714	baseline
ENOG410ZT2K	0.0	0.5929336586391012	0.6428502702869263	1.6750075830458344	0.6381495271734013	0.7319801071418023	0.6381495271734013	0.7319801071418023	0.8571428571428571	endpoint
ENOG410ZT2S	0.0	0.15256061234717197	0.5835387961620486	1.8250356950773015	0.60500443580698	0.6984761613728873	0.60500443580698	0.6984761613728873	0.5714285714285714	endpoint
ENOG410ZT3S	0.0	0.21077374622900555	0.5064179140685586	1.5732198025091026	0.5447863324179708	0.6059015145112161	0.5447863324179708	0.6059015145112161	0.7142857142857143	endpoint
ENOG410ZT4I	0.0	0.3075412062707771	0.7991536477904672	1.5594748852624902	0.5476258616271521	0.700020697309685	0.5476258616271521	0.700020697309685	0.5714285714285714	endpoint
ENOG410ZT6D	0.0	0.6524896650022034	0.8316896914694569	1.6030281244952795	0.6946660603721494	0.7937265027724684	0.6946660603721494	0.7937265027724684	0.8571428571428571	endpoint
ENOG410ZT7X	0.0	0.08808853015162539	0.45211024806648836	0.7650734704244696	0.4978678641317592	0.3763735622887191	0.5021321358682408	0.6236264377112809	0.5714285714285714	baseline
ENOG410ZT8D	0.0	0.2942849163387378	0.5495542938657768	1.2202183625427234	0.5794383470013145	0.5618452623140653	0.5794383470013145	0.5618452623140653	0.7142857142857143	endpoint
ENOG410ZT8Q	0.0	0.2524557428523413	0.16438548525654348	1.0934712845100059	0.5366579852894232	0.4668208844208657	0.5366579852894232	0.5331791155791343	0.5714285714285714	endpoint
ENOG410ZT94	0.0	0.8336187159034144	1.0958247153328846	1.462574612146475	0.23837785197295078	0.26455451328321955	0.7616221480270492	0.7354454867167804	0.8571428571428571	baseline
ENOG410ZT9V	0.0	0.9921635429466057	1.1428510162578307	1.4925223697038594	0.8149698707117202	0.9498092781471921	0.8149698707117202	0.9498092781471921	0.8571428571428571	endpoint
ENOG410ZTD8	0.0	0.10720217518329303	0.028705028702172567	1.6731645328922777	0.5177630137058619	0.5216181099250794	0.5177630137058619	0.5216181099250794	0.5714285714285714	endpoint
ENOG410ZTDK	0.0	0.9593271849468453	1.0635337954617272	1.619998098983304	0.7926267335448494	0.8919176401599924	0.7926267335448494	0.8919176401599924	0.8571428571428571	endpoint
ENOG410ZTFV	0.0	0.3132308323418914	0.236308362043278	1.336748681411299	0.40891926348154806	0.457950480673658	0.5910807365184519	0.5420495193263419	0.7142857142857143	baseline
ENOG410ZTGR	0.0	0.4045089132383043	0.053029195986598436	1.748371439472582	0.378559943020055	0.46164714664461876	0.621440056979945	0.5383528533553812	0.7142857142857143	baseline
ENOG410ZTH0	0.0	0.456159748722034	0.19475722645629326	1.7257792167540846	0.6602654732575364	0.5377737170774336	0.6602654732575364	0.5377737170774336	0.5714285714285714	endpoint
ENOG410ZTHG	0.0	0.2811045126649913	0.017468968388294603	1.7543717985573084	0.5867171106938306	0.5171829854927324	0.5867171106938306	0.5171829854927324	0.5714285714285714	endpoint
ENOG410ZTIN	0.0	0.7209720170121248	0.898765419055659	1.4972018665194557	0.699242906566288	0.7794230581845842	0.699242906566288	0.7794230581845842	0.8571428571428571	endpoint
ENOG410ZTJW	0.0	0.3935504178425276	0.4061867227242972	1.2671461484433895	0.6113726052743245	0.5380466684360601	0.6113726052743245	0.5380466684360601	0.5714285714285714	endpoint
ENOG410ZTN9	0.0	0.19340649767316132	0.27360146395938967	1.4262081537238114	0.44901110920513754	0.4252038348081842	0.5509888907948625	0.5747961651918159	0.7142857142857143	baseline
ENOG410ZTQ8	0.0	0.9919331995805961	1.0834734141519562	1.3782685903846457	0.21271607965668443	0.21317262197393433	0.7872839203433155	0.7868273780260657	1.0	baseline
ENOG410ZTS5	0.0	0.7604915852731754	0.7662537482471818	1.4037677139419575	0.7202666784836694	0.7394756145101802	0.7202666784836694	0.7394756145101802	0.8571428571428571	endpoint
ENOG410ZTSQ	0.0	0.381060000931709	0.5878169084162125	1.024086052988979	0.39861550278736824	0.34561152125164174	0.6013844972126318	0.6543884787483583	0.5714285714285714	baseline
ENOG410ZTTH	0.0	1.2396100841825284	1.4692841237628949	1.8382910918493776	0.8672899506890038	0.9429501566322303	0.8672899506890038	0.9429501566322303	1.0	endpoint
ENOG410ZTY6	0.0	0.5255226147062777	0.48247133230306916	1.194833181031241	0.3361387046272301	0.33878178568119977	0.6638612953727698	0.6612182143188002	0.7142857142857143	baseline
ENOG410ZTYU	0.0	0.49026263660654573	0.2651537235081879	1.425270263817852	0.3469656756369557	0.42140970061218336	0.6530343243630443	0.5785902993878167	0.7142857142857143	baseline
ENOG410ZU2X	0.0	0.37611557035361903	0.5772878100343594	1.4191802609217696	0.3861413272018304	0.3031362568518538	0.6138586727981696	0.6968637431481461	0.7142857142857143	baseline
ENOG410ZU50	0.0	0.2801697802974812	0.4648885780461802	1.1673606165678125	0.6062333152733944	0.6822302297425724	0.6062333152733944	0.6822302297425724	0.7142857142857143	endpoint
ENOG410ZU5G	0.0	0.8402326005924164	1.271191747070097	1.4152644080199044	0.7464858347579063	0.8341981552214943	0.7464858347579063	0.8341981552214943	0.8571428571428571	endpoint
ENOG410ZU8E	0.0	0.6359590319952141	0.6642791854812332	1.3635009229005413	0.2930010410639219	0.3578994996046774	0.7069989589360781	0.6421005003953226	0.8571428571428571	baseline
ENOG410ZU9D	0.0	0.01474554344434861	0.2693211069142727	1.5135742909902015	0.5197568768678892	0.5633676132457938	0.5197568768678892	0.5633676132457938	0.5714285714285714	baseline
ENOG410ZU9X	0.0	0.25448139948894866	0.3627339218287444	1.3044785717385614	0.38319368495099887	0.396843566427816	0.6168063150490011	0.603156433572184	0.5714285714285714	baseline
ENOG410ZUAG	0.0	0.20410341033338758	0.28778250135528677	1.0126166682496245	0.5609138646996675	0.5183919169789	0.5609138646996675	0.5183919169789	0.7142857142857143	endpoint
ENOG410ZUAJ	0.0	0.23398363010667844	0.44795709066327594	1.3294861550068666	0.43708719299760185	0.3517571505632498	0.5629128070023981	0.6482428494367503	0.5714285714285714	baseline
ENOG410ZUBG	0.0	0.08893764172230989	0.03671251487618169	1.32572815417607	0.47330019339306145	0.4645267015383134	0.5266998066069386	0.5354732984616866	0.5714285714285714	baseline
ENOG410ZUD8	0.0	0.26897422621418204	0.18649481292725759	1.1117512949672845	0.4187127819113371	0.4426730961803155	0.5812872180886629	0.5573269038196845	0.7142857142857143	baseline
ENOG410ZUFB	0.0	0.22666760496582353	0.2856216413314246	1.2369030141879163	0.409020723371569	0.44642202662421276	0.590979276628431	0.5535779733757873	0.5714285714285714	baseline
ENOG410ZUG6	0.0	0.26511395070796023	0.31444872672875207	1.208744777757467	0.4412911282867206	0.4209619375185412	0.5587088717132793	0.5790380624814588	0.7142857142857143	baseline
ENOG410ZUGA	0.0	0.6789153238131032	1.044742029053919	1.6274257150891394	0.3035162013813481	0.11231818751756864	0.6964837986186518	0.8876818124824314	0.7142857142857143	baseline
ENOG410ZUGE	0.0	0.442761135826133	1.2314809685320711	1.551019663725215	0.6278694983848975	0.8757918676955629	0.6278694983848975	0.8757918676955629	0.5714285714285714	endpoint
ENOG410ZUI7	0.0	0.469734585510824	0.7435914393966795	1.5882957602803063	0.4173118236570136	0.2156874981728995	0.5826881763429864	0.7843125018271004	0.7142857142857143	baseline
ENOG410ZUK1	0.0	0.3593696190048101	0.5178920833473816	1.8116291378288045	0.5913290904917163	0.6503859550761847	0.5913290904917163	0.6503859550761847	0.7142857142857143	endpoint
ENOG410ZUKH	0.0	0.032347814218416655	0.03853247722961379	1.3082330458691551	0.46159447161570194	0.5056771991749822	0.5384055283842981	0.5056771991749822	0.5714285714285714	baseline
ENOG410ZUN9	0.0	1.00062110605232	1.1375679295586978	1.5324465986092266	0.8142092882300063	0.9057152672311336	0.8142092882300063	0.9057152672311336	0.8571428571428571	endpoint
ENOG410ZUPW	0.0	0.0026891988928886717	0.19101283636630242	1.685504611544561	0.5094513187802988	0.5023284380593136	0.5094513187802988	0.5023284380593136	0.5714285714285714	baseline
ENOG410ZURF	0.0	0.6913124633211237	0.8942351604807021	1.7674661333490558	0.3494635755414203	0.1772267065605314	0.6505364244585796	0.8227732934394686	0.7142857142857143	baseline
ENOG410ZUS1	0.0	0.06201502820557283	0.1186249960043992	1.3677338808399624	0.464715552690872	0.48546248752754756	0.535284447309128	0.5145375124724525	0.5714285714285714	baseline
ENOG410ZUV1	0.0	0.41573298448668433	0.21927326022347954	1.6128714417057268	0.3812368236033465	0.4511905413468197	0.6187631763966535	0.5488094586531803	0.5714285714285714	baseline
ENOG410ZUW0	0.0	0.8969917707296818	0.874048413573203	1.662889143617577	0.2556680152565834	0.30000797524155653	0.7443319847434167	0.6999920247584435	1.0	baseline
ENOG410ZUYT	0.0	0.5964492624359349	0.623827993846241	1.559132148055224	0.3472813540114372	0.30609192680199127	0.6527186459885628	0.6939080731980087	0.8571428571428571	baseline
ENOG410ZV25	0.0	0.40589798133144406	0.3545529264019015	1.1114909160786821	0.364783670873539	0.3994513293199682	0.635216329126461	0.6005486706800318	0.8571428571428571	baseline
ENOG410ZV35	0.0	0.10167903662820835	0.4155231338868138	1.3694087918316022	0.503210861340327	0.587172704554827	0.503210861340327	0.587172704554827	0.7142857142857143	endpoint
ENOG410ZV3K	0.0	0.05987820218649996	0.5843478877643842	1.5339579240427474	0.5254211632638338	0.649803425820865	0.5254211632638338	0.649803425820865	0.5714285714285714	baseline
ENOG410ZV69	0.0	0.22942902190805883	0.3135547655474766	1.2950037516463573	0.43833908633954305	0.41737530038496445	0.5616609136604569	0.5826246996150355	0.5714285714285714	baseline
ENOG410ZV6H	0.0	0.5263880001445707	1.1361322616703224	1.5926963272352215	0.6140064269239096	0.7350037626051636	0.6140064269239096	0.7350037626051636	0.7142857142857143	endpoint
ENOG410ZV8C	0.0	0.30054636458328865	0.5059968280118908	1.2661731806830492	0.5757274434057917	0.6446060599862085	0.5757274434057917	0.6446060599862085	0.5714285714285714	endpoint
ENOG410ZV99	0.0	0.39010738940221096	0.5757901569943538	1.7547384526830359	0.3856454613192531	0.34892654028707454	0.614354538680747	0.6510734597129255	0.5714285714285714	baseline
ENOG410ZVB7	0.0	0.26262230762548383	0.5644142065790725	1.6271384607233728	0.41048746605418696	0.3643538335582539	0.589512533945813	0.6356461664417461	0.5714285714285714	baseline
ENOG410ZVB9	0.0	0.6791363125427897	0.6893427714665349	1.2592655989429409	0.7088130696594722	0.7339258579493516	0.7088130696594722	0.7339258579493516	0.8571428571428571	endpoint
ENOG410ZVBK	0.0	0.8392429682119781	1.1272827310994191	1.5140410205218733	0.7442060292451035	0.7767306852443774	0.7442060292451035	0.7767306852443774	0.8571428571428571	endpoint
ENOG410ZVBZ	0.0	0.8101351160831693	0.7600394807147747	1.4497903566428005	0.2586205324039224	0.3387177790901642	0.7413794675960776	0.6612822209098358	1.0	baseline
ENOG410ZVC6	0.0	0.5163150636639153	1.048672943211346	1.5705401814980664	0.6470788906175005	0.6446974857153517	0.6470788906175005	0.6446974857153517	0.7142857142857143	endpoint
ENOG410ZVC8	0.0	0.10369119164478234	0.0683605246930587	1.0553203295558777	0.4752312967253534	0.4823500847743731	0.5247687032746466	0.5176499152256269	0.5714285714285714	baseline
ENOG410ZVCD	0.0	0.04677705862169285	0.20669658403200997	1.1704012613314867	0.5457236148070759	0.4363098475080655	0.5457236148070759	0.5636901524919344	0.5714285714285714	endpoint
ENOG410ZVCF	0.0	0.10878188205313047	0.10579023170985871	1.454658205577958	0.4303767363807617	0.4530600043218123	0.5696232636192383	0.5469399956781877	0.5714285714285714	baseline
ENOG410ZVCH	0.0	0.7830541968920564	0.7950021196854359	1.669956146599369	0.262380855356257	0.1980408895847546	0.737619144643743	0.8019591104152454	0.8571428571428571	baseline
ENOG410ZVCR	0.0	0.2845570371743594	0.3093899494545743	1.7107222605613144	0.5960347042061377	0.527387483697656	0.5960347042061377	0.527387483697656	0.5714285714285714	endpoint
ENOG410ZVCU	0.0	1.119462391116553	1.2416522026375787	1.9443489596892711	0.18317596277223	0.1478646791888716	0.81682403722777	0.8521353208111284	0.8571428571428571	baseline
ENOG410ZVD1	0.0	0.28829919472028653	0.19547487906978606	1.7090235207628055	0.41904145475532806	0.43817261742798846	0.5809585452446719	0.5618273825720115	0.5714285714285714	baseline
ENOG410ZVD2	0.0	0.6602203926006825	0.8290771532010566	1.7285453152416483	0.3395247904277129	0.2481926370080492	0.6604752095722871	0.7518073629919508	0.7142857142857143	baseline
ENOG410ZVD3	0.0	0.17099921570610607	0.5569087933784642	1.586912785637481	0.5737827831011791	0.643388716773874	0.5737827831011791	0.643388716773874	0.5714285714285714	endpoint
ENOG410ZVDG	0.0	0.01570238345214232	0.06517715306604208	1.275855266711084	0.5315428550964574	0.4807368627218825	0.5315428550964574	0.5192631372781176	0.5714285714285714	endpoint
ENOG410ZVDK	0.0	0.43684842686486636	0.33794349631115184	1.605000421752058	0.3685984645466996	0.39311591902765236	0.6314015354533005	0.6068840809723477	0.7142857142857143	baseline
ENOG410ZVDW	0.0	0.49950163037586276	0.6537899165635188	1.434865636333356	0.6559322886930259	0.6878444414274342	0.6559322886930259	0.6878444414274342	0.8571428571428571	endpoint
ENOG410ZVDY	0.0	0.0702950782189276	0.09797183658537818	1.6341538624963943	0.42330784107753056	0.543697502692246	0.5766921589224694	0.543697502692246	0.5714285714285714	baseline
ENOG410ZVE2	0.0	0.6152128678282213	0.4742125068430863	1.6930923340706552	0.3239715017779127	0.36130880542352817	0.6760284982220873	0.6386911945764718	0.8571428571428571	baseline
ENOG410ZVE6	0.0	0.5932774229905415	1.2585006090073099	1.7171231563879688	0.3571969329288659	0.24717585843777048	0.6428030670711341	0.7528241415622295	0.7142857142857143	baseline
ENOG410ZVE8	0.0	0.20985934139743542	0.4469590226468701	1.5822359619793203	0.5677569134440922	0.5884519386235205	0.5677569134440922	0.5884519386235205	0.7142857142857143	endpoint
ENOG410ZVEJ	0.0	0.8533986565972299	0.8466416278305345	1.4564605229685328	0.7824960490759129	0.8071806267117156	0.7824960490759129	0.8071806267117156	0.8571428571428571	endpoint
ENOG410ZVEQ	0.0	0.4868528563033382	0.6251933848765866	1.5042822042978083	0.6319662533520638	0.6647585147843681	0.6319662533520638	0.6647585147843681	0.8571428571428571	endpoint
ENOG410ZVEU	0.0	0.5266689207775604	0.6800328559387796	0.9859031450243058	0.6583510823619354	0.7065545029990328	0.6583510823619354	0.7065545029990328	0.7142857142857143	endpoint
ENOG410ZVEY	0.0	0.5839574318702309	0.48845725786605493	1.300821944551301	0.6956121087725339	0.6422726247717192	0.6956121087725339	0.6422726247717192	0.8571428571428571	endpoint
ENOG410ZVF4	0.0	0.8883568989038281	1.1414507115447379	1.8745371840494713	0.732284467322922	0.8150394690212975	0.732284467322922	0.8150394690212975	0.8571428571428571	endpoint
ENOG410ZVF6	0.0	0.8838763300671607	1.1089410372965465	1.5701823840828797	0.2307424573023595	0.10326529672932744	0.7692575426976405	0.8967347032706725	0.7142857142857143	baseline
ENOG410ZVFE	0.0	0.3528086780463192	0.6475275834212771	1.2149778162129692	0.40350412040782413	0.3574457489492156	0.5964958795921759	0.6425542510507845	0.5714285714285714	baseline
ENOG410ZVFH	0.0	0.27988714004094317	0.37708058782498144	1.4511315249026178	0.41424138868777555	0.4080266055078511	0.5857586113122244	0.5919733944921489	0.5714285714285714	baseline
ENOG410ZVFJ	0.0	0.0327535674342081	0.4240849950188123	1.4818858055781874	0.5237814976678528	0.632738336133338	0.5237814976678528	0.632738336133338	0.5714285714285714	endpoint
ENOG410ZVFU	0.0	0.6790223543218646	0.6715040115425756	1.5190738842369595	0.28750939036676587	0.3370177088923596	0.7124906096332342	0.6629822911076404	0.8571428571428571	baseline
ENOG410ZVG0	0.0	0.45995212832252524	0.5954592093200698	1.4880458154056826	0.6741526039780865	0.7083117017478119	0.6741526039780865	0.7083117017478119	0.7142857142857143	endpoint
ENOG410ZVG1	0.0	0.1762164510904228	0.47292863790710993	1.4757240876181565	0.5335928844646135	0.6379923608041491	0.5335928844646135	0.6379923608041491	0.7142857142857143	endpoint
ENOG410ZVG5	0.0	0.40586427001941733	0.7557298821513342	1.6337203815609371	0.6131402767236357	0.5960698017555873	0.6131402767236357	0.5960698017555873	0.7142857142857143	endpoint
ENOG410ZVGB	0.0	0.595881522012779	1.0547105397581915	1.5152422402768242	0.33137441104970794	0.262080665833158	0.6686255889502921	0.737919334166842	0.7142857142857143	baseline
ENOG410ZVGS	0.0	0.35516079733124695	0.6250213270016745	1.2181088571101948	0.3820267468892032	0.3668691742247641	0.6179732531107969	0.6331308257752359	0.5714285714285714	baseline
ENOG410ZVGZ	0.0	0.7614468326659171	0.9049421309228418	1.624009091465445	0.7400340955766472	0.7680429665688496	0.7400340955766472	0.7680429665688496	0.8571428571428571	endpoint
ENOG410ZVH0	0.0	0.1017858143216973	0.1845752761319994	0.9004706131218295	0.48716925581100695	0.4075686281671231	0.512830744188993	0.5924313718328769	0.5714285714285714	baseline
ENOG410ZVHC	0.0	0.7005969434010505	0.9831017510752872	1.5228905511838913	0.30380438634534784	0.23665634858121753	0.6961956136546521	0.7633436514187825	0.7142857142857143	baseline
ENOG410ZVHG	0.0	0.7608480031703614	0.9419295375413252	1.431820482792476	0.2568551964575009	0.21413150126438624	0.7431448035424991	0.7858684987356137	0.8571428571428571	baseline
ENOG410ZVHH	0.0	0.04647687857305639	0.1792291760180112	1.457920610510602	0.5095592639651564	0.5811995868470154	0.5095592639651564	0.5811995868470154	0.5714285714285714	endpoint
ENOG410ZVHJ	0.0	0.472132004293814	0.40255940599897627	1.330700262960891	0.3447174425203144	0.40379719685297427	0.6552825574796857	0.5962028031470257	0.7142857142857143	baseline
ENOG410ZVHQ	0.0	0.3167898159514401	0.054981275793273124	1.5848105727971122	0.6001571576217802	0.5227905567078139	0.6001571576217802	0.5227905567078139	0.5714285714285714	endpoint
ENOG410ZVHW	0.0	0.5884140640603307	0.8854330089102355	1.370394782429458	0.6641926660044755	0.7201910786845012	0.6641926660044755	0.7201910786845012	0.8571428571428571	endpoint
ENOG410ZVI2	0.0	0.4324196543836694	0.569381446318168	1.5103745135323656	0.608965969561989	0.6297066969686207	0.608965969561989	0.6297066969686207	0.8571428571428571	endpoint
ENOG410ZVIC	0.0	0.24338838840231153	1.0683891296956973	1.2668157167844947	0.6055397202713225	0.7734051592764303	0.6055397202713225	0.7734051592764303	0.5714285714285714	endpoint
ENOG410ZVID	0.0	0.36582402582263013	0.3358318534915586	1.2381477307025364	0.6105290450319821	0.6195174357506857	0.6105290450319821	0.6195174357506857	0.5714285714285714	endpoint
ENOG410ZVJ1	0.0	0.8080179702092299	1.1305967035704083	1.3928709266072135	0.7369063485159181	0.8651466332323746	0.7369063485159181	0.8651466332323746	0.8571428571428571	endpoint
ENOG410ZVJ2	0.0	0.2296638024725386	0.06423571754811293	1.5413309613197836	0.39437644201209165	0.48992992889476483	0.6056235579879083	0.5100700711052352	0.5714285714285714	baseline
ENOG410ZVJD	0.0	0.8297974134679714	1.2516430910143803	1.566511598580378	0.7443003220732702	0.8794135708492138	0.7443003220732702	0.8794135708492138	0.8571428571428571	endpoint
ENOG410ZVJF	0.0	1.4534618682767135	1.3939217201053444	1.7351303844503772	0.9235827071743412	0.9453733239030109	0.9235827071743412	0.9453733239030109	1.0	endpoint
ENOG410ZVJH	0.0	0.250654224159793	0.2919890165331125	1.2128121074144411	0.5703322356391605	0.5814557948867457	0.5703322356391605	0.5814557948867457	0.8571428571428571	endpoint
ENOG410ZVJU	0.0	0.03567397583958763	0.003220367777132603	1.2699567233081241	0.5139920026707607	0.4711554422575548	0.5139920026707607	0.5288445577424452	0.5714285714285714	endpoint
ENOG410ZVJX	0.0	0.1397338698289386	0.6596652573655517	1.1746622362630221	0.4406539725334947	0.3611183839832653	0.5593460274665053	0.6388816160167348	0.5714285714285714	baseline
ENOG410ZVJY	0.0	0.5310815655400832	0.636028450126634	1.3479627685613909	0.6877138559943798	0.7579551961026507	0.6877138559943798	0.7579551961026507	0.7142857142857143	endpoint
ENOG410ZVK6	0.0	0.5359256868787841	0.9286016155738462	1.5079085628955606	0.6528888971736458	0.7035566705815156	0.6528888971736458	0.7035566705815156	0.7142857142857143	endpoint
ENOG410ZVKR	0.0	0.820569405184914	1.0263587017730809	1.368356945890199	0.24993430941899453	0.16171925438531795	0.7500656905810055	0.838280745614682	0.8571428571428571	baseline
ENOG410ZVM5	0.0	0.06873072040869557	0.02881291276145552	1.6504358916345758	0.48027115713763247	0.5195015268468333	0.5197288428623675	0.5195015268468333	0.5714285714285714	baseline
ENOG410ZVMD	0.0	0.720197124276195	1.0041831802193266	1.3082003118435928	0.7350470196098575	0.8156074844369758	0.7350470196098575	0.8156074844369758	0.8571428571428571	endpoint
ENOG410ZVME	0.0	0.3797678576962505	0.6312408262565655	1.3882303780691	0.5954611491510537	0.575404985717292	0.5954611491510537	0.575404985717292	0.7142857142857143	endpoint
ENOG410ZVMN	0.0	0.20647271034352352	0.15606919514432618	1.5978526740698566	0.45067572590531885	0.4447138447136318	0.5493242740946811	0.5552861552863682	0.5714285714285714	baseline
ENOG410ZVMV	0.0	0.3291202079948886	0.4304276171728908	1.8984354084354456	0.5548221605249142	0.6819791560164011	0.5548221605249142	0.6819791560164011	0.5714285714285714	endpoint
ENOG410ZVMW	0.0	0.16767310001780258	0.1199838702794658	1.4771063491440986	0.5641844536328743	0.5407076841610846	0.5641844536328743	0.5407076841610846	0.5714285714285714	endpoint
ENOG410ZVN9	0.0	0.8689501241396039	0.9431483254371921	1.4599798305168197	0.7494558153280361	0.7586420624486615	0.7494558153280361	0.7586420624486615	0.8571428571428571	endpoint
ENOG410ZVNC	0.0	0.38595757231272615	0.5532064862726408	1.0312368806112837	0.3899675940946016	0.331421213680517	0.6100324059053984	0.668578786319483	0.7142857142857143	baseline
ENOG410ZVNJ	0.0	1.21783847223424	1.3525896922798375	1.5422018671113857	0.13353445067982606	0.044712429819876276	0.8664655493201739	0.9552875701801238	1.0	baseline
ENOG410ZVNV	0.0	0.643302332684112	0.717251638429893	1.2172233189972113	0.6869452971910992	0.680873652840112	0.6869452971910992	0.680873652840112	0.8571428571428571	endpoint
ENOG410ZVNW	0.0	0.2896503162434669	0.14677330138251946	1.3735676897668612	0.5873088200506225	0.5439798791103737	0.5873088200506225	0.5439798791103737	0.7142857142857143	endpoint
ENOG410ZVNY	0.0	0.5084800544405623	0.3628059504550119	1.4943603038448612	0.37352177080133175	0.4231384902889564	0.6264782291986682	0.5768615097110437	0.8571428571428571	baseline
ENOG410ZVP5	0.0	0.4795253415823782	0.380060130383948	1.373698149331158	0.360835401053553	0.37001913083591165	0.639164598946447	0.6299808691640884	0.8571428571428571	baseline
ENOG410ZVP8	0.0	0.5020349618438503	0.747036414812774	1.1492466985599958	0.6409739192138364	0.6586295160290009	0.6409739192138364	0.6586295160290009	0.7142857142857143	endpoint
ENOG410ZVP9	0.0	0.10946222353868275	0.242072470945247	0.8521249115309891	0.5326514643541371	0.6166579573854459	0.5326514643541371	0.6166579573854459	0.5714285714285714	endpoint
ENOG410ZVPG	0.0	0.46472171229305304	0.8587834383305666	1.4044679286991473	0.31981162454540135	0.3124283126594156	0.6801883754545986	0.6875716873405844	0.7142857142857143	baseline
ENOG410ZVPQ	0.0	0.23578036076973194	0.5109127263513045	1.3107806099788792	0.4466908737951226	0.39375349679018795	0.5533091262048774	0.6062465032098121	0.5714285714285714	baseline
ENOG410ZVPT	0.0	1.000365036862706	1.048777776133571	1.4209558284981791	0.7974962873415393	0.8383947937473888	0.7974962873415393	0.8383947937473888	1.0	endpoint
ENOG410ZVPY	0.0	0.7690282123224131	1.240056124555311	1.9315014624083962	0.7131536601585647	0.7912444155755075	0.7131536601585647	0.7912444155755075	0.7142857142857143	endpoint
ENOG410ZVQE	0.0	0.21489191026748916	0.21734239247334777	1.4753457748200964	0.5633614070133375	0.5455260281218062	0.5633614070133375	0.5455260281218062	0.5714285714285714	endpoint
ENOG410ZVQG	0.0	0.6869270149215002	1.1782259924973	1.5590044585723013	0.3272410013576093	0.21183072961568258	0.6727589986423907	0.7881692703843174	0.7142857142857143	baseline
ENOG410ZVQI	0.0	0.6922811358977913	0.7024066898548312	1.2660648665027672	0.7107409908718275	0.6289313533948577	0.7107409908718275	0.6289313533948577	0.8571428571428571	endpoint
ENOG410ZVQW	0.0	0.8717909173881608	1.1401653640598293	1.3586909848088187	0.24470423373816771	0.21244203715432122	0.7552957662618323	0.7875579628456788	0.8571428571428571	baseline
ENOG410ZVQY	0.0	0.8327537875938259	1.165786990880715	1.3475725050739829	0.23763286385129861	0.15464508132542407	0.7623671361487014	0.8453549186745759	0.8571428571428571	baseline
ENOG410ZVQZ	0.14285714285714285	0.972598531141517	1.3002504888182054	2.338055668481687	0.7626187695913649	0.8660329669494704	0.7626187695913649	0.8660329669494704	0.8571428571428571	endpoint
ENOG410ZVRD	0.0	0.557795368070156	0.5742179901960924	1.591678946917286	0.6636740041040634	0.6680228313600012	0.6636740041040634	0.6680228313600012	0.8571428571428571	endpoint
ENOG410ZVRR	0.0	0.439134801444744	0.6432105552958389	1.435960586164228	0.6211269541952031	0.5904430760578706	0.6211269541952031	0.5904430760578706	0.8571428571428571	endpoint
ENOG410ZVRS	0.0	0.39295675033916444	0.7801032305843275	1.4853861715974461	0.36711175257079937	0.2926102746238846	0.6328882474292006	0.7073897253761154	0.7142857142857143	baseline
ENOG410ZVS6	0.0	0.3544469040919817	0.4424200929769504	1.9913344526842072	0.5593962400453056	0.6166235585687734	0.5593962400453056	0.6166235585687734	0.7142857142857143	endpoint
ENOG410ZVS8	0.0	1.2146624405893238	1.296303581015618	1.4520992318068298	0.14036402732690975	0.09926018110056159	0.8596359726730902	0.9007398188994384	1.0	baseline
ENOG410ZVSH	0.0	0.8224833905367602	1.1298073364444412	1.5017330494933396	0.7394079524332027	0.6920423654208084	0.7394079524332027	0.6920423654208084	0.8571428571428571	endpoint
ENOG410ZVSK	0.0	0.4648974975546149	0.5840924963813113	1.2784441278252925	0.6783542074662693	0.6497437204460272	0.6783542074662693	0.6497437204460272	0.8571428571428571	endpoint
ENOG410ZVSP	0.0	0.028533062650744505	0.2512575179269247	1.5331673868334645	0.5137182742551064	0.5164927471810857	0.5137182742551064	0.5164927471810857	0.5714285714285714	endpoint
ENOG410ZVSQ	0.0	0.26240330587253496	0.8472730037005252	1.4607084076201164	0.38459074710984725	0.27409579231063136	0.6154092528901527	0.7259042076893687	0.5714285714285714	baseline
ENOG410ZVSS	0.0	0.62151607776478	0.46755942362179237	1.8710115329794696	0.6758315959341505	0.6716098259881522	0.6758315959341505	0.6716098259881522	0.8571428571428571	endpoint
ENOG410ZVT4	0.0	0.3212794746519488	0.5023677153961724	1.6741710120677034	0.424922693868149	0.3496551746412015	0.575077306131851	0.6503448253587985	0.5714285714285714	baseline
ENOG410ZVTR	0.0	0.16824259039559566	0.362575769772934	1.6846704979284863	0.5844241355830969	0.4158757342332624	0.5844241355830969	0.5841242657667376	0.5714285714285714	endpoint
ENOG410ZVU0	0.0	0.3276838008333203	0.41215803168598	1.1460074261219593	0.6175730264598327	0.6095488965696005	0.6175730264598327	0.6095488965696005	0.5714285714285714	endpoint
ENOG410ZVU1	0.14285714285714285	0.8882764589274468	1.0502371873456575	2.4175218361692603	0.7351632566822671	0.7971200224292616	0.7351632566822671	0.7971200224292616	0.8571428571428571	endpoint
ENOG410ZVU3	0.0	0.5215217688705074	0.4232775101996197	1.6411830636544729	0.3493612107981251	0.3698715242142706	0.6506387892018749	0.6301284757857294	0.8571428571428571	baseline
ENOG410ZVW5	0.0	0.6457888501843352	0.5658227805922651	1.374031590926251	0.28598744244462326	0.33210724009332915	0.7140125575553767	0.6678927599066709	1.0	baseline
ENOG410ZVWB	0.0	0.3139725407765012	0.9372942137759379	1.981941848142868	0.4711567426552172	0.20102658872867035	0.5288432573447828	0.7989734112713296	0.5714285714285714	baseline
ENOG410ZVWK	0.0	0.39497486821490485	0.5368443493508605	1.0706264948813087	0.3858872002408839	0.3390479413210515	0.614112799759116	0.6609520586789486	0.8571428571428571	baseline
ENOG410ZVWQ	0.0	0.21695985165834125	0.4842513948204181	1.4951074907484851	0.5601986387038531	0.626402876596135	0.5601986387038531	0.626402876596135	0.5714285714285714	endpoint
ENOG410ZVWS	0.0	0.3079195521879018	0.40407335076888834	1.4913600358563506	0.5873366515307905	0.6720714713464176	0.5873366515307905	0.6720714713464176	0.5714285714285714	endpoint
ENOG410ZVWT	0.0	0.188148341101459	0.1202925478864449	1.051425909948329	0.4437219392398276	0.4905890787951002	0.5562780607601724	0.5094109212048998	0.5714285714285714	baseline
ENOG410ZVWW	0.0	1.0690864403655216	1.2458397995748867	1.786206981966743	0.18318242657804798	0.09561531904953205	0.816817573421952	0.904384680950468	1.0	baseline
ENOG410ZVXC	0.0	0.16484359040519864	0.05856888781422475	1.3895421656842175	0.5202068885038199	0.5508421024135168	0.5202068885038199	0.5508421024135168	0.5714285714285714	endpoint
ENOG410ZVXI	0.0	0.14173570620127474	0.6699768986916643	1.4025445649739223	0.5296632594540283	0.581835059470876	0.5296632594540283	0.581835059470876	0.5714285714285714	endpoint
ENOG410ZVY1	0.0	0.7629010280215404	1.2980158888806808	1.6228666332399928	0.291794445835606	0.20122979701298957	0.708205554164394	0.7987702029870104	0.8571428571428571	baseline
ENOG410ZVY8	0.0	0.3044272787191912	0.4222330867081634	1.9021927143865158	0.5692819906482355	0.6148810124738752	0.5692819906482355	0.6148810124738752	0.5714285714285714	endpoint
ENOG410ZVYC	0.0	0.8273551192984833	1.1014574732334252	1.532783664094595	0.7653410693337888	0.8336066741937346	0.7653410693337888	0.8336066741937346	0.8571428571428571	endpoint
ENOG410ZVYR	0.0	0.6059359031172857	0.5050803460791653	1.4192723490965988	0.7159351121446618	0.7100442778611434	0.7159351121446618	0.7100442778611434	0.7142857142857143	endpoint
ENOG410ZVZG	0.0	0.9778871707866278	1.1346581071936774	1.7232525385335153	0.794840957859903	0.8220901397954553	0.794840957859903	0.8220901397954553	1.0	endpoint
ENOG410ZW04	0.0	0.45033887172381387	0.4924506231839321	1.1162402206063404	0.3566457330919614	0.3794742720378016	0.6433542669080385	0.6205257279621984	0.8571428571428571	baseline
ENOG410ZW0D	0.0	0.38770780212136696	0.6783858112484876	1.284339859096109	0.41517774793201384	0.35801082726395916	0.5848222520679862	0.6419891727360408	0.7142857142857143	baseline
ENOG410ZW1B	0.0	1.06434375315442	1.2296757543985566	1.6351633755698416	0.8069610477458858	0.9037808025235994	0.8069610477458858	0.9037808025235994	0.8571428571428571	endpoint
ENOG410ZW1G	0.0	0.7357930328698625	1.1760220839091973	1.5398350010305444	0.7038443837999974	0.7262289383950471	0.7038443837999974	0.7262289383950471	0.8571428571428571	endpoint
ENOG410ZW1V	0.0	0.23142691372766602	0.7405510311800977	1.3208746147613792	0.45091306846643586	0.3400686742955787	0.5490869315335641	0.6599313257044213	0.7142857142857143	baseline
ENOG410ZW2I	0.0	0.8770585439277367	0.9227991813630123	1.761290229688432	0.7661556192205285	0.8066183368838871	0.7661556192205285	0.8066183368838871	1.0	endpoint
ENOG410ZW2X	0.0	0.5391425846010884	0.44168470395595694	1.5828502504068167	0.6803205697121664	0.6862111716012599	0.6803205697121664	0.6862111716012599	0.7142857142857143	endpoint
ENOG410ZW3P	0.0	0.22774312257026957	0.3121065056273416	1.3999504160507044	0.4017286700304596	0.4402303974028589	0.5982713299695404	0.559769602597141	0.7142857142857143	baseline
ENOG410ZW3S	0.0	0.4470882495638611	0.38568223949442726	1.1273711874378305	0.6310355843257804	0.6149226110156176	0.6310355843257804	0.6149226110156176	0.8571428571428571	endpoint
ENOG410ZW4A	0.0	0.5494987260456619	0.6497520882030776	1.3200672843591699	0.35854762492198405	0.2774275274178749	0.6414523750780159	0.7225724725821251	0.7142857142857143	baseline
ENOG410ZW50	0.0	0.05669911168830615	0.09830970537676395	1.3765295907826538	0.46326427986266755	0.4869399917874409	0.5367357201373324	0.5130600082125591	0.5714285714285714	baseline
ENOG410ZW51	0.0	0.40048276666104554	0.29284758355825474	1.4485540790550604	0.6321464572613193	0.6348690865138348	0.6321464572613193	0.6348690865138348	0.7142857142857143	endpoint
ENOG410ZW55	0.0	0.2822105045923907	0.7685966753466764	1.6380384402634685	0.6285473192813366	0.7561766081996274	0.6285473192813366	0.7561766081996274	0.7142857142857143	endpoint
ENOG410ZW5S	0.0	0.7501741624820178	1.2387053341686571	1.839487678415895	0.2973542259853087	0.11098425147071471	0.7026457740146913	0.8890157485292853	0.7142857142857143	baseline
ENOG410ZW5X	0.0	0.0961611026740099	0.5128397385290088	0.7936060051911064	0.5593993243911272	0.6469548747231667	0.5593993243911272	0.6469548747231667	0.5714285714285714	endpoint
ENOG410ZW61	0.0	0.3014623293836755	0.719175149754447	1.3147964395390235	0.5935651187938914	0.6059013799849573	0.5935651187938914	0.6059013799849573	0.7142857142857143	endpoint
ENOG410ZW69	0.0	0.004812111456399252	0.34788298562506154	1.4473680193178353	0.48244745107399145	0.603525138270582	0.5175525489260085	0.603525138270582	0.5714285714285714	endpoint
ENOG410ZW6I	0.0	0.5321315170782928	0.8571958739415696	1.6089701771629732	0.6529917375738084	0.7439106721972106	0.6529917375738084	0.7439106721972106	0.5714285714285714	endpoint
ENOG410ZW6X	0.0	0.5203187906303136	0.8951529445915818	1.5170378469101509	0.6632807015071851	0.6192136188254102	0.6632807015071851	0.6192136188254102	0.5714285714285714	endpoint
ENOG410ZW77	0.0	0.7097361907419362	1.1590429109154239	1.3346571761399035	0.7567152023563745	0.888088827476282	0.7567152023563745	0.888088827476282	0.8571428571428571	endpoint
ENOG410ZW8V	0.0	0.8610903984694482	1.0730161517171644	1.4374349339709118	0.7476882687798574	0.7092308293413071	0.7476882687798574	0.7092308293413071	0.8571428571428571	endpoint
ENOG410ZW99	0.0	0.46805644447871797	0.6664713432480517	1.7154976797971426	0.6100106295320206	0.5812531476085551	0.6100106295320206	0.5812531476085551	0.8571428571428571	endpoint
ENOG410ZW9J	0.0	1.2791109005843493	1.3051526187438434	1.4768319366607738	0.8817162227326693	0.9290505550966032	0.8817162227326693	0.9290505550966032	1.0	endpoint
ENOG410ZW9Z	0.0	0.03801145418657985	0.13857281044658623	1.4249816248068161	0.46643807203195015	0.5722585760489752	0.5335619279680499	0.5722585760489752	0.5714285714285714	endpoint
ENOG410ZWAN	0.0	0.6752434037310527	1.1038470151866246	1.5281960693351209	0.31178853452980965	0.2873855225123091	0.6882114654701903	0.7126144774876909	0.8571428571428571	baseline
ENOG410ZWAU	0.0	0.3956728890083897	0.5432004708152699	1.1586701411476696	0.6378796442166254	0.7246612804229131	0.6378796442166254	0.7246612804229131	0.7142857142857143	endpoint
ENOG410ZWAW	0.0	0.08817445266984596	0.11782486978446398	1.5573122021979748	0.44915712815671727	0.45106228990337055	0.5508428718432827	0.5489377100966295	0.5714285714285714	baseline
ENOG410ZWBC	0.0	0.5210916212772853	0.3662161378856059	1.4501926186499288	0.6203617923806138	0.5966266301676385	0.6203617923806138	0.5966266301676385	0.7142857142857143	endpoint
ENOG410ZWBR	0.0	0.5703594734594523	1.1731982437668274	1.5208649975579756	0.6806934752453959	0.7230799737797332	0.6806934752453959	0.7230799737797332	0.5714285714285714	endpoint
ENOG410ZWBT	0.0	0.20587408378869282	0.22548210691181922	1.7265881969012145	0.5997494241251157	0.5843425017390073	0.5997494241251157	0.5843425017390073	0.5714285714285714	endpoint
ENOG410ZWCY	0.0	0.267267287483336	0.15626975755961542	1.4560620311963903	0.4069205147012941	0.4446805519443489	0.5930794852987059	0.5553194480556511	0.5714285714285714	baseline
ENOG410ZWDI	0.0	0.1391418428922247	0.1127889671017359	1.468896289557813	0.5401538064045643	0.47651567770649017	0.5401538064045643	0.5234843222935098	0.5714285714285714	endpoint
ENOG410ZWDR	0.0	0.627947729843176	0.8202039906280387	1.2739205165574279	0.6759764490651526	0.7248924643234496	0.6759764490651526	0.7248924643234496	0.8571428571428571	endpoint
ENOG410ZWE1	0.0	0.37638521784626217	0.42274822574267207	1.418481426856334	0.6421750925273163	0.647222779471237	0.6421750925273163	0.647222779471237	0.8571428571428571	endpoint
ENOG410ZWE3	0.0	0.8959555432314444	1.29480093861332	1.498266800143285	0.8113546528467642	0.9279503075531056	0.8113546528467642	0.9279503075531056	0.7142857142857143	endpoint
ENOG410ZWE8	0.0	0.08539101793152083	0.4848174610138253	1.2973117515505692	0.5043029356773615	0.5510991390330093	0.5043029356773615	0.5510991390330093	0.5714285714285714	endpoint
ENOG410ZWE9	0.0	0.3623375391545013	0.33930377808969314	1.0953228433018705	0.6075281405443338	0.6477218464136749	0.6075281405443338	0.6477218464136749	0.8571428571428571	endpoint
ENOG410ZWEQ	0.0	1.0259305075684282	1.181696797466428	1.3619609828361545	0.1807773405449057	0.23693765625837987	0.8192226594550943	0.7630623437416202	1.0	baseline
ENOG410ZWES	0.0	0.5553521171217134	0.43533977713704225	1.3663779048976308	0.3046657631648544	0.4114209341412282	0.6953342368351456	0.5885790658587717	0.8571428571428571	baseline
ENOG410ZWF2	0.0	0.027240402062510185	0.4903814440615768	1.3535515712248063	0.499612369541897	0.37246835130757805	0.500387630458103	0.627531648692422	0.5714285714285714	baseline
ENOG410ZWFF	0.0	0.4274545477427439	0.9004483690032333	1.498522196901405	0.6449019579191264	0.7994938225625557	0.6449019579191264	0.7994938225625557	0.5714285714285714	endpoint
ENOG410ZWFH	0.0	0.29210663584396485	0.24046947203124777	1.118904398191592	0.4208158682174009	0.4565524602222221	0.5791841317825991	0.5434475397777778	0.7142857142857143	baseline
ENOG410ZWFP	0.0	0.061577886867265993	0.2716177798475995	0.9177099827375305	0.4834616007743032	0.4199288972395142	0.5165383992256968	0.5800711027604858	0.5714285714285714	baseline
ENOG410ZWGS	0.0	0.4824892055188932	1.1137418807433144	1.5165505798694898	0.6324534191144329	0.8146242727515834	0.6324534191144329	0.8146242727515834	0.7142857142857143	endpoint
ENOG410ZWGT	0.14285714285714285	1.0020412018957392	1.1602911343705222	2.0698378057049474	0.7817593582515109	0.8142078404732765	0.7817593582515109	0.8142078404732765	1.0	endpoint
ENOG410ZWGX	0.0	0.06420706223493924	0.3776849396110823	1.152876088939176	0.4874590951684775	0.3943742114499261	0.5125409048315225	0.6056257885500739	0.5714285714285714	baseline
ENOG410ZWH8	0.0	0.41508909870585836	0.6417968548237271	1.2133928307219215	0.6480375297299402	0.663233840234431	0.6480375297299402	0.663233840234431	0.5714285714285714	endpoint
ENOG410ZWHD	0.0	0.2044964732107388	0.4091034160074371	1.4291177943590074	0.5638625220048554	0.5979378570665107	0.5638625220048554	0.5979378570665107	0.7142857142857143	endpoint
ENOG410ZWHF	0.0	0.5356009136267419	0.8379471718681141	1.5349532442669525	0.6264341072673558	0.7254185811733761	0.6264341072673558	0.7254185811733761	0.8571428571428571	endpoint
ENOG410ZWIF	0.0	0.6004894579145613	0.7951498797079173	1.440134590551475	0.679629506065746	0.6712847906020714	0.679629506065746	0.6712847906020714	0.7142857142857143	endpoint
ENOG410ZWIM	0.0	0.3086449996742186	0.25962074871475915	1.5362480073296887	0.40707045791761187	0.42752459229596124	0.5929295420823881	0.5724754077040388	0.5714285714285714	baseline
ENOG410ZWIY	0.0	0.559991351464522	0.5982150567174035	0.9651316348052505	0.66259643708844	0.6484687548158468	0.66259643708844	0.6484687548158468	1.0	endpoint
ENOG410ZWJJ	0.0	0.6059242520139938	1.224272903805775	1.5315065758975233	0.6732316284527684	0.7248464443916539	0.6732316284527684	0.7248464443916539	0.7142857142857143	endpoint
ENOG410ZWKB	0.0	0.09892748481033113	0.44716131614812543	1.371309369093246	0.49724097344172197	0.6177319613003718	0.502759026558278	0.6177319613003718	0.5714285714285714	baseline
ENOG410ZWKI	0.0	0.2929364461720895	0.4004460040096159	0.9846155029446032	0.42577208297130864	0.4041480153487143	0.5742279170286914	0.5958519846512857	0.5714285714285714	baseline
ENOG410ZWKT	0.0	0.6604059894227797	0.7975235593907918	1.6181320599614093	0.3178475337558339	0.24379383999577933	0.682152466244166	0.7562061600042207	0.8571428571428571	baseline
ENOG410ZWMP	0.0	0.0054760436664035616	0.15770477662270974	1.2066122830392279	0.4767445535888611	0.5863984287206379	0.523255446411139	0.5863984287206379	0.5714285714285714	endpoint
ENOG410ZWMR	0.0	0.2685706094356309	0.6784148749624811	1.2447045465299447	0.5969984954630049	0.7287187302462149	0.5969984954630049	0.7287187302462149	0.5714285714285714	endpoint
ENOG410ZWMY	0.0	0.8371250303411149	0.9575839225142269	1.2581949777591845	0.7725546650863062	0.7715813440416012	0.7725546650863062	0.7715813440416012	1.0	endpoint
ENOG410ZWN6	0.0	0.42029786154121734	0.7200856954269753	1.119458167294442	0.3872070753517516	0.3094160040383863	0.6127929246482484	0.6905839959616137	0.7142857142857143	baseline
ENOG410ZWP3	0.0	0.6659961284129354	1.1237470482619096	1.3629867945619685	0.7295915420470863	0.8734391474365518	0.7295915420470863	0.8734391474365518	0.7142857142857143	endpoint
ENOG410ZWQ1	0.0	0.35752632380014177	0.6667422211112316	1.3347250913704347	0.6222386035234508	0.7708198219959154	0.6222386035234508	0.7708198219959154	0.5714285714285714	endpoint
ENOG410ZWQM	0.0	0.4760091395425951	0.7770387745958858	1.2781407612806817	0.6383040204994349	0.5996070150405745	0.6383040204994349	0.5996070150405745	0.7142857142857143	endpoint
ENOG410ZWQU	0.0	0.9234541278809228	1.0610282655070997	1.5035133563846579	0.797075709757719	0.7854726547099165	0.797075709757719	0.7854726547099165	0.8571428571428571	endpoint
ENOG410ZWQW	0.0	0.7552422804038682	0.8750791758119986	1.43879730121046	0.7562974150405782	0.81098999917152	0.7562974150405782	0.81098999917152	0.7142857142857143	endpoint
ENOG410ZWQZ	0.0	0.574074999449511	0.7114146002848102	1.3691467096401173	0.2844807867207438	0.3115434103455435	0.7155192132792563	0.6884565896544566	0.7142857142857143	baseline
ENOG410ZWRY	0.0	0.1425731191674839	0.07459140717114432	1.3655655200300127	0.4761698788612727	0.48469856683579543	0.5238301211387273	0.5153014331642045	0.5714285714285714	baseline
ENOG410ZWSP	0.0	0.8374710959207494	1.18134825015508	1.3410193491362734	0.7629337959678365	0.6896202955920014	0.7629337959678365	0.6896202955920014	0.8571428571428571	endpoint
ENOG410ZWT5	0.0	0.5137567962942337	1.0061225585035052	1.3218167698544039	0.6380397492403922	0.68368688536976	0.6380397492403922	0.68368688536976	0.5714285714285714	endpoint
ENOG410ZWTD	0.14285714285714285	0.8622705229107256	1.1298045186865142	2.1303195794417515	0.7189214823697403	0.8092369495301598	0.7189214823697403	0.8092369495301598	0.8571428571428571	endpoint
ENOG410ZWTG	0.0	0.184994461489937	0.03414814671894483	1.6519645333540782	0.5237599035258834	0.5420832982157461	0.5237599035258834	0.5420832982157461	0.7142857142857143	endpoint
ENOG410ZWTQ	0.0	0.6833312935271493	1.2128583429778097	1.4895934222250642	0.685428446617741	0.7310895866752732	0.685428446617741	0.7310895866752732	0.7142857142857143	endpoint
ENOG410ZWU1	0.0	0.8657549418883036	0.8616340151651005	1.5510010586177814	0.7573803635675082	0.837699712389186	0.7573803635675082	0.837699712389186	1.0	endpoint
ENOG410ZWWG	0.0	0.16337114460241553	0.27177492656999047	1.6946992615765937	0.5546803562964252	0.4255070346265755	0.5546803562964252	0.5744929653734245	0.5714285714285714	endpoint
ENOG410ZWX5	0.0	0.5790308781621778	0.8390276537497559	1.388926681053766	0.29379405953355464	0.24502082908793987	0.7062059404664454	0.7549791709120601	0.7142857142857143	baseline
ENOG410ZWX9	0.0	0.49344718944198246	0.6294963882886774	1.1980315682936127	0.3554874439719117	0.33412310976647236	0.6445125560280883	0.6658768902335277	0.7142857142857143	baseline
ENOG410ZWYN	0.0	0.0077624780925498104	0.3086321469887093	1.420543531975916	0.5029600660444553	0.5425789247124856	0.5029600660444553	0.5425789247124856	0.5714285714285714	endpoint
ENOG410ZWZA	0.0	0.27768760184788294	0.6791489015916566	1.2957603417537356	0.3756812232007814	0.29598356105005547	0.6243187767992187	0.7040164389499446	0.7142857142857143	baseline
ENOG410ZX1W	0.0	0.7309039974814369	0.825846406786331	1.3777630982285256	0.7614252225568565	0.7543937595850793	0.7614252225568565	0.7543937595850793	0.8571428571428571	endpoint
ENOG410ZX29	0.0	0.024054082746488157	0.03860166366120069	1.0677146184053976	0.5225911281350567	0.5222189220512261	0.5225911281350567	0.5222189220512261	0.5714285714285714	endpoint
ENOG410ZX2M	0.0	0.23623125822660435	0.15974790116525284	1.3155092133745843	0.39879919029908784	0.4160905727484536	0.6012008097009122	0.5839094272515464	0.5714285714285714	baseline
ENOG410ZX2Q	0.0	1.1953127416031812	1.1808585708544879	1.5110420566078493	0.8623966947742565	0.8528653431313029	0.8623966947742565	0.8528653431313029	1.0	endpoint
ENOG410ZX3G	0.0	0.29174078589430097	0.40773171644132766	1.2094440864701523	0.5591347334206287	0.5511037880312748	0.5591347334206287	0.5511037880312748	0.7142857142857143	endpoint
ENOG410ZX41	0.0	0.43766389074714335	0.5966665324974617	1.457724927756997	0.6140864992667673	0.6720991167836451	0.6140864992667673	0.6720991167836451	0.7142857142857143	endpoint
ENOG410ZX4G	0.0	0.1615704583552946	0.0594402952429523	1.147841378683307	0.4725730076713008	0.4978170650760836	0.5274269923286992	0.5021829349239164	0.5714285714285714	baseline
ENOG410ZX7G	0.0	0.34865412560075754	0.6787080438788377	1.3831933887819199	0.6078274243727549	0.6177636208185595	0.6078274243727549	0.6177636208185595	0.5714285714285714	endpoint
ENOG410ZX82	0.0	0.24761330971748483	0.13798097099370427	1.2730292335102105	0.43881930082907944	0.4235620260485339	0.5611806991709205	0.5764379739514661	0.7142857142857143	baseline
ENOG410ZX8X	0.0	0.26284566625951994	0.3629650846105882	1.1853997024765943	0.5820471850363104	0.5870749530346108	0.5820471850363104	0.5870749530346108	0.7142857142857143	endpoint
ENOG410ZX96	0.0	0.7922758336871006	1.1682775722280407	1.7375816320307638	0.7185260733723068	0.7590542957924592	0.7185260733723068	0.7590542957924592	0.8571428571428571	endpoint
ENOG410ZX9B	0.0	0.40945101584300553	0.7097327294759198	1.3726607103643558	0.38295442678981456	0.3492471832072524	0.6170455732101854	0.6507528167927477	0.7142857142857143	baseline
ENOG410ZX9D	0.0	0.46341660857042327	0.39039251654250534	1.4589831828531894	0.6391416807195806	0.6148861209356675	0.6391416807195806	0.6148861209356675	0.8571428571428571	endpoint
ENOG410ZX9Y	0.0	0.017599236453363063	0.025714610842396166	1.269244132722282	0.4912786975605329	0.46635232116432385	0.5087213024394671	0.5336476788356761	0.5714285714285714	baseline
ENOG410ZXAN	0.0	1.326498866038502	1.5238899192427635	1.9538918241410164	0.8682290191962563	0.9166901660959673	0.8682290191962563	0.9166901660959673	1.0	endpoint
ENOG410ZXB1	0.0	0.6938594590613116	0.984966428538174	1.347443065453397	0.7121037003651624	0.8090113745752077	0.7121037003651624	0.8090113745752077	0.7142857142857143	endpoint
ENOG410ZXB3	0.0	0.19086206330855132	0.5043282963509219	1.3817445350639015	0.43961477349072176	0.3869038612707516	0.5603852265092782	0.6130961387292484	0.5714285714285714	baseline
ENOG410ZXBC	0.0	0.3082993080483096	0.8121363883287649	1.6480486876836526	0.6143273192381579	0.7390404821283068	0.6143273192381579	0.7390404821283068	0.7142857142857143	endpoint
ENOG410ZXCB	0.0	0.12829991869826518	0.35840582490550593	1.2658129954280422	0.47834686863156195	0.4111265610623052	0.521653131368438	0.5888734389376948	0.7142857142857143	baseline
ENOG410ZXDQ	0.0	0.2510631070217939	0.3132680569938518	0.7594167693115188	0.41947348359091624	0.4212873739151595	0.5805265164090838	0.5787126260848405	0.7142857142857143	baseline
ENOG410ZXEA	0.0	0.8329415599199047	0.9580697229203924	1.3625366528599325	0.7825320209095514	0.8396205554199238	0.7825320209095514	0.8396205554199238	0.8571428571428571	endpoint
ENOG410ZXF2	0.0	0.2558245125182507	0.6927373423089443	1.7984405110998087	0.551879331173103	0.585613225968489	0.551879331173103	0.585613225968489	0.5714285714285714	endpoint
ENOG410ZXFD	0.0	0.4113056222924398	0.611941379452417	1.4483483548681455	0.5995366360525628	0.6809713059004203	0.5995366360525628	0.6809713059004203	0.7142857142857143	endpoint
ENOG410ZXGW	0.0	0.7202279916347484	0.966518280922549	1.7071792488892696	0.6861673075107501	0.7415859973845699	0.6861673075107501	0.7415859973845699	0.8571428571428571	endpoint
ENOG410ZXHK	0.0	1.156145906917359	1.260414392340132	1.7435857527812426	0.8411995408182608	0.8031557993816816	0.8411995408182608	0.8031557993816816	1.0	endpoint
ENOG410ZXHU	0.0	0.8060876605621881	1.1261472487673119	1.438549232126665	0.7228944111001966	0.8180436525739981	0.7228944111001966	0.8180436525739981	0.8571428571428571	endpoint
ENOG410ZXJ6	0.0	0.6675156191722346	0.9297415157478618	1.3256841133461783	0.6859594287657483	0.694299900837911	0.6859594287657483	0.694299900837911	0.8571428571428571	endpoint
ENOG410ZXJB	0.0	0.07758490055633416	0.015146820948060942	1.209182267211894	0.518868761325844	0.5352682350988698	0.518868761325844	0.5352682350988698	0.5714285714285714	endpoint
ENOG410ZXJN	0.0	0.2583819323125992	0.3587590604253919	1.1977130895435766	0.5991270679788624	0.5301738164051013	0.5991270679788624	0.5301738164051013	0.5714285714285714	endpoint
ENOG410ZXJU	0.0	1.123616850460585	1.138997180282482	1.504585705414166	0.8482425844588987	0.8704640321279274	0.8482425844588987	0.8704640321279274	1.0	endpoint
ENOG410ZXK1	0.0	0.7194324728658567	0.8112097579690889	1.7949430895090654	0.715153630972851	0.7710482451896015	0.715153630972851	0.7710482451896015	0.7142857142857143	endpoint
ENOG410ZXKC	0.0	0.6983984017844468	0.8190950025354932	1.4446605857492627	0.688487934432608	0.722447581262	0.688487934432608	0.722447581262	0.8571428571428571	endpoint
ENOG410ZXM0	0.0	0.7065912787909391	0.7077878001043194	1.6514501623542752	0.32412270679495503	0.27597869229251876	0.675877293205045	0.7240213077074813	0.7142857142857143	baseline
ENOG410ZXMP	0.0	0.8594617448004508	0.8369914423388395	1.2613774550048387	0.7651996211720277	0.7596198467539075	0.7651996211720277	0.7596198467539075	1.0	endpoint
ENOG410ZXPF	0.0	0.4248144438547543	0.8240369799224713	1.2617730197049846	0.6150400319778407	0.6097954192316766	0.6150400319778407	0.6097954192316766	0.7142857142857143	endpoint
ENOG410ZXQV	0.0	0.3900958891048248	0.36526024531973245	1.2663983039823272	0.633249737010888	0.6416971699436156	0.633249737010888	0.6416971699436156	0.7142857142857143	endpoint
ENOG410ZXQY	0.0	0.5769712362387188	0.809217787776621	1.815559166782801	0.6741364432250706	0.7486860208549634	0.6741364432250706	0.7486860208549634	0.5714285714285714	endpoint
ENOG410ZXRZ	0.0	0.4555639736563192	0.7231794258402056	1.0159862497730543	0.3489011487846016	0.34412980664810067	0.6510988512153983	0.6558701933518993	0.7142857142857143	baseline
ENOG410ZXSY	0.0	0.452565278872269	0.6475093918397606	1.2550201458688466	0.6375504489932802	0.6861132957271976	0.6375504489932802	0.6861132957271976	0.8571428571428571	endpoint
ENOG410ZXTD	0.0	0.6003762849559708	0.8961419422876786	1.4175339859789984	0.6679172350468952	0.7364972148842551	0.6679172350468952	0.7364972148842551	0.8571428571428571	endpoint
ENOG410ZXU3	0.0	0.11302330757399784	0.04572135315218479	1.3562122034960145	0.49908771707527383	0.49789405842883727	0.5009122829247261	0.5021059415711627	0.5714285714285714	baseline
ENOG410ZXUR	0.0	0.1276534458690563	0.5025303852078737	1.7799835046064763	0.5311172253873041	0.6544338093250699	0.5311172253873041	0.6544338093250699	0.7142857142857143	endpoint
ENOG410ZXVM	0.0	0.3807547320488726	0.8526424746604557	1.3321178658112078	0.595238840593579	0.7499022650705435	0.595238840593579	0.7499022650705435	0.7142857142857143	endpoint
ENOG410ZXW8	0.0	1.1768574054738867	1.2983100161541807	1.720993427713968	0.8444910934019589	0.7663592424625969	0.8444910934019589	0.7663592424625969	1.0	endpoint
ENOG410ZXXH	0.0	0.2403323920703266	0.2534822615557116	1.3120231730884546	0.5773199365872816	0.6004386612545285	0.5773199365872816	0.6004386612545285	0.7142857142857143	endpoint
ENOG410ZXYQ	0.0	0.5027787164084846	0.7087293648331362	1.5497091956477564	0.6474837770117338	0.6976651989696045	0.6474837770117338	0.6976651989696045	0.8571428571428571	endpoint
ENOG410ZXZ4	0.0	0.8216338615094864	1.0288574926377922	1.5778327178379965	0.7624443446156185	0.8240768906184283	0.7624443446156185	0.8240768906184283	0.8571428571428571	endpoint
ENOG410ZY0U	0.0	0.8457242533022482	1.190896054278925	1.4527792032756968	0.7349110624620291	0.6904240337200427	0.7349110624620291	0.6904240337200427	0.8571428571428571	endpoint
ENOG410ZY36	0.0	0.20946652551877296	0.4702550162026969	1.0746639174545067	0.5492701597139326	0.6372554114374592	0.5492701597139326	0.6372554114374592	0.7142857142857143	endpoint
ENOG410ZY5G	0.0	0.34979342025487126	0.433771040784646	1.5012025348948548	0.4176370239609013	0.3880722794078521	0.5823629760390987	0.6119277205921478	0.7142857142857143	baseline
ENOG410ZY5K	0.0	0.5418975368136327	0.6279233783291173	1.3182926428699449	0.6512426224111957	0.755048210741054	0.6512426224111957	0.755048210741054	0.8571428571428571	endpoint
ENOG410ZY5P	0.0	0.8157236857750314	0.7890637270537846	1.37706925805827	0.26448617343755687	0.30188897456179103	0.7355138265624431	0.698111025438209	1.0	baseline
ENOG410ZY7A	0.0	1.272806758016807	1.2944733988879857	1.9464981367256295	0.8703832645120233	0.8201504604368568	0.8703832645120233	0.8201504604368568	1.0	endpoint
ENOG410ZY90	0.0	0.6277849246348602	0.7985138777970598	1.7741280123345013	0.6605730123841543	0.7450119261199563	0.6605730123841543	0.7450119261199563	0.7142857142857143	endpoint
ENOG410ZY9E	0.0	0.17490183734493653	0.4910302792786236	1.752393893859966	0.5748325903654907	0.5693252250901185	0.5748325903654907	0.5693252250901185	0.7142857142857143	endpoint
ENOG410ZYCH	0.0	0.38813951383099343	0.3417397582399517	1.6705063276032688	0.4008931945330448	0.4061930094744283	0.5991068054669553	0.5938069905255716	0.5714285714285714	baseline
ENOG410ZYD5	0.0	0.18354121650769506	0.20254168347468735	1.0106087727373592	0.4238416875034596	0.46584445178853284	0.5761583124965404	0.5341555482114672	0.5714285714285714	baseline
ENOG410ZYD6	0.0	0.1684450831054772	0.07203524457689484	1.5343460661060615	0.5231885998670567	0.5274912634210691	0.5231885998670567	0.5274912634210691	0.5714285714285714	endpoint
ENOG410ZYD9	0.0	0.03957220697108003	0.35547933660518394	1.8162688933066007	0.5673912971563174	0.6056189745207572	0.5673912971563174	0.6056189745207572	0.5714285714285714	endpoint
ENOG410ZYDZ	0.0	0.31315374647822125	0.3193158815451231	0.7533609882377873	0.4149192672249892	0.4001188281743745	0.5850807327750108	0.5998811718256255	0.8571428571428571	baseline
ENOG410ZYJP	0.0	0.4508067041339055	1.2470843703759338	1.6221113958538373	0.35697643986912053	0.13397757058761092	0.6430235601308795	0.866022429412389	0.7142857142857143	baseline
ENOG410ZYKS	0.0	0.7950386012961446	0.6323459082064432	1.4591127416779024	0.7507147325361464	0.7113367539128157	0.7507147325361464	0.7113367539128157	0.8571428571428571	endpoint
ENOG410ZYMS	0.0	0.5257039122676084	0.8283222035939928	1.524591191240193	0.6969361074268795	0.7068397196931843	0.6969361074268795	0.7068397196931843	0.7142857142857143	endpoint
ENOG410ZYNB	0.0	0.07885381039749564	0.3436208303946882	1.260728700799466	0.4865957548491172	0.4085743768322786	0.5134042451508828	0.5914256231677214	0.5714285714285714	baseline
ENOG410ZYP5	0.0	0.057824454316897186	0.22349790006059084	1.5614207338092698	0.5271421243678054	0.5077208628022744	0.5271421243678054	0.5077208628022744	0.5714285714285714	endpoint
ENOG410ZYQ7	0.0	0.3619739779656677	0.7302246169586741	1.4557392701210619	0.6500512654655585	0.7089126815439645	0.6500512654655585	0.7089126815439645	0.5714285714285714	endpoint
ENOG410ZYR5	0.0	0.6431461698852228	0.7769092340757245	1.4990310675481178	0.7015960910736894	0.6856487688074987	0.7015960910736894	0.6856487688074987	0.8571428571428571	endpoint
ENOG410ZYRK	0.0	0.4723068742239142	0.5053142478388488	1.759631356449504	0.624312528544456	0.6469190368143217	0.624312528544456	0.6469190368143217	0.5714285714285714	endpoint
ENOG410ZYT0	0.0	0.6412012155072551	0.9197782350910577	1.323890919968243	0.6805101514393372	0.6849058030540287	0.6805101514393372	0.6849058030540287	0.8571428571428571	endpoint
ENOG410ZYTH	0.0	0.31922960578834614	0.42925694353807525	1.4593875939852154	0.5901765323115253	0.61354627866278	0.5901765323115253	0.61354627866278	0.8571428571428571	endpoint
ENOG410ZYUF	0.0	0.2295689423888542	0.31318498073908707	1.1774383196778813	0.4377198498050319	0.4126377189945174	0.5622801501949681	0.5873622810054826	0.7142857142857143	baseline
ENOG410ZYUU	0.0	0.28747194140039406	0.39468903473320277	1.2476896241173572	0.6153972279792447	0.6382786701935055	0.6153972279792447	0.6382786701935055	0.5714285714285714	endpoint
ENOG410ZYVG	0.0	0.8632258118027292	1.2551176280149947	1.5192688996294825	0.24725862103996368	0.1580200802151892	0.7527413789600363	0.8419799197848108	0.8571428571428571	baseline
ENOG410ZYVS	0.0	1.3094577531794624	1.2538528702292497	1.6427869693673385	0.8866532604896238	0.9226201751873369	0.8866532604896238	0.9226201751873369	1.0	endpoint
ENOG410ZYVX	0.0	0.3023784522362721	0.12430075587541559	1.461550169591113	0.3681987910788754	0.4282577313035149	0.6318012089211247	0.571742268696485	0.5714285714285714	baseline
ENOG410ZZ0X	0.0	0.09462449468120007	0.07518104543145844	1.4618481924879045	0.4692765898231697	0.5283583628853189	0.5307234101768303	0.5283583628853189	0.5714285714285714	baseline
ENOG410ZZ1T	0.0	0.3051615514588512	0.4204111363819519	1.1278876499538113	0.6041435217591531	0.5920840872476609	0.6041435217591531	0.5920840872476609	0.7142857142857143	endpoint
ENOG410ZZ25	0.0	0.7249692534162493	1.1982268972430372	1.7210564181069266	0.7324070333563232	0.8822125848572295	0.7324070333563232	0.8822125848572295	0.7142857142857143	endpoint
ENOG410ZZ3B	0.0	0.6052798245133362	0.6975302767144916	1.6078802966478012	0.35540030175541737	0.3229263458977176	0.6445996982445826	0.6770736541022824	0.8571428571428571	baseline
ENOG410ZZ3F	0.0	0.29553715517911083	0.4436207096280232	1.5074255016736968	0.41097556581925326	0.38535734512816294	0.5890244341807467	0.6146426548718371	0.5714285714285714	baseline
ENOG410ZZ4C	0.0	0.35093586582008296	0.25987796349388514	1.818699656934472	0.43690603679360596	0.4274818954014048	0.563093963206394	0.5725181045985952	0.7142857142857143	baseline
ENOG410ZZ52	0.0	0.376877776950174	0.8785807394624175	1.2938944319353967	0.3660752793823861	0.26546621842434137	0.633924720617614	0.7345337815756586	0.5714285714285714	baseline
ENOG410ZZ6Q	0.0	0.5586670800853103	0.9330305600533056	1.449991860812977	0.6600591068043304	0.8521735969092171	0.6600591068043304	0.8521735969092171	0.5714285714285714	endpoint
ENOG410ZZ6S	0.0	0.5529284121331057	0.5389714182538969	1.1437273487784898	0.32212131528907334	0.3368106470416692	0.6778786847109266	0.6631893529583308	1.0	baseline
ENOG410ZZ7B	0.0	0.2618599531248274	0.2275188560303375	0.9100640012871382	0.39603055524980063	0.4588554777683548	0.6039694447501993	0.5411445222316452	0.7142857142857143	baseline
ENOG410ZZ7W	0.0	0.050807885115774505	0.155113071424814	1.1086085014560219	0.48952804615223344	0.46184961740059705	0.5104719538477666	0.538150382599403	0.5714285714285714	baseline
ENOG410ZZBB	0.0	0.2862082109347609	0.30181118886139163	1.085698045020723	0.6097284624814685	0.6380839956539776	0.6097284624814685	0.6380839956539776	0.7142857142857143	endpoint
ENOG410ZZBZ	0.0	0.4448468435542879	0.18936920814154115	1.5141945098224103	0.6577721529142747	0.5728312036111312	0.6577721529142747	0.5728312036111312	0.7142857142857143	endpoint
ENOG410ZZC5	0.0	0.7205068115976518	0.8801471050878192	1.4578971228818	0.7078909087234982	0.6944387976665081	0.7078909087234982	0.6944387976665081	0.8571428571428571	endpoint
ENOG410ZZD0	0.0	0.7149932109967897	0.8442636287994467	1.4277124323985486	0.7311769735766935	0.7625164510901986	0.7311769735766935	0.7625164510901986	0.7142857142857143	endpoint
ENOG410ZZDC	0.0	0.40143791986656663	0.6164597270284171	1.487321240379766	0.6328661289381208	0.6775548557725533	0.6328661289381208	0.6775548557725533	0.5714285714285714	endpoint
ENOG410ZZE8	0.0	1.318897513534333	1.4335255543116152	1.6869604809271368	0.8890888416665329	0.9348956854167658	0.8890888416665329	0.9348956854167658	1.0	endpoint
ENOG410ZZGV	0.0	0.9704648633276758	1.0149514296274584	1.4701951863767995	0.8040430744988686	0.7873939580572235	0.8040430744988686	0.7873939580572235	1.0	endpoint
ENOG410ZZGZ	0.0	0.16557707821182666	0.02130715357577107	1.074916265298681	0.4377730106780628	0.49570558649123014	0.5622269893219372	0.5042944135087699	0.5714285714285714	baseline
ENOG410ZZHJ	0.0	0.03583925749023926	0.17765396664337285	0.8012569912252075	0.5330477871832104	0.4558393993346507	0.5330477871832104	0.5441606006653493	0.5714285714285714	endpoint
ENOG410ZZIS	0.0	0.8033086391879511	0.8478342549251471	1.2482767305367677	0.7516887346766371	0.734653687848008	0.7516887346766371	0.734653687848008	1.0	endpoint
ENOG410ZZJF	0.0	0.7835076145241066	0.9369077176779949	1.4381816088929982	0.7345120430390575	0.7537119229709403	0.7345120430390575	0.7537119229709403	0.8571428571428571	endpoint
ENOG410ZZJU	0.0	0.60029402135446	1.0419041011726662	1.3218213909277565	0.6927989723518584	0.6435738779048801	0.6927989723518584	0.6435738779048801	0.8571428571428571	endpoint
ENOG410ZZKR	0.0	0.6143082080919325	0.6206813176141095	1.2950258937484853	0.6881013077266609	0.6839712714126003	0.6881013077266609	0.6839712714126003	0.8571428571428571	endpoint
ENOG410ZZMV	0.0	0.6992012075170491	0.8730885599650094	1.3020709986271888	0.6961806433808204	0.7553741700918133	0.6961806433808204	0.7553741700918133	0.8571428571428571	endpoint
ENOG410ZZR9	0.0	0.647179676349308	0.9690572762111396	1.3660640510883633	0.6949453740823307	0.8198438148150432	0.6949453740823307	0.8198438148150432	0.8571428571428571	endpoint
ENOG410ZZRH	0.0	0.22715063712598796	0.07490781177724672	1.2620758068622944	0.41592805179226666	0.5363456457481659	0.5840719482077333	0.5363456457481659	0.5714285714285714	baseline
ENOG410ZZRT	0.0	1.0161777225570603	1.0590969010620928	1.5142726399605986	0.8030796487332875	0.7619176291104574	0.8030796487332875	0.7619176291104574	1.0	endpoint
ENOG410ZZUB	0.0	0.6610977735229941	1.0360896966655135	1.826807962562357	0.3374951226972484	0.286251668529791	0.6625048773027515	0.713748331470209	0.7142857142857143	baseline
ENOG410ZZUN	0.0	0.6916762237964945	1.0913308002724538	1.443896388863805	0.7014342798119537	0.8084469472411808	0.7014342798119537	0.8084469472411808	0.8571428571428571	endpoint
ENOG410ZZV4	0.0	0.16271098052062966	0.16846706843698434	1.9208688113951657	0.6204676463465514	0.5902584592722382	0.6204676463465514	0.5902584592722382	0.5714285714285714	endpoint
ENOG410ZZVD	0.0	0.2148359203558731	0.47267652331949533	1.4718304829713378	0.42647264675763263	0.36584691220978377	0.5735273532423674	0.6341530877902162	0.5714285714285714	baseline
ENOG410ZZWY	0.0	0.49024888487485857	1.040939878817463	1.5796734128144834	0.6448492270424963	0.6434138198383531	0.6448492270424963	0.6434138198383531	0.7142857142857143	endpoint
ENOG410ZZXB	0.14285714285714285	1.2296441987090045	1.2213393341166756	2.172517699728603	0.854787697818286	0.901780586897378	0.854787697818286	0.901780586897378	1.0	endpoint
ENOG410ZZXU	0.0	0.24013342585221067	0.6201258479115509	1.5763522532138197	0.6162168547542415	0.7522515289414657	0.6162168547542415	0.7522515289414657	0.7142857142857143	endpoint
ENOG410ZZY0	0.0	0.5315986507589023	1.0314059919583376	1.6066099596820935	0.3410061934506249	0.2039283568667375	0.6589938065493751	0.7960716431332625	0.7142857142857143	baseline
ENOG410ZZY5	0.0	0.6060304415133003	1.1429934046258132	1.5566097578608986	0.7188116048061152	0.8768071457673312	0.7188116048061152	0.8768071457673312	0.7142857142857143	endpoint
ENOG410ZZY6	0.0	0.056158487564947665	0.17494370958641953	1.0044005535666751	0.5203492355016596	0.5302523278275655	0.5203492355016596	0.5302523278275655	0.7142857142857143	endpoint
ENOG410ZZYF	0.0	0.30666774451715434	0.4681894162121426	1.2912833717897012	0.6008030334893933	0.5710189296481544	0.6008030334893933	0.5710189296481544	0.7142857142857143	endpoint
ENOG410ZZYY	0.0	0.7489806800714136	0.8173433148592089	1.5196699156067708	0.7312249605917256	0.623085623299504	0.7312249605917256	0.623085623299504	1.0	endpoint
ENOG410ZZZ9	0.0	0.16633297795292104	0.36528819523440254	1.3800578733256845	0.5441357772179825	0.6195544415951388	0.5441357772179825	0.6195544415951388	0.5714285714285714	endpoint
ENOG4110001	0.0	0.17389944913743266	0.7733554871615934	1.1111064832933022	0.48705367930630733	0.3422461412210367	0.5129463206936926	0.6577538587789633	0.5714285714285714	baseline
ENOG411000B	0.0	0.22690856983973573	0.567160572519227	1.0808989748120588	0.4297824239444192	0.351305174034416	0.5702175760555808	0.648694825965584	0.7142857142857143	baseline
ENOG411000T	0.0	0.32442357763936386	0.761446272703475	1.3483194427938072	0.6049043923519284	0.5970187057240044	0.6049043923519284	0.5970187057240044	0.5714285714285714	endpoint
ENOG411000U	0.0	0.2025024725593624	0.07742750704509731	1.2378259832213325	0.5887548287138252	0.5371488203591029	0.5887548287138252	0.5371488203591029	0.5714285714285714	endpoint
ENOG411001J	0.0	1.1070437496085208	1.1650098951075285	1.9893818761499986	0.8177644922333084	0.8008523935105454	0.8177644922333084	0.8008523935105454	1.0	endpoint
ENOG411002M	0.0	0.9327219170752395	1.1817926565950456	1.7316059185396693	0.24303779197349068	0.14658879248794596	0.7569622080265093	0.853411207512054	0.8571428571428571	baseline
ENOG411002P	0.0	0.14885549184300473	0.27348796061916464	1.4760366645883052	0.5481536244683828	0.44278455106696213	0.5481536244683828	0.5572154489330379	0.5714285714285714	endpoint
ENOG411002Y	0.0	0.7949463530540248	1.2543934212457564	1.9220392996767477	0.7146937503388973	0.8533930572531991	0.7146937503388973	0.8533930572531991	0.8571428571428571	endpoint
ENOG411004G	0.0	0.08729575863993934	0.002400946861044465	1.4732611146608798	0.4787607572983095	0.47022232061038366	0.5212392427016905	0.5297776793896163	0.5714285714285714	baseline
ENOG411004P	0.0	0.14067711897525773	0.14169650965004169	1.1304748453849005	0.4555902524371182	0.44738108065107585	0.5444097475628817	0.5526189193489242	0.7142857142857143	baseline
ENOG411004W	0.0	0.016730123374302956	0.27698108206897915	1.38174207157876	0.49398850628374985	0.600758244493008	0.5060114937162501	0.600758244493008	0.5714285714285714	endpoint
ENOG411005D	0.0	0.5007833600252781	1.1113959550367336	1.4369902813150484	0.35282158435250005	0.18983128987551448	0.6471784156475	0.8101687101244855	0.7142857142857143	baseline
ENOG411005S	0.0	0.20127969729217426	0.01016334294166436	1.2128980596983667	0.5825977381713381	0.5239840199229873	0.5825977381713381	0.5239840199229873	0.7142857142857143	endpoint
ENOG411006M	0.0	0.032120762882609864	0.1858159098386511	1.1468647881785785	0.48839722403432395	0.43977597782658995	0.511602775965676	0.56022402217341	0.5714285714285714	baseline
ENOG411007C	0.0	0.1506289621915595	0.12600948869674833	0.8844640644647553	0.43954843261990956	0.4512129036047794	0.5604515673800905	0.5487870963952206	0.5714285714285714	baseline
ENOG411007H	0.0	0.03401290287331755	0.14678827969587774	1.3799323924710163	0.48676542092167735	0.5592581652068254	0.5132345790783226	0.5592581652068254	0.5714285714285714	endpoint
ENOG4110080	0.0	1.107838428208119	1.0993138131920464	1.8132163559707064	0.8285040599182373	0.8962090254825508	0.8285040599182373	0.8962090254825508	0.8571428571428571	endpoint
ENOG4110088	0.0	0.1813057047900712	0.5264326598895095	1.2882052978008744	0.5558597295006981	0.5580071392823648	0.5558597295006981	0.5580071392823648	0.5714285714285714	endpoint
ENOG411008E	0.0	0.3057924801933786	0.4261655420980581	1.3734342413100535	0.42481424337712775	0.3766241900687169	0.5751857566228722	0.6233758099312832	0.8571428571428571	baseline
ENOG411009W	0.0	0.35033268100326254	0.33216380352534486	1.5925417516972937	0.36939300750749327	0.35690917452086063	0.6306069924925067	0.6430908254791394	0.5714285714285714	baseline
ENOG41100B0	0.0	1.004401534455296	1.0057549103344987	1.7542259058906178	0.20849732446629238	0.20485149633897257	0.7915026755337076	0.7951485036610274	1.0	baseline
ENOG41100BD	0.0	0.147703036364668	0.12085191020806323	1.367787743574643	0.5737103828651373	0.48494187972292385	0.5737103828651373	0.5150581202770761	0.5714285714285714	endpoint
ENOG41100C5	0.14285714285714285	1.4181372120686908	1.307890259859982	2.368468056105193	0.9076068249236214	0.8979423443470927	0.9076068249236214	0.8979423443470927	1.0	endpoint
ENOG41100CF	0.0	0.15224496993751746	0.017698941068180447	1.2960906557174783	0.562996280332006	0.5068264441066843	0.562996280332006	0.5068264441066843	0.5714285714285714	endpoint
ENOG41100DU	0.0	0.015132147670691312	0.08720023995469403	0.9743857463007688	0.4987036175693969	0.47368282290423797	0.5012963824306031	0.526317177095762	0.5714285714285714	endpoint
ENOG41100EM	0.0	0.10912376312519197	0.31275216164604935	1.4422550738790256	0.4987251035414051	0.5782752320346776	0.5012748964585949	0.5782752320346776	0.7142857142857143	endpoint
ENOG41100ES	0.0	0.07775965118361208	0.08789018453072825	1.5579656473877077	0.5616704367407361	0.5337415880797669	0.5616704367407361	0.5337415880797669	0.5714285714285714	endpoint
ENOG41100FH	0.0	0.8378371375692346	1.163392873476449	1.9744093449398576	0.7276307785133692	0.798366997498331	0.7276307785133692	0.798366997498331	0.7142857142857143	endpoint
ENOG41100IV	0.0	0.3387670693409886	0.5771926445739671	1.3779523288033124	0.4428334123866314	0.3485399626602246	0.5571665876133687	0.6514600373397754	0.7142857142857143	baseline
ENOG41100K7	0.0	0.1307238258878408	0.21954436940990105	1.3527099130322862	0.5464232745478398	0.5398122985464172	0.5464232745478398	0.5398122985464172	0.7142857142857143	endpoint
ENOG41100M6	0.0	0.6201626314781983	0.8110704610182722	1.3908582579877737	0.3325098612160896	0.3311992640599294	0.6674901387839104	0.6688007359400706	0.7142857142857143	baseline
ENOG41100MA	0.0	0.19986401003764007	0.185104072191697	1.4919030898359267	0.4632111875821837	0.4634457479517102	0.5367888124178163	0.5365542520482898	0.7142857142857143	baseline
ENOG41100NK	0.14285714285714285	1.355115129748516	1.4453506816946575	2.3629496986719847	0.8781548498308408	0.9670373075130115	0.8781548498308408	0.9670373075130115	1.0	endpoint
ENOG41100PD	0.0	1.0107320632954626	1.0519941192029703	1.3794499606736708	0.1916282027788307	0.25008474553534904	0.8083717972211693	0.749915254464651	1.0	baseline
ENOG41100PS	0.0	0.5394086958512895	0.7390489872478821	1.399024532515457	0.36003700935670974	0.3404198219925634	0.6399629906432902	0.6595801780074366	0.7142857142857143	baseline
ENOG41100QN	0.0	0.30780965956695144	0.456279018333385	1.438507214477947	0.5885095728205816	0.633403107739577	0.5885095728205816	0.633403107739577	0.5714285714285714	endpoint
ENOG41100QY	0.0	0.6130441809194073	1.1898528039126193	1.7809873687827353	0.6875121111647038	0.8952635851777286	0.6875121111647038	0.8952635851777286	0.5714285714285714	endpoint
ENOG41100UJ	0.0	0.6295126402153616	0.6697739457027806	1.366290380237007	0.6687534521511488	0.6959157063557572	0.6687534521511488	0.6959157063557572	0.8571428571428571	endpoint
ENOG41100UY	0.0	1.4085819741086734	1.3620557921964271	1.6302767256739268	0.9146590781278496	0.944023919659525	0.9146590781278496	0.944023919659525	1.0	endpoint
ENOG41100V7	0.0	1.2689416064481718	1.2959885709510206	1.5541863616970129	0.8823098580888459	0.967088340260041	0.8823098580888459	0.967088340260041	1.0	endpoint
ENOG41100W0	0.0	0.20773131607460565	0.570329210746368	1.7307006572758243	0.5671335901965878	0.6465261407534519	0.5671335901965878	0.6465261407534519	0.5714285714285714	endpoint
ENOG411011S	0.0	0.7126834371510904	0.343319298672274	1.636219657012296	0.28369279234340194	0.41012416962595144	0.716307207656598	0.5898758303740486	0.8571428571428571	baseline
ENOG411011U	0.0	1.1321619183808296	1.0876656143570964	1.5329090630668836	0.8490001498645293	0.8822926446177203	0.8490001498645293	0.8822926446177203	1.0	endpoint
ENOG411012J	0.0	0.21618348353369493	0.5892325722371541	1.4069364337472061	0.5684245644132535	0.6700500414425866	0.5684245644132535	0.6700500414425866	0.5714285714285714	endpoint
ENOG4110145	0.0	0.3221271155440983	0.25917082077009534	1.450958203918939	0.6084537897654643	0.6175964746569698	0.6084537897654643	0.6175964746569698	0.8571428571428571	endpoint
ENOG411015J	0.0	1.0584909560547124	1.1625159540486358	1.5347834105231504	0.8032345710677753	0.828068217485393	0.8032345710677753	0.828068217485393	1.0	endpoint
ENOG411015R	0.0	0.48307953349325666	0.3021576114047435	1.0732351387489802	0.6585259887603347	0.5746386748013229	0.6585259887603347	0.5746386748013229	0.8571428571428571	endpoint
ENOG4110187	0.0	0.2688993637696793	0.21974019150173296	1.0215435029601116	0.5967974190143313	0.5571479490877653	0.5967974190143313	0.5571479490877653	0.7142857142857143	endpoint
ENOG4110189	0.0	1.0634119579061567	1.4087889126082367	1.5689190854022037	0.7902618555737465	0.8810084440338999	0.7902618555737465	0.8810084440338999	0.8571428571428571	endpoint
ENOG411019K	0.0	0.18485241485051068	0.11440902491886012	1.3995196765200109	0.42862651117743333	0.45162931007438645	0.5713734888225667	0.5483706899256136	0.5714285714285714	baseline
ENOG41101BA	0.0	0.49385359474083035	0.1955430814964195	1.628026530059313	0.6404216407721989	0.5615346069684554	0.6404216407721989	0.5615346069684554	0.5714285714285714	endpoint
ENOG41101CE	0.0	0.4387902404068483	0.7150792217023259	1.4736870106336013	0.6264277606203602	0.7163731547494818	0.6264277606203602	0.7163731547494818	0.7142857142857143	endpoint
ENOG41101FB	0.0	0.19449625244208213	0.3029728376019262	1.1955694186907628	0.4340123760954361	0.4225707247491012	0.5659876239045639	0.5774292752508988	0.7142857142857143	baseline
ENOG41101GZ	0.0	0.07062805146795718	0.4022816591455363	1.2824694902624336	0.45419583589921775	0.5703208019928877	0.5458041641007823	0.5703208019928877	0.5714285714285714	baseline
ENOG41101HG	0.0	0.6151358301763451	0.6518150688774024	1.2935005768107368	0.694759550403876	0.7062460177771297	0.694759550403876	0.7062460177771297	0.8571428571428571	endpoint
ENOG41101HV	0.0	0.15359639801903827	0.09945429848105213	1.1043587626219242	0.4521899649879173	0.4827741069307344	0.5478100350120827	0.5172258930692656	0.5714285714285714	baseline
ENOG41101IJ	0.0	0.04742125550583099	0.24594079152721024	1.4748099590133452	0.4942691254560834	0.5706906449372338	0.5057308745439166	0.5706906449372338	0.5714285714285714	endpoint
ENOG41101IZ	0.0	1.126920949543394	1.2343929416655488	1.872132947138547	0.8308548674620196	0.8653053699372256	0.8308548674620196	0.8653053699372256	1.0	endpoint
ENOG41101JG	0.0	0.12154545324835857	0.09600052495141774	1.9171392039903774	0.47788929554098497	0.4379717264357506	0.522110704459015	0.5620282735642494	0.5714285714285714	endpoint
ENOG41101U4	0.0	0.8194225522949382	1.1440173006592753	1.4873099647055752	0.7095930968809144	0.8098995153906839	0.7095930968809144	0.8098995153906839	0.8571428571428571	endpoint
ENOG41101U7	0.0	0.5272823384428551	0.45424031473771603	1.948406475364652	0.6529234608284644	0.5933638879641011	0.6529234608284644	0.5933638879641011	0.8571428571428571	endpoint
ENOG41101VY	0.0	0.4504318003272619	0.3553335519205456	1.4158382663487121	0.37881617658167965	0.4023908161699079	0.6211838234183203	0.5976091838300921	0.7142857142857143	baseline
ENOG41101W1	0.0	0.334339008830352	0.1428728656468471	1.300701453395871	0.6490356729197234	0.5580100931897	0.6490356729197234	0.5580100931897	0.5714285714285714	endpoint
ENOG41101WE	0.0	0.3950235636156653	0.721231940985474	1.2959795599227182	0.5896303704327513	0.5903432452902941	0.5896303704327513	0.5903432452902941	0.7142857142857143	endpoint
ENOG41101Y3	0.0	0.272076534192639	0.19132519792842442	1.237057908079321	0.6062611652110997	0.5984568132763888	0.6062611652110997	0.5984568132763888	0.7142857142857143	endpoint
ENOG41101YT	0.0	0.6577926682107248	0.9768988578352342	1.330617479942848	0.3245031565594032	0.25800146416906	0.6754968434405968	0.74199853583094	0.8571428571428571	baseline
ENOG41101ZB	0.0	0.06831877102125386	0.1529320037802261	1.2639528865108107	0.4704744276367971	0.5234172967863374	0.5295255723632029	0.5234172967863374	0.5714285714285714	baseline
ENOG411020B	0.0	0.5079313571168712	0.5365516394980239	1.3442160699000172	0.34046985889261083	0.31845070826361416	0.6595301411073892	0.6815492917363859	0.7142857142857143	baseline
ENOG4110219	0.0	0.38376744402786184	0.5079910580162419	1.2962584658985652	0.5884799942489808	0.6319527329482788	0.5884799942489808	0.6319527329482788	0.8571428571428571	endpoint
ENOG411021X	0.0	0.07824523764135691	0.050742247411977665	1.0121608137709144	0.4551669644840812	0.5013321104606524	0.5448330355159188	0.5013321104606524	0.5714285714285714	baseline
ENOG411024B	0.0	0.19859424051044933	0.004747238294938807	1.4912068953553703	0.5696358223746544	0.5143044374977899	0.5696358223746544	0.5143044374977899	0.5714285714285714	endpoint
ENOG411027S	0.0	0.2357908266170501	0.045317876075519216	0.8617616119809105	0.5677139158817734	0.5372000974897612	0.5677139158817734	0.5372000974897612	0.7142857142857143	endpoint
ENOG411027Z	0.0	0.4292396826011157	0.5996689913862316	1.2129784460051556	0.40522849886452617	0.3213184683188254	0.5947715011354738	0.6786815316811746	0.7142857142857143	baseline
ENOG4110288	0.0	0.1333696079243519	0.026053516374373305	1.3612798055591475	0.4371946764762643	0.5192854172936824	0.5628053235237357	0.5192854172936824	0.5714285714285714	baseline
ENOG411028W	0.0	0.9168129875269756	1.0235068120092359	1.5229805127662668	0.7903094399916165	0.8675902772666111	0.7903094399916165	0.8675902772666111	1.0	endpoint
ENOG411029V	0.0	0.407219080885315	0.8593433299606565	1.4546178852507272	0.3260731997722982	0.23854503197675503	0.6739268002277018	0.761454968023245	0.5714285714285714	baseline
ENOG41102A3	0.0	0.10285989835318587	0.04657395750470325	1.1299483823018288	0.5049785011564253	0.5273139851850576	0.5049785011564253	0.5273139851850576	0.5714285714285714	endpoint
ENOG41102CA	0.0	0.31644674997649647	0.5217957283048149	1.7299577234139445	0.620331346319071	0.6351799875415017	0.620331346319071	0.6351799875415017	0.7142857142857143	endpoint
ENOG41102CJ	0.0	0.7344009889362493	1.039589477628251	1.5695240204777934	0.6944313985788293	0.7899500338443157	0.6944313985788293	0.7899500338443157	0.8571428571428571	endpoint
ENOG41102GP	0.0	0.3122554248756279	0.1435776748839069	1.614099547187766	0.4187408438646151	0.42164096913235544	0.5812591561353849	0.5783590308676445	0.5714285714285714	baseline
ENOG41102I4	0.0	0.3115907333664089	0.8690433459635802	1.3464518690370793	0.620800240080993	0.7799880334930706	0.620800240080993	0.7799880334930706	0.7142857142857143	endpoint
ENOG41102NG	0.0	0.8912509566553751	0.7734469594044224	1.5321844293274018	0.7854063829428776	0.8040237715592079	0.7854063829428776	0.8040237715592079	1.0	endpoint
ENOG41102NI	0.0	1.1109554230945209	1.436343279897865	1.560896384071331	0.8213393312877731	0.9200982953524293	0.8213393312877731	0.9200982953524293	0.8571428571428571	endpoint
ENOG41102QB	0.0	0.16540251595782676	0.1658357917966895	1.3818289982328678	0.5761273115307846	0.5533461754135525	0.5761273115307846	0.5533461754135525	0.7142857142857143	endpoint
ENOG41102SE	0.0	1.054522163827649	1.1769487120103221	1.5197118088920152	0.18187245898146226	0.13730557559723225	0.8181275410185378	0.8626944244027678	1.0	baseline
ENOG41102U3	0.0	0.3256303072476638	0.05211641155404526	1.3560546639713185	0.39328200122485724	0.4995401632434931	0.6067179987751428	0.500459836756507	0.5714285714285714	baseline
ENOG41102WG	0.0	0.3844584944865654	0.446269417275416	1.3557501924899462	0.3775107486972154	0.40886580384101107	0.6224892513027847	0.5911341961589889	0.8571428571428571	baseline
ENOG41102XJ	0.14285714285714285	0.7991095255790029	0.6653579459845967	2.0870091934416704	0.7102268389245067	0.6910330196551027	0.7102268389245067	0.6910330196551027	0.8571428571428571	endpoint
ENOG4110302	0.0	0.6882150515007012	0.8809067516728583	1.1629896374757118	0.3080958851644963	0.30140219183420425	0.6919041148355036	0.6985978081657958	0.8571428571428571	baseline
ENOG411032J	0.0	0.27261522966980717	0.6206839924096921	1.4736030207120583	0.6075271883508799	0.7103165132301302	0.6075271883508799	0.7103165132301302	0.7142857142857143	endpoint
ENOG4110335	0.0	0.32666829463859376	1.0741672427476225	1.3097874550542556	0.36331774694498337	0.19185709903698311	0.6366822530550167	0.8081429009630169	0.5714285714285714	baseline
ENOG4110348	0.0	0.258610285968515	0.2339554753725724	1.356844697841033	0.5358073596347993	0.587043461058821	0.5358073596347993	0.587043461058821	0.7142857142857143	endpoint
ENOG411034D	0.14285714285714285	0.9799865779014311	1.2109270956648892	2.038450187971664	0.7531930224705666	0.8089975885223989	0.7531930224705666	0.8089975885223989	0.8571428571428571	endpoint
ENOG411037S	0.0	0.5188720122293458	0.7012426873046665	1.452320966099256	0.6643511947996127	0.700924186137633	0.6643511947996127	0.700924186137633	0.7142857142857143	endpoint
ENOG411039E	0.0	0.7682897326611593	1.0307203824804732	1.499718869108359	0.7220590519599225	0.8168964008188008	0.7220590519599225	0.8168964008188008	0.8571428571428571	endpoint
ENOG41103AJ	0.0	0.6948613976041944	1.0091744563160308	1.3427224871400074	0.7318880125361167	0.8589634988589634	0.7318880125361167	0.8589634988589634	0.8571428571428571	endpoint
ENOG41103AX	0.0	0.9551978202341862	1.0133851730744627	1.4646655355674505	0.24017616402003886	0.1987713880030686	0.7598238359799612	0.8012286119969314	1.0	baseline
ENOG41103B0	0.0	0.10497523640398916	0.1829216028368737	1.377256380376516	0.5316044898539211	0.5009853171624062	0.5316044898539211	0.5009853171624062	0.5714285714285714	endpoint
ENOG41103MM	0.0	0.14609703171996716	0.1499250789935681	1.4242205617712325	0.4358521513577786	0.4457337498696373	0.5641478486422213	0.5542662501303627	0.5714285714285714	baseline
ENOG41103RQ	0.0	0.622112033396972	0.8617865432833439	1.4807132278755708	0.7248129236596305	0.8389261595270122	0.7248129236596305	0.8389261595270122	0.7142857142857143	endpoint
ENOG41103XH	0.0	0.7150035856884298	0.29319243410725615	1.762866988833014	0.7110950306134061	0.6110134977172103	0.7110950306134061	0.6110134977172103	1.0	endpoint
ENOG41103Y5	0.0	1.217342187256431	1.1879387861105413	1.7983851805813436	0.858723612546555	0.8786812122076791	0.858723612546555	0.8786812122076791	1.0	endpoint
ENOG41104JX	0.0	0.9055207501920537	0.7397972270928722	1.544808033772619	0.24399587476173631	0.26680004015437103	0.7560041252382637	0.7331999598456289	1.0	baseline
ENOG41104RH	0.0	1.0150327081566173	1.2323634670539567	1.56045903215277	0.7953883404048591	0.9377560984984058	0.7953883404048591	0.9377560984984058	0.8571428571428571	endpoint
ENOG41104UK	0.0	0.33189319557060165	0.18542823959401752	1.1371277706633243	0.6218849092517365	0.5565440259241241	0.6218849092517365	0.5565440259241241	0.5714285714285714	endpoint
ENOG41104XX	0.0	0.25878534062294983	0.5105473626916094	1.1795300004170406	0.5582953848718152	0.5793854323564468	0.5582953848718152	0.5793854323564468	0.7142857142857143	endpoint
ENOG4110504	0.0	0.8643385813611777	1.203988833937165	1.524545385372339	0.7441445359836673	0.7236909072998468	0.7441445359836673	0.7236909072998468	0.8571428571428571	endpoint
ENOG41105G9	0.0	0.08563379503657528	0.3296094761610583	1.430638599110013	0.5240136650425041	0.5253350714079151	0.5240136650425041	0.5253350714079151	0.5714285714285714	endpoint
ENOG41105P2	0.0	0.593517685906244	1.2275694342201195	1.5730666732843333	0.635470352869096	0.8001757017873201	0.635470352869096	0.8001757017873201	0.7142857142857143	endpoint
ENOG41105S6	0.0	0.6316022086581453	0.6786668914581931	1.5487229445220176	0.6578190113724836	0.6798008338729088	0.6578190113724836	0.6798008338729088	0.8571428571428571	endpoint
ENOG41105VJ	0.0	0.11631389257219574	0.1262756316398204	1.4286657366328446	0.45112377527491515	0.5422092979118212	0.5488762247250849	0.5422092979118212	0.5714285714285714	baseline
ENOG41105XQ	0.0	0.18344740708390767	0.34675027101213207	1.4019176711159187	0.4068079523656655	0.412058433120948	0.5931920476343344	0.587941566879052	0.7142857142857143	baseline
ENOG41105ZK	0.0	1.0462198362803794	1.0219789798270413	1.9902207894893917	0.220407023666694	0.14025009076303627	0.779592976333306	0.8597499092369637	0.8571428571428571	baseline
ENOG41106EH	0.0	0.2566536500946509	0.524258396643276	1.4698972250386553	0.5972610917726057	0.6521407472907358	0.5972610917726057	0.6521407472907358	0.7142857142857143	endpoint
ENOG41106SB	0.0	0.4923379339214654	1.0274925722852284	1.369599518972081	0.6318561579527456	0.6479595872019134	0.6318561579527456	0.6479595872019134	0.7142857142857143	endpoint
ENOG41106VG	0.0	0.49805674800493777	0.6826760563546291	1.17750137149077	0.6620282230053643	0.6958065335925439	0.6620282230053643	0.6958065335925439	0.7142857142857143	endpoint
ENOG411072U	0.0	0.5444991553247579	0.6246216366190676	1.154041240607261	0.34253411027794467	0.346190834299309	0.6574658897220553	0.653809165700691	0.8571428571428571	baseline
ENOG41107HC	0.0	0.04933208139354422	0.5528517340597451	1.4618604031732156	0.4999900260998152	0.6606889085853082	0.5000099739001849	0.6606889085853082	0.5714285714285714	baseline
ENOG41107YC	0.0	0.5351929259968167	0.4723069683133728	1.2323181796207674	0.6741515950571075	0.5643628574723555	0.6741515950571075	0.5643628574723555	0.8571428571428571	endpoint
ENOG4110816	0.0	0.5157098267321382	1.0062177213321224	1.2811098287638738	0.6250597844254463	0.6818167305735454	0.6250597844254463	0.6818167305735454	0.7142857142857143	endpoint
ENOG41108DP	0.0	1.0354814557005183	1.1074750784068028	1.9363148613897692	0.8084062134479242	0.7920434256069843	0.8084062134479242	0.7920434256069843	0.8571428571428571	endpoint
ENOG41108K1	0.0	0.1305297326856504	0.7147988699568223	1.4731221470256262	0.5245173805247269	0.5971576414429998	0.5245173805247269	0.5971576414429998	0.7142857142857143	endpoint
ENOG41108WW	0.0	0.11986012510107978	0.29620060653269276	1.0496550838138432	0.467707499561559	0.37777772423236283	0.532292500438441	0.6222222757676372	0.7142857142857143	baseline
ENOG41109CF	0.0	0.2823184941322207	0.5864706849496615	1.6033149330327647	0.5545240104777264	0.5679732743313715	0.5545240104777264	0.5679732743313715	0.5714285714285714	endpoint
ENOG41109IH	0.0	0.7786895134878088	0.8995628758279461	1.5272338714883296	0.7736570265755154	0.852475113622103	0.7736570265755154	0.852475113622103	0.8571428571428571	endpoint
ENOG41109YT	0.0	0.2280136114479689	0.5586203822053738	1.5016647466565882	0.4375995783902346	0.3536591674332641	0.5624004216097653	0.6463408325667359	0.5714285714285714	baseline
ENOG4110A1H	0.14285714285714285	1.1486227418435226	1.5200780560780622	2.0466776972111282	0.80061198522112	0.8895252381043447	0.80061198522112	0.8895252381043447	0.8571428571428571	endpoint
ENOG4110AED	0.0	0.7385465200340324	0.7978362450918477	1.4465188286567696	0.2568372969541344	0.22022276134753327	0.7431627030458656	0.7797772386524667	0.8571428571428571	baseline
ENOG4110AY7	0.0	0.3028400883359784	0.3631263901407412	1.3306389363086335	0.5589723442555655	0.6017342666895255	0.5589723442555655	0.6017342666895255	0.7142857142857143	endpoint
ENOG4110B0F	0.0	0.8558645802723228	0.6553925893952572	1.783922300709834	0.2759852217466529	0.3035560905734047	0.724014778253347	0.6964439094265953	0.8571428571428571	baseline
ENOG4110B36	0.0	0.44204954382239264	0.8493280769400652	1.620518835820649	0.6079823986364764	0.7117504708972088	0.6079823986364764	0.7117504708972088	0.7142857142857143	endpoint
ENOG4110B6A	0.0	0.09167948377525234	0.009513165105614705	1.2170887741677336	0.45431034955413935	0.5154186154440353	0.5456896504458606	0.5154186154440353	0.5714285714285714	baseline
ENOG4110BBF	0.0	0.49098153784062337	0.808709097780733	1.818343339003072	0.36733576042770394	0.19333599799383575	0.6326642395722961	0.8066640020061643	0.7142857142857143	baseline
ENOG4110BJG	0.0	0.17929066307179722	0.17519262126309204	1.2596973662841673	0.5512358358160275	0.5527906692570543	0.5512358358160275	0.5527906692570543	0.5714285714285714	endpoint
ENOG4110BMM	0.0	0.8559096310185546	1.273261674678312	1.544698720605989	0.23565852623982955	0.2532046071872995	0.7643414737601705	0.7467953928127005	0.8571428571428571	baseline
ENOG4110BQE	0.0	0.2499917277848554	0.8444707650558634	1.362007522515545	0.5675603076417947	0.7404031599269062	0.5675603076417947	0.7404031599269062	0.5714285714285714	endpoint
ENOG4110BWW	0.0	0.285812330359222	0.7800241766960292	1.1798386314929241	0.6154831965134251	0.7509951530431949	0.6154831965134251	0.7509951530431949	0.7142857142857143	endpoint
ENOG4110C99	0.0	0.2493249268006495	0.4805937993964857	1.3288036115168953	0.42881421051590135	0.3903653815721555	0.5711857894840986	0.6096346184278445	0.7142857142857143	baseline
ENOG4110CVX	0.0	0.012191183753093502	0.16178764359068384	1.0672381153293928	0.5139155776769699	0.4974771422722977	0.5139155776769699	0.5025228577277023	0.5714285714285714	endpoint
ENOG4110DEK	0.0	0.08246687211136514	0.4155785847610133	1.2487684670160641	0.4935314831293064	0.40163605158479426	0.5064685168706936	0.5983639484152057	0.5714285714285714	baseline
ENOG4110DHN	0.0	0.6158592678924203	0.7526884877971891	1.3063868870119073	0.7022906679077948	0.8031306628986031	0.7022906679077948	0.8031306628986031	0.8571428571428571	endpoint
ENOG4110DP8	0.0	0.38621573815020355	0.531759567697304	1.5284887591053018	0.3890084883882298	0.3823503511489565	0.6109915116117701	0.6176496488510435	0.5714285714285714	baseline
ENOG4110DZH	0.0	0.5007737421872804	0.7811963684267786	1.7046479828715022	0.3555443631100861	0.24964979122164294	0.6444556368899139	0.7503502087783571	0.7142857142857143	baseline
ENOG4110E68	0.0	0.38112075399356343	0.8624608188774446	0.9848524487609267	0.5978906610059626	0.6300903744992706	0.5978906610059626	0.6300903744992706	0.7142857142857143	endpoint
ENOG4110EAV	0.0	0.3444830625270518	0.6283165432450485	1.239223431538492	0.6086215427101008	0.6808230343586944	0.6086215427101008	0.6808230343586944	0.5714285714285714	endpoint
ENOG4110F72	0.0	0.4085468082811958	0.907695759441143	1.2777297114478314	0.3638437809629044	0.2631354546766347	0.6361562190370956	0.7368645453233653	0.7142857142857143	baseline
ENOG4110F95	0.0	0.16166424515683414	0.007346533679034934	1.1851109545766547	0.4392119427633587	0.5056106992724969	0.5607880572366413	0.5056106992724969	0.5714285714285714	baseline
ENOG4110FB9	0.0	0.8172971999702072	0.9843539884895799	1.6042936778823793	0.22424911053700475	0.18250557084344177	0.7757508894629952	0.8174944291565582	0.8571428571428571	baseline
ENOG4110G9P	0.0	0.7727280188279073	1.2636779873602224	1.5386688737558287	0.7212303441072828	0.7260353647074965	0.7212303441072828	0.7260353647074965	0.7142857142857143	endpoint
ENOG4110GG4	0.0	0.46781264887089696	0.6534752197556069	1.5898215380316296	0.3457197720801634	0.24661970226974156	0.6542802279198365	0.7533802977302584	0.5714285714285714	baseline
ENOG4110GJF	0.0	0.9939042986559025	1.1099641607572306	1.4776312582080244	0.8148442522168227	0.904545796878806	0.8148442522168227	0.904545796878806	1.0	endpoint
ENOG4110GRU	0.0	0.08060405348913566	0.3588796263864821	1.2626781633607602	0.5424556462673229	0.5480841289952475	0.5424556462673229	0.5480841289952475	0.5714285714285714	endpoint
ENOG4110GT4	0.0	1.1635065625097403	1.3133575185220774	1.8761247020308878	0.8490411262281158	0.9311121772694101	0.8490411262281158	0.9311121772694101	0.8571428571428571	endpoint
ENOG4110GX4	0.0	0.39889002083000136	0.9926393739031701	1.4692511074858066	0.6307301836045046	0.7493842183978188	0.6307301836045046	0.7493842183978188	0.7142857142857143	endpoint
ENOG4110H5Q	0.0	0.287664915303	0.7396089307173225	1.3957749950314378	0.6208388528779827	0.7542021328221145	0.6208388528779827	0.7542021328221145	0.7142857142857143	endpoint
ENOG4110HET	0.0	0.6528312444121668	0.5270270270489082	1.3156035243392339	0.6991831568683002	0.7182949645343235	0.6991831568683002	0.7182949645343235	0.8571428571428571	endpoint
ENOG4110HN9	0.0	0.8231615215669642	0.9702310105799937	1.5731324373869633	0.26331462841608155	0.14542786714517067	0.7366853715839184	0.8545721328548294	0.8571428571428571	baseline
ENOG4110HXD	0.0	0.04739464157256895	0.26626627578859524	1.0546471256914387	0.4687473738853935	0.4343359086232781	0.5312526261146064	0.5656640913767219	0.5714285714285714	baseline
ENOG4110I8X	0.0	0.6134821804338773	0.5454047403827957	1.2550942668919651	0.6865246756205708	0.6724946838510415	0.6865246756205708	0.6724946838510415	0.8571428571428571	endpoint
ENOG4110IQD	0.0	0.36066516283412337	0.08756634776872275	1.3050322972093735	0.6373200717582093	0.5009806719398346	0.6373200717582093	0.5009806719398346	0.5714285714285714	endpoint
ENOG4110J45	0.0	0.7789369932907938	0.9594330250342761	1.390687026663012	0.7439239239657834	0.800247087173724	0.7439239239657834	0.800247087173724	1.0	endpoint
ENOG4110JED	0.0	0.5901827687399098	0.8567123630390181	1.436120780041487	0.28218488216881005	0.23938367538758215	0.71781511783119	0.7606163246124178	0.7142857142857143	baseline
ENOG4110KBG	0.0	0.2715604244697416	0.8187910054664692	1.4218931849622474	0.5798870010969912	0.7479718284073901	0.5798870010969912	0.7479718284073901	0.7142857142857143	endpoint
ENOG4110MCC	0.0	0.8143118974280675	0.9003706579764666	1.2891288338501294	0.7686341312803701	0.7994690515021481	0.7686341312803701	0.7994690515021481	0.8571428571428571	endpoint
ENOG4110MHC	0.0	0.3091786597248231	0.49877821697843433	1.5619192342028865	0.5482124527478253	0.6714579952965305	0.5482124527478253	0.6714579952965305	0.7142857142857143	endpoint
ENOG4110MHZ	0.0	0.18796079774553642	0.33409741929767706	1.574907120421747	0.43840045887886	0.5432487183146976	0.5615995411211401	0.5432487183146976	0.5714285714285714	baseline
ENOG4110MQC	0.0	0.6852001866966163	0.9422806909850406	1.5372979062778884	0.29888444371766043	0.24192582300608192	0.7011155562823396	0.7580741769939181	0.8571428571428571	baseline
ENOG4110MXI	0.0	0.7645579165352288	0.9048175019375502	1.5324522132517504	0.7088125881310032	0.7247227837417007	0.7088125881310032	0.7247227837417007	0.7142857142857143	endpoint
ENOG4110N8N	0.0	0.8556282910912393	1.0328788873941808	1.7198187692744824	0.27706533916652043	0.18065211928379915	0.7229346608334796	0.8193478807162009	0.8571428571428571	baseline
ENOG4110NBR	0.0	0.20585510209303104	0.08770401267594378	1.7695300991568257	0.4510685430911882	0.45606226332745614	0.5489314569088117	0.5439377366725439	0.5714285714285714	baseline
ENOG4110NSM	0.0	0.13333290078035082	0.3851620159333572	0.8697053111384871	0.5203144908822721	0.5345566291312305	0.5203144908822721	0.5345566291312305	0.5714285714285714	endpoint
ENOG4110NU4	0.0	0.40587414575852787	0.047969092223117626	1.2464247456336606	0.6279804044457774	0.547040353164521	0.6279804044457774	0.547040353164521	0.5714285714285714	endpoint
ENOG4110P1F	0.0	0.8183624014559979	0.9522064926328345	1.2571136873140603	0.7365949983295709	0.6727707054495289	0.7365949983295709	0.6727707054495289	1.0	endpoint
ENOG4110P6K	0.0	0.22658934883789292	0.10735169762958141	1.2227038764215048	0.5751108150029969	0.5382912988824459	0.5751108150029969	0.5382912988824459	0.5714285714285714	endpoint
ENOG4110P7J	0.0	0.2926176882523781	0.3212466128385293	1.3535483984009684	0.39307080152926027	0.41461652316036557	0.6069291984707397	0.5853834768396344	0.7142857142857143	baseline
ENOG4110PFG	0.0	0.31571237292561094	0.3910372425016016	0.9790797457280076	0.616926786824104	0.6051464224641755	0.616926786824104	0.6051464224641755	0.7142857142857143	endpoint
ENOG4110PHZ	0.0	0.16457722106055844	0.03057615376654917	1.2993599193925327	0.4463364467718009	0.49449965838083487	0.553663553228199	0.5055003416191651	0.5714285714285714	baseline
ENOG4110QAQ	0.14285714285714285	0.6702056301115452	1.3722077801233152	2.0047758230989334	0.2870470595763754	0.07363571862450938	0.7129529404236246	0.9263642813754907	0.7142857142857143	baseline
ENOG4110QSB	0.0	0.16472058722294478	0.21044243481609398	1.2851065269445747	0.45858352656377704	0.44167963201087374	0.541416473436223	0.5583203679891262	0.7142857142857143	baseline
ENOG4110QUF	0.0	0.5180160824133688	1.0025779404014379	1.481337017410949	0.6222868660581223	0.7475772103576863	0.6222868660581223	0.7475772103576863	0.7142857142857143	endpoint
ENOG4110QZN	0.0	0.34245206402629547	0.35470572714862847	1.2878217715403555	0.39717784668012407	0.39940262276331856	0.6028221533198759	0.6005973772366815	0.7142857142857143	baseline
ENOG4110R7K	0.0	0.3475313157118123	0.4180561057826889	1.3723712005781274	0.6446650911172718	0.6773281810332153	0.6446650911172718	0.6773281810332153	0.5714285714285714	endpoint
ENOG4110SIQ	0.0	0.21696811520018128	0.32426483312710375	1.24377731816024	0.4051278894547669	0.38057575502487	0.594872110545233	0.6194242449751299	0.7142857142857143	baseline
ENOG4110SVC	0.0	0.45215933701492944	0.5147319334530246	1.3359072063144468	0.6576888782267997	0.6367907546259884	0.6576888782267997	0.6367907546259884	0.8571428571428571	endpoint
ENOG4110TGQ	0.0	1.0813947410087752	1.3765261216062108	1.7172545668228163	0.8038430190197159	0.8349987829264587	0.8038430190197159	0.8349987829264587	0.8571428571428571	endpoint
ENOG4110TII	0.0	0.01989286086269534	0.10371732900293626	1.5764819224784001	0.5441094168871453	0.5065244625015202	0.5441094168871453	0.5065244625015202	0.5714285714285714	endpoint
ENOG4110TKN	0.0	0.39800533069213867	0.3953229291315726	1.3599452991588292	0.6020229712515734	0.606617475445108	0.6020229712515734	0.606617475445108	0.7142857142857143	endpoint
ENOG4110UAG	0.0	0.5925089046893417	0.8325239901100995	1.1996846311026907	0.6784515298752553	0.7744221937077566	0.6784515298752553	0.7744221937077566	0.7142857142857143	endpoint
ENOG4110UJY	0.0	0.8783852363485282	1.0102515071364409	1.374530845636199	0.7708520404790168	0.7493711361070351	0.7708520404790168	0.7493711361070351	0.8571428571428571	endpoint
ENOG4110V7D	0.0	0.37346737948175385	0.8353832267537566	1.12305323198772	0.6003324020834854	0.6570443942318588	0.6003324020834854	0.6570443942318588	0.7142857142857143	endpoint
ENOG4110VJC	0.0	0.9871280046373017	1.158930204842445	1.451329032755503	0.20198276944334453	0.24226002825871681	0.7980172305566555	0.7577399717412832	0.8571428571428571	baseline
ENOG4110WB0	0.0	0.18463750979870638	0.2933329966479297	1.3789652799874876	0.5770561084766982	0.5193132828236281	0.5770561084766982	0.5193132828236281	0.5714285714285714	endpoint
ENOG4110WDH	0.0	0.37395061413566555	0.2876616003877706	1.3606870090381231	0.6037341293626779	0.594818135371361	0.6037341293626779	0.594818135371361	0.7142857142857143	endpoint
ENOG4110WG0	0.0	0.4025290007416761	0.7571781887561885	1.2819014253518182	0.6068354009681569	0.7365609928845794	0.6068354009681569	0.7365609928845794	0.7142857142857143	endpoint
ENOG4110WKJ	0.0	0.9923871088641674	1.2518741746572144	1.4324558059384602	0.8021604474316822	0.7124864752691109	0.8021604474316822	0.7124864752691109	1.0	endpoint
ENOG4110WM6	0.0	0.43517099890065597	1.1814247649266028	1.3266037090009994	0.6587238626282711	0.8072804063630675	0.6587238626282711	0.8072804063630675	0.5714285714285714	endpoint
ENOG4110WT0	0.0	0.49693112377722326	0.34849343456330867	1.0860095079884624	0.6384502039329396	0.5905433492832812	0.6384502039329396	0.5905433492832812	1.0	endpoint
ENOG4110WUJ	0.14285714285714285	0.39844584799888194	0.38883063150999847	2.319719807977194	0.4401785393363428	0.38852501500915254	0.5598214606636571	0.6114749849908474	0.5714285714285714	baseline
ENOG4110X8Q	0.0	0.3102672942546322	0.10723650966013527	1.1026007981671337	0.5990601646685477	0.470603161690352	0.5990601646685477	0.529396838309648	0.5714285714285714	endpoint
ENOG4110XAM	0.14285714285714285	1.1763491785911586	1.2231541955564236	2.116088714404403	0.8287768584632157	0.8218853548781264	0.8287768584632157	0.8218853548781264	1.0	endpoint
ENOG4110XIN	0.0	1.1005970616723137	1.2761858926670009	1.5445405072634009	0.8423975625752073	0.9333683622616396	0.8423975625752073	0.9333683622616396	0.8571428571428571	endpoint
ENOG4110XMY	0.0	0.7125929008975718	0.692313653184228	1.5342232749402216	0.7256893839176953	0.7193646666731841	0.7256893839176953	0.7193646666731841	1.0	endpoint
ENOG4110Y31	0.0	0.8217417927965351	1.1027657177649797	1.7993223713456434	0.7460551659122314	0.9253563541222548	0.7460551659122314	0.9253563541222548	0.7142857142857143	endpoint
ENOG4110YS4	0.0	0.027352996525969724	0.15191347428347762	1.2777191508511303	0.4641694431896945	0.44540368211723885	0.5358305568103054	0.5545963178827611	0.5714285714285714	baseline
ENOG4110YX1	0.0	0.13185427649288206	0.2290657248861431	1.356091680290057	0.5090594192576543	0.5893755120718386	0.5090594192576543	0.5893755120718386	0.7142857142857143	endpoint
ENOG4110Z4K	0.0	1.121979276024751	1.256400400088735	1.7037076723319227	0.8221451469349192	0.8632235952593084	0.8221451469349192	0.8632235952593084	1.0	endpoint
ENOG4110Z57	0.0	0.5349775689313299	0.7012563726084785	1.407974594976127	0.35741536543890884	0.23021892139018268	0.6425846345610912	0.7697810786098174	0.8571428571428571	baseline
ENOG4110Z7N	0.0	0.6401116111755937	0.5569440903688231	1.4559767025955177	0.7202448214154769	0.689998869395957	0.7202448214154769	0.689998869395957	0.8571428571428571	endpoint
ENOG4110ZRH	0.0	0.5370882493116981	0.64596957693765	1.4720188501606455	0.3368562355525858	0.35399936924611797	0.6631437644474142	0.646000630753882	0.7142857142857143	baseline
ENOG4110ZT3	0.0	0.2913277710898877	0.425719089874433	1.1200796214815318	0.5736637958306906	0.5709211181729952	0.5736637958306906	0.5709211181729952	0.7142857142857143	endpoint
ENOG41110K5	0.0	0.06003841465436201	0.17574790052831665	1.3372107276101979	0.4823231184859898	0.5542809571176494	0.5176768815140103	0.5542809571176494	0.5714285714285714	endpoint
ENOG41110S8	0.0	0.0060000442585015756	0.017275827490608565	1.196709144888832	0.49450346955405633	0.5172333699665209	0.5054965304459437	0.5172333699665209	0.5714285714285714	baseline
ENOG41110TH	0.0	0.35705653773856466	0.5334059548907689	1.3587889802360604	0.6041727700993433	0.6546621538330756	0.6041727700993433	0.6546621538330756	0.5714285714285714	endpoint
ENOG411119B	0.0	0.04915181744898426	0.5763758082265767	1.2989250763721094	0.48899133999489325	0.3749441868381185	0.5110086600051067	0.6250558131618815	0.5714285714285714	baseline
ENOG41111JX	0.0	0.5336448242895101	0.17674713053914837	1.2802858564844564	0.6573974345148058	0.5545145570207787	0.6573974345148058	0.5545145570207787	0.8571428571428571	endpoint
ENOG4111228	0.0	0.9958614930900683	0.9629208838827127	1.6198192763733334	0.800279081935961	0.8014442874356804	0.800279081935961	0.8014442874356804	1.0	endpoint
ENOG41112BD	0.14285714285714285	1.0690126589872497	1.2419560968465284	2.183089335079729	0.7827203260114882	0.8799826727892436	0.7827203260114882	0.8799826727892436	0.8571428571428571	endpoint
ENOG41112GZ	0.0	0.931186142154602	1.0764479763142325	1.4571174039381996	0.7496880674580888	0.8043446886185549	0.7496880674580888	0.8043446886185549	0.8571428571428571	endpoint
ENOG41112I7	0.0	0.34847926598227214	0.7386980453166313	1.125379686246485	0.6167169322904708	0.5932425670846062	0.6167169322904708	0.5932425670846062	0.7142857142857143	endpoint
ENOG41112II	0.0	0.5451487840573833	0.8703767460543705	1.3643754140864324	0.708995119424663	0.7475438097274438	0.708995119424663	0.7475438097274438	0.7142857142857143	endpoint
ENOG41112QY	0.0	0.39610958002735125	0.029415746367178273	1.7736812330227965	0.5899249682470024	0.5192853130351491	0.5899249682470024	0.5192853130351491	0.5714285714285714	endpoint
ENOG411135P	0.0	0.6755637323448737	0.7633252454724049	1.5670827314889542	0.28424936900400377	0.34050266074813723	0.7157506309959962	0.6594973392518628	0.8571428571428571	baseline
ENOG411138E	0.0	1.1283262118248167	1.2268173522707195	1.4540816112241581	0.8467849195903968	0.8920261988066409	0.8467849195903968	0.8920261988066409	1.0	endpoint
ENOG41113IS	0.0	0.3532020047751811	0.6648574350969331	1.7220857533908378	0.5904910024427853	0.6908950602792208	0.5904910024427853	0.6908950602792208	0.7142857142857143	endpoint
ENOG41113RB	0.14285714285714285	1.0318285059177745	1.3052802457391461	2.0287233915255283	0.19241659410018683	0.06168055447007	0.8075834058998131	0.93831944552993	0.7142857142857143	baseline
ENOG411141G	0.0	0.418295919101679	0.06137060523998642	1.695029335653046	0.4308420921198018	0.49198903805201133	0.5691579078801983	0.5080109619479887	0.5714285714285714	baseline
ENOG4111454	0.0	0.5214803867827642	0.6807607296899154	1.4483587423272672	0.6356636373937496	0.6907762993426729	0.6356636373937496	0.6907762993426729	0.8571428571428571	endpoint
ENOG41114EC	0.0	0.3167787217059312	0.5697444440286268	1.615441940532459	0.5646965074893818	0.7341816083728131	0.5646965074893818	0.7341816083728131	0.5714285714285714	endpoint
ENOG41114H6	0.0	0.7848000585749996	0.6927227422517291	1.436886850479289	0.24166785002486374	0.29165678220097063	0.7583321499751363	0.7083432177990294	1.0	baseline
ENOG41114JZ	0.0	0.37954993105551166	0.8196290431095478	1.4517231905184425	0.5947288635235213	0.6066768739733982	0.5947288635235213	0.6066768739733982	0.7142857142857143	endpoint
ENOG41114KY	0.0	0.29503064173316346	0.7324757338326233	1.2447105724006613	0.6050641958633861	0.7223444711887512	0.6050641958633861	0.7223444711887512	0.5714285714285714	endpoint
ENOG41114SZ	0.0	0.6671776592058806	1.191939554890956	1.6344192116351928	0.7045926190797206	0.8361784538627732	0.7045926190797206	0.8361784538627732	0.7142857142857143	endpoint
ENOG41115XM	0.0	0.6823316993688594	0.8282125993713572	1.2799269254444199	0.3052824716606392	0.31084713165053507	0.6947175283393607	0.689152868349465	1.0	baseline
ENOG4111604	0.0	0.33900524801394355	0.0917201896489674	1.5565587750112237	0.6045664587187618	0.5035742486864203	0.6045664587187618	0.5035742486864203	0.5714285714285714	endpoint
ENOG411162A	0.0	1.1141927693798561	1.1075639403403175	1.7949336379957057	0.18134515102889393	0.18429578404405217	0.8186548489711061	0.8157042159559478	1.0	baseline
ENOG411173M	0.0	0.16646406503446262	0.4343945968974672	1.076793982814683	0.4158728340527091	0.3740345836574619	0.5841271659472909	0.6259654163425381	0.5714285714285714	baseline
ENOG411177X	0.0	0.1658222796126778	0.7918836260982587	1.4087315014658666	0.5639097134710508	0.7259081927866885	0.5639097134710508	0.7259081927866885	0.5714285714285714	endpoint
ENOG41117DG	0.0	0.021065916817499274	0.23344439291537714	0.835091635444323	0.480883143356604	0.4432897381959405	0.519116856643396	0.5567102618040596	0.5714285714285714	baseline
ENOG41117TR	0.0	0.2213216393836166	0.19238400679287815	1.8210891370533548	0.5447689355000193	0.5581701445617053	0.5447689355000193	0.5581701445617053	0.5714285714285714	endpoint
ENOG411181B	0.0	0.22852455304423033	0.14026894236805315	1.1234017077501912	0.4229423166762482	0.5031986947756831	0.5770576833237517	0.5031986947756831	0.5714285714285714	baseline
ENOG41118GD	0.0	1.3460624945228195	1.2748187375925282	1.9289683682610914	0.8943050130062932	0.9512081824248827	0.8943050130062932	0.9512081824248827	1.0	endpoint
ENOG41118QN	0.14285714285714285	1.3916650800226402	1.429265019363496	2.0473606228297205	0.8963544185823569	0.9220733946200428	0.8963544185823569	0.9220733946200428	1.0	endpoint
ENOG41118T4	0.0	0.6397448519599273	0.6440525185380255	1.2465015327321778	0.3024161896418079	0.3517696697463523	0.6975838103581922	0.6482303302536476	0.8571428571428571	baseline
ENOG411192P	0.0	0.30033282514526877	0.21863280029032148	1.1066858770758063	0.4147171715994066	0.4460289938600611	0.5852828284005934	0.5539710061399389	0.7142857142857143	baseline
ENOG411194K	0.0	0.5117329201608082	0.5350204119003849	1.7632202289810042	0.6257186997241461	0.6549753305028188	0.6257186997241461	0.6549753305028188	0.7142857142857143	endpoint
ENOG41119MM	0.14285714285714285	0.9442305800336899	0.6820401411164176	2.10799964048358	0.24414212844576508	0.3196401014538158	0.7558578715542349	0.6803598985461843	1.0	baseline
ENOG4111A91	0.0	0.2799510242188098	0.698307158233834	1.4707458687524873	0.4144474971703155	0.32699841971303445	0.5855525028296845	0.6730015802869656	0.5714285714285714	baseline
ENOG4111APV	0.0	0.9158946096124758	0.9739745227241833	1.537882166592662	0.24990756661590421	0.16260658205854162	0.7500924333840958	0.8373934179414584	0.8571428571428571	baseline
ENOG4111AV1	0.0	0.358194463782842	0.4056621476415283	1.2111683738006416	0.6059674962297221	0.6080302893749866	0.6059674962297221	0.6080302893749866	0.7142857142857143	endpoint
ENOG4111AZ4	0.0	0.7995280807675275	1.3004387866080411	1.5663145265246756	0.7197773686348562	0.8660848688085627	0.7197773686348562	0.8660848688085627	0.7142857142857143	endpoint
ENOG4111D1K	0.0	0.5671722360185878	0.7507282531051745	1.294885318293558	0.663127493575664	0.6363781419507211	0.663127493575664	0.6363781419507211	0.8571428571428571	endpoint
ENOG4111DCE	0.0	1.0053130902495888	1.3096358472078542	1.8194232272553332	0.20472780992112583	0.14058239320097404	0.7952721900788742	0.859417606799026	0.8571428571428571	baseline
ENOG4111DDB	0.0	0.2947496726224878	0.4736136302339631	1.4646462570084682	0.5707339953583073	0.5492393361746299	0.5707339953583073	0.5492393361746299	0.5714285714285714	endpoint
ENOG4111DRN	0.0	0.42864509650478644	0.22827489011306207	1.6773121502641082	0.3895184907126739	0.4327279123541842	0.6104815092873261	0.5672720876458158	0.5714285714285714	baseline
ENOG4111DS9	0.0	0.264827488411228	0.2977531903784751	1.4849097346664262	0.5820219743348692	0.554388989805312	0.5820219743348692	0.554388989805312	0.7142857142857143	endpoint
ENOG4111E53	0.0	0.10075185634729429	0.3914191832654414	1.0783893420959105	0.535472492426276	0.5586336256205112	0.535472492426276	0.5586336256205112	0.5714285714285714	endpoint
ENOG4111EAB	0.0	0.21696690994393728	0.352892476290124	0.8863670999008424	0.4369656881849816	0.4032663384726666	0.5630343118150184	0.5967336615273334	0.7142857142857143	baseline
ENOG4111EE9	0.0	0.31310184981125655	0.2701302874315424	1.2995486870494322	0.6158388044831477	0.5820936090465464	0.6158388044831477	0.5820936090465464	0.7142857142857143	endpoint
ENOG4111EEW	0.0	0.26288588438715105	0.36913449392779035	1.5907900574958804	0.5457286495486336	0.6301329397827918	0.5457286495486336	0.6301329397827918	0.5714285714285714	endpoint
ENOG4111EFS	0.0	0.19875793695958247	0.34920230307733013	1.5102565182058068	0.5040610614238809	0.6038887911236791	0.5040610614238809	0.6038887911236791	0.5714285714285714	endpoint
ENOG4111EUJ	0.0	0.41462517720495656	0.7569406364674279	0.9166427540087481	0.6307766295418873	0.6901521432741121	0.6307766295418873	0.6901521432741121	0.7142857142857143	endpoint
ENOG4111EY6	0.0	0.7055638905317446	0.5609768404885452	1.7308465679796967	0.7155634116230571	0.6802902138156353	0.7155634116230571	0.6802902138156353	0.8571428571428571	endpoint
ENOG4111EYA	0.0	0.6249045636261615	0.4829788591361788	1.2335348474005037	0.3004594412981193	0.3566092304144241	0.6995405587018807	0.6433907695855758	1.0	baseline
ENOG4111EYG	0.0	0.3358026656238128	0.6981194325413359	1.8016221463482345	0.5729478951926221	0.5865066370700069	0.5729478951926221	0.5865066370700069	0.5714285714285714	endpoint
ENOG4111EZ3	0.0	0.03128656239943838	0.28859094102718136	1.275579101031728	0.5169150064866969	0.5871820502996721	0.5169150064866969	0.5871820502996721	0.5714285714285714	baseline
ENOG4111EZS	0.0	0.09559206105971521	0.3361315962937322	1.1783938901568318	0.5393878106965742	0.5373647328084622	0.5393878106965742	0.5373647328084622	0.7142857142857143	endpoint
ENOG4111EZZ	0.0	0.7008249359033611	1.2588239208647107	1.6451528827022173	0.734773064256694	0.8977983232622604	0.734773064256694	0.8977983232622604	0.5714285714285714	endpoint
ENOG4111F0B	0.0	0.10719523694240718	0.24916131873654332	1.0433875220671953	0.5314644258110356	0.591890454853529	0.5314644258110356	0.591890454853529	0.5714285714285714	endpoint
ENOG4111F11	0.0	0.9313378404492101	1.0255398748139588	1.4263636002580353	0.7835334878738476	0.7864381435920231	0.7835334878738476	0.7864381435920231	1.0	endpoint
ENOG4111F1K	0.0	0.3001101687140167	0.5553532652137659	0.7936983660545497	0.5889745534620816	0.6249499565870531	0.5889745534620816	0.6249499565870531	0.8571428571428571	endpoint
ENOG4111F1Q	0.0	0.1734943813486172	0.5333704817594369	1.2990731691226687	0.5441953971800969	0.6458675339817527	0.5441953971800969	0.6458675339817527	0.5714285714285714	endpoint
ENOG4111F33	0.0	0.6763159482453306	0.9125379095978094	1.248778263256824	0.7141226668433329	0.7523688454203699	0.7141226668433329	0.7523688454203699	0.8571428571428571	endpoint
ENOG4111F3K	0.0	0.37768517384579187	0.3311375705132097	1.3493830661937927	0.4036865570161517	0.357261426857995	0.5963134429838484	0.642738573142005	0.8571428571428571	baseline
ENOG4111F5B	0.0	0.623227549291087	0.7988388563709565	1.5180167406153657	0.6597175866124629	0.71455024236872	0.6597175866124629	0.71455024236872	0.8571428571428571	endpoint
ENOG4111F5I	0.0	0.11881334973865498	0.2308018821170062	1.129391023197768	0.4685836139160394	0.4388980426248514	0.5314163860839606	0.5611019573751486	0.7142857142857143	baseline
ENOG4111F6F	0.0	0.012797994760615883	0.1135743092169329	1.4547912502177263	0.46447902555220705	0.47626534312997454	0.5355209744477929	0.5237346568700254	0.5714285714285714	baseline
ENOG4111F7A	0.0	0.2138995652215618	0.12266379198932352	0.749326989957613	0.41916634764309485	0.45025904309208803	0.5808336523569051	0.5497409569079119	0.8571428571428571	baseline
ENOG4111F7E	0.0	0.6114023140333049	0.5035143644059188	1.3758953336744755	0.31475251677039384	0.35196858545802556	0.6852474832296062	0.6480314145419744	0.8571428571428571	baseline
ENOG4111F7I	0.0	0.13582984986923416	0.13585016528938787	0.8569745565742166	0.4652747719353421	0.45309075712591906	0.5347252280646579	0.5469092428740809	0.7142857142857143	baseline
ENOG4111F7P	0.0	0.53780551311114	0.8375980578230716	1.3392540684212078	0.6877394130060983	0.7679952601419873	0.6877394130060983	0.7679952601419873	0.7142857142857143	endpoint
ENOG4111F81	0.0	0.35194805556658215	0.5922877923124705	1.34548403420981	0.6019022028979781	0.6446755363448018	0.6019022028979781	0.6446755363448018	0.7142857142857143	endpoint
ENOG4111F8N	0.0	0.12637927455436823	0.1344520872256151	1.4191357804236058	0.5227125861480826	0.5446956617040547	0.5227125861480826	0.5446956617040547	0.7142857142857143	endpoint
ENOG4111F8R	0.0	0.9987261561375288	1.160316541178023	1.6233004645243718	0.7785429166133053	0.8057326627181354	0.7785429166133053	0.8057326627181354	1.0	endpoint
ENOG4111F8X	0.0	1.2757440508247335	1.4220702214496925	1.6853599029979471	0.8664045143087211	0.907197916893744	0.8664045143087211	0.907197916893744	1.0	endpoint
ENOG4111F91	0.0	0.4163509785411165	0.2245195447776833	1.4629007285903166	0.3566845606428345	0.3938578414167627	0.6433154393571655	0.6061421585832373	0.7142857142857143	baseline
ENOG4111FB1	0.0	0.3773884963598276	0.48762572108578944	1.310308184363052	0.6422102747785444	0.642043422374617	0.6422102747785444	0.642043422374617	0.7142857142857143	endpoint
ENOG4111FB8	0.0	0.4135203077128275	0.6711170384270501	1.8036185252992427	0.4010662327354516	0.3357192894223536	0.5989337672645484	0.6642807105776465	0.7142857142857143	baseline
ENOG4111FCG	0.0	0.005914789650992521	0.08871660408827528	1.309313387823975	0.488500994081384	0.48681086092325404	0.511499005918616	0.513189139076746	0.5714285714285714	endpoint
ENOG4111FDW	0.0	0.6852839615502714	1.0149166002883216	1.5413073821903507	0.29123371822884764	0.18161594106704848	0.7087662817711524	0.8183840589329515	0.8571428571428571	baseline
ENOG4111FE2	0.0	0.7987271690418211	0.790384835696413	1.7090267088346849	0.732113616143077	0.7088037831932015	0.732113616143077	0.7088037831932015	0.8571428571428571	endpoint
ENOG4111FE4	0.0	0.05355942523205063	0.6355516094400047	1.8492950908968584	0.47224192180579205	0.33245406609239075	0.527758078194208	0.6675459339076093	0.5714285714285714	endpoint
ENOG4111FE5	0.0	0.8268179807553714	1.1622278184869717	1.3839939491358513	0.7319753746029248	0.7849305762468566	0.7319753746029248	0.7849305762468566	0.8571428571428571	endpoint
ENOG4111FF5	0.0	0.12802278852978857	0.049717769341280235	1.9481327223838922	0.5327294175742189	0.5213397389874305	0.5327294175742189	0.5213397389874305	0.5714285714285714	baseline
ENOG4111FFG	0.0	0.44594335013764713	0.6730936485431683	1.4742874179513579	0.5994010159278529	0.6888380892478295	0.5994010159278529	0.6888380892478295	0.7142857142857143	endpoint
ENOG4111FGF	0.0	0.46127578701044675	1.0300987282469911	1.270097710157936	0.6226690529292062	0.6574216320128302	0.6226690529292062	0.6574216320128302	0.7142857142857143	endpoint
ENOG4111FGK	0.0	0.3788704739767371	0.6649087118296779	1.4311664436076594	0.619545357187348	0.6686369281113003	0.619545357187348	0.6686369281113003	0.5714285714285714	endpoint
ENOG4111FGU	0.0	0.0701646263967298	0.02241202302923231	1.8954642392533916	0.5660092473491656	0.5053241085589372	0.5660092473491656	0.5053241085589372	0.5714285714285714	endpoint
ENOG4111FGY	0.0	0.4044686218236292	0.8755323287471536	1.5550451608218765	0.6115945118927743	0.7422219467482398	0.6115945118927743	0.7422219467482398	0.5714285714285714	endpoint
ENOG4111FH6	0.0	0.12863573733236008	0.3955740562728077	1.436418020603474	0.5356872339612879	0.6553539673790618	0.5356872339612879	0.6553539673790618	0.7142857142857143	endpoint
ENOG4111FHM	0.0	0.6050879419795651	0.35680902961121547	1.43357619259757	0.6843307945878079	0.6059854872615348	0.6843307945878079	0.6059854872615348	1.0	endpoint
ENOG4111FHR	0.0	0.006675927539375626	0.14609160029182644	1.376965525072732	0.4596108758095733	0.5065505330188745	0.5403891241904266	0.5065505330188745	0.5714285714285714	baseline
ENOG4111FHT	0.0	0.7272437472419162	1.0390887674460503	1.7332306408778515	0.3153759193967569	0.1829096973167302	0.6846240806032431	0.8170903026832698	0.8571428571428571	baseline
ENOG4111FI4	0.0	0.005393831893059565	0.11226570278002602	1.513443647517605	0.4939660189163525	0.4781251253900754	0.5060339810836475	0.5218748746099247	0.7142857142857143	baseline
ENOG4111FIB	0.0	0.31457545884529525	0.6477110006978748	1.182293017082617	0.3991139676523831	0.361772808370894	0.6008860323476168	0.638227191629106	0.5714285714285714	baseline
ENOG4111FII	0.0	0.6116333614200901	0.5632360671967079	1.4826412995004103	0.7129866646217637	0.5944710925211061	0.7129866646217637	0.5944710925211061	0.7142857142857143	endpoint
ENOG4111FIR	0.0	0.14930755686992406	0.834178350419262	1.3721211024395439	0.463888837653832	0.29632796174850756	0.5361111623461681	0.7036720382514925	0.5714285714285714	baseline
ENOG4111FJC	0.0	0.12080105919877113	0.45046927340653037	1.485997046696011	0.469296824381535	0.5697137365098215	0.530703175618465	0.5697137365098215	0.5714285714285714	baseline
ENOG4111FJD	0.0	0.6916848392405568	0.536632761360546	1.2255287178512693	0.7150124553361491	0.6835244579931237	0.7150124553361491	0.6835244579931237	1.0	endpoint
ENOG4111FJG	0.0	0.1370456118542935	0.47423068935178575	1.2904511088188932	0.5292536366834678	0.554862567854704	0.5292536366834678	0.554862567854704	0.5714285714285714	endpoint
ENOG4111FJH	0.0	1.1588127877646308	1.3676052500027653	1.6439440033991548	0.17824289465406276	0.12887354553595992	0.8217571053459373	0.87112645446404	0.8571428571428571	baseline
ENOG4111FJJ	0.14285714285714285	0.09086236344126448	0.03213947747662533	2.1078030249450284	0.4824659602894643	0.5227128701103289	0.5175340397105357	0.5227128701103289	0.5714285714285714	endpoint
ENOG4111FJK	0.0	0.6986034585978246	0.7073026306580139	1.7453578960390144	0.6892487240788258	0.7379269516679252	0.6892487240788258	0.7379269516679252	0.8571428571428571	endpoint
ENOG4111FJM	0.0	0.5243783447116421	0.5413807389162968	1.3879606248009901	0.6429934134533077	0.6673160435100088	0.6429934134533077	0.6673160435100088	0.7142857142857143	endpoint
ENOG4111FK0	0.0	0.5016409009165888	0.4555533660239019	1.2494424488309737	0.6687791241095837	0.6332030910322665	0.6687791241095837	0.6332030910322665	0.8571428571428571	endpoint
ENOG4111FK3	0.0	0.4917320151217116	0.9828073966437209	1.4061937466218648	0.37187913954953267	0.30599198521736437	0.6281208604504673	0.6940080147826356	0.5714285714285714	baseline
ENOG4111FKR	0.0	0.110911731339104	0.09411482664063656	0.7951589318846807	0.5311718298826241	0.48246822113140264	0.5311718298826241	0.5175317788685974	0.5714285714285714	endpoint
ENOG4111FMN	0.0	0.01473143782787272	0.06667064514744757	1.1553909175441113	0.4861238510361647	0.5337199778003286	0.5138761489638353	0.5337199778003286	0.5714285714285714	endpoint
ENOG4111FMS	0.0	0.9182568890798867	1.059657038477558	1.636931972119067	0.22639531308252822	0.17469330873219718	0.7736046869174718	0.8253066912678029	1.0	baseline
ENOG4111FN8	0.0	0.6410559330404835	1.0164116175010938	1.441208486438329	0.32987722403627373	0.27557801094155876	0.6701227759637263	0.7244219890584412	0.7142857142857143	baseline
ENOG4111FNX	0.0	0.7093019993850759	0.6633458556141426	1.914508491097476	0.6960479124715765	0.6682715637241256	0.6960479124715765	0.6682715637241256	0.8571428571428571	endpoint
ENOG4111FP3	0.0	0.4067222219154062	0.4686188708542704	1.4611113206092214	0.34239380927762814	0.34398951249984333	0.6576061907223718	0.6560104875001567	0.5714285714285714	baseline
ENOG4111FP4	0.0	0.5925868529110919	1.0341775882140307	1.555617055604227	0.6622171063132737	0.7360994823723905	0.6622171063132737	0.7360994823723905	0.7142857142857143	endpoint
ENOG4111FPD	0.0	0.7761960043862732	0.8164290640826828	1.6141505437945336	0.7131021609330394	0.7385650992644978	0.7131021609330394	0.7385650992644978	1.0	endpoint
ENOG4111FPK	0.0	0.23436372149733156	0.645261337642015	1.361620375318192	0.4237645800121017	0.32977770464701817	0.5762354199878983	0.6702222953529818	0.5714285714285714	baseline
ENOG4111FPT	0.0	0.2581635924981699	0.006230936284120702	1.849031826145857	0.5478456308016292	0.514454299021299	0.5478456308016292	0.514454299021299	0.7142857142857143	endpoint
ENOG4111FPU	0.0	0.8762733394377047	0.7395715122120257	1.4794945243540447	0.758306755406991	0.7981994363590575	0.758306755406991	0.7981994363590575	1.0	endpoint
ENOG4111FPX	0.0	0.3767874062985654	0.32376453829892893	1.4057824414501772	0.6369329087276229	0.6156708748952682	0.6369329087276229	0.6156708748952682	0.7142857142857143	endpoint
ENOG4111FQE	0.0	0.4186867924411342	0.4947426136534742	1.1471396238814073	0.6208668914797066	0.6248863495137847	0.6208668914797066	0.6248863495137847	0.8571428571428571	endpoint
ENOG4111FQP	0.0	0.3207534083116145	0.8074709888684197	1.1931131871155976	0.4024494357474967	0.3294110765866384	0.5975505642525033	0.6705889234133616	0.5714285714285714	baseline
ENOG4111FR3	0.0	0.346967066791149	0.4086913339074996	1.4640896113045692	0.6049627474964095	0.6087384522710375	0.6049627474964095	0.6087384522710375	0.5714285714285714	endpoint
ENOG4111FR4	0.0	0.38014001106487944	0.849654333834604	1.2554634179267095	0.5992169330528355	0.6254292189660114	0.5992169330528355	0.6254292189660114	0.7142857142857143	endpoint
ENOG4111FRH	0.0	0.2530531517027445	0.5487836797525172	1.476108452758796	0.44197406292686686	0.31385216638602054	0.5580259370731331	0.6861478336139795	0.5714285714285714	baseline
ENOG4111FRV	0.0	0.349466673036039	0.7366282670258392	1.126823105063923	0.6024149218781192	0.6967779071076555	0.6024149218781192	0.6967779071076555	0.7142857142857143	endpoint
ENOG4111FRY	0.0	1.2331742502324574	1.2606190120209255	1.5298788113381645	0.864583304967607	0.830051985839971	0.864583304967607	0.830051985839971	1.0	endpoint
ENOG4111FS1	0.0	0.10502938979435716	0.015129018462869483	1.4331264953196698	0.5401634026769877	0.48033479325814016	0.5401634026769877	0.5196652067418599	0.5714285714285714	endpoint
ENOG4111FS5	0.0	0.33640783670731217	0.7136122823003055	1.7795804326491829	0.5671311755226122	0.6800228444875716	0.5671311755226122	0.6800228444875716	0.5714285714285714	endpoint
ENOG4111FSC	0.0	0.4544015695504783	0.5245949121273052	1.4836436480296846	0.3615628168222823	0.383539662837985	0.6384371831777177	0.616460337162015	0.7142857142857143	baseline
ENOG4111FSH	0.0	0.37025143943870237	0.41088532043090914	1.4905578996283855	0.6054193362171548	0.6119592337414869	0.6054193362171548	0.6119592337414869	0.7142857142857143	endpoint
ENOG4111FSU	0.14285714285714285	1.032711709143362	1.3005134434686578	2.2687169255192257	0.782209541575888	0.847221187673003	0.782209541575888	0.847221187673003	0.8571428571428571	endpoint
ENOG4111FT5	0.0	0.4542798726606005	0.5071328578476632	1.3208069497887858	0.6649122452010505	0.6449959998536393	0.6649122452010505	0.6449959998536393	0.5714285714285714	endpoint
ENOG4111FTA	0.0	1.1247077554856992	1.1642800130395574	1.6342750215949715	0.1706707772515576	0.13113395924284643	0.8293292227484423	0.8688660407571536	1.0	baseline
ENOG4111FTJ	0.0	0.5565796461445969	0.8631718736924155	1.5618170499579753	0.3695076672633668	0.237324650622928	0.6304923327366332	0.7626753493770719	0.7142857142857143	baseline
ENOG4111FTN	0.0	0.2864182691352625	0.0026628563182871053	1.5617002795239632	0.6012734800654927	0.5307907050608801	0.6012734800654927	0.5307907050608801	0.5714285714285714	endpoint
ENOG4111FTP	0.0	0.034368188301344284	0.46187817456732927	1.4621286013062718	0.4742263233409315	0.5846054355324971	0.5257736766590685	0.5846054355324971	0.5714285714285714	baseline
ENOG4111FTQ	0.0	0.3171688408187409	0.6935488144430433	1.2518272528423668	0.6098714322071359	0.6753324087549682	0.6098714322071359	0.6753324087549682	0.5714285714285714	endpoint
ENOG4111FTW	0.0	0.1322929562635234	0.3917537568354812	1.4617745384314365	0.5314050115803799	0.577923792439424	0.5314050115803799	0.577923792439424	0.5714285714285714	endpoint
ENOG4111FU6	0.0	0.004161779411879896	0.13594643674657095	1.447303850695966	0.48836783671671385	0.46905516695624555	0.5116321632832861	0.5309448330437545	0.7142857142857143	baseline
ENOG4111FUM	0.0	0.5407310372957838	0.8712718949126708	1.49024642528303	0.6623431160995789	0.8156053994673907	0.6623431160995789	0.8156053994673907	0.8571428571428571	endpoint
ENOG4111FUN	0.0	0.4028301699893578	0.32997201487239625	1.8326829674369034	0.6268840586081988	0.6481842280799932	0.6268840586081988	0.6481842280799932	0.5714285714285714	endpoint
ENOG4111FV1	0.0	0.9100168734188561	0.9615941392011201	1.6156753157627368	0.7878596483773949	0.8189845644851006	0.7878596483773949	0.8189845644851006	0.8571428571428571	endpoint
ENOG4111FV3	0.0	0.10264016402909129	0.25726712345188146	1.7805387612743562	0.4656150142157332	0.4367233095374946	0.5343849857842669	0.5632766904625054	0.5714285714285714	endpoint
ENOG4111FVC	0.0	0.12300240456026558	0.5152662492156346	1.4652851074827675	0.5082601987892067	0.6477877694462346	0.5082601987892067	0.6477877694462346	0.5714285714285714	endpoint
ENOG4111FVN	0.0	0.9437661274164454	1.0436138687015901	1.902131973225922	0.7688727780560413	0.9125018323445446	0.7688727780560413	0.9125018323445446	0.8571428571428571	endpoint
ENOG4111FVX	0.0	0.8545140093561985	1.2674598680691262	1.5155188574807148	0.7306162202015702	0.8066090960523782	0.7306162202015702	0.8066090960523782	0.8571428571428571	endpoint
ENOG4111FVZ	0.0	0.4229077229821524	0.06712244084036706	1.6985895384376746	0.6276975392733283	0.48176299787620847	0.6276975392733283	0.5182370021237915	0.5714285714285714	endpoint
ENOG4111FW1	0.14285714285714285	0.8152575496534038	0.5413970921245276	2.5361121992642306	0.6993474678882838	0.641948606042282	0.6993474678882838	0.641948606042282	0.8571428571428571	endpoint
ENOG4111FW9	0.0	0.7846786497997135	1.139679801501262	1.6394507032157706	0.7360021554633872	0.8757509061758542	0.7360021554633872	0.8757509061758542	0.8571428571428571	endpoint
ENOG4111FXN	0.0	0.5589466929252473	0.4549876384656426	1.105459061747688	0.6785844546790739	0.6270972622565274	0.6785844546790739	0.6270972622565274	1.0	endpoint
ENOG4111FXP	0.0	1.5098968034799254	1.4743025849744678	1.9688557046786928	0.9363220849614908	0.9698326220034744	0.9363220849614908	0.9698326220034744	1.0	endpoint
ENOG4111FY8	0.0	0.6641352504549871	0.7276343947022543	1.3854241924791557	0.7339659892227345	0.7444078769148209	0.7339659892227345	0.7444078769148209	0.7142857142857143	endpoint
ENOG4111FYK	0.14285714285714285	1.3466135114200843	1.245887634426472	2.508408397204412	0.8690077062595855	0.8925510093645994	0.8690077062595855	0.8925510093645994	1.0	endpoint
ENOG4111FYQ	0.0	0.53170109371417	0.7553007206615087	1.5197738292926048	0.694628517750593	0.6852268910949111	0.694628517750593	0.6852268910949111	0.7142857142857143	endpoint
ENOG4111FZQ	0.0	0.5149886293699784	1.1165094350080613	1.742887284640782	0.6410350930223833	0.8153871134179794	0.6410350930223833	0.8153871134179794	0.7142857142857143	endpoint
ENOG4111FZS	0.0	0.10946251310324404	0.296332648814103	1.2537433464544037	0.5354794544610579	0.4325203351725118	0.5354794544610579	0.5674796648274882	0.5714285714285714	endpoint
ENOG4111FZU	0.0	0.5743163975917558	0.5418252423023082	1.2652675959225426	0.3365221108587411	0.3582885313012349	0.6634778891412589	0.641711468698765	0.7142857142857143	baseline
ENOG4111G02	0.0	1.176108202834768	1.3076301272596216	1.5206317719984974	0.8610356038587231	0.9453103973775021	0.8610356038587231	0.9453103973775021	1.0	endpoint
ENOG4111G0A	0.0	1.057043225983492	1.2054235023512279	1.315924141181966	0.8355246580360999	0.8703532072303319	0.8355246580360999	0.8703532072303319	1.0	endpoint
ENOG4111G10	0.0	0.2571170904827747	0.4910932060463472	1.450271862026916	0.3715513484860064	0.38898160181431746	0.6284486515139935	0.6110183981856825	0.7142857142857143	baseline
ENOG4111G16	0.0	0.5148789266316735	0.7338168001285877	1.282482125761622	0.6706091045926476	0.6165672352059326	0.6706091045926476	0.6165672352059326	0.8571428571428571	endpoint
ENOG4111G17	0.0	0.5663242179142373	0.44152084675746467	1.4217886501166546	0.6682441855856057	0.6293352079396826	0.6682441855856057	0.6293352079396826	0.8571428571428571	endpoint
ENOG4111G18	0.14285714285714285	0.7558243680366452	1.0173348038033418	2.2461235851786134	0.700906914029571	0.8434707598263655	0.700906914029571	0.8434707598263655	0.7142857142857143	endpoint
ENOG4111G1C	0.0	0.34580162929915076	0.6194309400728859	1.4464890447737528	0.5703420885088815	0.6836322558092978	0.5703420885088815	0.6836322558092978	0.7142857142857143	endpoint
ENOG4111G1G	0.0	0.9562409524051951	1.179266393394211	1.456364791412532	0.22969179924344957	0.20119346497464852	0.7703082007565505	0.7988065350253515	1.0	baseline
ENOG4111G1H	0.0	0.3863396687331255	0.5632995013232096	1.3429794409632148	0.639372989149063	0.5641269262039108	0.639372989149063	0.5641269262039108	0.7142857142857143	endpoint
ENOG4111G1Y	0.0	0.578102639130713	0.5807080629707809	1.5995812636638649	0.33888492961936023	0.34119802096709234	0.6611150703806398	0.6588019790329076	0.8571428571428571	baseline
ENOG4111G27	0.0	1.191305157015049	1.3327488205762683	1.6346090842142968	0.14898077807382368	0.08764294647774043	0.8510192219261763	0.9123570535222596	1.0	baseline
ENOG4111G2M	0.0	0.6694235705962847	0.777906962123025	1.1899926337662023	0.28699156130034914	0.25082957792955163	0.7130084386996509	0.7491704220704484	0.8571428571428571	baseline
ENOG4111G31	0.0	0.10439053665816984	0.29790108573247176	1.314119299976851	0.504420767022023	0.421170169277253	0.504420767022023	0.5788298307227471	0.5714285714285714	baseline
ENOG4111G3C	0.0	0.7010953929983176	0.8327884986574011	1.4300197702909343	0.7374332432111188	0.7628062111412235	0.7374332432111188	0.7628062111412235	0.8571428571428571	endpoint
ENOG4111G3H	0.0	0.5751910019875662	1.0022746730793937	1.7774434493285172	0.6259197194261945	0.7475063125500906	0.6259197194261945	0.7475063125500906	0.7142857142857143	endpoint
ENOG4111G3V	0.0	0.3052651292952012	0.2956281663292757	1.2917309689549743	0.6273878402216424	0.6067021635204266	0.6273878402216424	0.6067021635204266	0.5714285714285714	endpoint
ENOG4111G3Y	0.0	0.44543433047929687	0.5629168732557952	1.5223449447497464	0.6086013250166179	0.6641437465835662	0.6086013250166179	0.6641437465835662	0.5714285714285714	endpoint
ENOG4111G45	0.0	0.6683552901431958	0.6003571601999911	1.5072855823533593	0.7025588025481244	0.6686600351725007	0.7025588025481244	0.6686600351725007	0.8571428571428571	endpoint
ENOG4111G4N	0.0	0.3461934951838135	0.32658598608248074	1.6025207029893414	0.5694019196069692	0.594235884103973	0.5694019196069692	0.594235884103973	0.8571428571428571	endpoint
ENOG4111G4S	0.0	0.1887718288364523	0.27021875101242643	1.0214824954038737	0.534043475881609	0.6182600590322456	0.534043475881609	0.6182600590322456	0.7142857142857143	endpoint
ENOG4111G4U	0.0	0.2940554614076532	0.3956954787353615	1.6822236070321883	0.37007734918967167	0.37140450342025005	0.6299226508103284	0.62859549657975	0.7142857142857143	baseline
ENOG4111G4W	0.0	0.8544238365212912	1.0466599207231284	1.5162757169213488	0.2630290483851832	0.1587198262026885	0.7369709516148168	0.8412801737973115	0.8571428571428571	baseline
ENOG4111G4Y	0.0	0.43104516049604075	0.5783120674766217	1.5445934293485866	0.642176161618001	0.73757518281306	0.642176161618001	0.73757518281306	0.5714285714285714	endpoint
ENOG4111G5S	0.0	0.7492672040937071	1.042344711374957	1.338513309605646	0.2668037874421741	0.1474244108922667	0.733196212557826	0.8525755891077333	0.8571428571428571	baseline
ENOG4111G5T	0.0	1.2425390278696586	1.1911476451918066	1.8931099462147232	0.865430061032085	0.9394569546206677	0.865430061032085	0.9394569546206677	1.0	endpoint
ENOG4111G61	0.0	0.7218150667619192	0.7312640810122601	1.4100120821214732	0.2760660943741754	0.2675586305522852	0.7239339056258246	0.7324413694477148	0.8571428571428571	baseline
ENOG4111G6R	0.0	0.5994482277432823	0.8795305441096029	1.610194393219576	0.6817124494557111	0.7500669361923719	0.6817124494557111	0.7500669361923719	0.5714285714285714	endpoint
ENOG4111G6S	0.0	0.37223581223360575	0.7087269317837782	1.5285943670890334	0.5938723365652316	0.6535236763360232	0.5938723365652316	0.6535236763360232	0.7142857142857143	endpoint
ENOG4111G7C	0.0	0.4885238392364292	0.46255469700108903	1.3156866299279242	0.35572103757584866	0.3938381555315375	0.6442789624241514	0.6061618444684624	0.7142857142857143	baseline
ENOG4111G83	0.0	0.6260664101373722	0.8355547328530288	1.4825040462797483	0.7087016285332147	0.8342835932520031	0.7087016285332147	0.8342835932520031	0.7142857142857143	endpoint
ENOG4111G8A	0.0	0.7016686993467808	1.032112941002992	1.2815114264711276	0.26295393429172786	0.21308740781421429	0.7370460657082721	0.7869125921857857	0.8571428571428571	baseline
ENOG4111G92	0.0	0.20912240882086755	0.46405993829550235	1.5108164429779223	0.5679659915994929	0.6216825196841822	0.5679659915994929	0.6216825196841822	0.7142857142857143	endpoint
ENOG4111G9A	0.0	0.27903860456607893	0.4355978079057488	1.6135937862920715	0.5797479648266137	0.6150286453711336	0.5797479648266137	0.6150286453711336	0.5714285714285714	endpoint
ENOG4111G9H	0.0	1.2162177229264042	1.2129372861083876	1.728631410447789	0.85468141661909	0.9173139260597707	0.85468141661909	0.9173139260597707	1.0	endpoint
ENOG4111GA6	0.0	0.05339376936945777	0.42500362178159923	1.285945592440406	0.4674318223399088	0.5912061497437842	0.5325681776600912	0.5912061497437842	0.5714285714285714	baseline
ENOG4111GA9	0.0	0.5462714105068112	0.8616831065992899	1.4689611424698201	0.6537269072622994	0.7186512203724954	0.6537269072622994	0.7186512203724954	0.8571428571428571	endpoint
ENOG4111GAC	0.0	0.47160884848503276	0.8340548877337502	1.4444130043019565	0.5871252399639741	0.7151371679937157	0.5871252399639741	0.7151371679937157	0.7142857142857143	endpoint
ENOG4111GAY	0.0	0.02831581801493618	0.6121761130130611	1.1253804229762883	0.48665884563783113	0.34232682684915	0.5133411543621689	0.65767317315085	0.5714285714285714	baseline
ENOG4111GB5	0.0	0.46804185615025257	0.8083713151675376	1.4373287810411937	0.3587229178131359	0.3364336170680454	0.6412770821868641	0.6635663829319546	0.8571428571428571	baseline
ENOG4111GBT	0.0	0.6841556075028563	0.9859721282191075	1.634815492495075	0.6951659043761504	0.7419954197876004	0.6951659043761504	0.7419954197876004	0.7142857142857143	endpoint
ENOG4111GBW	0.0	0.8912603589273492	1.4689650678200663	1.8587193969573215	0.7556401100448367	0.9477258839848743	0.7556401100448367	0.9477258839848743	0.8571428571428571	endpoint
ENOG4111GBX	0.0	1.414515381134138	1.4478891889209886	1.9313136269199231	0.9062215992228474	0.9067276719483403	0.9062215992228474	0.9067276719483403	1.0	endpoint
ENOG4111GC9	0.0	0.3857927774023399	0.8822695509061319	1.430611303340365	0.6128740167658505	0.7737608859098475	0.6128740167658505	0.7737608859098475	0.7142857142857143	endpoint
ENOG4111GCX	0.0	0.6679641134048705	0.8081982945936932	1.7235420403866388	0.3225231011209853	0.3242541030666519	0.6774768988790147	0.6757458969333481	0.7142857142857143	baseline
ENOG4111GD2	0.0	0.9815062817751571	1.3431162405880208	1.9964497116143602	0.24221685756533556	0.08433824188087725	0.7577831424346644	0.9156617581191228	0.7142857142857143	baseline
ENOG4111GD4	0.0	0.21509351682640926	0.07611268559008555	1.1289259040509159	0.42588088541140506	0.4650155505994727	0.5741191145885949	0.5349844494005274	0.5714285714285714	baseline
ENOG4111GDS	0.14285714285714285	0.11462922234110219	0.778932158773204	2.40139938524145	0.4314275663759824	0.3310959376978449	0.5685724336240177	0.6689040623021552	0.5714285714285714	baseline
ENOG4111GE1	0.0	1.0732347984863195	1.0664630592757876	1.6882184680794246	0.8200351761589861	0.8481955357796648	0.8200351761589861	0.8481955357796648	0.8571428571428571	endpoint
ENOG4111GE3	0.0	0.7833832352580182	1.2746131637360523	1.5809521912578721	0.7475839622337197	0.8827894913220035	0.7475839622337197	0.8827894913220035	0.8571428571428571	endpoint
ENOG4111GEP	0.0	0.08814938609078384	0.21109931400546342	1.2546494609883767	0.4666633253987385	0.44944887122665905	0.5333366746012616	0.5505511287733409	0.5714285714285714	baseline
ENOG4111GFD	0.0	0.8705604997990234	0.7212134346528799	1.6742700984007526	0.7686244503129878	0.7423611404878807	0.7686244503129878	0.7423611404878807	1.0	endpoint
ENOG4111GFI	0.14285714285714285	1.537288588430656	1.4142685068797218	2.4561259214670077	0.9333960249051636	0.9338598171919662	0.9333960249051636	0.9338598171919662	1.0	endpoint
ENOG4111GG0	0.0	0.24578060284285255	0.4189121697836864	1.000327202720154	0.5539540396331831	0.5852438294546901	0.5539540396331831	0.5852438294546901	0.7142857142857143	endpoint
ENOG4111GG1	0.0	0.2094998815836641	0.5627680364187434	1.3104153177413906	0.4701054876929991	0.38163076701107346	0.5298945123070009	0.6183692329889265	0.5714285714285714	baseline
ENOG4111GGS	0.0	0.22531153274471696	0.08256521662282151	1.282275902719606	0.419056259083011	0.5461391604070328	0.5809437409169891	0.5461391604070328	0.5714285714285714	baseline
ENOG4111GGU	0.0	0.41545596090145853	0.9891047758851891	1.3802556167014104	0.37569822013793613	0.285439177177315	0.6243017798620638	0.714560822822685	0.5714285714285714	baseline
ENOG4111GH9	0.0	0.010103928452326041	0.027910551522653686	1.4132484376114716	0.46496674139157534	0.480503944527248	0.5350332586084247	0.519496055472752	0.5714285714285714	endpoint
ENOG4111GHH	0.0	0.7914068959262467	1.1181261612134534	1.5092004419346892	0.7242335704333717	0.8660153737419045	0.7242335704333717	0.8660153737419045	0.8571428571428571	endpoint
ENOG4111GIF	0.0	1.1237151278306887	1.2660133391502035	1.7073234596028544	0.8563986785803281	0.9315753112747583	0.8563986785803281	0.9315753112747583	1.0	endpoint
ENOG4111GII	0.0	0.26523713194840226	0.036730255033083574	1.6722986732344203	0.5356189510529187	0.5339716471110079	0.5356189510529187	0.5339716471110079	0.5714285714285714	endpoint
ENOG4111GIZ	0.0	0.8169055208025833	1.229725911066279	1.4445012376036657	0.7578212035285785	0.8275601319319775	0.7578212035285785	0.8275601319319775	0.8571428571428571	endpoint
ENOG4111GJ1	0.0	0.018834922291591148	0.6859941169727419	1.3518437882402639	0.49884026810814946	0.6735662722517574	0.5011597318918506	0.6735662722517574	0.5714285714285714	baseline
ENOG4111GJ3	0.0	1.0068903392289126	1.1337125225233808	1.48437035514122	0.8177060304026161	0.9463737313976989	0.8177060304026161	0.9463737313976989	0.8571428571428571	endpoint
ENOG4111GJG	0.0	0.29064609045970446	0.37024492754004956	1.0561811680402398	0.5664711559521546	0.5980095037984993	0.5664711559521546	0.5980095037984993	0.8571428571428571	endpoint
ENOG4111GJN	0.0	0.06300907051044571	0.1906954676485127	1.5428833169641554	0.5134520212002815	0.4389659856247513	0.5134520212002815	0.5610340143752487	0.5714285714285714	endpoint
ENOG4111GJX	0.0	0.8344047663074846	0.9786763621146398	1.6897368614641735	0.7781301495301552	0.8621144285643448	0.7781301495301552	0.8621144285643448	0.8571428571428571	endpoint
ENOG4111GKT	0.0	0.08007597587617057	0.03241412492717777	1.1672165547059552	0.5280380589021662	0.5182099070671089	0.5280380589021662	0.5182099070671089	0.5714285714285714	endpoint
ENOG4111GM9	0.0	0.5952980306919236	0.5444541215190731	1.4000261192433145	0.6805760736852005	0.6940469254159796	0.6805760736852005	0.6940469254159796	0.8571428571428571	endpoint
ENOG4111GMI	0.0	0.6533449911369319	1.02997784851516	1.2779175887989669	0.7140756749870141	0.79153579677159	0.7140756749870141	0.79153579677159	0.7142857142857143	endpoint
ENOG4111GMQ	0.0	0.8109974826649752	0.9531359654858136	1.4414850046755368	0.7306520484928491	0.7360186698558867	0.7306520484928491	0.7360186698558867	0.8571428571428571	endpoint
ENOG4111GMZ	0.0	0.5202857740464845	0.7644036528699049	1.208269801368762	0.36956924160679216	0.30735804763980534	0.6304307583932078	0.6926419523601947	0.8571428571428571	baseline
ENOG4111GND	0.0	0.9123904137242701	0.8712939785668523	1.445750946964403	0.7781292750876678	0.7699935436374968	0.7781292750876678	0.7699935436374968	1.0	endpoint
ENOG4111GNT	0.0	0.48688692652975857	1.0568448005037683	1.571517833856612	0.6040190545601287	0.7514379576829955	0.6040190545601287	0.7514379576829955	0.7142857142857143	endpoint
ENOG4111GPI	0.0	0.7995523667707692	1.0126915460968908	1.7783148082232558	0.282227298475678	0.27644768890382554	0.717772701524322	0.7235523110961745	0.7142857142857143	baseline
ENOG4111GPR	0.0	0.3283576197749532	0.09796884676539754	0.9900495736338871	0.6117198752471424	0.5186522777742498	0.6117198752471424	0.5186522777742498	0.5714285714285714	endpoint
ENOG4111GPX	0.0	0.6013910557618952	0.6442141641645333	1.348808662610352	0.304275783222786	0.29878017186942535	0.695724216777214	0.7012198281305746	0.8571428571428571	baseline
ENOG4111GQ4	0.0	0.1898321573213446	0.41503049140602705	1.3258034967810302	0.44249496971750574	0.4017270334648575	0.5575050302824942	0.5982729665351425	0.7142857142857143	baseline
ENOG4111GQ5	0.0	0.008339101244919846	0.018652562099962015	1.1428880867325224	0.5404405868240866	0.5175552228611433	0.5404405868240866	0.5175552228611433	0.5714285714285714	endpoint
ENOG4111GQF	0.0	0.6831439485562045	0.675975165212259	1.662260882164062	0.6729098204598669	0.7465512735092992	0.6729098204598669	0.7465512735092992	0.8571428571428571	endpoint
ENOG4111GQY	0.0	0.3191942671479548	0.2358504387940786	1.1000732448904862	0.4127410855517322	0.40187254280289153	0.5872589144482678	0.5981274571971085	0.7142857142857143	baseline
ENOG4111GRU	0.0	0.4930692194126687	0.9441005209313467	1.6238002872742974	0.6202508833475147	0.7398781233739339	0.6202508833475147	0.7398781233739339	0.7142857142857143	endpoint
ENOG4111GS3	0.0	0.205802555097572	0.13729435763393175	1.694184141213106	0.5039252582396729	0.4697922562937382	0.5039252582396729	0.5302077437062618	0.5714285714285714	baseline
ENOG4111GSI	0.0	0.2344804604579081	0.27202646908066197	1.470790774833949	0.5495371207959912	0.5767889523174103	0.5495371207959912	0.5767889523174103	0.7142857142857143	endpoint
ENOG4111GTX	0.0	0.21621369747125702	0.3736148958096177	1.4705913705457525	0.45990137462452113	0.4026877610760411	0.5400986253754789	0.5973122389239589	0.7142857142857143	baseline
ENOG4111GTZ	0.0	0.027117870652478063	0.48096170781121916	1.8935705260765248	0.47937869864541865	0.4007554432427017	0.5206213013545813	0.5992445567572984	0.5714285714285714	endpoint
ENOG4111GU7	0.0	0.10833198388894773	0.28368475871085225	0.8621671697852187	0.5053631813755758	0.5795144262310683	0.5053631813755758	0.5795144262310683	0.5714285714285714	endpoint
ENOG4111GUC	0.0	0.5286146957668826	0.8298988259485358	1.3477940274794356	0.3509441660393637	0.2999346259628331	0.6490558339606363	0.700065374037167	0.7142857142857143	baseline
ENOG4111GUV	0.0	0.212486476891989	0.5798585591021347	1.3432403258111787	0.3924341663837048	0.3276332145682189	0.6075658336162952	0.6723667854317811	0.5714285714285714	baseline
ENOG4111GV6	0.0	0.14399244251100576	0.23458717211816152	1.2840021599916769	0.47989628242904026	0.3904021493681286	0.5201037175709597	0.6095978506318713	0.5714285714285714	baseline
ENOG4111GVD	0.0	0.055753173847734976	0.3049735045308448	1.2556772992290919	0.4579450189546357	0.5756052242331386	0.5420549810453643	0.5756052242331386	0.5714285714285714	baseline
ENOG4111GVE	0.0	0.5503457337036047	0.961208545873383	1.4551106902878943	0.6754558202869327	0.7568464899716698	0.6754558202869327	0.7568464899716698	0.7142857142857143	endpoint
ENOG4111GVH	0.14285714285714285	1.3501650121704205	1.4993098010084267	2.3704065622773425	0.8587723015930843	0.9830868108793674	0.8587723015930843	0.9830868108793674	0.8571428571428571	endpoint
ENOG4111GVS	0.0	0.1914432269655644	0.5931422273502702	1.7130565791706298	0.5978282058026104	0.674518536221585	0.5978282058026104	0.674518536221585	0.5714285714285714	endpoint
ENOG4111GVU	0.0	0.6957622986726782	0.9698471495705501	1.2607074944646826	0.704276938172544	0.7562080096389466	0.704276938172544	0.7562080096389466	0.8571428571428571	endpoint
ENOG4111GVV	0.0	0.8917197934289585	0.8535418845867253	1.3963103327921296	0.7874865878425761	0.7845419758641291	0.7874865878425761	0.7845419758641291	1.0	endpoint
ENOG4111GW7	0.0	0.07000234107820079	0.11210825930300933	1.251296294345991	0.5014812145080124	0.47673265919166413	0.5014812145080124	0.5232673408083359	0.5714285714285714	baseline
ENOG4111GW9	0.0	0.07016344509630043	0.025819338430964844	1.3103097928187224	0.5124980100849997	0.5104566063666625	0.5124980100849997	0.5104566063666625	0.5714285714285714	baseline
ENOG4111GWB	0.0	0.49982512145902536	0.7089482822868414	1.33979946233719	0.3405436294611575	0.3474567621232652	0.6594563705388425	0.6525432378767348	0.7142857142857143	baseline
ENOG4111GWY	0.0	0.36643686469694897	0.5541806037907516	1.364427921228047	0.35258966610065706	0.3358182844177455	0.6474103338993429	0.6641817155822545	0.7142857142857143	baseline
ENOG4111GXT	0.0	0.28370089338775095	0.3185206406414366	1.5574043359185905	0.40481207903884897	0.41559422717965583	0.595187920961151	0.5844057728203442	0.5714285714285714	baseline
ENOG4111GY0	0.0	0.3830551566894322	0.7029559639406473	1.3530067099681018	0.36156461435421006	0.3138749244436681	0.6384353856457899	0.686125075556332	0.7142857142857143	baseline
ENOG4111GYJ	0.0	0.2431253322953764	0.1922967195894102	1.4894946746474043	0.5670240367188565	0.5025415588869195	0.5670240367188565	0.5025415588869195	0.5714285714285714	endpoint
ENOG4111GYN	0.0	0.10415480164566035	0.22920025395707036	1.2510573981272697	0.52023698655033	0.40025773897141076	0.52023698655033	0.5997422610285892	0.5714285714285714	endpoint
ENOG4111GYS	0.0	0.0278009670239119	0.16804108281290772	1.4688426428798453	0.49442023916337313	0.5830174651235918	0.5055797608366268	0.5830174651235918	0.5714285714285714	endpoint
ENOG4111GZ2	0.0	0.670508421572465	1.1085281240594855	1.578931469302601	0.6951115324432894	0.8514236683846905	0.6951115324432894	0.8514236683846905	0.7142857142857143	endpoint
ENOG4111H00	0.0	1.0293471789065407	1.2383365509063986	1.5679862709581198	0.8079819396870301	0.8797583196266262	0.8079819396870301	0.8797583196266262	1.0	endpoint
ENOG4111H02	0.0	1.0179012851067857	1.0787894376571172	1.5046537595086062	0.19383326480899712	0.21028127094397897	0.8061667351910029	0.789718729056021	1.0	baseline
ENOG4111H0I	0.0	0.9995310568515972	1.1612215474919714	1.5080249613621333	0.8124234278970519	0.8277114309996316	0.8124234278970519	0.8277114309996316	1.0	endpoint
ENOG4111H11	0.0	0.9778229966140961	0.886639171597094	1.5326510466829173	0.810392849019331	0.8478398654768363	0.810392849019331	0.8478398654768363	1.0	endpoint
ENOG4111H1A	0.0	0.026445244814783275	0.33869345446584964	0.8594428593538129	0.4820072081144114	0.575103067482593	0.5179927918855887	0.575103067482593	0.5714285714285714	endpoint
ENOG4111H1F	0.0	0.9366416750058894	0.9923883731965538	1.8319212592229646	0.7513033283780548	0.7634912638549655	0.7513033283780548	0.7634912638549655	0.8571428571428571	endpoint
ENOG4111H1Q	0.0	0.00488554566815212	0.15473776922052815	1.4181839421718851	0.4859171408972708	0.41781029006997006	0.5140828591027292	0.5821897099300299	0.7142857142857143	endpoint
ENOG4111H1V	0.0	0.40549257419951873	0.5749781000975638	1.561488622076538	0.6252445996682783	0.7068743527854198	0.6252445996682783	0.7068743527854198	0.8571428571428571	endpoint
ENOG4111H27	0.0	0.40198796593067726	0.7031693090818196	0.9715250711844193	0.4063225454896062	0.33584279073921763	0.5936774545103938	0.6641572092607824	0.7142857142857143	baseline
ENOG4111H2E	0.0	0.5095822140387614	0.6075461577199603	1.4754427602565618	0.6582134116518403	0.7076510683801468	0.6582134116518403	0.7076510683801468	0.7142857142857143	endpoint
ENOG4111H2F	0.0	0.41267534466923966	0.6304873629199476	1.4285740680205579	0.6185522738049274	0.6336225825123207	0.6185522738049274	0.6336225825123207	0.7142857142857143	endpoint
ENOG4111H2G	0.0	0.2821931351096679	0.48724091686047666	0.8873906739148738	0.5923750990418605	0.5892591487948495	0.5923750990418605	0.5892591487948495	0.8571428571428571	endpoint
ENOG4111H2K	0.0	0.6405470828245825	0.9819072122379078	1.3536799680930984	0.7295751593924492	0.8254595318120722	0.7295751593924492	0.8254595318120722	0.8571428571428571	endpoint
ENOG4111H2T	0.0	1.068832111645565	1.466456472022088	1.9723423392712365	0.2225321446562827	0.14321786075817783	0.7774678553437173	0.8567821392418222	0.8571428571428571	baseline
ENOG4111H33	0.0	0.28008426334306297	0.8286762391602182	1.3723153401988808	0.5919210161592072	0.7897409805996748	0.5919210161592072	0.7897409805996748	0.7142857142857143	endpoint
ENOG4111H3B	0.0	1.0969664411093174	1.3726233384810507	1.7886151786788032	0.15107368759162537	0.0950523310362063	0.8489263124083746	0.9049476689637936	0.8571428571428571	baseline
ENOG4111H3W	0.0	0.9321365837480562	0.9307302995061046	1.5068241864393161	0.8031360258376514	0.7903949366096052	0.8031360258376514	0.7903949366096052	1.0	endpoint
ENOG4111H43	0.0	0.39996592552033894	0.015692815344329997	1.6750740143760474	0.5986837523780844	0.5142635951861444	0.5986837523780844	0.5142635951861444	0.5714285714285714	endpoint
ENOG4111H48	0.0	1.0632021669139464	1.2511229349591177	1.7242043943571306	0.832755349486656	0.961982225230524	0.832755349486656	0.961982225230524	1.0	endpoint
ENOG4111H4F	0.0	0.630293515270188	0.6292503997741236	1.721754577160859	0.7209290727381799	0.7555241635779357	0.7209290727381799	0.7555241635779357	0.7142857142857143	endpoint
ENOG4111H4R	0.0	0.2753433449429729	0.05412870143465642	1.5360173892070406	0.4156243876799183	0.46163566594701017	0.5843756123200817	0.5383643340529898	0.5714285714285714	baseline
ENOG4111H4X	0.0	0.6731066873918533	0.7659181005813243	1.2313420194481122	0.27535302177678184	0.25512953305328195	0.7246469782232181	0.7448704669467181	0.8571428571428571	baseline
ENOG4111H52	0.0	0.8726503858288412	1.0105855801754144	1.5876387883953065	0.2567799709407419	0.30286664560479354	0.7432200290592581	0.6971333543952065	0.8571428571428571	baseline
ENOG4111H5B	0.0	0.2566716082493821	0.23710011022022798	1.3077817847954711	0.4246274468527164	0.5183916567742929	0.5753725531472835	0.5183916567742929	0.5714285714285714	baseline
ENOG4111H5G	0.0	0.8670909882388093	0.7912346089956873	1.474644933763599	0.22707354569423258	0.24604945070412343	0.7729264543057675	0.7539505492958766	0.8571428571428571	baseline
ENOG4111H5S	0.0	0.4996436646022061	0.3806530284068046	1.6663800962189819	0.5974759618131092	0.6322771906400486	0.5974759618131092	0.6322771906400486	0.7142857142857143	endpoint
ENOG4111H5W	0.0	0.38356075836771625	1.0701945998224265	1.6472996138138343	0.5930942705578544	0.6981332765638546	0.5930942705578544	0.6981332765638546	0.5714285714285714	endpoint
ENOG4111H63	0.0	0.1365384687476818	0.15881516620180727	1.5413952142543128	0.42779322950357124	0.46045784321471905	0.5722067704964288	0.539542156785281	0.5714285714285714	baseline
ENOG4111H69	0.0	0.049531169835954944	0.18506984937032306	1.3605348670790858	0.4595720711807571	0.5344485451341386	0.5404279288192428	0.5344485451341386	0.5714285714285714	endpoint
ENOG4111H6B	0.0	0.12682543286055167	0.09533637512862675	1.3013120489234302	0.5739581303298339	0.5560041692361405	0.5739581303298339	0.5560041692361405	0.5714285714285714	endpoint
ENOG4111H6E	0.0	0.4362660619094521	0.6899983724715977	1.2441266357306004	0.6330350060347644	0.629843008612116	0.6330350060347644	0.629843008612116	0.7142857142857143	endpoint
ENOG4111H6F	0.0	0.1860510476928571	0.003246930999933414	1.5424677584231972	0.5480191495426241	0.5114331470329966	0.5480191495426241	0.5114331470329966	0.5714285714285714	endpoint
ENOG4111H7A	0.0	0.045096256695545546	0.19854838753573348	1.2964184982323046	0.4888976992444078	0.5111384667209916	0.5111023007555922	0.5111384667209916	0.5714285714285714	endpoint
ENOG4111H7I	0.0	0.4374878949034051	0.44958156768888724	1.33994896324043	0.38941813793435537	0.3578471287864858	0.6105818620656447	0.6421528712135143	0.7142857142857143	baseline
ENOG4111H7K	0.0	0.5560675097083917	0.3487110517277293	1.6075865737780843	0.3349179194529501	0.41151796918613176	0.6650820805470499	0.5884820308138683	0.7142857142857143	baseline
ENOG4111H7M	0.0	0.4955094122001343	0.7758157099471581	1.4979270548473511	0.6275152440209023	0.7192723429562439	0.6275152440209023	0.7192723429562439	0.8571428571428571	endpoint
ENOG4111H7S	0.0	0.42664048698549273	0.9093688410746348	1.396454595642868	0.3884150017272289	0.31966832570815784	0.611584998272771	0.6803316742918422	0.7142857142857143	baseline
ENOG4111H83	0.0	0.021917596302397726	0.17042759407916758	1.2125197151772213	0.5413802288922444	0.5294226215999732	0.5413802288922444	0.5294226215999732	0.7142857142857143	endpoint
ENOG4111H8C	0.0	0.7225967799452558	1.167007194762191	1.7355008669158074	0.6877510081723022	0.7660063308748037	0.6877510081723022	0.7660063308748037	0.8571428571428571	endpoint
ENOG4111H8F	0.0	0.4410613867496114	0.4526734783191321	1.705654144225766	0.6227138224487406	0.6263029316216012	0.6227138224487406	0.6263029316216012	0.5714285714285714	endpoint
ENOG4111H93	0.0	1.0106943605847751	1.2536297451259073	1.4347706935916842	0.8054696659440346	0.880865708398036	0.8054696659440346	0.880865708398036	0.8571428571428571	endpoint
ENOG4111H9C	0.0	0.030805992496717702	0.35370688904367314	1.3114195279420033	0.5163357703509365	0.5923328566403201	0.5163357703509365	0.5923328566403201	0.5714285714285714	endpoint
ENOG4111HA8	0.0	0.7594388024038009	1.1546241090504494	1.8716944251090262	0.33260104208995217	0.18621170564636033	0.6673989579100479	0.8137882943536396	0.7142857142857143	baseline
ENOG4111HAD	0.0	0.8855442351087607	1.1762543556665266	1.420513326245836	0.22267007628567326	0.11608948499962134	0.7773299237143267	0.8839105150003786	0.8571428571428571	baseline
ENOG4111HAN	0.0	0.008362646517371206	0.13073036101984806	1.7084690024753546	0.5026515101046796	0.5157966292984595	0.5026515101046796	0.5157966292984595	0.5714285714285714	baseline
ENOG4111HAW	0.0	0.029756504839650404	0.1348788244054999	0.8211171669899018	0.4811632883162621	0.5447265881337472	0.5188367116837379	0.5447265881337472	0.5714285714285714	baseline
ENOG4111HB2	0.0	1.2158739392865006	1.254259268783845	1.8627141508514258	0.8542090963949611	0.8575155700635863	0.8542090963949611	0.8575155700635863	1.0	endpoint
ENOG4111HC7	0.0	0.07894928441265206	0.4058878805121826	1.4305059620256675	0.4694145117476473	0.3956309951983815	0.5305854882523526	0.6043690048016185	0.7142857142857143	baseline
ENOG4111HCS	0.0	0.08333480898543887	0.2281738716023435	1.5083709591781786	0.5329925470042046	0.4343829689726332	0.5329925470042046	0.5656170310273668	0.5714285714285714	endpoint
ENOG4111HE2	0.0	0.24922507582090334	0.40024418108147075	1.202507340277086	0.4241282581274907	0.41962557946810675	0.5758717418725092	0.5803744205318933	0.7142857142857143	baseline
ENOG4111HEJ	0.0	0.025437724077268502	0.14438805948261058	1.515635941890781	0.46430273362529956	0.4213628063121231	0.5356972663747004	0.5786371936878769	0.5714285714285714	endpoint
ENOG4111HEP	0.0	0.795131587387986	1.2127639296983297	1.4718773697461496	0.24395655827342116	0.2296747848461839	0.7560434417265789	0.7703252151538161	0.8571428571428571	baseline
ENOG4111HER	0.0	0.07600310893647517	0.09523631748346385	1.4609948024723505	0.4736278690396677	0.4864298184635862	0.5263721309603323	0.5135701815364138	0.5714285714285714	baseline
ENOG4111HF4	0.0	0.8500180570335305	1.2623552853033846	1.456942259660487	0.2631797474691813	0.24774312942855875	0.7368202525308187	0.7522568705714412	0.8571428571428571	baseline
ENOG4111HFM	0.0	1.2249523625491434	1.2743729726178608	1.698052701914309	0.15428027455709328	0.10625075178274844	0.8457197254429067	0.8937492482172515	1.0	baseline
ENOG4111HFP	0.0	0.3817314296667949	0.4811647718035167	1.4330563082590804	0.6196524601768123	0.6658435576476107	0.6196524601768123	0.6658435576476107	0.5714285714285714	endpoint
ENOG4111HGD	0.0	0.5485246125899201	0.8412635756231355	1.534423484176568	0.6416879278070403	0.8315653405169908	0.6416879278070403	0.8315653405169908	0.7142857142857143	endpoint
ENOG4111HGP	0.0	0.3218118915383795	0.6861164102163305	1.1772339808600045	0.6329158276582599	0.7064317302237814	0.6329158276582599	0.7064317302237814	0.5714285714285714	endpoint
ENOG4111HH3	0.0	0.5513450791519326	0.4694147520058408	1.4134313598207038	0.6447326880999168	0.6370238034404478	0.6447326880999168	0.6370238034404478	0.8571428571428571	endpoint
ENOG4111HH7	0.0	0.27291583047098655	0.27396636415382347	1.2688798135540678	0.40146735231283665	0.4321203790484186	0.5985326476871633	0.5678796209515814	0.5714285714285714	baseline
ENOG4111HHM	0.0	0.08766965431188563	0.3631016168417514	1.6928766805982716	0.46763286653593106	0.3476986175871681	0.5323671334640689	0.6523013824128319	0.7142857142857143	baseline
ENOG4111HIF	0.0	0.8820446999737691	1.1826975652338205	1.8715943831055024	0.7496643398850705	0.7813000171359183	0.7496643398850705	0.7813000171359183	0.8571428571428571	endpoint
ENOG4111HIQ	0.0	0.8315953101523187	1.272331419216553	1.8553193463648967	0.7156441408793722	0.7785984090480121	0.7156441408793722	0.7785984090480121	0.8571428571428571	endpoint
ENOG4111HJ6	0.0	0.9350950842043336	1.0199869686324337	1.418952852888302	0.22399989684444083	0.18733848583763443	0.7760001031555592	0.8126615141623655	0.8571428571428571	baseline
ENOG4111HJM	0.0	0.3936410728633242	1.2180261645572987	1.6333649743755343	0.6590628082376853	0.8890086419929145	0.6590628082376853	0.8890086419929145	0.5714285714285714	endpoint
ENOG4111HK2	0.0	0.2322716310574044	0.9751519264791682	1.9126481829132607	0.601995832207476	0.776423737927991	0.601995832207476	0.776423737927991	0.7142857142857143	endpoint
ENOG4111HK3	0.0	0.1866135282885499	0.1403111259788891	0.9890371196935768	0.5559057013450588	0.5066218878821312	0.5559057013450588	0.5066218878821312	0.5714285714285714	endpoint
ENOG4111HK7	0.0	1.158407052928931	1.267654534854462	1.483594171837494	0.856358976908861	0.9693956895473527	0.856358976908861	0.9693956895473527	1.0	endpoint
ENOG4111HKV	0.0	0.5169020396647944	0.24564361866433718	1.2394014641846431	0.6751678065942018	0.5907691575986838	0.6751678065942018	0.5907691575986838	0.8571428571428571	endpoint
ENOG4111HM9	0.0	0.2381984437540702	0.44916867365904917	1.2420376854321609	0.4306222559685368	0.3960601959178138	0.5693777440314631	0.6039398040821862	0.5714285714285714	baseline
ENOG4111HN2	0.0	0.6900946180836026	0.8953048475768304	1.3553130927116186	0.29423651863768524	0.31307569175786754	0.7057634813623148	0.6869243082421325	0.8571428571428571	baseline
ENOG4111HN5	0.0	0.19921625288730707	0.034477501136140884	0.8214276184009446	0.4654118575585014	0.5014781332904468	0.5345881424414987	0.5014781332904468	0.5714285714285714	baseline
ENOG4111HNE	0.0	0.08443817704652228	0.0765630870539117	1.2705582650510465	0.5373505392251574	0.5489464953243829	0.5373505392251574	0.5489464953243829	0.5714285714285714	endpoint
ENOG4111HP7	0.0	0.3725719650350503	0.6310047293302664	1.4335835020335734	0.5962860288147136	0.6089985391881307	0.5962860288147136	0.6089985391881307	0.8571428571428571	endpoint
ENOG4111HPB	0.0	0.3949185163685289	0.5448056686251187	1.2887632903550963	0.6109979167135091	0.6405592493446579	0.6109979167135091	0.6405592493446579	0.7142857142857143	endpoint
ENOG4111HPT	0.0	0.8603610428373413	1.1843381883240103	1.372280412528649	0.2615313889089458	0.1293842660671218	0.7384686110910542	0.8706157339328782	0.8571428571428571	baseline
ENOG4111HPY	0.0	0.678973551277653	0.7137452752766341	1.3901953879619262	0.7098787153249285	0.6079425503919901	0.7098787153249285	0.6079425503919901	0.8571428571428571	endpoint
ENOG4111HPZ	0.0	0.11547941348556875	0.40194433330889706	1.5242032763634445	0.47343193410942114	0.37536703276447625	0.5265680658905789	0.6246329672355238	0.7142857142857143	baseline
ENOG4111HQ1	0.0	0.06539459551691883	0.2195549569698282	1.483269163317737	0.46678983086580705	0.45108950728586344	0.533210169134193	0.5489104927141366	0.5714285714285714	baseline
ENOG4111HQ9	0.0	0.015028125610175984	0.06136969284868136	1.4349758581924494	0.4959735099159172	0.5275416298912499	0.5040264900840827	0.5275416298912499	0.5714285714285714	baseline
ENOG4111HQM	0.0	0.03619524152025339	0.4542522832659006	1.588159497496822	0.4737593827630713	0.39521633171962356	0.5262406172369287	0.6047836682803764	0.5714285714285714	baseline
ENOG4111HR3	0.0	0.9445536287344446	0.886594411996048	1.509949677671274	0.7839289217168809	0.8182047675619591	0.7839289217168809	0.8182047675619591	0.8571428571428571	endpoint
ENOG4111HR5	0.0	0.0015398700170473067	0.19811877270317124	0.8632836204760742	0.4946581528414236	0.562244563055538	0.5053418471585764	0.562244563055538	0.5714285714285714	baseline
ENOG4111HRE	0.0	1.1963733621849646	1.2378109463458626	1.470870663587831	0.8669250362930996	0.9695761356140863	0.8669250362930996	0.9695761356140863	1.0	endpoint
ENOG4111HRW	0.0	0.8717474583951494	1.157459013793906	1.3883707973544626	0.7582879139685276	0.8567122935309995	0.7582879139685276	0.8567122935309995	0.8571428571428571	endpoint
ENOG4111HS0	0.0	0.8436496486902023	0.921706114233992	1.1177518298866553	0.25619905404444154	0.2769022719353027	0.7438009459555585	0.7230977280646973	1.0	baseline
ENOG4111HT5	0.0	0.9331461178668526	0.8024262566759711	1.5318528664385274	0.7940357707306529	0.7862866715778073	0.7940357707306529	0.7862866715778073	0.8571428571428571	endpoint
ENOG4111HTB	0.0	0.9913881740966906	1.101737513591169	1.7974007476402964	0.23211714319331547	0.14399770426969213	0.7678828568066846	0.8560022957303078	0.8571428571428571	baseline
ENOG4111HU9	0.0	0.008095595458045937	0.009966654591558731	1.5713070930627029	0.5381592691775788	0.46896643544580546	0.5381592691775788	0.5310335645541946	0.5714285714285714	endpoint
ENOG4111HUD	0.0	0.3073689662929788	0.4068665244007897	1.4878666342384208	0.37632137374050395	0.3839078711223963	0.623678626259496	0.6160921288776037	0.8571428571428571	baseline
ENOG4111HVH	0.0	0.9975449313670286	1.0338309928880112	1.353321631957305	0.793088488510991	0.8293244119669455	0.793088488510991	0.8293244119669455	1.0	endpoint
ENOG4111HVI	0.0	0.1945573912033711	0.48973302189144935	1.4111564117551925	0.5553499065967752	0.6003950013880714	0.5553499065967752	0.6003950013880714	0.5714285714285714	endpoint
ENOG4111HWF	0.0	0.8437819902329127	1.2121832779889725	1.5923595349965767	0.7149398562929076	0.796578727550991	0.7149398562929076	0.796578727550991	0.8571428571428571	endpoint
ENOG4111HWZ	0.0	0.17841659331908147	0.32315253739956584	1.6171070588675276	0.573652089406064	0.4376480570768241	0.573652089406064	0.5623519429231759	0.5714285714285714	endpoint
ENOG4111HX2	0.0	0.28038272566191547	0.23484594497666	1.3488654400631888	0.5734012509446479	0.5723679347736024	0.5734012509446479	0.5723679347736024	0.7142857142857143	endpoint
ENOG4111HX4	0.0	0.834842202755883	1.4865486030850559	1.7336502869972115	0.7460011841863988	0.94198835215167	0.7460011841863988	0.94198835215167	0.7142857142857143	endpoint
ENOG4111HX8	0.0	1.1945156210485732	1.2597304893207972	1.972573348317268	0.8385636399113168	0.8262590566841997	0.8385636399113168	0.8262590566841997	1.0	endpoint
ENOG4111HYA	0.0	0.04027779068856712	0.054771104435502586	1.17226436680716	0.5002097784649961	0.5407539663119203	0.5002097784649961	0.5407539663119203	0.5714285714285714	baseline
ENOG4111HYH	0.0	0.0372574447485872	0.19592132218245373	1.2039247084988154	0.5345610652810192	0.5730873757092436	0.5345610652810192	0.5730873757092436	0.7142857142857143	endpoint
ENOG4111HYX	0.0	1.2106854554112123	1.2759189763897605	1.632371064609753	0.8538702736663198	0.7895550991022634	0.8538702736663198	0.7895550991022634	1.0	endpoint
ENOG4111HZH	0.0	0.20092602394867654	0.34154015443562535	1.2608451787988468	0.5466416940568115	0.5761674709812998	0.5466416940568115	0.5761674709812998	0.5714285714285714	endpoint
ENOG4111HZS	0.0	0.11261478393906468	0.23409446724677851	1.5022421578837453	0.4999485478600601	0.4317618797176239	0.50005145213994	0.5682381202823761	0.5714285714285714	baseline
ENOG4111HZY	0.0	0.20265664521463303	0.22453697164414052	1.2698857008948183	0.572926897063874	0.5840412317161651	0.572926897063874	0.5840412317161651	0.5714285714285714	endpoint
ENOG4111I00	0.0	0.7818722561599735	1.072444935266491	1.4523796912614395	0.29306220493600516	0.1846979233140153	0.7069377950639948	0.8153020766859846	0.8571428571428571	baseline
ENOG4111I08	0.0	0.00969732847994731	0.006571715204574632	1.3337899455345599	0.5010628758368153	0.471711756044102	0.5010628758368153	0.528288243955898	0.5714285714285714	endpoint
ENOG4111I09	0.0	0.14368775743378137	0.09371664457412364	1.210120619268524	0.5335377407917327	0.5030917484674402	0.5335377407917327	0.5030917484674402	0.5714285714285714	endpoint
ENOG4111I0A	0.0	0.38552605677228385	0.7657899786642546	1.7223388769820416	0.44278903851648244	0.3240689516303009	0.5572109614835176	0.6759310483696991	0.5714285714285714	baseline
ENOG4111I0E	0.0	0.9437974223280549	0.7512847113833403	1.6328578001392329	0.780439590397091	0.7518632980828226	0.780439590397091	0.7518632980828226	1.0	endpoint
ENOG4111I0X	0.0	1.3042930604989018	1.2823007597367537	1.6703107291885981	0.897620673545228	0.9661302559429781	0.897620673545228	0.9661302559429781	1.0	endpoint
ENOG4111I17	0.0	0.23147181448762888	0.1487487979342517	1.452657722758754	0.5989427377750374	0.47842014778952957	0.5989427377750374	0.5215798522104704	0.5714285714285714	endpoint
ENOG4111I1P	0.0	0.40206295790823016	0.3809563035818602	1.3523425237931086	0.38031292070577755	0.3910350249896325	0.6196870792942224	0.6089649750103675	0.7142857142857143	baseline
ENOG4111I2C	0.0	0.38340882270515714	0.17072341512344763	1.198481768338713	0.3802449323522462	0.4559810282095643	0.6197550676477538	0.5440189717904357	0.7142857142857143	baseline
ENOG4111I2P	0.0	0.46708995649971247	0.5098002410750208	1.3396157259162644	0.38158243708120293	0.3859955345886792	0.6184175629187971	0.6140044654113208	0.7142857142857143	baseline
ENOG4111I2U	0.0	0.37112625765598223	0.42204238779200465	1.6484294050237276	0.3768074068483977	0.40056307934973995	0.6231925931516022	0.5994369206502601	0.7142857142857143	baseline
ENOG4111I30	0.0	0.19882958377731325	0.2199281740515432	1.223103976133579	0.5483593914845739	0.5464135922456139	0.5483593914845739	0.5464135922456139	0.7142857142857143	endpoint
ENOG4111I31	0.0	0.09407160781732093	0.31248059412881435	1.4621893889633077	0.5418564549154782	0.5260213181319754	0.5418564549154782	0.5260213181319754	0.7142857142857143	endpoint
ENOG4111I3U	0.0	0.7884649385768742	1.088439579927625	1.6870426201653534	0.7807612973248729	0.8445283175857993	0.7807612973248729	0.8445283175857993	0.7142857142857143	endpoint
ENOG4111I4B	0.0	0.6701269611578259	0.6669118991671427	1.7244255934122215	0.6758982264357222	0.6691052330690268	0.6758982264357222	0.6691052330690268	0.8571428571428571	endpoint
ENOG4111I4C	0.0	0.5474587978702506	0.6227213465962325	1.4949204873316015	0.6816430810861835	0.719707152904634	0.6816430810861835	0.719707152904634	0.7142857142857143	endpoint
ENOG4111I4Y	0.0	0.339670939533208	0.3560529414696905	1.4007577823282547	0.5802411920265511	0.6057770813093618	0.5802411920265511	0.6057770813093618	0.7142857142857143	endpoint
ENOG4111I5I	0.0	0.9181279541699412	1.2022004765690621	1.3337786093480113	0.2394167901830499	0.20828268190920923	0.76058320981695	0.7917173180907908	0.8571428571428571	baseline
ENOG4111I5W	0.0	0.002654107072761797	0.0965235674431477	1.0983914448331664	0.5131428248082119	0.45459824325361126	0.5131428248082119	0.5454017567463887	0.5714285714285714	endpoint
ENOG4111I5Z	0.0	0.7534549506386775	1.1665615862664855	1.4315479014800214	0.7622712932563553	0.9587230853991231	0.7622712932563553	0.9587230853991231	0.8571428571428571	endpoint
ENOG4111I6A	0.0	0.18129267761477363	0.15472460679233813	1.3760369579492537	0.5394388841662268	0.5617879379572446	0.5394388841662268	0.5617879379572446	0.5714285714285714	endpoint
ENOG4111I84	0.0	1.0853670795481627	1.2719947596943946	1.7647831768846705	0.8362380579012888	0.9243783314395719	0.8362380579012888	0.9243783314395719	1.0	endpoint
ENOG4111I86	0.0	0.679892122981756	0.5634656812196563	1.5409456990777644	0.7084573309578718	0.7319937975728907	0.7084573309578718	0.7319937975728907	0.7142857142857143	endpoint
ENOG4111I8A	0.0	0.1604611782568534	0.14068970383387677	1.1949917127360972	0.5805703398133675	0.5464149803352303	0.5805703398133675	0.5464149803352303	0.5714285714285714	endpoint
ENOG4111I8C	0.14285714285714285	1.1358589439366287	1.2735767737987373	2.032002481188862	0.8337629393600706	0.8812708696711696	0.8337629393600706	0.8812708696711696	1.0	endpoint
ENOG4111I91	0.0	0.7801615002569601	1.2081514756925762	1.5658192043011057	0.7671520428027403	0.8406470609016301	0.7671520428027403	0.8406470609016301	0.8571428571428571	endpoint
ENOG4111I99	0.0	0.06850093614511281	0.07923751153378392	0.8537290779001439	0.49143854019043826	0.5294764754889731	0.5085614598095618	0.5294764754889731	0.5714285714285714	baseline
ENOG4111I9U	0.0	0.11942563924681752	0.051702928115133814	1.203220942410985	0.4364831397660889	0.4959873797899733	0.5635168602339111	0.5040126202100267	0.5714285714285714	baseline
ENOG4111I9X	0.0	0.19181233147468227	0.12000346465668024	1.327061104357707	0.4230883877931796	0.4297327675352934	0.5769116122068204	0.5702672324647067	0.5714285714285714	baseline
ENOG4111IA1	0.0	0.11399457495034286	0.330391994782557	1.2421603692554029	0.5517490065534835	0.5904336397289763	0.5517490065534835	0.5904336397289763	0.5714285714285714	endpoint
ENOG4111IA6	0.0	0.5199653023679555	0.7982685332365117	1.441050492812005	0.380893510886186	0.28040547891744133	0.619106489113814	0.7195945210825587	0.5714285714285714	baseline
ENOG4111IAA	0.0	0.23126865987875575	0.8087766709810522	1.3775082981034106	0.5811536909195191	0.7209683993581543	0.5811536909195191	0.7209683993581543	0.5714285714285714	endpoint
ENOG4111IAR	0.0	0.6151859889683441	1.0335054863274584	1.5358702809946454	0.6816875129826256	0.8419069269576962	0.6816875129826256	0.8419069269576962	0.5714285714285714	endpoint
ENOG4111IB2	0.0	0.13462044424049732	0.32063454964584526	1.0424502289006037	0.46160697691504504	0.4288466081841343	0.538393023084955	0.5711533918158658	0.7142857142857143	baseline
ENOG4111IB3	0.0	0.4571509906545071	0.6366693999444655	1.4311993132995124	0.3733945217607263	0.3256977096557837	0.6266054782392737	0.6743022903442163	0.5714285714285714	baseline
ENOG4111IB5	0.2857142857142857	1.1323613622268953	1.4631125375500151	2.4237798246869082	0.7795553340746204	0.8885913343981322	0.7795553340746204	0.8885913343981322	0.8571428571428571	endpoint
ENOG4111IB6	0.0	1.0233470019402195	1.2887104576476658	1.5263853735162556	0.787802418991071	0.8628521060787371	0.787802418991071	0.8628521060787371	0.8571428571428571	endpoint
ENOG4111IB8	0.0	0.210559350973813	0.6058405480436896	1.0636476329284474	0.5469378206982359	0.6250882409052957	0.5469378206982359	0.6250882409052957	0.7142857142857143	endpoint
ENOG4111IBF	0.0	0.0244072002884212	0.22551215586252313	1.4558349259960088	0.4894641669826469	0.4331865180897626	0.5105358330173531	0.5668134819102374	0.5714285714285714	baseline
ENOG4111IBG	0.0	0.3431914769044882	0.30864694719050795	1.525592273592958	0.6559763854662001	0.592710229928075	0.6559763854662001	0.592710229928075	0.5714285714285714	endpoint
ENOG4111IBH	0.0	0.44760172293494266	0.3956473784999745	1.2493953660763635	0.3462496181801888	0.3879317581055172	0.6537503818198112	0.6120682418944827	0.7142857142857143	baseline
ENOG4111IBJ	0.0	0.48739945221492503	0.5461696785710658	0.9170351152821011	0.6559998110750133	0.6985456254809833	0.6559998110750133	0.6985456254809833	0.8571428571428571	endpoint
ENOG4111ICB	0.0	0.25596660104491226	0.39586842270351763	1.4374369707052337	0.4208100646269988	0.4206485438728251	0.5791899353730012	0.5793514561271749	0.5714285714285714	baseline
ENOG4111ICS	0.0	0.6946513497202452	0.777072202411371	1.4104255711299485	0.7075440045710343	0.6938779142366531	0.7075440045710343	0.6938779142366531	0.8571428571428571	endpoint
ENOG4111ICU	0.0	0.20773632987461704	0.11620228878925701	1.5822961913253155	0.4485085501302065	0.4881582342495084	0.5514914498697935	0.5118417657504917	0.5714285714285714	baseline
ENOG4111ICX	0.0	0.967487881446245	1.2753196079497315	1.9473886367696023	0.23017846099937161	0.168848789152393	0.7698215390006284	0.831151210847607	0.8571428571428571	baseline
ENOG4111IDI	0.0	1.0502266101897655	1.0530158641548109	1.4911955956368934	0.8258769384129045	0.7978859288816821	0.8258769384129045	0.7978859288816821	1.0	endpoint
ENOG4111IDM	0.0	0.8810615316900634	1.027383263198245	1.4530110995345424	0.7395020049631028	0.6985694938218633	0.7395020049631028	0.6985694938218633	1.0	endpoint
ENOG4111IEF	0.0	0.48946542561383755	0.8300563457260122	1.6968645957859259	0.3615457200013178	0.29428263587222026	0.6384542799986822	0.7057173641277797	0.7142857142857143	baseline
ENOG4111IEG	0.0	0.2038653098235046	0.11681537399304719	1.4936448502728288	0.5902878604562926	0.5497040428557288	0.5902878604562926	0.5497040428557288	0.7142857142857143	endpoint
ENOG4111IEY	0.0	0.8507278262200701	0.8749247124868652	1.627429869432398	0.2258797574985408	0.19124194226747188	0.7741202425014592	0.8087580577325282	0.8571428571428571	baseline
ENOG4111IFC	0.0	0.003504621429437519	0.10992315294954878	1.1251265387364835	0.5453759873279197	0.43319281346627764	0.5453759873279197	0.5668071865337223	0.5714285714285714	baseline
ENOG4111IFW	0.0	0.3199617945552452	0.5984548389721519	1.5327001027044587	0.5956237489951777	0.6786481340070833	0.5956237489951777	0.6786481340070833	0.5714285714285714	endpoint
ENOG4111IGF	0.0	0.7248016311913607	1.1093695910265662	1.6414441955829493	0.710566645644609	0.8862317133235479	0.710566645644609	0.8862317133235479	0.8571428571428571	endpoint
ENOG4111IGG	0.0	0.4268589424956505	1.4539351419284565	1.9799038872317007	0.5538399147570304	0.7992790753099865	0.5538399147570304	0.7992790753099865	0.5714285714285714	endpoint
ENOG4111IGP	0.0	0.21495765243123297	0.8601130921627694	1.3896627314551406	0.442284943801178	0.23994095676240784	0.557715056198822	0.7600590432375922	0.5714285714285714	baseline
ENOG4111IHQ	0.0	1.0083200400044894	1.0306142551483783	1.4275550381570388	0.20970765742506647	0.18395094654998026	0.7902923425749335	0.8160490534500198	1.0	baseline
ENOG4111IHW	0.0	0.10754196146646725	0.03891238961537697	1.1694720032170338	0.5262884615908059	0.5158792231698776	0.5262884615908059	0.5158792231698776	0.5714285714285714	endpoint
ENOG4111II9	0.0	0.005443251062475086	0.019855647577300132	1.3674740726602101	0.5005217424031799	0.5178364800771156	0.5005217424031799	0.5178364800771156	0.5714285714285714	baseline
ENOG4111IIE	0.0	0.4667392597512362	1.027955811834967	1.4577936630939443	0.655371051648069	0.76039669323334	0.655371051648069	0.76039669323334	0.5714285714285714	endpoint
ENOG4111IIQ	0.0	0.5643449800424579	0.9245571986702764	1.2883173062335613	0.329684201257364	0.31714710315263384	0.670315798742636	0.6828528968473662	0.8571428571428571	baseline
ENOG4111IJ4	0.0	0.2854532303893854	0.41876288048536503	1.9950694778859757	0.5779271523029894	0.6800301824439615	0.5779271523029894	0.6800301824439615	0.5714285714285714	endpoint
ENOG4111IJU	0.14285714285714285	1.3693129203065157	1.2816078324665747	2.0627059913833152	0.8923168191785453	0.9209916908477507	0.8923168191785453	0.9209916908477507	1.0	endpoint
ENOG4111IJY	0.0	0.043742098886336296	0.24613033322060635	1.3785342070082458	0.5618309152532467	0.5754783309662024	0.5618309152532467	0.5754783309662024	0.5714285714285714	endpoint
ENOG4111IK7	0.0	0.13163320974750234	0.27934814627600596	1.0003587251539146	0.4431174263648385	0.44788864374073456	0.5568825736351615	0.5521113562592654	0.5714285714285714	baseline
ENOG4111IKE	0.0	1.0664027502641393	1.2800317363228717	1.6198787340412446	0.20183022538843468	0.20172577946573858	0.7981697746115654	0.7982742205342614	1.0	baseline
ENOG4111IKU	0.0	0.8958762033826327	0.8570946284430946	1.5740139584457473	0.2422604334436171	0.17672776569399756	0.7577395665563829	0.8232722343060024	0.8571428571428571	baseline
ENOG4111IKW	0.0	0.10573464225232485	0.09804498420184155	1.5900471120499466	0.5400374238676345	0.481215449492539	0.5400374238676345	0.518784550507461	0.5714285714285714	baseline
ENOG4111IKZ	0.0	1.1423112639646351	1.2009545634055858	1.7048591358459673	0.844268450821277	0.9307807306774426	0.844268450821277	0.9307807306774426	1.0	endpoint
ENOG4111IM0	0.0	0.6562791645619213	1.0105695540410085	1.5550670545735974	0.7021886588293247	0.6649437554224814	0.7021886588293247	0.6649437554224814	0.8571428571428571	endpoint
ENOG4111IM7	0.0	0.3472764823752181	0.5188957118908425	1.2286818525121705	0.3833264490804682	0.3906087020744601	0.6166735509195318	0.6093912979255399	0.7142857142857143	baseline
ENOG4111IME	0.0	0.5880435564937919	0.7367360977299098	1.475431222706076	0.3213605329750319	0.2776271453185802	0.678639467024968	0.7223728546814199	0.8571428571428571	baseline
ENOG4111IN2	0.0	0.5438020279058348	0.4816159026985783	1.4580006838593227	0.6868691512088979	0.625786751482111	0.6868691512088979	0.625786751482111	0.8571428571428571	endpoint
ENOG4111IN8	0.0	0.14506899659720748	0.18845182996053836	1.178265444860787	0.5605637456840579	0.5547151460323702	0.5605637456840579	0.5547151460323702	0.7142857142857143	endpoint
ENOG4111INE	0.0	0.2488971444342442	0.21734650545800854	1.4702296101814456	0.5695142856315253	0.545527439895197	0.5695142856315253	0.545527439895197	0.5714285714285714	endpoint
ENOG4111INQ	0.0	0.6868641512753888	0.9664340783246468	1.2206746492955942	0.6980843959177011	0.7620797290736714	0.6980843959177011	0.7620797290736714	0.8571428571428571	endpoint
ENOG4111IP0	0.0	0.4045940831800317	0.921260250978518	1.4834239472051893	0.6455053093642912	0.6520587368010251	0.6455053093642912	0.6520587368010251	0.7142857142857143	endpoint
ENOG4111IP3	0.0	0.34685796783215345	0.6504501290565774	1.2823350529205668	0.571058172358373	0.6605284237127768	0.571058172358373	0.6605284237127768	0.7142857142857143	endpoint
ENOG4111IP4	0.0	0.1717520646799051	0.3232913726227239	1.0760948888017767	0.4332793452902805	0.41695545655431193	0.5667206547097194	0.5830445434456881	0.7142857142857143	baseline
ENOG4111IP5	0.0	0.8707014361239472	1.2902445023598994	1.4565341857429555	0.738135025157059	0.8274605386441565	0.738135025157059	0.8274605386441565	0.8571428571428571	endpoint
ENOG4111IPB	0.0	0.036651747792878255	0.025151417066625527	1.008751757756222	0.534871607858993	0.47479593174345186	0.534871607858993	0.5252040682565482	0.5714285714285714	endpoint
ENOG4111IR8	0.0	0.9757369850705216	0.9718274195112754	1.4980686489680581	0.20830586165750084	0.16297627293072212	0.7916941383424991	0.8370237270692779	1.0	baseline
ENOG4111IRN	0.0	0.8771811301055173	0.9761985469980757	1.5215869486038986	0.7388647273041552	0.8236398455025912	0.7388647273041552	0.8236398455025912	0.8571428571428571	endpoint
ENOG4111IRS	0.0	0.8105946764654354	1.0833230429085747	1.4114475425674624	0.7835989753528976	0.8427720769448506	0.7835989753528976	0.8427720769448506	0.8571428571428571	endpoint
ENOG4111IRT	0.0	1.0141338148384862	1.2471775592161212	1.3195778850309454	0.8172934609661888	0.8559409479425375	0.8172934609661888	0.8559409479425375	1.0	endpoint
ENOG4111IS1	0.0	0.7703779592692078	0.6915365039569449	1.6776910321848113	0.726724029101617	0.7329013627244189	0.726724029101617	0.7329013627244189	0.8571428571428571	endpoint
ENOG4111ISA	0.0	0.9555103762032191	1.1856358584645055	1.4420317170526462	0.8170659009295715	0.9250486318539652	0.8170659009295715	0.9250486318539652	0.8571428571428571	endpoint
ENOG4111ISF	0.0	0.833237311125824	1.2410283068639336	1.7327866027607866	0.7483023430596539	0.9182853265494257	0.7483023430596539	0.9182853265494257	0.7142857142857143	endpoint
ENOG4111ISI	0.0	1.0481348902473362	1.271378644476045	1.6184986916187236	0.8156909361335457	0.9250922783878628	0.8156909361335457	0.9250922783878628	0.8571428571428571	endpoint
ENOG4111ISM	0.0	0.5093625207255446	0.7138932822796377	1.6749872488071547	0.339714096196686	0.2258813285499755	0.660285903803314	0.7741186714500246	0.7142857142857143	baseline
ENOG4111ISZ	0.0	0.8129981812701168	1.1562244306398881	1.4135523444639886	0.733063269620056	0.7170476503161747	0.733063269620056	0.7170476503161747	0.8571428571428571	endpoint
ENOG4111IT9	0.0	0.9538747167496032	0.9026625783939248	1.8282488377816	0.7668857723386516	0.8239421226028011	0.7668857723386516	0.8239421226028011	0.8571428571428571	endpoint
ENOG4111ITI	0.0	0.49279743163960077	0.9022629057363227	1.4472999255644685	0.6399752662255719	0.7241255704688082	0.6399752662255719	0.7241255704688082	0.7142857142857143	endpoint
ENOG4111ITU	0.0	0.42598491014880785	0.7508269466494879	1.2981973540465341	0.3958314335092263	0.3376663716903791	0.6041685664907737	0.6623336283096208	0.7142857142857143	baseline
ENOG4111ITZ	0.0	0.18482054149730215	0.05789356667845747	1.1405258654131942	0.454240222569099	0.4916780610479149	0.545759777430901	0.5083219389520851	0.5714285714285714	baseline
ENOG4111IU3	0.0	0.5102429047587462	0.6824531183979935	1.2915123821413357	0.329706852170974	0.2953315016488218	0.6702931478290259	0.7046684983511782	0.7142857142857143	baseline
ENOG4111IU5	0.0	0.2131881008856031	0.19502488544937288	1.7739689113160937	0.4448492088576183	0.5148093337980956	0.5551507911423816	0.5148093337980956	0.5714285714285714	baseline
ENOG4111IU6	0.0	0.45210556089977455	0.8255129781218704	1.5836657525658908	0.6543486043102726	0.8305084724467234	0.6543486043102726	0.8305084724467234	0.7142857142857143	endpoint
ENOG4111IUQ	0.0	0.42447871625907385	0.5862663131598702	1.3185835164758084	0.3639408078206318	0.31956389332370744	0.6360591921793681	0.6804361066762925	0.7142857142857143	baseline
ENOG4111IV5	0.0	0.4574940354053197	1.3094824114435446	1.5170674377779796	0.6548395345234769	0.9023947261776476	0.6548395345234769	0.9023947261776476	0.7142857142857143	endpoint
ENOG4111IV9	0.0	0.7831393383947649	0.9094681699333631	1.5065429994350796	0.7528154026302186	0.8094988587387018	0.7528154026302186	0.8094988587387018	0.8571428571428571	endpoint
ENOG4111IVE	0.0	0.8704930598309124	1.1351807820622677	1.4586836363801816	0.7533740936864358	0.7880310037614877	0.7533740936864358	0.7880310037614877	0.8571428571428571	endpoint
ENOG4111IVF	0.0	0.709323400125799	1.0479979290837353	1.456322585032638	0.7108503159614016	0.7581954912752982	0.7108503159614016	0.7581954912752982	0.8571428571428571	endpoint
ENOG4111IVG	0.0	0.342842333059535	1.1213158000240038	1.618229423933778	0.36689571121900083	0.19855942721336714	0.6331042887809992	0.8014405727866328	0.5714285714285714	baseline
ENOG4111IW4	0.0	0.3791998523957311	0.6312035210548649	1.275414812363852	0.6547301588582658	0.6607573316073903	0.6547301588582658	0.6607573316073903	0.7142857142857143	endpoint
ENOG4111IW5	0.0	0.4731692395084682	0.5053774073876824	1.2827933021848121	0.6274707982127172	0.5934499247451742	0.6274707982127172	0.5934499247451742	0.8571428571428571	endpoint
ENOG4111IWS	0.0	0.5999404436930851	0.7149474020330212	1.64749997213947	0.3524757063871028	0.3304904797877809	0.6475242936128972	0.6695095202122191	1.0	baseline
ENOG4111IWU	0.0	0.18497378106835452	0.21358969965276614	1.4195102504359287	0.4283951120230424	0.43986577675161526	0.5716048879769575	0.5601342232483848	0.7142857142857143	baseline
ENOG4111IX6	0.0	1.2844212169623597	1.27375238603772	1.852937368793852	0.8710096556508395	0.8536642728140685	0.8710096556508395	0.8536642728140685	1.0	endpoint
ENOG4111IXV	0.0	0.15519104213276996	0.2192766894290739	1.5263295700775446	0.4941274059092376	0.568076470129712	0.5058725940907625	0.568076470129712	0.5714285714285714	endpoint
ENOG4111IYF	0.0	0.8137769258799331	0.732607926092183	1.5249283822556408	0.7598340115746112	0.7925946329733463	0.7598340115746112	0.7925946329733463	0.8571428571428571	endpoint
ENOG4111IYN	0.0	0.3517722628315503	0.2349742066610818	1.3559600926127382	0.6334045582050212	0.5681268777018454	0.6334045582050212	0.5681268777018454	0.5714285714285714	endpoint
ENOG4111IYW	0.0	0.7058773615393396	1.064058486927027	1.4576998015261533	0.285640118123771	0.21434166766852725	0.714359881876229	0.7856583323314728	0.8571428571428571	baseline
ENOG4111IZ8	0.0	0.1597127603779706	0.044085857776159726	1.2811762582031945	0.4500953314035766	0.45579132746962275	0.5499046685964234	0.5442086725303772	0.5714285714285714	baseline
ENOG4111IZA	0.0	0.36333987546710755	0.6230124530691236	1.266688149964792	0.5986035091540337	0.6847714287867009	0.5986035091540337	0.6847714287867009	0.7142857142857143	endpoint
ENOG4111IZK	0.0	0.05426792205118896	0.11344068963407952	1.579235066351211	0.4579081237522407	0.5098619857215093	0.5420918762477593	0.5098619857215093	0.5714285714285714	baseline
ENOG4111IZM	0.0	0.5022493573764548	0.5192613575016423	1.5139722519800987	0.6588759224102928	0.6404090624454344	0.6588759224102928	0.6404090624454344	0.7142857142857143	endpoint
ENOG4111IZQ	0.0	0.2832351300200427	0.5984619457304348	1.294466558461339	0.5902707889123965	0.6840233310221252	0.5902707889123965	0.6840233310221252	0.5714285714285714	endpoint
ENOG4111IZY	0.0	0.010912232705319349	0.37749513685079716	1.4767116970051692	0.5198282287390656	0.42494384900661536	0.5198282287390656	0.5750561509933847	0.5714285714285714	baseline
ENOG4111J02	0.0	0.05022290592847099	0.33343405410464827	1.6784321417641075	0.5262082206356372	0.5911448120869429	0.5262082206356372	0.5911448120869429	0.5714285714285714	baseline
ENOG4111J09	0.0	0.3457220613442659	0.40725153961345345	1.2073681924055732	0.4167657993102504	0.39538203813728784	0.5832342006897496	0.6046179618627121	0.5714285714285714	baseline
ENOG4111J0I	0.0	0.9198415855107461	1.273657283188972	1.5808519899908362	0.7850946285194811	0.8750989367923799	0.7850946285194811	0.8750989367923799	0.8571428571428571	endpoint
ENOG4111J0Q	0.0	0.5298498376462317	0.6710635318334633	1.3801281488550845	0.6549609742711274	0.71208958902263	0.6549609742711274	0.71208958902263	0.8571428571428571	endpoint
ENOG4111J0S	0.0	0.16643841149342659	0.22235589599223332	1.0840593978452187	0.4644478252537184	0.39460050934149354	0.5355521747462816	0.6053994906585065	0.7142857142857143	baseline
ENOG4111J12	0.0	0.8182950480832331	1.2511724568260254	1.496027796581179	0.7267217972607619	0.8593488010713496	0.7267217972607619	0.8593488010713496	0.7142857142857143	endpoint
ENOG4111J14	0.0	0.4268096502289766	0.3661392691703209	1.3629577834749598	0.3733889461953438	0.4067141056531376	0.6266110538046562	0.5932858943468624	0.8571428571428571	baseline
ENOG4111J1J	0.0	0.8607117392918446	1.0359683802456754	1.4719632553768058	0.2692110039361555	0.19631120976728406	0.7307889960638445	0.8036887902327159	0.8571428571428571	baseline
ENOG4111J1K	0.0	0.6065106358773792	0.7022980907870776	1.5585864656296124	0.6761014512978158	0.7245092338839696	0.6761014512978158	0.7245092338839696	0.8571428571428571	endpoint
ENOG4111J1Q	0.0	0.44310379597195876	0.9666545059185917	1.1332727100308315	0.6305428899543346	0.6310826670775115	0.6305428899543346	0.6310826670775115	0.7142857142857143	endpoint
ENOG4111J26	0.0	0.5017272838866773	0.9770458607093842	1.653111053035138	0.6415815170321431	0.7905300736465812	0.6415815170321431	0.7905300736465812	0.7142857142857143	endpoint
ENOG4111J2E	0.0	0.23987503287460527	0.5361650073209023	1.360564366208678	0.5620313478492001	0.6352102908287279	0.5620313478492001	0.6352102908287279	0.7142857142857143	endpoint
ENOG4111J2V	0.0	0.8702606950388735	1.3166261715788181	1.7238021673450385	0.7438432296050433	0.8811458595076447	0.7438432296050433	0.8811458595076447	0.8571428571428571	endpoint
ENOG4111J32	0.0	0.3282475410003726	0.39591837296372195	1.112165469634754	0.6134780913197165	0.6235517840924051	0.6134780913197165	0.6235517840924051	0.7142857142857143	endpoint
ENOG4111J3A	0.0	0.3506327417884191	0.33107995279458036	1.1673638226969296	0.6298462479978567	0.5905944704918874	0.6298462479978567	0.5905944704918874	0.7142857142857143	endpoint
ENOG4111J3F	0.0	0.8603060420590312	1.0905424406129451	1.3389681979543793	0.7819091006425902	0.8723580728114411	0.7819091006425902	0.8723580728114411	1.0	endpoint
ENOG4111J3Q	0.0	0.2792044867730388	0.06568357000033932	1.3840411592004656	0.38461859359939804	0.5257405061808482	0.615381406400602	0.5257405061808482	0.5714285714285714	baseline
ENOG4111J47	0.0	0.13346735507605986	0.05751375212069911	1.4374263678751873	0.4444741700498227	0.5266401884105448	0.5555258299501773	0.5266401884105448	0.5714285714285714	baseline
ENOG4111J4C	0.0	1.1792417222871592	1.2755856963573315	1.9306304249872712	0.8723437441900346	0.9713084754704358	0.8723437441900346	0.9713084754704358	0.8571428571428571	endpoint
ENOG4111J4F	0.0	0.13025142366635659	0.1538686423754006	1.080524392369527	0.4777444372648375	0.46522376830480455	0.5222555627351625	0.5347762316951954	0.5714285714285714	baseline
ENOG4111J59	0.0	1.0280521130740625	1.2435759547537053	1.5492495625019365	0.7953474934249579	0.8868523286844038	0.7953474934249579	0.8868523286844038	0.8571428571428571	endpoint
ENOG4111J5Q	0.0	0.1970163575479116	0.6264928578036488	1.6381106417561475	0.5298529663095469	0.6630895313047929	0.5298529663095469	0.6630895313047929	0.5714285714285714	endpoint
ENOG4111J5S	0.14285714285714285	0.7381287155049553	1.3516658954650584	2.0532902594485924	0.305150782397833	0.04178388639186724	0.694849217602167	0.9582161136081327	0.7142857142857143	baseline
ENOG4111J6J	0.0	0.5195580318860777	0.5192991973285821	1.9937583864721913	0.6209082897009688	0.6507738079110097	0.6209082897009688	0.6507738079110097	0.7142857142857143	endpoint
ENOG4111J72	0.0	1.0725014194422673	1.2372953732455314	1.8666253872459928	0.7971172414685371	0.8024494309483235	0.7971172414685371	0.8024494309483235	1.0	endpoint
ENOG4111J85	0.0	0.41092785840732077	0.9576984138828405	1.4448336470897087	0.6241815029612249	0.7370852786366727	0.6241815029612249	0.7370852786366727	0.5714285714285714	endpoint
ENOG4111J8D	0.0	1.172583845293887	1.2774033485757468	1.6003972206971708	0.8452256626703398	0.8850640622290933	0.8452256626703398	0.8850640622290933	1.0	endpoint
ENOG4111J8H	0.0	0.6673741366485639	1.050230331353019	1.2694591810647395	0.6964999979118984	0.8040687213425802	0.6964999979118984	0.8040687213425802	0.8571428571428571	endpoint
ENOG4111J8I	0.0	0.8896591321223996	1.0209686186435392	1.8646277839927659	0.7254127150183322	0.7801435822345327	0.7254127150183322	0.7801435822345327	0.8571428571428571	endpoint
ENOG4111J8J	0.0	0.898592506361168	1.3748400705465622	1.4981634842489073	0.22318142593089538	0.16295410234719332	0.7768185740691046	0.8370458976528067	0.8571428571428571	baseline
ENOG4111J8P	0.0	0.4809694805092234	0.6546206979083319	1.3825420208413215	0.6440295404837929	0.6880734355984895	0.6440295404837929	0.6880734355984895	0.5714285714285714	endpoint
ENOG4111J8W	0.0	0.4030443715414385	0.7557354309484506	1.5971535385369613	0.5841974258806344	0.7210855423203815	0.5841974258806344	0.7210855423203815	0.7142857142857143	endpoint
ENOG4111J97	0.0	0.7550644947992341	0.8441877511056974	1.4722268127451092	0.25959356249854465	0.20754886552711566	0.7404064375014554	0.7924511344728844	0.8571428571428571	baseline
ENOG4111J9E	0.0	0.3781107478965827	0.2835311842829944	1.688985562461583	0.40046679099308163	0.4281436332781167	0.5995332090069183	0.5718563667218832	0.5714285714285714	baseline
ENOG4111J9Q	0.0	0.34627697665191953	0.5180658576078051	1.338601093744833	0.5726316286061063	0.6178286018584846	0.5726316286061063	0.6178286018584846	0.8571428571428571	endpoint
ENOG4111J9Z	0.0	0.8081209302589393	0.840300521482806	1.4772131716133663	0.7513973230327293	0.6558750528100471	0.7513973230327293	0.6558750528100471	1.0	endpoint
ENOG4111JA0	0.0	0.18036800506782313	0.5235780999375882	1.3345215130888148	0.5197028750593763	0.6355966702234097	0.5197028750593763	0.6355966702234097	0.5714285714285714	endpoint
ENOG4111JA1	0.0	0.034217227128199225	0.07928940496209279	1.0674765909564317	0.5300533551499866	0.503032738915906	0.5300533551499866	0.503032738915906	0.5714285714285714	endpoint
ENOG4111JA9	0.0	0.5753654751449278	0.7430519258881866	1.9343676583735332	0.6393518935202206	0.7124483639392475	0.6393518935202206	0.7124483639392475	0.8571428571428571	endpoint
ENOG4111JAF	0.0	0.1102708101672306	0.10619579599891095	1.4601188811483532	0.46867866503465133	0.47861730789285395	0.5313213349653487	0.521382692107146	0.5714285714285714	baseline
ENOG4111JB6	0.0	0.5985191092696905	0.6662080046252884	1.204147532420396	0.6661231684331843	0.7116111320721457	0.6661231684331843	0.7116111320721457	0.8571428571428571	endpoint
ENOG4111JC0	0.0	0.38120669238152055	0.6340879503812302	1.2505811133198463	0.6367874607752312	0.6614316532389648	0.6367874607752312	0.6614316532389648	0.5714285714285714	endpoint
ENOG4111JCB	0.0	0.09958577452220092	0.13213134521316205	1.3481346126658047	0.5392851755308327	0.5440559790767387	0.5392851755308327	0.5440559790767387	0.5714285714285714	endpoint
ENOG4111JCE	0.0	0.7100058307982887	0.9768503647895588	1.9245820265918363	0.7128268400531771	0.8062255526517509	0.7128268400531771	0.8062255526517509	0.8571428571428571	endpoint
ENOG4111JCU	0.0	0.2696671479171057	0.31402562501478853	0.5056738449866799	0.4196332051645221	0.4021076596114702	0.5803667948354778	0.5978923403885298	0.8571428571428571	baseline
ENOG4111JDD	0.0	0.46829694122503357	0.3060483723212378	1.3034672733016146	0.6409926855998148	0.5919939662543309	0.6409926855998148	0.5919939662543309	0.7142857142857143	endpoint
ENOG4111JDN	0.0	0.7532218171125546	0.6320964240395419	1.499605419285893	0.7330269372080763	0.7577949998565138	0.7330269372080763	0.7577949998565138	0.8571428571428571	endpoint
ENOG4111JE9	0.0	0.8557022927983936	1.2597610837065034	1.6195317285875857	0.738888231249582	0.8032827530750154	0.738888231249582	0.8032827530750154	0.8571428571428571	endpoint
ENOG4111JEF	0.14285714285714285	1.1379963057224436	1.3339301915822295	2.241606930501335	0.8076669419160328	0.927759978759754	0.8076669419160328	0.927759978759754	0.8571428571428571	endpoint
ENOG4111JEI	0.0	0.011725766997725397	0.40289891483670753	1.5849975557640752	0.4536966682627418	0.6073843010554478	0.5463033317372582	0.6073843010554478	0.5714285714285714	endpoint
ENOG4111JEX	0.0	0.24782835379720444	0.017006151219122852	1.2564619237951697	0.587209744550658	0.5237361695284614	0.587209744550658	0.5237361695284614	0.5714285714285714	endpoint
ENOG4111JF2	0.0	0.11875266607923761	0.1577700386745772	1.424493959322345	0.5008759743132996	0.4732494409099894	0.5008759743132996	0.5267505590900106	0.5714285714285714	baseline
ENOG4111JF4	0.14285714285714285	0.9979499380261855	1.2289165062803835	2.180548902357421	0.21360549044662488	0.10865618549108688	0.7863945095533751	0.8913438145089131	0.7142857142857143	baseline
ENOG4111JF9	0.0	0.19253196292670838	0.0020246857589297502	1.4632046929904001	0.43272324023687986	0.5020027669967524	0.5672767597631201	0.5020027669967524	0.5714285714285714	baseline
ENOG4111JFQ	0.0	0.7053004369731818	0.724439165723933	1.5167977132521224	0.720868696895977	0.707317996470747	0.720868696895977	0.707317996470747	0.7142857142857143	endpoint
ENOG4111JFU	0.0	0.29317984219360405	0.4165693277639361	1.2615083226075392	0.41827133905892844	0.3796830662005325	0.5817286609410716	0.6203169337994675	0.7142857142857143	baseline
ENOG4111JG6	0.0	0.18392588858997974	0.049873027774543374	1.1403041198929484	0.5773598188442728	0.5014138060279012	0.5773598188442728	0.5014138060279012	0.5714285714285714	endpoint
ENOG4111JG7	0.0	0.9537553741841045	1.210249492504922	1.4543994021118947	0.23824289839417243	0.203668461309988	0.7617571016058275	0.796331538690012	0.8571428571428571	baseline
ENOG4111JGF	0.0	0.07035273207768332	0.2500669361268979	1.27075194057369	0.5150061186375583	0.5908307432366207	0.5150061186375583	0.5908307432366207	0.5714285714285714	endpoint
ENOG4111JH1	0.0	1.2349705858967635	1.3816864636307022	1.6524624336214193	0.15403179231084171	0.15162862645994116	0.8459682076891583	0.8483713735400589	1.0	baseline
ENOG4111JHF	0.0	0.21603894451715375	0.20677760905440173	1.1297439223380963	0.5434470021092966	0.5418996882880297	0.5434470021092966	0.5418996882880297	0.5714285714285714	endpoint
ENOG4111JHT	0.0	0.5313390370144432	0.4391461209163786	1.2970986126302158	0.6669733148454337	0.6216596944580863	0.6669733148454337	0.6216596944580863	0.7142857142857143	endpoint
ENOG4111JHW	0.0	1.240524540152728	1.2694151308046973	1.6790514558709282	0.8583693084554812	0.9004731765526813	0.8583693084554812	0.9004731765526813	1.0	endpoint
ENOG4111JJ0	0.0	0.4773414122893218	0.9120898968629443	1.4233674366393487	0.31653106442074386	0.20270319030340525	0.6834689355792561	0.7972968096965948	0.7142857142857143	baseline
ENOG4111JJ1	0.0	0.8943103478960724	0.8076570895183354	1.3097863448917102	0.23875524808254478	0.28501540850734947	0.7612447519174552	0.7149845914926505	1.0	baseline
ENOG4111JJC	0.0	0.3025163899768592	0.4109013248828626	1.4483348812989814	0.37001898571221625	0.3814897910322538	0.6299810142877837	0.6185102089677462	0.5714285714285714	baseline
ENOG4111JJK	0.0	0.4780496240135514	0.6649930015135793	1.3261690032918199	0.34971876177213373	0.36023399417143187	0.6502812382278662	0.6397660058285681	0.5714285714285714	baseline
ENOG4111JK3	0.0	0.3622251610706648	1.0245266411439737	1.4340084131320006	0.3601320240153267	0.22523811149444956	0.6398679759846733	0.7747618885055505	0.5714285714285714	baseline
ENOG4111JKB	0.0	0.8602547125372481	0.8730113856543791	1.6711026516888765	0.7476584880048048	0.7480189811673743	0.7476584880048048	0.7480189811673743	1.0	endpoint
ENOG4111JKF	0.0	0.6867069383064777	0.933287995211436	1.3845870503999476	0.7044682838545365	0.6255439247306659	0.7044682838545365	0.6255439247306659	0.8571428571428571	endpoint
ENOG4111JKG	0.0	0.627214046169474	0.6044962303759147	1.3625844396804143	0.70944399942346	0.6742572720991017	0.70944399942346	0.6742572720991017	0.8571428571428571	endpoint
ENOG4111JM7	0.0	1.036536839886942	1.099648876775719	1.5788417549175702	0.8396341308232461	0.9335677645912541	0.8396341308232461	0.9335677645912541	0.8571428571428571	endpoint
ENOG4111JMR	0.0	0.15419257584633383	0.2040695655628066	0.6759378993600854	0.5680269981661639	0.5638848224168278	0.5680269981661639	0.5638848224168278	0.7142857142857143	endpoint
ENOG4111JMY	0.0	0.14107101024623067	0.03284408239516754	1.2710574633940315	0.5834624462441347	0.5180556974441987	0.5834624462441347	0.5180556974441987	0.5714285714285714	endpoint
ENOG4111JMZ	0.0	0.45716510482587164	0.7859659414240315	1.4671137525107336	0.34347610767836306	0.23459920709584484	0.656523892321637	0.7654007929041552	0.7142857142857143	baseline
ENOG4111JN4	0.14285714285714285	1.3429421774825543	1.2284524980627523	2.359698900347605	0.8759785172765796	0.9069214276598075	0.8759785172765796	0.9069214276598075	1.0	endpoint
ENOG4111JNB	0.0	0.3891383977937862	0.05964155932907657	1.3060420288779209	0.6375880760923831	0.48996571934271266	0.6375880760923831	0.5100342806572873	0.5714285714285714	endpoint
ENOG4111JP3	0.0	0.5015826414734486	0.7169048638214222	1.4516082329660405	0.6595181401220387	0.589624963245853	0.6595181401220387	0.589624963245853	0.7142857142857143	endpoint
ENOG4111JP6	0.0	0.13016935353425949	0.17908796390303702	1.25731887156713	0.4536453568351856	0.4408927970045953	0.5463546431648144	0.5591072029954047	0.5714285714285714	baseline
ENOG4111JP8	0.0	0.5345517022651196	0.9113257188366582	1.4592563492846664	0.34824649585493084	0.3001449829922049	0.6517535041450692	0.6998550170077951	0.7142857142857143	baseline
ENOG4111JPB	0.14285714285714285	1.2869224149747076	1.3831370300840065	2.00058997629491	0.13322212941652062	0.06577828391424646	0.8667778705834794	0.9342217160857536	0.8571428571428571	baseline
ENOG4111JQD	0.0	0.2659493811780356	0.4950768070484065	1.0666215277046596	0.4442760138473049	0.3974556165974599	0.555723986152695	0.6025443834025401	0.5714285714285714	baseline
ENOG4111JQJ	0.0	0.7068081934589282	0.9301204432771801	1.4157528414717648	0.29147421618633823	0.2957511539828122	0.7085257838136618	0.7042488460171878	0.8571428571428571	baseline
ENOG4111JQW	0.0	1.0699482014402657	1.2298238024248238	1.4919784815794843	0.8422569184795548	0.8930581565401559	0.8422569184795548	0.8930581565401559	0.8571428571428571	endpoint
ENOG4111JRE	0.0	0.7397932790135838	1.026116174085222	1.3064426287483326	0.727735601723821	0.71715960394643	0.727735601723821	0.71715960394643	0.8571428571428571	endpoint
ENOG4111JRQ	0.0	0.2837742751931953	0.23862116872807895	1.658751177304677	0.55288654039877	0.43045538760919627	0.55288654039877	0.5695446123908037	0.5714285714285714	endpoint
ENOG4111JRX	0.0	0.23386741704236294	0.5883045318673458	1.4348375777469147	0.5622211932608261	0.5682776875098952	0.5622211932608261	0.5682776875098952	0.5714285714285714	endpoint
ENOG4111JS7	0.0	0.18477390197193008	0.3006092745037458	1.1996210253196542	0.5861874718305277	0.5205211234828188	0.5861874718305277	0.5205211234828188	0.5714285714285714	endpoint
ENOG4111JSF	0.0	1.0239676889356875	1.138978456562185	1.694997345315309	0.7995637701661725	0.826862259210171	0.7995637701661725	0.826862259210171	0.8571428571428571	endpoint
ENOG4111JSY	0.0	0.8139957344275996	0.8415989285750105	1.2826827705631856	0.26194964169344753	0.2459150810621063	0.7380503583065525	0.7540849189378938	1.0	baseline
ENOG4111JTA	0.0	0.7060004776201855	0.8380952683877643	1.5675013371269482	0.7066204583676099	0.8304289875044133	0.7066204583676099	0.8304289875044133	0.8571428571428571	endpoint
ENOG4111JTP	0.0	1.0859181488218363	0.9672623236574173	1.8508402431392008	0.18028184531505392	0.16854002144400482	0.8197181546849461	0.8314599785559952	1.0	baseline
ENOG4111JUF	0.0	1.0208114954672127	1.1559309427995126	1.8726727447531901	0.8046327679174	0.8712826395381715	0.8046327679174	0.8712826395381715	1.0	endpoint
ENOG4111JV8	0.0	0.10929193236229406	0.10641076422906079	1.0248783956913594	0.4450750129731378	0.4386894211345681	0.5549249870268622	0.5613105788654319	0.5714285714285714	baseline
ENOG4111JVQ	0.0	0.15953194118947975	0.12713884887051607	1.099335215325552	0.45386680420962977	0.4548358740982794	0.5461331957903702	0.5451641259017206	0.7142857142857143	baseline
ENOG4111JVW	0.0	0.5040099231249078	0.5244903123954614	1.2106816887842233	0.34288348088310894	0.29089350221127663	0.6571165191168911	0.7091064977887234	0.8571428571428571	baseline
ENOG4111JW6	0.0	0.782799768880597	1.1061551935814067	1.3220761264928471	0.2911055460069213	0.2285178282561184	0.7088944539930787	0.7714821717438816	0.8571428571428571	baseline
ENOG4111JWE	0.0	0.8129384668239402	0.996103332668701	1.9444612190537678	0.7058421950649809	0.8299846677081856	0.7058421950649809	0.8299846677081856	0.7142857142857143	endpoint
ENOG4111JX7	0.0	0.45729460796301663	0.2799130290481145	1.6393362866572383	0.6467896299461475	0.5859864854268586	0.6467896299461475	0.5859864854268586	0.7142857142857143	endpoint
ENOG4111JXM	0.0	0.8190836248306459	0.8785399200220562	1.7480003907655304	0.2333176363998506	0.23242595323314372	0.7666823636001494	0.7675740467668563	0.8571428571428571	baseline
ENOG4111JXQ	0.0	0.3247931384795092	0.6361214044361616	1.3560631082466852	0.40144263547849895	0.33831234993839826	0.598557364521501	0.6616876500616018	0.7142857142857143	baseline
ENOG4111JXV	0.0	0.3584959378099616	0.604076081755277	1.3692838999483685	0.4125317280339603	0.3703460231476096	0.5874682719660397	0.6296539768523903	0.5714285714285714	baseline
ENOG4111JY3	0.0	0.7303326974075416	1.045925106230087	1.274942211331026	0.7426414270540806	0.8051014466706036	0.7426414270540806	0.8051014466706036	0.7142857142857143	endpoint
ENOG4111JYJ	0.0	0.6120206694683927	0.8269698596649996	1.189142465084155	0.6992247360656579	0.7206189591438845	0.6992247360656579	0.7206189591438845	0.7142857142857143	endpoint
ENOG4111JYM	0.0	0.38157430538399056	0.5455272265755782	1.2027560946872613	0.37560335177667437	0.3572681270453975	0.6243966482233256	0.6427318729546025	0.7142857142857143	baseline
ENOG4111JYN	0.0	0.21932686059124426	0.08694173872618242	1.4114192353356618	0.46210604276138234	0.5528482699551819	0.5378939572386177	0.5528482699551819	0.5714285714285714	baseline
ENOG4111JZ3	0.0	0.8498650523613789	0.9646291884775516	1.4289879886288803	0.7481098984732828	0.8290187062846736	0.7481098984732828	0.8290187062846736	1.0	endpoint
ENOG4111JZP	0.0	1.1185724918109938	1.3004538791123283	1.8925415449986243	0.8020913539651756	0.8642621424559639	0.8020913539651756	0.8642621424559639	0.8571428571428571	endpoint
ENOG4111JZU	0.0	0.3235113144105229	0.6580761540842641	1.95924219809403	0.5838212919960942	0.6968069708956671	0.5838212919960942	0.6968069708956671	0.5714285714285714	endpoint
ENOG4111JZY	0.0	0.28629237314111344	0.8036403129544024	1.0970981369228834	0.40431830480831377	0.3253196676092113	0.5956816951916862	0.6746803323907886	0.7142857142857143	baseline
ENOG4111K03	0.0	0.00041215651316364336	0.3082173971096394	1.3485882532043145	0.4808925386325908	0.42267952322218105	0.5191074613674092	0.577320476777819	0.5714285714285714	endpoint
ENOG4111K10	0.0	0.7748968204735659	1.219358949084907	1.635109207594659	0.2973394109755617	0.26821088224309936	0.7026605890244383	0.7317891177569007	0.8571428571428571	baseline
ENOG4111K11	0.0	0.48567992788377373	0.8633686317422785	1.574486645484591	0.34169447820265236	0.3273042247576273	0.6583055217973477	0.6726957752423727	0.7142857142857143	baseline
ENOG4111K16	0.0	0.9879759456528034	1.2634602301039906	1.537087637095767	0.8045382689892212	0.8382128362174589	0.8045382689892212	0.8382128362174589	1.0	endpoint
ENOG4111K1E	0.0	0.13702976635679245	0.12446550961328061	1.082010345518809	0.5335814071437178	0.5422921643270675	0.5335814071437178	0.5422921643270675	0.5714285714285714	endpoint
ENOG4111K1F	0.0	0.9641599397964585	0.9709743110095576	1.4546723070469583	0.793800079198183	0.7544958854784799	0.793800079198183	0.7544958854784799	1.0	endpoint
ENOG4111K1X	0.0	1.1670808880451136	1.2726841034914438	1.7438022244262816	0.8636652104551701	0.9651334611758868	0.8636652104551701	0.9651334611758868	1.0	endpoint
ENOG4111K2Z	0.0	0.03647469638076929	0.5710529497270836	1.3016656864742293	0.4709386759069538	0.5886679929137353	0.5290613240930462	0.5886679929137353	0.5714285714285714	baseline
ENOG4111K3A	0.0	0.7408834502079035	0.9636878622119336	1.5141369626553591	0.7099729677469668	0.8196519567630781	0.7099729677469668	0.8196519567630781	0.8571428571428571	endpoint
ENOG4111K3U	0.0	0.7080574958316962	0.8793617590508058	1.807440124666758	0.6953084803104482	0.7187717424319239	0.6953084803104482	0.7187717424319239	0.7142857142857143	endpoint
ENOG4111K4P	0.0	0.5157566541523795	0.7575726414903052	1.378878630703523	0.6678938962890767	0.753950951437734	0.6678938962890767	0.753950951437734	0.5714285714285714	endpoint
ENOG4111K5D	0.14285714285714285	0.39954851554401855	0.030937509362310087	2.0282670199104835	0.6034603524542271	0.5174658757354611	0.6034603524542271	0.5174658757354611	0.5714285714285714	endpoint
ENOG4111K5F	0.0	0.5774968845713581	0.5946624988239516	1.4729428268835338	0.6773133622144485	0.6522147746776973	0.6773133622144485	0.6522147746776973	0.8571428571428571	endpoint
ENOG4111K60	0.0	0.17233136679149394	0.3339579509051663	1.509063205408493	0.5304266380969282	0.41216854672061704	0.5304266380969282	0.5878314532793829	0.5714285714285714	endpoint
ENOG4111K68	0.0	1.0574708336247904	1.2597394443799035	1.6868908935924358	0.8189062069161953	0.9075558317388623	0.8189062069161953	0.9075558317388623	0.8571428571428571	endpoint
ENOG4111K71	0.0	0.4470588186850516	0.8411441490141756	1.4710957770429705	0.6379532031581924	0.639966673873201	0.6379532031581924	0.639966673873201	0.7142857142857143	endpoint
ENOG4111K7N	0.0	0.5441026034690654	0.9168609596718397	1.2293272912302826	0.6900824054925467	0.7946487224496981	0.6900824054925467	0.7946487224496981	0.8571428571428571	endpoint
ENOG4111K7U	0.0	0.5787196466048519	0.6524986972653899	1.355441409512279	0.33288500631938417	0.36230801181868255	0.6671149936806158	0.6376919881813174	0.8571428571428571	baseline
ENOG4111K9G	0.0	0.3048684360684982	0.7217088795487759	1.372597822177598	0.5814021840020311	0.6098756162849529	0.5814021840020311	0.6098756162849529	0.5714285714285714	endpoint
ENOG4111KAC	0.0	0.37111627682047404	0.4576051726538339	1.4078749348086117	0.5949637528341192	0.6201735251461167	0.5949637528341192	0.6201735251461167	0.7142857142857143	endpoint
ENOG4111KAX	0.0	0.5286570868594962	0.631554247005144	1.6517433386284863	0.6492303710728414	0.7137815006898782	0.6492303710728414	0.7137815006898782	0.7142857142857143	endpoint
ENOG4111KB4	0.0	0.11283972186802811	0.14292274119501996	1.4707712264010762	0.46176868411413713	0.4468961172874392	0.5382313158858629	0.5531038827125607	0.5714285714285714	baseline
ENOG4111KB5	0.0	0.28711432380844665	0.5063444693963599	1.4518761777355036	0.4026549787819294	0.39482146349512776	0.5973450212180706	0.6051785365048723	0.7142857142857143	baseline
ENOG4111KBA	0.0	0.06347766216160364	0.02006957437063915	1.0955863547434477	0.4736777431445355	0.502103757073243	0.5263222568554645	0.502103757073243	0.5714285714285714	baseline
ENOG4111KBS	0.0	0.5734302087941046	0.2699972540647967	1.4330359757590188	0.6962899314830594	0.5304919778373564	0.6962899314830594	0.5304919778373564	0.7142857142857143	endpoint
ENOG4111KBU	0.0	0.297895189752918	0.6262543006204001	1.4610594900594243	0.38366447947755955	0.33501674945003207	0.6163355205224404	0.664983250549968	0.5714285714285714	baseline
ENOG4111KC4	0.0	0.33340730744938757	0.5837849074987138	1.3544159088549061	0.5862453856361213	0.6685484628638723	0.5862453856361213	0.6685484628638723	0.5714285714285714	endpoint
ENOG4111KCB	0.0	0.0666717034459781	0.2425668590926148	1.1695208351573032	0.491620451502397	0.5744961052468702	0.508379548497603	0.5744961052468702	0.7142857142857143	endpoint
ENOG4111KCZ	0.0	0.32708190782702007	0.7074399530376212	1.0679749857894758	0.5985843657653778	0.6785798779010844	0.5985843657653778	0.6785798779010844	0.5714285714285714	endpoint
ENOG4111KEC	0.0	0.9669492082284129	1.2171693708888842	1.5563642913773248	0.7691272956691267	0.8434370327395819	0.7691272956691267	0.8434370327395819	0.8571428571428571	endpoint
ENOG4111KET	0.0	0.733207355629826	0.7496931402661604	1.2103190665896095	0.7279972033244216	0.6691294148475558	0.7279972033244216	0.6691294148475558	1.0	endpoint
ENOG4111KFQ	0.0	1.290047644712183	1.4350663845064875	1.9333495437166355	0.8742413088443274	0.9269690395657644	0.8742413088443274	0.9269690395657644	1.0	endpoint
ENOG4111KFV	0.0	0.07052235626523425	0.2805031896932836	1.4476121851111765	0.486751784673684	0.5644468352641994	0.513248215326316	0.5644468352641994	0.7142857142857143	endpoint
ENOG4111KHV	0.0	0.3844674444561864	1.0250142276777172	1.302028014390071	0.3954342530780761	0.25624071187738	0.6045657469219239	0.74375928812262	0.7142857142857143	baseline
ENOG4111KI8	0.14285714285714285	1.2263739733106722	1.240006153684537	2.247440268864263	0.8296067858050785	0.9077307967243935	0.8296067858050785	0.9077307967243935	0.8571428571428571	endpoint
ENOG4111KIA	0.0	0.23597867145525678	0.7481335929544662	1.4955920616346872	0.44498091111045024	0.3416650954719517	0.5550190888895498	0.6583349045280483	0.7142857142857143	baseline
ENOG4111KIH	0.0	0.24723270261736294	0.4441395138751931	1.4250171282176176	0.4150606851124179	0.39689502160601264	0.5849393148875821	0.6031049783939874	0.5714285714285714	baseline
ENOG4111KII	0.0	0.33749301064724274	0.6915129215442342	1.4164782115765746	0.6103382266695055	0.6839114649596111	0.6103382266695055	0.6839114649596111	0.8571428571428571	endpoint
ENOG4111KIY	0.0	0.6075210005936492	0.971089326237584	1.4565732735143775	0.32728346222143406	0.2288340041653414	0.672716537778566	0.7711659958346586	0.7142857142857143	baseline
ENOG4111KK4	0.0	0.21941577362039802	0.057262502246394904	1.441785223979097	0.42862871637841493	0.4611154642569116	0.5713712836215851	0.5388845357430885	0.5714285714285714	baseline
ENOG4111KKM	0.0	0.15788814183375588	0.04947497046822839	1.3551694994592727	0.4127603638871738	0.5212728146071289	0.5872396361128263	0.5212728146071289	0.5714285714285714	baseline
ENOG4111KKP	0.0	0.3118168204557608	0.4778399034479015	0.7934436639087096	0.6093428280737744	0.6349412544626116	0.6093428280737744	0.6349412544626116	0.8571428571428571	endpoint
ENOG4111KMZ	0.0	0.7269474754573328	1.0112344105508753	1.3775755915454668	0.7021309343208932	0.762907475354216	0.7021309343208932	0.762907475354216	0.8571428571428571	endpoint
ENOG4111KN3	0.0	0.43713272002874326	0.29587903597197884	1.2917495882421486	0.37237639736784495	0.4181541382348	0.6276236026321551	0.5818458617652	0.5714285714285714	baseline
ENOG4111KN5	0.0	0.5179244078998474	0.7836220235866567	1.3640393409087035	0.6947431552003713	0.814759888832327	0.6947431552003713	0.814759888832327	0.7142857142857143	endpoint
ENOG4111KN8	0.0	0.17726203188242567	0.3281070277294459	0.5738194871852813	0.5557764936965671	0.5898994603343681	0.5557764936965671	0.5898994603343681	0.5714285714285714	endpoint
ENOG4111KNJ	0.0	0.09892913764283247	0.12454798127122556	1.4024677072706406	0.544723897351618	0.5136745403676294	0.544723897351618	0.5136745403676294	0.5714285714285714	endpoint
ENOG4111KPG	0.0	0.6066420345818261	0.6901941157208455	1.709868365303201	0.2912901126558139	0.2822888872219433	0.7087098873441862	0.7177111127780567	0.7142857142857143	baseline
ENOG4111KPU	0.0	0.7866949656664978	1.0398646830416247	1.5020959886805847	0.7522288899639318	0.8317598971571848	0.7522288899639318	0.8317598971571848	0.7142857142857143	endpoint
ENOG4111KPX	0.0	0.5631940555686159	0.7284866291595068	1.2751270566802082	0.3083988577308347	0.3068377256009318	0.6916011422691652	0.6931622743990682	0.7142857142857143	baseline
ENOG4111KQ1	0.0	0.6206776403455868	0.8758718983174085	1.3992825326944855	0.7101052118207752	0.7715649050264585	0.7101052118207752	0.7715649050264585	0.7142857142857143	endpoint
ENOG4111KQ4	0.0	0.7976230124323221	0.9018072126628213	1.3589536841210277	0.7216465909806017	0.7474852753016944	0.7216465909806017	0.7474852753016944	0.8571428571428571	endpoint
ENOG4111KQG	0.0	0.566148314049183	0.7231552185142444	1.4750067849753905	0.2970950074917905	0.28195616776800114	0.7029049925082095	0.7180438322319989	0.8571428571428571	baseline
ENOG4111KQP	0.0	0.7026947741126889	0.7968208750146765	1.4210771765479355	0.7052029717308808	0.6994753418974773	0.7052029717308808	0.6994753418974773	0.7142857142857143	endpoint
ENOG4111KQS	0.0	0.6442270136662973	0.9050675735700185	1.5223203025101077	0.6776454439151719	0.6733235746592952	0.6776454439151719	0.6733235746592952	0.7142857142857143	endpoint
ENOG4111KR4	0.0	0.6518941804275709	0.8952159547769403	1.5272560904732462	0.6645996352487578	0.7978259453735617	0.6645996352487578	0.7978259453735617	0.7142857142857143	endpoint
ENOG4111KRI	0.14285714285714285	0.27337569291065345	0.47897338407837764	2.0443896059699633	0.5243412582123852	0.3594392415946576	0.5243412582123852	0.6405607584053423	0.5714285714285714	endpoint
ENOG4111KRN	0.0	0.14664011765788149	0.057377430906740766	1.3852033144313955	0.5180647406427347	0.5092565051883144	0.5180647406427347	0.5092565051883144	0.5714285714285714	endpoint
ENOG4111KST	0.0	0.4695852501808839	1.0299826241440397	1.520774764690495	0.32654239620528097	0.1604194893064734	0.6734576037947191	0.8395805106935266	0.7142857142857143	baseline
ENOG4111KT7	0.0	0.5374935074119762	1.2713121486293322	1.59319433450974	0.7050015717788691	0.8856514584834493	0.7050015717788691	0.8856514584834493	0.7142857142857143	endpoint
ENOG4111KTA	0.0	1.0016447177931789	1.2993400460458346	1.542151024123684	0.22792558334021532	0.10442680686644189	0.7720744166597847	0.8955731931335581	0.8571428571428571	baseline
ENOG4111KUD	0.0	1.0709169634905293	1.1357561368302744	1.6949777281220775	0.8280434474093168	0.8494036449757849	0.8280434474093168	0.8494036449757849	1.0	endpoint
ENOG4111KUS	0.0	0.2326172925461812	0.12304792094025194	1.5440414403184335	0.44734679168112246	0.4732455476383808	0.5526532083188775	0.5267544523616192	0.5714285714285714	baseline
ENOG4111KUX	0.0	0.19805812950458487	0.1474698621954485	1.4251214202452074	0.5645594184938655	0.5482838436087331	0.5645594184938655	0.5482838436087331	0.5714285714285714	endpoint
ENOG4111KVS	0.0	0.24139913390731024	0.1465666955906195	1.4377826380904106	0.3995908692156557	0.4462912316073626	0.6004091307843443	0.5537087683926374	0.5714285714285714	baseline
ENOG4111KW9	0.0	0.21464104466664874	0.11441142691732961	1.4197907840485964	0.39582633814556406	0.43165222280494164	0.604173661854436	0.5683477771950584	0.5714285714285714	baseline
ENOG4111KWQ	0.0	0.3162096534227309	0.07515680785456622	1.4337695222955746	0.5836942662490473	0.5328871976127819	0.5836942662490473	0.5328871976127819	0.7142857142857143	endpoint
ENOG4111KX6	0.0	0.5766008248380395	1.2073987371159518	1.4688668451240967	0.36478511622770127	0.23270895770790895	0.6352148837722987	0.7672910422920911	0.7142857142857143	baseline
ENOG4111KX8	0.0	0.6494524012146189	0.5444918062236502	1.1642249299054142	0.7074561864839185	0.6920240950971612	0.7074561864839185	0.6920240950971612	1.0	endpoint
ENOG4111KXQ	0.0	0.35233618312448617	0.3834729884537276	1.2650162878375515	0.6236159140954151	0.6638770028212971	0.6236159140954151	0.6638770028212971	0.7142857142857143	endpoint
ENOG4111KXW	0.0	0.9762501935129883	1.113725269273825	1.7686545065797838	0.23865381329477037	0.19386136971410656	0.7613461867052296	0.8061386302858935	0.8571428571428571	baseline
ENOG4111KYU	0.0	0.2737510711584377	0.4514422379898136	1.7893878789225135	0.55926662719659	0.632069911571574	0.55926662719659	0.632069911571574	0.5714285714285714	endpoint
ENOG4111KZG	0.0	0.029079920149114678	0.05913406563458408	1.132087321108164	0.5210987564495114	0.4979321897526659	0.5210987564495114	0.5020678102473342	0.5714285714285714	baseline
ENOG4111KZH	0.0	0.5939905756431335	1.0664962970508314	1.2823749008831742	0.6804891305531309	0.7172470535957304	0.6804891305531309	0.7172470535957304	0.7142857142857143	endpoint
ENOG4111M0T	0.0	0.6682256370689859	1.09654823714367	1.474885049167946	0.7184252754024368	0.7919197841165161	0.7184252754024368	0.7919197841165161	0.7142857142857143	endpoint
ENOG4111M0W	0.0	0.45685801278204596	0.5339952592071306	1.270744893782658	0.6531435190021508	0.6340212510069922	0.6531435190021508	0.6340212510069922	0.7142857142857143	endpoint
ENOG4111M1B	0.0	0.48279486575999636	0.724614839899337	1.0876012719898112	0.3622906325213425	0.28149090085535294	0.6377093674786575	0.718509099144647	0.8571428571428571	baseline
ENOG4111M1F	0.0	0.1799946486959021	0.3906012976096549	1.2761221977689048	0.5477958801552061	0.5354595338437232	0.5477958801552061	0.5354595338437232	0.7142857142857143	endpoint
ENOG4111M1G	0.0	0.4417836206737974	1.1578076383620506	1.5079575239255645	0.3521720561963654	0.24252246175073944	0.6478279438036346	0.7574775382492606	0.5714285714285714	baseline
ENOG4111M1V	0.0	0.419053711611845	0.42229457872314563	1.4368354772042977	0.6321889583142066	0.5500979674414721	0.6321889583142066	0.5500979674414721	0.7142857142857143	endpoint
ENOG4111M2K	0.0	0.3602951659025329	0.28982608985959313	1.5368887180787572	0.433474200127639	0.4200835670434612	0.566525799872361	0.5799164329565387	0.5714285714285714	baseline
ENOG4111M2M	0.0	0.09051145064608963	0.13828215990618714	1.0711604145041742	0.4355604525310445	0.4802390123442164	0.5644395474689555	0.5197609876557836	0.5714285714285714	baseline
ENOG4111M2Z	0.0	0.14824024207367778	0.0318992468831217	1.8266514039120612	0.5008025440212979	0.5206520316524996	0.5008025440212979	0.5206520316524996	0.5714285714285714	endpoint
ENOG4111M32	0.0	0.17740919256769258	0.2648355644019559	1.442385499152995	0.39023605036599024	0.42804951269476693	0.6097639496340097	0.571950487305233	0.7142857142857143	baseline
ENOG4111M39	0.0	0.7425172206959629	0.6604884889149844	1.7072402913131999	0.3031450464311466	0.295945997035353	0.6968549535688534	0.7040540029646469	0.8571428571428571	baseline
ENOG4111M3K	0.0	0.33078894527108277	0.20622178003405245	1.6825584518950842	0.4510949199603607	0.4467331622836306	0.5489050800396393	0.5532668377163694	0.7142857142857143	baseline
ENOG4111M3U	0.0	0.10990315675589338	0.05325870929358732	1.0062834397288025	0.4787312285132786	0.4954914611133575	0.5212687714867215	0.5045085388866425	0.5714285714285714	baseline
ENOG4111M48	0.0	0.11530717151813999	0.016219614443662957	1.4185253641864817	0.4691817692001353	0.4653563572678789	0.5308182307998647	0.5346436427321211	0.7142857142857143	baseline
ENOG4111M4A	0.0	0.3011719509925698	0.5824052656528993	1.3261708362024345	0.6287525750887404	0.668168182369121	0.6287525750887404	0.668168182369121	0.5714285714285714	endpoint
ENOG4111M4J	0.0	0.4094885638190899	0.27384367987613545	1.4839669890540348	0.5968649043405135	0.5997581704690805	0.5968649043405135	0.5997581704690805	0.7142857142857143	endpoint
ENOG4111M4M	0.0	0.28607059113616984	0.31811174500305983	1.2496078205019976	0.6253426387969955	0.5953190794681184	0.6253426387969955	0.5953190794681184	0.5714285714285714	endpoint
ENOG4111M5N	0.14285714285714285	1.3159193080279272	1.2463968943385695	2.2665193448312815	0.8678945023489496	0.8815780042279768	0.8678945023489496	0.8815780042279768	1.0	endpoint
ENOG4111M64	0.0	0.332484175457746	0.11825563396523525	1.2697471228342687	0.3790588605209765	0.4855488369522376	0.6209411394790235	0.5144511630477624	0.8571428571428571	baseline
ENOG4111M65	0.0	0.5166847054631042	0.6480087837994224	1.0977132330381765	0.361953595307641	0.3630533242088778	0.6380464046923591	0.6369466757911222	0.8571428571428571	baseline
ENOG4111M92	0.0	0.9559761560427938	1.2743230983460323	1.6243902908012193	0.7859612943772285	0.9291556139330108	0.7859612943772285	0.9291556139330108	0.8571428571428571	endpoint
ENOG4111M9Y	0.0	0.238704963035037	0.4128839095031358	1.0658733656899275	0.3897207452540917	0.38174966070247507	0.6102792547459083	0.6182503392975249	0.5714285714285714	baseline
ENOG4111MA7	0.0	0.3050663362985689	0.7436775699938178	1.3917149832517348	0.42712551343756744	0.23960028901827515	0.5728744865624326	0.7603997109817249	0.5714285714285714	baseline
ENOG4111MAD	0.0	0.3895305974591607	0.704573628481627	1.377463655407617	0.37564483065481236	0.297478378236809	0.6243551693451876	0.702521621763191	0.7142857142857143	baseline
ENOG4111MAU	0.0	0.07063934511009427	0.14779893086793108	0.9965020006750287	0.4751388971871645	0.4511984445869616	0.5248611028128355	0.5488015554130383	0.5714285714285714	baseline
ENOG4111MBA	0.0	0.035031155373718606	0.2896565784745	1.119376461825661	0.49465502940285433	0.42253873316094404	0.5053449705971457	0.577461266839056	0.5714285714285714	baseline
ENOG4111MBG	0.0	0.303042058505646	0.4809065757173207	1.4087228450111986	0.3947010058557105	0.33937004393886544	0.6052989941442894	0.6606299560611346	0.7142857142857143	baseline
ENOG4111MBI	0.0	0.4913793183379929	0.6856995767244313	1.4481089545959565	0.6748391751144516	0.7355006720751958	0.6748391751144516	0.7355006720751958	0.7142857142857143	endpoint
ENOG4111MCJ	0.0	0.4073101031925299	0.3417339081604065	1.528203437712176	0.6272972122771467	0.5882231559692991	0.6272972122771467	0.5882231559692991	0.5714285714285714	endpoint
ENOG4111MCV	0.0	0.6736073212910056	1.0718986514433226	1.5308658718480346	0.7021588219721243	0.724740089409503	0.7021588219721243	0.724740089409503	0.8571428571428571	endpoint
ENOG4111MD1	0.0	0.48977597843567544	0.29787943899574915	1.3834336730290753	0.3245954051304255	0.3686772110095622	0.6754045948695745	0.6313227889904378	0.7142857142857143	baseline
ENOG4111MD3	0.0	1.3156877538360898	1.2715092517613045	1.641451048650264	0.8923251833897979	0.9807772690724339	0.8923251833897979	0.9807772690724339	1.0	endpoint
ENOG4111MDB	0.0	0.650649746582405	1.338589711288563	1.5843854412666103	0.34177555183838837	0.24806116781670542	0.6582244481616116	0.7519388321832946	0.5714285714285714	baseline
ENOG4111MDE	0.0	0.19069896457104712	0.2367880402457721	1.8010504018632854	0.4869298939701568	0.5685509155560765	0.5130701060298433	0.5685509155560765	0.5714285714285714	baseline
ENOG4111MEE	0.0	0.473571411882826	0.7842930684315117	1.3370753319538533	0.3726862678822587	0.3073087888047457	0.6273137321177413	0.6926912111952543	0.8571428571428571	baseline
ENOG4111MF4	0.0	0.8327033931638509	0.9501203655953311	1.6357714821427862	0.7314860136003264	0.8140753242919788	0.7314860136003264	0.8140753242919788	0.8571428571428571	endpoint
ENOG4111MG2	0.0	0.060373794736981116	0.173415093461005	1.3147255472079806	0.5537658992968427	0.5920331303267314	0.5537658992968427	0.5920331303267314	0.5714285714285714	endpoint
ENOG4111MGD	0.0	0.09304229884654368	0.2810449040142642	1.2720824490641143	0.4952472571677235	0.423968245717075	0.5047527428322764	0.576031754282925	0.5714285714285714	baseline
ENOG4111MHG	0.14285714285714285	1.1382268491219614	1.142455306204135	2.155218986909268	0.8094627133229031	0.8283808646804092	0.8094627133229031	0.8283808646804092	0.8571428571428571	endpoint
ENOG4111MJI	0.0	1.0890710542733577	1.3055232019564043	1.88563333564659	0.7888725525181642	0.8674863223742559	0.7888725525181642	0.8674863223742559	0.8571428571428571	endpoint
ENOG4111MJJ	0.0	0.36021690348189506	0.3153871707215732	1.129237942904177	0.6070659300786387	0.5945680856802062	0.6070659300786387	0.5945680856802062	0.5714285714285714	endpoint
ENOG4111MJM	0.0	0.09273274999984073	0.15877190157592255	0.9181397808340104	0.4436140788764698	0.46387224809662525	0.5563859211235302	0.5361277519033747	0.7142857142857143	baseline
ENOG4111MJP	0.0	0.17673006663296528	0.27101929806680897	1.2235841326924346	0.555434418649593	0.5639505138105858	0.555434418649593	0.5639505138105858	0.7142857142857143	endpoint
ENOG4111MK0	0.0	0.25351514603971237	0.21314982788472273	1.093600926600961	0.5815892583375294	0.600295234746965	0.5815892583375294	0.600295234746965	0.5714285714285714	endpoint
ENOG4111MKU	0.14285714285714285	0.7589167350848572	1.2040523058191868	2.4759619354633773	0.6885562779770396	0.8410054977822132	0.6885562779770396	0.8410054977822132	0.7142857142857143	endpoint
ENOG4111MM6	0.0	0.06509926200265193	0.1165432543449834	1.5170899704246001	0.5322341235709922	0.4512750342855843	0.5322341235709922	0.5487249657144158	0.5714285714285714	endpoint
ENOG4111MME	0.0	0.23926789684241787	0.20454706286765373	1.438627249967183	0.4019113710167251	0.4007133541005188	0.598088628983275	0.5992866458994812	0.5714285714285714	baseline
ENOG4111MMW	0.0	0.10641770642530766	0.21655009804886027	1.242847731306084	0.4494976688991513	0.43592807985283577	0.5505023311008487	0.5640719201471642	0.7142857142857143	baseline
ENOG4111MN7	0.0	0.3142561895679217	0.6534952606799215	1.2296998609263914	0.39043521916685725	0.32750812987578454	0.6095647808331428	0.6724918701242155	0.7142857142857143	baseline
ENOG4111MNA	0.0	0.5435598633437367	0.7431538994830452	1.2590104928510115	0.6418087539091478	0.6124302688576665	0.6418087539091478	0.6124302688576665	0.8571428571428571	endpoint
ENOG4111MNI	0.0	0.22257807064637133	0.9192034070914488	1.6027810511395308	0.5819362073493898	0.7423761016072563	0.5819362073493898	0.7423761016072563	0.5714285714285714	endpoint
ENOG4111MNS	0.0	0.36874747770706656	0.12226601102698537	1.3810833939807463	0.37413934235888846	0.45032507355839024	0.6258606576411115	0.5496749264416098	0.7142857142857143	baseline
ENOG4111MP2	0.0	0.5115317691734039	0.9637147115604445	1.8114488392114292	0.33828031839491396	0.24200013617423144	0.6617196816050861	0.7579998638257686	0.7142857142857143	baseline
ENOG4111MP4	0.0	0.9730193331218928	1.0778135459839078	1.3654037626296813	0.7771012121213124	0.8374840438717106	0.7771012121213124	0.8374840438717106	1.0	endpoint
ENOG4111MPH	0.0	0.5300118073553898	1.0501269768479036	1.429755141239005	0.7009669037188951	0.9149503854837576	0.7009669037188951	0.9149503854837576	0.7142857142857143	endpoint
ENOG4111MQE	0.0	0.1158735047660462	0.14586010456132953	1.451070941389831	0.5183631502607129	0.5209898821559582	0.5183631502607129	0.5209898821559582	0.5714285714285714	endpoint
ENOG4111MQQ	0.0	0.10243690394083341	0.11989575683446173	1.2939760103499798	0.4847544070932358	0.5652370807465978	0.5152455929067642	0.5652370807465978	0.5714285714285714	baseline
ENOG4111MR3	0.0	0.07752535774896903	0.43725472985517455	1.1849227187800344	0.4859479416349801	0.39803787544335995	0.5140520583650199	0.60196212455664	0.5714285714285714	baseline
ENOG4111MRX	0.0	0.007784314664539501	0.17864447027004535	1.0567970364207224	0.4859037585012166	0.4657625649642056	0.5140962414987834	0.5342374350357944	0.5714285714285714	endpoint
ENOG4111MSB	0.0	0.15250874879363124	0.1604531580338589	1.0694734389773595	0.43194988531353884	0.4439861198065726	0.5680501146864612	0.5560138801934273	0.5714285714285714	baseline
ENOG4111MSD	0.0	0.15603849566870998	0.38209384582621675	1.5484381157003124	0.5099600718253224	0.5340473219444859	0.5099600718253224	0.5340473219444859	0.5714285714285714	endpoint
ENOG4111MSE	0.0	0.5494071291011202	0.823654702165464	1.3655424786241837	0.6854145811889522	0.8080021392392548	0.6854145811889522	0.8080021392392548	0.8571428571428571	endpoint
ENOG4111MSQ	0.0	1.3083490786954601	1.3581551399473937	1.8826361198645873	0.8728546457004914	0.8307040164669144	0.8728546457004914	0.8307040164669144	1.0	endpoint
ENOG4111MT2	0.0	0.2752932881702422	0.3021035880903167	1.2133165140227442	0.5879126205903576	0.5838203785264933	0.5879126205903576	0.5838203785264933	0.7142857142857143	endpoint
ENOG4111MTA	0.0	0.3742436508014701	0.9440547373833194	1.4365931924050173	0.5880466630413982	0.696270460634457	0.5880466630413982	0.696270460634457	0.7142857142857143	endpoint
ENOG4111MTK	0.0	1.050369757883866	1.164000665591657	1.3783644207800492	0.19832409002530813	0.20422578913136183	0.8016759099746918	0.7957742108686382	1.0	baseline
ENOG4111MTW	0.0	0.9009005152154178	0.9636721142506287	1.468382629795037	0.2191571379627178	0.1842025829539871	0.7808428620372823	0.8157974170460129	1.0	baseline
ENOG4111MU4	0.0	0.21849815107566406	0.26027430934560164	1.2731307704256067	0.5804137014030067	0.5815265212992177	0.5804137014030067	0.5815265212992177	0.7142857142857143	endpoint
ENOG4111MUY	0.0	0.8683724480262648	1.2688237698035545	1.9606196126870576	0.24206394519317526	0.1495379261919324	0.7579360548068248	0.8504620738080676	0.8571428571428571	baseline
ENOG4111MV5	0.0	0.5521213734213625	0.8964240126392762	1.6047179156477942	0.6548775450187826	0.619424612371702	0.6548775450187826	0.619424612371702	0.7142857142857143	endpoint
ENOG4111MW5	0.0	0.2807456943155808	0.44697944615131985	1.395355959152172	0.6081135049545295	0.6820553105471427	0.6081135049545295	0.6820553105471427	0.7142857142857143	endpoint
ENOG4111MX3	0.0	1.238102519546737	1.0396558108418328	1.7561618565134682	0.860532356062574	0.8707221905845911	0.860532356062574	0.8707221905845911	1.0	endpoint
ENOG4111MX4	0.0	1.1415574489381821	1.2400029775166037	1.447796239737865	0.840962850134148	0.8565174536277934	0.840962850134148	0.8565174536277934	1.0	endpoint
ENOG4111MXV	0.0	0.5489268152909448	0.5973909456018272	1.3184831012464133	0.341828842866287	0.3735366263792368	0.658171157133713	0.6264633736207632	0.7142857142857143	baseline
ENOG4111MXZ	0.0	0.5992157591906931	0.6506757591976278	1.2068501251330062	0.6968034398225699	0.7545080119755381	0.6968034398225699	0.7545080119755381	0.8571428571428571	endpoint
ENOG4111MY0	0.0	0.37708517297584143	0.6001765404811032	1.2144036354474017	0.6363204883512273	0.5702484059175899	0.6363204883512273	0.5702484059175899	0.7142857142857143	endpoint
ENOG4111MY9	0.0	0.4513500627899549	0.5248206714074118	1.5853974711818144	0.6548520598657388	0.6797592523853222	0.6548520598657388	0.6797592523853222	0.7142857142857143	endpoint
ENOG4111N1J	0.0	0.12274570172165607	0.16540427983757555	1.2554640468650042	0.4416528902452785	0.414149032588001	0.5583471097547215	0.5858509674119989	0.5714285714285714	baseline
ENOG4111N1T	0.0	0.20205887067111591	0.25771130924108526	1.0853652555690887	0.4621060780998741	0.42327859544928176	0.537893921900126	0.5767214045507183	0.5714285714285714	baseline
ENOG4111N2I	0.0	0.20996547905598542	0.1826284138942555	1.251887658532799	0.5855504748670255	0.5064262576161586	0.5855504748670255	0.5064262576161586	0.7142857142857143	endpoint
ENOG4111N38	0.14285714285714285	0.2524466937375155	0.21813221255513032	2.0070719356596256	0.5459989168200198	0.46219969928565824	0.5459989168200198	0.5378003007143417	0.5714285714285714	endpoint
ENOG4111N3J	0.0	0.7480798946386102	1.1313631022183457	1.5137379917629852	0.7312577597348636	0.8507977749358204	0.7312577597348636	0.8507977749358204	0.8571428571428571	endpoint
ENOG4111N3T	0.0	0.7918098872470558	1.122869524870603	1.4698826596140904	0.29321615767320924	0.22662468533521307	0.7067838423267907	0.7733753146647869	0.7142857142857143	baseline
ENOG4111N49	0.0	0.4383157229441653	0.4754896528247306	1.384549941636444	0.6102434269307485	0.6386982715612726	0.6102434269307485	0.6386982715612726	0.7142857142857143	endpoint
ENOG4111N4J	0.0	0.8432465480736698	0.8790673852948033	1.9796879177706252	0.7496797503876413	0.7499392724340025	0.7496797503876413	0.7499392724340025	0.8571428571428571	endpoint
ENOG4111N51	0.0	0.21520678588136308	0.0705534200048071	0.9388526369709019	0.4377205283808555	0.48818853563157016	0.5622794716191445	0.5118114643684298	0.5714285714285714	baseline
ENOG4111N5F	0.0	0.03767992153858462	0.49422973399630377	1.4718799500186508	0.4695341518610933	0.3858993411574452	0.5304658481389066	0.6141006588425548	0.5714285714285714	baseline
ENOG4111N5G	0.0	1.0842760855154692	1.2264072400152728	1.3273365314038517	0.8276014232382309	0.812004321915484	0.8276014232382309	0.812004321915484	1.0	endpoint
ENOG4111N5J	0.0	1.0089033676313897	1.0478901221100645	1.4010613929571376	0.8152405173396853	0.9141094570718136	0.8152405173396853	0.9141094570718136	1.0	endpoint
ENOG4111N5P	0.0	1.1059050315755523	1.1010767452295513	1.286233580272347	0.17547567380442608	0.1788738184494643	0.8245243261955739	0.8211261815505357	1.0	baseline
ENOG4111N5Z	0.0	1.1777067228630624	1.2380425056706241	1.666695933791318	0.8423874643947544	0.816241832510667	0.8423874643947544	0.816241832510667	1.0	endpoint
ENOG4111N65	0.0	0.8739656157818725	1.068459330130073	1.8970971394763574	0.24478690067339343	0.10417727347972011	0.7552130993266066	0.8958227265202798	0.8571428571428571	baseline
ENOG4111N6E	0.0	0.6722413040312122	0.9345086106523287	1.8177954621073185	0.3361155045249175	0.19466243823609658	0.6638844954750824	0.8053375617639034	0.7142857142857143	baseline
ENOG4111N6F	0.0	0.21972896251569893	0.18290360036062378	1.4433819152283145	0.5742840128326342	0.5009823288044557	0.5742840128326342	0.5009823288044557	0.5714285714285714	endpoint
ENOG4111N6Y	0.0	0.16515139641431692	0.5534297585455789	1.5533458497327979	0.5095549290773848	0.660887314282307	0.5095549290773848	0.660887314282307	0.5714285714285714	endpoint
ENOG4111N74	0.0	0.1617784367016583	0.12203728116467716	1.2820662590348002	0.45399768235035937	0.49087869937235834	0.5460023176496407	0.5091213006276416	0.5714285714285714	baseline
ENOG4111N77	0.0	0.048322039375280505	0.02672959339644795	0.9622265630753976	0.5204488552116139	0.5302119749399798	0.5204488552116139	0.5302119749399798	0.5714285714285714	endpoint
ENOG4111N7Z	0.0	0.10851812598304884	0.10101348152124273	1.3158939547495667	0.4811086989046204	0.4895797058182608	0.5188913010953796	0.5104202941817392	0.5714285714285714	baseline
ENOG4111N8E	0.0	0.7789677201872509	1.1301026484496863	1.2938668028033362	0.7404073987555625	0.8156746947227679	0.7404073987555625	0.8156746947227679	0.8571428571428571	endpoint
ENOG4111N8X	0.0	0.377729636350375	0.24073733646234585	1.0607609025083011	0.4056947839727139	0.4357310308119078	0.5943052160272861	0.5642689691880922	0.7142857142857143	baseline
ENOG4111N9C	0.0	0.9568830182068518	1.2699835651300777	1.977172703687687	0.7697384225239816	0.8572069035551895	0.7697384225239816	0.8572069035551895	0.8571428571428571	endpoint
ENOG4111N9P	0.14285714285714285	1.1270315589945281	1.3269187626232388	2.100592839344936	0.8070032782849567	0.8234015789520924	0.8070032782849567	0.8234015789520924	0.8571428571428571	endpoint
ENOG4111N9R	0.14285714285714285	0.9772498509575279	1.1976772437001144	2.14607926406427	0.7678255334222805	0.8504321063584599	0.7678255334222805	0.8504321063584599	0.8571428571428571	endpoint
ENOG4111NAR	0.0	1.0130735196636966	1.1851764201120945	1.4828873720408617	0.8028204745021444	0.8315949400675112	0.8028204745021444	0.8315949400675112	1.0	endpoint
ENOG4111NAW	0.0	1.0146534680612238	1.1261930761213206	1.5323766598926765	0.21133254245756333	0.207695569677332	0.7886674575424366	0.7923044303226681	1.0	baseline
ENOG4111NBJ	0.0	0.6256938712989799	0.7783314270911423	1.5052240902067253	0.34171302179583485	0.3027821646157813	0.6582869782041652	0.6972178353842187	0.8571428571428571	baseline
ENOG4111NCC	0.0	0.43925725515429953	1.2415287103652812	1.5289157733165184	0.5915369894454395	0.6767109741422316	0.5915369894454395	0.6767109741422316	0.7142857142857143	endpoint
ENOG4111NCF	0.0	0.4895077882106022	0.9566187498572631	1.4291784497541566	0.6307819344358864	0.7368328748767244	0.6307819344358864	0.7368328748767244	0.7142857142857143	endpoint
ENOG4111NCI	0.0	0.20311238769410772	0.4168791409651635	1.4478329273158308	0.48352106536797596	0.35139239203798633	0.516478934632024	0.6486076079620137	0.5714285714285714	baseline
ENOG4111NCS	0.0	0.10245700154986064	0.2601306075095519	1.6314059442926359	0.5152152230548565	0.6179365042991658	0.5152152230548565	0.6179365042991658	0.5714285714285714	endpoint
ENOG4111NCU	0.0	0.9875099031025206	1.0236597854284049	1.804982244868802	0.7892777440071835	0.7702425986931076	0.7892777440071835	0.7702425986931076	1.0	endpoint
ENOG4111NDK	0.0	0.03773098267837697	0.13882726372523133	1.7726417466957953	0.48012906162939767	0.46821574595407667	0.5198709383706024	0.5317842540459233	0.5714285714285714	baseline
ENOG4111NDW	0.0	0.6101429854840131	0.7586338834901324	1.44574769229609	0.324149211097944	0.23496058903411518	0.675850788902056	0.7650394109658848	0.7142857142857143	baseline
ENOG4111NDY	0.0	0.2011306771289751	0.3659359513178224	1.376026092813238	0.4413513362956381	0.39582289189549724	0.558648663704362	0.6041771081045028	0.5714285714285714	baseline
ENOG4111NE3	0.0	0.5656522366015734	0.5303626090093518	1.1321955231130743	0.33611559026284404	0.34341047579736816	0.6638844097371559	0.6565895242026318	0.8571428571428571	baseline
ENOG4111NE4	0.0	0.5791922221824188	0.7349636120643667	1.1498243881765056	0.6669293738862179	0.6614883271848194	0.6669293738862179	0.6614883271848194	0.8571428571428571	endpoint
ENOG4111NEB	0.0	0.9799734412531667	1.2744646576578895	1.6446689258799692	0.7877175660340393	0.8976851838793651	0.7877175660340393	0.8976851838793651	0.8571428571428571	endpoint
ENOG4111NEG	0.0	0.7909848876807576	1.0563918126439409	1.5084027417812615	0.7617078501056076	0.8361095804098887	0.7617078501056076	0.8361095804098887	0.8571428571428571	endpoint
ENOG4111NEM	0.0	0.16337803926246255	0.17064412139335663	1.2850117868021471	0.45107950201856334	0.442294449952035	0.5489204979814366	0.5577055500479651	0.5714285714285714	baseline
ENOG4111NEX	0.0	0.15632200012549427	0.013894373989858527	0.9824134767882973	0.5700762240794696	0.5099464030345552	0.5700762240794696	0.5099464030345552	0.5714285714285714	endpoint
ENOG4111NF7	0.0	0.9679411591093746	1.2658203006759599	1.5317512566187916	0.7863757831899759	0.7430962692611599	0.7863757831899759	0.7430962692611599	0.8571428571428571	endpoint
ENOG4111NFI	0.0	0.656332145464346	0.7591587688364475	1.5067529634760508	0.30125611313142375	0.3446027545829745	0.6987438868685762	0.6553972454170255	0.8571428571428571	baseline
ENOG4111NFV	0.0	0.5865647665614194	1.0492209016620042	1.3190661109420663	0.6737374671217947	0.659722132543214	0.6737374671217947	0.659722132543214	0.7142857142857143	endpoint
ENOG4111NGN	0.0	0.6066021659778054	0.7848657599423547	1.588856453035095	0.6804903537381989	0.7403272381836341	0.6804903537381989	0.7403272381836341	0.8571428571428571	endpoint
ENOG4111NGP	0.0	1.224218377380737	1.4321352852771725	1.6673574705032903	0.8434175142405922	0.9029893098250436	0.8434175142405922	0.9029893098250436	1.0	endpoint
ENOG4111NHW	0.0	0.17666683599838087	0.1885813539794727	1.8053778983780866	0.49942407378461473	0.5596156964972345	0.5005759262153853	0.5596156964972345	0.5714285714285714	baseline
ENOG4111NHY	0.0	0.10209759793626393	0.419819578366826	1.2627047846450068	0.4912137931906616	0.37864702077205065	0.5087862068093384	0.6213529792279493	0.7142857142857143	baseline
ENOG4111NI7	0.0	1.1335527486141752	1.1096266897684546	1.5550505439259004	0.8386369307979182	0.903866829878557	0.8386369307979182	0.903866829878557	1.0	endpoint
ENOG4111NIG	0.0	0.4666842673559117	0.5118039584181916	1.4246681080538044	0.3965892558397169	0.3487342132963342	0.6034107441602832	0.6512657867036657	0.7142857142857143	baseline
ENOG4111NJ6	0.0	0.35290533309846206	0.048979511649017544	1.8182317818025098	0.5409174382097104	0.538576661347866	0.5409174382097104	0.538576661347866	0.5714285714285714	endpoint
ENOG4111NK7	0.0	1.037199554110753	1.0508797477887746	1.500884047568394	0.8255365883631128	0.8474451227338128	0.8255365883631128	0.8474451227338128	1.0	endpoint
ENOG4111NKI	0.0	0.8098465426360936	0.9838371469199032	1.671213170652889	0.716451025929631	0.7480373269893716	0.716451025929631	0.7480373269893716	0.8571428571428571	endpoint
ENOG4111NKW	0.0	0.8504255040332325	1.118406721795193	1.456674743972978	0.27285139627149546	0.18962728668828446	0.7271486037285045	0.8103727133117156	0.8571428571428571	baseline
ENOG4111NKX	0.0	1.073789886935635	1.137615822582707	1.6809276711927625	0.8180453264457735	0.9088844624546587	0.8180453264457735	0.9088844624546587	0.8571428571428571	endpoint
ENOG4111NM0	0.14285714285714285	0.9234819593731197	0.9241149456287396	2.026894399617408	0.7569581227686663	0.807079361744938	0.7569581227686663	0.807079361744938	0.8571428571428571	endpoint
ENOG4111NM2	0.0	0.45027997964968625	0.7229624892263177	1.2889924777575372	0.3276486113959937	0.270536100265395	0.6723513886040062	0.729463899734605	0.5714285714285714	baseline
ENOG4111NM3	0.0	0.5981640729297519	1.0933455641358163	1.3467981604920527	0.34362044145084436	0.2715912331752669	0.6563795585491556	0.7284087668247331	0.7142857142857143	baseline
ENOG4111NMM	0.0	0.9571104874821047	1.247742735967598	1.4272144528115347	0.8005308832726391	0.8755191164720543	0.8005308832726391	0.8755191164720543	0.8571428571428571	endpoint
ENOG4111NND	0.0	0.21428504451299382	0.39723871116313536	1.4513590005121857	0.5666349516481834	0.5943046191569428	0.5666349516481834	0.5943046191569428	0.7142857142857143	endpoint
ENOG4111NNW	0.0	1.0733445104116275	1.2636888863072124	1.4979120474893683	0.8437315649460937	0.9810178394771946	0.8437315649460937	0.9810178394771946	1.0	endpoint
ENOG4111NPN	0.0	0.4915129551306648	0.6680475801635083	1.4498251588908815	0.3541079291805383	0.349421326358047	0.6458920708194618	0.650578673641953	0.5714285714285714	baseline
ENOG4111NQ9	0.0	0.41155645512132605	0.17152780668770243	1.4886717250773307	0.6508676628053716	0.5913562313232202	0.6508676628053716	0.5913562313232202	0.5714285714285714	endpoint
ENOG4111NQG	0.0	0.19455803330033694	0.8629035468615432	1.660556102800276	0.5408425653510701	0.6946892475090802	0.5408425653510701	0.6946892475090802	0.7142857142857143	endpoint
ENOG4111NSJ	0.14285714285714285	1.3249645756087298	1.3458557990784707	2.2581437151171584	0.875779734938566	0.9414712846484028	0.875779734938566	0.9414712846484028	1.0	endpoint
ENOG4111NSM	0.0	0.6851740444232048	0.9789357319537432	1.9784335869511023	0.314762574460394	0.23780465806276171	0.685237425539606	0.7621953419372383	0.7142857142857143	baseline
ENOG4111NTE	0.0	1.35944840290529	1.2646324232063684	1.9215461355419947	0.8923621427250443	0.9165939931450588	0.8923621427250443	0.9165939931450588	1.0	endpoint
ENOG4111NTW	0.0	0.32380090989277194	0.2463707146507817	1.379306349990762	0.3685773902392086	0.4397267641967346	0.6314226097607913	0.5602732358032654	0.7142857142857143	baseline
ENOG4111NUB	0.0	0.2155866340776704	0.4852248198119722	1.2667803180814992	0.5671713961764712	0.5511667593918014	0.5671713961764712	0.5511667593918014	0.5714285714285714	endpoint
ENOG4111NUM	0.0	0.3673453307017712	0.9645328672888003	1.2352884593292681	0.353767379133087	0.24177462209164066	0.646232620866913	0.7582253779083593	0.5714285714285714	baseline
ENOG4111NUU	0.0	1.498420993118961	1.5350860799560773	1.8695936507688162	0.93256923544809	0.9536609347794278	0.93256923544809	0.9536609347794278	1.0	endpoint
ENOG4111NV7	0.0	0.05910029274773644	0.28667918683733096	0.7452792539728623	0.517026719737531	0.5182087700236752	0.517026719737531	0.5182087700236752	0.5714285714285714	endpoint
ENOG4111NVG	0.14285714285714285	1.2924181002191584	1.3606185501908192	2.12532327068512	0.871002602297537	0.9379531804193953	0.871002602297537	0.9379531804193953	1.0	endpoint
ENOG4111NVN	0.0	0.6271181936447441	1.0488293320178506	1.4890598768194339	0.670658739509207	0.6715367415240199	0.670658739509207	0.6715367415240199	0.8571428571428571	endpoint
ENOG4111NW5	0.0	0.748206105376843	1.4464177838917955	1.9932856579916742	0.6911083706582362	0.7954756539354011	0.6911083706582362	0.7954756539354011	0.7142857142857143	endpoint
ENOG4111NX4	0.0	0.7120811372875818	0.576518779218182	1.4232280565129476	0.7038842450742667	0.6962384703911237	0.7038842450742667	0.6962384703911237	1.0	endpoint
ENOG4111NXC	0.0	0.05250962165535973	0.24390675935028372	1.4007561736856953	0.5396467055289105	0.45617412802650603	0.5396467055289105	0.543825871973494	0.5714285714285714	endpoint
ENOG4111NXY	0.0	0.753356164208646	0.9961052559754078	1.5742590360027855	0.279751555916196	0.1858741769888235	0.720248444083804	0.8141258230111765	0.8571428571428571	baseline
ENOG4111NXZ	0.0	0.11959494988092897	0.15356547390636938	1.150163354017062	0.4986094940030895	0.46530733278622843	0.5013905059969105	0.5346926672137715	0.5714285714285714	baseline
ENOG4111NY9	0.0	0.34624937994671073	0.34758495196886796	1.4460515327502081	0.6011308002856535	0.6545013282357074	0.6011308002856535	0.6545013282357074	0.5714285714285714	endpoint
ENOG4111NYN	0.0	0.5972660365402914	0.8937672445642478	1.4646504610121043	0.6790870241674737	0.753991099198113	0.6790870241674737	0.753991099198113	0.8571428571428571	endpoint
ENOG4111NYT	0.0	1.4667659625561278	1.43421341334025	1.7361176063016877	0.07453231828613774	0.03245598767878003	0.9254676817138623	0.96754401232122	1.0	baseline
ENOG4111NYY	0.0	0.11789215764608951	0.1763705977445113	1.1639713476706461	0.4674992166345306	0.5544265312175114	0.5325007833654694	0.5544265312175114	0.5714285714285714	baseline
ENOG4111NZ6	0.0	0.5257843089356082	0.7384497191450752	1.1257773739134553	0.3563373853158177	0.24254867107716457	0.6436626146841823	0.7574513289228354	0.8571428571428571	baseline
ENOG4111NZ7	0.0	0.3001916555426648	0.2950308297586777	1.0361006129936596	0.41445695905109725	0.4442223473898968	0.5855430409489027	0.5557776526101033	0.7142857142857143	baseline
ENOG4111NZA	0.0	0.29319855445356197	0.6628760631267003	1.0938640765482306	0.5772159463604322	0.6521990805363309	0.5772159463604322	0.6521990805363309	0.5714285714285714	endpoint
ENOG4111NZF	0.0	0.49728250187113127	0.765105227453123	1.226287372429145	0.36112331611366244	0.268584240401153	0.6388766838863376	0.7314157595988471	0.7142857142857143	baseline
ENOG4111P0I	0.0	0.08862007790391717	0.3126903642958944	1.439484933686886	0.46597676760120416	0.5290361218078504	0.5340232323987959	0.5290361218078504	0.7142857142857143	baseline
ENOG4111P10	0.0	0.5946928128157962	1.106517278803347	1.6068575865736074	0.6483616379556147	0.6831461242458772	0.6483616379556147	0.6831461242458772	0.7142857142857143	endpoint
ENOG4111P1U	0.0	0.6737539537079457	1.2482161107125982	1.558490291272057	0.6957212281069817	0.7293256615424034	0.6957212281069817	0.7293256615424034	0.7142857142857143	endpoint
ENOG4111P27	0.0	0.5580005715673934	0.368685193546018	1.5607316746216306	0.6736712699781483	0.5318215252212302	0.6736712699781483	0.5318215252212302	0.8571428571428571	endpoint
ENOG4111P2A	0.0	0.770768498010294	0.9953786995921993	1.4997297949228157	0.7285292720719448	0.7502663864742162	0.7285292720719448	0.7502663864742162	0.8571428571428571	endpoint
ENOG4111P35	0.0	0.18076600900680026	0.7318985188466746	1.4667945837153757	0.5294098048149111	0.5921138657490611	0.5294098048149111	0.5921138657490611	0.5714285714285714	endpoint
ENOG4111P36	0.0	0.26018877915680727	0.50891457522214	1.1632320893863293	0.4571591661540636	0.3473070614900824	0.5428408338459364	0.6526929385099176	0.7142857142857143	baseline
ENOG4111P3D	0.0	0.16901347634193822	0.27524374181013783	1.7624633894653752	0.5261626026353817	0.5835030668466845	0.5261626026353817	0.5835030668466845	0.5714285714285714	endpoint
ENOG4111P3M	0.0	0.13481555419739774	0.0020399172629159976	1.2792904159632783	0.4335292692686831	0.47028225045864286	0.5664707307313168	0.5297177495413572	0.5714285714285714	baseline
ENOG4111P3Q	0.0	0.7912718865817208	1.1114699790839597	1.3889205382662628	0.7703391342763455	0.8524334539749294	0.7703391342763455	0.8524334539749294	0.8571428571428571	endpoint
ENOG4111P3R	0.0	0.16766864915899374	0.11603086387900513	1.2250534029872042	0.5643150961870014	0.547243285702539	0.5643150961870014	0.547243285702539	0.7142857142857143	endpoint
ENOG4111P40	0.0	0.16167619214556356	0.2931551855838656	1.1271979077883154	0.47534042606956056	0.44466083531839334	0.5246595739304394	0.5553391646816066	0.5714285714285714	baseline
ENOG4111P4D	0.0	0.3745763108136749	0.43972509098045254	1.147488666974499	0.6296169040090105	0.6272041226838062	0.6296169040090105	0.6272041226838062	0.7142857142857143	endpoint
ENOG4111P4Z	0.0	1.138711924467476	1.289367421314637	1.5165969623107132	0.851145828681431	0.9762618991136716	0.851145828681431	0.9762618991136716	1.0	endpoint
ENOG4111P5G	0.0	0.647588559357498	0.8752933107971712	1.3426961310376486	0.30134909265433707	0.30856863614142743	0.6986509073456629	0.6914313638585725	0.8571428571428571	baseline
ENOG4111P5M	0.0	1.3312264744059663	1.3985663851167878	1.9802900897342512	0.8906130095527488	0.9582732388266566	0.8906130095527488	0.9582732388266566	1.0	endpoint
ENOG4111P6H	0.14285714285714285	0.7917780786718704	1.2746849181580413	2.0503905750197187	0.7207770848658873	0.8933614074471309	0.7207770848658873	0.8933614074471309	0.7142857142857143	endpoint
ENOG4111P6R	0.0	0.6997417760650799	0.7216035237087338	1.0452838031188092	0.28500674932166514	0.29705169769536544	0.7149932506783349	0.7029483023046346	1.0	baseline
ENOG4111P6W	0.0	1.211597657600257	1.1597891740856336	1.7077351037962598	0.8707343237795746	0.9124287893478592	0.8707343237795746	0.9124287893478592	1.0	endpoint
ENOG4111P72	0.0	0.6376579470376882	1.044922845713035	1.4743324863490128	0.6856825247401169	0.7345470498661495	0.6856825247401169	0.7345470498661495	0.8571428571428571	endpoint
ENOG4111P7W	0.0	0.375941838417284	0.4459538341397012	1.7151330225466703	0.35991909035175623	0.3967318507293229	0.6400809096482438	0.6032681492706771	0.7142857142857143	baseline
ENOG4111P8K	0.0	0.1364269555725066	0.5908403265519597	1.4722004700340598	0.5398234969165616	0.6444031925310015	0.5398234969165616	0.6444031925310015	0.7142857142857143	endpoint
ENOG4111P8N	0.0	0.12200190519090846	0.15897425390484743	1.058309777271587	0.5098975469836747	0.5531297380509698	0.5098975469836747	0.5531297380509698	0.7142857142857143	endpoint
ENOG4111P8P	0.0	0.562578019283005	1.0724339293613374	1.7106473112482097	0.7056676403645609	0.8733017405869585	0.7056676403645609	0.8733017405869585	0.5714285714285714	endpoint
ENOG4111P9X	0.0	0.19609410341386294	0.04048079456745389	1.4755238143645495	0.44126920937263997	0.47638615225313435	0.55873079062736	0.5236138477468657	0.5714285714285714	baseline
ENOG4111PAN	0.0	0.9026829825713089	0.7107350525212381	1.936657283235829	0.749664592224054	0.7550367440599963	0.749664592224054	0.7550367440599963	0.8571428571428571	endpoint
ENOG4111PAT	0.0	0.35491584914891433	0.6247607646966057	1.5106970862506293	0.5881480347062247	0.5743293146143913	0.5881480347062247	0.5743293146143913	0.7142857142857143	endpoint
ENOG4111PBC	0.0	0.5248577692279638	0.5890249251285163	1.4428011974420962	0.3187217670318179	0.3452785470131346	0.6812782329681821	0.6547214529868655	0.7142857142857143	baseline
ENOG4111PBP	0.0	0.1397993653617296	0.1942148518347039	1.4628086894735048	0.4812052214197098	0.43838177823195684	0.5187947785802902	0.5616182217680432	0.5714285714285714	baseline
ENOG4111PBT	0.0	0.3891424207109154	0.785094717960764	1.4127617857595338	0.6492437898488898	0.7240369177502147	0.6492437898488898	0.7240369177502147	0.7142857142857143	endpoint
ENOG4111PBW	0.0	0.5443357215249945	0.7114881308973863	1.201920308137762	0.6728356562696322	0.7508403195170826	0.6728356562696322	0.7508403195170826	0.8571428571428571	endpoint
ENOG4111PC7	0.0	0.38704236116771823	0.41316235104370225	1.5064744884780628	0.600958293280996	0.621518554064514	0.600958293280996	0.621518554064514	0.7142857142857143	endpoint
ENOG4111PC8	0.0	0.06107788918698727	0.3967864975554004	1.4019932233483234	0.5006662742622215	0.4047554826246429	0.5006662742622215	0.5952445173753571	0.5714285714285714	baseline
ENOG4111PCU	0.0	0.6601205220711333	0.8362681270603394	1.3100300349997458	0.7121136695581655	0.7086973169749818	0.7121136695581655	0.7086973169749818	0.8571428571428571	endpoint
ENOG4111PCV	0.0	0.40978799549655626	0.7517059795273144	1.2496582425239793	0.6329365044975243	0.7677793814554316	0.6329365044975243	0.7677793814554316	0.7142857142857143	endpoint
ENOG4111PCY	0.0	0.41548897262452333	0.6865246124787949	1.1261753043759861	0.37531614011559966	0.3200949678888274	0.6246838598844003	0.6799050321111726	0.7142857142857143	baseline
ENOG4111PDN	0.0	0.30716404967574024	0.49411041803600914	1.3513150981233746	0.43643498873414444	0.35496617451702633	0.5635650112658556	0.6450338254829737	0.7142857142857143	baseline
ENOG4111PE9	0.0	0.17386437923885795	0.005728902430648889	1.5769038851973847	0.3998527333995781	0.46895727224633904	0.600147266600422	0.5310427277536609	0.5714285714285714	baseline
ENOG4111PER	0.0	0.2415856320784319	0.007763733938763313	1.357609414507643	0.5886024945163755	0.511379623520862	0.5886024945163755	0.511379623520862	0.7142857142857143	endpoint
ENOG4111PF0	0.0	0.04391855920140131	0.075910325574941	1.5034070183612878	0.5119077028750313	0.4969797666767043	0.5119077028750313	0.5030202333232957	0.5714285714285714	baseline
ENOG4111PFT	0.0	0.8551901809901998	1.0215383068923372	1.518123057857837	0.7369185267012076	0.83319557914092	0.7369185267012076	0.83319557914092	0.8571428571428571	endpoint
ENOG4111PFY	0.0	0.9087628951062394	1.2587118256751786	1.697843033272192	0.7852485386605526	0.9756242278793004	0.7852485386605526	0.9756242278793004	0.7142857142857143	endpoint
ENOG4111PG4	0.0	0.12091908574463196	0.31203393464519946	1.3721217245906756	0.5231730842093887	0.5537082824960993	0.5231730842093887	0.5537082824960993	0.7142857142857143	endpoint
ENOG4111PGF	0.0	0.2822378664309391	0.2528758083560612	1.5873471229561107	0.5683820661586247	0.593074480474822	0.5683820661586247	0.593074480474822	0.5714285714285714	endpoint
ENOG4111PGP	0.0	0.4463240893038843	0.46983495343876774	1.236539648181816	0.6295239706231183	0.6209471933169833	0.6295239706231183	0.6209471933169833	0.7142857142857143	endpoint
ENOG4111PGV	0.0	0.7497095910532263	0.7562026782053247	1.5253379024094433	0.7319694358016114	0.7531608752367425	0.7319694358016114	0.7531608752367425	0.8571428571428571	endpoint
ENOG4111PHP	0.0	0.4766318939647006	0.5478425518659372	1.523876851523973	0.6508343903005495	0.7263262208452509	0.6508343903005495	0.7263262208452509	0.7142857142857143	endpoint
ENOG4111PHS	0.0	0.5655549217197602	0.7888755096628952	1.3622561720757949	0.6400170408050455	0.6643287218857209	0.6400170408050455	0.6643287218857209	0.8571428571428571	endpoint
ENOG4111PIZ	0.0	0.6863168303007855	0.8295200751372929	1.6171566391833656	0.32754570461252197	0.23231788947728096	0.672454295387478	0.7676821105227191	0.7142857142857143	baseline
ENOG4111PJN	0.0	0.42550243894770146	0.7312383102933403	1.2868676576870643	0.6163570739502952	0.670010686979432	0.6163570739502952	0.670010686979432	0.7142857142857143	endpoint
ENOG4111PK8	0.0	0.2706765255286249	0.5275632437214471	1.3464868910134373	0.6067165758356052	0.7184965510867573	0.6067165758356052	0.7184965510867573	0.7142857142857143	endpoint
ENOG4111PKH	0.14285714285714285	0.7267894392500368	0.7007539144620366	2.1853384809255565	0.6640567804778499	0.7007894622025913	0.6640567804778499	0.7007894622025913	0.8571428571428571	endpoint
ENOG4111PKS	0.0	0.4679938123118776	0.5378355130581461	1.3070858443698594	0.6409082437843132	0.6839078454761656	0.6409082437843132	0.6839078454761656	0.7142857142857143	endpoint
ENOG4111PM0	0.0	0.34223774269219326	0.1705057523456473	1.4311489131772046	0.3928444711041716	0.4733338089208034	0.6071555288958284	0.5266661910791965	0.7142857142857143	baseline
ENOG4111PMH	0.0	0.1617873483716445	0.34226790668391366	1.3763849489266253	0.5393065494445562	0.5932099893578472	0.5393065494445562	0.5932099893578472	0.5714285714285714	endpoint
ENOG4111PN7	0.0	0.64985250018261	0.863313641494808	1.3532793429260954	0.28157600062767524	0.2663243182378761	0.7184239993723247	0.7336756817621239	0.8571428571428571	baseline
ENOG4111PQG	0.0	0.8236615396958646	0.9766226579074284	1.298454062724819	0.2582983517192659	0.2232826865640549	0.7417016482807341	0.7767173134359451	0.8571428571428571	baseline
ENOG4111PQH	0.0	0.4712881082489423	0.2175744229481311	1.4429485132415807	0.6705456206680763	0.5818218592343419	0.6705456206680763	0.5818218592343419	0.5714285714285714	endpoint
ENOG4111PR2	0.0	1.4022950568905266	1.466197453475688	1.7396415682680204	0.1008418023337729	0.1180624005671202	0.8991581976662271	0.8819375994328797	1.0	baseline
ENOG4111PS2	0.0	0.0462666749137653	0.38064314790561793	1.579159156914422	0.5074324856864542	0.666358063631731	0.5074324856864542	0.666358063631731	0.5714285714285714	baseline
ENOG4111PS8	0.0	0.25511627832462647	0.7133827737460416	1.066291229172	0.40730430509494825	0.2675307503091773	0.5926956949050517	0.7324692496908227	0.7142857142857143	baseline
ENOG4111PSY	0.0	0.4009514492382386	0.6160552851714665	1.7336433743784552	0.6004948319277144	0.609640191027544	0.6004948319277144	0.609640191027544	0.5714285714285714	endpoint
ENOG4111PT3	0.0	0.7177443970273379	1.0291761614575439	1.4866035012523737	0.6985841862967793	0.735244373626768	0.6985841862967793	0.735244373626768	0.8571428571428571	endpoint
ENOG4111PTC	0.0	0.08357397359799253	0.7509025829547487	1.4714777607385277	0.47136013661636467	0.6821467536750551	0.5286398633836353	0.6821467536750551	0.5714285714285714	endpoint
ENOG4111PTJ	0.0	0.48855935432772063	0.6108371360118968	1.1549196836980296	0.6695424613710764	0.7498027332968089	0.6695424613710764	0.7498027332968089	0.7142857142857143	endpoint
ENOG4111PTK	0.0	0.03391880909266841	0.11724106103919413	1.453232452546226	0.4737983601724483	0.5498397342752558	0.5262016398275517	0.5498397342752558	0.5714285714285714	baseline
ENOG4111PTS	0.0	0.05482896427514028	0.32868318507505834	1.385633357216965	0.5069433602298256	0.5251813098201794	0.5069433602298256	0.5251813098201794	0.5714285714285714	endpoint
ENOG4111PTW	0.0	0.11613255293270854	0.10611318523660367	0.9530397814874441	0.5687204617302392	0.5678944592694553	0.5687204617302392	0.5678944592694553	0.7142857142857143	endpoint
ENOG4111PTZ	0.0	0.4241399697356302	0.870850638669949	1.3469021849294722	0.3505655013611598	0.2763071090219786	0.6494344986388402	0.7236928909780214	0.8571428571428571	baseline
ENOG4111PU7	0.0	0.6386428061039585	1.0013359142352358	1.4488849204528924	0.6676417798042874	0.7514740380395476	0.6676417798042874	0.7514740380395476	0.7142857142857143	endpoint
ENOG4111PUJ	0.0	0.42695584682557947	0.19513470582446293	1.6338304387867402	0.40092982661933174	0.45984813575697003	0.5990701733806683	0.54015186424303	0.5714285714285714	baseline
ENOG4111PUW	0.0	0.5570131506195037	1.070479386584023	1.5138175330152588	0.6310950435508547	0.6483172909866423	0.6310950435508547	0.6483172909866423	0.5714285714285714	endpoint
ENOG4111PV2	0.0	0.22655101445861028	0.44227494831965475	1.5405178400618238	0.572157127064104	0.6884630796128788	0.572157127064104	0.6884630796128788	0.5714285714285714	endpoint
ENOG4111PW0	0.0	0.6167419815094888	0.7331719180166029	1.225682138744827	0.3298756402099241	0.3417937627151488	0.6701243597900759	0.6582062372848512	0.8571428571428571	baseline
ENOG4111PXB	0.14285714285714285	0.5064949412290627	0.17655112659107647	2.2412087943855865	0.6328066605612099	0.556299719356422	0.6328066605612099	0.556299719356422	0.7142857142857143	endpoint
ENOG4111PXI	0.0	0.257944429039994	1.0193966648182133	1.2424436480680483	0.6114288050025413	0.7600194226161403	0.6114288050025413	0.7600194226161403	0.5714285714285714	endpoint
ENOG4111PZ3	0.0	0.388719142140423	0.3210872284700505	1.3327604496157588	0.37194640297386544	0.4146736883573694	0.6280535970261345	0.5853263116426306	0.7142857142857143	baseline
ENOG4111PZ8	0.0	0.906787922046994	1.2658579033665944	1.7397852474371354	0.7467201884977476	0.7594200894492953	0.7467201884977476	0.7594200894492953	0.8571428571428571	endpoint
ENOG4111PZB	0.0	0.5245940436719565	1.07446084955405	1.4309792988199275	0.6493680566680391	0.847728841856154	0.6493680566680391	0.847728841856154	0.7142857142857143	endpoint
ENOG4111PZR	0.14285714285714285	0.37791632631043504	0.5397680985460152	2.323543325008101	0.5517471170453512	0.6733768620963924	0.5517471170453512	0.6733768620963924	0.7142857142857143	endpoint
ENOG4111Q0J	0.0	0.010794622684977868	0.06249504356357592	1.2752405932092914	0.4894986980479081	0.49254729985765505	0.5105013019520919	0.507452700142345	0.5714285714285714	endpoint
ENOG4111Q0K	0.0	0.6639986754574719	0.7065747999644363	1.4574991521999243	0.32550206014275423	0.2832878971674105	0.6744979398572457	0.7167121028325896	0.8571428571428571	baseline
ENOG4111Q0R	0.0	0.23833559142025718	0.04115873575109597	1.3330821761872635	0.39859548873769635	0.47745309942380254	0.6014045112623037	0.5225469005761975	0.5714285714285714	baseline
ENOG4111Q11	0.0	0.6914835569297092	1.1815743126345781	1.5018992266389712	0.6799581183879402	0.7027324201166035	0.6799581183879402	0.7027324201166035	0.7142857142857143	endpoint
ENOG4111Q1R	0.0	0.17199963778600408	0.23926503909910485	1.7663454733108688	0.49295821319797933	0.5691299881278744	0.5070417868020207	0.5691299881278744	0.5714285714285714	baseline
ENOG4111Q21	0.0	0.5450767188301371	0.818808113304292	1.288396396549757	0.31810990987605336	0.31948531283099063	0.6818900901239466	0.6805146871690093	0.7142857142857143	baseline
ENOG4111Q2M	0.0	0.19080117616976686	0.005572279412573654	1.0073404288881929	0.545547588115405	0.4696958887621977	0.545547588115405	0.5303041112378023	0.5714285714285714	endpoint
ENOG4111Q2P	0.0	0.6228855389616655	0.652801917733558	1.364686781177471	0.3308526005194873	0.32769924092353603	0.6691473994805127	0.672300759076464	0.8571428571428571	baseline
ENOG4111Q38	0.0	0.03861771315582559	0.10779745504793148	1.4746694514901986	0.48228250826258645	0.5383955080120927	0.5177174917374135	0.5383955080120927	0.5714285714285714	baseline
ENOG4111Q3E	0.0	0.23216817409390117	0.6322297870153268	1.4224363459025917	0.6379572869986874	0.7565927580719857	0.6379572869986874	0.7565927580719857	0.5714285714285714	endpoint
ENOG4111Q3F	0.0	0.5407654549151016	0.9879351806327926	1.5618045986429578	0.3293233993026092	0.19755526986104868	0.6706766006973908	0.8024447301389513	0.7142857142857143	baseline
ENOG4111Q41	0.0	0.5854237139041601	0.8107808549800026	1.1502457196426907	0.31839450219403925	0.27968347444785646	0.6816054978059607	0.7203165255521435	0.8571428571428571	baseline
ENOG4111Q4I	0.0	0.2698463139486698	0.531950007209363	1.0966435638561163	0.595762864879007	0.6375538539613825	0.595762864879007	0.6375538539613825	0.7142857142857143	endpoint
ENOG4111Q4N	0.0	0.7488593736427107	0.6746635063449717	1.4002741328993766	0.7248928271357562	0.7585092303812223	0.7248928271357562	0.7585092303812223	1.0	endpoint
ENOG4111Q4W	0.0	0.4833534077654565	0.7832123181825141	1.4642065493856415	0.6701333501178404	0.7397596977543824	0.6701333501178404	0.7397596977543824	0.7142857142857143	endpoint
ENOG4111Q58	0.0	1.1860627400091555	1.4521294424946896	1.5782980742587651	0.16453476515638665	0.0854770867962291	0.8354652348436133	0.9145229132037709	0.8571428571428571	baseline
ENOG4111Q5N	0.0	1.0494378518612137	1.2607823194766465	1.3895499379889031	0.20557284607956386	0.20145166041813328	0.7944271539204362	0.7985483395818667	0.8571428571428571	baseline
ENOG4111Q5V	0.0	0.22721022781024525	0.07489901538950046	1.234684089399148	0.6135990617563555	0.5007218972263775	0.6135990617563555	0.5007218972263775	0.5714285714285714	endpoint
ENOG4111Q8K	0.0	1.2696848798904026	1.2970138084450784	1.7870677749486328	0.861574710222041	0.9007660705376648	0.861574710222041	0.9007660705376648	1.0	endpoint
ENOG4111Q8R	0.0	1.2661281017700325	1.3309712633666029	1.6451228207541237	0.12286302458118896	0.05421078695701471	0.8771369754188111	0.9457892130429852	1.0	baseline
ENOG4111Q8X	0.0	0.2229489496016224	0.05847975159997115	1.7843394761797537	0.4741416550879963	0.48032833695806393	0.5258583449120037	0.519671663041936	0.5714285714285714	baseline
ENOG4111Q95	0.0	0.7570886607260098	0.7520889814445277	1.5493345629158837	0.26970947170876414	0.3003320413673965	0.7302905282912359	0.6996679586326036	1.0	baseline
ENOG4111Q97	0.0	0.09491516223130535	0.23106597022766148	1.2286993627873053	0.5585430474918659	0.5861224063582087	0.5585430474918659	0.5861224063582087	0.7142857142857143	endpoint
ENOG4111Q99	0.0	0.36678445297495826	0.4078892208614298	1.2164463993776107	0.6159581498121234	0.5383292781044885	0.6159581498121234	0.5383292781044885	0.5714285714285714	endpoint
ENOG4111Q9V	0.0	0.255702974970315	0.2091666159721659	1.2176953797444106	0.43622294404410517	0.4415286011954663	0.5637770559558948	0.5584713988045338	0.5714285714285714	baseline
ENOG4111QAP	0.0	0.8282805306016063	1.2732913618956345	1.6319006872487822	0.7385441189315566	0.8947002261868968	0.7385441189315566	0.8947002261868968	0.7142857142857143	endpoint
ENOG4111QB7	0.0	0.5971633593323455	1.001897445100035	1.3348294469213877	0.6730503500718481	0.7474181242266009	0.6730503500718481	0.7474181242266009	0.8571428571428571	endpoint
ENOG4111QBF	0.0	0.1189880024080562	0.18858422381727097	0.9103218292623932	0.562253910300348	0.5880218398063274	0.562253910300348	0.5880218398063274	0.7142857142857143	endpoint
ENOG4111QC0	0.0	0.15480493934817066	0.5515713885848628	1.3994712325076413	0.4712444101499864	0.355602131681296	0.5287555898500136	0.6443978683187039	0.5714285714285714	baseline
ENOG4111QCF	0.0	0.4078155152129499	0.3141583341160901	1.3432623719448857	0.6538897878611872	0.5787578977968667	0.6538897878611872	0.5787578977968667	0.7142857142857143	endpoint
ENOG4111QD0	0.0	0.07543387535902084	0.021388534867854296	1.0161692185995101	0.5067805352824866	0.5181948383316716	0.5067805352824866	0.5181948383316716	0.5714285714285714	endpoint
ENOG4111QDA	0.0	1.030562720847578	1.2150765253085762	1.5283492337801834	0.18878307623917154	0.19692634538735138	0.8112169237608284	0.8030736546126487	1.0	baseline
ENOG4111QDN	0.0	0.2580090032406278	0.1457352088057408	1.5271309323831623	0.5716515517384856	0.5749512248723374	0.5716515517384856	0.5749512248723374	0.5714285714285714	endpoint
ENOG4111QE4	0.0	0.31991822139558207	0.5378179926481734	1.239312668266034	0.5812202192255205	0.6555286082583076	0.5812202192255205	0.6555286082583076	0.7142857142857143	endpoint
ENOG4111QED	0.0	0.4195158214358691	0.7714321662688013	1.1915121611795934	0.3816310506846291	0.23464302140182072	0.6183689493153709	0.7653569785981793	0.8571428571428571	baseline
ENOG4111QEZ	0.0	1.1398933010787264	1.2619729446091539	1.6888242409215957	0.8354139406550468	0.9470022729816249	0.8354139406550468	0.9470022729816249	1.0	endpoint
ENOG4111QGN	0.0	0.7568830866367414	0.9579701420240613	1.385449169123796	0.7071212516605867	0.7894548030286291	0.7071212516605867	0.7894548030286291	0.8571428571428571	endpoint
ENOG4111QH7	0.0	0.3296301332789042	0.8434720349980758	1.3770492166666315	0.43027023650695717	0.31600781116974025	0.5697297634930428	0.6839921888302598	0.7142857142857143	baseline
ENOG4111QI3	0.0	0.3884152207908014	0.40315417982682517	1.4054379092477909	0.6455227951686434	0.629492898834834	0.6455227951686434	0.629492898834834	0.5714285714285714	endpoint
ENOG4111QIE	0.0	0.8784366526988301	1.3910928077171623	1.6632829165631549	0.7523643131635042	0.9106049420113814	0.7523643131635042	0.9106049420113814	0.8571428571428571	endpoint
ENOG4111QIR	0.14285714285714285	0.7625651661311326	1.2729985616321178	2.2724859644125055	0.7230034562448521	0.8478468370106977	0.7230034562448521	0.8478468370106977	0.7142857142857143	endpoint
ENOG4111QK2	0.0	0.4197980357137735	0.5153013849858927	1.276218051090522	0.35458045050893866	0.3546230077728547	0.6454195494910613	0.6453769922271453	0.8571428571428571	baseline
ENOG4111QKP	0.0	0.5521214705639743	1.057611744009503	1.5162204783411954	0.6920536202292661	0.816952629645471	0.6920536202292661	0.816952629645471	0.7142857142857143	endpoint
ENOG4111QKZ	0.0	0.45089090143973815	0.8745006365870451	1.469779982715038	0.36969575407963495	0.31335663525029206	0.630304245920365	0.6866433647497079	0.5714285714285714	baseline
ENOG4111QM8	0.0	0.73928925614638	1.0432821450493852	1.562231017197676	0.26982590364467124	0.13523871677979546	0.7301740963553287	0.8647612832202045	0.7142857142857143	baseline
ENOG4111QMH	0.0	0.04872648038976335	0.05284858926147981	0.7328912078832157	0.5380829180690258	0.4890638738738685	0.5380829180690258	0.5109361261261315	0.5714285714285714	endpoint
ENOG4111QMM	0.0	0.35002445931540427	0.8362647035657282	1.2506971779990637	0.3956185761446771	0.27882266006853984	0.6043814238553229	0.7211773399314602	0.5714285714285714	baseline
ENOG4111QN6	0.0	0.5621428685796641	0.7754001532972287	1.193060937801281	0.7039724569443903	0.7596336246729446	0.7039724569443903	0.7596336246729446	0.7142857142857143	endpoint
ENOG4111QNG	0.0	0.16526362927743518	0.08853348403637847	1.2729947930450942	0.4498252892364453	0.455924573528548	0.5501747107635546	0.544075426471452	0.5714285714285714	baseline
ENOG4111QNK	0.0	0.6508495943305533	0.7635434197875074	1.698636249136958	0.3255703390297005	0.32272504962143195	0.6744296609702995	0.677274950378568	0.7142857142857143	baseline
ENOG4111QPB	0.0	0.6687896295119649	1.2457200538127586	1.5147990520756993	0.712117236554678	0.9251705134302829	0.712117236554678	0.9251705134302829	0.8571428571428571	endpoint
ENOG4111QPQ	0.0	0.5479185026858141	1.1368693673602452	1.383051451845797	0.3470638112171128	0.2474174088847291	0.6529361887828872	0.7525825911152709	0.7142857142857143	baseline
ENOG4111QPY	0.0	0.2845541413248372	0.17207202111677175	1.2218945619015915	0.5634361120888971	0.5299870677446532	0.5634361120888971	0.5299870677446532	0.5714285714285714	endpoint
ENOG4111QQI	0.0	0.4724364360228939	0.40491363470487285	1.7145893828562349	0.3902758823848666	0.41853395501500845	0.6097241176151333	0.5814660449849915	0.5714285714285714	baseline
ENOG4111QRJ	0.0	0.9608507144391805	1.2396611743365393	1.638372482649165	0.7907699427765326	0.9076208315801378	0.7907699427765326	0.9076208315801378	0.8571428571428571	endpoint
ENOG4111QRM	0.0	0.49375711389304244	0.7829520156343527	1.5163018857437072	0.6980092348137896	0.6962330811840894	0.6980092348137896	0.6962330811840894	0.7142857142857143	endpoint
ENOG4111QS8	0.0	0.3229876763580421	0.4713644624000312	1.5153501189587901	0.3492005469519735	0.36221664416762894	0.6507994530480266	0.6377833558323711	0.7142857142857143	baseline
ENOG4111QSB	0.0	0.06368479026926148	0.18406107018203327	0.8971874051787375	0.5258355042302135	0.5011744653802968	0.5258355042302135	0.5011744653802968	0.5714285714285714	endpoint
ENOG4111QSP	0.0	0.6540289636882436	0.9171038537836737	1.382408863914709	0.6994582436268673	0.7572704492187804	0.6994582436268673	0.7572704492187804	0.7142857142857143	endpoint
ENOG4111QSQ	0.0	0.0023667373083348176	0.1337606427359607	1.0945241340567025	0.4850951392649239	0.4698307751180177	0.5149048607350761	0.5301692248819823	0.5714285714285714	baseline
ENOG4111QTY	0.0	0.37550015075233395	0.29180644488542784	1.281355033390293	0.40047582668228926	0.4221818616787931	0.5995241733177108	0.5778181383212069	0.7142857142857143	baseline
ENOG4111QVA	0.0	0.8740181526479495	1.2878026802434113	1.653897490175122	0.7579622274950458	0.9129592852063768	0.7579622274950458	0.9129592852063768	0.7142857142857143	endpoint
ENOG4111QVE	0.0	0.06684167969715692	0.1360509742671755	0.9147866014443831	0.5129556289756475	0.50540277906713	0.5129556289756475	0.50540277906713	0.5714285714285714	endpoint
ENOG4111QVH	0.0	0.38008215372301246	0.2276116089625556	1.778253813246625	0.5899378965563786	0.5490509152245276	0.5899378965563786	0.5490509152245276	0.7142857142857143	endpoint
ENOG4111QVU	0.0	0.7939936887105292	0.9878083087889736	1.517950565462803	0.7343193586927816	0.7441243671919215	0.7343193586927816	0.7441243671919215	0.8571428571428571	endpoint
ENOG4111QVW	0.0	0.16378695679724717	0.03641418529557617	1.273329495142978	0.5672924289834188	0.5217075335533146	0.5672924289834188	0.5217075335533146	0.5714285714285714	endpoint
ENOG4111QVX	0.0	0.05067314990596609	0.20912367186171493	1.1909417493495111	0.46074152773752897	0.4415447457049836	0.539258472262471	0.5584552542950164	0.5714285714285714	baseline
ENOG4111QW4	0.14285714285714285	0.27118166113905084	0.13010266518956345	2.0426886161560605	0.46065967065283936	0.54349679957272	0.5393403293471606	0.54349679957272	0.5714285714285714	baseline
ENOG4111QWX	0.0	0.09434175049853528	0.41045810965152857	1.2285113578426243	0.5115132470014055	0.3944981884307621	0.5115132470014055	0.6055018115692379	0.5714285714285714	baseline
ENOG4111QWZ	0.0	0.2158447834408816	0.15336903264921614	1.4074616493472971	0.40021827734696475	0.5490492273737134	0.5997817226530353	0.5490492273737134	0.5714285714285714	baseline
ENOG4111QXE	0.0	0.39697274153066003	0.8008981234147106	1.3486201572596528	0.3636902169560195	0.2615565179162046	0.6363097830439806	0.7384434820837954	0.7142857142857143	baseline
ENOG4111QY1	0.0	0.04358342611400835	0.03260228558350831	1.430420244858864	0.48075798296748046	0.4760327539373406	0.5192420170325196	0.5239672460626594	0.5714285714285714	baseline
ENOG4111QZ3	0.0	0.5288058996184437	0.5992677140652029	1.1132320721776396	0.6434471040166548	0.6785543824129402	0.6434471040166548	0.6785543824129402	0.8571428571428571	endpoint
ENOG4111QZM	0.0	0.06572996072190611	0.3431027326678904	1.304298409079276	0.5707483529774413	0.6022075231481471	0.5707483529774413	0.6022075231481471	0.5714285714285714	endpoint
ENOG4111R0C	0.0	0.663538361777925	0.7167568781972666	1.4985278165253162	0.7031180682645756	0.704291077732691	0.7031180682645756	0.704291077732691	0.8571428571428571	endpoint
ENOG4111R0M	0.0	0.02793417901087777	0.22474049393558682	1.7734632113532574	0.5328503131375296	0.5841061062029076	0.5328503131375296	0.5841061062029076	0.5714285714285714	endpoint
ENOG4111R0N	0.0	0.029341611592369494	0.07504375940863411	1.808861011157162	0.5560129825609585	0.536388980228863	0.5560129825609585	0.536388980228863	0.5714285714285714	endpoint
ENOG4111R0Z	0.0	0.14368218648385028	0.6896372553088989	1.7366481671008362	0.5215016262471869	0.7076402529451123	0.5215016262471869	0.7076402529451123	0.5714285714285714	endpoint
ENOG4111R12	0.0	0.04719533094120914	0.2894103082799014	1.665448138908122	0.5606592696629228	0.6047201676087035	0.5606592696629228	0.6047201676087035	0.5714285714285714	endpoint
ENOG4111R14	0.0	0.47423986897012754	0.8215012059976555	1.2689023071777326	0.6388155274309416	0.7220039263735045	0.6388155274309416	0.7220039263735045	0.8571428571428571	endpoint
ENOG4111R32	0.0	0.3995230152333092	1.0444299346399348	1.9540269095517249	0.585971315873718	0.757361365851319	0.585971315873718	0.757361365851319	0.5714285714285714	endpoint
ENOG4111R3C	0.0	0.013933332644511512	0.3869539931713994	1.3593945953871824	0.46612070765196395	0.3959142756896528	0.533879292348036	0.6040857243103472	0.5714285714285714	baseline
ENOG4111R45	0.0	0.21887774939214624	0.3190793124044568	1.1764377984628953	0.5584382376102673	0.6401186133903572	0.5584382376102673	0.6401186133903572	0.7142857142857143	endpoint
ENOG4111R48	0.0	1.1174430724985254	1.1940393025473999	1.407062453578953	0.8490123460965738	0.9391294876061574	0.8490123460965738	0.9391294876061574	1.0	endpoint
ENOG4111R49	0.0	1.3509905409128977	1.261863405030165	1.6608140930778965	0.891749021699608	0.8768468133741324	0.891749021699608	0.8768468133741324	1.0	endpoint
ENOG4111R4E	0.0	0.5857674934387532	1.119818138506938	1.2649511147372345	0.7192334666127707	0.8694198296954682	0.7192334666127707	0.8694198296954682	0.7142857142857143	endpoint
ENOG4111R4Y	0.0	0.25185945439056495	0.3616914823123794	1.2125824641369094	0.44132193253960156	0.3971758530196371	0.5586780674603984	0.6028241469803629	0.7142857142857143	baseline
ENOG4111R54	0.0	0.674286531337771	0.36854176560998025	1.8298518613558834	0.35231159489265124	0.34442251504589677	0.6476884051073488	0.6555774849541032	0.7142857142857143	baseline
ENOG4111R59	0.0	1.1575001341934394	0.9871713847232556	1.8716474420159501	0.8271854663349252	0.789827553135994	0.8271854663349252	0.789827553135994	1.0	endpoint
ENOG4111R5D	0.0	0.7627437923012429	1.2448039687562964	1.3879174051084022	0.3087284390053693	0.21053204909228881	0.6912715609946307	0.7894679509077112	0.8571428571428571	baseline
ENOG4111R5R	0.0	0.35148191082026514	0.7207855353512856	1.6954258473482104	0.6365710522536489	0.7183318349863276	0.6365710522536489	0.7183318349863276	0.7142857142857143	endpoint
ENOG4111R75	0.0	0.22088817650721837	0.16465316069253322	1.8547099693222056	0.5887729993585735	0.5530201983907758	0.5887729993585735	0.5530201983907758	0.5714285714285714	endpoint
ENOG4111R7X	0.0	0.4624309660807987	0.13537314971466227	1.4564550922357362	0.37219782746101326	0.4692706898264507	0.6278021725389867	0.5307293101735493	0.7142857142857143	baseline
ENOG4111R8F	0.0	0.041363724809937316	0.07562909600014564	1.2898554064842769	0.47271712383447656	0.4883607073000688	0.5272828761655235	0.5116392926999311	0.5714285714285714	baseline
ENOG4111R8J	0.0	0.9042133051568556	0.9654165381578999	1.3554271792117976	0.7574477258665268	0.7382503741377563	0.7574477258665268	0.7382503741377563	1.0	endpoint
ENOG4111R8U	0.0	0.34584813071102644	0.4749898311000607	1.3829410494968657	0.5677047228002217	0.6565773667371527	0.5677047228002217	0.6565773667371527	0.7142857142857143	endpoint
ENOG4111R9E	0.0	0.9874746829331487	1.1928272731257497	1.4955843108267732	0.8017289758415075	0.8364231419537812	0.8017289758415075	0.8364231419537812	1.0	endpoint
ENOG4111R9W	0.0	0.49280990694177335	0.41451133938358437	1.5964255432762657	0.63304855320253	0.551906144952492	0.63304855320253	0.551906144952492	0.7142857142857143	endpoint
ENOG4111R9X	0.0	0.4986007533698088	0.6360580916781061	1.430320454605323	0.6783008011900623	0.68924931698079	0.6783008011900623	0.68924931698079	0.7142857142857143	endpoint
ENOG4111RAU	0.0	0.036850726934261245	0.10533897477797607	1.492135081639219	0.48169757715972494	0.43476632304517643	0.5183024228402751	0.5652336769548236	0.5714285714285714	endpoint
ENOG4111RAV	0.0	0.3546685250439693	0.558405804056038	1.0610050266735633	0.38948501522509327	0.32796987446507875	0.6105149847749067	0.6720301255349213	0.7142857142857143	baseline
ENOG4111RAW	0.0	0.25369586744116873	0.3465458291494864	1.502627837154981	0.39464587292098463	0.3519725742761562	0.6053541270790154	0.6480274257238439	0.7142857142857143	baseline
ENOG4111RAY	0.0	0.6585916410085948	0.6819060174343934	1.4586636950348348	0.7218634577974701	0.7298315620367813	0.7218634577974701	0.7298315620367813	0.8571428571428571	endpoint
ENOG4111RBN	0.0	0.13896941527696843	0.511338998157871	1.4306299634710995	0.5876001929073741	0.3857401054522288	0.5876001929073741	0.6142598945477712	0.5714285714285714	endpoint
ENOG4111RBZ	0.0	0.5429546140647502	0.6588567949987725	1.420961330142189	0.3559755309759289	0.30245184514209794	0.6440244690240711	0.6975481548579021	0.8571428571428571	baseline
ENOG4111RC3	0.0	0.7115511026715112	0.9738959553129489	1.2675812573305762	0.3082608850455931	0.2602061213291675	0.6917391149544069	0.7397938786708325	0.8571428571428571	baseline
ENOG4111RCW	0.0	0.5844224781953525	0.8243237214259538	1.19262750524792	0.31107323333246867	0.30166580495689654	0.6889267666675314	0.6983341950431035	0.7142857142857143	baseline
ENOG4111RE7	0.0	0.35066557028746764	0.029118836988470412	1.3830757917258125	0.36951959668885637	0.5200020276744268	0.6304804033111436	0.5200020276744268	0.5714285714285714	baseline
ENOG4111RED	0.0	0.404159073468985	0.03765533727958651	1.4658859541358986	0.570864428677898	0.5433411959709812	0.570864428677898	0.5433411959709812	0.5714285714285714	endpoint
ENOG4111REP	0.0	0.3108204019699209	0.45812527789476865	1.3039935091286008	0.5596828493641643	0.6281742504345778	0.5596828493641643	0.6281742504345778	0.7142857142857143	endpoint
ENOG4111RES	0.0	0.9924561156978561	1.110656243851862	1.5288630535881156	0.8134523433983132	0.92818638998164	0.8134523433983132	0.92818638998164	0.8571428571428571	endpoint
ENOG4111RF9	0.0	0.5571024152043228	0.5508223614505143	1.3481270556471046	0.33353401592753545	0.35580859135783904	0.6664659840724645	0.644191408642161	0.7142857142857143	baseline
ENOG4111RG5	0.0	0.042984597107914725	0.20082317533773245	1.2719538435327098	0.5065153157318268	0.5890179087949192	0.5065153157318268	0.5890179087949192	0.5714285714285714	baseline
ENOG4111RG9	0.0	0.6384524999476255	1.0572511716346533	1.5554338453980656	0.7262174171954713	0.9176286719665844	0.7262174171954713	0.9176286719665844	0.7142857142857143	endpoint
ENOG4111RGQ	0.0	0.5690094265325613	0.6288449215574352	1.0605035642698046	0.6710316185738917	0.6444320462150198	0.6710316185738917	0.6444320462150198	0.8571428571428571	endpoint
ENOG4111RJG	0.0	0.47887653440094075	0.677704352909576	1.3858603612346103	0.3761782439557496	0.35476096515639216	0.6238217560442504	0.6452390348436079	0.8571428571428571	baseline
ENOG4111RK4	0.0	0.07377866896893662	0.07431965852408604	1.247956564968016	0.5311448891252782	0.45828402663308626	0.5311448891252782	0.5417159733669137	0.5714285714285714	endpoint
ENOG4111RK5	0.0	0.06015727550235223	0.4928527165600215	1.4234058324306418	0.5351535122515096	0.37178717689175067	0.5351535122515096	0.6282128231082493	0.5714285714285714	baseline
ENOG4111RMG	0.0	0.5722744235971622	0.8817498814824389	1.267054006224588	0.70614975021578	0.7198012065897713	0.70614975021578	0.7198012065897713	0.8571428571428571	endpoint
ENOG4111RN5	0.0	0.0979709914839887	0.15550087121003692	1.1767241227581475	0.5383228217773507	0.4647738654617835	0.5383228217773507	0.5352261345382165	0.5714285714285714	endpoint
ENOG4111RNE	0.0	0.16684096521794103	0.10509648769481701	1.1937289732140637	0.43036903428641843	0.4886251809978649	0.5696309657135816	0.5113748190021351	0.5714285714285714	baseline
ENOG4111RNG	0.0	1.1181197710479103	1.1617304681746616	1.7436475293986258	0.8254198411830214	0.8898731353338739	0.8254198411830214	0.8898731353338739	0.8571428571428571	endpoint
ENOG4111RP5	0.0	0.29461672525361904	0.8387302927398449	1.344120442579873	0.4289860678892582	0.32812196044045616	0.5710139321107418	0.6718780395595438	0.7142857142857143	baseline
ENOG4111RP8	0.0	1.292155150412005	1.3879910310523023	1.8930413380286926	0.8644750654211472	0.9175735501102745	0.8644750654211472	0.9175735501102745	1.0	endpoint
ENOG4111RPE	0.0	0.00013668828769429684	0.0322808381615772	1.0090709102714062	0.4933730899431363	0.5165334736250993	0.5066269100568637	0.5165334736250993	0.5714285714285714	baseline
ENOG4111RPR	0.0	0.2626801072534642	0.30793840726388094	0.7207703218091488	0.5830893238802844	0.5822021375363325	0.5830893238802844	0.5822021375363325	0.8571428571428571	endpoint
ENOG4111RQG	0.0	0.48414112857396335	0.764323925283078	1.2568045146683444	0.6460832895330407	0.5974963875632007	0.6460832895330407	0.5974963875632007	0.7142857142857143	endpoint
ENOG4111RR2	0.0	0.7342905762367673	0.7089306710931239	1.3051227557844622	0.7336768269840732	0.7813916158730233	0.7336768269840732	0.7813916158730233	1.0	endpoint
ENOG4111RRS	0.0	0.330244790787286	0.6400865048302763	1.165244679670019	0.3750159960884783	0.3176777650110755	0.6249840039115218	0.6823222349889245	0.8571428571428571	baseline
ENOG4111RTE	0.0	1.0256542073975459	1.2690317712749877	1.6991654816152657	0.7809876708756411	0.7526773281503654	0.7809876708756411	0.7526773281503654	1.0	endpoint
ENOG4111RTK	0.0	0.029246053591851156	0.09133093440358565	0.9784077301785766	0.49020026983768944	0.5544983544636986	0.5097997301623105	0.5544983544636986	0.5714285714285714	endpoint
ENOG4111RTN	0.0	0.8486720510217299	1.2755347100975405	1.6097572276909389	0.749780980126426	0.8600401275883407	0.749780980126426	0.8600401275883407	0.7142857142857143	endpoint
ENOG4111RU6	0.0	0.2657827559976434	0.45774955017930946	1.6475261129992629	0.38379995207359363	0.31380212938928465	0.6162000479264064	0.6861978706107154	0.5714285714285714	baseline
ENOG4111RUK	0.0	0.3224543345558436	0.48791900699754764	1.483115197477813	0.593210247868458	0.6384008856960635	0.593210247868458	0.6384008856960635	0.8571428571428571	endpoint
ENOG4111RUQ	0.14285714285714285	1.14695747600549	1.4175359883629401	2.1399471102433867	0.8115831325950128	0.8608128721132654	0.8115831325950128	0.8608128721132654	0.8571428571428571	endpoint
ENOG4111RVG	0.0	0.3224492340084032	0.02231144059093641	1.8088938137143156	0.5867888033717413	0.5378379155339806	0.5867888033717413	0.5378379155339806	0.5714285714285714	endpoint
ENOG4111RVU	0.0	1.1044096120974767	1.2585368554630172	1.4219078847809838	0.8384936835128393	0.8456081274883186	0.8384936835128393	0.8456081274883186	1.0	endpoint
ENOG4111RWT	0.0	1.258398951728664	1.2610839705146741	1.8768133081091776	0.8815757248840654	0.951955876925925	0.8815757248840654	0.951955876925925	1.0	endpoint
ENOG4111RX2	0.0	0.018801572900461777	0.06213476804780362	1.2033160605306674	0.5324814072954538	0.49266214078739073	0.5324814072954538	0.5073378592126092	0.5714285714285714	endpoint
ENOG4111RX8	0.0	0.3567970430912747	0.5097807211302577	1.3689510721063272	0.41603970683634045	0.3222424913421815	0.5839602931636596	0.6777575086578185	0.7142857142857143	baseline
ENOG4111RXE	0.0	0.559051946309409	0.5239958474960139	1.420427721710476	0.6681243228889698	0.6356943312104927	0.6681243228889698	0.6356943312104927	0.8571428571428571	endpoint
ENOG4111RXV	0.0	0.18387119553201328	0.2536845553078968	1.2894248509021569	0.5828090881631017	0.6208227766619626	0.5828090881631017	0.6208227766619626	0.5714285714285714	endpoint
ENOG4111RXW	0.0	0.43613486308253435	0.30278722701188704	1.3456106005083865	0.3480859750512438	0.4159520927249515	0.6519140249487563	0.5840479072750485	0.7142857142857143	baseline
ENOG4111RZ5	0.0	0.22279930515613752	0.7443995374275686	1.5614433707296103	0.44645434255021954	0.3024515375134451	0.5535456574497805	0.6975484624865549	0.7142857142857143	baseline
ENOG4111RZM	0.0	0.3540060162391443	0.7659933413570592	0.8805397607887537	0.3873332516817672	0.30734212152865437	0.6126667483182329	0.6926578784713456	0.7142857142857143	baseline
ENOG4111S03	0.0	0.6018672398925015	0.9249542529139457	1.7791617681373664	0.6400322119792339	0.7498429079845766	0.6400322119792339	0.7498429079845766	0.8571428571428571	endpoint
ENOG4111S06	0.0	0.8052915468975689	1.0259864450569947	1.8881962236240077	0.710744339381146	0.753049648495717	0.710744339381146	0.753049648495717	0.8571428571428571	endpoint
ENOG4111S0C	0.0	0.37357339335791695	0.5379375174500051	1.197091522652301	0.403147162347124	0.3813248297148369	0.596852837652876	0.6186751702851632	0.5714285714285714	baseline
ENOG4111S0N	0.0	0.19038847339299128	0.08778666145203536	1.146920265521606	0.47962792275002863	0.4926718706385548	0.5203720772499714	0.5073281293614452	0.5714285714285714	baseline
ENOG4111S0X	0.0	0.5836179362013658	0.9107551169289734	1.7303976851746845	0.3646477610994338	0.30487895919176944	0.6353522389005661	0.6951210408082306	0.7142857142857143	baseline
ENOG4111S28	0.0	0.07924707852806327	0.03357254375930486	1.2495749515178054	0.5715053300909603	0.5177944256658679	0.5715053300909603	0.5177944256658679	0.5714285714285714	endpoint
ENOG4111S2E	0.0	0.8213973270575374	1.092564264282592	1.3655742124523897	0.22477894096299236	0.16420384652611006	0.7752210590370077	0.8357961534738899	0.8571428571428571	baseline
ENOG4111S42	0.0	0.1251782276534334	0.27454505445493715	1.2503984851781593	0.5599992829119916	0.5773777469823783	0.5599992829119916	0.5773777469823783	0.5714285714285714	endpoint
ENOG4111S4G	0.0	1.0226705540893284	1.2403020864521024	1.580321067103987	0.7847157321091013	0.8966548056384802	0.7847157321091013	0.8966548056384802	0.8571428571428571	endpoint
ENOG4111S4M	0.0	0.48652631094540466	0.6511893837730887	1.9952452934929816	0.5969178984897893	0.665429624817486	0.5969178984897893	0.665429624817486	0.7142857142857143	endpoint
ENOG4111S5U	0.0	0.4220865265754178	0.7027095087777324	1.2939084880565335	0.6395070626327437	0.6464709118501344	0.6395070626327437	0.6464709118501344	0.8571428571428571	endpoint
ENOG4111S5Y	0.0	0.07836612334675895	0.5842573751694757	1.4629768450135827	0.48831637722980703	0.3736358699760628	0.511683622770193	0.6263641300239372	0.5714285714285714	baseline
ENOG4111S67	0.0	0.05941834203713888	0.03202186240351724	1.339451528558675	0.48193478642942394	0.5057085604042244	0.5180652135705761	0.5057085604042244	0.5714285714285714	baseline
ENOG4111S7I	0.0	0.5628713889982268	0.9086752569302804	1.4927379060537977	0.33124223946977055	0.31978345863006125	0.6687577605302295	0.6802165413699388	0.7142857142857143	baseline
ENOG4111S7S	0.0	0.302249003257336	0.8454595938617389	1.927280589357571	0.632838327722373	0.743658228007996	0.632838327722373	0.743658228007996	0.7142857142857143	endpoint
ENOG4111S80	0.0	0.3303324202119647	0.5429478384481903	1.536475766725138	0.6133026807220116	0.6401249259710035	0.6133026807220116	0.6401249259710035	0.5714285714285714	endpoint
ENOG4111S85	0.0	0.08084708092511526	0.188560202457046	1.3850112716623943	0.48295955681400937	0.45566148685359775	0.5170404431859906	0.5443385131464022	0.5714285714285714	baseline
ENOG4111S8V	0.0	0.10284633012145679	0.01937807874717994	1.319567234757513	0.5195420505978089	0.5177248340784523	0.5195420505978089	0.5177248340784523	0.5714285714285714	endpoint
ENOG4111S9B	0.0	0.8415641479788439	1.0399248724806371	1.5306916162240254	0.7642700107171135	0.8409431661519204	0.7642700107171135	0.8409431661519204	1.0	endpoint
ENOG4111SA5	0.0	0.5818138357273631	1.2650597140097533	1.4354821940138918	0.6721597259981397	0.820130361411272	0.6721597259981397	0.820130361411272	0.5714285714285714	endpoint
ENOG4111SAV	0.0	0.3434555039268804	0.4519464975347098	1.508774523097025	0.4410414540936233	0.3684062880403968	0.5589585459063767	0.6315937119596031	0.5714285714285714	baseline
ENOG4111SD7	0.0	0.8062066646260871	1.1554418469075665	1.955403171334851	0.7085278434555449	0.7952120287477336	0.7085278434555449	0.7952120287477336	0.8571428571428571	endpoint
ENOG4111SDT	0.0	0.43137196449287296	0.4628153412166536	1.3112893350707482	0.39135873038675956	0.40499769921248713	0.6086412696132404	0.5950023007875129	0.7142857142857143	baseline
ENOG4111SE1	0.0	0.13140333606059143	0.48402254288514046	1.2190568578000271	0.41781215663117105	0.35623490018562864	0.582187843368829	0.6437650998143714	0.5714285714285714	baseline
ENOG4111SF2	0.0	0.006237536875957105	0.20659904378216706	1.113534215240618	0.48079140061096604	0.5783233624105457	0.519208599389034	0.5783233624105457	0.5714285714285714	baseline
ENOG4111SF8	0.0	0.5149816216480391	1.0219451345544646	1.361372613029832	0.3272277747984741	0.18975475681952933	0.6727722252015259	0.8102452431804706	0.7142857142857143	baseline
ENOG4111SFQ	0.0	0.1805705181699755	0.3466182277221072	1.519289951808311	0.5423670588637106	0.5673712565910418	0.5423670588637106	0.5673712565910418	0.5714285714285714	endpoint
ENOG4111SFV	0.0	0.6717124630346013	0.8688792366164994	1.3818900116751847	0.6936329903264958	0.714262910124307	0.6936329903264958	0.714262910124307	0.8571428571428571	endpoint
ENOG4111SGM	0.0	0.4017931852570596	0.6085341747999189	1.0428601158171167	0.6387263046710192	0.6814421748598463	0.6387263046710192	0.6814421748598463	0.7142857142857143	endpoint
ENOG4111SHJ	0.0	0.23036215594466225	0.387229757780955	1.317323341728865	0.39925482158851616	0.37458712639425146	0.6007451784114839	0.6254128736057485	0.5714285714285714	baseline
ENOG4111SHR	0.0	0.08784473158188989	0.3913159367783489	1.4182442348911986	0.5155769319239741	0.5355781618375551	0.5155769319239741	0.5355781618375551	0.5714285714285714	endpoint
ENOG4111SHZ	0.0	0.7815167773493303	0.7479886232757506	1.3149128353005788	0.27201818489623003	0.28090209768157537	0.72798181510377	0.7190979023184246	0.8571428571428571	baseline
ENOG4111SI6	0.0	0.7587436323325871	1.124113677222214	1.2742540910265057	0.7359961198112733	0.7442628648183128	0.7359961198112733	0.7442628648183128	0.8571428571428571	endpoint
ENOG4111SIF	0.0	0.057583306385459956	0.20452039302759129	1.1492415827225972	0.4994626261771829	0.45126226600877917	0.5005373738228172	0.5487377339912208	0.5714285714285714	endpoint
ENOG4111SIP	0.0	0.37142893374739117	0.238999519623019	1.516472285332183	0.3794279032720193	0.43031314948713256	0.6205720967279806	0.5696868505128674	0.7142857142857143	baseline
ENOG4111SIY	0.0	0.25736581163890676	0.12017811286216425	1.4777212332891982	0.5692248894775933	0.4905700829186507	0.5692248894775933	0.5094299170813493	0.5714285714285714	endpoint
ENOG4111SIZ	0.0	0.5208664962489038	0.6138086505037711	1.439555768351389	0.7046579817752087	0.7499857870887706	0.7046579817752087	0.7499857870887706	0.7142857142857143	endpoint
ENOG4111SJ2	0.0	0.19378459051241417	0.48903226072802053	1.6270214256622395	0.41165586816811606	0.3565848809821141	0.5883441318318839	0.6434151190178858	0.7142857142857143	baseline
ENOG4111SJH	0.0	0.09924412767164144	0.002466528401221284	1.041278139856365	0.4752524198214912	0.5307202895981623	0.5247475801785089	0.5307202895981623	0.5714285714285714	baseline
ENOG4111SJQ	0.0	0.374086669767435	0.6535766185364094	1.1449038290300493	0.5938201329857673	0.6877856485751264	0.5938201329857673	0.6877856485751264	0.8571428571428571	endpoint
ENOG4111SJR	0.0	0.9838406862279232	1.2678486592134361	1.5392040933104942	0.8251493213697981	0.9519494281578885	0.8251493213697981	0.9519494281578885	0.8571428571428571	endpoint
ENOG4111SJZ	0.0	1.0866556155043057	1.1166844553975666	1.3492759763407747	0.8211909604627684	0.8031800504142633	0.8211909604627684	0.8031800504142633	1.0	endpoint
ENOG4111SNC	0.0	0.768137609074787	0.8526837640075738	1.3973555474990258	0.7439325727339405	0.7131777892632511	0.7439325727339405	0.7131777892632511	1.0	endpoint
ENOG4111SNX	0.14285714285714285	1.3427618432472472	1.257151925240601	2.187078908220164	0.878664445846904	0.9072172900415597	0.878664445846904	0.9072172900415597	1.0	endpoint
ENOG4111SP3	0.0	0.4348009610984822	0.4606366371492875	1.319693784729245	0.3524400163785844	0.31699456051773034	0.6475599836214156	0.6830054394822697	0.7142857142857143	baseline
ENOG4111SPS	0.0	0.899701194672749	1.0113750140491642	1.5950861209237943	0.7520523667441272	0.8457022311785583	0.7520523667441272	0.8457022311785583	0.8571428571428571	endpoint
ENOG4111SQV	0.0	0.18194039429793227	0.09944912291289279	1.0398085140454376	0.45560319221437917	0.46590648494022	0.5443968077856208	0.53409351505978	0.7142857142857143	baseline
ENOG4111SQY	0.0	0.30093558907503576	0.12174736724865919	1.5086542546955681	0.5964613806211644	0.5512761582677641	0.5964613806211644	0.5512761582677641	0.7142857142857143	endpoint
ENOG4111SRH	0.0	1.1224158512472557	1.2753043187210102	1.539278936570525	0.8461415405675495	0.986406005633114	0.8461415405675495	0.986406005633114	0.8571428571428571	endpoint
ENOG4111SS3	0.0	0.14951464391974842	0.36289763218766025	1.4118718980081184	0.5515038926661398	0.40050651501515666	0.5515038926661398	0.5994934849848433	0.5714285714285714	endpoint
ENOG4111ST7	0.0	0.10495134265909854	0.06384245129864623	1.5773780011463794	0.5403415232672532	0.544164269709264	0.5403415232672532	0.544164269709264	0.5714285714285714	endpoint
ENOG4111STI	0.0	0.05401778728017167	0.06046327206347554	1.2649651148793557	0.529284706756849	0.5011723909873872	0.529284706756849	0.5011723909873872	0.5714285714285714	endpoint
ENOG4111STN	0.0	1.3610586707156898	1.2747632096499208	1.5710483302137983	0.9010564186851188	0.927907308777587	0.9010564186851188	0.927907308777587	1.0	endpoint
ENOG4111SU2	0.0	0.006831419069618753	0.07799553900477298	1.205763435380906	0.471895606110944	0.5373298854482165	0.528104393889056	0.5373298854482165	0.5714285714285714	endpoint
ENOG4111SU9	0.0	0.22811372808008773	0.28638984571553194	1.2591501603826254	0.571023480223697	0.5865753467434933	0.571023480223697	0.5865753467434933	0.7142857142857143	endpoint
ENOG4111SUH	0.0	0.756857846255529	1.1013141118962022	1.8399370425815045	0.7184381063406308	0.8586559029105394	0.7184381063406308	0.8586559029105394	0.7142857142857143	endpoint
ENOG4111SUK	0.0	0.04706848344390286	0.157671333218226	1.260842065188938	0.48430541379120434	0.49679384689350337	0.5156945862087956	0.5032061531064966	0.5714285714285714	endpoint
ENOG4111SVA	0.0	0.03190320534123078	0.15895039766620137	1.1891811249105064	0.5028662246600445	0.45826430409992747	0.5028662246600445	0.5417356959000725	0.5714285714285714	endpoint
ENOG4111SWE	0.0	0.5457698993556871	1.1524551576671744	1.4652458861202302	0.37008098646560267	0.2464419770285743	0.6299190135343973	0.7535580229714257	0.7142857142857143	baseline
ENOG4111SX6	0.0	0.30504018838451363	0.4644320204538591	1.3566546141909575	0.6024510602010797	0.5639109660703766	0.6024510602010797	0.5639109660703766	0.8571428571428571	endpoint
ENOG4111SXP	0.0	0.23184918837799112	0.06877053363598627	1.3954935628646965	0.3976121739278093	0.4886799652822997	0.6023878260721907	0.5113200347177003	0.5714285714285714	baseline
ENOG4111SZ8	0.0	0.06521207808617234	0.1676727159940298	1.2721516203750234	0.5023666446251315	0.49845404693040674	0.5023666446251315	0.5015459530695933	0.5714285714285714	baseline
ENOG4111SZB	0.0	0.7841829159128898	0.4585801820913482	1.6410927723255209	0.7326165854407213	0.694311155617122	0.7326165854407213	0.694311155617122	1.0	endpoint
ENOG4111SZV	0.0	0.22284426031460888	0.6623341839906083	1.720182799602504	0.5403376891446965	0.6423048852708723	0.5403376891446965	0.6423048852708723	0.5714285714285714	endpoint
ENOG4111T16	0.0	0.1947408696928472	0.20540112536902722	1.071061069246402	0.42622155158087977	0.4651759717165965	0.5737784484191202	0.5348240282834035	0.5714285714285714	baseline
ENOG4111T25	0.0	0.640176051229371	0.4632878309890847	1.7135116233819185	0.6679094438741741	0.6215020165067061	0.6679094438741741	0.6215020165067061	0.7142857142857143	endpoint
ENOG4111T3F	0.0	0.5758663928054467	0.933069634411027	1.37401871148476	0.28875784203364485	0.16938280406365097	0.7112421579663551	0.8306171959363491	0.7142857142857143	baseline
ENOG4111T3U	0.0	0.24402592505917894	0.005401681369460993	1.4152658380242886	0.5788036658958665	0.5119318239605947	0.5788036658958665	0.5119318239605947	0.5714285714285714	endpoint
ENOG4111T45	0.0	0.3784195704007753	0.5878886769510204	1.0606232484159273	0.40076347247058336	0.3250735452060745	0.5992365275294167	0.6749264547939255	0.7142857142857143	baseline
ENOG4111T4T	0.0	0.46157739988721186	0.5154233389689483	1.1001070295154776	0.6501836712378845	0.6497054775040575	0.6501836712378845	0.6497054775040575	0.7142857142857143	endpoint
ENOG4111T54	0.0	0.9892876488494402	1.1693981047453184	1.7476457776953247	0.7892473325112908	0.9217591031450671	0.7892473325112908	0.9217591031450671	0.8571428571428571	endpoint
ENOG4111T5H	0.0	0.574949734149419	0.8670720860162855	1.6076265974977677	0.6666729385363751	0.788854844331893	0.6666729385363751	0.788854844331893	0.7142857142857143	endpoint
ENOG4111T5V	0.0	0.21354857785674528	0.15750026507292647	1.2552535816656785	0.41318955158784415	0.46226356563139204	0.5868104484121559	0.537736434368608	0.7142857142857143	baseline
ENOG4111T81	0.0	0.32820184688515414	0.32890646628177356	1.6971742868740236	0.5907225009673063	0.5523366214006507	0.5907225009673063	0.5523366214006507	0.7142857142857143	endpoint
ENOG4111T85	0.0	0.004607203999421462	0.2073012725216178	0.9809531502151193	0.46683958473647674	0.46473175548413254	0.5331604152635232	0.5352682445158674	0.7142857142857143	baseline
ENOG4111T8F	0.0	0.028618148767485453	0.10538892809151382	1.6033182644520105	0.43976649306367144	0.5366847764383752	0.5602335069363286	0.5366847764383752	0.5714285714285714	baseline
ENOG4111TA0	0.0	0.05890123250396268	0.22462343363384452	1.5338229960656928	0.5001272812246478	0.5309634401673679	0.5001272812246478	0.5309634401673679	0.5714285714285714	endpoint
ENOG4111TA2	0.0	0.13803578555925905	0.15715449614356242	1.7495947288542386	0.5064580485648741	0.46237378246152205	0.5064580485648741	0.537626217538478	0.5714285714285714	baseline
ENOG4111TA5	0.0	0.8745437189269453	1.1121731633205243	1.3726863083705503	0.26924067611229646	0.24275899291433975	0.7307593238877035	0.7572410070856602	0.8571428571428571	baseline
ENOG4111TB4	0.0	1.1248596954569934	1.2694182466011257	1.5394375723770446	0.8409423504491687	0.8675052715689053	0.8409423504491687	0.8675052715689053	1.0	endpoint
ENOG4111TBD	0.0	0.6639538327753473	0.9639480425612791	1.3584125732241823	0.2855208950597802	0.28784294082847994	0.7144791049402198	0.7121570591715201	0.8571428571428571	baseline
ENOG4111TCK	0.0	0.7431860983593434	0.9025196042757462	1.4732696683318178	0.24442326323857294	0.2651180146188212	0.755576736761427	0.7348819853811788	0.7142857142857143	baseline
ENOG4111TEE	0.0	0.6134361879521079	0.9156457379167361	1.3701947614662284	0.6593522982987903	0.7272542077865949	0.6593522982987903	0.7272542077865949	0.8571428571428571	endpoint
ENOG4111TF2	0.0	0.11426563553615586	0.33248858888100186	1.0480168728696122	0.5669351636046228	0.640731194707023	0.5669351636046228	0.640731194707023	0.5714285714285714	endpoint
ENOG4111TF3	0.0	0.18226128688483592	0.48355379725724945	0.8400000779073284	0.465603414431432	0.3743503041583221	0.534396585568568	0.625649695841678	0.7142857142857143	baseline
ENOG4111TF8	0.0	0.28989371865107827	0.4491759718758681	1.3828615124357533	0.5821304416721114	0.556558627238308	0.5821304416721114	0.556558627238308	0.7142857142857143	endpoint
ENOG4111THK	0.14285714285714285	1.027522770096594	1.0311915280231452	2.0964267280388826	0.7719967280309245	0.7542664923289609	0.7719967280309245	0.7542664923289609	1.0	endpoint
ENOG4111THP	0.14285714285714285	0.2015071746185706	0.12205277227133209	2.0056206810065516	0.5489700373718527	0.5128180650920753	0.5489700373718527	0.5128180650920753	0.5714285714285714	endpoint
ENOG4111THY	0.0	0.4941059715013295	0.48696819620391363	1.330684844219613	0.3603411189099935	0.3993512469200623	0.6396588810900066	0.6006487530799377	0.7142857142857143	baseline
ENOG4111TI2	0.0	0.1321136116997669	0.1300849984908811	1.2748256899683268	0.5659069659426234	0.5155751099588559	0.5659069659426234	0.5155751099588559	0.5714285714285714	endpoint
ENOG4111TJX	0.0	0.41332677287086	0.33185964393722056	1.5541047888212696	0.3781617027841119	0.35701357666395256	0.6218382972158881	0.6429864233360474	0.8571428571428571	baseline
ENOG4111TM1	0.0	0.19236788822461534	0.03087257467370101	1.409043865325366	0.5571481442595856	0.5409084733376621	0.5571481442595856	0.5409084733376621	0.5714285714285714	endpoint
ENOG4111TMT	0.0	0.7240578958896962	0.8775100682721607	1.3349538071430582	0.2805235799085469	0.2857415848830975	0.7194764200914531	0.7142584151169025	0.8571428571428571	baseline
ENOG4111TNS	0.0	1.1330375710804668	1.2648537800620325	1.8546602915185286	0.8200884813650996	0.8562763203536893	0.8200884813650996	0.8562763203536893	1.0	endpoint
ENOG4111TP8	0.0	0.3337020010317301	0.7821058172908911	1.3453301792460315	0.5641396387618244	0.6838574341843353	0.5641396387618244	0.6838574341843353	0.7142857142857143	endpoint
ENOG4111TPB	0.0	0.16662063376509798	0.6112020241181612	1.3097531226828152	0.5893058707317527	0.6560813834310877	0.5893058707317527	0.6560813834310877	0.5714285714285714	endpoint
ENOG4111TPH	0.0	0.35191192324626525	0.014115366484234601	1.5323783479739415	0.5509999147909654	0.5148566250071709	0.5509999147909654	0.5148566250071709	0.5714285714285714	endpoint
ENOG4111TPP	0.0	0.2894785580835321	0.46687610815613617	1.3964085089279306	0.43638389784884213	0.3623846834332072	0.5636161021511579	0.6376153165667928	0.7142857142857143	baseline
ENOG4111TPU	0.0	0.379580195127028	0.10449641839822946	1.7648736399882659	0.38445155730886565	0.45327477351481926	0.6155484426911344	0.5467252264851807	0.5714285714285714	baseline
ENOG4111TPW	0.0	0.25693515968405795	0.5227477938965809	1.1317117204577027	0.6144826156848707	0.6546065531123555	0.6144826156848707	0.6546065531123555	0.7142857142857143	endpoint
ENOG4111TQ2	0.14285714285714285	1.1065586526342563	0.9916777044171099	2.0206615713544283	0.8090891412259189	0.8326313525239821	0.8090891412259189	0.8326313525239821	0.8571428571428571	endpoint
ENOG4111TQC	0.0	0.49333012816621347	0.9450102562474822	1.6219829950644795	0.37553951624652054	0.247155778228758	0.6244604837534795	0.752844221771242	0.7142857142857143	baseline
ENOG4111TQP	0.0	0.45630441900364366	0.4283129419511077	1.7017110949778602	0.6474722105325788	0.6256946191958528	0.6474722105325788	0.6256946191958528	0.7142857142857143	endpoint
ENOG4111TR3	0.0	0.0034737625172906383	0.2404133373894973	1.3920928329978037	0.4576838460240266	0.5891019603063722	0.5423161539759733	0.5891019603063722	0.5714285714285714	endpoint
ENOG4111TR8	0.0	0.5637506577284013	0.59279760059763	1.621317026289166	0.6554257054800966	0.7014274851877841	0.6554257054800966	0.7014274851877841	0.8571428571428571	endpoint
ENOG4111TRN	0.0	0.28390981367375906	0.036659670749540386	1.304305269459341	0.36896600236831484	0.4835070614208723	0.6310339976316852	0.5164929385791277	0.5714285714285714	baseline
ENOG4111TT5	0.0	0.3989863495340389	0.2924040207783552	1.4700942850702823	0.6166475067301019	0.5815528145423166	0.6166475067301019	0.5815528145423166	0.5714285714285714	endpoint
ENOG4111TT6	0.0	0.46759330365490037	0.5680694241611893	1.2924483349660274	0.6776040002476942	0.6659123489157526	0.6776040002476942	0.6659123489157526	0.8571428571428571	endpoint
ENOG4111TU1	0.0	1.1205183036172228	1.2405922963884144	1.2756349283887631	0.8410799304017654	0.8743845382908103	0.8410799304017654	0.8743845382908103	1.0	endpoint
ENOG4111TU2	0.0	0.03660909207497931	0.11427276781362748	1.5630146507070357	0.4840330366039776	0.47720321684454026	0.5159669633960224	0.5227967831554597	0.5714285714285714	baseline
ENOG4111TUC	0.0	0.2508236019377999	0.1985120117310898	1.4237834356059165	0.42056422503488033	0.5364437024174488	0.5794357749651197	0.5364437024174488	0.5714285714285714	baseline
ENOG4111TV5	0.0	0.36092927293579785	0.5001925057168061	1.1963589805901036	0.41325135662970774	0.36976405860175415	0.5867486433702922	0.6302359413982459	0.7142857142857143	baseline
ENOG4111TV7	0.0	0.04786860116869719	0.6411427258566229	1.412946547891367	0.45553294513534126	0.3633083390795504	0.5444670548646587	0.6366916609204496	0.5714285714285714	baseline
ENOG4111TVE	0.0	0.10574939228349844	0.16594084212560337	1.2089949917703187	0.5542063046848374	0.47440099322635554	0.5542063046848374	0.5255990067736445	0.5714285714285714	endpoint
ENOG4111TVG	0.0	1.229511796359126	1.2134495221879995	1.6431602234562064	0.8727596186297836	0.9605516160747963	0.8727596186297836	0.9605516160747963	1.0	endpoint
ENOG4111TVJ	0.0	0.054263512964688516	0.15307638329500073	1.4218196302448909	0.48397933328861215	0.5777110832129918	0.5160206667113878	0.5777110832129918	0.7142857142857143	endpoint
ENOG4111TVT	0.0	0.33381776716812955	0.20721639948704546	1.831027792077902	0.5858913952291178	0.56475220663342	0.5858913952291178	0.56475220663342	0.5714285714285714	endpoint
ENOG4111TW4	0.0	0.301912630066706	0.4683552994730826	1.8442275318308632	0.5789376514483708	0.6316856839660314	0.5789376514483708	0.6316856839660314	0.7142857142857143	endpoint
ENOG4111TWF	0.0	0.5886176632728967	0.8135674359462798	1.6952007902278508	0.6725326450120093	0.8260176373282864	0.6725326450120093	0.8260176373282864	0.5714285714285714	endpoint
ENOG4111TYD	0.0	0.46724705710524334	1.0568989838713925	1.524194825083157	0.6137230741959255	0.6911650907993987	0.6137230741959255	0.6911650907993987	0.7142857142857143	endpoint
ENOG4111TZE	0.0	0.7766982211902167	1.2754839222202796	1.6559290683500612	0.7324430069976267	0.7455002110948997	0.7324430069976267	0.7455002110948997	0.7142857142857143	endpoint
ENOG4111TZK	0.0	0.3631080533109999	0.8647336248066985	1.3271883239761295	0.35693805179104493	0.24052811178243358	0.643061948208955	0.7594718882175664	0.7142857142857143	baseline
ENOG4111TZS	0.0	0.44899189873502937	0.223346828686227	1.3741503032628783	0.3592669094870483	0.45727248714489843	0.6407330905129517	0.5427275128551016	0.7142857142857143	baseline
ENOG4111TZY	0.0	1.1445042511772432	1.3343471488873004	1.9102568044615897	0.8373517667682081	0.9600692465956663	0.8373517667682081	0.9600692465956663	0.8571428571428571	endpoint
ENOG4111U0C	0.0	0.7129720977879053	0.7856068991793382	1.5111777927146681	0.745511198151202	0.8155060876139576	0.745511198151202	0.8155060876139576	0.7142857142857143	endpoint
ENOG4111U0Q	0.0	0.3557144644122854	0.7659234355777922	1.3150589886457333	0.394690412290934	0.2965187523762197	0.605309587709066	0.7034812476237803	0.7142857142857143	baseline
ENOG4111U0V	0.0	0.4437187286011616	0.8411529720649814	1.8454394060028247	0.6318672294626982	0.7805929030847557	0.6318672294626982	0.7805929030847557	0.5714285714285714	endpoint
ENOG4111U0Y	0.0	0.6600853613608348	1.1197593318419377	1.2915490787246602	0.3264356622356511	0.21125639970855084	0.6735643377643489	0.7887436002914492	0.7142857142857143	baseline
ENOG4111U16	0.0	0.12263111711050564	0.24805281898038817	1.3776205880475227	0.499139711692011	0.43926311381629235	0.500860288307989	0.5607368861837077	0.5714285714285714	baseline
ENOG4111U17	0.14285714285714285	0.9918666094870983	1.2736294907748935	2.3021404061666835	0.7789981302329615	0.8527693868618785	0.7789981302329615	0.8527693868618785	0.8571428571428571	endpoint
ENOG4111U1N	0.0	0.7084995299898029	1.0973946696628392	1.5394166902106465	0.7481924271509116	0.7746028483057095	0.7481924271509116	0.7746028483057095	0.8571428571428571	endpoint
ENOG4111U22	0.0	0.06469467603672407	0.17651047206415463	1.105984364929429	0.5179649829768653	0.5931433265733227	0.5179649829768653	0.5931433265733227	0.5714285714285714	endpoint
ENOG4111U2D	0.0	0.34327252144030485	0.1216020906683648	1.4497854235091576	0.37171124964409596	0.4504352823793694	0.628288750355904	0.5495647176206306	0.7142857142857143	baseline
ENOG4111U31	0.0	0.24523194228037237	0.36947541697752917	1.144896321871955	0.4565433779483693	0.3520843071205087	0.5434566220516307	0.6479156928794914	0.7142857142857143	baseline
ENOG4111U3E	0.0	0.37239461052907114	0.6047351737087517	1.5447691030738138	0.6014429303959573	0.6359672708955971	0.6014429303959573	0.6359672708955971	0.5714285714285714	endpoint
ENOG4111U3N	0.0	0.13936248416413963	0.24291375616978292	1.5707639764265382	0.5815192414361269	0.5699829848803911	0.5815192414361269	0.5699829848803911	0.7142857142857143	endpoint
ENOG4111U4V	0.0	0.3844415799614699	0.6299046835596173	1.065846174105449	0.37290457811745653	0.3034082180363572	0.6270954218825435	0.6965917819636428	0.7142857142857143	baseline
ENOG4111U4X	0.14285714285714285	0.6435723081407184	0.6718868123542698	2.0130326619944054	0.33325425467914593	0.28885503052412254	0.6667457453208541	0.7111449694758775	0.7142857142857143	baseline
ENOG4111U4Y	0.0	0.43224703847772455	0.8471434977013498	1.41234585052387	0.3486648962493521	0.2504308751495193	0.6513351037506478	0.7495691248504808	0.5714285714285714	baseline
ENOG4111U4Z	0.0	0.5827864517303886	1.1014828526502514	1.4178920864588205	0.31830384985031185	0.19790911897893682	0.6816961501496881	0.8020908810210632	0.7142857142857143	baseline
ENOG4111U6H	0.0	0.6613057047457378	1.2445000499850207	1.3261630735786145	0.3133912370405522	0.2222555174659931	0.6866087629594477	0.777744482534007	0.8571428571428571	baseline
ENOG4111U6K	0.0	0.9690320248533114	0.8892811459209841	1.5795531735975088	0.20393390360903943	0.19227247887771937	0.7960660963909606	0.8077275211222806	0.8571428571428571	baseline
ENOG4111U73	0.0	0.012214486121829246	0.19757932187697255	1.2812713630061863	0.49265292604423483	0.40310501663669834	0.5073470739557652	0.5968949833633017	0.7142857142857143	baseline
ENOG4111U74	0.0	1.2517497377380096	1.4018219207307334	1.9317119761166541	0.8705693477434843	0.908609929677504	0.8705693477434843	0.908609929677504	1.0	endpoint
ENOG4111U7C	0.0	1.094057616688775	1.2603308037749537	1.7541400861716498	0.819133524080413	0.8447081369411091	0.819133524080413	0.8447081369411091	0.8571428571428571	endpoint
ENOG4111U7F	0.0	0.7550750430497976	0.7002362169383951	1.7995107220781477	0.28884506267634874	0.28926179730527884	0.7111549373236512	0.7107382026947211	0.7142857142857143	baseline
ENOG4111U81	0.0	1.141922458382757	1.3996552501004693	1.9093930239020445	0.8324726466886135	0.9094840496967346	0.8324726466886135	0.9094840496967346	1.0	endpoint
ENOG4111U85	0.0	0.06437553442817509	0.15853326852206065	1.4886810648788238	0.47998186081922434	0.5253399192053088	0.5200181391807757	0.5253399192053088	0.5714285714285714	baseline
ENOG4111U8E	0.0	0.2875925551061336	0.6747246486442633	0.9171618784154306	0.6248085880789923	0.7300281933544245	0.6248085880789923	0.7300281933544245	0.5714285714285714	endpoint
ENOG4111U8H	0.0	0.340951595241174	0.7953037118297259	1.5454268695716278	0.6034260823714629	0.7271571720769661	0.6034260823714629	0.7271571720769661	0.5714285714285714	endpoint
ENOG4111U9I	0.0	0.4705350331119507	0.33987263383040506	1.4073173394310734	0.3749007112937101	0.4142030161082273	0.6250992887062898	0.5857969838917727	0.7142857142857143	baseline
ENOG4111U9Q	0.0	0.13037644721765093	0.5237788486831196	1.0814703755826112	0.548986850897548	0.7026523228985961	0.548986850897548	0.7026523228985961	0.5714285714285714	endpoint
ENOG4111U9Y	0.0	0.004290518746087705	0.11686949782827269	1.4374503061259079	0.5174104561991463	0.5497212952952815	0.5174104561991463	0.5497212952952815	0.5714285714285714	endpoint
ENOG4111UAD	0.0	0.721619613719087	0.6176060998634397	1.6050271782221412	0.6995009939956834	0.7301312179841595	0.6995009939956834	0.7301312179841595	0.8571428571428571	endpoint
ENOG4111UAG	0.0	0.1773819227299933	0.4019444679270602	1.3065861875046945	0.514821329962861	0.6071611705417335	0.514821329962861	0.6071611705417335	0.5714285714285714	endpoint
ENOG4111UB9	0.0	1.1926717639554878	1.2762403309441037	1.7263553822529962	0.8699511656808204	0.9801052032702801	0.8699511656808204	0.9801052032702801	1.0	endpoint
ENOG4111UBA	0.0	0.16497998495457358	0.12376601358379086	1.426533345061334	0.5722296619210698	0.5421286362074585	0.5722296619210698	0.5421286362074585	0.5714285714285714	endpoint
ENOG4111UBE	0.0	1.027553045433327	1.1066630477957067	1.7583507939937846	0.792155310593177	0.7625019154097064	0.792155310593177	0.7625019154097064	1.0	endpoint
ENOG4111UC1	0.14285714285714285	1.045243366092197	1.0985597724211438	2.087959757800174	0.7924955517274717	0.8172160310616863	0.7924955517274717	0.8172160310616863	0.8571428571428571	endpoint
ENOG4111UC5	0.0	0.2124262963350779	0.34149584942833994	1.359628524969293	0.5692114412495554	0.5273081743057194	0.5692114412495554	0.5273081743057194	0.5714285714285714	endpoint
ENOG4111UDA	0.0	0.23044712777225404	0.18015021766958345	1.504257531870652	0.5581457163569031	0.5944487668530941	0.5581457163569031	0.5944487668530941	0.7142857142857143	endpoint
ENOG4111UDF	0.14285714285714285	1.2580931538673863	1.4163363933897455	2.2904228796553756	0.8589865393379578	0.8811564626360148	0.8589865393379578	0.8811564626360148	0.8571428571428571	endpoint
ENOG4111UDY	0.0	0.08131071358413879	0.1658907082574639	1.4668720614082416	0.5609784467897716	0.5533613124282325	0.5609784467897716	0.5533613124282325	0.5714285714285714	endpoint
ENOG4111UE5	0.0	1.1398543376486434	1.3233175196792553	1.5607152245221663	0.8350230749598481	0.8496808514419475	0.8350230749598481	0.8496808514419475	1.0	endpoint
ENOG4111UEA	0.0	0.43402679979457826	0.6128969482835043	1.305188165146575	0.36882555531888117	0.33631438946108555	0.6311744446811188	0.6636856105389144	0.7142857142857143	baseline
ENOG4111UEH	0.0	1.147965630593253	1.1678463629329248	1.4571389661357823	0.8399870774226336	0.8538444465564097	0.8399870774226336	0.8538444465564097	1.0	endpoint
ENOG4111UEJ	0.0	0.1505021405398959	0.385481495921049	1.430230680031523	0.4458768343091883	0.4013826701210302	0.5541231656908117	0.5986173298789699	0.7142857142857143	baseline
ENOG4111UEU	0.0	0.15153418972667237	0.06202626093784264	1.1664611850014373	0.4848461398405414	0.49053893713515273	0.5151538601594585	0.5094610628648473	0.5714285714285714	baseline
ENOG4111UF3	0.0	0.5276227418677057	0.6983670280897784	1.4754619032030376	0.3247595017906494	0.2898576173813852	0.6752404982093506	0.7101423826186148	0.8571428571428571	baseline
ENOG4111UFC	0.0	0.5318918440219255	0.7274639780216298	1.4530245739619363	0.6628944543223766	0.7293317484724483	0.6628944543223766	0.7293317484724483	0.7142857142857143	endpoint
ENOG4111UGW	0.0	0.6654496221297455	1.1755558331923028	1.5233609210026622	0.6497869651407732	0.7921791001187078	0.6497869651407732	0.7921791001187078	0.7142857142857143	endpoint
ENOG4111UID	0.0	0.281312138435037	0.07242988786459578	1.3281024974454818	0.5601128235120719	0.477994906100429	0.5601128235120719	0.5220050938995711	0.5714285714285714	endpoint
ENOG4111UIG	0.0	0.10733202695635416	0.3945396776247103	1.090537859286745	0.5387716393584105	0.5649006553862487	0.5387716393584105	0.5649006553862487	0.5714285714285714	endpoint
ENOG4111UIN	0.0	0.47025255999834964	1.256008435149881	1.566346697762354	0.6575146932193118	0.8793750203506311	0.6575146932193118	0.8793750203506311	0.5714285714285714	endpoint
ENOG4111UIX	0.0	0.9893144491533982	1.084360418924485	1.9046864888057469	0.7798018886689018	0.786793209061106	0.7798018886689018	0.786793209061106	1.0	endpoint
ENOG4111UJ1	0.0	0.3853864822100287	0.17038410853738487	1.7907182762424914	0.38359846003864634	0.44233761131909355	0.6164015399613536	0.5576623886809065	0.5714285714285714	baseline
ENOG4111UJE	0.0	0.22780487496886945	0.45626547971043074	1.2720749000509777	0.5611037618716027	0.5772999333196736	0.5611037618716027	0.5772999333196736	0.5714285714285714	endpoint
ENOG4111UN1	0.0	1.0375527950741492	1.4646064337565596	1.829392496094591	0.7793109442990935	0.8714360059145255	0.7793109442990935	0.8714360059145255	0.8571428571428571	endpoint
ENOG4111UNT	0.0	0.374796385620005	0.6935482104654036	0.8792742979882913	0.6380429111445389	0.6988033027589765	0.6380429111445389	0.6988033027589765	0.7142857142857143	endpoint
ENOG4111UPA	0.0	0.05979285323444994	0.31434523611554877	0.9431734193849892	0.5005442423712441	0.4184404888235784	0.5005442423712441	0.5815595111764216	0.5714285714285714	baseline
ENOG4111UPR	0.0	0.9123058100805245	1.2888312264238109	1.7648597747481023	0.23168568868829406	0.20226487042633412	0.7683143113117059	0.7977351295736659	0.7142857142857143	baseline
ENOG4111UPV	0.0	0.4665918634760922	0.3356140506572462	1.4330190761095267	0.3540571641157127	0.43473480561491507	0.6459428358842874	0.5652651943850849	0.7142857142857143	baseline
ENOG4111UPZ	0.0	0.18498608236458658	0.31157740703391745	1.5687333185726646	0.5483524926746024	0.5579668922668666	0.5483524926746024	0.5579668922668666	0.7142857142857143	endpoint
ENOG4111UQ3	0.0	0.5700963549410928	0.9625225340633521	1.6716846094565803	0.6455788258949644	0.7481155844400493	0.6455788258949644	0.7481155844400493	0.7142857142857143	endpoint
ENOG4111UQ8	0.0	0.5943376334226816	0.8896230466434243	1.618153296749678	0.6869839962157488	0.8546101618409736	0.6869839962157488	0.8546101618409736	0.7142857142857143	endpoint
ENOG4111UQG	0.0	0.023731337116244675	0.1523189981689971	1.3929866734776801	0.47613490582308937	0.4639151391699947	0.5238650941769106	0.5360848608300053	0.5714285714285714	endpoint
ENOG4111UR2	0.0	0.5258063661310397	0.600912019248865	1.416753773264143	0.6575624711412907	0.6732693304932259	0.6575624711412907	0.6732693304932259	0.7142857142857143	endpoint
ENOG4111UR5	0.0	1.08880799650541	1.1648133804267917	1.4949178162739871	0.8424123750594829	0.9580658607990379	0.8424123750594829	0.9580658607990379	1.0	endpoint
ENOG4111URC	0.0	0.507324260162154	0.8797393488440125	1.3723212415832176	0.3156253868710275	0.21966546650487798	0.6843746131289725	0.780334533495122	0.7142857142857143	baseline
ENOG4111URS	0.0	0.27897488153254885	0.772296503430846	1.1192080952550307	0.4029032681101988	0.34242192939635985	0.5970967318898013	0.6575780706036402	0.7142857142857143	baseline
ENOG4111URT	0.0	0.8419257288742575	0.9432207865606982	1.3765757865977928	0.7609228456474931	0.7908439726928786	0.7609228456474931	0.7908439726928786	1.0	endpoint
ENOG4111URW	0.0	0.7240053153183087	1.0005317578270947	1.2323599233504199	0.7069437784568257	0.7077740790757263	0.7069437784568257	0.7077740790757263	0.8571428571428571	endpoint
ENOG4111US1	0.0	1.3350543901242111	1.5104233458340954	1.9108452981986583	0.8814089007498687	0.9239644063964237	0.8814089007498687	0.9239644063964237	1.0	endpoint
ENOG4111UTK	0.0	0.458705496436596	0.707632995280758	1.4004595780017648	0.3358050482973751	0.3531558809932129	0.6641949517026249	0.6468441190067871	0.7142857142857143	baseline
ENOG4111UTU	0.0	0.2407507516117061	0.5358085622403781	1.3539206167507467	0.5613345466327161	0.5981061740024033	0.5613345466327161	0.5981061740024033	0.7142857142857143	endpoint
ENOG4111UTW	0.14285714285714285	1.2653685913480872	1.2738277644842249	2.0082341862622117	0.14963213674865078	0.10379872500788515	0.8503678632513492	0.8962012749921149	1.0	baseline
ENOG4111UTX	0.0	1.0549369642637898	0.9858834307472895	1.915205321890781	0.8051972044885728	0.8093261336674398	0.8051972044885728	0.8093261336674398	1.0	endpoint
ENOG4111UW1	0.0	0.534342639446175	0.6042471522838841	1.3931817826580823	0.37176092603489524	0.34514707926136096	0.6282390739651047	0.6548529207386391	0.7142857142857143	baseline
ENOG4111UWB	0.0	0.09800289949566972	0.0751617362347524	1.4331096072366807	0.46727182614762813	0.5211409718045235	0.5327281738523719	0.5211409718045235	0.5714285714285714	baseline
ENOG4111UWD	0.0	0.4755147822288725	0.7139500036493012	1.286265686116084	0.35523766768192633	0.29796273932256184	0.6447623323180737	0.7020372606774381	0.7142857142857143	baseline
ENOG4111UWQ	0.0	0.038514926085536624	0.023669457403358785	1.335000661312993	0.48484932482634446	0.5141598574977243	0.5151506751736555	0.5141598574977243	0.7142857142857143	endpoint
ENOG4111UWZ	0.0	0.29142308486116786	0.33956662760446904	1.5098587488319823	0.42978295738325784	0.41403851184751767	0.5702170426167421	0.5859614881524824	0.8571428571428571	baseline
ENOG4111UX1	0.0	1.1476481494797421	1.23365600189322	1.5083765475206108	0.860197990262641	0.9178344903745314	0.860197990262641	0.9178344903745314	1.0	endpoint
ENOG4111UXA	0.0	0.5696328525784821	0.7189502924951625	1.4079025732935426	0.6683068136369085	0.681899658856143	0.6683068136369085	0.681899658856143	0.5714285714285714	endpoint
ENOG4111UXB	0.0	0.20370292822079242	0.28659427901317547	1.4467260183703818	0.4501555828108975	0.4286396570588968	0.5498444171891025	0.5713603429411032	0.7142857142857143	baseline
ENOG4111UXR	0.0	1.2499631305071877	1.3322197871252202	1.8028165994345222	0.14678889910381657	0.09935624873270012	0.8532111008961835	0.9006437512672999	1.0	baseline
ENOG4111UXX	0.0	0.6862507212484781	0.5305720545115474	1.5111794117541943	0.712541651283696	0.6554607583840492	0.712541651283696	0.6554607583840492	0.7142857142857143	endpoint
ENOG4111UY6	0.0	1.2152214310827354	1.4553146420287701	1.6313901153669326	0.8619682449324518	0.8945808647377332	0.8619682449324518	0.8945808647377332	1.0	endpoint
ENOG4111UYB	0.0	0.11734799344630699	0.21145698467826432	1.2010842653845824	0.4545702402512772	0.4539939463208643	0.5454297597487228	0.5460060536791357	0.5714285714285714	baseline
ENOG4111UYD	0.0	0.4762308628625455	0.5909129097422727	1.3457523026746683	0.35996413933112653	0.3654456682507206	0.6400358606688734	0.6345543317492794	0.8571428571428571	baseline
ENOG4111UYM	0.0	0.30777211596449217	0.1917498439217665	1.8165948602851192	0.4020872451661327	0.4610621588092001	0.5979127548338673	0.5389378411907999	0.5714285714285714	baseline
ENOG4111UYR	0.0	0.4635840743915632	0.6753946306612301	1.2432793983324988	0.6571977784338806	0.6937995024390741	0.6571977784338806	0.6937995024390741	0.7142857142857143	endpoint
ENOG4111UYV	0.0	0.3874568699320914	0.4794308478083809	1.4630606722538932	0.37643907774777213	0.375486742039651	0.6235609222522278	0.624513257960349	0.8571428571428571	baseline
ENOG4111UZG	0.0	0.5954456854020356	0.7862030435063261	1.5194048278021097	0.33163372770546806	0.3086466783746531	0.6683662722945319	0.6913533216253469	0.8571428571428571	baseline
ENOG4111V0N	0.0	0.8256908783950944	1.3185675768561878	1.450555523539724	0.2506794745982764	0.24240815629197549	0.7493205254017237	0.7575918437080245	0.7142857142857143	baseline
ENOG4111V0R	0.0	0.981989279394985	1.2342224986115824	1.5839778573003684	0.8185030309024235	0.8945679998153259	0.8185030309024235	0.8945679998153259	0.8571428571428571	endpoint
ENOG4111V1K	0.0	0.5379885357671864	0.7115033001978911	1.4695174347268456	0.6795655033568266	0.7392659513344381	0.6795655033568266	0.7392659513344381	0.7142857142857143	endpoint
ENOG4111V3E	0.0	0.6802194864576835	0.8895944711294542	1.3210417940962207	0.300301098446277	0.16557226259928556	0.6996989015537229	0.8344277374007144	0.8571428571428571	baseline
ENOG4111V4C	0.0	0.24748390308965043	0.10065325060846787	1.443496310729188	0.39691808952136637	0.5054727239949126	0.6030819104786336	0.5054727239949126	0.7142857142857143	baseline
ENOG4111V4N	0.0	0.4826625797112598	0.8926446792393067	1.8277122720423409	0.6155186634605364	0.7740157161507875	0.6155186634605364	0.7740157161507875	0.7142857142857143	endpoint
ENOG4111V51	0.0	0.2096815417389981	0.49697029358312267	1.232062435818893	0.5856385489593515	0.6431209889014539	0.5856385489593515	0.6431209889014539	0.7142857142857143	endpoint
ENOG4111V59	0.0	0.8287870967032637	1.0205160813480778	1.4891695448043822	0.7633159860260169	0.8377664420253587	0.7633159860260169	0.8377664420253587	1.0	endpoint
ENOG4111V68	0.0	0.39338783664146865	0.1562807382487291	1.2839846673543058	0.6329453004460264	0.49822556157484965	0.6329453004460264	0.5017744384251503	0.5714285714285714	endpoint
ENOG4111V6N	0.0	1.056096770769343	1.2003198514047178	1.7899232452074372	0.18078358663954866	0.11251951660557552	0.8192164133604514	0.8874804833944245	1.0	baseline
ENOG4111V6P	0.0	0.5470683250845962	0.8644198542507376	1.445837518971926	0.30665707365045974	0.26936948393542337	0.6933429263495403	0.7306305160645766	0.7142857142857143	baseline
ENOG4111V6R	0.0	0.2881685830361314	0.09662809359064707	1.4139569388018969	0.594937246424873	0.5342699653129149	0.594937246424873	0.5342699653129149	0.5714285714285714	endpoint
ENOG4111V8D	0.0	0.2598479542825787	0.794542690585777	1.1257278769245285	0.6022344696080283	0.606234579868481	0.6022344696080283	0.606234579868481	0.5714285714285714	endpoint
ENOG4111V9E	0.0	0.5502735754058755	0.5714701974291118	1.760378943249672	0.36582035292434173	0.3501172814680263	0.6341796470756582	0.6498827185319738	0.8571428571428571	baseline
ENOG4111VAE	0.0	0.1079897474671749	0.09898443064707999	1.4646929778864755	0.4508760660488216	0.48035189395088923	0.5491239339511784	0.5196481060491107	0.7142857142857143	baseline
ENOG4111VAV	0.14285714285714285	1.4135055997741202	1.5229507068242514	2.0095143000973383	0.8991122764046918	0.9421186618221244	0.8991122764046918	0.9421186618221244	1.0	endpoint
ENOG4111VAZ	0.0	0.2443857606632174	0.4759237576099467	1.5104674015791064	0.5550036838877805	0.3673288682537674	0.5550036838877805	0.6326711317462326	0.5714285714285714	endpoint
ENOG4111VB3	0.0	1.2777430391745654	1.305949355453014	1.5502146810491257	0.8922261451799931	0.9878104537908973	0.8922261451799931	0.9878104537908973	1.0	endpoint
ENOG4111VB8	0.0	0.31121745945106577	0.33627254775305854	1.0158129385875827	0.42475623651851596	0.4328599155621611	0.575243763481484	0.5671400844378389	0.8571428571428571	baseline
ENOG4111VB9	0.14285714285714285	1.004452670702813	1.2526922017744877	2.021371401593149	0.7594683001795174	0.8365672156865912	0.7594683001795174	0.8365672156865912	0.8571428571428571	endpoint
ENOG4111VBB	0.0	0.2385867659251966	0.04411979182650015	1.7965030402371207	0.5398161382725203	0.5140115232434784	0.5398161382725203	0.5140115232434784	0.5714285714285714	endpoint
ENOG4111VC8	0.0	0.11623917795934305	0.08962482408536912	0.961923105918656	0.5580377192579385	0.5341471119606911	0.5580377192579385	0.5341471119606911	0.5714285714285714	endpoint
ENOG4111VCA	0.0	0.2938805820217726	0.6175085305319182	1.3686912076498152	0.5748283113075272	0.6737384613877071	0.5748283113075272	0.6737384613877071	0.7142857142857143	endpoint
ENOG4111VCI	0.0	0.3087175405223213	0.034019325202660176	1.1610623563768472	0.39483111077215977	0.4874882960050873	0.6051688892278402	0.5125117039949127	0.5714285714285714	baseline
ENOG4111VCR	0.0	0.3361619024682891	0.501679360296408	1.2260497820649083	0.5889385414930591	0.6154557607069513	0.5889385414930591	0.6154557607069513	0.7142857142857143	endpoint
ENOG4111VDB	0.0	0.2765592099371602	0.37265703382227	1.2723119696597773	0.42877159986193086	0.40491756782410987	0.5712284001380692	0.5950824321758901	0.7142857142857143	baseline
ENOG4111VDF	0.0	0.4974400383772001	0.7084360773291615	1.3430584782816117	0.6441928508856544	0.7187971745806165	0.6441928508856544	0.7187971745806165	0.7142857142857143	endpoint
ENOG4111VDI	0.0	0.26336717999958376	0.5024191453371627	1.3727789739154381	0.5870391800505766	0.554020966706065	0.5870391800505766	0.554020966706065	0.7142857142857143	endpoint
ENOG4111VDK	0.0	0.1372055117050641	0.017111478152972984	1.3607861919112756	0.5321020651255987	0.5091943087092107	0.5321020651255987	0.5091943087092107	0.5714285714285714	endpoint
ENOG4111VE3	0.0	0.7170831733316058	0.8210526594980314	1.213178786174118	0.7330326516980898	0.8288316498110556	0.7330326516980898	0.8288316498110556	0.8571428571428571	endpoint
ENOG4111VEY	0.0	0.5771493953625809	0.7394700726787216	1.285887517774478	0.35037721920149545	0.33058676323523994	0.6496227807985046	0.6694132367647601	0.8571428571428571	baseline
ENOG4111VF0	0.0	0.6271607782604386	0.8742439578181344	1.5604914797652816	0.3104055077315572	0.21158388848433074	0.6895944922684428	0.7884161115156693	0.7142857142857143	baseline
ENOG4111VF3	0.0	0.18632774663390253	0.2746607110590051	1.2500225911366882	0.5445587823088965	0.5774047851729988	0.5445587823088965	0.5774047851729988	0.5714285714285714	endpoint
ENOG4111VF8	0.0	0.4672599791857102	0.6173040228859629	1.258228542465469	0.647326271290811	0.6115436471193952	0.647326271290811	0.6115436471193952	0.8571428571428571	endpoint
ENOG4111VFN	0.0	0.13446596595838442	0.41384869638524174	1.207165426323149	0.5757194273231895	0.6142943406954021	0.5757194273231895	0.6142943406954021	0.5714285714285714	endpoint
ENOG4111VGM	0.0	0.8996639706394036	1.3307093467255933	1.4404683457654182	0.227577870235042	0.1972994361418211	0.772422129764958	0.8027005638581789	0.8571428571428571	baseline
ENOG4111VGN	0.0	0.1967337374684608	0.03454833761535343	1.006486137880852	0.4555157919307159	0.5062086124634201	0.5444842080692841	0.5062086124634201	0.5714285714285714	baseline
ENOG4111VH8	0.0	1.2478892942166115	1.370149488412281	1.537345684252621	0.862448889916467	0.8335080541850818	0.862448889916467	0.8335080541850818	1.0	endpoint
ENOG4111VHI	0.0	0.2999948669305854	0.6112101237296687	1.3744726655509667	0.5614593636287907	0.7072966358313695	0.5614593636287907	0.7072966358313695	0.7142857142857143	endpoint
ENOG4111VHR	0.0	0.44295158567251736	1.057422079878188	1.5497976920288175	0.6571520368571876	0.9090932913300371	0.6571520368571876	0.9090932913300371	0.5714285714285714	endpoint
ENOG4111VI5	0.0	0.5609692299590268	0.32795763577562315	1.2545166947087065	0.6649831815503477	0.6236167538319263	0.6649831815503477	0.6236167538319263	1.0	endpoint
ENOG4111VIT	0.0	0.29389615943561836	0.43301323092247834	1.2649805485791699	0.5987410169858131	0.6269901932761326	0.5987410169858131	0.6269901932761326	0.7142857142857143	endpoint
ENOG4111VJV	0.0	0.5230530951455654	0.5072726040964348	1.7353223299423568	0.32354152765283656	0.3507706141240502	0.6764584723471634	0.6492293858759498	0.5714285714285714	baseline
ENOG4111VJW	0.0	0.34569135322105266	0.3181693252311304	1.5138446950528328	0.6385916285887395	0.5801346621162667	0.6385916285887395	0.5801346621162667	0.7142857142857143	endpoint
ENOG4111VN3	0.0	0.7290393133583245	0.9216711199325947	1.716450679110884	0.6965580667973228	0.7913246383240448	0.6965580667973228	0.7913246383240448	0.8571428571428571	endpoint
ENOG4111VN8	0.0	0.09353598527340863	0.21984010795167708	1.0737610926033936	0.49232215357958825	0.6028103943132048	0.5076778464204117	0.6028103943132048	0.5714285714285714	baseline
ENOG4111VNP	0.0	0.2428973813081381	0.469761908401154	1.3745168867747166	0.5592634758300664	0.6967665816359487	0.5592634758300664	0.6967665816359487	0.5714285714285714	endpoint
ENOG4111VPR	0.0	0.10175262271888844	0.2401364142072645	1.7422295556689422	0.5391298218842776	0.44144516876983525	0.5391298218842776	0.5585548312301647	0.5714285714285714	endpoint
ENOG4111VPT	0.0	0.6317145058359911	1.0727445132097764	1.6812328777388668	0.6768647583761515	0.8544147053989511	0.6768647583761515	0.8544147053989511	0.7142857142857143	endpoint
ENOG4111VQ2	0.0	0.7533382636375162	1.2531215869163708	1.8454314109782655	0.7000722241711564	0.8943443337560538	0.7000722241711564	0.8943443337560538	0.7142857142857143	endpoint
ENOG4111VQX	0.0	0.680443452962084	0.43978414041122305	1.6721619912682244	0.3034700462547792	0.3199687187540317	0.6965299537452208	0.6800312812459683	0.7142857142857143	baseline
ENOG4111VRS	0.0	0.00866426492908198	0.24886075886255732	1.3993501804016097	0.4666752898972361	0.5415304764671216	0.5333247101027638	0.5415304764671216	0.5714285714285714	baseline
ENOG4111VSN	0.0	0.034263892060133264	0.10532612547989648	1.1717235849528926	0.48976538245421686	0.5120855009286633	0.5102346175457831	0.5120855009286633	0.5714285714285714	endpoint
ENOG4111VSQ	0.0	0.1255344980312525	0.03853413012614125	1.4002873867930052	0.5544320755578866	0.5041861230347834	0.5544320755578866	0.5041861230347834	0.5714285714285714	endpoint
ENOG4111VT6	0.0	0.43571564915805583	0.8238663235512154	1.5485309068839863	0.3528776873660012	0.28054754204167026	0.6471223126339988	0.7194524579583297	0.5714285714285714	baseline
ENOG4111VTK	0.0	0.09263147542273854	0.04269720140227882	1.384840732152415	0.4406977356729732	0.47770848018345585	0.5593022643270268	0.5222915198165441	0.5714285714285714	baseline
ENOG4111VUA	0.0	0.622263490371349	0.8023251606251827	1.2961651204063585	0.6747945105485422	0.7682162031144852	0.6747945105485422	0.7682162031144852	0.8571428571428571	endpoint
ENOG4111VUW	0.0	0.6587666509789519	1.2664181287880967	1.5740050037615583	0.6913067373033129	0.8811653784465211	0.6913067373033129	0.8811653784465211	0.7142857142857143	endpoint
ENOG4111VVM	0.0	0.6896412342472463	0.7526027927555281	1.1945231162314576	0.6967005265382593	0.7150809373050341	0.6967005265382593	0.7150809373050341	1.0	endpoint
ENOG4111VW1	0.0	0.030558106685758583	0.6883869153865708	1.9407552218064084	0.4890283396292083	0.7082493662335284	0.5109716603707917	0.7082493662335284	0.5714285714285714	baseline
ENOG4111VWJ	0.0	1.0733954227796263	1.444788802345589	1.8333530234488666	0.7995250742275283	0.933094478003745	0.7995250742275283	0.933094478003745	0.8571428571428571	endpoint
ENOG4111VWS	0.0	0.31793300228668897	0.4000362595077356	1.262039101402781	0.4260052453548396	0.4042160317272883	0.5739947546451605	0.5957839682727117	0.5714285714285714	baseline
ENOG4111VWX	0.0	0.8560057520377308	0.8998808976141683	1.616084593107476	0.28256357905450324	0.2093755271077273	0.7174364209454968	0.7906244728922727	0.8571428571428571	baseline
ENOG4111VXK	0.0	0.7128134536773926	1.0129377555981323	1.820496127009123	0.3200792278192237	0.18555368537855058	0.6799207721807763	0.8144463146214495	0.7142857142857143	baseline
ENOG4111VXM	0.0	0.45078943856532966	0.5999187665368104	1.3475413632222066	0.3376729272523043	0.37294567262570727	0.6623270727476958	0.6270543273742928	0.5714285714285714	baseline
ENOG4111VYM	0.0	1.0234352680440957	1.2502449365258794	1.5393256240361217	0.8170695313788954	0.9132060575028965	0.8170695313788954	0.9132060575028965	1.0	endpoint
ENOG4111VYR	0.0	0.3182410412824269	0.4482093569257695	1.4449549472000291	0.41659530766530023	0.40841228492195647	0.5834046923346998	0.5915877150780435	0.5714285714285714	baseline
ENOG4111VZ8	0.0	0.8866725508942694	1.2092048149502992	1.5431186396125915	0.7828265686984482	0.8885751950009555	0.7828265686984482	0.8885751950009555	0.7142857142857143	endpoint
ENOG4111VZN	0.0	0.8224681793241625	0.7946696347386066	1.6453336282804683	0.7267269812206235	0.7266761201638893	0.7267269812206235	0.7266761201638893	0.8571428571428571	endpoint
ENOG4111W0A	0.0	0.600415869155567	1.136702277079704	1.2435080738291149	0.6880954524380437	0.7789327858665206	0.6880954524380437	0.7789327858665206	0.7142857142857143	endpoint
ENOG4111W0B	0.0	0.5994975665162521	1.1763829392839615	1.5305223024887407	0.6919996916303937	0.8423998054089121	0.6919996916303937	0.8423998054089121	0.7142857142857143	endpoint
ENOG4111W16	0.0	0.7026165751490773	0.7555841235532365	1.600093184246582	0.29469869535989457	0.29936865048855504	0.7053013046401054	0.7006313495114449	0.8571428571428571	baseline
ENOG4111W1A	0.0	0.3409308803662636	0.608240246632568	1.4487804792862076	0.634959377915953	0.7230304286166223	0.634959377915953	0.7230304286166223	0.5714285714285714	endpoint
ENOG4111W1E	0.0	0.2974287142292101	0.558680545768707	1.334336892521052	0.5656615110530273	0.6212767260688493	0.5656615110530273	0.6212767260688493	0.7142857142857143	endpoint
ENOG4111W1V	0.0	0.6564167271788968	1.096412807563073	1.4293686645404997	0.6868973554618909	0.699874014316742	0.6868973554618909	0.699874014316742	0.8571428571428571	endpoint
ENOG4111W24	0.0	0.019973997579172842	0.12339430643323536	1.6289567161829028	0.45132835673644384	0.5132785438900559	0.5486716432635561	0.5132785438900559	0.5714285714285714	baseline
ENOG4111W2S	0.0	0.6205418741674543	0.49065094878766047	1.4469263976006967	0.6733749303382778	0.6688673584245273	0.6733749303382778	0.6688673584245273	0.8571428571428571	endpoint
ENOG4111W4E	0.0	0.11353475820560258	0.38643750957091183	1.6298118704021285	0.4900123275740363	0.6035359551953574	0.5099876724259638	0.6035359551953574	0.5714285714285714	endpoint
ENOG4111W6Z	0.0	0.5079833829192298	0.47824906596645367	1.3313297873104442	0.648116245572977	0.7013656467965087	0.648116245572977	0.7013656467965087	0.8571428571428571	endpoint
ENOG4111W74	0.0	0.29946118577683045	0.6038489321631483	1.179255715912462	0.6146501553141193	0.6629030695598817	0.6146501553141193	0.6629030695598817	0.7142857142857143	endpoint
ENOG4111W7E	0.0	0.7936145054048405	0.8097688491457887	1.5103340203886721	0.7541884002510805	0.7025023181391448	0.7541884002510805	0.7025023181391448	1.0	endpoint
ENOG4111W7K	0.0	0.6622969252352252	1.1948341159663238	1.5167612387237475	0.2698158019730808	0.10129344014407218	0.7301841980269193	0.8987065598559278	0.7142857142857143	baseline
ENOG4111W94	0.0	0.7254241466881126	0.9321522114329323	1.4900924565679412	0.27299172354554646	0.20926919496926502	0.7270082764544535	0.790730805030735	0.8571428571428571	baseline
ENOG4111W9B	0.0	0.06666429752160676	0.0016954500505610422	1.4084948770495593	0.49409690907896586	0.5127982663889493	0.5059030909210341	0.5127982663889493	0.5714285714285714	endpoint
ENOG4111W9D	0.0	0.44251050139891046	0.6907089358220552	0.9763553875974842	0.6459450537630967	0.673483768750066	0.6459450537630967	0.673483768750066	0.8571428571428571	endpoint
ENOG4111WA6	0.0	1.0372983931438153	1.0801631191467231	1.7231522812104345	0.19889899992120227	0.14242162722027044	0.8011010000787977	0.8575783727797296	1.0	baseline
ENOG4111WB3	0.0	0.5013350861645631	0.7412927630056031	1.8699149106542818	0.6088547854681717	0.6024713968086933	0.6088547854681717	0.6024713968086933	0.7142857142857143	endpoint
ENOG4111WBC	0.0	0.3425766787791904	0.8700584491032899	1.3187600227322467	0.41387846499308967	0.3097924416429938	0.5861215350069103	0.6902075583570062	0.7142857142857143	baseline
ENOG4111WBG	0.0	1.248172400022026	1.198023493770787	1.9394691140693772	0.8753678472365749	0.9353859188691703	0.8753678472365749	0.9353859188691703	1.0	endpoint
ENOG4111WCM	0.0	0.007664809780602168	0.008920343532903809	1.2619549803455037	0.501060267269495	0.5051768988686535	0.501060267269495	0.5051768988686535	0.5714285714285714	endpoint
ENOG4111WCW	0.0	0.45535674852943525	0.6835724669932608	1.3554410983659315	0.3773981218415424	0.3238702257955991	0.6226018781584576	0.6761297742044009	0.7142857142857143	baseline
ENOG4111WCX	0.0	0.47248925542613385	0.7850802876915741	1.4574141025723715	0.37049838639718924	0.32965862866570084	0.6295016136028108	0.6703413713342992	0.7142857142857143	baseline
ENOG4111WD0	0.0	0.6715674364903395	0.6768297218844382	1.4077146733805235	0.3256161697023967	0.24544302492647121	0.6743838302976033	0.7545569750735288	0.8571428571428571	baseline
ENOG4111WDD	0.0	0.5568697827521836	0.8939055710370941	1.3479526873860137	0.37238379928108134	0.27688837967244473	0.6276162007189187	0.7231116203275553	0.7142857142857143	baseline
ENOG4111WDG	0.0	0.5283766498819781	1.231844339257293	1.7048095499042157	0.6148492648905999	0.6751033971070075	0.6148492648905999	0.6751033971070075	0.5714285714285714	endpoint
ENOG4111WE9	0.0	0.7328933108910051	1.166248314142176	1.3193624799766597	0.3007177544151706	0.23534041659882288	0.6992822455848293	0.7646595834011771	0.7142857142857143	baseline
ENOG4111WEC	0.0	0.2261761663680571	0.20324347837887413	1.268564536817319	0.4003589162606735	0.5607088708639836	0.5996410837393265	0.5607088708639836	0.5714285714285714	baseline
ENOG4111WEQ	0.0	0.3405528315650554	0.7071244263660618	1.4228148213797405	0.5806868953234651	0.692363562533204	0.5806868953234651	0.692363562533204	0.7142857142857143	endpoint
ENOG4111WFU	0.0	0.5474935072209713	0.6919229232386096	1.4761265875305747	0.6744118053038612	0.5854780348053334	0.6744118053038612	0.5854780348053334	0.7142857142857143	endpoint
ENOG4111WH3	0.0	0.48887013645539373	0.3980889100876509	1.6270305717187663	0.6182293529957018	0.6173637543230007	0.6182293529957018	0.6173637543230007	0.7142857142857143	endpoint
ENOG4111WHE	0.0	0.7443933684436264	1.185236298191759	1.7274250725871956	0.3086761364820673	0.2288912679065365	0.6913238635179326	0.7711087320934635	0.7142857142857143	baseline
ENOG4111WHU	0.0	0.2926107756552762	0.5486929046559914	1.3773416928367175	0.5714301455956173	0.6588758045262555	0.5714301455956173	0.6588758045262555	0.7142857142857143	endpoint
ENOG4111WKA	0.0	0.3147908005314365	0.9304871898470191	1.8286083012618561	0.5972997254530411	0.7641124788893234	0.5972997254530411	0.7641124788893234	0.5714285714285714	endpoint
ENOG4111WKC	0.0	0.3558410920613264	0.4520488997822356	1.3905777762977836	0.6233049318217473	0.6188745801679879	0.6233049318217473	0.6188745801679879	0.5714285714285714	endpoint
ENOG4111WM5	0.0	0.4586950767957529	0.6871047171534794	1.3219100242949284	0.3530188836405359	0.35256334883887547	0.6469811163594641	0.6474366511611245	0.8571428571428571	baseline
ENOG4111WMW	0.0	0.05662275266141444	0.18591122524603426	1.4745947091597227	0.5090476621257629	0.4502712872812675	0.5090476621257629	0.5497287127187325	0.5714285714285714	endpoint
ENOG4111WN1	0.0	0.4949605446841893	1.1401290103540787	1.408652831531748	0.30293942844115385	0.09154041705280411	0.6970605715588462	0.9084595829471959	0.5714285714285714	baseline
ENOG4111WN5	0.0	0.9544812961474178	1.2760842056508703	1.6677136943770121	0.7890003105651632	0.9673194639028041	0.7890003105651632	0.9673194639028041	0.8571428571428571	endpoint
ENOG4111WNI	0.0	0.006502406056593936	0.23606141128838673	1.0199507738195612	0.48851273535804324	0.4314353728091627	0.5114872646419568	0.5685646271908373	0.5714285714285714	endpoint
ENOG4111WNU	0.0	0.21290786539904502	0.3305045624625472	1.410704894965492	0.5189041506840627	0.5987349998891704	0.5189041506840627	0.5987349998891704	0.5714285714285714	endpoint
ENOG4111WP6	0.0	0.4828710072350609	0.7633491416576228	1.6795390954109672	0.6299259532609968	0.5973345763569674	0.6299259532609968	0.5973345763569674	0.7142857142857143	endpoint
ENOG4111WPM	0.0	0.640437647085726	0.7557372585776453	1.5171465688409975	0.3105364364733501	0.25878101935874465	0.68946356352665	0.7412189806412554	0.8571428571428571	baseline
ENOG4111WPT	0.0	0.40771891321149034	0.33359027859069756	0.9937085352636045	0.37864100116773053	0.4101893130693963	0.6213589988322694	0.5898106869306037	0.8571428571428571	baseline
ENOG4111WQI	0.0	0.27131159022025136	0.05765294051049323	1.6169692187407392	0.6081856892297691	0.5091576902234263	0.6081856892297691	0.5091576902234263	0.5714285714285714	endpoint
ENOG4111WR2	0.0	1.132107009991323	1.1263922404451265	1.8853733626566584	0.1766151120715164	0.1576544543194483	0.8233848879284836	0.8423455456805518	1.0	baseline
ENOG4111WRA	0.0	0.7815516170313744	1.1735759412249562	1.295838562432205	0.2949047084500599	0.27581072648888955	0.7050952915499401	0.7241892735111104	0.8571428571428571	baseline
ENOG4111WS7	0.0	1.4240841603793193	1.489696082975013	1.9156177216967176	0.9104597271871183	0.9257833214210966	0.9104597271871183	0.9257833214210966	1.0	endpoint
ENOG4111WSV	0.0	0.444029480837892	0.3139796749455461	1.315581017545134	0.3592278154500477	0.37719339456465073	0.6407721845499523	0.6228066054353493	0.8571428571428571	baseline
ENOG4111WSW	0.0	0.789373886133197	1.2146314159180283	1.4807641769708604	0.7471254959809202	0.8375328540582614	0.7471254959809202	0.8375328540582614	0.8571428571428571	endpoint
ENOG4111WT0	0.0	0.2657639408563294	0.03086260879653293	1.2551091272598702	0.4208799955722822	0.5204096864927443	0.5791200044277178	0.5204096864927443	0.5714285714285714	baseline
ENOG4111WVZ	0.0	0.09986979863857458	0.36254989273706845	1.2911219035436972	0.528435653231287	0.5604993422642813	0.528435653231287	0.5604993422642813	0.5714285714285714	endpoint
ENOG4111WWI	0.0	0.27841694948226553	0.651395888261244	1.2231318432658795	0.40523047961002673	0.34445106784891244	0.5947695203899732	0.6555489321510876	0.5714285714285714	baseline
ENOG4111WWY	0.0	0.9000416892938041	0.9060614279041532	1.4400178120990095	0.7744028205820221	0.7968380104073999	0.7744028205820221	0.7968380104073999	1.0	endpoint
ENOG4111WXB	0.0	0.4237787067740305	0.5027999338373144	1.0775866622728134	0.6325875102752544	0.6595593675361402	0.6325875102752544	0.6595593675361402	0.8571428571428571	endpoint
ENOG4111WXQ	0.0	0.1483122487640484	0.03829010619035674	1.123864267694996	0.46363207931822764	0.5002628325276333	0.5363679206817724	0.5002628325276333	0.5714285714285714	baseline
ENOG4111WYU	0.0	0.03408479998149717	0.45525223306889123	1.463427440220421	0.46370041431470055	0.5461913984109841	0.5362995856852995	0.5461913984109841	0.5714285714285714	baseline
ENOG4111WZB	0.0	0.04587361655179589	0.1578562264632721	1.1948138816659941	0.46998935301937017	0.468750774384179	0.5300106469806298	0.531249225615821	0.7142857142857143	baseline
ENOG4111WZY	0.0	0.24670758821673497	0.4135010797736976	1.6002303752495965	0.47391588908058074	0.3936594329326723	0.5260841109194192	0.6063405670673276	0.5714285714285714	baseline
ENOG4111X0V	0.0	0.08740301440122955	0.1664324625908949	1.3549600864419518	0.46348362365226675	0.45941635059001645	0.5365163763477332	0.5405836494099836	0.5714285714285714	baseline
ENOG4111X18	0.0	0.16234530688466875	0.05640223632121987	1.2627450562135618	0.5609682113123114	0.5235177502262011	0.5609682113123114	0.5235177502262011	0.5714285714285714	endpoint
ENOG4111X1G	0.0	0.5122365337878769	0.5914384522178208	1.314452082703003	0.33455106993944156	0.3375254287788982	0.6654489300605584	0.6624745712211018	0.7142857142857143	baseline
ENOG4111X1K	0.0	0.2711878264980481	0.97145813674542	1.7020690756756292	0.5550150550452078	0.753159316198841	0.5550150550452078	0.753159316198841	0.5714285714285714	endpoint
ENOG4111X1U	0.0	0.6300599620315336	1.0570181591990235	1.422903845841385	0.6717701707004086	0.7573114289819491	0.6717701707004086	0.7573114289819491	0.8571428571428571	endpoint
ENOG4111X1V	0.0	0.5036674866941687	0.75786256101577	1.3894461718666402	0.6453384607429946	0.6866697177569555	0.6453384607429946	0.6866697177569555	0.7142857142857143	endpoint
ENOG4111X32	0.0	0.755083077525407	1.016984276306691	1.6103058891529016	0.2920736474059852	0.3018044809230278	0.7079263525940148	0.6981955190769722	0.8571428571428571	baseline
ENOG4111X3H	0.0	0.21969239586463266	0.5226035074713047	1.3325544971233216	0.5794132413590554	0.6353688300832553	0.5794132413590554	0.6353688300832553	0.5714285714285714	endpoint
ENOG4111X46	0.0	0.11049529179298771	0.19105569654498789	1.4248870569280574	0.5291781041623603	0.5365031746696063	0.5291781041623603	0.5365031746696063	0.5714285714285714	endpoint
ENOG4111X4R	0.0	0.07768795508181377	0.085028194208782	1.2762757609201534	0.5777520182011611	0.49331674486553384	0.5777520182011611	0.5066832551344662	0.5714285714285714	endpoint
ENOG4111X4U	0.0	0.9143825989672908	1.3148667729304606	1.8060130269027248	0.7463054196622328	0.935404193477597	0.7463054196622328	0.935404193477597	0.7142857142857143	endpoint
ENOG4111X4V	0.0	0.8258078170480961	1.2904855384391576	1.4838169070791007	0.7311456677310672	0.860081213219234	0.7311456677310672	0.860081213219234	0.8571428571428571	endpoint
ENOG4111X4W	0.0	0.25616726215386215	0.8684826746751867	1.3436282311470786	0.41299748926102225	0.3102915969341147	0.5870025107389778	0.6897084030658853	0.5714285714285714	baseline
ENOG4111X5A	0.0	0.8819511613201235	1.1161232362263256	1.715857123032262	0.746945251171592	0.7426724312627241	0.746945251171592	0.7426724312627241	0.8571428571428571	endpoint
ENOG4111X6B	0.0	0.027393814183462744	0.3208986644190543	1.3333314603457418	0.4877273190956584	0.553250634416857	0.5122726809043416	0.553250634416857	0.5714285714285714	baseline
ENOG4111X78	0.0	0.537036202019549	0.873822404970735	1.4768095123167062	0.66068594277468	0.7910065667521069	0.66068594277468	0.7910065667521069	0.8571428571428571	endpoint
ENOG4111X7D	0.0	1.4750259142378925	1.4654753105601668	1.7540926168640363	0.9300129310412137	0.9716088032894074	0.9300129310412137	0.9716088032894074	1.0	endpoint
ENOG4111X7Q	0.0	0.8095596778054885	1.149851375122325	1.509044613942311	0.7820224232670517	0.8156643076288227	0.7820224232670517	0.8156643076288227	0.8571428571428571	endpoint
ENOG4111X82	0.0	0.5172695087293919	0.781694832394943	1.3503297106100738	0.6376486167088576	0.6959391769981078	0.6376486167088576	0.6959391769981078	0.7142857142857143	endpoint
ENOG4111X8I	0.0	0.19392884666487661	0.19941891667974712	1.320837367557612	0.5388345999819496	0.5393738325061816	0.5388345999819496	0.5393738325061816	0.5714285714285714	endpoint
ENOG4111X8M	0.0	0.2523425449203781	0.07889872702362133	0.8664910610121522	0.4063727967206741	0.5015376231922871	0.5936272032793259	0.5015376231922871	0.5714285714285714	baseline
ENOG4111X93	0.0	0.26419959564168927	0.6404657807510299	1.2838714196956997	0.43767447497874107	0.3310995381015804	0.5623255250212589	0.6689004618984196	0.5714285714285714	baseline
ENOG4111X94	0.0	0.4992286871506976	1.0913047451132212	1.575942313147557	0.3912916820031347	0.28515000103595867	0.6087083179968653	0.7148499989640413	0.7142857142857143	baseline
ENOG4111X9I	0.0	0.3337587640180319	0.3652885990659716	1.1564824478411415	0.39167128402953855	0.39882031401413115	0.6083287159704615	0.6011796859858689	0.7142857142857143	baseline
ENOG4111X9N	0.0	0.811922978158118	1.0036119389959668	1.6898812794488356	0.7470167354283893	0.8636108555930084	0.7470167354283893	0.8636108555930084	0.7142857142857143	endpoint
ENOG4111X9P	0.0	0.5872911097203364	0.49907038622241173	1.4940484255926514	0.341758357905447	0.34646827607594893	0.6582416420945529	0.653531723924051	0.8571428571428571	baseline
ENOG4111XA1	0.0	0.3502514212498259	0.06877017441228706	1.2686347228009036	0.6218501660039181	0.45920522462477725	0.6218501660039181	0.5407947753752227	0.5714285714285714	endpoint
ENOG4111XAM	0.0	0.735877779267739	1.2761060915001583	1.5216165230918806	0.7142978823027356	0.8223498781003152	0.7142978823027356	0.8223498781003152	0.7142857142857143	endpoint
ENOG4111XB6	0.0	0.31521428798120865	0.37325807102160957	1.3169928188110216	0.6031552077730226	0.600454867222576	0.6031552077730226	0.600454867222576	0.5714285714285714	endpoint
ENOG4111XBZ	0.0	0.8569410933132484	1.1137255003041167	1.6034949229602429	0.7354214249207851	0.8026642558908018	0.7354214249207851	0.8026642558908018	0.8571428571428571	endpoint
ENOG4111XD0	0.0	0.08376562417185521	0.4502430685658502	1.4005465307224256	0.5550282226624867	0.596180733676724	0.5550282226624867	0.596180733676724	0.5714285714285714	endpoint
ENOG4111XD5	0.0	0.6467499927190435	0.8421756628028688	1.105607552830751	0.326008249776813	0.23978412644240746	0.673991750223187	0.7602158735575926	0.8571428571428571	baseline
ENOG4111XE1	0.0	0.8989235559687041	1.2723215181797718	1.6817846419185876	0.7494192269579196	0.7497921600338479	0.7494192269579196	0.7497921600338479	0.8571428571428571	endpoint
ENOG4111XEB	0.0	0.6691134292680305	0.9830931474607998	1.6312399721874566	0.6688933371942906	0.7414018939642495	0.6688933371942906	0.7414018939642495	0.7142857142857143	endpoint
ENOG4111XEK	0.0	0.07885710918276459	0.27006911679616186	1.449712884888612	0.43147525953812577	0.37822304599579254	0.5685247404618743	0.6217769540042075	0.5714285714285714	baseline
ENOG4111XFE	0.14285714285714285	1.4290040698433804	1.4955397537455035	2.2412168237181556	0.9087587424114038	0.984264601626005	0.9087587424114038	0.984264601626005	1.0	endpoint
ENOG4111XG8	0.0	0.23623972872928917	0.2596675112034104	1.44513534614985	0.42455789758531914	0.42751682986079353	0.5754421024146809	0.5724831701392065	0.5714285714285714	baseline
ENOG4111XGE	0.0	0.626816671671569	0.785111342734217	1.4734696447949052	0.3487828844807611	0.2772877633179568	0.6512171155192389	0.7227122366820432	0.8571428571428571	baseline
ENOG4111XHA	0.0	0.3086847509927499	0.4872705925572147	1.683220990499782	0.41578867725593965	0.39928055272746193	0.5842113227440604	0.6007194472725381	0.5714285714285714	baseline
ENOG4111XHD	0.0	1.0895802198350035	1.1893955480261476	1.5368988357384243	0.8446665398070758	0.8915982294145217	0.8446665398070758	0.8915982294145217	1.0	endpoint
ENOG4111XHJ	0.0	0.9337954634345016	0.9880298754610152	1.3734814965778872	0.22589992256667638	0.19244948761455283	0.7741000774333237	0.8075505123854472	1.0	baseline
ENOG4111XHQ	0.0	0.3899263815685674	0.6409530034035434	1.2129306275166387	0.34362937205184974	0.3081588332181055	0.6563706279481503	0.6918411667818944	0.5714285714285714	baseline
ENOG4111XIQ	0.0	0.5148022471762577	0.985547609925021	1.4107391514206928	0.6803014060311859	0.743595861212418	0.6803014060311859	0.743595861212418	0.7142857142857143	endpoint
ENOG4111XIY	0.0	0.0023044837697175752	0.08937670587848917	1.510169467340444	0.5528166379240177	0.5016020735783266	0.5528166379240177	0.5016020735783266	0.5714285714285714	baseline
ENOG4111XK0	0.0	0.5785685065365712	0.5462168337137828	1.542479567931389	0.31742056521408696	0.2834359191656336	0.6825794347859131	0.7165640808343664	0.8571428571428571	baseline
ENOG4111XKH	0.0	0.3015543922278625	0.2157915831292719	1.1282238365895239	0.6024789550560399	0.5663820380744549	0.6024789550560399	0.5663820380744549	0.8571428571428571	endpoint
ENOG4111XKI	0.0	0.7355566977338134	1.0519714690979542	1.2366200251559933	0.2861469015814984	0.2240977089702146	0.7138530984185016	0.7759022910297854	0.8571428571428571	baseline
ENOG4111XM2	0.0	0.11387802854106237	0.06332996910308021	1.5283471801188981	0.4296139304453573	0.44918582646661187	0.5703860695546428	0.5508141735333881	0.5714285714285714	baseline
ENOG4111XM6	0.0	0.20249452048923397	0.21629009605578492	1.443215672656214	0.5035168034471343	0.44352379966477534	0.5035168034471343	0.5564762003352246	0.5714285714285714	baseline
ENOG4111XMM	0.0	0.6541388885201685	0.8678419607985193	1.6860475016612382	0.6726561596981001	0.6146800760826202	0.6726561596981001	0.6146800760826202	0.8571428571428571	endpoint
ENOG4111XN8	0.0	0.15905582546970082	0.12031427940958131	1.2649609123559027	0.5896756064061686	0.4749319568175995	0.5896756064061686	0.5250680431824005	0.5714285714285714	endpoint
ENOG4111XP3	0.0	0.0632202177249078	0.048973389170165804	1.1812135118171387	0.47974469439937817	0.49168213627992885	0.5202553056006218	0.5083178637200712	0.5714285714285714	baseline
ENOG4111XQA	0.0	0.5576057000247138	0.5953515839680484	1.742234180773834	0.6294287961722995	0.7439810585729104	0.6294287961722995	0.7439810585729104	0.8571428571428571	endpoint
ENOG4111XQJ	0.0	0.37880012153977344	0.6878483664316134	1.431743880602213	0.6182730964769346	0.6972322142074437	0.6182730964769346	0.6972322142074437	0.7142857142857143	endpoint
ENOG4111XRY	0.0	0.5609705585071331	0.5214525627925681	1.3007477585218437	0.6549971945168771	0.6350997623385463	0.6549971945168771	0.6350997623385463	0.8571428571428571	endpoint
ENOG4111XST	0.0	0.13501689868457106	0.150084476140473	1.391772099402281	0.523500717224	0.4955344509996737	0.523500717224	0.5044655490003263	0.5714285714285714	endpoint
ENOG4111XT6	0.0	0.8388635858410453	1.1958107933962598	1.4557441872469898	0.2625416810243491	0.18072975931446836	0.737458318975651	0.8192702406855317	0.8571428571428571	baseline
ENOG4111XTI	0.0	1.326367114928541	1.3291742794592958	1.5373149744595054	0.8954401891659247	0.9628448469112892	0.8954401891659247	0.9628448469112892	1.0	endpoint
ENOG4111XTW	0.0	0.05176910839090703	0.21420628749013926	1.3515174767132712	0.5112112222054567	0.4441880316277966	0.5112112222054567	0.5558119683722034	0.5714285714285714	baseline
ENOG4111XU3	0.0	0.4764542975707084	0.7789801099939865	1.3575398530687568	0.6068521787388633	0.6959684816004473	0.6068521787388633	0.6959684816004473	0.7142857142857143	endpoint
ENOG4111XUI	0.0	0.8016799560805703	0.8171232955732705	1.3599144070865161	0.7304089372372289	0.7244143294720409	0.7304089372372289	0.7244143294720409	1.0	endpoint
ENOG4111XUP	0.0	0.973608718872729	1.0065087250627465	1.3069515308434296	0.7830954965022812	0.7816049575700211	0.7830954965022812	0.7816049575700211	1.0	endpoint
ENOG4111XUR	0.0	0.8689618551923043	1.0334136260502953	1.4067692322787875	0.23676415768810052	0.18305862291715716	0.7632358423118994	0.8169413770828429	0.8571428571428571	baseline
ENOG4111XV5	0.0	0.23743458146307808	0.11166031742781625	1.4892948141251918	0.43130920373841	0.5236764281011486	0.56869079626159	0.5236764281011486	0.5714285714285714	baseline
ENOG4111XVQ	0.0	0.0374925818736797	0.6366876272592686	1.23224950343739	0.46635628351741604	0.6575854331536772	0.533643716482584	0.6575854331536772	0.5714285714285714	endpoint
ENOG4111XWA	0.0	0.14634774019940555	0.35873751613140764	1.3742529820460987	0.44535979750287197	0.4293290039113792	0.554640202497128	0.5706709960886208	0.5714285714285714	baseline
ENOG4111XX8	0.0	0.014456877274459481	0.07941168797219816	0.9926863060763453	0.5120590694257876	0.46921179361561177	0.5120590694257876	0.5307882063843883	0.5714285714285714	endpoint
ENOG4111XXW	0.0	0.6139455133080606	1.1017651652210099	1.3957742337062042	0.34344849953219636	0.203948307739236	0.6565515004678036	0.796051692260764	0.7142857142857143	baseline
ENOG4111XY5	0.0	1.1014669332431215	1.274382926165202	1.5257321018728673	0.8305860304565856	0.8234066231245363	0.8305860304565856	0.8234066231245363	1.0	endpoint
ENOG4111XY8	0.0	0.8706337321095843	0.8059649837206548	1.5542499951029571	0.2437472340988329	0.25555984048189134	0.7562527659011671	0.7444401595181087	1.0	baseline
ENOG4111XYH	0.0	1.1457966267665571	1.1623594199212715	1.2279265607350685	0.16546972508673313	0.15950249152609167	0.8345302749132668	0.8404975084739084	1.0	baseline
ENOG4111XYI	0.0	0.0852438126931808	0.35624188736339524	1.2757276196803984	0.5697600787564736	0.5964768253192099	0.5697600787564736	0.5964768253192099	0.5714285714285714	endpoint
ENOG4111XYX	0.0	0.45081724419010566	0.3089272554247657	1.4354613511878056	0.648297737443074	0.5927874932803934	0.648297737443074	0.5927874932803934	0.7142857142857143	endpoint
ENOG4111XZ2	0.0	0.7141386062578962	1.3353456989931185	1.742880084463567	0.3349141844158368	0.18130791814716785	0.6650858155841632	0.8186920818528322	0.7142857142857143	baseline
ENOG4111XZR	0.0	1.149630402405805	1.2735446915796647	1.616939754724273	0.8407352421452436	0.8708037669012084	0.8407352421452436	0.8708037669012084	1.0	endpoint
ENOG4111XZX	0.0	0.7718262225894534	0.9075607375391259	1.4396286151238613	0.7254461995813093	0.7824420328764978	0.7254461995813093	0.7824420328764978	0.8571428571428571	endpoint
ENOG4111Y09	0.0	0.5241692193799345	0.27610451480658826	1.3950977410484258	0.33733597221488043	0.4247883357514994	0.6626640277851196	0.5752116642485006	0.7142857142857143	baseline
ENOG4111Y1C	0.0	0.7715121703743526	0.7919149064231796	1.3152133609396224	0.26462126863026925	0.22244884328257944	0.7353787313697308	0.7775511567174206	0.8571428571428571	baseline
ENOG4111Y1J	0.0	0.06377364182257418	0.07042228541151548	1.128733851382134	0.4511343019666724	0.4882246811922222	0.5488656980333275	0.5117753188077778	0.5714285714285714	baseline
ENOG4111Y1Q	0.0	0.523042450707587	0.1489110622870648	1.6866438790592035	0.3420534531898779	0.45279161761287146	0.6579465468101221	0.5472083823871285	0.7142857142857143	baseline
ENOG4111Y2V	0.0	0.21232366166123226	0.5416193636031523	1.382117877926297	0.5279230350956515	0.6637852588540432	0.5279230350956515	0.6637852588540432	0.7142857142857143	endpoint
ENOG4111Y2Y	0.0	0.23743861506632502	0.35250350725896845	0.5637404821141039	0.5686168801754852	0.5560556833879204	0.5686168801754852	0.5560556833879204	0.8571428571428571	endpoint
ENOG4111Y3Y	0.0	0.6181619469386141	1.0673357034663278	1.3628591978522568	0.32107571005615476	0.19806426115281853	0.6789242899438452	0.8019357388471815	0.8571428571428571	baseline
ENOG4111Y46	0.0	0.6766158838841322	1.2135289698790022	1.5348594958778825	0.6719679164534741	0.8113261230875046	0.6719679164534741	0.8113261230875046	0.7142857142857143	endpoint
ENOG4111Y4A	0.0	0.02371335748138992	0.13851630110979896	1.7224351843369687	0.5314439776402883	0.5334504657974927	0.5314439776402883	0.5334504657974927	0.5714285714285714	endpoint
ENOG4111Y5F	0.0	1.2324822236664925	1.2898045776818143	1.874367448939861	0.8594302424776127	0.8770938717425446	0.8594302424776127	0.8770938717425446	1.0	endpoint
ENOG4111Y5X	0.0	0.25221365974550036	0.482240333453751	1.484048269503822	0.40468745252118987	0.3616926492213808	0.5953125474788101	0.6383073507786192	0.7142857142857143	baseline
ENOG4111Y7C	0.0	0.3770948163409851	0.2578951937981043	1.220547120707058	0.6362716823050734	0.5594456924427487	0.6362716823050734	0.5594456924427487	0.8571428571428571	endpoint
ENOG4111Y80	0.0	0.012185054151830117	0.28536821183383704	1.4572851613721651	0.514850807891445	0.5799079837525489	0.514850807891445	0.5799079837525489	0.5714285714285714	baseline
ENOG4111Y8E	0.0	0.12660508913607188	0.3320840380388648	1.4456793537497719	0.530335674342884	0.41610099122987404	0.530335674342884	0.5838990087701259	0.5714285714285714	endpoint
ENOG4111Y98	0.0	0.8465672482024262	1.0260209315937325	1.465362927202184	0.22492012727987667	0.13443847558056687	0.7750798727201234	0.8655615244194331	0.8571428571428571	baseline
ENOG4111Y9M	0.0	0.20470769194475455	0.4117860253787243	1.230165983480793	0.438460288041757	0.40226560525427957	0.561539711958243	0.5977343947457204	0.7142857142857143	baseline
ENOG4111Y9T	0.0	0.10374694450540126	0.041044332181039256	1.3143388914931462	0.45025203266331076	0.5227899688807107	0.5497479673366892	0.5227899688807107	0.5714285714285714	baseline
ENOG4111Y9W	0.0	0.8708795089077351	1.2629564546955994	1.5220062310609985	0.7657662360732937	0.85097948205471	0.7657662360732937	0.85097948205471	0.8571428571428571	endpoint
ENOG4111YA8	0.0	0.07505093360366291	0.5407679825727704	1.2100935499810006	0.5061677734425094	0.5603867605588696	0.5061677734425094	0.5603867605588696	0.5714285714285714	endpoint
ENOG4111YAV	0.0	0.3261400709859056	0.4449644149234613	1.380303339458388	0.3823058932032857	0.3795657322351934	0.6176941067967143	0.6204342677648066	0.7142857142857143	baseline
ENOG4111YAY	0.0	0.36840341851312314	0.5368195412745029	1.2783399391043206	0.3956191901594192	0.3413522729162184	0.6043808098405807	0.6586477270837816	0.7142857142857143	baseline
ENOG4111YB4	0.0	0.09735303505716576	0.2196182958916625	1.009723075925159	0.4751991723819546	0.4510667899894358	0.5248008276180454	0.5489332100105642	0.5714285714285714	baseline
ENOG4111YBH	0.0	0.399056126378705	0.16580024003732746	1.4138957134527383	0.35733197123519245	0.44309851996778227	0.6426680287648076	0.5569014800322177	0.7142857142857143	baseline
ENOG4111YBI	0.0	0.7371237140085877	1.1622382195894478	1.4054965981101928	0.259003800895314	0.08322862912257904	0.7409961991046861	0.916771370877421	0.7142857142857143	baseline
ENOG4111YBT	0.0	0.001831502174535807	0.2367740944245976	1.0721223299200506	0.4917806738844434	0.5521959192146535	0.5082193261155565	0.5521959192146535	0.5714285714285714	baseline
ENOG4111YCG	0.0	0.46413308808056175	0.693760616100698	1.4673236356249704	0.6681707408522797	0.6988618496349811	0.6681707408522797	0.6988618496349811	0.7142857142857143	endpoint
ENOG4111YCR	0.0	0.4048538335569586	0.26091671511986186	1.4766688375208148	0.3590576920178554	0.4220735476517302	0.6409423079821446	0.5779264523482698	0.5714285714285714	baseline
ENOG4111YCW	0.0	0.4132486443837603	0.6908053426514112	1.6668990132113448	0.3419972625967799	0.2922679698702279	0.65800273740322	0.707732030129772	0.7142857142857143	baseline
ENOG4111YD2	0.0	0.47394191137377323	0.5009827345755113	1.4876032148892182	0.38703284478949246	0.38745921465612915	0.6129671552105076	0.6125407853438709	0.7142857142857143	baseline
ENOG4111YD9	0.0	0.44169612043301804	0.27879971174138357	1.475246336080747	0.3947337574409352	0.42984063507660464	0.6052662425590648	0.5701593649233954	0.7142857142857143	baseline
ENOG4111YFP	0.0	0.8811751033771805	1.2015237043978566	1.6456799476989665	0.7671680247673145	0.8979215404703594	0.7671680247673145	0.8979215404703594	0.8571428571428571	endpoint
ENOG4111YGG	0.0	1.0039496841643587	1.2175926995623327	1.8221432752723463	0.22462217749545238	0.17202194061811463	0.7753778225045476	0.8279780593818854	0.8571428571428571	baseline
ENOG4111YHK	0.0	0.3598999230481229	0.2727114315445783	1.3183319431701037	0.617838285499703	0.5661429607522961	0.617838285499703	0.5661429607522961	0.7142857142857143	endpoint
ENOG4111YIU	0.0	0.8841254456044398	1.0829840071915229	1.4647407096282659	0.22036986111203785	0.20537337746058007	0.7796301388879622	0.79462662253942	0.8571428571428571	baseline
ENOG4111YIZ	0.0	0.4953059362461975	0.2511477650961902	1.4682590105825528	0.6353944963745128	0.5629630279346719	0.6353944963745128	0.5629630279346719	0.8571428571428571	endpoint
ENOG4111YJ7	0.0	0.11113938446345319	0.16922936738836236	1.327824646992511	0.5382936122397766	0.5527570550195017	0.5382936122397766	0.5527570550195017	0.5714285714285714	endpoint
ENOG4111YJG	0.0	0.47563776037542527	0.8352362931292782	1.4173575178921165	0.6169037755201788	0.6597558142425506	0.6169037755201788	0.6597558142425506	0.8571428571428571	endpoint
ENOG4111YKD	0.0	0.25277165679048796	0.1887373208114139	1.5218037265832798	0.5752540994841295	0.5019507091899277	0.5752540994841295	0.5019507091899277	0.5714285714285714	endpoint
ENOG4111YKN	0.0	0.7088765723741828	1.1183112987695627	1.6626255284907212	0.31813093781489493	0.1894516659559336	0.6818690621851051	0.8105483340440665	0.7142857142857143	baseline
ENOG4111YNF	0.0	0.4184433689541426	0.3849247535557164	1.4407385275297806	0.3533086503436083	0.4015361289790519	0.6466913496563917	0.5984638710209481	0.5714285714285714	baseline
ENOG4111YP9	0.0	0.35264171659839744	0.6760094541992533	1.5460991468136493	0.39726506581813864	0.3319947260969654	0.6027349341818613	0.6680052739030347	0.5714285714285714	baseline
ENOG4111YQF	0.0	0.38881630864153227	0.748509972470243	1.2334314512139228	0.5946282642558722	0.6247040472533008	0.5946282642558722	0.6247040472533008	0.7142857142857143	endpoint
ENOG4111YT4	0.0	0.47772655478711384	0.984072612193366	1.1815857507049305	0.6619538538041325	0.7894256403417712	0.6619538538041325	0.7894256403417712	0.5714285714285714	endpoint
ENOG4111YTD	0.0	0.21888407996278042	0.4684565938651446	1.0732727760100758	0.4430791480617486	0.40367888766966864	0.5569208519382514	0.5963211123303314	0.5714285714285714	baseline
ENOG4111YTP	0.14285714285714285	0.5007565483981352	0.7538614911627907	2.0232491705887443	0.3818754982466944	0.2721682783741932	0.6181245017533056	0.7278317216258068	0.7142857142857143	baseline
ENOG4111YTX	0.0	0.779176401428142	1.1042345900312296	1.6026397907096293	0.2905808757133128	0.28732118623144276	0.7094191242866872	0.7126788137685572	0.7142857142857143	baseline
ENOG4111YW1	0.0	0.36003621011133663	0.6192740098034895	1.3730079232013999	0.5968589063010408	0.6783305765506097	0.5968589063010408	0.6783305765506097	0.5714285714285714	endpoint
ENOG4111YW5	0.0	1.0963691647873397	1.1691014880066941	1.6138463253602326	0.8301964006427065	0.8724337069550586	0.8301964006427065	0.8724337069550586	1.0	endpoint
ENOG4111YW7	0.0	0.2385493460187778	0.08999585950532231	1.4351343070069662	0.44522893360561017	0.5324418754597948	0.5547710663943899	0.5324418754597948	0.5714285714285714	baseline
ENOG4111YWK	0.0	1.0982445287085367	1.2595066774230248	1.5400287999784876	0.822455609997479	0.8732224245456259	0.822455609997479	0.8732224245456259	1.0	endpoint
ENOG4111YWU	0.0	0.2706698611438055	0.6658726504330885	1.5608628244932279	0.44804666869672544	0.32409646190315605	0.5519533313032745	0.6759035380968439	0.5714285714285714	baseline
ENOG4111YX5	0.0	0.8483333347459797	1.0781645529172386	1.9549929946462614	0.7399010264456675	0.7951439406274408	0.7399010264456675	0.7951439406274408	0.8571428571428571	endpoint
ENOG4111YX6	0.0	0.027117737933152863	0.007279659915809175	1.486189152608571	0.5277453407101734	0.502480483497039	0.5277453407101734	0.502480483497039	0.5714285714285714	endpoint
ENOG4111YYX	0.0	1.0992583976674337	1.2661477696089867	1.459411445497818	0.18773300641383214	0.17201355052247702	0.8122669935861678	0.827986449477523	0.8571428571428571	baseline
ENOG4111YZT	0.0	0.05766178600526858	0.4183758123461341	1.4827372755075685	0.5218874002801609	0.39231577572188964	0.5218874002801609	0.6076842242781104	0.5714285714285714	baseline
ENOG4111YZU	0.0	0.9246083369608737	1.0682684715945812	1.4995967932912984	0.2270756503989744	0.17194834011173565	0.7729243496010256	0.8280516598882643	0.8571428571428571	baseline
ENOG4111Z00	0.0	1.0088764341244183	1.1403463189627907	1.4620294026551757	0.7966804160995248	0.8301862450884621	0.7966804160995248	0.8301862450884621	0.8571428571428571	endpoint
ENOG4111Z0C	0.0	0.047257375737613454	0.04176372094216787	1.126240719887811	0.4930484181782129	0.4565883960858599	0.5069515818217871	0.5434116039141401	0.5714285714285714	baseline
ENOG4111Z1K	0.14285714285714285	1.2087938399328138	1.215315519890214	2.426299286310278	0.8232305474476984	0.8733793946994908	0.8232305474476984	0.8733793946994908	0.8571428571428571	endpoint
ENOG4111Z1T	0.0	0.6811482601987098	0.9542936364124084	1.6049054268154883	0.3126657341213837	0.2337097406999969	0.6873342658786163	0.7662902593000032	0.8571428571428571	baseline
ENOG4111Z2Q	0.0	0.40381475388768623	0.6275936440558286	1.5667954922567344	0.6359229974019305	0.6599134148833702	0.6359229974019305	0.6599134148833702	0.7142857142857143	endpoint
ENOG4111Z3G	0.0	0.11786531637157584	0.1823306937108048	1.2656637709855234	0.5409399279946177	0.5558198819228297	0.5409399279946177	0.5558198819228297	0.5714285714285714	endpoint
ENOG4111Z3N	0.0	0.6341637926397755	1.1582824099304287	1.4439840113117008	0.6824963082282176	0.7586113184325425	0.6824963082282176	0.7586113184325425	0.7142857142857143	endpoint
ENOG4111Z54	0.0	0.5506460858849556	0.4386840803058902	1.3156386017359918	0.6628203666812594	0.6523024706355103	0.6628203666812594	0.6523024706355103	0.8571428571428571	endpoint
ENOG4111Z5U	0.0	0.3458275538979311	0.474386834552797	1.501216182128053	0.38598011094240775	0.34727645206569346	0.6140198890575923	0.6527235479343065	0.7142857142857143	baseline
ENOG4111Z5W	0.0	1.1394764254802332	1.1815903419061646	1.665160977430269	0.8461632718810309	0.9024758138696379	0.8461632718810309	0.9024758138696379	1.0	endpoint
ENOG4111Z5Z	0.0	0.3552008240589988	0.5478517573423529	1.7703022262362649	0.4104709157130131	0.2828747350462475	0.5895290842869869	0.7171252649537525	0.5714285714285714	baseline
ENOG4111Z66	0.0	0.2849468969859935	0.581320198450692	1.0572421358850301	0.40807323452420435	0.37412343264676806	0.5919267654757956	0.6258765673532319	0.5714285714285714	baseline
ENOG4111Z8S	0.0	0.029181910261654127	0.022582054381877652	1.212794747391553	0.5557055787034216	0.5184738592175903	0.5557055787034216	0.5184738592175903	0.5714285714285714	endpoint
ENOG4111Z9C	0.0	0.3903857238466649	0.3607201162901614	1.547038890604297	0.3903841273820725	0.41074239551956593	0.6096158726179275	0.5892576044804341	0.8571428571428571	baseline
ENOG4111Z9D	0.0	0.12474515587029021	0.3656458952057835	1.4725303034603312	0.43687937196216786	0.5361540579595289	0.5631206280378321	0.5361540579595289	0.5714285714285714	baseline
ENOG4111Z9Q	0.0	0.544441463395033	0.8100141387515366	1.1472396044840238	0.6496884523182697	0.6050808282137448	0.6496884523182697	0.6050808282137448	0.8571428571428571	endpoint
ENOG4111ZBD	0.0	1.0970602246464058	1.2266419816107696	1.5570135571275376	0.8238698675608429	0.8589776850967235	0.8238698675608429	0.8589776850967235	1.0	endpoint
ENOG4111ZBZ	0.0	0.018082983357978817	0.13594428891263913	1.4252045975347767	0.4828531223569857	0.49318722163312406	0.5171468776430144	0.5068127783668759	0.5714285714285714	baseline
ENOG4111ZC3	0.0	0.2908841700399976	0.9807394349035925	1.4885080703687685	0.5988578069575796	0.745868537397011	0.5988578069575796	0.745868537397011	0.5714285714285714	endpoint
ENOG4111ZCE	0.0	0.3022618240542715	0.714759894652664	1.6625716708358864	0.6070376521292432	0.716263546406909	0.6070376521292432	0.716263546406909	0.5714285714285714	endpoint
ENOG4111ZCV	0.0	0.39375334547743945	0.22124383715235266	1.5251221661860663	0.6145963181918663	0.5371463002449491	0.6145963181918663	0.5371463002449491	0.7142857142857143	endpoint
ENOG4111ZD2	0.0	0.630013619217871	0.7161134295853179	1.5311604411171684	0.3258156650589878	0.2251192676262275	0.6741843349410122	0.7748807323737725	0.8571428571428571	baseline
ENOG4111ZD8	0.0	0.029320341562603373	0.08925302096013252	1.3796377392311485	0.5289421214183633	0.5233792210519226	0.5289421214183633	0.5233792210519226	0.7142857142857143	endpoint
ENOG4111ZDW	0.0	0.37187881675865464	0.3616308324974685	1.3900483987796104	0.3711985908730429	0.4079567981198153	0.6288014091269571	0.5920432018801847	0.7142857142857143	baseline
ENOG4111ZET	0.0	0.2604499025433861	0.41715851293304157	1.4647669645389432	0.42670584127194106	0.38502994589388195	0.5732941587280589	0.614970054106118	0.7142857142857143	baseline
ENOG4111ZFE	0.0	0.19499944251231274	0.06240328715553807	1.3837795173604799	0.5532091415109708	0.46026210912720694	0.5532091415109708	0.539737890872793	0.5714285714285714	endpoint
ENOG4111ZFQ	0.0	1.0590306130308038	1.276327481889378	1.767215046209527	0.8174404662998852	0.9263340049991701	0.8174404662998852	0.9263340049991701	0.8571428571428571	endpoint
ENOG4111ZGW	0.0	0.4226308852032116	0.790910646898144	1.5318564456298038	0.3653977363747859	0.339332036492141	0.6346022636252141	0.660667963507859	0.7142857142857143	baseline
ENOG4111ZH5	0.0	0.06705986377661562	0.26116419473223484	1.2728073480164974	0.532592415842408	0.57424957078558	0.532592415842408	0.57424957078558	0.5714285714285714	endpoint
ENOG4111ZHE	0.0	0.022883472133596334	0.22095126392344455	0.8266555558423452	0.4983641842023879	0.6022640117405231	0.5016358157976121	0.6022640117405231	0.5714285714285714	baseline
ENOG4111ZHP	0.0	0.08492383324340659	0.06986312455147406	1.258155920239912	0.44692930421899096	0.4968620335022791	0.553070695781009	0.5031379664977209	0.5714285714285714	baseline
ENOG4111ZJC	0.0	0.41585074204143674	1.0459420311925884	1.7377875046027356	0.35323296303171753	0.1546954483813691	0.6467670369682825	0.8453045516186309	0.5714285714285714	baseline
ENOG4111ZJM	0.0	0.2107564065465412	0.35965230110160434	1.1727091505197287	0.5956143350355086	0.6553717178390962	0.5956143350355086	0.6553717178390962	0.7142857142857143	endpoint
ENOG4111ZMA	0.0	0.24772796350094137	0.569027372036162	1.3547394845293366	0.6060862192439819	0.6662411625222355	0.6060862192439819	0.6662411625222355	0.5714285714285714	endpoint
ENOG4111ZMN	0.0	0.07258928999408261	0.13240125742787864	1.2735703209306386	0.5175642341491098	0.49259908885852616	0.5175642341491098	0.5074009111414739	0.5714285714285714	endpoint
ENOG4111ZNI	0.0	1.0471727869970495	1.2394749106522003	1.357100671039444	0.18785083441881095	0.22343029409262893	0.812149165581189	0.7765697059073711	1.0	baseline
ENOG4111ZNZ	0.0	0.4649950165084243	0.5939677621513044	1.3150144828981283	0.3496662574643493	0.3743368979020771	0.6503337425356507	0.6256631020979229	0.7142857142857143	baseline
ENOG4111ZPZ	0.0	0.5061015808737979	0.901061762637404	1.360092521297018	0.33599394810363226	0.32104727622302215	0.6640060518963677	0.6789527237769779	0.5714285714285714	baseline
ENOG4111ZQ2	0.0	0.5863461229500094	0.8998469349849609	1.5008542604931159	0.6852258579783709	0.7793935440535352	0.6852258579783709	0.7793935440535352	0.7142857142857143	endpoint
ENOG4111ZQ7	0.0	0.4328570858630469	0.6468528409510541	1.315778014403297	0.36822094351760526	0.30627820908578496	0.6317790564823947	0.693721790914215	0.7142857142857143	baseline
ENOG4111ZQM	0.0	0.07060326916864436	0.34008882676646385	1.2458452126537911	0.517079104841774	0.4141671287186064	0.517079104841774	0.5858328712813936	0.7142857142857143	baseline
ENOG4111ZQX	0.0	0.059851743306654125	0.37979790836141286	1.4045123750110506	0.47257378506971587	0.5391776153839748	0.5274262149302842	0.5391776153839748	0.5714285714285714	baseline
ENOG4111ZU2	0.0	0.9010537560459945	1.1330228511467644	1.9717629086827555	0.7392631229614656	0.7979276968865863	0.7392631229614656	0.7979276968865863	0.8571428571428571	endpoint
ENOG4111ZU6	0.0	0.21673593320431336	0.21172017689229652	1.2695590969960489	0.5925226983638988	0.5626905526891158	0.5925226983638988	0.5626905526891158	0.7142857142857143	endpoint
ENOG4111ZVK	0.14285714285714285	1.2465746676161167	1.3385485077385422	2.3393199857565747	0.16636558043225166	0.05604190486394673	0.8336344195677483	0.9439580951360532	0.8571428571428571	baseline
ENOG4111ZVU	0.0	0.08839536141666045	0.268944869457459	1.304828679204762	0.5882583024057652	0.5817668638589899	0.5882583024057652	0.5817668638589899	0.5714285714285714	endpoint
ENOG4111ZWU	0.0	0.22615666228842032	0.5917508770500014	1.361288510057457	0.3978870816268607	0.3238424355947499	0.6021129183731393	0.6761575644052501	0.5714285714285714	baseline
ENOG4111ZYQ	0.0	0.969340564084796	1.1023407519953483	1.4067861413679326	0.8098588277880392	0.873854950477692	0.8098588277880392	0.873854950477692	1.0	endpoint
ENOG4111ZZI	0.0	0.9408449188019087	1.0356323890147234	1.3961629265453688	0.7765926286804021	0.8264023596438808	0.7765926286804021	0.8264023596438808	1.0	endpoint
ENOG411200D	0.0	1.0202454209253649	1.1317642638249117	1.6132263967779985	0.7946944623287511	0.7384116935859683	0.7946944623287511	0.7384116935859683	1.0	endpoint
ENOG411200E	0.0	0.5544487097117331	0.9603934699986428	1.4232054111828594	0.31435215746733264	0.2886739284862734	0.6856478425326673	0.7113260715137266	0.7142857142857143	baseline
ENOG411200G	0.0	0.09990498073011057	0.0357867296427892	1.5143626877399636	0.5307497335567369	0.4977715257763249	0.5307497335567369	0.5022284742236751	0.5714285714285714	endpoint
ENOG411201V	0.0	0.24220269735244943	0.5400798522768537	1.4339850468774644	0.5869796594497373	0.6394544484187502	0.5869796594497373	0.6394544484187502	0.7142857142857143	endpoint
ENOG4112026	0.0	0.5773221577124465	0.5636426347609091	1.293021150459945	0.6929220730816464	0.6695826192245417	0.6929220730816464	0.6695826192245417	0.7142857142857143	endpoint
ENOG411203M	0.0	1.0008697473692194	0.9927201602490164	1.383884067879093	0.20845571321507264	0.26909862697535564	0.7915442867849274	0.7309013730246443	1.0	baseline
ENOG411204B	0.14285714285714285	1.1428267028816623	1.1442481902991555	2.2959247763353874	0.8178051745403823	0.8517376106458676	0.8178051745403823	0.8517376106458676	1.0	endpoint
ENOG411204F	0.0	0.05383612041892182	0.11586483105440396	1.3676394149463416	0.47676666442871546	0.5106940671988698	0.5232333355712846	0.5106940671988698	0.5714285714285714	baseline
ENOG4112069	0.0	0.291830736036514	0.25750186490027427	1.3399410355347603	0.5746394201733631	0.5593106831204167	0.5746394201733631	0.5593106831204167	0.5714285714285714	endpoint
ENOG4112074	0.0	0.37948849287481756	0.12616257045265572	1.445595036852865	0.4136368840554513	0.4276186673400792	0.5863631159445487	0.5723813326599207	0.5714285714285714	baseline
ENOG411208F	0.0	0.6380559373388548	0.38536275730587227	1.7905971785668262	0.699376454296965	0.6650373669938995	0.699376454296965	0.6650373669938995	0.7142857142857143	endpoint
ENOG411208V	0.0	0.41999707206746834	0.9244712560124171	1.4294272260481613	0.6012452942054054	0.6796478754208105	0.6012452942054054	0.6796478754208105	0.7142857142857143	endpoint
ENOG41120AE	0.0	1.050396751452473	1.3555254167381214	1.8602439563500963	0.22000442279501287	0.16182586163508933	0.7799955772049871	0.8381741383649106	0.8571428571428571	baseline
ENOG41120BI	0.0	0.6433446431473328	0.753431654513152	1.500651494615256	0.7274222123528362	0.8000633235915059	0.7274222123528362	0.8000633235915059	0.7142857142857143	endpoint
ENOG41120BJ	0.0	0.3682554704691621	0.28309106937921236	1.5122611061131952	0.5791207780857187	0.5793756335918795	0.5791207780857187	0.5793756335918795	0.7142857142857143	endpoint
ENOG41120BR	0.14285714285714285	1.1856333166670796	1.1408959097602966	2.141389680019383	0.17783274454835482	0.1296308933712239	0.8221672554516452	0.8703691066287761	1.0	baseline
ENOG41120C4	0.0	1.1919777202113184	1.221382962641445	1.7506330816906055	0.8431851631065754	0.8390663422406691	0.8431851631065754	0.8390663422406691	1.0	endpoint
ENOG41120CJ	0.0	0.007028699500448932	0.4005607069355878	1.3661384075768164	0.5403246178181986	0.6068376750201238	0.5403246178181986	0.6068376750201238	0.5714285714285714	baseline
ENOG41120CQ	0.0	0.16084497592483846	0.33433654038819116	1.2784453939963296	0.4797146543320607	0.3944251077308347	0.5202853456679393	0.6055748922691653	0.7142857142857143	baseline
ENOG41120CV	0.0	0.027091262085789818	0.3129323935104566	1.2389945685397263	0.49653681987483395	0.5938914579777489	0.5034631801251661	0.5938914579777489	0.5714285714285714	baseline
ENOG41120DB	0.14285714285714285	1.1776721969740371	1.206901462340894	2.117262293323979	0.824792085518423	0.8412177285920703	0.824792085518423	0.8412177285920703	1.0	endpoint
ENOG41120DG	0.0	0.07065214311314769	0.02219667813632935	1.2839775289214226	0.4770523490805973	0.4669362876156995	0.5229476509194027	0.5330637123843005	0.5714285714285714	baseline
ENOG41120F2	0.0	0.19097463761625885	0.5461160812913592	1.351435954416173	0.5752628335898203	0.6865473480596355	0.5752628335898203	0.6865473480596355	0.5714285714285714	endpoint
ENOG41120G2	0.0	0.06814883174106788	0.2599609029953985	1.0903798842051529	0.4748951378422917	0.5792905492840257	0.5251048621577084	0.5792905492840257	0.5714285714285714	baseline
ENOG41120GH	0.0	0.018924067671272415	0.2020332083984983	1.1460694325279033	0.49418412994749256	0.40157622939443793	0.5058158700525075	0.5984237706055621	0.7142857142857143	baseline
ENOG41120H7	0.0	0.1153243176447284	0.3854615205285838	1.4134854185782588	0.4241064265213764	0.42308146853840567	0.5758935734786236	0.5769185314615943	0.5714285714285714	baseline
ENOG41120IY	0.0	0.6381681284959996	0.8325542719555589	1.144323052387101	0.7179136778355174	0.7371185321768626	0.7179136778355174	0.7371185321768626	0.8571428571428571	endpoint
ENOG41120K9	0.0	0.10239775325115542	0.12863998013374228	1.253100474779306	0.5157104471766389	0.5432680716743502	0.5157104471766389	0.5432680716743502	0.5714285714285714	endpoint
ENOG41120M0	0.0	0.41335410743461437	0.3014475653066918	1.429457903468939	0.6202172482939489	0.5836670135784391	0.6202172482939489	0.5836670135784391	0.7142857142857143	endpoint
ENOG41120Q3	0.0	1.0049612857054309	1.0004947360776275	1.4956327470392323	0.8090855755487967	0.780848717662327	0.8090855755487967	0.780848717662327	1.0	endpoint
ENOG41120QD	0.0	1.0000522254979167	1.1652360367767736	1.533914000939875	0.8030170970218301	0.8602751227067683	0.8030170970218301	0.8602751227067683	1.0	endpoint
ENOG41120S9	0.0	0.3823566568162103	0.3366112999739132	1.3800424414802406	0.3649458265334527	0.43450166875829155	0.6350541734665474	0.5654983312417085	0.5714285714285714	baseline
ENOG41120UV	0.0	1.0737095946251545	1.1123140890347305	1.4975376244778524	0.8261060801134058	0.8142307203676882	0.8261060801134058	0.8142307203676882	1.0	endpoint
ENOG41120VS	0.0	1.0348766681377624	1.0556198473070029	1.8328656775724086	0.790800980429216	0.8679934701196798	0.790800980429216	0.8679934701196798	0.8571428571428571	endpoint
ENOG41120VY	0.0	0.3987438440248798	0.04592442497140066	1.6056146186158502	0.4072349162070495	0.523930836539541	0.5927650837929506	0.523930836539541	0.5714285714285714	baseline
ENOG41120W9	0.0	0.1933828268187818	0.27716239375229995	1.3996440327718085	0.5831092700656362	0.6008160391567388	0.5831092700656362	0.6008160391567388	0.5714285714285714	endpoint
ENOG41120WW	0.0	0.587831862022397	0.7124171768322092	1.407230273266373	0.6925806252960252	0.6844323552185622	0.6925806252960252	0.6844323552185622	0.7142857142857143	endpoint
ENOG41120WX	0.0	0.5556771939840298	0.5775331437473135	1.5041481520510955	0.6722665913666793	0.7342409761780154	0.6722665913666793	0.7342409761780154	0.7142857142857143	endpoint
ENOG41120X1	0.0	0.6914310025515451	0.5326057848061595	1.2539699310674721	0.2841535194993705	0.3208131530633988	0.7158464805006295	0.6791868469366011	1.0	baseline
ENOG41120XT	0.0	0.3442272312919376	0.4551096178189955	1.3663422864018677	0.40555855417014286	0.36739801615288187	0.5944414458298571	0.6326019838471182	0.7142857142857143	baseline
ENOG41120XU	0.0	0.42648828417776474	0.5261075344475399	1.2725756934667853	0.6361204960919916	0.6341088796706141	0.6361204960919916	0.6341088796706141	0.7142857142857143	endpoint
ENOG411211D	0.0	0.7692399230630376	0.8919158315919994	1.2174366555421228	0.7518156168567185	0.7615410889180435	0.7518156168567185	0.7615410889180435	0.8571428571428571	endpoint
ENOG411211N	0.14285714285714285	1.0269455339668898	1.1655159080999042	2.0455169194041094	0.20143474066199857	0.08199640722308815	0.7985652593380015	0.9180035927769119	1.0	baseline
ENOG4112145	0.0	0.022461254539750706	0.4535155803742637	1.4925060642356798	0.5012757467294066	0.5515194310297254	0.5012757467294066	0.5515194310297254	0.7142857142857143	endpoint
ENOG411214T	0.0	0.5955725676298067	1.077084363507081	1.64245159493848	0.6721673973267545	0.7649953153298372	0.6721673973267545	0.7649953153298372	0.7142857142857143	endpoint
ENOG411215K	0.0	0.14165799708364968	0.6808016534189091	1.2994090686441624	0.5714378584225789	0.7075830010007718	0.5714378584225789	0.7075830010007718	0.5714285714285714	endpoint
ENOG411215N	0.0	1.003203674541674	0.9910766982752498	1.4149399310695698	0.18310706560436324	0.2022473470533559	0.8168929343956368	0.7977526529466441	1.0	baseline
ENOG411215V	0.0	0.4863234720645758	0.49231325575269014	1.689827451852599	0.6558322030311021	0.7064099443490405	0.6558322030311021	0.7064099443490405	0.7142857142857143	endpoint
ENOG4112177	0.0	0.40919663941801615	0.1529214116338777	1.7159497378701587	0.577387310114679	0.5497864929549355	0.577387310114679	0.5497864929549355	0.7142857142857143	endpoint
ENOG411217B	0.0	0.47811371513282336	0.7808489381210326	1.1651102422411865	0.6420659733044396	0.7576788519410852	0.6420659733044396	0.7576788519410852	0.7142857142857143	endpoint
ENOG411217S	0.0	0.36405412798505576	1.1016271143096157	1.4701234104864593	0.5794851521041464	0.653487721903914	0.5794851521041464	0.653487721903914	0.5714285714285714	endpoint
ENOG411218B	0.0	0.44963573017169395	0.20865390263740452	1.255285072457425	0.33686225676210324	0.45499930674995154	0.6631377432378968	0.5450006932500484	0.7142857142857143	baseline
ENOG411218C	0.0	0.42154915329527753	1.2319422419466461	1.4632348899420178	0.3210640980571898	0.16806667418870364	0.6789359019428103	0.8319333258112964	0.5714285714285714	baseline
ENOG411218E	0.0	0.3187604529720625	0.47267820678852807	1.2655035631265805	0.41724239623909715	0.37734802051253696	0.5827576037609028	0.622651979487463	0.7142857142857143	baseline
ENOG4112192	0.0	1.1204451360460381	1.1856749563521811	1.4574243631397794	0.8583885733977846	0.9334578930113357	0.8583885733977846	0.9334578930113357	0.8571428571428571	endpoint
ENOG41121A6	0.0	0.9309083583577559	1.1915269705272682	1.6111702475338057	0.7716483476743369	0.850530676796902	0.7716483476743369	0.850530676796902	0.8571428571428571	endpoint
ENOG41121A9	0.0	0.04750123274625308	0.48500699296552063	1.5038624617119825	0.47769857166584	0.6265795202633461	0.52230142833416	0.6265795202633461	0.5714285714285714	endpoint
ENOG41121AN	0.0	0.14369350238271833	0.023493526078591107	1.410735758842747	0.4277914198061125	0.4872417813114245	0.5722085801938874	0.5127582186885755	0.5714285714285714	baseline
ENOG41121DF	0.0	0.019035997020580436	0.25173619888173976	1.1990700952198516	0.5222852473666533	0.5627729763113315	0.5222852473666533	0.5627729763113315	0.7142857142857143	endpoint
ENOG41121DX	0.0	0.5910510109291419	0.8378884259202384	1.4163953783708583	0.329353875250376	0.235848887061162	0.670646124749624	0.764151112938838	0.8571428571428571	baseline
ENOG41121F2	0.0	0.48139019348759454	0.3520588658820954	1.4353547760586354	0.6524850802587112	0.6285091824816984	0.6524850802587112	0.6285091824816984	0.8571428571428571	endpoint
ENOG41121FI	0.0	0.023634350176415637	0.14040984032025605	1.379458872641212	0.49422383224591815	0.46737718455730337	0.5057761677540819	0.5326228154426966	0.5714285714285714	baseline
ENOG41121GG	0.0	0.18288290766852194	0.0764540980070362	1.4691602853236374	0.4548738552481076	0.5287092634213919	0.5451261447518925	0.5287092634213919	0.5714285714285714	baseline
ENOG41121HZ	0.0	0.3554407148075624	0.7493514491316956	1.4494832030222424	0.633347495529946	0.7692401512737737	0.633347495529946	0.7692401512737737	0.7142857142857143	endpoint
ENOG41121IR	0.0	0.25938025997192427	0.6296210105080597	1.3913524684912666	0.6129597231109433	0.7556570877524919	0.6129597231109433	0.7556570877524919	0.7142857142857143	endpoint
ENOG41121IT	0.0	0.5538149378879643	0.8873661718364497	1.5542563193373018	0.3524169908675597	0.3233207038942604	0.6475830091324404	0.6766792961057396	0.5714285714285714	baseline
ENOG41121K2	0.0	0.3563178447039572	0.7850067275054823	1.86143414281749	0.38766875844672105	0.20147178706547164	0.6123312415532789	0.7985282129345284	0.5714285714285714	baseline
ENOG41121KC	0.0	0.3325921815075411	0.7108823817549879	1.3007541635932494	0.5810840663193007	0.6122747814739657	0.5810840663193007	0.6122747814739657	0.5714285714285714	endpoint
ENOG41121KM	0.0	0.04033444193936364	0.4783756104424589	1.4397875848867474	0.48828184760608045	0.3718351913323057	0.5117181523939196	0.6281648086676943	0.5714285714285714	endpoint
ENOG41121MF	0.0	0.5846636000232611	0.7438986586119204	1.5509455089732789	0.6524478781606063	0.7280732499377638	0.6524478781606063	0.7280732499377638	0.8571428571428571	endpoint
ENOG41121MG	0.0	0.05846274850514851	0.5388707062909207	1.5644175009549128	0.5613476468645914	0.7231083562285463	0.5613476468645914	0.7231083562285463	0.5714285714285714	endpoint
ENOG41121ND	0.0	0.5178306461086778	0.5893634726228493	1.5257491238864611	0.6580230350636548	0.6509759688033352	0.6580230350636548	0.6509759688033352	0.7142857142857143	endpoint
ENOG41121NJ	0.0	0.6429283696109026	0.6217571776734634	1.5771332922254322	0.3076539112902488	0.28641833857297894	0.6923460887097512	0.7135816614270211	0.8571428571428571	baseline
ENOG41121NM	0.0	1.1593855244176612	1.2116000498148847	1.7437621698613548	0.8258411986708403	0.7829004835390442	0.8258411986708403	0.7829004835390442	1.0	endpoint
ENOG41121PC	0.0	0.6781331974393174	0.7423628967785244	1.539467469226475	0.6970356813648096	0.749102714054744	0.6970356813648096	0.749102714054744	0.8571428571428571	endpoint
ENOG41121PF	0.0	0.7499460219682669	1.2017544327149343	1.4122398817193176	0.7294876045271925	0.6701085613856012	0.7294876045271925	0.6701085613856012	0.8571428571428571	endpoint
ENOG41121PH	0.0	0.6488459293865544	0.8124887286336954	1.3573023784261735	0.7038168330092283	0.749808764469628	0.7038168330092283	0.749808764469628	0.7142857142857143	endpoint
ENOG41121PI	0.0	0.4594133354308978	0.5742092772019529	0.9878424337067845	0.6310371953624995	0.7075266266196599	0.6310371953624995	0.7075266266196599	0.8571428571428571	endpoint
ENOG41121PX	0.0	0.42682700851823235	0.9939099258874915	1.4258714984563834	0.4054362444425017	0.2454907205483135	0.5945637555574983	0.7545092794516866	0.5714285714285714	baseline
ENOG41121QJ	0.0	0.7125734901340629	1.1686823964971915	1.4153482399071105	0.7243983270238186	0.7234400787385753	0.7243983270238186	0.7234400787385753	0.8571428571428571	endpoint
ENOG41121QM	0.0	1.0155499711198024	1.149178139374585	1.4926625819834873	0.7803808473897325	0.8193044418041208	0.7803808473897325	0.8193044418041208	0.8571428571428571	endpoint
ENOG41121QQ	0.0	0.02452650083285476	0.019124139116637465	1.582257802762948	0.45971850349537796	0.517665468094192	0.5402814965046221	0.517665468094192	0.5714285714285714	baseline
ENOG41121RG	0.0	0.6083637600748427	0.894752168491938	1.5342019688780189	0.6833325337356959	0.7223697109833053	0.6833325337356959	0.7223697109833053	0.8571428571428571	endpoint
ENOG41121RH	0.0	0.18870458358498857	0.45793044023422586	1.495655461414967	0.5885582390660804	0.3793768827121747	0.5885582390660804	0.6206231172878254	0.5714285714285714	endpoint
ENOG41121S9	0.0	0.6579922469654971	1.1691029306252319	1.710795801745793	0.663528792385813	0.9131443190424927	0.663528792385813	0.9131443190424927	0.7142857142857143	endpoint
ENOG41121SA	0.0	0.5473579705889041	1.002591987268674	1.284999753842564	0.6759285070952687	0.6370481829667707	0.6759285070952687	0.6370481829667707	0.8571428571428571	endpoint
ENOG41121TI	0.0	0.20186066414654932	0.21445522184023139	1.330428678697416	0.42875050770235307	0.4350219365197278	0.571249492297647	0.5649780634802721	0.5714285714285714	baseline
ENOG41121U6	0.0	0.7981912273071846	1.1922557880278313	1.6702910224747571	0.27201741358491816	0.1933574883010227	0.7279825864150818	0.8066425116989773	0.7142857142857143	baseline
ENOG41121VB	0.0	0.47191619480580443	0.5060673163174613	1.2529477119015744	0.34876296844568067	0.367102552501615	0.6512370315543193	0.6328974474983851	0.7142857142857143	baseline
ENOG41121W5	0.14285714285714285	1.1252381101702893	1.2076519086159605	2.199452054389448	0.19601076669845102	0.10551831801769254	0.803989233301549	0.8944816819823075	0.8571428571428571	baseline
ENOG41121W9	0.0	0.1375396137254739	0.07486096087882307	1.5298549880112182	0.5511544543532925	0.49661957443737575	0.5511544543532925	0.5033804255626242	0.5714285714285714	endpoint
ENOG41121WE	0.0	0.9727821152361767	1.1654419039231023	1.662578751296183	0.24510394093640625	0.1946377025656196	0.7548960590635938	0.8053622974343804	0.8571428571428571	baseline
ENOG41121WF	0.0	0.0004129103224039453	0.1593115679546062	1.3198561334937622	0.49310075281021765	0.44417562039206054	0.5068992471897824	0.5558243796079394	0.5714285714285714	endpoint
ENOG41121WJ	0.0	0.5897310426266495	0.39450813712861754	1.3440251163832428	0.6799972042352126	0.6205445264464458	0.6799972042352126	0.6205445264464458	1.0	endpoint
ENOG41121WR	0.0	0.07365543646607546	0.05762062797193946	1.251659233790328	0.4292471164850019	0.494101061892418	0.5707528835149981	0.505898938107582	0.5714285714285714	baseline
ENOG41121WS	0.0	0.5188175659209082	0.5206820744862075	1.5363686354627912	0.6670582369141138	0.5570525590695291	0.6670582369141138	0.5570525590695291	0.7142857142857143	endpoint
ENOG41121XC	0.0	1.2720593676030154	1.3175816193471461	1.537372365348644	0.8840778327409705	0.9324586458602836	0.8840778327409705	0.9324586458602836	1.0	endpoint
ENOG41121XF	0.0	0.38983738359996273	0.08265284498121252	1.6677109237232157	0.6257673020683414	0.5388144419195363	0.6257673020683414	0.5388144419195363	0.7142857142857143	endpoint
ENOG41121XN	0.0	0.09917521705408117	0.16938205954136956	0.8914500904346886	0.46731160973069336	0.45847614110780416	0.5326883902693067	0.5415238588921958	0.5714285714285714	baseline
ENOG41121ZM	0.0	0.5833612795098385	0.6850042106305803	1.1740877085655943	0.6877125658840674	0.7467595676117572	0.6877125658840674	0.7467595676117572	0.8571428571428571	endpoint
ENOG411220G	0.0	0.2050837747780536	0.15929599120840798	1.202490818549788	0.4274602830321042	0.44417820608597836	0.5725397169678959	0.5558217939140216	0.5714285714285714	baseline
ENOG411220U	0.0	0.057330245467887675	0.19810810470205467	1.4797209254612884	0.48367585333557256	0.5389238990337384	0.5163241466644275	0.5389238990337384	0.5714285714285714	baseline
ENOG411220Z	0.0	0.19034973526459198	0.7404707511644565	1.514289509007633	0.5032060781498242	0.6863018149516844	0.5032060781498242	0.6863018149516844	0.5714285714285714	endpoint
ENOG4112212	0.0	0.33459376367401183	0.9071588325576216	1.6287513916083358	0.41717258646678024	0.25157958566284533	0.5828274135332198	0.7484204143371547	0.7142857142857143	baseline
ENOG4112218	0.0	0.14633030640285943	0.10751361676183192	1.349345502436788	0.5009898003717002	0.5078275303425394	0.5009898003717002	0.5078275303425394	0.5714285714285714	endpoint
ENOG411221R	0.0	0.9866870238653018	1.1955632801908893	1.3678032014052934	0.78169216404181	0.8291749912144996	0.78169216404181	0.8291749912144996	0.8571428571428571	endpoint
ENOG411221V	0.0	0.5057687115950782	0.5491249402009153	1.3711465585807623	0.6883024388494933	0.6985162250106886	0.6883024388494933	0.6985162250106886	0.7142857142857143	endpoint
ENOG4112221	0.0	0.9071592014166198	1.0980331212253844	1.3365801362565521	0.7894004492746822	0.8624756674379844	0.7894004492746822	0.8624756674379844	1.0	endpoint
ENOG4112222	0.0	0.5456408498101505	0.6828040823350613	1.4109944522103461	0.3469484193308637	0.31929340929945854	0.6530515806691364	0.6807065907005414	0.8571428571428571	baseline
ENOG411222S	0.0	0.07207611003970081	0.01112176716815804	1.2253464556996816	0.5773491131297134	0.4998782056035254	0.5773491131297134	0.5001217943964746	0.5714285714285714	endpoint
ENOG4112231	0.14285714285714285	1.249089457251186	1.2096756934791986	2.0947335246130945	0.8658230621100742	0.8613147739714454	0.8658230621100742	0.8613147739714454	1.0	endpoint
ENOG4112242	0.14285714285714285	1.331461054425447	1.4704096865393435	2.024283625684461	0.8673991009691572	0.8482106272050179	0.8673991009691572	0.8482106272050179	1.0	endpoint
ENOG4112247	0.0	0.6959344322374597	0.979329007395183	1.4534360373194106	0.715075467888964	0.730068876931085	0.715075467888964	0.730068876931085	0.8571428571428571	endpoint
ENOG411224P	0.0	0.4386024900272272	0.615599260168872	1.751518251339504	0.6398447800318129	0.6571189055386307	0.6398447800318129	0.6571189055386307	0.5714285714285714	endpoint
ENOG4112250	0.0	1.1049205878459307	1.116650020504243	1.5997314974690757	0.8317602403403953	0.9036109902808271	0.8317602403403953	0.9036109902808271	1.0	endpoint
ENOG411225A	0.0	0.30810282576616593	0.5189754451388453	1.3052117423013352	0.41322049941873606	0.36573624822094036	0.5867795005812639	0.6342637517790597	0.8571428571428571	baseline
ENOG411225D	0.0	0.4746901589527079	0.43236493691449596	1.3578440031082124	0.6539648410903351	0.6035142981520797	0.6539648410903351	0.6035142981520797	0.7142857142857143	endpoint
ENOG411225J	0.0	0.7177003873930413	0.9001766941464906	1.4704266284576797	0.7179792002717251	0.7882102000696222	0.7179792002717251	0.7882102000696222	0.8571428571428571	endpoint
ENOG411225U	0.0	0.3257985645620905	0.47588665491918114	1.3197581706239674	0.5737666959082842	0.6342708059863786	0.5737666959082842	0.6342708059863786	0.7142857142857143	endpoint
ENOG411225V	0.0	0.48427046202676444	0.8022039227430758	1.5648494931669374	0.3024204570302211	0.19556888573315664	0.6975795429697789	0.8044311142668433	0.7142857142857143	baseline
ENOG4112264	0.0	0.8282592997256363	1.1025756274725067	1.386817134097776	0.22156875706028298	0.14540685123152677	0.778431242939717	0.8545931487684733	0.8571428571428571	baseline
ENOG411226D	0.0	1.2238411317970228	1.275294318444703	1.7114433177318495	0.8787372927746964	0.9793729710177943	0.8787372927746964	0.9793729710177943	1.0	endpoint
ENOG411226F	0.0	0.9834690799243262	1.3523253268905187	1.6933950837756815	0.764124823441427	0.8480189637371318	0.764124823441427	0.8480189637371318	0.8571428571428571	endpoint
ENOG411226W	0.0	0.5668067277197445	0.6588590980191997	1.3817414932054441	0.6888474745269452	0.6892416959669354	0.6888474745269452	0.6892416959669354	0.7142857142857143	endpoint
ENOG4112273	0.0	0.7559659656377044	1.203262065908038	1.6788464738969935	0.6787562470755434	0.7944931273835503	0.6787562470755434	0.7944931273835503	0.7142857142857143	endpoint
ENOG411227G	0.0	0.7591842710848409	0.8965055735282113	1.6652435816013307	0.7430901520974272	0.7765489697202986	0.7430901520974272	0.7765489697202986	0.8571428571428571	endpoint
ENOG411227X	0.0	0.15576603713609244	0.4200325816318052	1.255125845596043	0.4327796871450448	0.41257688780341534	0.5672203128549552	0.5874231121965847	0.5714285714285714	baseline
ENOG411228A	0.0	0.00900192703140022	0.0515518583957563	1.6662454322008673	0.5022954669231707	0.51134591962355	0.5022954669231707	0.51134591962355	0.5714285714285714	endpoint
ENOG411229C	0.0	0.8535467396850401	1.2473389356707996	1.4321072163848163	0.7456274533737836	0.7447449221522052	0.7456274533737836	0.7447449221522052	0.8571428571428571	endpoint
ENOG411229U	0.0	1.1470030097973747	1.2017833566322491	1.336823091564248	0.8539023939188756	0.876952576081469	0.8539023939188756	0.876952576081469	1.0	endpoint
ENOG41122AH	0.0	1.0110332750611364	1.1630477029461173	1.5313000977138413	0.2112264816941285	0.20945716440972306	0.7887735183058715	0.7905428355902769	0.8571428571428571	baseline
ENOG41122AM	0.0	1.2514244547375581	1.308567721079918	1.5246657529684924	0.8828357842462423	0.9484208518693805	0.8828357842462423	0.9484208518693805	1.0	endpoint
ENOG41122AR	0.0	0.64697236548286	1.1394934015072844	1.4056906315771573	0.304040965870665	0.18457239762660788	0.695959034129335	0.8154276023733922	0.7142857142857143	baseline
ENOG41122B5	0.0	0.10287145598706486	0.4762506260961045	1.3720677698647468	0.4642136407875442	0.38320561655595	0.5357863592124559	0.61679438344405	0.5714285714285714	baseline
ENOG41122B8	0.0	0.15611173045025736	0.08946677255467864	1.153034675565521	0.4863217627998984	0.5322960394604247	0.5136782372001016	0.5322960394604247	0.5714285714285714	baseline
ENOG41122BB	0.0	0.6770957892189537	0.9939163142962505	1.3447671517347568	0.3190706930621641	0.28083696092559907	0.6809293069378359	0.7191630390744009	0.8571428571428571	baseline
ENOG41122CF	0.0	0.9605595605637802	1.241422259128088	1.693612848435731	0.18900083757430344	0.06621694829797627	0.8109991624256966	0.9337830517020237	0.8571428571428571	baseline
ENOG41122D8	0.0	0.6107021765538496	1.0400016302077926	1.8431793518539816	0.6703906277170175	0.8308668865676869	0.6703906277170175	0.8308668865676869	0.7142857142857143	endpoint
ENOG41122DJ	0.0	0.4560931577842614	0.7256876659343191	1.1529761030087162	0.3386615900328641	0.3076092237424923	0.6613384099671359	0.6923907762575077	0.7142857142857143	baseline
ENOG41122EC	0.0	0.5726388314949659	0.9648219494201211	1.4172120623398272	0.658132514847714	0.7268139922129895	0.658132514847714	0.7268139922129895	0.7142857142857143	endpoint
ENOG41122EN	0.0	0.5086766092032592	0.9429635618545963	1.3521938712179407	0.6215643617198449	0.7162118828956142	0.6215643617198449	0.7162118828956142	0.7142857142857143	endpoint
ENOG41122FG	0.0	0.6721048765436437	1.025790314148816	1.4281964250624075	0.730471557380472	0.8977481629667184	0.730471557380472	0.8977481629667184	0.7142857142857143	endpoint
ENOG41122GJ	0.14285714285714285	1.4513264482495634	1.4400007141155142	2.4164328380593725	0.9148539152614225	0.9496458497422077	0.9148539152614225	0.9496458497422077	1.0	endpoint
ENOG41122H2	0.0	0.22927083630709263	0.632140434342197	1.3830689734229813	0.4376654850438348	0.3333943125467969	0.5623345149561652	0.6666056874532031	0.5714285714285714	baseline
ENOG41122HI	0.0	0.6356299033273544	0.9665916774988658	1.743596382551381	0.6879305481503938	0.7867712822996092	0.6879305481503938	0.7867712822996092	0.5714285714285714	endpoint
ENOG41122HP	0.0	0.05397289487065915	0.1060828943375288	1.17163939684355	0.4869892986633773	0.47469584499875034	0.5130107013366227	0.5253041550012496	0.7142857142857143	baseline
ENOG41122IS	0.0	0.33688117641235327	0.999604346360354	1.5031387928374216	0.5807699883911753	0.7075873162406632	0.5807699883911753	0.7075873162406632	0.7142857142857143	endpoint
ENOG41122J9	0.0	0.2836102009882709	0.49723625645096253	1.5152647992055692	0.5950805165021315	0.6294384763941415	0.5950805165021315	0.6294384763941415	0.5714285714285714	endpoint
ENOG41122JK	0.0	0.1967113437908191	0.31110626120641016	1.198135247571664	0.44366162309631635	0.41897814910358394	0.5563383769036836	0.581021850896416	0.7142857142857143	baseline
ENOG41122M6	0.0	0.3112401315055873	0.8751871989977718	1.2553589672712875	0.5635892995198757	0.721626307775236	0.5635892995198757	0.721626307775236	0.7142857142857143	endpoint
ENOG41122M9	0.0	0.3567466941950354	0.5802884803668669	1.372448648831489	0.42373293754531266	0.3388850702497864	0.5762670624546873	0.6611149297502136	0.7142857142857143	baseline
ENOG41122MK	0.0	0.42955809091387537	0.7873595723901861	1.4019658237786243	0.6627868655390136	0.7411832340956109	0.6627868655390136	0.7411832340956109	0.7142857142857143	endpoint
ENOG41122N2	0.0	0.7332003766204245	1.2229487230970928	1.4666616058167212	0.7386195294274366	0.8028292363812614	0.7386195294274366	0.8028292363812614	0.7142857142857143	endpoint
ENOG41122N7	0.0	0.8911399969356639	1.2047824631663229	1.3880849984405446	0.7657392347174268	0.7798542964046778	0.7657392347174268	0.7798542964046778	0.8571428571428571	endpoint
ENOG41122NB	0.0	0.2735759283254663	0.5588341853427667	1.5145493048837517	0.5397493872240635	0.6627423724880649	0.5397493872240635	0.6627423724880649	0.5714285714285714	endpoint
ENOG41122NK	0.0	0.46966152321611493	0.7050961186290274	1.4563273140999367	0.6056934589747798	0.7019863348213392	0.6056934589747798	0.7019863348213392	0.7142857142857143	endpoint
ENOG41122P4	0.0	0.8399466498744614	1.021787674366031	1.528650343212756	0.27165202466382593	0.2168694232213311	0.7283479753361741	0.7831305767786689	0.8571428571428571	baseline
ENOG41122PE	0.0	0.12093639986766656	0.034264871506139646	1.2748734783789082	0.4963876792779504	0.49524046789241616	0.5036123207220495	0.5047595321075838	0.5714285714285714	baseline
ENOG41122QZ	0.0	0.5228264697961431	0.7064361309526016	1.3695639483579831	0.6373394809749121	0.7027418373977133	0.6373394809749121	0.7027418373977133	0.7142857142857143	endpoint
ENOG41122RP	0.0	1.2345446794057717	1.2921915373861699	1.5896810831786086	0.8728609911560169	0.9552644867719675	0.8728609911560169	0.9552644867719675	1.0	endpoint
ENOG41122RQ	0.0	0.6419600671696459	0.851640877346364	1.6797759809034403	0.6834349521521917	0.7122911571706516	0.6834349521521917	0.7122911571706516	0.7142857142857143	endpoint
ENOG41122TR	0.0	1.0090396188427186	1.0884038750130658	1.6176108033232335	0.7982679558423639	0.8405445621481161	0.7982679558423639	0.8405445621481161	1.0	endpoint
ENOG41122TU	0.0	0.40918851825688884	0.296732952885757	1.3555955904481376	0.37942052776275487	0.42584506226744157	0.6205794722372451	0.5741549377325584	0.8571428571428571	baseline
ENOG41122U9	0.0	0.9161623636606198	0.9875403753281123	1.25000527461453	0.7667543910274627	0.7343972010127805	0.7667543910274627	0.7343972010127805	1.0	endpoint
ENOG41122UV	0.0	0.3048885813934305	0.7010162121425338	1.508872518696337	0.5929093817752195	0.7603415920430083	0.5929093817752195	0.7603415920430083	0.5714285714285714	endpoint
ENOG41122UX	0.0	0.9470547412566397	0.9605167558461214	1.938280095759611	0.753177398129081	0.7923696487149757	0.753177398129081	0.7923696487149757	1.0	endpoint
ENOG41122VM	0.0	0.9393966156329466	0.9978170388077567	1.5316837809109418	0.8004296676182551	0.8952848647948782	0.8004296676182551	0.8952848647948782	0.8571428571428571	endpoint
ENOG41122VX	0.0	0.8160978799545516	1.0987645837449604	1.5229757697406525	0.2335475328294491	0.20477537935330395	0.7664524671705509	0.7952246206466961	0.8571428571428571	baseline
ENOG41122W4	0.0	0.09090334050465969	0.12409874010078945	1.2619679175121212	0.4536314949636702	0.552025678656112	0.5463685050363298	0.552025678656112	0.5714285714285714	baseline
ENOG41122WR	0.0	0.5478262302651075	0.38708676713157814	1.5119861367152783	0.6568171413817827	0.6143311554065847	0.6568171413817827	0.6143311554065847	0.8571428571428571	endpoint
ENOG41122Z1	0.0	0.9294601225814654	0.941131635262192	1.4995424782614426	0.7867255024322078	0.8163143470309809	0.7867255024322078	0.8163143470309809	1.0	endpoint
ENOG41122ZK	0.0	0.18162289940529472	0.24397036973901065	1.3688167275428118	0.4334845013538084	0.4347203735444652	0.5665154986461916	0.5652796264555349	0.7142857142857143	baseline
ENOG4112303	0.0	0.1869523219254783	0.4610753082396471	1.5080219913677175	0.4783753437502533	0.36789830122117473	0.5216246562497466	0.6321016987788253	0.7142857142857143	baseline
ENOG411230M	0.0	1.3699534624537464	1.2699706698995379	1.9119244728927014	0.8916850086299422	0.893058367580878	0.8916850086299422	0.893058367580878	1.0	endpoint
ENOG411230S	0.0	0.5105094194996385	0.771141510436029	1.2751360457834557	0.6801128994870206	0.7356164182169678	0.6801128994870206	0.7356164182169678	0.7142857142857143	endpoint
ENOG4112315	0.0	0.16429251838355846	0.42222052588080006	1.3841892391236412	0.5294963182396435	0.5407082324606395	0.5294963182396435	0.5407082324606395	0.7142857142857143	endpoint
ENOG411231I	0.0	0.007051572474518006	0.13551932185654322	1.6089897882653856	0.5242818531942309	0.4702815220301134	0.5242818531942309	0.5297184779698866	0.5714285714285714	baseline
ENOG411231N	0.0	0.22327413111002303	0.26834452108961854	1.3381446110667128	0.4397321363229873	0.4260764718166894	0.5602678636770126	0.5739235281833106	0.7142857142857143	baseline
ENOG4112340	0.0	0.8370701818010114	1.0874857571683247	1.4189035146427025	0.7634334950097678	0.8591136041238097	0.7634334950097678	0.8591136041238097	0.8571428571428571	endpoint
ENOG4112345	0.0	0.6368984310262152	0.8416394699221523	1.5126747007918004	0.3142125342514645	0.3309112015191735	0.6857874657485354	0.6690887984808265	0.7142857142857143	baseline
ENOG411234I	0.0	0.43514211858694324	0.9589968770234887	1.8290627409358027	0.6020642538265873	0.6584015482467792	0.6020642538265873	0.6584015482467792	0.7142857142857143	endpoint
ENOG411234P	0.0	0.8954662385953515	1.0056526818813705	1.4768913759503632	0.7849288746452509	0.8982306148138625	0.7849288746452509	0.8982306148138625	0.8571428571428571	endpoint
ENOG411237Q	0.0	1.159579799170458	1.4663330887235917	1.7778016159804508	0.8197732595370898	0.9288089323393739	0.8197732595370898	0.9288089323393739	0.8571428571428571	endpoint
ENOG411238I	0.0	0.4779600016769003	0.5935953815048339	1.2611137259627745	0.36172056043782985	0.2671733316323142	0.6382794395621701	0.7328266683676858	0.7142857142857143	baseline
ENOG411239B	0.0	0.4464473381522186	1.05355718724425	1.5498127703929128	0.6524139354551117	0.8482985796658462	0.6524139354551117	0.8482985796658462	0.5714285714285714	endpoint
ENOG411239D	0.0	0.4364268966805191	0.6091686076280708	1.5130728322358393	0.6297467736539336	0.6254144201429579	0.6297467736539336	0.6254144201429579	0.7142857142857143	endpoint
ENOG411239P	0.0	0.01994162769260675	0.024422335238181183	1.2929296262786913	0.534766406190811	0.5074851771895564	0.534766406190811	0.5074851771895564	0.5714285714285714	baseline
ENOG41123B5	0.0	0.7720704869383798	0.8141433959182882	1.4964348409142911	0.7397546638101634	0.7217669158572494	0.7397546638101634	0.7217669158572494	1.0	endpoint
ENOG41123DH	0.0	0.9701120970271093	1.1748559954207565	1.5047206437611536	0.7792365117891881	0.7553889140662964	0.7792365117891881	0.7553889140662964	1.0	endpoint
ENOG41123DX	0.0	0.14737125130098336	0.12544005253264925	1.1562465215951752	0.4473090013626625	0.4730049616580787	0.5526909986373375	0.5269950383419213	0.7142857142857143	baseline
ENOG41123EH	0.0	0.3316864049911569	0.33565698256539156	1.6583557682231405	0.4024594874829838	0.40547457448489777	0.5975405125170161	0.5945254255151022	0.7142857142857143	baseline
ENOG41123F0	0.0	0.130920929077114	0.38495956781523577	1.044586962031825	0.4829530042016032	0.40770434951798534	0.5170469957983967	0.5922956504820147	0.7142857142857143	baseline
ENOG41123FY	0.0	0.033174302592137	0.37232878951990167	1.2883958858682574	0.5398676998553401	0.6002376198756932	0.5398676998553401	0.6002376198756932	0.5714285714285714	endpoint
ENOG41123G5	0.0	0.026892878331510963	0.09975160134848315	1.3476767233049254	0.4924192260498515	0.5365145490492815	0.5075807739501486	0.5365145490492815	0.5714285714285714	baseline
ENOG41123HQ	0.0	0.5901007840864994	0.66076677629276	1.5660092673078836	0.6525905233947432	0.6860046765465551	0.6525905233947432	0.6860046765465551	0.7142857142857143	endpoint
ENOG41123I1	0.14285714285714285	0.9792427083108548	1.2995748232229098	2.413433685402427	0.7490760454542361	0.8712437429020541	0.7490760454542361	0.8712437429020541	0.8571428571428571	endpoint
ENOG41123I3	0.0	0.7204061516829601	1.1402041303811592	1.5697695517415573	0.7132036689147263	0.7311979855067466	0.7132036689147263	0.7311979855067466	0.8571428571428571	endpoint
ENOG41123I9	0.0	0.7183902287480798	1.2466262858285002	1.6394328858479104	0.7193236239212927	0.7427618934629526	0.7193236239212927	0.7427618934629526	0.5714285714285714	endpoint
ENOG41123IF	0.14285714285714285	0.8548402645584711	1.2644114399131696	2.206376842735358	0.7110708514988227	0.836872917832884	0.7110708514988227	0.836872917832884	0.7142857142857143	endpoint
ENOG41123IR	0.0	0.8046355475829838	1.2092658627412098	1.5336070523855032	0.7493789889211914	0.9303546963287592	0.7493789889211914	0.9303546963287592	0.8571428571428571	endpoint
ENOG41123KQ	0.0	0.8478285101898818	0.8737087965934822	1.3099524114675027	0.7562407731004512	0.7331579412454692	0.7562407731004512	0.7331579412454692	1.0	endpoint
ENOG41123KX	0.0	0.0765754464930714	0.11460466191199836	1.3312951805845101	0.48977311118890604	0.47593690931674876	0.5102268888110939	0.5240630906832513	0.5714285714285714	baseline
ENOG41123MJ	0.0	0.20308975359363787	0.38106754791421327	1.435819661824923	0.4536468249754071	0.39316099667936355	0.5463531750245929	0.6068390033206364	0.5714285714285714	baseline
ENOG41123N0	0.0	0.47607818400232244	0.8431830211268103	1.490348866929711	0.37872371279204026	0.2738964042171845	0.6212762872079598	0.7261035957828155	0.7142857142857143	baseline
ENOG41123N6	0.0	0.9072385086053797	1.1593442990387945	1.3819731021679016	0.21565817950323904	0.24216322135429538	0.7843418204967609	0.7578367786457046	1.0	baseline
ENOG41123Q6	0.0	0.5875314972455757	1.1156566222361646	1.5123308122966759	0.6859483780155478	0.7979926293167444	0.6859483780155478	0.7979926293167444	0.7142857142857143	endpoint
ENOG41123QB	0.0	0.5594586985362513	0.23369397866629643	1.9541945918497057	0.37573308160131763	0.458561670987185	0.6242669183986824	0.5414383290128151	0.7142857142857143	baseline
ENOG41123QH	0.0	1.1567493958668094	1.3926739521602627	1.7073106417848403	0.8204206084970506	0.9123295586565521	0.8204206084970506	0.9123295586565521	1.0	endpoint
ENOG41123QK	0.0	0.21536856318322675	0.33410243499582637	1.3486094181530766	0.5430160949705787	0.6496656549119844	0.5430160949705787	0.6496656549119844	0.7142857142857143	endpoint
ENOG41123QU	0.0	0.7452803575882535	0.9509802053954447	1.5179414290259923	0.747797653519884	0.8709165818927369	0.747797653519884	0.8709165818927369	0.8571428571428571	endpoint
ENOG41123RM	0.0	0.040654770416590505	0.18472118277381466	0.94553899696893	0.5067867134569253	0.46180067296172683	0.5067867134569253	0.5381993270382732	0.5714285714285714	baseline
ENOG41123RQ	0.14285714285714285	1.2674089653261265	1.3780185603456583	2.3392373130833977	0.8430542586688645	0.8589273639749163	0.8430542586688645	0.8589273639749163	0.8571428571428571	endpoint
ENOG41123SV	0.0	0.7052571551394747	0.7289486540453818	1.6560818476322807	0.6969698124349932	0.7658202173358193	0.6969698124349932	0.7658202173358193	0.8571428571428571	endpoint
ENOG41123SZ	0.0	0.8082593459392073	1.2138345094690197	1.4824923763009945	0.7471807580139523	0.7717261661409269	0.7471807580139523	0.7717261661409269	0.7142857142857143	endpoint
ENOG41123TF	0.0	0.12821583296228534	0.08880234029623096	1.4178984896806963	0.4271386810012719	0.4558799441825331	0.5728613189987282	0.5441200558174669	0.5714285714285714	baseline
ENOG41123U1	0.0	0.4930323511836604	0.3688154094237366	1.5441507585212861	0.38585892237699443	0.409398600740346	0.6141410776230056	0.5906013992596539	0.8571428571428571	baseline
ENOG41123UM	0.0	0.1277681756553822	0.5831831593796151	1.3323947759039507	0.4395556652933375	0.29222429020343504	0.5604443347066626	0.7077757097965649	0.5714285714285714	baseline
ENOG41123UW	0.0	0.14779124642485622	0.1808662123742321	1.0669516321017687	0.48546824925223947	0.4088417565520067	0.5145317507477605	0.5911582434479933	0.7142857142857143	baseline
ENOG41123V7	0.0	0.1904026080885086	0.26950772250577426	1.0881558136624936	0.5612951341420116	0.5358830002045272	0.5612951341420116	0.5358830002045272	0.7142857142857143	endpoint
ENOG41123VX	0.0	0.11229583101022475	0.33035951538227065	1.3784642585312472	0.5751572304187162	0.6443593193316395	0.5751572304187162	0.6443593193316395	0.5714285714285714	endpoint
ENOG41123WW	0.0	0.08840711857246768	0.1904574529251106	1.2780395220801917	0.555980666517154	0.43900549536669736	0.555980666517154	0.5609945046333027	0.5714285714285714	endpoint
ENOG41123X9	0.0	0.7718296840086628	1.0322887031417958	1.517521428121045	0.7344656178741706	0.8566478687564646	0.7344656178741706	0.8566478687564646	0.8571428571428571	endpoint
ENOG41123XA	0.0	0.11298366252416871	0.3022765715259912	1.1041378295311155	0.5553972099011456	0.6382509109666767	0.5553972099011456	0.6382509109666767	0.5714285714285714	endpoint
ENOG41123XH	0.0	0.6438453827811977	0.6460262231018917	1.419979363242159	0.28378508877924896	0.3295668738274164	0.716214911220751	0.6704331261725835	0.8571428571428571	baseline
ENOG41123Y1	0.0	0.27825751725936454	0.3794948635641748	1.3817114114012972	0.6180629173828402	0.6019129040289047	0.6180629173828402	0.6019129040289047	0.5714285714285714	endpoint
ENOG41123YZ	0.0	0.0731028764274199	0.21583476478465208	1.539132602867494	0.44992976618938213	0.6013046162169521	0.5500702338106178	0.6013046162169521	0.5714285714285714	baseline
ENOG41123ZG	0.0	0.2915882087010965	0.2232726296865758	1.3739858643272664	0.5533419389269514	0.5836382118062516	0.5533419389269514	0.5836382118062516	0.5714285714285714	endpoint
ENOG4112405	0.0	0.7534783150142758	1.0275648872388548	1.4069164871844733	0.7484407403871831	0.860479986899171	0.7484407403871831	0.860479986899171	0.8571428571428571	endpoint
ENOG411240D	0.0	0.08232924993719425	0.17306863401289527	1.0626925856957306	0.44174746826199973	0.45730101368083403	0.5582525317380003	0.542698986319166	0.5714285714285714	baseline
ENOG411240F	0.0	0.8617667187810333	0.9440979718100381	1.486039628896498	0.7813719924149115	0.7339057684975826	0.7813719924149115	0.7339057684975826	0.8571428571428571	endpoint
ENOG411241A	0.0	0.6803943494327471	0.8668111269600836	1.1938430557806523	0.7082663018104044	0.747563191108627	0.7082663018104044	0.747563191108627	0.8571428571428571	endpoint
ENOG411241E	0.0	0.1484048185094525	0.0037653404077196352	0.933504985392023	0.45981152936645514	0.48570302449040686	0.5401884706335449	0.5142969755095932	0.5714285714285714	baseline
ENOG411241G	0.0	0.8127327336512037	0.7659989146400237	1.3917223980258462	0.7526404952476244	0.8045707286012169	0.7526404952476244	0.8045707286012169	1.0	endpoint
ENOG411241Q	0.0	0.7395473888921301	1.0822425029014884	1.3713892283364182	0.2598583377373736	0.20700114516807253	0.7401416622626265	0.7929988548319274	1.0	baseline
ENOG4112444	0.0	0.8956305620806934	1.2735686134678814	1.6584890484408565	0.8120117262224175	0.946940591474816	0.8120117262224175	0.946940591474816	0.8571428571428571	endpoint
ENOG4112451	0.0	0.17291450134890077	0.6161003886449654	1.4340252827614284	0.5398354001755705	0.5728917177377559	0.5398354001755705	0.5728917177377559	0.7142857142857143	endpoint
ENOG411245B	0.0	0.3049887590286134	0.7586252664289176	1.2907361267049486	0.444963700088228	0.33584328118539125	0.555036299911772	0.6641567188146087	0.5714285714285714	baseline
ENOG411245Y	0.0	0.9539454908757811	1.1795561212782943	1.7220552160942013	0.8052364212381006	0.8872918510263156	0.8052364212381006	0.8872918510263156	0.8571428571428571	endpoint
ENOG411246S	0.0	0.5229746818392665	0.46101834663249963	1.5081059152334064	0.3165071153056041	0.4054178004466693	0.683492884694396	0.5945821995533307	0.7142857142857143	baseline
ENOG411247A	0.0	0.15067516238909714	0.18018561366741942	1.7902489876311531	0.4984838289308863	0.42384010141592066	0.5015161710691137	0.5761598985840793	0.7142857142857143	endpoint
ENOG411247I	0.14285714285714285	1.4037692653021845	1.2701531123256224	2.1432937669961083	0.10409370383506555	0.10759586866718757	0.8959062961649344	0.8924041313328124	1.0	baseline
ENOG4112493	0.0	0.7676343282079444	0.8774973674503522	1.2677043714138798	0.7185151301395469	0.7620792610865558	0.7185151301395469	0.7620792610865558	0.8571428571428571	endpoint
ENOG411249J	0.0	1.043019645276573	1.2123625624966285	1.7673682922774312	0.8087345907496449	0.7639987935233513	0.8087345907496449	0.7639987935233513	1.0	endpoint
ENOG41124AI	0.0	0.8300983551832004	1.178237702525367	1.4834482176493302	0.7737801882159426	0.8599950210371082	0.7737801882159426	0.8599950210371082	0.7142857142857143	endpoint
ENOG41124AT	0.0	0.2035255966233575	0.43170875307565026	0.9750324165297971	0.4566757052308789	0.3989584912282399	0.543324294769121	0.6010415087717601	0.7142857142857143	baseline
ENOG41124BE	0.0	0.5480621299938433	0.8020350230765446	1.4243572324524978	0.644114502001476	0.7006943049679925	0.644114502001476	0.7006943049679925	0.7142857142857143	endpoint
ENOG41124C9	0.0	0.5604588134892452	0.8543582754043343	1.6531708821990794	0.6447175961296371	0.7129264302471451	0.6447175961296371	0.7129264302471451	0.7142857142857143	endpoint
ENOG41124DC	0.0	0.3483039101079681	0.07105079384280388	1.4078644260030737	0.391163422246848	0.4588266485270934	0.6088365777531519	0.5411733514729067	0.5714285714285714	baseline
ENOG41124E1	0.0	0.4611732672480539	0.910583222044194	1.3322650329493178	0.6562038675517148	0.8087019337973634	0.6562038675517148	0.8087019337973634	0.7142857142857143	endpoint
ENOG41124FR	0.0	0.8421621278200687	1.1762239141344644	1.548164803424019	0.7214975029940103	0.8318466400225782	0.7214975029940103	0.8318466400225782	0.8571428571428571	endpoint
ENOG41124FW	0.0	1.1519069382577882	1.2455141428109082	1.4501283470972794	0.8618398392703436	0.9681650237535674	0.8618398392703436	0.9681650237535674	1.0	endpoint
ENOG41124G7	0.0	0.4441441568080385	0.4624163022750336	1.4186756414083737	0.6211690327084283	0.694005057255348	0.6211690327084283	0.694005057255348	0.7142857142857143	endpoint
ENOG41124H4	0.0	0.6852717470570205	0.9235430992763941	1.382235203665994	0.7099150047537579	0.7291004522234066	0.7099150047537579	0.7291004522234066	0.8571428571428571	endpoint
ENOG41124HD	0.0	0.11347904016711603	0.15769127961827537	1.37051299851824	0.577907964645485	0.5794460181512198	0.577907964645485	0.5794460181512198	0.5714285714285714	endpoint
ENOG41124HM	0.0	0.18882488471140563	0.22274209916731727	1.2391801535089508	0.5814473357181233	0.43642500223056424	0.5814473357181233	0.5635749977694358	0.5714285714285714	endpoint
ENOG41124K8	0.0	0.36049964041528126	0.5929719442282616	1.2918579149116824	0.34436525102557886	0.3234532098941898	0.6556347489744212	0.6765467901058102	0.7142857142857143	baseline
ENOG41124MH	0.0	0.3293654724044165	0.40928104983184704	1.297923451342578	0.39650567602381853	0.4026814238054332	0.6034943239761814	0.5973185761945667	0.7142857142857143	baseline
ENOG41124N5	0.0	0.24215810283207626	0.08320636272794538	1.7145127194529544	0.5656979335539482	0.4888823939728463	0.5656979335539482	0.5111176060271537	0.5714285714285714	endpoint
ENOG41124NI	0.0	0.11831102614100268	0.5549130805977603	1.3657101940326284	0.5594108982095639	0.7287785128531012	0.5594108982095639	0.7287785128531012	0.5714285714285714	endpoint
ENOG41124NK	0.0	0.4610584172448422	0.6005778334176588	1.2417293278014387	0.6558596542294491	0.6848067130974542	0.6558596542294491	0.6848067130974542	0.7142857142857143	endpoint
ENOG41124PE	0.14285714285714285	1.3839878258465161	1.3425205050642646	2.0840978956306717	0.8884023995390721	0.8776841521755206	0.8884023995390721	0.8776841521755206	1.0	endpoint
ENOG41124PH	0.0	0.4073711460749426	0.62030342359364	1.1984877590027083	0.618357673186759	0.6582091077916115	0.618357673186759	0.6582091077916115	0.7142857142857143	endpoint
ENOG41124PX	0.0	0.22764304300769872	0.27570250024835485	1.2131886936065843	0.43439222002467837	0.4245855831149195	0.5656077799753216	0.5754144168850805	0.7142857142857143	baseline
ENOG41124Q5	0.0	0.32472686411343127	0.4861484499567156	1.391381473074833	0.3863356644754054	0.38992166214200497	0.6136643355245945	0.610078337857995	0.7142857142857143	baseline
ENOG41124QH	0.0	0.015052878111649237	0.09941344150609989	1.3879462073508837	0.48980441093676647	0.5441570267013986	0.5101955890632335	0.5441570267013986	0.5714285714285714	endpoint
ENOG41124R2	0.0	0.4497975375767134	0.7217740284464731	1.5042271887558147	0.39538537801900525	0.35080851120347045	0.6046146219809947	0.6491914887965295	0.7142857142857143	baseline
ENOG41124SB	0.0	0.6941409574451389	1.0326275324690675	1.644572081586391	0.7097238737618251	0.7894102728237075	0.7097238737618251	0.7894102728237075	0.7142857142857143	endpoint
ENOG41124SH	0.0	0.09837232629895973	0.2436931497518948	1.363478533071917	0.4925611228551004	0.4301685267376969	0.5074388771448997	0.5698314732623031	0.5714285714285714	baseline
ENOG41124TY	0.0	1.0328137496461813	1.0390938712975217	1.499049440747699	0.806725743543584	0.8436882728932013	0.806725743543584	0.8436882728932013	1.0	endpoint
ENOG41124UB	0.0	0.17642851621422342	0.7333630067285042	1.3452605468228946	0.46181550232197327	0.3488847749959085	0.5381844976780268	0.6511152250040915	0.5714285714285714	baseline
ENOG41124UP	0.0	1.0176577038914527	1.3799589859820538	1.7924732875249865	0.7777357078931428	0.9322388744091642	0.7777357078931428	0.9322388744091642	0.8571428571428571	endpoint
ENOG41124W3	0.0	0.645871703970116	0.6286709630545868	1.2327896929910103	0.6814412793169881	0.6638789398327533	0.6814412793169881	0.6638789398327533	0.8571428571428571	endpoint
ENOG41124WQ	0.0	0.17919852812358444	0.588215331372936	1.308165535804726	0.4370612317996943	0.37568170065821777	0.5629387682003058	0.6243182993417822	0.7142857142857143	baseline
ENOG41124XH	0.0	0.42309388902611955	0.25454182584081475	1.2415732151137968	0.3696404892828851	0.43854102922213745	0.6303595107171149	0.5614589707778626	0.5714285714285714	baseline
ENOG41124YU	0.0	0.5428059625331433	0.5782841196715017	1.2552317504402843	0.6466058555193703	0.6467416430631615	0.6466058555193703	0.6467416430631615	0.8571428571428571	endpoint
ENOG41124ZB	0.0	0.1120374781598831	0.26369914915002945	1.4257816955380243	0.4575707273353264	0.4248236526201097	0.5424292726646736	0.5751763473798903	0.7142857142857143	baseline
ENOG411250X	0.0	0.6358070824356176	1.0262067508544042	1.6056698792942823	0.7012411678368328	0.7825898252788235	0.7012411678368328	0.7825898252788235	0.7142857142857143	endpoint
ENOG4112518	0.0	0.04071675825014757	0.39976318593218446	1.5010880795159214	0.5460241465346573	0.6398960996767756	0.5460241465346573	0.6398960996767756	0.5714285714285714	endpoint
ENOG411251H	0.0	0.10746156908615877	0.4713196005961153	1.320474120295596	0.5419396847960058	0.5709526244777237	0.5419396847960058	0.5709526244777237	0.7142857142857143	endpoint
ENOG4112522	0.14285714285714285	1.1618379422387701	1.0860209049577312	2.172813074827975	0.8238317310716949	0.8313014313727055	0.8238317310716949	0.8313014313727055	1.0	endpoint
ENOG411252D	0.0	0.45589362466782063	0.07481726167363348	1.6582791818878406	0.6298342861941284	0.4957038557661415	0.6298342861941284	0.5042961442338585	0.5714285714285714	endpoint
ENOG4112546	0.0	0.20326414761802342	0.21568953614356826	1.1949839058023002	0.45816942015504597	0.4481836356504896	0.5418305798449541	0.5518163643495104	0.7142857142857143	baseline
ENOG411254Y	0.0	0.28913132412727455	0.1791810436870875	1.643378822327158	0.5855692570338585	0.5550835570201987	0.5855692570338585	0.5550835570201987	0.5714285714285714	endpoint
ENOG411257G	0.0	0.07106884975330344	0.07872728411622082	1.4688055259532324	0.5404544455973628	0.48593551532941864	0.5404544455973628	0.5140644846705813	0.5714285714285714	endpoint
ENOG411257V	0.0	0.3014567702567265	0.8016810010595163	1.331511623186976	0.36516141906682936	0.20508799491270308	0.6348385809331707	0.7949120050872969	0.5714285714285714	baseline
ENOG4112582	0.0	0.11607137916367548	0.30658430714371193	1.4133553957741334	0.5439134858261212	0.5921416897813195	0.5439134858261212	0.5921416897813195	0.5714285714285714	endpoint
ENOG411258W	0.0	0.11468231043774228	0.10073310461121801	1.5206704573219	0.45799223439215936	0.49370645061141416	0.5420077656078406	0.5062935493885858	0.5714285714285714	baseline
ENOG411259G	0.0	0.7753188110814014	1.0967284682173652	1.733657810519916	0.7227074178594737	0.7577570276196508	0.7227074178594737	0.7577570276196508	0.7142857142857143	endpoint
ENOG411259P	0.0	0.8796466799874997	1.1067319125945778	1.5319555063379977	0.26081644814396887	0.2025792878343564	0.7391835518560311	0.7974207121656436	0.8571428571428571	baseline
ENOG411259U	0.0	0.5552406927464597	1.1881555323929414	1.487338924863189	0.6369879851145966	0.7023374499178613	0.6369879851145966	0.7023374499178613	0.7142857142857143	endpoint
ENOG411259X	0.0	0.6656676360229355	0.5044534924907043	1.268004427932926	0.7021883997416395	0.7107641920800154	0.7021883997416395	0.7107641920800154	0.8571428571428571	endpoint
ENOG41125AB	0.0	0.310650246509152	0.44721541167633205	1.2188873009125718	0.4084710253556719	0.4086446493540367	0.5915289746443281	0.5913553506459632	0.7142857142857143	baseline
ENOG41125AW	0.0	0.008073667173139756	0.09787423742847015	0.655139754115903	0.5068839716801935	0.5626280231954448	0.5068839716801935	0.5626280231954448	0.7142857142857143	endpoint
ENOG41125BE	0.0	0.06728229966456865	0.0609916368107705	0.9644543795696485	0.4908904502187842	0.49185895793052536	0.5091095497812158	0.5081410420694746	0.5714285714285714	baseline
ENOG41125BR	0.0	1.037933825163249	1.3092401198707373	1.5752529623501301	0.8226590083429919	0.9847876433418009	0.8226590083429919	0.9847876433418009	1.0	endpoint
ENOG41125CR	0.0	0.4595682543217866	0.5992616548722947	1.2434348992145845	0.636606593235195	0.6988507615998174	0.636606593235195	0.6988507615998174	0.8571428571428571	endpoint
ENOG41125D5	0.0	0.37518508322774186	0.2368003090030778	1.5139882250459993	0.3914795750658184	0.4271836852795328	0.6085204249341816	0.5728163147204672	0.8571428571428571	baseline
ENOG41125D6	0.0	1.0748576474165854	1.0611881185552994	1.9561271440692998	0.8132160882245287	0.7953322060859469	0.8132160882245287	0.7953322060859469	1.0	endpoint
ENOG41125DJ	0.0	0.056614863363077736	0.34364617109476014	1.6214915075299214	0.48412426050554963	0.5276651213589391	0.5158757394944504	0.5276651213589391	0.5714285714285714	baseline
ENOG41125EB	0.0	0.3098847227861953	0.6029913929429448	0.829923333472361	0.4163603718202099	0.34313532179108536	0.5836396281797901	0.6568646782089147	0.7142857142857143	baseline
ENOG41125F4	0.0	0.5223291519985985	0.8048284885605038	1.629606744983466	0.7005638093050459	0.7687393308638037	0.7005638093050459	0.7687393308638037	0.8571428571428571	endpoint
ENOG41125FH	0.0	0.48495891436403876	0.7071123273296449	1.071367046667315	0.3676514530552499	0.31969288861913825	0.6323485469447501	0.6803071113808618	0.7142857142857143	baseline
ENOG41125G7	0.0	0.40536772457691445	1.1133020080769207	1.350500084613318	0.5946921946130728	0.6683096584544448	0.5946921946130728	0.6683096584544448	0.7142857142857143	endpoint
ENOG41125GB	0.0	1.3664002578333732	1.4522779868362115	1.9494081433302222	0.8858244387377768	0.8838368388271113	0.8858244387377768	0.8838368388271113	1.0	endpoint
ENOG41125HN	0.0	0.43526064444988943	0.7264207552288656	1.4234337391036902	0.6245079283114635	0.7932555099615864	0.6245079283114635	0.7932555099615864	0.7142857142857143	endpoint
ENOG41125HS	0.0	0.22085077688057567	0.16178753302571078	1.3690328435875168	0.4143005896254993	0.44376461749430485	0.5856994103745007	0.5562353825056952	0.5714285714285714	baseline
ENOG41125HU	0.0	0.10636274300623991	0.004934773772537578	1.001606218688701	0.5597318233300957	0.5140411360351892	0.5597318233300957	0.5140411360351892	0.5714285714285714	endpoint
ENOG41125I4	0.0	0.2983860084713967	0.09907982017294172	1.3494965088926736	0.3878079548158186	0.49003175699641954	0.6121920451841814	0.5099682430035805	0.5714285714285714	baseline
ENOG41125I6	0.0	0.1753827549694317	0.24131999160918824	0.8138094775426199	0.5523136120904054	0.5696103947430553	0.5523136120904054	0.5696103947430553	0.5714285714285714	endpoint
ENOG41125IJ	0.14285714285714285	0.4829573702543629	1.0095927677120704	2.0252383576071233	0.6177022670846462	0.7492171360629488	0.6177022670846462	0.7492171360629488	0.5714285714285714	endpoint
ENOG41125J2	0.0	0.11918924418303346	0.015456780904361821	1.3397229817383354	0.4785743971500445	0.5143523305266244	0.5214256028499555	0.5143523305266244	0.5714285714285714	baseline
ENOG41125JR	0.0	0.043218922229471976	0.6138637748923103	1.8387008670112859	0.5419731843938911	0.5725204464527812	0.5419731843938911	0.5725204464527812	0.5714285714285714	endpoint
ENOG41125JT	0.0	1.2490179564288089	1.2664069255637693	1.4461374675389984	0.8731122261116894	0.9161462705926395	0.8731122261116894	0.9161462705926395	1.0	endpoint
ENOG41125JZ	0.0	0.7309488847438522	0.9832714469419654	1.4838448326171678	0.3028216027239113	0.2397591211134142	0.6971783972760888	0.7602408788865858	0.8571428571428571	baseline
ENOG41125K2	0.0	0.02733503268346341	0.1996890481994139	1.3428050161118532	0.5311117144711367	0.5394665545858761	0.5311117144711367	0.5394665545858761	0.5714285714285714	endpoint
ENOG41125KS	0.0	0.5363355810648729	0.5095690073073634	1.465684592006219	0.3498556673239816	0.3285946222399337	0.6501443326760183	0.6714053777600664	0.8571428571428571	baseline
ENOG41125MV	0.0	0.18762012265734704	0.012416762951317856	0.9734889631594146	0.5793351634794169	0.5102918388118279	0.5793351634794169	0.5102918388118279	0.5714285714285714	endpoint
ENOG41125N3	0.0	1.0878663035731144	1.3086731607653426	1.5052424904510762	0.8523857693020142	0.987595045726635	0.8523857693020142	0.987595045726635	1.0	endpoint
ENOG41125P7	0.0	0.4115739430528925	1.0557280894832017	1.3079770135470936	0.5760177337440737	0.7225763090043085	0.5760177337440737	0.7225763090043085	0.7142857142857143	endpoint
ENOG41125PX	0.0	0.41520391320469713	0.574268480650399	1.378870778933976	0.6307636206324466	0.7360550273059491	0.6307636206324466	0.7360550273059491	0.7142857142857143	endpoint
ENOG41125QE	0.0	0.6070914216438553	0.7848152682953267	1.4747863111502002	0.6574567709351465	0.6966686722255822	0.6574567709351465	0.6966686722255822	0.8571428571428571	endpoint
ENOG41125RC	0.0	0.8949867804164899	0.9704347590469133	1.4146704891000226	0.7932315215774448	0.8778942008570186	0.7932315215774448	0.8778942008570186	0.8571428571428571	endpoint
ENOG41125RF	0.14285714285714285	1.0959238634704203	0.954311224130179	2.2222599570454484	0.7994910779155988	0.839509467953488	0.7994910779155988	0.839509467953488	1.0	endpoint
ENOG41125RI	0.0	0.8184009086553481	1.2382102435419169	1.5465963557326392	0.754092041143157	0.7273513033297331	0.754092041143157	0.7273513033297331	0.8571428571428571	endpoint
ENOG41125RN	0.0	0.028661092887009687	0.20004689454733843	1.5397556824164085	0.4628787302353489	0.5395893845970927	0.537121269764651	0.5395893845970927	0.7142857142857143	baseline
ENOG41125RT	0.0	0.22707514242243057	0.8139230755091205	1.3664106883368758	0.45480930280603477	0.3244518046505175	0.5451906971939653	0.6755481953494825	0.5714285714285714	baseline
ENOG41125RW	0.0	0.08494054039819873	0.22320251401590058	1.6657628830305284	0.40966182060323003	0.44132040678763346	0.5903381793967699	0.5586795932123665	0.7142857142857143	baseline
ENOG41125TW	0.0	0.38079382244822746	0.9938279713200144	1.484886846176552	0.392408830123201	0.23369980420424727	0.6075911698767991	0.7663001957957527	0.5714285714285714	baseline
ENOG41125V3	0.0	1.0039213176219572	1.1302660688654198	1.3796652665440976	0.8072686753399354	0.827456787417375	0.8072686753399354	0.827456787417375	1.0	endpoint
ENOG41125V9	0.0	0.21211404088291966	0.2883270643473962	1.3084688709866035	0.4408635052077258	0.42816203711268086	0.5591364947922741	0.5718379628873191	0.7142857142857143	baseline
ENOG41125VV	0.0	0.9562387170122199	0.8500734682876038	1.5788368733869669	0.7768923716765858	0.8232238616997762	0.7768923716765858	0.8232238616997762	1.0	endpoint
ENOG41125WH	0.0	0.6821940646620585	0.8811134440385625	1.2012386396608414	0.727484785856119	0.7733640546432026	0.727484785856119	0.7733640546432026	0.8571428571428571	endpoint
ENOG41125WJ	0.0	0.04977129517607142	0.0539402443416852	1.3447425203388548	0.5126534624780028	0.4795747921446445	0.5126534624780028	0.5204252078553555	0.5714285714285714	endpoint
ENOG41125X6	0.0	0.7694977828017359	1.0328612963655108	1.3267683963761343	0.7048352163228149	0.7399889905259047	0.7048352163228149	0.7399889905259047	0.8571428571428571	endpoint
ENOG41125XB	0.0	0.530595923356929	0.8408706180426844	1.4801761861647218	0.6623653995611501	0.7422572857559827	0.6623653995611501	0.7422572857559827	0.8571428571428571	endpoint
ENOG41125XC	0.14285714285714285	1.2181770427981127	1.2410125877083937	2.1988638997280607	0.8324944815905128	0.8437425100296785	0.8324944815905128	0.8437425100296785	1.0	endpoint
ENOG41125XW	0.0	0.5998476153909564	0.647844671464254	1.2984425906689736	0.33064636574494255	0.34547230205331303	0.6693536342550575	0.654527697946687	0.8571428571428571	baseline
ENOG41125Y1	0.0	0.5688106895961894	0.8142686467877774	1.3323705301025273	0.30783872664204287	0.28319301795205626	0.6921612733579572	0.7168069820479437	0.7142857142857143	baseline
ENOG41125YY	0.0	0.5699848365168575	0.9128831578308991	1.0709375556823706	0.7074249451074943	0.7636547215216793	0.7074249451074943	0.7636547215216793	0.8571428571428571	endpoint
ENOG4112602	0.0	0.2825360399375571	0.09122816594268354	1.3520446486064648	0.5819347901812303	0.48248980835828253	0.5819347901812303	0.5175101916417175	0.5714285714285714	endpoint
ENOG4112608	0.0	0.13002229089157072	0.033450694248507266	1.380009904822225	0.49077641109047454	0.48240558694194635	0.5092235889095255	0.5175944130580536	0.5714285714285714	baseline
ENOG4112616	0.0	0.8622442204461599	1.2275413382178317	1.4993578310549718	0.7288723292889852	0.743308617601643	0.7288723292889852	0.743308617601643	1.0	endpoint
ENOG411261E	0.0	0.6615890062034147	1.2912350276329145	1.7377092901522067	0.2701957876214188	0.10695310513187901	0.7298042123785812	0.8930468948681209	0.8571428571428571	baseline
ENOG411261G	0.0	1.4808143036464458	1.425364221649242	1.9861880522873552	0.9276983603143213	0.9530840429515338	0.9276983603143213	0.9530840429515338	1.0	endpoint
ENOG411263W	0.0	0.061081044997707626	0.22476869116615805	1.5069546510321623	0.4898112866946646	0.5657410331964201	0.5101887133053353	0.5657410331964201	0.5714285714285714	endpoint
ENOG411263Z	0.0	0.42824111623465516	0.5794196229259064	1.5676802148925748	0.650217997054851	0.7379915598040875	0.650217997054851	0.7379915598040875	0.5714285714285714	endpoint
ENOG411265D	0.0	0.1784466763339565	0.2073293891959295	1.4738092035419448	0.5809822566708546	0.578556166313872	0.5809822566708546	0.578556166313872	0.8571428571428571	endpoint
ENOG411266S	0.0	0.1982448693779309	0.27097346205821415	0.6375726219561616	0.4466324251038722	0.41829279064094566	0.5533675748961278	0.5817072093590543	0.7142857142857143	baseline
ENOG4112672	0.0	0.11468298417424631	0.06521698111840336	1.3207322277692193	0.5286734503360055	0.4485381135352034	0.5286734503360055	0.5514618864647967	0.5714285714285714	endpoint
ENOG4112676	0.0	1.3738507517073573	1.368582409966211	1.690806812848127	0.899775464485046	0.9624789960805579	0.899775464485046	0.9624789960805579	1.0	endpoint
ENOG411267M	0.0	0.004986569029862735	0.27253844100700103	1.0709516848573373	0.5081397508452695	0.5743606134785674	0.5081397508452695	0.5743606134785674	0.7142857142857143	endpoint
ENOG41126CM	0.0	0.6859162789413372	1.281956387319702	1.7118222160575516	0.27892919539953476	0.045042999834871755	0.7210708046004652	0.9549570001651282	0.8571428571428571	baseline
ENOG41126DB	0.0	0.42148091078474265	1.1819090378813835	1.7134172067276534	0.4030744534797939	0.22707551188398822	0.5969255465202061	0.7729244881160118	0.5714285714285714	baseline
ENOG41126DH	0.0	0.1904398115979249	0.5963712607678184	1.391687516661846	0.47188580602845226	0.3737750082091106	0.5281141939715477	0.6262249917908894	0.5714285714285714	baseline
ENOG41126E4	0.0	1.1703178591447603	1.3023042214648333	1.7644078825563874	0.8495202376758175	0.8806540446232486	0.8495202376758175	0.8806540446232486	1.0	endpoint
ENOG41126EI	0.0	0.435792033208423	0.20902252055532977	1.276754278857866	0.6409022241077801	0.5053179925064823	0.6409022241077801	0.5053179925064823	0.5714285714285714	endpoint
ENOG41126EM	0.0	0.11529186063022132	0.3871575555605438	1.3267669394343153	0.49245891395129116	0.6037042874828221	0.5075410860487088	0.6037042874828221	0.5714285714285714	endpoint
ENOG41126FF	0.0	0.4342942094803989	0.5382926939390906	1.3354923089021888	0.36359676690539894	0.32577106129511996	0.636403233094601	0.6742289387048801	0.7142857142857143	baseline
ENOG41126GD	0.0	1.2457426874207305	1.3759994935567228	1.704206020991059	0.8611796057482788	0.9116037606832937	0.8611796057482788	0.9116037606832937	1.0	endpoint
ENOG41126GF	0.0	0.12216957815019872	0.12249775289923828	1.87481916916452	0.4982862350371306	0.47387074969854354	0.5017137649628693	0.5261292503014565	0.5714285714285714	endpoint
ENOG41126IB	0.0	1.0376453541899608	1.0465418687745234	1.6438165556209277	0.8162223354840877	0.8974859168359577	0.8162223354840877	0.8974859168359577	1.0	endpoint
ENOG41126IJ	0.0	0.917389358679075	1.270230749236861	1.4829237308691572	0.7588847526912325	0.9146540928478848	0.7588847526912325	0.9146540928478848	0.8571428571428571	endpoint
ENOG41126IX	0.0	0.6298534352401548	0.9116339836262034	1.5475786938665255	0.706956503875496	0.7456401930733334	0.706956503875496	0.7456401930733334	0.7142857142857143	endpoint
ENOG41126JQ	0.0	0.25160998380536986	0.6165171623360316	1.0292810691654246	0.5669313700222476	0.6574084887680769	0.5669313700222476	0.6574084887680769	0.7142857142857143	endpoint
ENOG41126KP	0.0	0.0937510758499996	0.03335880439114744	1.321405886840709	0.5340918360613742	0.5168306011240583	0.5340918360613742	0.5168306011240583	0.5714285714285714	endpoint
ENOG41126Q7	0.0	0.3623141832742213	0.1374568411328642	1.3873853088204253	0.6156951990814428	0.55962601957881	0.6156951990814428	0.55962601957881	0.7142857142857143	endpoint
ENOG41126QI	0.0	0.2033250274855691	0.12512833254123903	1.5002352594677624	0.4134787610620059	0.5421256888846085	0.5865212389379941	0.5421256888846085	0.5714285714285714	baseline
ENOG41126R7	0.0	0.06458482475886347	0.002428499822443956	1.5432092114781053	0.49924061550057763	0.5137623630237594	0.5007593844994224	0.5137623630237594	0.5714285714285714	endpoint
ENOG41126RH	0.0	0.871711246416627	1.26589408245264	1.5151590389730292	0.7655351876234893	0.8987322047773353	0.7655351876234893	0.8987322047773353	0.7142857142857143	endpoint
ENOG41126RN	0.0	0.8151771533641013	1.2752610083297942	1.6508744689596966	0.7494224280701401	0.8991359151890488	0.7494224280701401	0.8991359151890488	0.8571428571428571	endpoint
ENOG41126S5	0.0	1.1336562723111612	1.208214970189057	1.4850542520528587	0.1700548039898286	0.15588150404082882	0.8299451960101714	0.8441184959591712	1.0	baseline
ENOG41126TB	0.0	0.09384282927775797	0.04027659537261007	1.0715960573462882	0.517229582706911	0.4639350746898728	0.517229582706911	0.5360649253101273	0.5714285714285714	endpoint
ENOG41126TF	0.0	0.5911586500025611	0.39090563564771946	1.6405436102538233	0.3339269492978832	0.3878635895335122	0.6660730507021169	0.6121364104664878	0.8571428571428571	baseline
ENOG41126VT	0.0	0.00526567684152246	0.07228015992243385	1.345924315251871	0.48046344837687915	0.48261916402866295	0.5195365516231208	0.517380835971337	0.5714285714285714	endpoint
ENOG41126X9	0.0	0.1534919310971857	0.010128890637686063	1.5122562472456218	0.5729439479487715	0.5155625597042026	0.5729439479487715	0.5155625597042026	0.5714285714285714	endpoint
ENOG41126XG	0.14285714285714285	0.7597487360987056	0.672271713826593	2.0549963990876616	0.6916022495460094	0.6929387106600007	0.6916022495460094	0.6929387106600007	0.8571428571428571	endpoint
ENOG41126XN	0.0	0.8790072148175254	0.947361490196381	1.2799667323351382	0.7693534939691001	0.7726516206356555	0.7693534939691001	0.7726516206356555	1.0	endpoint
ENOG41126YZ	0.0	0.6548139937268231	0.5541307075908115	1.3718311329499058	0.2880232000152972	0.2807194984931296	0.7119767999847029	0.7192805015068704	1.0	baseline
ENOG41126ZB	0.0	0.17460591283815582	0.1043887613730091	1.22492559587248	0.5826188060108025	0.5188643201635289	0.5826188060108025	0.5188643201635289	0.7142857142857143	endpoint
ENOG41126ZD	0.0	0.6677383356843053	0.6950359200643693	1.5183759048068632	0.705691486664425	0.6992133707371675	0.705691486664425	0.6992133707371675	0.7142857142857143	endpoint
ENOG4112703	0.0	0.1912494328881901	0.4485737003303394	1.476399359590764	0.4283343002733898	0.3889455163939419	0.5716656997266102	0.6110544836060581	0.5714285714285714	baseline
ENOG4112704	0.0	0.456804773533114	0.7112500644027047	1.473804920397928	0.630679246180885	0.5886862832238916	0.630679246180885	0.5886862832238916	0.7142857142857143	endpoint
ENOG4112717	0.0	0.23023020212157022	0.47437712973122453	1.2636136369398712	0.5434771367587985	0.6340719222914978	0.5434771367587985	0.6340719222914978	0.5714285714285714	endpoint
ENOG411271A	0.0	1.083036787301483	1.2356349030812879	1.5312535210701432	0.8280862925954489	0.9063374228718609	0.8280862925954489	0.9063374228718609	1.0	endpoint
ENOG411271G	0.14285714285714285	0.9595767010784877	1.0497798894114563	2.494797478201336	0.7402184412575817	0.8312584595943101	0.7402184412575817	0.8312584595943101	0.8571428571428571	endpoint
ENOG411272B	0.0	0.46811513640613767	0.4841158027493827	1.3744980256722337	0.34753020326387285	0.3562014513690173	0.6524697967361272	0.6437985486309827	0.7142857142857143	baseline
ENOG411274N	0.14285714285714285	0.9492669346266732	1.2761672497646135	2.028145145854313	0.7597370528386753	0.8072869819305877	0.7597370528386753	0.8072869819305877	0.8571428571428571	endpoint
ENOG411275W	0.0	0.1582423912942792	0.25184127759731906	1.3049071998538655	0.4506383835491308	0.4288159615521714	0.5493616164508692	0.5711840384478286	0.5714285714285714	baseline
ENOG411278K	0.0	0.146355179453245	0.33305386185311864	0.8732163882852813	0.5456224574580942	0.5835471641043892	0.5456224574580942	0.5835471641043892	0.7142857142857143	endpoint
ENOG41127AN	0.0	0.3639117867750832	0.2910661799121068	1.3456540408295412	0.3600613182621743	0.42740703520744794	0.6399386817378256	0.5725929647925521	0.5714285714285714	baseline
ENOG41127B8	0.0	0.25642297179130774	0.25189257261471615	1.2759010140689981	0.5703883826901524	0.5720820517909281	0.5703883826901524	0.5720820517909281	0.5714285714285714	endpoint
ENOG41127BF	0.0	0.42646709405264926	0.5302440259439352	1.3980383638809903	0.37997478392466894	0.38260192660919773	0.620025216075331	0.6173980733908022	0.7142857142857143	baseline
ENOG41127CF	0.0	0.009674629958366574	0.08541276793326767	1.2746539880773373	0.5330018425122469	0.5476593403127953	0.5330018425122469	0.5476593403127953	0.5714285714285714	baseline
ENOG41127DC	0.0	0.4356103092410291	1.0715113826187248	1.449597712558132	0.3789808476294086	0.26777265170179804	0.6210191523705915	0.732227348298202	0.7142857142857143	baseline
ENOG41127EG	0.0	0.1695729152443622	0.2213958285630428	1.2686482960396206	0.5476452607081087	0.5830399652518238	0.5476452607081087	0.5830399652518238	0.7142857142857143	endpoint
ENOG41127FW	0.0	0.10209244273522801	0.19824552146672467	0.8541682562031242	0.4729877279330613	0.4658600353283574	0.5270122720669387	0.5341399646716426	0.5714285714285714	baseline
ENOG41127G0	0.0	0.18459959703962128	0.3424035537890637	1.8882224492016388	0.5063180399096476	0.593241700926034	0.5063180399096476	0.593241700926034	0.5714285714285714	baseline
ENOG41127G1	0.0	0.34343237429227486	0.8757454601603799	1.557858478554602	0.3622559199978394	0.23177216831601744	0.6377440800021605	0.7682278316839826	0.5714285714285714	baseline
ENOG41127H1	0.0	0.3804528535215238	0.04952183271643014	1.5334663339901564	0.6080837101232105	0.5387805428008134	0.6080837101232105	0.5387805428008134	0.5714285714285714	endpoint
ENOG41127IP	0.0	0.2603946168007329	0.19593423881955632	1.5138282431967809	0.5843667980930171	0.5450128471359846	0.5843667980930171	0.5450128471359846	0.5714285714285714	endpoint
ENOG41127IU	0.0	0.4263259574392549	0.6890990481673526	1.5239952914839483	0.35208616274853693	0.29281186596189573	0.647913837251463	0.7071881340381043	0.7142857142857143	baseline
ENOG41127JR	0.0	0.7342522765581346	1.0293354044874166	1.3957646780783401	0.24535986813050165	0.11760647920837182	0.7546401318694984	0.8823935207916281	0.8571428571428571	baseline
ENOG41127MM	0.0	0.720429464761985	0.6929028317322481	1.6019551003724706	0.7179242402600271	0.7365406916327506	0.7179242402600271	0.7365406916327506	0.8571428571428571	endpoint
ENOG41127P0	0.0	0.6447793960081162	0.5725976965498686	1.1483232152135026	0.6987370630039867	0.6654648523403006	0.6987370630039867	0.6654648523403006	1.0	endpoint
ENOG41127P9	0.14285714285714285	0.41787722420960355	0.3844930842670015	2.113845314824295	0.43018489147236155	0.40679615296519267	0.5698151085276384	0.5932038470348073	0.5714285714285714	baseline
ENOG41127PX	0.0	1.3060946903375952	1.3869663368323977	1.5177265635898942	0.8907316943087793	0.968612543342913	0.8907316943087793	0.968612543342913	1.0	endpoint
ENOG41127Q2	0.0	0.7916897735191988	0.8859681797309864	1.4027053227085042	0.2385561156497939	0.1717536214764927	0.761443884350206	0.8282463785235072	0.8571428571428571	baseline
ENOG41127QI	0.0	0.0870078014793221	0.14967905068072845	1.099549144779341	0.48022767278250306	0.4761513749392696	0.519772327217497	0.5238486250607304	0.7142857142857143	baseline
ENOG41127QJ	0.0	0.27738253377221417	0.31851713785984515	0.9623837295041199	0.5767506557334968	0.5876575367329193	0.5767506557334968	0.5876575367329193	0.5714285714285714	endpoint
ENOG41127R7	0.0	0.4114983448630797	0.942243343956442	1.4365024217530675	0.6642600786756068	0.7673529112628892	0.6642600786756068	0.7673529112628892	0.5714285714285714	endpoint
ENOG41127R8	0.0	0.018443532845814816	0.014510856773279643	0.5321614613976207	0.5215541605446488	0.5078426734880157	0.5215541605446488	0.5078426734880157	0.5714285714285714	endpoint
ENOG41127RZ	0.0	0.14572285147017028	0.19046028483631425	1.2773945015916384	0.5214211169350753	0.573178993723296	0.5214211169350753	0.573178993723296	0.5714285714285714	endpoint
ENOG41127S9	0.0	0.2579989520762214	0.26349712144981047	1.7260096818369146	0.4428131754570867	0.4375904984809332	0.5571868245429132	0.5624095015190669	0.7142857142857143	baseline
ENOG41127TK	0.0	0.7881131086326738	1.0967813369982298	1.4347692212107501	0.7214301201086509	0.84739160827045	0.7214301201086509	0.84739160827045	0.8571428571428571	endpoint
ENOG41127TN	0.0	0.6236717614792341	0.7328631007420177	1.0885477796028835	0.3290586119514617	0.3418659579901563	0.6709413880485383	0.6581340420098437	0.8571428571428571	baseline
ENOG41127W8	0.0	1.3322952404805257	1.5132478323983818	1.606724812203409	0.882202753008464	0.945812397877036	0.882202753008464	0.945812397877036	1.0	endpoint
ENOG41127X0	0.0	0.9205158200521132	1.0162734693335842	1.985971953858935	0.22791664255147462	0.20936518965998752	0.7720833574485254	0.7906348103400125	0.8571428571428571	baseline
ENOG41127XA	0.0	0.8570945023607202	0.8423370135318892	1.3251104393174702	0.7621353259043414	0.7600541258938972	0.7621353259043414	0.7600541258938972	1.0	endpoint
ENOG41127XM	0.0	0.22521335097881914	0.7062696699258458	1.3531680723074357	0.44699040153159436	0.3533821889803456	0.5530095984684056	0.6466178110196543	0.5714285714285714	baseline
ENOG41127XR	0.0	0.2168130020924546	0.0015834118193957334	1.294673140919266	0.5326965309977553	0.520758460510842	0.5326965309977553	0.520758460510842	0.5714285714285714	endpoint
ENOG41127ZD	0.0	1.1335511972154753	1.2489231114580528	1.4680558554533327	0.8403502012172873	0.9122863536813343	0.8403502012172873	0.9122863536813343	1.0	endpoint
ENOG411280K	0.0	0.7175972398489937	0.6459358829981362	1.3884647554908232	0.2620923363885009	0.3065704973463843	0.7379076636114992	0.6934295026536157	1.0	baseline
ENOG4112823	0.0	0.31011802338923294	0.2237572589989875	1.7162523820006181	0.45414448844005595	0.5837926915818068	0.545855511559944	0.5837926915818068	0.5714285714285714	baseline
ENOG411284Y	0.0	0.14113682240120093	0.7736710142777975	1.2387838112725114	0.5712531224875161	0.7451499240768567	0.5712531224875161	0.7451499240768567	0.5714285714285714	endpoint
ENOG4112857	0.0	0.7702038256740386	0.7523319600483056	1.2305911327320276	0.737840338385194	0.6518239056642462	0.737840338385194	0.6518239056642462	1.0	endpoint
ENOG411288G	0.14285714285714285	1.155620578012191	1.4148608054384315	2.1596042796986996	0.8086733299592367	0.8291088103469284	0.8086733299592367	0.8291088103469284	0.8571428571428571	endpoint
ENOG411289F	0.0	0.010368917494338057	0.5843593647447342	1.5256053348984957	0.5034148641477474	0.5676228014057061	0.5034148641477474	0.5676228014057061	0.5714285714285714	endpoint
ENOG41128AR	0.0	0.13747742797757634	0.42687573961945763	1.2890512010250166	0.47523092841290043	0.38229700907174846	0.5247690715870996	0.6177029909282515	0.5714285714285714	baseline
ENOG41128BD	0.0	0.3171308169353018	1.1271042791668877	1.273058904164438	0.4091325038279012	0.28016883047565927	0.5908674961720988	0.7198311695243407	0.5714285714285714	baseline
ENOG41128BI	0.0	0.7617036291045566	1.156992784684469	1.5010073479499717	0.7436841211372973	0.7711908941537627	0.7436841211372973	0.7711908941537627	0.8571428571428571	endpoint
ENOG41128C2	0.0	0.5630889002445315	1.0896905993819088	1.4733414539057452	0.7000336691566876	0.807994847003688	0.7000336691566876	0.807994847003688	0.5714285714285714	endpoint
ENOG41128C9	0.0	0.47783541466411944	1.0846177063726228	1.385864866756791	0.6093948423894323	0.7006703503144346	0.6093948423894323	0.7006703503144346	0.7142857142857143	endpoint
ENOG41128D5	0.0	0.33211559934250884	0.2799179984688622	1.443326266267538	0.6123394918261438	0.5239688266084225	0.6123394918261438	0.5239688266084225	0.7142857142857143	endpoint
ENOG41128DD	0.0	0.023263708641369014	0.037435984447954644	1.273275475620637	0.562689183491231	0.5219464096683489	0.562689183491231	0.5219464096683489	0.5714285714285714	endpoint
ENOG41128F3	0.0	0.36544499794286434	0.35624603956354445	0.9324564660349617	0.5952690617852304	0.6077220219355308	0.5952690617852304	0.6077220219355308	0.8571428571428571	endpoint
ENOG41128FT	0.0	0.0446002577015155	0.03572729545515368	1.1819352964679868	0.5112987495894618	0.517483445162072	0.5112987495894618	0.517483445162072	0.5714285714285714	endpoint
ENOG41128G1	0.0	0.40552377275556345	0.1913627880636452	1.387865467751229	0.3535127971469107	0.45146959420340355	0.6464872028530892	0.5485304057965965	0.7142857142857143	baseline
ENOG41128GQ	0.0	0.22261569413132912	0.27523041461275816	1.3954110290124035	0.45988738509159016	0.44885128668302027	0.5401126149084099	0.5511487133169797	0.5714285714285714	baseline
ENOG41128I7	0.0	0.3793740533103964	0.8004956119851812	1.1281945022504452	0.3582599932591107	0.32605483552232206	0.6417400067408894	0.6739451644776779	0.7142857142857143	baseline
ENOG41128IS	0.0	0.7856186206618122	1.0982906814057538	1.5158760907724405	0.7243491119221909	0.7222518299705101	0.7243491119221909	0.7222518299705101	0.8571428571428571	endpoint
ENOG41128KA	0.0	1.0439819686180878	1.049203665770037	1.505687636057226	0.8066167546965701	0.8024618633759529	0.8066167546965701	0.8024618633759529	1.0	endpoint
ENOG41128KE	0.0	0.45553545530403333	0.6250473812790052	1.2689546462143642	0.6232203430674028	0.6593181497976942	0.6232203430674028	0.6593181497976942	0.7142857142857143	endpoint
ENOG41128KU	0.0	0.06061754364964384	0.10077907132624811	1.3176415766149456	0.4890081250178509	0.49368996407421234	0.5109918749821492	0.5063100359257877	0.5714285714285714	baseline
ENOG41128KW	0.0	0.3729218975453989	0.1911583459070667	1.4264902914081554	0.6189996792640232	0.5573030103412836	0.6189996792640232	0.5573030103412836	0.7142857142857143	endpoint
ENOG41128MG	0.0	0.33972268997828203	0.3057301203455726	1.5142181742211014	0.6099338043932184	0.5846681889148322	0.6099338043932184	0.5846681889148322	0.5714285714285714	endpoint
ENOG41128NQ	0.0	0.8309470498902198	1.1258722182173635	1.528239070023132	0.2791673222683252	0.22575854334509324	0.7208326777316748	0.7742414566549067	0.8571428571428571	baseline
ENOG41128P6	0.0	0.9560564523889938	1.1955690758998438	1.6067646043111226	0.7643145878917478	0.8226044699930808	0.7643145878917478	0.8226044699930808	0.8571428571428571	endpoint
ENOG41128PQ	0.0	0.45582663491345127	0.4399863201763088	1.4607826003540998	0.6702252522503261	0.6160545913797321	0.6702252522503261	0.6160545913797321	0.5714285714285714	endpoint
ENOG41128PW	0.0	0.5877082852147758	1.1381313066684537	1.255907085659404	0.6852435866746419	0.8310083726294513	0.6852435866746419	0.8310083726294513	0.7142857142857143	endpoint
ENOG41128QS	0.0	0.38089664030919745	0.4791840755689549	1.0453623132827226	0.6381623640237647	0.6354026387345586	0.6381623640237647	0.6354026387345586	0.5714285714285714	endpoint
ENOG41128TJ	0.0	0.14234411292280927	0.0031115092764165773	1.2258812000662582	0.47095513474528067	0.47113737206756634	0.5290448652547193	0.5288626279324337	0.5714285714285714	baseline
ENOG41128UQ	0.0	0.5168955126698401	0.5609019767159328	1.1621459452909657	0.6594698618783859	0.6447178528800643	0.6594698618783859	0.6447178528800643	0.8571428571428571	endpoint
ENOG41128VE	0.14285714285714285	1.3456226461690293	1.4228009021433479	2.138022418751703	0.8938041886000302	0.9547762850304614	0.8938041886000302	0.9547762850304614	1.0	endpoint
ENOG41128VG	0.0	0.5635574389876925	0.6585030928662471	1.371493111932153	0.34972175827111307	0.27260399310575834	0.6502782417288869	0.7273960068942417	0.7142857142857143	baseline
ENOG41128VI	0.0	0.1470596955080506	0.12118995316929798	1.0714103156747188	0.4305362270669493	0.4738377908991472	0.5694637729330507	0.5261622091008529	0.5714285714285714	baseline
ENOG41128VT	0.0	0.1358506791825826	0.33949709238605813	1.4557661612404218	0.4985427047531754	0.4142653548801491	0.5014572952468246	0.5857346451198508	0.7142857142857143	baseline
ENOG41128XF	0.0	0.20814506076706943	1.0077668726760378	1.2997060953600474	0.40667875577599943	0.22123638540889526	0.5933212442240006	0.7787636145911048	0.5714285714285714	baseline
ENOG41128XR	0.0	0.45808391336164805	0.46943890249080616	1.2308372240401748	0.3738706087437886	0.3926953977285136	0.6261293912562114	0.6073046022714864	0.5714285714285714	baseline
ENOG41128YM	0.14285714285714285	1.0115267113007593	1.3083916967571239	2.1302259204901013	0.788159623735516	0.9475182350389266	0.788159623735516	0.9475182350389266	0.8571428571428571	endpoint
ENOG411291H	0.0	0.8804173159480962	1.0609554583029768	1.637576579918081	0.2195670918262503	0.17427942620782222	0.7804329081737497	0.8257205737921778	0.8571428571428571	baseline
ENOG4112923	0.0	0.12027943790638021	0.576574302256024	1.394477253661598	0.49753574137938134	0.5950835140177924	0.5024642586206187	0.5950835140177924	0.5714285714285714	endpoint
ENOG411292Y	0.0	0.4737921570462431	0.8565739475814474	1.5154982446036405	0.3164754804625118	0.19208925649033612	0.6835245195374882	0.8079107435096639	0.7142857142857143	baseline
ENOG4112936	0.0	0.1287385781252333	0.1455985618857476	1.2362480338751498	0.5637788477039499	0.5588789323878935	0.5637788477039499	0.5588789323878935	0.7142857142857143	endpoint
ENOG411293P	0.0	0.765928684501025	0.706421676755379	1.4326103046400243	0.748236376249892	0.6783418253623175	0.748236376249892	0.6783418253623175	1.0	endpoint
ENOG411296F	0.0	0.4137188792377655	0.715379553863787	1.0598966172893693	0.38380414243207295	0.3518699751206236	0.616195857567927	0.6481300248793764	0.7142857142857143	baseline
ENOG411296X	0.0	1.1906158938996043	1.2520534030600003	1.5031716111310407	0.8738546665966662	0.9661999573721592	0.8738546665966662	0.9661999573721592	1.0	endpoint
ENOG411297B	0.0	0.8998192708916323	1.0337587740213574	1.4805950290726946	0.7560679507676872	0.7246529886605352	0.7560679507676872	0.7246529886605352	1.0	endpoint
ENOG411297U	0.0	0.2207527353488796	0.04410989525798319	1.557641088089771	0.5391992320927473	0.523506635944398	0.5391992320927473	0.523506635944398	0.5714285714285714	endpoint
ENOG4112983	0.0	0.38147552265816165	0.5556053657346285	1.1352362133032692	0.6132299626228479	0.6430840015751355	0.6132299626228479	0.6430840015751355	0.5714285714285714	endpoint
ENOG4112986	0.0	0.21897918971969485	0.08698792136875105	1.471433393055246	0.40926471284570604	0.4768019897739878	0.5907352871542939	0.5231980102260122	0.5714285714285714	baseline
ENOG411298D	0.0	0.2375440589923914	0.6031059103372975	1.376105645157374	0.5673008688932791	0.6738740482981189	0.5673008688932791	0.6738740482981189	0.5714285714285714	endpoint
ENOG411298I	0.0	0.11418494438834086	0.07956077736643867	1.7914640736428935	0.5615981004228837	0.48382772504669125	0.5615981004228837	0.5161722749533088	0.5714285714285714	endpoint
ENOG41129AF	0.0	0.4067199106314903	0.5161880923166495	0.7291239504935856	0.6233139536743615	0.5890417925002068	0.6233139536743615	0.5890417925002068	0.8571428571428571	endpoint
ENOG41129AH	0.0	0.1710478669511791	0.07896377619228001	0.8370724192951273	0.463789098735441	0.46090526935336373	0.5362109012645591	0.5390947306466363	0.5714285714285714	baseline
ENOG41129BN	0.14285714285714285	0.7639191841545102	0.622956009155858	2.1786099043081557	0.6937595892176937	0.6847520545314103	0.6937595892176937	0.6847520545314103	0.7142857142857143	endpoint
ENOG41129DW	0.0	0.0006467661168145471	0.013313397061471098	1.4636935569474634	0.5059983253580466	0.5163070333329437	0.5059983253580466	0.5163070333329437	0.5714285714285714	baseline
ENOG41129FA	0.0	0.08004504896246557	0.27830449611177704	1.3323584898373577	0.5596350197280641	0.4481326281833774	0.5596350197280641	0.5518673718166226	0.5714285714285714	endpoint
ENOG41129GG	0.0	0.8858581509328347	1.2487477450603799	1.4601671503881322	0.7768423625110472	0.8936005472351414	0.7768423625110472	0.8936005472351414	0.8571428571428571	endpoint
ENOG41129IE	0.0	0.5567845551690684	0.8548795652058473	1.453114630659432	0.34819228461383833	0.30748287993831597	0.6518077153861617	0.692517120061684	0.8571428571428571	baseline
ENOG41129IY	0.0	0.12635815961997504	0.2292030585034461	1.055567940569415	0.5435925804801378	0.5495971769541554	0.5435925804801378	0.5495971769541554	0.7142857142857143	endpoint
ENOG41129JG	0.0	0.34889295311169033	0.5907335752960133	1.4842841299525655	0.6258043781877892	0.6512962712845046	0.6258043781877892	0.6512962712845046	0.5714285714285714	endpoint
ENOG41129K2	0.0	0.014783908841424538	0.37026202186192764	1.3427912420802333	0.5242317180534201	0.4266348059858966	0.5242317180534201	0.5733651940141034	0.5714285714285714	baseline
ENOG41129P8	0.0	0.22418719231785225	0.48512199074587736	1.3695737490438198	0.54217301128437	0.5511496900701733	0.54217301128437	0.5511496900701733	0.5714285714285714	endpoint
ENOG41129PP	0.0	0.24630457639364253	0.618951556860266	1.4684158432706709	0.5495599052411991	0.6393704428695276	0.5495599052411991	0.6393704428695276	0.7142857142857143	endpoint
ENOG41129QP	0.0	0.4175144850106235	0.6341685417112873	1.0261177074559775	0.6176538139459588	0.6614504938729433	0.6176538139459588	0.6614504938729433	0.8571428571428571	endpoint
ENOG41129R3	0.0	0.3531571104262599	0.30403475655514556	0.9018811075749104	0.6102283300817477	0.6093818367015926	0.6102283300817477	0.6093818367015926	0.7142857142857143	endpoint
ENOG41129SD	0.14285714285714285	1.5257172413753746	1.4092890273143388	2.6908332997573448	0.9212118032413497	0.9533467644811989	0.9212118032413497	0.9533467644811989	1.0	endpoint
ENOG41129TA	0.0	0.22232982108070914	0.10624728308175922	1.4948803311487053	0.3845660130399234	0.5380331089476068	0.6154339869600767	0.5380331089476068	0.5714285714285714	baseline
ENOG41129TD	0.0	0.9035999246020713	0.8706538408567128	1.5875467997046686	0.7651488300623918	0.7697738177060387	0.7651488300623918	0.7697738177060387	0.8571428571428571	endpoint
ENOG41129UH	0.0	0.2419181721115884	0.4658540214330914	1.0132886575020288	0.4552976365763599	0.3932904774087665	0.5447023634236401	0.6067095225912336	0.7142857142857143	baseline
ENOG41129Y0	0.0	0.36472460137537066	0.6444762417819436	1.3082790944966471	0.5678098723528422	0.6890844363811403	0.5678098723528422	0.6890844363811403	0.7142857142857143	endpoint
ENOG4112A0K	0.0	0.6659818564977422	1.1717607404186061	1.2907837863518035	0.6946815147662819	0.8068463399490787	0.6946815147662819	0.8068463399490787	0.7142857142857143	endpoint
ENOG4112A1I	0.0	0.40490392578909845	0.24856754635053302	1.16313944682332	0.6422450124149478	0.5118823501314473	0.6422450124149478	0.5118823501314473	0.7142857142857143	endpoint
ENOG4112A2A	0.0	1.364339002975614	1.2536953033403173	1.7292284470454382	0.9088606470399131	0.9749466870452733	0.9088606470399131	0.9749466870452733	1.0	endpoint
ENOG4112A2V	0.0	0.731282477622696	1.0495450954615893	1.628759572441113	0.7511554442189217	0.9062681123600502	0.7511554442189217	0.9062681123600502	0.7142857142857143	endpoint
ENOG4112A4I	0.0	0.054445605694716966	0.08054601673015249	1.3131802265558101	0.5558700363985033	0.5381428722331354	0.5558700363985033	0.5381428722331354	0.5714285714285714	endpoint
ENOG4112A5C	0.0	0.5648157646555022	0.47267246697994636	1.262784672588759	0.3527686687782721	0.36179970642004433	0.6472313312217279	0.6382002935799557	0.8571428571428571	baseline
ENOG4112A6V	0.0	0.3287779120469315	0.2473523514538359	1.37797145815823	0.6146395538724373	0.5116806313633964	0.6146395538724373	0.5116806313633964	0.7142857142857143	endpoint
ENOG4112A7R	0.0	0.06816928422797947	0.010255330475985902	1.3180160527690763	0.4806608922261081	0.47770919676246837	0.5193391077738919	0.5222908032375316	0.5714285714285714	baseline
ENOG4112A8K	0.0	0.365934752792466	0.7030834391777996	1.2804697431960739	0.6125324558886239	0.7014315656688881	0.6125324558886239	0.7014315656688881	0.7142857142857143	endpoint
ENOG4112ACK	0.0	0.3129789331386174	0.11582748172677561	1.823673332354619	0.41594637044928245	0.47570932398453264	0.5840536295507175	0.5242906760154673	0.7142857142857143	baseline
ENOG4112AER	0.0	0.3566042645310993	0.7106812330264044	1.2799947424786435	0.619293639280839	0.7390039103293025	0.619293639280839	0.7390039103293025	0.7142857142857143	endpoint
ENOG4112AFU	0.0	1.0646974880492284	1.242095001946204	1.6140250937603218	0.8045184168489359	0.8909335815999043	0.8045184168489359	0.8909335815999043	0.8571428571428571	endpoint
ENOG4112AGB	0.0	0.47113033817500616	0.6328371119086272	1.09541498092719	0.3782826073800116	0.3169588981253732	0.6217173926199884	0.6830411018746267	0.8571428571428571	baseline
ENOG4112AGM	0.0	1.0662949968409354	1.3275986886063131	1.851093118823068	0.7906401188242846	0.7466082376329548	0.7906401188242846	0.7466082376329548	0.8571428571428571	endpoint
ENOG4112AGZ	0.0	0.04360523811503707	0.27887701425538153	1.4268279265792494	0.5429839422095905	0.6038789322503202	0.5429839422095905	0.6038789322503202	0.5714285714285714	endpoint
ENOG4112AHB	0.0	0.9520243068459955	1.0342796985900573	1.2728591239664173	0.7994164651500711	0.8259380514820175	0.7994164651500711	0.8259380514820175	1.0	endpoint
ENOG4112AI9	0.14285714285714285	0.9018216421169549	1.4977539852858914	2.161622639380644	0.7110209912813169	0.8387609897687319	0.7110209912813169	0.8387609897687319	0.7142857142857143	endpoint
ENOG4112AIA	0.0	0.8630440830673868	0.9875804128262103	1.218132176446361	0.2515623403330903	0.2619540264185443	0.7484376596669098	0.7380459735814557	0.8571428571428571	baseline
ENOG4112AIV	0.0	0.46285501603651374	0.8898181528624376	1.6139528501322893	0.6276557943013642	0.6183280591359016	0.6276557943013642	0.6183280591359016	0.5714285714285714	endpoint
ENOG4112AJC	0.0	0.863978083405115	0.992076372171856	1.6879814755335005	0.23306867056293665	0.19609291011038318	0.7669313294370633	0.8039070898896168	0.8571428571428571	baseline
ENOG4112AMX	0.0	0.18331318902060176	0.07329544463144795	1.1855420585219216	0.4627039301031239	0.4960596260190177	0.5372960698968761	0.5039403739809822	0.5714285714285714	baseline
ENOG4112AN7	0.0	0.25767438904563944	0.8936063813112951	1.284840840046029	0.5474629923154231	0.6542197790937841	0.5474629923154231	0.6542197790937841	0.7142857142857143	endpoint
ENOG4112AP8	0.0	0.8151164136704521	0.8325532064935594	1.2880776977642256	0.7539575950571304	0.7751913116577631	0.7539575950571304	0.7751913116577631	1.0	endpoint
ENOG4112AQE	0.0	0.007300817719712503	0.20712886912773543	1.2527575774464235	0.4912685616189726	0.5552781639295479	0.5087314383810274	0.5552781639295479	0.5714285714285714	baseline
ENOG4112ARF	0.0	0.2520299942820049	0.2254447257986677	1.3616463517445254	0.5472726568066608	0.6049174074803523	0.5472726568066608	0.6049174074803523	0.5714285714285714	endpoint
ENOG4112AS9	0.0	0.5679552663170815	0.42233069946531376	1.523393237456959	0.31057822839651333	0.36139119612258624	0.6894217716034867	0.6386088038774138	0.8571428571428571	baseline
ENOG4112AT0	0.0	0.44065911990089834	0.8032089139725677	1.6579847165772847	0.38377429997088264	0.2564383614982536	0.6162257000291174	0.7435616385017464	0.7142857142857143	baseline
ENOG4112AT2	0.0	0.24967970984446225	0.6633891341973414	1.212258682904358	0.4390827228899217	0.3482788061327857	0.5609172771100783	0.6517211938672143	0.7142857142857143	baseline
ENOG4112ATZ	0.0	0.4874414121939531	0.8982756805865967	1.6437866961102057	0.6509669861799922	0.707802978622686	0.6509669861799922	0.707802978622686	0.8571428571428571	endpoint
ENOG4112AUQ	0.0	0.22798633419935868	0.013095774025127774	1.55046911829858	0.5627924607042187	0.5250864449363051	0.5627924607042187	0.5250864449363051	0.5714285714285714	endpoint
ENOG4112AUV	0.0	0.038240705012181166	0.3124891582011931	1.4569221695994732	0.5065651305382509	0.5932202631544582	0.5065651305382509	0.5932202631544582	0.5714285714285714	endpoint
ENOG4112AVU	0.0	0.6159676366915813	0.7254816008599344	1.7354292337723867	0.3597235931610842	0.22190366241070936	0.6402764068389157	0.7780963375892906	0.7142857142857143	baseline
ENOG4112AWE	0.0	0.9028455862738614	0.8869590150978108	1.4453130532386163	0.7523438731987434	0.7284053195745762	0.7523438731987434	0.7284053195745762	1.0	endpoint
ENOG4112AYN	0.0	0.5050042386847323	0.9679614473857953	1.3520143218089524	0.6363251656700258	0.631299615505616	0.6363251656700258	0.631299615505616	0.7142857142857143	endpoint
ENOG4112AYX	0.0	0.13154393787462118	0.39270343552951315	1.4511770417292504	0.4348969971130314	0.3725293391545511	0.5651030028869686	0.6274706608454489	0.5714285714285714	baseline
ENOG4112B21	0.0	0.005404791481706044	0.1296041732716224	1.2643016544542627	0.5062182701359522	0.5434934806604347	0.5062182701359522	0.5434934806604347	0.5714285714285714	endpoint
ENOG4112B23	0.0	0.4919389571041366	0.7593718850893993	1.5292441346334815	0.6273824391725712	0.7231316177559343	0.6273824391725712	0.7231316177559343	0.7142857142857143	endpoint
ENOG4112B3D	0.0	0.05751064691117177	0.21002140860807753	1.3788074315294516	0.4799775868269013	0.4357579364366046	0.5200224131730987	0.5642420635633953	0.5714285714285714	baseline
ENOG4112B3T	0.0	0.18811356769381518	0.5531855265719783	1.6817019020133044	0.4105667459510548	0.33142873113928006	0.5894332540489452	0.6685712688607199	0.7142857142857143	baseline
ENOG4112B40	0.0	0.4200998806472627	0.6419259839683498	1.2879039061667863	0.6339906803890202	0.663264028034385	0.6339906803890202	0.663264028034385	0.7142857142857143	endpoint
ENOG4112B6B	0.0	0.415656522077667	0.7348525783988135	1.4764384319689674	0.3954861593791567	0.3486375104928439	0.6045138406208432	0.6513624895071561	0.7142857142857143	baseline
ENOG4112B7G	0.0	0.07468639184332164	0.26596592910518474	1.4688674883741855	0.49336889056855276	0.45101713728163345	0.5066311094314473	0.5489828627183666	0.5714285714285714	baseline
ENOG4112B7S	0.0	0.482461952586709	0.23283445399970737	1.363331458773927	0.6565381686720271	0.5866861258220997	0.6565381686720271	0.5866861258220997	0.7142857142857143	endpoint
ENOG4112B85	0.0	0.5339860257914754	0.5918295210195496	1.2131414155922249	0.6540235556825659	0.6602668468958511	0.6540235556825659	0.6602668468958511	0.8571428571428571	endpoint
ENOG4112B8F	0.0	0.28547815738774923	0.18075224206545001	1.0921930884384607	0.41501554566094795	0.4475032531189863	0.5849844543390521	0.5524967468810137	0.7142857142857143	baseline
ENOG4112BAR	0.0	0.16915757514808286	0.20186989089697907	1.304520712268516	0.45087255788150177	0.437111064329832	0.5491274421184982	0.5628889356701681	0.5714285714285714	baseline
ENOG4112BBM	0.0	0.07327011509716301	0.19875578672672412	1.366510712189459	0.5094342309809786	0.5596597387083712	0.5094342309809786	0.5596597387083712	0.5714285714285714	endpoint
ENOG4112BDA	0.0	0.12620449301906672	0.18873363648700112	1.31622890063835	0.5649527498147172	0.5767175508292949	0.5649527498147172	0.5767175508292949	0.7142857142857143	endpoint
ENOG4112BED	0.0	0.4782543680183001	0.6971439038186197	1.3297592258454576	0.6480374670299708	0.67617286842969	0.6480374670299708	0.67617286842969	0.7142857142857143	endpoint
ENOG4112BFC	0.14285714285714285	0.9276478390503773	1.2464874230121386	2.3016643923526603	0.7405233417592063	0.852690369972982	0.7405233417592063	0.852690369972982	0.8571428571428571	endpoint
ENOG4112BFI	0.0	0.8015967799437237	0.8500747128285162	1.5150832375021903	0.7410506878173473	0.7481440671760553	0.7410506878173473	0.7481440671760553	0.8571428571428571	endpoint
ENOG4112BGB	0.0	0.7386865221935172	1.0866114057179723	1.3606760813050374	0.2890289377993092	0.20388196753874188	0.7109710622006908	0.7961180324612581	0.8571428571428571	baseline
ENOG4112BGH	0.14285714285714285	0.740553109414608	0.7982753624078645	2.281417551788405	0.6834716544403878	0.7034305357304816	0.6834716544403878	0.7034305357304816	0.8571428571428571	endpoint
ENOG4112BGZ	0.0	0.3007851768705726	0.6057670022805596	1.0950069877714506	0.4215676215110637	0.3715784725932742	0.5784323784889362	0.6284215274067257	0.7142857142857143	baseline
ENOG4112BJ0	0.0	1.3127796666546037	1.2719556241574335	1.9975297943365697	0.8737188768877547	0.843862931856491	0.8737188768877547	0.843862931856491	1.0	endpoint
ENOG4112BM4	0.0	0.2893181323779174	0.24493054159690644	1.3493367906417522	0.6222473479567948	0.6122429507342146	0.6222473479567948	0.6122429507342146	0.5714285714285714	endpoint
ENOG4112BMZ	0.0	0.035244096487913774	0.13541453100673548	1.587878092469122	0.4720320593304529	0.5174044608590354	0.5279679406695471	0.5174044608590354	0.5714285714285714	endpoint
ENOG4112BNG	0.0	0.9654150799456037	1.1313864093294563	1.5655068475335405	0.7912866543516625	0.8492225606017086	0.7912866543516625	0.8492225606017086	1.0	endpoint
ENOG4112BP6	0.0	0.27444199533321745	0.18715576753969262	1.405956464803642	0.5826462511002843	0.5721256503178798	0.5826462511002843	0.5721256503178798	0.5714285714285714	endpoint
ENOG4112BPV	0.0	0.29054237161373825	0.16681385351167893	1.5164288753922717	0.40553098999196147	0.4136651993696241	0.5944690100080385	0.5863348006303759	0.7142857142857143	baseline
ENOG4112BQQ	0.0	0.24740617615328425	0.19022959361653846	1.273153624633021	0.427340395916785	0.45520134069465723	0.572659604083215	0.5447986593053428	0.7142857142857143	baseline
ENOG4112BR0	0.0	0.3039986382620267	0.3804987946184916	1.3532283665750295	0.45432041077793006	0.39118085991988866	0.5456795892220699	0.6088191400801113	0.7142857142857143	baseline
ENOG4112BRK	0.0	0.8354834510588649	0.995801436473581	1.500874648723964	0.24785638942588914	0.22148010656872488	0.7521436105741108	0.7785198934312751	0.8571428571428571	baseline
ENOG4112BT2	0.0	0.6091007114602789	0.7573941468066328	1.8324629110527153	0.6618076680321201	0.7294760951695677	0.6618076680321201	0.7294760951695677	0.7142857142857143	endpoint
ENOG4112BVS	0.0	0.6619812552925453	1.0955483372902302	1.3730082186729469	0.3011449519156662	0.2682110150833969	0.6988550480843339	0.731788984916603	0.7142857142857143	baseline
ENOG4112BX3	0.0	0.6667384053050781	0.7062717512984384	1.371681600594588	0.7143055987147735	0.7798911752701078	0.7143055987147735	0.7798911752701078	0.8571428571428571	endpoint
ENOG4112BX4	0.0	0.12786160430838805	0.14017527380634048	1.2697637226546294	0.44661030411846087	0.557150212511028	0.5533896958815392	0.557150212511028	0.5714285714285714	baseline
ENOG4112BYG	0.0	0.40249482306321877	0.7498262518885637	1.4171087873764692	0.4099695061630749	0.30095573360871314	0.5900304938369251	0.6990442663912868	0.5714285714285714	baseline
ENOG4112BYK	0.0	0.733368675845435	1.121748672715612	1.5214146782313058	0.7116020282914307	0.735477550241222	0.7116020282914307	0.735477550241222	0.8571428571428571	endpoint
ENOG4112BYU	0.0	0.43244489193467456	0.7297061685757515	1.3844131142597855	0.639396904622795	0.7087697779286828	0.639396904622795	0.7087697779286828	0.7142857142857143	endpoint
ENOG4112C08	0.0	0.7976016914584572	0.8804278059112063	1.3610155213606636	0.2681062664412324	0.25116989986332067	0.7318937335587676	0.7488301001366793	1.0	baseline
ENOG4112C0Y	0.0	0.822315048742751	1.2726596392816378	1.6591066464965294	0.7431039803991746	0.9181393770494904	0.7431039803991746	0.9181393770494904	0.8571428571428571	endpoint
ENOG4112C7Q	0.0	0.31139846965507073	0.6433395315767901	1.4569781897102363	0.5672488222387856	0.6635944870686623	0.5672488222387856	0.6635944870686623	0.7142857142857143	endpoint
ENOG4112C7V	0.0	0.08874156579409673	0.4345503241627284	1.219586803907053	0.5509928941612255	0.6200821968251661	0.5509928941612255	0.6200821968251661	0.7142857142857143	endpoint
ENOG4112C8X	0.0	0.35756075070731114	0.5638349180287464	1.2402855142900981	0.43168131320982717	0.35904606242257914	0.5683186867901728	0.6409539375774209	0.7142857142857143	baseline
ENOG4112C9F	0.0	0.47572911323306527	1.250191399669983	1.5343882229224732	0.640710572500116	0.6781489550120511	0.640710572500116	0.6781489550120511	0.5714285714285714	endpoint
ENOG4112C9W	0.0	0.6458457758424594	1.1834188599208573	1.5583149422154474	0.6610295878655806	0.7551913853879421	0.6610295878655806	0.7551913853879421	0.7142857142857143	endpoint
ENOG4112CAA	0.0	0.14317883470505155	0.20711951967678738	1.229570810485804	0.49855486304305724	0.44229819137387555	0.5014451369569428	0.5577018086261245	0.5714285714285714	baseline
ENOG4112CCT	0.0	0.3248797523901658	0.3011396644164071	1.1104825197692694	0.6275398133318808	0.6378431450137497	0.6275398133318808	0.6378431450137497	0.8571428571428571	endpoint
ENOG4112CDS	0.0	0.17472339509955442	0.5268210747962009	1.3914262143170053	0.40248563553789607	0.293951201181499	0.5975143644621039	0.706048798818501	0.5714285714285714	baseline
ENOG4112CG8	0.0	0.37973524156473487	0.17776827484848398	1.6814427110656378	0.41095503326812893	0.4660768234097825	0.5890449667318711	0.5339231765902175	0.7142857142857143	baseline
ENOG4112CHY	0.0	0.20744197900075576	0.5825995741029979	1.2575009617793886	0.48377497509995987	0.373911060062618	0.5162250249000402	0.626088939937382	0.7142857142857143	baseline
ENOG4112CHZ	0.0	0.966295620041959	1.3518419530248513	1.6711872029570305	0.770902579456987	0.8892665368990004	0.770902579456987	0.8892665368990004	0.8571428571428571	endpoint
ENOG4112CIK	0.0	0.14546780145908003	0.1889004801729651	1.1005138235857013	0.5308225557739094	0.572681792526148	0.5308225557739094	0.572681792526148	0.5714285714285714	endpoint
ENOG4112CIP	0.0	0.29530861480705045	0.604797507759315	1.5193960133013684	0.3897442921343446	0.29279419662345646	0.6102557078656554	0.7072058033765436	0.5714285714285714	baseline
ENOG4112CJA	0.0	0.6999916195753876	0.8239560290052433	1.770841545705521	0.6926493090686422	0.6431636941608766	0.6926493090686422	0.6431636941608766	0.8571428571428571	endpoint
ENOG4112CMJ	0.0	0.0664114273856614	0.006771141855586453	1.3450848718432837	0.5704952859287747	0.47324788632914694	0.5704952859287747	0.5267521136708531	0.5714285714285714	endpoint
ENOG4112CMR	0.0	0.9682540069445146	1.2757933752661694	1.897024870411188	0.8229683121931161	0.9566809341646602	0.8229683121931161	0.9566809341646602	0.8571428571428571	endpoint
ENOG4112CNW	0.0	0.5095637261004874	0.8242531707012557	1.6736980772810688	0.6373250847407904	0.7131760233143742	0.6373250847407904	0.7131760233143742	0.7142857142857143	endpoint
ENOG4112CPX	0.0	0.19628542693145892	0.14763723895329015	1.9658950785532834	0.5055983278223366	0.4202475322478688	0.5055983278223366	0.5797524677521312	0.5714285714285714	endpoint
ENOG4112CQ9	0.0	0.7610333902734501	0.7061299344976705	1.4655224138968241	0.2682107384641521	0.2985157143828923	0.7317892615358479	0.7014842856171077	0.8571428571428571	baseline
ENOG4112CQB	0.14285714285714285	0.008492857832832388	0.09750142701616175	2.1669711317910507	0.4367997926307476	0.4813887130362305	0.5632002073692524	0.5186112869637696	0.5714285714285714	baseline
ENOG4112CWU	0.0	1.0179610610858916	1.2646155800323517	1.7883535471665268	0.7740116767770946	0.8285256094400736	0.7740116767770946	0.8285256094400736	0.8571428571428571	endpoint
ENOG4112CXG	0.0	0.22820844590980896	0.23465984455737668	1.244817227852613	0.46476475448025417	0.4429547146148799	0.5352352455197458	0.5570452853851201	0.5714285714285714	baseline
ENOG4112D1P	0.0	0.12143206138981087	0.14185068741720522	1.428911789062786	0.4393626823607171	0.46725200356090607	0.5606373176392829	0.532747996439094	0.5714285714285714	baseline
ENOG4112D2I	0.0	0.011758812266436991	0.10349372959101494	1.092866810128052	0.5220538524578036	0.49271631793824194	0.5220538524578036	0.5072836820617581	0.5714285714285714	baseline
ENOG4112D3M	0.0	0.4929379770968926	0.776217090431339	1.239111473974377	0.35389501787226213	0.3241397621581813	0.6461049821277378	0.6758602378418187	0.7142857142857143	baseline
ENOG4112D3X	0.0	0.012733860990529184	0.23103188076705633	1.0345588073157899	0.46695361189594603	0.5780328376315685	0.5330463881040539	0.5780328376315685	0.5714285714285714	endpoint
ENOG4112D63	0.0	0.23273357500594602	0.15428149997814433	1.2829043508507263	0.42188014235572086	0.4745006489408672	0.5781198576442792	0.5254993510591328	0.5714285714285714	baseline
ENOG4112D68	0.0	0.4612609864946165	0.8513531640531824	1.469177662418985	0.33019353650220207	0.20010348542272755	0.6698064634977979	0.7998965145772725	0.7142857142857143	baseline
ENOG4112D6A	0.0	0.5252835267002657	0.36589052369718106	1.3280728502053465	0.6300059829702874	0.661066850464168	0.6300059829702874	0.661066850464168	0.8571428571428571	endpoint
ENOG4112D73	0.0	0.30069953738267025	0.22384776084908736	1.3552886692595263	0.6120885208976456	0.5318018923214513	0.6120885208976456	0.5318018923214513	0.5714285714285714	endpoint
ENOG4112D7I	0.0	0.20529093723058534	0.031015449774839825	1.3355722625689115	0.5879985565224334	0.5204454176430697	0.5879985565224334	0.5204454176430697	0.5714285714285714	endpoint
ENOG4112D91	0.0	0.2312293714602143	1.039090438176066	1.634653224981634	0.4895612319471791	0.27508889791940794	0.5104387680528208	0.7249111020805921	0.5714285714285714	baseline
ENOG4112D9A	0.0	0.3797779778110312	0.2603191701240054	1.3771685848273219	0.36349039403869304	0.42948915234616236	0.6365096059613069	0.5705108476538376	0.8571428571428571	baseline
ENOG4112DBA	0.0	0.5406885625657079	0.9398410821058217	1.3968609495502122	0.675293654608309	0.830048057842203	0.675293654608309	0.830048057842203	0.7142857142857143	endpoint
ENOG4112DBJ	0.14285714285714285	1.5433206662023995	1.4761661903537944	2.2879466729710325	0.9391163613908046	0.9743863643983166	0.9391163613908046	0.9743863643983166	1.0	endpoint
ENOG4112DCR	0.0	1.2120520157820283	1.3707128165071132	1.9640165491769672	0.1731211929553819	0.08935045432162181	0.8268788070446181	0.9106495456783782	0.8571428571428571	baseline
K00001	0.0	0.6264542968472776	0.8536164602652354	1.458089368201998	0.3433421819462582	0.2799023595600612	0.6566578180537418	0.7200976404399388	0.8571428571428571	baseline
K00002	0.0	0.12129796242053846	0.038264685095800666	1.2772726675571775	0.4749214421671314	0.48681607185844594	0.5250785578328686	0.513183928141554	0.5714285714285714	baseline
K00003	0.0	0.7506928352758026	0.9321064280714227	1.471243190169193	0.7303316107828645	0.7929903161883853	0.7303316107828645	0.7929903161883853	0.7142857142857143	endpoint
K00005	0.0	0.3669505566471432	0.6819186307956399	1.8162095500749622	0.34863204453816155	0.265669337730673	0.6513679554618385	0.734330662269327	0.7142857142857143	baseline
K00007	0.0	0.7710892227816287	0.8496472362569093	1.3266195780227104	0.248791698782336	0.24163574551957148	0.751208301217664	0.7583642544804285	1.0	baseline
K00008	0.0	0.29559133249173003	0.3708841370692543	1.2669775842423057	0.5852764310416296	0.598228911133791	0.5852764310416296	0.598228911133791	0.7142857142857143	endpoint
K00009	0.0	0.27084500889278207	0.5111314169893414	1.2254770731807296	0.4413994462130267	0.3922213394144629	0.5586005537869734	0.6077786605855371	0.5714285714285714	baseline
K00010	0.0	0.19997815779381764	0.10117027237757581	1.7811025335529456	0.5235331830031676	0.5447170317026715	0.5235331830031676	0.5447170317026715	0.5714285714285714	endpoint
K00012	0.0	0.29128390023986406	0.8963691745806894	1.5036523608428227	0.6264623197756285	0.7227477345230281	0.6264623197756285	0.7227477345230281	0.5714285714285714	endpoint
K00013	0.0	0.264752685694773	0.28810855806469404	1.392308812611365	0.4102090879204262	0.3720310454732039	0.5897909120795738	0.6279689545267961	0.7142857142857143	baseline
K00014	0.0	0.24650489953606583	0.15707712902484167	1.2853520538900907	0.5790061452551164	0.4966952107502921	0.5790061452551164	0.5033047892497079	0.5714285714285714	endpoint
K00015	0.0	0.094566718107559	0.2037418872675335	1.1612163867841323	0.47743538487622006	0.44356798641688694	0.5225646151237799	0.5564320135831131	0.5714285714285714	baseline
K00016	0.0	0.47990788774003573	0.6112601562063936	0.9583079305998211	0.6709634662011774	0.7434060665252075	0.6709634662011774	0.7434060665252075	0.8571428571428571	endpoint
K00018	0.0	0.11644549213034296	0.13881855328887077	1.4991414600165083	0.44693398534383233	0.4356795989800834	0.5530660146561677	0.5643204010199165	0.7142857142857143	baseline
K00020	0.0	0.13769169350052796	0.21059472303108415	1.3278572407210374	0.5704651672818372	0.4543032072440047	0.5704651672818372	0.5456967927559953	0.5714285714285714	endpoint
K00024	0.0	0.41727881988599436	0.15435366730437328	1.4087147259429105	0.397258777429914	0.41794213225012156	0.602741222570086	0.5820578677498784	0.7142857142857143	baseline
K00027	0.0	0.9545149590074014	1.157769937256358	1.5321497523339551	0.7770459112818887	0.7340957159945254	0.7770459112818887	0.7340957159945254	1.0	endpoint
K00029	0.0	0.5371798929609373	0.8747732702094615	1.4152652820722578	0.385894361334665	0.27730999093418424	0.614105638665335	0.7226900090658157	0.7142857142857143	baseline
K00030	0.0	0.24189947907373185	0.6479827788108049	1.4264359611218176	0.4236063253329207	0.34384187020302237	0.5763936746670792	0.6561581297969776	0.7142857142857143	baseline
K00031	0.0	0.09631840772184705	0.2838209327503712	1.511858198461097	0.5043842890297082	0.4235074331361107	0.5043842890297082	0.5764925668638893	0.7142857142857143	baseline
K00033	0.0	0.5402115360686874	0.8129331239544939	1.4158401711937059	0.37244179719366055	0.28356113760958435	0.6275582028063394	0.7164388623904157	0.8571428571428571	baseline
K00036	0.0	0.21040796461092645	0.6865753606401815	1.3122682766800011	0.5512869845187555	0.6737021553446755	0.5512869845187555	0.6737021553446755	0.5714285714285714	endpoint
K00039	0.0	0.37020568734766457	0.2333135880316144	1.6237130850222543	0.4130946686178469	0.43189150336376303	0.5869053313821531	0.568108496636237	0.8571428571428571	baseline
K00040	0.0	0.40564927075801477	0.6781500784220638	1.9031190018121094	0.5894272762558774	0.7730626448607172	0.5894272762558774	0.7730626448607172	0.7142857142857143	endpoint
K00041	0.0	0.2541781160196211	0.75163044019416	1.6185145149958815	0.5904980430907127	0.6412736606521086	0.5904980430907127	0.6412736606521086	0.5714285714285714	endpoint
K00042	0.0	0.23159502928361406	0.18069280770242185	1.394676860443795	0.6046800983600357	0.5006153437449885	0.6046800983600357	0.5006153437449885	0.5714285714285714	endpoint
K00045	0.0	0.0944525322935287	0.5812542129245041	1.3478633956584223	0.5074028413477096	0.6030569637670973	0.5074028413477096	0.6030569637670973	0.7142857142857143	endpoint
K00046	0.0	0.7336670266269163	0.9577619443916351	1.5112230323170488	0.7223400882652855	0.7371001307933727	0.7223400882652855	0.7371001307933727	0.8571428571428571	endpoint
K00048	0.0	0.5336480448376376	0.6365575656817105	1.5065099386348606	0.641044009513749	0.7024331845474712	0.641044009513749	0.7024331845474712	0.8571428571428571	endpoint
K00052	0.0	0.8747451493522796	1.150446897244474	1.4120992806135366	0.7757766971843455	0.7821460019471376	0.7757766971843455	0.7821460019471376	0.8571428571428571	endpoint
K00053	0.0	0.36418638389807584	0.33165006535234187	1.3576258192349724	0.6176799951641109	0.6199146278367169	0.6176799951641109	0.6199146278367169	0.7142857142857143	endpoint
K00054	0.0	0.37808242427055266	0.3206896261824781	1.35578568278965	0.4015619838532965	0.41024554849631356	0.5984380161467036	0.5897544515036864	0.7142857142857143	baseline
K00055	0.0	0.2279044454014545	0.8729126099287364	1.2706235968832595	0.41571606931708216	0.2670285652826377	0.5842839306829178	0.7329714347173624	0.5714285714285714	baseline
K00057	0.0	0.32698379840689445	0.5830531953016569	1.3635967120261698	0.6217443556867748	0.5674059811313291	0.6217443556867748	0.5674059811313291	0.5714285714285714	endpoint
K00058	0.0	0.43323121251645363	0.9377989683553221	1.6105002776378217	0.3806144178634943	0.2742635947275843	0.6193855821365057	0.7257364052724157	0.7142857142857143	baseline
K00059	0.0	0.11017864870790677	0.5624689964353116	1.350586106992352	0.4623038920102451	0.37320360599974683	0.5376961079897549	0.6267963940002532	0.5714285714285714	baseline
K00060	0.0	0.5753221067005744	1.0236706022440238	1.3384954586331486	0.35694203503373423	0.2738810061334723	0.6430579649662658	0.7261189938665277	0.7142857142857143	baseline
K00065	0.0	0.11687424471858356	0.17678183165570516	1.259283098787559	0.5594330445535435	0.5107989463993926	0.5594330445535435	0.5107989463993926	0.5714285714285714	endpoint
K00067	0.0	0.26705044977948617	0.03834239483370267	1.4497869383637865	0.4056604373543117	0.4840846529467629	0.5943395626456883	0.5159153470532372	0.5714285714285714	baseline
K00068	0.0	0.4233176882065193	0.4298247999646118	1.239788782906002	0.6424362633086594	0.6084648615130593	0.6424362633086594	0.6084648615130593	0.7142857142857143	endpoint
K00073	0.0	0.5060438883908764	1.0624573325760172	1.579414028687301	0.3881070573817796	0.26161905869739893	0.6118929426182205	0.738380941302601	0.7142857142857143	baseline
K00074	0.0	0.19716369747996754	0.30006961212296174	1.3830077582627263	0.5845905914958569	0.4399518632670223	0.5845905914958569	0.5600481367329777	0.5714285714285714	endpoint
K00075	0.0	0.7201031257914198	0.7294247406200124	1.4723694059874939	0.2966130022367886	0.26821833298661724	0.7033869977632115	0.7317816670133828	0.8571428571428571	baseline
K00076	0.0	0.27707333855605315	0.391184857206397	1.2853972252998782	0.41755542960046715	0.38777458525207487	0.5824445703995329	0.6122254147479251	0.7142857142857143	baseline
K00077	0.0	0.41892771286955893	0.3753083495638554	1.5046223637462381	0.5940425755598265	0.5997475128283124	0.5940425755598265	0.5997475128283124	0.7142857142857143	endpoint
K00086	0.0	0.6252069891755171	1.0987931278822434	1.4550106544912818	0.3466630728113551	0.22909339431348028	0.6533369271886449	0.7709066056865197	0.7142857142857143	baseline
K00087	0.0	0.597450720840892	0.7709249754992403	1.8453616791751795	0.6489326983482012	0.7201312108523605	0.6489326983482012	0.7201312108523605	0.8571428571428571	endpoint
K00088	0.0	0.8388301327640273	0.9668497719924664	1.3807356663170176	0.7614789746229657	0.7536985189798554	0.7614789746229657	0.7536985189798554	1.0	endpoint
K00090	0.0	0.6799712491033263	0.8747426421649178	1.9586464745628844	0.3307929622359111	0.3254161725805735	0.6692070377640889	0.6745838274194265	0.8571428571428571	baseline
K00094	0.14285714285714285	1.1975227682718617	1.2467093825392712	2.046993629354416	0.16078158471759868	0.10772306220561056	0.8392184152824014	0.8922769377943894	1.0	baseline
K00096	0.0	0.4249110536816843	1.2180032914069072	1.5061470080840846	0.595157732217262	0.7184449889009626	0.595157732217262	0.7184449889009626	0.7142857142857143	endpoint
K00097	0.0	0.5719730693355177	0.715959085115088	1.3829155179950554	0.3106958872833402	0.2251722460431361	0.6893041127166598	0.7748277539568639	0.7142857142857143	baseline
K00098	0.0	0.932233688249467	1.111624795627464	1.1876514616415281	0.2285078700281604	0.20123062768306363	0.7714921299718396	0.7987693723169363	1.0	baseline
K00099	0.0	0.6265906571800404	0.8321130185912761	1.689950534199641	0.6519389937874628	0.7511476740632831	0.6519389937874628	0.7511476740632831	0.8571428571428571	endpoint
K00100	0.0	0.12916689807630605	0.13521407961828535	1.6082520591446634	0.5129970128056615	0.5448049640675976	0.5129970128056615	0.5448049640675976	0.5714285714285714	endpoint
K00101	0.14285714285714285	0.8381755388554079	0.9010794505922075	2.08052157642029	0.2831066267893671	0.22415692898067954	0.7168933732106328	0.7758430710193205	0.7142857142857143	baseline
K00104	0.0	0.253618272405597	0.31576216288780057	1.0728483491291125	0.5980361008744499	0.6388715564277234	0.5980361008744499	0.6388715564277234	0.5714285714285714	endpoint
K00105	0.0	0.1731041925814927	0.26845835342197505	1.7255569668125732	0.5142324738465073	0.45043445854635933	0.5142324738465073	0.5495655414536407	0.5714285714285714	baseline
K00108	0.14285714285714285	1.348587395087841	1.4424031368397483	2.103548067587681	0.12391339900612926	0.10710283476522474	0.8760866009938707	0.8928971652347752	1.0	baseline
K00111	0.0	0.32201775062925425	0.696965060116803	1.2783410159815627	0.39257355080304446	0.35025819873721165	0.6074264491969555	0.6497418012627884	0.7142857142857143	baseline
K00112	0.0	0.4847909392030167	0.850025656900373	1.4828744888991578	0.3228914950431076	0.17915417540564696	0.6771085049568923	0.8208458245943531	0.7142857142857143	baseline
K00113	0.0	0.6971398490119631	0.6193140086955196	1.7630189413530029	0.3102762838168552	0.28733682924382065	0.6897237161831449	0.7126631707561794	0.8571428571428571	baseline
K00116	0.0	0.6539079224912393	1.0591543541434132	1.7579029386095508	0.28563912863166835	0.265585617767922	0.7143608713683316	0.734414382232078	0.7142857142857143	baseline
K00117	0.0	0.4801134637595439	1.0746743196044874	1.7931256672053422	0.4127604552673378	0.19547469830053424	0.5872395447326622	0.8045253016994658	0.5714285714285714	baseline
K00121	0.0	1.354402817548513	1.365804798640515	1.7753879479147243	0.11151580460464208	0.09814459186871079	0.888484195395358	0.9018554081312892	1.0	baseline
K00123	0.0	0.752394818185271	0.8970693518856506	1.5154619529650093	0.7681159268452011	0.8515807800763762	0.7681159268452011	0.8515807800763762	0.8571428571428571	endpoint
K00124	0.0	0.8907184296572895	1.2112154915195752	1.555329303348762	0.2286532440332823	0.12638274391533313	0.7713467559667178	0.8736172560846669	1.0	baseline
K00127	0.0	0.38203743557893877	0.8501145221041752	1.7379637129138683	0.40318795570487875	0.3295043678581929	0.5968120442951212	0.6704956321418071	0.5714285714285714	baseline
K00128	0.0	0.027043778247109955	0.04188444854786985	1.6068614953804625	0.46074235368850075	0.4836527785387796	0.5392576463114993	0.5163472214612204	0.5714285714285714	baseline
K00130	0.0	0.8088735049792256	0.9615129440926701	1.6317375449114189	0.2695789332272332	0.24260702500158374	0.7304210667727669	0.7573929749984163	0.8571428571428571	baseline
K00131	0.0	0.7383086037067449	0.9614121186396618	1.313963783728119	0.7353645566610582	0.69848671216565	0.7353645566610582	0.69848671216565	0.8571428571428571	endpoint
K00132	0.0	0.01927957963400043	0.46226570223512686	1.3829995719084112	0.46658926832492675	0.5473556136029848	0.5334107316750732	0.5473556136029848	0.5714285714285714	baseline
K00133	0.0	0.38573786538448945	0.3778196055719975	1.5236759472055972	0.6448404588159666	0.6421903470461982	0.6448404588159666	0.6421903470461982	0.8571428571428571	endpoint
K00134	0.0	0.30372767087327096	0.8272930588179235	1.3158952655479836	0.5881746749096134	0.6373168826582779	0.5881746749096134	0.6373168826582779	0.7142857142857143	endpoint
K00135	0.0	0.5054630438617546	1.161328874345717	1.659076870820441	0.31755969339808715	0.07897407628320481	0.6824403066019129	0.9210259237167951	0.5714285714285714	baseline
K00137	0.0	0.6715266425732833	1.005793752348393	1.7502632516010825	0.3497550202722044	0.22436684778269644	0.6502449797277956	0.7756331522173036	0.8571428571428571	baseline
K00138	0.0	0.7124054294502807	0.7918916293980398	1.5157991339023846	0.3131490003518712	0.2780723678064062	0.6868509996481288	0.7219276321935938	0.8571428571428571	baseline
K00140	0.0	0.4079701692987337	0.4311220027868897	1.4247766020244104	0.38480459148305207	0.35808617295050793	0.615195408516948	0.6419138270494921	0.5714285714285714	baseline
K00141	0.0	0.5507859605449257	0.7502657211206896	1.5476064082044727	0.343195709300522	0.22223717594659723	0.656804290699478	0.7777628240534028	0.7142857142857143	baseline
K00145	0.0	0.05155475985162883	0.2864924079296549	1.4272731793580318	0.4647531352911572	0.4211462069274302	0.5352468647088429	0.5788537930725698	0.7142857142857143	baseline
K00146	0.0	0.344239784419407	0.46305524134936993	1.4896082103026533	0.4556480365341211	0.37312334790694873	0.5443519634658789	0.6268766520930513	0.7142857142857143	baseline
K00147	0.0	0.04475264752786341	0.12090103162292365	1.4530915793008348	0.5232849920896816	0.5510063814834063	0.5232849920896816	0.5510063814834063	0.5714285714285714	baseline
K00148	0.0	0.05218994144594443	0.1570755211219484	0.9384215817758986	0.48799534048468335	0.47647352718271696	0.5120046595153167	0.523526472817283	0.5714285714285714	baseline
K00151	0.0	0.014027863099913182	0.1690259479721031	1.4611170460631204	0.5654954450161482	0.5542255008503681	0.5654954450161482	0.5542255008503681	0.5714285714285714	endpoint
K00156	0.0	1.046826203060805	1.1064653568349094	1.3831219195437887	0.1854754273250536	0.25452525576329665	0.8145245726749464	0.7454747442367033	1.0	baseline
K00158	0.0	0.5839552449979609	0.9526409306363888	1.4476395680325223	0.34518378766966584	0.2450524811732922	0.6548162123303342	0.7549475188267079	0.7142857142857143	baseline
K00161	0.0	0.14000948884045636	0.30749821410625044	1.5913397263919724	0.46683720481310187	0.41957707427854335	0.5331627951868981	0.5804229257214566	0.5714285714285714	baseline
K00162	0.0	0.17379913912996173	0.30135932106764357	1.4117912062621032	0.4320627041600674	0.4427428732541083	0.5679372958399326	0.5572571267458917	0.5714285714285714	baseline
K00163	0.0	0.9899317846634117	0.8664461565651962	1.7517715670365432	0.23353503854855992	0.23610271007340278	0.76646496145144	0.7638972899265972	1.0	baseline
K00164	0.0	0.01624929486706444	0.20627780983587346	1.3915321599927795	0.5351228049584471	0.45198708235826934	0.5351228049584471	0.5480129176417307	0.7142857142857143	endpoint
K00169	0.0	0.7504682001458006	1.23885247687968	1.6824963410190867	0.678128790451105	0.7772025353045099	0.678128790451105	0.7772025353045099	0.7142857142857143	endpoint
K00170	0.0	0.5176522618645437	0.43810447350213516	1.8653357379010052	0.636512098638511	0.5433449209084519	0.636512098638511	0.5433449209084519	0.5714285714285714	endpoint
K00172	0.0	0.19167466179866935	0.3394069894874742	1.471172393822784	0.5377443407185688	0.5561741944741434	0.5377443407185688	0.5561741944741434	0.7142857142857143	endpoint
K00174	0.0	0.3712468195827241	0.6520506664285814	1.2426653148362177	0.6021786735611891	0.6768996471314465	0.6021786735611891	0.6768996471314465	0.5714285714285714	endpoint
K00175	0.0	0.30040171502029944	0.436349346394417	1.506652110148438	0.5747294056197714	0.6436126076306509	0.5747294056197714	0.6436126076306509	0.7142857142857143	endpoint
K00176	0.0	0.43558011953262	0.6265398484978019	1.239883918811859	0.612271733984257	0.646281820328533	0.612271733984257	0.646281820328533	0.7142857142857143	endpoint
K00177	0.0	0.4100044812204187	0.604383600608986	1.3514199412005428	0.6356593744579472	0.6783771141041496	0.6356593744579472	0.6783771141041496	0.8571428571428571	endpoint
K00179	0.0	0.30071833704305984	0.6825287887292889	1.3925030734143478	0.6026176209285979	0.7300300757613823	0.6026176209285979	0.7300300757613823	0.7142857142857143	endpoint
K00180	0.0	0.5682719746128541	0.9088923092554898	1.6784464347340435	0.6390197493688816	0.6640234943460255	0.6390197493688816	0.6640234943460255	0.8571428571428571	endpoint
K00183	0.0	0.058892688082250975	0.2451889105354298	1.1280178974734127	0.47934238160183357	0.44005251327070516	0.5206576183981664	0.5599474867292948	0.7142857142857143	baseline
K00184	0.0	0.21647508131763396	0.07367851692166959	1.5366459245066384	0.48341029574534516	0.487327142940927	0.5165897042546548	0.5126728570590731	0.5714285714285714	baseline
K00185	0.0	0.06033776359086789	0.04532677364663735	1.169917467733929	0.4980758951859076	0.4630967599943096	0.5019241048140923	0.5369032400056903	0.5714285714285714	baseline
K00194	0.0	1.3657435985402524	1.3742117393926467	1.6258000602068678	0.9113497087205372	0.9470683874725158	0.9113497087205372	0.9470683874725158	1.0	endpoint
K00196	0.0	0.46005661523677555	1.124722992412755	1.508157956951013	0.6676983865671213	0.8630644355538766	0.6676983865671213	0.8630644355538766	0.5714285714285714	endpoint
K00197	0.0	1.013613218686246	1.29516359505925	1.5154119131419275	0.8106777940112527	0.9261546030713239	0.8106777940112527	0.9261546030713239	0.8571428571428571	endpoint
K00198	0.0	0.4937976932578773	0.5959452264792352	1.452662328396667	0.6847545004732428	0.7435788466637355	0.6847545004732428	0.7435788466637355	0.7142857142857143	endpoint
K00208	0.0	0.28073661499773517	0.47549329750773517	0.8881021653699342	0.4199857371411077	0.34140512443434534	0.5800142628588922	0.6585948755656547	0.7142857142857143	baseline
K00209	0.0	1.0110323570052373	0.9426470963142299	1.6413782976038644	0.7901013969779782	0.7742129210066134	0.7901013969779782	0.7742129210066134	1.0	endpoint
K00210	0.0	0.17090738966136512	0.11463486789823313	1.411755409314035	0.43012103253971384	0.4896499206071004	0.5698789674602862	0.5103500793928997	0.5714285714285714	baseline
K00215	0.0	0.5303838451432454	0.808930617244085	1.483278819926904	0.31625302106661296	0.27365425246666397	0.683746978933387	0.726345747533336	0.7142857142857143	baseline
K00216	0.0	0.493399381275974	0.21651826889394504	1.6010518849887636	0.3701349488908205	0.45217865344087127	0.6298650511091795	0.5478213465591287	0.8571428571428571	baseline
K00219	0.0	0.3755640041350049	0.43161080715365807	1.9354522257476572	0.4495491282453485	0.4122926924125452	0.5504508717546515	0.5877073075874548	0.5714285714285714	baseline
K00226	0.0	0.056265290259714655	0.4356898301058604	1.1178063446965236	0.49577896591649406	0.4113390987892876	0.5042210340835059	0.5886609012107125	0.5714285714285714	baseline
K00228	0.0	0.6240002846572482	0.8310041026884669	1.7684276700660764	0.29409207801853515	0.20775355923776365	0.7059079219814648	0.7922464407622364	0.5714285714285714	baseline
K00230	0.0	0.07605648177031353	0.05027311276881229	1.502422685672478	0.5418734069669614	0.5284931228482326	0.5418734069669614	0.5284931228482326	0.5714285714285714	endpoint
K00231	0.0	0.12194270819752483	0.6135689145392996	1.0631041276176056	0.48170149185173844	0.3687702409091296	0.5182985081482616	0.6312297590908704	0.5714285714285714	baseline
K00239	0.0	0.47532621010026926	0.17833361144864832	1.8270831452242677	0.41092194267264287	0.4715038127153762	0.5890780573273571	0.5284961872846238	0.5714285714285714	baseline
K00240	0.0	0.5255106005099748	0.34298871983750995	1.563000677929229	0.3641325026387432	0.4330107561093498	0.6358674973612568	0.5669892438906502	0.7142857142857143	baseline
K00241	0.0	0.7231460107276438	0.7177242983788661	1.4427607661653847	0.27986617864623575	0.321203775604918	0.7201338213537642	0.678796224395082	0.8571428571428571	baseline
K00242	0.0	0.4106124769279576	1.0473094638638092	1.4589019436605444	0.3964728312269626	0.2189583200239219	0.6035271687730375	0.7810416799760781	0.7142857142857143	baseline
K00243	0.0	0.5917463716479263	0.7751755086980625	1.7479505920708607	0.6714940420809176	0.7595620172683364	0.6714940420809176	0.7595620172683364	0.7142857142857143	endpoint
K00244	0.0	0.4149737027848204	0.6427683894116674	1.2147471469527116	0.3825549402316937	0.27769900412774534	0.6174450597683063	0.7223009958722546	0.7142857142857143	baseline
K00245	0.0	0.01515158720877349	0.1165632803261789	1.3978939387868397	0.5064390380493949	0.4374623575309764	0.5064390380493949	0.5625376424690236	0.5714285714285714	baseline
K00246	0.0	0.5721132828738141	1.0310061428030974	1.4497523208805025	0.3059927683272145	0.18506803349138884	0.6940072316727854	0.8149319665086112	0.7142857142857143	baseline
K00247	0.0	1.1530470106814474	1.3760859013379665	1.7087727703734379	0.16961520642151426	0.19036407362491697	0.8303847935784857	0.809635926375083	1.0	baseline
K00248	0.0	0.7916574048683434	0.7187897906823395	1.5380666157100118	0.7474438608254542	0.7817232348989054	0.7474438608254542	0.7817232348989054	0.8571428571428571	endpoint
K00254	0.0	0.5929888758114323	0.624688878055001	1.3453283402421885	0.2971907515317963	0.28531618826145544	0.7028092484682037	0.7146838117385446	0.8571428571428571	baseline
K00259	0.0	0.009375202459884071	0.08861930070178972	1.3111713512659924	0.4697014287816751	0.48421996744935836	0.5302985712183249	0.5157800325506416	0.5714285714285714	baseline
K00260	0.0	0.07476905905544773	0.19584924268616594	1.5037296432666771	0.48943649168217035	0.40369886270399763	0.5105635083178297	0.5963011372960023	0.5714285714285714	endpoint
K00261	0.0	0.27227764518498854	0.42456675678050776	1.1853204627008171	0.6014497610650791	0.5410976998686565	0.6014497610650791	0.5410976998686565	0.7142857142857143	endpoint
K00262	0.0	0.057165392224406454	0.2576014281834095	1.6538253435372567	0.5620096629196067	0.5945808125756497	0.5620096629196067	0.5945808125756497	0.5714285714285714	endpoint
K00265	0.0	0.7175835559459937	0.9571860817599315	1.3782733933828741	0.28825829163201544	0.2690234544393037	0.7117417083679846	0.7309765455606962	0.8571428571428571	baseline
K00266	0.0	0.47951907631326385	0.6683639055556309	1.404540093716907	0.6746895421592976	0.6918615736717433	0.6746895421592976	0.6918615736717433	0.7142857142857143	endpoint
K00274	0.0	0.5262525983141505	0.9151311136188491	1.525763597518522	0.3325260763904558	0.27714068679587744	0.6674739236095442	0.7228593132041226	0.7142857142857143	baseline
K00275	0.0	0.34008269491151133	0.20767346891106916	1.4758274423880031	0.389583434136588	0.3996402217586418	0.610416565863412	0.6003597782413582	0.5714285714285714	baseline
K00276	0.0	0.7796491856338401	1.1723486830106804	1.5103193127646686	0.27293978360152743	0.10185313439716076	0.7270602163984725	0.8981468656028393	0.8571428571428571	baseline
K00278	0.0	0.5502309608631799	1.0702594546410658	1.395732012629238	0.3185615814532307	0.1393061361613508	0.6814384185467692	0.8606938638386492	0.7142857142857143	baseline
K00281	0.0	0.1436168857463465	0.014077232598108724	1.314985696612853	0.46643475404136653	0.5348846138609681	0.5335652459586335	0.5348846138609681	0.5714285714285714	baseline
K00282	0.0	0.08419264598383935	0.19871264339838748	1.7288957139174714	0.42333445556275073	0.44545869214248357	0.5766655444372493	0.5545413078575164	0.5714285714285714	baseline
K00283	0.0	0.4139490346298752	0.9008389600165827	1.3108906114878094	0.6127044816533499	0.7208586965514443	0.6127044816533499	0.7208586965514443	0.7142857142857143	endpoint
K00284	0.0	0.4945336142471888	0.8681148366149657	1.447992670622775	0.698165169017335	0.8411958810715581	0.698165169017335	0.8411958810715581	0.7142857142857143	endpoint
K00285	0.0	1.0581835882816548	1.1676272462408168	1.8638985157243666	0.22266910081954663	0.16121921555983787	0.7773308991804534	0.8387807844401621	0.8571428571428571	baseline
K00286	0.0	0.43964063572523326	1.1274626278127073	1.8456625324327343	0.6726286135472044	0.8206575980784976	0.6726286135472044	0.8206575980784976	0.7142857142857143	endpoint
K00287	0.0	0.2599047390665881	0.17025761881197096	1.288568807968088	0.6302454717925036	0.5545649950442972	0.6302454717925036	0.5545649950442972	0.5714285714285714	endpoint
K00290	0.0	0.7366700146174134	0.933891218047713	1.6343950106362264	0.7167458044640679	0.7082918229533594	0.7167458044640679	0.7082918229533594	0.7142857142857143	endpoint
K00294	0.0	0.16276136254265747	0.03604676496723911	1.4099362502077506	0.4526710750594701	0.468168915507212	0.54732892494053	0.531831084492788	0.5714285714285714	baseline
K00297	0.0	0.2141187766836594	0.31437362535009966	1.380444208053965	0.4558015081487965	0.4397003903555545	0.5441984918512035	0.5602996096444455	0.5714285714285714	baseline
K00299	0.0	0.7615626489893991	0.9611768580168732	1.8065200444289342	0.30254556569849617	0.24269966279708893	0.6974544343015039	0.757300337202911	0.7142857142857143	baseline
K00302	0.0	0.5960469631664181	0.6574767199505948	1.464907024239479	0.6829522007549768	0.6668994777102993	0.6829522007549768	0.6668994777102993	0.7142857142857143	endpoint
K00303	0.0	1.06177558408183	1.4074101401872006	1.6206441714429836	0.8152672474241381	0.9064303492027629	0.8152672474241381	0.9064303492027629	0.8571428571428571	endpoint
K00313	0.0	0.5914350735824089	0.8426130921908582	1.3344863122489985	0.3372784913639234	0.2481906921072298	0.6627215086360766	0.7518093078927702	0.7142857142857143	baseline
K00318	0.0	0.5851154152026534	0.6042760346354816	1.2560221698255347	0.32458076932993524	0.35246287915291924	0.6754192306700648	0.6475371208470808	0.7142857142857143	baseline
K00322	0.0	0.5953750920367622	0.8491437230150344	1.6878962220101017	0.3450711563565539	0.17945689736901685	0.6549288436434462	0.8205431026309832	0.7142857142857143	baseline
K00324	0.0	0.27431473459017064	0.3416068303090656	1.6611722561190758	0.4268675593714745	0.4139151446086147	0.5731324406285254	0.5860848553913853	0.5714285714285714	baseline
K00325	0.0	0.3720920060380662	0.7518891239227368	1.4721360389813236	0.6627908225905574	0.7148842236886374	0.6627908225905574	0.7148842236886374	0.7142857142857143	endpoint
K00330	0.0	0.4678955612745673	0.7493731528949228	1.555336600304785	0.3501195600473745	0.21370293709533275	0.6498804399526255	0.7862970629046673	0.5714285714285714	baseline
K00331	0.0	0.31023583184634995	0.5452279247646635	1.3615077149803483	0.4152289042690111	0.3342828245446423	0.5847710957309888	0.6657171754553577	0.7142857142857143	baseline
K00332	0.0	0.09409089428639887	0.009412712920969632	1.3791909701225076	0.443740019049482	0.46905838812900635	0.556259980950518	0.5309416118709936	0.5714285714285714	baseline
K00333	0.0	0.6645950212371261	0.9834729417372748	1.388848437525438	0.316610146649155	0.30736726360378114	0.683389853350845	0.6926327363962188	0.8571428571428571	baseline
K00334	0.0	0.30347938770559624	0.5249990900130289	1.4269977649331345	0.5758013332896253	0.5577691709118716	0.5758013332896253	0.5577691709118716	0.7142857142857143	endpoint
K00335	0.0	0.06511661724897044	0.46785291610708213	1.6121864513558208	0.49119590115244555	0.6315132419253657	0.5088040988475544	0.6315132419253657	0.5714285714285714	baseline
K00336	0.0	0.2967011844101347	0.4939904351054569	1.3570205540091704	0.5911578218389206	0.5526218256721293	0.5911578218389206	0.5526218256721293	0.7142857142857143	endpoint
K00337	0.0	0.529279165320112	0.6121808719607152	1.4920496359817317	0.3807587161179387	0.2607939008671203	0.6192412838820613	0.7392060991328797	0.8571428571428571	baseline
K00338	0.0	0.9533484540362772	1.3238430135876322	1.4416066141164636	0.21677611013329773	0.17617596242047068	0.7832238898667023	0.8238240375795294	0.8571428571428571	baseline
K00339	0.0	0.24146020504093998	0.3417555968720444	1.5763218931987282	0.44888639118524665	0.41389044979801864	0.5511136088147534	0.5861095502019813	0.5714285714285714	baseline
K00340	0.0	0.34794718512915784	0.6298459288611822	1.325677628132447	0.40587648242701985	0.33863591770286816	0.5941235175729802	0.6613640822971318	0.5714285714285714	baseline
K00341	0.0	0.19076443080794672	0.11605831003143452	1.2818350399844345	0.5903384360708965	0.5107604784534674	0.5903384360708965	0.5107604784534674	0.5714285714285714	endpoint
K00342	0.0	0.6439911886690435	0.9514118763818472	1.2915633159938265	0.31970044554919347	0.3092279955867207	0.6802995544508066	0.6907720044132792	0.7142857142857143	baseline
K00343	0.0	0.7541523246326569	0.9974580049527885	1.4590334391101532	0.27769021048796627	0.26028087466261546	0.7223097895120337	0.7397191253373845	0.8571428571428571	baseline
K00344	0.0	0.6210516284385194	0.4908940862415928	1.3098608558658793	0.313039822276118	0.3723270480973005	0.6869601777238821	0.6276729519026996	0.8571428571428571	baseline
K00346	0.0	0.09392284096977023	0.10908613490736331	1.309753920740179	0.46004078491593525	0.47769598742291763	0.5399592150840647	0.5223040125770824	0.5714285714285714	baseline
K00347	0.0	0.26151282515059865	0.3588207195970433	1.293664493092235	0.39276994039638724	0.3477592437780229	0.6072300596036128	0.6522407562219771	0.7142857142857143	baseline
K00348	0.0	0.32028355787174484	0.31547266715464656	0.8224801304316305	0.6020954990355286	0.638762722723403	0.6020954990355286	0.638762722723403	0.7142857142857143	endpoint
K00349	0.0	0.47018523825531605	0.8938723791784309	1.2921374114105737	0.6472364952744697	0.7221640339157817	0.6472364952744697	0.7221640339157817	0.8571428571428571	endpoint
K00350	0.0	0.3129212539287777	0.635514866826653	1.1892815655312063	0.42402021889022673	0.3646240194634213	0.5759797811097733	0.6353759805365786	0.7142857142857143	baseline
K00351	0.0	0.3184525001948497	0.34252971934093646	1.4926136742354044	0.575426317586229	0.6045701394647562	0.575426317586229	0.6045701394647562	0.7142857142857143	endpoint
K00354	0.0	0.23870501663545315	0.6090418963861085	1.2301366572328098	0.4175336238697355	0.3708128681403232	0.5824663761302644	0.6291871318596768	0.5714285714285714	baseline
K00355	0.0	0.10322070582427277	0.3463595915336862	1.411986938404585	0.504018551984964	0.6540618373913641	0.504018551984964	0.6540618373913641	0.5714285714285714	endpoint
K00362	0.0	0.7655379915589531	1.0803230016974188	1.677329326761127	0.2981954909738738	0.29129043935614585	0.7018045090261262	0.7087095606438542	0.8571428571428571	baseline
K00363	0.0	0.903950189735774	0.7208815894583686	1.8521202463322783	0.24608930356544942	0.24836456110451186	0.7539106964345506	0.7516354388954881	0.8571428571428571	baseline
K00364	0.0	0.48082615307154575	0.27166503465056674	1.3840760805305	0.36550891931988333	0.4255252763610209	0.6344910806801167	0.5744747236389791	0.8571428571428571	baseline
K00366	0.0	0.13870283346049142	0.49015035429363607	1.257184131061883	0.4780442540007263	0.36276987062760735	0.5219557459992736	0.6372301293723927	0.5714285714285714	baseline
K00370	0.0	0.4057046502940738	0.18463596122605017	1.8982402721710996	0.39772928875578206	0.4399718458154568	0.6022707112442179	0.5600281541845432	0.7142857142857143	baseline
K00371	0.0	1.1581004159630783	1.1211042144024188	1.5400005760380733	0.16227539677694283	0.17078614417963395	0.8377246032230572	0.8292138558203661	1.0	baseline
K00372	0.0	0.0030617965367741385	0.041323269670723244	1.4990165420662023	0.5071723979416025	0.4637613298440543	0.5071723979416025	0.5362386701559456	0.5714285714285714	endpoint
K00373	0.0	0.7726931496799715	1.1526286397114778	1.78763968538661	0.2648376497720303	0.09528038177136185	0.7351623502279697	0.9047196182286381	0.8571428571428571	baseline
K00374	0.0	0.29816283011320793	0.42207195161088407	1.3180168387119349	0.40169252046662013	0.32604839055069657	0.5983074795333798	0.6739516094493034	0.7142857142857143	baseline
K00375	0.0	0.07864339870008688	0.28087382985415077	1.1196572213699587	0.4878382163177779	0.42399664352298844	0.5121617836822221	0.5760033564770115	0.5714285714285714	baseline
K00380	0.0	0.982610051593824	1.1488568971462256	1.7221762321808003	0.220129443663776	0.1372797103144887	0.779870556336224	0.8627202896855113	1.0	baseline
K00381	0.0	0.7422414640834798	0.7142752617676359	1.6498382919383496	0.28819609902697646	0.22575021488885402	0.7118039009730235	0.774249785111146	0.8571428571428571	baseline
K00382	0.0	1.191094721587073	1.2042772782985451	1.4205881346274172	0.15233182687644925	0.1160688650333268	0.8476681731235507	0.8839311349666732	1.0	baseline
K00383	0.0	0.516125987106155	0.7514958637221467	1.6270669772718112	0.35837474266297986	0.30049552662380347	0.6416252573370201	0.6995044733761966	0.5714285714285714	baseline
K00384	0.0	0.23195067262948904	1.115631663833459	1.802508839025017	0.4644290560547755	0.26882555525571844	0.5355709439452245	0.7311744447442816	0.5714285714285714	baseline
K00385	0.0	0.2133605641152541	0.31534995550665607	1.8052698268321792	0.5970323511786614	0.6129886540145875	0.5970323511786614	0.6129886540145875	0.7142857142857143	endpoint
K00389	0.0	0.897739489032521	1.073627816937047	1.7857708892606754	0.2416436468551753	0.17024000253407917	0.7583563531448247	0.8297599974659209	1.0	baseline
K00390	0.0	1.464313897998619	1.4282663888146536	1.9887995361807496	0.08459672125985106	0.06738218528898599	0.9154032787401489	0.932617814711014	1.0	baseline
K00394	0.0	0.6220257597999419	1.0425620510800688	1.5387878982857701	0.7189512028581315	0.9037635561631909	0.7189512028581315	0.9037635561631909	0.7142857142857143	endpoint
K00395	0.0	0.14022461675384315	0.2980580186503735	1.5215357460876882	0.5159501874454897	0.408110558966279	0.5159501874454897	0.591889441033721	0.5714285714285714	endpoint
K00425	0.0	0.912882496948473	1.2842199166358081	1.5299464912018654	0.22132093008171208	0.18952864266734878	0.778679069918288	0.8104713573326512	0.8571428571428571	baseline
K00426	0.0	0.6536648755865432	0.7347037086092227	1.534112424273219	0.30588411144845046	0.3033465857511751	0.6941158885515495	0.6966534142488249	0.7142857142857143	baseline
K00427	0.0	0.7384962438726156	1.0515198485662152	1.5718149886393473	0.24150284986625162	0.12485235298027775	0.7584971501337484	0.8751476470197223	0.8571428571428571	baseline
K00428	0.0	0.3599786331984398	0.9343553446013173	1.303570670293926	0.38768723988033293	0.3037251516245676	0.6123127601196671	0.6962748483754324	0.7142857142857143	baseline
K00432	0.0	0.15248880094276226	0.2724547179678705	1.127509933501159	0.5592137562158901	0.5158475501532447	0.5592137562158901	0.5158475501532447	0.5714285714285714	endpoint
K00433	0.0	0.28047703291596104	0.6942963474147279	1.5369606962438918	0.5511757253884518	0.585872016217015	0.5511757253884518	0.585872016217015	0.7142857142857143	endpoint
K00435	0.0	0.4265648317851739	0.9236452411682435	1.6076203946232734	0.35879423004304634	0.19246756276743635	0.6412057699569537	0.8075324372325636	0.5714285714285714	baseline
K00448	0.0	0.5971798667252185	1.1177976731675068	1.3285195508931997	0.3204702643891766	0.28506975444164595	0.6795297356108234	0.714930245558354	0.7142857142857143	baseline
K00449	0.0	1.2575665193730645	1.2354517101435072	1.4562035769438806	0.12572732101022518	0.05379090107371459	0.8742726789897748	0.9462090989262855	1.0	baseline
K00450	0.0	0.36229099420557415	0.7255081931129655	1.159827778864945	0.5877829262889527	0.719952877395182	0.5877829262889527	0.719952877395182	0.7142857142857143	endpoint
K00455	0.0	0.8333018138543046	1.0377029987887467	1.4036930880323346	0.25014860905809017	0.22395799807774758	0.7498513909419098	0.7760420019222525	0.8571428571428571	baseline
K00457	0.0	1.1846010412413348	1.3647677663821831	1.5212702287804873	0.16873350057991468	0.11777984165472474	0.8312664994200853	0.8822201583452752	0.8571428571428571	baseline
K00459	0.0	0.5231103993130999	0.5929643425525545	1.3716473278082242	0.32699500623493943	0.3745714772466976	0.6730049937650606	0.6254285227533024	0.5714285714285714	baseline
K00481	0.0	0.890792464397756	1.14193713311554	1.4574919847349468	0.22402369943609154	0.17033605079095945	0.7759763005639084	0.8296639492090405	0.8571428571428571	baseline
K00483	0.0	0.043387642124985915	0.1293962535491232	1.335004972150925	0.5055287043673151	0.5433020863078682	0.5055287043673151	0.5433020863078682	0.5714285714285714	endpoint
K00484	0.0	0.7355906610915117	1.2319251750659106	1.7231563327098764	0.3091548512438979	0.18458200275360556	0.690845148756102	0.8154179972463944	0.7142857142857143	baseline
K00520	0.0	0.5671961987428432	0.35729071065763274	1.828962560115643	0.34266352177137716	0.3859013100643196	0.6573364782286228	0.6140986899356804	0.8571428571428571	baseline
K00525	0.0	0.6534738338482676	0.7743314528850903	1.8597486647155153	0.3546851920283923	0.24532440488560023	0.6453148079716077	0.7546755951143997	0.7142857142857143	baseline
K00526	0.0	0.017476572785490054	0.09325082846026413	1.0348920720953454	0.5273222647149522	0.5421926406113033	0.5273222647149522	0.5421926406113033	0.5714285714285714	endpoint
K00528	0.0	0.16215061431884395	0.6945944582015889	1.4936312442559871	0.4704650030120628	0.35532023968493015	0.5295349969879373	0.6446797603150698	0.5714285714285714	baseline
K00529	0.0	0.36426184944921713	0.07695154245362291	1.3071460793172671	0.3741721701627628	0.48477054305468054	0.6258278298372373	0.5152294569453195	0.7142857142857143	baseline
K00533	0.0	1.0114264926767071	1.1632455668581474	1.51358716381232	0.8272492696330637	0.9574764532920587	0.8272492696330637	0.9574764532920587	1.0	endpoint
K00537	0.0	0.16127356172941834	0.1176318325688389	1.2674230053996727	0.4219128804982595	0.4856946691872491	0.5780871195017405	0.514305330812751	0.5714285714285714	baseline
K00547	0.0	0.38620418956533514	0.7190945510664902	1.2706655374338398	0.6547268623785233	0.7246129286083577	0.6547268623785233	0.7246129286083577	0.5714285714285714	endpoint
K00548	0.0	0.16764388836631186	0.39084328713010863	1.2184386832986898	0.5313553736523383	0.6153665917322644	0.5313553736523383	0.6153665917322644	0.5714285714285714	endpoint
K00549	0.0	0.3687529831730381	0.2279185805726584	1.3560042356461126	0.3846545531021967	0.44481285715465185	0.6153454468978032	0.5551871428453481	0.5714285714285714	baseline
K00554	0.0	0.3192429203242592	0.3588631170579052	1.4713876703122957	0.5726078128917295	0.6446247424014645	0.5726078128917295	0.6446247424014645	0.7142857142857143	endpoint
K00556	0.0	1.0260331513117693	1.3372271549224033	1.428391560839067	0.19035768774043355	0.17251874123075692	0.8096423122595664	0.827481258769243	1.0	baseline
K00557	0.0	0.04763125584939428	0.11452923859854602	0.9463081510056293	0.5181286475490476	0.48963238645495666	0.5181286475490476	0.5103676135450433	0.5714285714285714	endpoint
K00558	0.0	0.2563371338778217	0.9942376719613035	1.6704641905540458	0.5548843296188917	0.635661391270811	0.5548843296188917	0.635661391270811	0.5714285714285714	endpoint
K00560	0.0	0.26169236546856417	0.2611836260061584	1.3737176224765666	0.58207414256375	0.574254113427071	0.58207414256375	0.574254113427071	0.7142857142857143	endpoint
K00561	0.14285714285714285	0.7365956375922907	0.7690937428714114	2.274408838345067	0.6963693660996066	0.8092980929349541	0.6963693660996066	0.8092980929349541	0.7142857142857143	endpoint
K00563	0.0	0.28002407888485653	0.6803249267347719	1.564866048323029	0.38688203688560563	0.2374035964507464	0.6131179631143944	0.7625964035492536	0.5714285714285714	baseline
K00564	0.0	0.712412765882788	1.0654811393580543	1.5587931569458795	0.27623389219178146	0.21394953186025836	0.7237661078082185	0.7860504681397417	0.7142857142857143	baseline
K00566	0.0	0.1970368987921647	0.6361538260527637	1.7748913184984876	0.39288512002126313	0.3016711129351928	0.6071148799787369	0.6983288870648072	0.7142857142857143	baseline
K00567	0.14285714285714285	0.6248517468327014	0.3725519495259032	2.379595007679838	0.35142754685250666	0.380105136025339	0.6485724531474933	0.619894863974661	0.8571428571428571	baseline
K00568	0.0	1.1646687236652036	1.3534687605064797	1.5110664241870715	0.1533373260708725	0.09801566308659186	0.8466626739291275	0.9019843369134082	1.0	baseline
K00571	0.0	0.8968850400580951	1.1581945069650652	1.4250120369720833	0.7836267728481265	0.8609043198264539	0.7836267728481265	0.8609043198264539	0.8571428571428571	endpoint
K00573	0.0	0.8191028290362814	1.2378795259820354	1.8337568442434247	0.27647481802834056	0.22096979805683434	0.7235251819716595	0.7790302019431656	0.7142857142857143	baseline
K00574	0.0	0.5142345464741604	1.2371443012701693	1.8946870038449592	0.4162229255875546	0.21959572865545704	0.5837770744124454	0.7804042713445429	0.5714285714285714	baseline
K00575	0.0	0.5032883016114428	0.3514402983440521	1.6899264837592889	0.6525298246220259	0.5953543102649915	0.6525298246220259	0.5953543102649915	0.7142857142857143	endpoint
K00590	0.0	0.27754353805307747	0.23441309514013695	1.3583959379729298	0.5936642614036137	0.5679957011003457	0.5936642614036137	0.5679957011003457	0.7142857142857143	endpoint
K00595	0.0	0.537902401434999	1.0583641604022174	1.278291681288005	0.6614303003262663	0.6463061991801385	0.6614303003262663	0.6463061991801385	0.5714285714285714	endpoint
K00598	0.0	0.40597412894021945	0.34891664453285987	0.8651728821838183	0.39286058739557844	0.43162492640089356	0.6071394126044216	0.5683750735991064	0.8571428571428571	baseline
K00600	0.0	0.617283711602737	0.8749538196723642	1.664361377964124	0.6624200455628884	0.6262841761457892	0.6624200455628884	0.6262841761457892	0.8571428571428571	endpoint
K00602	0.0	0.09321276201262542	0.24355116410770664	1.8095997860381499	0.4157989585403752	0.38732527784769155	0.5842010414596248	0.6126747221523084	0.5714285714285714	baseline
K00603	0.0	0.4915502357698966	0.5830073439958847	1.6636826316693154	0.6305490052634433	0.6683341375051182	0.6305490052634433	0.6683341375051182	0.7142857142857143	endpoint
K00604	0.0	0.6699027071527023	0.781482548032254	1.380930044003533	0.7132781092422544	0.7194040768495116	0.7132781092422544	0.7194040768495116	0.8571428571428571	endpoint
K00605	0.0	0.20918832987465827	0.417482627134206	1.2341543427437371	0.5617301033223933	0.5743372820670332	0.5617301033223933	0.5743372820670332	0.5714285714285714	endpoint
K00606	0.0	0.22979599537857828	0.6505799288330766	1.6394685213796363	0.3948374428823575	0.2771505729054967	0.6051625571176424	0.7228494270945033	0.5714285714285714	baseline
K00609	0.0	1.1965584560681273	1.2727402330042323	1.9305801515936793	0.8428860700499942	0.814389604803694	0.8428860700499942	0.814389604803694	1.0	endpoint
K00610	0.0	0.628864637533669	0.9641996989637888	1.9689305153576382	0.6664955614868092	0.7386051484851188	0.6664955614868092	0.7386051484851188	0.7142857142857143	endpoint
K00611	0.0	0.5393105298481626	0.8492793251569305	1.5335007091969857	0.6942759091306749	0.7417285775487494	0.6942759091306749	0.7417285775487494	0.5714285714285714	endpoint
K00613	0.0	0.4312056829943476	0.9280077717679375	1.5078899600880258	0.6126390137018334	0.7634290592491692	0.6126390137018334	0.7634290592491692	0.7142857142857143	endpoint
K00615	0.0	0.11336343311414203	0.30447421140051584	0.8101739112822431	0.5354175375702348	0.634455394715884	0.5354175375702348	0.634455394715884	0.7142857142857143	endpoint
K00616	0.0	0.2018017889829758	0.6688338636605113	1.272485385358762	0.6083139832047622	0.7004995322298242	0.6083139832047622	0.7004995322298242	0.5714285714285714	endpoint
K00620	0.0	0.40573253654278413	0.665431086444033	1.283071141059053	0.6190045321116895	0.6993315360602621	0.6190045321116895	0.6993315360602621	0.7142857142857143	endpoint
K00625	0.0	0.740894961665694	0.47486719404619404	1.9830569929138535	0.705806681266668	0.6820668782737402	0.705806681266668	0.6820668782737402	0.8571428571428571	endpoint
K00626	0.0	0.2562127214201714	0.4413042658372632	1.5012248964139212	0.5704119639392362	0.5627402512084565	0.5704119639392362	0.5627402512084565	0.5714285714285714	endpoint
K00627	0.0	1.2035564315379934	1.059728665205944	1.8295666442993723	0.16799138562840502	0.18851886815878224	0.832008614371595	0.8114811318412177	1.0	baseline
K00631	0.0	0.902932671868602	1.0452240216435122	1.6056403045225998	0.24264313356969014	0.297116766503802	0.7573568664303099	0.7028832334961981	0.8571428571428571	baseline
K00632	0.0	0.9562290590128464	1.2187154742143729	1.5607749204259642	0.2126297663801521	0.14831680636208378	0.7873702336198479	0.8516831936379162	0.8571428571428571	baseline
K00633	0.0	0.8658758397085048	0.8354210078380157	1.3422273028041982	0.25445194342260563	0.27736264222828083	0.7455480565773944	0.7226373577717191	0.8571428571428571	baseline
K00634	0.0	0.9380215043745183	1.2379105122029546	1.7230364195643169	0.7796429124998673	0.8797851308955602	0.7796429124998673	0.8797851308955602	0.8571428571428571	endpoint
K00638	0.0	0.6082681101406937	0.5327000643577785	1.4372965088650382	0.6974503539029901	0.6377292022548805	0.6974503539029901	0.6377292022548805	0.8571428571428571	endpoint
K00639	0.0	0.02590865153475958	0.4656277087074217	1.4623867881963055	0.5214906658132492	0.40434022419043425	0.5214906658132492	0.5956597758095658	0.5714285714285714	baseline
K00640	0.0	0.6261034758209798	0.6731635964091809	1.2688143424726268	0.6787668112085349	0.6753654207823682	0.6787668112085349	0.6753654207823682	1.0	endpoint
K00641	0.0	0.11027109323069621	0.25916916453878125	1.5024505974884301	0.460578616928801	0.43619903642432556	0.539421383071199	0.5638009635756744	0.5714285714285714	baseline
K00645	0.0	0.43502658721325255	1.0802956513289588	1.4469478146895876	0.5885930151366132	0.803628866269103	0.5885930151366132	0.803628866269103	0.7142857142857143	endpoint
K00647	0.0	0.6664012048834492	1.059176360654542	1.676370344836236	0.3202395977228303	0.21568736285744247	0.6797604022771697	0.7843126371425575	0.7142857142857143	baseline
K00648	0.0	0.9245225206740926	1.1502029906606943	1.5796419669540953	0.230400553204396	0.19059704539621597	0.769599446795604	0.809402954603784	0.8571428571428571	baseline
K00651	0.0	0.6247633316997592	1.1305313177633072	1.4569674856963906	0.7014895260109651	0.7110472114543818	0.7014895260109651	0.7110472114543818	0.7142857142857143	endpoint
K00652	0.0	0.5181032359282558	0.7410142748859248	1.1836725365091574	0.3682799468403403	0.2741347214564672	0.6317200531596596	0.7258652785435328	0.7142857142857143	baseline
K00655	0.0	0.08651797461857516	0.1767683469848423	1.4776459325899467	0.5651233681348724	0.4412778465701919	0.5651233681348724	0.5587221534298081	0.5714285714285714	endpoint
K00656	0.0	0.9456611857934838	1.0349297247773275	1.2651625124821126	0.7961046086196572	0.7551404076339351	0.7961046086196572	0.7551404076339351	1.0	endpoint
K00657	0.0	0.21481948597520314	0.08773751170951477	1.0860844606676567	0.4455161950752066	0.49836748252751595	0.5544838049247933	0.501632517472484	0.5714285714285714	baseline
K00658	0.0	0.6735447143016485	0.7967079353812967	1.40618258214642	0.29383781790159	0.32694031822216224	0.70616218209841	0.6730596817778378	0.7142857142857143	baseline
K00661	0.0	0.13904179316406876	0.13793896089458166	1.5159593707998966	0.5773206697871485	0.4803621049617497	0.5773206697871485	0.5196378950382503	0.5714285714285714	endpoint
K00662	0.0	0.7444916533477324	0.772976576369507	1.6379115959298485	0.7160936449299099	0.7425093638243293	0.7160936449299099	0.7425093638243293	1.0	endpoint
K00666	0.0	0.12202282090717695	0.27177116363012627	1.273248407609795	0.54559616583539	0.4255076592634924	0.54559616583539	0.5744923407365077	0.5714285714285714	endpoint
K00673	0.0	0.9695361364187368	1.214128943110219	1.5647331171132501	0.2497127136371616	0.14739145949230034	0.7502872863628384	0.8526085405076996	0.8571428571428571	baseline
K00674	0.0	0.06603235799228542	0.1177786549036114	1.3327665728416012	0.5093798436200968	0.47588520543630575	0.5093798436200968	0.5241147945636943	0.5714285714285714	baseline
K00675	0.0	0.6606500648204545	1.0827084755331728	1.4803321759575332	0.297543740576212	0.20073583815390542	0.702456259423788	0.7992641618460946	0.7142857142857143	baseline
K00677	0.0	0.08431840825485978	0.6544361735830986	1.2204303577842934	0.5004857460684417	0.30521093399743965	0.5004857460684417	0.6947890660025604	0.5714285714285714	baseline
K00681	0.0	0.5500063965324354	0.65323250403096	1.501159182285399	0.350412599034662	0.29918475986818055	0.649587400965338	0.7008152401318195	0.8571428571428571	baseline
K00684	0.0	0.08504600254433836	0.07684615735636614	1.0989336767482023	0.48301924335454116	0.5022738029727298	0.5169807566454588	0.5022738029727298	0.5714285714285714	baseline
K00687	0.0	0.035771723258880304	0.03889338918397858	1.4559736730057231	0.492202175376054	0.4770770585763883	0.5077978246239461	0.5229229414236116	0.5714285714285714	baseline
K00688	0.0	0.7669509647901337	1.0438065070186087	1.3708584056007824	0.7387219435614695	0.6473390086015939	0.7387219435614695	0.6473390086015939	0.8571428571428571	endpoint
K00689	0.0	0.631080830762515	0.7113301885272051	1.6171311488326245	0.6928782884120431	0.7392107704954985	0.6928782884120431	0.7392107704954985	0.7142857142857143	endpoint
K00690	0.0	0.2293191689723751	0.07309086368372748	1.4979296094776882	0.5993078602191694	0.5302818041673907	0.5993078602191694	0.5302818041673907	0.5714285714285714	endpoint
K00691	0.0	0.0809030351105945	0.09789954601151551	1.4918460408755976	0.5290813912556298	0.5222690713887572	0.5290813912556298	0.5222690713887572	0.5714285714285714	endpoint
K00694	0.0	0.5404192908598866	0.22351077734069047	1.6055563760851332	0.35818199922303745	0.4609422988880903	0.6418180007769625	0.5390577011119098	0.8571428571428571	baseline
K00697	0.0	1.1170755553118459	1.3622347747302732	1.800290307839991	0.19332591277249955	0.06073414051414536	0.8066740872275004	0.9392658594858546	0.8571428571428571	baseline
K00700	0.0	0.40124449886372887	0.38315188356508256	1.5210985319264336	0.6493680084426154	0.6529808103803607	0.6493680084426154	0.6529808103803607	0.7142857142857143	endpoint
K00702	0.0	0.2081218431134944	0.09088763324265939	1.3722211609398711	0.526521330394463	0.5414393517419366	0.526521330394463	0.5414393517419366	0.7142857142857143	endpoint
K00703	0.0	0.8977838539768482	1.177338902684865	1.4258779226290221	0.7515304990108492	0.8300191008215413	0.7515304990108492	0.8300191008215413	0.8571428571428571	endpoint
K00705	0.0	0.08748425886553265	0.7045418492953445	1.3098730883292735	0.5138280193895258	0.3484868976364117	0.5138280193895258	0.6515131023635883	0.5714285714285714	baseline
K00712	0.0	0.24272396558786774	0.5458738080379545	1.4139247536856543	0.603796097660438	0.6408089588816637	0.603796097660438	0.6408089588816637	0.5714285714285714	endpoint
K00721	0.0	0.3134577877957954	0.5835033029552452	1.1989968534373767	0.6309491413814017	0.6984648476069216	0.6309491413814017	0.6984648476069216	0.7142857142857143	endpoint
K00728	0.0	0.18346878957233667	0.20691965135978363	1.1961903428045728	0.5831659951578831	0.5615682862567541	0.5831659951578831	0.5615682862567541	0.5714285714285714	endpoint
K00748	0.0	0.21365343358367417	0.7092007751470144	1.5037258700391045	0.5562638713845813	0.7143553902521971	0.5562638713845813	0.7143553902521971	0.5714285714285714	endpoint
K00756	0.0	0.3822085731295593	0.5204439651205153	1.4649741074130511	0.5995232979503565	0.5570130336172421	0.5995232979503565	0.5570130336172421	0.5714285714285714	endpoint
K00757	0.0	0.8280935535886058	0.7682902841871971	1.255806391751466	0.753467474218876	0.7627625292095271	0.753467474218876	0.7627625292095271	1.0	endpoint
K00758	0.0	0.861364808940111	0.9644801400014066	1.3460051114217197	0.25283709333341226	0.2674372134738831	0.7471629066665877	0.7325627865261168	1.0	baseline
K00759	0.0	0.49310057202001406	0.5108277905592664	1.2627216186303494	0.6535540969177228	0.6326159040300828	0.6535540969177228	0.6326159040300828	0.7142857142857143	endpoint
K00760	0.0	0.19442334427391889	0.38482542653957896	1.3622205990419989	0.5707774185274057	0.6030142296146018	0.5707774185274057	0.6030142296146018	0.7142857142857143	endpoint
K00761	0.0	0.27907467187288565	0.5616661100327907	1.3099037873315618	0.5881381536610683	0.563855788068173	0.5881381536610683	0.563855788068173	0.5714285714285714	endpoint
K00762	0.0	0.9106287947177167	1.1219007348831191	1.4201824820127584	0.7768933317653064	0.7088577566379961	0.7768933317653064	0.7088577566379961	1.0	endpoint
K00763	0.0	0.824768598437073	1.0803634062882812	1.4025643428911578	0.7717958108650215	0.809819311206657	0.7717958108650215	0.809819311206657	0.8571428571428571	endpoint
K00764	0.0	0.636138247177748	0.8188123747968945	1.708251775521202	0.6755428976382174	0.8235129365676331	0.6755428976382174	0.8235129365676331	0.7142857142857143	endpoint
K00765	0.0	0.4114261132501356	0.9276086192890513	1.52262740856243	0.3858939189732547	0.3166405763315473	0.6141060810267454	0.6833594236684527	0.5714285714285714	baseline
K00766	0.0	0.5128217212482508	0.6914935383170268	1.3713539112933772	0.6434232354429837	0.6484390931933696	0.6434232354429837	0.6484390931933696	0.5714285714285714	endpoint
K00767	0.0	0.6340652321963535	1.2103145033877953	1.8812690991964578	0.6652760832023459	0.8982663269611482	0.6652760832023459	0.8982663269611482	0.7142857142857143	endpoint
K00768	0.0	0.27886421849482657	0.115978915807104	1.2109785290709154	0.40128184350348434	0.4513687128180848	0.5987181564965156	0.5486312871819152	0.7142857142857143	baseline
K00769	0.0	0.812063678027131	1.1545306585526982	1.6000493443118196	0.27765179919878963	0.23022909099344904	0.7223482008012103	0.769770909006551	0.8571428571428571	baseline
K00772	0.0	0.6205424164695071	1.0992417406566886	1.4043349103830753	0.31589822863719064	0.12738516658130938	0.6841017713628094	0.8726148334186906	0.8571428571428571	baseline
K00773	0.0	0.015609453334279353	0.1541418682427175	1.4262954553972707	0.494830014552816	0.49620796611942036	0.5051699854471841	0.5037920338805797	0.5714285714285714	endpoint
K00782	0.0	0.7148932801149661	0.8469253619121447	1.347797376772121	0.2711340296316211	0.23345078798583965	0.7288659703683789	0.7665492120141604	0.7142857142857143	baseline
K00783	0.0	0.2911300753594438	0.8136102045591264	1.3025520467035776	0.426584697200928	0.2859659119166771	0.573415302799072	0.7140340880833229	0.7142857142857143	baseline
K00784	0.0	0.09548728995752105	0.36210065236287914	1.7988741195221192	0.48737723672678973	0.54093303780429	0.5126227632732103	0.54093303780429	0.5714285714285714	endpoint
K00786	0.0	0.27531209408289853	0.9411302942517905	1.3122438591670873	0.5943200725102388	0.6268457232367387	0.5943200725102388	0.6268457232367387	0.5714285714285714	endpoint
K00788	0.0	0.17985807533165973	0.5113143928839905	1.486330029715577	0.5396439287268137	0.627169747332961	0.5396439287268137	0.627169747332961	0.7142857142857143	endpoint
K00789	0.0	0.4582193425585511	0.3400879978818289	1.522539622375989	0.6169697134752494	0.6518124518960478	0.6169697134752494	0.6518124518960478	0.7142857142857143	endpoint
K00790	0.0	0.4218061196738079	0.6731765835882902	1.5107401231551545	0.6205291245330523	0.7712788387404326	0.6205291245330523	0.7712788387404326	0.7142857142857143	endpoint
K00791	0.0	0.3312889282719645	0.941507023914961	1.5468276306056454	0.5981688977769286	0.7333000569289325	0.5981688977769286	0.7333000569289325	0.5714285714285714	endpoint
K00793	0.0	0.2305783384813465	0.1891407242531064	1.3268253604990459	0.4303155567899456	0.44905718185660515	0.5696844432100544	0.5509428181433949	0.5714285714285714	baseline
K00794	0.0	0.365207929287675	0.14173947960425923	1.4036994106936724	0.6046240417263136	0.5463304714963975	0.6046240417263136	0.5463304714963975	0.7142857142857143	endpoint
K00795	0.0	0.6033015797784804	0.5946519646163425	1.4086445176190534	0.34512275592276925	0.3437275260964328	0.6548772440772308	0.6562724739035672	0.8571428571428571	baseline
K00796	0.0	0.20474934537486064	0.5261203663854213	1.220109320280654	0.4705847735131331	0.3901982560545356	0.5294152264868669	0.6098017439454644	0.7142857142857143	baseline
K00797	0.0	0.5642721414116615	0.8234103738758768	1.3365981841796106	0.6669389729796313	0.7345981345126097	0.6669389729796313	0.7345981345126097	0.8571428571428571	endpoint
K00798	0.0	0.004667662889310658	0.4600875839768126	1.1668789110286866	0.503825868490222	0.59886156129647	0.503825868490222	0.59886156129647	0.5714285714285714	endpoint
K00799	0.0	0.5450362411780042	0.9510345909129788	1.5572514881898838	0.3572769529760844	0.2093176512766557	0.6427230470239156	0.7906823487233443	0.7142857142857143	baseline
K00800	0.0	0.15117943976994724	0.10470418843602955	1.7423357652561742	0.4641544494922502	0.46129518318464335	0.5358455505077497	0.5387048168153566	0.5714285714285714	baseline
K00801	0.0	0.3776743461535292	0.8441269169531173	1.2296892837564957	0.3916979768406626	0.33049829264995256	0.6083020231593375	0.6695017073500474	0.5714285714285714	baseline
K00803	0.0	0.25563541272123025	0.5404833823321663	1.3722251630389921	0.5817607652074281	0.6191456001070771	0.5817607652074281	0.6191456001070771	0.7142857142857143	endpoint
K00805	0.0	0.7599449671647773	0.6886555951647078	1.4705093923289143	0.7438110349064093	0.643440379687962	0.7438110349064093	0.643440379687962	1.0	endpoint
K00806	0.0	0.27736428542287833	0.3565394566255475	1.5021781708361817	0.5891638423817224	0.6246633171578632	0.5891638423817224	0.6246633171578632	0.7142857142857143	endpoint
K00812	0.0	0.020597448249076087	0.5877663246336954	1.7368958459215258	0.4362520016108117	0.3251125460630903	0.5637479983891883	0.6748874539369096	0.5714285714285714	endpoint
K00813	0.0	0.5785619366592952	1.025241697920827	1.247479408589987	0.3604130860794917	0.26354296892005175	0.6395869139205084	0.7364570310799483	0.7142857142857143	baseline
K00817	0.0	0.35551366017422287	0.5830838090111894	1.3393930448575453	0.4150810317467256	0.32246187128769416	0.5849189682532744	0.6775381287123059	0.7142857142857143	baseline
K00819	0.0	0.3717740166184143	0.7248118788499237	1.6482198090543676	0.3809279010905651	0.26987279354856136	0.6190720989094349	0.7301272064514386	0.7142857142857143	baseline
K00820	0.0	0.8645074272047567	1.2470367016142851	1.656329453570696	0.7906770251686189	0.9004111810066164	0.7906770251686189	0.9004111810066164	0.8571428571428571	endpoint
K00821	0.0	0.03199934460692914	0.019673594274893427	0.8163963251914761	0.5071759462265882	0.5227794577176673	0.5071759462265882	0.5227794577176673	0.7142857142857143	endpoint
K00823	0.0	0.10671874858630745	0.3354975218512977	1.3521604776640226	0.4730144427460968	0.6001112447982294	0.5269855572539033	0.6001112447982294	0.5714285714285714	baseline
K00824	0.0	0.13664866726862976	0.5384323626553528	1.5591727264432975	0.5561996788578547	0.6390692984414503	0.5561996788578547	0.6390692984414503	0.5714285714285714	endpoint
K00826	0.0	0.9580875567661101	1.2531821837124903	1.6773902447862103	0.748696731968372	0.8061634480874069	0.748696731968372	0.8061634480874069	0.8571428571428571	endpoint
K00831	0.0	0.41459403350542073	0.8234576967538365	1.4710762022500539	0.35789172865557556	0.270830001501147	0.6421082713444244	0.729169998498853	0.7142857142857143	baseline
K00832	0.0	0.09144336509922431	0.26988370790945737	1.5700829675976087	0.4918496503516902	0.5264637215453764	0.5081503496483097	0.5264637215453764	0.7142857142857143	baseline
K00833	0.0	0.07934363105075717	0.1704011609335992	1.362797482047512	0.5340453610901535	0.5530309968103683	0.5340453610901535	0.5530309968103683	0.5714285714285714	endpoint
K00835	0.0	0.3335977051853601	0.6369156208874391	1.2198201196021978	0.39970589987557564	0.2523037499804884	0.6002941001244244	0.7476962500195117	0.7142857142857143	baseline
K00836	0.0	0.17602987482652696	0.33494156126920477	1.056794072960241	0.5308900543338341	0.5802619060881401	0.5308900543338341	0.5802619060881401	0.7142857142857143	endpoint
K00839	0.0	0.6628378409734882	0.45796051525400067	1.753796901894242	0.2861348046648281	0.31372971606820166	0.7138651953351719	0.6862702839317983	0.8571428571428571	baseline
K00840	0.0	0.7899741319660121	1.2818366780790431	1.4398823790683823	0.28007076135472403	0.125145419232431	0.719929238645276	0.874854580767569	0.8571428571428571	baseline
K00841	0.0	0.5162409081927052	0.8680693699529093	1.4576584870122429	0.6415734989369535	0.7125878794870892	0.6415734989369535	0.7125878794870892	0.7142857142857143	endpoint
K00844	0.0	0.027745649046925454	0.2459985434953713	1.1703636222302463	0.4999526507425561	0.5114559032359978	0.5000473492574439	0.5114559032359978	0.5714285714285714	baseline
K00845	0.0	0.1982250146884003	0.2028278648363007	1.2938238112518001	0.42969106199986246	0.4517287895923578	0.5703089380001376	0.5482712104076422	0.5714285714285714	baseline
K00847	0.0	0.23319903277384108	0.5735413656901999	1.2566695116705746	0.5701535533222339	0.6342025982128345	0.5701535533222339	0.6342025982128345	0.5714285714285714	endpoint
K00848	0.0	0.11563984105775045	0.3185040964786571	1.2750840024589087	0.5276203371062901	0.5861451432431686	0.5276203371062901	0.5861451432431686	0.7142857142857143	endpoint
K00849	0.0	0.333448039746491	0.7319121953589236	1.5832273724748944	0.38459483487421336	0.2196963742854527	0.6154051651257866	0.7803036257145473	0.5714285714285714	baseline
K00850	0.0	0.11061347193274539	0.2194749073833604	1.3023208809763858	0.5317343617786491	0.5070530578856024	0.5317343617786491	0.5070530578856024	0.5714285714285714	endpoint
K00851	0.0	0.10038123192681771	0.26418933905410785	1.3553018304431221	0.48540798995650253	0.5202133815686047	0.5145920100434975	0.5202133815686047	0.5714285714285714	baseline
K00852	0.0	0.7549656475412313	1.1031622471540352	1.894204405890475	0.30100402513805885	0.15182705696875962	0.6989959748619412	0.8481729430312404	0.7142857142857143	baseline
K00853	0.0	0.07442440497325117	0.09919708403618148	1.415572066821943	0.4985703967736464	0.48708729402715484	0.5014296032263537	0.5129127059728451	0.5714285714285714	baseline
K00854	0.0	0.23242250872457784	0.044972411300027645	1.4623299943843984	0.4458768981578494	0.4788702518850033	0.5541231018421506	0.5211297481149967	0.5714285714285714	baseline
K00855	0.0	1.3156119123891064	1.2594814997991444	1.6992177486428095	0.10798617200114273	0.04667076248258047	0.8920138279988573	0.9533292375174195	1.0	baseline
K00857	0.0	0.060411668878234966	0.19820315955210502	1.3931066980702187	0.5203725862231623	0.5946761492282759	0.5203725862231623	0.5946761492282759	0.5714285714285714	endpoint
K00858	0.0	0.43590436838448204	0.3459090403795116	1.4043567677906457	0.3819054666275106	0.3622848766745889	0.6180945333724894	0.637715123325411	0.5714285714285714	baseline
K00859	0.0	0.026633745689548953	0.18791453073840905	1.2392682886503097	0.48038916685015803	0.462437741846549	0.5196108331498419	0.5375622581534509	0.7142857142857143	baseline
K00860	0.0	0.2441310836712957	0.1388470909516822	1.804276919947127	0.5857604343863464	0.545907087840811	0.5857604343863464	0.545907087840811	0.5714285714285714	endpoint
K00863	0.0	0.549468777290998	0.29656016062708257	1.4357885876093184	0.3117418861710906	0.36913005055301706	0.6882581138289094	0.6308699494469829	0.7142857142857143	baseline
K00864	0.0	1.0384703900896946	1.2755987411009018	1.4410400276896982	0.8016089648337898	0.8314136866532621	0.8016089648337898	0.8314136866532621	0.8571428571428571	endpoint
K00865	0.0	0.03128468138835015	0.18449323070433526	1.3884985661732667	0.5740697790550194	0.5342506219818646	0.5740697790550194	0.5342506219818646	0.5714285714285714	endpoint
K00867	0.0	0.5244894352126408	0.9768917934921638	1.3823633930359254	0.3217152027267325	0.2995829047493507	0.6782847972732675	0.7004170952506493	0.7142857142857143	baseline
K00868	0.0	0.771488305181756	0.8624073856687784	1.6792150868460487	0.28807421655719445	0.2597949050981041	0.7119257834428055	0.7402050949018959	0.8571428571428571	baseline
K00869	0.0	0.3984291953882293	0.4021305711676624	1.2721177790241625	0.6468205362706063	0.537373359243225	0.6468205362706063	0.537373359243225	0.7142857142857143	endpoint
K00872	0.0	0.4004816306904222	0.8025930722519458	1.1948766184414357	0.378635027222043	0.31510592275905075	0.621364972777957	0.6848940772409493	0.5714285714285714	baseline
K00873	0.0	0.21674439301859882	0.18315278576688174	1.5250485972605294	0.5826396386256641	0.44021804856634067	0.5826396386256641	0.5597819514336593	0.5714285714285714	endpoint
K00874	0.0	0.40384399323747333	0.27056759756629245	1.7127632894980758	0.6101715313556241	0.5764478974644329	0.6101715313556241	0.5764478974644329	0.7142857142857143	endpoint
K00875	0.0	0.5242394638404823	0.6313591484823147	1.2660762778428754	0.34719549830634727	0.30339078400771086	0.6528045016936528	0.6966092159922892	0.7142857142857143	baseline
K00876	0.0	0.17291691249063448	0.3548772313076784	1.4626528031976822	0.5516901917254923	0.649218945392487	0.5516901917254923	0.649218945392487	0.5714285714285714	endpoint
K00878	0.0	0.2042443877153913	0.5924856439080468	1.4076627353417723	0.44141579542579856	0.34432464448135264	0.5585842045742014	0.6556753555186474	0.5714285714285714	baseline
K00879	0.0	0.9650760501768809	1.149534470299813	1.6539187513743028	0.22268182236629386	0.23765293640634805	0.7773181776337061	0.762347063593652	1.0	baseline
K00880	0.0	0.47594811019584177	0.6807753602793809	1.5630484931928565	0.392949914179772	0.28566704165127066	0.607050085820228	0.7143329583487293	0.5714285714285714	baseline
K00881	0.0	0.6632955582624255	1.0443452342792539	1.850140614248911	0.3587876164453829	0.19043160041415103	0.6412123835546171	0.8095683995858489	0.7142857142857143	baseline
K00882	0.0	0.497244683377982	0.7822549244355363	1.5357138111564652	0.6343354698241983	0.7232541652626462	0.6343354698241983	0.7232541652626462	0.7142857142857143	endpoint
K00883	0.0	0.798142176614688	1.3283661695481055	1.4020526494947294	0.2822304867734959	0.18542288475452554	0.7177695132265041	0.8145771152454745	0.7142857142857143	baseline
K00884	0.0	0.5953565306651983	0.6057252686827406	1.4153571576956328	0.30542389118058816	0.3700722629827193	0.6945761088194118	0.6299277370172807	0.8571428571428571	baseline
K00885	0.0	0.18660952625008104	0.0019511431882787463	1.366108761933284	0.4630802866823905	0.4864340265526098	0.5369197133176096	0.5135659734473902	0.5714285714285714	baseline
K00886	0.0	0.3587906304934184	0.4916806812296524	1.3916688254779752	0.38545793827252595	0.30215533955426654	0.614542061727474	0.6978446604457335	0.7142857142857143	baseline
K00891	0.0	0.7954970589276373	0.9761455250259233	1.6734128291524166	0.7251539277887005	0.7484024638113445	0.7251539277887005	0.7484024638113445	0.7142857142857143	endpoint
K00892	0.0	0.6402319863032035	1.0996388440847382	1.4676062292662495	0.340559588233837	0.24032755272060566	0.659440411766163	0.7596724472793943	0.7142857142857143	baseline
K00895	0.0	0.052745507792086546	0.6794024227323442	1.59994904622344	0.4468517678132846	0.2773977412411325	0.5531482321867154	0.7226022587588675	0.5714285714285714	baseline
K00897	0.0	0.387200457433856	0.5587612841622579	1.3116074677478764	0.596292409517736	0.6438217919046759	0.596292409517736	0.6438217919046759	0.7142857142857143	endpoint
K00899	0.0	0.13015296430630127	0.1258286968344558	1.4520427153157311	0.5473094863512437	0.5525771172940412	0.5473094863512437	0.5525771172940412	0.5714285714285714	endpoint
K00901	0.0	0.5524687573755447	0.620312081664621	1.4568010372460922	0.6634386368867512	0.6535303263122727	0.6634386368867512	0.6535303263122727	0.7142857142857143	endpoint
K00906	0.0	0.7384913852001701	0.8018139086547366	1.5870974032149432	0.3055723179477812	0.2866260060087746	0.6944276820522188	0.7133739939912254	0.8571428571428571	baseline
K00912	0.0	0.47768530062151376	0.2909552374783034	1.082696912324556	0.3437689111928867	0.4254809037549691	0.6562310888071132	0.5745190962450308	0.8571428571428571	baseline
K00917	0.0	0.44275599837410223	0.31428195943643883	1.7102128151479323	0.399921422347506	0.41711448320245614	0.600078577652494	0.5828855167975439	0.8571428571428571	baseline
K00919	0.0	0.5707429365896227	0.8141043835674517	1.3441868271883597	0.3171653713832757	0.2905363312339593	0.6828346286167243	0.7094636687660407	0.7142857142857143	baseline
K00925	0.0	0.39328386738856064	0.28025067839760304	1.592941003738391	0.5996904672770755	0.5171416565866522	0.5996904672770755	0.5171416565866522	0.5714285714285714	endpoint
K00926	0.0	0.8544759418394859	0.9556828144426999	1.2910313805065103	0.7806946646264218	0.7697900679105883	0.7806946646264218	0.7697900679105883	0.8571428571428571	endpoint
K00927	0.0	0.5450986640649329	0.7125806014756083	1.2662774538523056	0.671061670424167	0.7880524101268463	0.671061670424167	0.7880524101268463	0.8571428571428571	endpoint
K00928	0.0	0.5269234493413947	0.9825307504852462	1.5093725999587841	0.6605418386725885	0.8051686326306441	0.6605418386725885	0.8051686326306441	0.5714285714285714	endpoint
K00929	0.0	0.04045204403223078	0.4191342096202521	1.4597130956112003	0.4996583397878864	0.54019591306596	0.5003416602121136	0.54019591306596	0.5714285714285714	endpoint
K00930	0.0	0.16286939671011044	0.39884046673878387	1.382418327523928	0.4575832130630226	0.3853342936477231	0.5424167869369774	0.6146657063522769	0.5714285714285714	baseline
K00931	0.0	0.28723872333843775	0.8774392003967825	1.5075172120749742	0.6036687822218313	0.772102878190376	0.6036687822218313	0.772102878190376	0.5714285714285714	endpoint
K00932	0.0	0.7265192896167801	0.668440777491695	1.719954700661232	0.2876612582630478	0.29009099402343747	0.7123387417369522	0.7099090059765625	0.8571428571428571	baseline
K00936	0.0	0.39015402983476444	0.11232936231148243	1.7375934688134163	0.39556286063421026	0.47704113550186944	0.6044371393657897	0.5229588644981306	0.7142857142857143	baseline
K00937	0.0	0.3396529858132987	0.6560276084616599	1.6456493943493091	0.3490661781282675	0.32681012084522115	0.6509338218717324	0.6731898791547788	0.7142857142857143	baseline
K00938	0.0	0.023654462995602952	0.43455023386198355	1.3894490464981823	0.5247278006859715	0.3984868138000203	0.5247278006859715	0.6015131861999796	0.7142857142857143	baseline
K00939	0.0	0.3380877191300263	0.8216940006198209	1.202032611850066	0.6166340349110758	0.7630610612197978	0.6166340349110758	0.7630610612197978	0.5714285714285714	endpoint
K00940	0.0	0.0615895020165934	0.7180171360577176	1.425640723358686	0.46503839637893585	0.3187595514676347	0.5349616036210642	0.6812404485323653	0.5714285714285714	baseline
K00941	0.0	0.09420877616584043	0.20581162927584046	1.2041730923563625	0.47464544254855084	0.4079952480984639	0.5253545574514491	0.5920047519015361	0.5714285714285714	baseline
K00942	0.0	0.45318564467920197	0.7972533540497739	1.233485345888643	0.652956306487763	0.7534741743950805	0.652956306487763	0.7534741743950805	0.7142857142857143	endpoint
K00943	0.0	0.6583181783830324	1.0140499941532923	1.740150541941455	0.3068647403775892	0.15268122567270734	0.6931352596224107	0.8473187743272926	0.7142857142857143	baseline
K00945	0.0	1.1696498607984225	1.2657759640534612	1.9833308710740314	0.8572325107293565	0.948724895956308	0.8572325107293565	0.948724895956308	1.0	endpoint
K00946	0.0	0.26874693992596904	0.5786900009171553	1.512850604330161	0.44623151315870047	0.3779085315656412	0.5537684868412995	0.6220914684343588	0.5714285714285714	baseline
K00948	0.0	0.6683568337136585	1.1639987101553007	1.5036939395735454	0.6704178947134569	0.720229628808597	0.6704178947134569	0.720229628808597	0.8571428571428571	endpoint
K00949	0.0	0.2380439714329843	0.6447618099111269	1.0559962059576058	0.3984549947810914	0.3069447432748115	0.6015450052189086	0.6930552567251884	0.5714285714285714	baseline
K00950	0.0	0.5072131203677755	0.7447998027888404	1.1481071291478437	0.6705259262010965	0.6687342177079406	0.6705259262010965	0.6687342177079406	0.7142857142857143	endpoint
K00951	0.0	0.3818109541606033	0.4672344023204817	1.3770616779631126	0.6045775127382728	0.622424645601823	0.6045775127382728	0.622424645601823	0.7142857142857143	endpoint
K00954	0.0	0.38072716791268096	0.6625092353311899	1.6581573136779242	0.641008026219848	0.7692284634022719	0.641008026219848	0.7692284634022719	0.7142857142857143	endpoint
K00955	0.0	0.03407805688537153	0.15407132459875134	1.3644144378973908	0.49080733715157987	0.5615796986203847	0.5091926628484201	0.5615796986203847	0.5714285714285714	endpoint
K00956	0.0	0.43291344987341357	0.5617563006273733	1.4460943526614431	0.6324335523470939	0.587351799481051	0.6324335523470939	0.587351799481051	0.7142857142857143	endpoint
K00957	0.0	0.8467225813037287	1.3984976295670395	1.9830074832839948	0.7050863557638963	0.9300216334808604	0.7050863557638963	0.9300216334808604	0.7142857142857143	endpoint
K00962	0.14285714285714285	1.105153370155876	1.249669202588401	2.1680036676885894	0.7949689987721918	0.8305030839752228	0.7949689987721918	0.8305030839752228	1.0	endpoint
K00963	0.0	0.5225085744462806	0.41573566971722936	1.3406815792036468	0.33817904208782906	0.4016099759454599	0.661820957912171	0.5983900240545401	0.7142857142857143	baseline
K00965	0.0	0.27233864546895936	0.24602513410019075	1.4614301764410864	0.5761321160086387	0.511460317197956	0.5761321160086387	0.511460317197956	0.5714285714285714	endpoint
K00966	0.0	0.35549584217946767	0.30509770072108927	1.368554237559567	0.387734619255873	0.4199755524190134	0.612265380744127	0.5800244475809866	0.5714285714285714	baseline
K00968	0.0	0.12909844591086628	0.10426069020186284	1.4604559765564362	0.5410199457979631	0.5578119888657265	0.5410199457979631	0.5578119888657265	0.7142857142857143	endpoint
K00969	0.0	0.5201252559619495	0.760297625489548	1.301315955544393	0.3315820770627913	0.2848154849127589	0.6684179229372087	0.7151845150872411	0.8571428571428571	baseline
K00970	0.14285714285714285	0.3504886324361865	0.4469219177398124	2.011954243229778	0.39184240903563683	0.3521463158979003	0.6081575909643632	0.6478536841020996	0.7142857142857143	baseline
K00971	0.0	0.07339192884879853	0.14287342631552888	1.474584415666297	0.4979136718319544	0.5199647110886557	0.5020863281680457	0.5199647110886557	0.5714285714285714	endpoint
K00972	0.0	1.3643150684500163	1.4086600639479125	1.707026314730968	0.903176106152239	0.9544433296353125	0.903176106152239	0.9544433296353125	1.0	endpoint
K00973	0.0	0.1191935960486202	0.22090034160668695	1.5429540979985386	0.44309670593470646	0.5685240089277557	0.5569032940652936	0.5685240089277557	0.7142857142857143	baseline
K00974	0.0	0.7830030535474961	1.1080697637338288	1.687324240841523	0.6914958735375691	0.7391030071913753	0.6914958735375691	0.7391030071913753	0.8571428571428571	endpoint
K00975	0.0	0.7463066075560854	0.9198711370061887	1.5738922259217165	0.718388177245812	0.7318823372588463	0.718388177245812	0.7318823372588463	0.7142857142857143	endpoint
K00978	0.0	0.2750391635800968	0.011030020835432485	1.6807077952657432	0.5861157525853435	0.5157732258417471	0.5861157525853435	0.5157732258417471	0.5714285714285714	endpoint
K00979	0.0	0.0830166792980048	0.1560086144365204	1.1185140343639246	0.5609137623409638	0.5857900789404845	0.5609137623409638	0.5857900789404845	0.5714285714285714	endpoint
K00980	0.0	0.568060561911447	0.8382705107318963	1.5400288208305066	0.6451511637639528	0.7262611119100763	0.6451511637639528	0.7262611119100763	0.8571428571428571	endpoint
K00981	0.0	0.06863332804065903	0.34483764716745513	1.597956870594271	0.4598518983661825	0.4325785140424719	0.5401481016338174	0.5674214859575282	0.5714285714285714	baseline
K00982	0.0	0.5944686954075024	0.7115769210364403	1.341209098168234	0.31831784933184465	0.32083522411577015	0.6816821506681554	0.6791647758842299	0.8571428571428571	baseline
K00983	0.0	0.2310330686290746	0.27205735490905847	1.7358837257205444	0.6050273130175289	0.5334541916897731	0.6050273130175289	0.5334541916897731	0.7142857142857143	endpoint
K00984	0.0	0.7649499516744184	0.7382687343189859	1.3653460328922824	0.2751337110279725	0.29745701828304677	0.7248662889720274	0.7025429817169533	0.8571428571428571	baseline
K00986	0.0	0.05013128666142442	0.022883022444460794	1.1753033215823578	0.4959733451790127	0.4668223564852517	0.5040266548209873	0.5331776435147483	0.5714285714285714	baseline
K00989	0.14285714285714285	0.5678159950294346	0.1538782070105736	2.0086048808546044	0.33176282864735207	0.46522113193638276	0.6682371713526479	0.5347788680636172	0.5714285714285714	baseline
K00990	0.0	0.033694289429195244	0.5426818678918014	1.2989757750545112	0.5367601181292009	0.6773278050390635	0.5367601181292009	0.6773278050390635	0.5714285714285714	baseline
K00991	0.0	0.27267472850605495	0.36397732036140656	1.1635910436224541	0.42496493088714055	0.4034526099645529	0.5750350691128594	0.5965473900354471	0.7142857142857143	baseline
K00995	0.0	0.34304989159281835	0.3558872750714797	1.197131720476471	0.40979444277202937	0.39619618253859346	0.5902055572279706	0.6038038174614065	0.7142857142857143	baseline
K00996	0.0	0.1709534985024736	0.3227396614479427	1.5006332573232741	0.4550821787266758	0.41704703898178863	0.5449178212733242	0.5829529610182114	0.5714285714285714	baseline
K00997	0.0	0.3921457544309853	0.44080471933380366	1.6798253176990012	0.39217680726507337	0.3719578259925609	0.6078231927349267	0.6280421740074391	0.5714285714285714	baseline
K00998	0.0	0.2763730683904007	0.44989171505620545	1.3442741737701085	0.4417419551025116	0.39594017317884356	0.5582580448974884	0.6040598268211564	0.7142857142857143	baseline
K01000	0.0	0.27589708683856123	0.6503781690133585	1.5612215387171986	0.40198710319182107	0.30857172470901334	0.5980128968081789	0.6914282752909866	0.7142857142857143	baseline
K01002	0.0	0.9558773984209615	1.010493475465169	1.2547554216884558	0.20426292686530156	0.22544278898755193	0.7957370731346984	0.7745572110124481	1.0	baseline
K01006	0.0	0.8030452899219803	1.0823729088633016	1.8198124140193186	0.7258463793171287	0.7727043630233896	0.7258463793171287	0.7727043630233896	0.8571428571428571	endpoint
K01007	0.0	0.9889674268251258	1.246565712583031	1.4753634215744615	0.20765679969190817	0.11511455588821527	0.7923432003080918	0.8848854441117847	0.8571428571428571	baseline
K01008	0.14285714285714285	0.964919039050902	1.210322393052762	2.0252107050364856	0.7498719093039093	0.8067998734113704	0.7498719093039093	0.8067998734113704	0.8571428571428571	endpoint
K01011	0.0	0.30492526584905866	0.457122409031411	1.516065207348784	0.4213645984957163	0.3947398993093627	0.5786354015042837	0.6052601006906373	0.5714285714285714	baseline
K01012	0.0	0.3584212157225039	0.0796621234640102	1.727743231180238	0.5604083950393297	0.4982675634628657	0.5604083950393297	0.5017324365371343	0.5714285714285714	endpoint
K01023	0.0	0.39662616331938544	0.3734119304901345	1.4759335877464783	0.35729003635840945	0.37978183276638366	0.6427099636415905	0.6202181672336163	0.7142857142857143	baseline
K01026	0.0	0.7282737688932774	0.7258213633332874	1.6802152303779596	0.7005289126503514	0.6973340449270047	0.7005289126503514	0.6973340449270047	0.7142857142857143	endpoint
K01031	0.0	1.0291061052023345	1.1918132986195509	1.4481352537698544	0.1793345061754668	0.19697641762989435	0.8206654938245332	0.8030235823701056	1.0	baseline
K01032	0.0	0.8430370081779541	0.8618901011492908	1.6037054466730478	0.27754071755509496	0.2491976841187338	0.722459282444905	0.7508023158812662	0.8571428571428571	baseline
K01034	0.0	0.17598689708924756	0.17890859864287306	1.2997455034798941	0.4432350074562059	0.45832182706053737	0.5567649925437941	0.5416781729394626	0.7142857142857143	baseline
K01035	0.0	0.028748009263654516	0.013024721224434287	1.2119606591851697	0.5496625071955284	0.5112257731533718	0.5496625071955284	0.5112257731533718	0.5714285714285714	endpoint
K01039	0.0	0.6581883816572641	1.0448921677103902	1.3906484746856558	0.7275508963237456	0.8295807593331572	0.7275508963237456	0.8295807593331572	0.7142857142857143	endpoint
K01042	0.0	0.99667926569253	0.9547781273423694	1.4706472838281077	0.20524966928329746	0.2108387998678899	0.7947503307167025	0.7891612001321101	1.0	baseline
K01046	0.0	1.1551110246101797	1.3882026974974375	1.6181699910952991	0.8230719576479876	0.8796315831028022	0.8230719576479876	0.8796315831028022	1.0	endpoint
K01048	0.0	0.1132077496941146	0.10801969109568525	1.9458949436937856	0.5071771680183245	0.4526899206406259	0.5071771680183245	0.5473100793593741	0.5714285714285714	baseline
K01051	0.0	0.5601695044116776	1.1081351590799084	1.606068410740228	0.6444711818428711	0.7372234890196147	0.6444711818428711	0.7372234890196147	0.8571428571428571	endpoint
K01053	0.0	0.17258002035870698	0.6914445819848543	1.4371097656103389	0.450423950755536	0.32390877909077753	0.549576049244464	0.6760912209092225	0.5714285714285714	baseline
K01055	0.0	0.7166367657990934	1.013008710397646	1.709758677324596	0.3238601811145834	0.23844665939871662	0.6761398188854166	0.7615533406012833	0.7142857142857143	baseline
K01056	0.0	0.32782250723577994	0.48458644841335013	1.4249483677609756	0.5882247817675094	0.571209195798995	0.5882247817675094	0.571209195798995	0.8571428571428571	endpoint
K01057	0.0	0.3570620411308373	0.2224614829858521	1.1905765572931306	0.4095802697579302	0.44155661682336494	0.5904197302420697	0.5584433831766351	0.5714285714285714	baseline
K01058	0.14285714285714285	1.3306012338872613	1.333494221037997	2.114245884993297	0.11973100023745105	0.03109393563067974	0.8802689997625489	0.9689060643693203	1.0	baseline
K01060	0.0	0.7724363213150275	0.7196776043064709	1.5521333027204705	0.26375538090764733	0.2526643495292394	0.7362446190923526	0.7473356504707607	0.8571428571428571	baseline
K01061	0.0	0.12718942792751928	0.5493355313285528	1.4353048813248808	0.45440511374207115	0.38477101685729337	0.5455948862579288	0.6152289831427067	0.5714285714285714	baseline
K01066	0.0	0.19402835469178112	0.2892607797498428	1.69974231318595	0.581302593460011	0.5186373068315044	0.581302593460011	0.5186373068315044	0.5714285714285714	endpoint
K01069	0.0	0.5807978416561317	0.8600663419889872	1.418839254329191	0.34636008856669503	0.3028266286363493	0.6536399114333049	0.6971733713636508	0.7142857142857143	baseline
K01070	0.0	0.3338559057993023	0.18575571974178717	1.2014239266524513	0.42048009279498416	0.469768672898219	0.5795199072050159	0.530231327101781	0.7142857142857143	baseline
K01071	0.0	0.5465668658507178	0.8992067534706316	1.3410912362068181	0.6911262357439499	0.7990980468967224	0.6911262357439499	0.7990980468967224	0.7142857142857143	endpoint
K01077	0.0	0.8286523586632285	1.3416348105716778	1.727237307666125	0.2601661001161174	0.16096286843620658	0.7398338998838826	0.8390371315637934	0.7142857142857143	baseline
K01079	0.0	0.6168467820023924	0.7290035158867946	1.332613554185886	0.31104512829235426	0.3427682513946038	0.6889548717076457	0.6572317486053962	0.8571428571428571	baseline
K01081	0.0	0.05972412357907791	0.08412588472125528	1.1567951147744557	0.4810358255148212	0.48565228257015575	0.5189641744851787	0.5143477174298443	0.5714285714285714	baseline
K01082	0.0	0.15234573811450483	0.41806517269807814	1.4176572928943532	0.5256860085837359	0.677331589670634	0.5256860085837359	0.677331589670634	0.7142857142857143	endpoint
K01085	0.0	0.4888879078483151	0.5432334794331884	1.9147006204353756	0.3905904944894313	0.38044571564861085	0.6094095055105687	0.6195542843513892	0.7142857142857143	baseline
K01087	0.0	0.7574521060428437	0.9570799853092401	1.3792313822327167	0.2809845367307916	0.2894485546424881	0.7190154632692084	0.7105514453575119	0.8571428571428571	baseline
K01089	0.0	0.0745295349093282	0.08933348398865992	1.1773668798879438	0.48035404058914793	0.48657894964791937	0.519645959410852	0.5134210503520806	0.5714285714285714	baseline
K01091	0.0	0.5511473476389765	0.8837671434868253	1.4866309625034848	0.3547248620515643	0.30996304399374863	0.6452751379484357	0.6900369560062514	0.8571428571428571	baseline
K01092	0.0	0.7921292429770649	0.8503735585930058	1.7987107921777812	0.2727063428482586	0.31439437359706524	0.7272936571517414	0.6856056264029348	0.8571428571428571	baseline
K01093	0.0	0.8502879051350981	1.1744057696421029	1.8916499984702633	0.26014375455321503	0.17420669960384547	0.739856245446785	0.8257933003961545	0.8571428571428571	baseline
K01095	0.0	0.893109743385858	1.2181714164817259	1.6453132399477888	0.21825922525521674	0.12855344553730622	0.7817407747447833	0.8714465544626938	0.8571428571428571	baseline
K01096	0.0	0.18336332793060744	0.1194322799175892	1.2426066429827929	0.4282000349363685	0.46760536323186097	0.5717999650636315	0.532394636768139	0.7142857142857143	baseline
K01101	0.0	0.39987491614951753	0.7155685941614415	1.1576412747097793	0.6252871192898267	0.6224137992078377	0.6252871192898267	0.6224137992078377	0.7142857142857143	endpoint
K01104	0.0	0.7210597162470795	1.0462698610115397	1.3809543473155272	0.280473234269672	0.2685977534272291	0.7195267657303279	0.731402246572771	0.7142857142857143	baseline
K01114	0.0	0.5405962647565733	1.071273457437297	1.4057653219196349	0.6703284691297474	0.7650559288151997	0.6703284691297474	0.7650559288151997	0.7142857142857143	endpoint
K01118	0.0	0.7450877554664278	0.8861755863362096	1.4485914199198904	0.27151111867049427	0.19747920820716947	0.7284888813295057	0.8025207917928305	0.8571428571428571	baseline
K01119	0.0	0.7762591428000212	0.635408594758904	1.689548292014984	0.26828554759029943	0.3651449184192971	0.7317144524097006	0.6348550815807029	0.8571428571428571	baseline
K01126	0.0	0.9339876528566908	0.9854509715436854	1.4568255431285944	0.2121799600920303	0.14093997895779845	0.7878200399079697	0.8590600210422016	1.0	baseline
K01129	0.0	0.1404598559549686	0.05125036593853382	1.2338038297233764	0.445623692742567	0.4987258254931776	0.554376307257433	0.5012741745068223	0.5714285714285714	baseline
K01130	0.0	0.18490628687703817	0.1375710369268552	1.1671938637968398	0.42244900373052785	0.4237027350604357	0.5775509962694721	0.5762972649395643	0.7142857142857143	baseline
K01133	0.0	0.24867159634524907	0.19872646061228233	1.4865410928283178	0.3783398085964871	0.4027112636627129	0.6216601914035129	0.5972887363372871	0.8571428571428571	baseline
K01138	0.0	0.3005735161109377	0.4813096774262134	1.3784633610443058	0.6074521096564853	0.7011078769840414	0.6074521096564853	0.7011078769840414	0.5714285714285714	endpoint
K01139	0.0	1.0070519518969097	1.2388926448078887	1.7778790258007129	0.23607224756954412	0.17549819713138176	0.7639277524304559	0.8245018028686182	0.8571428571428571	baseline
K01141	0.0	0.6281281501307453	0.8121362500359673	1.694984117759339	0.31096445382258114	0.2131093450450565	0.6890355461774189	0.7868906549549435	0.7142857142857143	baseline
K01142	0.0	0.7043473359234319	0.6635825542822364	1.2688485294742977	0.7228651014684182	0.6683268991177168	0.7228651014684182	0.6683268991177168	1.0	endpoint
K01143	0.0	0.7135815440374679	0.779845276894418	1.4676481823952086	0.27327597647895707	0.30827660359425496	0.7267240235210429	0.691723396405745	1.0	baseline
K01144	0.0	0.3794137768278201	0.4319272165916354	1.3333386405325327	0.3828613902037997	0.3836552259005622	0.6171386097962003	0.6163447740994378	0.7142857142857143	baseline
K01146	0.0	0.5323452900411711	0.9454121304428034	1.6877280943483999	0.38561667708988334	0.19046298580901283	0.6143833229101167	0.8095370141909872	0.7142857142857143	baseline
K01147	0.0	0.41878085847428037	0.909296763381529	1.5349619820794569	0.41713221620981866	0.3013286512349633	0.5828677837901813	0.6986713487650367	0.5714285714285714	baseline
K01150	0.0	0.4906325015506464	0.6520735559618615	1.6541335573188614	0.3578377539213771	0.24710082043821305	0.6421622460786229	0.752899179561787	0.5714285714285714	baseline
K01151	0.0	0.5619542019828981	0.6407410329282026	1.2614937303038456	0.6639158815500329	0.6306277367482671	0.6639158815500329	0.6306277367482671	0.7142857142857143	endpoint
K01153	0.0	0.17886323090379735	0.1620745906681769	1.3721759385963612	0.5435842989573063	0.4975247746406734	0.5435842989573063	0.5024752253593265	0.5714285714285714	endpoint
K01154	0.0	0.26907268095005865	0.13468489641914444	1.2323857777198621	0.5885115552841799	0.4929781661943867	0.5885115552841799	0.5070218338056133	0.5714285714285714	endpoint
K01155	0.0	0.23975249437944976	0.19076186390108535	1.6971054704969357	0.42906017205402996	0.508844435583624	0.5709398279459701	0.508844435583624	0.5714285714285714	baseline
K01156	0.0	0.4076378211748178	0.23768304158742004	1.89814956635114	0.6050354370137189	0.5731499438914542	0.6050354370137189	0.5731499438914542	0.7142857142857143	endpoint
K01159	0.0	0.1641837131843887	0.17824886475643933	1.1800520625721438	0.44798991593038723	0.44103208498760477	0.5520100840696127	0.5589679150123952	0.5714285714285714	baseline
K01160	0.0	0.7081800223591326	1.1466446455766632	1.7183241253298156	0.32932625883531863	0.24667331183004407	0.6706737411646814	0.753326688169956	0.8571428571428571	baseline
K01163	0.0	0.011539534914245118	0.9276020651396666	1.7835380529267846	0.4873236515754564	0.31664166430101054	0.5126763484245436	0.6833583356989894	0.5714285714285714	baseline
K01169	0.0	0.7057236560480092	1.1893614923648512	1.4962077059883097	0.273529099450091	0.17980350905419312	0.726470900549909	0.8201964909458068	0.7142857142857143	baseline
K01173	0.0	0.09956827284797318	0.2215395029648183	1.2992002084115477	0.46954183758547563	0.44185050591151537	0.5304581624145244	0.5581494940884846	0.7142857142857143	baseline
K01174	0.0	0.126390541891308	0.20179853069424328	1.3760037976357746	0.44940240784594604	0.5569845483107856	0.550597592154054	0.5569845483107856	0.5714285714285714	baseline
K01175	0.0	0.9426829465564885	1.1348871822039137	1.5627609788897567	0.23075662429144042	0.24788080395441683	0.7692433757085596	0.7521191960455832	0.8571428571428571	baseline
K01176	0.0	0.5271371134642328	0.35042170199321515	1.5815505216606751	0.35418336116735316	0.4110464504863483	0.6458166388326468	0.5889535495136518	0.5714285714285714	baseline
K01179	0.0	0.31437476923626306	0.4004905679231304	1.3518409454419524	0.6440493003893591	0.6707245515675615	0.6440493003893591	0.6707245515675615	0.7142857142857143	endpoint
K01181	0.0	0.5088394342592649	0.7540836427554097	1.4058419825144817	0.6507316333441449	0.7297613407774637	0.6507316333441449	0.7297613407774637	0.5714285714285714	endpoint
K01182	0.0	0.12514551988996123	0.6128744968112921	1.214162907434024	0.5241672845131143	0.7078271691142404	0.5241672845131143	0.7078271691142404	0.5714285714285714	endpoint
K01183	0.0	0.26292758477020006	0.327986135955373	1.4309137884898215	0.595314721333521	0.5980408280785311	0.595314721333521	0.5980408280785311	0.5714285714285714	endpoint
K01185	0.0	0.4082416883559597	0.018876195035330477	1.7866187524274149	0.35938854507391266	0.47740292053997296	0.6406114549260873	0.522597079460027	0.5714285714285714	baseline
K01186	0.0	0.9228881123723702	0.9600864862603666	1.6262403509632708	0.2485381949692833	0.20066976982332552	0.7514618050307167	0.7993302301766745	0.8571428571428571	baseline
K01187	0.0	0.4408738679354318	0.6565119457606594	1.2917600478768863	0.3453100700909338	0.24557735241364903	0.6546899299090663	0.7544226475863509	0.7142857142857143	baseline
K01190	0.0	0.005765723711757558	0.1439463759429908	1.1881230635844946	0.4799542646389061	0.518539522229042	0.5200457353610939	0.518539522229042	0.5714285714285714	baseline
K01191	0.0	0.306218886293889	0.4283693726393953	1.2598684492456276	0.6509498647855866	0.6257101735878323	0.6509498647855866	0.6257101735878323	0.7142857142857143	endpoint
K01192	0.0	0.5577419242619678	0.8165649363391009	1.5067691890403008	0.6912113413371905	0.8271445246502462	0.6912113413371905	0.8271445246502462	0.7142857142857143	endpoint
K01193	0.0	0.557241939537976	0.8869391487282952	1.3320478047102118	0.721382545696702	0.7951876420188895	0.721382545696702	0.7951876420188895	0.7142857142857143	endpoint
K01194	0.0	0.8158485655245589	1.0744221865896162	1.460491926087706	0.23705545928845467	0.15696222580031646	0.7629445407115454	0.8430377741996835	0.8571428571428571	baseline
K01195	0.0	0.4567861643507292	0.5343798854922072	1.5164151724704564	0.6347770752923525	0.6874057438826721	0.6347770752923525	0.6874057438826721	0.8571428571428571	endpoint
K01197	0.0	0.09131481667665058	0.3142174299186124	1.938120971496723	0.5714854238076702	0.5787781823076037	0.5714854238076702	0.5787781823076037	0.5714285714285714	endpoint
K01198	0.0	0.42488454714380913	0.6043096845807928	1.2904771952340675	0.6629401088299768	0.6544700929065732	0.6629401088299768	0.6544700929065732	0.7142857142857143	endpoint
K01200	0.0	0.3842802199098525	0.6117183082083245	1.3973875950630108	0.36523535822046377	0.3701871768223819	0.6347646417795363	0.6298128231776181	0.7142857142857143	baseline
K01201	0.0	0.6415072249667124	1.3245300350470077	1.4145969118554056	0.31103266456343664	0.24740057010373	0.6889673354365633	0.7525994298962699	0.7142857142857143	baseline
K01205	0.0	0.5908650370834326	0.9849498132411678	1.247006338746391	0.6681013484427172	0.6660110759037012	0.6681013484427172	0.6660110759037012	0.8571428571428571	endpoint
K01206	0.0	0.09973988008584904	0.44591683494445805	1.2977204878884157	0.5010275329152615	0.39659999155157644	0.5010275329152615	0.6034000084484236	0.7142857142857143	baseline
K01207	0.0	0.7174337437503555	1.2386301192786056	1.8163100807774926	0.31111811103325376	0.08969582568297971	0.6888818889667463	0.9103041743170203	0.7142857142857143	baseline
K01208	0.0	0.5830179082890515	0.5486286313320938	1.6721693705962148	0.6369192896857091	0.6592393373980798	0.6369192896857091	0.6592393373980798	0.8571428571428571	endpoint
K01209	0.0	1.094449839666994	1.1033016767426624	1.7629244593339453	0.8069988546309121	0.763302729119917	0.8069988546309121	0.763302729119917	1.0	endpoint
K01210	0.0	0.7346711127170398	0.7741997396213363	1.6059186503848766	0.2925185906612692	0.20518126307584958	0.7074814093387308	0.7948187369241504	0.7142857142857143	baseline
K01214	0.0	0.6333629609402404	1.0237379552074104	1.38982186826076	0.3295057998179541	0.3006833901487267	0.670494200182046	0.6993166098512733	0.8571428571428571	baseline
K01215	0.0	0.655868933189607	0.814704742614562	1.4126932675194865	0.7060581672769006	0.7158972891852037	0.7060581672769006	0.7158972891852037	0.7142857142857143	endpoint
K01218	0.0	0.29579261905346094	0.03318497401695147	1.4369333647936433	0.6032571348499465	0.5326388258578623	0.6032571348499465	0.5326388258578623	0.5714285714285714	endpoint
K01220	0.0	0.4689780885954223	0.8830798961975784	1.685922186360726	0.36158389654436757	0.26422608385289376	0.6384161034556324	0.7357739161471062	0.5714285714285714	baseline
K01222	0.0	0.7013999299498516	1.2375169781930357	1.4467081274638682	0.2843615241093953	0.17721639517219628	0.7156384758906047	0.8227836048278037	0.8571428571428571	baseline
K01223	0.0	0.07448540256444566	0.03978394690625684	1.5889866026414037	0.5393893276556384	0.5038939409790009	0.5393893276556384	0.5038939409790009	0.5714285714285714	endpoint
K01224	0.0	0.29243795315750604	0.30526492582437437	1.3081260009113609	0.6320304881913155	0.6349252005270828	0.6320304881913155	0.6349252005270828	0.7142857142857143	endpoint
K01226	0.0	0.22021364429579676	0.3709512269650601	1.2238024957457663	0.45101489165559416	0.38070691541596374	0.5489851083444058	0.6192930845840363	0.7142857142857143	baseline
K01232	0.0	0.33102330697444404	1.0741598558319656	1.47880304856141	0.39616064755712943	0.2620776329167314	0.6038393524428706	0.7379223670832686	0.7142857142857143	baseline
K01235	0.0	0.7711918562415458	1.2800638768127997	1.669366702794508	0.7304286066808249	0.8908473503354213	0.7304286066808249	0.8908473503354213	0.7142857142857143	endpoint
K01236	0.0	0.873044756371619	1.1707703514017687	1.4225262003736618	0.24782415938387908	0.2662976325253606	0.752175840616121	0.7337023674746395	0.8571428571428571	baseline
K01239	0.0	0.10835888442694776	0.2504996173789403	1.624203157016899	0.4719514683801346	0.5122030682225919	0.5280485316198654	0.5122030682225919	0.5714285714285714	baseline
K01241	0.0	0.7221283975131622	1.1219203718903716	1.3761305944218956	0.25608023694518234	0.25091218371713875	0.7439197630548177	0.7490878162828613	0.7142857142857143	baseline
K01243	0.0	0.1166791972432786	0.0668533184939171	1.3173574581619092	0.4897916622728757	0.4892084209282215	0.5102083377271243	0.5107915790717785	0.5714285714285714	baseline
K01246	0.0	0.028414896890851745	0.24573280542072531	1.2994501752625678	0.4978899724062987	0.4399025956549846	0.5021100275937014	0.5600974043450154	0.5714285714285714	endpoint
K01247	0.0	0.12747099095091105	0.3064658294995596	1.762319206272301	0.46437972661189375	0.5690948064411907	0.5356202733881062	0.5690948064411907	0.5714285714285714	baseline
K01250	0.0	0.33388980254820594	0.48694027816809166	1.4722797697292562	0.4408070982992087	0.389790220994794	0.5591929017007913	0.610209779005206	0.7142857142857143	baseline
K01251	0.0	0.48500998278423246	0.9027300072978317	1.3502820337675194	0.31327480183748097	0.1958881093772363	0.6867251981625191	0.8041118906227637	0.5714285714285714	baseline
K01252	0.0	1.082073846791841	1.1388537947428867	1.7316645520490876	0.17389267878522013	0.10836624346842215	0.8261073212147798	0.8916337565315778	1.0	baseline
K01255	0.0	0.5519673312998441	0.9741147619971774	1.6182668034542433	0.6647056636628808	0.8229756210510365	0.6647056636628808	0.8229756210510365	0.7142857142857143	endpoint
K01256	0.0	0.5040144903359954	0.7928010531114495	1.331363799846778	0.3750807808502134	0.2496184074287085	0.6249192191497865	0.7503815925712916	0.8571428571428571	baseline
K01258	0.0	1.0127071020315883	1.2366666619294746	1.7769319093281324	0.7731071491115612	0.7655863257412878	0.7731071491115612	0.7655863257412878	1.0	endpoint
K01259	0.0	0.3983656646369908	0.9662988837469086	1.5521142608236111	0.42233056328621554	0.2412878424143892	0.5776694367137845	0.7587121575856108	0.7142857142857143	baseline
K01261	0.0	0.48677267891135784	0.7490783378580728	1.2952876565999387	0.6274310921938389	0.5949656650248292	0.6274310921938389	0.5949656650248292	0.8571428571428571	endpoint
K01262	0.0	0.5732242984610386	0.7658130905491884	1.9652310863001174	0.3562876451614977	0.255167196214555	0.6437123548385023	0.744832803785445	0.7142857142857143	baseline
K01265	0.0	0.774203150085188	0.7726614323846738	1.725441490171694	0.7490371799796584	0.8013425439455185	0.7490371799796584	0.8013425439455185	0.7142857142857143	endpoint
K01266	0.0	0.5239860057154403	0.7418214178715349	1.325226192244619	0.31555380636465064	0.2539814590079434	0.6844461936353494	0.7460185409920566	0.8571428571428571	baseline
K01267	0.0	0.09943262056351898	0.057993723475657774	1.3682255496801516	0.5596737077536019	0.49836089265614775	0.5596737077536019	0.5016391073438522	0.5714285714285714	endpoint
K01270	0.0	0.0037879131270345734	0.010942473016760108	1.7344237517019339	0.4817977042622374	0.4671677250362452	0.5182022957377626	0.5328322749637548	0.5714285714285714	baseline
K01271	0.0	0.3591262799560003	0.7567616440575942	1.172858166560125	0.6339968688597122	0.7536924390073622	0.6339968688597122	0.7536924390073622	0.5714285714285714	endpoint
K01273	0.0	0.7098560183489121	0.7940545591374145	1.536316359803817	0.29824177466397367	0.21559688708181132	0.7017582253360264	0.7844031129181886	0.7142857142857143	baseline
K01277	0.0	0.23940876451828932	0.14563075903163838	1.1875249481539942	0.6105971292141169	0.49479514709798395	0.6105971292141169	0.5052048529020161	0.5714285714285714	endpoint
K01278	0.0	0.3092952085628403	0.4835142050189821	1.1326926022404291	0.4008799740804955	0.3510732921603916	0.5991200259195044	0.6489267078396084	0.5714285714285714	baseline
K01281	0.0	0.4965254355003176	1.0158065330442068	1.4670287719757418	0.7111539678199942	0.8941673550171358	0.7111539678199942	0.8941673550171358	0.7142857142857143	endpoint
K01284	0.0	0.14395953708571094	0.263316491793556	1.2783884504140544	0.4283955847565536	0.4367174538236907	0.5716044152434464	0.5632825461763094	0.7142857142857143	baseline
K01286	0.0	0.7325756231385497	0.9977962737097419	1.2252771335286468	0.726223377697343	0.7892689125681454	0.726223377697343	0.7892689125681454	0.8571428571428571	endpoint
K01297	0.0	0.46608306476332384	0.846568385751293	1.3658909925133988	0.3648169796735775	0.24261715568790942	0.6351830203264225	0.7573828443120906	0.7142857142857143	baseline
K01299	0.0	0.37201969588516526	0.745074511971497	1.4689236400724583	0.39461928148676073	0.27496920382074513	0.6053807185132393	0.7250307961792548	0.7142857142857143	baseline
K01304	0.0	0.365153140573407	0.4803749676265058	1.6941676769660332	0.5979550433034371	0.6672548879914714	0.5979550433034371	0.6672548879914714	0.8571428571428571	endpoint
K01305	0.0	0.24127289460732623	0.3563083652771633	1.2631634674184926	0.5924754767102239	0.5932258079217643	0.5924754767102239	0.5932258079217643	0.5714285714285714	endpoint
K01322	0.0	0.8118025008418421	0.8833323807007455	1.427445148830842	0.744759194074321	0.7196999940083723	0.744759194074321	0.7196999940083723	0.8571428571428571	endpoint
K01338	0.0	0.2783047981774582	0.14354731251797848	1.3562887066824114	0.5739659630645214	0.5181306109524543	0.5739659630645214	0.5181306109524543	0.5714285714285714	endpoint
K01354	0.0	0.4219215015254568	0.5565499453781917	1.65974096351647	0.40478892421190704	0.2972715907722338	0.595211075788093	0.7027284092277661	0.7142857142857143	baseline
K01355	0.0	0.7298064611928409	0.9145948580472887	1.9575964241055708	0.32047775973748954	0.2837845137861485	0.6795222402625105	0.7162154862138514	0.7142857142857143	baseline
K01356	0.0	0.4519331834302922	1.0263491881847573	1.6313260073308065	0.41813400349047464	0.19982556586889957	0.5818659965095254	0.8001744341311005	0.7142857142857143	baseline
K01358	0.0	0.14040194031423206	0.017826435970805847	1.4549022874525444	0.4637813422296041	0.4930041160001878	0.5362186577703959	0.5069958839998122	0.5714285714285714	baseline
K01361	0.0	0.5797461885893755	1.2667352868607775	1.5048656398582485	0.7006258512066152	0.7783364571630449	0.7006258512066152	0.7783364571630449	0.7142857142857143	endpoint
K01372	0.0	0.08218700340298171	0.120662113060386	1.4909981705439999	0.4896220818714407	0.4743767201634302	0.5103779181285593	0.5256232798365699	0.5714285714285714	baseline
K01407	0.0	1.0338439249151563	1.1847904648791825	1.8142081372908847	0.21065606339964807	0.20654522641175257	0.789343936600352	0.7934547735882475	0.8571428571428571	baseline
K01409	0.0	0.710816173849949	0.8665492272503179	1.5815625967268776	0.705789097919913	0.6394840958736459	0.705789097919913	0.6394840958736459	0.8571428571428571	endpoint
K01414	0.0	0.825915288594563	0.9892207043155841	1.6566523398162778	0.2938570612137626	0.19714549809342646	0.7061429387862375	0.8028545019065736	0.8571428571428571	baseline
K01419	0.0	0.9039076764737922	0.7890444710740747	1.9706524759211763	0.23609516759008228	0.26095339990757743	0.7639048324099177	0.7390466000924225	1.0	baseline
K01420	0.0	0.32826934658464735	0.04780337214441017	1.2774551346110699	0.609508844835668	0.49445929313447756	0.609508844835668	0.5055407068655224	0.5714285714285714	endpoint
K01421	0.0	0.2812228610985391	1.0493677721581551	1.5038721790753045	0.570030641553851	0.6448128252707904	0.570030641553851	0.6448128252707904	0.5714285714285714	endpoint
K01424	0.0	0.3281441220208925	0.46171311189278263	1.0752637947372707	0.6290940482902702	0.6764494595777077	0.6290940482902702	0.6764494595777077	0.8571428571428571	endpoint
K01425	0.0	0.3734171567315717	0.4953590120450101	1.455808920219978	0.3910011868705324	0.3577185384766754	0.6089988131294676	0.6422814615233245	0.7142857142857143	baseline
K01426	0.0	0.4632415385734407	0.560618559746062	1.4612969086151726	0.34149248376950947	0.3531083955455608	0.6585075162304905	0.6468916044544393	0.7142857142857143	baseline
K01428	0.0	0.5686135958778238	0.6794098633925857	1.2737784607576186	0.7101181740712029	0.7041297220396459	0.7101181740712029	0.7041297220396459	0.7142857142857143	endpoint
K01429	0.0	0.24409089896750719	0.3938065596821983	1.1262642693521268	0.6003511243623659	0.6060969848000157	0.6003511243623659	0.6060969848000157	0.5714285714285714	endpoint
K01430	0.0	1.1077796561708713	1.2056757029591358	1.3094094168315737	0.8452191600414356	0.8787728121146632	0.8452191600414356	0.8787728121146632	1.0	endpoint
K01433	0.0	0.2348436963804311	0.7061259345463323	1.8484449307253765	0.39600682738359044	0.29491345913326317	0.6039931726164096	0.7050865408667368	0.7142857142857143	baseline
K01434	0.0	0.4178649729378936	0.6681368946806746	1.3345063384087845	0.41027784310305215	0.3597121171801163	0.5897221568969478	0.6402878828198837	0.7142857142857143	baseline
K01436	0.0	0.30102526843952754	0.5533119944855857	1.1597968722416405	0.41857872297259874	0.37877271188133166	0.5814212770274012	0.6212272881186683	0.5714285714285714	baseline
K01438	0.0	0.5102176786148742	0.24115235973728194	1.6716268445344755	0.35480139373392217	0.44763780149112775	0.6451986062660778	0.5523621985088722	0.7142857142857143	baseline
K01439	0.14285714285714285	0.6805435154430596	0.772588224727007	2.5930523434337798	0.34453762946868294	0.27237821383971933	0.6554623705313171	0.7276217861602807	0.7142857142857143	baseline
K01442	0.0	1.0528941332803463	1.1979360813842421	1.6602784230999192	0.8028297930972068	0.8869634011660885	0.8028297930972068	0.8869634011660885	1.0	endpoint
K01443	0.0	0.05075183630827589	0.3012923279587515	1.1863638656398305	0.5280867935737377	0.4164286046987254	0.5280867935737377	0.5835713953012747	0.5714285714285714	endpoint
K01444	0.0	0.10045124289691863	0.6395098108250727	1.4717499335144826	0.4621131597803729	0.35348909095453285	0.5378868402196271	0.6465109090454672	0.5714285714285714	baseline
K01447	0.0	0.03181575601423455	0.20382488205362645	1.2924091307055654	0.490275772841781	0.560844791363397	0.509724227158219	0.560844791363397	0.5714285714285714	endpoint
K01448	0.0	0.10527804449481455	0.169492346043974	1.2371738117804167	0.5669628121250835	0.49875610015082505	0.5669628121250835	0.501243899849175	0.5714285714285714	endpoint
K01449	0.0	0.14164338593403542	0.25114499481030644	1.3064880599918307	0.5375176603790114	0.5123101989723481	0.5375176603790114	0.5123101989723481	0.5714285714285714	endpoint
K01451	0.0	0.7236070065674707	0.9477728395000605	1.509221585408369	0.30589476955650435	0.24693880011237612	0.6941052304434956	0.7530611998876239	0.7142857142857143	baseline
K01457	0.0	0.774725173888149	1.1867801455130798	1.6066874884793256	0.7102387193082372	0.8888058868193043	0.7102387193082372	0.8888058868193043	0.7142857142857143	endpoint
K01460	0.0	0.7350469812544127	0.7708679930441427	1.4056109641994325	0.2594503299788466	0.2951558488332936	0.7405496700211534	0.7048441511667064	0.8571428571428571	baseline
K01462	0.0	0.027235100931975308	0.12581874017639869	1.1256959569255023	0.5183996756433674	0.47295536235460894	0.5183996756433674	0.527044637645391	0.5714285714285714	endpoint
K01464	0.0	0.027943801649389605	0.21856402951698017	1.2583746706914356	0.5128603735469095	0.4422969500258095	0.5128603735469095	0.5577030499741905	0.5714285714285714	baseline
K01465	0.0	0.3605393548866688	0.510898665929408	1.273113486200828	0.5950040497259464	0.614646800045004	0.5950040497259464	0.614646800045004	0.7142857142857143	endpoint
K01466	0.0	0.41931093312384776	0.6153439144211698	1.755978198269247	0.3924588109726544	0.36847559616495346	0.6075411890273457	0.6315244038350465	0.7142857142857143	baseline
K01467	0.0	0.2465182890691351	0.36733873062065425	1.7944741533794846	0.4277186938718243	0.3980850086932534	0.5722813061281757	0.6019149913067465	0.7142857142857143	baseline
K01468	0.0	0.20968732759817002	0.6912833542399542	1.4732312822904614	0.5813964907741014	0.6748027896700246	0.5813964907741014	0.6748027896700246	0.7142857142857143	endpoint
K01470	0.0	0.4904455475224205	0.5963271820849756	1.3653884799449003	0.6233103576579818	0.6720055792158004	0.6233103576579818	0.6720055792158004	0.7142857142857143	endpoint
K01473	0.0	0.10444853039675275	0.4462267485115568	1.1564806242701735	0.4850964321038838	0.3846390240950791	0.5149035678961162	0.6153609759049209	0.5714285714285714	baseline
K01476	0.0	0.12505993371961183	0.011135381753060154	1.253772723708011	0.5228782624570265	0.5045663521294331	0.5228782624570265	0.5045663521294331	0.5714285714285714	endpoint
K01478	0.0	0.2597463883936025	0.1154024577818587	1.5320804603336944	0.42450145386454313	0.45146440314973585	0.5754985461354569	0.5485355968502641	0.7142857142857143	baseline
K01479	0.0	0.4303594594845038	0.9211353178586004	1.3936386511135144	0.4215716830118642	0.2650647595012392	0.5784283169881358	0.7349352404987608	0.7142857142857143	baseline
K01480	0.0	0.1308139787741474	0.01948198320103413	1.2257601025652671	0.5442321808223499	0.46740685577617685	0.5442321808223499	0.5325931442238232	0.5714285714285714	endpoint
K01482	0.0	0.11865289252524909	0.44338841793888045	1.2034324672520935	0.5403094787741521	0.5466466045011997	0.5403094787741521	0.5466466045011997	0.5714285714285714	endpoint
K01483	0.0	0.9876725498959255	1.3169630779431123	1.8132633459872642	0.21938227727238294	0.16962450436345425	0.7806177227276171	0.8303754956365458	0.8571428571428571	baseline
K01484	0.0	0.6508747335743529	0.8035618521672993	1.3437158131237632	0.3286177481253435	0.2980342832851479	0.6713822518746565	0.7019657167148521	0.7142857142857143	baseline
K01485	0.0	0.4228093976657507	0.47728613409265774	1.363295726824056	0.3826503332369172	0.36091872770836847	0.6173496667630828	0.6390812722916315	0.8571428571428571	baseline
K01486	0.0	0.03918398230959993	0.03022075114192733	0.9719859110097795	0.5159387642998693	0.5406746886763355	0.5159387642998693	0.5406746886763355	0.5714285714285714	baseline
K01487	0.0	0.05623979526774652	0.2634231158766182	1.2649902897728407	0.5180735521451326	0.42849974285127884	0.5180735521451326	0.5715002571487211	0.7142857142857143	endpoint
K01488	0.0	0.5202508211013145	1.0281538560962165	1.3467027972618575	0.33047489599629426	0.19836256829051027	0.6695251040037058	0.8016374317094898	0.7142857142857143	baseline
K01489	0.0	0.688048039542761	0.8619223263368687	1.6263860048457064	0.6893487759309368	0.7146947534019256	0.6893487759309368	0.7146947534019256	0.8571428571428571	endpoint
K01491	0.0	0.3917488414491111	0.30379090322057356	1.4637081999845838	0.6551331544238562	0.5913717239897238	0.6551331544238562	0.5913717239897238	0.7142857142857143	endpoint
K01493	0.0	0.14859406189549412	0.7815877219912565	1.4452378439076365	0.5005038831285357	0.6483919705044828	0.5005038831285357	0.6483919705044828	0.7142857142857143	endpoint
K01494	0.0	0.44387239300888476	0.5008577316293694	1.385332591930142	0.37189929803921934	0.3501967492029086	0.6281007019607807	0.6498032507970914	0.7142857142857143	baseline
K01495	0.0	0.1582962237890198	0.2192212015026259	1.6218206135354636	0.49140883116468353	0.43423079795531544	0.5085911688353164	0.5657692020446845	0.5714285714285714	baseline
K01496	0.0	0.06738649437780388	0.11981416036874268	1.0594159984330587	0.5080508906839037	0.5120496662340194	0.5080508906839037	0.5120496662340194	0.5714285714285714	baseline
K01497	0.0	0.03745374463706053	0.3169151562903831	1.2829486770350556	0.5268996951328674	0.5648873890883562	0.5268996951328674	0.5648873890883562	0.5714285714285714	endpoint
K01501	0.0	1.2840349534987112	1.2721959977712252	1.604957117278906	0.8740985818331792	0.8802103098944157	0.8740985818331792	0.8802103098944157	1.0	endpoint
K01507	0.0	0.6598640469913029	1.0238551549303114	1.2648465002964966	0.30714669751142026	0.300663935340462	0.6928533024885797	0.699336064659538	0.8571428571428571	baseline
K01512	0.0	0.02249214467313419	0.25100916898212033	1.477805057197405	0.5231698966851356	0.454513727333976	0.5231698966851356	0.545486272666024	0.5714285714285714	endpoint
K01515	0.0	0.05293634090207503	0.5182911009092888	1.2769221839475704	0.4801126564516233	0.38458607690405816	0.5198873435483766	0.6154139230959419	0.5714285714285714	baseline
K01520	0.0	0.1505522555982816	0.3585579561084119	1.4706470179106301	0.5445051990842603	0.5301404336817364	0.5445051990842603	0.5301404336817364	0.5714285714285714	endpoint
K01521	0.0	0.8643175766112865	1.1095825850108822	1.7061333156931462	0.28184079332448225	0.20796908040330597	0.7181592066755178	0.792030919596694	0.8571428571428571	baseline
K01523	0.0	0.8545418412151847	1.1530687339546297	1.9243918471767203	0.2474656641013704	0.11627311671728766	0.7525343358986296	0.8837268832827123	0.8571428571428571	baseline
K01524	0.0	0.896185036953579	1.330837716696054	1.6533253611690795	0.23514208832172323	0.09511096056592441	0.7648579116782768	0.9048890394340756	0.8571428571428571	baseline
K01525	0.0	0.6069582305613527	0.7532842889536543	1.145973261708478	0.33363793025824257	0.3083110087598639	0.6663620697417574	0.691688991240136	0.8571428571428571	baseline
K01531	0.0	0.39568828166263886	0.30406033004978716	1.2631194469942753	0.6508144186134274	0.58427782548788	0.6508144186134274	0.58427782548788	0.7142857142857143	endpoint
K01533	0.0	0.8508351571242626	1.2797171626845727	1.7201883323439362	0.748868226454381	0.8148975733477212	0.748868226454381	0.8148975733477212	0.8571428571428571	endpoint
K01534	0.0	0.9311197257370687	1.0299601576028057	1.5344248828454083	0.786403410414867	0.7411744778927621	0.786403410414867	0.7411744778927621	1.0	endpoint
K01537	0.0	0.31047261806630616	0.7194645996194129	1.338923003176525	0.639384558707586	0.7878806145644365	0.639384558707586	0.7878806145644365	0.7142857142857143	endpoint
K01539	0.0	0.38728787285836835	0.5319219939615002	1.7153723551395106	0.39610249431598626	0.36101823407888844	0.6038975056840137	0.6389817659211116	0.7142857142857143	baseline
K01546	0.0	0.3492982026384602	0.5422107071034598	1.4734145441827027	0.3520382708481612	0.3396337922838905	0.6479617291518388	0.6603662077161094	0.5714285714285714	baseline
K01547	0.0	0.9096536433997873	1.0993014003985797	1.4108158275550198	0.20745564470291716	0.15836332397327588	0.7925443552970828	0.8416366760267241	1.0	baseline
K01548	0.0	0.6400128043308192	1.083776654178012	1.514510086843193	0.28794360965565163	0.15913259504544588	0.7120563903443484	0.8408674049545541	0.8571428571428571	baseline
K01551	0.0	0.15834917984420066	0.26812113980858593	1.240426335239121	0.5661018601699784	0.5815398133970421	0.5661018601699784	0.5815398133970421	0.5714285714285714	endpoint
K01560	0.0	0.7114877369871001	0.9191835704966812	1.569654490638596	0.6957356784612638	0.7864315460036413	0.6957356784612638	0.7864315460036413	0.8571428571428571	endpoint
K01561	0.0	0.27715243916338145	0.3796436269890599	1.253422735503635	0.6199733084101778	0.633482816637135	0.6199733084101778	0.633482816637135	0.5714285714285714	endpoint
K01567	0.0	0.41227781455049184	0.9989102479839085	1.7155914325712571	0.5994377548145035	0.7554039875528317	0.5994377548145035	0.7554039875528317	0.5714285714285714	endpoint
K01571	0.0	0.7438402502455775	0.6645436973649578	1.4415432611879793	0.7353024832385796	0.7476035972441835	0.7353024832385796	0.7476035972441835	0.8571428571428571	endpoint
K01572	0.14285714285714285	0.9539428621950155	1.019465727197971	2.5689579594772787	0.7263643932726689	0.7886382660048092	0.7263643932726689	0.7886382660048092	0.8571428571428571	endpoint
K01575	0.0	0.5369687886694708	0.5519284326543556	1.3696364904666782	0.34535259305864685	0.3567114377662624	0.6546474069413531	0.6432885622337376	0.8571428571428571	baseline
K01577	0.0	0.1619737806134363	0.5375910907471825	1.3834967209246787	0.4303589754034932	0.5598594058875896	0.5696410245965068	0.5598594058875896	0.5714285714285714	baseline
K01579	0.0	0.8022364201769241	0.7998613704662966	1.4644068316748922	0.7489216720435509	0.745474450163129	0.7489216720435509	0.745474450163129	0.8571428571428571	endpoint
K01580	0.0	0.2763828752422911	0.6421360224780704	1.3472612826326014	0.39828199239306283	0.3077817356789555	0.6017180076069372	0.6922182643210445	0.7142857142857143	baseline
K01581	0.0	0.8695514400111609	1.176668366354327	1.5915241567584486	0.27673440969750446	0.2064325556492443	0.7232655903024956	0.7935674443507557	0.8571428571428571	baseline
K01582	0.0	0.9762280411714832	1.1920808850600908	1.9863912263396817	0.22886049821752036	0.14088578694875306	0.7711395017824796	0.8591142130512469	0.8571428571428571	baseline
K01584	0.0	0.4441454511491057	0.7198042458583648	1.2132247038572694	0.3997309571474366	0.3291631834428147	0.6002690428525634	0.6708368165571853	0.7142857142857143	baseline
K01585	0.0	0.6230278160883005	0.7310994929064508	1.463294032610426	0.31164591151788557	0.26999796344621824	0.6883540884821144	0.7300020365537818	0.7142857142857143	baseline
K01586	0.0	0.11840825748305468	0.11137479423273333	1.189695372670228	0.4515782637852845	0.5383347032977289	0.5484217362147155	0.5383347032977289	0.5714285714285714	baseline
K01588	0.0	0.8994798364000758	0.7732377659996545	1.5032097031466611	0.7885500833042166	0.743086928305329	0.7885500833042166	0.743086928305329	1.0	endpoint
K01589	0.0	0.13983883936459868	0.35689941323339974	1.5482569275501736	0.5474691623972948	0.6262329022259157	0.5474691623972948	0.6262329022259157	0.5714285714285714	endpoint
K01590	0.0	0.1070652415402911	0.3209524338113351	1.01461031017185	0.5043337031610158	0.5586964418484078	0.5043337031610158	0.5586964418484078	0.5714285714285714	endpoint
K01591	0.0	0.23295435413892268	0.18410953895084095	1.0452294030264044	0.4170699283465465	0.4537816299517484	0.5829300716534536	0.5462183700482516	0.5714285714285714	baseline
K01593	0.0	0.30228977376927385	0.6054847471204906	1.040353994954199	0.39956660306402897	0.37011218885251895	0.600433396935971	0.629887811147481	0.7142857142857143	baseline
K01595	0.0	0.20987178675019083	0.01727087359254575	1.6901002589246	0.4872039295853488	0.509157045257513	0.5127960704146513	0.509157045257513	0.5714285714285714	baseline
K01596	0.0	0.052041950626233194	0.4135952452574802	1.4699832535462691	0.4247150281465323	0.3646752232479685	0.5752849718534677	0.6353247767520315	0.5714285714285714	baseline
K01597	0.0	0.037358982743939846	0.2846057494401267	1.3909353181107191	0.5276697614656044	0.603188673016442	0.5276697614656044	0.603188673016442	0.5714285714285714	baseline
K01598	0.0	0.23743145057040946	0.7286597878995926	1.3828330907061157	0.39841922864228646	0.30678999662579953	0.6015807713577135	0.6932100033742005	0.7142857142857143	baseline
K01599	0.0	0.02747725916687755	0.30176600022250044	1.557344648061685	0.5551424478613686	0.590813585574115	0.5551424478613686	0.590813585574115	0.5714285714285714	endpoint
K01601	0.0	0.11544860435718643	0.29681798888551325	1.2357666382596117	0.5213950777472475	0.636293122038046	0.5213950777472475	0.636293122038046	0.5714285714285714	endpoint
K01607	0.0	0.022846849019818465	0.015303596107218568	1.1628727137262393	0.4953384832170226	0.4732361137514117	0.5046615167829773	0.5267638862485883	0.5714285714285714	baseline
K01608	0.0	1.0919975003731657	1.1435130579463302	1.5072591534839603	0.17542376092804446	0.16082771760176706	0.8245762390719555	0.8391722823982329	1.0	baseline
K01609	0.0	0.3351859807975188	0.7554699418964346	1.4572687461935625	0.6108930396443597	0.7073555761953896	0.6108930396443597	0.7073555761953896	0.7142857142857143	endpoint
K01610	0.0	0.9252051442375927	0.8446409853939479	1.5010436932895297	0.8029147155885007	0.7433902006274279	0.8029147155885007	0.7433902006274279	1.0	endpoint
K01611	0.14285714285714285	0.8229524323751293	1.0975744517920634	2.005112467375385	0.291445489241108	0.16812120777206466	0.708554510758892	0.8318787922279354	0.7142857142857143	baseline
K01612	0.0	0.5785616030066325	1.2969027114009426	1.8211259562722237	0.3019099914912961	0.0874519643396931	0.6980900085087038	0.9125480356603068	0.7142857142857143	baseline
K01613	0.0	0.31627067088464883	0.4874274787722193	1.4000474133832745	0.38602769153729205	0.3653967470523826	0.613972308462708	0.6346032529476173	0.7142857142857143	baseline
K01615	0.0	0.07781437033009568	0.2938483534754163	1.3451863934361628	0.4952872838502952	0.4266401649198085	0.5047127161497048	0.5733598350801915	0.7142857142857143	baseline
K01619	0.0	0.0646263942689664	0.2077418956240569	1.2131523439150447	0.44772092041626416	0.39961673443238416	0.5522790795837358	0.6003832655676158	0.5714285714285714	baseline
K01620	0.0	0.5542512192572087	0.5102675793292002	1.2856383903131474	0.6837204359812795	0.6739637656944005	0.6837204359812795	0.6739637656944005	0.7142857142857143	endpoint
K01621	0.0	0.07563277783527098	0.4537322159613598	1.4422860840071134	0.4987521117091605	0.6925723719363024	0.5012478882908395	0.6925723719363024	0.5714285714285714	endpoint
K01623	0.0	0.0017250118534309355	0.3072675798282331	1.287902892204086	0.5000419414445243	0.41619080813963527	0.5000419414445243	0.5838091918603647	0.5714285714285714	baseline
K01624	0.0	0.09164916623550987	0.05573160428430392	1.350033680635353	0.5010491456097208	0.47987215261064303	0.5010491456097208	0.5201278473893569	0.5714285714285714	endpoint
K01625	0.0	0.5044471899570258	0.3274617377445317	1.4720859680499612	0.6590194453444559	0.6168493891244161	0.6590194453444559	0.6168493891244161	1.0	endpoint
K01626	0.0	0.11812946800399171	0.11198564803277522	1.1842065221309923	0.4386609422590908	0.4767717425921544	0.5613390577409092	0.5232282574078456	0.5714285714285714	baseline
K01627	0.0	0.40715532813354927	0.7486941566984593	1.3779480839597444	0.36546021217678376	0.30126778105805985	0.6345397878232162	0.6987322189419402	0.7142857142857143	baseline
K01628	0.0	0.427509732669949	0.1707637123477774	1.3712549713553335	0.6460868595415323	0.5589363920445334	0.6460868595415323	0.5589363920445334	0.7142857142857143	endpoint
K01629	0.0	0.7983000161485043	1.1954640385822728	1.5976552987616128	0.7369145570196096	0.8866943423098003	0.7369145570196096	0.8866943423098003	0.7142857142857143	endpoint
K01630	0.0	0.7488077597662631	1.107934455724937	1.4744589962404802	0.2917825912537282	0.18121972649319243	0.7082174087462718	0.8187802735068076	0.7142857142857143	baseline
K01631	0.0	1.0801566050294695	1.2199385022162024	1.6691018639658812	0.19832566412551708	0.19540048738638854	0.8016743358744829	0.8045995126136114	1.0	baseline
K01633	0.0	0.37780595585645543	0.36095014527269276	1.3138415079315735	0.6206175195698108	0.594819089206379	0.6206175195698108	0.594819089206379	0.5714285714285714	endpoint
K01635	0.0	0.036399139549736996	0.011839152305372094	1.278259938238129	0.5237459656279717	0.5340818983747145	0.5237459656279717	0.5340818983747145	0.5714285714285714	endpoint
K01637	0.14285714285714285	0.8786066900312871	0.9049604758066556	2.0565090011417784	0.26383215682014155	0.22400417307433193	0.7361678431798584	0.775995826925668	0.8571428571428571	baseline
K01638	0.0	0.4685988948443876	0.45974351397971075	1.3500146801487065	0.3583230025705978	0.38091330189024736	0.6416769974294022	0.6190866981097527	0.8571428571428571	baseline
K01639	0.0	0.1423246136261799	0.20912958763856898	1.805697496200119	0.5712358059091762	0.5427070000226611	0.5712358059091762	0.5427070000226611	0.5714285714285714	endpoint
K01640	0.0	0.2044874813375486	0.6599836059915474	1.4242501760675979	0.5621332434800358	0.6081446769132015	0.5621332434800358	0.6081446769132015	0.5714285714285714	endpoint
K01641	0.0	0.36059521188419363	0.7871909146420426	1.2771295523088395	0.37717860966418887	0.33994950107351773	0.6228213903358111	0.6600504989264823	0.5714285714285714	baseline
K01643	0.0	0.06896299807431527	0.08704245911894483	1.506351359979601	0.500204127173326	0.5335434069083387	0.500204127173326	0.5335434069083387	0.5714285714285714	endpoint
K01644	0.0	0.2652122953178725	0.9821183666520125	1.5665418678054746	0.5727453458839328	0.633649622341178	0.5727453458839328	0.633649622341178	0.5714285714285714	endpoint
K01646	0.0	0.546640030626739	0.9979455136874739	1.2895145671028634	0.6825526902068776	0.772458261578249	0.6825526902068776	0.772458261578249	0.7142857142857143	endpoint
K01647	0.0	0.9595417139641776	1.1078910595846179	1.6223206910437264	0.812489339599553	0.8807462239270026	0.812489339599553	0.8807462239270026	0.8571428571428571	endpoint
K01649	0.0	0.34985507927357784	0.5774595088122652	1.605021268229687	0.3722594457524458	0.3781961959005669	0.6277405542475543	0.6218038040994331	0.5714285714285714	baseline
K01652	0.0	0.39076103881937574	0.9545944456361649	1.676924440959179	0.6469045024164658	0.798586254905379	0.6469045024164658	0.798586254905379	0.5714285714285714	endpoint
K01653	0.0	0.44986816677924574	1.0268154564153904	1.4280274934309423	0.6414536355106296	0.7532434546974074	0.6414536355106296	0.7532434546974074	0.7142857142857143	endpoint
K01654	0.0	0.4059610670520494	0.5235230477617828	1.3830013275571462	0.3698787669409516	0.2912255137757183	0.6301212330590484	0.7087744862242817	0.8571428571428571	baseline
K01657	0.0	0.13734468299076955	0.09148915259061798	1.0915311264957415	0.4896696139258278	0.4857685425421484	0.5103303860741721	0.5142314574578516	0.5714285714285714	baseline
K01658	0.0	0.10934533726155346	0.05868642115085254	0.9442063141240663	0.5223186313229335	0.4981004782688811	0.5223186313229335	0.5018995217311188	0.5714285714285714	endpoint
K01659	0.0	1.0850702355137085	1.2365655951371068	1.778700374884916	0.18633414745909396	0.09737021298599924	0.8136658525409061	0.9026297870140008	0.8571428571428571	baseline
K01661	0.0	0.6962840798299813	0.48464470391096914	1.4094252088878563	0.2741591691491483	0.38249167830534914	0.7258408308508517	0.6175083216946509	0.8571428571428571	baseline
K01662	0.0	0.3425214781403136	0.32344783759586876	1.2904364229904814	0.37543496734526105	0.41848144858349584	0.624565032654739	0.5815185514165042	0.7142857142857143	baseline
K01664	0.0	0.1804583384245549	0.0013106794906904773	1.5872946293835877	0.49747459981507686	0.5079969485134415	0.5025254001849231	0.5079969485134415	0.5714285714285714	baseline
K01665	0.0	0.08975014755231785	0.2876071007963769	1.1672761350312257	0.5027204376113993	0.5869108674192299	0.5027204376113993	0.5869108674192299	0.5714285714285714	endpoint
K01666	0.0	0.9004016008075488	1.1935486263130122	1.9534699874155927	0.7569059710694946	0.8656395364067354	0.7569059710694946	0.8656395364067354	0.8571428571428571	endpoint
K01667	0.0	0.5519319189106041	0.6407035258025484	1.3802325706674012	0.34385983591313696	0.36426597548599327	0.656140164086863	0.6357340245140067	0.7142857142857143	baseline
K01669	0.0	0.9302318317595384	1.207057598997319	1.5079674929450695	0.2519371150798743	0.17492580531841467	0.7480628849201256	0.8250741946815854	0.8571428571428571	baseline
K01671	0.0	1.105978746118384	1.1561791322470878	1.769632331492272	0.1760558705725846	0.09949013936444227	0.8239441294274155	0.9005098606355577	0.8571428571428571	baseline
K01673	0.0	0.19303891099023565	0.6601814966723857	1.4685784148548724	0.4071593396770619	0.3565517785087237	0.5928406603229381	0.6434482214912762	0.5714285714285714	baseline
K01674	0.0	0.6676636231536569	1.0001744784643596	1.4931917031700588	0.7130240695230814	0.783320881906144	0.7130240695230814	0.783320881906144	0.7142857142857143	endpoint
K01676	0.0	0.18018416778875443	0.08677423619174521	1.158564516086274	0.4782626175918566	0.5334807017762553	0.5217373824081434	0.5334807017762553	0.5714285714285714	baseline
K01677	0.0	0.6130469828246643	0.793340227733511	1.4889721754347467	0.6829151192982588	0.6269005280924667	0.6829151192982588	0.6269005280924667	0.8571428571428571	endpoint
K01678	0.0	0.7614091148248227	0.7352975202999965	1.4054665157147646	0.7524356270188404	0.7913018200717769	0.7524356270188404	0.7913018200717769	1.0	endpoint
K01679	0.0	0.7584914173730101	1.0904420781688935	1.4476487367697	0.2539917156802147	0.16274480613811823	0.7460082843197853	0.8372551938618817	0.8571428571428571	baseline
K01681	0.0	0.18328014897004538	0.37570733550209356	1.2663604754716609	0.5539781555647563	0.5729904223844277	0.5539781555647563	0.5729904223844277	0.5714285714285714	endpoint
K01682	0.0	0.09194842862390794	0.4495355493116775	1.320888815537745	0.5264038471130882	0.6211805124284239	0.5264038471130882	0.6211805124284239	0.5714285714285714	endpoint
K01684	0.0	0.15942495663660952	0.0716748259215539	1.4417519393093001	0.47802502998984725	0.48787943454266713	0.5219749700101528	0.5121205654573329	0.5714285714285714	baseline
K01685	0.0	0.045639902566699746	0.2145821064839541	1.4588561339599126	0.47433674838136053	0.4630296427674751	0.5256632516186395	0.5369703572325248	0.5714285714285714	baseline
K01686	0.0	0.029129981402435595	0.03118151802537108	1.9139693626351444	0.5461478828644589	0.5204842410639202	0.5461478828644589	0.5204842410639202	0.5714285714285714	baseline
K01687	0.0	0.45951414241701855	0.7459287801224523	1.4994902314227614	0.6409827364803561	0.6875777924764223	0.6409827364803561	0.6875777924764223	0.7142857142857143	endpoint
K01689	0.0	0.2467046015865913	1.1306739574250395	1.3579589317507041	0.5724339057035189	0.6639502466635091	0.5724339057035189	0.6639502466635091	0.5714285714285714	endpoint
K01690	0.0	0.15989705813043947	0.7180971564295028	1.5198525588540166	0.4870677455956366	0.3453179391392666	0.5129322544043634	0.6546820608607333	0.5714285714285714	baseline
K01693	0.0	0.004281628598644148	0.2248613671677769	1.163422999934601	0.491885795627677	0.440791633030005	0.508114204372323	0.559208366969995	0.7142857142857143	baseline
K01695	0.0	0.21145147252583096	0.6346352593579672	1.6233697857260345	0.4094327080895312	0.30880554481228933	0.5905672919104688	0.6911944551877107	0.7142857142857143	baseline
K01696	0.0	0.045030906781802625	0.478999728828241	1.728250520698108	0.5421451693636758	0.5501334126523965	0.5421451693636758	0.5501334126523965	0.5714285714285714	endpoint
K01697	0.0	0.4760163580813894	0.861161939411156	1.2026986434797338	0.351720017884241	0.24678659594965968	0.648279982115759	0.7532134040503403	0.7142857142857143	baseline
K01698	0.0	0.11958859382086175	0.11867499551200278	1.5736896954736082	0.505227944864991	0.4509211715404531	0.505227944864991	0.5490788284595469	0.5714285714285714	endpoint
K01699	0.0	0.0706107326708678	0.19462892454837216	1.4393320210838487	0.5172075968230724	0.5612826313868663	0.5172075968230724	0.5612826313868663	0.5714285714285714	baseline
K01703	0.0	0.5257920460438914	1.1775998185439929	1.7197841107942802	0.70198164134304	0.8751323831934031	0.70198164134304	0.8751323831934031	0.5714285714285714	endpoint
K01704	0.0	0.18156277103286364	0.5148973610033007	1.422890637147976	0.5658930390762843	0.5560923136961562	0.5658930390762843	0.5560923136961562	0.5714285714285714	endpoint
K01706	0.0	0.004187459449874246	0.18749678407521905	1.7149137650512203	0.5503037879966826	0.5570276100691051	0.5503037879966826	0.5570276100691051	0.5714285714285714	baseline
K01708	0.0	0.1449239246659399	0.4509426053647795	1.3614232715008632	0.4531228048647823	0.3850695547567179	0.5468771951352177	0.6149304452432821	0.5714285714285714	baseline
K01709	0.0	0.398808932678915	0.7798794506204078	1.6401971082988063	0.606877681103733	0.7428887521353603	0.606877681103733	0.7428887521353603	0.5714285714285714	endpoint
K01710	0.0	0.16121882924933323	0.482979632727747	1.4719528350051294	0.5858726800435953	0.6261055641671336	0.5858726800435953	0.6261055641671336	0.5714285714285714	endpoint
K01711	0.0	0.2694223641874986	0.37213325480440884	1.3210879754926312	0.4126117156910652	0.42619734931490233	0.5873882843089349	0.5738026506850977	0.7142857142857143	baseline
K01712	0.0	0.4852133409395098	1.1414717930381502	1.5018120357904845	0.6404386843357397	0.8101268345640256	0.6404386843357397	0.8101268345640256	0.7142857142857143	endpoint
K01713	0.0	0.605389375557917	0.5349823323413525	1.4565609047639372	0.32078546470426755	0.32493865645336784	0.6792145352957324	0.6750613435466322	0.8571428571428571	baseline
K01714	0.0	0.37809786192315054	0.2645656184307633	1.3344216840254786	0.6036396002300252	0.5805597797508034	0.6036396002300252	0.5805597797508034	0.5714285714285714	endpoint
K01715	0.0	0.9105966854917599	1.272716890067575	1.671625410539478	0.7883633338783336	0.8615010216331496	0.7883633338783336	0.8615010216331496	0.8571428571428571	endpoint
K01716	0.0	0.5186719391807386	0.9700727324211251	1.4598039656896658	0.3918452082647673	0.3095916588199113	0.6081547917352327	0.6904083411800888	0.7142857142857143	baseline
K01719	0.0	0.015163791025509996	0.3157859826404477	1.688373532290599	0.4377652615290306	0.42059334016028377	0.5622347384709694	0.5794066598397163	0.5714285714285714	baseline
K01720	0.14285714285714285	0.5956174367170858	0.8001061440274924	2.365026905764851	0.3748506451815082	0.19628894389403917	0.6251493548184919	0.8037110561059608	0.5714285714285714	baseline
K01727	0.0	0.12792259389553487	0.4940338403953263	1.2141840161648358	0.5300716646340022	0.6059925678647214	0.5300716646340022	0.6059925678647214	0.7142857142857143	endpoint
K01728	0.0	0.07673865720952182	0.23335892736583955	1.1030004272948033	0.5095267813352055	0.4318839771680318	0.5095267813352055	0.5681160228319682	0.5714285714285714	baseline
K01730	0.0	0.4412059538219991	0.6332567462917661	1.2693983245578047	0.36483008955071095	0.33308661554429825	0.635169910449289	0.6669133844557018	0.7142857142857143	baseline
K01731	0.0	0.959193625033125	0.8641787424409481	1.356761605147914	0.22593744254642165	0.2399143690808518	0.7740625574535783	0.7600856309191482	1.0	baseline
K01733	0.0	0.6055392876793929	0.8384064370335657	1.4721541790752344	0.6943302548749053	0.7387316060612058	0.6943302548749053	0.7387316060612058	0.7142857142857143	endpoint
K01734	0.0	0.5156741875905599	0.5468807802285772	0.8798719733590434	0.6788010774573993	0.7037687369097563	0.6788010774573993	0.7037687369097563	0.8571428571428571	endpoint
K01735	0.0	0.2782927279065265	0.12245712585884261	1.1757342397543302	0.5940501996949186	0.47193594571818775	0.5940501996949186	0.5280640542818122	0.5714285714285714	endpoint
K01736	0.0	0.0658774992383129	0.13886359118681213	0.6917362097324438	0.5011771164404459	0.48003047474408445	0.5011771164404459	0.5199695252559156	0.7142857142857143	baseline
K01737	0.0	0.13783326470165932	0.1446850927101284	1.3322624472877875	0.5439424262805039	0.5470190966665069	0.5439424262805039	0.5470190966665069	0.5714285714285714	endpoint
K01738	0.0	0.0014656500363679572	0.38660507331938887	1.6781518730313294	0.4740706096403812	0.5347961724003212	0.5259293903596187	0.5347961724003212	0.5714285714285714	endpoint
K01739	0.0	0.3755879885010643	0.7064944767996264	1.2893781140590215	0.39492150422371786	0.25658790741253895	0.6050784957762821	0.743412092587461	0.7142857142857143	baseline
K01740	0.0	0.5594280839118742	0.7660022217474698	1.5327033927758051	0.6797995740024138	0.7566379528897732	0.6797995740024138	0.7566379528897732	0.8571428571428571	endpoint
K01744	0.0	0.023711919764535287	0.21908890883703794	1.3723484577442142	0.5146016327753011	0.46197604291389677	0.5146016327753011	0.5380239570861032	0.5714285714285714	endpoint
K01745	0.0	0.16223139262798214	0.019630479438907254	1.5652972820445366	0.47651236659062307	0.4641855849851545	0.523487633409377	0.5358144150148455	0.5714285714285714	baseline
K01749	0.0	0.07854290714004002	0.36199257406406005	1.5219711378274734	0.5281902707839945	0.41053117128282385	0.5281902707839945	0.5894688287171761	0.5714285714285714	baseline
K01750	0.0	0.09369616909581989	0.543861946930508	1.813400033228581	0.5561236141402367	0.5609003495151208	0.5561236141402367	0.5609003495151208	0.5714285714285714	endpoint
K01751	0.0	0.3124755587130196	0.29179262618097856	1.2882210856920864	0.5764240313463012	0.5880645535508002	0.5764240313463012	0.5880645535508002	0.7142857142857143	endpoint
K01752	0.0	0.3157896204597746	0.5165303699718256	1.1558619285321536	0.3922866121478625	0.38487835304555584	0.6077133878521375	0.6151216469544442	0.7142857142857143	baseline
K01753	0.0	0.7484094719544094	1.0171222247544216	1.3626446326573378	0.2703276419172011	0.18825164767073957	0.7296723580827988	0.8117483523292605	0.8571428571428571	baseline
K01754	0.0	0.06767071260615849	0.14700624846800028	1.329189734063078	0.5243976273505047	0.5593276446339528	0.5243976273505047	0.5593276446339528	0.5714285714285714	endpoint
K01755	0.0	0.441654841573782	0.7545876072177543	1.3452970237316657	0.6686153786012886	0.7156280258323752	0.6686153786012886	0.7156280258323752	0.5714285714285714	endpoint
K01756	0.0	0.05054913697069046	0.08419029545882747	1.4895421748079207	0.47921039715558233	0.518043241166459	0.5207896028444177	0.518043241166459	0.5714285714285714	baseline
K01758	0.14285714285714285	1.2014691641629072	1.1038709425010207	2.2592075568473127	0.17903751370067342	0.1205528821891189	0.8209624862993266	0.8794471178108811	1.0	baseline
K01759	0.0	0.7218374830242199	0.7549452747805383	1.4823616547149887	0.3173019160180647	0.25906507425206676	0.6826980839819353	0.7409349257479332	0.8571428571428571	baseline
K01760	0.0	0.08446232669584279	0.3036891224496605	1.4609470165745513	0.4836020773839646	0.4202093722567927	0.5163979226160353	0.5797906277432072	0.5714285714285714	baseline
K01761	0.0	0.4059777487525879	0.6346605408611562	1.233186384116771	0.639689728035787	0.6085115393991616	0.639689728035787	0.6085115393991616	0.7142857142857143	endpoint
K01766	0.0	1.0096920579756772	0.827402172453137	1.6399462413297177	0.21598143105936884	0.20910767733112515	0.7840185689406312	0.7908923226688749	1.0	baseline
K01768	0.0	0.018279757501296196	0.25046069205121263	1.9138592791888491	0.468894916760597	0.5717473068800454	0.531105083239403	0.5717473068800454	0.5714285714285714	baseline
K01770	0.0	0.698043984202218	0.8201819718956007	1.4819984915883426	0.7085085794162721	0.7166282484441929	0.7085085794162721	0.7166282484441929	0.8571428571428571	endpoint
K01771	0.0	0.09285251821030059	0.29626010030830063	1.4017347822238377	0.4453154735971446	0.5824542884721322	0.5546845264028555	0.5824542884721322	0.7142857142857143	baseline
K01772	0.0	0.4278661372073066	0.11239041715661283	1.7422040299905852	0.36775391781430794	0.4519643930080668	0.6322460821856921	0.5480356069919332	0.5714285714285714	baseline
K01775	0.0	0.2171350498829661	0.023666824946610304	1.434968932639485	0.442709025739181	0.46280011782345015	0.557290974260819	0.5371998821765498	0.5714285714285714	baseline
K01776	0.0	0.28294986658307936	0.6644181550809173	1.2618152549542556	0.5643990634300797	0.6800784806990987	0.5643990634300797	0.6800784806990987	0.7142857142857143	endpoint
K01777	0.0	0.03504465104485139	0.2978913213290872	1.7217408465466182	0.45217486450647115	0.36867313242347166	0.5478251354935288	0.6313268675765283	0.5714285714285714	endpoint
K01778	0.0	0.44956537411435044	0.5753662271013401	1.1853108905339407	0.646616587086761	0.6037584189558135	0.646616587086761	0.6037584189558135	0.7142857142857143	endpoint
K01779	0.0	0.4992456446708497	0.9425474155773427	1.7264813719553345	0.34850625925412554	0.21202301165698806	0.6514937407458745	0.7879769883430119	0.5714285714285714	baseline
K01782	0.0	0.7504815093015885	0.7756482533364082	1.560068035330608	0.2556513184569591	0.3117580087172936	0.7443486815430409	0.6882419912827065	0.8571428571428571	baseline
K01783	0.0	0.7311073793381959	0.782945915313574	1.5944926177540364	0.27354536711201627	0.28700055664903246	0.7264546328879837	0.7129994433509675	0.8571428571428571	baseline
K01784	0.0	0.2402004971060763	0.5703433029636727	1.218940648838413	0.48082331379393617	0.350427895404643	0.5191766862060638	0.6495721045953571	0.5714285714285714	baseline
K01785	0.0	0.004329016444080981	0.000736777037359491	1.2877265700204272	0.48586650147169996	0.4707431735212957	0.5141334985283	0.5292568264787043	0.5714285714285714	baseline
K01787	0.0	0.3256278195649524	0.10152877568299497	1.4196885096192255	0.39173612614389464	0.45376739345106126	0.6082638738561054	0.5462326065489387	0.5714285714285714	baseline
K01788	0.0	0.29917329478630855	0.5900611549354957	1.3025388124227093	0.40359776568985284	0.3243810491006075	0.5964022343101472	0.6756189508993925	0.7142857142857143	baseline
K01790	0.0	0.6737101571807421	0.8618686858578982	1.4855134489947681	0.7140180181350375	0.7871962156274277	0.7140180181350375	0.7871962156274277	0.7142857142857143	endpoint
K01791	0.0	0.8611970786948778	0.8256616807447188	1.3004192859716872	0.7615419144335371	0.754330352757275	0.7615419144335371	0.754330352757275	1.0	endpoint
K01792	0.0	0.6888652188990348	1.2278098453376272	1.7959286407214339	0.341617940815876	0.1959336686470965	0.6583820591841241	0.8040663313529035	0.7142857142857143	baseline
K01801	0.0	0.6687354960072189	0.8642890343181441	1.2012320560772056	0.3060293801821729	0.2860728865497284	0.693970619817827	0.7139271134502716	0.7142857142857143	baseline
K01802	0.0	0.669386264362168	0.610380982468624	1.383157007264451	0.2844066654753555	0.31790392871963774	0.7155933345246446	0.6820960712803623	0.8571428571428571	baseline
K01803	0.0	0.009757382285961649	0.22409304056488957	1.5759511735649419	0.5241791846241873	0.4494618668515631	0.5241791846241873	0.5505381331484369	0.7142857142857143	endpoint
K01804	0.0	0.6915442247713433	1.1433288333283338	1.3637634247824242	0.7223342763741033	0.7281730526204895	0.7223342763741033	0.7281730526204895	0.7142857142857143	endpoint
K01805	0.0	0.6188608805983075	0.7901968805375996	1.6139534896919343	0.36255898039407775	0.24212273369179277	0.6374410196059223	0.7578772663082072	0.7142857142857143	baseline
K01807	0.0	0.20488644028955555	0.6613500924528196	1.3044842983453842	0.5626931382360517	0.7090432156918719	0.5626931382360517	0.7090432156918719	0.5714285714285714	endpoint
K01808	0.0	0.4182100053360976	0.7845497874780503	1.3933389172317405	0.6091740127252672	0.7046463432704498	0.6091740127252672	0.7046463432704498	0.7142857142857143	endpoint
K01809	0.0	0.29289011935243636	0.16943370172425667	1.4869099868749773	0.4221627200811474	0.5543378929172484	0.5778372799188526	0.5543378929172484	0.5714285714285714	baseline
K01810	0.0	0.9751659817157147	1.353744842111675	1.963903254389573	0.7983183755911816	0.8807779960297015	0.7983183755911816	0.8807779960297015	0.8571428571428571	endpoint
K01811	0.14285714285714285	0.6428531769722581	0.702198317645746	2.4411097620598268	0.6637957226143254	0.7119518113462975	0.6637957226143254	0.7119518113462975	0.7142857142857143	endpoint
K01812	0.0	0.32446223531494434	0.5645339152454315	1.729702936744487	0.6119761547847264	0.6451713170862787	0.6119761547847264	0.6451713170862787	0.5714285714285714	endpoint
K01813	0.0	0.008026639065495786	0.22763431294685452	1.5086371803336247	0.5318394008692973	0.5664109580016397	0.5318394008692973	0.5664109580016397	0.5714285714285714	baseline
K01814	0.0	0.6979042393750781	1.066240952806856	1.2661599013761744	0.7405980482632545	0.7624603437400072	0.7405980482632545	0.7624603437400072	0.7142857142857143	endpoint
K01815	0.0	0.5126341163302237	0.31098936239640435	1.361428216327987	0.6570791245539167	0.5933558864918517	0.6570791245539167	0.5933558864918517	0.8571428571428571	endpoint
K01816	0.0	0.8966749422831689	1.1618264582851403	1.4255373490710737	0.24649729673664175	0.16348100817851866	0.7535027032633582	0.8365189918214814	0.8571428571428571	baseline
K01817	0.0	0.43829761990854327	0.7061219454284623	1.8291359535503362	0.4106896079350265	0.25940912461812254	0.5893103920649735	0.7405908753818775	0.5714285714285714	baseline
K01818	0.0	0.6573254150191277	0.7336953399927162	1.7159018427515147	0.6968001662141853	0.6367138722295095	0.6968001662141853	0.6367138722295095	0.7142857142857143	endpoint
K01819	0.0	0.6942530818709598	1.0729724550916955	1.5191397317450994	0.6739481164219825	0.7599433877191071	0.6739481164219825	0.7599433877191071	0.8571428571428571	endpoint
K01821	0.0	0.015568003298549111	0.44012166456117735	1.5428185542784276	0.5160751145499114	0.3975619727395638	0.5160751145499114	0.6024380272604362	0.5714285714285714	baseline
K01823	0.0	0.3191273824970656	0.558326460775531	1.2754465141815807	0.42849424457561586	0.37794032526977644	0.5715057554243841	0.6220596747302236	0.8571428571428571	baseline
K01825	0.0	1.2838013122188514	1.3007944112871823	1.4828135188691218	0.13149079398878757	0.1276403445560322	0.8685092060112124	0.8723596554439678	1.0	baseline
K01826	0.0	1.2221479043265202	1.2132774280418113	1.8044139206909924	0.13233324081067105	0.09135890253265225	0.867666759189329	0.9086410974673478	1.0	baseline
K01834	0.0	0.5786469779553295	0.4718832158446636	1.6642961738109179	0.3639356333221348	0.4028778122878252	0.6360643666778651	0.5971221877121748	0.7142857142857143	baseline
K01835	0.0	1.1252895359082293	1.2678495058831967	1.7494127075313548	0.8400740309708653	0.9061103997987523	0.8400740309708653	0.9061103997987523	1.0	endpoint
K01838	0.0	0.113250934983218	0.3963521336509543	1.2942461245349164	0.5428896347433975	0.5364141556617271	0.5428896347433975	0.5364141556617271	0.5714285714285714	endpoint
K01839	0.0	0.37137881994235766	0.6991061341478357	1.413500565932013	0.6176878309783632	0.6948448242724391	0.6176878309783632	0.6948448242724391	0.7142857142857143	endpoint
K01840	0.0	0.5259673472964514	0.9617660479089927	1.2879805737444334	0.34511874990051306	0.3004907288403012	0.654881250099487	0.6995092711596989	0.7142857142857143	baseline
K01841	0.0	1.1545824754770813	1.2953614645377889	1.4968168853875223	0.8662392865655484	0.9264370384990867	0.8662392865655484	0.9264370384990867	1.0	endpoint
K01843	0.0	0.6367151777938721	0.866698216853642	1.372975175482287	0.3028766689376698	0.23620059830886994	0.6971233310623302	0.76379940169113	0.8571428571428571	baseline
K01844	0.0	1.013453328293176	1.1729328713651106	1.6838940128883377	0.7985874361619236	0.8028468814458143	0.7985874361619236	0.8028468814458143	1.0	endpoint
K01845	0.0	0.5361143358229289	0.7021264063749963	1.4693383434655143	0.6886829418823988	0.7088652011221409	0.6886829418823988	0.7088652011221409	0.7142857142857143	endpoint
K01846	0.0	0.7382293314816529	0.8259375273232451	1.6065656757775055	0.3028130653248219	0.2173166042412215	0.6971869346751781	0.7826833957587784	0.8571428571428571	baseline
K01847	0.0	0.4100489082037333	0.3143072626150842	1.4585752748696237	0.3633987549423902	0.4122799819615449	0.6366012450576097	0.5877200180384551	0.7142857142857143	baseline
K01848	0.0	0.046434954181462054	0.025379299995802747	1.021077123548367	0.5220459667860541	0.46640798177569803	0.5220459667860541	0.5335920182243019	0.5714285714285714	endpoint
K01849	0.0	0.618283527589855	0.5906534186790149	1.5942819128824766	0.33320241310183346	0.31799040306445503	0.6667975868981666	0.682009596935545	0.7142857142857143	baseline
K01854	0.0	0.7943064471143152	1.3577713592443308	1.73201647262637	0.6923640419236071	0.7581304957484393	0.6923640419236071	0.7581304957484393	0.7142857142857143	endpoint
K01856	0.0	0.6440416362769409	1.1476084180367927	1.3676531916450139	0.3506665914481348	0.24749909799402028	0.6493334085518652	0.7525009020059797	0.7142857142857143	baseline
K01857	0.0	1.0405801768164493	1.084487023381007	1.942430098928968	0.21339124875655305	0.20192464269694102	0.786608751243447	0.798075357303059	0.8571428571428571	baseline
K01858	0.0	0.7144274371727318	1.2691823040195234	1.5649289351518383	0.2545941338936941	0.07703688772401632	0.7454058661063059	0.9229631122759837	0.7142857142857143	baseline
K01866	0.0	0.526786825548968	0.5233412196881408	1.5230204303806985	0.6568174987714819	0.6355412923797458	0.6568174987714819	0.6355412923797458	0.7142857142857143	endpoint
K01867	0.0	0.8704244733683932	0.772346276052186	1.4683061578177339	0.7748071120593629	0.7360299514973945	0.7748071120593629	0.7360299514973945	1.0	endpoint
K01868	0.0	0.7611079252283083	1.1080898666801446	1.4712043376601496	0.7129310004598641	0.8029096200013264	0.7129310004598641	0.8029096200013264	0.8571428571428571	endpoint
K01869	0.0	0.2987155607692242	0.9056212344749229	1.4481746836107219	0.5364768570917977	0.6729730743329255	0.5364768570917977	0.6729730743329255	0.5714285714285714	endpoint
K01870	0.0	0.5544121350611434	0.8080347341469755	1.6992402553672656	0.632444401628592	0.7020969168888354	0.632444401628592	0.7020969168888354	0.5714285714285714	endpoint
K01872	0.0	0.3541727055932677	0.07701072009002637	1.4454180329783153	0.5948770784593663	0.5574564961913984	0.5948770784593663	0.5574564961913984	0.5714285714285714	endpoint
K01873	0.0	0.45965752018395617	0.9860284917366365	1.5559980420217623	0.6272046061670203	0.6849605166234584	0.6272046061670203	0.6849605166234584	0.7142857142857143	endpoint
K01874	0.14285714285714285	0.9076667584738799	1.2990629745520583	2.055904943338424	0.7467249783775823	0.9265556680207991	0.7467249783775823	0.9265556680207991	0.8571428571428571	endpoint
K01875	0.0	0.591603349567765	1.2987984501163117	1.7053768051465719	0.6347989213061566	0.8452079559947412	0.6347989213061566	0.8452079559947412	0.7142857142857143	endpoint
K01876	0.0	0.2652011882912465	0.7083106189215761	1.5243555422931596	0.5488933622330056	0.643955142580836	0.5488933622330056	0.643955142580836	0.5714285714285714	endpoint
K01878	0.0	0.17516854938611656	0.30637909497148025	1.1288490775531204	0.4365757187551519	0.41976284475353604	0.5634242812448481	0.580237155246464	0.5714285714285714	baseline
K01879	0.0	0.8986435844992694	1.0428267328145095	1.5793495981819883	0.2502339429974365	0.23123048389697667	0.7497660570025635	0.7687695161030234	0.8571428571428571	baseline
K01880	0.0	0.06920302853018374	0.08833870931860342	1.1714729416448817	0.4908413307669499	0.4843094083741791	0.5091586692330501	0.515690591625821	0.5714285714285714	baseline
K01881	0.0	1.0018671684004414	0.9389894161021177	1.5659003087160352	0.7987786350103061	0.8432406911440934	0.7987786350103061	0.8432406911440934	1.0	endpoint
K01883	0.0	0.6158504745513325	1.2216623445838133	1.6550052387569574	0.7224746503710685	0.9001016061851453	0.7224746503710685	0.9001016061851453	0.7142857142857143	endpoint
K01885	0.14285714285714285	0.2516774776984751	0.12487221859096913	2.053524329832826	0.43441127063451035	0.48335764546489707	0.5655887293654897	0.5166423545351029	0.7142857142857143	baseline
K01886	0.0	0.3467094379171188	0.3004275688157037	1.4206982048848116	0.5974841566530323	0.6375877430211435	0.5974841566530323	0.6375877430211435	0.7142857142857143	endpoint
K01887	0.0	0.7816957461017017	1.2732020923451963	1.5280386625458071	0.7789875316749757	0.8108437005483646	0.7789875316749757	0.8108437005483646	0.8571428571428571	endpoint
K01889	0.0	0.7001190204877664	1.0099465305294555	1.3744364193466887	0.7049188010123169	0.8345102525179423	0.7049188010123169	0.8345102525179423	0.8571428571428571	endpoint
K01890	0.0	0.3656482852718735	0.22131104233035714	1.2514824403893647	0.6107012900129505	0.5633777911529493	0.6107012900129505	0.5633777911529493	0.8571428571428571	endpoint
K01892	0.0	0.08674735253394858	0.5141280523943162	1.5331643178331156	0.4767886830917377	0.3406167879433302	0.5232113169082623	0.6593832120566698	0.5714285714285714	baseline
K01893	0.0	0.33171187234806193	0.4498610735894906	1.5177048040318042	0.6079778280825001	0.5802028918861035	0.6079778280825001	0.5802028918861035	0.7142857142857143	endpoint
K01894	0.0	1.0813399856926105	1.345035504982057	1.995596569622653	0.20937640626406637	0.10220939949641218	0.7906235937359336	0.8977906005035878	0.8571428571428571	baseline
K01895	0.0	0.3826050690350331	0.49011944717585015	1.416220143446411	0.39054780775389364	0.3026912298810856	0.6094521922461064	0.6973087701189145	0.7142857142857143	baseline
K01897	0.0	0.6651642164192831	1.1186537686264768	1.6059870738487327	0.30895640218667114	0.2793798715929197	0.6910435978133289	0.7206201284070803	0.7142857142857143	baseline
K01902	0.0	0.48089658277341474	1.1840341450817398	1.5021749883705318	0.3467365681424911	0.23458578482221995	0.6532634318575089	0.7654142151777801	0.5714285714285714	baseline
K01903	0.0	0.996657444238681	1.37058926948856	1.8194778372496643	0.24414135994584338	0.11821559325197563	0.7558586400541566	0.8817844067480244	0.8571428571428571	baseline
K01905	0.0	0.7095590401510624	0.7424026351496107	1.6182113571425514	0.7012553864679673	0.7134898905153482	0.7012553864679673	0.7134898905153482	0.8571428571428571	endpoint
K01908	0.0	0.8208996479423106	0.9577466467393113	1.7217581423959807	0.2790630660239338	0.2764993673644695	0.7209369339760662	0.7235006326355304	0.8571428571428571	baseline
K01910	0.0	0.08972609530544985	0.1711836321033417	1.829726764646519	0.40030773481769494	0.4579018743065766	0.5996922651823051	0.5420981256934234	0.7142857142857143	baseline
K01911	0.0	1.1386549417359682	1.2440089097159663	1.4816601630030177	0.15014571602996504	0.14660912199528034	0.8498542839700349	0.8533908780047197	1.0	baseline
K01912	0.0	0.4408823449002729	0.8730550249111532	1.6656368458773299	0.5884010034666106	0.687579421070073	0.5884010034666106	0.687579421070073	0.7142857142857143	endpoint
K01914	0.0	0.730586672973784	1.1691028640945749	1.736510805108152	0.7602609183157352	0.8722158213327548	0.7602609183157352	0.8722158213327548	0.7142857142857143	endpoint
K01915	0.0	0.5614513985963702	1.085819577999273	1.5338529433719408	0.6244144079725041	0.7527585699767451	0.6244144079725041	0.7527585699767451	0.7142857142857143	endpoint
K01916	0.0	0.33799137215794606	0.09907510788862808	1.642847929090222	0.40639087289287806	0.482916660730638	0.593609127107122	0.517083339269362	0.5714285714285714	baseline
K01918	0.0	1.0156191286381866	1.122159822619688	1.4686623682267521	0.7984945769880716	0.7939693746139972	0.7984945769880716	0.7939693746139972	1.0	endpoint
K01919	0.14285714285714285	0.6420428829744228	1.2393284997573792	2.0864945758154607	0.3419369475773035	0.24049652443787042	0.6580630524226965	0.7595034755621296	0.7142857142857143	baseline
K01920	0.14285714285714285	1.301689227993241	1.350136970013361	2.0749750178954764	0.1260639783363055	0.11130351810926548	0.8739360216636944	0.8886964818907346	1.0	baseline
K01921	0.0	0.26524436254845546	0.3004671830255909	1.0284379975082292	0.43405216445676675	0.4166916267669548	0.5659478355432332	0.5833083732330452	0.5714285714285714	baseline
K01923	0.0	0.31086055051260264	0.5499081709621614	1.3672167235734374	0.584376043372521	0.6351239300691934	0.584376043372521	0.6351239300691934	0.7142857142857143	endpoint
K01924	0.0	0.3341135047436561	0.894404704059462	1.3105680424928292	0.6576831748890765	0.7975673522064844	0.6576831748890765	0.7975673522064844	0.5714285714285714	endpoint
K01925	0.0	0.5712117357456338	0.9507629868568916	1.2832558704323165	0.3177629620742307	0.2672476855871333	0.6822370379257693	0.7327523144128667	0.7142857142857143	baseline
K01926	0.0	0.7539379013786637	1.225824381011122	1.395523179244786	0.7092892729403275	0.8340792698244666	0.7092892729403275	0.8340792698244666	0.8571428571428571	endpoint
K01928	0.0	0.483138485160121	0.7424149336274982	1.499725751230294	0.3733378431338395	0.2573979985889276	0.6266621568661606	0.7426020014110724	0.7142857142857143	baseline
K01929	0.0	0.05929331551934158	0.33186480871337853	1.314125387162208	0.5025448337964595	0.5257094499584142	0.5025448337964595	0.5257094499584142	0.5714285714285714	endpoint
K01933	0.0	0.4919622356294259	0.9815827768978225	1.4719402106982125	0.6118878318851014	0.6335607160219616	0.6118878318851014	0.6335607160219616	0.7142857142857143	endpoint
K01934	0.0	0.2872753927288207	0.33983289850577736	1.495212254416334	0.4435694426927382	0.43374852373982015	0.5564305573072619	0.5662514762601798	0.5714285714285714	baseline
K01935	0.0	0.529643168403074	1.0462807951538275	1.5407923416820817	0.3073614536293922	0.11179000926897756	0.6926385463706077	0.8882099907310225	0.7142857142857143	baseline
K01937	0.0	0.6654805371353586	0.6208019801945771	1.2686690719406908	0.7177434525179417	0.7030354271537941	0.7177434525179417	0.7030354271537941	0.8571428571428571	endpoint
K01938	0.0	0.526720151224194	1.0007113040507412	1.4846851922807691	0.7101557143732294	0.7834688509607242	0.7101557143732294	0.7834688509607242	0.7142857142857143	endpoint
K01939	0.0	0.6586748367471521	1.0619654396787372	1.586379362444609	0.6539908996325515	0.7166026737267278	0.6539908996325515	0.7166026737267278	0.7142857142857143	endpoint
K01940	0.0	0.8814229127505381	1.1132187237170128	1.956394648116864	0.7325650448058163	0.8343937661139029	0.7325650448058163	0.8343937661139029	0.8571428571428571	endpoint
K01941	0.0	1.1595498009649605	1.2821007102413278	1.7431144628283148	0.8418551426926101	0.8730882414935585	0.8418551426926101	0.8730882414935585	1.0	endpoint
K01945	0.0	0.329526416969878	0.28684710218140436	1.4871320696159986	0.5923903402242117	0.5920573332770164	0.5923903402242117	0.5920573332770164	0.7142857142857143	endpoint
K01950	0.0	0.48449622592549385	0.4757161951770785	1.6478746007778804	0.6248490898863045	0.638760715041147	0.6248490898863045	0.638760715041147	0.7142857142857143	endpoint
K01951	0.0	0.606915050600262	1.0879167982042255	1.9092722757852758	0.668058068917876	0.6512118498755788	0.668058068917876	0.6512118498755788	0.7142857142857143	endpoint
K01952	0.0	0.7529587008828335	1.3148675478789693	1.6429186964386737	0.6813230095331874	0.7383271542320377	0.6813230095331874	0.7383271542320377	0.7142857142857143	endpoint
K01953	0.0	0.5104427103507286	0.662626087188624	0.9043371318823382	0.3369152232938431	0.29217650541871276	0.663084776706157	0.7078234945812872	0.7142857142857143	baseline
K01955	0.0	0.6178359787902435	0.9320967380853457	1.4759744605362513	0.6721328463859325	0.8095820133246081	0.6721328463859325	0.8095820133246081	0.5714285714285714	endpoint
K01956	0.0	0.13957952539803847	0.4068566553014163	0.9476930324967416	0.575163461839838	0.6421572042529995	0.575163461839838	0.6421572042529995	0.7142857142857143	endpoint
K01958	0.0	0.1309017812552983	0.7734695633613622	1.6164361515758177	0.45734443734764013	0.3356402112136586	0.5426555626523599	0.6643597887863414	0.5714285714285714	baseline
K01960	0.0	0.8531178456602406	1.1464750460271877	1.525184636792911	0.7457160829221395	0.8645342582215766	0.7457160829221395	0.8645342582215766	0.8571428571428571	endpoint
K01961	0.0	0.10744151480080653	0.4058756783018227	1.5118642907289803	0.5382055388308579	0.6102396845481648	0.5382055388308579	0.6102396845481648	0.5714285714285714	endpoint
K01962	0.0	0.5599013708235605	1.061637622201241	1.426910897609918	0.7113310593301959	0.800262405374816	0.7113310593301959	0.800262405374816	0.7142857142857143	endpoint
K01963	0.0	0.3959841192492357	0.45038548517481614	1.595556240448573	0.6279016217379422	0.6894821636819152	0.6279016217379422	0.6894821636819152	0.5714285714285714	endpoint
K01966	0.0	0.24878427692605998	0.6653170227844618	1.5969877404008381	0.4035582082380393	0.3572581792640768	0.5964417917619607	0.6427418207359232	0.7142857142857143	baseline
K01968	0.0	0.18779781058269654	0.4434506228699696	1.2226218549811085	0.4484217842531754	0.40563289801745306	0.5515782157468245	0.5943671019825469	0.7142857142857143	baseline
K01972	0.0	0.49694587092432346	0.8894897132722659	1.2709613045969226	0.6713841757541882	0.7802171988590394	0.6713841757541882	0.7802171988590394	0.7142857142857143	endpoint
K01974	0.0	1.2098517750956748	1.411601176084791	1.8218414165005545	0.15065747683474803	0.08728470411109784	0.8493425231652519	0.9127152958889022	1.0	baseline
K01975	0.0	0.061421519958360975	0.05203322328580152	1.494474386225071	0.5141734813090844	0.5253589508665845	0.5141734813090844	0.5253589508665845	0.5714285714285714	baseline
K01989	0.0	0.3028281625200328	0.8703122962817489	1.6346352724144586	0.5981338294053632	0.7152118791445244	0.5981338294053632	0.7152118791445244	0.7142857142857143	endpoint
K01990	0.0	0.039323947375581855	0.3267343206613234	1.3597624966940862	0.5139226764997951	0.5895785489979768	0.5139226764997951	0.5895785489979768	0.5714285714285714	baseline
K01991	0.0	0.13620136519097628	0.07298099050488806	1.2582616770242132	0.42248487842984267	0.5302561180254062	0.5775151215701573	0.5302561180254062	0.5714285714285714	baseline
K01992	0.0	0.17964254311542568	0.3045497711819442	1.456117870825675	0.4705344908670507	0.5754597786465058	0.5294655091329493	0.5754597786465058	0.5714285714285714	baseline
K01993	0.0	0.9242814292486937	1.2979142928631224	1.5003133259075698	0.22174425161305747	0.09409364351034133	0.7782557483869426	0.9059063564896587	0.7142857142857143	baseline
K01995	0.0	0.12396805297349985	0.226517776183146	1.2362396804850306	0.5017888546835251	0.4402636383619805	0.5017888546835251	0.5597363616380195	0.5714285714285714	baseline
K01996	0.0	0.37782602451673014	0.4332042342645525	1.2752820128720312	0.60095015495032	0.6144690759380148	0.60095015495032	0.6144690759380148	0.7142857142857143	endpoint
K01997	0.0	0.03786986064512216	0.13350454381890006	1.8539368385178816	0.5492903789197563	0.5672737789949733	0.5492903789197563	0.5672737789949733	0.5714285714285714	endpoint
K01998	0.0	0.2655969629667417	0.49851380405529294	1.4485623868368451	0.4514592824632083	0.37181255117184786	0.5485407175367917	0.6281874488281521	0.5714285714285714	baseline
K01999	0.0	0.39172673107580736	0.45261405941217064	1.3364483787781953	0.4072539807515803	0.3681934969310722	0.5927460192484197	0.6318065030689278	0.7142857142857143	baseline
K02000	0.0	0.6333970422184761	0.642640383572713	1.5846926202411606	0.2839188305026802	0.2503387371504765	0.7160811694973198	0.7496612628495235	0.8571428571428571	baseline
K02001	0.0	0.8263460321877899	1.0344261527451146	1.565891968705017	0.22506786559817063	0.13127859704428843	0.7749321344018294	0.8687214029557115	0.8571428571428571	baseline
K02002	0.0	1.3271646982728893	1.280312983387756	1.6209453135268697	0.1159264796477674	0.06084299076023501	0.8840735203522326	0.939157009239765	1.0	baseline
K02003	0.14285714285714285	0.14436295510840294	0.21623192930479215	2.3423122556363714	0.4881710014433885	0.5451448639594767	0.5118289985566116	0.5451448639594767	0.5714285714285714	endpoint
K02004	0.0	0.6678662079625008	1.1733941837809152	1.4979062794211058	0.6916137879603118	0.8633750254332064	0.6916137879603118	0.8633750254332064	0.7142857142857143	endpoint
K02005	0.0	0.21620621351300873	0.3568427812793398	1.2942816742188858	0.3972540578386084	0.4092765627323835	0.6027459421613917	0.5907234372676164	0.5714285714285714	baseline
K02006	0.0	0.014983663050823088	0.3509390097123216	1.0955950516332744	0.4882206955216349	0.42838042049449154	0.5117793044783652	0.5716195795055085	0.5714285714285714	endpoint
K02007	0.0	0.5530603138327688	0.6548104401272306	1.6666434063753446	0.6525159127561471	0.6509952846008139	0.6525159127561471	0.6509952846008139	0.7142857142857143	endpoint
K02008	0.0	0.14514512774537822	0.45570376961307707	1.493365382312632	0.45740334195445775	0.3145043392940509	0.5425966580455422	0.685495660705949	0.5714285714285714	baseline
K02009	0.0	0.5783689279262996	1.2737806569446637	1.406749155490767	0.36129239697782317	0.25074784261962774	0.6387076030221768	0.7492521573803723	0.7142857142857143	baseline
K02010	0.0	0.3025673731895237	0.20123932668271075	1.7107178022756522	0.6148494325569375	0.563104703544055	0.6148494325569375	0.563104703544055	0.7142857142857143	endpoint
K02011	0.0	0.3206947397919113	0.6633117267574126	1.3753636649746255	0.3953941809194303	0.3248023475106133	0.6046058190805697	0.6751976524893867	0.7142857142857143	baseline
K02012	0.0	0.52221849929837	0.8269049863004079	1.5769755265543477	0.34730761403290583	0.3333570823339498	0.6526923859670941	0.6666429176660502	0.7142857142857143	baseline
K02013	0.0	0.013413064849867885	0.12145821750201383	1.467568386444853	0.468045442139385	0.5375359786545176	0.5319545578606151	0.5375359786545176	0.7142857142857143	endpoint
K02014	0.0	0.5220087485393989	0.8450175853906946	1.3885937014894874	0.3390462689341489	0.2747174693011745	0.6609537310658511	0.7252825306988255	0.7142857142857143	baseline
K02015	0.0	0.24307292791995772	0.26773926316246494	1.5890904839129734	0.5511609479962096	0.5150647985660451	0.5511609479962096	0.5150647985660451	0.5714285714285714	endpoint
K02016	0.0	0.12720805425249912	0.5650567541390776	1.093955209081748	0.5313941575421434	0.6452935463163699	0.5313941575421434	0.6452935463163699	0.5714285714285714	endpoint
K02017	0.0	0.29131017798705866	0.7606573741615451	1.3047596781760316	0.4396904537158624	0.2979702743395729	0.5603095462841376	0.7020297256604271	0.7142857142857143	baseline
K02018	0.0	0.315307525867038	0.6732298144744057	1.4650778108039935	0.5884993956880912	0.6705822347480771	0.5884993956880912	0.6705822347480771	0.7142857142857143	endpoint
K02019	0.0	0.41419075939415795	0.36207396581947326	1.7636058321578834	0.3628422057231977	0.3466425738097277	0.6371577942768023	0.6533574261902724	0.5714285714285714	baseline
K02020	0.0	0.6425466987140573	0.59616851117645	1.3014995251327695	0.7102565275188748	0.6719618436247267	0.7102565275188748	0.6719618436247267	0.8571428571428571	endpoint
K02021	0.14285714285714285	1.010433263922657	1.1974068798591773	2.3188475029363853	0.7853487363738599	0.8555427156400462	0.7853487363738599	0.8555427156400462	0.8571428571428571	endpoint
K02022	0.0	0.5384550143703496	0.568035808121454	1.468254757890993	0.32167951461982264	0.3510639266202059	0.6783204853801774	0.6489360733797941	0.7142857142857143	baseline
K02024	0.0	0.486794391521297	0.9967374596863507	1.558358866714479	0.3831316292640074	0.3051653927542984	0.6168683707359925	0.6948346072457017	0.7142857142857143	baseline
K02025	0.0	0.21221195748036895	0.9972201498747781	1.5464249903518792	0.5455776262911183	0.668958778424327	0.5455776262911183	0.668958778424327	0.5714285714285714	endpoint
K02026	0.0	0.29377169679082116	0.11814559461784509	1.061699766163661	0.5862166012162524	0.5114769345264385	0.5862166012162524	0.5114769345264385	0.7142857142857143	endpoint
K02027	0.0	0.3399078382311975	0.26804199569811377	1.3472344805992809	0.40574699745822773	0.41939485297390167	0.5942530025417723	0.5806051470260983	0.5714285714285714	baseline
K02028	0.0	0.14242657346793566	0.6652579422574795	1.4984983506641805	0.6071755864845887	0.7684387189972053	0.6071755864845887	0.7684387189972053	0.5714285714285714	endpoint
K02029	0.0	0.022205157818225376	0.42633006974117127	1.2826136555659893	0.47880043999691446	0.5668063304730755	0.5211995600030855	0.5668063304730755	0.5714285714285714	baseline
K02030	0.0	0.16254598777454832	0.11009038127901849	1.2950963512158076	0.5756895115238583	0.49035034631311036	0.5756895115238583	0.5096496536868896	0.5714285714285714	endpoint
K02031	0.0	0.062398710612648796	0.2666147523886306	0.9238568582075746	0.48873748064398254	0.3839102259471949	0.5112625193560174	0.6160897740528051	0.7142857142857143	baseline
K02032	0.0	0.4747172258027409	1.0130307100859854	1.4908139199398605	0.39118755676223704	0.23146689205640528	0.608812443237763	0.7685331079435948	0.7142857142857143	baseline
K02033	0.0	0.7961655551135569	0.7546957233558942	1.5667203693322516	0.28430404518239916	0.3030656112107211	0.7156959548176008	0.6969343887892789	1.0	baseline
K02034	0.0	0.6508491571153984	1.1076509915098292	1.3677684012677291	0.30617294306142945	0.16462131336596866	0.6938270569385705	0.8353786866340314	0.7142857142857143	baseline
K02035	0.0	0.45279551780770305	1.0863215786025222	1.8153232093479894	0.4347292171297649	0.20820513336237084	0.565270782870235	0.7917948666376291	0.7142857142857143	baseline
K02036	0.0	0.639218815350235	0.7899186527488605	1.4821899459212104	0.7407159288222379	0.7420616330816094	0.7407159288222379	0.7420616330816094	0.8571428571428571	endpoint
K02037	0.14285714285714285	0.47519401432795266	0.9500620952161712	2.007288132759942	0.5792283751158821	0.7980792155104857	0.5792283751158821	0.7980792155104857	0.5714285714285714	endpoint
K02038	0.0	0.1875872675823825	0.6049310106512469	1.3990666870304618	0.5400309282119361	0.6546153464601059	0.5400309282119361	0.6546153464601059	0.5714285714285714	endpoint
K02039	0.0	0.3236553255449606	0.7447771075666632	1.2911347859799207	0.4016937329642301	0.21528052005096832	0.59830626703577	0.7847194799490317	0.5714285714285714	baseline
K02040	0.0	0.20214988878832454	0.1257262281117219	1.4731309174146994	0.4381665549079483	0.5140789711337207	0.5618334450920517	0.5140789711337207	0.5714285714285714	baseline
K02041	0.0	0.7393774235283422	1.0146600049801566	1.475732661389412	0.2867215145614246	0.25418296131967355	0.7132784854385754	0.7458170386803264	0.7142857142857143	baseline
K02042	0.0	0.221679675057405	0.19918037416116316	0.9729434676972797	0.42198789047588736	0.46663025838112443	0.5780121095241126	0.5333697416188756	0.5714285714285714	baseline
K02043	0.0	0.511010404219651	1.2660092613375957	1.730126078542971	0.4188281917553023	0.18342504550592323	0.5811718082446977	0.8165749544940768	0.5714285714285714	baseline
K02044	0.0	0.30668122897965905	0.015287408162521632	1.5891131696413834	0.43306969908370113	0.4680832060491427	0.5669303009162989	0.5319167939508573	0.5714285714285714	baseline
K02045	0.0	0.8141137602579473	1.09660978474242	1.508969770452925	0.779861230469774	0.8620219666510188	0.779861230469774	0.8620219666510188	0.7142857142857143	endpoint
K02046	0.0	0.4940665150345227	0.3140244866275426	1.5097471350461178	0.6464461869527327	0.5227480091207604	0.6464461869527327	0.5227480091207604	0.5714285714285714	endpoint
K02047	0.0	0.5338053658878048	0.9159161458018901	1.3861403444828984	0.6958855912932742	0.8583404184110205	0.6958855912932742	0.8583404184110205	0.7142857142857143	endpoint
K02048	0.0	0.8669514320967862	1.0295768294142658	1.6322746722154358	0.7908397927932284	0.8947108874766809	0.7908397927932284	0.8947108874766809	0.8571428571428571	endpoint
K02049	0.0	0.5014341875906524	0.9127598293389626	1.5516752949118786	0.36434455513261554	0.3191054316596273	0.6356554448673845	0.6808945683403727	0.5714285714285714	baseline
K02050	0.0	0.018468032646573342	0.09276009392272205	0.7419209072780013	0.49454375156551045	0.45522296875582996	0.5054562484344896	0.54477703124417	0.5714285714285714	baseline
K02051	0.0	0.45266808360723615	0.5815097360293496	1.4322744084069043	0.3457491625817178	0.3271068876734451	0.6542508374182823	0.6728931123265549	0.8571428571428571	baseline
K02052	0.0	0.3671489863482792	0.7626142814618412	1.2529190641109191	0.39690992701558475	0.29743087806176605	0.6030900729844153	0.702569121938234	0.5714285714285714	baseline
K02053	0.0	0.04482886153291164	0.03481241257940358	1.2370282022286754	0.5135757366645459	0.49382915901936447	0.5135757366645459	0.5061708409806356	0.7142857142857143	baseline
K02054	0.0	0.2561900773578635	0.3461414896798732	1.8870847931572663	0.4487042407443259	0.4131624045302155	0.5512957592556741	0.5868375954697844	0.7142857142857143	baseline
K02055	0.0	0.7975977400536329	1.1276312866663891	1.453862978460412	0.2684192289027069	0.19076426349896494	0.731580771097293	0.8092357365010351	0.8571428571428571	baseline
K02056	0.0	0.09290840124635001	0.4343791738834075	1.52556161073702	0.46340619454353105	0.41164550388449284	0.536593805456469	0.5883544961155072	0.5714285714285714	baseline
K02057	0.0	0.13012596505996304	0.21620336242409086	1.058738098819031	0.5461735314276062	0.5412283315948536	0.5461735314276062	0.5412283315948536	0.7142857142857143	endpoint
K02058	0.0	0.8473334792545412	1.2386423513610505	1.3104519093021176	0.26069167320061915	0.21176084684256682	0.7393083267993809	0.7882391531574332	0.8571428571428571	baseline
K02062	0.0	0.7646440878014584	1.014687025456661	1.3742883628783606	0.30988692381402067	0.2424930565920721	0.6901130761859793	0.7575069434079279	0.8571428571428571	baseline
K02063	0.0	0.16279782234200285	0.034586197728676715	1.176170165919487	0.47087060717042034	0.5014434853135529	0.5291293928295797	0.5014434853135529	0.5714285714285714	baseline
K02064	0.0	0.7246230279638363	0.6054313499384434	1.2870687289159144	0.2671093283808097	0.34038307700630593	0.7328906716191903	0.6596169229936941	0.8571428571428571	baseline
K02065	0.0	0.6380127733681084	1.0408137905599457	1.3778663572808307	0.32611550433037906	0.24189912007627434	0.6738844956696209	0.7581008799237257	0.7142857142857143	baseline
K02066	0.0	0.7407760340128506	0.9139709707697424	1.7154843184570696	0.27942504298837006	0.2778240890868766	0.72057495701163	0.7221759109131234	0.8571428571428571	baseline
K02067	0.0	0.3383857173712824	0.021299594628959192	1.723482964745189	0.39796693390696386	0.5017647178408458	0.6020330660930362	0.5017647178408458	0.5714285714285714	baseline
K02068	0.0	0.47757985957269333	0.572311898648845	1.322104604977998	0.3849634189387339	0.36735164024608846	0.6150365810612661	0.6326483597539115	0.7142857142857143	baseline
K02069	0.0	0.2915485501941789	0.0947928015225628	1.7761738446107354	0.4858902187003249	0.4383862749792056	0.5141097812996751	0.5616137250207944	0.5714285714285714	baseline
K02071	0.0	0.018039905742648372	0.15164539461039828	1.1927165815929812	0.45882208354170106	0.5494347753070026	0.5411779164582989	0.5494347753070026	0.5714285714285714	baseline
K02072	0.0	0.0036890338378137155	0.5883159126230231	1.2458714638327457	0.537276190267717	0.3151781718876225	0.537276190267717	0.6848218281123775	0.5714285714285714	endpoint
K02073	0.0	0.9109414154896557	0.9681734193612738	1.3736140810143829	0.2530473879018921	0.24077115083024925	0.7469526120981079	0.7592288491697508	1.0	baseline
K02074	0.0	1.008665410744617	1.3453141392195707	1.9936015660246125	0.21732766000860185	0.13968889183141303	0.7826723399913982	0.860311108168587	0.8571428571428571	baseline
K02075	0.0	0.6069358676580385	0.6248075598051004	1.711556214344082	0.357261740954555	0.3154694369941478	0.642738259045445	0.6845305630058522	0.7142857142857143	baseline
K02077	0.0	0.45028208042302464	0.5097026915250162	1.6171296046856647	0.3982371930814059	0.3860117275262107	0.6017628069185941	0.6139882724737893	0.7142857142857143	baseline
K02078	0.14285714285714285	0.6483409732803318	0.7807920751172276	2.2181767544034465	0.6376065813162627	0.7019116425882207	0.6376065813162627	0.7019116425882207	0.8571428571428571	endpoint
K02079	0.0	1.1704300078073295	1.3811041452707773	1.6650951573110768	0.14874434627452918	0.08160755631228822	0.8512556537254709	0.9183924436877118	0.8571428571428571	baseline
K02080	0.0	0.8324483537659765	1.2144435906337234	1.9008442327667798	0.28192092958262027	0.2114023577263693	0.7180790704173797	0.7885976422736307	0.7142857142857143	baseline
K02081	0.0	0.8923235723954231	1.0533249525472814	1.486139527263266	0.22862737496377333	0.1767117157667146	0.7713726250362267	0.8232882842332854	0.8571428571428571	baseline
K02082	0.0	0.5235481007460008	0.7004439999972731	1.1074811588099247	0.6398285828367687	0.7007040382743824	0.6398285828367687	0.7007040382743824	0.8571428571428571	endpoint
K02083	0.0	0.5026958424403405	0.9538759816746925	1.6506114355118795	0.39343538383387816	0.2552198026365418	0.6065646161661218	0.7447801973634582	0.7142857142857143	baseline
K02086	0.0	0.056133453416465647	0.20202625236874364	1.442409786953817	0.48482030400294257	0.4480705229332517	0.5151796959970574	0.5519294770667482	0.5714285714285714	baseline
K02099	0.0	0.6875158599902328	0.4213356099050939	1.9408459681231658	0.3496973093947525	0.3263011383026466	0.6503026906052475	0.6736988616973534	0.8571428571428571	baseline
K02100	0.0	0.4955616278681895	0.5170821397205325	1.620349780444165	0.37086272265387693	0.38478676089498026	0.629137277346123	0.6152132391050198	0.5714285714285714	baseline
K02103	0.0	0.25821533440397754	0.6880144985739995	1.4402586167209552	0.547201975389175	0.6375640985219269	0.547201975389175	0.6375640985219269	0.5714285714285714	endpoint
K02106	0.0	0.13131030457128987	0.10788419752462794	0.884322453760428	0.4741247012062536	0.47531497641692344	0.5258752987937464	0.5246850235830766	0.7142857142857143	baseline
K02108	0.0	0.6177829352140005	1.0402748899476675	1.8688963884177001	0.6849589211266635	0.7808521579767738	0.6849589211266635	0.7808521579767738	0.8571428571428571	endpoint
K02109	0.0	0.44104136388081205	0.48071953679730894	1.3815369219837945	0.37353290424835117	0.39082284571128073	0.6264670957516488	0.6091771542887192	0.8571428571428571	baseline
K02110	0.0	1.036863826845988	1.2969192653625312	1.5139181218461109	0.8280589014200734	0.9003692768876462	0.8280589014200734	0.9003692768876462	0.8571428571428571	endpoint
K02111	0.0	0.9113239250556726	1.5334198326762747	1.7963884242362613	0.7224019826636431	0.8277706796437048	0.7224019826636431	0.8277706796437048	0.8571428571428571	endpoint
K02112	0.0	0.6220941295695813	0.7179446026991609	1.5434851546915247	0.6681346598795957	0.6612228874663029	0.6681346598795957	0.6612228874663029	0.8571428571428571	endpoint
K02113	0.0	0.6824075664350749	0.5644822247451058	1.3850964896367661	0.31513849376002956	0.3273770290638315	0.6848615062399704	0.6726229709361685	0.8571428571428571	baseline
K02114	0.0	0.27328598775538293	0.30195325363494047	1.4660640981802202	0.548626191371137	0.5837852333508758	0.548626191371137	0.5837852333508758	0.7142857142857143	endpoint
K02115	0.0	1.251459695182669	1.2337023909616245	1.9991042356636624	0.8572571488110203	0.8024662765090466	0.8572571488110203	0.8024662765090466	1.0	endpoint
K02117	0.0	0.0736250118950963	0.0793052483410116	1.8362445731340795	0.49195410107205656	0.4981450668225756	0.5080458989279435	0.5018549331774245	0.5714285714285714	endpoint
K02118	0.0	0.3187965761543702	0.5952779329507363	1.2167392146891896	0.5805507351820799	0.6574181767229547	0.5805507351820799	0.6574181767229547	0.7142857142857143	endpoint
K02119	0.0	0.4619976645155283	0.9362355765131231	1.5785750201227737	0.6684271528850421	0.8721337855510619	0.6684271528850421	0.8721337855510619	0.5714285714285714	endpoint
K02120	0.0	0.266340338855828	0.43264628479834955	1.3613311419258225	0.6004515857032521	0.6143386385613916	0.6004515857032521	0.6143386385613916	0.7142857142857143	endpoint
K02121	0.0	0.14390771472063926	0.5435494072678898	1.517318707211153	0.5489639135436064	0.38039327256003125	0.5489639135436064	0.6196067274399688	0.5714285714285714	endpoint
K02122	0.0	0.18699777192741734	0.3905627208097424	1.6340723585091452	0.5691150374473677	0.636963372021395	0.5691150374473677	0.636963372021395	0.5714285714285714	endpoint
K02123	0.0	0.3374481794192456	0.7454932938739456	1.5220125208021313	0.6086987067602457	0.6410908127789209	0.6086987067602457	0.6410908127789209	0.7142857142857143	endpoint
K02124	0.0	0.7418486936812861	1.1150219091497116	1.504761331509391	0.7082408468088781	0.8255154668897098	0.7082408468088781	0.8255154668897098	0.8571428571428571	endpoint
K02136	0.0	1.0060586088757257	1.2373203708229001	1.5056937993699342	0.7968626094616892	0.9186088334635979	0.7968626094616892	0.9186088334635979	0.8571428571428571	endpoint
K02160	0.0	0.84240911521996	1.2138646697725082	1.4782381353028549	0.729061872461896	0.8360557812254614	0.729061872461896	0.8360557812254614	0.8571428571428571	endpoint
K02167	0.0	0.9566970469664905	0.9338596617091882	1.7198597802231745	0.24432561691097604	0.1851765036692352	0.755674383089024	0.8148234963307648	1.0	baseline
K02168	0.0	1.3614000834236368	1.3601360048618913	1.8695598451338171	0.11259706228786613	0.0802368876510015	0.8874029377121339	0.9197631123489985	1.0	baseline
K02169	0.0	0.09583501320922379	0.3305143623225659	1.298671445134119	0.49117374286239635	0.6444175328532393	0.5088262571376037	0.6444175328532393	0.7142857142857143	endpoint
K02170	0.0	0.8008701535479303	1.102606987652961	1.5242783958689947	0.27609701054668284	0.20371627023480232	0.7239029894533171	0.7962837297651977	0.8571428571428571	baseline
K02171	0.14285714285714285	0.5188825301385986	0.4807108640282995	2.227287276754027	0.6299503098348653	0.7008827576719823	0.6299503098348653	0.7008827576719823	0.7142857142857143	endpoint
K02172	0.0	0.462784430888096	0.7317069394616068	1.297512572476771	0.6108397846383119	0.6815471244765003	0.6108397846383119	0.6815471244765003	0.7142857142857143	endpoint
K02173	0.0	0.01559414149142903	0.031026433912458892	1.3227725685186034	0.50703896695575	0.5031872715904233	0.50703896695575	0.5031872715904233	0.5714285714285714	endpoint
K02182	0.0	0.3609519687159173	0.2689706062336347	1.8967531544807215	0.4055327500931014	0.4259725435297214	0.5944672499068986	0.5740274564702785	0.7142857142857143	baseline
K02188	0.0	0.40855395685544765	1.107473118847666	1.40109547352065	0.6020805375903757	0.6544581414116334	0.6020805375903757	0.6544581414116334	0.5714285714285714	endpoint
K02189	0.0	0.5278569942100987	0.7034656837331654	1.485137953298022	0.6556500632039425	0.7370478306938033	0.6556500632039425	0.7370478306938033	0.7142857142857143	endpoint
K02190	0.0	0.7413475198814806	0.8397380641482727	1.5433586308855562	0.7054558230930976	0.7720895576584842	0.7054558230930976	0.7720895576584842	0.8571428571428571	endpoint
K02191	0.0	0.12963366408383586	0.27746561823028176	1.1856787137193023	0.5532511232252427	0.5661631997373182	0.5532511232252427	0.5661631997373182	0.5714285714285714	endpoint
K02193	0.0	0.6309131773534684	1.0712704690222736	1.4556580507019201	0.30598548143591714	0.29279313307542876	0.6940145185640829	0.7072068669245712	0.7142857142857143	baseline
K02194	0.0	0.8035967658142795	0.901426712247398	1.7249793453081808	0.3077787045059071	0.22513059070429853	0.692221295494093	0.7748694092957015	0.8571428571428571	baseline
K02195	0.0	0.09693687311431068	0.3742706360444961	1.289782499739061	0.5083896070284311	0.40849304921410984	0.5083896070284311	0.5915069507858901	0.5714285714285714	baseline
K02198	0.0	1.035581483775512	1.1789286882674113	1.3816435627173558	0.19927748189226713	0.2684862396076314	0.8007225181077329	0.7315137603923686	1.0	baseline
K02200	0.0	0.863831294878001	1.292698269997906	1.9675033534794824	0.2769666768996139	0.14402111812469726	0.723033323100386	0.8559788818753027	0.7142857142857143	baseline
K02203	0.0	0.8984196355708249	1.1669674461225428	1.8660334525639284	0.7443644931151698	0.7803769190706514	0.7443644931151698	0.7803769190706514	0.8571428571428571	endpoint
K02217	0.0	0.032524486803710416	0.05047532660177479	1.2396681541632852	0.45795658321424454	0.45359815564582096	0.5420434167857555	0.546401844354179	0.5714285714285714	endpoint
K02221	0.0	0.964180838016409	1.064924388371434	1.3593827251866157	0.21455997970646457	0.21996863533459268	0.7854400202935354	0.7800313646654073	1.0	baseline
K02224	0.0	0.6133014146379178	0.6310446697416964	1.2586175620674953	0.6798576056406255	0.6870111188063269	0.6798576056406255	0.6870111188063269	0.8571428571428571	endpoint
K02226	0.0	0.391596418071622	0.6677953204739228	1.271252575836994	0.6043848820886979	0.6917048505215749	0.6043848820886979	0.6917048505215749	0.7142857142857143	endpoint
K02227	0.0	0.4985768644626721	0.9086093118905166	1.4136491690647581	0.6290974850220886	0.7052824625344185	0.6290974850220886	0.7052824625344185	0.7142857142857143	endpoint
K02230	0.0	0.44224362547729673	0.38987031901451463	1.7108092135651902	0.3956548638495054	0.400172947595998	0.6043451361504946	0.599827052404002	0.5714285714285714	baseline
K02231	0.0	0.03748002242653646	0.1693387020132462	1.495254589844014	0.484601463608943	0.4584899616940576	0.5153985363910569	0.5415100383059424	0.5714285714285714	endpoint
K02232	0.0	0.637968319707578	0.6035167311932957	1.253134798784055	0.7111231956760802	0.6780795629885098	0.7111231956760802	0.6780795629885098	0.8571428571428571	endpoint
K02233	0.0	0.7947989114480982	1.3254691719943095	1.6533802935874704	0.24607152626143153	0.1833386298331045	0.7539284737385685	0.8166613701668954	0.8571428571428571	baseline
K02236	0.0	0.3756986770757128	0.593576280101269	1.3282513399186626	0.6164504365258596	0.5691527821651741	0.6164504365258596	0.5691527821651741	0.7142857142857143	endpoint
K02237	0.0	0.6071078772655206	0.719642008546736	1.308526724131632	0.681812713837077	0.6849155076976997	0.681812713837077	0.6849155076976997	0.8571428571428571	endpoint
K02238	0.0	0.5913416700870983	0.639624030503567	1.612777052086298	0.3358725332072447	0.30858245479866075	0.6641274667927552	0.6914175452013392	0.8571428571428571	baseline
K02240	0.0	0.2649476502515859	0.5404346566141721	1.0880064914233014	0.6162011133825213	0.6564267726972011	0.6162011133825213	0.6564267726972011	0.5714285714285714	endpoint
K02242	0.0	0.5419231273614724	0.7857674960954596	1.7320707365196357	0.3705325776928029	0.3294979731461136	0.6294674223071971	0.6705020268538864	0.7142857142857143	baseline
K02243	0.0	0.394672899292753	0.5525624601490209	1.3252458631635484	0.389017495288623	0.3227684782545664	0.610982504711377	0.6772315217454337	0.7142857142857143	baseline
K02244	0.0	0.3336067424069051	0.4079474128766425	1.1775852765502217	0.6158592666374311	0.6643245893495516	0.6158592666374311	0.6643245893495516	0.7142857142857143	endpoint
K02245	0.0	0.033740107169216126	0.18390480711664867	1.4951051735956051	0.5229988838230877	0.5340486468148834	0.5229988838230877	0.5340486468148834	0.5714285714285714	baseline
K02246	0.0	0.6148006354865344	0.7960457945283302	1.352549003875161	0.722897530172723	0.7270554408747538	0.722897530172723	0.7270554408747538	0.8571428571428571	endpoint
K02248	0.0	0.3612669728741678	0.06864368732303038	1.5582107873885112	0.4071542341298014	0.4473619037904581	0.5928457658701987	0.5526380962095419	0.7142857142857143	baseline
K02255	0.0	0.34400920228461235	0.7099166359939436	1.439499821276383	0.4138939193721722	0.25327546522085953	0.5861060806278278	0.7467245347791405	0.7142857142857143	baseline
K02257	0.0	0.5048338054529148	0.7278988568274779	1.2311658444440894	0.361129558805017	0.34302649849131833	0.638870441194983	0.6569735015086817	0.7142857142857143	baseline
K02279	0.0	0.6869874640642755	0.8721627073129201	1.4949600188409784	0.6887589584451234	0.7702917329644037	0.6887589584451234	0.7702917329644037	0.8571428571428571	endpoint
K02283	0.0	0.5789198391966518	0.7360221262862182	1.029034020328381	0.6907023070785197	0.6852618158230052	0.6907023070785197	0.6852618158230052	0.7142857142857143	endpoint
K02291	0.0	0.11636830152100834	0.48891355414263565	1.7250810022497902	0.5110153379967685	0.37287295624639516	0.5110153379967685	0.6271270437536048	0.5714285714285714	baseline
K02297	0.0	1.0182410320520903	1.2696136996449976	1.5713690066087613	0.16895500075357275	0.042861639528935125	0.8310449992464273	0.9571383604710648	1.0	baseline
K02298	0.0	0.4481340463991464	0.4548826571267896	1.273588068259118	0.3681911605159181	0.3822531344377681	0.631808839484082	0.6177468655622319	0.8571428571428571	baseline
K02299	0.0	0.9486125895802733	1.3678455076941836	1.498069091604584	0.24491986830532175	0.2219458207742043	0.7550801316946782	0.7780541792257957	0.8571428571428571	baseline
K02302	0.0	0.7301053013044656	0.8991885658777634	1.8228547993703024	0.27341965427457493	0.30298240553229017	0.7265803457254251	0.6970175944677098	0.7142857142857143	baseline
K02304	0.0	0.41797940806206224	0.7816982955525479	1.2515064710580048	0.39170568804533923	0.29336816506946367	0.6082943119546608	0.7066318349305363	0.7142857142857143	baseline
K02313	0.0	0.33669351848518453	0.18407972524072758	1.1507806093773991	0.6293257791408707	0.5711451352896459	0.6293257791408707	0.5711451352896459	0.5714285714285714	endpoint
K02314	0.0	0.3057317131706713	0.5726889248380966	1.3702904498404884	0.4331845298364265	0.3793114625980798	0.5668154701635735	0.6206885374019202	0.7142857142857143	baseline
K02315	0.0	0.9065893178161323	0.8563529171397603	1.8465448168782925	0.7600208782118548	0.7466281161639203	0.7600208782118548	0.7466281161639203	1.0	endpoint
K02316	0.0	0.1253457700254669	0.011220342600128058	1.3543685718811467	0.444498438084013	0.5105715378552016	0.555501561915987	0.5105715378552016	0.5714285714285714	baseline
K02317	0.0	0.34316246635890696	0.12978229834165178	1.6298605826872525	0.4261903705175893	0.49216434937608966	0.5738096294824107	0.5078356506239103	0.5714285714285714	baseline
K02334	0.0	0.22778736573059333	0.5036429506702504	1.4676735605967064	0.4052002114685022	0.3646126452640321	0.5947997885314977	0.6353873547359679	0.7142857142857143	baseline
K02335	0.0	0.80218455678561	1.1806146183864814	1.4757447425335728	0.24963775926173654	0.2371906479875151	0.7503622407382635	0.7628093520124849	0.8571428571428571	baseline
K02336	0.0	0.7772291520932739	1.1468047755412372	1.9230236271950825	0.32171642688271324	0.1915337195996107	0.6782835731172867	0.8084662804003893	0.7142857142857143	baseline
K02337	0.0	0.09633492746613097	0.10725801462111746	1.2583927095461418	0.5609482212789811	0.5604860183238799	0.5609482212789811	0.5604860183238799	0.7142857142857143	endpoint
K02338	0.0	0.27385274955797156	0.24231730554780148	1.2502767852026735	0.3960089739358974	0.4331507708640759	0.6039910260641026	0.5668492291359242	0.7142857142857143	baseline
K02339	0.0	0.6265865169804397	1.2453028642684036	1.5750101920887214	0.33856613242458045	0.2216750447726361	0.6614338675754196	0.7783249552273639	0.5714285714285714	baseline
K02340	0.0	0.45936147160746776	0.4438857925826824	1.8401837579319966	0.38361176130824565	0.35328772390426694	0.6163882386917543	0.6467122760957331	0.8571428571428571	baseline
K02341	0.0	0.4659867569096523	0.5629486626702339	1.4596095955454915	0.3807125937398725	0.3057028393268817	0.6192874062601275	0.6942971606731183	0.7142857142857143	baseline
K02342	0.0	0.6470517259418667	1.2429321331336751	1.7120128428505208	0.2778941595169818	0.0782008722306518	0.7221058404830182	0.9217991277693482	0.7142857142857143	baseline
K02343	0.0	0.16092270812829992	0.5295904018317622	1.4433461196375754	0.5397137395060765	0.7197798589754806	0.5397137395060765	0.7197798589754806	0.5714285714285714	endpoint
K02344	0.0	0.3303106882470308	0.5453398207489903	1.547759035273407	0.3738909900559265	0.3857051337214793	0.6261090099440735	0.6142948662785207	0.7142857142857143	baseline
K02345	0.0	0.9662313459695105	1.2245692516743012	1.5781861877759877	0.21297746296833944	0.14424640182835813	0.7870225370316606	0.8557535981716419	0.8571428571428571	baseline
K02346	0.0	0.29730664412005436	0.5553553753512684	1.4477468854369895	0.39424191646194046	0.35455912449502774	0.6057580835380596	0.6454408755049723	0.7142857142857143	baseline
K02348	0.0	0.4801576984843646	0.5533493721826234	1.0990402359749396	0.3385768302765713	0.332602586216654	0.6614231697234287	0.667397413783346	0.8571428571428571	baseline
K02355	0.0	1.3333368404945005	1.324598803893327	1.7262259017528387	0.8911427002125702	0.9325339897046075	0.8911427002125702	0.9325339897046075	1.0	endpoint
K02356	0.0	0.1439297371334421	0.6876055649928355	1.4381672854168697	0.4426736196301424	0.26166314153633535	0.5573263803698576	0.7383368584636647	0.5714285714285714	baseline
K02357	0.0	0.3229789538540798	0.805588159672363	1.6160652114385772	0.5484939513086101	0.7015249569255908	0.5484939513086101	0.7015249569255908	0.7142857142857143	endpoint
K02358	0.0	0.3115731923265202	0.4374620012412941	1.3753689730753118	0.41037679515695674	0.3730233462313292	0.5896232048430432	0.6269766537686707	0.7142857142857143	baseline
K02361	0.0	0.3569752435794194	0.5983897374149361	1.5137736108896385	0.44038306264398536	0.27004900641286356	0.5596169373560147	0.7299509935871364	0.7142857142857143	baseline
K02362	0.0	0.9715057444283148	1.3180174014178725	1.682200009118355	0.22721587303775767	0.19138063164945887	0.7727841269622423	0.8086193683505412	0.8571428571428571	baseline
K02363	0.0	0.8384527439858401	1.2740994379704098	1.8139968103492132	0.24483384853691859	0.10633794331215574	0.7551661514630814	0.8936620566878443	0.8571428571428571	baseline
K02364	0.0	0.5223087197370725	0.7177410780686628	1.4556792882131178	0.30157179517611954	0.32476059684319153	0.6984282048238805	0.6752394031568085	0.8571428571428571	baseline
K02371	0.0	0.5691525552294284	1.0351444341956313	1.488611243441477	0.6561009833639113	0.8479266952266522	0.6561009833639113	0.8479266952266522	0.7142857142857143	endpoint
K02372	0.0	0.9886253318373484	1.0324075826651113	1.6363953146096935	0.7948066114838805	0.8129625541923405	0.7948066114838805	0.8129625541923405	1.0	endpoint
K02377	0.0	0.8966735510602868	0.901410878957741	1.3937059391283175	0.7538873173820292	0.7019719451971006	0.7538873173820292	0.7019719451971006	1.0	endpoint
K02379	0.0	0.6560736744521593	0.8502663807499882	1.2707624348436883	0.699173995930207	0.6520857554890306	0.699173995930207	0.6520857554890306	0.7142857142857143	endpoint
K02380	0.0	0.43748505959179357	0.5603694838239998	1.768297791980512	0.37362922695258843	0.30949657205344494	0.6263707730474115	0.6905034279465551	0.7142857142857143	baseline
K02381	0.0	0.19067917149434038	0.16494524415039918	1.260811277854083	0.4628415475283581	0.42271060139803496	0.537158452471642	0.577289398601965	0.5714285714285714	baseline
K02386	0.0	0.6326797867511141	0.9602419278589157	1.4877306153341643	0.3225644456813796	0.22615055632868047	0.6774355543186203	0.7738494436713195	0.7142857142857143	baseline
K02387	0.0	0.7310687475733805	1.2601304514155334	1.5370834599844339	0.7137119352773357	0.7029341816968432	0.7137119352773357	0.7029341816968432	0.8571428571428571	endpoint
K02388	0.0	0.25215490242497823	0.29851212570136	1.2453485485838498	0.6080636598783595	0.5279838790441095	0.6080636598783595	0.5279838790441095	0.7142857142857143	endpoint
K02389	0.0	0.15946220869045927	0.3930769537474582	1.061385239335683	0.45309792758255746	0.35412842731681765	0.5469020724174425	0.6458715726831823	0.5714285714285714	baseline
K02390	0.0	0.10622848400122022	0.25862769691693416	1.31484522686159	0.5623661718830356	0.5760516254401711	0.5623661718830356	0.5760516254401711	0.7142857142857143	endpoint
K02391	0.0	0.47889208423780616	0.4502678276981183	1.4101589137812107	0.39286156004692835	0.3421470656276702	0.6071384399530717	0.6578529343723298	0.8571428571428571	baseline
K02392	0.0	0.5081029386073054	1.0330178682838616	1.492075727076223	0.6346224875390912	0.6814769772929508	0.6346224875390912	0.6814769772929508	0.7142857142857143	endpoint
K02393	0.0	0.41853032167299054	0.7183781401055964	1.7532028171441238	0.39900331441535997	0.351372218650253	0.60099668558464	0.648627781349747	0.7142857142857143	baseline
K02394	0.0	0.7857006259803263	1.0926259377485903	1.400626199727354	0.2613840691094598	0.18575636005437204	0.7386159308905402	0.814243639945628	0.8571428571428571	baseline
K02395	0.0	0.6682985713349715	0.8337773392021106	1.4899558242559852	0.27208558821368595	0.23079096847941033	0.7279144117863141	0.7692090315205897	0.7142857142857143	baseline
K02396	0.0	0.7787049791279234	1.0623566897324073	1.3435037099932923	0.7595587921850048	0.7615522810636622	0.7595587921850048	0.7615522810636622	0.8571428571428571	endpoint
K02397	0.0	0.42119513093957356	0.4073029640799475	1.4965599503271494	0.6366881313937579	0.539825223068953	0.6366881313937579	0.539825223068953	0.7142857142857143	endpoint
K02398	0.0	0.46767974366759685	0.4278200774577691	1.4015583676210899	0.6597594476589045	0.5584575514922359	0.6597594476589045	0.5584575514922359	0.7142857142857143	endpoint
K02400	0.0	0.44468732022092466	0.3558824830603381	1.247212757886287	0.6385285453117547	0.6057300966455959	0.6385285453117547	0.6057300966455959	0.5714285714285714	endpoint
K02401	0.0	0.3089708919802661	0.582024370669091	1.3346739307445572	0.5865941393017948	0.6680631935755944	0.5865941393017948	0.6680631935755944	0.5714285714285714	endpoint
K02404	0.0	0.7723863396056918	1.2762647483857186	1.9750955807903239	0.6988998321804784	0.7167193012292682	0.6988998321804784	0.7167193012292682	0.7142857142857143	endpoint
K02405	0.0	0.394894589334489	0.646898137332757	1.272842545254152	0.6410676285183239	0.6644264176060342	0.6410676285183239	0.6644264176060342	0.5714285714285714	endpoint
K02406	0.0	0.4757187203510568	0.695051643167032	1.4182832469355904	0.6516236133941554	0.682115955505942	0.6516236133941554	0.682115955505942	0.7142857142857143	endpoint
K02407	0.0	0.2242892105691203	0.5185196688257362	1.2195983199253886	0.5672287574481014	0.6344141106476305	0.5672287574481014	0.6344141106476305	0.5714285714285714	endpoint
K02408	0.0	0.7894502600451723	1.1047957564721314	1.9155352138706763	0.7133896536767621	0.7885940654183613	0.7133896536767621	0.7885940654183613	0.8571428571428571	endpoint
K02409	0.0	0.12764375063696679	0.010760261890142533	1.2436746619043026	0.5594530914082129	0.4688346989753663	0.5594530914082129	0.5311653010246338	0.5714285714285714	endpoint
K02410	0.0	0.14097880936908921	0.09069960223211886	1.3431790458415012	0.541650379038848	0.5505380512121957	0.541650379038848	0.5505380512121957	0.5714285714285714	endpoint
K02411	0.0	0.01829379034861559	0.25365094085642287	1.1924965468939868	0.5160828669793053	0.5933215606485026	0.5160828669793053	0.5933215606485026	0.5714285714285714	endpoint
K02412	0.0	0.8058171881471212	1.1668354466429345	1.7294458683560048	0.7797887609331717	0.8603489286687883	0.7797887609331717	0.8603489286687883	0.8571428571428571	endpoint
K02413	0.0	0.06419302599336861	0.15502538259808712	1.4669351727504485	0.5223334909646183	0.4649049277698379	0.5223334909646183	0.5350950722301622	0.5714285714285714	baseline
K02414	0.0	0.5797015948301806	1.0482087034773209	1.437643385577546	0.30473428250219914	0.2187104562133514	0.6952657174978009	0.7812895437866486	0.7142857142857143	baseline
K02416	0.0	0.007468199862139658	0.017664775051518207	1.3828724344332881	0.5484290833932074	0.5234999458542727	0.5484290833932074	0.5234999458542727	0.5714285714285714	baseline
K02417	0.0	0.177093980827372	0.5817351628400944	1.2722966735781733	0.5923678827450686	0.7384822296295722	0.5923678827450686	0.7384822296295722	0.5714285714285714	endpoint
K02418	0.0	0.10507305523491425	0.12580653492448515	1.2302353873892782	0.49963181732361883	0.4847135512631301	0.5003681826763812	0.5152864487368699	0.5714285714285714	baseline
K02419	0.0	0.5770431361698352	0.38226640612665963	1.4837975086840645	0.7125957398150031	0.656625676807895	0.7125957398150031	0.656625676807895	0.7142857142857143	endpoint
K02420	0.0	0.6650562754156721	0.5187176791325593	1.3589592929820324	0.6837595955241571	0.6448540003522	0.6837595955241571	0.6448540003522	1.0	endpoint
K02421	0.0	0.05183475577138641	0.14028233628163292	1.274912459666134	0.5429903361957631	0.5459898206599322	0.5429903361957631	0.5459898206599322	0.5714285714285714	endpoint
K02422	0.0	0.1729828945196776	0.035209336922470344	1.4939263973737793	0.47007843223662177	0.45883817470544547	0.5299215677633782	0.5411618252945545	0.7142857142857143	baseline
K02424	0.0	0.12383788100185618	0.070050586501408	1.125890328039752	0.44889054374647414	0.4678996023796526	0.5511094562535259	0.5321003976203473	0.5714285714285714	baseline
K02426	0.0	1.0109207649844434	1.3618697811449483	1.760477831742086	0.22250607107065737	0.13225382244168168	0.7774939289293427	0.8677461775583183	0.8571428571428571	baseline
K02427	0.0	0.9589900287234452	1.1208146531854546	1.629423325846919	0.21869793523839753	0.19325841687415873	0.7813020647616025	0.8067415831258413	0.8571428571428571	baseline
K02428	0.0	0.009529100469379761	0.07239099411218294	1.3870755186955732	0.4774047168864198	0.5301181887211533	0.5225952831135803	0.5301181887211533	0.5714285714285714	baseline
K02429	0.0	0.017567948833895435	0.2179654423547772	1.6327404605422693	0.5186441785310627	0.545739888691764	0.5186441785310627	0.545739888691764	0.7142857142857143	endpoint
K02430	0.0	0.45359834608010263	0.6561085275376294	1.4560231805496422	0.3607280520217926	0.3598096352925957	0.6392719479782074	0.6401903647074043	0.8571428571428571	baseline
K02431	0.0	0.0373445281839647	0.4204943823631786	1.4025746418538658	0.5007387191561613	0.5404216977288033	0.5007387191561613	0.5404216977288033	0.5714285714285714	baseline
K02433	0.0	0.5353761842678677	0.3305049345099441	1.4107338126801177	0.6737798916811958	0.5904600427684078	0.6737798916811958	0.5904600427684078	0.5714285714285714	endpoint
K02434	0.0	0.13702798176987097	0.4087524181478244	1.2081995229927625	0.49940419963230737	0.5384725663076152	0.5005958003676927	0.5384725663076152	0.5714285714285714	endpoint
K02435	0.0	0.07609728910640955	0.2863097686012454	1.3980050578417813	0.5542751638428268	0.6277991543014819	0.5542751638428268	0.6277991543014819	0.5714285714285714	endpoint
K02436	0.0	0.8655581567362255	1.112084846013328	1.339888282727465	0.24469665956347483	0.27048909116062286	0.7553033404365251	0.7295109088393772	1.0	baseline
K02437	0.0	1.062146561114353	1.2724012684984647	1.9708621179463985	0.19875367878495065	0.05244665777075922	0.8012463212150494	0.9475533422292408	0.8571428571428571	baseline
K02438	0.0	0.7449643061100165	1.2163614089006842	1.7112730113677315	0.32808581973100986	0.2130627755539506	0.6719141802689901	0.7869372244460494	0.7142857142857143	baseline
K02439	0.0	0.4071697682891778	0.20457712205747045	1.5667462976304785	0.3952810822080611	0.43666167194346844	0.604718917791939	0.5633383280565316	0.7142857142857143	baseline
K02440	0.0	0.30768873817379117	0.7661882728069782	1.7701019627889885	0.47392478490251083	0.3340752022264628	0.5260752150974892	0.6659247977735372	0.5714285714285714	baseline
K02441	0.0	0.8189764701476303	1.03043294586827	1.4728766621860045	0.2413789842773946	0.21038759405633714	0.7586210157226054	0.7896124059436629	1.0	baseline
K02443	0.0	0.5688063032352454	1.125247267152931	1.221398618809501	0.3301830291194703	0.2501344224383233	0.6698169708805297	0.7498655775616767	0.7142857142857143	baseline
K02444	0.0	0.5535427770503226	0.5108415754245762	1.448126908418538	0.6638452868024497	0.7036046684949492	0.6638452868024497	0.7036046684949492	0.8571428571428571	endpoint
K02445	0.14285714285714285	0.9647490830699014	0.9887210187916412	2.038091980460769	0.24689019830619716	0.2820515166469537	0.7531098016938028	0.7179484833530463	1.0	baseline
K02446	0.0	0.43405228906648097	0.6457125172955333	1.7990417423762572	0.40709455131777184	0.3066416970916765	0.5929054486822282	0.6933583029083235	0.7142857142857143	baseline
K02450	0.0	0.5671475948368847	1.124422925477599	1.800658467887705	0.34326299104332497	0.19989642366314417	0.6567370089566751	0.8001035763368558	0.7142857142857143	baseline
K02451	0.0	0.5888457130937775	1.0755470042604771	1.6442341240210585	0.3343797606606106	0.12880572116275468	0.6656202393393894	0.8711942788372453	0.7142857142857143	baseline
K02452	0.0	0.554916889858889	0.3188340462215389	1.545670868627114	0.3112548313938201	0.4237552736696168	0.6887451686061798	0.5762447263303832	0.8571428571428571	baseline
K02453	0.0	0.7384972908320675	1.2254557522752645	1.9724933869204173	0.2884670567312707	0.09749146300324567	0.7115329432687293	0.9025085369967544	0.8571428571428571	baseline
K02454	0.0	0.5038935546040325	0.5210457558124371	1.1130524082525783	0.3445686938509459	0.3654516866818483	0.6554313061490541	0.6345483133181518	0.8571428571428571	baseline
K02455	0.0	0.4431957857485929	0.8182770183044377	1.5294617766687986	0.3132419415785686	0.2516352732086795	0.6867580584214314	0.7483647267913205	0.8571428571428571	baseline
K02456	0.0	0.8789114703589648	1.26073742788112	1.3908675993935438	0.22050146927409234	0.16893955087127707	0.7794985307259077	0.8310604491287229	0.8571428571428571	baseline
K02457	0.0	0.9418724111578486	1.2931037226314817	1.4529741894851471	0.232548228581134	0.21089295519417742	0.767451771418866	0.7891070448058226	0.7142857142857143	baseline
K02458	0.14285714285714285	0.7850637818765845	1.204912988360648	2.1380662524456864	0.3368975409012192	0.17551693960187834	0.6631024590987808	0.8244830603981217	0.7142857142857143	baseline
K02459	0.0	1.1438556763710361	1.209243711992063	1.8358568416354264	0.17498696505226544	0.16587405073622166	0.8250130349477346	0.8341259492637784	1.0	baseline
K02460	0.0	0.6966181640783284	0.7847239553947638	1.452359962090178	0.31602300473215816	0.24354963113902936	0.6839769952678418	0.7564503688609706	0.8571428571428571	baseline
K02461	0.0	0.6022493278030014	0.4190297160240135	1.546910247486583	0.3199524590489339	0.40106317397590474	0.6800475409510661	0.5989368260240953	0.8571428571428571	baseline
K02462	0.0	0.9926856152758431	1.2569762231393318	1.5742540080999279	0.2196873200531904	0.16561186663321134	0.7803126799468096	0.8343881333667886	1.0	baseline
K02463	0.0	0.3619682693396265	0.7926123260542665	1.4502146751786107	0.383613089113963	0.3241446150578153	0.6163869108860369	0.6758553849421847	0.5714285714285714	baseline
K02464	0.0	0.52559522587935	0.7881108592216012	1.3590669308521237	0.3394561676821919	0.23643238803048894	0.6605438323178081	0.7635676119695111	0.7142857142857143	baseline
K02465	0.0	0.7718439727038641	1.1816195762789417	1.4336784524183253	0.2871815583305143	0.27447550679849125	0.7128184416694857	0.7255244932015088	0.7142857142857143	baseline
K02466	0.0	1.1275853450405555	1.2699549134761876	1.4284839068051924	0.1512882941935842	0.09067602508948416	0.8487117058064158	0.9093239749105159	1.0	baseline
K02467	0.0	0.8279012295242663	1.2393995220310958	1.6877262004739122	0.27940467081403597	0.19046330018659088	0.720595329185964	0.8095366998134091	0.8571428571428571	baseline
K02468	0.0	0.7255617807633079	0.9905441439959782	1.957814601620035	0.34074382372044704	0.19146912422936754	0.659256176279553	0.8085308757706324	0.7142857142857143	baseline
K02469	0.0	0.15547787126181475	0.04128092081730868	1.488878395896915	0.5534245400582064	0.47747338178435034	0.5534245400582064	0.5225266182156496	0.5714285714285714	endpoint
K02470	0.0	0.773112247988459	1.12474624484005	1.3139502857613625	0.7440792967932671	0.6573254293709914	0.7440792967932671	0.6573254293709914	0.8571428571428571	endpoint
K02471	0.0	0.06808075339005644	0.06417461577217703	1.2225814518020859	0.46741723889745507	0.4872889367552575	0.5325827611025449	0.5127110632447425	0.7142857142857143	baseline
K02472	0.0	0.1805926652340792	0.5486344668244229	1.7686141663310038	0.4356342925948045	0.37341071875930554	0.5643657074051955	0.6265892812406945	0.7142857142857143	baseline
K02473	0.0	0.3042697173729912	0.4645045582269957	1.2883926861014678	0.4037526189150996	0.3935144843200888	0.5962473810849004	0.6064855156799112	0.7142857142857143	baseline
K02474	0.0	0.1649205118009482	0.1525005657335765	1.5907605691470577	0.5155725643648589	0.561079005676873	0.5155725643648589	0.561079005676873	0.7142857142857143	endpoint
K02477	0.0	0.05799039652504858	0.03820377017389569	1.4591737311675501	0.4452902847887085	0.45781034174866614	0.5547097152112914	0.5421896582513339	0.5714285714285714	baseline
K02478	0.0	0.8093391136871951	1.2462025823378537	1.4756757576435777	0.2487684602739654	0.16821128107447272	0.7512315397260346	0.8317887189255273	0.8571428571428571	baseline
K02481	0.0	0.2380086424250553	0.15093817851147953	1.3200992134566327	0.454563490169011	0.46603151290272565	0.545436509830989	0.5339684870972743	0.5714285714285714	baseline
K02483	0.0	0.08558533388488167	0.07566543391360939	1.8400666422977099	0.475033564231548	0.48834912427656557	0.524966435768452	0.5116508757234344	0.5714285714285714	baseline
K02484	0.0	0.4451520686758466	0.8482021541464297	1.729680871804873	0.43757509813342466	0.1834989485110965	0.5624249018665753	0.8165010514889035	0.5714285714285714	baseline
K02485	0.0	0.9192328652934901	1.238880058055289	1.465836430115028	0.21727004700990404	0.07584752797887884	0.782729952990096	0.9241524720211212	0.8571428571428571	baseline
K02492	0.0	0.524305547214148	0.6914149881225824	1.6577434235787303	0.6827420376195227	0.6748335630274069	0.6827420376195227	0.6748335630274069	0.7142857142857143	endpoint
K02493	0.0	0.11429846268846924	0.4944039177786812	1.2966597589792372	0.5349659802764153	0.5759442206789867	0.5349659802764153	0.5759442206789867	0.5714285714285714	endpoint
K02494	0.0	0.3480995884665095	0.5331424959338216	1.2496258418336206	0.41302570424106805	0.33861741473428636	0.5869742957589319	0.6613825852657136	0.7142857142857143	baseline
K02495	0.0	1.0695497047881077	1.24258247255839	1.6181504211887945	0.18056412751360948	0.06161336681422623	0.8194358724863905	0.9383866331857738	1.0	baseline
K02496	0.0	0.6057901496961543	0.9923522396845461	1.5038869765445961	0.3287712825893645	0.30589332633828625	0.6712287174106355	0.6941066736617137	0.7142857142857143	baseline
K02498	0.14285714285714285	0.49341762272946105	0.37397828856273346	2.338174812897133	0.4332618931203268	0.3932593274954196	0.5667381068796732	0.6067406725045804	0.7142857142857143	baseline
K02499	0.14285714285714285	0.8394745419096872	1.0108202307646303	2.287448756091929	0.7100955803151753	0.74950409226629	0.7100955803151753	0.74950409226629	0.8571428571428571	endpoint
K02500	0.0	0.12346339647481401	0.2475478821502157	1.4986969894903728	0.545828689105618	0.5710663504402557	0.545828689105618	0.5710663504402557	0.5714285714285714	endpoint
K02501	0.0	0.18072903003319268	0.11987281079160142	1.2953104345129585	0.4610067782020173	0.4742576413986314	0.5389932217979827	0.5257423586013685	0.5714285714285714	baseline
K02502	0.0	0.13658113339807273	0.22740586242106264	1.6086747473943601	0.5328197381411816	0.5083695730257015	0.5328197381411816	0.5083695730257015	0.5714285714285714	endpoint
K02503	0.0	0.5664465204278197	1.203924521667713	1.9488451305908179	0.6165209020103647	0.7941234133303137	0.6165209020103647	0.7941234133303137	0.7142857142857143	endpoint
K02504	0.14285714285714285	1.3155157977869447	1.317063317294648	2.1290290077395855	0.13679317341320976	0.11720833601498423	0.8632068265867903	0.8827916639850157	1.0	baseline
K02505	0.0	0.8613608734441575	0.5199746458817095	1.9296969422440393	0.26083888389195126	0.3467217286897029	0.7391611161080487	0.6532782713102971	1.0	baseline
K02506	0.0	0.5270595562868927	0.49648788042482095	1.370702182525174	0.3246616273652272	0.39712573598892575	0.6753383726347728	0.6028742640110742	0.8571428571428571	baseline
K02507	0.0	0.5979050886725694	1.1198035726374305	1.7909972889169485	0.36118957231358423	0.17692218776011262	0.6388104276864157	0.8230778122398874	0.7142857142857143	baseline
K02508	0.0	0.39270045703356543	0.6002556694538831	1.3582855649189796	0.39527208978135436	0.3421829370753584	0.6047279102186456	0.6578170629246416	0.5714285714285714	baseline
K02509	0.0	0.42366617555062136	0.4906471957597413	1.2970131741046074	0.37848497982113694	0.39849117073085855	0.6215150201788631	0.6015088292691415	0.7142857142857143	baseline
K02510	0.0	1.0947265605893652	1.209277463110945	1.8303069562194665	0.20746186694314092	0.16679531534321956	0.792538133056859	0.8332046846567804	1.0	baseline
K02511	0.0	0.22134708577238302	0.26823209071193793	0.9979936746766979	0.45100638365355106	0.426095134927717	0.5489936163464489	0.573904865072283	0.5714285714285714	baseline
K02517	0.0	0.42709546087099365	0.39785490341776225	1.8266897962140392	0.35562332436732985	0.39719137970808366	0.6443766756326701	0.6028086202919163	0.7142857142857143	baseline
K02518	0.0	1.0706978528238196	1.1097717802474383	1.2754986413936336	0.8237550481186371	0.775830527873291	0.8237550481186371	0.775830527873291	1.0	endpoint
K02519	0.0	0.31451157508928496	0.6755394386318201	1.3020295456280255	0.607280042985847	0.727802160101555	0.607280042985847	0.727802160101555	0.7142857142857143	endpoint
K02520	0.0	0.8258376269552808	1.2729722235643188	1.4565099684960583	0.7248813290916332	0.8498888321575054	0.7248813290916332	0.8498888321575054	0.8571428571428571	endpoint
K02521	0.0	1.1266636980193556	1.2383964798398641	1.5469115786447118	0.17046363959094749	0.08124943567539966	0.8295363604090525	0.9187505643246003	1.0	baseline
K02523	0.0	0.0848531550522204	0.14116974143016728	1.4609527303760945	0.46042452539944884	0.4224674872590517	0.5395754746005512	0.5775325127409483	0.5714285714285714	baseline
K02525	0.0	1.0834756837975046	0.8606575807243335	1.8772094469499163	0.2019765223428016	0.17550478976813702	0.7980234776571984	0.824495210231863	1.0	baseline
K02526	0.0	0.6011545194817673	0.9510754069280375	1.4436099140025962	0.32289658299240903	0.23098588360264463	0.6771034170075909	0.7690141163973554	0.7142857142857143	baseline
K02527	0.0	0.6015621382350334	0.9690584517187936	1.4800832282606509	0.2913587284782471	0.18227070565989908	0.7086412715217529	0.8177292943401009	0.7142857142857143	baseline
K02528	0.0	0.30430604559342844	0.48565042509896844	1.6891406661323263	0.54233592902046	0.6376221996995054	0.54233592902046	0.6376221996995054	0.7142857142857143	endpoint
K02529	0.0	0.7293220830024636	1.0863153535404486	1.3643990631335754	0.2961512419225767	0.19422553682771107	0.7038487580774233	0.805774463172289	0.8571428571428571	baseline
K02530	0.0	0.011924814610227177	0.27468460729953514	1.562357370303044	0.42742157752455684	0.6000262233422724	0.5725784224754431	0.6000262233422724	0.5714285714285714	baseline
K02531	0.0	0.4485268953558687	0.8438936665723741	1.4637269501498957	0.6235146498565208	0.6768830320839637	0.6235146498565208	0.6768830320839637	0.7142857142857143	endpoint
K02532	0.0	0.4649229763145843	0.658097239392252	1.4805763658498774	0.3791198997267933	0.272756570611841	0.6208801002732067	0.727243429388159	0.7142857142857143	baseline
K02533	0.0	0.985634589826813	1.0858543046276863	1.686931591102633	0.19368047322273169	0.1188239111030057	0.8063195267772683	0.8811760888969943	1.0	baseline
K02535	0.0	0.4760006780486293	1.140188847645475	1.3722538589936173	0.3982885958282295	0.27305480967274726	0.6017114041717705	0.7269451903272528	0.7142857142857143	baseline
K02536	0.0	0.9079127669482334	0.9662418392253376	1.6742706754538463	0.23921834724677685	0.2044702096425247	0.7607816527532232	0.7955297903574753	0.8571428571428571	baseline
K02538	0.0	0.063339109495418	0.03224039274613358	1.5754969419189158	0.5210002634959852	0.4759726807939131	0.5210002634959852	0.5240273192060869	0.5714285714285714	endpoint
K02548	0.0	1.1126458506134285	1.3636602363427723	1.6279568079611506	0.19972567658523238	0.08331898060890155	0.8002743234147676	0.9166810193910985	0.8571428571428571	baseline
K02549	0.0	0.26102860954179213	0.09188777726564602	1.5169623724925354	0.5619143383049342	0.4831781123385332	0.5619143383049342	0.5168218876614668	0.5714285714285714	endpoint
K02550	0.0	0.9159812523989068	0.7926777749037669	1.2612225875483918	0.2162675717817131	0.19883871607441844	0.7837324282182869	0.8011612839255815	1.0	baseline
K02551	0.0	0.13241953372642964	0.5392832858218789	1.4715663291588128	0.48582337009375326	0.38110143613509573	0.5141766299062467	0.6188985638649043	0.5714285714285714	baseline
K02552	0.0	1.0585899832830135	1.248932598202585	1.4555427344938452	0.18723472913380648	0.2042358408639346	0.8127652708661935	0.7957641591360654	1.0	baseline
K02553	0.0	0.38390837997976873	0.9358027027727018	1.2356487657028181	0.4088050449376174	0.2944227558629392	0.5911949550623826	0.7055772441370608	0.7142857142857143	baseline
K02554	0.14285714285714285	0.7007240005771781	1.0314333637519877	2.0236543087863215	0.330357933767472	0.13470022518796215	0.669642066232528	0.8652997748120379	0.7142857142857143	baseline
K02556	0.0	0.0012553264232388736	0.20072806960870965	1.4734312094874684	0.5221129618578345	0.5823680810908606	0.5221129618578345	0.5823680810908606	0.5714285714285714	endpoint
K02557	0.0	0.1906376088413003	0.9064435461585435	1.4666336255960057	0.5588818437295834	0.7820585592694486	0.5588818437295834	0.7820585592694486	0.5714285714285714	endpoint
K02558	0.0	0.5659437175796395	0.877431005996856	1.404007465813418	0.31883406053753227	0.308068885947625	0.6811659394624677	0.691931114052375	0.7142857142857143	baseline
K02560	0.0	1.0613432404151948	1.0945922200601996	1.191686488504839	0.18394647050739285	0.19923289571856723	0.8160535294926071	0.8007671042814328	1.0	baseline
K02562	0.0	1.0056655263537795	1.0951292748395545	1.4104544877413312	0.19735674638452255	0.20527544617079344	0.8026432536154775	0.7947245538292066	1.0	baseline
K02563	0.0	0.10115977131229532	0.15548211660650688	1.355007410169223	0.5211973457840063	0.5495432239534562	0.5211973457840063	0.5495432239534562	0.5714285714285714	endpoint
K02564	0.0	0.08376383333168867	0.4458071904652031	1.366466996851762	0.45184985623614865	0.3847546698635286	0.5481501437638514	0.6152453301364714	0.5714285714285714	baseline
K02565	0.0	1.02289090022446	1.0854263685940237	1.2872274326358137	0.2012590325937744	0.24935293356488686	0.7987409674062256	0.7506470664351131	1.0	baseline
K02566	0.0	0.36247655632828935	0.4236293995149601	1.6552904464828153	0.5970667370687721	0.5409421013277609	0.5970667370687721	0.5409421013277609	0.7142857142857143	endpoint
K02567	0.0	0.8551038266785554	1.2124490592097168	1.58261012974998	0.25477111524630497	0.2297483952410288	0.745228884753695	0.7702516047589711	0.8571428571428571	baseline
K02573	0.0	0.33022448454071657	0.852931236693941	1.4434232701198921	0.4471213032467591	0.23101686593657778	0.5528786967532409	0.7689831340634222	0.5714285714285714	baseline
K02574	0.0	0.04964446417194685	0.20840331117899863	1.470895069962905	0.539907194667679	0.4644741209847497	0.539907194667679	0.5355258790152503	0.5714285714285714	endpoint
K02575	0.0	0.5828681936468335	0.7551446777073718	1.108783620458165	0.3498777227549436	0.3366569729073896	0.6501222772450563	0.6633430270926104	0.8571428571428571	baseline
K02584	0.0	0.06976779390651804	0.28480977038824057	1.4142576296381106	0.48957927985410293	0.37316334745043533	0.510420720145897	0.6268366525495647	0.5714285714285714	baseline
K02585	0.0	0.137749338651625	0.06031638739639543	1.0527948610650266	0.5342780514404274	0.5514688649927605	0.5342780514404274	0.5514688649927605	0.5714285714285714	endpoint
K02587	0.0	0.9713420434089184	1.2687486489743212	1.3948564525566582	0.8297737463427991	0.9358975445673425	0.8297737463427991	0.9358975445673425	0.8571428571428571	endpoint
K02588	0.0	0.5954590806383193	0.9397966885845539	1.5065955903530541	0.6939270800221558	0.633044990911107	0.6939270800221558	0.633044990911107	0.7142857142857143	endpoint
K02598	0.14285714285714285	0.8801019093304282	0.5092430629489002	2.1037322184841187	0.26797789315286347	0.29612708872516913	0.7320221068471365	0.7038729112748309	1.0	baseline
K02600	0.0	0.5334289854260303	0.9782036253284294	1.3808061959349776	0.6664271597035548	0.7772648993872129	0.6664271597035548	0.7772648993872129	0.7142857142857143	endpoint
K02601	0.0	0.9333684916709812	1.183660739190458	1.6435884668572684	0.7599998468531933	0.7625361705605975	0.7599998468531933	0.7625361705605975	0.8571428571428571	endpoint
K02609	0.0	0.21649264479416377	0.06424069622358891	1.3574039407043026	0.40343752881762635	0.5282128128050858	0.5965624711823736	0.5282128128050858	0.5714285714285714	baseline
K02611	0.0	0.5018099565496137	0.46158044395592307	1.4262744435957972	0.3651281660490352	0.36533538448020286	0.6348718339509648	0.6346646155197971	0.8571428571428571	baseline
K02612	0.0	1.2014351088388953	1.3069005969683012	1.9574015123666517	0.15535442544862535	0.05587557093019944	0.8446455745513747	0.9441244290698005	1.0	baseline
K02613	0.0	1.1235031075739943	1.230138280574078	1.988563852099298	0.1600675214810259	0.048681311562806764	0.8399324785189741	0.9513186884371932	1.0	baseline
K02614	0.0	0.2419346007485945	0.17825578362165911	1.2978162375485471	0.3948774111713903	0.43282098431392957	0.6051225888286097	0.5671790156860704	0.7142857142857143	baseline
K02615	0.0	1.0677043030179547	1.3051644512684997	1.901606282508676	0.23126544144571176	0.15445239450568415	0.7687345585542882	0.8455476054943158	0.8571428571428571	baseline
K02616	0.0	0.47725100636718	0.9737676499587328	1.2713425060569814	0.3924084759732254	0.2582882683687015	0.6075915240267746	0.7417117316312984	0.7142857142857143	baseline
K02618	0.0	0.5682450901146955	0.8338312906366006	1.7069617136074278	0.3256133059449476	0.20669069957536632	0.6743866940550525	0.7933093004246337	0.8571428571428571	baseline
K02619	0.0	0.19704309149806584	0.44200025209500093	1.2428001505869082	0.4612986917180198	0.3972501327507449	0.5387013082819803	0.6027498672492551	0.5714285714285714	baseline
K02621	0.0	0.19463223311616812	0.45174586240353587	1.1410903405316815	0.44427014446746294	0.38311775147798827	0.5557298555325371	0.6168822485220118	0.5714285714285714	baseline
K02622	0.0	0.049308393151464465	0.27781348424193675	1.8682470102099327	0.5289552415452634	0.5868880841732339	0.5289552415452634	0.5868880841732339	0.7142857142857143	baseline
K02624	0.0	0.3534998761061032	0.5132874936702428	1.510063474848864	0.41758867974286634	0.3819145155079015	0.5824113202571337	0.6180854844920984	0.5714285714285714	baseline
K02647	0.0	0.07948866380410406	0.41103500001369897	1.6889447025384552	0.4852693840416084	0.3824127952131844	0.5147306159583915	0.6175872047868156	0.7142857142857143	baseline
K02650	0.0	0.29517128105920015	0.4687587546511324	1.4331599756273383	0.5878217224405796	0.6227810085542113	0.5878217224405796	0.6227810085542113	0.5714285714285714	endpoint
K02651	0.0	0.30418918010453794	0.1287832615497949	1.4273826744125737	0.5907134132643957	0.49199851221578006	0.5907134132643957	0.5080014877842199	0.5714285714285714	endpoint
K02652	0.0	0.19491934661139135	0.20831903007731986	0.9514784013677646	0.41916307458670354	0.446064645733621	0.5808369254132965	0.553935354266379	0.7142857142857143	baseline
K02653	0.0	0.31391890600002353	0.7459482358877313	1.642198462081108	0.36434708583666425	0.2907167070546456	0.6356529141633358	0.7092832929453544	0.7142857142857143	baseline
K02654	0.0	0.6761739282719591	0.43387055096066424	1.6194778207387586	0.32975597232858744	0.3742225392863753	0.6702440276714126	0.6257774607136247	0.8571428571428571	baseline
K02662	0.0	0.27757733542907326	0.07835271638868871	1.5095857147710203	0.597909567482735	0.5017334567348736	0.597909567482735	0.5017334567348736	0.5714285714285714	endpoint
K02669	0.0	0.3232620239377447	0.41987507708064825	1.438241315638975	0.5964032242968369	0.5983063005774764	0.5964032242968369	0.5983063005774764	0.7142857142857143	endpoint
K02671	0.0	0.4433231934603832	0.32024076126945283	1.4728629511986848	0.6429809105405206	0.539389456535459	0.6429809105405206	0.539389456535459	0.7142857142857143	endpoint
K02679	0.0	1.2071664966495668	1.1915319474537833	1.973405633190456	0.15015821796147621	0.08748499522350872	0.8498417820385238	0.9125150047764913	1.0	baseline
K02680	0.0	0.3997996368984205	0.6635436185083375	1.5477239581462514	0.38098440777297765	0.360474587474651	0.6190155922270224	0.639525412525349	0.5714285714285714	baseline
K02682	0.0	0.09843856586655485	0.44437627939809105	1.5857125275755632	0.5186585938505411	0.3650073825933587	0.5186585938505411	0.6349926174066414	0.5714285714285714	baseline
K02686	0.0	0.848670393578666	0.6369352052152827	1.5292646908999508	0.23823505633466496	0.33419853434263463	0.7617649436653351	0.6658014656573654	1.0	baseline
K02687	0.0	0.8511663503959138	0.7802422628226104	1.4347503541331554	0.7409086092747608	0.7799058843106473	0.7409086092747608	0.7799058843106473	1.0	endpoint
K02688	0.0	0.47478487748778037	0.28287776174197604	1.4569465979754823	0.3540459806465549	0.4236639967411686	0.6459540193534451	0.5763360032588314	0.8571428571428571	baseline
K02744	0.0	0.09451708289393153	0.22369001347295847	1.2638508029331925	0.5446105846536304	0.5692929460259727	0.5446105846536304	0.5692929460259727	0.5714285714285714	endpoint
K02745	0.0	0.3405955202903414	0.4087777062502001	1.4021699739608633	0.5907237679545183	0.6161394741038404	0.5907237679545183	0.6161394741038404	0.8571428571428571	endpoint
K02746	0.0	0.035352457402271505	0.5492727328077822	1.8610901188598057	0.48294442173377433	0.3391867945232656	0.5170555782662256	0.6608132054767344	0.5714285714285714	endpoint
K02747	0.0	0.07878495640106754	0.9111053930971295	1.611350953804196	0.49429235627998264	0.69878850052688	0.5057076437200174	0.69878850052688	0.5714285714285714	endpoint
K02749	0.0	0.09461366323412164	0.10934906079595638	1.5020250346846988	0.5071284573134566	0.45246924919199505	0.5071284573134566	0.547530750808005	0.5714285714285714	endpoint
K02750	0.0	0.6005155683358467	0.9931257933236707	1.3833275273629386	0.32544894723634904	0.20802403528724775	0.6745510527636509	0.7919759647127522	0.7142857142857143	baseline
K02752	0.0	0.8883472840009689	0.903253973100812	1.410091481267528	0.23435986643350346	0.2832342054069115	0.7656401335664965	0.7167657945930885	0.8571428571428571	baseline
K02753	0.0	0.4395003809297788	0.6157314630947799	1.3180816898001064	0.36083321240083366	0.36841126422839504	0.6391667875991663	0.631588735771605	0.7142857142857143	baseline
K02755	0.0	0.9656673039617436	1.2416456004856218	1.7640624270188274	0.22100760619678833	0.17779171177048342	0.7789923938032117	0.8222082882295165	0.8571428571428571	baseline
K02756	0.0	0.3409273947353651	0.4632981605684752	1.4224053023429324	0.4152416783968819	0.3118975804668473	0.584758321603118	0.6881024195331527	0.7142857142857143	baseline
K02757	0.0	0.41074726051532906	0.7480977959081424	1.5437109465154701	0.415017812207238	0.21436940750156044	0.584982187792762	0.7856305924984396	0.7142857142857143	baseline
K02759	0.0	0.020325229547974704	0.0572488212623221	0.7207073923475059	0.5185014771454008	0.4918557768127566	0.5185014771454008	0.5081442231872434	0.5714285714285714	endpoint
K02760	0.0	0.04009173845681572	0.21408489999884794	1.352807708362347	0.4843411742338159	0.5666454202821299	0.515658825766184	0.5666454202821299	0.5714285714285714	endpoint
K02761	0.0	0.14553629900886803	0.010056806618223042	1.436576186540184	0.48203391337650997	0.46895147047532587	0.5179660866234901	0.5310485295246741	0.5714285714285714	baseline
K02768	0.0	0.7446582946315976	1.189470252827579	1.9464800407675764	0.699729736270608	0.7937308153966235	0.699729736270608	0.7937308153966235	0.7142857142857143	endpoint
K02769	0.0	0.3884262119572735	0.4070141747122972	1.398208610190611	0.5979230218193533	0.6209454006696365	0.5979230218193533	0.6209454006696365	0.5714285714285714	endpoint
K02770	0.0	0.15245208613594516	0.012343279431538201	1.4339364937033674	0.42767046576379636	0.5160802393196336	0.5723295342362036	0.5160802393196336	0.5714285714285714	baseline
K02771	0.0	0.7250437258142058	1.1021054311251282	1.525464250940238	0.7189844596165098	0.828666328253996	0.7189844596165098	0.828666328253996	0.8571428571428571	endpoint
K02773	0.0	0.07004522675912682	0.29850873318394655	1.5390464377442927	0.5399123901591364	0.5733862049762486	0.5399123901591364	0.5733862049762486	0.5714285714285714	baseline
K02774	0.0	0.5153732663614072	0.8575451188455632	1.665719444045054	0.3501782170160016	0.22226635707222422	0.6498217829839984	0.7777336429277758	0.7142857142857143	baseline
K02775	0.0	0.5819931113419287	0.5050949902387495	1.8820697193426723	0.3417051602601487	0.38677659234710393	0.6582948397398514	0.6132234076528961	0.5714285714285714	baseline
K02777	0.0	0.3516137195892366	0.42981494106214346	1.5847968814130435	0.39044614721540954	0.4127125298278184	0.6095538527845905	0.5872874701721815	0.5714285714285714	baseline
K02778	0.0	0.40088580229424503	0.34832241064484903	1.552470628086907	0.3819587113334904	0.3892140456513012	0.6180412886665096	0.6107859543486989	0.7142857142857143	baseline
K02779	0.0	0.05723321843974546	0.172141945140244	1.6278452247100617	0.5193571506284371	0.41183634305099603	0.5193571506284371	0.588163656949004	0.5714285714285714	baseline
K02781	0.0	0.25354538029373236	0.5532985113921355	1.3593680673130288	0.6093059031824015	0.6601452806686064	0.6093059031824015	0.6601452806686064	0.7142857142857143	endpoint
K02782	0.0	0.23820972342602906	0.10930564703980265	1.1793464443507922	0.4285461031022253	0.4704091174505106	0.5714538968977747	0.5295908825494894	0.7142857142857143	baseline
K02783	0.0	0.7125234201221031	0.958054241953339	1.4454134210059968	0.30359896888250276	0.28922079301081416	0.6964010311174973	0.7107792069891858	0.8571428571428571	baseline
K02786	0.0	0.033671760894581536	0.02736935669663878	1.4607302625426846	0.49410562582214457	0.5195930343272811	0.5058943741778554	0.5195930343272811	0.5714285714285714	baseline
K02787	0.0	0.3863400260029931	0.1675595361225679	1.3565302415341107	0.36907700630984824	0.45905708617544655	0.6309229936901517	0.5409429138245534	0.7142857142857143	baseline
K02788	0.0	0.033405581406902356	0.08003043007438371	1.4933077962392958	0.4737972588503309	0.44345342813329053	0.526202741149669	0.5565465718667095	0.7142857142857143	baseline
K02790	0.0	0.3239372079698394	0.13051871692007866	1.3725704332152655	0.37301613959387675	0.47165987433586826	0.6269838604061233	0.5283401256641318	0.7142857142857143	baseline
K02791	0.0	0.9740185361072954	1.2371318789668375	1.6459407083999218	0.2327195075133248	0.1248269707454127	0.7672804924866752	0.8751730292545873	0.8571428571428571	baseline
K02793	0.0	0.1516192554893185	0.5835609677436686	1.363529979220335	0.5434622383243956	0.6496194597283568	0.5434622383243956	0.6496194597283568	0.5714285714285714	endpoint
K02794	0.0	0.23307486548462503	0.28438193693840796	1.3051030186336938	0.5911090014318452	0.6031173308500759	0.5911090014318452	0.6031173308500759	0.5714285714285714	endpoint
K02795	0.0	0.10239832625519586	0.3867648318438557	1.3305720401501522	0.5063382084858998	0.6363423530269148	0.5063382084858998	0.6363423530269148	0.5714285714285714	endpoint
K02796	0.0	0.09365773093955079	0.14967736457083075	1.2532832710496988	0.512886350870583	0.46475718267601573	0.512886350870583	0.5352428173239843	0.5714285714285714	baseline
K02798	0.0	0.5032202149934526	0.2693102159237243	1.5663913146601103	0.3658317491266957	0.4266231789071336	0.6341682508733043	0.5733768210928665	0.7142857142857143	baseline
K02799	0.14285714285714285	1.2527033447221523	1.1018129287856495	2.1347617528569587	0.14595716609809153	0.11625671723698425	0.8540428339019085	0.8837432827630157	1.0	baseline
K02800	0.0	0.026977879156482285	0.3032580663056621	1.363878004228663	0.5259414251966238	0.5750164036466979	0.5259414251966238	0.5750164036466979	0.5714285714285714	endpoint
K02802	0.0	0.1706014171442448	0.20030429212548295	1.3310146992752887	0.4618173070281995	0.43737094910741514	0.5381826929718005	0.5626290508925849	0.5714285714285714	baseline
K02803	0.0	0.28306735969990576	0.5144267259751785	1.392317328912784	0.5528577378417023	0.6334572628317725	0.5528577378417023	0.6334572628317725	0.5714285714285714	endpoint
K02804	0.0	0.37762690981256203	0.5202686710069624	1.3701247558518481	0.6587212732148572	0.6783082629751087	0.6587212732148572	0.6783082629751087	0.8571428571428571	endpoint
K02805	0.0	0.4376281417914113	0.7088272211046374	1.0611584533500593	0.6192789436128763	0.6465874330149484	0.6192789436128763	0.6465874330149484	0.7142857142857143	endpoint
K02806	0.0	0.686561538787214	0.8465609972014132	1.7886095241758346	0.3262813893377481	0.2742920477261726	0.6737186106622519	0.7257079522738275	0.7142857142857143	baseline
K02808	0.0	0.0535104010361644	0.263166685834252	1.0389973141691025	0.5174337041455588	0.4269359771945693	0.5174337041455588	0.5730640228054307	0.5714285714285714	baseline
K02809	0.0	0.40154981961084363	1.0280912509899536	1.4664816637371225	0.6172181119672308	0.7535417098396672	0.6172181119672308	0.7535417098396672	0.7142857142857143	endpoint
K02810	0.0	0.86118152004001	1.2299832553788996	1.4934663510981974	0.7631402876048426	0.9051613416044046	0.7631402876048426	0.9051613416044046	0.8571428571428571	endpoint
K02812	0.0	0.29606013344416954	0.17266122938594541	1.4765014881418324	0.4079051811010927	0.44195961597569366	0.5920948188989072	0.5580403840243063	0.5714285714285714	baseline
K02813	0.0	1.264336384920425	1.3083796796096594	1.7523331073388326	0.13501434446247576	0.10420897810632425	0.8649856555375243	0.8957910218936758	1.0	baseline
K02814	0.0	0.3077248399711959	0.42397697466879763	1.554387089989655	0.3817513304714614	0.36077229156474	0.6182486695285385	0.63922770843526	0.7142857142857143	baseline
K02815	0.0	0.5727882735438732	0.4821073190627208	1.2812998957705395	0.33397848943935843	0.37474900723124716	0.6660215105606415	0.6252509927687528	0.8571428571428571	baseline
K02818	0.0	0.8581072319231717	1.1701226564418872	1.4353046428874259	0.21137867553232875	0.0802645354560408	0.7886213244676712	0.9197354645439592	0.8571428571428571	baseline
K02819	0.0	0.3889734627230575	0.36125490943888855	1.4870259636000833	0.36072557449446563	0.42874048792768044	0.6392744255055344	0.5712595120723196	0.7142857142857143	baseline
K02821	0.0	0.43059335947897004	0.9128081587676692	1.3714833383324618	0.3988983814387426	0.2997984183168796	0.6011016185612574	0.7002015816831204	0.7142857142857143	baseline
K02822	0.0	0.9031674743491821	1.3203566224317485	1.9920176255879145	0.24166767365889644	0.1399518212713122	0.7583323263411036	0.8600481787286878	0.8571428571428571	baseline
K02823	0.0	0.4948447635030884	0.7824949515776458	1.5878696912422712	0.657884618881672	0.7371669101552057	0.657884618881672	0.7371669101552057	0.7142857142857143	endpoint
K02824	0.0	0.5318669501141696	1.238870054247606	1.497497783729748	0.6378245135539923	0.6762696450696801	0.6378245135539923	0.6762696450696801	0.7142857142857143	endpoint
K02825	0.0	0.36325474667851915	0.7991489027765567	1.7384360820074776	0.38873098813731477	0.2432108902640527	0.6112690118626852	0.7567891097359473	0.7142857142857143	baseline
K02834	0.0	0.06114452568358532	0.09153881144774415	1.1374491841855383	0.5026585185663247	0.4917946933460166	0.5026585185663247	0.5082053066539833	0.5714285714285714	endpoint
K02835	0.0	0.9260395189776095	1.1651426309223059	1.4961344952690085	0.7708797396890327	0.8287922271144872	0.7708797396890327	0.8287922271144872	0.8571428571428571	endpoint
K02836	0.0	0.6397605033900254	0.6862350119728762	1.6719910823318849	0.7201887372246016	0.775962407388286	0.7201887372246016	0.775962407388286	0.7142857142857143	endpoint
K02837	0.0	0.7466213620375015	1.0271936613975314	1.4551271354340054	0.7380811613895819	0.7533318714245207	0.7380811613895819	0.7533318714245207	0.7142857142857143	endpoint
K02838	0.0	0.28747793951210454	0.5222287729160056	1.3072778823950792	0.5829705985599526	0.6501776411584166	0.5829705985599526	0.6501776411584166	0.5714285714285714	endpoint
K02839	0.0	0.9210891351287838	1.2036004961590356	1.4541162480711156	0.2226863204280505	0.27082673894167164	0.7773136795719495	0.7291732610583284	0.8571428571428571	baseline
K02841	0.0	0.2776509919636964	0.12256409580941255	1.2917963943370598	0.38808185822961516	0.4858764926014502	0.6119181417703848	0.5141235073985497	0.7142857142857143	baseline
K02843	0.0	0.29524973454279496	1.0433463792645368	1.492908423824746	0.6104821228899368	0.7952206599865564	0.6104821228899368	0.7952206599865564	0.5714285714285714	endpoint
K02844	0.0	0.5724464572765104	1.046452716779591	1.4814898968880257	0.33033056167448827	0.16685205211861603	0.6696694383255117	0.8331479478813839	0.7142857142857143	baseline
K02846	0.0	0.8709586709533178	1.236637382516067	1.6932071662226138	0.266893815231319	0.2240936511681192	0.7331061847686811	0.7759063488318808	0.7142857142857143	baseline
K02847	0.0	0.7143695104668882	1.0393500957697297	1.79876411353555	0.30308520512675347	0.1294274783649447	0.6969147948732466	0.8705725216350553	0.7142857142857143	baseline
K02848	0.0	0.5554356836176315	1.205921741007417	1.5939460293432357	0.355670249108959	0.21332531912203784	0.644329750891041	0.7866746808779621	0.5714285714285714	baseline
K02849	0.0	0.7831634999797769	1.196430347063413	1.9851930749718691	0.2997826458859601	0.14108467654128726	0.70021735411404	0.8589153234587128	0.7142857142857143	baseline
K02850	0.14285714285714285	1.2531141035647495	1.3590845600404864	2.1768122634184075	0.1602369640833887	0.139038654498327	0.8397630359166113	0.860961345501673	1.0	baseline
K02851	0.0	0.006201460045326517	0.2157785724766957	1.1839561392501066	0.5244685504892344	0.5671122592735511	0.5244685504892344	0.5671122592735511	0.5714285714285714	baseline
K02852	0.0	0.4750362995183498	0.4920665771463347	1.3743656372342123	0.3743494385801562	0.3720038660898112	0.6256505614198438	0.6279961339101888	0.8571428571428571	baseline
K02853	0.0	1.032190805663338	1.3055821962149097	1.7846690887735872	0.2406843315841504	0.11394052474746083	0.7593156684158496	0.8860594752525391	0.8571428571428571	baseline
K02854	0.0	1.1741815337417647	1.2136665817620305	1.5949321353513426	0.1448121867818321	0.1256014377482842	0.8551878132181678	0.8743985622517159	1.0	baseline
K02855	0.0	0.6141931655923122	0.813283616982763	1.5244178141448232	0.33552739503480405	0.2931836581717238	0.6644726049651959	0.7068163418282762	0.8571428571428571	baseline
K02856	0.0	0.020095539957571407	0.09336223581475582	1.2836108932880483	0.5138973608163578	0.4388773136692891	0.5138973608163578	0.5611226863307108	0.5714285714285714	endpoint
K02858	0.0	0.5406089850731363	0.42093585455275995	1.1163318542623495	0.31409239584140447	0.3788617299134091	0.6859076041585955	0.6211382700865908	0.8571428571428571	baseline
K02860	0.0	0.1381916057028314	0.24655994296783101	1.6116196489097618	0.5353128175371901	0.4273700366423541	0.5353128175371901	0.5726299633576459	0.5714285714285714	endpoint
K02863	0.0	0.625634376404321	1.0398741324580032	1.2862555524079717	0.7156134753165725	0.7942635799026978	0.7156134753165725	0.7942635799026978	0.7142857142857143	endpoint
K02864	0.0	0.24108704086864852	0.30017427665548685	1.373907864218131	0.5795152138197069	0.5204489151232428	0.5795152138197069	0.5204489151232428	0.5714285714285714	endpoint
K02867	0.0	0.37637801708309127	0.13221003840667822	1.4953768286287519	0.6212733580277844	0.4925673470650992	0.6212733580277844	0.5074326529349008	0.5714285714285714	endpoint
K02871	0.0	0.7187898388632764	0.5981481339417746	1.8453112119635446	0.6857132791990771	0.7341707854672564	0.6857132791990771	0.7341707854672564	0.8571428571428571	endpoint
K02874	0.0	0.1989100996968236	0.08376932257107077	1.777102695145205	0.46649777858648334	0.4845263311355356	0.5335022214135167	0.5154736688644643	0.5714285714285714	baseline
K02876	0.0	0.879158372032398	1.1906153407156892	1.6349693111822508	0.7684064525170226	0.8587232116588024	0.7684064525170226	0.8587232116588024	0.8571428571428571	endpoint
K02878	0.0	0.20087111767602026	0.2700459873360872	1.220221666401412	0.5877793106020653	0.598547623198849	0.5877793106020653	0.598547623198849	0.7142857142857143	endpoint
K02879	0.0	0.37606147036653453	0.8369654190011251	1.444073259411918	0.5952081267856616	0.6209624492484626	0.5952081267856616	0.6209624492484626	0.7142857142857143	endpoint
K02881	0.0	0.8927566266327521	0.7820854422091338	1.4100253407935714	0.7735302440156036	0.7025328663720687	0.7735302440156036	0.7025328663720687	1.0	endpoint
K02884	0.0	0.09318774324821587	0.13647898099627342	1.3160542466620473	0.4797949468048399	0.49327597894167635	0.5202050531951601	0.5067240210583237	0.5714285714285714	baseline
K02886	0.0	0.39030689073608926	1.0749481963449459	1.43947180435618	0.5681086263257406	0.6490591002240557	0.5681086263257406	0.6490591002240557	0.5714285714285714	endpoint
K02887	0.0	0.5376982281339703	0.7518494534073599	1.5277840643600342	0.6623366926178242	0.607553463273412	0.6623366926178242	0.607553463273412	0.7142857142857143	endpoint
K02888	0.0	0.6955883011426013	1.1625555537233687	1.631977584148488	0.7379845668440262	0.8955691137852853	0.7379845668440262	0.8955691137852853	0.7142857142857143	endpoint
K02890	0.0	0.49845226640973006	0.9047506803732906	1.2163579769717638	0.667070539045625	0.7946443222281133	0.667070539045625	0.7946443222281133	0.7142857142857143	endpoint
K02892	0.0	0.6191052658665948	0.635295779809503	1.4789429563883292	0.6928225253206152	0.682746770973214	0.6928225253206152	0.682746770973214	0.8571428571428571	endpoint
K02895	0.0	0.35619538841545667	0.3329466042394702	1.426172367894242	0.6225898312553458	0.5664251285959261	0.6225898312553458	0.5664251285959261	0.7142857142857143	endpoint
K02897	0.0	0.5841976655958308	1.0988099269861324	1.621551028371343	0.32762805184665816	0.19802481265462732	0.6723719481533419	0.8019751873453727	0.7142857142857143	baseline
K02899	0.0	0.960172546420093	1.0233008817623273	1.4779300687668326	0.8022171085931771	0.8221695955457854	0.8022171085931771	0.8221695955457854	1.0	endpoint
K02902	0.0	1.1040148853268958	1.372094961178407	1.7488712698067879	0.18199430820849458	0.17527629512010456	0.8180056917915054	0.8247237048798954	0.8571428571428571	baseline
K02904	0.0	0.5406289382408895	0.8349070426450658	1.2657047531969046	0.6662537064225427	0.7575038039116814	0.6662537064225427	0.7575038039116814	0.7142857142857143	endpoint
K02906	0.0	0.4799699424713541	0.6506546509008254	1.3797270689568653	0.3442528514502272	0.36108464208805435	0.6557471485497728	0.6389153579119456	0.5714285714285714	baseline
K02907	0.0	0.44690863612680853	0.41158223548882517	1.254178448543997	0.6289891910785338	0.6094142869858015	0.6289891910785338	0.6094142869858015	0.8571428571428571	endpoint
K02909	0.0	0.18248507878090933	0.11782178745399977	1.3547413510743698	0.5602584269372287	0.4856502615510777	0.5602584269372287	0.5143497384489223	0.5714285714285714	endpoint
K02911	0.0	0.44550582893701796	1.0176995807364577	1.3007357957618297	0.37397821968968925	0.3016857424978204	0.6260217803103107	0.6983142575021797	0.7142857142857143	baseline
K02913	0.0	0.0761892924200398	0.15287967900718258	1.48389208462533	0.5268604234157409	0.5233993364173212	0.5268604234157409	0.5233993364173212	0.5714285714285714	endpoint
K02914	0.0	0.31001369522352235	0.5264783254438321	1.2676518123180343	0.5838406334253559	0.568543617691063	0.5838406334253559	0.568543617691063	0.7142857142857143	endpoint
K02916	0.0	0.277914652912297	0.178884905515389	1.574885680913846	0.5954032927163396	0.5694892416722618	0.5954032927163396	0.5694892416722618	0.5714285714285714	endpoint
K02919	0.0	0.3302651120415277	0.5006194176766643	1.3564124118343797	0.41654004031785663	0.35289137471060683	0.5834599596821434	0.6471086252893932	0.7142857142857143	baseline
K02926	0.0	0.2062812346788994	0.39580807153022624	1.3074245350357199	0.5806404299622117	0.5634460902072005	0.5806404299622117	0.5634460902072005	0.7142857142857143	endpoint
K02931	0.0	0.23018407469580687	0.4983235820733326	1.5409964788454222	0.534989404415897	0.680708610108089	0.534989404415897	0.680708610108089	0.7142857142857143	endpoint
K02933	0.0	0.5167244212292864	0.5444224351243401	1.5331297041733591	0.6856213594671249	0.7250995532041548	0.6856213594671249	0.7250995532041548	0.7142857142857143	endpoint
K02935	0.0	0.1802682782306268	0.11645508804376689	1.8928595381566686	0.5038056221199251	0.5404194886844436	0.5038056221199251	0.5404194886844436	0.7142857142857143	endpoint
K02939	0.0	0.4404494674585346	0.2590262044279561	1.7356422316122917	0.6436892677245621	0.6101902850736426	0.6436892677245621	0.6101902850736426	0.7142857142857143	endpoint
K02945	0.0	0.4193147750703514	0.5666602653747873	1.4468103719826344	0.33040398369773855	0.35144307725110396	0.6695960163022614	0.6485569227488961	0.7142857142857143	baseline
K02946	0.0	0.10450684020743226	0.19857295498181643	1.431140791013797	0.5387717126312656	0.4376583459658537	0.5387717126312656	0.5623416540341464	0.5714285714285714	endpoint
K02948	0.0	0.8166355691463949	1.1789719845753541	1.7224685759501421	0.7006013682292201	0.7565455730662906	0.7006013682292201	0.7565455730662906	0.8571428571428571	endpoint
K02950	0.0	0.7464775694852666	1.269628791085205	1.5109241661920543	0.7466498458767225	0.8601066230708274	0.7466498458767225	0.8601066230708274	0.7142857142857143	endpoint
K02952	0.14285714285714285	0.4621805007965913	0.6882021327663915	2.0058542422799444	0.6273248878819133	0.7766679398615448	0.6273248878819133	0.7766679398615448	0.7142857142857143	endpoint
K02954	0.0	0.3617764103636995	0.757935861008265	1.2412811639457062	0.3878129942581233	0.336004450323363	0.6121870057418767	0.663995549676637	0.7142857142857143	baseline
K02956	0.0	0.5319867879441659	0.6314222875398571	1.437452723638642	0.6589146249228385	0.635906869527696	0.6589146249228385	0.635906869527696	0.7142857142857143	endpoint
K02959	0.0	0.1745305601655081	0.5087931560412491	1.2902358813239339	0.5568468602189324	0.6321402473532814	0.5568468602189324	0.6321402473532814	0.5714285714285714	endpoint
K02961	0.0	0.1632523729530515	0.38785337821358923	1.4456350448000397	0.4127021703799403	0.5879980858173143	0.5872978296200597	0.5879980858173143	0.5714285714285714	baseline
K02963	0.0	0.19975857997825425	0.6555536747432795	1.706907794193608	0.5135630894697542	0.3269407545669017	0.5135630894697542	0.6730592454330984	0.5714285714285714	endpoint
K02965	0.14285714285714285	0.626602381568639	1.2033759490263338	2.0237189181398723	0.6457974112632349	0.7945197509688245	0.6457974112632349	0.7945197509688245	0.7142857142857143	endpoint
K02967	0.0	0.3991290338217159	0.5179388437633204	1.4752860335800402	0.6167753640014447	0.5651498376214141	0.6167753640014447	0.5651498376214141	0.7142857142857143	endpoint
K02968	0.0	0.8406660602939138	1.1001650924946385	1.304672023428925	0.757635061740405	0.6809136966695226	0.757635061740405	0.6809136966695226	0.8571428571428571	endpoint
K02970	0.0	0.4625492416501243	0.751735920340342	1.4974110154069236	0.6445564923394509	0.5954068158770704	0.6445564923394509	0.5954068158770704	0.7142857142857143	endpoint
K02982	0.0	0.6630345897040818	0.6472008225175452	1.5067364207625222	0.6884786795910023	0.6460786668351325	0.6884786795910023	0.6460786668351325	0.8571428571428571	endpoint
K02986	0.0	0.5675256273040226	0.4790447365356192	1.869374781620191	0.6163780195691958	0.6396781845702613	0.6163780195691958	0.6396781845702613	0.5714285714285714	endpoint
K02988	0.0	0.5119861642074454	0.6825768640033878	1.4677976028132722	0.3643665082283115	0.30093301793378074	0.6356334917716885	0.6990669820662192	0.7142857142857143	baseline
K02990	0.0	0.08002557114436362	0.0010525717945829823	1.0901478945700716	0.47942543246303354	0.4712849991044766	0.5205745675369664	0.5287150008955235	0.5714285714285714	baseline
K02992	0.0	0.3518947976928949	0.39142948641945824	1.5310801633086415	0.6088001780149727	0.5497269284782137	0.6088001780149727	0.5497269284782137	0.7142857142857143	endpoint
K02994	0.14285714285714285	0.3156680275246058	0.03841691768203537	2.1703689046691785	0.5613184708130817	0.5042135249495496	0.5613184708130817	0.5042135249495496	0.5714285714285714	endpoint
K02996	0.0	0.1302408840749068	0.10485658925996462	1.424653166451379	0.5599870612598552	0.5377079926695405	0.5599870612598552	0.5377079926695405	0.5714285714285714	endpoint
K03040	0.0	0.34065136691563463	0.8855866494950275	1.5912472526082704	0.5871025755443771	0.6401789774547749	0.5871025755443771	0.6401789774547749	0.7142857142857143	endpoint
K03043	0.0	0.7271686500198823	0.5603168667682558	1.4486721359929815	0.744333549129197	0.73080028988781	0.744333549129197	0.73080028988781	0.8571428571428571	endpoint
K03046	0.0	0.515738018150279	0.1913033049952887	1.968435274265843	0.6351667301680527	0.5920822017372047	0.6351667301680527	0.5920822017372047	0.5714285714285714	endpoint
K03048	0.0	0.44826242313017517	0.6777442518379352	1.5785334140088814	0.6501535634777812	0.7574315328517461	0.6501535634777812	0.7574315328517461	0.5714285714285714	endpoint
K03060	0.14285714285714285	0.47169705297885656	1.193588972120594	2.146816137722069	0.6803407600211278	0.8366330944653622	0.6803407600211278	0.8366330944653622	0.7142857142857143	endpoint
K03070	0.0	0.7511473710663793	1.1350880185088115	1.8572485918602473	0.7129783006972528	0.9468908385817715	0.7129783006972528	0.9468908385817715	0.7142857142857143	endpoint
K03071	0.0	0.8900392155237824	0.9346722818792466	1.8617342912310213	0.26446463670194437	0.16878030101883637	0.7355353632980557	0.8312196989811637	0.7142857142857143	baseline
K03072	0.0	0.08767498737956683	0.019733202692487985	1.3793885221389206	0.5441657406858498	0.5217963558876073	0.5441657406858498	0.5217963558876073	0.5714285714285714	endpoint
K03073	0.0	0.2002429756614757	0.2821325786840847	1.2901469109493386	0.44415778104638753	0.4140976061865643	0.5558422189536125	0.5859023938134357	0.7142857142857143	baseline
K03074	0.0	0.7627388696011926	0.8932019996448357	1.060384253588926	0.28599420475846327	0.29666373121037165	0.7140057952415367	0.7033362687896283	1.0	baseline
K03075	0.0	0.05772943386769579	0.01675932789959069	1.2917425292122788	0.48616186865464034	0.5138626479568754	0.5138381313453597	0.5138626479568754	0.5714285714285714	endpoint
K03076	0.0	0.16584290785840078	0.19248774579294636	1.3076252966902981	0.5735861059374863	0.5581943966559219	0.5735861059374863	0.5581943966559219	0.5714285714285714	endpoint
K03077	0.0	0.053609260169617236	0.1866338966166985	1.3858216120627291	0.4848832853742743	0.5407667166928545	0.5151167146257257	0.5407667166928545	0.5714285714285714	baseline
K03078	0.0	0.3620812850172868	0.6963334590287984	1.5040688493472263	0.383894420256185	0.2940748320430894	0.6161055797438151	0.7059251679569106	0.7142857142857143	baseline
K03079	0.0	0.6430497122818679	1.0813804133220455	1.4509763889552951	0.3006616036971529	0.20956710189297748	0.6993383963028471	0.7904328981070226	0.7142857142857143	baseline
K03086	0.0	0.08843710044453981	0.08902822194312356	1.509790528700131	0.49594694342193535	0.44036495487494365	0.5040530565780647	0.5596350451250564	0.5714285714285714	baseline
K03087	0.0	0.45989539044510547	0.6149949215487351	1.1728683018075075	0.380148062608256	0.33812025218659686	0.6198519373917439	0.6618797478134031	0.8571428571428571	baseline
K03088	0.0	0.2604456031207459	0.32078058792274244	1.0607277018864063	0.582840188347312	0.5881866858874676	0.582840188347312	0.5881866858874676	0.7142857142857143	endpoint
K03089	0.0	0.3960271272300512	0.4941514113962287	1.463478747653845	0.36279917712328785	0.3549531075296944	0.6372008228767121	0.6450468924703057	0.5714285714285714	baseline
K03090	0.0	0.9135947982217135	0.8958342448191065	1.683436021146786	0.7642914984237379	0.7781978343348149	0.7642914984237379	0.7781978343348149	0.8571428571428571	endpoint
K03091	0.0	0.5872326134311308	1.2083169840678762	1.5708194929194368	0.659012830767172	0.7313722726449691	0.659012830767172	0.7313722726449691	0.7142857142857143	endpoint
K03092	0.0	0.35505056362915305	0.7017156936229677	1.5999756974774324	0.6017731818564833	0.6369448966999793	0.6017731818564833	0.6369448966999793	0.7142857142857143	endpoint
K03098	0.0	0.5906607209854137	0.849791467827169	1.4540451874579114	0.30086622645396854	0.31453045472457136	0.6991337735460315	0.6854695452754287	0.7142857142857143	baseline
K03100	0.0	0.33560240854678475	0.12258103714153962	1.306608057785713	0.6304930534377401	0.5177400986830786	0.6304930534377401	0.5177400986830786	0.7142857142857143	endpoint
K03101	0.0	0.7174472227230619	0.5160429439500436	1.9151713113590771	0.33029353276995627	0.30204691197523026	0.6697064672300437	0.6979530880247697	0.8571428571428571	baseline
K03106	0.0	0.30480986909219177	0.8195175513788339	1.3923665922993393	0.4520354476899621	0.3157454144630021	0.5479645523100378	0.6842545855369979	0.7142857142857143	baseline
K03110	0.0	0.03288606047663023	0.5110864274097623	1.4561225770908726	0.5114394495727382	0.7123022181510994	0.5114394495727382	0.7123022181510994	0.5714285714285714	endpoint
K03111	0.0	0.13229808011874142	0.30518598792772383	1.9832520367535067	0.5081314762243719	0.42515713811976624	0.5081314762243719	0.5748428618802337	0.5714285714285714	baseline
K03112	0.0	0.21892521947877133	0.5424842631599706	1.4723736940206025	0.44342930433606004	0.3772171838840332	0.55657069566394	0.6227828161159668	0.7142857142857143	baseline
K03113	0.0	0.9367542273230777	1.3703264366256867	1.6742928254959357	0.2161637629861531	0.046138436598667405	0.7838362370138469	0.9538615634013325	0.8571428571428571	baseline
K03116	0.0	0.15461772245204047	0.21309045103177676	1.3635065170421043	0.4582565075782083	0.44454371412827576	0.5417434924217917	0.5554562858717242	0.5714285714285714	baseline
K03117	0.0	0.6905138202778371	0.45925681724013706	1.5004939895298697	0.28432947446457757	0.3475091048743905	0.7156705255354224	0.6524908951256094	0.8571428571428571	baseline
K03118	0.0	0.024634163250468855	0.3923008802364358	1.4838508895225124	0.5216949075864885	0.38042452478404337	0.5216949075864885	0.6195754752159566	0.5714285714285714	baseline
K03119	0.0	0.5931339766446134	0.5911246346447605	1.9756899684464857	0.34260538592305284	0.26802141032948795	0.6573946140769471	0.731978589670512	0.5714285714285714	baseline
K03146	0.0	0.1726212602246074	0.5506473101059592	1.4374065446208237	0.45360709675672795	0.35991772305469827	0.546392903243272	0.6400822769453017	0.5714285714285714	baseline
K03147	0.0	0.08366246076887925	0.3062401349869294	1.549892526128826	0.4791737444344119	0.4232245300444648	0.520826255565588	0.5767754699555352	0.5714285714285714	baseline
K03148	0.0	0.01605176654628465	0.2822441846017513	1.4327651766289033	0.5112178378682212	0.4298387045218377	0.5112178378682212	0.5701612954781623	0.5714285714285714	endpoint
K03149	0.0	0.20512528067377828	0.8129206257444253	1.2146071723896992	0.456390963147342	0.3356784449326577	0.543609036852658	0.6643215550673423	0.5714285714285714	baseline
K03150	0.0	0.44659170856243346	0.748684792203742	1.343849788736289	0.6136673726616194	0.7276829527748427	0.6136673726616194	0.7276829527748427	0.7142857142857143	endpoint
K03151	0.0	0.22635491221720497	0.6799327733135209	1.3745547549283341	0.5524577938314256	0.5834877052884723	0.5524577938314256	0.5834877052884723	0.5714285714285714	endpoint
K03152	0.0	0.47545712926234796	0.9583110743307569	1.5824374553619922	0.35443904279524735	0.31154405936625523	0.6455609572047527	0.6884559406337447	0.7142857142857143	baseline
K03154	0.0	0.04733438721330093	0.29051467268162007	1.3026951003546499	0.5023748167581014	0.5188454493592203	0.5023748167581014	0.5188454493592203	0.5714285714285714	endpoint
K03168	0.0	0.057454150547126374	0.14221531874935767	1.2957965707673913	0.46892714727780926	0.42210859502893994	0.5310728527221907	0.5778914049710601	0.5714285714285714	baseline
K03169	0.0	0.5357307357406512	1.023719288273312	1.8529636426669256	0.6720805158192736	0.7898107052977261	0.6720805158192736	0.7898107052977261	0.7142857142857143	endpoint
K03177	0.0	0.5176362070528792	0.717464442183484	1.6189037259376888	0.3015605014779683	0.283770151833339	0.6984394985220317	0.716229848166661	0.7142857142857143	baseline
K03179	0.0	0.5913798092412968	1.0216193954605866	1.8944207805393525	0.3642862890286182	0.19706167030150698	0.6357137109713817	0.802938329698493	0.5714285714285714	baseline
K03181	0.0	0.7851527917187766	1.2701208734344704	1.8365714304107041	0.30901506615009416	0.22536151347258143	0.6909849338499059	0.7746384865274185	0.7142857142857143	baseline
K03182	0.0	0.21660476296906778	0.09013388936810292	1.3978454138186516	0.39653675621967543	0.4703113726570455	0.6034632437803246	0.5296886273429545	0.7142857142857143	baseline
K03183	0.0	0.6421840091031058	1.0964487838867685	1.4040317420979067	0.25451528772859566	0.11957486511208248	0.7454847122714043	0.8804251348879175	0.7142857142857143	baseline
K03184	0.0	0.3383365178148117	0.20662614338371146	1.4117098426019241	0.45203866614533783	0.44470839305425414	0.5479613338546622	0.5552916069457459	0.8571428571428571	baseline
K03185	0.14285714285714285	1.1972268669137274	1.0660390907127653	2.0786229758446098	0.17566971374709148	0.12557558861275966	0.8243302862529085	0.8744244113872404	1.0	baseline
K03186	0.0	0.3925236152870473	0.8715685516226888	1.1833868349935528	0.6251210508606635	0.7169498470919715	0.6251210508606635	0.7169498470919715	0.5714285714285714	endpoint
K03187	0.0	0.0792627354836701	0.5479982462507798	1.2458211692709489	0.4944326995045167	0.3332892140982149	0.5055673004954833	0.6667107859017851	0.5714285714285714	baseline
K03188	0.0	0.19533238529234537	0.526977526079346	1.5132739188439033	0.48560521230168086	0.38314415595060997	0.5143947876983191	0.6168558440493901	0.5714285714285714	baseline
K03189	0.0	0.06216343334980934	0.0355534934579004	1.5896875391947756	0.47264941681881617	0.46471909567465797	0.5273505831811838	0.535280904325342	0.5714285714285714	baseline
K03190	0.0	0.13782116808737524	0.1723890663573512	1.4608028100835464	0.601361424612248	0.46011885211497916	0.601361424612248	0.5398811478850208	0.5714285714285714	endpoint
K03191	0.14285714285714285	1.1159280701090568	1.5109564218172096	2.0521551672784355	0.8078053409742568	0.938831366990099	0.8078053409742568	0.938831366990099	0.8571428571428571	endpoint
K03194	0.0	0.7828463022353088	1.087952058224595	1.414762805405163	0.28859691890372685	0.18921841139811302	0.7114030810962731	0.810781588601887	0.8571428571428571	baseline
K03195	0.0	0.3051106737733242	0.419464490721732	0.8881027575543207	0.5864425491239196	0.6133828166322433	0.5864425491239196	0.6133828166322433	0.7142857142857143	endpoint
K03196	0.0	0.30065726343486526	0.22758804481380535	1.2315573222955514	0.4012415571975477	0.4399224809998201	0.5987584428024523	0.5600775190001799	0.7142857142857143	baseline
K03199	0.0	0.28923398448108156	0.20196508355094608	1.1170044662554972	0.39289555965483547	0.4424744446142959	0.6071044403451645	0.5575255553857041	0.8571428571428571	baseline
K03201	0.0	0.3503513115148941	0.8751892114903865	1.1508955354679389	0.41532039274357285	0.3085929724681161	0.5846796072564271	0.6914070275318839	0.7142857142857143	baseline
K03203	0.0	0.3396324135002783	0.2110812333510203	1.1557093984496234	0.4155892513506429	0.46384807657736504	0.584410748649357	0.536151923422635	0.5714285714285714	baseline
K03204	0.0	0.5740249480914086	0.7360023347389868	1.7740288308900973	0.36012415027984257	0.34844665433213345	0.6398758497201574	0.6515533456678666	0.7142857142857143	baseline
K03205	0.0	0.5236027998786948	0.8761252609207674	1.4782728908169653	0.7005348557103865	0.7917406219592229	0.7005348557103865	0.7917406219592229	0.7142857142857143	endpoint
K03208	0.0	1.0168414268877881	1.0238103519722086	1.7595583800170251	0.19139962523400061	0.1259754175194344	0.8086003747659993	0.8740245824805656	1.0	baseline
K03210	0.0	0.2550729103174929	0.3083870031032644	1.305366753914461	0.5929786277708455	0.6360989215755224	0.5929786277708455	0.6360989215755224	0.5714285714285714	endpoint
K03212	0.0	0.8593280667544783	1.3556552995393318	1.886250000462509	0.26838095388239813	0.08000090070609071	0.7316190461176019	0.9199990992939093	0.7142857142857143	baseline
K03214	0.0	1.0217989046375577	0.9792890036954193	1.5404304631252532	0.19328744341220133	0.21843738117734965	0.8067125565877986	0.7815626188226503	1.0	baseline
K03215	0.0	1.0929865569301291	1.1782889888596648	1.559078680609562	0.8139105164538994	0.8697672786166359	0.8139105164538994	0.8697672786166359	0.8571428571428571	endpoint
K03216	0.0	0.5828985816008991	1.1415481848099802	1.598392722192799	0.3444710438991282	0.1446641334796117	0.6555289561008718	0.8553358665203883	0.7142857142857143	baseline
K03217	0.0	0.08610867483871647	0.04228830576719173	1.6751881421065946	0.49046596278274485	0.45640833344077364	0.5095340372172552	0.5435916665592264	0.5714285714285714	baseline
K03218	0.0	0.09239456927314091	0.8984211713683679	1.4334139359684865	0.4314772278779762	0.25999745906178456	0.5685227721220238	0.7400025409382154	0.5714285714285714	baseline
K03219	0.0	0.06767715198015958	0.12474149072753103	1.3411977298461684	0.4632133584938122	0.47326758062009067	0.5367866415061878	0.5267324193799093	0.5714285714285714	baseline
K03225	0.0	0.4416728276588727	0.7660548358997062	1.7197357668518323	0.3849834477190486	0.20797698425978342	0.6150165522809514	0.7920230157402166	0.7142857142857143	baseline
K03226	0.0	0.34748531564466045	0.6944112395317186	1.253892499904687	0.41828952872222713	0.26357185375689585	0.5817104712777729	0.7364281462431042	0.7142857142857143	baseline
K03228	0.0	0.5812952374614619	0.4579688240214626	1.5322875405428982	0.33500762253683364	0.3945993969179215	0.6649923774631663	0.6054006030820784	0.7142857142857143	baseline
K03229	0.0	0.08042785696659625	0.028596257449344718	1.4206049364488105	0.4564402559319257	0.5198798590762124	0.5435597440680743	0.5198798590762124	0.5714285714285714	baseline
K03230	0.0	0.04893047379553882	0.014089862839378174	1.5197752968611573	0.47607136899614627	0.5164885554334973	0.5239286310038538	0.5164885554334973	0.5714285714285714	endpoint
K03269	0.0	0.4426501844474656	0.7167011149208383	1.3282204461932097	0.3391947647693131	0.3451596433231796	0.6608052352306869	0.6548403566768204	0.7142857142857143	baseline
K03270	0.0	0.9055858092085024	1.1575131730388146	1.468767321730047	0.2458339142395642	0.27521212704836845	0.7541660857604358	0.7247878729516315	1.0	baseline
K03271	0.0	0.29409742396262706	0.15612879165577134	1.4289869693920936	0.571601787328666	0.5622355340002112	0.571601787328666	0.5622355340002112	0.5714285714285714	endpoint
K03272	0.0	0.4127619884268607	0.9140883728886519	1.4461871757567115	0.40436316012905665	0.3154967342098201	0.5956368398709433	0.68450326579018	0.5714285714285714	baseline
K03273	0.0	0.9597247800832606	1.2090516642292728	1.8766637377457442	0.19712400813975822	0.08549521096961504	0.8028759918602417	0.914504789030385	0.8571428571428571	baseline
K03274	0.0	1.129559026465266	1.3617413168065802	1.9618069896309533	0.17615763648289323	0.0779933200667428	0.8238423635171068	0.9220066799332572	0.8571428571428571	baseline
K03275	0.14285714285714285	1.3044716333714048	1.3391878652485347	2.1231671389560547	0.13758835838362088	0.0898607298263622	0.8624116416163792	0.9101392701736378	1.0	baseline
K03276	0.0	0.8941385241503481	0.9761657718115975	1.551402021166466	0.2118648787400972	0.1531811411786508	0.7881351212599028	0.8468188588213492	1.0	baseline
K03281	0.0	1.3394766318439293	1.3655614148237403	1.7107539859929821	0.12132169085214448	0.08936599880338257	0.8786783091478555	0.9106340011966174	1.0	baseline
K03282	0.0	0.620105905645864	0.851409671751681	1.7773336399429012	0.31911622643214466	0.17867911519979024	0.6808837735678553	0.8213208848002098	0.7142857142857143	baseline
K03284	0.0	0.32860826168345936	0.6610445448712695	1.3771985572181136	0.3963639321334311	0.3608894263261868	0.6036360678665689	0.6391105736738132	0.5714285714285714	baseline
K03286	0.0	0.06741356847933541	0.023643517350167616	1.1683396530253167	0.4798566796379108	0.5187220079359834	0.5201433203620892	0.5187220079359834	0.5714285714285714	baseline
K03288	0.0	1.001343458564758	1.0369045670914234	1.8388460597559493	0.1816939928620979	0.14110833179469776	0.8183060071379021	0.8588916682053023	0.8571428571428571	baseline
K03289	0.0	0.8745321864316475	0.9593582132737138	1.562850396039092	0.2616087450291245	0.24860736956303103	0.7383912549708755	0.7513926304369689	0.8571428571428571	baseline
K03290	0.0	0.7877759479593026	0.8175799265917637	1.578860087219682	0.2680621560484383	0.21280027545750502	0.7319378439515617	0.787199724542495	1.0	baseline
K03291	0.2857142857142857	0.9006864575719825	1.0902457453769387	2.086764936016437	0.27070770357013757	0.13595526290682075	0.7292922964298625	0.8640447370931792	0.8571428571428571	baseline
K03292	0.0	0.4655127143765142	0.3344881187021477	1.5163554413010987	0.653552636388105	0.6088238967678924	0.653552636388105	0.6088238967678924	0.7142857142857143	endpoint
K03293	0.0	0.6978312639606612	0.7840333117452621	1.4580134994483498	0.2923369226490745	0.24863228602186935	0.7076630773509255	0.7513677139781306	0.7142857142857143	baseline
K03294	0.0	0.5276468122201606	1.033840061079847	1.3063795570028947	0.3272443195716524	0.2226709873152398	0.6727556804283477	0.7773290126847602	0.8571428571428571	baseline
K03296	0.0	0.25377692896249954	0.5462736960657774	1.443532919268931	0.4303933567951997	0.34010484521624956	0.5696066432048004	0.6598951547837504	0.7142857142857143	baseline
K03297	0.0	0.28435162415248033	1.0032375203060435	1.3615690977351993	0.4399126305763827	0.2853049104469617	0.5600873694236173	0.7146950895530383	0.5714285714285714	baseline
K03299	0.0	0.0286641180664973	0.15781557676555333	1.4830337739041228	0.5348684994365142	0.5627732113104675	0.5348684994365142	0.5627732113104675	0.7142857142857143	baseline
K03300	0.0	0.35059618887121136	0.25858613484918386	1.7240761737447303	0.5935451269855313	0.5682365775461371	0.5935451269855313	0.5682365775461371	0.7142857142857143	endpoint
K03301	0.0	0.7996674204875979	0.8951825657173396	1.2930156376229676	0.23585718663920874	0.2271209662961024	0.7641428133607913	0.7728790337038975	0.8571428571428571	baseline
K03303	0.0	0.7327131516384625	1.142689361775554	1.3608707926515278	0.7306377291157152	0.8314403907778185	0.7306377291157152	0.8314403907778185	0.8571428571428571	endpoint
K03304	0.0	0.424289202887028	0.5891257294069512	1.3633060258296679	0.3541843343924672	0.3578536799662382	0.6458156656075328	0.6421463200337618	0.7142857142857143	baseline
K03305	0.0	0.4185156268925769	0.4334038862986561	1.284231307258657	0.6463235557399069	0.6506193632290143	0.6463235557399069	0.6506193632290143	0.5714285714285714	endpoint
K03306	0.0	0.41706812382875535	0.6046511450180354	1.3370423525133233	0.3831110613509429	0.2924660885435126	0.616888938649057	0.7075339114564874	0.7142857142857143	baseline
K03307	0.0	0.33960878582288234	0.37098892268036066	1.5367594818442933	0.38481931632698746	0.426464871177164	0.6151806836730125	0.5735351288228361	0.5714285714285714	baseline
K03308	0.0	0.2698321052928904	0.5495457411138096	1.5351292732500434	0.5571816002421974	0.6305276574412816	0.5571816002421974	0.6305276574412816	0.5714285714285714	endpoint
K03310	0.14285714285714285	0.654972686979891	1.2417884324681738	2.1220484350563185	0.6510740936025465	0.8228746509252871	0.6510740936025465	0.8228746509252871	0.7142857142857143	endpoint
K03311	0.0	0.5877400062484778	1.1409371191344655	1.322991615415283	0.32628294438723454	0.20390576627535767	0.6737170556127654	0.7960942337246424	0.7142857142857143	baseline
K03312	0.0	0.8436802186111658	1.2646634549711946	1.4781652195936341	0.7643680524332866	0.8088475386619107	0.7643680524332866	0.8088475386619107	0.7142857142857143	endpoint
K03313	0.0	0.8447481664402553	0.828564803488106	1.3968293802749427	0.23100161026507673	0.2326605096008171	0.7689983897349233	0.7673394903991829	1.0	baseline
K03314	0.0	0.7529418586133044	0.9525976956561433	1.9958807371132714	0.2813813911818524	0.20881939815058778	0.7186186088181477	0.7911806018494122	0.7142857142857143	baseline
K03315	0.0	0.04388846975340973	0.2816898837466456	1.4875274616006025	0.5315499948032013	0.37423424202125954	0.5315499948032013	0.6257657579787405	0.5714285714285714	endpoint
K03316	0.0	0.6930265454091337	0.9676537756543389	1.8135814636793657	0.3414787547428075	0.18984845646708937	0.6585212452571925	0.8101515435329106	0.7142857142857143	baseline
K03317	0.0	0.162659737179137	0.06445362011279207	1.3799623690442495	0.47634437506654986	0.5443940339454548	0.5236556249334501	0.5443940339454548	0.5714285714285714	baseline
K03319	0.0	0.5358702293936753	0.7037082746966682	1.6066973331323449	0.35976107865381574	0.2293773111215825	0.6402389213461843	0.7706226888784176	0.7142857142857143	baseline
K03320	0.0	0.5728092738739328	0.9806423059272692	1.5306961161415369	0.6712952889502057	0.6334046006152204	0.6712952889502057	0.6334046006152204	0.7142857142857143	endpoint
K03321	0.0	0.2884200498469481	0.32348129948590965	1.3697041955618772	0.40287698409785794	0.40935567853943594	0.5971230159021421	0.5906443214605641	0.5714285714285714	baseline
K03322	0.0	0.025516318524760457	0.3159176446778855	1.6450147396352863	0.5346564376399786	0.5870498274478613	0.5346564376399786	0.5870498274478613	0.5714285714285714	endpoint
K03324	0.0	1.118038587973333	1.2566873274283894	1.5025650982118084	0.8388160620197087	0.844645722426807	0.8388160620197087	0.844645722426807	1.0	endpoint
K03325	0.0	0.2336618977792572	0.17452368660152054	1.4592010043355594	0.6100430019550209	0.5557408816518062	0.6100430019550209	0.5557408816518062	0.5714285714285714	endpoint
K03326	0.0	0.34627161003072354	0.0032482312135115946	1.46228124573237	0.3895660093485583	0.5073233367142015	0.6104339906514418	0.5073233367142015	0.5714285714285714	baseline
K03327	0.0	0.05600299839952329	0.10901206345456142	1.2927003980221827	0.4924894881951718	0.48871655165661204	0.5075105118048282	0.5112834483433879	0.5714285714285714	baseline
K03328	0.0	0.2038699809558886	0.4174304662438101	0.8584581123128281	0.5657261948129254	0.6080413209678779	0.5657261948129254	0.6080413209678779	0.7142857142857143	endpoint
K03329	0.0	0.5923893796919548	0.8749475243577097	1.5608027413711563	0.3278285544536105	0.21602476670212037	0.6721714455463895	0.7839752332978797	0.7142857142857143	baseline
K03332	0.0	0.2827717332415905	0.07021451176732495	1.8595800814404844	0.5533823807673298	0.5269894018866907	0.5533823807673298	0.5269894018866907	0.5714285714285714	endpoint
K03335	0.0	0.06458169228497072	0.14962686843148781	1.3722866838889825	0.456526802521425	0.5481743845554641	0.5434731974785749	0.5481743845554641	0.5714285714285714	baseline
K03336	0.0	0.19506764185541153	0.7513248235476276	1.5073261819987176	0.44726559101236585	0.345903166390936	0.5527344089876342	0.654096833609064	0.5714285714285714	baseline
K03337	0.0	0.4020974391143186	0.2714001569029925	1.6283561596634906	0.6281421955394819	0.6221939999407538	0.6281421955394819	0.6221939999407538	0.7142857142857143	endpoint
K03338	0.0	0.13281075234621112	0.5069166563381587	1.755285021530208	0.48177649929971933	0.6422247752476282	0.5182235007002807	0.6422247752476282	0.5714285714285714	endpoint
K03340	0.0	0.8282923717786883	0.932882224947238	1.994796622170049	0.7300531907155613	0.7312837521927558	0.7300531907155613	0.7312837521927558	0.8571428571428571	endpoint
K03342	0.0	0.47715155536642867	0.9160709311966632	1.466344790389039	0.644953890981646	0.7140297802232154	0.644953890981646	0.7140297802232154	0.7142857142857143	endpoint
K03346	0.0	0.08739829903751735	0.15629087742115352	1.3582139388819519	0.5066263718934183	0.4626490683820931	0.5066263718934183	0.5373509316179069	0.5714285714285714	baseline
K03366	0.0	0.013039551575207642	0.05336274336352286	1.6485117434049072	0.5252310265981607	0.5361730446776706	0.5252310265981607	0.5361730446776706	0.5714285714285714	endpoint
K03367	0.0	0.32316824806918293	0.47246652620037644	1.2743263498158102	0.6166252604734525	0.6081163025437327	0.6166252604734525	0.6081163025437327	0.7142857142857143	endpoint
K03381	0.0	0.8798718157547569	1.0524732747945342	1.348368874849772	0.21371821672772726	0.1515091144018538	0.7862817832722727	0.8484908855981462	1.0	baseline
K03382	0.0	0.10531389731808541	0.5572078132084461	1.570628359341328	0.41092977379829837	0.3299860877346972	0.5890702262017016	0.6700139122653028	0.5714285714285714	baseline
K03385	0.0	0.4636101205430769	0.8186792119043117	1.5452634263749199	0.37153807770804786	0.2819773025185641	0.6284619222919521	0.7180226974814359	0.7142857142857143	baseline
K03386	0.0	0.49424949737594576	1.2209750932308114	1.4570619180732405	0.39290806902176406	0.2679426070824723	0.6070919309782359	0.7320573929175277	0.5714285714285714	baseline
K03387	0.0	0.06847772979855661	0.3371743793859157	1.4355720247874597	0.5670864297824408	0.6005734489672508	0.5670864297824408	0.6005734489672508	0.7142857142857143	endpoint
K03388	0.0	1.036370068555158	1.0767352504817809	1.473424940827246	0.8299550974289495	0.9160202014960726	0.8299550974289495	0.9160202014960726	1.0	endpoint
K03389	0.0	1.0401115732425172	1.2494601789505373	1.5398457732263842	0.8323261334286701	0.9320743193274256	0.8323261334286701	0.9320743193274256	1.0	endpoint
K03390	0.14285714285714285	1.0445441286147203	1.2760839480414954	2.0124907104043666	0.7687140960323209	0.812017546561523	0.7687140960323209	0.812017546561523	0.8571428571428571	endpoint
K03394	0.0	0.13992445788696972	0.36986464620149456	1.374962315292045	0.5413381863128299	0.5996615526697078	0.5413381863128299	0.5996615526697078	0.5714285714285714	endpoint
K03399	0.0	0.19553889770903643	0.017263675323941286	1.2933417965500336	0.49210460329113487	0.5019233812972866	0.5078953967088651	0.5019233812972866	0.5714285714285714	baseline
K03402	0.0	0.26543438157392524	0.7120402650715253	1.3188071521266977	0.6053858937042508	0.5888174542038396	0.6053858937042508	0.5888174542038396	0.5714285714285714	endpoint
K03404	0.0	0.5431704028125596	0.7042850196155347	1.5031482090206614	0.3707094774755405	0.34854693925613284	0.6292905225244595	0.6514530607438671	0.7142857142857143	baseline
K03405	0.0	0.4011114080055332	0.49010691554274244	1.079988536477592	0.6204076644834632	0.6686939431328454	0.6204076644834632	0.6686939431328454	0.8571428571428571	endpoint
K03406	0.0	0.5890727909753012	1.0659568131796078	1.4939397244998742	0.6532439183029621	0.7281346904584688	0.6532439183029621	0.7281346904584688	0.7142857142857143	endpoint
K03407	0.0	0.27821213135856526	0.21075676742974458	1.5682898899953317	0.5702474600635391	0.5796486727032762	0.5702474600635391	0.5796486727032762	0.5714285714285714	endpoint
K03408	0.0	0.0667921570571824	0.10969021715158576	1.2750189947313313	0.5101488289293411	0.5691774064998553	0.5101488289293411	0.5691774064998553	0.5714285714285714	endpoint
K03409	0.0	1.0443732071951313	1.3146233869554322	1.8178403762497413	0.7794391656147527	0.8689760148147193	0.7794391656147527	0.8689760148147193	0.8571428571428571	endpoint
K03410	0.0	0.41201752190535296	0.7152263246159255	1.251621271462837	0.647405379689898	0.6672109349297385	0.647405379689898	0.6672109349297385	0.7142857142857143	endpoint
K03411	0.0	1.1321536224211928	1.0596370556658359	1.642227353222314	0.8263405693611806	0.8167559208849572	0.8263405693611806	0.8167559208849572	1.0	endpoint
K03412	0.0	0.5950969105449807	0.9061707873897618	1.3070499774152942	0.660495302312731	0.6787778529576876	0.660495302312731	0.6787778529576876	0.8571428571428571	endpoint
K03413	0.0	0.8792701779925037	1.038752221768461	1.943670806473942	0.7408575357631879	0.793954339679679	0.7408575357631879	0.793954339679679	0.8571428571428571	endpoint
K03415	0.0	1.1653105654821374	1.373683691065578	1.6023404950625326	0.854103050264451	0.9493001840047626	0.854103050264451	0.9493001840047626	1.0	endpoint
K03417	0.14285714285714285	1.0767537410312171	1.1685115007554694	2.3389837221430985	0.21197913030708546	0.23031790715022446	0.7880208696929145	0.7696820928497755	1.0	baseline
K03424	0.0	0.29519639972361306	0.3865865889869594	1.2135447273937947	0.42146855636546376	0.40107806545922936	0.5785314436345362	0.5989219345407706	0.7142857142857143	baseline
K03426	0.0	0.33140597567946706	0.16580863031599002	1.427119090084131	0.4192483949675987	0.4744319016914571	0.5807516050324013	0.5255680983085429	0.5714285714285714	baseline
K03427	0.0	0.2973735878779452	0.3400728235056948	1.4770257633665493	0.4079627527077377	0.40406698707762634	0.5920372472922624	0.5959330129223737	0.7142857142857143	baseline
K03429	0.0	0.07078093506743482	0.1490461680466557	1.5569738045776609	0.46388701593532283	0.4953620949190882	0.5361129840646772	0.5046379050809118	0.5714285714285714	baseline
K03430	0.0	0.07671910887248479	0.16983749613148355	1.4789663129182342	0.4906525095768597	0.47349003379916177	0.5093474904231403	0.5265099662008382	0.5714285714285714	baseline
K03431	0.0	0.6959555399210203	1.1394215435417525	1.502694989764612	0.7125405662448391	0.8373786105133442	0.7125405662448391	0.8373786105133442	0.7142857142857143	endpoint
K03435	0.0	0.2114285093685257	0.0010827594361017539	1.81025859022412	0.42259593206665386	0.5302239835535117	0.5774040679333461	0.5302239835535117	0.5714285714285714	baseline
K03436	0.0	0.07496546158521512	0.2533312574207661	0.9179679060731406	0.4778098138891031	0.41266592179906614	0.5221901861108968	0.5873340782009339	0.7142857142857143	baseline
K03437	0.0	0.9324289743515296	1.237266845439081	1.439679876437688	0.21713850791362735	0.17662639498378305	0.7828614920863727	0.8233736050162169	1.0	baseline
K03438	0.0	0.7893123731154613	1.1628740425299378	1.6474835060298638	0.7298553650629632	0.7440982726639876	0.7298553650629632	0.7440982726639876	0.8571428571428571	endpoint
K03439	0.0	0.39471644965016467	0.794069000447923	1.2368797164540941	0.3750180775154921	0.2900211493550127	0.6249819224845079	0.7099788506449873	0.7142857142857143	baseline
K03442	0.0	0.399690174074138	0.4395319101742844	1.2336935417324766	0.6191793677224938	0.6159483594498428	0.6191793677224938	0.6159483594498428	0.7142857142857143	endpoint
K03444	0.0	0.7163570252287227	1.172824576318685	1.6599825653887441	0.25637692327982337	0.11031182787792414	0.7436230767201766	0.8896881721220758	0.7142857142857143	baseline
K03445	0.0	0.41794688665530055	0.8753819373878073	1.4709322115633157	0.3752377349350647	0.325310051459482	0.6247622650649354	0.674689948540518	0.5714285714285714	baseline
K03446	0.0	0.7676480253252972	0.8461981739129378	1.7805329517162478	0.283912835331699	0.18821804795336503	0.716087164668301	0.811781952046635	0.8571428571428571	baseline
K03449	0.0	0.5893498877113823	1.186710059771886	1.3786404719550596	0.3120307143956164	0.20399354473526915	0.6879692856043835	0.7960064552647308	0.5714285714285714	baseline
K03451	0.0	0.44367888961963065	0.758804179160423	1.7573066102354071	0.5792970575909486	0.690587802119265	0.5792970575909486	0.690587802119265	0.7142857142857143	endpoint
K03453	0.0	0.41190042476739597	0.823625591847811	1.439455395546694	0.35658949764462056	0.24304547447867791	0.6434105023553794	0.7569545255213221	0.7142857142857143	baseline
K03455	0.0	0.3812633088997763	0.3233691936537948	1.4575473564838706	0.6014637021644552	0.587869240520563	0.6014637021644552	0.587869240520563	0.5714285714285714	endpoint
K03457	0.0	0.07592430460784128	0.22940209454037938	1.2333283029017794	0.5230661519039767	0.5185418145611991	0.5230661519039767	0.5185418145611991	0.7142857142857143	endpoint
K03458	0.0	0.07296778461008992	0.3260549132347413	1.305028918870773	0.4492670053951657	0.5894197171901703	0.5507329946048343	0.5894197171901703	0.5714285714285714	baseline
K03462	0.0	0.09791501630794044	0.1463538023565065	1.4182361984589211	0.5172556911522993	0.5474092074593367	0.5172556911522993	0.5474092074593367	0.5714285714285714	endpoint
K03465	0.0	0.7561671496405952	0.9122177955421413	1.3135307282080382	0.7105809325511221	0.7366276888830929	0.7105809325511221	0.7366276888830929	0.8571428571428571	endpoint
K03466	0.0	0.7384860044865376	1.20705253715261	1.7411306823312551	0.2856924447501789	0.24260183465159746	0.714307555249821	0.7573981653484025	0.7142857142857143	baseline
K03468	0.14285714285714285	0.9589599433113374	1.0923996596262087	2.0838114108321646	0.24757141691534398	0.1326021182601865	0.752428583084656	0.8673978817398135	0.8571428571428571	baseline
K03469	0.0	0.4661507747614487	0.6845723755613349	1.086390028686002	0.34807660874894664	0.32286085953907484	0.6519233912510534	0.6771391404609252	0.8571428571428571	baseline
K03470	0.0	0.15457433561751752	0.26284653152806303	1.4604305522023464	0.507856023633573	0.5800859356006984	0.507856023633573	0.5800859356006984	0.7142857142857143	endpoint
K03471	0.0	0.6132531459256342	0.570049412534269	1.0775048377148662	0.701196426182854	0.6437152959618653	0.701196426182854	0.6437152959618653	0.8571428571428571	endpoint
K03472	0.0	0.5445286670866211	0.8849268602532595	1.957202604325749	0.3877026319122728	0.1888952278556156	0.6122973680877273	0.8111047721443844	0.7142857142857143	baseline
K03473	0.0	0.057265771353198644	0.6075704477633875	1.4579207872082245	0.45117580286577325	0.6171729008351513	0.5488241971342267	0.6171729008351513	0.5714285714285714	baseline
K03474	0.0	0.9190757815292635	1.3062465872271523	1.582547642841991	0.21764593264100301	0.07142681383695579	0.782354067358997	0.9285731861630442	0.8571428571428571	baseline
K03475	0.0	0.6373348992750677	0.703983652955809	1.3518878893574247	0.30080301153321315	0.29194264486546634	0.6991969884667868	0.7080573551345337	0.7142857142857143	baseline
K03476	0.0	0.5075600891150368	0.5672222173728645	1.0737319411162025	0.6650175374715859	0.6658448961555816	0.6650175374715859	0.6658448961555816	0.7142857142857143	endpoint
K03477	0.0	0.6506464586443003	1.0414063298662302	1.4123481217841585	0.31336427705514663	0.23617524888924069	0.6866357229448534	0.7638247511107593	0.7142857142857143	baseline
K03478	0.0	0.9116076493341057	0.9248726978012184	1.8216234450629103	0.270620601147609	0.1807471268365533	0.729379398852391	0.8192528731634467	0.8571428571428571	baseline
K03480	0.0	0.2739274126989418	0.3631534363220601	1.5175794013781583	0.4173668708186161	0.3836384351034804	0.5826331291813839	0.6163615648965196	0.7142857142857143	baseline
K03481	0.0	0.19401615877010653	0.541159415662696	1.5746006706652536	0.5773012308776139	0.5604517372970774	0.5773012308776139	0.5604517372970774	0.5714285714285714	endpoint
K03482	0.0	0.4416377783548807	0.5221887004897031	1.6514038949094745	0.4084814483430317	0.38393908687155054	0.5915185516569683	0.6160609131284495	0.7142857142857143	baseline
K03483	0.0	0.13525893266382313	0.24449557441754974	1.025866613495295	0.5329115987218873	0.5456649629865346	0.5329115987218873	0.5456649629865346	0.5714285714285714	endpoint
K03484	0.0	0.04766123085150796	0.21426679680666452	1.4024867697066392	0.5230331712927376	0.5632859012663752	0.5230331712927376	0.5632859012663752	0.5714285714285714	endpoint
K03485	0.0	1.1202489845910923	1.1942310139284777	1.4507196868763517	0.17104953438195528	0.14103813238135057	0.8289504656180448	0.8589618676186495	1.0	baseline
K03486	0.0	0.17376832659774658	0.25434890334756083	1.4417608831204174	0.5530736585001939	0.573946814495094	0.5530736585001939	0.573946814495094	0.7142857142857143	endpoint
K03487	0.0	0.9935843195285512	0.9706318773877061	1.9274774991331411	0.2419830838117774	0.17796265722300422	0.7580169161882226	0.8220373427769958	0.8571428571428571	baseline
K03488	0.0	0.7683207477781798	0.9099656380796103	1.586027055326627	0.2971179978994802	0.2997923077197394	0.7028820021005198	0.7002076922802606	0.7142857142857143	baseline
K03489	0.0	0.3837601302197919	0.5841810839855147	1.1600114966102932	0.3740115116997839	0.320311786844809	0.625988488300216	0.679688213155191	0.8571428571428571	baseline
K03490	0.0	0.586532201871754	0.9140200828530187	1.2377155036260161	0.31388401020458667	0.22111634514626977	0.6861159897954133	0.7788836548537302	0.8571428571428571	baseline
K03491	0.0	0.3145322294873917	0.2683712192260331	1.554165537004051	0.40658428129991897	0.41927108390931983	0.593415718700081	0.5807289160906801	0.5714285714285714	baseline
K03492	0.0	0.5608139398135535	0.8810166447168768	1.2898254398063018	0.3270675733598284	0.3090126207585616	0.6729324266401716	0.6909873792414384	0.8571428571428571	baseline
K03495	0.0	0.2398606815906371	0.2377072679142113	1.6076728309834367	0.5411407344123595	0.6095274162990666	0.5411407344123595	0.6095274162990666	0.5714285714285714	endpoint
K03496	0.0	0.47893692495059254	0.3054777739504605	1.304937846548413	0.6359997626476978	0.6350052191503877	0.6359997626476978	0.6350052191503877	0.7142857142857143	endpoint
K03497	0.0	0.8621956452854326	1.042978374986666	1.6622694626863714	0.7412256989485645	0.7126186055259289	0.7412256989485645	0.7126186055259289	0.8571428571428571	endpoint
K03498	0.0	0.8185509151283116	1.1825387704454777	1.8358139055474751	0.7492760454944166	0.876827668113806	0.7492760454944166	0.876827668113806	0.8571428571428571	endpoint
K03499	0.0	0.8024246018544482	0.8249910754900127	1.4501320924468881	0.7526808682303484	0.7907650310047969	0.7526808682303484	0.7907650310047969	0.8571428571428571	endpoint
K03500	0.0	0.13485070344878847	0.2516792953079175	1.3020061763692992	0.5741581502528154	0.5123988912787757	0.5741581502528154	0.5123988912787757	0.5714285714285714	endpoint
K03501	0.0	0.20009239944602905	0.15700120266831658	1.7696713140960716	0.4761030457502061	0.41835046752089644	0.5238969542497939	0.5816495324791036	0.5714285714285714	baseline
K03502	0.0	0.15560707807893356	0.1871302594058565	1.2284638494545963	0.5836278080102876	0.4193678618494175	0.5836278080102876	0.5806321381505826	0.5714285714285714	endpoint
K03503	0.0	0.7565091180904445	0.8891010388007147	1.921040796226268	0.2991512030423282	0.18591246093252267	0.7008487969576718	0.8140875390674773	0.8571428571428571	baseline
K03517	0.0	0.4367188459250436	0.4052962780689495	1.274970136673232	0.6593334035099062	0.6752002170749987	0.6593334035099062	0.6752002170749987	0.7142857142857143	endpoint
K03518	0.0	0.11757757088215083	0.3381820717464021	1.2719136009931378	0.4675661229616748	0.4085424090294836	0.5324338770383252	0.5914575909705164	0.7142857142857143	baseline
K03521	0.0	0.5800841879458082	0.8116779326731846	1.4763736602860296	0.6294612409367055	0.7029486235165165	0.6294612409367055	0.7029486235165165	0.7142857142857143	endpoint
K03522	0.0	0.6787637496074425	1.0480827684897507	1.5116708289821512	0.71874322827148	0.7965261846365684	0.71874322827148	0.7965261846365684	0.7142857142857143	endpoint
K03523	0.0	0.4079034378063593	0.6512296672889172	1.4619721583915903	0.6470520040622219	0.7200532106990504	0.6470520040622219	0.7200532106990504	0.5714285714285714	endpoint
K03524	0.0	0.05008341800454349	0.21191627512816238	1.5151756925140352	0.5038927494798665	0.562736396517269	0.5038927494798665	0.562736396517269	0.5714285714285714	endpoint
K03525	0.0	0.09573499189732258	0.7450897580100025	1.5636060632084883	0.4979137109913386	0.3264172561657703	0.5020862890086615	0.6735827438342297	0.5714285714285714	baseline
K03526	0.0	0.02801491335520825	1.2417491487897398e-05	1.5218572996064792	0.5037705749866417	0.5298311846522316	0.5037705749866417	0.5298311846522316	0.5714285714285714	baseline
K03527	0.0	0.7007338256018469	0.672122796448375	1.3866708445470721	0.310697324618779	0.31482387352288127	0.689302675381221	0.6851761264771188	0.8571428571428571	baseline
K03528	0.14285714285714285	0.9331737679350847	1.3535844325620918	2.0182577920846785	0.25469001468060376	0.1463052156743563	0.7453099853193963	0.8536947843256437	0.7142857142857143	baseline
K03529	0.0	0.14662931184471087	0.3825182565203202	1.4971700088272477	0.5525092402139999	0.6026197125654994	0.5525092402139999	0.6026197125654994	0.5714285714285714	endpoint
K03530	0.0	0.11636158000098314	0.560116038099573	1.5588138348323193	0.518498209855396	0.6631823657684484	0.518498209855396	0.6631823657684484	0.5714285714285714	endpoint
K03531	0.0	1.0763248569261914	1.2168441082695332	1.5496847181644482	0.812845567859978	0.9347862977008188	0.812845567859978	0.9347862977008188	0.8571428571428571	endpoint
K03532	0.0	0.44543726546734647	0.6164133458962419	1.3767419375073744	0.3812156512628332	0.36829807369489304	0.6187843487371668	0.6317019263051069	0.7142857142857143	baseline
K03534	0.0	0.17715448377074333	0.43299905712439857	1.3402874619819316	0.537204750207027	0.5941014581231512	0.537204750207027	0.5941014581231512	0.5714285714285714	endpoint
K03535	0.0	1.1571201035461716	1.3698029746698634	1.9219189014582667	0.173332306380856	0.15158800268699316	0.8266676936191439	0.8484119973130069	0.8571428571428571	baseline
K03536	0.0	0.03338530693213052	0.3034032033788543	1.253408564754902	0.5156979620662445	0.4157557449422661	0.5156979620662445	0.5842442550577339	0.5714285714285714	baseline
K03543	0.0	0.6338258848773408	0.42515032450026136	1.3646980763012766	0.3066928798807799	0.37694779943907636	0.69330712011922	0.6230522005609236	0.8571428571428571	baseline
K03544	0.0	0.8547711230876015	1.2657396847556344	1.6159740451528077	0.7259533364164846	0.8670780984487501	0.7259533364164846	0.8670780984487501	0.7142857142857143	endpoint
K03545	0.0	1.0359891688983693	1.2029932363139615	1.5812383199627038	0.8075496852781517	0.8539478259445624	0.8075496852781517	0.8539478259445624	0.8571428571428571	endpoint
K03546	0.0	0.3517416834333818	0.13583552331805404	1.7154186685047144	0.42540495995720967	0.4349786646339429	0.5745950400427904	0.5650213353660571	0.7142857142857143	baseline
K03547	0.0	0.5576534663969549	0.6963198799087157	1.1402839017739497	0.32005749709074244	0.2800918052876182	0.6799425029092576	0.7199081947123818	0.8571428571428571	baseline
K03548	0.0	0.3418560836300174	0.7655182574501481	1.4946689909499298	0.39375373770732175	0.23237246135488215	0.6062462622926783	0.7676275386451179	0.5714285714285714	baseline
K03549	0.0	0.40403616932886804	0.5365311566651075	1.3169017899118698	0.38842588352413765	0.32766038349213134	0.6115741164758624	0.6723396165078687	0.8571428571428571	baseline
K03550	0.0	0.1978960281525355	0.0830068331474571	1.484261467508834	0.48280192617263407	0.45684198127259884	0.5171980738273659	0.5431580187274012	0.7142857142857143	baseline
K03551	0.0	0.025108062335785615	0.04598002375843486	1.5295994925648557	0.46354554275603954	0.5024454226831524	0.5364544572439605	0.5024454226831524	0.5714285714285714	baseline
K03553	0.0	0.8018443372048764	1.156598737479443	1.4072945982067901	0.7464217897271885	0.7594873760478468	0.7464217897271885	0.7594873760478468	0.8571428571428571	endpoint
K03554	0.0	0.6649336161629736	0.9968614300821104	1.530369792789533	0.26837393138578763	0.15162734053768626	0.7316260686142124	0.8483726594623138	0.7142857142857143	baseline
K03555	0.0	1.0451911432956449	1.1648545742428096	1.435445132735658	0.8042931649835283	0.8287128280030964	0.8042931649835283	0.8287128280030964	1.0	endpoint
K03556	0.0	0.8270324227359162	0.9833597835715855	1.3703343401707144	0.2642096040273547	0.19283798828944476	0.7357903959726453	0.8071620117105552	1.0	baseline
K03557	0.0	0.4715128805637493	0.5212994398568768	1.3340674572650146	0.37397800802535697	0.38865013653603786	0.626021991974643	0.6113498634639621	0.8571428571428571	baseline
K03558	0.0	0.09477129042495831	0.23375712661432727	1.4988579556654218	0.5446345966567161	0.4318178772674627	0.5446345966567161	0.5681821227325373	0.5714285714285714	endpoint
K03559	0.0	0.6148567403265875	1.130995728420826	1.5118335504876848	0.32908533280678576	0.2828789162035952	0.6709146671932142	0.7171210837964048	0.8571428571428571	baseline
K03560	0.0	0.9164530231522585	1.2214246575371868	1.739856419138113	0.22548646138138842	0.18180983767144074	0.7745135386186116	0.8181901623285592	0.8571428571428571	baseline
K03561	0.0	0.24030821045396467	0.09767403800403814	1.460893003799284	0.4402659225007987	0.4544072685343687	0.5597340774992012	0.5455927314656313	0.5714285714285714	baseline
K03562	0.0	0.9125846171595297	1.2479184454995735	1.4138784393867443	0.20723694697534653	0.11468336059733684	0.7927630530246534	0.8853166394026631	0.8571428571428571	baseline
K03563	0.0	0.3664899917722861	0.6933466510751957	1.580846855898928	0.38371875691566293	0.3295081317868397	0.6162812430843371	0.6704918682131603	0.5714285714285714	baseline
K03564	0.0	0.0010350038252900293	0.32127966335462455	1.2814120937790947	0.5124251092341602	0.5239523470548291	0.5124251092341602	0.5239523470548291	0.5714285714285714	endpoint
K03565	0.0	0.41155847004480073	0.5909481857711808	1.5754853596107783	0.6841784179191153	0.6705229282033796	0.6841784179191153	0.6705229282033796	0.7142857142857143	endpoint
K03566	0.0	0.0671733298951376	0.020635452482548302	1.2614232265506051	0.500283976694655	0.5190458628667467	0.500283976694655	0.5190458628667467	0.5714285714285714	baseline
K03567	0.0	0.41904107409551783	0.3753118804766419	1.965550167119721	0.3743317407887254	0.40418579355800155	0.6256682592112746	0.5958142064419985	0.5714285714285714	baseline
K03568	0.0	0.3358933413187743	0.41885909955394707	1.5984632998585357	0.3938840556316305	0.41527378548194416	0.6061159443683695	0.5847262145180558	0.5714285714285714	baseline
K03569	0.0	1.037877255033234	1.1540417360626964	1.397021885999712	0.81919262367269	0.8536444344918426	0.81919262367269	0.8536444344918426	1.0	endpoint
K03570	0.0	0.10723404218067537	0.17143438870344607	1.7647104422933761	0.481491671709772	0.5913227257948884	0.5185083282902281	0.5913227257948884	0.5714285714285714	baseline
K03571	0.14285714285714285	0.42043462369050805	1.2184622634238775	2.1915796608207545	0.7102289876065446	0.9008634957856827	0.7102289876065446	0.9008634957856827	0.7142857142857143	endpoint
K03572	0.0	0.3301443769564862	0.6480000851863916	1.391900211406298	0.555161571063098	0.6644694725577691	0.555161571063098	0.6644694725577691	0.7142857142857143	endpoint
K03573	0.0	0.7376492326370515	0.8039611369122337	1.4815136211763666	0.2967881292301192	0.28986542072615784	0.7032118707698808	0.7101345792738422	0.8571428571428571	baseline
K03574	0.0	0.25028741676965327	0.8712293276535434	1.5340187625431516	0.6126382556202709	0.7839655184687514	0.6126382556202709	0.7839655184687514	0.5714285714285714	endpoint
K03575	0.0	0.7057985832456497	0.4693710099550296	1.814676341434429	0.3068442275089377	0.34370675156375613	0.6931557724910623	0.6562932484362438	0.8571428571428571	baseline
K03576	0.0	0.7663864049164973	0.871097184710364	1.4880251756368355	0.27906474355365807	0.21778617621940496	0.7209352564463419	0.782213823780595	0.8571428571428571	baseline
K03577	0.0	0.7653462460888758	1.1077869947154337	1.47244287726059	0.2830010277671389	0.22333475766288594	0.7169989722328611	0.7766652423371141	0.8571428571428571	baseline
K03578	0.0	0.8154871799857861	0.6835530184495557	1.3719242085025054	0.2562650654850954	0.28060080265437687	0.7437349345149046	0.7193991973456231	1.0	baseline
K03579	0.0	0.7060306306196482	1.0444481297024437	1.5927438831728116	0.32935090876986056	0.21747324515567604	0.6706490912301395	0.782526754844324	0.7142857142857143	baseline
K03580	0.0	0.3058113240667542	0.5806277257988133	0.7616887768110526	0.40115013696367174	0.33949285165462906	0.5988498630363283	0.6605071483453709	0.7142857142857143	baseline
K03581	0.0	0.011548025171462695	0.41193170929824424	1.5121726902132924	0.526263186834677	0.4022414221534039	0.526263186834677	0.5977585778465961	0.5714285714285714	endpoint
K03582	0.0	0.3455527714365135	0.657178474851566	1.5455826430817945	0.42115141369969794	0.361531182544628	0.5788485863003021	0.638468817455372	0.5714285714285714	baseline
K03583	0.0	0.7173182020104915	0.9817779876579799	1.4208692669333907	0.3048716888189416	0.22211823466176664	0.6951283111810584	0.7778817653382334	0.8571428571428571	baseline
K03584	0.0	0.2309048524139148	0.15589816849341767	1.3508872038599324	0.563401744713787	0.5506069976205009	0.563401744713787	0.5506069976205009	0.5714285714285714	endpoint
K03585	0.0	0.9048764932391713	1.1567848808011896	1.850802729844681	0.2507567102574975	0.16339307738355804	0.7492432897425025	0.836606922616442	0.8571428571428571	baseline
K03587	0.0	0.7096357547813196	1.1775582109918188	1.5000052979696097	0.2913942447598989	0.1180345758673308	0.708605755240101	0.8819654241326692	0.8571428571428571	baseline
K03588	0.0	0.7514910381338231	0.878445221744744	1.1985241572723921	0.289198077186699	0.32480155529285837	0.710801922813301	0.6751984447071416	1.0	baseline
K03589	0.0	0.6531856509268118	1.0343259754789285	1.4654518991188272	0.3375027317782268	0.21086327144413677	0.6624972682217731	0.7891367285558633	0.7142857142857143	baseline
K03590	0.0	0.014290645936910065	0.42223031403672884	1.7250999722260363	0.4831723311387485	0.5407098572656488	0.5168276688612514	0.5407098572656488	0.5714285714285714	endpoint
K03591	0.0	1.2374781591176256	1.3447214641222678	1.435406470964436	0.1319888683478488	0.09771615187730615	0.8680111316521513	0.9022838481226938	1.0	baseline
K03592	0.0	0.786225712892746	0.848438162079605	1.5846912423324266	0.28183974798877537	0.19022665649416995	0.7181602520112247	0.8097733435058301	0.8571428571428571	baseline
K03593	0.0	0.678587677237258	0.9062739384958037	1.8175309421271466	0.291612356152153	0.17377551454677015	0.708387643847847	0.8262244854532299	0.8571428571428571	baseline
K03594	0.0	0.17523682017870262	0.46777151391843147	1.3463833460452403	0.5899262106628429	0.6615743411164351	0.5899262106628429	0.6615743411164351	0.5714285714285714	endpoint
K03595	0.0	0.43559187424663076	0.8569246643912344	1.5246907216805063	0.6058968446534381	0.7135264004364241	0.6058968446534381	0.7135264004364241	0.5714285714285714	endpoint
K03596	0.14285714285714285	0.7613528910084456	1.1897067024565566	2.4964426728619578	0.7040647769038474	0.8850229899454759	0.7040647769038474	0.8850229899454759	0.7142857142857143	endpoint
K03597	0.0	0.511729220005887	0.5770227911665009	1.4806713102516234	0.3852641521361552	0.33354107686782986	0.6147358478638447	0.6664589231321701	0.7142857142857143	baseline
K03598	0.0	0.5409116324151357	0.38853901784987555	1.7798522205375567	0.4025137493820624	0.3375584999981711	0.5974862506179376	0.6624415000018289	0.7142857142857143	baseline
K03599	0.0	1.2739393975494668	1.3658284831854879	1.8511330676250972	0.1317531762321669	0.08043690451439081	0.8682468237678331	0.9195630954856092	1.0	baseline
K03600	0.0	0.12768501209468852	0.18637644237510972	1.334124566738732	0.46370279562524297	0.45194844007981266	0.536297204374757	0.5480515599201874	0.7142857142857143	baseline
K03601	0.0	0.03303844709633731	0.37743889496182426	1.5737062936490696	0.4684106932054897	0.4079671275801341	0.5315893067945103	0.5920328724198659	0.5714285714285714	baseline
K03602	0.0	0.14424334025615546	0.10838258967762568	1.3313582859291822	0.4589338761211776	0.47776141253230275	0.5410661238788224	0.5222385874676972	0.7142857142857143	baseline
K03603	0.14285714285714285	0.7629324608102476	1.2288254739252085	2.1439385836981177	0.30756414304121354	0.11473339038882009	0.6924358569587865	0.8852666096111799	0.7142857142857143	baseline
K03604	0.0	0.045793254988655434	0.3408895512381161	1.6395029242108168	0.5187464742716326	0.4075713376502458	0.5187464742716326	0.5924286623497542	0.5714285714285714	endpoint
K03605	0.0	0.28672719286636944	0.16235549830367688	1.0539084770854703	0.4141431072963697	0.4591268824679985	0.5858568927036303	0.5408731175320015	0.8571428571428571	baseline
K03606	0.0	0.1533928776465768	0.01176573800966648	1.6460186718539418	0.5028932769960943	0.5245864280798727	0.5028932769960943	0.5245864280798727	0.5714285714285714	endpoint
K03607	0.0	0.8990575691751859	1.096911008777969	1.4753687230532802	0.22344814149832076	0.1928054388745731	0.7765518585016793	0.8071945611254269	1.0	baseline
K03608	0.0	0.23249182100625654	0.3880392821888105	1.8606755130755768	0.4151726758015962	0.3887772644344184	0.5848273241984038	0.6112227355655816	0.5714285714285714	baseline
K03609	0.0	0.7656739267654773	1.0359350725270515	1.3586967310041438	0.7266400340887988	0.8308306295760295	0.7266400340887988	0.8308306295760295	0.8571428571428571	endpoint
K03610	0.0	0.006650168163874489	0.13518261206115093	1.0835380308925275	0.4920416059205514	0.5182631537048143	0.5079583940794485	0.5182631537048143	0.5714285714285714	endpoint
K03611	0.0	0.2749173737077616	0.5225505620843477	1.3542104237209631	0.44483759695165553	0.3459006331706304	0.5551624030483444	0.6540993668293695	0.7142857142857143	baseline
K03612	0.0	0.08603025798927348	0.2963694920701572	1.1261230831741122	0.4727916345849695	0.42353901363534063	0.5272083654150306	0.5764609863646594	0.7142857142857143	baseline
K03613	0.0	0.11358730781445035	0.17694466328791353	1.5122024870801047	0.4758445841113483	0.4588631605310386	0.5241554158886517	0.5411368394689614	0.7142857142857143	baseline
K03614	0.0	0.5510384832698663	0.6341660612140617	1.998710213392727	0.6249676129440733	0.7233826228398731	0.6249676129440733	0.7233826228398731	0.7142857142857143	endpoint
K03615	0.0	0.5955623782606112	1.0303241893440753	1.3234003353810202	0.6703834828301583	0.8181291788119285	0.6703834828301583	0.8181291788119285	0.8571428571428571	endpoint
K03616	0.0	0.0070057980447815514	0.03534526698708304	1.4212900412597331	0.4770759367391026	0.4764880807585935	0.5229240632608974	0.5235119192414065	0.5714285714285714	endpoint
K03617	0.0	0.5903716947706152	1.0042551232265766	1.669684743608857	0.6350357249966273	0.7477836126088917	0.6350357249966273	0.7477836126088917	0.5714285714285714	endpoint
K03618	0.0	0.8192035766937789	1.219317829120453	1.8572938044233085	0.28210927701545657	0.07899664801321798	0.7178907229845435	0.921003351986782	0.7142857142857143	baseline
K03620	0.0	0.6463294426450891	0.6114254751580032	1.3846739020587417	0.29957440786689327	0.3160765890422689	0.7004255921331067	0.6839234109577311	0.8571428571428571	baseline
K03621	0.0	0.31409412872513354	0.11551376704429803	1.0634386756619574	0.6203191105585751	0.4911011683903992	0.6203191105585751	0.5088988316096008	0.5714285714285714	endpoint
K03624	0.0	1.119463994010782	1.2742041889495619	1.73450916155117	0.8144029981635333	0.8336894442997759	0.8144029981635333	0.8336894442997759	1.0	endpoint
K03625	0.0	0.055994056640689537	0.15753498921441664	1.2859444245483969	0.4898568818318873	0.4444705272220601	0.5101431181681126	0.5555294727779398	0.5714285714285714	baseline
K03628	0.0	0.11295184789894375	0.4686312685231462	1.3981765391316112	0.48561671394510286	0.392829462584641	0.5143832860548971	0.607170537415359	0.5714285714285714	baseline
K03629	0.0	0.07734035712170535	0.1707360856981652	1.3976302191495154	0.504966755645973	0.44227918414872963	0.504966755645973	0.5577208158512703	0.5714285714285714	endpoint
K03630	0.0	0.008806268554217385	0.30013502715578955	1.3200018149321104	0.49669134274904014	0.41679750431687207	0.5033086572509599	0.5832024956831279	0.5714285714285714	baseline
K03631	0.0	1.1808847576321717	1.2213883993323487	1.4254686429658348	0.15347638480058387	0.1884214489520998	0.8465236151994161	0.8115785510479002	1.0	baseline
K03632	0.0	0.6087503267356713	0.7640264052830358	1.3703176608142096	0.32444860089864835	0.28335925018886593	0.6755513991013516	0.716640749811134	0.8571428571428571	baseline
K03633	0.0	0.703608736079114	1.2601094559490689	1.7171735172292668	0.324141773836354	0.18557513247420018	0.675858226163646	0.8144248675257998	0.7142857142857143	baseline
K03634	0.0	0.8384879818411984	0.7168236480988976	1.4366351175811356	0.22798889183539767	0.22487548660542012	0.7720111081646024	0.7751245133945799	0.8571428571428571	baseline
K03635	0.0	0.9164130318488624	1.2711982406635807	1.771893875629108	0.2597090299900334	0.23466853818581124	0.7402909700099666	0.7653314618141888	0.8571428571428571	baseline
K03637	0.0	0.7383047124858562	1.048955800379374	1.7678666600618163	0.7194120103545529	0.7967668246257995	0.7194120103545529	0.7967668246257995	0.7142857142857143	endpoint
K03638	0.0	0.7964226112276499	0.8128415617541955	1.9083118618579527	0.26611920827378593	0.191917538369596	0.733880791726214	0.808082461630404	0.7142857142857143	baseline
K03639	0.0	0.383492133301353	0.8061664110407384	1.274395015307579	0.5839604026684614	0.6432384436665192	0.5839604026684614	0.6432384436665192	0.5714285714285714	endpoint
K03640	0.0	0.5951024948568416	0.8351383742839692	1.4923792791840471	0.33335286473515274	0.3319903642170092	0.6666471352648473	0.6680096357829908	0.7142857142857143	baseline
K03641	0.0	0.8660373109563909	1.2577831750086477	1.420087825445781	0.23510154470466352	0.16094395401356257	0.7648984552953365	0.8390560459864375	0.7142857142857143	baseline
K03642	0.0	0.4931096286152581	0.7250095154683449	1.6698315290541903	0.34083899705030385	0.3405546990199232	0.6591610029496962	0.6594453009800768	0.8571428571428571	baseline
K03643	0.0	0.8829277594628037	0.9638329726804916	1.4388315900244257	0.2626989109110659	0.24650102764498263	0.7373010890889341	0.7534989723550174	1.0	baseline
K03644	0.0	0.27314490460807145	0.3229516225417817	1.380674156660074	0.4163236632672694	0.4186182238682146	0.5836763367327307	0.5813817761317854	0.5714285714285714	baseline
K03645	0.0	0.7830606864834335	1.2721896791703984	1.5123820590192179	0.30154053949296017	0.1596300852010141	0.6984594605070398	0.8403699147989859	0.8571428571428571	baseline
K03646	0.0	0.08671915009110487	0.2855608229496169	1.1842717845008044	0.5128157117289203	0.4232186164956774	0.5128157117289203	0.5767813835043226	0.5714285714285714	baseline
K03647	0.0	0.08673758864745897	0.218587735986897	1.3386106278167738	0.48363830215577025	0.4461264792842515	0.5163616978442298	0.5538735207157486	0.5714285714285714	baseline
K03648	0.0	0.5735330455160924	0.34572183319525707	1.2941798731639444	0.6902981459989743	0.6501346650900031	0.6902981459989743	0.6501346650900031	0.8571428571428571	endpoint
K03649	0.0	0.428745821868902	0.28694120710496107	1.732904148741741	0.41577198110378955	0.42100314831728214	0.5842280188962105	0.5789968516827179	0.7142857142857143	baseline
K03650	0.0	0.2212386896463397	0.6338478312839584	1.3050918650259486	0.5749578445315626	0.6715678285450036	0.5749578445315626	0.6715678285450036	0.7142857142857143	endpoint
K03651	0.0	0.24897633933420962	0.3951307177960402	1.3872621843826425	0.44981710747160353	0.3881170649283031	0.5501828925283965	0.6118829350716969	0.7142857142857143	baseline
K03654	0.0	0.7300224096365346	1.3309901381282454	1.9852479648750576	0.25653274879524435	0.09995039988735323	0.7434672512047557	0.9000496001126468	0.7142857142857143	baseline
K03655	0.0	0.004179533330454145	0.2069071632750936	1.3784281793385824	0.5295035740423536	0.4362748919749182	0.5295035740423536	0.5637251080250818	0.7142857142857143	endpoint
K03656	0.0	1.0728148610281194	1.2064127013318933	1.8959205531284693	0.2031081315306892	0.21580707534625815	0.7968918684693108	0.7841929246537418	1.0	baseline
K03657	0.0	0.29978148415039907	0.6545987804226271	1.3322075857271451	0.3855259893478605	0.3396757416324377	0.6144740106521396	0.6603242583675624	0.7142857142857143	baseline
K03658	0.0	0.1129942815083951	0.04402221261772241	1.4593523501864705	0.4528614917363147	0.5036133751886401	0.5471385082636853	0.5036133751886401	0.5714285714285714	baseline
K03660	0.0	0.8462188985113975	1.0138279061494748	1.2809986549718568	0.7421605361307269	0.8288257632818449	0.7421605361307269	0.8288257632818449	0.8571428571428571	endpoint
K03664	0.0	0.46366366370269674	1.2202381771910233	1.5048406998701331	0.6719626959044878	0.8341013092125862	0.6719626959044878	0.8341013092125862	0.7142857142857143	endpoint
K03665	0.0	0.7899583587773699	1.2264149950333272	1.8129425426375365	0.32169377700360297	0.19342493039160666	0.678306222996397	0.8065750696083933	0.7142857142857143	baseline
K03666	0.0	0.45947934428885656	0.6949947851006647	1.2690490537179528	0.38094387328436763	0.263606456952586	0.6190561267156324	0.736393543047414	0.7142857142857143	baseline
K03667	0.0	0.22508057381430766	0.2436192818037101	1.2246942091729265	0.5779826642096971	0.5701479226003896	0.5779826642096971	0.5701479226003896	0.5714285714285714	endpoint
K03669	0.0	0.8757579119336751	1.2693237281261274	1.5723391572037568	0.23339009908172942	0.1456133201159008	0.7666099009182705	0.8543866798840992	0.7142857142857143	baseline
K03670	0.0	0.9197905444513002	1.1887828883771945	1.955392854485709	0.24624339802438874	0.1460314252319327	0.7537566019756112	0.8539685747680673	0.7142857142857143	baseline
K03671	0.0	1.051476714334576	1.2615558837322285	1.27399814128401	0.8192449044903644	0.8170503772727826	0.8192449044903644	0.8170503772727826	1.0	endpoint
K03672	0.0	0.7975441808309298	1.04377402101402	1.3713790884163461	0.23153474056671144	0.15547303234488458	0.7684652594332886	0.8445269676551155	0.8571428571428571	baseline
K03673	0.0	0.8643233284207916	1.035817566840059	1.9173627390030603	0.26580455523135793	0.29867821025232083	0.7341954447686421	0.7013217897476791	0.8571428571428571	baseline
K03674	0.0	0.8617662257649158	1.0774561164507646	1.8266095729521372	0.28209756211720943	0.18021318217772908	0.7179024378827905	0.8197868178222709	0.8571428571428571	baseline
K03675	0.0	1.256691318930651	1.3821048221710668	1.6498262625459024	0.12248416482499438	0.04825148008161658	0.8775158351750056	0.9517485199183834	1.0	baseline
K03683	0.0	1.1298717309884807	1.1141438580661494	1.4553177036121892	0.16601280203169147	0.15175394918119686	0.8339871979683086	0.8482460508188031	1.0	baseline
K03684	0.0	0.4491355411128284	0.9130550680923483	1.7850897627792903	0.354880206157429	0.2214239519290579	0.645119793842571	0.778576048070942	0.7142857142857143	baseline
K03685	0.0	0.10963101494189946	0.10412765169107846	1.366221011299881	0.5407954129506026	0.4533359877003519	0.5407954129506026	0.5466640122996481	0.5714285714285714	endpoint
K03686	0.0	0.326640331181034	0.17117766061395065	1.5011964586560327	0.6174059059874846	0.5296800803707975	0.6174059059874846	0.5296800803707975	0.5714285714285714	endpoint
K03687	0.0	0.6554572418102994	1.0839090061593182	1.5177752178040296	0.6772348985346867	0.6505465682190309	0.6772348985346867	0.6505465682190309	0.8571428571428571	endpoint
K03688	0.0	0.23037361455578406	0.48631397659958014	1.558835793212355	0.4538042140079353	0.3735894962942463	0.5461957859920648	0.6264105037057537	0.5714285714285714	baseline
K03690	0.14285714285714285	0.993782662501662	1.039187232242784	2.1902986291805218	0.25130671758512413	0.15711814149972322	0.7486932824148759	0.8428818585002767	0.8571428571428571	baseline
K03693	0.0	0.2927031772956411	0.6582962116344331	1.4428126301387467	0.5892197528405729	0.6968825051899594	0.5892197528405729	0.6968825051899594	0.7142857142857143	endpoint
K03694	0.0	0.1768854866973861	0.02707462327293912	1.4020129922862485	0.4242970421127394	0.5001729056204511	0.5757029578872606	0.5001729056204511	0.5714285714285714	baseline
K03695	0.0	0.42120995276659406	1.0436141757833828	1.502689402327106	0.5896007293344256	0.6538459575271404	0.5896007293344256	0.6538459575271404	0.5714285714285714	endpoint
K03696	0.0	0.33996076956391763	0.45637796329044483	1.372037472366396	0.3937115516137473	0.31427292372300053	0.6062884483862527	0.6857270762769995	0.5714285714285714	baseline
K03697	0.0	0.45410126429299164	0.7235871327587124	1.40706396627349	0.6762929532575442	0.7653093006121745	0.6762929532575442	0.7653093006121745	0.7142857142857143	endpoint
K03698	0.14285714285714285	1.2392744183954727	1.2992375375060905	2.5677057656740323	0.8463386086129342	0.8968524531275753	0.8463386086129342	0.8968524531275753	1.0	endpoint
K03699	0.0	0.33052242703759255	0.4355441340428571	1.3747427758564736	0.36044504703140967	0.3736346829515222	0.6395549529685903	0.6263653170484778	0.7142857142857143	baseline
K03700	0.14285714285714285	1.2220118382694463	1.188279044037068	2.4253493981764644	0.8497831880372354	0.8732217160714288	0.8497831880372354	0.8732217160714288	1.0	endpoint
K03701	0.0	0.10360076315219433	0.17373731785820487	1.3567793019631202	0.5500506704602276	0.5538109232797138	0.5500506704602276	0.5538109232797138	0.5714285714285714	endpoint
K03702	0.0	0.008365370245596535	0.5038454721526991	1.3459670598528126	0.5195623380842814	0.3869840086633348	0.5195623380842814	0.6130159913366652	0.5714285714285714	baseline
K03703	0.0	0.418694012342593	0.6691016560869261	1.7644994488772494	0.6569716838623328	0.6920649250979812	0.6569716838623328	0.6920649250979812	0.7142857142857143	endpoint
K03704	0.0	0.9118993560834394	1.1383758676137494	1.5579221193723338	0.20956601901754182	0.14898373393886924	0.7904339809824582	0.8510162660611308	0.8571428571428571	baseline
K03705	0.0	0.0154495764673282	0.2143395903124545	1.7942532485211509	0.497147951920257	0.4485557308214941	0.5028520480797429	0.551444269178506	0.5714285714285714	baseline
K03706	0.0	1.2155243765075465	1.2306053280580456	1.5388900691209875	0.861877570781723	0.9442951331856467	0.861877570781723	0.9442951331856467	1.0	endpoint
K03707	0.0	0.6829446055783567	0.7753389230052563	1.5503524917031852	0.3024675288804339	0.22868045733254277	0.6975324711195661	0.7713195426674573	0.8571428571428571	baseline
K03708	0.0	0.6062191118073049	0.8566853915602772	1.158594245592704	0.6735478953952744	0.706108588149639	0.6735478953952744	0.706108588149639	0.8571428571428571	endpoint
K03710	0.0	0.34524477257482145	0.1663824352047705	1.227161202848323	0.39618415031836834	0.4471666000584883	0.6038158496816317	0.5528333999415117	0.7142857142857143	baseline
K03711	0.0	0.3880520758086598	0.18833784683705723	1.231023969603862	0.37359232909840234	0.4622859142338096	0.6264076709015977	0.5377140857661904	0.7142857142857143	baseline
K03712	0.0	1.083157859315875	1.1757492933891278	1.8800299007233114	0.21463741476582657	0.18355553627549306	0.7853625852341735	0.816444463724507	1.0	baseline
K03716	0.0	0.520016334130342	0.5369574447005121	1.4428491278326134	0.6263436372797051	0.6387244922530456	0.6263436372797051	0.6387244922530456	0.8571428571428571	endpoint
K03717	0.14285714285714285	1.1667018414356591	1.3570545078545524	2.116222304228339	0.201916854634929	0.0965685508096561	0.798083145365071	0.9034314491903439	0.8571428571428571	baseline
K03718	0.0	0.03557153792150552	0.1377439840765245	1.3650936545732164	0.5313864664649517	0.4477557756918791	0.5313864664649517	0.5522442243081209	0.5714285714285714	baseline
K03719	0.0	0.21382494997459528	0.4723638188223937	1.7601403435163994	0.49774501754350803	0.3701130172194286	0.5022549824564919	0.6298869827805714	0.7142857142857143	baseline
K03720	0.0	1.020260914667776	1.2008087274838992	1.8544118450563147	0.19970462883366252	0.07967039221791015	0.8002953711663374	0.9203296077820898	0.8571428571428571	baseline
K03721	0.0	0.7654869698781315	0.6438402301709251	1.7190059189099214	0.28772313276655254	0.3637452918140582	0.7122768672334474	0.6362547081859418	0.7142857142857143	baseline
K03722	0.0	0.6188348497307566	0.5649212378254724	1.2434442566474184	0.6975182924235798	0.6452618653246188	0.6975182924235798	0.6452618653246188	1.0	endpoint
K03723	0.0	0.23903940606414636	0.6444405408962663	1.6116065765981331	0.601786173443089	0.6871817279686177	0.601786173443089	0.6871817279686177	0.5714285714285714	endpoint
K03724	0.0	0.32555553911446106	0.1523902420803169	1.7831984823974492	0.41308061014095526	0.49639872598245216	0.5869193898590448	0.5036012740175478	0.5714285714285714	baseline
K03727	0.0	0.5591905124174906	1.1763838264392925	1.6883038239546275	0.3676923748757838	0.1903674163927699	0.6323076251242161	0.8096325836072301	0.5714285714285714	baseline
K03732	0.0	0.04524238422902895	0.3615712192359007	1.7688630754100132	0.5457061411557491	0.6595176779022336	0.5457061411557491	0.6595176779022336	0.5714285714285714	endpoint
K03733	0.0	0.6692733955688693	0.7794864646462727	1.900059606200577	0.34011585803896177	0.2927802782061772	0.6598841419610382	0.7072197217938228	0.8571428571428571	baseline
K03734	0.0	1.2275710701918585	1.3833740688557001	1.7549591084784097	0.15384481587306673	0.10292044413659389	0.8461551841269332	0.8970795558634062	0.8571428571428571	baseline
K03735	0.0	0.11737727244479727	0.22288505683990142	0.9784164385652947	0.4820592897062471	0.40985568521137433	0.5179407102937529	0.5901443147886256	0.5714285714285714	baseline
K03736	0.0	0.28447002043259023	0.2696721995860347	1.3065506039129193	0.42624107905177383	0.38525647666383794	0.5737589209482261	0.614743523336162	0.7142857142857143	baseline
K03737	0.0	0.3923030590705751	0.8146957029472338	1.786350784190049	0.675698397726502	0.8154839770903941	0.675698397726502	0.8154839770903941	0.7142857142857143	endpoint
K03738	0.0	0.46843539415923086	0.5977030853774934	1.5337369961462188	0.6797125084510603	0.6779112175558479	0.6797125084510603	0.6779112175558479	0.8571428571428571	endpoint
K03739	0.0	0.21833616124613922	0.2679892433557504	1.499995712452051	0.5962277710403072	0.6259533319236765	0.5962277710403072	0.6259533319236765	0.5714285714285714	endpoint
K03740	0.0	0.6455657326004743	0.8187715542323707	1.3100179621660655	0.7254273601264755	0.7519653312286103	0.7254273601264755	0.7519653312286103	0.8571428571428571	endpoint
K03741	0.0	0.5080271300013129	0.6870191772892181	1.2982698369848618	0.6871436763389502	0.7169221359159252	0.6871436763389502	0.7169221359159252	0.7142857142857143	endpoint
K03742	0.0	0.4426799598684183	0.2838782479263862	1.328721944836246	0.6385449323723085	0.5683643214815216	0.6385449323723085	0.5683643214815216	0.5714285714285714	endpoint
K03743	0.0	0.06099274413829714	0.10839415592217684	1.5855888763298225	0.5357893305809472	0.5385350046894442	0.5357893305809472	0.5385350046894442	0.5714285714285714	baseline
K03744	0.0	0.6771291104456034	0.9704892908465608	1.5245942960215497	0.2936815788235578	0.1567751095199269	0.7063184211764422	0.8432248904800731	0.8571428571428571	baseline
K03746	0.0	1.1684234555800959	1.2243057570822655	1.9031996173032	0.14181903226280373	0.09307421303580742	0.8581809677371963	0.9069257869641926	1.0	baseline
K03747	0.0	0.6087188425578169	0.6275701390745494	1.3406281654469439	0.31717483975348965	0.3151257732210926	0.6828251602465103	0.6848742267789074	0.7142857142857143	baseline
K03748	0.0	0.07760062745148637	0.30858841736114134	1.412181720723018	0.4950587478557185	0.41939610375430936	0.5049412521442815	0.5806038962456906	0.5714285714285714	baseline
K03749	0.0	0.8825873186226963	1.0998281781670063	1.9507421026773846	0.25419649666524724	0.1468034363124893	0.7458035033347528	0.8531965636875107	0.8571428571428571	baseline
K03750	0.0	0.5584304458235153	0.9607900822303617	1.341659947422078	0.3464596688788914	0.24641384316855042	0.6535403311211085	0.7535861568314496	0.7142857142857143	baseline
K03752	0.0	0.6186311642742633	0.4865322472478331	1.7138170376187716	0.3241779657421621	0.30392252876103804	0.6758220342578378	0.6960774712389619	0.7142857142857143	baseline
K03753	0.0	0.14056733174393482	0.14789577707320478	1.182934144223071	0.5521515504202661	0.49517113341112584	0.5521515504202661	0.5048288665888742	0.5714285714285714	endpoint
K03755	0.0	0.8607326986508087	1.2583416211264455	1.4492457039477276	0.2477132984144927	0.24843241686478718	0.7522867015855073	0.7515675831352129	1.0	baseline
K03756	0.0	0.08219971899761461	0.16276185845872002	1.2423114973048484	0.5594546903540116	0.5512450813567061	0.5594546903540116	0.5512450813567061	0.5714285714285714	endpoint
K03757	0.0	0.02877810149686631	0.5293882619166606	1.3843222357318998	0.4746908582475156	0.34583616859323046	0.5253091417524844	0.6541638314067695	0.5714285714285714	baseline
K03758	0.0	0.4024603853016767	0.6805355381913051	1.3760279754678375	0.40680389054898186	0.285753056842356	0.5931961094510181	0.7142469431576439	0.7142857142857143	baseline
K03759	0.0	0.9976022504605963	1.2921757025314702	1.9297248818531507	0.21680009490973945	0.17842073706809686	0.7831999050902605	0.8215792629319032	0.8571428571428571	baseline
K03760	0.0	0.01743134966461124	0.02829925823984629	1.1919845497497958	0.5131816815263629	0.5399855212169586	0.5131816815263629	0.5399855212169586	0.5714285714285714	endpoint
K03761	0.0	1.2286615665580605	1.431965152323656	1.7318606019179368	0.16360203861176006	0.04483541791843741	0.83639796138824	0.9551645820815626	0.8571428571428571	baseline
K03762	0.0	0.16107924446877225	0.3310632708574179	1.351158793942343	0.4618961624329741	0.3572869300595988	0.538103837567026	0.6427130699404012	0.7142857142857143	baseline
K03763	0.0	0.8202060845992806	1.1853607900651544	1.5279867874552462	0.7377736017062924	0.834365102121959	0.7377736017062924	0.834365102121959	0.8571428571428571	endpoint
K03764	0.0	0.12728252388565836	0.7052650241125169	1.2577370430638384	0.4764084310809143	0.313301582658898	0.5235915689190858	0.6866984173411019	0.5714285714285714	baseline
K03765	0.0	0.34563879430433403	0.0940138541432662	1.8437235901460742	0.4115328217632378	0.4550148482577873	0.5884671782367622	0.5449851517422126	0.5714285714285714	baseline
K03767	0.0	0.013808190469924495	0.03464354875137636	1.108974332093358	0.5465585850242266	0.5050956628028147	0.5465585850242266	0.5050956628028147	0.5714285714285714	endpoint
K03768	0.0	0.15538886372855434	0.8171319420129054	1.3991247568383853	0.5910937589490901	0.7729359924604638	0.5910937589490901	0.7729359924604638	0.5714285714285714	endpoint
K03769	0.0	0.081746458971328	0.24967399522878547	1.236973005896161	0.4788864398116574	0.4328823937090826	0.5211135601883425	0.5671176062909173	0.5714285714285714	baseline
K03770	0.0	0.016493772528178803	0.07276981666502184	1.4247750063974434	0.48495804553610455	0.49280593355653585	0.5150419544638954	0.5071940664434642	0.5714285714285714	endpoint
K03771	0.0	0.38986762599452035	0.7498980833582554	1.2142014694996515	0.34697073829519015	0.26863200732447784	0.6530292617048099	0.7313679926755221	0.7142857142857143	baseline
K03772	0.0	0.9684025482776981	1.2721227940392217	1.3860945232833906	0.21117693237834584	0.15699142282872322	0.7888230676216541	0.8430085771712768	0.8571428571428571	baseline
K03773	0.0	0.20809161221912778	0.16096714306839716	1.3851673749733535	0.4394506756397855	0.47556374414992986	0.5605493243602144	0.5244362558500701	0.5714285714285714	baseline
K03774	0.0	0.43786980194866676	0.5286063657645025	1.6774632604011044	0.37014941616495506	0.34397029348758273	0.629850583835045	0.6560297065124172	0.8571428571428571	baseline
K03775	0.0	0.9830367245232886	1.2187239890777544	1.5363466814217697	0.2089022955826402	0.15402763790551383	0.7910977044173598	0.8459723620944861	1.0	baseline
K03776	0.14285714285714285	0.39864208307432064	0.6630522370930987	2.0549349123082905	0.43136584120089033	0.3148092265378595	0.5686341587991097	0.6851907734621405	0.5714285714285714	baseline
K03777	0.0	1.1659088949598786	1.2058702562001744	1.5475034607925604	0.16487309712882123	0.17830360807658727	0.8351269028711787	0.8216963919234127	1.0	baseline
K03778	0.0	0.02790208171836302	0.048436084078120736	1.5328247229102194	0.4822335114865499	0.45429812138113324	0.5177664885134501	0.5457018786188668	0.5714285714285714	baseline
K03779	0.0	0.25918008471619214	0.5053159574993723	1.4984283944087762	0.5905974409732304	0.6313273481871848	0.5905974409732304	0.6313273481871848	0.7142857142857143	endpoint
K03780	0.0	0.6362368805587834	0.5112871618143465	1.6270274368879531	0.6879538826178643	0.56883119693116	0.6879538826178643	0.56883119693116	0.7142857142857143	endpoint
K03781	0.0	0.18999191470523444	0.471515286428077	1.7308187810276203	0.4748151436137463	0.3090770691849604	0.5251848563862537	0.6909229308150395	0.5714285714285714	baseline
K03782	0.0	1.1376806409472697	1.3353233445511126	1.4109053634567525	0.17099759618140012	0.18653777341883765	0.8290024038185999	0.8134622265811624	1.0	baseline
K03783	0.0	0.6322046096634365	0.7372360453552204	1.4398911770462481	0.6782703497101382	0.6962277574558969	0.6782703497101382	0.6962277574558969	0.8571428571428571	endpoint
K03784	0.0	0.24286614940650905	0.2873993633166206	1.597243970027978	0.5260122698787415	0.6329150141891408	0.5260122698787415	0.6329150141891408	0.5714285714285714	endpoint
K03785	0.0	0.028256320575619824	0.28635682556904235	1.4611460033602552	0.48926894307120566	0.42870510804060574	0.5107310569287944	0.5712948919593943	0.5714285714285714	endpoint
K03786	0.0	0.03148163680339195	0.3029232759630519	1.4004324803977146	0.507339515633064	0.6021856361207648	0.507339515633064	0.6021856361207648	0.5714285714285714	baseline
K03787	0.0	0.027762754907296516	0.17674768066940097	1.2699111763906983	0.5018660132292875	0.44128127711758997	0.5018660132292875	0.55871872288241	0.5714285714285714	baseline
K03788	0.0	0.8189240768614342	0.72706117094871	1.472198118392171	0.25059066656630663	0.3072306347862349	0.7494093334336933	0.6927693652137651	1.0	baseline
K03789	0.0	0.5049621174913894	0.8350582714757976	1.2337412079593	0.35622112392946587	0.31797478005823593	0.6437788760705341	0.682025219941764	0.8571428571428571	baseline
K03790	0.0	0.8150618811230109	1.2327914677533611	1.451501494372438	0.2549255998728146	0.23380792400025943	0.7450744001271854	0.7661920759997406	0.8571428571428571	baseline
K03796	0.0	0.7399388072085537	0.4240678184016982	1.6751805172002916	0.2682981075569423	0.3253633134450494	0.7317018924430577	0.6746366865549507	1.0	baseline
K03797	0.0	0.25578362373340985	0.1457764499359531	1.272013624650932	0.44315299695414784	0.47755109150201425	0.5568470030458521	0.5224489084979858	0.5714285714285714	baseline
K03798	0.0	0.9352023056949709	1.0616303134637637	1.7515459349662712	0.7703899791386498	0.8864275133766436	0.7703899791386498	0.8864275133766436	0.8571428571428571	endpoint
K03799	0.0	0.6049246155983632	0.843941925201226	1.2396608092443369	0.2891755494607974	0.24345436265390935	0.7108244505392026	0.7565456373460906	0.8571428571428571	baseline
K03800	0.0	0.21296811996241422	0.6689756110382438	1.5084571572314436	0.4684169454198813	0.35003092375914313	0.5315830545801187	0.6499690762408569	0.5714285714285714	baseline
K03801	0.0	0.05538321292581957	0.5945657878116878	1.3500675404482023	0.49952183517481236	0.6106175263646119	0.5004781648251877	0.6106175263646119	0.5714285714285714	endpoint
K03802	0.0	0.6665724125472953	1.1738263229695876	1.464304019560029	0.7097077145785159	0.8216561760594999	0.7097077145785159	0.8216561760594999	0.7142857142857143	endpoint
K03803	0.0	0.10721111635716794	0.16165872239998674	1.457426744939636	0.44271317381866354	0.5509871903069327	0.5572868261813364	0.5509871903069327	0.5714285714285714	baseline
K03804	0.0	0.8310905264925211	1.143175214289098	1.3937754118720072	0.2818923148730405	0.22276378281665526	0.7181076851269594	0.7772362171833447	0.8571428571428571	baseline
K03805	0.0	0.8208307415831422	1.1779322289439342	1.4151891231370244	0.24237174992463104	0.18235184111388592	0.7576282500753689	0.8176481588861141	0.8571428571428571	baseline
K03806	0.0	0.7110992936883198	1.0007213565284245	1.2692018466688704	0.3077225264693852	0.25993710827971694	0.6922774735306148	0.7400628917202831	0.8571428571428571	baseline
K03807	0.0	0.6611651825669423	0.4720120381060672	1.8821636810924485	0.31785274991185564	0.36054261792711134	0.6821472500881444	0.6394573820728886	0.8571428571428571	baseline
K03808	0.0	1.0328231258027216	1.270431807189873	1.994018538290717	0.22972770433033654	0.13158748509755755	0.7702722956696635	0.8684125149024424	0.8571428571428571	baseline
K03809	0.0	0.3669642352831053	1.007060000989056	1.795003548776378	0.4120062367135957	0.27776423101865216	0.5879937632864043	0.7222357689813479	0.7142857142857143	baseline
K03810	0.0	1.1257058747434803	1.211381908868747	1.4556343878490585	0.15171368555224632	0.12632969694914653	0.8482863144477537	0.8736703030508535	1.0	baseline
K03811	0.0	0.6791245456358457	0.7839569252667026	1.6160353415348048	0.3289925351152335	0.32992124823355257	0.6710074648847665	0.6700787517664475	0.7142857142857143	baseline
K03813	0.0	0.027041575282430452	0.3362670558601686	1.2122856522227605	0.48429576111392525	0.41494799627581075	0.5157042388860748	0.5850520037241893	0.5714285714285714	endpoint
K03814	0.0	0.0545136265690057	0.42755871809542606	1.3043282000990355	0.43931844446359786	0.37130622826200904	0.5606815555364022	0.628693771737991	0.5714285714285714	baseline
K03815	0.0	1.0320588566032263	1.3067718640127397	1.6305171893437032	0.23016637240581309	0.10524668597544032	0.7698336275941869	0.8947533140245597	0.8571428571428571	baseline
K03816	0.0	0.222676958002336	0.13638605110300156	1.220971400671605	0.4613152091785319	0.48131030964504523	0.538684790821468	0.5186896903549547	0.5714285714285714	baseline
K03817	0.0	0.9163599922838328	1.198658409233597	1.5523901984196482	0.19794833423596025	0.06031420318716116	0.8020516657640397	0.9396857968128388	1.0	baseline
K03818	0.0	0.16368812221077844	0.4376801999156891	1.468453678583002	0.4512129602673414	0.3928235565259182	0.5487870397326586	0.6071764434740818	0.7142857142857143	baseline
K03819	0.0	1.0099458512228672	0.9951828354070014	1.6886340205355175	0.2254369661300212	0.22892386316028215	0.7745630338699788	0.7710761368397179	1.0	baseline
K03820	0.0	0.10214206299411363	0.6175671768093024	1.677252588662029	0.5426931787611498	0.657569428261543	0.5426931787611498	0.657569428261543	0.5714285714285714	endpoint
K03823	0.0	0.13915627419390159	0.18841310152675367	1.181642826885161	0.5591215432147083	0.5676144264083358	0.5591215432147083	0.5676144264083358	0.5714285714285714	endpoint
K03824	0.14285714285714285	0.8755414420333212	1.079393511045751	2.066632633639113	0.2659661382417429	0.2090193621063555	0.7340338617582571	0.7909806378936445	0.8571428571428571	baseline
K03825	0.0	1.3984902881630725	1.458240377511677	1.756407430159164	0.09973879169897788	0.10359996628264169	0.9002612083010221	0.8964000337173583	1.0	baseline
K03826	0.0	0.3953969682249702	0.2881231137771599	1.613962700571697	0.36383713071592433	0.420626405365974	0.6361628692840757	0.5793735946340259	0.5714285714285714	baseline
K03827	0.0	0.05172738664469371	0.09871205161513663	1.0737723728122321	0.5301704613404393	0.45423496133704583	0.5301704613404393	0.5457650386629542	0.5714285714285714	endpoint
K03828	0.0	0.8324199152615407	0.9169358259657925	1.2677674361036106	0.2346217427502188	0.21681607000699307	0.7653782572497811	0.7831839299930069	1.0	baseline
K03829	0.0	0.8763908173017966	0.8553099960340561	1.7414646461223755	0.2539699939899675	0.2398306919724734	0.7460300060100324	0.7601693080275266	0.8571428571428571	baseline
K03830	0.0	0.4835499058681037	1.185129467976201	1.2997271390665244	0.6196143825313877	0.6673488662822864	0.6196143825313877	0.6673488662822864	0.7142857142857143	endpoint
K03831	0.0	0.3666896515504813	0.4264011849573007	1.6740190842017444	0.4325046087848293	0.35986092826803406	0.5674953912151707	0.6401390717319659	0.5714285714285714	baseline
K03832	0.0	0.16421008210600188	0.03906405940253648	1.4860200285264198	0.5609941244326223	0.5348490229946506	0.5609941244326223	0.5348490229946506	0.5714285714285714	endpoint
K03833	0.0	0.15957816866028662	0.11839980829076746	1.459569009296084	0.4442712937537023	0.5502090949613798	0.5557287062462977	0.5502090949613798	0.5714285714285714	baseline
K03834	0.0	0.692602896627898	0.616717411189154	1.666177399676068	0.32646808275380373	0.31493169114160763	0.6735319172461962	0.6850683088583924	0.8571428571428571	baseline
K03835	0.0	0.6173598972465727	0.4414219394724553	1.5321058292273222	0.32730722195744283	0.3256685658102825	0.6726927780425571	0.6743314341897175	0.8571428571428571	baseline
K03836	0.0	0.9898461200324924	1.2918670442292115	1.4415464979115578	0.21334073278885834	0.16004446212318704	0.7866592672111417	0.839955537876813	0.8571428571428571	baseline
K03837	0.0	0.11669503930261178	0.7640020300275349	1.5247883801608364	0.5208977338176773	0.3437987875127781	0.5208977338176773	0.6562012124872219	0.5714285714285714	baseline
K03838	0.0	1.1344656316062187	1.2773372000426624	1.6062598665304884	0.16856457694367943	0.17227027638743608	0.8314354230563206	0.8277297236125639	1.0	baseline
K03839	0.0	0.6513787285012604	1.0603851979085497	1.492855218845705	0.2815588299198713	0.16160800400526068	0.7184411700801288	0.8383919959947393	0.8571428571428571	baseline
K03840	0.0	0.4349680911202265	0.7186429771331935	1.5807553411551973	0.37278658257621855	0.27208534729708683	0.6272134174237814	0.7279146527029132	0.5714285714285714	baseline
K03841	0.0	0.610397775707199	1.0970241079061347	1.6411099635305393	0.3381856613452144	0.2885181049934298	0.6618143386547857	0.7114818950065702	0.7142857142857143	baseline
K03855	0.0	0.5028549821468236	0.9065856026452894	1.3705220762321515	0.35845950244654523	0.3201303350769312	0.6415404975534548	0.6798696649230688	0.7142857142857143	baseline
K03856	0.0	0.6976772388292444	1.1599402839721527	1.5297410477173352	0.7250598182823069	0.7843653650526442	0.7250598182823069	0.7843653650526442	0.8571428571428571	endpoint
K03885	0.0	0.02492065713710228	0.0633860021956545	1.2665983342206966	0.5025606393904286	0.48175644602779766	0.5025606393904286	0.5182435539722023	0.7142857142857143	baseline
K03892	0.0	0.13419200602562173	0.2712527605433683	1.5670563110384432	0.5563902448303416	0.6007249623340102	0.5563902448303416	0.6007249623340102	0.7142857142857143	endpoint
K03893	0.14285714285714285	0.41804984636199577	0.6810761432037777	2.028772384672135	0.43395670016019616	0.29394714241882247	0.5660432998398038	0.7060528575811775	0.7142857142857143	baseline
K03894	0.0	0.08960088947659335	0.5445792949559513	1.055665316944696	0.4666015834439657	0.38022231424196123	0.5333984165560344	0.6197776857580388	0.5714285714285714	baseline
K03895	0.0	0.1666294352811371	0.1857635259074737	1.3560532023203988	0.4268302117346644	0.5360925180771059	0.5731697882653356	0.5360925180771059	0.5714285714285714	baseline
K03896	0.0	0.39725531442407114	0.43427490463423135	1.4587482547068304	0.4025853433179279	0.39853251763961145	0.5974146566820722	0.6014674823603885	0.7142857142857143	baseline
K03897	0.0	0.5069304103725804	0.5166807679564044	1.1251228213086357	0.3472947264650517	0.34871033977628824	0.6527052735349483	0.6512896602237117	0.8571428571428571	baseline
K03919	0.0	0.7802843696585892	0.9718360856384443	1.854183302728866	0.2955071814613282	0.22922075347899323	0.7044928185386718	0.7707792465210068	0.8571428571428571	baseline
K03923	0.0	0.9744697721597785	0.9169488601308119	1.8522756902307311	0.2252432459076751	0.2009604623615559	0.7747567540923249	0.799039537638444	0.8571428571428571	baseline
K03924	0.0	0.7703924156795516	1.248011042459082	1.5949136619357038	0.2681208517035542	0.2058699077887927	0.7318791482964457	0.7941300922112073	0.8571428571428571	baseline
K03925	0.0	0.23044836434783073	0.6445968501614847	1.3547084568317709	0.44687736178456927	0.3496056341319885	0.5531226382154307	0.6503943658680116	0.5714285714285714	baseline
K03926	0.0	0.5891605643888609	1.2626096440692574	1.5592733164552433	0.3435519718518448	0.1603908146957119	0.6564480281481553	0.8396091853042881	0.7142857142857143	baseline
K03929	0.0	0.10850659778656059	0.22466192843013724	1.3577295245140784	0.45202092042366704	0.4492578281042232	0.547979079576333	0.5507421718957768	0.7142857142857143	baseline
K03930	0.0	0.14832825195243343	0.38269433065129743	1.5167159080768733	0.40348410561672177	0.6131204368980442	0.5965158943832782	0.6131204368980442	0.5714285714285714	baseline
K03931	0.0	0.46969235362505246	0.6623170445935613	1.3984898370925445	0.33507274666741926	0.24358476436882365	0.6649272533325807	0.7564152356311764	0.5714285714285714	baseline
K03969	0.0	0.5978823528685725	0.7763923152596388	1.7092306751820892	0.35745860422923076	0.3417420367153436	0.6425413957707693	0.6582579632846564	0.7142857142857143	baseline
K03973	0.0	0.3097633088245649	0.38684721587659754	1.5100869737658993	0.6240543367297677	0.614265126190351	0.6240543367297677	0.614265126190351	0.7142857142857143	endpoint
K03974	0.14285714285714285	0.6887429225740235	1.0725927414942265	2.1510379029457307	0.34163001902444873	0.2010301935650059	0.6583699809755512	0.7989698064349942	0.7142857142857143	baseline
K03975	0.0	0.12176223517757734	0.12043537835935143	1.4636093203971818	0.4377773567812993	0.47407831813160045	0.5622226432187007	0.5259216818683996	0.5714285714285714	baseline
K03976	0.0	0.20770090148606327	0.20901439265601574	1.378038453425415	0.43904134791395305	0.43592509811396984	0.560958652086047	0.5640749018860302	0.7142857142857143	baseline
K03977	0.0	0.8299882798739867	0.838345998741686	1.5076205254256794	0.7408482539273241	0.8031437279559457	0.7408482539273241	0.8031437279559457	0.8571428571428571	endpoint
K03978	0.0	0.30174153129602216	0.12604681117254046	1.5742990833406374	0.6135787025332566	0.5526466431215753	0.6135787025332566	0.5526466431215753	0.5714285714285714	endpoint
K03979	0.0	0.5302331026781774	0.41749951114544964	1.5043658692821658	0.6433223773733335	0.6455497063983412	0.6433223773733335	0.6455497063983412	0.5714285714285714	endpoint
K03980	0.0	0.4643669807835799	1.0813708671545048	1.424288671615177	0.4010568328705967	0.2911164967814518	0.5989431671294033	0.7088835032185482	0.7142857142857143	baseline
K03981	0.0	0.41403628031228806	0.9406850839891876	1.5293030285321991	0.4105023361593498	0.293070189907344	0.5894976638406502	0.706929810092656	0.5714285714285714	baseline
K04013	0.0	0.7200934481957295	1.1491401257655647	1.4501724444288917	0.30319142714549235	0.26720190413598	0.6968085728545077	0.73279809586402	0.7142857142857143	baseline
K04014	0.0	0.393888478945823	0.4981046292851402	1.4289747976861502	0.4236713705754362	0.396747772584043	0.5763286294245638	0.6032522274159571	0.5714285714285714	baseline
K04015	0.14285714285714285	0.018546204799544195	0.06220422823020643	2.061884968893218	0.5236750283405531	0.48059803771427045	0.5236750283405531	0.5194019622857295	0.7142857142857143	baseline
K04016	0.14285714285714285	1.218482906574131	1.0763088197622166	2.055450871524456	0.16322769023779166	0.14380401989610145	0.8367723097622084	0.8561959801038985	1.0	baseline
K04019	0.0	0.41804174285058165	0.5569744769682792	1.3832643064785033	0.3652819744022554	0.38298518482452154	0.6347180255977446	0.6170148151754784	0.7142857142857143	baseline
K04020	0.14285714285714285	1.147460435308816	1.3099857306550315	2.004763585412506	0.16581165866172878	0.11080999194028517	0.8341883413382712	0.8891900080597148	0.8571428571428571	baseline
K04021	0.0	0.5910586798676174	0.8202585981186326	1.3915113597772184	0.32997925741300554	0.26256903656402214	0.6700207425869944	0.7374309634359779	0.8571428571428571	baseline
K04022	0.0	0.4503152751991574	0.6568714240369901	1.6445795296586523	0.39350909152286856	0.27036837730773006	0.6064909084771315	0.7296316226922699	0.7142857142857143	baseline
K04023	0.0	0.3711847716340588	0.39730139540480186	1.2195798903800186	0.3899722983731131	0.39812466715654493	0.6100277016268869	0.6018753328434551	0.5714285714285714	baseline
K04024	0.0	0.3831455519328086	0.6623045017834964	1.425437639878614	0.4065690353254752	0.2711748825292617	0.5934309646745248	0.7288251174707383	0.7142857142857143	baseline
K04025	0.0	0.8182493652166388	1.2134477291905703	1.9221884895211698	0.2996390743286573	0.15154325186383066	0.7003609256713428	0.8484567481361693	0.7142857142857143	baseline
K04026	0.0	0.04407568553399437	0.15344079509316286	1.4278012648538587	0.541139113304945	0.462478296883497	0.541139113304945	0.5375217031165029	0.5714285714285714	endpoint
K04027	0.0	0.1852930590099294	0.3287388070038048	1.122365263699043	0.533263464998587	0.5450874760023466	0.533263464998587	0.5450874760023466	0.5714285714285714	endpoint
K04028	0.0	0.1787926081621468	0.055601066426880424	1.7434928905086908	0.49068286970714486	0.5261930409190269	0.5093171302928552	0.5261930409190269	0.5714285714285714	baseline
K04029	0.0	0.4138054371513328	0.8417421341024091	1.4827339230432879	0.6430129100087122	0.7099770298547945	0.6430129100087122	0.7099770298547945	0.7142857142857143	endpoint
K04030	0.0	0.14019558501449264	0.794958852920741	1.7656196251895901	0.5817519835728587	0.8112060164439749	0.5817519835728587	0.8112060164439749	0.5714285714285714	endpoint
K04031	0.0	0.004776762054559743	0.24212099167898715	1.4349010215223765	0.5159715410864586	0.574373207640392	0.5159715410864586	0.574373207640392	0.5714285714285714	baseline
K04032	0.0	0.47242715452035117	0.5039764938614667	1.5937838068547376	0.3552943730528126	0.3333268494749553	0.6447056269471874	0.6666731505250447	0.7142857142857143	baseline
K04033	0.0	0.4354671841470397	0.6618940512296131	1.7826967223993844	0.35069747902001236	0.3014836935077924	0.6493025209799876	0.6985163064922075	0.5714285714285714	baseline
K04041	0.0	1.3772352710619327	1.2919477395126853	1.8349244626248604	0.8957816368752914	0.9317226250745344	0.8957816368752914	0.9317226250745344	1.0	endpoint
K04042	0.0	0.839836286811668	1.1375613270881633	1.7660372572358793	0.2733428416508178	0.2510738890937031	0.7266571583491822	0.7489261109062969	0.8571428571428571	baseline
K04043	0.0	0.888852482721651	1.172833672306351	1.4862914233156819	0.7518724701503297	0.8085814714366605	0.7518724701503297	0.8085814714366605	0.8571428571428571	endpoint
K04044	0.0	0.5136453210281126	0.6314354031125742	1.3623104502348737	0.3372103095949043	0.3658044565117516	0.6627896904050957	0.6341955434882485	0.8571428571428571	baseline
K04045	0.0	0.3769483339155486	0.6842635204992162	1.3104865487091224	0.5763993479732356	0.673161693561977	0.5763993479732356	0.673161693561977	0.7142857142857143	endpoint
K04046	0.0	0.7052420963723179	0.9637092803524596	1.4522144036889035	0.27702742683599035	0.20527748463857376	0.7229725731640096	0.7947225153614262	1.0	baseline
K04047	0.0	0.9011348011152752	0.9744769443306799	1.871480804176306	0.24390062615000213	0.20184519882339852	0.7560993738499979	0.7981548011766015	1.0	baseline
K04061	0.0	0.6826188918151888	0.9886912946603467	1.3713414590541193	0.6863334239824496	0.7378251802198297	0.6863334239824496	0.7378251802198297	0.8571428571428571	endpoint
K04063	0.0	0.5200464094322629	0.8597204916501486	1.9104641531640618	0.3548872271807811	0.32790980525098024	0.645112772819219	0.6720901947490198	0.7142857142857143	baseline
K04064	0.0	0.8562131466478767	1.2579147100940755	1.7886758726668346	0.24257691395485784	0.054260334177555	0.7574230860451422	0.945739665822445	0.7142857142857143	baseline
K04065	0.0	0.027294802813545255	0.2563418758220456	1.8776871812212637	0.49584346205027474	0.5705552307678458	0.5041565379497253	0.5705552307678458	0.5714285714285714	baseline
K04066	0.0	0.22010524411091215	0.10174958858457994	1.3833857267288903	0.4350241991450562	0.48003457487577644	0.5649758008549438	0.5199654251242236	0.5714285714285714	baseline
K04068	0.0	0.813183811340423	0.7568595106055913	1.468849203778211	0.7271834543447669	0.6999248107546089	0.7271834543447669	0.6999248107546089	1.0	endpoint
K04069	0.0	0.643191604503228	0.7615430719604587	1.5603358382037125	0.7112631821173531	0.6912281002346482	0.7112631821173531	0.6912281002346482	0.8571428571428571	endpoint
K04070	0.14285714285714285	0.9281903052030683	0.9546982368687141	2.587951304967422	0.7135954732118613	0.8214783629198666	0.7135954732118613	0.8214783629198666	0.7142857142857143	endpoint
K04072	0.0	0.170684798527499	0.178367525489337	1.673765548454384	0.542736892454569	0.4096994256043207	0.542736892454569	0.5903005743956793	0.5714285714285714	endpoint
K04073	0.0	0.3316003330246886	0.37929523047794234	1.5801530095797487	0.4090109162012373	0.4245230232784381	0.5909890837987627	0.575476976721562	0.5714285714285714	baseline
K04074	0.0	0.14249758223375655	0.37324234332238687	1.6951338741309678	0.5087035936564307	0.5325779986406063	0.5087035936564307	0.5325779986406063	0.7142857142857143	endpoint
K04075	0.0	0.31339582703406127	0.8154640839598126	1.2122389581453237	0.4260960701286053	0.28182048735436077	0.5739039298713947	0.7181795126456392	0.7142857142857143	baseline
K04077	0.0	0.8637830274734087	1.198014284416521	1.6410802557353523	0.7424329921534467	0.7932663014928408	0.7424329921534467	0.7932663014928408	0.8571428571428571	endpoint
K04078	0.0	0.09055366906362912	0.3485314072173693	1.3527683546446514	0.5314584478548071	0.5376681788267347	0.5314584478548071	0.5376681788267347	0.7142857142857143	endpoint
K04079	0.0	0.6224394734075174	0.9601908170042682	1.77451717323081	0.6990891923929345	0.7893215507327299	0.6990891923929345	0.7893215507327299	0.7142857142857143	endpoint
K04080	0.0	1.3301560547314852	1.2940982305965882	1.8595389618763354	0.1169041212909744	0.07847177530337951	0.8830958787090256	0.9215282246966205	1.0	baseline
K04081	0.0	1.168516480833979	1.2231905854730487	1.5967440072812842	0.13841198401407312	0.11713178277239124	0.8615880159859268	0.8828682172276088	1.0	baseline
K04082	0.0	0.06061923663220962	0.2942108744978249	1.4065243273503096	0.5121247252089272	0.5194590079569885	0.5121247252089272	0.5194590079569885	0.5714285714285714	endpoint
K04083	0.0	0.6141596881912667	0.9396814101104582	1.746065155926833	0.6519522324536121	0.7860864330576887	0.6519522324536121	0.7860864330576887	0.7142857142857143	endpoint
K04084	0.0	1.0271310902961963	1.0916641619005836	1.5889274417687074	0.19761689415705377	0.17362261454498273	0.8023831058429463	0.8263773854550173	0.8571428571428571	baseline
K04086	0.0	0.09995742363045983	0.4102153589575756	1.2699244314890146	0.49674643560349624	0.39456509953111596	0.5032535643965037	0.605434900468884	0.5714285714285714	baseline
K04087	0.0	0.26664307368623524	0.11148207192502811	1.2940378695648822	0.5945681123790586	0.4891265657762337	0.5945681123790586	0.5108734342237663	0.5714285714285714	endpoint
K04088	0.0	0.689947593031186	0.8892432302591406	1.2796132234796278	0.3039756207701867	0.25820885044248554	0.6960243792298133	0.7417911495575145	0.8571428571428571	baseline
K04091	0.0	0.9009959178730254	1.2592387463290808	1.7961649057888842	0.279123518063998	0.17368577956010384	0.7208764819360021	0.8263142204398961	0.8571428571428571	baseline
K04092	0.0	0.5061593663199454	0.8462598038927756	1.082956478438351	0.34920150224243474	0.3169485646966121	0.6507984977575653	0.6830514353033879	0.8571428571428571	baseline
K04094	0.0	0.529794148226523	1.25839758031651	1.7066534236300015	0.7004130038957231	0.9735673295778894	0.7004130038957231	0.9735673295778894	0.7142857142857143	endpoint
K04095	0.0	0.500914851860953	1.1247680015974468	1.3560826475937469	0.33954272206706143	0.283912700484606	0.6604572779329385	0.716087299515394	0.7142857142857143	baseline
K04096	0.0	0.9210640846378659	1.1006915642033575	1.7693846824758308	0.24592873760792072	0.18021148977323256	0.7540712623920793	0.8197885102267675	0.8571428571428571	baseline
K04103	0.0	0.5365638840309941	0.6659753645079604	1.2465099042802594	0.3387114535285945	0.32043282860098765	0.6612885464714056	0.6795671713990123	0.8571428571428571	baseline
K04127	0.0	0.42134556537476076	0.775097698267004	1.4139471612147079	0.3925885265100056	0.24223399235325616	0.6074114734899945	0.7577660076467438	0.7142857142857143	baseline
K04333	0.0	0.4256814254341509	0.7422575589434189	1.201266137917712	0.38453119148798526	0.3396697223867309	0.6154688085120148	0.6603302776132691	0.7142857142857143	baseline
K04343	0.0	0.2837813952373649	0.33558491472019863	0.976420948083633	0.5712248945248836	0.5947106849401078	0.5712248945248836	0.5947106849401078	0.7142857142857143	endpoint
K04477	0.14285714285714285	0.6573061921864454	0.9926893029420001	2.1033529123063803	0.6763186395460431	0.8116622350776221	0.6763186395460431	0.8116622350776221	0.8571428571428571	endpoint
K04485	0.0	0.12966974298440376	0.2819096461146441	1.3044205851288464	0.45372607954131133	0.3741588090476305	0.5462739204586886	0.6258411909523696	0.5714285714285714	baseline
K04486	0.0	0.16096834830886614	0.19230301191991078	1.7216413274728748	0.532745090335937	0.5025426033952204	0.532745090335937	0.5025426033952204	0.5714285714285714	endpoint
K04487	0.0	0.4914143848908247	0.45628322410658856	1.518662444831657	0.6339924705041434	0.6397552601849752	0.6339924705041434	0.6397552601849752	0.8571428571428571	endpoint
K04488	0.0	0.3788926328661713	0.38692568256476323	1.1624675956985289	0.6265987016964206	0.6051539647984872	0.6265987016964206	0.6051539647984872	0.7142857142857143	endpoint
K04516	0.0	0.08252229356326392	0.3748929265572509	1.5419751933419645	0.4949038649476205	0.40838975082473716	0.5050961350523795	0.5916102491752628	0.5714285714285714	baseline
K04517	0.0	0.09118666753024351	0.11861147643268491	1.4438952808665901	0.5390314145126581	0.47465970261052093	0.5390314145126581	0.5253402973894791	0.5714285714285714	endpoint
K04518	0.0	0.5606425386683344	0.7073385719980294	1.5124354133736237	0.6841310180413173	0.7379384082802195	0.6841310180413173	0.7379384082802195	0.5714285714285714	endpoint
K04561	0.0	0.32614669511950034	0.26100702201680653	1.147271095848081	0.4260904073820723	0.43569245469578055	0.5739095926179276	0.5643075453042194	0.7142857142857143	baseline
K04562	0.0	0.9082086372317086	0.9266251174478445	1.2108929836726785	0.767725017463576	0.7630479484047061	0.767725017463576	0.7630479484047061	1.0	endpoint
K04564	0.0	0.12672777722966533	0.07853304784994558	1.539998045787627	0.4673099386103691	0.5063965437114244	0.5326900613896308	0.5063965437114244	0.5714285714285714	baseline
K04565	0.0	0.13899010154817695	0.33803507329282023	1.262665382012868	0.5392126503776786	0.4341688191583301	0.5392126503776786	0.5658311808416698	0.5714285714285714	endpoint
K04567	0.14285714285714285	0.8785605305247587	0.8595636374291525	2.4607371018567195	0.7173752364037428	0.7141433393186996	0.7173752364037428	0.7141433393186996	0.8571428571428571	endpoint
K04568	0.0	0.3666721816302494	0.7520117231474663	1.4288746891077904	0.3931055091393295	0.3373893947459744	0.6068944908606705	0.6626106052540256	0.7142857142857143	baseline
K04651	0.0	0.14273236610374943	0.14693630528637294	1.3559547347371388	0.4578724102637423	0.4771350948755225	0.5421275897362576	0.5228649051244775	0.5714285714285714	baseline
K04652	0.0	0.319618070891119	0.2856754308142954	1.7169757713935605	0.38492538717607444	0.42737457244388	0.6150746128239255	0.57262542755612	0.7142857142857143	baseline
K04653	0.0	0.036815461041063195	0.25995759222201886	1.6141625329022964	0.47050320626807585	0.42931975644651543	0.5294967937319242	0.5706802435534846	0.7142857142857143	baseline
K04654	0.0	0.8940047352389294	0.7437785233235301	1.4107671040308087	0.24585676646026083	0.2545595681020782	0.7541432335397391	0.7454404318979218	1.0	baseline
K04655	0.0	0.5052206120615399	0.7918411371180433	1.5308684569211446	0.6810577531385231	0.7087314865297855	0.6810577531385231	0.7087314865297855	0.7142857142857143	endpoint
K04656	0.0	0.49736880041053133	0.4072321695619683	1.4162969634977374	0.6935407681778046	0.6420177736868982	0.6935407681778046	0.6420177736868982	0.7142857142857143	endpoint
K04691	0.0	0.6857738382485208	0.631496978612045	1.4940247926126524	0.2866971892215509	0.33357167282631806	0.7133028107784491	0.666428327173682	1.0	baseline
K04720	0.0	0.5959641866131895	0.571787050774579	1.6543578748108656	0.7055218357918889	0.6671884164829368	0.7055218357918889	0.6671884164829368	0.8571428571428571	endpoint
K04744	0.0	0.8106963665663844	1.093075124643724	1.4659337939212809	0.24971288159547309	0.28563420375617843	0.7502871184045269	0.7143657962438216	0.7142857142857143	baseline
K04749	0.0	0.43401216940527954	0.5583894145090671	1.6841221848689374	0.6139922273386033	0.6437348562502015	0.6139922273386033	0.6437348562502015	0.8571428571428571	endpoint
K04750	0.0	0.9614521463428032	0.9785428569243507	1.5023284984931784	0.199395181471027	0.13504091502999196	0.800604818528973	0.8649590849700081	1.0	baseline
K04751	0.0	0.34319062674163775	0.7179142650987139	1.6139913488274071	0.6503151518660342	0.7873245677002211	0.6503151518660342	0.7873245677002211	0.5714285714285714	endpoint
K04753	0.0	0.7517378525887896	0.7259264837966397	1.5860993223642426	0.30030887411434637	0.3075433966764938	0.6996911258856536	0.6924566033235062	0.8571428571428571	baseline
K04754	0.0	0.7064902164795779	1.056436427203352	1.494769715247268	0.3211292984712962	0.22249350751642416	0.6788707015287039	0.7775064924835758	0.8571428571428571	baseline
K04755	0.0	0.2550803858636748	0.5629875845416933	1.4195755659088685	0.41488014286307623	0.3771665924748158	0.5851198571369238	0.6228334075251842	0.5714285714285714	baseline
K04758	0.0	0.5115655232664141	0.9525803881169106	1.7547966555771486	0.6301517136450666	0.745016585933158	0.6301517136450666	0.745016585933158	0.5714285714285714	endpoint
K04759	0.0	0.5563023624725664	0.8972113117619808	1.3031968330853605	0.6443298115647923	0.726357139507878	0.6443298115647923	0.726357139507878	0.7142857142857143	endpoint
K04760	0.0	0.9958071333798814	1.2938596516783778	1.8845579436772348	0.24612054488121116	0.1577898114645629	0.7538794551187888	0.8422101885354372	0.8571428571428571	baseline
K04761	0.14285714285714285	1.2746924208109753	1.438056987864358	2.2247968406355865	0.13576276452256839	0.10131115826744838	0.8642372354774316	0.8986888417325516	1.0	baseline
K04762	0.0	0.3073112610662633	0.23792753098626185	1.5571363687018527	0.38913900680256647	0.5101161389688118	0.6108609931974336	0.5101161389688118	0.5714285714285714	baseline
K04763	0.0	0.016927396685843876	0.23940492226644042	1.82882938356518	0.46596581742334325	0.5736245581099972	0.5340341825766568	0.5736245581099972	0.5714285714285714	baseline
K04765	0.0	0.7460811228111329	1.1646406949037416	1.3998673863157665	0.2902949786929377	0.1618678138110442	0.7097050213070624	0.8381321861889558	0.7142857142857143	baseline
K04767	0.0	0.1800642632940643	0.17704725479731243	1.4801612768080157	0.5557731839335084	0.5000101927170488	0.5557731839335084	0.5000101927170488	0.5714285714285714	endpoint
K04769	0.0	0.6589357740730533	0.9111927541061506	1.4472814404151118	0.7037832330274573	0.7587942163331802	0.7037832330274573	0.7587942163331802	0.7142857142857143	endpoint
K04770	0.0	0.39928282427896	0.8905979819535311	1.1806878121728166	0.42280349104188464	0.32278423294860037	0.5771965089581154	0.6772157670513996	0.5714285714285714	baseline
K04771	0.0	0.3205542291517492	0.9438116402663053	1.2593995168446235	0.6049943386320751	0.8076169356744942	0.6049943386320751	0.8076169356744942	0.5714285714285714	endpoint
K04772	0.0	1.1790134699863875	1.236458265647261	1.7197594258180238	0.1431685754608881	0.1111494228206956	0.8568314245391119	0.8888505771793044	1.0	baseline
K04773	0.0	0.27365553636163736	0.24251321057757072	1.7073516076802124	0.400089686230177	0.428992204275765	0.599910313769823	0.571007795724235	0.5714285714285714	baseline
K04774	0.2857142857142857	0.9733535211800286	1.0566781929519602	2.1131125588222006	0.25468446601641925	0.17564284145013753	0.7453155339835807	0.8243571585498625	0.8571428571428571	baseline
K04775	0.0	1.170806256924141	1.2247140897861106	1.5875423406524667	0.13948033329673995	0.096776849474576	0.8605196667032601	0.903223150525424	1.0	baseline
K04781	0.14285714285714285	1.082029489161784	1.1782477562961486	2.1441779533082976	0.1887892351233982	0.0664926255976166	0.8112107648766018	0.9335073744023834	1.0	baseline
K04783	0.0	0.23665230818166955	0.1740074333950721	1.3053294984066237	0.6048857824674846	0.5679345053426049	0.6048857824674846	0.5679345053426049	0.5714285714285714	endpoint
K04784	0.0	0.5145213743323509	0.42205724567630626	1.3307807951461497	0.3170492511360713	0.3784595289629163	0.6829507488639287	0.6215404710370838	0.7142857142857143	baseline
K04785	0.0	0.3334003488029545	0.10743563533782101	1.3230817509351205	0.404567345015124	0.4527868721734785	0.5954326549848761	0.5472131278265215	0.5714285714285714	baseline
K04786	0.0	1.0169815646042621	1.2023956256426378	1.462707055648122	0.18584415187831613	0.15552817685531412	0.8141558481216838	0.8444718231446859	1.0	baseline
K04835	0.0	0.07076713665034609	0.21042605481451163	1.3301178326323113	0.46731005523851316	0.4356907663600348	0.5326899447614868	0.5643092336399652	0.7142857142857143	baseline
K04844	0.0	0.721921391592968	0.6755974540982289	1.590689743181119	0.29361765635005926	0.3208703059504675	0.7063823436499408	0.6791296940495325	0.8571428571428571	baseline
K05020	0.0	0.07900571724208207	0.21173661381327677	1.3296756507505212	0.49713551288646013	0.5626943953110418	0.5028644871135399	0.5626943953110418	0.5714285714285714	baseline
K05245	0.0	0.5891175386488487	0.4980757229765717	1.6095786318456045	0.3273908394405014	0.3879417700059268	0.6726091605594986	0.6120582299940732	0.7142857142857143	baseline
K05275	0.0	1.3495122116879177	1.4753983090832221	1.722690399699203	0.11260240563024757	0.09042486063930648	0.8873975943697524	0.9095751393606936	1.0	baseline
K05297	0.0	0.7739675794383338	1.2015017765814489	1.5725197086567095	0.6986340353974801	0.7940816071012196	0.6986340353974801	0.7940816071012196	0.7142857142857143	endpoint
K05305	0.0	0.11773244728362385	0.1500286467503916	1.050231964177386	0.5198686800068872	0.5765653099944064	0.5198686800068872	0.5765653099944064	0.5714285714285714	endpoint
K05306	0.0	0.19317635090463145	0.4225738173089033	1.2878998344291663	0.45506524571422047	0.39115864975542725	0.5449347542857795	0.6088413502445728	0.7142857142857143	baseline
K05311	0.0	0.07647996887465736	0.0595027187196674	1.5976125052371635	0.46118264828214484	0.4935011292246299	0.5388173517178552	0.5064988707753701	0.5714285714285714	baseline
K05337	0.0	0.6303096664162052	1.2312002399371011	1.466183824014391	0.667518690436335	0.8224884137288564	0.667518690436335	0.8224884137288564	0.7142857142857143	endpoint
K05338	0.0	0.8175707680742217	1.2067830140540188	1.5282574399045152	0.7303258309508502	0.704803180164035	0.7303258309508502	0.704803180164035	0.8571428571428571	endpoint
K05340	0.0	0.1414749034648324	0.03521783935131741	1.5063831732770157	0.47725835590472565	0.4647748132661778	0.5227416440952743	0.5352251867338222	0.5714285714285714	baseline
K05341	0.0	0.6291295937979996	0.43513212513818983	1.3266778628758913	0.6958828483151575	0.6530011068298122	0.6958828483151575	0.6530011068298122	1.0	endpoint
K05342	0.0	0.34940017777666077	0.8494978404794543	1.2726290870075185	0.6227495348897324	0.7414176179254665	0.6227495348897324	0.7414176179254665	0.5714285714285714	endpoint
K05343	0.0	0.018784402612592923	0.25142333779609105	1.3044202916933956	0.525929217358114	0.4445103661236258	0.525929217358114	0.5554896338763742	0.5714285714285714	baseline
K05346	0.0	0.7712113049480135	0.9317893929864466	1.511260799875789	0.736338206447156	0.7907584682337907	0.736338206447156	0.7907584682337907	0.8571428571428571	endpoint
K05349	0.0	0.06849060233619184	0.06045817843483769	1.2031813780362461	0.4615340562711629	0.508151556559766	0.538465943728837	0.508151556559766	0.5714285714285714	baseline
K05350	0.0	0.07350276909305509	0.31527472341390955	1.268132982579712	0.5015344919438821	0.41828619667401956	0.5015344919438821	0.5817138033259804	0.5714285714285714	baseline
K05351	0.0	0.6092516821066308	0.9090169618386768	1.4836052364298928	0.3634751693792033	0.22434677806511824	0.6365248306207967	0.7756532219348817	0.7142857142857143	baseline
K05352	0.0	0.5855395690465427	1.0525828450328272	1.7365509857402692	0.6839628439664744	0.7592673525184092	0.6839628439664744	0.7592673525184092	0.7142857142857143	endpoint
K05358	0.14285714285714285	1.416999068716853	1.4687783711781457	2.063777493069456	0.10622327634233143	0.10278584737676126	0.8937767236576686	0.8972141526232388	1.0	baseline
K05362	0.0	0.38922424928577176	0.5206324163713901	1.4276399392152357	0.6453062979110248	0.6766415498138619	0.6453062979110248	0.6766415498138619	0.8571428571428571	endpoint
K05363	0.0	0.14155087771047908	0.1217719364039725	1.3052430481310522	0.5865204150622566	0.4504070884883001	0.5865204150622566	0.5495929115117	0.5714285714285714	endpoint
K05364	0.0	0.2038206219703904	0.47651836803054204	0.82116126727446	0.41854433366112803	0.3762895295560123	0.5814556663388719	0.6237104704439878	0.5714285714285714	baseline
K05365	0.14285714285714285	1.3766881451142723	1.5909995367875611	2.1128834352489276	0.12461341008418733	0.119888453419316	0.8753865899158126	0.880111546580684	1.0	baseline
K05366	0.0	0.8117453667302968	1.2221304850029786	1.5046185051288903	0.7330204361169935	0.7989041847227036	0.7330204361169935	0.7989041847227036	0.8571428571428571	endpoint
K05367	0.0	0.8384580808404333	1.0159683130194141	1.4683941834584895	0.2592032176133279	0.1718258277245955	0.7407967823866721	0.8281741722754045	0.8571428571428571	baseline
K05368	0.0	0.5768130205768273	1.1290321319232808	1.5138535609010966	0.3674022193649288	0.24077677317992632	0.6325977806350712	0.7592232268200737	0.7142857142857143	baseline
K05372	0.0	0.514124210046375	0.45962088132649476	1.378620604601137	0.3619848262934761	0.4057444997617125	0.6380151737065238	0.5942555002382874	0.7142857142857143	baseline
K05373	0.0	0.17853577265449092	0.25790529466373	1.727948955206521	0.4943487970163441	0.4232056681149111	0.505651202983656	0.5767943318850889	0.5714285714285714	baseline
K05374	0.0	0.6969811889329941	1.3581376246856502	1.7083805961984528	0.30925100901895014	0.2028199059824618	0.6907489909810498	0.7971800940175382	0.7142857142857143	baseline
K05396	0.0	1.1695423972316459	1.4016107003741805	1.4743361127945773	0.17076811732219	0.17771592986635273	0.82923188267781	0.8222840701336472	1.0	baseline
K05499	0.0	0.7407177228078599	0.9727654624756283	1.3773486436035984	0.27503385673750697	0.27821823820299446	0.724966143262493	0.7217817617970055	0.8571428571428571	baseline
K05501	0.0	0.7497393474650239	1.2052669265570632	1.8143042177704316	0.26942213982279356	0.08904674976038497	0.7305778601772064	0.910953250239615	0.8571428571428571	baseline
K05515	0.0	0.4772544649075438	0.8685901625613348	1.364236986806942	0.3307524166016765	0.26821999219419335	0.6692475833983236	0.7317800078058067	0.7142857142857143	baseline
K05516	0.0	0.2973843276095688	0.7509073648918384	1.4696040955933503	0.5985779523329314	0.714613614464128	0.5985779523329314	0.714613614464128	0.7142857142857143	endpoint
K05517	0.0	0.7995476341089025	1.1016445115333513	1.3840911238071845	0.24430776424877482	0.17817972503114343	0.7556922357512252	0.8218202749688566	0.7142857142857143	baseline
K05520	0.0	0.07480216416057926	0.45353891235825805	1.2112865157746977	0.48719043987350563	0.5692224247008597	0.5128095601264944	0.5692224247008597	0.5714285714285714	baseline
K05521	0.0	0.4256605426204282	1.0022786268431427	1.1724182301814154	0.34869965665797836	0.24833106522405457	0.6513003433420217	0.7516689347759454	0.7142857142857143	baseline
K05522	0.0	0.0674716587404139	0.1566866748964705	1.2366878317094707	0.5017024664289893	0.4446113448963288	0.5017024664289893	0.5553886551036712	0.5714285714285714	baseline
K05523	0.0	0.35648008648385626	0.8116473991666947	1.3824064296837986	0.3977786617506781	0.3358897967885679	0.6022213382493219	0.6641102032114321	0.7142857142857143	baseline
K05524	0.0	0.10696773589670276	0.011726965029191065	1.3141579531901828	0.5014300003102103	0.46689844979214923	0.5014300003102103	0.5331015502078508	0.5714285714285714	baseline
K05526	0.0	0.854904923722511	1.3285090512401112	1.589270941733476	0.2743831269109725	0.19401640497019262	0.7256168730890276	0.8059835950298073	0.8571428571428571	baseline
K05527	0.0	0.5192811346319256	0.38172651028695553	1.3889458406462005	0.37539889878693333	0.40725539608454214	0.6246011012130667	0.5927446039154578	0.7142857142857143	baseline
K05539	0.0	0.6090663230991498	0.9620464727453533	1.2913183089549682	0.32348831906013664	0.288287489651052	0.6765116809398634	0.711712510348948	0.8571428571428571	baseline
K05540	0.0	0.1853339425198414	0.09964968701049162	1.2414804550070326	0.44032369330740656	0.48989853357778196	0.5596763066925934	0.5101014664222181	0.5714285714285714	baseline
K05541	0.0	0.8508226309994313	0.8926879879209101	1.7231111471005718	0.2577145981158987	0.23982247198910747	0.7422854018841013	0.7601775280108926	0.8571428571428571	baseline
K05549	0.0	1.0264206163971419	1.2421359953365039	1.9592467365023263	0.21273456123827	0.14539169218604947	0.7872654387617299	0.8546083078139506	0.8571428571428571	baseline
K05550	0.0	0.4430594401207592	0.6068681732856266	1.2918331430311452	0.3701754439923313	0.3190236669613406	0.6298245560076687	0.6809763330386593	0.7142857142857143	baseline
K05566	0.0	0.6746324189696683	0.7943807306887922	1.44506813065541	0.694016662003307	0.698904885173831	0.694016662003307	0.698904885173831	0.8571428571428571	endpoint
K05568	0.0	1.1304523273431184	1.2834938573799484	1.9359833591661866	0.8217626961809159	0.8420350406204232	0.8217626961809159	0.8420350406204232	1.0	endpoint
K05589	0.0	1.1864545719271415	1.3629900654100953	1.5909150332706146	0.14783824693436873	0.16377195437461062	0.8521617530656312	0.8362280456253894	1.0	baseline
K05590	0.0	0.37444118991938685	0.18863674133426322	1.4767910100963186	0.42020459549056166	0.41995243801277826	0.5797954045094383	0.5800475619872217	0.7142857142857143	baseline
K05591	0.0	0.4054729476978728	0.7140211867180793	1.6954251500416884	0.38922494875515506	0.2737430102292303	0.6107750512448449	0.7262569897707697	0.7142857142857143	baseline
K05592	0.0	0.1628152180362943	0.70845733272272	1.7905488860217065	0.4835028103276887	0.6788177208334509	0.5164971896723113	0.6788177208334509	0.5714285714285714	endpoint
K05593	0.0	0.1342338113668858	0.2684585143594674	1.8097622822707347	0.5001360591848062	0.433638546862165	0.5001360591848062	0.5663614531378349	0.5714285714285714	endpoint
K05595	0.0	0.2085941221686798	0.5428073024776532	1.763749440766427	0.5673411057307064	0.6164771700970486	0.5673411057307064	0.6164771700970486	0.7142857142857143	endpoint
K05596	0.0	0.1617327295303023	0.31722115291730224	1.7054774766135452	0.5884392713765478	0.6436109719784796	0.5884392713765478	0.6436109719784796	0.5714285714285714	endpoint
K05601	0.0	0.337777133244977	0.41331821212835035	1.5351130731802947	0.6052658335485889	0.6127943187331842	0.6052658335485889	0.6127943187331842	0.7142857142857143	endpoint
K05603	0.0	0.023107290808119383	0.23880588899552632	1.1109458096454787	0.5206294571786475	0.45736660904472	0.5206294571786475	0.5426333909552801	0.5714285714285714	baseline
K05606	0.0	0.35121322950417433	0.6400991373480386	1.2019690271137031	0.4021410917554626	0.3398067485279105	0.5978589082445374	0.6601932514720895	0.5714285714285714	baseline
K05658	0.0	0.12177556026493434	0.24040655185406437	1.690357917020907	0.5183900530009539	0.4413707088088768	0.5183900530009539	0.5586292911911233	0.5714285714285714	endpoint
K05685	0.0	0.6859875714369472	0.9401911105175104	1.3065146537161871	0.29576504258026465	0.21071217972736292	0.7042349574197353	0.7892878202726371	0.8571428571428571	baseline
K05708	0.0	0.28175501010750176	0.4649615653420234	1.5373417124226763	0.6352795896784876	0.6606786457585854	0.6352795896784876	0.6606786457585854	0.7142857142857143	endpoint
K05711	0.0	0.9022090183874868	0.9917383368745428	1.4427650192171588	0.2236256271856325	0.2342757850091091	0.7763743728143675	0.7657242149908909	1.0	baseline
K05712	0.0	0.7071635701031287	0.8311858739681841	1.3658124643859963	0.2711403918430753	0.31152409193514274	0.7288596081569247	0.6884759080648573	0.8571428571428571	baseline
K05713	0.0	0.3513439816483164	0.14477256288272705	1.326444440445746	0.39068543960476354	0.47791114814818964	0.6093145603952365	0.5220888518518103	0.5714285714285714	baseline
K05714	0.0	0.35867817061220375	0.14443818001086312	1.5668498154944395	0.39615700429623935	0.4466445589145236	0.6038429957037607	0.5533554410854764	0.5714285714285714	baseline
K05774	0.0	0.822729557972199	1.035473134614698	1.402776106668236	0.28213330022990807	0.19014326146243832	0.717866699770092	0.8098567385375617	0.8571428571428571	baseline
K05775	0.0	0.9346899125759592	1.0712076123942595	1.491044145829041	0.21963909310905919	0.18260798822821342	0.7803609068909408	0.8173920117717866	1.0	baseline
K05776	0.0	0.6841253837155942	0.9266120864628382	1.423086668091112	0.3249355937430339	0.2343926818807842	0.6750644062569662	0.7656073181192158	0.7142857142857143	baseline
K05777	0.14285714285714285	1.0307481946362878	1.3753804399417426	2.008231384978096	0.22932729891168321	0.19817474962538922	0.7706727010883168	0.8018252503746108	0.8571428571428571	baseline
K05778	0.0	0.5569104069847445	0.7153312572888129	1.7191872321531436	0.3399477853630989	0.22538774663267888	0.6600522146369011	0.7746122533673211	0.7142857142857143	baseline
K05780	0.0	0.8177697763950385	1.1468919634510004	1.3464278044359739	0.2809563121553561	0.19972152514997996	0.7190436878446439	0.80027847485002	0.8571428571428571	baseline
K05781	0.0	0.9588693579844731	0.9953264150457177	1.5902360772770845	0.22151945033691742	0.30539962200208987	0.7784805496630826	0.6946003779979102	1.0	baseline
K05782	0.0	0.754691744103623	1.1508227490345553	1.4723832958912013	0.25882183780599327	0.27958768927103217	0.7411781621940068	0.7204123107289678	0.7142857142857143	baseline
K05783	0.0	0.6387796914536489	1.1502600347476983	1.331365292614039	0.31772349645238773	0.2576592661166124	0.6822765035476123	0.7423407338833876	0.7142857142857143	baseline
K05784	0.0	0.7666512996102969	0.7229489398553067	1.735265160630801	0.3017869971784782	0.2705409599167555	0.6982130028215219	0.7294590400832446	0.8571428571428571	baseline
K05785	0.0	0.5248095953519955	0.7187732287316998	1.3087989816480041	0.37484107542821654	0.2833529648266104	0.6251589245717835	0.7166470351733896	0.8571428571428571	baseline
K05786	0.0	0.9073964759962785	1.3710662131534506	1.5784247868120982	0.23460504005965868	0.1441906221669008	0.7653949599403413	0.8558093778330992	0.7142857142857143	baseline
K05787	0.0	0.7992337105637574	1.237336632928638	1.4246428996865845	0.3005029051188293	0.23413435202678798	0.6994970948811707	0.765865647973212	0.7142857142857143	baseline
K05789	0.0	0.43256934281714526	1.0472016695287725	1.7708709715469173	0.4248218477583084	0.17866356507119166	0.5751781522416917	0.8213364349288084	0.5714285714285714	baseline
K05790	0.0	1.4034206050254412	1.4627769139119728	1.937126312019529	0.10170256215690722	0.06033341148219624	0.8982974378430928	0.9396665885178037	1.0	baseline
K05794	0.0	0.671488641188885	0.9563347272595127	1.7691617081347464	0.3522565089356364	0.21674958150044493	0.6477434910643636	0.783250418499555	0.7142857142857143	baseline
K05795	0.0	1.0299419543476882	1.115826275962949	1.3687735846792703	0.8118624259768014	0.8141541266335715	0.8118624259768014	0.8141541266335715	1.0	endpoint
K05796	0.0	0.9745843210288581	1.033273140357006	1.3485972689616643	0.21029813697195412	0.2716361256268099	0.7897018630280459	0.7283638743731902	1.0	baseline
K05798	0.0	0.9791551378827342	1.1743726980967777	1.3882886604799145	0.18880964508087475	0.2386498835581141	0.8111903549191253	0.7613501164418859	1.0	baseline
K05799	0.0	0.7634670330310815	1.0339441123793771	1.446411310957286	0.7049773914434806	0.7549099912551349	0.7049773914434806	0.7549099912551349	0.8571428571428571	endpoint
K05800	0.0	0.4344078380178383	0.5283596483561734	1.3256034621946888	0.37437258803255985	0.329414893426519	0.6256274119674401	0.670585106573481	0.8571428571428571	baseline
K05801	0.0	0.7623505391305383	1.3355356571717865	1.4761993997101608	0.29807983526854676	0.20097322130832823	0.7019201647314532	0.7990267786916718	0.8571428571428571	baseline
K05802	0.0	0.5877166185114735	0.7329330747271185	1.6705049473427447	0.3328415578316704	0.24462261130724583	0.6671584421683296	0.7553773886927542	0.7142857142857143	baseline
K05803	0.14285714285714285	0.8703349680692343	1.1767768724283643	2.0679576921146654	0.30010344749876394	0.17215127946465497	0.6998965525012361	0.8278487205353451	0.8571428571428571	baseline
K05804	0.0	0.6099367044849144	1.126954432141586	1.47156578692568	0.2835939449944353	0.12563933764602714	0.7164060550055646	0.8743606623539728	0.8571428571428571	baseline
K05805	0.0	1.2014823412031583	1.1887526042817327	1.9265017167403633	0.1579652400389818	0.150827268869379	0.8420347599610182	0.849172731130621	1.0	baseline
K05807	0.0	0.3390274435549619	0.6030438599721983	1.2945503587099614	0.41787715305225015	0.36986854392944335	0.5821228469477499	0.6301314560705567	0.7142857142857143	baseline
K05808	0.0	0.24738505908676747	0.3104701700931669	1.4328024955040395	0.5542266012197953	0.5857763173235702	0.5542266012197953	0.5857763173235702	0.5714285714285714	endpoint
K05810	0.0	0.22092242481198296	0.3721615626220222	1.3529139410432724	0.42825443448111794	0.42619073151581643	0.5717455655188821	0.5738092684841836	0.7142857142857143	baseline
K05811	0.0	0.6478274725596921	0.7718670960147795	1.3277860257645597	0.33791754871620977	0.2633269393799	0.6620824512837902	0.7366730606201	0.7142857142857143	baseline
K05812	0.14285714285714285	0.9556334049141633	1.301088667716787	2.0498810086418424	0.2476206724637833	0.16275416581487478	0.7523793275362167	0.8372458341851252	0.8571428571428571	baseline
K05813	0.0	0.37723777275679043	0.6184330873948898	1.4543625438327057	0.4207610786128951	0.3610180865945517	0.579238921387105	0.6389819134054483	0.5714285714285714	baseline
K05814	0.0	0.03727527042252613	0.06682892797013944	1.3672488637651095	0.5208262645828323	0.5288178893927747	0.5208262645828323	0.5288178893927747	0.5714285714285714	endpoint
K05815	0.0	0.19855500750718894	0.6133147630607693	1.251322186098043	0.4403219729617905	0.36881242930482383	0.5596780270382096	0.6311875706951762	0.5714285714285714	baseline
K05816	0.0	0.8942754042957921	1.1363980623351053	1.5636290003007378	0.2662294106442693	0.20712859407368756	0.7337705893557307	0.7928714059263124	0.8571428571428571	baseline
K05817	0.0	0.03505661280359013	0.12632918696455098	1.386000408914848	0.457944059432191	0.54272785465262	0.5420559405678089	0.54272785465262	0.5714285714285714	baseline
K05818	0.0	0.5684925558537723	0.4613204839154952	1.3181442006672655	0.3141125589183697	0.36437727754533134	0.6858874410816302	0.6356227224546687	0.7142857142857143	baseline
K05819	0.0	0.7616919551101058	1.150393862699054	1.355626182875401	0.29831061350527344	0.2674431203089326	0.7016893864947266	0.7325568796910674	0.8571428571428571	baseline
K05820	0.0	0.5763733866576289	1.1116057594344335	1.2907693110393343	0.3397149632148461	0.28609759385531386	0.6602850367851538	0.7139024061446861	0.7142857142857143	baseline
K05822	0.0	0.2858556556641561	0.1765685973467371	1.5345906518880879	0.414006517258775	0.4537835767070573	0.585993482741225	0.5462164232929427	0.5714285714285714	baseline
K05823	0.0	0.8944377127321937	1.232838435987748	1.346882689982814	0.7662013980269317	0.7592546512299339	0.7662013980269317	0.7592546512299339	1.0	endpoint
K05825	0.0	0.25874006470841343	0.4555454754649171	1.4231102365949606	0.5967601967525888	0.6272887386409458	0.5967601967525888	0.6272887386409458	0.5714285714285714	endpoint
K05832	0.0	0.9532534045607266	1.0687683764917648	1.5007284318635186	0.7819529204328178	0.8481325376224589	0.7819529204328178	0.8481325376224589	0.8571428571428571	endpoint
K05833	0.0	1.2551283917365321	1.4483666231477186	1.5187522648785892	0.8732145959952576	0.9068592705400348	0.8732145959952576	0.9068592705400348	1.0	endpoint
K05834	0.0	0.22442452557276596	0.371290924929994	1.3740244846114675	0.4441751203165479	0.40898767246902873	0.5558248796834522	0.5910123275309713	0.5714285714285714	baseline
K05835	0.0	0.6074288055484807	0.8560696061180975	1.4754464753501864	0.3223817176028813	0.23958855970294932	0.6776182823971186	0.7604114402970507	0.7142857142857143	baseline
K05836	0.0	0.8040503033167578	0.7239144751293675	1.519351079493564	0.24590477062375352	0.24992854247292595	0.7540952293762465	0.750071457527074	1.0	baseline
K05837	0.0	0.2228982739118584	0.5847625516859815	1.6260441509007215	0.6107540817634571	0.6688179378847646	0.6107540817634571	0.6688179378847646	0.5714285714285714	endpoint
K05838	0.0	1.0680171080935816	1.2790131209900615	1.9172219829749604	0.21014128225690024	0.06498664375731088	0.7898587177430998	0.9350133562426891	0.8571428571428571	baseline
K05839	0.0	0.7727480850459006	0.9497857811922737	1.5839462911831743	0.27822708658501577	0.3129592328777984	0.7217729134149842	0.6870407671222016	0.7142857142857143	baseline
K05844	0.0	0.8833282071407883	1.2543170973909075	1.4398403828042625	0.23519925481189347	0.20862976528062804	0.7648007451881065	0.791370234719372	0.8571428571428571	baseline
K05845	0.0	0.025256507390733565	0.17794258230914894	1.3060172489751956	0.464308253223316	0.4532670375805192	0.535691746776684	0.5467329624194808	0.5714285714285714	baseline
K05846	0.0	0.6045002067255572	0.20524697180093673	1.6784442277862055	0.6729067045691072	0.5778923777985018	0.6729067045691072	0.5778923777985018	0.8571428571428571	endpoint
K05847	0.0	0.6622140992796535	0.4173778980366068	1.31510336967297	0.28218852546830125	0.32765961463199256	0.7178114745316988	0.6723403853680074	1.0	baseline
K05851	0.0	0.6289654046376744	1.0090327360225049	1.6728283107346038	0.33351537434508377	0.2684893611082493	0.6664846256549162	0.7315106388917507	0.7142857142857143	baseline
K05874	0.0	0.2981751146244638	0.09327522886719292	1.431155683403915	0.4127629359474157	0.4551374578746856	0.5872370640525844	0.5448625421253144	0.5714285714285714	baseline
K05875	0.0	1.0249038295947202	1.2450354849885992	1.785718901597766	0.22214786710861117	0.09572942243481514	0.7778521328913888	0.9042705775651849	0.8571428571428571	baseline
K05876	0.0	0.9141566912623211	1.1167596816319048	1.7128180200977081	0.23756115628256128	0.18629813214940913	0.7624388437174388	0.8137018678505908	0.8571428571428571	baseline
K05877	0.0	0.5114834181236144	0.678336886708966	1.3878143394636537	0.3561183209643433	0.35801894859319333	0.6438816790356567	0.6419810514068067	0.7142857142857143	baseline
K05878	0.0	0.23173063815211467	0.17243161579380276	1.2967181678321975	0.579200851750861	0.5551642292950898	0.579200851750861	0.5551642292950898	0.5714285714285714	endpoint
K05879	0.0	0.008568585129089028	0.017572196673135913	0.9335851270220149	0.48572724277787144	0.4770911163500836	0.5142727572221286	0.5229088836499164	0.5714285714285714	endpoint
K05880	0.0	0.9667393975569796	1.3977610492008377	1.8211877794364988	0.233199439647043	0.09230726354497189	0.766800560352957	0.9076927364550281	0.8571428571428571	baseline
K05881	0.0	0.6978947362905943	0.9274063820917968	1.7099179028165366	0.3119677181610106	0.3166741471096958	0.6880322818389895	0.6833258528903041	0.8571428571428571	baseline
K05882	0.0	0.7861100040418477	0.7221531958928575	1.4155550187912065	0.2723130850096382	0.3085834548591608	0.7276869149903618	0.6914165451408392	1.0	baseline
K05887	0.0	0.8527483492730853	0.9708866900270962	1.9757854462177127	0.29365415950200763	0.14264631516215967	0.7063458404979923	0.8573536848378404	0.8571428571428571	baseline
K05895	0.14285714285714285	0.542266492340933	1.2540454179103488	2.0618114811243613	0.30927543305134886	0.1086747255543346	0.6907245669486511	0.8913252744456654	0.7142857142857143	baseline
K05896	0.0	0.28289754104565745	0.37574234128088313	1.3152407893270393	0.5909578853353202	0.6112042106214153	0.5909578853353202	0.6112042106214153	0.5714285714285714	endpoint
K05910	0.14285714285714285	0.6761525929370136	0.9746598437547104	2.0525049401296815	0.35141709530589377	0.2389832515395849	0.6485829046941063	0.7610167484604151	0.5714285714285714	baseline
K05916	0.0	0.8826844095102265	1.212396172749836	1.321526362256807	0.2463417399493217	0.21624107758262961	0.7536582600506783	0.7837589224173704	0.8571428571428571	baseline
K05919	0.0	0.32957657307929916	0.10288417127945407	1.5283453201678487	0.5827952124485106	0.5452633517681434	0.5827952124485106	0.5452633517681434	0.7142857142857143	endpoint
K05921	0.0	0.732333939621406	1.2980210481939802	1.4340822332788268	0.2509704622994999	0.20974338326118586	0.7490295377005001	0.7902566167388141	0.7142857142857143	baseline
K05934	0.0	0.7881739036816453	1.1315674389141575	1.7622714542856102	0.697957364544485	0.8045075209168919	0.697957364544485	0.8045075209168919	0.7142857142857143	endpoint
K05936	0.0	0.49625214869608075	0.7087337168485509	1.3279138550769531	0.6139956857229292	0.7141950734671528	0.6139956857229292	0.7141950734671528	0.7142857142857143	endpoint
K05939	0.0	1.147894201688158	1.2418104231510474	1.7238600514627471	0.15091694482805412	0.08444480009011197	0.8490830551719459	0.915555199909888	0.8571428571428571	baseline
K05946	0.0	0.0007478099344875311	0.10449978260986824	1.332160357275722	0.4900718137349217	0.46218957938491906	0.5099281862650783	0.5378104206150809	0.7142857142857143	baseline
K05964	0.0	0.6823083717122064	0.6004174025128753	1.5531483894933764	0.2884531878296684	0.37282910155153726	0.7115468121703317	0.6271708984484627	1.0	baseline
K05966	0.0	1.2170132170877046	1.266033004236488	1.486048486640233	0.13733441886347122	0.0980255626171638	0.8626655811365288	0.9019744373828362	1.0	baseline
K05967	0.0	1.0902593180871587	1.2601528327627842	1.7258326459873607	0.8332091187493292	0.9166596311529418	0.8332091187493292	0.9166596311529418	1.0	endpoint
K05970	0.0	0.17240490967814565	0.23831335934211081	1.353038114695308	0.4786681642835822	0.4574817525833237	0.5213318357164178	0.5425182474166763	0.7142857142857143	baseline
K05982	0.0	0.9089987494677871	1.1058565731010035	1.405276769719435	0.23928149988059985	0.2654054845562422	0.7607185001194001	0.7345945154437579	0.8571428571428571	baseline
K05984	0.0	0.7573102787335981	0.8469578343930274	1.852473574984359	0.27758549264548077	0.20083325607372401	0.7224145073545192	0.799166743926276	0.7142857142857143	baseline
K05985	0.0	0.18032073382907618	0.3185839823867056	1.3366336225185487	0.5938160108435913	0.5961778591221023	0.5938160108435913	0.5961778591221023	0.8571428571428571	endpoint
K05988	0.0	0.4504505653313606	0.3825516715987996	1.2651942759548864	0.6371525282493244	0.6340591933410333	0.6371525282493244	0.6340591933410333	0.8571428571428571	endpoint
K05989	0.0	0.3309229690469673	0.6458750364373244	1.3965866003952392	0.4278702885554861	0.3413008759729146	0.5721297114445139	0.6586991240270854	0.7142857142857143	baseline
K05995	0.0	0.17715427976864145	0.3494969476979313	1.2894085257504826	0.5403708644663431	0.5326776255804379	0.5403708644663431	0.5326776255804379	0.5714285714285714	endpoint
K06001	0.0	0.33774161578131473	0.6030435787849363	1.4354360044629175	0.37641207048385805	0.35144396357063673	0.623587929516142	0.6485560364293632	0.5714285714285714	baseline
K06006	0.0	0.40464284532007166	0.5944170570654852	1.2222077157232496	0.4137383376088611	0.3229925677063798	0.586261662391139	0.6770074322936201	0.7142857142857143	baseline
K06012	0.0	0.9014867380419659	0.9001032506112022	1.8433016015549126	0.743957698046641	0.7766034988616627	0.743957698046641	0.7766034988616627	0.8571428571428571	endpoint
K06015	0.0	0.4255990717532576	0.43600847523756975	1.4626702590760339	0.3414733293617115	0.3562491410465371	0.6585266706382885	0.6437508589534628	0.7142857142857143	baseline
K06016	0.0	0.19234719555270005	0.4761588225591404	1.7555100536102406	0.47718581150761	0.307483185110493	0.52281418849239	0.692516814889507	0.5714285714285714	baseline
K06020	0.0	0.3476287864350672	0.21394058454918824	1.8645356430829008	0.41005894618658945	0.44866571161797675	0.5899410538134106	0.5513342883820233	0.5714285714285714	baseline
K06023	0.0	0.9635330943862085	1.1340691071217295	1.6685545407520275	0.7651228652918365	0.8483196454931914	0.7651228652918365	0.8483196454931914	0.8571428571428571	endpoint
K06024	0.0	0.4916093702247698	0.5187176685633099	1.3706420206646952	0.6297243690979991	0.6812131450888925	0.6297243690979991	0.6812131450888925	0.8571428571428571	endpoint
K06041	0.0	0.637591730124964	1.234288168701381	1.4769469933354797	0.2726927826990817	0.11700921333717143	0.7273072173009183	0.8829907866628286	0.7142857142857143	baseline
K06042	0.0	0.025243897714518786	0.12780758500087935	1.2298912055120281	0.49958277968978	0.4833157826880195	0.50041722031022	0.5166842173119806	0.5714285714285714	endpoint
K06044	0.0	1.0063402041244438	1.139098163470235	1.654465474584773	0.18018155372402347	0.11829814429499427	0.8198184462759766	0.8817018557050057	0.8571428571428571	baseline
K06045	0.0	0.7198892133403528	0.8451057810022923	1.3669690931090108	0.28738235748584057	0.30396451094919796	0.7126176425141595	0.696035489050802	0.8571428571428571	baseline
K06048	0.0	0.8971634689237781	1.0365775797181567	1.3884468577100582	0.21664337517370025	0.15805412601379873	0.7833566248262998	0.8419458739862012	0.8571428571428571	baseline
K06073	0.0	1.1279258317780854	1.2803032882307361	1.5944533282248534	0.19413258234186387	0.1547365750304367	0.8058674176581362	0.8452634249695633	0.8571428571428571	baseline
K06074	0.14285714285714285	0.4852279053614667	0.6194460023585595	2.015495448598594	0.38463038307786795	0.3076635828499037	0.6153696169221321	0.6923364171500963	0.5714285714285714	baseline
K06075	0.0	0.9079297245391807	1.1238734133171102	1.9036415143526821	0.28298219151866155	0.18059587049875092	0.7170178084813384	0.8194041295012491	0.7142857142857143	baseline
K06076	0.0	0.31597236063801803	0.029589083235419585	1.4982861030969468	0.35850649299075715	0.4607673150401855	0.6414935070092429	0.5392326849598146	0.5714285714285714	baseline
K06077	0.0	0.5375629620647556	0.7130786506425338	1.2532500937929583	0.3149878985588262	0.2851681607352482	0.6850121014411739	0.7148318392647518	0.8571428571428571	baseline
K06079	0.0	0.5303850975726275	1.0990619081363346	1.261631813325527	0.3719071625407957	0.28291197738274115	0.6280928374592043	0.7170880226172589	0.7142857142857143	baseline
K06080	0.0	0.5131385523164936	0.6241895252154603	1.3702389418877023	0.3506124715922203	0.31350233655497944	0.6493875284077797	0.6864976634450206	0.8571428571428571	baseline
K06113	0.0	0.1743788187783391	0.43864108123721474	1.2555092974386646	0.5773856040315637	0.543433996209493	0.5773856040315637	0.543433996209493	0.5714285714285714	endpoint
K06120	0.0	0.418155950954342	0.4327409419064307	1.3445383736591585	0.38024255649777144	0.3746276877004819	0.6197574435022286	0.6253723122995181	0.7142857142857143	baseline
K06131	0.0	0.6398472354054673	0.8921766080839186	1.8101352487290412	0.6637725913213952	0.6431799514880311	0.6637725913213952	0.6431799514880311	0.8571428571428571	endpoint
K06132	0.0	0.6433135078232125	0.4498346438423416	1.2900403693955622	0.31118158915460475	0.38364455424367244	0.6888184108453952	0.6163554457563276	0.7142857142857143	baseline
K06133	0.0	0.32680277134479513	0.05477619224240192	1.40504150099736	0.4350149770901845	0.5101894719661744	0.5649850229098154	0.5101894719661744	0.5714285714285714	baseline
K06141	0.0	0.24742517071036363	0.43249425434877126	1.4728343936726047	0.4164968724521069	0.38780513053711596	0.583503127547893	0.612194869462884	0.7142857142857143	baseline
K06142	0.0	0.14919215692496818	0.14264229017045293	1.4179703284244014	0.45932542289805983	0.5469531855950739	0.5406745771019401	0.5469531855950739	0.5714285714285714	baseline
K06143	0.0	0.44080085860787316	0.6441085929975173	1.5178115808405925	0.3630393270057352	0.3295057071464302	0.6369606729942647	0.6704942928535698	0.7142857142857143	baseline
K06144	0.0	0.3777818411497919	0.5034394755317323	1.1868723997167863	0.39063185195236855	0.3472381104151431	0.6093681480476314	0.6527618895848569	0.7142857142857143	baseline
K06145	0.0	1.180077489808813	1.3645192594560125	1.757916074260423	0.16690375012403338	0.1691953512338698	0.8330962498759666	0.8308046487661302	1.0	baseline
K06146	0.0	0.5919360474836687	0.7850698904888165	1.7374380855580125	0.3513655939962309	0.25244357414732127	0.6486344060037691	0.7475564258526788	0.7142857142857143	baseline
K06147	0.0	0.24319905214571844	0.3368657497519252	1.4537539521653924	0.5494647648679541	0.5919470735903839	0.5494647648679541	0.5919470735903839	0.5714285714285714	endpoint
K06148	0.0	0.7720119353302737	1.0367743954581101	1.4088229506610628	0.7114464423934582	0.8190547286308129	0.7114464423934582	0.8190547286308129	0.7142857142857143	endpoint
K06149	0.14285714285714285	0.29021308778563565	0.07481228150017202	2.0872393782768177	0.49350739479848854	0.4870146353461825	0.5064926052015115	0.5129853646538175	0.5714285714285714	baseline
K06153	0.0	0.56645057274674	0.7207125349986484	1.3860364349507877	0.7039429288108406	0.7883282021947852	0.7039429288108406	0.7883282021947852	0.7142857142857143	endpoint
K06155	0.14285714285714285	0.3319823484475845	0.011504535727377613	2.355604784474591	0.43972109344955373	0.5158841578910153	0.5602789065504463	0.5158841578910153	0.5714285714285714	baseline
K06156	0.14285714285714285	0.8902384152762582	1.3027276505926932	2.0616326416206734	0.24117492066411597	0.05346476944946433	0.7588250793358841	0.9465352305505357	0.7142857142857143	baseline
K06157	0.0	1.0354908116257044	1.053509824676658	1.9970573506256628	0.22553546626713453	0.15198116460605215	0.7744645337328655	0.8480188353939478	0.8571428571428571	baseline
K06158	0.0	0.29455916919838476	0.4079193171458163	1.5230456600021076	0.5477116016775114	0.6200733793398313	0.5477116016775114	0.6200733793398313	0.7142857142857143	endpoint
K06159	0.14285714285714285	1.5200709485247266	1.4359364563370487	2.277622584195767	0.08016336387097285	0.08478818379103484	0.9198366361290271	0.9152118162089652	1.0	baseline
K06162	0.0	1.282090982955036	1.2022736173074204	1.7199389331850838	0.14059839369442886	0.1271158721515391	0.8594016063055712	0.8728841278484609	1.0	baseline
K06163	0.0	0.13831646713745002	0.1429611918490032	1.2978644837135018	0.46785719145257515	0.4797731738257866	0.5321428085474249	0.5202268261742133	0.7142857142857143	baseline
K06164	0.0	1.1415967306189978	1.1218118181731729	1.8150670628834513	0.16653638510148447	0.19842270620295138	0.8334636148985155	0.8015772937970487	1.0	baseline
K06165	0.0	0.8553380626986467	0.8025871198965133	1.9044007830759915	0.2963392715096012	0.24197773069589604	0.7036607284903988	0.758022269304104	0.8571428571428571	baseline
K06166	0.0	0.40175831057953165	0.45220518217087347	1.3460527246224858	0.39396938731485776	0.3955561444624906	0.6060306126851422	0.6044438555375093	0.7142857142857143	baseline
K06167	0.0	0.21092429571643775	0.42433853432151003	1.5589162511161205	0.4472694337515107	0.3772065645640898	0.5527305662484894	0.6227934354359101	0.5714285714285714	baseline
K06168	0.0	0.002960069243386781	0.06715591514168621	1.3552635424572814	0.5230436102011048	0.537469963578807	0.5230436102011048	0.537469963578807	0.5714285714285714	endpoint
K06169	0.0	0.4264128164388123	0.7603036724214465	1.7318819988022573	0.36878659393799834	0.27011477750366114	0.6312134060620016	0.7298852224963388	0.8571428571428571	baseline
K06173	0.0	0.41266246968846054	0.6727486224012854	1.5044723553967916	0.6279716864535867	0.6704697417079872	0.6279716864535867	0.6704697417079872	0.5714285714285714	endpoint
K06175	0.0	0.29175044557393953	0.5115142920337388	1.3331577125762128	0.40264877398197757	0.34637464054373984	0.5973512260180225	0.6536253594562602	0.5714285714285714	baseline
K06176	0.14285714285714285	0.9539910394356319	1.3542874888895038	2.106099532996031	0.2546607444171965	0.03460315850318857	0.7453392555828036	0.9653968414968115	0.7142857142857143	baseline
K06177	0.0	0.4941953775364677	0.5169707426165558	1.4602012146860623	0.37672285628435415	0.37685805209628886	0.6232771437156459	0.6231419479037111	0.7142857142857143	baseline
K06178	0.0	0.24779474138617782	0.7374773965816608	1.380014079038046	0.5670868972076086	0.5930399429954906	0.5670868972076086	0.5930399429954906	0.5714285714285714	endpoint
K06179	0.0	0.3844870530860235	0.8984587064344138	1.5604255129212707	0.40231489277104127	0.2921361032577965	0.5976851072289587	0.7078638967422035	0.7142857142857143	baseline
K06180	0.0	0.4678972140375759	1.0875450006520584	1.8787043154179117	0.5936359306465683	0.7674408021519391	0.5936359306465683	0.7674408021519391	0.7142857142857143	endpoint
K06181	0.0	0.939198971521869	1.0173664045356123	1.835902348105811	0.2556193846904985	0.16976337676212316	0.7443806153095015	0.8302366232378768	0.8571428571428571	baseline
K06182	0.0	0.6213477624075402	0.9557045525473177	1.6856190169277896	0.684712199881089	0.6292650071200244	0.684712199881089	0.6292650071200244	0.7142857142857143	endpoint
K06183	0.0	0.5959175182968133	0.6292825660294572	1.457043204076717	0.3234515019970163	0.3660810061899168	0.6765484980029837	0.6339189938100832	0.7142857142857143	baseline
K06185	0.0	0.818445646011255	0.8607972411250278	1.5087684415335616	0.7554304182571417	0.8385713339357939	0.7554304182571417	0.8385713339357939	0.7142857142857143	endpoint
K06186	0.0	0.6567037433756067	1.1519432269335497	1.4744481431712528	0.30199342119343126	0.15540917992924305	0.6980065788065688	0.8445908200707569	0.7142857142857143	baseline
K06187	0.0	0.6284339217354569	0.8911879872918288	1.5048107698860473	0.7077556157012344	0.7317760798582902	0.7077556157012344	0.7317760798582902	0.7142857142857143	endpoint
K06188	0.0	0.6332813802565264	0.9750841793474946	1.3571917020740527	0.3373552496074437	0.2832194624712118	0.6626447503925563	0.7167805375287881	0.7142857142857143	baseline
K06189	0.0	0.28409225230185137	0.3086951443453483	1.8515811993193445	0.43309738061961306	0.41911826430316446	0.566902619380387	0.5808817356968355	0.7142857142857143	baseline
K06190	0.0	0.019579243443770013	0.08339341340280375	1.592340266548409	0.5123519232283982	0.45677781009061535	0.5123519232283982	0.5432221899093846	0.5714285714285714	baseline
K06191	0.0	0.3999414887073402	0.9105194518598215	1.4166791275634647	0.37167884067520957	0.31947732771209575	0.6283211593247904	0.6805226722879043	0.5714285714285714	baseline
K06192	0.0	0.5404965776674698	1.0937241046467758	1.7139080570656393	0.37002816473809835	0.13755781017801338	0.6299718352619017	0.8624421898219866	0.7142857142857143	baseline
K06193	0.0	0.251756973918793	0.6246916821672805	1.2337832773226218	0.39371505604998197	0.33544746508848744	0.606284943950018	0.6645525349115126	0.5714285714285714	baseline
K06194	0.0	0.19513081797476417	0.21037609642083915	1.3921587770315254	0.4784904502381598	0.3987125505129669	0.5215095497618403	0.601287449487033	0.5714285714285714	baseline
K06195	0.0	0.5852633680055627	1.1006073260880886	1.345512538123164	0.34949083772148587	0.25167624643745473	0.6505091622785142	0.7483237535625453	0.7142857142857143	baseline
K06196	0.0	0.19382567137268336	0.5086700561421648	1.585452328804753	0.4322957800383529	0.3314720376763929	0.5677042199616471	0.6685279623236071	0.5714285714285714	baseline
K06198	0.0	0.10069859615868625	0.0841643790715618	0.976006726681902	0.4882517525470252	0.4845919093492083	0.5117482474529749	0.5154080906507916	0.5714285714285714	baseline
K06199	0.0	0.3102294017676374	0.34243504721935775	1.5827450937181262	0.39467516054108315	0.385261202843265	0.6053248394589168	0.6147387971567351	0.8571428571428571	baseline
K06200	0.0	0.4374437500898049	0.8548749692353629	1.4178223433812416	0.6355031768421847	0.7643577529914575	0.6355031768421847	0.7643577529914575	0.7142857142857143	endpoint
K06201	0.0	0.5423022564693728	0.4927283111530194	1.2681279253025128	0.6989608276994547	0.7065588091590201	0.6989608276994547	0.7065588091590201	0.7142857142857143	endpoint
K06203	0.0	0.9360443207777672	1.34982463158109	1.6961182115815274	0.22108488420319378	0.17750855652916536	0.7789151157968062	0.8224914434708346	0.8571428571428571	baseline
K06204	0.0	0.622925032828965	0.8902684318274877	1.571667143161831	0.3553639692548898	0.22868738888118	0.6446360307451102	0.77131261111882	0.7142857142857143	baseline
K06205	0.0	0.6245129023573772	0.6108415692251034	1.6966135699359963	0.33421668832592166	0.3692229721856718	0.6657833116740783	0.6307770278143282	0.8571428571428571	baseline
K06206	0.0	0.05918454817070816	0.0677601693161003	1.235536765723188	0.523014137373134	0.5290355949118728	0.523014137373134	0.5290355949118728	0.5714285714285714	endpoint
K06207	0.0	0.21606365316184162	0.3224480640060059	1.6427609659587006	0.5425187808024308	0.595566007571897	0.5425187808024308	0.595566007571897	0.5714285714285714	endpoint
K06209	0.0	0.8135589069370704	0.9005465250278314	1.7181415695389972	0.7340189370667219	0.7558273027666232	0.7340189370667219	0.7558273027666232	0.7142857142857143	endpoint
K06211	0.0	1.1127236949109114	1.2025598007437086	1.86500151748328	0.18593804752349094	0.12914182004648297	0.814061952476509	0.870858179953517	0.8571428571428571	baseline
K06212	0.0	0.28540633190045256	0.5525977160707083	1.2735921841948437	0.4381418628332961	0.3553192377365536	0.561858137166704	0.6446807622634464	0.7142857142857143	baseline
K06213	0.0	1.0350383148802993	1.348339354144331	1.8607357735760874	0.7701140778282513	0.782090399865145	0.7701140778282513	0.782090399865145	0.8571428571428571	endpoint
K06214	0.0	0.8230260305569734	1.359449044351012	1.7843562307336374	0.2629655126796655	0.1744230002201419	0.7370344873203345	0.8255769997798581	0.8571428571428571	baseline
K06215	0.0	0.041741337586025155	0.14815091152413518	1.192975227857922	0.5132557183300863	0.5756666534193544	0.5132557183300863	0.5756666534193544	0.5714285714285714	baseline
K06217	0.0	0.5112986859256357	0.7007752881940557	1.5160477691784775	0.6488709666759858	0.7458702265658395	0.6488709666759858	0.7458702265658395	0.7142857142857143	endpoint
K06218	0.0	0.7603193807518522	0.7032061656246444	1.3027973317964596	0.7338990172458505	0.675284122859123	0.7338990172458505	0.675284122859123	1.0	endpoint
K06219	0.0	0.37793612220485845	1.1546509917520202	1.2797494663980598	0.41048211298502324	0.2709301428943398	0.5895178870149768	0.7290698571056602	0.7142857142857143	baseline
K06221	0.0	0.01923279710943865	0.2288922338065352	0.6940268201457376	0.4825123718430676	0.4391068310133215	0.5174876281569324	0.5608931689866785	0.5714285714285714	endpoint
K06222	0.0	0.38387479576131883	0.7001161064631902	1.3116993019111545	0.4107451941426131	0.349521547402391	0.5892548058573869	0.6504784525976091	0.7142857142857143	baseline
K06223	0.0	0.5962946957210068	0.741014481366654	1.4759286008008354	0.32191293469010435	0.3113887739997154	0.6780870653098956	0.6886112260002846	0.7142857142857143	baseline
K06281	0.0	0.3037219099984159	0.5296350896449664	1.6573397808912893	0.4276817120384967	0.37733006737920705	0.5723182879615033	0.622669932620793	0.7142857142857143	baseline
K06282	0.0	0.541651943403582	0.7478778145820714	1.5432009585052067	0.3460118727884477	0.2612519343278782	0.6539881272115523	0.7387480656721218	0.7142857142857143	baseline
K06283	0.0	1.1391577538963955	1.297646531861333	1.637411123250463	0.8440036403473881	0.9589669506942504	0.8440036403473881	0.9589669506942504	1.0	endpoint
K06284	0.14285714285714285	0.9100179241561166	0.8075585240002213	2.0860199592472015	0.757251187254236	0.81689403022426	0.757251187254236	0.81689403022426	0.8571428571428571	endpoint
K06286	0.0	0.44407865768203253	0.5446869846839881	1.3437990290183266	0.6077798585368451	0.640531503423448	0.6077798585368451	0.640531503423448	0.7142857142857143	endpoint
K06287	0.0	0.3792202981510774	0.9511984088708347	1.382453848486436	0.40319465809574456	0.3127247408503808	0.5968053419042554	0.6872752591496192	0.5714285714285714	baseline
K06296	0.0	0.12638233746417393	0.05419131602586362	1.3880521014004874	0.5426671340860607	0.4997903786233092	0.5426671340860607	0.5002096213766908	0.5714285714285714	endpoint
K06297	0.0	0.04142843450604922	0.1766530044687046	1.5575972304084782	0.5217004983792968	0.46647682907897775	0.5217004983792968	0.5335231709210222	0.5714285714285714	endpoint
K06298	0.0	0.11823293460347103	0.045559951398607995	1.2332473698081585	0.5025788739226529	0.5238456299400848	0.5025788739226529	0.5238456299400848	0.5714285714285714	baseline
K06306	0.0	0.05415241791664486	0.18622943589092833	1.167884105091114	0.5407328427322751	0.4630421221872672	0.5407328427322751	0.5369578778127329	0.5714285714285714	endpoint
K06310	0.14285714285714285	1.4285333692484354	1.4502934325484629	2.4265322279568595	0.9015110223683085	0.907390370719715	0.9015110223683085	0.907390370719715	1.0	endpoint
K06320	0.0	0.4750049948316401	0.5768053235869621	1.3037658240276173	0.6226672108108803	0.6480401258377851	0.6226672108108803	0.6480401258377851	0.8571428571428571	endpoint
K06330	0.0	0.8039806200136653	1.0904169625240323	1.424750721204981	0.7352490519024053	0.768112209143134	0.7352490519024053	0.768112209143134	0.8571428571428571	endpoint
K06331	0.0	0.8781852576144878	0.9082252356649293	1.465049896362319	0.7439295715889334	0.7579762581185648	0.7439295715889334	0.7579762581185648	1.0	endpoint
K06333	0.0	0.4512484610314854	1.0016481322598019	1.8385202293576048	0.6232344072492412	0.8147373345217706	0.6232344072492412	0.8147373345217706	0.5714285714285714	endpoint
K06334	0.0	0.7964389630221402	0.7966846838536675	1.593863191310318	0.7437836862630931	0.7310460632144871	0.7437836862630931	0.7310460632144871	1.0	endpoint
K06346	0.0	0.09018698706390224	0.4381881752719106	1.377318012515105	0.4926868538215775	0.3862413293110018	0.5073131461784225	0.6137586706889981	0.5714285714285714	baseline
K06351	0.0	0.42508398201542924	0.3251338312869947	1.2608653522140854	0.6419492501058597	0.6161073488518537	0.6419492501058597	0.6161073488518537	0.7142857142857143	endpoint
K06373	0.0	1.0002612062114675	1.2406802250870637	1.5169679873348352	0.7877410230497865	0.8032407413110206	0.7877410230497865	0.8032407413110206	0.8571428571428571	endpoint
K06374	0.0	0.2932127921073929	0.009597190887486224	1.4727437277587123	0.584994555444478	0.5049903346181905	0.584994555444478	0.5049903346181905	0.5714285714285714	endpoint
K06378	0.0	0.43125256942051937	0.5378310788930036	1.5988608069479902	0.6126106150514345	0.6555331000845023	0.6126106150514345	0.6555331000845023	0.7142857142857143	endpoint
K06379	0.0	0.9505188400580279	1.0197152565526877	1.5240552376954744	0.8080527207494344	0.8760260364673401	0.8080527207494344	0.8760260364673401	1.0	endpoint
K06381	0.0	0.6914657081791573	0.9858516629461797	1.717276936577554	0.6894083056515097	0.779372982392942	0.6894083056515097	0.779372982392942	0.8571428571428571	endpoint
K06382	0.0	0.1271722681719421	0.1074933282979614	1.3320706961825466	0.48631949414443565	0.5467325603436095	0.5136805058555644	0.5467325603436095	0.5714285714285714	endpoint
K06383	0.0	0.6348560442024199	1.2288371311105721	1.473916962995035	0.3156817581674946	0.23911797200520934	0.6843182418325053	0.7608820279947907	0.7142857142857143	baseline
K06385	0.0	1.1089462863016175	1.2416295637876331	1.3900152800450438	0.8396653097753239	0.8937785385709053	0.8396653097753239	0.8937785385709053	1.0	endpoint
K06387	0.0	0.5422315448548424	0.9154994278792279	1.3095543676639083	0.6968582650134457	0.8042914774659717	0.6968582650134457	0.8042914774659717	0.7142857142857143	endpoint
K06390	0.0	1.0780903396671673	1.1842659406804368	1.5682734583083195	0.8304970513976133	0.8798254582598332	0.8304970513976133	0.8798254582598332	1.0	endpoint
K06392	0.0	1.0303679244893273	1.2533957558679905	1.5920569978846746	0.8024471988363809	0.9024063558322831	0.8024471988363809	0.9024063558322831	1.0	endpoint
K06393	0.0	0.4178828155797896	0.5636001584466275	1.5234729016981323	0.6491652809581032	0.6921205485358799	0.6491652809581032	0.6921205485358799	0.7142857142857143	endpoint
K06394	0.0	0.35433613843261735	0.18931868694265938	1.4841243223715173	0.5779420479671377	0.5965025523951892	0.5779420479671377	0.5965025523951892	0.8571428571428571	endpoint
K06395	0.0	0.6236706836843097	1.0922331159640655	1.6835759602500027	0.6896151347182103	0.8514578848717295	0.6896151347182103	0.8514578848717295	0.7142857142857143	endpoint
K06396	0.0	0.5329796171386162	0.5282975473683045	1.3061325592879596	0.6818155612358316	0.6366999822243389	0.6818155612358316	0.6366999822243389	0.5714285714285714	endpoint
K06397	0.0	0.013902125809011068	0.38175591717118723	1.692023057840676	0.5004287141518513	0.6019606269375429	0.5004287141518513	0.6019606269375429	0.5714285714285714	endpoint
K06398	0.0	0.707112695206435	1.0288991272182213	1.5314841497131482	0.6735902307852664	0.7912384611480417	0.6735902307852664	0.7912384611480417	0.7142857142857143	endpoint
K06399	0.0	0.7276164844154932	1.0010331570382092	1.2256252360179016	0.7232110753196354	0.8145262455619299	0.7232110753196354	0.8145262455619299	0.8571428571428571	endpoint
K06400	0.0	1.4487140903794977	1.492474677234931	1.782426937318155	0.9175067691358949	0.9253226342204494	0.9175067691358949	0.9253226342204494	1.0	endpoint
K06403	0.0	0.8867267465640578	1.0962066182028243	1.7225678754891836	0.763286651557155	0.8618934538373011	0.763286651557155	0.8618934538373011	0.8571428571428571	endpoint
K06404	0.0	0.5714093519968126	0.58635478108819	1.4050054276370034	0.6855035207562397	0.7405987794153278	0.6855035207562397	0.7405987794153278	0.7142857142857143	endpoint
K06405	0.0	0.2559093998904607	0.6675062428516488	1.4161924041514677	0.5750216901759471	0.583640990451574	0.5750216901759471	0.583640990451574	0.5714285714285714	endpoint
K06406	0.0	0.8723138862410321	1.188597966308264	1.7488180708928536	0.752220038897803	0.9670074937516432	0.752220038897803	0.9670074937516432	0.8571428571428571	endpoint
K06407	0.0	0.9535399171471719	1.2836853521279417	1.5100760957653732	0.761048487872913	0.9165396907164891	0.761048487872913	0.9165396907164891	0.8571428571428571	endpoint
K06408	0.0	0.17333104046279119	0.12789856572485456	1.5172396232715641	0.5584530931714583	0.4716993627534957	0.5584530931714583	0.5283006372465042	0.5714285714285714	endpoint
K06409	0.0	0.3066880556409036	0.1518927474639087	1.6743090282462056	0.574084749247121	0.4958346187049996	0.574084749247121	0.5041653812950004	0.5714285714285714	endpoint
K06410	0.14285714285714285	0.9350244953322022	1.1921181002240144	2.167338172301777	0.7778960696608367	0.8556001978540232	0.7778960696608367	0.8556001978540232	0.8571428571428571	endpoint
K06411	0.0	0.506302640112515	0.8049750648331637	1.5942116102610997	0.6424746563861483	0.7013816276685694	0.6424746563861483	0.7013816276685694	0.7142857142857143	endpoint
K06412	0.0	1.1489752417327914	1.2069538527342998	1.3477715807927273	0.8523059075458479	0.8971950905638123	0.8523059075458479	0.8971950905638123	1.0	endpoint
K06415	0.0	0.3688090334079222	1.0235098654415986	1.334197110748025	0.43281627636522246	0.2688251443518877	0.5671837236347775	0.7311748556481124	0.5714285714285714	baseline
K06416	0.0	0.575726510049542	0.9702213993681138	1.2929142109991536	0.6539864484855121	0.775064701671687	0.6539864484855121	0.775064701671687	0.7142857142857143	endpoint
K06421	0.0	0.6552726752376251	0.8227868007377092	1.1843022620621904	0.6949023460866274	0.6072010524243509	0.6949023460866274	0.6072010524243509	0.8571428571428571	endpoint
K06438	0.0	0.21587274372240325	0.12603964522076347	1.4080330132864116	0.4228889739394546	0.4496986614143688	0.5771110260605454	0.5503013385856312	0.5714285714285714	baseline
K06442	0.0	0.14802639090796882	0.25974737006301474	1.5030116921668004	0.560761845286178	0.572024291052174	0.560761845286178	0.572024291052174	0.7142857142857143	endpoint
K06445	0.0	0.3737731375998579	1.338324781550383	1.593493383557126	0.37888034357413153	0.20610566980984368	0.6211196564258685	0.7938943301901563	0.5714285714285714	baseline
K06446	0.0	0.2012743614968761	0.012911396791479526	1.5512173630711035	0.5816207918654327	0.5101762033566337	0.5816207918654327	0.5101762033566337	0.5714285714285714	endpoint
K06447	0.0	1.2514576105616135	1.4086094871778279	1.7007897734070367	0.13980196527869132	0.09702569218970532	0.8601980347213087	0.9029743078102946	0.8571428571428571	baseline
K06518	0.0	0.4742516100842576	0.25143961028577055	1.391506778366863	0.6176214012055679	0.5572298268908752	0.6176214012055679	0.5572298268908752	0.7142857142857143	endpoint
K06603	0.14285714285714285	1.0405779150192667	1.3722102995986158	2.482679697135776	0.7642765027934242	0.8339898304410761	0.7642765027934242	0.8339898304410761	0.8571428571428571	endpoint
K06605	0.0	0.17739080651535397	0.02547573812230179	1.5568888431039527	0.4656644194984194	0.5043475229339631	0.5343355805015806	0.5043475229339631	0.5714285714285714	baseline
K06606	0.0	0.36423497690615275	0.5343567247115475	1.2009969453996379	0.6180862207973403	0.60375594744576	0.6180862207973403	0.60375594744576	0.7142857142857143	endpoint
K06609	0.0	0.4804897163786279	0.8945938565638881	1.3757715651363827	0.379497944095153	0.20181821884085635	0.6205020559048471	0.7981817811591436	0.7142857142857143	baseline
K06610	0.0	0.13140485263939258	0.6066064163242063	1.2958551595423193	0.5240792900790215	0.6550070226494348	0.5240792900790215	0.6550070226494348	0.5714285714285714	endpoint
K06714	0.0	0.11670531892461207	0.060397522380701334	1.8348251316802584	0.4927750343931647	0.490987877928163	0.5072249656068353	0.509012122071837	0.5714285714285714	endpoint
K06726	0.0	0.25058739302640604	0.6464296557169467	1.2931122616209387	0.5974439530487151	0.6858156803799753	0.5974439530487151	0.6858156803799753	0.7142857142857143	endpoint
K06858	0.0	1.1198410375381225	1.3708035601776438	1.866926402498049	0.1485692661047506	0.08013944990497973	0.8514307338952494	0.9198605500950203	0.8571428571428571	baseline
K06859	0.0	0.009859672292723807	0.3395529477483947	1.2344025307207753	0.4931149171094324	0.3543728662056791	0.5068850828905676	0.6456271337943209	0.5714285714285714	endpoint
K06861	0.0	0.6597039274392918	0.860355126322456	1.169100866414894	0.2957883811015332	0.23068273389522953	0.7042116188984668	0.7693172661047705	0.8571428571428571	baseline
K06864	0.0	0.4731259065095671	1.0281249985259175	1.643296216312101	0.6238801865354667	0.8238254635450503	0.6238801865354667	0.8238254635450503	0.5714285714285714	endpoint
K06867	0.0	0.5062001191940476	1.0767856320124625	1.6486787106195637	0.3415073225978946	0.13026131979653505	0.6584926774021054	0.869738680203465	0.5714285714285714	baseline
K06871	0.0	0.6811722876743931	1.226638996020107	1.6674074818973588	0.6909127140843039	0.7999581840276104	0.6909127140843039	0.7999581840276104	0.7142857142857143	endpoint
K06872	0.0	0.0008335498637876097	0.26996619719091186	1.1618327751208	0.4933803281985552	0.4500819549640614	0.5066196718014448	0.5499180450359387	0.5714285714285714	endpoint
K06877	0.0	0.16477183362095574	0.16471231065687555	1.57273100664453	0.4556454116809287	0.4432791130355673	0.5443545883190712	0.5567208869644327	0.5714285714285714	baseline
K06878	0.0	0.42147902457636127	0.6500378978849534	1.0555241450198776	0.3930563254165523	0.346603209128995	0.6069436745834478	0.653396790871005	0.7142857142857143	baseline
K06879	0.0	0.7072791782052061	0.8027554143479396	1.304111193311007	0.3051526021015681	0.2671015213297944	0.694847397898432	0.7328984786702055	0.8571428571428571	baseline
K06881	0.0	0.7482199899644824	1.1690200198909215	1.5030426306926914	0.7247579942009408	0.8645758011770033	0.7247579942009408	0.8645758011770033	0.8571428571428571	endpoint
K06885	0.0	1.1271174066237475	1.2515818400014231	1.5507108571354917	0.8353349990063987	0.8746672998869944	0.8353349990063987	0.8746672998869944	1.0	endpoint
K06887	0.0	0.669449921416347	0.9511390291813947	1.813968019358289	0.31011615209672466	0.18869773065188566	0.6898838479032754	0.8113022693481143	0.8571428571428571	baseline
K06888	0.0	0.46494155009159144	0.8029351869307934	1.5148786920923334	0.3670420955781064	0.21915547668122465	0.6329579044218936	0.7808445233187753	0.7142857142857143	baseline
K06889	0.0	0.6333750581960482	0.7230683787656039	1.4859805397839885	0.3080350496362736	0.30953442422495436	0.6919649503637264	0.6904655757750456	0.8571428571428571	baseline
K06890	0.0	0.8454293955559569	0.9538284311850906	1.505470486292268	0.27408238943847146	0.22968868923004623	0.7259176105615286	0.7703113107699537	0.8571428571428571	baseline
K06891	0.0	0.20177648575699408	0.044582616360814016	1.3786759285193386	0.42162361504061757	0.45562081612340133	0.5783763849593824	0.5443791838765987	0.5714285714285714	baseline
K06893	0.0	0.1331708036343284	0.4772049623771307	1.1972134180115612	0.5698221690359391	0.6391710745334477	0.5698221690359391	0.6391710745334477	0.7142857142857143	endpoint
K06894	0.0	1.384338593294965	1.3842660633197046	1.842636010780623	0.10912540511881967	0.06985960305762375	0.8908745948811804	0.9301403969423763	1.0	baseline
K06895	0.0	0.9686735593954798	1.3641516498593333	1.854092168483069	0.2406802481685439	0.11581385529639612	0.7593197518314561	0.8841861447036039	0.8571428571428571	baseline
K06896	0.0	0.7257318973156102	0.9101165745102914	1.1607903572578833	0.7072224645376753	0.7845640951098352	0.7072224645376753	0.7845640951098352	0.8571428571428571	endpoint
K06897	0.0	0.07401467707371287	0.025176930567498663	1.0536384346752798	0.491374706647076	0.5145753730479539	0.5086252933529241	0.5145753730479539	0.5714285714285714	baseline
K06898	0.0	0.7519201461566879	1.0723232351347551	1.2826749257213113	0.7174202453293621	0.751063757088731	0.7174202453293621	0.751063757088731	0.8571428571428571	endpoint
K06899	0.14285714285714285	0.9275575119101792	1.2209397850091999	2.0185609569908967	0.27130471630469116	0.14842302287048525	0.7286952836953089	0.8515769771295147	0.8571428571428571	baseline
K06901	0.0	0.12492682851059185	0.6133989086838261	1.2500788728957124	0.4995688608614112	0.3582648904791849	0.5004311391385887	0.641735109520815	0.7142857142857143	baseline
K06902	0.0	0.16091602237822994	0.7048839807373601	1.2950340578241821	0.5325261221716395	0.5876295321152645	0.5325261221716395	0.5876295321152645	0.5714285714285714	endpoint
K06903	0.0	1.0440670945712094	1.3320112927769283	1.4474698160012922	0.17322994515193443	0.12071359608055701	0.8267700548480655	0.879286403919443	1.0	baseline
K06904	0.0	0.34272782554790643	0.3380059229995927	1.599168179428077	0.4090533624158493	0.41726430437271844	0.5909466375841508	0.5827356956272816	0.7142857142857143	baseline
K06905	0.0	0.8438525495569034	1.3314547093795945	1.7763563669681384	0.24257486087899457	0.09791819494846836	0.7574251391210054	0.9020818050515317	0.8571428571428571	baseline
K06906	0.0	0.8685780286846123	0.9192583211180844	1.750425785304654	0.2620012805963514	0.26947985424063303	0.7379987194036486	0.730520145759367	0.8571428571428571	baseline
K06907	0.0	0.7478625802572426	0.5914310493800091	1.7782241071329379	0.2682889818896673	0.3725136614586056	0.7317110181103327	0.6274863385413945	1.0	baseline
K06908	0.0	0.2760267364920142	0.26577359374868215	1.4743263428021445	0.4338943064306887	0.42650323817110036	0.5661056935693113	0.5734967618288996	0.7142857142857143	baseline
K06909	0.0	0.1951854775902224	0.10088744161157275	1.321640160541537	0.4267374266068821	0.4538738530149946	0.5732625733931179	0.5461261469850054	0.5714285714285714	baseline
K06910	0.0	0.23085368436574338	0.81837266842423	1.3438831500811614	0.4820454395181916	0.32187553885675935	0.5179545604818083	0.6781244611432407	0.5714285714285714	baseline
K06911	0.0	0.6172917295231221	0.4546378287365992	1.3739385684117984	0.3114000916796347	0.39515233230883906	0.6885999083203653	0.6048476676911609	0.7142857142857143	baseline
K06915	0.0	0.2084319984526719	0.45590193982314897	1.3977018110800083	0.4505222580436644	0.39494249359757433	0.5494777419563356	0.6050575064024257	0.5714285714285714	baseline
K06916	0.14285714285714285	0.35893477291980563	0.03470674322257587	2.061479385871599	0.4071776704807882	0.4590106889427808	0.5928223295192119	0.5409893110572193	0.5714285714285714	baseline
K06917	0.0	0.8429849383265714	1.0851922267941578	1.52959844458054	0.2567350848248643	0.15560524011453156	0.7432649151751357	0.8443947598854684	0.8571428571428571	baseline
K06918	0.14285714285714285	1.1421163423978187	1.1771472768738045	2.1116622138875196	0.18609708054119073	0.1448488012278907	0.8139029194588092	0.8551511987721093	1.0	baseline
K06919	0.0	0.2678213262118045	0.030766466165011518	1.6071525982611539	0.42175151354140894	0.5222752109060242	0.5782484864585911	0.5222752109060242	0.5714285714285714	baseline
K06920	0.0	0.01641750621845293	0.18086203118775046	1.3032215314900277	0.5218996216167333	0.5701194675424033	0.5218996216167333	0.5701194675424033	0.5714285714285714	baseline
K06921	0.0	0.2140295889425509	0.42295645630345574	0.696333232477793	0.5691907483001933	0.6472891547594619	0.5691907483001933	0.6472891547594619	0.5714285714285714	endpoint
K06923	0.0	0.03779280737949153	0.15663578545722007	1.3467802786568894	0.49861934107182104	0.49662194902002166	0.501380658928179	0.5033780509799783	0.5714285714285714	baseline
K06925	0.0	0.023863740244531244	0.30059306537689273	1.4644111356211316	0.47967435048753726	0.5205184328155777	0.5203256495124627	0.5205184328155777	0.5714285714285714	baseline
K06926	0.0	1.2070196894078884	1.221957524597346	1.8859562980084081	0.8406724003039018	0.8312255530850137	0.8406724003039018	0.8312255530850137	1.0	endpoint
K06929	0.0	0.33139242620152665	0.508289765783262	1.2577013388598717	0.4200336455338595	0.3475311572091557	0.5799663544661404	0.6524688427908443	0.7142857142857143	baseline
K06934	0.14285714285714285	1.2097623924002965	1.2392122386158866	2.552884808151683	0.8370913696780988	0.8943922179003949	0.8370913696780988	0.8943922179003949	1.0	endpoint
K06940	0.0	0.38688531958124467	0.7532691514904876	1.1065652232987488	0.6364978561104782	0.5956613277249933	0.6364978561104782	0.5956613277249933	0.5714285714285714	endpoint
K06941	0.0	0.8112247708546736	1.2560518083358905	1.526212513499964	0.769024923382859	0.9823515979246876	0.769024923382859	0.9823515979246876	0.8571428571428571	endpoint
K06942	0.0	0.7013756803869676	0.9271185381851128	1.680937676885129	0.6793708226818556	0.7496515663368237	0.6793708226818556	0.7496515663368237	0.7142857142857143	endpoint
K06946	0.0	0.07718233140090194	0.21527307698172563	1.7383726887997837	0.5023992408031649	0.6010934539880719	0.5023992408031649	0.6010934539880719	0.5714285714285714	baseline
K06948	0.0	0.6747479127126338	0.876055147880664	1.2701819384258903	0.7295126589234405	0.8014693750675053	0.7295126589234405	0.8014693750675053	0.8571428571428571	endpoint
K06949	0.0	0.791014447486736	0.9340698085249567	1.1580371884216594	0.7466589398570849	0.8146621333026933	0.7466589398570849	0.8146621333026933	0.8571428571428571	endpoint
K06950	0.0	0.6910241083170371	1.151506773688536	1.3394012243725195	0.30879299637997576	0.24399547733414734	0.6912070036200242	0.7560045226658527	0.7142857142857143	baseline
K06952	0.0	0.4596107687967671	0.9651067439376284	1.789863214065308	0.7042455882130138	0.8448581047211293	0.7042455882130138	0.8448581047211293	0.7142857142857143	endpoint
K06954	0.0	0.2754921778269811	0.6473414728804792	1.5578066760887086	0.3915614721305074	0.3292043421761476	0.6084385278694926	0.6707956578238524	0.5714285714285714	baseline
K06956	0.0	0.2561238822295578	0.08949064997191103	1.92225273178642	0.4756828644523318	0.4829687322434982	0.5243171355476681	0.5170312677565019	0.5714285714285714	baseline
K06957	0.0	0.7648965713236954	1.001852794362282	1.6935390854557595	0.2998176823059504	0.22583833779566792	0.7001823176940496	0.7741616622043321	0.8571428571428571	baseline
K06958	0.0	0.11132884086375723	0.005721303297834222	1.4625267645661073	0.5640768778920756	0.46895988063279953	0.5640768778920756	0.5310401193672005	0.5714285714285714	endpoint
K06959	0.0	0.3405479534156178	0.4946447126095398	1.4163537459642044	0.5818457648987657	0.6701404051078862	0.5818457648987657	0.6701404051078862	0.7142857142857143	endpoint
K06960	0.0	0.2641373808113156	0.35466228458462784	1.6747030213499108	0.6143883861261504	0.6326711595756392	0.6143883861261504	0.6326711595756392	0.7142857142857143	endpoint
K06962	0.0	0.04276862572276203	0.017808755626006874	1.3598389169899168	0.5292419658541586	0.5362229712610697	0.5292419658541586	0.5362229712610697	0.5714285714285714	endpoint
K06966	0.0	0.48045227330386453	0.41010577351866767	1.678843670313187	0.3511162776618876	0.38174337989499063	0.6488837223381124	0.6182566201050094	0.7142857142857143	baseline
K06967	0.0	0.20528094977558783	0.19829100128883023	1.3732947568415175	0.47366965905504677	0.4529793175606744	0.5263303409449532	0.5470206824393256	0.5714285714285714	baseline
K06968	0.0	0.3242699435060063	0.5174155650763849	1.2466120153571592	0.4135299259352396	0.3256447689247806	0.5864700740647604	0.6743552310752194	0.8571428571428571	baseline
K06969	0.0	0.6686561623001193	1.1994460507866997	1.7935583634479242	0.6560811793717368	0.8297986019244846	0.6560811793717368	0.8297986019244846	0.7142857142857143	endpoint
K06970	0.0	0.4115704363701302	1.0097373345290912	1.3350929610687488	0.3818040775110478	0.21528022712988756	0.6181959224889522	0.7847197728701124	0.5714285714285714	baseline
K06971	0.0	0.261940062713165	0.9769309517933616	1.438408197681441	0.5256801581606592	0.7093923882461464	0.5256801581606592	0.7093923882461464	0.5714285714285714	endpoint
K06972	0.0	0.5781871451686224	0.8379782689808227	1.485207734393042	0.6863931960643356	0.7795809390798247	0.6863931960643356	0.7795809390798247	0.7142857142857143	endpoint
K06973	0.0	0.38608356883948003	0.5289117119986605	1.5325540663447306	0.6327452321553467	0.6636472929903185	0.6327452321553467	0.6636472929903185	0.8571428571428571	endpoint
K06975	0.0	0.17746546940800872	0.3262566157677979	0.8189548281419083	0.438325307646009	0.43417170106445674	0.561674692353991	0.5658282989355432	0.5714285714285714	baseline
K06978	0.0	0.19100212094989397	0.005809632815908456	1.4416328351297933	0.45220678492918853	0.46965648879743194	0.5477932150708115	0.5303435112025681	0.5714285714285714	baseline
K06980	0.0	0.8948330692756413	0.8270688016348229	1.6896573706858067	0.24718036212317154	0.2695121029681938	0.7528196378768285	0.7304878970318063	1.0	baseline
K06987	0.0	0.2586204447069752	0.5417074635957306	1.5061379406093627	0.5649546519209693	0.5605427116372307	0.5649546519209693	0.5605427116372307	0.5714285714285714	endpoint
K06989	0.0	0.1642148702834574	0.5087286874336069	1.461480205766425	0.4520765777422106	0.3932604534442657	0.5479234222577893	0.6067395465557344	0.7142857142857143	baseline
K06990	0.0	0.5220430229639702	0.10225916074728829	1.6628809143459342	0.37946846710941584	0.49315911149346947	0.6205315328905842	0.5068408885065305	0.7142857142857143	baseline
K06993	0.0	0.20846873106707148	0.07624888092296064	1.9723250415606512	0.5230630250176826	0.5286526979768887	0.5230630250176826	0.5286526979768887	0.5714285714285714	endpoint
K06994	0.0	0.027782379233554692	0.22115140151447887	1.418337695744555	0.5139328730611009	0.46149387355906113	0.5139328730611009	0.5385061264409389	0.5714285714285714	endpoint
K06996	0.0	0.30625435972705123	0.2851413989002813	1.3234604238606076	0.3945302203633956	0.4232882396505745	0.6054697796366044	0.5767117603494255	0.7142857142857143	baseline
K06997	0.0	0.31749477166448237	0.7121419718874324	1.3351579164242278	0.43605965415848347	0.3204446551284897	0.5639403458415165	0.6795553448715104	0.7142857142857143	baseline
K06999	0.0	0.1233181622834194	0.25823788609022447	1.336975301185638	0.5014082670172807	0.4301525795928657	0.5014082670172807	0.5698474204071343	0.7142857142857143	baseline
K07000	0.0	0.8052664133855824	0.7719864431491745	1.0993302873918098	0.2800183388542488	0.26968979310588215	0.7199816611457512	0.7303102068941179	1.0	baseline
K07001	0.0	0.6042058784325498	0.8249537977935854	1.6788032784580786	0.3170666328044832	0.3234950805614929	0.6829333671955168	0.6765049194385071	0.8571428571428571	baseline
K07003	0.0	0.9171873639212541	1.2602960158512022	1.495673234338604	0.7798771202249315	0.7225569425592269	0.7798771202249315	0.7225569425592269	0.8571428571428571	endpoint
K07005	0.0	0.517596853867794	0.8405586177980952	1.3275034398034549	0.37634346505208127	0.2854553472411855	0.6236565349479187	0.7145446527588145	0.8571428571428571	baseline
K07006	0.14285714285714285	0.05715042105904259	0.3504913413651877	2.0479511735895124	0.5356082129584273	0.6519277251681772	0.5356082129584273	0.6519277251681772	0.5714285714285714	baseline
K07007	0.0	0.5267751230629119	0.5867513584825726	1.5567043151945457	0.6773916962502474	0.699500193336125	0.6773916962502474	0.699500193336125	0.7142857142857143	endpoint
K07009	0.0	0.03394059239722326	0.507796412960079	1.3232739300290723	0.5418842444916202	0.3556566397624145	0.5418842444916202	0.6443433602375854	0.5714285714285714	endpoint
K07010	0.0	0.8872842510805271	1.0887904928101302	1.4878965469606347	0.7598483222159713	0.7224300104489452	0.7598483222159713	0.7224300104489452	1.0	endpoint
K07011	0.0	0.1519067466557014	0.7350114489495332	1.2388673282946372	0.5437404273269424	0.5926306029630538	0.5437404273269424	0.5926306029630538	0.5714285714285714	endpoint
K07012	0.0	0.3592018271067277	0.8135315295262607	1.2800136802634503	0.5856135691106574	0.8005475649997641	0.5856135691106574	0.8005475649997641	0.7142857142857143	endpoint
K07014	0.0	0.6145113314684872	0.6816428637368465	1.368979760959797	0.349262929648959	0.29518858909403667	0.650737070351041	0.7048114109059633	0.8571428571428571	baseline
K07015	0.0	0.8605083588069996	0.9616469591934529	1.5384792630287796	0.7622094118432731	0.7380083692084751	0.7622094118432731	0.7380083692084751	1.0	endpoint
K07016	0.14285714285714285	1.1833852875988347	1.2991486195687978	2.399355517510137	0.8286950715726807	0.9233171587879816	0.8286950715726807	0.9233171587879816	0.8571428571428571	endpoint
K07017	0.0	0.4431614053466624	0.522581698044055	1.372327640416276	0.37823701551270644	0.3373048001741441	0.6217629844872936	0.6626951998258559	0.7142857142857143	baseline
K07019	0.0	0.5306910633418292	0.46580704581579546	1.5557343452353707	0.3150766133412027	0.3792419674830158	0.6849233866587974	0.6207580325169841	0.5714285714285714	baseline
K07023	0.0	0.3475973213163232	0.9223046115849628	1.7484164156180144	0.6368695350544069	0.8064606884991262	0.6368695350544069	0.8064606884991262	0.5714285714285714	endpoint
K07025	0.0	0.01713409613625801	0.31173993364795977	1.8318179393124845	0.5740774181623404	0.4193582710267141	0.5740774181623404	0.5806417289732859	0.5714285714285714	endpoint
K07027	0.0	0.19242463990996708	0.07181527300359139	1.273182361332416	0.5922164715925925	0.5299835966915519	0.5922164715925925	0.5299835966915519	0.5714285714285714	endpoint
K07029	0.0	0.6524318463681248	0.44729986035905483	1.4089699045515793	0.7203175241027004	0.6268308105407359	0.7203175241027004	0.6268308105407359	0.8571428571428571	endpoint
K07030	0.14285714285714285	1.062628052693276	1.263648228479982	2.094801798396439	0.7853961456331852	0.8183517896167828	0.7853961456331852	0.8183517896167828	0.8571428571428571	endpoint
K07031	0.0	0.10119975734468908	0.19208054988547554	1.3091534932940043	0.5415673915555997	0.5580992024328614	0.5415673915555997	0.5580992024328614	0.5714285714285714	endpoint
K07032	0.0	0.9671501800220931	1.2192252694007732	1.4341443725074852	0.20717259051793047	0.14056272047081383	0.7928274094820695	0.8594372795291861	1.0	baseline
K07033	0.0	0.937236478414018	1.2262926388959725	1.6376160333055683	0.8035098196843016	0.9590234315101748	0.8035098196843016	0.9590234315101748	0.8571428571428571	endpoint
K07034	0.14285714285714285	0.9963806441119925	1.1033372104406651	2.1000712570485676	0.23542224400938092	0.2259848855630153	0.7645777559906191	0.7740151144369847	1.0	baseline
K07035	0.0	0.994467209447455	1.1286621605758043	1.6372345345189214	0.7953559196112715	0.818657120572219	0.7953559196112715	0.818657120572219	0.8571428571428571	endpoint
K07037	0.0	0.4073267915166317	0.4955481978056875	1.383501035816937	0.3934803451748006	0.3973454149081159	0.6065196548251994	0.6026545850918841	0.5714285714285714	baseline
K07038	0.0	0.8544469274757599	0.9194228001366812	1.592580371092849	0.24545122053604404	0.21845453082397645	0.7545487794639559	0.7815454691760235	0.8571428571428571	baseline
K07039	0.0	0.3212077115420096	0.1398128046710308	1.3500830027593707	0.38712533901015195	0.46909807882428967	0.6128746609898481	0.5309019211757103	0.7142857142857143	baseline
K07040	0.0	0.4970336495359735	0.9991673171436406	1.5773875225568885	0.3448206225205895	0.1974159705380118	0.6551793774794106	0.8025840294619881	0.5714285714285714	baseline
K07042	0.0	0.2477558315384926	0.38915108725643444	1.4759985725984481	0.4257852519303705	0.40037119456105874	0.5742147480696296	0.5996288054389413	0.5714285714285714	baseline
K07043	0.0	0.16868776085736412	0.45715419013297065	1.3785221441036524	0.6159654859026595	0.6278409265893974	0.6159654859026595	0.6278409265893974	0.5714285714285714	endpoint
K07045	0.0	0.4692824846110746	0.9415885009065446	1.2819178172982024	0.3749584697022087	0.29307499175198476	0.6250415302977913	0.7069250082480152	0.7142857142857143	baseline
K07046	0.0	0.8344228340970042	0.7933108665404771	1.4353174443471988	0.26338535342842795	0.26408780923250286	0.736614646571572	0.7359121907674971	0.8571428571428571	baseline
K07048	0.0	0.8528190845619842	1.2875416009996823	1.60220849909257	0.23649816737344836	0.0660075521895321	0.7635018326265517	0.9339924478104679	0.8571428571428571	baseline
K07051	0.0	0.21635872171178586	0.16315015386592124	1.5703335631671365	0.4121253977575875	0.4604626148215657	0.5878746022424125	0.5395373851784343	0.5714285714285714	baseline
K07052	0.0	0.33369749172504115	0.2977224177104526	1.4721213158266813	0.37211998878178326	0.36873110823764926	0.6278800112182168	0.6312688917623508	0.5714285714285714	baseline
K07053	0.0	1.112259627107285	1.2817671539829172	1.581368467111673	0.18652587372923954	0.14350244884807503	0.8134741262707604	0.8564975511519249	1.0	baseline
K07054	0.0	0.7010325703702289	1.0110376213869585	1.4085562306223587	0.30254094640316265	0.25936202883159354	0.6974590535968374	0.7406379711684065	0.8571428571428571	baseline
K07056	0.0	0.11496673588074557	0.10660859452484088	0.9419439933770526	0.54940648389626	0.4529241585086793	0.54940648389626	0.5470758414913207	0.5714285714285714	endpoint
K07058	0.0	0.060940811796890766	0.3711091190290813	1.4489006821953159	0.5122529694189611	0.4053442305881978	0.5122529694189611	0.5946557694118022	0.5714285714285714	endpoint
K07062	0.0	0.08149797728894913	0.05587935512199332	1.2906284357583486	0.5253073223290727	0.49010417792280153	0.5253073223290727	0.5098958220771985	0.5714285714285714	endpoint
K07067	0.0	0.719467002279802	0.9973745051315358	1.5095131213689212	0.7403350986415544	0.8875564776967038	0.7403350986415544	0.8875564776967038	0.8571428571428571	endpoint
K07069	0.0	0.45383039219158194	0.6699144584978386	1.7434689219864206	0.3860181303439359	0.3204345534627755	0.6139818696560642	0.6795654465372245	0.7142857142857143	baseline
K07070	0.0	0.686877528932104	0.9479982224814113	1.4359585530189563	0.32586755611881274	0.2628505966774045	0.6741324438811873	0.7371494033225955	0.8571428571428571	baseline
K07071	0.0	0.9198734114364674	1.1223391192232837	1.937820358357188	0.21240765215236987	0.12729467734293196	0.7875923478476301	0.872705322657068	0.8571428571428571	baseline
K07074	0.0	0.2865483269663655	0.10453894294662353	1.457302423658116	0.5923485453123538	0.5188533105862135	0.5923485453123538	0.5188533105862135	0.5714285714285714	endpoint
K07075	0.0	0.47167418346265083	0.9107102253557504	1.405012259946062	0.6652760718350553	0.7835230879888002	0.6652760718350553	0.7835230879888002	0.7142857142857143	endpoint
K07076	0.0	0.45607875955981697	0.6878294818412077	1.6471607578977285	0.5882260310857009	0.673995343687596	0.5882260310857009	0.673995343687596	0.5714285714285714	endpoint
K07078	0.0	0.05116178255511995	0.17638037526242384	1.303009766933348	0.5007087978830148	0.5930966657284011	0.5007087978830148	0.5930966657284011	0.5714285714285714	endpoint
K07079	0.0	0.24386679701255956	0.3649328890131045	1.5570694824940448	0.583716178456471	0.42788065018968724	0.583716178456471	0.5721193498103128	0.5714285714285714	endpoint
K07080	0.0	0.05990154709826343	0.29699909084562665	1.9337222645007968	0.44822398158385335	0.42577170476863974	0.5517760184161467	0.5742282952313602	0.5714285714285714	endpoint
K07082	0.0	0.3714531182564396	0.618829353522426	1.4849020772033306	0.3791354924690502	0.3152109375390108	0.6208645075309498	0.6847890624609891	0.7142857142857143	baseline
K07084	0.0	1.0804214592836587	1.1233596505010095	1.852632432694755	0.799139803193987	0.8171281216303989	0.799139803193987	0.8171281216303989	1.0	endpoint
K07085	0.0	0.5843718283414586	0.6891235941376989	1.543978963641163	0.3289732957848499	0.31481687111961204	0.6710267042151501	0.685183128880388	0.8571428571428571	baseline
K07088	0.0	0.1669820292717333	0.5556583040431788	1.2399192025697845	0.5525462922853726	0.5628585099968055	0.5525462922853726	0.5628585099968055	0.5714285714285714	endpoint
K07089	0.0	0.6451343238487514	0.7309522850606323	1.88977696727934	0.31714711187868183	0.2676704600696332	0.6828528881213182	0.7323295399303669	0.8571428571428571	baseline
K07090	0.14285714285714285	0.35772511245056304	0.24584284526071784	2.2942174553715797	0.4516332476571578	0.38653866308031487	0.5483667523428422	0.6134613369196851	0.5714285714285714	baseline
K07091	0.0	0.12048901710462201	0.37106901890794336	1.2651909100249	0.46516722676993333	0.40535528366980167	0.5348327732300666	0.5946447163301983	0.5714285714285714	baseline
K07095	0.0	0.04626221891406553	0.48259075314778455	1.589406715484542	0.5152558758862807	0.3704740765742878	0.5152558758862807	0.6295259234257122	0.7142857142857143	endpoint
K07096	0.14285714285714285	1.1235398319452914	1.2751304075599323	2.0423112749677585	0.814685619596345	0.923733273717739	0.814685619596345	0.923733273717739	0.8571428571428571	endpoint
K07098	0.0	0.03384584045326977	0.10258943401824198	1.295057919211492	0.45335136387441477	0.4797668668961507	0.5466486361255852	0.5202331331038492	0.5714285714285714	baseline
K07099	0.0	0.7197620288846688	0.8808807801981605	1.3690189350871165	0.7276770850489243	0.7750525869521865	0.7276770850489243	0.7750525869521865	0.8571428571428571	endpoint
K07102	0.0	0.4603567868113286	0.8750977873812531	1.549264614100414	0.3415187161133774	0.1911768760860954	0.6584812838866225	0.8088231239139045	0.7142857142857143	baseline
K07104	0.0	0.334227787220798	0.13455699746120248	1.192609390447523	0.6290357375325298	0.5446513514593105	0.6290357375325298	0.5446513514593105	0.5714285714285714	endpoint
K07105	0.0	0.8615782237338053	0.9692184121165963	1.3602609929571476	0.7818200786771988	0.8602451881424367	0.7818200786771988	0.8602451881424367	0.8571428571428571	endpoint
K07106	0.0	0.011081739798280739	0.2284402706377634	1.5985519230761132	0.4892559717907648	0.5305080427149086	0.5107440282092353	0.5305080427149086	0.7142857142857143	endpoint
K07107	0.0	0.4948285555022452	1.0131708050079955	1.8388597032385434	0.6015984911841851	0.7654448155632846	0.6015984911841851	0.7654448155632846	0.7142857142857143	endpoint
K07109	0.14285714285714285	1.1915312827981863	1.3832733767773402	2.1501104855529007	0.17144426619014194	0.04587349547141109	0.828555733809858	0.9541265045285889	0.8571428571428571	baseline
K07112	0.0	0.06897021910534425	0.19740431199197836	1.2550190538460675	0.4851624691994017	0.43785233725469325	0.5148375308005984	0.5621476627453068	0.5714285714285714	baseline
K07113	0.0	0.3257796450697426	0.6353138861121833	1.1748760945165293	0.4343759263585948	0.3460937461695686	0.5656240736414052	0.6539062538304314	0.7142857142857143	baseline
K07114	0.14285714285714285	1.079950166548286	0.964412516064642	2.284061604770606	0.2236206372534481	0.21626786777778562	0.7763793627465518	0.7837321322222144	1.0	baseline
K07115	0.0	0.16171916000137979	0.5766898710014221	1.6746465910775423	0.42344852391903254	0.3229986040660991	0.5765514760809675	0.677001395933901	0.7142857142857143	baseline
K07118	0.0	0.40093535021844134	0.5178417204223636	1.3133959749707453	0.37886213820008496	0.32548455908536944	0.621137861799915	0.6745154409146306	0.7142857142857143	baseline
K07119	0.0	0.8226339767770694	1.0221908333385497	1.3678926909495395	0.2546027323683849	0.26824441198488014	0.7453972676316152	0.7317555880151199	0.8571428571428571	baseline
K07120	0.0	1.0614530364706707	1.2422390006223571	1.5112266735219746	0.17854585713435944	0.2083931438207444	0.8214541428656406	0.7916068561792556	1.0	baseline
K07121	0.0	0.7800470591137518	1.301437941573147	1.5972800785708237	0.24879749644617774	0.07861533505205728	0.7512025035538222	0.9213846649479427	0.7142857142857143	baseline
K07124	0.0	0.09057021119563631	0.16033963942034266	1.4661661942818136	0.48370414965720876	0.5635777780636807	0.5162958503427912	0.5635777780636807	0.5714285714285714	baseline
K07126	0.0	0.4896680753766601	0.5195520951694377	1.491471945434825	0.6670720610802781	0.6492588771147396	0.6670720610802781	0.6492588771147396	0.7142857142857143	endpoint
K07127	0.0	1.3213137772421841	1.3264342691678355	1.618668200244241	0.11438589315896537	0.08611223174228239	0.8856141068410346	0.9138877682577176	1.0	baseline
K07128	0.0	0.47628708595514896	0.7696095576815614	1.2122260660935937	0.3595618788326877	0.3342621132439609	0.6404381211673122	0.6657378867560391	0.7142857142857143	baseline
K07130	0.0	0.5420688804127024	0.49676443843273477	1.6443158590146996	0.6485957964779419	0.5601668755627938	0.6485957964779419	0.5601668755627938	0.7142857142857143	endpoint
K07132	0.0	0.05602430915874024	0.13851428360474038	1.2631847111233456	0.49312252483155733	0.46945599942160404	0.5068774751684426	0.5305440005783959	0.5714285714285714	baseline
K07133	0.0	0.19260227296799678	0.8752614760553352	1.4325249291201678	0.40772914197174487	0.2334709855396481	0.5922708580282552	0.7665290144603519	0.5714285714285714	baseline
K07136	0.14285714285714285	0.9587147292153062	1.0555461986901207	2.248980541486878	0.2604751877758192	0.21668797021945121	0.7395248122241809	0.7833120297805488	0.8571428571428571	baseline
K07137	0.0	0.30657270162658146	0.5186436460021258	1.3584045905863948	0.6052886809651173	0.715143296618148	0.6052886809651173	0.715143296618148	0.7142857142857143	endpoint
K07138	0.0	0.3206817542104864	0.8558066099353634	1.4849979039342491	0.591306714322201	0.6790554956139642	0.591306714322201	0.6790554956139642	0.7142857142857143	endpoint
K07139	0.0	0.5682359904327257	0.9937358234605499	1.3794813149107874	0.6932689324082913	0.7488304461457711	0.6932689324082913	0.7488304461457711	0.7142857142857143	endpoint
K07140	0.0	0.7194098194458274	0.7619005999153368	1.5381654963385554	0.2834372366954287	0.25657045990969907	0.7165627633045712	0.7434295400903009	1.0	baseline
K07141	0.0	0.1169474093365207	0.3497931967909365	1.3863428674725693	0.4399885718938756	0.4314200060919008	0.5600114281061244	0.5685799939080992	0.5714285714285714	baseline
K07146	0.0	0.02564653460012816	0.16609807390323492	1.2047161411102352	0.5388715196065077	0.47436423559535423	0.5388715196065077	0.5256357644046458	0.5714285714285714	endpoint
K07147	0.0	0.8682275949262862	1.2016692520087264	1.9542454130123255	0.23612505242026924	0.08177654965587187	0.7638749475797307	0.9182234503441281	0.8571428571428571	baseline
K07148	0.0	0.14671898097017186	0.8521254794338741	1.539385373848662	0.4854607497305365	0.2943546500532249	0.5145392502694635	0.7056453499467751	0.5714285714285714	baseline
K07149	0.0	1.179071996671204	1.0142731078890637	1.9459732303358892	0.8255601465289766	0.8162716225298584	0.8255601465289766	0.8162716225298584	1.0	endpoint
K07150	0.0	0.500384358016977	0.1388768137396678	1.7050110745036873	0.6258782017028935	0.5579539138499257	0.6258782017028935	0.5579539138499257	0.5714285714285714	endpoint
K07153	0.0	0.7244880540012099	0.886868972490582	1.4666228106421477	0.2588138612984517	0.16650778431223623	0.7411861387015484	0.8334922156877638	0.8571428571428571	baseline
K07154	0.0	0.30894487601195575	0.413134480810274	1.757994257962736	0.5595029157805581	0.6441583153099364	0.5595029157805581	0.6441583153099364	0.5714285714285714	endpoint
K07156	0.14285714285714285	1.158842925689646	1.4264489044117763	2.468615520737328	0.21920828308247028	0.0830379311617425	0.7807917169175297	0.9169620688382575	0.8571428571428571	baseline
K07160	0.0	0.836957010972675	1.1055075759444186	1.705699282696293	0.7138647307669309	0.7537619198552328	0.7138647307669309	0.7537619198552328	0.8571428571428571	endpoint
K07164	0.0	0.31316069983826045	0.3601672808594067	1.2515881227212047	0.6240990671135359	0.5973945034618524	0.6240990671135359	0.5973945034618524	0.7142857142857143	endpoint
K07165	0.0	0.6122495061593642	1.0053988248551045	1.745040646496471	0.3235460197383761	0.16923677636459217	0.6764539802616238	0.8307632236354079	0.7142857142857143	baseline
K07166	0.0	0.25912260626350697	0.02744246604856512	1.3964010549093622	0.6006503688622795	0.49769692061595194	0.6006503688622795	0.5023030793840481	0.5714285714285714	endpoint
K07168	0.0	0.9317169384342776	0.9812893129508042	1.4996629335459062	0.22619356525774797	0.1727567577303698	0.773806434742252	0.8272432422696302	1.0	baseline
K07171	0.0	0.20196561586685263	0.17168139019628043	1.2858766460151423	0.3943739121310674	0.4577432096189305	0.6056260878689326	0.5422567903810696	0.7142857142857143	baseline
K07172	0.0	0.10212810791533658	0.08086045526878093	1.3138582339850502	0.44045931177865516	0.5382431022308454	0.5595406882213448	0.5382431022308454	0.5714285714285714	baseline
K07173	0.0	0.0037248976695334296	0.27621512141333276	1.2048135052042246	0.5055014389555561	0.41632222893978227	0.5055014389555561	0.5836777710602177	0.7142857142857143	endpoint
K07175	0.0	0.08404364858150311	0.07591320305222156	1.3527194886063312	0.4855505786105371	0.4832222384708028	0.5144494213894629	0.5167777615291972	0.5714285714285714	baseline
K07177	0.0	0.41934844761017886	1.0672076449111743	1.541528341912185	0.3783221809112286	0.2046910695451595	0.6216778190887714	0.7953089304548405	0.7142857142857143	baseline
K07180	0.0	0.9252916513039618	1.0541859598227672	1.7925045473282897	0.26910585172400253	0.17457443505272793	0.7308941482759974	0.825425564947272	0.8571428571428571	baseline
K07184	0.0	0.589378142531759	0.6111622217619268	1.9808199196818506	0.35852381296755215	0.271721218264183	0.6414761870324479	0.728278781735817	0.8571428571428571	baseline
K07186	0.0	0.5640932880736925	1.2706838526700812	1.615353979461057	0.32064293386268344	0.20247687537811385	0.6793570661373165	0.7975231246218861	0.7142857142857143	baseline
K07192	0.0	0.4785675644494657	0.2143481837627101	1.579090324297826	0.34975286067775974	0.4552707274765182	0.6502471393222402	0.5447292725234818	0.8571428571428571	baseline
K07213	0.0	0.6272170645397249	1.015820760383438	1.2782459865216387	0.31154482161227615	0.21436639542150943	0.6884551783877239	0.7856336045784906	0.7142857142857143	baseline
K07214	0.0	0.6875393554834448	0.9200742587770114	1.748736596764362	0.32624053042855444	0.25189530450881076	0.6737594695714455	0.7481046954911892	0.7142857142857143	baseline
K07216	0.0	0.5720805625085522	0.7497680073055109	1.3065233790080542	0.674933211472599	0.8020327306187658	0.674933211472599	0.8020327306187658	0.8571428571428571	endpoint
K07217	0.0	0.5234090976685621	0.6589752002803863	1.5823439527485552	0.3666990664403796	0.2934859416660689	0.6333009335596205	0.7065140583339311	0.7142857142857143	baseline
K07220	0.0	0.5651171559917231	0.8459127849208988	1.7084898903416503	0.3300971858709253	0.18056591011888717	0.6699028141290747	0.8194340898811128	0.8571428571428571	baseline
K07221	0.0	0.35197246908064095	0.6021884385878284	1.2287174843744946	0.3645066364382897	0.31385322391806897	0.6354933635617104	0.6861467760819311	0.5714285714285714	baseline
K07223	0.0	0.6318393648969411	0.8135774835180664	1.498881206899824	0.34899191607150676	0.3067541999243463	0.6510080839284933	0.6932458000756536	0.8571428571428571	baseline
K07224	0.0	0.08832674438095503	0.1267759508789006	1.392463999025516	0.47955238557712926	0.472691519560457	0.5204476144228707	0.5273084804395429	0.5714285714285714	baseline
K07225	0.0	0.9587433717538332	1.299031289471155	1.6722535766460445	0.23906790647745615	0.05430930483629444	0.7609320935225439	0.9456906951637055	0.8571428571428571	baseline
K07227	0.0	0.5395391841787011	0.40237923866095804	1.4731423440284535	0.3377342615630558	0.3855172922706444	0.6622657384369441	0.6144827077293555	0.8571428571428571	baseline
K07229	0.0	1.2102062675922682	1.3767967333325648	1.884291958686292	0.17124903889166912	0.197533180054844	0.8287509611083309	0.802466819945156	1.0	baseline
K07230	0.0	0.4429073850769245	0.565743191086208	1.251318089434119	0.3962177551952032	0.3767091699174108	0.6037822448047968	0.6232908300825892	0.8571428571428571	baseline
K07232	0.0	1.260115560726692	1.1064117134987148	1.8395779043808562	0.13911687287029537	0.13560369234898204	0.8608831271297046	0.8643963076510179	1.0	baseline
K07233	0.0	0.485118365930882	0.47973344102587057	1.222761925377674	0.3615026437614443	0.3700625364916548	0.6384973562385556	0.6299374635083452	0.8571428571428571	baseline
K07235	0.14285714285714285	0.8764698307101259	0.871108861685985	2.076861814337351	0.30216931776203576	0.20518203840649638	0.6978306822379643	0.7948179615935036	0.8571428571428571	baseline
K07236	0.0	0.4823917049287748	0.750928524148059	1.5448480147869752	0.34893498979027904	0.30065190646584766	0.651065010209721	0.6993480935341523	0.7142857142857143	baseline
K07237	0.0	0.47195523017706204	0.6205275229092427	1.261616992331656	0.36216044903173367	0.3676151324474752	0.6378395509682664	0.6323848675525248	0.8571428571428571	baseline
K07238	0.0	0.38919889496289634	0.6832615248733411	1.404810726942993	0.6016655272987109	0.6066201516385338	0.6016655272987109	0.6066201516385338	0.7142857142857143	endpoint
K07239	0.0	0.17705696060569673	0.5926558480377925	1.3462440483634355	0.42159303344229565	0.3235539682827291	0.5784069665577043	0.6764460317172709	0.5714285714285714	baseline
K07240	0.0	0.7965701765099044	1.1766491841243656	1.6617229788778134	0.7433433742842664	0.9625154405768903	0.7433433742842664	0.9625154405768903	0.8571428571428571	endpoint
K07241	0.0	0.566275226406976	1.0711558446645704	1.7490432175270778	0.3768899332892382	0.24594547379740772	0.6231100667107619	0.7540545262025923	0.7142857142857143	baseline
K07243	0.0	0.3742624103975209	0.6878515318175707	1.4673710698657638	0.40687009647704775	0.2567616171320933	0.5931299035229523	0.7432383828679068	0.7142857142857143	baseline
K07245	0.0	1.0605985790633075	1.3506818349094527	1.7780975167365372	0.20130584400850887	0.0975111491103504	0.7986941559914911	0.9024888508896496	0.8571428571428571	baseline
K07246	0.0	0.44351923953766637	0.9567215091152987	1.2700077861956953	0.3282102683600044	0.21629232116156852	0.6717897316399957	0.7837076788384315	0.7142857142857143	baseline
K07248	0.0	0.6213751563077057	0.8517574838360527	1.086089812987562	0.3259861642332232	0.28752911745218374	0.6740138357667769	0.7124708825478163	0.7142857142857143	baseline
K07250	0.0	0.3890999217683871	0.5093683986668768	1.3642534273753009	0.3921612583907622	0.3860672191545046	0.6078387416092378	0.6139327808454954	0.7142857142857143	baseline
K07251	0.0	0.32804345743693475	0.4878900946287006	1.3171883651955683	0.38989176405334086	0.39913572558824595	0.6101082359466592	0.600864274411754	0.5714285714285714	baseline
K07258	0.0	0.8640745899954168	1.2468626944987387	1.418707028191038	0.7678999172518471	0.8313333460649803	0.7678999172518471	0.8313333460649803	0.8571428571428571	endpoint
K07259	0.0	0.5303938877238558	0.5688459616499865	1.3408010294557575	0.3451050355055468	0.3802098701906669	0.6548949644944533	0.6197901298093331	0.8571428571428571	baseline
K07260	0.0	0.06888595855997973	0.1784371010745103	1.1744738618728745	0.5459470642250402	0.5549096381823456	0.5459470642250402	0.5549096381823456	0.5714285714285714	endpoint
K07261	0.0	0.3453533681146242	0.7273880270593631	1.2095333894911298	0.4192963467830423	0.30094354172106347	0.5807036532169577	0.6990564582789365	0.7142857142857143	baseline
K07262	0.0	0.7438396867154726	1.161755200631131	1.701877144100753	0.2863281872646272	0.14214863846536982	0.7136718127353727	0.8578513615346302	0.8571428571428571	baseline
K07263	0.0	0.41721323642851926	0.8372539765010416	1.7279350979749843	0.41298664149268743	0.26632360718182363	0.5870133585073125	0.7336763928181764	0.5714285714285714	baseline
K07264	0.0	0.7744057921867508	1.004446914120306	1.315336239630806	0.2736906515091213	0.25330894243340535	0.7263093484908787	0.7466910575665946	0.8571428571428571	baseline
K07265	0.0	0.41557680580801076	0.48727760330176484	1.2964959356088541	0.3840749696326264	0.3036666868529236	0.6159250303673736	0.6963333131470764	0.5714285714285714	baseline
K07266	0.0	0.7260449791140589	1.1359900145179893	1.455016315949916	0.31413220112012946	0.19714853839332255	0.6858677988798705	0.8028514616066774	0.7142857142857143	baseline
K07267	0.0	0.17604487299689753	0.13464009585823924	1.4618874446251793	0.45709168480863577	0.5171386376124715	0.5429083151913643	0.5171386376124715	0.5714285714285714	baseline
K07269	0.0	0.9153096426630357	0.9416072874405985	1.5517690776493032	0.22795094004092883	0.14771897207959986	0.7720490599590711	0.8522810279204002	0.8571428571428571	baseline
K07270	0.0	0.20189396094465129	0.26820911087036153	1.6877120577863718	0.42233487256257857	0.3788614891434007	0.5776651274374214	0.6211385108565993	0.5714285714285714	baseline
K07271	0.0	0.3620205198543735	0.6140565701250278	1.1604147558475741	0.6279431094349315	0.7019342400276302	0.6279431094349315	0.7019342400276302	0.5714285714285714	endpoint
K07272	0.0	0.06349750692180198	0.21492642760161254	1.6049945167931443	0.47764872679406906	0.5445620482710642	0.522351273205931	0.5445620482710642	0.5714285714285714	baseline
K07273	0.0	0.012725159666198986	0.13224767870021398	1.5429255247466729	0.4497500901208381	0.47118330830306016	0.5502499098791619	0.5288166916969399	0.5714285714285714	baseline
K07274	0.0	0.5523286119825417	0.8013771570559012	1.6711720301604374	0.36453738727873164	0.31886355587382126	0.6354626127212684	0.6811364441261787	0.7142857142857143	baseline
K07275	0.0	1.2174618316985857	1.232274180165884	1.7976913342439995	0.153132275960534	0.11037108617486681	0.846867724039466	0.8896289138251332	1.0	baseline
K07277	0.0	0.24334324094879708	0.5059039501394091	1.7040038076329236	0.4475492396968172	0.29727323222005764	0.5524507603031827	0.7027267677799424	0.5714285714285714	baseline
K07278	0.0	0.144664458992751	0.31275157720005553	1.3221512349917495	0.48503893675564547	0.41277587011274264	0.5149610632443545	0.5872241298872574	0.5714285714285714	baseline
K07279	0.0	0.6541548067083195	0.5631803340220675	1.8591932158486126	0.2977570423027696	0.308439854443093	0.7022429576972304	0.6915601455569069	0.8571428571428571	baseline
K07282	0.0	0.06569446729992519	0.18979876928018127	1.8870130289354323	0.5338191356159356	0.4519681386877048	0.5338191356159356	0.5480318613122952	0.5714285714285714	baseline
K07283	0.0	1.0160280406638882	1.01704171994848	1.787754063066271	0.18722041524345356	0.1882773092723688	0.8127795847565464	0.8117226907276311	1.0	baseline
K07284	0.0	0.24970159993230673	0.20418057355627658	1.3570520851593957	0.4200253413934915	0.450299146499956	0.5799746586065084	0.549700853500044	0.7142857142857143	baseline
K07285	0.0	0.27722330396063327	0.07122148105999851	1.5813763207760305	0.44635514299390866	0.49338801847222713	0.5536448570060913	0.5066119815277729	0.5714285714285714	baseline
K07286	0.14285714285714285	0.7657641650647473	1.0836204363276598	2.25955456931933	0.34730324473219715	0.16705476886963544	0.6526967552678029	0.8329452311303646	0.7142857142857143	baseline
K07287	0.0	0.7034947431680142	0.7305767816528085	1.6838936759062173	0.3347326292759038	0.306261602002862	0.6652673707240961	0.693738397997138	0.8571428571428571	baseline
K07289	0.14285714285714285	0.8281373024311021	0.8055748937700242	2.4946364895655093	0.29791841658556945	0.2556841850200289	0.7020815834144305	0.7443158149799711	0.8571428571428571	baseline
K07290	0.0	1.1008384679840197	1.2894191598962377	1.9831932480586825	0.19676362310384116	0.15222390248606402	0.8032363768961588	0.847776097513936	0.8571428571428571	baseline
K07300	0.0	0.7101230646468263	0.8934203311372337	1.3477777245302072	0.28531520543066863	0.25376061729421767	0.7146847945693313	0.7462393827057823	0.8571428571428571	baseline
K07301	0.0	1.3662434224935216	1.434917830995303	1.7780811164157662	0.9056549651568616	0.9634562533095656	0.9056549651568616	0.9634562533095656	1.0	endpoint
K07304	0.0	0.36394140030299715	0.6551414362435267	1.3420348963832491	0.4133620032002459	0.29913824416994694	0.5866379967997541	0.7008617558300531	0.7142857142857143	baseline
K07305	0.0	1.0110812025230118	1.198771094222115	1.534011287217277	0.20159933918348427	0.11169763387347889	0.7984006608165157	0.8883023661265211	1.0	baseline
K07306	0.0	0.04050590197759506	0.147107075116783	1.4200809167666437	0.5342735390409371	0.4788039496038953	0.5342735390409371	0.5211960503961047	0.5714285714285714	endpoint
K07307	0.0	0.1203366566334314	0.040405382610716876	1.420081094274003	0.4339034043267566	0.5226405953069451	0.5660965956732433	0.5226405953069451	0.5714285714285714	baseline
K07308	0.0	1.15810780545821	1.243724872357263	1.9251647856422038	0.18655925793966285	0.1649439919714408	0.8134407420603371	0.8350560080285592	0.8571428571428571	baseline
K07309	0.0	0.8880992099043575	1.25597198060904	1.762537498253274	0.23899180954887536	0.15843053384044728	0.7610081904511247	0.8415694661595527	0.8571428571428571	baseline
K07310	0.0	0.6953102767253789	0.8001702390412587	1.6898040141534378	0.287548335341293	0.3261309011802359	0.712451664658707	0.6738690988197641	1.0	baseline
K07312	0.0	0.23203397378980098	0.1403681883071841	1.3482581382974348	0.46515072164637566	0.48037936596334935	0.5348492783536243	0.5196206340366507	0.5714285714285714	baseline
K07313	0.0	0.1932679406971607	0.6337225898213323	1.4793269221111356	0.4880645271326102	0.3495885089514245	0.5119354728673897	0.6504114910485754	0.5714285714285714	baseline
K07314	0.0	0.5068628029086307	1.2345467247486488	1.6189202476816196	0.39769709760246824	0.2645832071426701	0.6023029023975317	0.7354167928573299	0.5714285714285714	baseline
K07315	0.0	0.012281227898971268	0.5699730413046186	1.3789737061263347	0.49031318776948535	0.5652347141540146	0.5096868122305147	0.5652347141540146	0.5714285714285714	baseline
K07316	0.0	0.567286941486644	1.0967840764107604	1.3079024201634746	0.7155577169697358	0.8099500725299518	0.7155577169697358	0.8099500725299518	0.7142857142857143	endpoint
K07317	0.0	0.31065168341390287	0.2769745831973565	1.4141846497459964	0.413217472664455	0.4246439069653163	0.5867825273355449	0.5753560930346837	0.5714285714285714	baseline
K07318	0.0	0.21474551879881276	0.3539948996115731	1.62202094919957	0.39544427045605346	0.4100615446122075	0.6045557295439465	0.5899384553877924	0.7142857142857143	baseline
K07319	0.0	0.18323302211107467	0.494798116313548	1.459693229838658	0.44570831327145594	0.3523701060170207	0.5542916867285441	0.6476298939829793	0.5714285714285714	baseline
K07320	0.0	0.900926424638978	1.0966979434060995	1.4229375670026256	0.23889260869639273	0.26499826695345424	0.7611073913036073	0.7350017330465457	0.8571428571428571	baseline
K07321	0.0	0.49925460591234117	0.6924660453117303	1.6694074171248567	0.6166453465174546	0.6994571582224617	0.6166453465174546	0.6994571582224617	0.7142857142857143	endpoint
K07322	0.0	0.41358476818248663	0.8880040415012775	1.2925285035982748	0.3937247787227795	0.318266582690259	0.6062752212772204	0.681733417309741	0.7142857142857143	baseline
K07323	0.0	0.4083579606318442	1.1599599394753939	1.390717978275547	0.35895967522499805	0.27807094261238285	0.641040324775002	0.7219290573876171	0.7142857142857143	baseline
K07334	0.0	0.2083637377067022	0.36131687278336716	1.2416886931363913	0.4555614868478101	0.34690244441244944	0.5444385131521898	0.6530975555875506	0.7142857142857143	baseline
K07335	0.0	0.25006849614160503	0.2531249183046916	1.3743085124191983	0.4225879483544253	0.3840391067236294	0.5774120516455747	0.6159608932763706	0.5714285714285714	baseline
K07336	0.0	0.4391726788938005	0.4831421736222313	1.7171781799860937	0.40284432761955574	0.3331224005657364	0.5971556723804443	0.6668775994342636	0.7142857142857143	baseline
K07337	0.14285714285714285	0.8212263583009304	0.9212888689069492	2.0341215889510016	0.2713128681002208	0.31768963625183844	0.7286871318997792	0.6823103637481616	0.8571428571428571	baseline
K07340	0.0	0.45546514917041014	0.8634434999218067	1.4683254263752765	0.35202278072818655	0.26963860342348817	0.6479772192718134	0.7303613965765119	0.5714285714285714	baseline
K07341	0.0	0.052169493202821805	0.07223242788705647	0.7771341550011641	0.5491517531055695	0.4957173359801874	0.5491517531055695	0.5042826640198126	0.5714285714285714	endpoint
K07343	0.0	0.4234695453430786	0.4072659305923999	1.892839795921767	0.4245821594470458	0.3311305263285843	0.5754178405529542	0.6688694736714157	0.5714285714285714	baseline
K07344	0.0	0.2961407211861728	0.41263648976114764	1.7883157466521313	0.45056181184807603	0.38093669225328236	0.5494381881519239	0.6190633077467176	0.7142857142857143	baseline
K07345	0.0	0.5060066878814041	0.6985950989906908	1.7592327532065082	0.3770981747508035	0.3498771283941379	0.6229018252491965	0.650122871605862	0.7142857142857143	baseline
K07346	0.0	1.1236267699007045	1.1257483788471998	1.4640705036888524	0.16453445316316984	0.17092435631263383	0.8354655468368302	0.8290756436873662	1.0	baseline
K07347	0.0	0.7184404773955013	1.2510006080506313	1.6073301317443556	0.3003238178173791	0.2372376189358366	0.699676182182621	0.7627623810641634	0.7142857142857143	baseline
K07348	0.0	0.6523971805124148	0.8076319969221056	1.7957344993374273	0.3463152577514886	0.19370571061299185	0.6536847422485115	0.8062942893870082	0.5714285714285714	baseline
K07349	0.0	0.033070356156834145	0.36762901234509937	1.272608832290559	0.5174580196372822	0.409595539155552	0.5174580196372822	0.590404460844448	0.5714285714285714	baseline
K07350	0.0	0.43853370799542496	0.5928427385948903	1.356582634281398	0.38168282433030204	0.2811227386487106	0.6183171756696979	0.7188772613512894	0.8571428571428571	baseline
K07351	0.0	1.00509354608537	0.8681530303141431	1.8729982647271266	0.21546141896914253	0.1732245452134638	0.7845385810308575	0.8267754547865362	1.0	baseline
K07353	0.0	0.7344004250410788	0.8036404145372751	1.3744712102273275	0.2714935361800324	0.2037926738267464	0.7285064638199676	0.7962073261732536	0.8571428571428571	baseline
K07356	0.0	0.20685033408773185	0.9105148923364887	1.3438696251081839	0.6080157709502266	0.7586073724722738	0.6080157709502266	0.7586073724722738	0.5714285714285714	endpoint
K07357	0.0	0.25386608350005524	0.2350370325601854	1.2313931380961587	0.41984649882985614	0.418546573044013	0.5801535011701439	0.581453426955987	0.7142857142857143	baseline
K07358	0.0	0.23338504917602118	0.7633365786604112	1.9323746549918501	0.4662081569937642	0.3240507879241511	0.5337918430062358	0.6759492120758489	0.5714285714285714	baseline
K07386	0.0	0.3423854841463926	0.29061612415260346	1.703256599802505	0.43338738229856993	0.4223794514090195	0.5666126177014301	0.5776205485909804	0.7142857142857143	baseline
K07387	0.0	0.6516965356531434	0.8174482556403146	1.3859543286259026	0.3191245274382613	0.3349268717263581	0.6808754725617387	0.665073128273642	0.8571428571428571	baseline
K07391	0.0	0.6858341613677842	1.1978732944023185	1.7507724436603325	0.3075248882037857	0.2139616326428473	0.6924751117962142	0.7860383673571527	0.7142857142857143	baseline
K07393	0.0	0.5185241675400809	0.826592261130171	1.6344930058524063	0.32479966664434157	0.20885734216299165	0.6752003333556584	0.7911426578370083	0.7142857142857143	baseline
K07395	0.0	0.7445104755541048	0.985336052147264	1.3774571285622428	0.2905779286331097	0.28284285384824964	0.7094220713668903	0.7171571461517503	0.8571428571428571	baseline
K07397	0.0	0.7989443750880013	1.0085139169868986	1.3605381052902277	0.2674335717561384	0.2296518125453718	0.7325664282438615	0.7703481874546282	0.8571428571428571	baseline
K07400	0.0	0.5846575674751708	0.9171913501426031	1.4401791515446343	0.29591318120658144	0.2548237011821651	0.7040868187934186	0.745176298817835	0.7142857142857143	baseline
K07401	0.0	0.490539714222482	1.064301925821358	1.4006067433796705	0.36094590866464454	0.2395423275200274	0.6390540913353555	0.7604576724799725	0.7142857142857143	baseline
K07402	0.0	0.48687705923003843	0.549919177103477	1.196009395190876	0.6614844279427631	0.6706722010651015	0.6614844279427631	0.6706722010651015	0.7142857142857143	endpoint
K07403	0.0	0.5904685046432091	0.7806786595692711	1.3882875227625935	0.318882910934596	0.3224863215543565	0.681117089065404	0.6775136784456435	0.8571428571428571	baseline
K07404	0.0	0.326129626190105	1.1828649535819327	1.5007387575361368	0.5894681812132134	0.6878658377116631	0.5894681812132134	0.6878658377116631	0.5714285714285714	endpoint
K07405	0.0	0.07753655194108787	0.240082131854648	1.2883856369979063	0.49817700803757886	0.4565872491617621	0.5018229919624211	0.5434127508382379	0.5714285714285714	baseline
K07406	0.0	0.4756119393646731	0.8569888121751412	1.5372824571285137	0.641987345948914	0.7438535982897901	0.641987345948914	0.7438535982897901	0.8571428571428571	endpoint
K07407	0.0	0.54907492102922	0.7341655149839229	1.2221732215735444	0.6728396249576779	0.7229244850381912	0.6728396249576779	0.7229244850381912	0.8571428571428571	endpoint
K07442	0.0	0.09183625570005563	0.3302916680313416	1.6182409171195669	0.5071558209088768	0.4071848147938842	0.5071558209088768	0.5928151852061159	0.5714285714285714	baseline
K07443	0.0	0.4904470005591315	0.6450071637403203	1.3056548144232365	0.6331212477861766	0.6488544851950452	0.6331212477861766	0.6488544851950452	0.8571428571428571	endpoint
K07444	0.0	0.8215940290403949	1.1909750437688633	1.695629881744581	0.7432885237304161	0.9095988316124252	0.7432885237304161	0.9095988316124252	0.8571428571428571	endpoint
K07447	0.0	0.088811412794968	0.035962077081682406	1.3961017092568648	0.49991737871785075	0.4646512719984237	0.5000826212821492	0.5353487280015763	0.5714285714285714	endpoint
K07448	0.0	0.6180062724675046	1.1017849876007113	1.4733792321780343	0.723488988610819	0.8113285092505333	0.723488988610819	0.8113285092505333	0.8571428571428571	endpoint
K07450	0.0	0.13465770403547084	0.07128855329529665	1.2174052284009202	0.5691109605585362	0.5272854475922335	0.5691109605585362	0.5272854475922335	0.5714285714285714	endpoint
K07451	0.0	0.2343197347992175	0.48752090796117814	1.22716804804695	0.6159095023133616	0.6474759928575766	0.6159095023133616	0.6474759928575766	0.7142857142857143	endpoint
K07452	0.0	0.16616083219211827	0.09247604853209855	1.2731243578317102	0.5986672037488078	0.49157558614372976	0.5986672037488078	0.5084244138562702	0.5714285714285714	endpoint
K07454	0.0	0.7401622282602273	1.1614701182839013	1.410047955458312	0.31646545300983936	0.23655706971388632	0.6835345469901606	0.7634429302861137	0.7142857142857143	baseline
K07455	0.0	0.7931179270715294	0.8131035912331913	1.4722055949503106	0.2749578660833208	0.30255202377542084	0.7250421339166793	0.6974479762245791	0.8571428571428571	baseline
K07456	0.0	0.5766699592877357	1.0551425188467143	1.6643005018717631	0.6529551045749292	0.74688984436394	0.6529551045749292	0.74688984436394	0.7142857142857143	endpoint
K07457	0.0	0.3781338182876275	0.40278601233587724	1.452271351141696	0.3769138448021498	0.4037595808695329	0.6230861551978502	0.5962404191304671	0.5714285714285714	baseline
K07458	0.0	0.6483228572417152	0.617662728315385	1.8668560975281554	0.31335850523326325	0.3155828093914248	0.6866414947667367	0.6844171906085752	0.7142857142857143	baseline
K07459	0.0	0.4676982108602449	0.8063158411445408	1.6631296682978671	0.4113443355953205	0.25631595180197275	0.5886556644046794	0.7436840481980272	0.5714285714285714	baseline
K07460	0.0	0.1739938333466497	0.4798196388707554	1.4861621904953166	0.4526908640716438	0.35952148370162906	0.5473091359283562	0.6404785162983709	0.5714285714285714	baseline
K07461	0.0	0.8955546258452693	1.114559622506789	1.431091718171605	0.7895694350958334	0.8676002103178003	0.7895694350958334	0.8676002103178003	0.8571428571428571	endpoint
K07462	0.0	0.06141472778843921	0.026961941979065096	1.490597005143767	0.4691646656909353	0.5068914681513709	0.5308353343090647	0.5068914681513709	0.5714285714285714	baseline
K07464	0.0	0.4540239488587257	0.5294324472712014	1.351419873818998	0.39489890222404816	0.3437069728784556	0.6051010977759519	0.6562930271215444	0.5714285714285714	baseline
K07467	0.0	0.5430118524706921	0.790646714639445	1.3625056140083673	0.6710231374297025	0.6285358380712103	0.6710231374297025	0.6285358380712103	0.7142857142857143	endpoint
K07469	0.0	0.8934481132779953	1.0342654929440256	1.762114919382269	0.7547046639648821	0.7549851235749769	0.7547046639648821	0.7549851235749769	1.0	endpoint
K07470	0.0	0.9793736969690247	1.346401024345066	1.483624751898349	0.21176939409286102	0.23372669107811944	0.788230605907139	0.7662733089218805	0.8571428571428571	baseline
K07473	0.0	0.30138586997213984	0.4850292408272705	1.3103150670850314	0.4199753853602709	0.3901074475558482	0.5800246146397291	0.6098925524441519	0.7142857142857143	baseline
K07474	0.0	0.2482247527098455	0.9565524501679978	1.6193405182444571	0.6002252255664351	0.7859980076533964	0.6002252255664351	0.7859980076533964	0.5714285714285714	endpoint
K07478	0.0	0.46609027688791926	0.6918006394841701	1.5662582557811218	0.6389587073085036	0.6391804537928817	0.6389587073085036	0.6391804537928817	0.8571428571428571	endpoint
K07479	0.0	0.22789400484264274	0.10125450696640718	1.7537485717809194	0.37232236824890574	0.48209733233417734	0.6276776317510943	0.5179026676658227	0.5714285714285714	baseline
K07480	0.14285714285714285	0.854180891243989	0.8633083571392961	2.0299540349314285	0.30241095022331205	0.2696758537898431	0.6975890497766879	0.7303241462101568	0.7142857142857143	baseline
K07481	0.0	0.2947144010550201	0.499243100327747	1.5995709038940469	0.6076261125118513	0.6299076361773053	0.6076261125118513	0.6299076361773053	0.8571428571428571	endpoint
K07482	0.0	0.800801158607513	0.8916822581741436	1.2024413175020985	0.2733079810907927	0.2571473458011993	0.7266920189092073	0.7428526541988008	1.0	baseline
K07483	0.0	0.035964499975760345	0.07489944044057878	1.457016809981908	0.5396556498844373	0.48305395686784963	0.5396556498844373	0.5169460431321504	0.5714285714285714	endpoint
K07484	0.0	0.3525310452064116	0.5997700405913646	1.3416085634781132	0.6372939753965232	0.7456421435100031	0.6372939753965232	0.7456421435100031	0.5714285714285714	endpoint
K07485	0.0	0.46923581569581685	0.9016146230476209	1.5629751735653314	0.6998345340379121	0.7561541279444581	0.6998345340379121	0.7561541279444581	0.7142857142857143	endpoint
K07486	0.0	0.6283397134218248	0.8584655538805922	1.3696139990655996	0.28765685911025274	0.24982383331335026	0.7123431408897473	0.7501761666866498	0.7142857142857143	baseline
K07487	0.0	0.22308407809799746	0.23363031085051741	1.3254918830407523	0.6013326553274968	0.5094028131029921	0.6013326553274968	0.5094028131029921	0.5714285714285714	endpoint
K07489	0.0	0.9177783430183303	1.1729770080306086	1.4333381109810595	0.24603835367068108	0.2624399060199627	0.753961646329319	0.7375600939800373	1.0	baseline
K07491	0.0	0.12020971911498109	0.02537035056124598	1.2318568059598618	0.5275963838806738	0.4796320258549134	0.5275963838806738	0.5203679741450866	0.5714285714285714	endpoint
K07492	0.0	0.15270187278201192	0.011985692891924552	1.2962909299754783	0.4415322273465375	0.5086475912667	0.5584677726534625	0.5086475912667	0.5714285714285714	baseline
K07493	0.0	0.13833173360811485	0.059228019911438154	1.2817367467892622	0.5613281899889456	0.48045254729039083	0.5613281899889456	0.5195474527096091	0.5714285714285714	endpoint
K07494	0.0	0.3085909515019054	0.28714568793927125	1.2600260912003536	0.5999265703398422	0.5805069652358433	0.5999265703398422	0.5805069652358433	0.7142857142857143	endpoint
K07495	0.0	0.7943666593481391	1.1281448451150828	1.5311982925048444	0.2894082866558732	0.2783766158502268	0.7105917133441269	0.7216233841497732	0.8571428571428571	baseline
K07496	0.0	0.3446169072486055	0.33516483805199393	1.2571181483365228	0.6344809427034726	0.5915494346043363	0.6344809427034726	0.5915494346043363	0.5714285714285714	endpoint
K07497	0.0	0.15164843632850125	0.2255065141895838	1.5007514032374427	0.5663897219121139	0.5659135213972653	0.5663897219121139	0.5659135213972653	0.5714285714285714	endpoint
K07498	0.0	0.21967766177416959	0.519042171472668	1.5166120522463493	0.47789857605046987	0.36456839116003276	0.5221014239495301	0.6354316088399672	0.7142857142857143	baseline
K07502	0.0	0.1381683612572436	0.3544302064969136	1.4443238551870716	0.5454633028964299	0.4099415578792535	0.5454633028964299	0.5900584421207464	0.5714285714285714	endpoint
K07503	0.0	0.5281425340381034	1.1769819982086196	1.6635871787268741	0.38196602372947824	0.23547044249680002	0.6180339762705218	0.7645295575032	0.7142857142857143	baseline
K07504	0.0	0.43785350062082184	0.5139742857164491	1.4295725461323296	0.6302719303123113	0.6333514913882957	0.6302719303123113	0.6333514913882957	0.7142857142857143	endpoint
K07505	0.0	0.3440051296146847	0.5558028411814622	1.6034579301828582	0.552657909760197	0.6617018699385937	0.552657909760197	0.6617018699385937	0.7142857142857143	endpoint
K07506	0.0	0.5320605455045023	0.4385469900451236	1.4923027377856632	0.3485406899033278	0.34589941766147975	0.6514593100966721	0.6541005823385202	0.7142857142857143	baseline
K07507	0.0	0.27385024939362285	0.7697856587122419	1.2068418209698533	0.4024918471015944	0.2954541803433664	0.5975081528984056	0.7045458196566337	0.5714285714285714	baseline
K07533	0.0	0.9927627061415755	1.2762102507531807	1.628714478610007	0.8254323026402177	0.9474734414761578	0.8254323026402177	0.9474734414761578	0.8571428571428571	endpoint
K07552	0.0	0.33424171884782755	0.9267506642880896	1.2636861040398233	0.6188926597527241	0.7298503164867801	0.6188926597527241	0.7298503164867801	0.5714285714285714	endpoint
K07559	0.0	0.325458592409451	0.5281982895686942	1.8254548720225672	0.5546424219083425	0.6366767777447672	0.5546424219083425	0.6366767777447672	0.5714285714285714	endpoint
K07560	0.0	0.017931317323544343	0.18042176483707534	1.364759987501457	0.4984455452163443	0.4478085109782494	0.5015544547836557	0.5521914890217505	0.5714285714285714	baseline
K07566	0.0	0.005794567647079482	0.19216565342961717	1.3196868672161794	0.48610367034024743	0.5924063950284163	0.5138963296597525	0.5924063950284163	0.5714285714285714	baseline
K07568	0.0	0.19506022057213146	0.5508986862799778	1.7880129733990375	0.5345015696582899	0.6600185290157339	0.5345015696582899	0.6600185290157339	0.7142857142857143	endpoint
K07570	0.0	0.5137183406919419	0.5350308937273381	1.640787192641819	0.36459739117873957	0.3881151537644329	0.6354026088212604	0.611884846235567	0.7142857142857143	baseline
K07571	0.0	0.9686283014790545	1.2039552808858514	1.6203346351777752	0.7915629040591962	0.819903362102123	0.7915629040591962	0.819903362102123	0.8571428571428571	endpoint
K07574	0.0	0.2966580620627249	0.6861852004779281	1.3967973832274059	0.43342279735568817	0.356716151659915	0.5665772026443119	0.643283848340085	0.7142857142857143	baseline
K07576	0.0	0.6905290035971089	1.302893083906414	1.6520782360428548	0.6701679996809118	0.8387748367373413	0.6701679996809118	0.8387748367373413	0.7142857142857143	endpoint
K07584	0.0	0.6669762095180419	1.1672646912558744	1.250638138302382	0.68181869564688	0.6943036369536104	0.68181869564688	0.6943036369536104	0.7142857142857143	endpoint
K07586	0.0	0.1258764388618782	0.21364318671866497	1.3712015164530724	0.5681025810421438	0.5061813819778945	0.5681025810421438	0.5061813819778945	0.7142857142857143	endpoint
K07588	0.0	0.5286261532409854	0.6890082252886385	1.5113383779594631	0.33870041069071727	0.35624753786920405	0.6612995893092828	0.643752462130796	0.7142857142857143	baseline
K07592	0.0	1.0461411058475556	1.1416307058927855	1.5264707697144868	0.16790266795594447	0.09218851243523046	0.8320973320440556	0.9078114875647696	1.0	baseline
K07636	0.0	0.8531010187042669	1.1755029632487073	1.4560906012255415	0.25489748053582406	0.25923233477246943	0.7451025194641759	0.7407676652275306	0.8571428571428571	baseline
K07637	0.0	1.234884969680643	1.259915566157977	1.405445870493292	0.14133204984773523	0.16035618787430672	0.8586679501522647	0.8396438121256933	1.0	baseline
K07638	0.0	0.7194604179471098	1.1161162459811196	1.9602199202663426	0.3428109747893459	0.19294365203330827	0.657189025210654	0.8070563479666917	0.7142857142857143	baseline
K07639	0.0	0.9431913605354261	0.959850772370131	1.83649616394012	0.2615751007719571	0.19677067604682785	0.7384248992280429	0.8032293239531721	0.7142857142857143	baseline
K07640	0.0	0.6340728028456362	0.7216760221639001	1.786639764533204	0.35354766976355406	0.32601950877837915	0.646452330236446	0.6739804912216208	0.8571428571428571	baseline
K07641	0.14285714285714285	0.42035480733696334	0.25387214233186306	2.0357043882147217	0.4062434155392238	0.437659092330622	0.5937565844607762	0.5623409076693779	0.7142857142857143	baseline
K07642	0.0	0.7136792427944673	0.9806625450863242	1.4816647285883737	0.32249061794367817	0.23732868427696144	0.6775093820563218	0.7626713157230386	0.8571428571428571	baseline
K07643	0.0	0.615364895170022	1.0387700617839697	1.392890085828093	0.3084378009982415	0.18756490807422233	0.6915621990017585	0.8124350919257777	0.8571428571428571	baseline
K07644	0.14285714285714285	0.666669590274834	1.0654123327037808	2.069541222762595	0.29869635562438573	0.14771218125025587	0.7013036443756142	0.8522878187497441	0.7142857142857143	baseline
K07645	0.0	0.5121838690158667	0.7260861676775905	1.4240024736097407	0.37459198898517226	0.3434502687996829	0.6254080110148277	0.6565497312003171	0.7142857142857143	baseline
K07646	0.0	0.4300285662065914	1.1634452022868873	1.3851970235596152	0.648864158637336	0.7975153543936786	0.648864158637336	0.7975153543936786	0.7142857142857143	endpoint
K07647	0.14285714285714285	0.7487522544951327	0.5931278807471188	2.086125810433565	0.2925498465228369	0.3234035037831128	0.7074501534771631	0.6765964962168872	0.8571428571428571	baseline
K07648	0.0	0.653131504922583	0.9906619687644633	1.5102475588769602	0.3315506112787138	0.1601290884545752	0.6684493887212861	0.8398709115454248	0.8571428571428571	baseline
K07649	0.0	0.7589681405346267	0.8498379242481722	1.3916642783561262	0.27400300365812974	0.32955028228633126	0.7259969963418702	0.6704497177136688	0.7142857142857143	baseline
K07650	0.0	0.24488874927507956	0.0797337984890295	1.390434258309936	0.4181813669074329	0.5296132705923197	0.5818186330925671	0.5296132705923197	0.5714285714285714	baseline
K07652	0.0	0.15482445192262828	0.43172736684629104	1.1931649152872468	0.47058047000189596	0.41226544309796026	0.529419529998104	0.5877345569020398	0.7142857142857143	baseline
K07654	0.0	0.5627345875373247	0.829983199137561	1.403807902392047	0.3165883784314376	0.22730891658110217	0.6834116215685624	0.7726910834188978	0.7142857142857143	baseline
K07657	0.0	0.21176361542507063	0.8513397866691775	1.5929564730631438	0.47679911580624196	0.3293009775549086	0.5232008841937581	0.6706990224450914	0.5714285714285714	baseline
K07658	0.0	1.0287171490617297	1.2237978836941605	1.8332762913443323	0.8175340157396267	0.9417777970158329	0.8175340157396267	0.9417777970158329	1.0	endpoint
K07659	0.0	0.4519173070997996	1.0483400636305227	1.379562053894022	0.39465940608718986	0.2545935421342461	0.6053405939128101	0.7454064578657539	0.7142857142857143	baseline
K07660	0.0	0.41755454109354134	0.4741799779576632	1.8467201703932494	0.42649591898678807	0.31218867470321954	0.5735040810132119	0.6878113252967805	0.5714285714285714	baseline
K07661	0.0	0.48856311379629075	0.815994532543584	1.723589561614177	0.3627620692636667	0.23716899447793144	0.6372379307363333	0.7628310055220686	0.7142857142857143	baseline
K07662	0.0	0.9306774536158836	1.202092229480065	1.5928331768324295	0.25569796248238774	0.22426162309515907	0.7443020375176123	0.7757383769048409	0.8571428571428571	baseline
K07663	0.0	0.7704647931727896	1.2666387284053187	1.3886860077581653	0.2822573033764676	0.12975833474296403	0.7177426966235324	0.870241665257036	0.8571428571428571	baseline
K07664	0.0	1.306165892513501	1.333957242624325	1.5570241825936197	0.11705975757849249	0.08171927015730247	0.8829402424215075	0.9182807298426975	1.0	baseline
K07665	0.0	0.6070105934184904	0.9002257840204487	1.699554468383833	0.34328222628618316	0.2465807042036256	0.6567177737138168	0.7534192957963743	0.7142857142857143	baseline
K07666	0.0	0.38799537035228093	0.5605414311554052	1.7786416152075748	0.3996713210929338	0.2785190310245845	0.6003286789070662	0.7214809689754156	0.5714285714285714	baseline
K07667	0.0	0.952791555036517	1.1047176253614146	1.8327849253142727	0.7461936626463379	0.774857761629702	0.7461936626463379	0.774857761629702	0.7142857142857143	endpoint
K07668	0.0	0.45977094732207135	0.38453099180572897	1.4897215072531411	0.6538954176115509	0.572855822409238	0.6538954176115509	0.572855822409238	0.7142857142857143	endpoint
K07670	0.0	0.17647966134406376	0.43258806656208415	1.3058384672792007	0.5719784134121716	0.641755847399757	0.5719784134121716	0.641755847399757	0.5714285714285714	endpoint
K07673	0.0	0.5004081618632531	0.8594890694553722	1.6567315190128142	0.35024538931231547	0.23849857625512078	0.6497546106876846	0.7615014237448792	0.7142857142857143	baseline
K07674	0.0	0.8963495135304019	0.8186651987636677	1.7785415632614443	0.2512619147475195	0.22670197502935902	0.7487380852524805	0.7732980249706409	0.8571428571428571	baseline
K07675	0.0	0.5507783431436818	0.6672983149219868	1.3788711641505684	0.3458604316831383	0.34180398092956304	0.6541395683168617	0.658196019070437	0.7142857142857143	baseline
K07676	0.0	0.4581746671095172	0.7890010233345023	1.2449224329873871	0.3666471737722013	0.28614504123581364	0.6333528262277988	0.7138549587641864	0.7142857142857143	baseline
K07677	0.0	0.9104629573026368	1.0427091016078276	1.3114553506304016	0.2069867225725052	0.11301598561570278	0.7930132774274948	0.8869840143842972	1.0	baseline
K07678	0.0	0.899372920006157	1.0128708709015464	1.476281617065146	0.23438192119984042	0.23462533191546575	0.7656180788001596	0.7653746680845342	0.8571428571428571	baseline
K07679	0.14285714285714285	0.6672220156079002	0.7612385208820673	2.005680129116287	0.3349127401586598	0.2586487668322687	0.6650872598413402	0.7413512331677313	0.8571428571428571	baseline
K07684	0.0	1.286679485594146	1.3840635248267965	1.6711188528766507	0.13251313450669164	0.13113520560609127	0.8674868654933083	0.8688647943939087	1.0	baseline
K07685	0.0	0.788134818388195	1.2798289506860856	1.4008342584990168	0.2774637103742599	0.2139963301998252	0.7225362896257401	0.7860036698001748	0.8571428571428571	baseline
K07686	0.0	0.9334648359734837	1.0492337838479844	1.3825345639176734	0.21969075458119436	0.2679048478099329	0.7803092454188056	0.7320951521900672	1.0	baseline
K07687	0.0	0.7577712870357196	1.063986478238096	1.9588577928554693	0.32359116640089747	0.25786327618714483	0.6764088335991025	0.7421367238128551	0.7142857142857143	baseline
K07689	0.0	0.26433055997359034	0.2715213037400524	1.5454653007340016	0.45726086863064236	0.42591837558457074	0.5427391313693577	0.5740816244154292	0.5714285714285714	baseline
K07690	0.0	1.2624324515063778	1.0759523831687348	1.9811916120257274	0.13408608935241423	0.14118208056073106	0.8659139106475857	0.8588179194392689	1.0	baseline
K07699	0.0	0.7309352245137427	1.1003587666500603	1.6334794502945271	0.7076312154408109	0.7704364032281753	0.7076312154408109	0.7704364032281753	0.8571428571428571	endpoint
K07700	0.0	1.006769953217985	1.230982648336592	1.9848179723285972	0.23971877011471107	0.14114694247352505	0.7602812298852889	0.858853057526475	1.0	baseline
K07701	0.0	0.3912360182446882	0.3958716537084851	1.4567945480126434	0.41058627490820515	0.39851875702942846	0.5894137250917948	0.6014812429705716	0.7142857142857143	baseline
K07702	0.0	0.12137837219289024	0.1245744796027368	1.1405089925732335	0.48262395550875975	0.5030744171773076	0.5173760444912403	0.5030744171773076	0.5714285714285714	baseline
K07703	0.0	0.7730872268926072	0.8767100307471343	1.977523569729301	0.2794685192993033	0.16999481983889111	0.7205314807006967	0.8300051801611089	0.8571428571428571	baseline
K07704	0.0	0.21077481827536268	0.45267405603358457	1.2128134831546953	0.5729026920545939	0.6079812474087644	0.5729026920545939	0.6079812474087644	0.7142857142857143	endpoint
K07705	0.0	0.32597658616481845	0.22338857154299605	1.0688524977918976	0.43554586917394283	0.4460614957634718	0.5644541308260571	0.5539385042365281	0.5714285714285714	baseline
K07706	0.0	0.3337976813397286	0.1747688812510563	1.4893838798597432	0.6336286114696872	0.4996319894295269	0.6336286114696872	0.5003680105704731	0.5714285714285714	endpoint
K07707	0.0	0.023077605163790236	0.4477803678149017	1.3917125926812761	0.5022097014237694	0.5752333545480852	0.5022097014237694	0.5752333545480852	0.5714285714285714	endpoint
K07708	0.0	0.634675166054036	1.0301474344648176	1.4292096649406372	0.3225713844361398	0.17907412009706175	0.6774286155638602	0.8209258799029382	0.7142857142857143	baseline
K07709	0.0	0.2806236297549412	0.3155066480297731	1.3447235895157719	0.4189293490859861	0.4118976675102311	0.5810706509140139	0.588102332489769	0.5714285714285714	baseline
K07710	0.0	1.1225864197639455	1.141156789123121	1.9946895946420868	0.1814531102624091	0.15344181107412497	0.8185468897375909	0.8465581889258751	1.0	baseline
K07711	0.0	0.7674376314279288	1.2530658778884856	1.6525953043056663	0.29287221593019364	0.19629492531507545	0.7071277840698064	0.8037050746849246	0.7142857142857143	baseline
K07712	0.0	0.5972822676908909	1.3397586649047903	1.7034958866578607	0.3300004550514558	0.13834846667766135	0.6699995449485442	0.8616515333223387	0.7142857142857143	baseline
K07713	0.0	0.1077800905898733	0.0035836481034375706	0.7723236115800779	0.5436296561803947	0.5113258155504743	0.5436296561803947	0.5113258155504743	0.5714285714285714	endpoint
K07714	0.0	0.4926115798245646	0.7710070542050651	1.984746453040434	0.38230425276707114	0.2667029821927536	0.6176957472329289	0.7332970178072464	0.7142857142857143	baseline
K07715	0.14285714285714285	1.138891550758279	1.3028203068781914	2.0240772188285474	0.1705078533039584	0.14853004902692737	0.8294921466960417	0.8514699509730727	1.0	baseline
K07718	0.0	0.7989168251339525	1.0902078006780558	1.3614067481812901	0.72323381044907	0.7730462886857459	0.72323381044907	0.7730462886857459	0.8571428571428571	endpoint
K07720	0.0	0.7289745712242465	1.0345083542574143	1.7665576669964038	0.705970596301998	0.7927845722928346	0.705970596301998	0.7927845722928346	0.8571428571428571	endpoint
K07722	0.0	0.44514157933041976	0.428765561085233	1.2573214099101728	0.36760568270431404	0.38945197537919046	0.632394317295686	0.6105480246208095	0.5714285714285714	baseline
K07724	0.0	0.7165262496284901	0.8373718335306147	1.2850715184864294	0.3052241102447088	0.26765808546464115	0.6947758897552911	0.7323419145353589	0.8571428571428571	baseline
K07726	0.0	0.32317663942557456	0.09693700376751205	1.2839511602009994	0.3887236794075865	0.48480520967276336	0.6112763205924134	0.5151947903272367	0.7142857142857143	baseline
K07727	0.0	0.15072499770108405	0.022150053186923074	1.5138640060602764	0.44694715371081867	0.4748326545210569	0.5530528462891813	0.5251673454789432	0.7142857142857143	baseline
K07729	0.0	0.6148729272077145	1.0421894276578418	1.517845975361519	0.6578945354874565	0.7377720781443715	0.6578945354874565	0.7377720781443715	0.7142857142857143	endpoint
K07733	0.0	0.3481247022806118	0.6622051626233681	1.5117109850261516	0.42307516605740325	0.325107357653387	0.5769248339425967	0.6748926423466131	0.7142857142857143	baseline
K07735	0.0	0.03757095222322117	0.351347546143661	1.3628513042190131	0.5205123594371589	0.3840876412424984	0.5205123594371589	0.6159123587575016	0.5714285714285714	endpoint
K07736	0.0	0.13974673736993695	0.42260453318789004	1.4735129524629134	0.5889122325206024	0.6119910787623224	0.5889122325206024	0.6119910787623224	0.7142857142857143	endpoint
K07738	0.0	0.10871107331929399	0.2635499878908483	1.3510153452164833	0.5589253203479869	0.45158193580401307	0.5589253203479869	0.5484180641959869	0.7142857142857143	endpoint
K07739	0.0	0.14984245903443633	0.4137195641728309	1.5086569173997744	0.5497356361661684	0.6558546218091169	0.5497356361661684	0.6558546218091169	0.5714285714285714	endpoint
K07740	0.0	0.5575138233895394	0.5114441327525275	1.3741911630896702	0.32040158346453224	0.3936292646489368	0.6795984165354678	0.6063707353510632	0.7142857142857143	baseline
K07741	0.0	0.05291789497942223	0.2510939255132781	1.7431043261582653	0.4656465980735414	0.5123017216196948	0.5343534019264586	0.5123017216196948	0.5714285714285714	baseline
K07742	0.0	0.7616754790810157	0.9615842599155224	1.386862400258122	0.7108732803725355	0.7233299477849209	0.7108732803725355	0.7233299477849209	0.8571428571428571	endpoint
K07746	0.0	0.9200073619432269	1.0044839409390125	1.4199411342599304	0.2309117059333555	0.18124091637589057	0.7690882940666445	0.8187590836241094	0.8571428571428571	baseline
K07749	0.0	0.10518134088607314	0.05775687730178577	0.7239811705143089	0.5509700280125113	0.5505508646882883	0.5509700280125113	0.5505508646882883	0.5714285714285714	endpoint
K07751	0.0	1.2325202881176935	1.36146829769223	1.7192095827186236	0.11729241284949335	0.06403792592679722	0.8827075871505067	0.9359620740732028	1.0	baseline
K07757	0.0	0.8749299580094402	1.251571779465521	1.5976743342427937	0.27242347903723996	0.20541164432974413	0.72757652096276	0.7945883556702559	0.8571428571428571	baseline
K07768	0.0	0.05160676525104611	0.07099537675476414	1.27043113700845	0.5303415355484229	0.4893263611380765	0.5303415355484229	0.5106736388619235	0.5714285714285714	endpoint
K07770	0.0	0.041388391496943545	0.0834849512565045	1.4069082602123264	0.4894689581996383	0.48648512314680536	0.5105310418003617	0.5135148768531946	0.7142857142857143	baseline
K07771	0.0	0.28384170210919657	0.4362765984560398	1.3345925026707761	0.420343710412537	0.35614834217547087	0.5796562895874631	0.6438516578245291	0.5714285714285714	baseline
K07772	0.0	0.603073570532978	0.6813565746109761	1.832118344390029	0.3528490372679614	0.2854585818626214	0.6471509627320386	0.7145414181373786	0.7142857142857143	baseline
K07773	0.0	0.6824668268129288	1.022366170559959	1.521754291733354	0.299948270339499	0.1502100578455592	0.700051729660501	0.8497899421544408	0.8571428571428571	baseline
K07774	0.0	0.6569577526169222	1.2088689576082225	1.4956502104440907	0.7129287480838836	0.9198923820140222	0.7129287480838836	0.9198923820140222	0.8571428571428571	endpoint
K07775	0.0	0.9145490705739984	1.1592051131623646	1.45080808142554	0.7750625711831718	0.8247567416457743	0.7750625711831718	0.8247567416457743	0.8571428571428571	endpoint
K07776	0.0	0.29998259823372614	0.49803198371517005	1.2840710590426334	0.43763269424645557	0.37340059240473544	0.5623673057535444	0.6265994075952646	0.7142857142857143	baseline
K07777	0.0	0.9671429610224821	1.1135630807016879	1.5809349288941106	0.7834834793948416	0.7787265992654614	0.7834834793948416	0.7787265992654614	1.0	endpoint
K07778	0.0	0.263337218053654	0.6986049884402745	1.608016311021876	0.6166055204204403	0.5865872379168505	0.6166055204204403	0.5865872379168505	0.5714285714285714	endpoint
K07781	0.0	1.3321445211584153	1.3381591732092983	1.6111570482549797	0.11317213940328046	0.13239519569891126	0.8868278605967196	0.8676048043010888	1.0	baseline
K07782	0.0	1.0530422919516875	1.2265840677218043	1.3137324772889734	0.18338966246860555	0.21515070049098498	0.8166103375313944	0.784849299509015	1.0	baseline
K07783	0.0	0.06384566678393017	0.0316035569415321	1.210144305880876	0.46720029070413327	0.5127303850930285	0.5327997092958667	0.5127303850930285	0.5714285714285714	baseline
K07784	0.0	0.9215612339988742	0.9582067252880403	1.9496673090866012	0.24316801868362128	0.14698184887793966	0.7568319813163787	0.8530181511220604	0.8571428571428571	baseline
K07786	0.0	0.871310298048557	1.102266388889282	1.5872545452744422	0.2367438933719089	0.18140076334543756	0.7632561066280911	0.8185992366545625	0.8571428571428571	baseline
K07787	0.0	0.3277221503670778	0.19490315599506222	1.4486850845857109	0.428922177471173	0.4599311839990293	0.571077822528827	0.5400688160009707	0.5714285714285714	baseline
K07788	0.0	0.5699203138034618	0.571708857054505	1.9174508125314866	0.354526716481789	0.2746858354186974	0.645473283518211	0.7253141645813026	0.7142857142857143	baseline
K07789	0.0	0.8426613681289606	1.094304529018053	1.3536550694315495	0.2685602069846383	0.2060047359601012	0.7314397930153618	0.7939952640398988	0.8571428571428571	baseline
K07791	0.0	0.6105359189734639	0.7495668758477225	1.6368008445733078	0.3497342734382158	0.27019332074564356	0.6502657265617842	0.7298066792543565	0.8571428571428571	baseline
K07792	0.0	0.32895085396885815	0.6528127619267712	1.9646022168180368	0.4363373432812481	0.27822954341572076	0.5636626567187519	0.7217704565842793	0.5714285714285714	baseline
K07793	0.0	0.43132355458545074	0.31935012516751277	1.003333813347781	0.6462692104160064	0.6041233770328579	0.6462692104160064	0.6041233770328579	0.7142857142857143	endpoint
K07794	0.0	0.31569680652923154	0.9738063774888922	1.4619383633368197	0.3512302301496798	0.136666701699491	0.6487697698503202	0.863333298300509	0.5714285714285714	baseline
K07795	0.0	0.3324784895774614	0.16622249927592866	1.723308077195527	0.42326797678063455	0.4576731130606371	0.5767320232193655	0.5423268869393629	0.5714285714285714	baseline
K07796	0.0	0.37362115261272794	0.9422164203370245	1.6969258481285747	0.407197313421524	0.314215724450306	0.592802686578476	0.685784275549694	0.5714285714285714	baseline
K07797	0.0	0.46251163675618373	0.4388978151978142	1.3244866929659722	0.38221933911170247	0.39580069646641247	0.6177806608882975	0.6041993035335875	0.8571428571428571	baseline
K07798	0.0	0.03680642090921297	0.6825491168968855	1.4418618148731586	0.5249126224105004	0.6727609004401854	0.5249126224105004	0.6727609004401854	0.5714285714285714	endpoint
K07799	0.0	0.289442295909582	0.6777049870058387	1.4151019945757892	0.42211834512792906	0.33755996931829657	0.5778816548720709	0.6624400306817034	0.7142857142857143	baseline
K07803	0.0	0.8286956631768874	1.3459863127896678	1.6120463485062486	0.24263988972108064	0.1363305764620359	0.7573601102789194	0.863669423537964	0.7142857142857143	baseline
K07806	0.0	0.7167283511661752	0.821060521443247	1.5550996371249934	0.26383502863029534	0.2630708981630475	0.7361649713697047	0.7369291018369525	0.7142857142857143	baseline
K07810	0.0	0.8902127437027294	1.1178251029190114	1.552895092766559	0.25447171911625777	0.2518695753333113	0.7455282808837422	0.7481304246666887	0.8571428571428571	baseline
K07811	0.0	1.4042547135757226	1.4686723816901346	1.7566651741828287	0.10425245752711186	0.1025216002478352	0.8957475424728881	0.8974783997521648	1.0	baseline
K07812	0.0	0.9089064741361861	1.2806973975839222	1.674319233382106	0.24309372829009318	0.12133652900171674	0.7569062717099069	0.8786634709982832	0.8571428571428571	baseline
K07813	0.0	1.1954333804538315	1.188434142863406	1.4795751482229704	0.8544461294993473	0.8320098316754616	0.8544461294993473	0.8320098316754616	1.0	endpoint
K07814	0.0	0.3828435970210976	0.8070919100749389	1.5730577939644828	0.6278976579474852	0.7479563177758144	0.6278976579474852	0.7479563177758144	0.7142857142857143	endpoint
K07816	0.0	0.653453581185518	1.0932319976016676	1.5062937402185923	0.7099338871880565	0.7426983265936297	0.7099338871880565	0.7426983265936297	0.7142857142857143	endpoint
K07821	0.0	0.6723127361598271	0.5333933903161885	1.4016064733293672	0.31893170479496946	0.37297620550795213	0.6810682952050305	0.6270237944920478	0.8571428571428571	baseline
K07862	0.0	0.4274885981086945	0.0972973480560753	1.437824106870526	0.6509883313161126	0.5359407939326952	0.6509883313161126	0.5359407939326952	0.5714285714285714	endpoint
K07979	0.0	0.31962721598666555	0.14942983408197177	1.2435867752832899	0.607061938216427	0.49542578234914353	0.607061938216427	0.5045742176508565	0.5714285714285714	endpoint
K08092	0.0	0.1471976848237962	0.16984934682844757	1.5112757328140294	0.5523421422703513	0.5529019937579064	0.5523421422703513	0.5529019937579064	0.5714285714285714	endpoint
K08093	0.0	0.11667793592283958	0.1687293879616852	1.2962654254861108	0.5280911475534068	0.5541437579053949	0.5280911475534068	0.5541437579053949	0.5714285714285714	endpoint
K08094	0.0	0.09127563337757698	0.16423461461838465	1.0977246892138643	0.45365199868731476	0.4747998749413584	0.5463480013126852	0.5252001250586416	0.7142857142857143	baseline
K08137	0.0	0.10075751253490417	0.5323602758956231	1.3979856332213845	0.5007135504476968	0.36089742731207836	0.5007135504476968	0.6391025726879216	0.7142857142857143	baseline
K08138	0.0	0.0712190188366134	0.24583378343544002	1.302037017421268	0.518195452370022	0.555305638537695	0.518195452370022	0.555305638537695	0.5714285714285714	endpoint
K08151	0.0	0.47374946751325603	0.7959962320741502	1.4383755713404234	0.39185285909113127	0.25873746609692827	0.6081471409088688	0.7412625339030717	0.7142857142857143	baseline
K08152	0.0	0.1774127775078506	0.09547679362367742	1.1492967922722996	0.44099868410917237	0.5036959159509244	0.5590013158908276	0.5036959159509244	0.5714285714285714	baseline
K08153	0.0	0.14603019018793834	0.022156880262060533	0.9722101098095135	0.44290358920051365	0.5153930264384917	0.5570964107994864	0.5153930264384917	0.5714285714285714	baseline
K08154	0.0	1.1309161336325062	1.2816682243069466	1.8806849997622845	0.16452878449623723	0.10870318150837859	0.8354712155037628	0.8912968184916215	1.0	baseline
K08156	0.0	0.39089347472590735	0.2889532262130966	1.3443136597056853	0.3749459341106078	0.4279894436640222	0.6250540658893922	0.5720105563359779	0.8571428571428571	baseline
K08159	0.0	0.7395606690707839	1.0082591210166487	1.4777719425016478	0.30414367469825665	0.24661629846005684	0.6958563253017434	0.7533837015399432	0.8571428571428571	baseline
K08160	0.0	0.5509121081419736	0.9195283702798506	1.3180581683530628	0.3449431732098692	0.25567590418133584	0.6550568267901308	0.7443240958186641	0.7142857142857143	baseline
K08161	0.0	0.7979222523708016	1.0442129979751225	1.7242080973618006	0.2722311626543187	0.29488817417922114	0.7277688373456813	0.7051118258207789	0.8571428571428571	baseline
K08162	0.0	0.3584516660000743	0.4730651083028593	1.9988800975752765	0.4432885284979989	0.34231798357419657	0.5567114715020012	0.6576820164258035	0.7142857142857143	baseline
K08163	0.14285714285714285	1.3326442338286395	1.354268310576786	2.124618451771167	0.12239588363643283	0.11364635647385661	0.8776041163635672	0.8863536435261434	1.0	baseline
K08167	0.0	1.1106710076750528	1.2321440745502927	1.6020923603534158	0.17373206951597964	0.20467826502846995	0.8262679304840204	0.79532173497153	1.0	baseline
K08168	0.0	0.2637552909073951	0.9129124491463997	1.2732141149443787	0.5989071444080739	0.7642401259777266	0.5989071444080739	0.7642401259777266	0.5714285714285714	endpoint
K08169	0.0	0.05050774296107758	0.37426102686473295	1.271241709326011	0.496244029060754	0.39607909852224327	0.5037559709392461	0.6039209014777567	0.5714285714285714	endpoint
K08170	0.0	0.6441378095553354	0.7080223868533321	1.3383449277387116	0.3214033713072641	0.3124784302609932	0.6785966286927358	0.6875215697390068	0.8571428571428571	baseline
K08172	0.0	0.5978301192847357	0.461271517625322	1.6396826506803044	0.3076449685641167	0.3643948399176707	0.6923550314358833	0.6356051600823294	0.7142857142857143	baseline
K08173	0.0	0.9208856697370132	1.3615432133353251	1.5693760775437346	0.23125527645269983	0.17644369841307758	0.7687447235473002	0.8235563015869224	0.8571428571428571	baseline
K08177	0.0	1.0408604268664945	1.40148070767118	1.9051225409307748	0.19730527199882025	0.06781525024310689	0.8026947280011798	0.9321847497568931	0.8571428571428571	baseline
K08191	0.0	0.08464768736454029	0.26520078481069703	1.3560550927874417	0.46946042130166593	0.5219683988075879	0.530539578698334	0.5219683988075879	0.7142857142857143	baseline
K08194	0.0	0.6194097716503412	0.8575316820408233	1.432811046663343	0.2948408750993044	0.2222711763502838	0.7051591249006957	0.7777288236497162	0.8571428571428571	baseline
K08195	0.0	0.611918479036664	0.9295152857983507	1.3496021442698225	0.34154578113735007	0.25108629400697774	0.6584542188626499	0.7489137059930222	0.7142857142857143	baseline
K08217	0.0	0.5489363724723676	0.7439747915038137	1.3897396361411163	0.36140335276141533	0.27531974921011854	0.6385966472385847	0.7246802507898815	0.7142857142857143	baseline
K08218	0.0	0.027298563075488124	0.1470784544331962	1.3603096690945151	0.46932843134710706	0.5380143534017328	0.5306715686528929	0.5380143534017328	0.7142857142857143	baseline
K08219	0.0	0.6000457747988677	0.6866038328952591	1.7164950517152198	0.36279467276748806	0.29360723736292926	0.637205327232512	0.7063927626370707	0.7142857142857143	baseline
K08222	0.0	0.7134033393856639	0.8121830903388785	1.6362619790365347	0.6927535066344402	0.7259105494707172	0.6927535066344402	0.7259105494707172	0.8571428571428571	endpoint
K08223	0.0	0.7344482346699468	0.9742151130401664	1.626755743234136	0.3013990357738117	0.27558114574614234	0.6986009642261883	0.7244188542538577	0.7142857142857143	baseline
K08224	0.0	1.0537499532459784	1.2018888528970564	1.674107834621225	0.2023481077407298	0.1763505035690618	0.7976518922592701	0.8236494964309382	0.8571428571428571	baseline
K08225	0.0	1.2341960506730232	1.196734842222135	1.5012926676701726	0.1352181883472916	0.09382370057468527	0.8647818116527084	0.9061762994253147	1.0	baseline
K08227	0.0	0.19791901649684737	0.05065255315547745	1.2458464082249407	0.406776023784477	0.5480028099870722	0.5932239762155229	0.5480028099870722	0.5714285714285714	baseline
K08234	0.0	0.16575165531810573	0.100199886619423	1.4052458740900438	0.5588528960174227	0.5578325691430464	0.5588528960174227	0.5578325691430464	0.5714285714285714	endpoint
K08256	0.0	0.7705861494920079	1.249160713957201	1.5043998744069118	0.2956647522803243	0.2518390035366016	0.7043352477196757	0.7481609964633984	0.8571428571428571	baseline
K08276	0.0	0.7227229848639245	1.0118096668949763	1.5283124707757596	0.271114003023267	0.3026634508203777	0.728885996976733	0.6973365491796223	0.8571428571428571	baseline
K08279	0.0	1.3419579123154637	1.3680239680368491	1.5300918240414312	0.11111324911576552	0.09164885569832021	0.8888867508842345	0.9083511443016798	1.0	baseline
K08281	0.0	0.8625017298239089	1.1047479946018806	1.5104539289689063	0.265071028581979	0.1336039541816777	0.7349289714180209	0.8663960458183223	0.8571428571428571	baseline
K08282	0.0	0.15178855943447805	0.12723038359814212	1.3835072551921037	0.4090911330796043	0.4272521427090524	0.5909088669203957	0.5727478572909477	0.7142857142857143	baseline
K08289	0.0	0.6683918167712816	0.5027890246778832	1.937792172086433	0.28243217673757437	0.34950406679845375	0.7175678232624256	0.6504959332015463	0.7142857142857143	baseline
K08296	0.0	0.1805176973372278	0.07784798253382054	1.3012060643800627	0.4451029585207021	0.45916826097317787	0.554897041479298	0.5408317390268221	0.7142857142857143	baseline
K08297	0.0	1.0074974488265394	0.9918366063284811	1.4790203252804326	0.20511859570783378	0.17410103564724888	0.7948814042921662	0.8258989643527511	1.0	baseline
K08298	0.0	0.5330184514655654	0.5951488662510522	1.3979278970866054	0.3163876984657928	0.3163780545730151	0.6836123015342073	0.683621945426985	0.7142857142857143	baseline
K08299	0.0	0.5839146940059988	0.6941653646061089	1.375568726707615	0.31823911931099175	0.2911969338760593	0.6817608806890083	0.7088030661239406	0.8571428571428571	baseline
K08300	0.0	0.3269097410315719	0.8456296187732784	1.436875499721045	0.3968115428644614	0.33024884858074627	0.6031884571355386	0.6697511514192538	0.5714285714285714	baseline
K08301	0.0	0.8014469178450868	1.290874115397778	1.58291793416654	0.2588975418342038	0.20786116321131584	0.7411024581657961	0.7921388367886841	0.8571428571428571	baseline
K08302	0.0	0.07879007605162988	0.05937460681826659	1.357796950213587	0.482459982262863	0.5085401930711142	0.517540017737137	0.5085401930711142	0.5714285714285714	baseline
K08303	0.0	0.407105493250193	0.11849586307373887	1.6514423430081036	0.38176996759070386	0.4395225583913307	0.6182300324092962	0.5604774416086693	0.7142857142857143	baseline
K08304	0.0	0.9464568054099142	1.2015471949490797	1.5772058006061127	0.22977356539670918	0.14447559665380316	0.7702264346032908	0.8555244033461968	0.8571428571428571	baseline
K08305	0.0	1.0347475395965804	1.2402203014705981	1.9861341747202663	0.21574969416631753	0.16139516966291523	0.7842503058336825	0.8386048303370848	0.8571428571428571	baseline
K08306	0.0	0.6468417078017265	0.7258842527142202	1.30999031000356	0.29300411398957776	0.3501262261001042	0.7069958860104222	0.6498737738998959	0.8571428571428571	baseline
K08307	0.0	0.1203452625782758	0.09272083321446928	1.4184314219704868	0.4500239161036595	0.4552294859175816	0.5499760838963406	0.5447705140824184	0.5714285714285714	baseline
K08308	0.0	0.741188532786335	1.1677066158618201	1.341748432402603	0.26104610891251495	0.1402515735014343	0.7389538910874851	0.8597484264985658	0.8571428571428571	baseline
K08309	0.0	0.18784758728521364	0.23384035468122466	1.4787070966707083	0.4617085871670742	0.4459658707445634	0.5382914128329258	0.5540341292554366	0.5714285714285714	baseline
K08311	0.0	0.6470145829882623	1.1742081619069245	1.597217777480428	0.32747120983732503	0.27570577972072124	0.672528790162675	0.7242942202792788	0.7142857142857143	baseline
K08312	0.0	0.26157053611108666	0.7283763403900133	1.2273255685491966	0.46221374575025825	0.3366200723706967	0.5377862542497418	0.6633799276293033	0.5714285714285714	baseline
K08313	0.0	0.9133431377691071	1.2454487885463958	1.4241062111113052	0.20558194844796068	0.1150991525895325	0.7944180515520394	0.8849008474104675	0.8571428571428571	baseline
K08314	0.0	0.8011621937392244	1.076013391214313	1.6803448021142975	0.2567183158610659	0.14390997903941427	0.743281684138934	0.8560900209605857	0.8571428571428571	baseline
K08316	0.0	0.2517006295461607	0.5788625154575867	1.4644210597310883	0.42457875986436616	0.34493090265727777	0.5754212401356338	0.6550690973427222	0.7142857142857143	baseline
K08317	0.0	0.9274209203685678	1.2281381230122292	1.4749748501183042	0.21859222022058258	0.16911523054763208	0.7814077797794174	0.8308847694523679	0.8571428571428571	baseline
K08318	0.0	0.8955250301797966	1.0512450799327842	1.3701466991328564	0.22982199098086284	0.20313452153051784	0.7701780090191371	0.7968654784694822	0.8571428571428571	baseline
K08319	0.0	0.7159502902565934	0.7766892507174792	1.7678536657548936	0.29018322572744476	0.3050797701301102	0.7098167742725552	0.6949202298698898	0.8571428571428571	baseline
K08321	0.0	0.16715566860126876	0.40591425160979816	1.071031262123073	0.5670741917015024	0.6195207088649839	0.5670741917015024	0.6195207088649839	0.7142857142857143	endpoint
K08322	0.0	0.7218827911742828	1.0859955364239713	1.4622692429667679	0.277284434416532	0.29034881532540263	0.7227155655834681	0.7096511846745974	0.8571428571428571	baseline
K08323	0.0	0.10665623652935964	0.4877816065107881	1.104153076713472	0.5361710883857599	0.6014201449221793	0.5361710883857599	0.6014201449221793	0.7142857142857143	endpoint
K08324	0.0	0.491752480672386	0.9488504419668744	1.5673010688063704	0.3623549266772817	0.29900375289127734	0.6376450733227184	0.7009962471087227	0.7142857142857143	baseline
K08325	0.0	0.023226849481774687	0.3895045459305347	1.381753676293641	0.48045433604012683	0.5352774763003849	0.5195456639598732	0.5352774763003849	0.5714285714285714	baseline
K08326	0.0	1.2199530679753336	1.3622262080762428	1.6004196965184916	0.13030433524668047	0.07715211222533006	0.8696956647533195	0.92284788777467	1.0	baseline
K08344	0.0	0.11297769300732471	0.21254837921110203	1.154023546336129	0.5055656658744561	0.46350508734858237	0.5055656658744561	0.5364949126514176	0.5714285714285714	baseline
K08348	0.0	1.1161919926074504	1.3089234845419384	1.6807040745300519	0.17937678119959213	0.044371258426981974	0.8206232188004079	0.955628741573018	0.8571428571428571	baseline
K08349	0.0	0.7599157863795636	1.0320642292322721	1.487343440618581	0.3039830070889523	0.2719187447621126	0.6960169929110477	0.7280812552378875	0.8571428571428571	baseline
K08350	0.0	0.059267785219246104	0.02831625371193108	0.8261224595834936	0.48600610579793496	0.5274913363634008	0.513993894202065	0.5274913363634008	0.5714285714285714	baseline
K08351	0.0	0.8428720368648854	1.1055738603542558	1.60823347012375	0.24914039664916876	0.17753595359931718	0.7508596033508312	0.8224640464006828	0.8571428571428571	baseline
K08352	0.0	0.3522290928271404	0.5598392031359313	1.37847223358691	0.6100098151925948	0.5825284647736652	0.6100098151925948	0.5825284647736652	0.7142857142857143	endpoint
K08353	0.0	0.9326272981411592	1.1751636664325888	1.3351422425162853	0.23864859728711535	0.14239712638211757	0.7613514027128847	0.8576028736178825	0.8571428571428571	baseline
K08354	0.14285714285714285	0.9212293357928408	1.0750472211095272	2.0124756892055427	0.21719661569846685	0.16978755520501518	0.7828033843015332	0.8302124447949848	0.8571428571428571	baseline
K08357	0.0	0.029334495729891386	0.24033626605284605	0.9993825475049734	0.48810445811756187	0.4298106099017984	0.5118955418824381	0.5701893900982016	0.7142857142857143	baseline
K08363	0.0	0.0713823687366039	0.014691909021787814	1.2562156999204441	0.4792291262628289	0.4759666731087561	0.5207708737371711	0.5240333268912438	0.5714285714285714	baseline
K08364	0.0	0.29994399780668674	0.03980362572793389	1.4105433401294714	0.40659038597015323	0.4966643201379504	0.5934096140298468	0.5033356798620496	0.5714285714285714	baseline
K08365	0.0	0.02776314673746643	0.07332783260452914	0.9917561433431791	0.4828925792869337	0.448496568897666	0.5171074207130664	0.551503431102334	0.7142857142857143	baseline
K08368	0.0	0.28137831540882036	0.870352239660819	1.4235406871416103	0.4012574664670206	0.2600500288150332	0.5987425335329795	0.7399499711849669	0.7142857142857143	baseline
K08369	0.0	0.38849648253284125	0.2945546261679833	1.3925664792038375	0.37870249375358916	0.421725671692969	0.6212975062464108	0.5782743283070311	0.8571428571428571	baseline
K08372	0.0	0.10830667227835325	0.6106975422007969	1.3103924835082383	0.47245645133248765	0.31780302257318016	0.5275435486675124	0.6821969774268198	0.5714285714285714	baseline
K08384	0.0	0.14169362582487421	0.11470054497894717	1.5862866349924958	0.4653602699614708	0.45158091860439037	0.5346397300385293	0.5484190813956096	0.5714285714285714	baseline
K08475	0.0	1.019555313105365	0.8795881182706278	1.9523667745637434	0.21612940005425912	0.18594771358607068	0.7838705999457409	0.8140522864139293	0.8571428571428571	baseline
K08476	0.0	0.32114372945384373	0.44363956705500607	1.2482606252806712	0.3927585670614966	0.385352147321439	0.6072414329385034	0.614647852678561	0.7142857142857143	baseline
K08478	0.0	0.4416799907998225	0.8107039529604984	1.3729691735324236	0.374648210367739	0.27764417781065714	0.625351789632261	0.7223558221893429	0.7142857142857143	baseline
K08483	0.0	0.7946352094368253	0.9742413909241471	1.2846006323839216	0.7641742670439704	0.8053300278238157	0.7641742670439704	0.8053300278238157	1.0	endpoint
K08484	0.0	0.9259226695639892	0.9876695228747765	1.9104415056582695	0.22110887681268668	0.1976399505639731	0.7788911231873134	0.8023600494360269	1.0	baseline
K08566	0.0	0.3515909142560106	0.6122596677831459	1.0936209811649482	0.5990679337795276	0.6676094084060652	0.5990679337795276	0.6676094084060652	0.7142857142857143	endpoint
K08591	0.0	0.016778464702926685	0.07235865507310792	0.924809743223774	0.5188764887124809	0.49308245356214475	0.5188764887124809	0.5069175464378552	0.7142857142857143	baseline
K08600	0.0	1.1177261575693083	1.4395554711754848	1.7576381107818404	0.8010504586906365	0.7623836120989249	0.8010504586906365	0.7623836120989249	1.0	endpoint
K08602	0.0	0.3295450733144642	0.9273555342067904	1.3413829171930995	0.5837629128299316	0.7419985926249001	0.5837629128299316	0.7419985926249001	0.7142857142857143	endpoint
K08641	0.0	0.3391558521180091	0.5871154673698048	1.4113276682874232	0.6323276623100339	0.6694664887699576	0.6323276623100339	0.6694664887699576	0.7142857142857143	endpoint
K08643	0.0	0.2910618111956932	0.7425587193615315	1.3603860384095074	0.5861965302182371	0.5938834275871481	0.5861965302182371	0.5938834275871481	0.5714285714285714	endpoint
K08659	0.0	0.1523577036000509	0.610206960858316	1.3293223236580136	0.41685777716930683	0.3394399918463686	0.5831422228306932	0.6605600081536314	0.5714285714285714	baseline
K08675	0.0	0.13039439611079745	0.22118813086481706	0.7376441044795295	0.4707394321078185	0.43390429348359416	0.5292605678921816	0.5660957065164058	0.5714285714285714	baseline
K08676	0.0	0.3483091533921128	0.9795156634217453	1.553713188376004	0.4023079029310694	0.3080241601302668	0.5976920970689306	0.6919758398697332	0.5714285714285714	baseline
K08678	0.0	0.28312729333190423	0.598575360849143	1.733802213357465	0.36630790927139956	0.32166707249026727	0.6336920907286004	0.6783329275097327	0.7142857142857143	baseline
K08679	0.0	0.3905563538557358	0.34904432524196954	1.3094556978350478	0.38485264841188366	0.3889426473859394	0.6151473515881163	0.6110573526140606	0.8571428571428571	baseline
K08680	0.0	0.7405804961189236	0.9994376232837677	1.591730411373159	0.3004460447520372	0.20639831799164934	0.6995539552479628	0.7936016820083507	0.7142857142857143	baseline
K08681	0.0	0.1804046566302628	0.2367986847228656	1.2611996454668173	0.4629215425670474	0.442365170887431	0.5370784574329526	0.557634829112569	0.7142857142857143	baseline
K08682	0.0	0.8809350328246506	1.1681677400496815	1.5948512960142633	0.25466584970131717	0.1829465872753126	0.7453341502986828	0.8170534127246873	0.8571428571428571	baseline
K08688	0.0	0.43829462918647744	0.36795867640055274	1.3639073729365478	0.36464883095546047	0.3978626573862976	0.6353511690445395	0.6021373426137024	0.7142857142857143	baseline
K08717	0.0	0.46798229822611287	0.796695452951025	1.596687753867011	0.6002730581395906	0.7272345108465376	0.6002730581395906	0.7272345108465376	0.7142857142857143	endpoint
K08722	0.0	0.6379532514656224	0.6383576700189103	1.2305035669858237	0.31091334429400125	0.3081964156798764	0.6890866557059987	0.6918035843201236	0.8571428571428571	baseline
K08723	0.0	1.049475251279789	1.247094758013593	1.582371072358426	0.19809779588143075	0.14326805988259203	0.8019022041185693	0.8567319401174079	1.0	baseline
K08724	0.0	0.6099646987619145	0.7268829703746343	1.4478085629646593	0.3112822543307917	0.2289098879340365	0.6887177456692083	0.7710901120659635	0.8571428571428571	baseline
K08744	0.0	0.17251564239943398	0.6512760692395494	1.8949983103161523	0.5986825579070926	0.6944728559812784	0.5986825579070926	0.6944728559812784	0.7142857142857143	endpoint
K08884	0.0	0.8370296165840315	0.697084204118408	1.815014039121159	0.7332978901798004	0.6904562386488976	0.7332978901798004	0.6904562386488976	1.0	endpoint
K08961	0.0	0.5498789003140928	0.864814026747191	1.7185003429678511	0.6215513822840296	0.6720793751646357	0.6215513822840296	0.6720793751646357	0.7142857142857143	endpoint
K08963	0.0	0.2265188688164037	0.8494185147046079	1.4842832393317587	0.41964537172200955	0.3281686565633097	0.5803546282779904	0.6718313434366903	0.5714285714285714	baseline
K08964	0.0	0.6580310942431612	1.1797590495957746	1.5896420885693159	0.3226788013245173	0.14156824235899526	0.6773211986754827	0.8584317576410048	0.7142857142857143	baseline
K08967	0.0	0.6056628005107431	1.027855057520014	1.3697088736907874	0.323108779429385	0.2820237519125919	0.676891220570615	0.7179762480874081	0.7142857142857143	baseline
K08968	0.0	0.10795119335307791	0.02077878382611683	1.5710177103542913	0.4692055652292479	0.46379143190359007	0.530794434770752	0.5362085680964099	0.5714285714285714	baseline
K08969	0.0	0.24417853654240432	0.3880032876825484	1.606088032236612	0.4120289812305949	0.3906734068736111	0.5879710187694052	0.6093265931263889	0.5714285714285714	baseline
K08970	0.0	0.5564143250888484	0.6150556391839189	1.3256127816390872	0.31073816989039427	0.31641384155057545	0.6892618301096057	0.6835861584494245	0.7142857142857143	baseline
K08972	0.0	0.1413860408415441	0.45930450031106357	1.4179400156998434	0.4603459097324688	0.34749117878896685	0.5396540902675312	0.6525088212110332	0.7142857142857143	baseline
K08974	0.0	0.10337449702460759	0.0078537739900453	1.2168133892859412	0.5007554598413212	0.49542959564720007	0.5007554598413212	0.5045704043527999	0.5714285714285714	endpoint
K08978	0.0	0.5846281369442078	0.9284155907963765	1.332062258967544	0.6539830821598746	0.7163209390736373	0.6539830821598746	0.7163209390736373	0.7142857142857143	endpoint
K08981	0.0	0.7044802281179245	0.9275913995565722	1.0662065889788488	0.729180957463085	0.8000898046576951	0.729180957463085	0.8000898046576951	0.8571428571428571	endpoint
K08984	0.14285714285714285	1.1402901942278156	1.3823154805172853	2.086267378641172	0.20182506869558928	0.18001499109056518	0.7981749313044108	0.8199850089094348	0.8571428571428571	baseline
K08986	0.0	0.11444176568487575	0.04224252919942561	1.411603487719192	0.48956785182015194	0.47763300593905617	0.510432148179848	0.5223669940609439	0.5714285714285714	baseline
K08989	0.0	0.3474727688587183	0.6775072285815615	1.3237319532853	0.3730503704200639	0.35480704886427666	0.6269496295799362	0.6451929511357233	0.5714285714285714	baseline
K08990	0.14285714285714285	0.7243539750000373	0.9028099165370943	2.2065204370196607	0.32324191153711823	0.1798583661089387	0.6767580884628818	0.8201416338910613	0.7142857142857143	baseline
K08994	0.0	0.5254596955870913	1.0041506154749789	1.2954675424154027	0.3331002341466337	0.2406845542040095	0.6668997658533663	0.7593154457959905	0.7142857142857143	baseline
K08996	0.0	0.08470441810444863	0.4017514956724062	1.5508657344381076	0.4503979402761959	0.5430229374355016	0.549602059723804	0.5430229374355016	0.5714285714285714	baseline
K08997	0.0	0.9723554217040702	1.2645181843507034	1.9363754681743104	0.22335919789638664	0.1516029832739102	0.7766408021036133	0.8483970167260898	0.8571428571428571	baseline
K08998	0.0	0.4515556904060883	0.6851293796669929	1.4814606868928673	0.6561941896966792	0.7308590365651936	0.6561941896966792	0.7308590365651936	0.7142857142857143	endpoint
K08999	0.0	0.05467849791296057	0.20092756638502574	1.165378924586834	0.47180312465871344	0.43932026674463936	0.5281968753412866	0.5606797332553606	0.5714285714285714	baseline
K09001	0.0	0.44977496024593266	0.616862982070541	1.4383936276784846	0.32431302590591954	0.3158377354085693	0.6756869740940805	0.6841622645914307	0.8571428571428571	baseline
K09002	0.0	0.9389779392347835	1.0993909433060192	1.4760746710626802	0.7753960329749301	0.7911610572355571	0.7753960329749301	0.7911610572355571	0.8571428571428571	endpoint
K09004	0.0	0.22788916254742228	0.3035561737090799	1.4711691517981336	0.4151146339853104	0.420231441355533	0.5848853660146895	0.579768558644467	0.5714285714285714	baseline
K09007	0.0	0.0098119003646856	0.22016032772316435	1.1845684804890864	0.46430205536543073	0.6029307784844944	0.5356979446345693	0.6029307784844944	0.5714285714285714	baseline
K09009	0.0	0.8754732763672977	1.2077897494139616	1.470881330612532	0.25438361259098435	0.181901796611634	0.7456163874090156	0.818098203388366	0.8571428571428571	baseline
K09011	0.0	0.022424344427073115	0.12232014463121191	1.5678787118564879	0.44660059851681216	0.43626107464508906	0.5533994014831878	0.563738925354911	0.5714285714285714	endpoint
K09013	0.0	0.724715089562787	1.2635595200281473	1.6698231237448984	0.277734177717982	0.12282352708144435	0.722265822282018	0.8771764729185556	0.8571428571428571	baseline
K09014	0.0	0.06300806578121058	0.4068211032623483	1.4859488291695928	0.5553061378615223	0.608301229917024	0.5553061378615223	0.608301229917024	0.5714285714285714	endpoint
K09015	0.0	0.8438824156840214	0.8805125980611463	1.9047230336887633	0.287837640982834	0.23996660541906467	0.712162359017166	0.7600333945809353	0.8571428571428571	baseline
K09016	0.0	1.3498306230688861	1.3439582778832069	1.9975165588199926	0.0966979212851383	0.04621538495214654	0.9033020787148617	0.9537846150478535	1.0	baseline
K09017	0.0	0.5787331797567916	0.7867039994699304	1.6062174567279082	0.3621733740477962	0.20088920201007024	0.6378266259522039	0.7991107979899298	0.7142857142857143	baseline
K09018	0.0	0.9877169426219836	1.0714159383940123	1.4736610830451942	0.204993743997559	0.16868227152303597	0.795006256002441	0.8313177284769641	1.0	baseline
K09019	0.0	0.4251004404565317	0.7551807922352896	1.307416642202358	0.3835183595719607	0.2994798235684401	0.6164816404280393	0.7005201764315598	0.7142857142857143	baseline
K09020	0.0	0.35863214507436986	0.794022722807797	1.7137337516705116	0.38042443982027513	0.3388154410717006	0.6195755601797248	0.6611845589282994	0.7142857142857143	baseline
K09022	0.0	0.5587474520849007	1.1726408140587166	1.4873020203400455	0.6796783743759444	0.8308590046636752	0.6796783743759444	0.8308590046636752	0.7142857142857143	endpoint
K09023	0.0	1.010917853097271	1.3028475805959272	1.5532713137045824	0.23235283594913633	0.15007099887455277	0.7676471640508636	0.8499290011254472	0.8571428571428571	baseline
K09117	0.0	0.21205084752135234	0.5999937364593451	1.3955597527664232	0.6014326007148262	0.5702180609892462	0.6014326007148262	0.5702180609892462	0.5714285714285714	endpoint
K09118	0.0	0.7854733639479085	1.0459800540474606	1.3587904871622254	0.25697985851181987	0.268665504473536	0.7430201414881801	0.731334495526464	0.8571428571428571	baseline
K09121	0.0	0.9966191591819434	1.104776059567997	1.9602606760098056	0.7582937583456376	0.8646250372244825	0.7582937583456376	0.8646250372244825	0.8571428571428571	endpoint
K09123	0.0	0.8296536503345878	0.9246903445292401	1.201105785814687	0.7558459646706736	0.7939890324149582	0.7558459646706736	0.7939890324149582	1.0	endpoint
K09124	0.0	0.28856153171713383	0.3989538505944371	0.9298787102127057	0.5894715910440256	0.6102149515550598	0.5894715910440256	0.6102149515550598	0.7142857142857143	endpoint
K09125	0.0	0.1101034748350889	0.7146350640848443	1.4913699730496361	0.43445618367516486	0.25150160830729595	0.5655438163248352	0.748498391692704	0.5714285714285714	baseline
K09128	0.0	0.5673744216044607	0.9535292491109408	1.422461555296397	0.6447179411351452	0.7092044149720985	0.6447179411351452	0.7092044149720985	0.7142857142857143	endpoint
K09131	0.14285714285714285	0.9890096330571276	1.0656869508177702	2.1388279482199106	0.2285163262169436	0.1727712221371917	0.7714836737830564	0.8272287778628082	0.8571428571428571	baseline
K09136	0.0	0.45424427162847086	0.7021029830666166	1.3383593074415299	0.38988661830691046	0.3141100376288573	0.6101133816930895	0.6858899623711427	0.7142857142857143	baseline
K09141	0.0	0.350210427534786	0.6183225494551815	1.3231811318506188	0.5926226115149101	0.7095637829097463	0.5926226115149101	0.7095637829097463	0.8571428571428571	endpoint
K09144	0.0	0.3792185671575292	0.7244200122360277	1.1689667853944266	0.6495311999495439	0.7073127170586453	0.6495311999495439	0.7073127170586453	0.5714285714285714	endpoint
K09153	0.0	0.4445212532311706	0.4750755864065768	1.7726548915523463	0.6255843670135811	0.7002274386650625	0.6255843670135811	0.7002274386650625	0.7142857142857143	endpoint
K09155	0.0	0.2894795920417271	0.5244360801153412	1.4907120517184056	0.6314655528632026	0.6796366605920526	0.6314655528632026	0.6796366605920526	0.7142857142857143	endpoint
K09157	0.0	0.66803937777295	0.5802059960047614	1.4907800794415675	0.7249823024747569	0.6851574569642814	0.7249823024747569	0.6851574569642814	0.8571428571428571	endpoint
K09158	0.0	0.5336023715183333	0.8975540191062722	1.7586210416758017	0.3537201394205889	0.32162955130141646	0.6462798605794111	0.6783704486985835	0.5714285714285714	baseline
K09161	0.0	0.9975493131009989	0.9127435350339896	1.8982999759429875	0.228767364838582	0.29385510058740505	0.771232635161418	0.706144899412595	1.0	baseline
K09163	0.0	0.6755287951123435	0.5416869487041001	1.4716071152805221	0.6972692549376284	0.6579178743109056	0.6972692549376284	0.6579178743109056	0.8571428571428571	endpoint
K09181	0.0	1.126024127066671	1.179084045692483	1.5426821391887675	0.16115636400573422	0.15254653515178576	0.8388436359942658	0.8474534648482143	1.0	baseline
K09251	0.0	0.12472421351301989	0.39542969592953253	1.6633437976805887	0.5054559324763892	0.6431786713503848	0.5054559324763892	0.6431786713503848	0.5714285714285714	baseline
K09384	0.0	0.4630678245135685	1.035966275796369	1.6358109916908787	0.6469224718908967	0.8265169655840349	0.6469224718908967	0.8265169655840349	0.7142857142857143	endpoint
K09456	0.0	1.2351383330718744	1.300899347923342	1.6643437083060677	0.14585032821175123	0.19434472490856675	0.8541496717882487	0.8056552750914332	1.0	baseline
K09457	0.14285714285714285	1.0096914843549674	1.2069913769954765	2.2853243429643033	0.7866182692213964	0.8499779699773351	0.7866182692213964	0.8499779699773351	0.8571428571428571	endpoint
K09458	0.0	0.9060978112314751	1.301145085594908	1.8053358856636403	0.7522745472789453	0.9175390379647492	0.7522745472789453	0.9175390379647492	0.7142857142857143	endpoint
K09459	0.0	0.1888631261132991	0.40511487087191494	1.2638440721992066	0.5605345692327725	0.6005172274719083	0.5605345692327725	0.6005172274719083	0.7142857142857143	endpoint
K09469	0.0	0.8590683416068222	0.9923508763659576	1.2656058218873585	0.7747139821884776	0.7811644068138995	0.7747139821884776	0.7811644068138995	1.0	endpoint
K09470	0.0	0.6439069567766177	0.694798483057187	1.3904213544129644	0.31671808907693605	0.35076470092966205	0.6832819109230639	0.649235299070338	1.0	baseline
K09471	0.0	0.26907941943349195	0.5689370307689974	1.2370155175850512	0.4300474654782282	0.2756372589995556	0.5699525345217717	0.7243627410004444	0.7142857142857143	baseline
K09472	0.0	0.8459725414441931	0.9688618010834247	1.488849300991022	0.2551702327257782	0.25043237018592474	0.7448297672742218	0.7495676298140752	0.8571428571428571	baseline
K09473	0.0	0.8558983717562366	1.1111581741259349	1.4752426351181054	0.24066949779778488	0.13130486313015333	0.7593305022022151	0.8686951368698467	0.8571428571428571	baseline
K09474	0.0	0.22393255532593814	0.706773007291241	1.1807075820775081	0.4376511530848332	0.35329863646252524	0.5623488469151667	0.6467013635374748	0.7142857142857143	baseline
K09475	0.0	0.45113922696908354	0.7339916490606317	1.697721387247382	0.3988469387607813	0.3053203378107845	0.6011530612392186	0.6946796621892155	0.7142857142857143	baseline
K09476	0.0	0.9029323252858611	1.3513341153844176	1.9086461783071722	0.27092295418666457	0.1722599394879727	0.7290770458133354	0.8277400605120273	0.7142857142857143	baseline
K09477	0.0	0.4762513189228862	0.5350513359929241	1.3749347658954683	0.3162743050066042	0.2872684529283683	0.6837256949933959	0.7127315470716318	0.7142857142857143	baseline
K09515	0.0	0.8009244897971717	1.044202193608216	1.521675441412405	0.7508822910104603	0.6439553544698544	0.7508822910104603	0.6439553544698544	0.8571428571428571	endpoint
K09578	0.0	0.3305088412524252	0.6542565189980573	1.6917746583582889	0.5764327897329169	0.5804401179016503	0.5764327897329169	0.5804401179016503	0.7142857142857143	endpoint
K09612	0.0	0.36341732891347484	0.5288870601546144	1.5256882268776257	0.41868314779203014	0.37545576920516677	0.5813168522079699	0.6245442307948332	0.5714285714285714	baseline
K09680	0.0	0.02223408883454955	0.047341283655264084	1.4868918825310957	0.48191541600350524	0.5023655958449418	0.5180845839964947	0.5023655958449418	0.5714285714285714	baseline
K09684	0.0	0.5325706952062577	0.7342125875852901	1.3737128328950485	0.3507993351987987	0.33576040691676984	0.6492006648012013	0.6642395930832301	0.8571428571428571	baseline
K09685	0.0	0.20080484613241917	0.5217639598364995	1.3151146160361071	0.5510432989002899	0.6179236333046754	0.5510432989002899	0.6179236333046754	0.7142857142857143	endpoint
K09688	0.0	0.7929071430620532	0.8695865703864609	1.693490029720824	0.2614297677517294	0.2679453452183405	0.7385702322482706	0.7320546547816595	1.0	baseline
K09689	0.0	0.1326110721399003	0.15994905724673916	1.2780904759328502	0.5506793084663737	0.4624392990135135	0.5506793084663737	0.5375607009864865	0.5714285714285714	endpoint
K09690	0.0	0.04616521194529403	0.6195325259851453	1.6682987257420587	0.5421606368974141	0.30762595772637297	0.5421606368974141	0.6923740422736271	0.5714285714285714	endpoint
K09691	0.0	0.7293737417605234	0.9112028496272837	1.346281575967712	0.7616428444601436	0.8572734183003593	0.7616428444601436	0.8572734183003593	0.8571428571428571	endpoint
K09692	0.0	0.06108675930591405	0.5115020276577122	1.4347915181651165	0.544719066586783	0.5560973475469339	0.544719066586783	0.5560973475469339	0.5714285714285714	endpoint
K09693	0.0	0.6755629681095289	1.1857590157002906	1.7449784654495974	0.6780474930608177	0.7602821483194743	0.6780474930608177	0.7602821483194743	0.8571428571428571	endpoint
K09697	0.0	0.28004094788633654	0.038808584697964214	1.2924879835163718	0.604531173631809	0.5248387055897777	0.604531173631809	0.5248387055897777	0.5714285714285714	endpoint
K09698	0.0	0.13763314038113944	0.1385047883705236	1.226431907608384	0.5526317435654781	0.46945861666054667	0.5526317435654781	0.5305413833394533	0.5714285714285714	endpoint
K09701	0.0	0.3828312861632694	0.9423707370038301	1.4626028913231992	0.43149297672248155	0.30337626586747257	0.5685070232775185	0.6966237341325274	0.5714285714285714	baseline
K09702	0.0	0.47702502192334634	1.162844079041393	1.4321467350503	0.6577899652564486	0.7857202280803549	0.6577899652564486	0.7857202280803549	0.7142857142857143	endpoint
K09703	0.0	0.523719953551679	0.30085491119202973	1.265690586696724	0.6702350964762124	0.6332672892918587	0.6702350964762124	0.6332672892918587	0.8571428571428571	endpoint
K09704	0.0	0.23677399269901853	0.6041542685712005	1.575145811129445	0.4739830813214096	0.3596435175418656	0.5260169186785904	0.6403564824581345	0.5714285714285714	baseline
K09705	0.0	0.02506028164055491	0.26981722960565857	1.1984579254969772	0.4997929371373276	0.6266089620528644	0.5002070628626725	0.6266089620528644	0.5714285714285714	baseline
K09710	0.0	0.12175701246856133	0.03873002850581341	1.4527971795909265	0.5010622908341581	0.50560293128527	0.5010622908341581	0.50560293128527	0.5714285714285714	endpoint
K09729	0.0	0.014745445275704807	0.10529710009553186	1.274261988044592	0.48337728554240034	0.5055434879762252	0.5166227144575997	0.5055434879762252	0.5714285714285714	baseline
K09747	0.0	1.0478400407102892	1.2701756719628505	1.7983144620549365	0.8261018312830528	0.9336044236716629	0.8261018312830528	0.9336044236716629	0.8571428571428571	endpoint
K09748	0.0	0.4469498719125207	0.7623030970913951	1.4741924437265306	0.6464085924923674	0.7554588249831733	0.6464085924923674	0.7554588249831733	0.5714285714285714	endpoint
K09749	0.0	0.676214254077837	0.987468746613311	1.5715776938767274	0.6992997671809407	0.8272323188888158	0.6992997671809407	0.8272323188888158	0.8571428571428571	endpoint
K09758	0.0	0.060183102116912926	0.08760926777770078	1.4153195474528135	0.520580103502605	0.4851637507120743	0.520580103502605	0.5148362492879257	0.5714285714285714	endpoint
K09759	0.0	0.5767139959996753	0.5276783714248493	1.4926972682600788	0.6776929416426581	0.6158397217248568	0.6776929416426581	0.6158397217248568	0.7142857142857143	endpoint
K09760	0.0	0.2969018677421171	0.09805061034445624	1.4328154200653926	0.39547242621409506	0.5361168915235295	0.6045275737859049	0.5361168915235295	0.5714285714285714	baseline
K09761	0.0	0.4326944943232265	1.1046500072674998	1.6479122994056514	0.3734110671231629	0.2298374968380699	0.626588932876837	0.7701625031619301	0.5714285714285714	baseline
K09762	0.0	0.09796120977649687	0.26456993959749464	1.5337636550471139	0.5483934404391998	0.5968020857253161	0.5483934404391998	0.5968020857253161	0.5714285714285714	endpoint
K09765	0.0	0.35855778211196637	0.35640460540213315	1.4326796448127515	0.613787950077119	0.596514865527845	0.613787950077119	0.596514865527845	0.5714285714285714	endpoint
K09766	0.0	1.0289619549806075	1.0699734436311894	1.5053145209752212	0.8039312407040595	0.8299380550465177	0.8039312407040595	0.8299380550465177	1.0	endpoint
K09767	0.0	0.7689115121324639	1.0384605265748712	1.7682251274421759	0.28562332664401	0.2215204926822969	0.71437667335599	0.7784795073177031	0.8571428571428571	baseline
K09768	0.0	0.6196891880338525	0.9093583961228856	1.4761754021057263	0.6508869421705276	0.6773927916277169	0.6508869421705276	0.6773927916277169	0.7142857142857143	endpoint
K09769	0.0	0.6803807400945282	0.4716777247584361	1.4592550166884526	0.2740326767441616	0.342839559795054	0.7259673232558383	0.657160440204946	0.8571428571428571	baseline
K09770	0.14285714285714285	1.2244747803560017	1.2673719598606188	2.035074225780322	0.8495244452191821	0.8824123762885876	0.8495244452191821	0.8824123762885876	1.0	endpoint
K09771	0.0	0.7810131671282976	0.6594124119343897	1.7339856711675692	0.2429886219142598	0.26051483024354816	0.7570113780857401	0.7394851697564518	0.8571428571428571	baseline
K09772	0.0	0.0740573868776123	0.31814845838430234	1.4441391150596325	0.4687621155916285	0.36171991245590845	0.5312378844083715	0.6382800875440915	0.5714285714285714	baseline
K09773	0.0	0.4719069328343455	0.884273301102463	1.3733980447960434	0.3752671653946723	0.30646929480592017	0.6247328346053277	0.6935307051940798	0.7142857142857143	baseline
K09774	0.0	0.5063815159666684	0.6524379807407245	1.3462986880933514	0.3164451335201872	0.29583059720794375	0.6835548664798128	0.7041694027920562	0.7142857142857143	baseline
K09775	0.0	0.2532324480736326	0.1048799073262793	1.2759330428580704	0.5668324183943453	0.5595919870946492	0.5668324183943453	0.5595919870946492	0.7142857142857143	endpoint
K09777	0.0	0.8917124556284151	1.3165488027569694	1.5354547174312778	0.7359807245699093	0.7498497797970777	0.7359807245699093	0.7498497797970777	0.8571428571428571	endpoint
K09778	0.0	0.005451250848118511	0.13930010920897576	1.3973016748613956	0.48793883826638684	0.5460319564851897	0.5120611617336132	0.5460319564851897	0.5714285714285714	baseline
K09779	0.0	0.4537397137850636	0.8624418858442616	1.4330991241624262	0.3522987113402013	0.23755734054913086	0.6477012886597987	0.7624426594508691	0.7142857142857143	baseline
K09781	0.0	0.4612785872192511	0.5713095675867185	1.2243543257197542	0.3777594391441039	0.37578516783902594	0.6222405608558961	0.6242148321609741	0.8571428571428571	baseline
K09786	0.0	0.2766293646232237	0.3871063125707379	1.3199898467114906	0.41429271409198837	0.4009348103512658	0.5857072859080117	0.5990651896487342	0.5714285714285714	baseline
K09787	0.0	0.975153041812602	0.9031723716567437	1.3996741687166534	0.7876276830990133	0.7845972105588408	0.7876276830990133	0.7845972105588408	1.0	endpoint
K09789	0.0	0.07392055261630172	0.0035160167706486133	1.2419115282241586	0.5194533126620445	0.5113473736214414	0.5194533126620445	0.5113473736214414	0.7142857142857143	endpoint
K09790	0.0	0.3187161664483143	0.21680133783715164	1.6417396122614971	0.4313312533803342	0.43463248818523453	0.5686687466196658	0.5653675118147654	0.5714285714285714	baseline
K09793	0.0	0.7990119520199607	1.2816824446514585	1.4364740167385954	0.24294318946241805	0.12769149907863442	0.7570568105375819	0.8723085009213656	0.7142857142857143	baseline
K09797	0.0	0.2890857164986465	0.8186764835452529	1.573953690800949	0.3776992209762323	0.2123880332667606	0.6223007790237677	0.7876119667332394	0.5714285714285714	baseline
K09798	0.0	1.0611748897679707	1.2398837779807106	1.5146571503063304	0.18147840010847544	0.09013995316995782	0.8185215998915245	0.9098600468300422	1.0	baseline
K09800	0.0	0.8770813942545536	1.1558003325088753	1.832711765838247	0.28918572321154035	0.1663961240406425	0.7108142767884597	0.8336038759593575	0.7142857142857143	baseline
K09802	0.0	0.8547092396291289	1.128841998096138	1.3724073451523897	0.24621113600246364	0.1964849277081877	0.7537888639975363	0.8035150722918123	0.8571428571428571	baseline
K09803	0.0	0.3020573250958801	0.5304247053790259	1.2625529006849534	0.4077593317341529	0.3395921843052478	0.5922406682658471	0.6604078156947522	0.7142857142857143	baseline
K09807	0.0	1.0597670084632929	1.1178225247493074	1.9388916805774443	0.19705992805261724	0.15615255803017766	0.8029400719473827	0.8438474419698223	1.0	baseline
K09808	0.0	0.5095227911028049	0.836368041474925	1.129259035316897	0.6457767377136899	0.6492781368809458	0.6457767377136899	0.6492781368809458	0.7142857142857143	endpoint
K09809	0.0	0.3271984114098908	0.8477981209041116	1.4817031741857354	0.42240643393580896	0.29971630911915753	0.5775935660641911	0.7002836908808425	0.7142857142857143	baseline
K09810	0.0	0.050690503830150675	0.06189413084398061	1.3029752830368564	0.5335434206603509	0.44967867494890973	0.5335434206603509	0.5503213250510903	0.5714285714285714	endpoint
K09811	0.0	0.32439498344512685	0.26049115046561605	1.4726319925429971	0.39619996574284777	0.4183023455371373	0.6038000342571522	0.5816976544628627	0.7142857142857143	baseline
K09812	0.0	0.07121409200027558	0.008150701069509863	1.2731644391608692	0.5504554493520317	0.5053890408949692	0.5504554493520317	0.5053890408949692	0.5714285714285714	endpoint
K09814	0.0	0.28933973816771796	0.14096710047278477	1.4725230817421255	0.4190263764742341	0.5193103687263406	0.5809736235257659	0.5193103687263406	0.5714285714285714	baseline
K09815	0.0	0.3624446463923145	1.1068154465241902	1.4426113407695675	0.6480672249493425	0.8652751094161439	0.6480672249493425	0.8652751094161439	0.5714285714285714	endpoint
K09816	0.0	0.31276136266237886	0.3057892971925705	1.4559171436023675	0.6206057982211111	0.5846820232728642	0.6206057982211111	0.5846820232728642	0.5714285714285714	endpoint
K09817	0.0	0.2353126616234478	0.3295768565069233	1.3848237738670457	0.5648115122256285	0.541744075537364	0.5648115122256285	0.541744075537364	0.7142857142857143	endpoint
K09819	0.0	0.4240360089068327	0.7370199934974814	1.2045074234940811	0.4062351400457526	0.34089415997121264	0.5937648599542473	0.6591058400287874	0.8571428571428571	baseline
K09820	0.0	0.03607736648697314	0.11383470937462892	1.3654130501629016	0.47324394861570857	0.486582360310136	0.5267560513842915	0.513417639689864	0.5714285714285714	endpoint
K09823	0.0	0.3238092862556852	0.25772328230664787	1.2940123375955817	0.44006926414228525	0.45294410251766026	0.5599307358577148	0.5470558974823397	0.7142857142857143	baseline
K09824	0.0	1.3190131855337923	1.378832023044443	1.7581663846405127	0.12838495512029652	0.09655619709673015	0.8716150448797035	0.9034438029032699	1.0	baseline
K09825	0.0	0.02187801791215525	0.3476374665300834	1.5115032500733059	0.5256210120809591	0.4016556918327161	0.5256210120809591	0.5983443081672839	0.5714285714285714	endpoint
K09857	0.0	1.2281054866557175	1.2996909299141466	1.9681953588190568	0.14173728734549926	0.091153072309725	0.8582627126545007	0.908846927690275	1.0	baseline
K09861	0.0	0.09374192355863072	0.18596367477091777	1.6854116954278073	0.5056317036042174	0.5588941669585725	0.5056317036042174	0.5588941669585725	0.5714285714285714	endpoint
K09880	0.0	0.5504719287005095	0.79911286476238	1.381698340983116	0.2970434143635912	0.24322381574852592	0.7029565856364088	0.7567761842514741	0.5714285714285714	baseline
K09882	0.0	0.33702469450514094	0.2522795276709632	1.2090625020852963	0.38196181056817186	0.4393524307528852	0.6180381894318281	0.5606475692471148	0.8571428571428571	baseline
K09888	0.0	0.024001625715310775	0.11751002148486443	1.7047356841271053	0.46493009037844046	0.49012718762083535	0.5350699096215595	0.5098728123791647	0.5714285714285714	endpoint
K09889	0.14285714285714285	1.2513783284565172	1.0168099488746856	2.045897970665044	0.1560088811534937	0.17906333812370778	0.8439911188465063	0.8209366618762922	1.0	baseline
K09891	0.0	0.6061103479668033	1.1062180957084595	1.532511309575103	0.3252178025805231	0.17464952036785567	0.674782197419477	0.8253504796321444	0.7142857142857143	baseline
K09893	0.0	0.8725033019042466	1.2204859141039361	1.576052426564237	0.2638296406255908	0.1712244633158421	0.7361703593744092	0.8287755366841579	0.7142857142857143	baseline
K09894	0.0	0.8117306302814893	1.0936266862365704	1.3992487080308675	0.23133265922906868	0.10902260975415995	0.7686673407709314	0.89097739024584	0.8571428571428571	baseline
K09895	0.0	0.369514876832753	0.7032672180541202	1.5027147248697048	0.43671647296931093	0.2882956395428964	0.5632835270306891	0.7117043604571036	0.7142857142857143	baseline
K09897	0.14285714285714285	0.823729938646491	0.4585809799703363	2.228600891523767	0.27965488781495745	0.3811183731118656	0.7203451121850426	0.6188816268881344	1.0	baseline
K09899	0.0	0.6377772046757234	0.9290678976111707	1.4664252972553473	0.3374430824526506	0.22774803036082797	0.6625569175473494	0.7722519696391721	0.8571428571428571	baseline
K09903	0.0	0.01781603868698259	0.24077736840023575	1.7068647893919209	0.47021391086724396	0.4519396457437044	0.529786089132756	0.5480603542562956	0.7142857142857143	baseline
K09906	0.0	0.5656238189979806	0.6629456059494953	1.3800651097557675	0.3129920442645557	0.3071295191478412	0.6870079557354443	0.6928704808521589	0.8571428571428571	baseline
K09907	0.0	0.5491244957075543	0.6200496151421079	1.5316201171140584	0.3548068593162343	0.31853665924206453	0.6451931406837657	0.6814633407579355	0.7142857142857143	baseline
K09908	0.0	1.0250893242841908	1.322119073363365	1.553156820863453	0.22578275423823405	0.13069386818790357	0.774217245761766	0.8693061318120965	0.8571428571428571	baseline
K09909	0.0	0.39556911970937597	0.5284871826985444	1.4723478002622188	0.4106058484634621	0.38964494194719584	0.589394151536538	0.6103550580528041	0.7142857142857143	baseline
K09910	0.0	0.12959425093754603	0.2849442945215405	1.4549788264868786	0.4791331046901294	0.5798088804009544	0.5208668953098706	0.5798088804009544	0.5714285714285714	baseline
K09911	0.0	0.816694789707338	1.2583248132091673	1.5045968699970824	0.2696515343937503	0.21902356554807745	0.7303484656062498	0.7809764344519226	0.7142857142857143	baseline
K09914	0.0	0.8924820859328194	1.0069854382996157	1.2074797011356897	0.23791299693772877	0.277781662277563	0.7620870030622713	0.7222183377224369	1.0	baseline
K09915	0.0	0.8729146310078383	1.2495949021896708	1.6160891124245416	0.2869503754693155	0.20235484547480298	0.7130496245306845	0.797645154525197	0.8571428571428571	baseline
K09920	0.0	0.4359256368965879	0.9286670345144783	1.3781128776013263	0.3699220861944455	0.21810825561534733	0.6300779138055546	0.7818917443846527	0.7142857142857143	baseline
K09921	0.0	0.6296870421753097	0.7958751867851577	1.394670247850743	0.35459647775204656	0.24535520159506474	0.6454035222479535	0.7546447984049353	0.8571428571428571	baseline
K09922	0.0	0.4214978411018893	0.33556194729357824	1.6163666088456454	0.3364485454460987	0.3940112441461935	0.6635514545539013	0.6059887558538065	0.8571428571428571	baseline
K09923	0.0	0.6355943715231133	0.921047935794613	1.7766577210215986	0.30498338564821503	0.23132190291877391	0.695016614351785	0.7686780970812261	0.7142857142857143	baseline
K09924	0.0	0.1874330800461262	0.08712066553562396	1.0242853711582123	0.5451528189022096	0.48362198791033534	0.5451528189022096	0.5163780120896646	0.5714285714285714	endpoint
K09925	0.0	0.5867171939377904	0.6210547019170554	1.5438661084743797	0.33885299357642834	0.3680045155308927	0.6611470064235716	0.6319954844691074	0.7142857142857143	baseline
K09927	0.0	0.49974003304543707	0.8208841361406829	1.3253958334310603	0.37659036048548905	0.33435652569907603	0.623409639514511	0.665643474300924	0.5714285714285714	baseline
K09932	0.0	0.46506875090180416	0.7628636701941817	1.9762885648810131	0.41511009342212113	0.3311931616012002	0.5848899065778789	0.6688068383987997	0.7142857142857143	baseline
K09933	0.0	0.8853881415188009	1.2022046593207667	1.6544911555570307	0.24510638297483084	0.19598021960007242	0.7548936170251692	0.8040197803999276	0.8571428571428571	baseline
K09934	0.14285714285714285	0.5230611608213454	0.3576215853975901	2.3545494856437617	0.38948858930883296	0.4090618954139769	0.6105114106911671	0.5909381045860231	0.5714285714285714	baseline
K09935	0.0	0.860429495487639	1.2762582979921953	1.9030148780281921	0.7422604694521661	0.7183387789051499	0.7422604694521661	0.7183387789051499	0.8571428571428571	endpoint
K09936	0.0	0.467139606098717	0.6884201721344898	1.420506411016111	0.628856213287961	0.674133435211864	0.628856213287961	0.674133435211864	0.8571428571428571	endpoint
K09939	0.0	0.10715695598086501	0.0006843131128846687	0.9557274849961839	0.45011010159148934	0.5300810757967502	0.5498898984085107	0.5300810757967502	0.5714285714285714	baseline
K09940	0.0	0.6651599762474454	0.6897320480520501	1.4683365415165834	0.28081778111201217	0.35194913165490205	0.7191822188879878	0.648050868345098	0.8571428571428571	baseline
K09945	0.0	0.5946683398770861	0.7056422655997899	1.3667585823911215	0.32078648111055674	0.31735142679475226	0.6792135188894433	0.6826485732052477	0.7142857142857143	baseline
K09949	0.0	0.0994975991640393	0.016474140598429905	1.3559607053863234	0.5072850427030924	0.513969861939176	0.5072850427030924	0.513969861939176	0.5714285714285714	baseline
K09951	0.0	0.7194742100078431	1.0199047716943443	1.5566640738918973	0.7350741424603271	0.8210038878610135	0.7350741424603271	0.8210038878610135	0.7142857142857143	endpoint
K09952	0.0	0.35082466966259124	0.653778788053089	1.2059368906217722	0.6384050776814052	0.7614099733244	0.6384050776814052	0.7614099733244	0.7142857142857143	endpoint
K09954	0.0	0.568133681963902	0.9799305730073592	1.1909802623277985	0.3323053207917487	0.2425185528865962	0.6676946792082513	0.7574814471134038	0.8571428571428571	baseline
K09955	0.0	0.4321255328426578	0.6195278398871835	1.2723270201978343	0.3472756711547139	0.30763423079680874	0.6527243288452861	0.6923657692031913	0.7142857142857143	baseline
K09958	0.0	0.38650236169080393	0.7972584159616802	1.1122745568181123	0.37353608276148825	0.2882170983987388	0.6264639172385118	0.7117829016012611	0.7142857142857143	baseline
K09960	0.0	0.14217092444982482	0.32360541952381483	1.1393389539692473	0.44339226503157775	0.3985062092146473	0.5566077349684222	0.6014937907853527	0.7142857142857143	baseline
K09961	0.0	0.735770179938189	1.098069543793024	1.2941918215280201	0.29026404772668685	0.2300095964969374	0.7097359522733131	0.7699904035030626	0.8571428571428571	baseline
K09962	0.0	0.6208375217162757	0.46408777096260423	1.129451219684207	0.6887549483951866	0.6867052571775994	0.6887549483951866	0.6867052571775994	0.8571428571428571	endpoint
K09963	0.0	0.15945243491513425	0.2352085631679112	1.278462555079719	0.42261245398736236	0.44373497216203284	0.5773875460126376	0.5562650278379672	0.7142857142857143	baseline
K09967	0.0	0.7110039659538901	1.3886472977032749	1.5330221301506683	0.6955618318757358	0.8378324703972051	0.6955618318757358	0.8378324703972051	0.7142857142857143	endpoint
K09968	0.0	0.5824559463837022	0.8734888834393753	1.4010701226432722	0.2968907602639973	0.2692814395519069	0.7031092397360027	0.730718560448093	0.7142857142857143	baseline
K09969	0.0	0.828955252221162	0.9845656965937559	1.9071347750068501	0.29153527551959674	0.19862932197625557	0.7084647244804032	0.8013706780237444	0.8571428571428571	baseline
K09970	0.0	0.9974243890511101	1.2191949837387084	1.8045389348407233	0.2107747210605269	0.1710727308769409	0.7892252789394731	0.8289272691230591	0.8571428571428571	baseline
K09971	0.0	0.766266667533472	1.0469349492987958	1.8496131615361504	0.30529137504331516	0.2914846210053555	0.6947086249566848	0.7085153789946446	0.8571428571428571	baseline
K09972	0.0	1.2163784697589644	1.2469559385574125	1.79761240808621	0.1576636027063047	0.1402899000508852	0.8423363972936952	0.8597100999491147	1.0	baseline
K09973	0.0	0.31199931520088203	0.616824550925613	1.697154430678625	0.4287680585443903	0.33949283189333385	0.5712319414556097	0.6605071681066661	0.5714285714285714	baseline
K09974	0.0	1.0498045869695585	1.2976133199116004	1.5381800180685683	0.18080984065566938	0.09726124600519767	0.8191901593443306	0.9027387539948023	1.0	baseline
K09975	0.0	0.799553368429397	1.2737205653445378	1.5485295749393249	0.2535550327073447	0.15117952214168992	0.7464449672926553	0.84882047785831	0.8571428571428571	baseline
K09979	0.0	0.8844490920410795	0.9525413536828222	1.7078363582265048	0.27182500948827654	0.19870716358567067	0.7281749905117234	0.8012928364143294	0.8571428571428571	baseline
K09988	0.14285714285714285	0.016165910412613536	0.18326278786861577	2.0129505242944115	0.5449621823832913	0.45126694703522957	0.5449621823832913	0.5487330529647705	0.5714285714285714	endpoint
K09996	0.0	0.36264073522171597	0.23859616348303198	1.3410318746501924	0.3707069207668362	0.4310146114223201	0.6292930792331638	0.5689853885776799	0.5714285714285714	baseline
K09997	0.14285714285714285	0.4563494396752949	0.7718678742642234	2.1252318824568857	0.3867767369078147	0.2644104824598795	0.6132232630921852	0.7355895175401205	0.5714285714285714	baseline
K09998	0.0	0.8001008775291674	1.252564441771559	1.6456702067526914	0.29362428631721327	0.13511820658051385	0.7063757136827867	0.8648817934194861	0.8571428571428571	baseline
K09999	0.0	0.6739616712013232	0.7253962213643955	1.3545823330037798	0.30010074538805903	0.34361156438746515	0.6998992546119409	0.6563884356125349	0.8571428571428571	baseline
K10000	0.0	0.9146732694004457	0.8945682775013334	1.7620619586420916	0.2578565859512099	0.2268121800852416	0.7421434140487901	0.7731878199147584	0.8571428571428571	baseline
K10001	0.0	0.7179695928752301	0.7432273561141889	1.72594068574052	0.2701304017701803	0.24206924517195705	0.7298695982298198	0.757930754828043	0.8571428571428571	baseline
K10002	0.0	0.4732579172258328	0.7849784857657002	1.4286970753219672	0.3379980696597911	0.32968242791088437	0.6620019303402089	0.6703175720891157	0.7142857142857143	baseline
K10003	0.0	0.6829217866754088	0.7519517678349681	1.5689125781337432	0.3009624698264409	0.24404960465751596	0.6990375301735591	0.755950395342484	0.8571428571428571	baseline
K10004	0.0	0.38889170624804426	0.8309661041783936	1.4172614661189464	0.3900446281267924	0.18569632705314112	0.6099553718732076	0.8143036729468589	0.5714285714285714	baseline
K10005	0.0	0.17811703136733772	0.02053167993067093	1.2191337726709945	0.4465293702040016	0.46721267240612724	0.5534706297959984	0.5327873275938728	0.5714285714285714	baseline
K10006	0.0	0.7159829189410384	0.670696712922766	1.3664094803562608	0.2998240280549411	0.359287194903342	0.7001759719450589	0.640712805096658	0.8571428571428571	baseline
K10007	0.0	0.5713771471363224	0.7382898550566029	1.6778305338001906	0.3654156737748854	0.23723088295418635	0.6345843262251146	0.7627691170458136	0.7142857142857143	baseline
K10008	0.0	0.2656268574797353	0.6255016729657246	1.295942315236242	0.4335788307045886	0.3667894382117428	0.5664211692954114	0.6332105617882572	0.5714285714285714	baseline
K10009	0.0	0.4559020049139423	1.0544985120479917	1.5255835763991983	0.7014918263134219	0.9080447171658182	0.7014918263134219	0.9080447171658182	0.7142857142857143	endpoint
K10010	0.0	0.486331566333465	0.6643007557613154	1.3268710883396462	0.31761568151089825	0.3133356979799684	0.6823843184891017	0.6866643020200316	0.7142857142857143	baseline
K10011	0.14285714285714285	0.6903815489180347	1.2474836805523013	2.209657597384853	0.29789798413632745	0.10382422798660391	0.7021020158636726	0.896175772013396	0.7142857142857143	baseline
K10012	0.0	0.26028364367164897	0.6245618482182046	1.6313600748964072	0.5994798489613385	0.6431561597518171	0.5994798489613385	0.6431561597518171	0.7142857142857143	endpoint
K10013	0.14285714285714285	0.44419129736799007	0.3101249237670998	2.3431930863770636	0.4170813018657896	0.41361313856182785	0.5829186981342104	0.5863868614381722	0.7142857142857143	baseline
K10014	0.0	0.9580013280539005	1.0508071262623555	1.5453200414883734	0.1864877118737394	0.15295052119208458	0.8135122881262606	0.8470494788079155	0.8571428571428571	baseline
K10015	0.14285714285714285	1.2961047474641527	1.2919475783933614	2.034876992304345	0.1379209380806702	0.10601867180881427	0.8620790619193298	0.8939813281911857	1.0	baseline
K10016	0.0	0.08470018399373387	0.18161741166367937	1.4157684142025597	0.5666987636222842	0.5949749943276942	0.5666987636222842	0.5949749943276942	0.5714285714285714	endpoint
K10017	0.0	1.0058005660856504	1.3318401079854125	1.5312458215520628	0.18086257493303975	0.08708787374152811	0.8191374250669603	0.9129121262584718	0.8571428571428571	baseline
K10026	0.0	0.3475063916275598	0.19869083439157387	1.4097905458872986	0.6267741697530765	0.5596445541572321	0.6267741697530765	0.5596445541572321	0.5714285714285714	endpoint
K10036	0.0	1.2401736824277563	1.3089308242988233	1.7681600688143913	0.14509119344264693	0.10416612639121656	0.8549088065573531	0.8958338736087834	1.0	baseline
K10037	0.0	0.6829965361725161	1.05855704270272	1.6620741367460061	0.32850469419238426	0.26572525718344336	0.6714953058076157	0.7342747428165566	0.8571428571428571	baseline
K10038	0.0	0.6637865087367129	1.3639096677477185	1.3824020111380357	0.3225907548370535	0.19226004007559339	0.6774092451629465	0.8077399599244066	0.8571428571428571	baseline
K10039	0.0	0.6037527478706446	0.9296090675395069	1.5007775056547124	0.7110444300484015	0.8632515560348646	0.7110444300484015	0.8632515560348646	0.7142857142857143	endpoint
K10040	0.0	0.16463738625066715	0.29481177813456444	1.668081510705418	0.5640972287983876	0.6064419327381463	0.5640972287983876	0.6064419327381463	0.7142857142857143	endpoint
K10041	0.0	0.9523257755355579	0.9418186902968141	1.4767000379698996	0.7843076984860051	0.8414503523746913	0.7843076984860051	0.8414503523746913	1.0	endpoint
K10107	0.0	0.7232481714890858	0.8955127370384651	1.3129594996916696	0.3117510133608608	0.29864362202321876	0.6882489866391392	0.7013563779767813	0.8571428571428571	baseline
K10108	0.0	1.2200646105316026	1.3282523634226622	1.5726069691681952	0.14620408793686152	0.14269794402653607	0.8537959120631384	0.8573020559734639	1.0	baseline
K10109	0.0	0.3839730893296988	0.706363638712712	1.9387700618784454	0.425739655683004	0.31293564280894276	0.574260344316996	0.6870643571910573	0.5714285714285714	baseline
K10110	0.0	0.35787935136808624	0.5585368319330407	1.3981452916186128	0.4359246884773617	0.2792071055191152	0.5640753115226382	0.7207928944808848	0.7142857142857143	baseline
K10111	0.0	1.0606287437999993	1.1235488050881381	1.4721341862694148	0.17697106967108453	0.10186086019470883	0.8230289303289154	0.8981391398052911	1.0	baseline
K10112	0.0	0.27833623970916654	0.4780095958169352	1.125361040919161	0.41642773976949715	0.39127268791975084	0.5835722602305029	0.6087273120802492	0.7142857142857143	baseline
K10117	0.0	0.10360074835699787	0.4118577679652464	1.31931806707015	0.47919166298985283	0.4022536961965561	0.5208083370101472	0.5977463038034438	0.5714285714285714	baseline
K10118	0.0	0.3221129131789093	0.23227548889384778	1.7245005248026564	0.6082265469263176	0.5865079508708846	0.6082265469263176	0.5865079508708846	0.5714285714285714	endpoint
K10119	0.0	0.18128900509761853	0.22114861128153437	1.3429319836447786	0.5313057426494686	0.5444609051353458	0.5313057426494686	0.5444609051353458	0.7142857142857143	endpoint
K10120	0.0	0.5162565834298533	0.9505437684374234	1.2331243541530497	0.70037403507259	0.7971958684206714	0.70037403507259	0.7971958684206714	0.7142857142857143	endpoint
K10122	0.0	0.7326931207823467	0.7941779741125646	1.5215127227677046	0.7308294392252057	0.8146775006862389	0.7308294392252057	0.8146775006862389	0.8571428571428571	endpoint
K10124	0.0	0.47219118136766397	0.9960820609807384	1.5272489376487401	0.3997732844829723	0.23550961061363448	0.6002267155170278	0.7644903893863655	0.7142857142857143	baseline
K10125	0.0	0.697760679206675	0.9761272084612315	1.5007763196256516	0.2937054434297128	0.25139099979497154	0.7062945565702872	0.7486090002050285	0.8571428571428571	baseline
K10126	0.0	0.7162101210846995	1.0040592297298647	1.5515737290349347	0.3206240309941225	0.24035783356909868	0.6793759690058775	0.7596421664309013	0.8571428571428571	baseline
K10188	0.0	0.44774665736762215	0.9954394457808918	1.3061693100872673	0.5912461058572707	0.6968422003602283	0.5912461058572707	0.6968422003602283	0.7142857142857143	endpoint
K10189	0.0	1.2324571544194867	1.269735356900591	1.5320274772659186	0.8737430898072799	0.9770884944221078	0.8737430898072799	0.9770884944221078	1.0	endpoint
K10190	0.0	0.8700295561990383	1.1668435818775404	1.4049279518692017	0.7721660442826138	0.8292828119833769	0.7721660442826138	0.8292828119833769	0.8571428571428571	endpoint
K10192	0.0	0.08027716899568975	0.6063896172322258	1.3804095628543964	0.4697560942557919	0.3005221315545112	0.5302439057442081	0.6994778684454888	0.5714285714285714	baseline
K10193	0.0	0.462304815633292	0.4341068089832582	1.829316533168834	0.6025825051775653	0.6833623200073354	0.6025825051775653	0.6833623200073354	0.5714285714285714	endpoint
K10194	0.0	0.24859369667368034	0.790988889807516	1.2655289401096228	0.56231869207084	0.6493735995442573	0.56231869207084	0.6493735995442573	0.5714285714285714	endpoint
K10195	0.0	0.7192414403017583	0.9741499081895462	1.6108227403072968	0.2974737392907043	0.30891485966994076	0.7025262607092957	0.6910851403300593	0.7142857142857143	baseline
K10200	0.0	0.45948896744869094	0.4964276460349428	1.7755920098178475	0.6003025429451035	0.6806889622507312	0.6003025429451035	0.6806889622507312	0.7142857142857143	endpoint
K10201	0.0	0.19849407720956153	0.20704716110617244	1.4838031967795615	0.5594348767884008	0.5647055582547813	0.5594348767884008	0.5647055582547813	0.5714285714285714	endpoint
K10202	0.14285714285714285	0.9823864349115966	0.7516661304623347	2.1170430949995627	0.7642607304349825	0.7201893258907686	0.7642607304349825	0.7201893258907686	1.0	endpoint
K10206	0.0	0.05543859945286046	0.19181946605370023	1.2981778394846413	0.4463888586388244	0.5736122444657153	0.5536111413611756	0.5736122444657153	0.5714285714285714	baseline
K10213	0.0	0.5750944810902497	0.8930977801514464	1.4639088690034658	0.3571582156274173	0.2699545546805222	0.6428417843725827	0.7300454453194778	0.7142857142857143	baseline
K10231	0.0	0.5657045253873704	0.8230096507763455	1.2673323217604975	0.6747310707884794	0.6122311791518711	0.6747310707884794	0.6122311791518711	0.8571428571428571	endpoint
K10240	0.0	0.28588971676804514	0.6423885918982924	1.5041831452969137	0.43468021084334163	0.3639862594850112	0.5653197891566584	0.6360137405149888	0.5714285714285714	baseline
K10241	0.0	0.43071369287602046	0.7562453325633879	1.321776017820139	0.39154493158955234	0.2953455379707819	0.6084550684104477	0.7046544620292181	0.7142857142857143	baseline
K10242	0.0	0.5670897357015792	1.0373649181649844	1.3782484191350215	0.2966060301373719	0.13117474302940835	0.7033939698626281	0.8688252569705917	0.7142857142857143	baseline
K10254	0.0	0.0537181473290587	0.06870087086091221	1.6675580961364915	0.5077653985065226	0.5343671297668112	0.5077653985065226	0.5343671297668112	0.5714285714285714	baseline
K10439	0.0	0.0633934028144116	0.16589100490015898	1.1275724841528467	0.5513450523697402	0.4744126441684908	0.5513450523697402	0.5255873558315092	0.5714285714285714	endpoint
K10440	0.0	0.42533319547757065	0.4018157856219728	1.0871572488948646	0.6184942315291913	0.6088461348688221	0.6184942315291913	0.6088461348688221	0.8571428571428571	endpoint
K10441	0.0	0.7657721190314908	1.0990806999366798	1.361502303163672	0.7272067833691503	0.8062392211061138	0.7272067833691503	0.8062392211061138	0.8571428571428571	endpoint
K10536	0.0	0.7555355169515339	1.3478437791933544	1.5454495142299458	0.7059940838344564	0.8374610790934046	0.7059940838344564	0.8374610790934046	0.8571428571428571	endpoint
K10537	0.0	0.9261439881922299	0.9072365910975132	1.4484814549889784	0.22693619466472928	0.2676914444483282	0.7730638053352707	0.7323085555516717	1.0	baseline
K10538	0.0	0.8823844550152896	1.1111880988449108	1.4212993847427615	0.25723287934778777	0.23468936564416007	0.7427671206522122	0.7653106343558399	0.8571428571428571	baseline
K10539	0.0	0.25122635437527485	0.4711618888581506	1.2715909364110536	0.4678991692189318	0.37535971998110745	0.5321008307810682	0.6246402800188926	0.7142857142857143	baseline
K10540	0.0	0.7877460152385252	1.075657318137173	1.3366112233447043	0.7405535590985227	0.7649549012766168	0.7405535590985227	0.7649549012766168	0.8571428571428571	endpoint
K10541	0.0	0.7457312171769479	1.0175376628577597	1.5173129733749524	0.7006522682389844	0.7339660340914352	0.7006522682389844	0.7339660340914352	0.8571428571428571	endpoint
K10542	0.0	0.5527967305256064	1.0098188106816837	1.5341758019899925	0.6829451737647554	0.7618729816717273	0.6829451737647554	0.7618729816717273	0.7142857142857143	endpoint
K10543	0.0	0.23979744001936137	0.6145644538112379	1.3201923206834807	0.5789496784291167	0.6818716706932557	0.5789496784291167	0.6818716706932557	0.7142857142857143	endpoint
K10544	0.0	0.4298656379048839	0.7919857254109498	1.2487055149615964	0.37098827333001133	0.30322213233095524	0.6290117266699886	0.6967778676690448	0.7142857142857143	baseline
K10545	0.0	0.8441524367760713	1.1708498551161912	1.5291356757475683	0.2873267125122768	0.2167888594522736	0.7126732874877232	0.7832111405477264	0.8571428571428571	baseline
K10546	0.0	0.14491597644873025	0.43086795323059146	1.3275613806934248	0.5177345557703307	0.5421436798909663	0.5177345557703307	0.5421436798909663	0.5714285714285714	endpoint
K10547	0.0	0.7385916237855689	1.0730940281978185	1.5962021806026918	0.723308111388741	0.7355857239219661	0.723308111388741	0.7355857239219661	0.7142857142857143	endpoint
K10548	0.0	0.692747377385835	0.992340117636287	1.3544241523445422	0.7081106485022913	0.8175867931391284	0.7081106485022913	0.8175867931391284	0.8571428571428571	endpoint
K10549	0.0	0.7713405856809725	1.2425386718050506	1.8984753493369038	0.30696540354973295	0.16514590485905775	0.6930345964502671	0.8348540951409422	0.7142857142857143	baseline
K10550	0.0	0.5575609040135788	0.5890836356625214	1.365094027975429	0.33591914874194717	0.37547870855856585	0.6640808512580528	0.6245212914414342	0.7142857142857143	baseline
K10551	0.0	0.4632343745108894	0.4173417394643201	1.4144121333445816	0.3352823578137961	0.4156285137888473	0.6647176421862039	0.5843714862111526	0.5714285714285714	baseline
K10555	0.0	0.25668724174706614	0.8155752508374962	1.148242582677238	0.4621552518766188	0.3352377849982991	0.5378447481233812	0.664762215001701	0.5714285714285714	baseline
K10556	0.0	0.05715128663985273	0.1841953388451343	1.5081334380618816	0.5469214080077579	0.4237529542262311	0.5469214080077579	0.576247045773769	0.5714285714285714	endpoint
K10557	0.0	0.09688904661314049	0.40800228584760084	1.5899038327886068	0.43857581167245074	0.4028936948544898	0.5614241883275493	0.5971063051455102	0.5714285714285714	baseline
K10558	0.0	0.4637905688983673	0.8375581786777886	1.3290351919482297	0.3551845990735667	0.27196087463196256	0.6448154009264333	0.7280391253680374	0.7142857142857143	baseline
K10559	0.0	0.3088346148630964	0.3701995931151586	1.7727959084850784	0.4319744445527204	0.4266494005727681	0.5680255554472796	0.5733505994272319	0.5714285714285714	baseline
K10560	0.0	0.7676730358457847	0.6906664331653041	1.7075736011450113	0.2817971014426039	0.3172623752213365	0.718202898557396	0.6827376247786635	1.0	baseline
K10561	0.0	0.8412026730310675	0.913693983626248	1.46039374115165	0.22804232795227217	0.25578770519030736	0.7719576720477278	0.7442122948096926	0.8571428571428571	baseline
K10562	0.0	0.20180694654953144	0.028478183307171154	1.4813324514332018	0.5255426304038909	0.5196215817517137	0.5255426304038909	0.5196215817517137	0.5714285714285714	endpoint
K10563	0.0	0.31041456708695564	0.45926598131668733	1.6058655321348405	0.4147547365127643	0.3943840726335024	0.5852452634872357	0.6056159273664976	0.5714285714285714	baseline
K10670	0.0	0.1414894748046663	0.005925776262208611	1.5058187580222404	0.5121869890509239	0.5060023127445232	0.5121869890509239	0.5060023127445232	0.5714285714285714	endpoint
K10671	0.0	0.5920187323522298	0.8612109863309427	1.7874170874614166	0.6713351966391838	0.7378963793993635	0.6713351966391838	0.7378963793993635	0.7142857142857143	endpoint
K10672	0.0	0.6060513089129813	0.9800365671080052	1.7827585005054014	0.6370564590217404	0.7665535226883865	0.6370564590217404	0.7665535226883865	0.7142857142857143	endpoint
K10673	0.0	0.42810597880608386	0.07667977642777016	1.4481002847548705	0.6470965476335081	0.5210352731308702	0.6470965476335081	0.5210352731308702	0.5714285714285714	endpoint
K10677	0.0	0.7995525474206205	0.8689207892187866	1.6885078622563559	0.7623930047590716	0.8104928124772436	0.7623930047590716	0.8104928124772436	0.7142857142857143	endpoint
K10678	0.0	0.15991775716196763	0.1584406615317492	1.7064980952166116	0.49916097006995164	0.4443201882890982	0.5008390299300484	0.5556798117109019	0.5714285714285714	baseline
K10679	0.14285714285714285	0.8146133606221334	1.2326776194460403	2.1091317025341603	0.2571484119900707	0.05080400881942173	0.7428515880099293	0.9491959911805783	0.7142857142857143	baseline
K10680	0.0	0.9270734176313166	1.153336884404701	1.4304150990683675	0.2301304535497344	0.1714428997099758	0.7698695464502656	0.8285571002900242	0.8571428571428571	baseline
K10708	0.0	0.730177867477398	1.00639831335155	1.389562296568162	0.7190082772399036	0.8310647710585531	0.7190082772399036	0.8310647710585531	0.7142857142857143	endpoint
K10709	0.0	0.08144866573025958	0.38071815018903193	1.3657488851179045	0.47478808492408275	0.41564862341195413	0.5252119150759172	0.5843513765880459	0.7142857142857143	baseline
K10710	0.0	0.9488424468421569	1.1053978120618306	1.5538032258087806	0.7787123265357229	0.8369640771880915	0.7787123265357229	0.8369640771880915	1.0	endpoint
K10711	0.0	0.06257851885376205	0.1830220366509735	0.6593204732057529	0.5091960456664991	0.5099017404228516	0.5091960456664991	0.5099017404228516	0.5714285714285714	endpoint
K10716	0.0	0.8971330233898972	1.1034403069862926	1.7479902434349612	0.2539189708126659	0.18045964683278365	0.7460810291873341	0.8195403531672163	0.8571428571428571	baseline
K10747	0.0	0.35257020811322076	0.22492822565812448	1.1058733797708158	0.6050916893904051	0.5729515486362163	0.6050916893904051	0.5729515486362163	0.8571428571428571	endpoint
K10748	0.0	0.6501066519895244	0.8735195997817793	1.7987314443447833	0.3418458438160389	0.25390427976086055	0.6581541561839611	0.7460957202391394	0.7142857142857143	baseline
K10763	0.0	0.9167615795840042	1.330034342282114	1.9621894711272752	0.26076413775193497	0.1449032069193165	0.739235862248065	0.8550967930806835	0.8571428571428571	baseline
K10773	0.0	0.25517579420842706	0.705706027572174	1.3044606593631705	0.4229619527872745	0.31311690484490984	0.5770380472127254	0.6868830951550902	0.5714285714285714	baseline
K10778	0.0	0.897110679797308	0.9404706876759976	1.4525929854198643	0.2275367748730099	0.1481091075739103	0.7724632251269901	0.8518908924260897	0.8571428571428571	baseline
K10793	0.0	0.35989172330957026	0.5928821784555324	1.4105012205430625	0.6421791222456515	0.7014544451098752	0.6421791222456515	0.7014544451098752	0.7142857142857143	endpoint
K10794	0.0	0.8565579534382349	0.9123076157711839	1.2494893522916246	0.7731310356838952	0.7840713889112016	0.7731310356838952	0.7840713889112016	1.0	endpoint
K10795	0.0	1.2589861193623946	1.2662482636613426	1.9144155246240926	0.8715296109057036	0.9259459827969919	0.8715296109057036	0.9259459827969919	1.0	endpoint
K10796	0.0	0.46526247791785824	1.094698440778829	1.4420218527311819	0.5917834241483524	0.7106836395092265	0.5917834241483524	0.7106836395092265	0.7142857142857143	endpoint
K10797	0.0	0.336295486097648	0.18321577396023409	1.161104291697169	0.61569542288505	0.5441167667921759	0.61569542288505	0.5441167667921759	0.7142857142857143	endpoint
K10800	0.0	0.6947257470612599	0.46222487216886116	1.394390663131798	0.27952816321659907	0.353154382704971	0.7204718367834009	0.646845617295029	1.0	baseline
K10804	0.0	0.7126010796308352	1.1812789547359948	1.6224311844286987	0.32784937217804355	0.20130208023109905	0.6721506278219564	0.7986979197689009	0.7142857142857143	baseline
K10805	0.0	0.9267551552322937	1.1508223018437158	1.8750619032786806	0.22460864282277995	0.15159121224035987	0.7753913571772201	0.8484087877596401	0.8571428571428571	baseline
K10806	0.0	0.07766265454158695	0.8349490793859159	1.6478533001950781	0.5030861295394263	0.3156136327736146	0.5030861295394263	0.6843863672263855	0.5714285714285714	baseline
K10819	0.0	0.18471571024009512	0.2700596137349237	1.472995827234451	0.5392404839158349	0.5763291410494807	0.5392404839158349	0.5763291410494807	0.7142857142857143	endpoint
K10823	0.0	0.24431814747356664	0.7322760780845129	1.145559457700019	0.41923457737597	0.27904881506935086	0.58076542262403	0.7209511849306491	0.7142857142857143	baseline
K10824	0.0	0.4012458299149568	0.1945273244334215	1.5613297135752142	0.6380905831071282	0.5376948036884558	0.6380905831071282	0.5376948036884558	0.7142857142857143	endpoint
K10826	0.0	0.5377718433457356	0.5714209048090454	1.938546431803453	0.40260057159981244	0.29087478124658095	0.5973994284001876	0.709125218753419	0.7142857142857143	baseline
K10831	0.0	0.45687629948273056	0.3248208891254397	1.9596445358300152	0.3771164833108131	0.41670156132690434	0.6228835166891868	0.5832984386730957	0.5714285714285714	baseline
K10834	0.0	0.5159674910648261	0.8246754595423227	1.2128529451040335	0.3177333929839924	0.22828583565100813	0.6822666070160076	0.7717141643489919	0.8571428571428571	baseline
K10857	0.14285714285714285	0.5296448895582839	0.4425400974634641	2.250017416451452	0.3942293251915231	0.37111309801245057	0.6057706748084769	0.6288869019875494	0.7142857142857143	baseline
K10906	0.0	0.945592404564867	1.307090646805993	1.6013532775064032	0.24715514555804785	0.145740181126589	0.7528448544419521	0.854259818873411	0.8571428571428571	baseline
K10907	0.0	0.747408107412612	0.9386041710407409	1.2437853277535216	0.7492387262955997	0.8368076660412987	0.7492387262955997	0.8368076660412987	0.8571428571428571	endpoint
K10914	0.0	1.1133900257814044	1.1288759257673806	1.4184651725438622	0.16829047604855724	0.16833137094910355	0.8317095239514427	0.8316686290508964	1.0	baseline
K10939	0.0	1.0252718018002274	1.155709179149978	1.6346292236550983	0.21228497860043108	0.15875276443282638	0.787715021399569	0.8412472355671736	1.0	baseline
K10947	0.0	0.45198217970064913	0.5730287264066896	1.7874332027735107	0.6432294345410376	0.6676146190492173	0.6432294345410376	0.6676146190492173	0.5714285714285714	endpoint
K10972	0.0	0.2540355522355596	0.8055565206563089	1.9099391911534842	0.47538513550523653	0.25753255486231397	0.5246148644947635	0.742467445137686	0.5714285714285714	baseline
K10973	0.14285714285714285	0.8767034122596585	1.06150994451396	2.010044993915604	0.24876412405968715	0.1491118215775078	0.7512358759403128	0.8508881784224922	0.7142857142857143	baseline
K10974	0.0	0.007000291171601598	0.2360033093954107	1.2715273607088018	0.5130089106115707	0.4482523449225553	0.5130089106115707	0.5517476550774447	0.7142857142857143	endpoint
K10975	0.0	0.689508529344969	1.1640181307270552	1.4397871505396387	0.28435344950669916	0.21211874921214363	0.7156465504933008	0.7878812507878563	0.8571428571428571	baseline
K10979	0.0	0.04186262751352134	0.1143159731508768	1.454305574602564	0.5135987461420777	0.4895969850197724	0.5135987461420777	0.5104030149802277	0.5714285714285714	baseline
K10984	0.0	0.2460464420142841	0.6160685538733586	1.3313680492249973	0.4499536805234052	0.35279426734583946	0.5500463194765948	0.6472057326541605	0.5714285714285714	baseline
K10985	0.0	0.4019817469761801	0.40468972679281423	1.6906579728089624	0.40090686871507614	0.3680231847285896	0.5990931312849239	0.6319768152714105	0.5714285714285714	baseline
K10986	0.0	0.12319758518211717	0.1948388339388771	1.5770427846058377	0.5736995392829078	0.5587440338337332	0.5736995392829078	0.5587440338337332	0.5714285714285714	endpoint
K11003	0.0	0.7891117097130469	1.1269431118620234	1.5035078684696874	0.28624757688653063	0.2699808943625668	0.7137524231134693	0.7300191056374332	0.8571428571428571	baseline
K11004	0.0	0.2709206159312871	0.16587698115304012	1.3786535577911143	0.43253212271279606	0.4625488001806166	0.5674678772872039	0.5374511998193834	0.7142857142857143	baseline
K11005	0.0	0.8716644866615392	1.1858265192246942	1.5436366661626204	0.23521358067159984	0.10452412736378398	0.7647864193284002	0.895475872636216	0.8571428571428571	baseline
K11008	0.0	0.640064876173396	0.594492678326325	1.4475262123144779	0.31760866810275573	0.29666821834862667	0.6823913318972443	0.7033317816513733	0.8571428571428571	baseline
K11031	0.0	0.5413779434885588	0.45750678669596045	1.5077774656828191	0.6729310816411955	0.6921593624636903	0.6729310816411955	0.6921593624636903	0.7142857142857143	endpoint
K11041	0.0	0.47290176669130213	0.878392232630025	1.4876534790352567	0.6521877021055075	0.6164313900835583	0.6521877021055075	0.6164313900835583	0.7142857142857143	endpoint
K11050	0.0	0.9889856410374066	1.0435828481249985	1.4791353771223026	0.8143989950939127	0.9124901703962878	0.8143989950939127	0.9124901703962878	1.0	endpoint
K11051	0.0	0.5503825757570194	1.2093251460472947	1.4917375528277954	0.7210992633301458	0.9635752256998905	0.7210992633301458	0.9635752256998905	0.7142857142857143	endpoint
K11065	0.0	0.28758651127442075	0.6250423363225704	1.1928444436835948	0.41861140394659335	0.3312420940492212	0.5813885960534066	0.6687579059507788	0.7142857142857143	baseline
K11066	0.0	0.7619115818877359	1.0418226980168968	1.4598966603024277	0.30808198653283775	0.2487385702196592	0.6919180134671623	0.7512614297803408	0.8571428571428571	baseline
K11068	0.0	0.2291551879974897	0.7984757646164663	1.438326042178104	0.4723371543983713	0.2994928773918341	0.5276628456016287	0.7005071226081658	0.7142857142857143	baseline
K11069	0.0	0.5738227872215884	1.2602355462420574	1.346078743570619	0.6692781866247686	0.8278807975951976	0.6692781866247686	0.8278807975951976	0.7142857142857143	endpoint
K11070	0.0	0.9925917397215563	1.2904333775318413	1.461508967622561	0.8403874731939618	0.9554561162204164	0.8403874731939618	0.9554561162204164	0.8571428571428571	endpoint
K11071	0.0	0.3486738897352173	0.14275356536658057	1.4334553772717982	0.6246740936269924	0.5290584729760455	0.6246740936269924	0.5290584729760455	0.5714285714285714	endpoint
K11072	0.14285714285714285	1.1458021571355552	1.533823153770672	2.0829739476229614	0.7999183149553704	0.9476768179952856	0.7999183149553704	0.9476768179952856	0.8571428571428571	endpoint
K11073	0.0	0.5956377500445308	1.1705445148494176	1.5677996525460536	0.2947744701869012	0.12898675367789578	0.7052255298130987	0.8710132463221042	0.7142857142857143	baseline
K11074	0.0	0.7424946811416661	1.2926335066773833	1.4596302014736848	0.2617849549042452	0.2110028822381378	0.7382150450957548	0.7889971177618622	0.7142857142857143	baseline
K11075	0.0	1.061153058280755	1.1596393262041425	1.9548962946003867	0.18677510175273218	0.10908974885292334	0.8132248982472678	0.8909102511470767	1.0	baseline
K11076	0.0	0.07896084087369307	0.1311369440865412	1.6693013358877842	0.532005312573842	0.4923892165735633	0.532005312573842	0.5076107834264367	0.5714285714285714	endpoint
K11081	0.0	0.868766285947155	1.3199687052413456	1.5942908709237031	0.22632322991437223	0.14048145043333016	0.7736767700856277	0.8595185495666698	0.8571428571428571	baseline
K11082	0.0	0.7811873735107354	0.944235728570137	1.4288796496173781	0.28557967570655113	0.2336300854988736	0.7144203242934488	0.7663699145011265	0.8571428571428571	baseline
K11083	0.0	0.7446674144857662	0.9072381373144871	1.6066223253587955	0.2756464316123389	0.17909395761513977	0.7243535683876611	0.8209060423848602	0.7142857142857143	baseline
K11084	0.0	0.7863867225339464	0.9787634648584775	1.4244151606367115	0.24623165404314665	0.1522045583672246	0.7537683459568534	0.8477954416327754	0.8571428571428571	baseline
K11085	0.0	0.1823517412685236	0.18532010419337425	1.2914303706137247	0.40284018585326126	0.46987051106241323	0.5971598141467387	0.5301294889375867	0.5714285714285714	baseline
K11102	0.0	0.06877510740791368	0.20538573120003542	1.6268198896710209	0.4901682759260392	0.43652744521118353	0.5098317240739608	0.5634725547888164	0.5714285714285714	baseline
K11103	0.0	0.26541329212043135	0.44834282389223135	1.009365557750231	0.4460529869893319	0.4083810830263984	0.5539470130106681	0.5916189169736016	0.5714285714285714	baseline
K11104	0.0	0.6731313220793919	1.0740793863199676	1.510686670135919	0.6930105765971905	0.8395992111351357	0.6930105765971905	0.8395992111351357	0.8571428571428571	endpoint
K11105	0.0	0.3601589603369252	0.4784155306244957	1.3195789406274645	0.6181699663118622	0.5796877901252298	0.6181699663118622	0.5796877901252298	0.7142857142857143	endpoint
K11106	0.14285714285714285	0.9411667704507245	1.0910294266479732	2.0297517842104273	0.25117844992205524	0.09643013500944508	0.7488215500779447	0.9035698649905549	0.8571428571428571	baseline
K11139	0.0	0.6128928833319237	0.809739187515707	1.2587660328607164	0.3348045656545005	0.26166942258642756	0.6651954343454995	0.7383305774135724	0.7142857142857143	baseline
K11144	0.0	0.12847813502213365	0.5856821026217377	1.5971316193352414	0.561988920600222	0.6496817182384372	0.561988920600222	0.6496817182384372	0.5714285714285714	endpoint
K11145	0.0	0.4267122625435955	0.22141140737392864	1.505188517919781	0.6365262959619189	0.5073745111714003	0.6365262959619189	0.5073745111714003	0.5714285714285714	endpoint
K11175	0.0	0.8081910318809981	1.188318241805613	1.4341670767527863	0.7453034800753294	0.6866691086485293	0.7453034800753294	0.6866691086485293	0.8571428571428571	endpoint
K11177	0.0	0.23156464372190574	0.13488318862662224	0.9686892139669472	0.5415223548589239	0.5708714909757917	0.5415223548589239	0.5708714909757917	0.7142857142857143	endpoint
K11178	0.0	0.32454579951624607	0.6237969628975364	1.174804466032798	0.4266987282101079	0.3299025595485604	0.5733012717898921	0.6700974404514396	0.7142857142857143	baseline
K11183	0.0	0.9827003161659048	1.02531995982957	1.8421783380720909	0.23487439693601658	0.23651852743997437	0.7651256030639835	0.7634814725600256	1.0	baseline
K11184	0.0	1.0777758020525077	1.2410495838004554	1.7583393992044412	0.8397766566359796	0.9612976564538676	0.8397766566359796	0.9612976564538676	0.8571428571428571	endpoint
K11189	0.0	0.1787188069752279	0.1101574551223858	1.4767899127581618	0.5425989628801556	0.5186348019307607	0.5425989628801556	0.5186348019307607	0.5714285714285714	endpoint
K11191	0.14285714285714285	0.8101847954324813	0.8713998029426538	2.149126791216956	0.2872455038051305	0.21265951017409263	0.7127544961948695	0.7873404898259073	0.7142857142857143	baseline
K11192	0.0	0.3332285934578697	0.7822898385726054	1.4926927529278342	0.44606865065033696	0.2736152699693937	0.553931349349663	0.7263847300306063	0.7142857142857143	baseline
K11201	0.0	0.9710294379422049	0.7721392946450255	1.5873311443634281	0.20999734723090002	0.20588850650873441	0.7900026527691	0.7941114934912656	1.0	baseline
K11202	0.0	0.1199882404613585	0.43772737420269775	1.297169656855619	0.44527349509621933	0.41086276191140825	0.5547265049037806	0.5891372380885918	0.5714285714285714	baseline
K11203	0.0	0.9051032115771179	1.0398893547206662	1.6692588521274208	0.21733887587406336	0.12295544245003064	0.7826611241259367	0.8770445575499694	1.0	baseline
K11206	0.0	0.923923634811778	1.1373457491823533	1.480865416124815	0.22519904964590529	0.28182483148961646	0.7748009503540947	0.7181751685103835	0.8571428571428571	baseline
K11208	0.0	0.7452497795609546	1.0028773560266653	1.4493854281029253	0.2764708485534783	0.2787420493862426	0.7235291514465216	0.7212579506137574	0.8571428571428571	baseline
K11209	0.0	0.2519085325259745	0.3700063031974733	1.2837427628611668	0.45026233496171714	0.42669458787254666	0.5497376650382828	0.5733054121274533	0.7142857142857143	baseline
K11216	0.0	0.1737789756722779	0.18962223120191224	1.1342056758035075	0.4518795172372872	0.46182525371894023	0.5481204827627129	0.5381747462810598	0.7142857142857143	baseline
K11249	0.0	0.6579432157671773	0.9250130168931514	1.2255671880961492	0.28971279735812405	0.22668164023578447	0.710287202641876	0.7733183597642155	0.7142857142857143	baseline
K11250	0.0	1.0007552867382574	1.0415939609664189	1.6947351941273923	0.19596416469627	0.12858391442467243	0.80403583530373	0.8714160855753276	1.0	baseline
K11263	0.0	0.025785915085674578	0.008479600002463346	1.5922562741793356	0.49299157778466857	0.5169753482650709	0.5070084222153315	0.5169753482650709	0.5714285714285714	endpoint
K11264	0.0	0.5190306264052785	0.6494726749078948	1.3523715692576537	0.38584285119079464	0.3402060877046806	0.6141571488092054	0.6597939122953194	0.7142857142857143	baseline
K11332	0.0	0.4065724338472291	0.2900855918765818	0.9979650665643907	0.6323716897970122	0.5810108124397019	0.6323716897970122	0.5810108124397019	1.0	endpoint
K11358	0.0	0.9084233925434715	1.0627558874678713	1.34824822183779	0.7854738095043815	0.8430590457236982	0.7854738095043815	0.8430590457236982	0.8571428571428571	endpoint
K11381	0.0	0.28726683124598595	0.8602409742253214	1.5664435070871376	0.38566022355135166	0.175647789078437	0.6143397764486483	0.824352210921563	0.5714285714285714	baseline
K11382	0.0	0.761194028759041	1.2049954469278708	1.6424144542134098	0.3024500222553083	0.25703807542576995	0.6975499777446916	0.74296192457423	0.8571428571428571	baseline
K11391	0.14285714285714285	0.21682321475681562	0.01752408601222192	2.196782741205274	0.49280046393104954	0.5235504057376629	0.5071995360689505	0.5235504057376629	0.5714285714285714	baseline
K11392	0.0	0.8219352100411993	1.07135154600163	1.4021180004185734	0.25414122160266056	0.1574496327766192	0.7458587783973394	0.8425503672233808	0.8571428571428571	baseline
K11472	0.0	1.1460271429203035	1.2668949645245475	1.8474564704377319	0.1669282431161154	0.08129641907810893	0.8330717568838846	0.9187035809218911	1.0	baseline
K11473	0.0	0.8447347166291294	0.9111257592921854	1.3199325349367579	0.2521131483961603	0.23805582946740797	0.7478868516038397	0.761944170532592	0.8571428571428571	baseline
K11474	0.0	0.48198928726582074	0.4978737307357692	1.4454840686027268	0.37652837937871314	0.3879753001220269	0.6234716206212869	0.612024699877973	0.7142857142857143	baseline
K11517	0.0	1.1310414662794588	1.1928311944630483	1.6502526956133095	0.8312627174883083	0.8803605211521466	0.8312627174883083	0.8803605211521466	1.0	endpoint
K11527	0.0	0.12497767786685257	0.13511464208490284	1.87057905513582	0.41545020056785475	0.470393066793881	0.5845497994321452	0.5296069332061191	0.5714285714285714	baseline
K11529	0.0	0.1943119103540976	0.010438713102671434	1.527489703858456	0.5835341316465377	0.5091407044245545	0.5835341316465377	0.5091407044245545	0.5714285714285714	endpoint
K11531	0.0	0.4257444073549687	0.8662851001101367	1.2963014090299483	0.39384990428195243	0.32682009961208647	0.6061500957180476	0.6731799003879135	0.7142857142857143	baseline
K11533	0.0	0.9470588688321818	1.355144397188733	1.6884394427143563	0.20917594673092327	0.042239103876049434	0.7908240532690767	0.9577608961239505	0.8571428571428571	baseline
K11534	0.0	0.2485582094745995	0.2983190918689637	1.5299294484031656	0.41404127785605704	0.4211007814917051	0.585958722143943	0.5788992185082948	0.5714285714285714	baseline
K11535	0.0	0.40662785886538116	0.8322635856410855	1.3516400957253003	0.40241246241778467	0.31725805151397196	0.5975875375822153	0.682741948486028	0.5714285714285714	baseline
K11537	0.0	0.4861610883694265	0.6583159185344154	1.2326193995158288	0.34272625863201	0.2785131074530981	0.65727374136799	0.7214868925469019	0.8571428571428571	baseline
K11604	0.0	0.9180146027042146	1.1586641810931015	1.8547388121033368	0.2520298027658894	0.07959395389071533	0.7479701972341106	0.9204060461092847	0.7142857142857143	baseline
K11605	0.0	1.0701123653020137	1.363673206977863	1.9108315792102486	0.22310264123952553	0.06648059178150141	0.7768973587604745	0.9335194082184985	0.8571428571428571	baseline
K11606	0.0	0.8822652087771994	1.1340221681968659	1.7023231133408125	0.26126117210519534	0.20011191031914805	0.7387388278948046	0.799888089680852	0.8571428571428571	baseline
K11607	0.0	0.6618396601710735	1.029980951803929	1.6872087863185796	0.3334028747990851	0.2572474140809437	0.6665971252009149	0.7427525859190562	0.7142857142857143	baseline
K11617	0.0	0.5229501420634265	0.9487308240931221	1.3394266056169488	0.35040906866842064	0.26899912331644127	0.6495909313315793	0.7310008766835587	0.7142857142857143	baseline
K11618	0.0	0.0031376390604751186	0.30910666641678813	1.600515844089636	0.5404735055377319	0.6363694734880532	0.5404735055377319	0.6363694734880532	0.5714285714285714	baseline
K11636	0.0	0.7592823140334842	0.7017020999472122	1.962469396603109	0.3009424009344768	0.29475852024594384	0.6990575990655232	0.7052414797540562	0.8571428571428571	baseline
K11645	0.0	0.6102264180533806	0.708899830728726	1.9040278369568058	0.32717006110335767	0.22759532036116878	0.6728299388966423	0.7724046796388312	0.7142857142857143	baseline
K11685	0.0	0.7708755916962124	1.286260217842255	1.5691912763913447	0.21233112277718352	0.10246158978366252	0.7876688772228164	0.8975384102163375	0.8571428571428571	baseline
K11690	0.0	0.9666353879288873	1.1038739891508995	1.557514246440326	0.8122839171936592	0.9351561632386236	0.8122839171936592	0.9351561632386236	0.8571428571428571	endpoint
K11707	0.0	0.2127200060286784	0.32807992202702696	1.382246853664231	0.429026062572632	0.3968240542581297	0.570973937427368	0.6031759457418703	0.7142857142857143	baseline
K11708	0.0	0.4506982411201084	0.20866254602224465	1.4507379964426146	0.3179680642895114	0.4390449538661933	0.6820319357104886	0.5609550461338066	0.7142857142857143	baseline
K11709	0.0	0.3966766992301681	0.8041951830928712	1.3495041042879377	0.3774064192367218	0.23624145657277093	0.6225935807632782	0.763758543427229	0.7142857142857143	baseline
K11710	0.0	0.22149045964205083	0.25613363546591283	1.3775904418995484	0.39241332162146275	0.45331573001481323	0.6075866783785373	0.5466842699851868	0.5714285714285714	baseline
K11717	0.0	0.4255888073796235	0.6644443726508968	1.440115345672488	0.3951771046825989	0.24285456345812712	0.6048228953174011	0.7571454365418728	0.7142857142857143	baseline
K11719	0.0	0.0451968075905766	0.3399378914235825	1.4981155541971343	0.5165874371888243	0.41419218354026843	0.5165874371888243	0.5858078164597316	0.5714285714285714	baseline
K11720	0.0	0.025021684121164282	0.13713022736512345	1.0915380527393648	0.5293021812168025	0.4478576574954016	0.5293021812168025	0.5521423425045984	0.5714285714285714	baseline
K11732	0.0	0.7910492052332252	0.9352345710383363	1.474166747951583	0.2857205370269848	0.2259135393091646	0.7142794629730151	0.7740864606908354	1.0	baseline
K11733	0.0	0.25422676173963354	0.06730403529993097	1.32391440753693	0.41404940481414465	0.4918884257148817	0.5859505951858553	0.5081115742851183	0.7142857142857143	baseline
K11734	0.0	0.8665807089206162	0.8114851199292945	1.5472976799520728	0.25608229682184197	0.2150915713566422	0.7439177031781581	0.7849084286433579	0.8571428571428571	baseline
K11735	0.0	0.7198054622225823	0.940743635267622	1.5381329376574182	0.294455512892256	0.3144602024271402	0.705544487107744	0.6855397975728599	0.7142857142857143	baseline
K11736	0.0	0.7915240597730211	1.3269130234233926	1.700039028857297	0.2762047800150707	0.11575965546959603	0.7237952199849293	0.884240344530404	0.8571428571428571	baseline
K11737	0.0	0.2667354350876999	0.09814359767529268	1.3848762292094716	0.38603002582392243	0.5139758959642164	0.6139699741760776	0.5139758959642164	0.5714285714285714	baseline
K11738	0.0	0.6663468914185865	0.5756737007195522	1.7802130736726165	0.3143803349920029	0.2733249111150839	0.6856196650079971	0.726675088884916	0.8571428571428571	baseline
K11739	0.0	0.9759696643794112	1.3231694898972515	1.5661092369816518	0.21780116125596694	0.12291061461917217	0.7821988387440331	0.8770893853808278	0.8571428571428571	baseline
K11740	0.0	0.8610118476383256	1.213313445861357	1.5307693336408024	0.2694207553969239	0.15533150977408192	0.7305792446030761	0.8446684902259181	0.8571428571428571	baseline
K11741	0.0	0.06319408888272997	0.4799274991778391	1.5397921908390142	0.47784958346834505	0.5502874197935257	0.522150416531655	0.5502874197935257	0.5714285714285714	endpoint
K11744	0.0	0.5287302073259096	0.8419637868571459	1.5996573117975899	0.33170743988883655	0.2755592095113107	0.6682925601111634	0.7244407904886894	0.7142857142857143	baseline
K11745	0.0	0.5683657026268943	0.9127936725864857	1.2960127793397604	0.3562706053480045	0.2777892090883519	0.6437293946519955	0.7222107909116481	0.8571428571428571	baseline
K11746	0.0	0.35656185357138703	0.8872726015388056	1.4708881076151308	0.43317314353645314	0.22645778393309193	0.5668268564635468	0.7735422160669081	0.5714285714285714	baseline
K11747	0.0	0.7100771898157945	0.7147725179265355	1.6116212521505824	0.31923039531899733	0.2880483010987004	0.6807696046810027	0.7119516989012996	0.8571428571428571	baseline
K11748	0.0	1.0060451602477496	1.139947574492991	1.7982612408600622	0.20975937672058348	0.1566294627057195	0.7902406232794166	0.8433705372942805	0.8571428571428571	baseline
K11749	0.0	0.14593814426170226	0.23834975480599116	1.0843145397304976	0.555629348356425	0.5332506368855774	0.555629348356425	0.5332506368855774	0.5714285714285714	endpoint
K11750	0.0	0.6366978818752906	1.0686843513239774	1.5206279371892446	0.3199386934045848	0.1718157748590575	0.6800613065954152	0.8281842251409425	0.8571428571428571	baseline
K11751	0.0	0.1471364688780876	0.2138099916428731	1.3604813501766668	0.47413837089788197	0.43512904282907305	0.5258616291021181	0.564870957170927	0.5714285714285714	baseline
K11752	0.0	0.1789454475352133	0.33025617936815604	1.5776522122274843	0.6063478879005684	0.5962907578841876	0.6063478879005684	0.5962907578841876	0.7142857142857143	endpoint
K11753	0.14285714285714285	0.6648616285011378	0.6174438390184178	2.043092430045416	0.33812915103960706	0.2724480990827306	0.6618708489603929	0.7275519009172694	0.7142857142857143	baseline
K11754	0.0	0.4817916931229865	0.9578210317013999	1.1950501223859729	0.3684062927252529	0.20715441471014137	0.6315937072747471	0.7928455852898586	0.7142857142857143	baseline
K11755	0.0	0.12095393463531288	0.3609116318067712	1.5254193921121704	0.5310726311304933	0.5488956406350365	0.5310726311304933	0.5488956406350365	0.5714285714285714	endpoint
K11778	0.0	1.0305404281173387	1.2988833407314782	1.9914251340638442	0.7743075327716118	0.8168474605137824	0.7743075327716118	0.8168474605137824	0.8571428571428571	endpoint
K11811	0.0	0.6408713769716166	0.8345806573503955	1.3435831822666326	0.3203684860676672	0.29441139409094125	0.6796315139323328	0.7055886059090588	0.8571428571428571	baseline
K11891	0.0	0.95247403279314	1.36377577090328	1.9038881678141473	0.2600175913260176	0.13172846092812077	0.7399824086739824	0.8682715390718793	0.8571428571428571	baseline
K11892	0.0	0.5373671336354893	0.5521466900241555	1.6215896766119555	0.36376424849573274	0.33791425844353795	0.6362357515042673	0.662085741556462	0.8571428571428571	baseline
K11893	0.0	0.4321529208342387	0.46881369980210474	1.3531960027002168	0.3573364905133561	0.3630297217581306	0.642663509486644	0.6369702782418694	0.7142857142857143	baseline
K11894	0.0	0.5288986480814278	0.621249192697046	1.3150228114464424	0.36074277343405153	0.31238684666694794	0.6392572265659484	0.6876131533330521	0.8571428571428571	baseline
K11895	0.14285714285714285	0.6949237454087942	0.7680818395077365	2.0673306523614103	0.31668736070596487	0.23140870230870525	0.6833126392940352	0.7685912976912948	0.8571428571428571	baseline
K11896	0.0	0.8711227869824612	1.367929173074826	1.4747925776932904	0.26501404919243665	0.16676658086296614	0.7349859508075633	0.8332334191370339	0.8571428571428571	baseline
K11900	0.14285714285714285	0.8963056249584367	1.1242891210915984	2.293458607174757	0.28221692309282415	0.1519412222524209	0.7177830769071758	0.8480587777475791	0.8571428571428571	baseline
K11901	0.0	0.7862620993694845	1.1767290653950275	1.3834450147697774	0.2703110274456438	0.23809901222054286	0.7296889725543563	0.7619009877794571	0.8571428571428571	baseline
K11903	0.0	1.0015370208527568	1.2126329496502206	1.6971212487941132	0.23798425290840158	0.19270097637532482	0.7620157470915985	0.8072990236246752	0.8571428571428571	baseline
K11904	0.0	0.2223197676868667	0.37414049613449163	1.043163074875449	0.46450896046120616	0.4045086705557732	0.5354910395387938	0.5954913294442268	0.7142857142857143	baseline
K11905	0.0	0.9007513085294566	0.9129545362738885	1.5425151069636558	0.21706930535843405	0.19646136867537614	0.782930694641566	0.8035386313246239	1.0	baseline
K11906	0.0	0.7536376471161093	1.114512470630252	1.5022181507111978	0.2726411030941925	0.14857938735787807	0.7273588969058076	0.851420612642122	0.8571428571428571	baseline
K11907	0.0	0.3926792055841973	0.5159313169938564	1.2469250869576056	0.413804620865979	0.3777812442487623	0.586195379134021	0.6222187557512378	0.8571428571428571	baseline
K11910	0.14285714285714285	0.9432370784581404	1.3176301115906937	2.1625186573807076	0.21827529907611048	0.1116491529683576	0.7817247009238895	0.8883508470316424	0.8571428571428571	baseline
K11911	0.0	0.8340991373437475	0.8865060451982181	1.8753094628642266	0.27993258747728605	0.2228145821484551	0.720067412522714	0.7771854178515449	0.8571428571428571	baseline
K11920	0.0	0.37532816309242695	0.30455305807561434	1.3085461488599726	0.3717138742963653	0.4200659614914773	0.6282861257036347	0.5799340385085228	0.5714285714285714	baseline
K11921	0.0	0.20840359129040667	0.5589911007014385	1.9401805506169008	0.506467718377127	0.6617143695488291	0.506467718377127	0.6617143695488291	0.5714285714285714	baseline
K11924	0.0	0.3966139920952619	0.6669688749247409	1.1696055298317156	0.38719657823892045	0.3350550233818576	0.6128034217610796	0.6649449766181423	0.7142857142857143	baseline
K11925	0.14285714285714285	0.8997721113481358	1.032000048180713	2.1543332882867556	0.2877129397210029	0.13925184336088786	0.712287060278997	0.8607481566391122	0.7142857142857143	baseline
K11927	0.0	0.2011833945687422	1.0305087761215783	1.3693565007305404	0.47363331041813134	0.2722823784520954	0.5263666895818686	0.7277176215479046	0.5714285714285714	baseline
K11928	0.0	0.1803920916664042	0.3256002063687849	1.455776310834305	0.5415769090154634	0.5528543414201268	0.5415769090154634	0.5528543414201268	0.5714285714285714	endpoint
K11929	0.0	0.4846119521907181	0.6939226735001407	1.3809386429563237	0.3788840602622607	0.27098297346292954	0.6211159397377393	0.7290170265370705	0.7142857142857143	baseline
K11930	0.0	1.206506510290478	1.3807601667344371	1.5422709386382916	0.13198341187270596	0.09520184121226674	0.8680165881272941	0.9047981587877333	1.0	baseline
K11931	0.0	0.6920254556445554	1.216633150649603	1.5469045710577938	0.2939325171748467	0.2593887325218929	0.7060674828251533	0.7406112674781071	0.8571428571428571	baseline
K11932	0.0	0.5527609765467759	0.31881482597725175	1.462398140242602	0.3131920423193639	0.4003071961787237	0.6868079576806361	0.5996928038212763	0.8571428571428571	baseline
K11933	0.0	0.4970682352632786	0.5915255065547155	1.2893839457259133	0.3555552017026254	0.3239142743850106	0.6444447982973747	0.6760857256149895	0.7142857142857143	baseline
K11934	0.0	0.09896881741082307	0.6058317826818564	1.4224183289667773	0.41551543707790284	0.3406459533258761	0.5844845629220972	0.6593540466741239	0.5714285714285714	baseline
K11935	0.0	0.12294380145190785	0.12785223251123026	1.6538205258761998	0.484809312264896	0.44939777727124774	0.515190687735104	0.5506022227287523	0.5714285714285714	baseline
K11936	0.0	0.6112271275323895	0.7072564669223456	1.7674026785149288	0.31515679923732554	0.2281594015539528	0.6848432007626745	0.7718405984460472	0.8571428571428571	baseline
K11938	0.0	0.6414601595951196	0.8942644282498312	1.631954236716398	0.32661476214442803	0.163969309575442	0.673385237855572	0.836030690424558	0.8571428571428571	baseline
K11939	0.0	0.16438316284252288	0.0867380174806091	1.2872673820975127	0.5254484966223487	0.5334722345691847	0.5254484966223487	0.5334722345691847	0.5714285714285714	endpoint
K11941	0.0	0.9894117014521059	1.3338870753077527	1.5416721729011966	0.2069908918251711	0.14758073650762008	0.793009108174829	0.85241926349238	0.8571428571428571	baseline
K11959	0.0	0.6242230197941142	0.723703064954932	1.456230343343101	0.3234617458725514	0.3366990611595693	0.6765382541274486	0.6633009388404307	0.8571428571428571	baseline
K11960	0.0	0.3372082022902721	0.6528670624084816	1.0673040841080716	0.6085033538195191	0.7158841522292048	0.6085033538195191	0.7158841522292048	0.7142857142857143	endpoint
K11961	0.0	0.13809944712880032	0.6937688052919668	1.335801137274582	0.5679210342245989	0.5963321547845164	0.5679210342245989	0.5963321547845164	0.5714285714285714	endpoint
K11962	0.0	0.15313823851090494	0.13539098011524553	1.5828837553712132	0.4574332479240587	0.4812759701331143	0.5425667520759413	0.5187240298668857	0.5714285714285714	baseline
K11963	0.0	0.7225690373707673	1.1367640251998272	1.3438659180392387	0.2637795775454138	0.24744203576562973	0.7362204224545862	0.7525579642343703	0.8571428571428571	baseline
K11991	0.0	0.037070518937039686	0.37702302480572675	1.700820026320724	0.4909845368664799	0.4080361607992376	0.5090154631335201	0.5919638392007625	0.7142857142857143	baseline
K11996	0.0	0.152185797076304	0.5231738610331523	1.066315138629541	0.4550154333452223	0.38377555312754197	0.5449845666547777	0.616224446872458	0.7142857142857143	baseline
K12056	0.0	0.593068820723556	0.4878021154791789	1.4683859436869298	0.3244464116038373	0.3548793092077266	0.6755535883961628	0.6451206907922734	0.8571428571428571	baseline
K12057	0.0	0.39013851519745896	0.8512759995414061	1.5880659148727632	0.3929965909060985	0.22451485511179395	0.6070034090939015	0.7754851448882061	0.5714285714285714	baseline
K12058	0.0	0.6480867727550895	1.0511860898320786	1.3003287481086647	0.2929198961828171	0.23143527367310776	0.7070801038171829	0.7685647263268922	0.7142857142857143	baseline
K12059	0.0	0.39758644223043355	0.11191636288852941	1.2898969064590577	0.37421982884263244	0.452043084618118	0.6257801711573676	0.547956915381882	0.5714285714285714	baseline
K12060	0.0	0.045271590000618214	0.06531477433537633	1.1353952640847205	0.4741898186909999	0.49164848634060626	0.5258101813090001	0.5083515136593937	0.5714285714285714	baseline
K12061	0.0	0.5019658538681594	1.027872854553702	1.5014524846451156	0.3659069395149804	0.29999700905511306	0.6340930604850197	0.7000029909448869	0.7142857142857143	baseline
K12062	0.0	0.6419192152645337	0.9056685382659246	1.4635682756333825	0.3123272476530287	0.28840782456091374	0.6876727523469712	0.7115921754390863	0.7142857142857143	baseline
K12063	0.0	0.4026657440611495	0.8020396083192336	1.4599349141621023	0.41353615380074044	0.3336540649356485	0.5864638461992595	0.6663459350643515	0.7142857142857143	baseline
K12064	0.0	0.9369019850320439	1.16355180383082	1.7674418540514107	0.21486512200369054	0.09094748757403089	0.7851348779963094	0.9090525124259691	0.8571428571428571	baseline
K12065	0.0	0.5118636161875444	0.712933255489614	0.9877474673115699	0.34727098936898787	0.35227605343420487	0.6527290106310122	0.6477239465657951	0.8571428571428571	baseline
K12066	0.0	0.5268999463974764	0.4931903516680265	1.325890074385347	0.32148525938824396	0.39789663196863334	0.678514740611756	0.6021033680313667	0.8571428571428571	baseline
K12067	0.0	1.0105577490464284	1.0778006669308406	1.6029350434645135	0.1976781114795388	0.11842140727216707	0.8023218885204613	0.8815785927278329	0.8571428571428571	baseline
K12068	0.0	0.7515520314599172	1.0844688299398104	1.9965370562984521	0.3056918270246874	0.15223238196358435	0.6943081729753127	0.8477676180364156	0.7142857142857143	baseline
K12070	0.0	0.3818558829897784	0.47451788167842374	1.16837215356832	0.4005756384211188	0.39185230216625655	0.5994243615788812	0.6081476978337435	0.7142857142857143	baseline
K12072	0.0	0.19680906316762686	0.5410425887456296	1.3971502289556825	0.4769618532873617	0.3512309801995525	0.5230381467126384	0.6487690198004474	0.7142857142857143	baseline
K12111	0.0	0.21449442650540743	0.22561222959541222	1.3697321230002217	0.4534063906030746	0.44055228915145034	0.5465936093969255	0.5594477108485496	0.5714285714285714	baseline
K12112	0.0	0.21890873553707071	0.4559639168253975	1.2012978162142978	0.47397157350625496	0.3921038861727768	0.526028426493745	0.6078961138272232	0.5714285714285714	baseline
K12113	0.0	1.1373061891234417	1.4853250283734627	1.856835595262689	0.1990334799838618	0.1623916395210016	0.8009665200161382	0.8376083604789983	0.8571428571428571	baseline
K12132	0.14285714285714285	0.07097842378390669	1.0763670263808207	2.0214268219682663	0.5757006800730632	0.8323791277093032	0.5757006800730632	0.8323791277093032	0.5714285714285714	endpoint
K12136	0.0	0.30695211014598234	0.14112366057111425	1.3054743583185784	0.4236715496262732	0.46613580381472586	0.5763284503737268	0.5338641961852741	0.7142857142857143	baseline
K12137	0.0	0.07128167422771023	0.6542067103515856	1.7008741244214267	0.5450093405096813	0.3315345798522735	0.5450093405096813	0.6684654201477265	0.5714285714285714	endpoint
K12138	0.0	0.9485042470234614	1.0880149605059617	1.3004527228648264	0.783733908858511	0.797180212053779	0.783733908858511	0.797180212053779	1.0	endpoint
K12139	0.0	0.2677999379143011	0.047066223482500565	1.3346859945742366	0.5663009123543746	0.502469002610861	0.5663009123543746	0.502469002610861	0.5714285714285714	endpoint
K12140	0.0	0.37255741398759834	0.4060370998551237	1.0302369359356334	0.6135619853642532	0.6324154409921705	0.6135619853642532	0.6324154409921705	0.7142857142857143	endpoint
K12141	0.0	0.664032554732812	0.7990506368917227	1.3491182260819623	0.27377356801443054	0.27194397360667355	0.7262264319855695	0.7280560263933264	0.7142857142857143	baseline
K12142	0.0	0.6556699335429148	1.196679177067853	1.4257707520211067	0.34116949559811927	0.21428635716476052	0.6588305044018807	0.7857136428352395	0.7142857142857143	baseline
K12143	0.0	0.7334779191900395	0.9266356990367485	1.1721624071351917	0.718062482125097	0.7863156372505132	0.718062482125097	0.7863156372505132	0.8571428571428571	endpoint
K12146	0.0	0.7495904285126177	0.8383283547640495	1.2690543927131976	0.2714191009788491	0.314370350467424	0.7285808990211509	0.685629649532576	0.7142857142857143	baseline
K12147	0.14285714285714285	1.1843750277869252	1.341640281131488	2.0941711586295075	0.162063111373572	0.12299463613729628	0.837936888626428	0.8770053638627038	0.8571428571428571	baseline
K12149	0.0	0.6187150484025514	0.8307050071904453	1.5577370101489478	0.3350246481896867	0.33272629007618953	0.6649753518103133	0.6672737099238104	0.8571428571428571	baseline
K12151	0.0	0.3968345932225156	1.1478319457596304	1.8143455403033526	0.4033608852324705	0.2800841537918596	0.5966391147675295	0.7199158462081404	0.5714285714285714	baseline
K12203	0.0	0.16841995857832373	0.23982569442067744	1.1912613334986182	0.4881799231543651	0.43602162457992144	0.5118200768456349	0.5639783754200786	0.5714285714285714	baseline
K12204	0.0	0.627486907410994	0.6491524096034461	1.0852831428569505	0.310266083879288	0.30554520173316035	0.689733916120712	0.6944547982668396	0.8571428571428571	baseline
K12206	0.0	0.49056657454384134	0.2787509370498549	1.758043181378294	0.3841227638405641	0.4308015731905098	0.6158772361594359	0.5691984268094902	0.8571428571428571	baseline
K12209	0.0	0.668664417263712	0.9807966701670128	1.4450879758434234	0.33951063191244824	0.2506810745672211	0.6604893680875518	0.7493189254327789	0.8571428571428571	baseline
K12211	0.0	0.5362834218985502	0.7120928805021322	1.3906212630894266	0.3712408977610068	0.35241555320303736	0.6287591022389931	0.6475844467969627	0.8571428571428571	baseline
K12213	0.0	0.2998028383365791	0.7161369939649127	1.4647103138530533	0.45588375809700205	0.3102417433871748	0.5441162419029979	0.6897582566128252	0.5714285714285714	baseline
K12214	0.0	0.035430384791857734	0.6811776152690631	1.8255126111738023	0.5362077220265938	0.6953935076183728	0.5362077220265938	0.6953935076183728	0.5714285714285714	endpoint
K12217	0.0	0.11362530185954965	0.11208637075225883	0.7334831535727142	0.48389632423790097	0.4869910867578965	0.516103675762099	0.5130089132421035	0.5714285714285714	baseline
K12218	0.0	0.23254819553730538	0.4342956205390034	1.1932412251554447	0.4654966986663934	0.3985290788605308	0.5345033013336066	0.6014709211394692	0.5714285714285714	baseline
K12228	0.0	0.18107445082706902	0.5250313342127074	1.1487609976862563	0.4885252567540636	0.3834672180592447	0.5114747432459363	0.6165327819407553	0.7142857142857143	baseline
K12240	0.0	0.17030923957864968	0.07705342866468913	1.3044474359038063	0.41696382327316656	0.44447527764681904	0.5830361767268335	0.555524722353181	0.5714285714285714	baseline
K12251	0.0	0.18161218530538678	0.9099471501003147	1.2983677400162186	0.5466408374732469	0.6216694132972481	0.5466408374732469	0.6216694132972481	0.5714285714285714	endpoint
K12255	0.0	0.758660015613979	0.9360564548948971	1.4547065034711137	0.26166176820268056	0.21017127956992246	0.7383382317973195	0.7898287204300776	0.8571428571428571	baseline
K12257	0.0	0.7449790935615369	1.0576455010374217	1.4599617176997821	0.7305489011585461	0.6800499043011825	0.7305489011585461	0.6800499043011825	0.8571428571428571	endpoint
K12262	0.0	0.3325238506353671	0.7271694322803627	1.4864752015415186	0.420004538052698	0.34991289008337867	0.579995461947302	0.6500871099166213	0.5714285714285714	baseline
K12264	0.0	0.09589587061144791	0.14511457368149178	1.7191331511724146	0.46617250117625414	0.465608476072502	0.5338274988237459	0.534391523927498	0.5714285714285714	baseline
K12265	0.0	0.7575677841548357	0.801867382778457	1.4775557113075406	0.30119344117104657	0.2409624360982845	0.6988065588289534	0.7590375639017155	0.8571428571428571	baseline
K12266	0.0	0.7043138670048571	0.9143871038389709	1.5252138220927989	0.31184836834768015	0.27023063596569064	0.6881516316523199	0.7297693640343094	0.8571428571428571	baseline
K12267	0.0	0.5529032738323064	0.7789543040597925	1.241221192686604	0.32039913203350434	0.2853749551833813	0.6796008679664957	0.7146250448166187	0.7142857142857143	baseline
K12268	0.0	0.3965412732353584	0.6589785380308786	1.514480239860198	0.40732627107859937	0.3591386844945456	0.5926737289214006	0.6408613155054543	0.7142857142857143	baseline
K12269	0.0	0.3467603747375118	0.9482880083558916	1.6961623316794654	0.3954937458625803	0.29150394223328707	0.6045062541374198	0.708496057766713	0.5714285714285714	baseline
K12288	0.0	0.8208974744686258	0.4569536691588234	1.8275233943232747	0.2673639679581731	0.3276138931754096	0.7326360320418269	0.6723861068245904	1.0	baseline
K12289	0.0	1.2421550425042411	1.3753385552426278	1.5436893465892971	0.13288676826062254	0.0821376024151618	0.8671132317393775	0.9178623975848382	1.0	baseline
K12290	0.0	1.11182108094019	1.445889179451317	1.7647630603014466	0.20696965709775553	0.12677050176024465	0.7930303429022445	0.8732294982397554	0.8571428571428571	baseline
K12292	0.0	0.1488174345615238	0.14582975724316452	1.2435052524342511	0.453529766182968	0.5209794655024078	0.546470233817032	0.5209794655024078	0.5714285714285714	baseline
K12296	0.0	0.9549062071634667	1.2736622663010675	1.6169085670770782	0.807800611746793	0.9502486780680169	0.807800611746793	0.9502486780680169	0.8571428571428571	endpoint
K12297	0.0	0.8593844314076342	0.8568044906196187	1.8113633043793005	0.2596154824294879	0.24878334614992192	0.7403845175705122	0.7512166538500781	0.8571428571428571	baseline
K12299	0.0	1.004293548758832	1.3836701747875237	1.615438159566231	0.2363600584986627	0.18273098546094227	0.7636399415013373	0.8172690145390578	0.8571428571428571	baseline
K12308	0.0	0.08727696140030032	0.3301129763697344	1.3685218118449336	0.5447635358289233	0.5358833203821363	0.5447635358289233	0.5358833203821363	0.7142857142857143	endpoint
K12339	0.0	0.604373781392258	0.9986208918428585	1.7001518026114748	0.3291222224817579	0.30485274857240546	0.6708777775182422	0.6951472514275945	0.7142857142857143	baseline
K12340	0.0	0.359947998490084	0.6716442578184048	1.3860047332615208	0.3620244866365547	0.30209010755613896	0.6379755133634453	0.697909892443861	0.5714285714285714	baseline
K12343	0.0	0.5070552281808343	0.9146663615493689	1.1338178174882494	0.6953358923065613	0.7848810234710398	0.6953358923065613	0.7848810234710398	0.7142857142857143	endpoint
K12368	0.0	0.8981362403003376	0.7799818155254791	1.5183570765102588	0.23837982699182358	0.29264374112012725	0.7616201730081764	0.7073562588798727	1.0	baseline
K12369	0.0	0.47236678788148484	0.5748498880584594	1.6101714072107904	0.3826272066035325	0.28276642211018693	0.6173727933964674	0.7172335778898131	0.7142857142857143	baseline
K12370	0.0	1.1695944807377565	1.1353185871768212	1.7420144748889428	0.17264267811544248	0.11714167863577114	0.8273573218845576	0.8828583213642288	1.0	baseline
K12371	0.0	0.7892336298226892	1.0799413025547928	1.4262085308530932	0.22997042092379155	0.1682275245096968	0.7700295790762084	0.8317724754903032	0.8571428571428571	baseline
K12372	0.0	0.3255160976418518	0.4689509063900526	0.9433079567118591	0.39273760165908084	0.3987276142223084	0.6072623983409191	0.6012723857776916	0.5714285714285714	baseline
K12373	0.0	0.1453094556689621	0.08050940537563533	1.3033390424156104	0.5447085931769483	0.4687143167204064	0.5447085931769483	0.5312856832795936	0.5714285714285714	endpoint
K12410	0.0	0.15547262432800113	0.01749599749902501	1.4634327015382438	0.44236208983507497	0.5148247302537333	0.557637910164925	0.5148247302537333	0.5714285714285714	baseline
K12452	0.0	0.5276614904598685	0.6519995162829132	1.2152210304935382	0.6490461229887757	0.6949384793126057	0.6490461229887757	0.6949384793126057	0.8571428571428571	endpoint
K12454	0.0	0.09329085072622997	0.1390626496320709	1.1652214914474346	0.5390360284849057	0.5289444443929397	0.5390360284849057	0.5289444443929397	0.5714285714285714	endpoint
K12472	0.0	0.03894214308933535	0.08283007740819738	1.3646669483074196	0.5152691567496795	0.4860653323336704	0.5152691567496795	0.5139346676663297	0.5714285714285714	endpoint
K12506	0.0	0.24021790030987136	0.30678589029576275	1.4014467196585663	0.45191876173318557	0.43596115003199487	0.5480812382668144	0.5640388499680051	0.7142857142857143	baseline
K12507	0.0	0.1296374879447421	0.12696063461027948	1.4439807685383412	0.46091946231083814	0.4916959615205337	0.5390805376891619	0.5083040384794664	0.5714285714285714	baseline
K12510	0.0	0.3755626007966277	0.2722600960971901	1.317408087794361	0.37433955275074876	0.44954568748161355	0.6256604472492513	0.5504543125183865	0.7142857142857143	baseline
K12511	0.0	0.5121080127127715	0.8532252562044705	1.3251093701651946	0.6364636909760873	0.7354826316455974	0.6364636909760873	0.7354826316455974	0.7142857142857143	endpoint
K12516	0.0	0.8355906239960288	0.8824223397897263	1.9206462721853332	0.2706294102823171	0.32414136542981037	0.729370589717683	0.6758586345701896	0.8571428571428571	baseline
K12518	0.0	0.7566493910286525	1.32322444034416	1.5532421921836936	0.2969699271670123	0.1896707000657122	0.7030300728329877	0.8103292999342878	0.7142857142857143	baseline
K12519	0.0	1.1227212284797539	1.3283426373242113	1.498335433428646	0.16474699836433357	0.09463882408219172	0.8352530016356664	0.9053611759178083	1.0	baseline
K12522	0.0	0.7926764707151251	1.2891387084700323	1.709721533580246	0.3209869560450055	0.18802699442097243	0.6790130439549945	0.8119730055790275	0.7142857142857143	baseline
K12524	0.0	0.24781344132465552	0.15423661454581755	1.1705187054204742	0.42519974713717673	0.46512234151824733	0.5748002528628233	0.5348776584817527	0.5714285714285714	baseline
K12525	0.0	0.6209939768089862	0.9116477193340167	1.3450611006135307	0.3157786406053352	0.2900126103584085	0.6842213593946648	0.7099873896415916	0.8571428571428571	baseline
K12527	0.0	0.5983144125038401	0.7497673789161847	1.7242777215954708	0.7009915262339934	0.7815156799956566	0.7009915262339934	0.7815156799956566	0.5714285714285714	endpoint
K12528	0.0	0.7890906067065296	0.8194818284185469	1.4566124204210333	0.25400293146314185	0.33458930464417075	0.7459970685368582	0.6654106953558292	0.8571428571428571	baseline
K12529	0.14285714285714285	0.9735973832755116	0.9800625462114837	2.076187273742575	0.25254612435740514	0.1741816602676587	0.7474538756425948	0.8258183397323413	0.8571428571428571	baseline
K12541	0.0	0.08630556165073847	0.4821411773172404	1.332772341623983	0.5325561291893305	0.6448633772447331	0.5325561291893305	0.6448633772447331	0.5714285714285714	endpoint
K12542	0.0	0.6344695193704535	0.8068112834015293	1.489184064790966	0.30958701000406286	0.2833354059429194	0.6904129899959371	0.7166645940570806	0.8571428571428571	baseline
K12543	0.0	0.7083084972465004	0.7030099127701205	1.323693973251924	0.2737557054368572	0.2776923413368283	0.7262442945631429	0.7223076586631717	1.0	baseline
K12554	0.0	0.6497201822515773	0.6319073557687216	1.6158624902779664	0.3359839863130851	0.25402282651787855	0.6640160136869149	0.7459771734821214	0.7142857142857143	baseline
K12555	0.0	0.06358274237083873	0.055451239980634864	1.2625003814341431	0.5190158694236179	0.5261580145057388	0.5190158694236179	0.5261580145057388	0.5714285714285714	endpoint
K12556	0.0	0.0476915127616865	0.28160655189073547	1.7165674737774315	0.4887405472781211	0.5790285832253544	0.5112594527218789	0.5790285832253544	0.5714285714285714	endpoint
K12573	0.0	0.2871227254781191	0.5260047081419432	1.2362715100473773	0.5606389198698201	0.6114470711815468	0.5606389198698201	0.6114470711815468	0.7142857142857143	endpoint
K12574	0.14285714285714285	1.281023262914634	1.2931271336140027	2.130179164885145	0.8550761388531083	0.8296567005499553	0.8550761388531083	0.8296567005499553	1.0	endpoint
K12582	0.14285714285714285	1.228473697745304	1.2586669679852716	2.1156964902947584	0.16527722149558383	0.11942149458016453	0.8347227785044162	0.8805785054198355	0.8571428571428571	baseline
K12660	0.0	1.1290919776424426	1.047679112312644	1.5025140452863974	0.15696707570165613	0.12629624836775008	0.8430329242983439	0.8737037516322499	1.0	baseline
K12661	0.0	1.3191340687050876	1.354554377392191	1.9906493513772927	0.12373074292377796	0.10684961001094916	0.876269257076222	0.8931503899890508	1.0	baseline
K12678	0.0	0.7346703868810655	1.2393080812607955	1.3819137198830096	0.2715638124466587	0.22346929545292518	0.7284361875533413	0.7765307045470748	0.7142857142857143	baseline
K12684	0.0	0.6656829163521689	1.2073613057748906	1.472918953014103	0.286242313853651	0.12883074475256762	0.713757686146349	0.8711692552474324	0.7142857142857143	baseline
K12685	0.0	0.830897690994094	1.142620407131792	1.3619402571667705	0.7560413127241714	0.7866740952077168	0.7560413127241714	0.7866740952077168	0.8571428571428571	endpoint
K12687	0.0	0.6803461281773459	0.6686718453545766	1.3253603677048398	0.3080529233764981	0.2993232131398737	0.6919470766235019	0.7006767868601262	0.8571428571428571	baseline
K12700	0.0	0.43188673180224135	0.683272485988267	0.9875684695139115	0.35036482946958003	0.31930042147165755	0.64963517053042	0.6806995785283425	0.7142857142857143	baseline
K12733	0.0	0.8869990666224735	1.1176672656276687	1.5316728612398676	0.7633996714712723	0.8687342204037319	0.7633996714712723	0.8687342204037319	0.8571428571428571	endpoint
K12823	0.0	0.011205652195999774	0.047158065711163204	1.336707306898131	0.4746836170348936	0.47844897049926977	0.5253163829651064	0.5215510295007302	0.5714285714285714	baseline
K12940	0.0	0.3205172810199275	0.4387852198336891	1.4899558154915262	0.3941532508832451	0.32031159615505767	0.605846749116755	0.6796884038449423	0.5714285714285714	baseline
K12941	0.0	0.7862526884453616	0.8386363881569121	1.501420174693144	0.7326759270316457	0.7198521905460115	0.7326759270316457	0.7198521905460115	1.0	endpoint
K12942	0.0	0.6723244718313879	0.806460061859955	1.57748567246457	0.2909860018083565	0.32466046696066614	0.7090139981916435	0.6753395330393339	0.7142857142857143	baseline
K12943	0.0	0.19954309545094845	0.11246103538242885	1.6946165069513546	0.4866788529002231	0.538634111671778	0.5133211470997769	0.538634111671778	0.5714285714285714	baseline
K12944	0.0	0.7924704939027948	1.3293248161167215	1.8279694078149245	0.28950801764770967	0.08585210284622728	0.7104919823522904	0.9141478971537728	0.7142857142857143	baseline
K12945	0.0	1.1447943576637072	1.2216960636144238	1.8401467395891469	0.17005894158211518	0.16879537406077744	0.8299410584178848	0.8312046259392225	1.0	baseline
K12952	0.0	0.8945958771858505	1.0239149973465556	1.2412326598795107	0.22660694507257445	0.22508224889797632	0.7733930549274255	0.7749177511020237	1.0	baseline
K12957	0.0	0.689039694431831	1.2296952351520936	1.4222313496570673	0.31977083936173767	0.25389875552112623	0.6802291606382623	0.7461012444788737	0.7142857142857143	baseline
K12960	0.0	0.5208557214095045	0.9368610638039402	1.2674123747996462	0.6741074356937297	0.7322139247870708	0.6741074356937297	0.7322139247870708	0.7142857142857143	endpoint
K12961	0.0	0.736047782203482	1.0576742650944668	1.5931736148969478	0.3171325921490941	0.2685344680281162	0.6828674078509058	0.7314655319718838	0.7142857142857143	baseline
K12962	0.0	1.026291565979862	1.2639697765519622	1.4632599487265696	0.19097452971092393	0.20503755841937793	0.809025470289076	0.794962441580622	1.0	baseline
K12963	0.0	0.8260476341586062	1.0974088803319493	1.6025171105163232	0.24360974074169703	0.16429810207616508	0.7563902592583029	0.8357018979238349	0.7142857142857143	baseline
K12972	0.0	0.8530116420116555	1.1632970657410355	1.692099469547385	0.24605068574614794	0.15612730631093033	0.753949314253852	0.8438726936890697	0.8571428571428571	baseline
K12973	0.0	0.8915480634038031	1.1030898587189404	1.8359878214705174	0.2680194071978087	0.1658523084699845	0.7319805928021913	0.8341476915300154	0.8571428571428571	baseline
K12974	0.0	0.6681761675478606	0.4232829476944004	1.3725126351323484	0.30895896263877265	0.40035715006556927	0.6910410373612274	0.5996428499344307	0.8571428571428571	baseline
K12975	0.0	0.38112043898383	0.554812427065011	1.4956501072446589	0.42206692747717683	0.3547087811929227	0.5779330725228231	0.6452912188070773	0.7142857142857143	baseline
K12979	0.0	0.2885553053142109	0.022036311257780168	1.43548439655674	0.42641343581271546	0.48284564960811904	0.5735865641872846	0.517154350391881	0.5714285714285714	baseline
K12981	0.0	0.4992542221449369	0.8035132369339678	1.5428463956274756	0.3728078068492941	0.2861576080685908	0.6271921931507058	0.7138423919314092	0.8571428571428571	baseline
K12983	0.0	0.7890218675764268	0.8172364371173434	1.6668662966905805	0.2783156892809856	0.3221411669107049	0.7216843107190144	0.6778588330892952	0.8571428571428571	baseline
K12984	0.0	0.03413213451948866	0.1216131470635411	1.2237009439943802	0.46893712144619554	0.455520618016939	0.5310628785538045	0.544479381983061	0.5714285714285714	baseline
K12985	0.0	1.0656462076717703	1.32289711909678	1.4661554994373143	0.20906410618517507	0.17043692619185474	0.790935893814825	0.8295630738081452	0.8571428571428571	baseline
K12990	0.0	0.030266306789074875	0.6889570325453993	1.8838259954348784	0.42690937192197215	0.2827325825736861	0.5730906280780279	0.7172674174263138	0.5714285714285714	baseline
K12992	0.0	0.46788575370594404	0.7745702889140316	1.349080943889662	0.6247473486419587	0.6705660845432632	0.6247473486419587	0.6705660845432632	0.5714285714285714	endpoint
K12994	0.0	0.6221214269109605	1.2637179980197726	1.5486714247957605	0.33893852476754427	0.15930809653520425	0.6610614752324557	0.8406919034647957	0.7142857142857143	baseline
K12995	0.0	0.8838537580087725	0.9798204140746909	1.6207909174999005	0.22681247595203388	0.13460239620755252	0.7731875240479661	0.8653976037924475	1.0	baseline
K12996	0.0	0.002915966761638998	0.500989248518225	1.4573505297932001	0.469257459666131	0.5600319070842429	0.530742540333869	0.5600319070842429	0.5714285714285714	baseline
K12997	0.0	0.9530492543267356	1.119640431734765	1.64095866062907	0.7703555959669458	0.7934332326620538	0.7703555959669458	0.7934332326620538	1.0	endpoint
K12999	0.0	0.9182231202026284	0.8177268901605379	1.4790879157869898	0.7652247955751826	0.7271405748322474	0.7652247955751826	0.7271405748322474	1.0	endpoint
K13002	0.0	0.5628748003416699	0.5923045165830143	1.3713809400149521	0.6836300713301292	0.5689416731728208	0.6836300713301292	0.5689416731728208	0.7142857142857143	endpoint
K13004	0.0	0.40632618789731606	0.7594410260215619	1.2754043600831562	0.6243722944733576	0.7194578005808604	0.6243722944733576	0.7194578005808604	0.8571428571428571	endpoint
K13012	0.0	0.7531016211849029	0.9164299617123507	1.5706339117818575	0.7125348232375248	0.7283202707949014	0.7125348232375248	0.7283202707949014	0.8571428571428571	endpoint
K13014	0.0	1.0287757015510302	1.2456561241266937	1.5754885719015819	0.1722433277639986	0.06872283065703641	0.8277566722360015	0.9312771693429636	1.0	baseline
K13015	0.0	0.7340022236714805	1.2642878384472822	1.463919460776638	0.7169095085826525	0.9020733276201098	0.7169095085826525	0.9020733276201098	0.8571428571428571	endpoint
K13018	0.0	0.10255315717692318	0.11105306830592405	1.2933953465048238	0.543022500498558	0.5432014115224598	0.543022500498558	0.5432014115224598	0.7142857142857143	endpoint
K13019	0.0	0.5147973336889314	1.111172084077879	1.4101805057577095	0.6566454062907029	0.7047066746579361	0.6566454062907029	0.7047066746579361	0.5714285714285714	endpoint
K13038	0.0	0.033790928163548194	0.22149873325019948	1.4705765128358512	0.5365004317927898	0.4614126743767522	0.5365004317927898	0.5385873256232478	0.5714285714285714	endpoint
K13043	0.0	0.3144195720132646	1.0676144760115887	1.433898188953892	0.6238999722022059	0.7905589957906295	0.6238999722022059	0.7905589957906295	0.5714285714285714	endpoint
K13051	0.0	0.32309442588471166	0.5153526576605234	1.4345569446225137	0.39875233036045576	0.39271553004330145	0.6012476696395442	0.6072844699566986	0.5714285714285714	baseline
K13052	0.0	1.1504569448155821	1.1818926928171616	1.8599453482716577	0.8174117136788591	0.7821160741976969	0.8174117136788591	0.7821160741976969	1.0	endpoint
K13053	0.0	0.9465151118388974	1.35912735544902	1.522555158437375	0.24197922989852874	0.21788120591337065	0.7580207701014713	0.7821187940866293	0.8571428571428571	baseline
K13059	0.0	0.2142123088167054	0.7192731525448652	1.4714519649127267	0.4456524722904576	0.3284771640155948	0.5543475277095424	0.6715228359844052	0.7142857142857143	baseline
K13063	0.0	1.1722283314229809	1.2885545308459996	1.4286448165414065	0.1508118097359801	0.10575133607427163	0.8491881902640199	0.8942486639257283	1.0	baseline
K13069	0.0	0.30399272298991614	0.6428814738583841	1.2700386601231224	0.40898426259688	0.3635874533021167	0.59101573740312	0.6364125466978833	0.7142857142857143	baseline
K13075	0.0	0.1645644496264628	0.24931822143276788	1.4542172836432614	0.41464699908578767	0.42643391254813534	0.5853530009142123	0.5735660874518647	0.5714285714285714	baseline
K13243	0.0	0.8573197194569131	1.028933547628621	1.291466019656481	0.23028240594172078	0.2112758172501282	0.7697175940582792	0.7887241827498718	1.0	baseline
K13244	0.0	0.5081035119239151	0.8520327894023907	1.3099785463797562	0.36214256213890966	0.23466926765323695	0.6378574378610904	0.7653307323467631	0.7142857142857143	baseline
K13252	0.14285714285714285	0.6040590550852654	0.9003961341839225	2.0481847831157087	0.30725163970101865	0.20689730452955163	0.6927483602989813	0.7931026954704483	0.7142857142857143	baseline
K13255	0.0	0.8958383140366193	1.137584108010458	1.5257876081935648	0.2617746237610961	0.19889478555607826	0.7382253762389039	0.8011052144439217	0.8571428571428571	baseline
K13256	0.0	0.5587058930272584	1.119994357164038	1.3600776199596534	0.3603162509651842	0.2762502416651456	0.6396837490348157	0.7237497583348544	0.8571428571428571	baseline
K13280	0.0	0.033903884925542825	0.2500105419826362	1.2052070989395742	0.5010153540854887	0.5945434259269076	0.5010153540854887	0.5945434259269076	0.5714285714285714	endpoint
K13283	0.0	0.7076783260610104	0.6786174149618828	1.5840559281327737	0.2625544568710364	0.32058353180814525	0.7374455431289636	0.6794164681918547	0.8571428571428571	baseline
K13285	0.0	0.19357804403836867	0.3276296179362333	1.2113812022329395	0.5785978556007889	0.6473440981249987	0.5785978556007889	0.6473440981249987	0.5714285714285714	endpoint
K13287	0.0	0.08754686393349535	0.20241750551396334	0.6782331820521365	0.4761281138548962	0.44975995815835995	0.5238718861451038	0.55024004184164	0.7142857142857143	baseline
K13288	0.14285714285714285	0.5318045222221838	0.5949199355072267	2.0766131826996976	0.39887643679271045	0.3436536633738186	0.6011235632072895	0.6563463366261815	0.7142857142857143	baseline
K13292	0.0	0.2576210436271677	0.30497127998883866	1.0803527765419192	0.5699957888263057	0.5212452035255148	0.5699957888263057	0.5212452035255148	0.5714285714285714	endpoint
K13378	0.0	0.19400533211364215	0.889483767059337	1.056135102617419	0.4728765294578117	0.3221920651706661	0.5271234705421883	0.6778079348293339	0.5714285714285714	baseline
K13381	0.0	0.41769672207134784	0.3419236164935897	1.279972731938504	0.38931298386427765	0.41386255903649666	0.6106870161357223	0.5861374409635034	0.7142857142857143	baseline
K13403	0.0	0.777934615106321	1.0563318204159031	1.415989587893179	0.7342980721629738	0.6961784531387842	0.7342980721629738	0.6961784531387842	0.8571428571428571	endpoint
K13408	0.0	1.2928074487638386	1.3023374950645294	1.5293647124232148	0.12525537771976306	0.11730236053157173	0.874744622280237	0.8826976394684283	1.0	baseline
K13409	0.14285714285714285	0.66373632377028	0.4686593861449434	2.064298710472705	0.3433970236379045	0.343974281086525	0.6566029763620955	0.656025718913475	0.8571428571428571	baseline
K13479	0.0	0.19978758535838695	0.7295751714091036	1.6244642985327662	0.4938607136604941	0.2805993501399115	0.5061392863395059	0.7194006498600884	0.5714285714285714	baseline
K13491	0.0	0.22022392540253297	0.3343271972223196	1.2969868970989307	0.4277253359562235	0.40589845503870087	0.5722746640437766	0.5941015449612992	0.5714285714285714	baseline
K13497	0.0	0.7216468552541563	1.027219290890702	1.3514009048253621	0.25765274022895984	0.2560195574296418	0.7423472597710401	0.7439804425703582	0.8571428571428571	baseline
K13498	0.0	0.6300492370964976	1.321483884801415	1.8496729086320995	0.3161053263306598	0.132817623116142	0.6838946736693402	0.867182376883858	0.5714285714285714	baseline
K13525	0.0	0.8804732034491194	0.8158143117161013	1.383170457700689	0.23224672792179704	0.220867618650023	0.767753272078203	0.779132381349977	1.0	baseline
K13527	0.0	0.42876539391646007	0.8186043600433874	1.37954521562179	0.3709248410109854	0.3124417776399132	0.6290751589890147	0.6875582223600868	0.7142857142857143	baseline
K13529	0.0	0.5476797848978376	0.7481242687471882	1.6151819787368185	0.3496321036374191	0.346434449046236	0.650367896362581	0.653565550953764	0.7142857142857143	baseline
K13542	0.0	0.15957317940597737	0.42625802570838	1.1160598895262057	0.5464542142665463	0.6121040384559449	0.5464542142665463	0.6121040384559449	0.7142857142857143	endpoint
K13566	0.0	0.2975792348271376	0.07848960567051146	1.316336197811833	0.40453186500344124	0.47310599898010763	0.5954681349965587	0.5268940010198924	0.7142857142857143	baseline
K13570	0.0	0.013246664481376267	0.18569789405745724	1.3330510981431263	0.5078830202997902	0.589974890413628	0.5078830202997902	0.589974890413628	0.5714285714285714	endpoint
K13571	0.0	0.012770348348884186	0.12719723729666868	1.6373050338113142	0.5560710677590018	0.5679820164217038	0.5560710677590018	0.5679820164217038	0.5714285714285714	endpoint
K13574	0.14285714285714285	1.2368396975975513	1.3224460835405627	2.0002306037524664	0.15687830499111874	0.18467194796585504	0.8431216950088812	0.8153280520341449	1.0	baseline
K13607	0.0	0.5811698392420039	0.7120134319478753	1.6720519504429563	0.6482346594266515	0.6796490653942724	0.6482346594266515	0.6796490653942724	0.8571428571428571	endpoint
K13620	0.0	0.8465255548789804	1.140655511700157	1.585102027979166	0.26934542416201696	0.2170594462194834	0.730654575837983	0.7829405537805166	0.8571428571428571	baseline
K13626	0.0	0.07003027277908239	0.4241052941538965	1.2461734996075662	0.5282201419252182	0.6164969620991904	0.5282201419252182	0.6164969620991904	0.5714285714285714	endpoint
K13629	0.0	0.682053409170671	1.0578512088333347	1.3761227647989493	0.25182523859816336	0.2611816514867046	0.7481747614018366	0.7388183485132954	0.8571428571428571	baseline
K13631	0.0	0.608426589688504	0.6324601443664871	1.9418005732801416	0.37582642131716754	0.2928106301982585	0.6241735786828324	0.7071893698017415	0.8571428571428571	baseline
K13632	0.14285714285714285	1.128902347970634	1.3346196437637508	2.1467817939700025	0.2122255632677888	0.11426142587110093	0.7877744367322113	0.8857385741288991	0.8571428571428571	baseline
K13633	0.0	0.9877201396778812	1.3208961598012718	1.4576274116533705	0.19860330306470236	0.05816868187897564	0.8013966969352977	0.9418313181210244	0.8571428571428571	baseline
K13634	0.0	1.1778351767329363	1.1307287901470324	1.9564400985348844	0.14583453187569537	0.08318988893740772	0.8541654681243046	0.9168101110625922	1.0	baseline
K13635	0.0	0.7457955506831286	1.2947561032323998	1.7536883734593025	0.32822969998082646	0.10321751645642886	0.6717703000191735	0.8967824835435712	0.7142857142857143	baseline
K13636	0.0	0.8187146038710378	0.892680111377071	1.9576154220713933	0.24808534994130102	0.18456693600103988	0.751914650058699	0.8154330639989601	0.8571428571428571	baseline
K13637	0.0	1.0733401523106174	1.3788206806836787	1.8149149546508099	0.1917644566782588	0.16935034219751835	0.8082355433217412	0.8306496578024817	1.0	baseline
K13638	0.0	0.6833764096139034	1.0534244283157153	1.6943533571380223	0.3303605461805158	0.2957555231872527	0.6696394538194842	0.7042444768127474	0.8571428571428571	baseline
K13639	0.0	0.2339427044670063	0.6432341135721363	1.3341806435985377	0.45444261138737546	0.2783442489626082	0.5455573886126246	0.7216557510373918	0.5714285714285714	baseline
K13640	0.0	0.39828026923135074	0.2165442159439502	1.1263684770305231	0.36711714148610447	0.4346751696610015	0.6328828585138955	0.5653248303389985	0.7142857142857143	baseline
K13641	0.0	0.1697207493499782	0.5169921566890785	1.5819205039090831	0.44647738544724314	0.31731109422202597	0.5535226145527569	0.682688905777974	0.5714285714285714	baseline
K13643	0.0	0.9133180691593797	0.9634645422176794	1.4953244670242418	0.24699671627716846	0.22240142035795324	0.7530032837228315	0.7775985796420468	1.0	baseline
K13652	0.0	0.5556125779091537	0.41561536570489166	1.1871936944033752	0.3439151121290411	0.39307665726346563	0.6560848878709589	0.6069233427365344	0.8571428571428571	baseline
K13653	0.0	0.8744159307109108	1.1710655835124422	1.4826588293303744	0.25375537587704095	0.2245038788517562	0.746244624122959	0.7754961211482438	0.8571428571428571	baseline
K13663	0.0	0.24093550234983915	0.2140415549639678	1.3247853710080124	0.6109092589005749	0.6006304727147919	0.6109092589005749	0.6006304727147919	0.5714285714285714	endpoint
K13668	0.0	0.07684773108628577	0.17754951172561712	1.3434986628384276	0.44370615528251	0.44114817552764374	0.55629384471749	0.5588518244723563	0.5714285714285714	baseline
K13677	0.0	0.45561452434050054	0.8136202494545955	1.3488580811198034	0.6723313528867887	0.7718166101525163	0.6723313528867887	0.7718166101525163	0.7142857142857143	endpoint
K13678	0.0	0.362862062675542	0.7737238457696933	1.5249583767692783	0.5674394588083989	0.6940757204532493	0.5674394588083989	0.6940757204532493	0.5714285714285714	endpoint
K13684	0.0	1.1455349932527201	1.2392092529849754	1.9745175113240845	0.15334772845500785	0.1174594908694135	0.8466522715449921	0.8825405091305865	1.0	baseline
K13694	0.0	0.6231165393654486	0.9941941322421664	1.7184706947280501	0.33564592474087507	0.28827831389506414	0.6643540752591249	0.7117216861049358	0.7142857142857143	baseline
K13695	0.0	0.578334374425147	0.5009391184528655	1.7797115992182801	0.3246301655561599	0.29897740032260683	0.6753698344438401	0.7010225996773931	0.7142857142857143	baseline
K13727	0.0	0.22084170853015261	0.06322917333754671	1.408244742408332	0.5635645422176324	0.5071577045840558	0.5635645422176324	0.5071577045840558	0.5714285714285714	endpoint
K13732	0.0	0.6126868693688838	0.5495117443798272	1.906200665652016	0.6605493593148977	0.687629744972767	0.6605493593148977	0.687629744972767	0.7142857142857143	endpoint
K13735	0.0	0.01851094659233545	0.4442085255401222	1.1753299423470958	0.5445887485053797	0.6871599830018842	0.5445887485053797	0.6871599830018842	0.5714285714285714	endpoint
K13745	0.0	0.8777040690193953	0.9047552580371537	1.4127168031440973	0.24983990466758166	0.21743155183027793	0.7501600953324183	0.782568448169722	1.0	baseline
K13747	0.0	0.8573439203596968	1.1682642037872792	1.5269845851462927	0.7255203299763947	0.7941861402660078	0.7255203299763947	0.7941861402660078	0.8571428571428571	endpoint
K13771	0.0	0.5869772490904666	0.9099641235450577	1.229334252259976	0.34995789269278627	0.27845177359711626	0.6500421073072138	0.7215482264028837	0.8571428571428571	baseline
K13787	0.0	0.3846382574525779	0.2845433446231964	1.2009436673251752	0.40457763968487864	0.4277806093141023	0.5954223603151214	0.5722193906858977	0.7142857142857143	baseline
K13788	0.0	0.2571784188542086	0.41333524088181345	1.3981848349863142	0.42135438373033607	0.38071395930353114	0.5786456162696639	0.6192860406964689	0.7142857142857143	baseline
K13789	0.0	0.2652595893506134	0.3428705420169624	1.4410734989656566	0.3984837193479925	0.4008023047483983	0.6015162806520076	0.5991976952516017	0.7142857142857143	baseline
K13794	0.0	0.8146066289108604	1.194088190530938	1.3775753135145798	0.27830909547538296	0.12792479484805347	0.721690904524617	0.8720752051519465	0.8571428571428571	baseline
K13795	0.0	1.2284780956980863	1.2742015450799868	1.5266250188455777	0.14982479453181513	0.14553324098669043	0.8501752054681848	0.8544667590133096	1.0	baseline
K13796	0.0	0.7877277147941342	1.1193298716213975	1.7138022412708367	0.28825158317229577	0.18613475433810264	0.7117484168277042	0.8138652456618973	0.7142857142857143	baseline
K13818	0.0	0.36222540502928186	0.032803073261831725	1.9214241250753707	0.42781034139837015	0.5416008707989651	0.5721896586016298	0.5416008707989651	0.5714285714285714	baseline
K13821	0.0	0.29383751711041156	0.6255294881722753	1.457386450710248	0.4460793623782543	0.292450951960383	0.5539206376217457	0.7075490480396169	0.7142857142857143	baseline
K13829	0.0	0.029749544413728603	0.20301589426041797	1.2457291126826073	0.5413435603594026	0.4650213018620992	0.5413435603594026	0.5349786981379008	0.7142857142857143	endpoint
K13853	0.0	0.9987530838907107	1.1129376846756807	1.65424085114098	0.7975459662912874	0.8529372408525637	0.7975459662912874	0.8529372408525637	1.0	endpoint
K13874	0.0	1.1382094294766425	1.1418541334983847	1.9894684081476237	0.17398171486294636	0.14037498384625977	0.8260182851370537	0.8596250161537402	1.0	baseline
K13888	0.14285714285714285	0.7674423505326431	1.2576043820203433	2.0592023668950867	0.2864942077770588	0.16099323599660526	0.7135057922229412	0.8390067640033947	0.8571428571428571	baseline
K13889	0.0	0.2277184931596401	0.42784472172470167	1.450413578775729	0.551622089655858	0.5416418323794614	0.551622089655858	0.5416418323794614	0.5714285714285714	endpoint
K13890	0.0	0.8181998607948974	1.1364131414186052	1.8432589103054389	0.7457575179684645	0.7796783248109347	0.7457575179684645	0.7796783248109347	0.8571428571428571	endpoint
K13891	0.0	0.1139974079621701	0.06380365020321571	1.5947043208116267	0.424756995247867	0.4921301701983376	0.5752430047521331	0.5078698298016624	0.5714285714285714	baseline
K13892	0.0	0.6194700896374411	0.7563542970271911	1.7604881069190346	0.3573749163440635	0.29915636209602164	0.6426250836559365	0.7008436379039784	0.7142857142857143	baseline
K13893	0.0	0.7120465002113666	0.8893303635596206	1.460696052295237	0.28863227054503904	0.27914961599346877	0.711367729454961	0.7208503840065312	0.8571428571428571	baseline
K13894	0.0	0.2783786461410473	0.30130516145544134	1.2956922745846364	0.3925354132612239	0.36750133893321024	0.6074645867387761	0.6324986610667898	0.5714285714285714	baseline
K13895	0.0	0.8924911109615656	1.2668022362554492	1.782375121574684	0.25815553957484993	0.23599146398653184	0.7418444604251501	0.7640085360134682	0.8571428571428571	baseline
K13896	0.0	0.6967133767622655	0.9665696852369733	1.4142727300268239	0.3059734042037364	0.2358557695985142	0.6940265957962636	0.7641442304014858	0.7142857142857143	baseline
K13918	0.0	1.1606516293085802	1.2637908323660556	1.3756943720332686	0.16012989718883497	0.20182745007430833	0.839870102811165	0.7981725499256916	1.0	baseline
K13919	0.0	0.16471249930080148	0.3069690374662948	1.0113116156651312	0.5739413301929143	0.5849578228492104	0.5739413301929143	0.5849578228492104	0.7142857142857143	endpoint
K13920	0.0	0.13851361072476256	0.5587598068745585	1.4683088508108633	0.4698559750571635	0.37786839109570025	0.5301440249428365	0.6221316089042997	0.5714285714285714	baseline
K13921	0.0	0.33945628210140283	0.42815238766725133	1.4345049360181084	0.4192456961754988	0.41310120141272294	0.5807543038245012	0.5868987985872771	0.7142857142857143	baseline
K13922	0.0	0.35465098004029577	0.8663989412399868	1.5876240258743985	0.6246659440379515	0.6789626824476812	0.6246659440379515	0.6789626824476812	0.7142857142857143	endpoint
K13923	0.0	0.8317477293571518	1.2136227664514487	1.408084931480765	0.26979997087074314	0.2103040156324933	0.7302000291292569	0.7896959843675067	0.8571428571428571	baseline
K13926	0.0	0.4187658053707531	0.24000566465875642	1.6903601767567127	0.4068254373739513	0.44907698952920877	0.5931745626260487	0.5509230104707912	0.7142857142857143	baseline
K13927	0.0	0.5744487946252799	0.6508331024261457	1.301238165623215	0.6806436126233228	0.6474843372514755	0.6806436126233228	0.6474843372514755	0.8571428571428571	endpoint
K13928	0.0	0.9330908026547842	1.0637075335452704	1.889675825537434	0.2527221634414934	0.23915911735508463	0.7472778365585067	0.7608408826449153	1.0	baseline
K13929	0.0	0.1616974106241616	0.14750642220064003	1.7077289664327886	0.5902135717980029	0.5215549772457235	0.5902135717980029	0.5215549772457235	0.5714285714285714	endpoint
K13930	0.0	0.8049309612963826	0.8163195670223966	1.3169213704450025	0.24695240363612217	0.28920814119091937	0.7530475963638779	0.7107918588090807	1.0	baseline
K13932	0.0	0.9209096091248453	1.095285134748717	1.5134506186945642	0.21449299418101744	0.15472112265957855	0.7855070058189826	0.8452788773404214	0.8571428571428571	baseline
K13933	0.0	0.8040952422366885	0.6995058213979451	1.327275498344611	0.26175943794631124	0.27894912752936174	0.7382405620536887	0.7210508724706383	1.0	baseline
K13934	0.0	0.6945838728063934	0.850643873069917	1.7291170326926752	0.32793906678738943	0.24131805893471078	0.6720609332126106	0.7586819410652892	0.8571428571428571	baseline
K13935	0.0	0.7190714821157245	0.8831054059395734	1.747683193676759	0.3066802005113929	0.2810209071263718	0.6933197994886071	0.7189790928736282	0.8571428571428571	baseline
K13936	0.0	0.8161236346181351	1.091543114901846	1.7764655301255148	0.27102474019215655	0.2067658841736829	0.7289752598078434	0.7932341158263171	0.8571428571428571	baseline
K13938	0.0	1.020659905813505	1.3201144329690908	1.8420470992569875	0.24061184929264873	0.16094274423433427	0.7593881507073512	0.8390572557656657	0.8571428571428571	baseline
K13940	0.0	0.22650576623257962	0.30365010258741043	1.3636808149737287	0.4151422045717662	0.4422073345540021	0.5848577954282338	0.5577926654459979	0.5714285714285714	baseline
K13953	0.0	0.43057425562337004	0.8753060894144689	1.359038480211701	0.3316442875508713	0.21589616286032612	0.6683557124491287	0.7841038371396739	0.7142857142857143	baseline
K13954	0.0	1.0810071407553803	1.0140429186836526	1.932066434951633	0.8012096170114738	0.7962149231675097	0.8012096170114738	0.7962149231675097	1.0	endpoint
K13963	0.0	0.45906555142973515	0.9260351937993946	1.4058166782751589	0.37000317569979607	0.2809128818071287	0.6299968243002039	0.7190871181928713	0.7142857142857143	baseline
K13979	0.0	0.6307749587629276	0.9380315610235914	1.1643068175889604	0.3357322007289428	0.2928225920543783	0.6642677992710573	0.7071774079456217	0.8571428571428571	baseline
K13990	0.0	0.18503589473598536	0.22916759625927266	1.308195785964002	0.5437653443127755	0.5086620156457646	0.5437653443127755	0.5086620156457646	0.5714285714285714	endpoint
K13993	0.0	0.7968465376689694	0.8748493608279835	1.4931253282990145	0.7521964212826094	0.7487766283492486	0.7521964212826094	0.7487766283492486	0.8571428571428571	endpoint
K14048	0.0	0.3616239483251199	0.09226656498400608	1.507064469989737	0.633903020638676	0.5347646979131994	0.633903020638676	0.5347646979131994	0.5714285714285714	endpoint
K14051	0.0	0.27497247345945686	0.16950532649166675	1.299389846991757	0.4507473269861833	0.4127413568929899	0.5492526730138168	0.5872586431070101	0.7142857142857143	baseline
K14052	0.0	0.7109670484692561	0.8915655067334923	1.7703132477089474	0.3065550782939731	0.2282739350614746	0.6934449217060269	0.7717260649385254	0.8571428571428571	baseline
K14053	0.0	1.011800191135627	1.1464426703010338	1.557241745044431	0.19527630682706806	0.11864963731170272	0.8047236931729319	0.8813503626882973	0.8571428571428571	baseline
K14054	0.0	0.8882502380117095	1.1612782463357751	1.4862300892546267	0.24392041482026763	0.18754429390104094	0.7560795851797324	0.812455706098959	0.8571428571428571	baseline
K14055	0.0	0.3731850473263297	0.04433483652120977	1.8169761013261259	0.40661810247343183	0.5235954528774182	0.5933818975265681	0.5235954528774182	0.5714285714285714	baseline
K14056	0.0	0.08752574784177503	0.07412167698513418	1.1639190079266586	0.4771463956415127	0.45831689098451067	0.5228536043584873	0.5416831090154893	0.5714285714285714	baseline
K14057	0.0	1.0175104972830573	1.298027987502177	1.5497371650084515	0.20920933084360804	0.23740057724352603	0.790790669156392	0.762599422756474	1.0	baseline
K14058	0.0	0.4687837884806142	0.48759361946494495	1.2805940527137636	0.37637675999989917	0.3992050355256806	0.6236232400001008	0.6007949644743193	0.7142857142857143	baseline
K14059	0.0	0.9211308790639857	1.0360459829757704	1.7886578114217986	0.2459574759105964	0.15824478983356435	0.7540425240894035	0.8417552101664356	0.8571428571428571	baseline
K14061	0.14285714285714285	1.176131386961982	1.031423215130092	2.101993604964961	0.1751088816878069	0.15531342457995395	0.8248911183121931	0.8446865754200461	1.0	baseline
K14062	0.0	0.908295447821686	1.227420086729658	1.7386020235035557	0.26055663780853694	0.24343979184736472	0.7394433621914631	0.7565602081526352	0.8571428571428571	baseline
K14063	0.0	0.7741439552620571	1.0178949081205453	1.3833690054974859	0.2905108337866173	0.26931471489071285	0.7094891662133826	0.7306852851092871	0.8571428571428571	baseline
K14065	0.14285714285714285	0.628195561798112	0.13456293090801816	2.0698874413801063	0.3145921931544075	0.46957503883963775	0.6854078068455924	0.5304249611603622	0.7142857142857143	baseline
K14083	0.0	0.49856411766865705	0.3682914507878138	1.526045257164179	0.6162070014736211	0.5973389769850215	0.6162070014736211	0.5973389769850215	0.7142857142857143	endpoint
K14087	0.0	0.5468655357732451	0.5967716785957987	1.2713772869908442	0.6775249560078634	0.6527078585373141	0.6775249560078634	0.6527078585373141	0.7142857142857143	endpoint
K14090	0.0	0.6427892458102039	0.5233514654737528	1.7684550894248763	0.6840837523195927	0.6505630030330332	0.6840837523195927	0.6505630030330332	0.7142857142857143	endpoint
K14127	0.14285714285714285	1.1234030093350968	1.1502471988360101	2.2105515050842537	0.7959878431313646	0.8402000920726755	0.7959878431313646	0.8402000920726755	0.8571428571428571	endpoint
K14138	0.0	0.773310354459362	1.069319801592367	1.5226452071931642	0.7845091496687884	0.9026841646851936	0.7845091496687884	0.9026841646851936	0.8571428571428571	endpoint
K14153	0.0	0.5555724297116926	0.5948571090515732	1.161286472403135	0.6844641684903365	0.7073726646293935	0.6844641684903365	0.7073726646293935	0.8571428571428571	endpoint
K14155	0.0	0.6472300062051323	1.0860623479748983	1.2861529607006497	0.32756929042421634	0.2903377248050415	0.6724307095757837	0.7096622751949585	0.7142857142857143	baseline
K14170	0.0	0.14461426930352353	0.19800898811532527	1.392758424119758	0.4748451440685546	0.44572322595852976	0.5251548559314454	0.5542767740414702	0.5714285714285714	baseline
K14187	0.0	0.4828993342667444	0.3028219051751258	1.6142453494001783	0.3607470046793325	0.42416672103986675	0.6392529953206675	0.5758332789601333	0.7142857142857143	baseline
K14188	0.0	0.07910368029841064	0.0027669454992276794	1.4685479224259796	0.562133977009521	0.519122976985938	0.562133977009521	0.519122976985938	0.5714285714285714	endpoint
K14205	0.0	0.20869638817052666	0.1297417634014816	1.4302091515367596	0.4425260635331122	0.4263901168390038	0.5574739364668878	0.5736098831609961	0.7142857142857143	baseline
K14260	0.0	0.15989560733776442	0.3643669375633599	1.228656291684718	0.5662474649873245	0.5959918960208724	0.5662474649873245	0.5959918960208724	0.7142857142857143	endpoint
K14261	0.0	0.6724972940500827	1.1051928252664145	1.3446564813105089	0.30013700147153216	0.2659310799273157	0.6998629985284679	0.7340689200726843	0.7142857142857143	baseline
K14274	0.0	0.684008071080389	1.029065453562658	1.309249404868552	0.266414208566538	0.1844446404211803	0.733585791433462	0.8155553595788196	0.8571428571428571	baseline
K14287	0.0	0.9872164599181049	1.3291112470704598	1.7045182016152558	0.22699477202145982	0.2499923245445915	0.7730052279785402	0.7500076754554085	0.8571428571428571	baseline
K14333	0.0	0.7300288263298943	0.8310219146101603	1.6033082782376114	0.31197337037757833	0.3301276610278675	0.6880266296224217	0.6698723389721325	0.8571428571428571	baseline
K14347	0.0	0.6441014122771637	0.6552709917567859	1.2299285060017042	0.305803868725753	0.3261520324784533	0.6941961312742471	0.6738479675215467	0.8571428571428571	baseline
K14348	0.0	1.050614328080705	0.900526823675046	1.4696811985145624	0.19091171167478876	0.24361538098499758	0.8090882883252113	0.7563846190150024	1.0	baseline
K14379	0.0	0.11815298516146855	0.15206644933287017	1.4490534743284393	0.5451628687111134	0.4611835884259412	0.5451628687111134	0.5388164115740588	0.5714285714285714	endpoint
K14392	0.0	0.036558627309847616	0.24005156025868132	1.1817602388577335	0.517237229789792	0.5783315796150167	0.517237229789792	0.5783315796150167	0.5714285714285714	endpoint
K14393	0.0	0.9064835363024463	0.9997534180034819	1.4220012560440705	0.23169024723949086	0.19415780526858725	0.7683097527605092	0.8058421947314127	0.8571428571428571	baseline
K14394	0.0	0.004818098920315039	0.1524168583749952	1.4369670532265013	0.4984319149299337	0.5232404742023717	0.5015680850700663	0.5232404742023717	0.5714285714285714	baseline
K14414	0.0	0.695563004504801	0.9299812528126098	1.3597271798752832	0.3009251564912273	0.2631270784491893	0.6990748435087727	0.7368729215508107	0.8571428571428571	baseline
K14415	0.14285714285714285	0.9554360046762287	1.0658350068293856	2.119122085152905	0.2606303260765615	0.18081714380165434	0.7393696739234386	0.8191828561983456	0.8571428571428571	baseline
K14441	0.0	0.2683917884612493	0.12658210173863804	1.4850064250823773	0.5740864788385477	0.49163312618050564	0.5740864788385477	0.5083668738194944	0.5714285714285714	endpoint
K14445	0.0	0.7874523182420503	1.0946800688290783	1.5578416165445765	0.29105782270758	0.2510829530245262	0.70894217729242	0.7489170469754738	0.8571428571428571	baseline
K14534	0.0	0.08648415394162069	0.08173795197643206	1.186653313120374	0.4655977897140263	0.5301656896727202	0.5344022102859737	0.5301656896727202	0.5714285714285714	baseline
K14540	0.0	0.6101085339301956	1.2220255283238297	1.6328655173127973	0.6721471553084982	0.8949257840735165	0.6721471553084982	0.8949257840735165	0.5714285714285714	endpoint
K14587	0.0	0.6521231009922042	0.5184173820293931	1.822598694479937	0.3231329678966612	0.3472181199814076	0.6768670321033388	0.6527818800185924	0.8571428571428571	baseline
K14588	0.0	0.8076966851453662	0.8599929093953647	1.4290775021240705	0.26764949762091633	0.197722948179617	0.7323505023790837	0.802277051820383	1.0	baseline
K14591	0.0	0.8014096476044716	0.7787314150988232	1.790933996304324	0.2670515239143344	0.26424077549865854	0.7329484760856656	0.7357592245013415	0.7142857142857143	baseline
K14623	0.0	0.02003297905379975	0.42626843794041036	1.4695281748278561	0.46931505410242635	0.6224604820733001	0.5306849458975736	0.6224604820733001	0.7142857142857143	baseline
K14652	0.0	0.576864297740037	0.9402842002425793	1.491120108079011	0.691411025790259	0.8541640278328781	0.691411025790259	0.8541640278328781	0.7142857142857143	endpoint
K14654	0.0	0.5862804655040929	0.9079578696399927	1.3579411262081318	0.6582896862277666	0.689521218884595	0.6582896862277666	0.689521218884595	0.8571428571428571	endpoint
K14665	0.0	0.3508192734429328	0.17973832502868606	1.7301167426381499	0.43490946210221637	0.4092289015266809	0.5650905378977836	0.5907710984733191	0.7142857142857143	baseline
K14682	0.0	0.6472361377040121	0.7386603550641877	1.2945457587340337	0.30027218075901124	0.2649058643663152	0.6997278192409888	0.7350941356336849	0.8571428571428571	baseline
K14731	0.0	0.10462207974889963	0.012004616701328083	1.1539222699751375	0.46754434457512717	0.5109445944881105	0.5324556554248728	0.5109445944881105	0.5714285714285714	baseline
K14742	0.0	0.8653716864149316	0.6600376088572629	1.421656131839402	0.7613917591731917	0.7136300113728645	0.7613917591731917	0.7136300113728645	1.0	endpoint
K14744	0.0	0.9962182982665063	1.0960890464103545	1.4249486926150225	0.20531953848189594	0.2724329469648418	0.794680461518104	0.7275670530351581	1.0	baseline
K14761	0.0	0.4629719024256321	1.1500048326867376	1.4602793861504872	0.6669002643345701	0.8022479249837873	0.6669002643345701	0.8022479249837873	0.7142857142857143	endpoint
K14762	0.0	1.2521905231346104	1.1232344032894765	1.9445007140943444	0.15951226568373686	0.169673649013059	0.8404877343162631	0.830326350986941	1.0	baseline
K14977	0.0	0.46283953690793955	0.6388695293610875	1.0172583032307312	0.35272880946778545	0.3645704134850228	0.6472711905322146	0.6354295865149773	0.8571428571428571	baseline
K14982	0.0	0.4000243058995826	0.5637430507794191	1.3047999307425053	0.6588044962732926	0.6630241833473667	0.6588044962732926	0.6630241833473667	0.7142857142857143	endpoint
K15023	0.0	1.0106725918717268	1.1784107024470778	1.5624233677521755	0.7907294214526088	0.7900128331579132	0.7907294214526088	0.7900128331579132	1.0	endpoint
K15024	0.0	0.46318876548133137	0.17978597649530279	1.533301224605259	0.6451686694383548	0.5571913640435973	0.6451686694383548	0.5571913640435973	0.5714285714285714	endpoint
K15034	0.0	0.9902068716583763	1.288138456825142	1.7886665749605888	0.22536365679133905	0.17370749579389758	0.7746363432086609	0.8262925042061025	1.0	baseline
K15051	0.0	0.043114932003477616	0.14692481776826377	1.4548801969315004	0.5141271390063146	0.46563458072309133	0.5141271390063146	0.5343654192769087	0.7142857142857143	baseline
K15054	0.0	0.6256397803101507	0.7181769345916831	1.4418593952542327	0.3366230157057068	0.3139896808287882	0.6633769842942931	0.6860103191712118	0.7142857142857143	baseline
K15125	0.0	0.7395441091379142	0.8277066699033804	1.3360351844369045	0.2508791523604367	0.24862949038609505	0.7491208476395633	0.751370509613905	1.0	baseline
K15212	0.0	0.7567233059229838	1.2560747659339133	1.6126480388760258	0.6900111725485181	0.7594770664784702	0.6900111725485181	0.7594770664784702	0.7142857142857143	endpoint
K15255	0.0	0.3127304480601015	0.5215549390577352	0.7646919376103934	0.40843286603871265	0.37583407145480624	0.5915671339612874	0.6241659285451937	0.7142857142857143	baseline
K15256	0.0	0.21393648775006074	0.5927704078758391	1.8964117823412308	0.46851346754855266	0.3712335681619434	0.5314865324514473	0.6287664318380566	0.5714285714285714	baseline
K15257	0.0	0.6040941796234888	0.30438307425559724	1.7425219498529276	0.32258311861733924	0.42009417830415124	0.6774168813826608	0.5799058216958488	0.8571428571428571	baseline
K15268	0.0	1.3552455174296603	1.361712868995986	1.8241603192561	0.11420512691751007	0.08674259123099044	0.8857948730824899	0.9132574087690095	1.0	baseline
K15269	0.0	0.8283027990609465	1.0609077458876255	1.4722372324023143	0.227515590595948	0.10676933899214677	0.7724844094040519	0.8932306610078532	0.8571428571428571	baseline
K15303	0.0	0.2911127307516742	0.6585096982732798	1.2406959709487593	0.608175405342381	0.5799315380294371	0.608175405342381	0.5799315380294371	0.7142857142857143	endpoint
K15342	0.0	0.5475583751741251	0.7794468919718628	1.3808446054827248	0.6492501152882204	0.7346146692584444	0.6492501152882204	0.7346146692584444	0.7142857142857143	endpoint
K15372	0.0	0.2997702698614149	0.5304075146668717	1.3438297004429274	0.5763620194888229	0.7200729267125442	0.5763620194888229	0.7200729267125442	0.7142857142857143	endpoint
K15373	0.0	0.5836756125300192	1.0548631112453477	1.5122357484662805	0.3762282293311901	0.2665888241512632	0.62377177066881	0.7334111758487367	0.7142857142857143	baseline
K15396	0.0	1.0825846252186542	1.1333234764842384	1.549808334141813	0.18116183268384112	0.15121149589551836	0.8188381673161589	0.8487885041044816	1.0	baseline
K15460	0.0	1.0433436375684868	1.3290911092254416	1.6927021707812384	0.8153205984357773	0.9271314521836082	0.8153205984357773	0.9271314521836082	0.8571428571428571	endpoint
K15461	0.0	0.6083808194822927	1.2842686118334559	1.573933934587126	0.3320769950734099	0.21295842661135164	0.6679230049265901	0.7870415733886483	0.7142857142857143	baseline
K15505	0.0	0.7644743168389485	1.12059456478463	1.452259396523904	0.24689627652161103	0.1987582264122267	0.7531037234783889	0.8012417735877733	0.8571428571428571	baseline
K15524	0.0	0.7716834490217706	1.1853357038055778	1.446467548482866	0.2787734589442231	0.27385864059157183	0.7212265410557769	0.7261413594084282	0.8571428571428571	baseline
K15531	0.0	0.3248661465748211	0.3085364566092369	1.440300653352657	0.5943883859110956	0.5768282000893724	0.5943883859110956	0.5768282000893724	0.7142857142857143	endpoint
K15532	0.0	0.5819727030160172	1.2049641598857288	1.5819574164896446	0.6733110438845581	0.8598617437422597	0.6733110438845581	0.8598617437422597	0.7142857142857143	endpoint
K15533	0.0	0.1684098415498473	0.05361164431399668	1.193681954138877	0.5423093727302704	0.4893257909262658	0.5423093727302704	0.5106742090737342	0.5714285714285714	endpoint
K15534	0.0	1.2284599620114602	1.3097153093393705	1.5627877090017437	0.8528746771495002	0.9169976257700773	0.8528746771495002	0.9169976257700773	1.0	endpoint
K15536	0.14285714285714285	0.8570443290955482	0.9273347863445947	2.26929834894241	0.2974109953462309	0.17186968512820439	0.7025890046537691	0.8281303148717956	0.8571428571428571	baseline
K15539	0.0	1.0945888592436988	1.2245596295034207	1.5151023454041435	0.16782730287127054	0.15899413689170167	0.8321726971287294	0.8410058631082984	1.0	baseline
K15540	0.0	0.8517634052592482	0.8937174129204166	1.8652097353123602	0.2649933881341751	0.2275879963940062	0.7350066118658249	0.7724120036059938	0.8571428571428571	baseline
K15545	0.14285714285714285	1.0200636782973287	1.1904477954529356	2.070066995551301	0.22539645871838168	0.14184468135381348	0.7746035412816183	0.8581553186461865	1.0	baseline
K15547	0.0	0.5318198469623409	0.742664965901128	1.6575374742301106	0.36379036122127234	0.2634172941579366	0.6362096387787277	0.7365827058420634	0.7142857142857143	baseline
K15548	0.0	0.8378388849642897	1.1223388387409188	1.7163829949959413	0.2651275759641534	0.11193876451821409	0.7348724240358466	0.888061235481786	0.8571428571428571	baseline
K15549	0.0	0.61846555344447	0.834754653579947	1.362807243626216	0.3421639242723996	0.27754631419191883	0.6578360757276004	0.7224536858080812	0.8571428571428571	baseline
K15550	0.0	0.3984424523166723	0.4424433155351386	1.3025370759010289	0.40229570872247866	0.36828364198193925	0.5977042912775213	0.6317163580180607	0.7142857142857143	baseline
K15551	0.0	0.8753805110662388	1.2684909158331634	1.8708921087294417	0.2814660089995142	0.20533399187331303	0.7185339910004858	0.794666008126687	0.8571428571428571	baseline
K15552	0.0	0.5791536220936154	0.8520986248177963	1.427235579150082	0.3082235271068122	0.31399108776834267	0.6917764728931878	0.6860089122316573	0.8571428571428571	baseline
K15553	0.0	0.3484638951857533	0.4525209373286497	1.320647485741518	0.39554143770856504	0.3955037300377712	0.6044585622914349	0.6044962699622288	0.7142857142857143	baseline
K15554	0.0	0.5070109356210856	0.8071830883084627	1.5848388037429781	0.367511611044887	0.27720224490496465	0.632488388955113	0.7227977550950353	0.7142857142857143	baseline
K15555	0.0	0.20846329097374852	0.10215460430758519	1.447221573466659	0.45736082321657007	0.5370763228675023	0.54263917678343	0.5370763228675023	0.5714285714285714	baseline
K15576	0.0	0.8129004222395385	1.3057678236626642	1.5879350949889768	0.24134261632441278	0.1887938529178699	0.7586573836755872	0.8112061470821301	0.7142857142857143	baseline
K15577	0.0	0.7530148456292035	1.0520536826332476	1.6595842675637975	0.28718563150465803	0.1951347780315282	0.712814368495342	0.8048652219684718	0.7142857142857143	baseline
K15578	0.0	0.8046405274818831	0.932785855973898	1.3780825466303548	0.25782700243205275	0.2436694331181911	0.7421729975679472	0.7563305668818089	0.8571428571428571	baseline
K15580	0.0	0.2201523668691159	0.56825795867944	1.51245586740908	0.5637461223715128	0.6690423760370307	0.5637461223715128	0.6690423760370307	0.5714285714285714	endpoint
K15581	0.0	0.48696544859949914	0.8068993311350205	1.2241185453549421	0.6803664966292571	0.7300470783661176	0.6803664966292571	0.7300470783661176	0.5714285714285714	endpoint
K15582	0.0	0.05365545434474457	0.06292881587139855	1.2714363455577775	0.5039558728164597	0.5325272374275822	0.5039558728164597	0.5325272374275822	0.5714285714285714	baseline
K15583	0.0	0.6689437061059988	0.7473934412573833	1.406212748677702	0.708840816070725	0.7136450466997603	0.708840816070725	0.7136450466997603	0.8571428571428571	endpoint
K15584	0.0	0.27516382826758584	0.852621766300674	1.7815919894881134	0.46334104036602675	0.3290881727178946	0.5366589596339733	0.6709118272821054	0.5714285714285714	baseline
K15585	0.0	0.5040403403042271	0.7422254641402488	1.3503577472019186	0.3770652104633911	0.2632815340852556	0.6229347895366089	0.7367184659147443	0.7142857142857143	baseline
K15586	0.0	1.0780207078148665	1.0135856335467177	1.5794328920010574	0.17929889168633836	0.15162613189411397	0.8207011083136616	0.848373868105886	1.0	baseline
K15587	0.0	0.11858829779512038	0.023159117639774005	1.5139828493821261	0.5755100537494685	0.5114566960048111	0.5755100537494685	0.5114566960048111	0.5714285714285714	endpoint
K15598	0.0	0.46377580303030763	0.392882316137136	1.5573262974232065	0.3815362511583612	0.40540356522281734	0.6184637488416388	0.5945964347771826	0.7142857142857143	baseline
K15599	0.0	0.34481874132499823	0.31563654322147355	1.2190881125260153	0.6071472521227264	0.5917383655809724	0.6071472521227264	0.5917383655809724	0.7142857142857143	endpoint
K15600	0.0	0.3152281357342148	0.1382444725428092	1.2747090114388744	0.6193824682240378	0.5565347529459687	0.6193824682240378	0.5565347529459687	0.7142857142857143	endpoint
K15633	0.0	0.23880590444688155	0.8669650384788404	1.4634176782750679	0.587248281422326	0.7888207220055402	0.587248281422326	0.7888207220055402	0.5714285714285714	endpoint
K15634	0.0	0.0982835195258732	0.17974323006175744	1.3168140425156678	0.4866842621389114	0.45517342859024496	0.5133157378610886	0.5448265714097551	0.7142857142857143	baseline
K15635	0.0	0.1600200858861371	0.4570359234201569	1.2901145510796541	0.5343532597674684	0.6200404461108576	0.5343532597674684	0.6200404461108576	0.5714285714285714	endpoint
K15640	0.0	0.5776717667529417	0.6779582718944215	1.0417701585071526	0.6862086868992333	0.703631466290955	0.6862086868992333	0.703631466290955	0.8571428571428571	endpoint
K15669	0.0	0.18145124493648448	0.2266482227809661	1.1646435979702559	0.5623108260561861	0.5082438070804673	0.5623108260561861	0.5082438070804673	0.5714285714285714	endpoint
K15711	0.0	0.12804236850579556	0.23947105847119976	1.313961428907301	0.42028834461175	0.4416285655037513	0.57971165538825	0.5583714344962487	0.7142857142857143	baseline
K15721	0.0	0.8986589107037706	1.056504512223912	1.5277747029272852	0.2422518677939578	0.21701477692559787	0.7577481322060422	0.7829852230744021	0.8571428571428571	baseline
K15723	0.0	0.7627847351999308	1.2193060967070921	1.985217235356448	0.308924205905787	0.1741342985354749	0.6910757940942129	0.8258657014645251	0.7142857142857143	baseline
K15724	0.0	0.39228478084174323	0.3512278115074528	1.1218995397248739	0.38722178742807845	0.4123180901113854	0.6127782125719216	0.5876819098886146	0.7142857142857143	baseline
K15725	0.0	0.19457750248103486	0.45493173444526736	1.482823549911275	0.4521984898061911	0.39510354482821614	0.547801510193809	0.6048964551717839	0.5714285714285714	baseline
K15726	0.0	0.034364475624654424	0.17187879566300726	1.6114042351652527	0.4747625168800879	0.4576802849228539	0.525237483119912	0.5423197150771462	0.5714285714285714	baseline
K15727	0.0	0.11464524803072	0.4008696211788542	1.3577418788337572	0.42169768317484413	0.39714113170721266	0.5783023168251559	0.6028588682927873	0.5714285714285714	baseline
K15735	0.14285714285714285	1.1469272769671364	1.2545336097152242	2.0284128670591097	0.17171629840023758	0.0794589534967222	0.8282837015997624	0.9205410465032778	0.8571428571428571	baseline
K15736	0.0	0.5033090061946736	0.6321991575415737	1.3334022724350398	0.34892563402978594	0.365677675529598	0.6510743659702141	0.6343223244704019	0.7142857142857143	baseline
K15737	0.0	0.3790004744629188	0.16225510096845755	1.7615168426425551	0.40463914538173495	0.4975547388180182	0.595360854618265	0.5024452611819819	0.5714285714285714	baseline
K15738	0.0	0.3464472436996228	0.7566060569513013	1.513276491584627	0.6213838503017198	0.6063240001350385	0.6213838503017198	0.6063240001350385	0.7142857142857143	endpoint
K15739	0.0	0.6799522573163934	0.7282638927780207	1.4108304657181467	0.7040937738245229	0.7848568479558726	0.7040937738245229	0.7848568479558726	0.7142857142857143	endpoint
K15770	0.0	0.6256713900440637	0.9599963009664007	1.6912304164737462	0.6905817830585053	0.7376224784748511	0.6905817830585053	0.7376224784748511	0.5714285714285714	endpoint
K15771	0.14285714285714285	0.30682364701074993	0.22589045220147774	2.0157614347973625	0.44056225386402853	0.4404636032947788	0.5594377461359714	0.5595363967052212	0.5714285714285714	baseline
K15772	0.0	0.06713762821827604	0.3633887923396351	1.2687414783191953	0.5180456256420075	0.5821935817981246	0.5180456256420075	0.5821935817981246	0.5714285714285714	endpoint
K15773	0.0	0.825522873540466	1.1745162542882794	1.5022026250818958	0.23094509441667346	0.09898259943982489	0.7690549055833266	0.9010174005601751	0.8571428571428571	baseline
K15777	0.0	0.8340971351895924	0.9040586948571497	1.8816351942106944	0.27064471280319546	0.2242916235341202	0.7293552871968045	0.7757083764658799	0.8571428571428571	baseline
K15827	0.0	0.9209120311933503	1.1949794594824001	1.7662250722001465	0.24480138728081682	0.23383243671273404	0.7551986127191832	0.766167563287266	0.8571428571428571	baseline
K15828	0.14285714285714285	0.43262070278030107	0.14877168377242328	2.0413227145233552	0.40098907568686043	0.45800993653678695	0.5990109243131396	0.5419900634632131	0.7142857142857143	baseline
K15829	0.0	0.47956188079136874	0.7288725815100788	1.100931784468574	0.36252867534353206	0.2558188938193225	0.6374713246564679	0.7441811061806776	0.7142857142857143	baseline
K15830	0.0	0.7061705950901784	0.9445048638009454	1.220787940116229	0.2769952020920425	0.28084712459813327	0.7230047979079575	0.7191528754018668	0.8571428571428571	baseline
K15831	0.0	0.8353691567300002	0.9998820445428663	1.4929336430703701	0.278914898568572	0.16417673415312875	0.721085101431428	0.8358232658468713	0.8571428571428571	baseline
K15832	0.14285714285714285	1.3417448243551728	1.3929561015408127	2.0751054082638585	0.11814753397964438	0.07700846726291308	0.8818524660203556	0.9229915327370869	1.0	baseline
K15833	0.0	0.5816806779140852	0.7200191989410081	1.5664502006589922	0.28679491403135055	0.2494774840323954	0.7132050859686494	0.7505225159676046	0.8571428571428571	baseline
K15834	0.0	0.9197333602795813	1.1067952086839437	1.6004031996040669	0.2601386852024836	0.22050449045406828	0.7398613147975164	0.7794955095459317	0.8571428571428571	baseline
K15835	0.0	0.6423876986607129	0.5391155763542407	1.3122182361003654	0.3122071654153988	0.3420214469293073	0.6877928345846012	0.6579785530706928	1.0	baseline
K15836	0.0	1.1650476849465345	1.3730912437552079	1.5212856999107425	0.14803527043956755	0.10021841582522385	0.8519647295604325	0.8997815841747762	0.8571428571428571	baseline
K15866	0.0	0.4644603732499834	1.026112061347493	1.4582456098613705	0.39220544791005035	0.2911400176231941	0.6077945520899497	0.7088599823768059	0.7142857142857143	baseline
K15876	0.0	0.4918774289084052	0.5996718118397893	1.45148172873091	0.33954442881293606	0.2650876096163474	0.6604555711870639	0.7349123903836525	0.8571428571428571	baseline
K15894	0.0	1.0972693284848563	1.1039381390223812	1.654631963728669	0.8403683328849819	0.9000143419822055	0.8403683328849819	0.9000143419822055	1.0	endpoint
K15898	0.0	1.149220995909406	1.2888032066852242	1.5519341015460912	0.8224532699121048	0.8760056448880601	0.8224532699121048	0.8760056448880601	1.0	endpoint
K15915	0.0	0.33068892789057236	0.0616372588456245	1.6585550498983364	0.5853390058739033	0.5321155424798182	0.5853390058739033	0.5321155424798182	0.8571428571428571	endpoint
K15921	0.0	0.5272403406264645	0.6807419078546663	1.4778546384487399	0.6756118980087468	0.6952734104847462	0.6756118980087468	0.6952734104847462	0.7142857142857143	endpoint
K15922	0.0	0.0054634170823968375	0.3310704348839839	1.253551328976145	0.5278743630681405	0.6179996924797269	0.5278743630681405	0.6179996924797269	0.5714285714285714	baseline
K15923	0.0	0.5860582140761318	1.0439449106238232	1.428487095200961	0.3076435086542942	0.2657131930977429	0.6923564913457059	0.7342868069022571	0.7142857142857143	baseline
K15924	0.0	0.36933455796988124	0.19527929865137872	1.0921539320333904	0.6262070099327693	0.5614618986267047	0.6262070099327693	0.5614618986267047	0.5714285714285714	endpoint
K15974	0.0	0.5032314164220647	0.32834090960814005	1.5699666610921326	0.38207812857130313	0.4078066358758135	0.6179218714286969	0.5921933641241865	0.8571428571428571	baseline
K15975	0.0	1.1569449925227135	1.1212580625116182	1.7583181302545543	0.17326234802250223	0.17874524808779169	0.8267376519774978	0.8212547519122083	1.0	baseline
K15977	0.0	0.603285688999544	0.9749562838723306	1.4202606259982695	0.33093083908117904	0.28255876521138634	0.669069160918821	0.7174412347886137	0.7142857142857143	baseline
K15984	0.0	0.14637736289406647	0.2615471891883037	1.5003612752872475	0.4424905017152521	0.4355435645763278	0.5575094982847479	0.5644564354236722	0.7142857142857143	baseline
K15986	0.0	1.2915296627345667	1.2753157875051808	1.5095312399867566	0.8867628183885259	0.8862026313578558	0.8867628183885259	0.8862026313578558	1.0	endpoint
K15987	0.0	0.20099261066738686	0.07348420434711542	1.2243138299940552	0.5647067996647971	0.5303737593127208	0.5647067996647971	0.5303737593127208	0.5714285714285714	endpoint
K16012	0.0	0.7697039497626907	1.022566642515754	1.3383208706155363	0.29857185895373034	0.28147046559336414	0.7014281410462697	0.7185295344066358	0.8571428571428571	baseline
K16013	0.0	0.862122992071709	1.182595347644164	1.6723973794481097	0.2741169629618333	0.18632024019703014	0.7258830370381667	0.8136797598029699	0.8571428571428571	baseline
K16014	0.0	0.23569146644986566	0.143171922855358	1.2087107504606043	0.5734461462550412	0.49438698754623916	0.5734461462550412	0.5056130124537608	0.5714285714285714	endpoint
K16044	0.0	0.7714816349611674	0.7006655372937197	1.8602629633039574	0.2862943997602766	0.2918274982431517	0.7137056002397234	0.7081725017568483	0.8571428571428571	baseline
K16052	0.0	0.6780410493556221	0.8344283865970846	1.3791395509629796	0.3031881616733509	0.31812203448920273	0.6968118383266491	0.6818779655107973	1.0	baseline
K16053	0.0	0.22242163196825177	0.37413017089476314	1.6341826194413986	0.44139947964383197	0.4085163660145961	0.558600520356168	0.5914836339854039	0.7142857142857143	baseline
K16055	0.0	0.038533273846371	0.04869948084588263	1.5356733615999179	0.45767028393607445	0.487639701079644	0.5423297160639255	0.512360298920356	0.5714285714285714	baseline
K16066	0.0	0.04472004299799908	0.08275065460365452	1.994432632301427	0.51382602981682	0.4993276953231617	0.51382602981682	0.5006723046768383	0.5714285714285714	baseline
K16074	0.0	1.3019932378090355	1.3571282068155937	1.7635882525010467	0.13140812671088897	0.10935389230871315	0.868591873289111	0.8906461076912868	1.0	baseline
K16076	0.0	0.4956836794231717	0.8119569004455809	1.4198096091393768	0.3505369183734088	0.32337541652463	0.6494630816265912	0.67662458347537	0.7142857142857143	baseline
K16077	0.14285714285714285	0.6265359639164672	1.2442600720546801	2.003625241796564	0.37079866300298164	0.1380249912229131	0.6292013369970184	0.8619750087770869	0.7142857142857143	baseline
K16087	0.0	0.5742392028999718	0.8442950692217591	1.6942535715202485	0.3122522917699749	0.18112118765245172	0.6877477082300252	0.8188788123475483	0.5714285714285714	baseline
K16088	0.0	0.8063174562140253	1.1142531449085311	1.7591882197522168	0.2948314466175976	0.21781150442131275	0.7051685533824024	0.7821884955786873	0.8571428571428571	baseline
K16089	0.0	1.00867738773036	1.016409345652431	1.7177790286192274	0.18313674555415174	0.14345849040595784	0.8168632544458483	0.8565415095940422	1.0	baseline
K16090	0.0	0.45569242384229003	0.5158588500648764	1.253683312904366	0.3648467141600579	0.32623000401418206	0.6351532858399421	0.6737699959858179	0.8571428571428571	baseline
K16091	0.0	0.7036086821127763	0.7833440985824494	1.3590584031712662	0.2679705329171106	0.2917169711266848	0.7320294670828894	0.7082830288733152	1.0	baseline
K16092	0.14285714285714285	0.6833614679804578	0.8548028665085041	2.0221692983090716	0.3266530557658776	0.17751440818948255	0.6733469442341224	0.8224855918105174	0.7142857142857143	baseline
K16135	0.0	0.6994341919928887	1.0361793123513783	1.6507763088880654	0.33231132164123706	0.22516598946340868	0.667688678358763	0.7748340105365913	0.7142857142857143	baseline
K16136	0.0	0.8788075309836627	1.2726802143914258	1.412483496771644	0.2650491390890165	0.18298436220513187	0.7349508609109835	0.8170156377948681	0.8571428571428571	baseline
K16137	0.0	0.8310336608875267	1.2254703520590209	1.6721340684770634	0.285250456133227	0.22764928082665417	0.714749543866773	0.7723507191733459	0.7142857142857143	baseline
K16139	0.0	1.2119717034029598	1.2933402226640143	1.593623652412621	0.14532579792960748	0.10365447782714582	0.8546742020703926	0.8963455221728542	1.0	baseline
K16140	0.0	0.4411030669605858	0.9945772540220876	1.3064627160738798	0.39944060371066215	0.26299741661418835	0.6005593962893379	0.7370025833858116	0.7142857142857143	baseline
K16147	0.0	0.31792818846595033	0.8059728841201843	1.2897339409947972	0.4224646534548251	0.3247743593293736	0.5775353465451749	0.6752256406706264	0.5714285714285714	baseline
K16148	0.0	0.2950945412730687	0.12355064766995308	1.4748404399044373	0.37486057622829205	0.5137644923073537	0.625139423771708	0.5137644923073537	0.5714285714285714	baseline
K16165	0.0	0.19846715408756482	0.33331505108438225	1.2274434500452056	0.45699115728991746	0.39485594757241044	0.5430088427100825	0.6051440524275895	0.5714285714285714	baseline
K16169	0.0	0.3040774940023135	0.2697357039149297	1.2388694033507872	0.6225602386237623	0.5635099227999821	0.6225602386237623	0.5635099227999821	0.5714285714285714	endpoint
K16203	0.0	0.3682033398566803	0.5574430989673861	1.4588641017123678	0.37144855128538407	0.364097860833664	0.628551448714616	0.635902139166336	0.7142857142857143	baseline
K16209	0.0	0.05255863732880336	0.07467370154453579	1.9141240238686197	0.5604252790511258	0.5566182952634803	0.5604252790511258	0.5566182952634803	0.5714285714285714	endpoint
K16210	0.0	0.36075258067455096	0.6043984954966167	1.254333974266113	0.4267791097339396	0.37029250341766135	0.5732208902660604	0.6297074965823386	0.5714285714285714	baseline
K16211	0.0	0.0730881869215628	0.6131109590578417	1.4621090050294734	0.5444277258874679	0.6766318110385008	0.5444277258874679	0.6766318110385008	0.7142857142857143	endpoint
K16212	0.0	0.23317176987781216	0.2400981571886543	1.57171344855055	0.5730970449988398	0.5533368968128932	0.5730970449988398	0.5533368968128932	0.5714285714285714	endpoint
K16213	0.0	0.500871884123774	0.6033956724788162	1.4414445484367058	0.655826999924526	0.678038009837713	0.655826999924526	0.678038009837713	0.7142857142857143	endpoint
K16234	0.0	0.6099383225649623	0.549136156393306	1.505844448096594	0.32799640155438886	0.3826204940209772	0.6720035984456112	0.6173795059790228	1.0	baseline
K16235	0.0	0.9430976359908346	1.0599071967850817	1.3874622396699585	0.21661942340238546	0.18143731667037793	0.7833805765976145	0.818562683329622	0.8571428571428571	baseline
K16238	0.0	0.11172606597326011	0.1966759159095855	1.2565404537978844	0.5412032742018585	0.575160279767168	0.5412032742018585	0.575160279767168	0.5714285714285714	endpoint
K16248	0.0	0.18055133289610797	0.06643568571313062	1.7855882912577081	0.48168926005846524	0.4912911861657757	0.5183107399415348	0.5087088138342243	0.5714285714285714	baseline
K16263	0.0	0.7289158906868247	1.1655491894712486	1.8302561845867433	0.3266354578609523	0.22194999386900277	0.6733645421390477	0.7780500061309972	0.8571428571428571	baseline
K16264	0.0	1.1838262512658058	1.169596698299456	1.3813976564513406	0.14866536560251342	0.16969017863515456	0.8513346343974866	0.8303098213648454	1.0	baseline
K16291	0.0	1.262231528631597	1.081113416264724	1.9788354423582555	0.14287576829488766	0.11372687779072341	0.8571242317051123	0.8862731222092766	1.0	baseline
K16301	0.0	1.37827735340502	1.3103642722682654	1.77009483310875	0.10512745747276628	0.10684835209002841	0.8948725425272337	0.8931516479099716	1.0	baseline
K16321	0.0	1.0712075886055545	1.2427260215256404	1.4491868405283304	0.1754447460117063	0.17440385776356943	0.8245552539882937	0.8255961422364306	1.0	baseline
K16322	0.0	0.8894228939351692	1.126090450806977	1.4268847684209853	0.23769556362280703	0.24256169405388717	0.7623044363771929	0.7574383059461128	0.8571428571428571	baseline
K16323	0.0	0.921944347086342	1.003374341228759	1.5485088873031185	0.7606935395178631	0.8017230223053213	0.7606935395178631	0.8017230223053213	0.8571428571428571	endpoint
K16324	0.0	0.8522936399496209	1.0754291291820504	1.5806896168474533	0.2788612206631186	0.22661529030291053	0.7211387793368814	0.7733847096970895	0.8571428571428571	baseline
K16326	0.0	1.060726383685784	1.1429536274477259	1.7272767307805947	0.20368672482616187	0.18389802882895856	0.7963132751738381	0.8161019711710414	0.8571428571428571	baseline
K16328	0.0	0.023152749615890058	0.39503801126511595	1.4969399100480254	0.5092029906011419	0.5504705520929695	0.5092029906011419	0.5504705520929695	0.5714285714285714	endpoint
K16329	0.0	0.1818388075715029	0.6565403376246637	1.2982634763242924	0.5626052814338196	0.765312041073939	0.5626052814338196	0.765312041073939	0.5714285714285714	endpoint
K16345	0.0	0.4647099110688006	0.37393663655778725	1.4253443285215932	0.3571364012496155	0.3932726044314421	0.6428635987503846	0.6067273955685579	0.7142857142857143	baseline
K16346	0.0	0.15850001817471845	0.1529514191055462	1.3372129039165106	0.4471570310568284	0.46004771567460917	0.5528429689431715	0.5399522843253908	0.7142857142857143	baseline
K16363	0.0	0.008568143037488651	0.0965917959935524	1.4349946137138148	0.46358302391374134	0.45458691751551694	0.5364169760862587	0.5454130824844831	0.5714285714285714	baseline
K16370	0.0	0.857604784671735	1.047863885914015	1.4546609877083405	0.2612257828439348	0.2455755092154977	0.7387742171560652	0.7544244907845024	0.8571428571428571	baseline
K16371	0.0	0.1824516997540557	0.7385770375365635	1.5221365256220423	0.48318722617329074	0.3480192612630577	0.5168127738267092	0.6519807387369423	0.5714285714285714	baseline
K16435	0.0	0.2547365314718634	0.057814783711650095	1.3732538711810183	0.5838450364716775	0.5267105635491243	0.5838450364716775	0.5267105635491243	0.5714285714285714	endpoint
K16509	0.0	0.4280789093238111	0.7464121021026269	1.2332748868957677	0.6339654101651373	0.687690783445994	0.6339654101651373	0.687690783445994	0.5714285714285714	endpoint
K16511	0.0	0.6022446348247653	1.0420441810347374	1.6575045974889653	0.706531178733129	0.9035778155949891	0.706531178733129	0.9035778155949891	0.7142857142857143	endpoint
K16515	0.0	0.5156204183075495	0.6423692155749458	1.2699351342655663	0.6741374924099782	0.7007584842294762	0.6741374924099782	0.7007584842294762	0.7142857142857143	endpoint
K16516	0.0	0.9676426344091322	1.0305498391763408	1.5035584518486123	0.22816368604726306	0.16169286730119237	0.7718363139527369	0.8383071326988076	0.8571428571428571	baseline
K16554	0.0	0.0719809711437893	0.1634853293494892	1.490826764001954	0.49926724783171494	0.41480770833345104	0.5007327521682851	0.585192291666549	0.5714285714285714	endpoint
K16650	0.0	0.4356582318843217	0.15497620468170423	1.3975415458528928	0.6380077772779421	0.5503528701775527	0.6380077772779421	0.5503528701775527	0.5714285714285714	endpoint
K16651	0.0	0.2669265312948856	0.9510130788493447	1.2734428046638417	0.45517542211883805	0.28425666059993393	0.544824577881162	0.7157433394000661	0.5714285714285714	baseline
K16692	0.0	0.6681138502688435	0.7220645896520648	1.3947763478060686	0.3037571424484324	0.2708581431767652	0.6962428575515676	0.7291418568232348	0.8571428571428571	baseline
K16693	0.0	0.8335738851214524	0.9635597080595999	1.4692228478235825	0.2746624330083276	0.22673421214600573	0.7253375669916724	0.7732657878539942	0.8571428571428571	baseline
K16695	0.0	0.48409916938549813	0.41648080843972524	1.595193875753859	0.36216143462655664	0.39743368621857117	0.6378385653734433	0.6025663137814288	0.8571428571428571	baseline
K16698	0.14285714285714285	1.3874518199633827	1.2540651514423655	2.5154687004027494	0.886226755712409	0.8618574467402511	0.886226755712409	0.8618574467402511	1.0	endpoint
K16704	0.0	0.5861629114170022	0.8667433601746283	1.328420442561731	0.34691391606258853	0.3105674428381199	0.6530860839374115	0.6894325571618801	0.7142857142857143	baseline
K16711	0.0	0.8096846505063883	1.019870702434613	1.6851327871837738	0.29153550777406545	0.22652146099656753	0.7084644922259346	0.7734785390034324	0.8571428571428571	baseline
K16783	0.0	0.43136649589367265	0.3912002498459461	1.6125139221740237	0.39505065161399916	0.3907242278702115	0.6049493483860009	0.6092757721297886	0.7142857142857143	baseline
K16784	0.0	0.5929796153109761	0.7884410900015989	1.4732901913292242	0.3367680746873252	0.2833781795615906	0.6632319253126748	0.7166218204384094	0.8571428571428571	baseline
K16785	0.0	0.36456936718513616	0.39843434232664443	1.1878625543112642	0.6157233790169646	0.6341577418733743	0.6157233790169646	0.6341577418733743	0.7142857142857143	endpoint
K16786	0.0	0.5389679078985828	0.4604630872978874	1.4778806892552054	0.6758947262551317	0.6208416481776168	0.6758947262551317	0.6208416481776168	0.8571428571428571	endpoint
K16787	0.0	0.6856582227907305	0.7634767455092321	1.3092555858375894	0.7206335048614828	0.7205840854948071	0.7206335048614828	0.7205840854948071	0.7142857142857143	endpoint
K16788	0.0	0.6201056311588297	0.7143004293860026	1.5046896306093818	0.2851112729641464	0.34620553765007583	0.7148887270358536	0.6537944623499241	0.8571428571428571	baseline
K16789	0.0	1.1260473952516625	1.2154237921159838	1.5781727626523132	0.8583276399811577	0.9339098353041029	0.8583276399811577	0.9339098353041029	0.8571428571428571	endpoint
K16839	0.0	0.7949658407775118	1.2577975822809684	1.9034235388859795	0.24298741948959254	0.11153430049390649	0.7570125805104074	0.8884656995060936	0.7142857142857143	baseline
K16840	0.0	0.5750634052099265	0.7424992614312941	1.5328990373491498	0.36588538098537776	0.2967652911852736	0.6341146190146223	0.7032347088147264	0.7142857142857143	baseline
K16841	0.0	0.7020948615051867	1.148101545782231	1.5694994977665515	0.32317765619150335	0.21008858406959366	0.6768223438084966	0.7899114159304064	0.7142857142857143	baseline
K16842	0.0	0.12132253679638431	0.11756028021158167	1.414647641164938	0.4668007424894144	0.48509151957569796	0.5331992575105856	0.514908480424302	0.5714285714285714	baseline
K16850	0.0	0.35440242454209164	0.2530547839599943	1.784656291372081	0.4412746609960429	0.4383345557701593	0.558725339003957	0.5616654442298408	0.7142857142857143	baseline
K16868	0.0	0.4534511312804691	0.9050259843144447	1.7853643250817952	0.38267941025252933	0.16027542794219035	0.6173205897474707	0.8397245720578097	0.7142857142857143	baseline
K16898	0.0	0.18728705390127903	0.57083644230858	1.4834286516039126	0.613938298133376	0.6944271764641101	0.613938298133376	0.6944271764641101	0.5714285714285714	endpoint
K16899	0.0	0.631534823918877	1.1772922616083001	1.3938465861416007	0.6915544837854991	0.8390479595862491	0.6915544837854991	0.8390479595862491	0.8571428571428571	endpoint
K16905	0.0	0.23862207984931924	0.03526834731620893	1.5616837485301065	0.402822079292213	0.4907115567287799	0.597177920707787	0.5092884432712201	0.5714285714285714	baseline
K16906	0.0	0.21390515638980356	0.36968109710110986	1.1928591375189002	0.452699844016343	0.3969101265058708	0.547300155983657	0.6030898734941292	0.5714285714285714	baseline
K16907	0.0	0.020561327759136667	0.37649146621686896	1.260299701734781	0.5385259107759285	0.403860655950545	0.5385259107759285	0.596139344049455	0.5714285714285714	baseline
K16923	0.0	0.1516590714939386	0.013105230402550573	1.2983811111198589	0.4744906894049044	0.5112479644707626	0.5255093105950956	0.5112479644707626	0.5714285714285714	baseline
K16924	0.0	0.33296889906191734	0.21128899052164515	1.2410017665888053	0.6328182269321042	0.5761987083017068	0.6328182269321042	0.5761987083017068	0.7142857142857143	endpoint
K16925	0.0	0.4996789403451508	0.5181305343987912	1.2622169044090716	0.6849679115504383	0.6487709293505209	0.6849679115504383	0.6487709293505209	0.7142857142857143	endpoint
K16926	0.0	0.7296717981154298	1.0264253862078758	1.331553508277313	0.7140020727963549	0.7905566063187217	0.7140020727963549	0.7905566063187217	0.8571428571428571	endpoint
K16927	0.0	1.0113147883731572	1.1995338128603341	1.277182241405807	0.7906589391493828	0.807067889365622	0.7906589391493828	0.807067889365622	1.0	endpoint
K16936	0.0	0.5449502622357174	0.720788497610798	1.2693763364697086	0.6736303798968567	0.5994365221286343	0.6736303798968567	0.5994365221286343	0.8571428571428571	endpoint
K16937	0.0	0.6258591025780288	0.6999957737238865	0.8880658468740306	0.6976356267697401	0.7106891567862028	0.6976356267697401	0.7106891567862028	1.0	endpoint
K16950	0.0	0.2391984611894656	0.7406858535013862	1.6324533410194664	0.5817885503702437	0.7485681420377124	0.5817885503702437	0.7485681420377124	0.5714285714285714	endpoint
K16951	0.0	0.3621785862134721	0.32029460703595236	1.3622311418849062	0.3444931274610971	0.3609832514155385	0.6555068725389028	0.6390167485844616	0.7142857142857143	baseline
K16957	0.0	0.1821538672102539	0.11933443698961173	1.2986867968514562	0.5935449644766854	0.48529663447707355	0.5935449644766854	0.5147033655229265	0.5714285714285714	endpoint
K16958	0.0	0.5589252345828273	0.6234189258061075	1.495292992713985	0.34013999233939635	0.34420267196925386	0.6598600076606036	0.6557973280307461	0.8571428571428571	baseline
K16959	0.0	0.9000472477828971	0.7895313221395348	1.912910721633084	0.2704161793129611	0.1999187294113288	0.7295838206870389	0.8000812705886712	0.8571428571428571	baseline
K16960	0.0	0.03748387036330736	0.06542039205560014	1.6029362492509487	0.519048675029664	0.459761278614196	0.519048675029664	0.540238721385804	0.5714285714285714	baseline
K17073	0.0	0.15506583518488534	0.27233143488986056	1.644081307731862	0.40081135068684415	0.4256601392893499	0.5991886493131559	0.57433986071065	0.5714285714285714	baseline
K17074	0.0	0.22213397380029273	0.8114517733281293	1.463064689971303	0.5912497915241696	0.7312940908241089	0.5912497915241696	0.7312940908241089	0.7142857142857143	endpoint
K17076	0.0	0.4642578777638525	0.5971053076660492	1.5989697536306766	0.6506046367195281	0.7028006039902255	0.6506046367195281	0.7028006039902255	0.5714285714285714	endpoint
K17103	0.0	0.22541997164879013	0.04321436716839702	1.2414646632336255	0.3931334192683498	0.5232972794672013	0.6068665807316502	0.5232972794672013	0.5714285714285714	baseline
K17195	0.0	0.5915147763636665	0.9542414867568746	1.582564741468877	0.3031484342060949	0.22038816739839828	0.6968515657939052	0.7796118326016017	0.7142857142857143	baseline
K17202	0.0	0.3426545076392082	0.6298757081133942	1.6925534044403707	0.4287330842247738	0.28336623921458887	0.5712669157752261	0.7166337607854112	0.5714285714285714	baseline
K17203	0.0	0.36657753358288897	0.48292111184974396	1.2058319027411966	0.633651890653066	0.6407466574690567	0.633651890653066	0.6407466574690567	0.5714285714285714	endpoint
K17204	0.0	0.1796843894371789	0.569742033283693	1.0936022015451394	0.44591043990842094	0.38000038664377406	0.5540895600915791	0.619999613356226	0.5714285714285714	baseline
K17213	0.0	0.6433599317860247	0.9044519052954519	1.297169263036958	0.6931250275554097	0.7813749327046622	0.6931250275554097	0.7813749327046622	0.8571428571428571	endpoint
K17214	0.0	0.2240082879760829	0.34231823326376765	1.0768881568977047	0.4420205147851851	0.43316750240097224	0.5579794852148149	0.5668324975990278	0.5714285714285714	baseline
K17215	0.0	0.3115109482998514	0.8429001544054001	1.2348981858424282	0.3558585148594028	0.1815999892485371	0.6441414851405972	0.8184000107514628	0.5714285714285714	baseline
K17218	0.0	0.0841405848947215	0.21556829391360946	1.4358227236169063	0.462275703391056	0.4482170545086761	0.5377242966089439	0.5517829454913239	0.5714285714285714	baseline
K17234	0.0	1.0334224689826852	1.273031970537549	1.6585009582464914	0.8396099541243984	0.9352770261349689	0.8396099541243984	0.9352770261349689	0.8571428571428571	endpoint
K17235	0.0	1.0315557328849263	1.077081068685275	1.441172748396251	0.8159438582470157	0.8045191923716947	0.8159438582470157	0.8045191923716947	1.0	endpoint
K17236	0.0	0.3862613831562857	0.6264244394079991	1.4087593009464972	0.5970449126251535	0.6596400783247094	0.5970449126251535	0.6596400783247094	0.5714285714285714	endpoint
K17241	0.0	0.4420848570226317	0.993985559202249	1.5571859394911551	0.6183702979190596	0.6955125487303984	0.6183702979190596	0.6955125487303984	0.7142857142857143	endpoint
K17242	0.0	0.9355042885178178	1.1130905322320332	1.301932116783551	0.7693319978591132	0.7809045824697853	0.7693319978591132	0.7809045824697853	1.0	endpoint
K17243	0.0	0.20215229407190974	0.37982338739940635	1.0165546568585366	0.5597058068959384	0.612329098389761	0.5597058068959384	0.612329098389761	0.5714285714285714	endpoint
K17247	0.0	0.6105406186028859	0.9124146979446266	1.3934773628491572	0.31268233120293626	0.3002048345546175	0.6873176687970637	0.6997951654453824	0.8571428571428571	baseline
K17318	0.0	0.2592640567093049	0.7803392559171468	1.3559642628487742	0.5800663041861673	0.615539634175869	0.5800663041861673	0.615539634175869	0.7142857142857143	endpoint
K17319	0.0	0.3415760660362098	0.3396883044263815	1.259601317631354	0.6115378144601463	0.5875210067618185	0.6115378144601463	0.5875210067618185	0.5714285714285714	endpoint
K17320	0.0	0.229870142719026	0.22204396473482851	1.371327757201489	0.4259287884503081	0.4612852102087311	0.5740712115496919	0.538714789791269	0.5714285714285714	baseline
K17331	0.0	0.5490962653174503	0.714716458103704	1.7302679414419757	0.33916025156435964	0.3250567507749325	0.6608397484356403	0.6749432492250675	0.7142857142857143	baseline
K17462	0.0	0.41370893859854885	0.87208904841958	1.1591008098732778	0.3955076747358785	0.32585666131425084	0.6044923252641214	0.6741433386857492	0.7142857142857143	baseline
K17463	0.0	0.9247010156909624	0.931329052641106	1.4616709822544867	0.23768498950734024	0.22798779955262258	0.7623150104926597	0.7720122004473774	1.0	baseline
K17464	0.0	0.7195003368387595	0.9808588164158216	1.5096263807957777	0.28419550123569387	0.2372745846144199	0.7158044987643062	0.7627254153855801	0.8571428571428571	baseline
K17465	0.0	0.19847920060638652	0.1808929789153183	1.079488059359771	0.4535322152375335	0.4577748582120138	0.5464677847624665	0.5422251417879862	0.7142857142857143	baseline
K17466	0.0	0.4156864862357589	0.6210713588325838	1.505149550099903	0.33301389057174413	0.3364453605590073	0.6669861094282559	0.6635546394409927	0.7142857142857143	baseline
K17467	0.0	0.7158211370247084	0.8963423949531937	1.5788148625658354	0.2921669307619454	0.18319012853130998	0.7078330692380546	0.81680987146869	0.8571428571428571	baseline
K17468	0.0	0.29941038203063786	0.8041114919141389	1.475995950521369	0.4465006167773775	0.32520951543387844	0.5534993832226225	0.6747904845661216	0.7142857142857143	baseline
K17473	0.0	0.3077358377984934	0.09128930735140747	1.1875084628551607	0.41292658738027715	0.49185302239148443	0.5870734126197228	0.5081469776085156	0.5714285714285714	baseline
K17624	0.0	0.32087309280356985	0.6876081042712202	1.165314556833611	0.43965092500022923	0.33671470642330714	0.5603490749997708	0.6632852935766929	0.7142857142857143	baseline
K17675	0.0	0.8248713450731797	0.9077566281189515	1.675530316868594	0.7277221153440715	0.7825092719087159	0.7277221153440715	0.7825092719087159	0.8571428571428571	endpoint
K17680	0.0	0.048896817851569886	0.09088206926202536	1.4661337369438516	0.5026093860885155	0.5021187864143168	0.5026093860885155	0.5021187864143168	0.5714285714285714	baseline
K17686	0.0	0.16792561701583494	0.19863309554708433	1.266479662266171	0.47205322528675875	0.5391041010443433	0.5279467747132413	0.5391041010443433	0.5714285714285714	baseline
K17713	0.0	0.5965045409924606	0.9261297100719721	1.6579216772994498	0.32629603890392617	0.2172562969673198	0.6737039610960738	0.7827437030326803	0.7142857142857143	baseline
K17716	0.0	0.5132962949934635	1.0276215432453586	1.5017360242426583	0.6916308560066085	0.795752505841193	0.6916308560066085	0.795752505841193	0.7142857142857143	endpoint
K17722	0.0	0.038527134564461905	0.2396040250316973	1.7092343111597215	0.4532868611901667	0.44389865829333913	0.5467131388098333	0.5561013417066609	0.5714285714285714	baseline
K17723	0.0	0.29901083059566497	0.6402489789780846	1.6823854033626284	0.4168211469969013	0.3002023351248524	0.5831788530030987	0.6997976648751476	0.5714285714285714	baseline
K17733	0.0	0.2088731872589444	0.3147077039261603	1.53258634715325	0.45777508543163326	0.41838032023628974	0.5422249145683667	0.5816196797637103	0.5714285714285714	baseline
K17734	0.0	0.6177462781848944	1.0797924290991292	1.6774175847413055	0.6985575432806207	0.9261028851205131	0.6985575432806207	0.9261028851205131	0.7142857142857143	endpoint
K17758	0.0	0.24422031692533724	0.4855782539542518	1.289359084863058	0.4282872597894403	0.3900163129963471	0.5717127402105597	0.6099836870036529	0.5714285714285714	baseline
K17759	0.0	0.5684679861434611	0.963910165335877	1.7935878768665938	0.3662434026812896	0.28785179576286823	0.6337565973187105	0.7121482042371318	0.7142857142857143	baseline
K17810	0.0	0.16096941063073006	0.18952644410256927	1.4092913581605142	0.43667660706869327	0.4553951547963877	0.5633233929313067	0.5446048452036123	0.5714285714285714	baseline
K17816	0.0	0.2610294658163975	0.42436363656882864	1.11645981649405	0.5835433745148023	0.5510528885916784	0.5835433745148023	0.5510528885916784	0.7142857142857143	endpoint
K17818	0.0	0.02547975017233974	0.6273259036244176	1.5862348759603129	0.5127056577107809	0.3578228382304832	0.5127056577107809	0.6421771617695168	0.5714285714285714	endpoint
K17828	0.0	0.6047138611828018	0.9874026246800656	1.377767805940354	0.690965407361669	0.7145295359245438	0.690965407361669	0.7145295359245438	0.7142857142857143	endpoint
K17836	0.0	0.6916975662552967	1.0289179541216602	1.4522016298580136	0.29382632731526376	0.27265428067785774	0.7061736726847363	0.7273457193221422	0.8571428571428571	baseline
K17865	0.0	0.3946598229503618	0.4877787020744696	1.4424885895588084	0.6103071754688435	0.5890740658832776	0.6103071754688435	0.5890740658832776	0.8571428571428571	endpoint
K17869	0.0	0.4757331796829355	0.3886768130664543	1.2928014280564826	0.39459636621036587	0.3885740459654451	0.6054036337896341	0.6114259540345549	0.8571428571428571	baseline
K17898	0.0	0.08044764476835249	0.3584869692827135	1.4572501676306604	0.49075443647868194	0.6024085731835732	0.509245563521318	0.6024085731835732	0.7142857142857143	endpoint
K17938	0.14285714285714285	0.506539358348031	0.2905876410104862	2.038818043751273	0.4053711849530578	0.4256127468252855	0.5946288150469422	0.5743872531747145	0.5714285714285714	baseline
K17947	0.0	0.46441644347686956	0.3976587494748139	1.3765862904168218	0.369009401031924	0.41367024854733486	0.630990598968076	0.5863297514526651	0.8571428571428571	baseline
K17948	0.0	0.5755604593491748	0.7104463994164049	1.531275798498686	0.3451374265353652	0.2270644638906288	0.6548625734646347	0.7729355361093713	0.8571428571428571	baseline
K17992	0.0	0.37565004231048765	0.5056145406631615	1.4231012133691923	0.6024864997663368	0.6736371324667186	0.6024864997663368	0.6736371324667186	0.7142857142857143	endpoint
K18011	0.0	0.27452169402336896	0.1341646551056676	1.3228010367491405	0.6014007878885334	0.5552342759301248	0.6014007878885334	0.5552342759301248	0.5714285714285714	endpoint
K18012	0.0	0.1641913646979099	0.14641298804532427	1.4748118799280632	0.5448999360360008	0.5211796582566071	0.5448999360360008	0.5211796582566071	0.5714285714285714	endpoint
K18013	0.0	0.5471808144011571	1.0287256994731084	1.5269097205501947	0.3414099721128055	0.24514226813866685	0.6585900278871946	0.7548577318613332	0.7142857142857143	baseline
K18014	0.0	0.9273445305420506	1.2997127640329669	1.6550562196222265	0.8002452432166832	0.9398085311299827	0.8002452432166832	0.9398085311299827	0.8571428571428571	endpoint
K18015	0.0	0.14751771239642517	0.5516707226192352	1.3991973253645817	0.46186018372064847	0.38422509604488925	0.5381398162793516	0.6157749039551108	0.5714285714285714	baseline
K18094	0.0	0.07667936259490359	0.16085050963357153	1.2940383391501429	0.47776575379890185	0.4973215807999436	0.5222342462010982	0.5026784192000564	0.5714285714285714	baseline
K18095	0.0	0.30969098973831066	0.48015237241480485	1.7375604965550648	0.449974379493399	0.3909169933256528	0.550025620506601	0.6090830066743472	0.5714285714285714	baseline
K18104	0.0	0.2751721702749193	0.011793565298954051	1.662105808564212	0.41003534246023027	0.515951727198572	0.5899646575397697	0.515951727198572	0.5714285714285714	baseline
K18118	0.0	0.20442187455883642	0.034141214341202375	1.4639626024333394	0.45912639235641717	0.45920480554965776	0.5408736076435828	0.5407951944503422	0.5714285714285714	baseline
K18120	0.0	0.2609268788061774	0.43732937092810065	1.5932153893936563	0.4101327274917167	0.3980254852454439	0.5898672725082833	0.6019745147545561	0.5714285714285714	baseline
K18122	0.0	0.037778665619397404	0.2416359394351159	1.3985678827807788	0.5185518208263086	0.4305100175815527	0.5185518208263086	0.5694899824184473	0.5714285714285714	endpoint
K18138	0.0	0.7825178077818526	1.01551457253851	1.5811462239082124	0.300302145576702	0.15085205300507443	0.699697854423298	0.8491479469949256	0.8571428571428571	baseline
K18139	0.0	0.04681268932449064	0.3803908467844777	1.6710128366083044	0.5059382745585231	0.6631682153014103	0.5059382745585231	0.6631682153014103	0.5714285714285714	endpoint
K18140	0.0	1.003479936295982	1.1477189248476438	1.6636531135622055	0.21801060497793914	0.21029128674253944	0.7819893950220609	0.7897087132574605	0.8571428571428571	baseline
K18141	0.0	0.808588901991545	1.228265922742673	1.5520931661451074	0.28719445714059166	0.17939176007494068	0.7128055428594083	0.8206082399250594	0.8571428571428571	baseline
K18142	0.0	0.7488777107585803	1.1694958351301095	1.627087668878523	0.31905205091636246	0.2764880120644024	0.6809479490836375	0.7235119879355976	0.8571428571428571	baseline
K18146	0.0	0.08785078082137429	0.16109558015847336	1.1057641470319084	0.451500650270163	0.44704837970846545	0.5484993497298369	0.5529516202915346	0.7142857142857143	baseline
K18148	0.0	0.952898554663177	1.411028032248282	1.5215616823648574	0.2538555223188357	0.18332462057205434	0.7461444776811643	0.8166753794279457	0.8571428571428571	baseline
K18149	0.0	0.5558497140398643	1.136776622432696	1.3121472859845578	0.3437638875226114	0.27618172495158877	0.6562361124773886	0.7238182750484112	0.7142857142857143	baseline
K18197	0.0	0.6852322828489287	1.0213135047667952	1.2673905044052756	0.6793433589078267	0.8094850680362536	0.6793433589078267	0.8094850680362536	0.8571428571428571	endpoint
K18205	0.0	0.4549340715072619	0.46987553559599116	1.1521747036104983	0.654118369415584	0.6622450161833128	0.654118369415584	0.6622450161833128	0.8571428571428571	endpoint
K18206	0.0	0.27428326069515513	1.1011321673662195	1.3237602305197675	0.5944995061869476	0.8113508618256061	0.5944995061869476	0.8113508618256061	0.5714285714285714	endpoint
K18214	0.0	0.00392259006219143	0.00400338085438673	1.3674464922583824	0.49804219587319665	0.5065321962639394	0.5019578041268034	0.5065321962639394	0.5714285714285714	endpoint
K18220	0.0	0.3853549520363369	1.0084626824039669	1.6106780333634212	0.6613395218487705	0.83392431709425	0.6613395218487705	0.83392431709425	0.5714285714285714	endpoint
K18221	0.0	0.09396993490767047	0.104295666734194	1.496380561123137	0.5180661369087491	0.5136260723565066	0.5180661369087491	0.5136260723565066	0.5714285714285714	endpoint
K18231	0.0	0.09566991286829173	0.11692374615558408	1.0482802091398018	0.5029877484381985	0.47540715282277046	0.5029877484381985	0.5245928471772295	0.5714285714285714	endpoint
K18234	0.0	0.2289260082228546	0.7115159533616747	1.474227262696576	0.42345212648540886	0.3525113214064297	0.5765478735145911	0.6474886785935703	0.5714285714285714	baseline
K18237	0.0	0.2873646299196557	0.2787122955347513	1.003392044931543	0.6030730517398256	0.6249429424730971	0.6030730517398256	0.6249429424730971	0.7142857142857143	endpoint
K18244	0.0	0.6528418465856421	0.8778083295106321	1.5384112028649082	0.6723769308439881	0.6846422901408709	0.6723769308439881	0.6846422901408709	0.8571428571428571	endpoint
K18301	0.0	0.46767163966383857	0.7031844622973085	1.325094122104708	0.3369484475138583	0.2933699577772263	0.6630515524861418	0.7066300422227737	0.5714285714285714	baseline
K18320	0.0	0.06433185559912528	0.5156109071678897	1.375337115675066	0.4736882747839536	0.6463897007960084	0.5263117252160464	0.6463897007960084	0.5714285714285714	endpoint
K18324	0.0	0.9013948278273034	1.0273106573440631	1.9971952597883038	0.2796334501243916	0.13909234926796532	0.7203665498756084	0.8609076507320347	0.8571428571428571	baseline
K18325	0.0	0.920849766415608	1.0593313645052729	1.874953572753894	0.2221727606488691	0.1349817015548967	0.777827239351131	0.8650182984451034	0.8571428571428571	baseline
K18326	0.0	0.5900540216382107	0.8987688930409182	1.5500017587775574	0.3332386211268505	0.27328085699547094	0.6667613788731495	0.726719143004529	0.7142857142857143	baseline
K18330	0.0	0.33322159691243874	0.40692473641630655	1.2663639272280494	0.5748530878252163	0.6487020563869401	0.5748530878252163	0.6487020563869401	0.7142857142857143	endpoint
K18331	0.0	0.29311825156260085	0.3555619402537626	1.474200860531026	0.41868406063270364	0.4115986375250915	0.5813159393672964	0.5884013624749085	0.7142857142857143	baseline
K18332	0.0	0.14257219303986718	0.25788257268534986	1.271613843794291	0.5367225548488405	0.4278131243892585	0.5367225548488405	0.5721868756107416	0.5714285714285714	endpoint
K18333	0.0	0.053951493530238544	0.17875986302407096	1.2492266443683946	0.46906450698312396	0.47140416365995547	0.530935493016876	0.5285958363400445	0.5714285714285714	baseline
K18334	0.0	0.7803656134257313	0.8637151357982424	1.4456313322493277	0.28693279767397906	0.23548907290015295	0.7130672023260209	0.764510927099847	0.8571428571428571	baseline
K18344	0.0	0.5778817568387387	1.2395166711344097	1.5393964409024703	0.6447897038168581	0.6805207054410407	0.6447897038168581	0.6805207054410407	0.7142857142857143	endpoint
K18345	0.0	0.628442253384077	1.0492712706576819	1.4815026856224647	0.7003893153783783	0.7868502900725038	0.7003893153783783	0.7868502900725038	0.7142857142857143	endpoint
K18346	0.0	0.26226044295659623	0.9678015604421635	1.5400128419034833	0.45732264052266774	0.24544830751895008	0.5426773594773322	0.7545516924810499	0.5714285714285714	baseline
K18349	0.0	0.8440820221432689	1.1985676913976495	1.4963241964700562	0.7723278377605546	0.9597169300578777	0.7723278377605546	0.9597169300578777	0.8571428571428571	endpoint
K18350	0.0	0.5557894258609138	1.2716899193326012	1.944135955843315	0.6302273859430364	0.7933417042141999	0.6302273859430364	0.7933417042141999	0.5714285714285714	endpoint
K18369	0.0	0.1616785912435557	0.40452437496359767	1.3156124809504868	0.5442861619120076	0.6456061336360398	0.5442861619120076	0.6456061336360398	0.7142857142857143	endpoint
K18427	0.0	0.5033670894419922	0.7158024501468905	1.3635918372267035	0.6841932861443575	0.704937397127064	0.6841932861443575	0.704937397127064	0.5714285714285714	endpoint
K18430	0.0	0.7078864188458557	0.8876516742504916	1.7457786736362655	0.713366864803919	0.7604149805178629	0.713366864803919	0.7604149805178629	0.7142857142857143	endpoint
K18445	0.0	0.3576265074737757	0.5889134975746069	1.4603578461136966	0.5814112278366783	0.673067033561884	0.5814112278366783	0.673067033561884	0.7142857142857143	endpoint
K18446	0.0	1.010434750020867	0.9301108799705206	1.9223155378069459	0.21444637864888558	0.2512625992847278	0.7855536213511144	0.7487374007152723	1.0	baseline
K18471	0.0	0.41004457372758907	1.0065360211957677	1.4367369585576708	0.38088045918246927	0.23212677393142053	0.6191195408175307	0.7678732260685794	0.5714285714285714	baseline
K18474	0.0	0.04627221607488351	0.3958609249338653	1.5437262310229038	0.5474764752988531	0.605738960401437	0.5474764752988531	0.605738960401437	0.5714285714285714	endpoint
K18475	0.0	0.5183370504820912	0.42534043088395457	1.710118883555072	0.6319966805875394	0.6823893031527655	0.6319966805875394	0.6823893031527655	0.5714285714285714	endpoint
K18476	0.0	0.5446629318590878	0.9368769475964402	1.4377796177736484	0.3600097382533879	0.30306638572454014	0.6399902617466121	0.6969336142754599	0.7142857142857143	baseline
K18478	0.0	1.286294768066282	1.2663183314784254	1.7833841073068384	0.1296239554199497	0.10881823815538504	0.8703760445800504	0.891181761844615	1.0	baseline
K18479	0.0	0.24022571325998196	0.17780649839117346	1.5273644878653798	0.3982892135311128	0.4660631140581762	0.6017107864688872	0.5339368859418239	0.5714285714285714	baseline
K18480	0.0	0.47749063357139715	0.6734796958367885	0.9336043922334685	0.36544686267358856	0.3230670653464733	0.6345531373264115	0.6769329346535267	0.8571428571428571	baseline
K18530	0.0	0.10063609276742337	0.10793353380899849	1.1682303989893241	0.4860972403603858	0.45270422249605363	0.5139027596396142	0.5472957775039464	0.5714285714285714	baseline
K18531	0.0	0.2804513856773524	0.5196010808463335	1.2072717158829889	0.41785873344226304	0.3843686240989235	0.582141266557737	0.6156313759010765	0.7142857142857143	baseline
K18581	0.0	0.03997765588551989	0.5139109468694936	1.4012930605445224	0.5269052852270344	0.6333366840382835	0.5269052852270344	0.6333366840382835	0.5714285714285714	endpoint
K18589	0.0	0.1229779894665876	0.21929440788049284	1.1853498859278957	0.44073048899161105	0.5260035113037415	0.559269511008389	0.5260035113037415	0.7142857142857143	baseline
K18640	0.14285714285714285	0.8251659542690523	0.5842122751017625	2.378245164746367	0.7341158605635932	0.7393706769207988	0.7341158605635932	0.7393706769207988	0.8571428571428571	endpoint
K18650	0.0	0.7604931885914727	0.8135296210426758	1.2930257916347403	0.24842108713865357	0.19168136345650297	0.7515789128613464	0.808318636543497	0.8571428571428571	baseline
K18657	0.0	0.34879103267906847	0.7292026776902052	1.490437303625342	0.44577442093034975	0.31120161344178393	0.5542255790696502	0.6887983865582161	0.7142857142857143	baseline
K18672	0.0	0.48951533271687325	0.6471634011739651	1.5031563675133497	0.6728471540171084	0.7113772263111118	0.6728471540171084	0.7113772263111118	0.7142857142857143	endpoint
K18673	0.0	0.6291947288283695	0.6136642287435413	1.8135188786664105	0.3470916813088258	0.3234730004237289	0.6529083186911742	0.676526999576271	0.7142857142857143	baseline
K18675	0.0	0.6432743646852862	0.7352775596392118	1.2548580731337653	0.70088651000701	0.7055984879581464	0.70088651000701	0.7055984879581464	0.8571428571428571	endpoint
K18682	0.0	0.7500410882829058	1.1312152623155025	1.5270786071141274	0.7299719093701481	0.8383189427824922	0.7299719093701481	0.8383189427824922	0.8571428571428571	endpoint
K18691	0.0	0.3462180459371398	0.1483127412547659	1.685734714543924	0.4191481657784902	0.4328963814701882	0.5808518342215099	0.5671036185298117	0.7142857142857143	baseline
K18692	0.0	0.12632216953409586	0.2788865015940344	1.6724896169706727	0.5234953888629896	0.5497827060895537	0.5234953888629896	0.5497827060895537	0.5714285714285714	endpoint
K18697	0.0	1.0345457054868703	1.3389705092212807	1.4040417239380678	0.21333955124786066	0.18495787910793354	0.7866604487521394	0.8150421208920664	0.8571428571428571	baseline
K18698	0.0	0.3151917238876499	0.5523976715923138	1.30486318292362	0.4270149244971468	0.37892448678438045	0.5729850755028532	0.6210755132156196	0.5714285714285714	baseline
K18702	0.0	0.49670350050347556	1.0919016917227071	1.467154487119115	0.710781954666854	0.8086043061121155	0.710781954666854	0.8086043061121155	0.7142857142857143	endpoint
K18704	0.0	0.17798191073967326	0.2237576715217947	1.2432426192716177	0.5644343918547882	0.46088457998837357	0.5644343918547882	0.5391154200116264	0.5714285714285714	endpoint
K18707	0.0	0.3063365888301048	0.5648141927312853	1.396985386163953	0.5869874829678557	0.683899762788182	0.5869874829678557	0.683899762788182	0.7142857142857143	endpoint
K18765	0.0	0.9182488212972383	1.3275975546572785	1.904502823241046	0.2442137468113704	0.08928495694349302	0.7557862531886296	0.910715043056507	0.8571428571428571	baseline
K18778	0.0	0.19997584254943424	0.3648078132908725	1.3789686776088566	0.4455519782807436	0.40708110430725364	0.5544480217192564	0.5929188956927464	0.7142857142857143	baseline
K18785	0.0	0.22837736643541237	0.42764413849726063	1.2337916844921262	0.5801440776338544	0.5416085361554227	0.5801440776338544	0.5416085361554227	0.5714285714285714	endpoint
K18800	0.0	0.6917695179252705	1.0096696426721827	1.308837877849887	0.3120245392711088	0.20344118318180685	0.6879754607288913	0.7965588168181932	0.8571428571428571	baseline
K18814	0.0	0.06985570957620937	0.4387272981128707	1.4421172966215807	0.5070916360628418	0.5434483079565138	0.5070916360628418	0.5434483079565138	0.5714285714285714	endpoint
K18824	0.0	0.4888622867228639	0.44897437072253926	1.244239260955931	0.33757797997228683	0.3687000679663315	0.6624220200277131	0.6312999320336685	0.7142857142857143	baseline
K18827	0.0	0.41876330411918167	0.654719801817284	1.2070125926759327	0.35422622252682573	0.2740262924083944	0.6457737774731742	0.7259737075916056	0.7142857142857143	baseline
K18828	0.0	0.23230863165608936	0.4701099953497751	1.4445672728087737	0.42759900851548505	0.40329235561753174	0.572400991484515	0.5967076443824683	0.7142857142857143	baseline
K18829	0.0	0.5528126336167185	0.5840597026262802	1.681692625518936	0.3543052865993127	0.2805545395339813	0.6456947134006873	0.7194454604660188	0.7142857142857143	baseline
K18831	0.0	0.13592160537981038	0.40344936230703393	1.1249410570943992	0.46213155734497186	0.41887627248604337	0.5378684426550282	0.5811237275139567	0.7142857142857143	baseline
K18837	0.0	0.4214759887604784	0.7158944833679189	1.6299246652716313	0.38006889776120023	0.2510281392707188	0.6199311022387998	0.7489718607292812	0.5714285714285714	baseline
K18838	0.0	0.9634761564234845	1.2104910254157875	1.71001256458274	0.24274888081352702	0.1867638294888559	0.757251119186473	0.8132361705111442	0.8571428571428571	baseline
K18850	0.0	0.6392572481731119	0.7650251418009679	1.346219541768471	0.30183317041272284	0.33390314943827926	0.6981668295872772	0.6660968505617207	0.8571428571428571	baseline
K18856	0.0	0.31904245074545845	1.032281926206827	1.508737160311805	0.41756504607084455	0.2718678515827482	0.5824349539291555	0.7281321484172518	0.5714285714285714	baseline
K18887	0.0	0.25587182120109064	0.3771683094911678	1.3802480881028514	0.5993607038982846	0.6619567270797337	0.5993607038982846	0.6619567270797337	0.5714285714285714	endpoint
K18888	0.0	0.048828058353635406	0.31371778676355005	1.254787169834537	0.5418183756528158	0.4211634117000063	0.5418183756528158	0.5788365882999937	0.5714285714285714	baseline
K18889	0.0	0.18912831002470437	0.16052480577860967	1.4314143063680165	0.44554032386510006	0.4439742264923034	0.5544596761348999	0.5560257735076966	0.5714285714285714	baseline
K18890	0.0	0.09599242164598797	0.6907937069886385	1.756202244696251	0.5262462073677395	0.7048715018732479	0.5262462073677395	0.7048715018732479	0.5714285714285714	endpoint
K18895	0.0	0.7225504039462145	1.0114287581345063	1.3463880140939555	0.2957515333816611	0.28831220909388766	0.7042484666183388	0.7116877909061123	0.8571428571428571	baseline
K18898	0.0	0.6791667657470482	1.0174085068270746	1.2876076736815834	0.3071316255886093	0.2568817952924298	0.6928683744113907	0.7431182047075702	0.8571428571428571	baseline
K18899	0.0	1.220620033660745	1.3237763853489426	1.790165785718045	0.13865226208893366	0.09468983026037688	0.8613477379110663	0.9053101697396231	1.0	baseline
K18907	0.0	0.5224082709004954	0.9756937547168596	1.552111623721491	0.3580708593880262	0.30865858570072324	0.6419291406119738	0.6913414142992768	0.7142857142857143	baseline
K18910	0.0	0.00669825082869321	0.12445762891658096	1.208775410780357	0.46626204716327674	0.535889554715389	0.5337379528367232	0.535889554715389	0.5714285714285714	baseline
K18918	0.0	0.026052414956052292	0.6028259306339161	1.2926802786291847	0.49435228988606195	0.2892777535709314	0.505647710113938	0.7107222464290686	0.5714285714285714	endpoint
K18922	0.0	0.49317443913695724	0.48392703503176304	1.6634361937462194	0.34135423260570824	0.3582122157295557	0.6586457673942918	0.6417877842704443	0.7142857142857143	baseline
K18926	0.0	0.25464628183865295	0.33039662859388674	1.6770329906700376	0.382413894919611	0.39595310616246043	0.617586105080389	0.6040468938375396	0.7142857142857143	baseline
K18928	0.0	0.4195067395270267	0.9557419782316255	1.3776323682902438	0.3441728565957379	0.1911318559242468	0.6558271434042622	0.8088681440757532	0.5714285714285714	baseline
K18929	0.0	0.29420911756102236	0.2282811488241737	1.5463567636345024	0.628839399416527	0.549280733383046	0.628839399416527	0.549280733383046	0.7142857142857143	endpoint
K18930	0.0	0.05117455404817669	0.19501799066900896	1.3016193593972847	0.5471140791745127	0.5692375077461473	0.5471140791745127	0.5692375077461473	0.7142857142857143	endpoint
K18954	0.0	0.5300422217159639	0.5122972406830621	1.5143994502951823	0.3307141083289987	0.3275689637913858	0.6692858916710013	0.6724310362086142	0.8571428571428571	baseline
K18955	0.0	0.5248910085985113	1.1276819957915498	1.5702790634450547	0.34899536081360694	0.28342898604460975	0.6510046391863931	0.7165710139553902	0.5714285714285714	baseline
K18959	0.0	0.20211983457544477	0.34515293100277233	1.356872699901804	0.4477010532003497	0.4124987193089091	0.5522989467996503	0.5875012806910909	0.5714285714285714	baseline
K18968	0.0	0.3808051149099508	0.2891325491481371	1.3491258642074055	0.4090537990033279	0.44560124690684083	0.5909462009966722	0.5543987530931591	0.7142857142857143	baseline
K18979	0.0	0.27216747098437244	0.6573337558729634	1.4590112500654728	0.40190893242161135	0.361505406353152	0.5980910675783886	0.638494593646848	0.5714285714285714	baseline
K18986	0.0	0.34452742099972333	0.6445424849825288	1.0604050047806826	0.5946702518005127	0.6125517501872946	0.5946702518005127	0.6125517501872946	0.8571428571428571	endpoint
K18988	0.0	0.7853843031160014	1.127569199229699	1.5884439962222299	0.3047704160657477	0.2043255597674921	0.6952295839342524	0.7956744402325079	0.8571428571428571	baseline
K18991	0.0	0.3845119805875343	0.47046007585714	1.1622903639276996	0.4084313358654174	0.3925258859621433	0.5915686641345825	0.6074741140378568	0.7142857142857143	baseline
K18997	0.0	0.2787989845188955	0.7555709673307192	1.296709209005547	0.4354852711175788	0.30147911030734936	0.5645147288824213	0.6985208896926507	0.7142857142857143	baseline
K19002	0.0	0.26485688953559905	0.6344854488775524	1.275464814719867	0.6281878887201323	0.6887095106254867	0.6281878887201323	0.6887095106254867	0.5714285714285714	endpoint
K19005	0.0	0.013919794352831851	0.2835712729687588	1.250308696381439	0.46769442017098023	0.5857984434900243	0.5323055798290197	0.5857984434900243	0.5714285714285714	baseline
K19046	0.0	0.35695077427378114	0.6292227448302258	1.275348430614847	0.6384670915806838	0.702915100769903	0.6384670915806838	0.702915100769903	0.5714285714285714	endpoint
K19048	0.0	0.23688191634896993	0.06565742139373094	1.3040821805508185	0.6036441069396067	0.5261123700288909	0.6036441069396067	0.5261123700288909	0.5714285714285714	endpoint
K19049	0.0	0.3322896645097311	0.41640697781113506	1.4694413955819159	0.4442148462481747	0.37973481664902536	0.5557851537518252	0.6202651833509747	0.5714285714285714	baseline
K19050	0.0	0.005141861668296602	0.15755877517656625	1.2950898813905878	0.49276154293243185	0.47636055209277584	0.5072384570675681	0.5236394479072242	0.7142857142857143	baseline
K19052	0.0	0.34038177870638453	0.3698086739121355	1.8548512907567571	0.5731527984041833	0.6007168363282546	0.5731527984041833	0.6007168363282546	0.7142857142857143	endpoint
K19055	0.0	1.0240395505425126	1.2527250782078694	1.9801802574605292	0.7765420892904095	0.7993249519526854	0.7765420892904095	0.7993249519526854	0.8571428571428571	endpoint
K19057	0.0	0.9004171543631652	0.8824438085062746	1.5223763795964356	0.24950469597046565	0.1857389376897897	0.7504953040295343	0.8142610623102103	0.8571428571428571	baseline
K19058	0.0	0.4478341935250056	0.6386293330248209	1.274152041821793	0.38374524716003766	0.36389591983240044	0.6162547528399623	0.6361040801675996	0.8571428571428571	baseline
K19059	0.0	0.7871126348986452	0.847583118402055	1.5551804270849197	0.2691229841995985	0.2676522214644997	0.7308770158004014	0.7323477785355004	0.8571428571428571	baseline
K19068	0.0	0.6187312460494547	0.4609817758348235	1.2190995544559955	0.6947454088571748	0.6600260428892312	0.6947454088571748	0.6600260428892312	0.8571428571428571	endpoint
K19075	0.0	1.038626853633137	1.254391566301976	1.7402392978314734	0.8056511492313343	0.7594954604753158	0.8056511492313343	0.7594954604753158	1.0	endpoint
K19090	0.0	1.0603999305344303	1.222994567454835	1.7982142524683962	0.8092256771210147	0.8571464247670592	0.8092256771210147	0.8571464247670592	1.0	endpoint
K19092	0.0	0.6730554906072888	1.0816501720633278	1.4643590244910176	0.2774951312669302	0.1418882770947584	0.7225048687330697	0.8581117229052416	0.8571428571428571	baseline
K19115	0.0	0.4899150431996916	1.0577618526720292	1.433418503946564	0.6268765468791399	0.6462062178737231	0.6268765468791399	0.6462062178737231	0.8571428571428571	endpoint
K19117	0.0	0.11775014761841637	0.4903385874535629	1.240827563988461	0.46547905902154624	0.3724383577495611	0.5345209409784537	0.6275616422504389	0.5714285714285714	baseline
K19118	0.0	0.6939546726279405	0.9082043506596716	1.3457991693361722	0.7182128061305699	0.8230604327817269	0.7182128061305699	0.8230604327817269	0.8571428571428571	endpoint
K19119	0.0	0.2111861970221089	0.5335946565290054	1.6368132170733756	0.4291917960063233	0.34238023275875573	0.5708082039936767	0.6576197672412443	0.5714285714285714	baseline
K19123	0.0	0.43237429769248487	0.3909395567641097	1.5617931989832101	0.37871987501849863	0.38785277688493247	0.6212801249815014	0.6121472231150675	0.7142857142857143	baseline
K19124	0.0	0.5746211675240728	0.7642264503025273	1.3102955408021102	0.6749859453671183	0.6042371319488614	0.6749859453671183	0.6042371319488614	0.8571428571428571	endpoint
K19125	0.0	0.49261989718739574	0.9273390026088093	1.5112088672682127	0.6143215730466878	0.7058274763497412	0.6143215730466878	0.7058274763497412	0.7142857142857143	endpoint
K19126	0.0	0.5707383421123585	0.6127608205019266	1.200638479007637	0.6707870063043426	0.6353465701172135	0.6707870063043426	0.6353465701172135	0.8571428571428571	endpoint
K19127	0.0	0.5296804229688233	0.48886454726343576	1.3412326520953426	0.35730381163352487	0.354498254761611	0.6426961883664751	0.645501745238389	0.8571428571428571	baseline
K19128	0.0	0.6989566533693881	0.8218454095319705	1.6455218149601916	0.33241553562934695	0.2811045809466728	0.667584464370653	0.7188954190533272	0.8571428571428571	baseline
K19129	0.0	0.4521059720148033	0.34542624730232663	1.276371162186827	0.3436499824206988	0.3903028360851005	0.6563500175793012	0.6096971639148995	0.7142857142857143	baseline
K19132	0.0	0.6615636947377187	0.733428510500978	1.2458109799040182	0.2969134277102751	0.3056024304495379	0.7030865722897248	0.6943975695504621	0.8571428571428571	baseline
K19134	0.0	0.08023611225192286	0.044943543201732467	1.2441896014594107	0.5369718008092127	0.46316037511764163	0.5369718008092127	0.5368396248823584	0.5714285714285714	endpoint
K19139	0.0	1.0253957824621267	1.0163196981367522	1.6308949484733914	0.810368279767599	0.902240797901784	0.810368279767599	0.902240797901784	1.0	endpoint
K19140	0.0	0.9000869775062015	0.9305235504037608	1.3697689233662538	0.7834654023373522	0.8244570484198579	0.7834654023373522	0.8244570484198579	1.0	endpoint
K19147	0.14285714285714285	0.6449321360511869	0.9381961466863129	2.327056275743226	0.6843024124515381	0.8115262524524638	0.6843024124515381	0.8115262524524638	0.7142857142857143	endpoint
K19155	0.0	0.677093787369313	1.0475819331079828	1.4111259018927658	0.2827847970740715	0.21888321738819572	0.7172152029259284	0.7811167826118043	0.8571428571428571	baseline
K19157	0.0	0.7861342424209276	0.9114872525563349	1.475666834850979	0.745778152720337	0.7982050043641757	0.745778152720337	0.7982050043641757	0.8571428571428571	endpoint
K19158	0.0	0.8833002814241985	0.8372650889756118	1.4900136520152236	0.26043888837326906	0.28188605628448976	0.7395611116267309	0.7181139437155102	1.0	baseline
K19159	0.14285714285714285	0.169862160059141	0.5558782692227447	2.114102777612719	0.5261904438192192	0.35101621240963216	0.5261904438192192	0.6489837875903679	0.5714285714285714	endpoint
K19160	0.0	0.3554530735787945	0.7416281320365601	1.439572680413761	0.38829093149214916	0.3475127885767263	0.6117090685078508	0.6524872114232737	0.5714285714285714	baseline
K19162	0.0	0.80569659997049	1.223691487559197	1.4313240735401185	0.23465479714169019	0.19111583187760392	0.7653452028583099	0.808884168122396	0.8571428571428571	baseline
K19163	0.0	0.056418168593349326	0.4732882479510045	1.50481978438235	0.5195892542340383	0.4025493440068719	0.5195892542340383	0.5974506559931281	0.5714285714285714	baseline
K19164	0.0	0.14728215783127893	0.4683102537248453	1.3256978887432307	0.4871485699344129	0.3820638808281988	0.5128514300655871	0.6179361191718011	0.5714285714285714	baseline
K19165	0.0	1.1286069206138376	1.3912436494935096	1.6791751651294153	0.8245175206839833	0.9057520494244846	0.8245175206839833	0.9057520494244846	0.8571428571428571	endpoint
K19166	0.0	0.8020538765947827	1.3509366851261744	1.661858224879153	0.28209431846586636	0.1665676459235958	0.7179056815341336	0.8334323540764041	0.7142857142857143	baseline
K19168	0.0	0.9554917190155016	1.107782755813961	1.3806594550286997	0.20468198766239	0.22328183759759557	0.79531801233761	0.7767181624024044	1.0	baseline
K19170	0.0	0.6648306464253453	0.8976106163505234	1.579841790326933	0.7003659453620407	0.7366539092466987	0.7003659453620407	0.7366539092466987	0.7142857142857143	endpoint
K19171	0.0	0.14559787946370387	0.3583884834064772	1.2985908092487242	0.5684257546301198	0.5969786563513907	0.5684257546301198	0.5969786563513907	0.5714285714285714	endpoint
K19175	0.0	0.100306045984163	0.5658316329011578	1.3835000724248268	0.5107542374361307	0.6085495446132807	0.5107542374361307	0.6085495446132807	0.7142857142857143	endpoint
K19180	0.0	0.6435105761106062	0.7556427914199614	1.44419840194863	0.7033181167409249	0.7399694053955576	0.7033181167409249	0.7399694053955576	1.0	endpoint
K19221	0.0	1.0503954040692411	1.32331064464477	1.5826341317610073	0.18867321591156067	0.187225997128276	0.8113267840884393	0.812774002871724	1.0	baseline
K19222	0.0	0.9454381138561828	1.3110416848509714	1.6461013792631547	0.24752499256460508	0.1500624236808108	0.752475007435395	0.8499375763191892	0.8571428571428571	baseline
K19224	0.0	0.05493389810795283	0.17009891337665464	1.196867236051763	0.5221705985236043	0.5529603374033669	0.5221705985236043	0.5529603374033669	0.5714285714285714	endpoint
K19225	0.0	0.18646337114716435	0.1839766093852663	1.6947755063289351	0.5688032667423581	0.5340732927935579	0.5688032667423581	0.5340732927935579	0.7142857142857143	endpoint
K19226	0.0	1.1901936765278476	1.328488526506416	1.9485062785737917	0.17830161592429766	0.13715137616390435	0.8216983840757024	0.8628486238360956	0.8571428571428571	baseline
K19227	0.0	0.6364915810602223	0.6188386639504727	1.7556174009508694	0.3425386371954331	0.2585086276778793	0.6574613628045669	0.7414913723221207	0.7142857142857143	baseline
K19228	0.0	1.1409493239387525	1.2425336037365065	1.409358350550022	0.1637862381275288	0.1651473018068376	0.8362137618724712	0.8348526981931624	1.0	baseline
K19229	0.0	0.743218050628995	0.8422002957291351	1.5523136953938834	0.29633511062215445	0.24851520129239843	0.7036648893778455	0.7514847987076015	0.8571428571428571	baseline
K19230	0.14285714285714285	0.3521041190296743	0.12207948122659816	2.3793909864207436	0.4705708080885075	0.4290201791854392	0.5294291919114925	0.5709798208145608	0.5714285714285714	baseline
K19231	0.0	0.15724029427399852	0.21168601069285062	1.1695825170319436	0.4661278559930631	0.43548161740107527	0.5338721440069369	0.5645183825989247	0.7142857142857143	baseline
K19234	0.0	0.4977487985729098	1.1746423509838455	1.5445701124747782	0.34719417389937013	0.2385868441301399	0.6528058261006299	0.7614131558698601	0.7142857142857143	baseline
K19235	0.0	0.6849769379995178	0.7135039161416837	1.5981938787329728	0.30835873084359455	0.35218132544939884	0.6916412691564054	0.6478186745506012	0.8571428571428571	baseline
K19236	0.0	1.1680618477973341	1.3553466179202853	1.5418917653165252	0.13950549151127253	0.11315690563252467	0.8604945084887274	0.8868430943674753	1.0	baseline
K19262	0.0	0.08125610671857822	0.48403545000682563	0.9784335946761313	0.46005769344174396	0.3381937676063273	0.539942306558256	0.6618062323936726	0.7142857142857143	baseline
K19265	0.0	0.6514641676703148	0.9981390932140161	1.4999700047018665	0.3004811224495617	0.1585129820883012	0.6995188775504383	0.8414870179116988	0.7142857142857143	baseline
K19267	0.0	0.42314511465563637	0.35450916648786324	1.2802894950991626	0.37904243368794593	0.40268649231504156	0.6209575663120541	0.5973135076849585	0.8571428571428571	baseline
K19268	0.0	0.07414656539498068	0.023866113033971584	0.8198937621258455	0.47919860547331494	0.46273171260386947	0.5208013945266851	0.5372682873961305	0.5714285714285714	baseline
K19270	0.0	0.8342900080360885	1.1587230592041042	1.6313501728301125	0.2673475610346388	0.18824859830407253	0.7326524389653613	0.8117514016959275	0.8571428571428571	baseline
K19271	0.0	0.06829082438644328	0.3811346451808434	1.4751640812597075	0.5209290111661591	0.6126905296984619	0.5209290111661591	0.6126905296984619	0.5714285714285714	endpoint
K19273	0.0	0.6061648704704697	0.5127479004780522	1.2300622557419905	0.6998868433939771	0.6330647871562538	0.6998868433939771	0.6330647871562538	0.8571428571428571	endpoint
K19285	0.0	0.7449604713496052	1.2610329883926121	1.7238718946756555	0.7307001076994754	0.9162012468855459	0.7307001076994754	0.9162012468855459	0.7142857142857143	endpoint
K19286	0.0	0.31893824945068566	0.7257635007530522	1.2732634697225635	0.5775987222001497	0.6828635552575595	0.5775987222001497	0.6828635552575595	0.5714285714285714	endpoint
K19294	0.14285714285714285	0.1933834225264932	0.17617032572539876	2.2518737902576573	0.4630893089503107	0.5313938022382881	0.5369106910496892	0.5313938022382881	0.5714285714285714	baseline
K19299	0.0	0.3513052089650786	0.6922762118819107	1.3590681122387909	0.6001176225029458	0.6227447574483637	0.6001176225029458	0.6227447574483637	0.7142857142857143	endpoint
K19302	0.0	0.33431671015515374	0.43459192975838123	0.7912235915564569	0.5946754571907474	0.5865052502393765	0.5946754571907474	0.5865052502393765	0.8571428571428571	endpoint
K19303	0.0	0.9558428480974762	1.3065078882309247	1.950103819061539	0.2603557693672316	0.14690938950979576	0.7396442306327684	0.8530906104902043	0.7142857142857143	baseline
K19304	0.0	0.7216304651190075	1.0204917201246588	1.650505544288603	0.3173668515725212	0.22635028547363284	0.6826331484274788	0.7736497145263672	0.8571428571428571	baseline
K19309	0.0	0.13179565143704672	0.10723641970156812	1.4772157775389296	0.5266246753797267	0.5382643492186798	0.5266246753797267	0.5382643492186798	0.5714285714285714	endpoint
K19310	0.0	0.8444059121263088	1.2935180761320726	1.7704914763043147	0.745033749991685	0.8058773127991786	0.745033749991685	0.8058773127991786	0.8571428571428571	endpoint
K19333	0.0	0.19772069463982334	0.7758047270132415	1.3712531816698545	0.41643602292775367	0.20463035450714784	0.5835639770722463	0.7953696454928522	0.5714285714285714	baseline
K19334	0.0	0.8298189184164729	1.3616539627735078	1.486658513162992	0.263866250329646	0.1656437334651963	0.7361337496703539	0.8343562665348037	0.8571428571428571	baseline
K19335	0.0	0.16574978867561163	0.4636125940297203	1.4483268518668004	0.4798579793030669	0.3859186820117425	0.5201420206969332	0.6140813179882575	0.5714285714285714	baseline
K19336	0.0	1.1395113772161933	1.1699124941703072	1.6943558852579468	0.184202377456573	0.11708826027518347	0.815797622543427	0.8829117397248165	1.0	baseline
K19337	0.14285714285714285	1.1636619400109358	1.301422870061529	2.292314554641797	0.16586055986560064	0.0901034169183294	0.8341394401343993	0.9098965830816705	1.0	baseline
K19338	0.0	0.5895497378468841	0.832141692597253	1.459804906224784	0.3165935964473615	0.2720238824928836	0.6834064035526385	0.7279761175071164	0.8571428571428571	baseline
K19350	0.14285714285714285	0.049626376044636045	0.1422089744553967	2.1215449425102597	0.5315363125060644	0.5464402299609717	0.5315363125060644	0.5464402299609717	0.5714285714285714	baseline
K19353	0.0	0.9179097883471743	0.8060025100378143	1.708128797020994	0.23144712257303565	0.2854714720178661	0.7685528774269643	0.7145285279821338	1.0	baseline
K19354	0.0	0.9620627660155335	1.1722988498685831	1.9180826764053072	0.18374974265999144	0.08592122716374327	0.8162502573400086	0.9140787728362567	0.8571428571428571	baseline
K19355	0.0	0.21614689726232367	0.09816150303649056	1.5122470825054777	0.4212261303746178	0.49462878767644575	0.5787738696253821	0.5053712123235543	0.5714285714285714	baseline
K19405	0.0	0.0960080143284182	0.30396239940685477	1.231727740421264	0.5480935271862	0.5914189947033259	0.5480935271862	0.5914189947033259	0.5714285714285714	endpoint
K19411	0.0	0.1213580558699524	0.04773550050348654	1.6336526319836087	0.5014109148065727	0.5107983439736168	0.5014109148065727	0.5107983439736168	0.5714285714285714	baseline
K19416	0.0	0.716266393180455	1.0780459128078264	1.509650554927617	0.2746496909947932	0.2510175698074041	0.7253503090052068	0.7489824301925959	0.8571428571428571	baseline
K19421	0.0	1.0208252276378649	1.188752208757242	1.4641666237040705	0.79138186849123	0.8082173456043095	0.79138186849123	0.8082173456043095	1.0	endpoint
K19424	0.0	0.11776347174595585	0.3519918275288873	0.6530765795326176	0.5140850511424412	0.5627911653794955	0.5140850511424412	0.5627911653794955	0.5714285714285714	endpoint
K19427	0.0	0.462023502924549	0.8251937842725168	1.3853179446660029	0.6357946141545964	0.6290463035897746	0.6357946141545964	0.6290463035897746	0.7142857142857143	endpoint
K19428	0.0	0.0503437978774705	0.246485390579569	1.3872269222911904	0.5239018214951591	0.5708179612552949	0.5239018214951591	0.5708179612552949	0.5714285714285714	endpoint
K19429	0.0	0.6227932438485001	0.6246571957089124	1.4284536480468157	0.7084406782871439	0.7463764125547672	0.7084406782871439	0.7463764125547672	0.8571428571428571	endpoint
K19431	0.0	1.0316607958358166	1.222572277117054	1.449421881495919	0.8314178340486544	0.9517431760126793	0.8314178340486544	0.9517431760126793	1.0	endpoint
K19504	0.0	0.6660094701992982	0.7822405815963939	1.6087944541731263	0.3142569046200605	0.2920211413623853	0.6857430953799395	0.7079788586376148	0.7142857142857143	baseline
K19505	0.0	0.21280690102853725	0.5268052183587815	1.272033347549702	0.4311808490234802	0.3408903585900905	0.5688191509765198	0.6591096414099096	0.5714285714285714	baseline
K19506	0.0	0.30204715320532377	0.4988527501685707	1.3657754798589141	0.3788126522304803	0.3326233170609549	0.6211873477695198	0.6673766829390451	0.7142857142857143	baseline
K19507	0.0	0.05515890024119609	0.044665064661632614	1.233248807172544	0.5120955939251478	0.5236364233982445	0.5120955939251478	0.5236364233982445	0.5714285714285714	baseline
K19508	0.0	0.34995431021992174	0.1522245692966122	1.4951242979503496	0.5609416248891549	0.5231744713779987	0.5609416248891549	0.5231744713779987	0.7142857142857143	endpoint
K19509	0.0	0.07603966902279524	0.16139510193696222	1.014497533384392	0.5257953043106393	0.5263222375452644	0.5257953043106393	0.5263222375452644	0.5714285714285714	endpoint
K19510	0.0	0.18619061527809883	0.05565812817308264	1.291475121537381	0.4488520497102825	0.5001828762932022	0.5511479502897175	0.5001828762932022	0.5714285714285714	baseline
K19540	0.14285714285714285	0.20081621537663621	0.4767963457760691	2.020453398521285	0.5019449453352438	0.3762129085728785	0.5019449453352438	0.6237870914271215	0.5714285714285714	baseline
K19545	0.0	0.42548385823880785	0.3679321573417575	1.7383725804774064	0.6245049671966866	0.5992097755958213	0.6245049671966866	0.5992097755958213	0.7142857142857143	endpoint
K19577	0.0	0.8947980518723406	1.2412976477928959	1.3801316190283992	0.23161390701374554	0.1425663201429358	0.7683860929862545	0.8574336798570642	0.8571428571428571	baseline
K19585	0.0	0.9833287232037026	1.1580335777126636	1.3634132476654122	0.19747436243666813	0.15216791548752087	0.8025256375633318	0.8478320845124792	0.8571428571428571	baseline
K19586	0.0	0.6984453202421126	0.9790026926015345	1.377768851260662	0.29843588385955055	0.2843234660799961	0.7015641161404494	0.715676533920004	0.8571428571428571	baseline
K19587	0.0	0.47129035712878153	0.7793340352422535	1.4376383253483624	0.3599879301229465	0.23197714970317979	0.6400120698770535	0.7680228502968203	0.5714285714285714	baseline
K19591	0.0	0.9835386067723633	1.3733425892776243	1.7677951874408828	0.23376930920759564	0.09991962673750658	0.7662306907924044	0.9000803732624935	0.8571428571428571	baseline
K19611	0.0	0.5909274082837429	0.7812226534803012	1.6591737359519736	0.3315729983571357	0.3093936510406762	0.6684270016428643	0.6906063489593238	0.7142857142857143	baseline
K19689	0.0	0.7217823210323778	1.2735896441482377	1.5824857774725807	0.2759443638363051	0.15658710450011148	0.724055636163695	0.8434128954998885	0.8571428571428571	baseline
K19697	0.0	1.0691408750476241	1.3354365488779647	1.5739269038916137	0.21352561475454718	0.19172393039402988	0.7864743852454528	0.8082760696059701	0.8571428571428571	baseline
K19709	0.0	0.6423548736166041	0.8057897997387363	1.324913956784082	0.296612929729772	0.21723268337538046	0.7033870702702281	0.7827673166246195	0.7142857142857143	baseline
K19710	0.0	0.1866041564100269	0.027479499376982103	1.333744270962961	0.4646894100208189	0.47242824322136234	0.535310589979181	0.5275717567786377	0.5714285714285714	baseline
K19745	0.0	0.825141046785734	1.3074415209559713	1.847277515160261	0.24336176151508954	0.08133825522697208	0.7566382384849104	0.9186617447730279	0.7142857142857143	baseline
K19775	0.0	1.2996732049488908	1.3563395421949578	1.5790797305202793	0.11696632620801983	0.10579378420672045	0.8830336737919802	0.8942062157932795	1.0	baseline
K19776	0.0	0.4709451219230574	1.1377299959571372	1.4356968557678194	0.3932360715781383	0.2554053265928247	0.6067639284218618	0.7445946734071753	0.7142857142857143	baseline
K19784	0.0	0.9154698817297183	1.1202591386911083	1.7466418290952566	0.2317317878484233	0.1806834796353792	0.7682682121515767	0.8193165203646208	0.8571428571428571	baseline
K19789	0.0	0.6258830522036049	0.8589158718791505	1.3875085848298645	0.320585126884307	0.240298538747514	0.679414873115693	0.7597014612524859	0.8571428571428571	baseline
K19793	0.0	0.02309610354213825	0.2331913222363613	1.0987003666262338	0.5075630852892558	0.4324966968234867	0.5075630852892558	0.5675033031765133	0.5714285714285714	baseline
K19802	0.0	0.1864479121789065	0.27032865117551186	1.1296893675708237	0.5155475223338662	0.5637134507082326	0.5155475223338662	0.5637134507082326	0.5714285714285714	endpoint
K19803	0.0	0.4721609566451494	0.45123625566868275	1.6760603818412851	0.3778091713752017	0.4077046568028428	0.6221908286247984	0.5922953431971572	0.7142857142857143	baseline
K19804	0.0	0.5344725862727564	0.694202510579473	1.2077756887158457	0.36407059256638064	0.2808512262772124	0.6359294074336194	0.7191487737227876	0.7142857142857143	baseline
K19810	0.0	0.93845841178599	1.2649281171664573	1.7602711412112875	0.24484922909744025	0.13382329682971708	0.7551507709025598	0.866176703170283	0.8571428571428571	baseline
K19824	0.14285714285714285	0.8372194650279408	0.8999428883236887	2.1989179581968394	0.733732641277879	0.788372232608963	0.733732641277879	0.788372232608963	0.8571428571428571	endpoint
K19837	0.0	0.7982245531128382	0.8620089031964087	1.4894369617983836	0.27912279828041153	0.27782311020740813	0.7208772017195885	0.7221768897925919	0.8571428571428571	baseline
K19883	0.0	0.5232764803624513	0.39516545982996365	1.3742816784249003	0.6668829449241022	0.645123085876911	0.6668829449241022	0.645123085876911	0.8571428571428571	endpoint
K19954	0.0	0.8405136201385545	1.0732050019163473	1.523640157922849	0.7530690954532638	0.8693910892623394	0.7530690954532638	0.8693910892623394	0.7142857142857143	endpoint
K19955	0.0	0.47453485154440317	0.4011069264845859	1.3683842670893192	0.6658628717751122	0.6736976537375513	0.6658628717751122	0.6736976537375513	0.7142857142857143	endpoint
K19956	0.0	0.2556420605893712	0.2915526059373202	1.6045884997770932	0.41670920494335395	0.4105562190662788	0.583290795056646	0.5894437809337212	0.7142857142857143	baseline
K19997	0.0	0.39286260683265795	0.4328494394270311	1.4689234239435993	0.6156121184890423	0.6828896215498726	0.6156121184890423	0.6828896215498726	0.7142857142857143	endpoint
K20023	0.0	0.8771296340659435	1.32952339232257	1.6018258201847393	0.24325876925039952	0.13832866391297063	0.7567412307496004	0.8616713360870294	0.7142857142857143	baseline
K20037	0.0	0.14827039461966546	0.1017667034705631	1.1880604751843502	0.5383792896720153	0.48002911935817233	0.5383792896720153	0.5199708806418277	0.5714285714285714	endpoint
K20038	0.14285714285714285	0.0675535555924623	1.2124308350078417	2.1725449339022678	0.5456626000034133	0.8813768657840566	0.5456626000034133	0.8813768657840566	0.5714285714285714	baseline
K20073	0.14285714285714285	0.9093717156741936	0.9589243043322814	2.1655310734151625	0.7534107793702697	0.8300926406199378	0.7534107793702697	0.8300926406199378	0.8571428571428571	endpoint
K20074	0.0	0.12670581328968064	0.40686395824685123	1.4618133242293674	0.46550024881216584	0.3839087915055985	0.5344997511878342	0.6160912084944015	0.5714285714285714	baseline
K20107	0.0	0.3631860613254202	0.9184518306417859	1.3222726113833607	0.4362611234068651	0.2984790412077093	0.5637388765931348	0.7015209587922907	0.5714285714285714	baseline
K20108	0.0	0.829087292599041	1.2553585265849105	1.5995476320103956	0.24384603416459122	0.23332995861580824	0.7561539658354088	0.7666700413841918	0.8571428571428571	baseline
K20114	0.0	0.6262305061135843	0.9418199432153151	1.385020735362777	0.30516890829068094	0.20261319791638796	0.694831091709319	0.797386802083612	0.8571428571428571	baseline
K20116	0.0	0.5618267187331395	0.48800753020738025	1.292475684096268	0.6904005925032507	0.6421486631384424	0.6904005925032507	0.6421486631384424	0.8571428571428571	endpoint
K20117	0.0	0.8587280303550117	1.010150308757339	1.4816570332655141	0.7424712672977352	0.8344622625581604	0.7424712672977352	0.8344622625581604	0.8571428571428571	endpoint
K20118	0.0	1.0927935208816488	1.1146645240094828	1.5431447520024841	0.8270657548253068	0.860744830265196	0.8270657548253068	0.860744830265196	1.0	endpoint
K20263	0.0	1.0641169740860528	1.2902174511192583	1.4823176723894556	0.1701891872236804	0.13069405686131558	0.8298108127763196	0.8693059431386845	1.0	baseline
K20264	0.0	0.786735486657897	0.8264978285290104	1.4240782453307654	0.25978757591223145	0.33342466932289444	0.7402124240877686	0.6665753306771056	0.8571428571428571	baseline
K20265	0.0	0.021959538541085993	0.39068033252674667	1.490186045389745	0.4510763035361808	0.6045278419689071	0.5489236964638192	0.6045278419689071	0.5714285714285714	endpoint
K20276	0.0	0.5098198190286333	0.6830908693231523	1.7260077903255924	0.3798507518103381	0.26336040680604395	0.6201492481896619	0.736639593193956	0.7142857142857143	baseline
K20342	0.0	0.4382129092795595	0.4111187903749352	1.3439735459758773	0.6113515082981337	0.6209552729024279	0.6113515082981337	0.6209552729024279	0.8571428571428571	endpoint
K20344	0.0	0.144788097586521	0.506420108410965	1.4725694541368257	0.49073397525399	0.3865566266395884	0.50926602474601	0.6134433733604117	0.7142857142857143	baseline
K20345	0.0	0.012710640056254704	0.11183650614166381	1.4319109895260496	0.5140981511502828	0.46741706732107435	0.5140981511502828	0.5325829326789256	0.7142857142857143	baseline
K20382	0.0	0.4825151788973999	0.5508874143819185	1.2982172716301632	0.362599529771717	0.3791751850260774	0.637400470228283	0.6208248149739226	0.5714285714285714	baseline
K20415	0.0	0.14990009047803685	0.26861246173688785	0.7359830650056566	0.44171829614059455	0.4335961132515662	0.5582817038594055	0.5664038867484338	0.8571428571428571	baseline
K20429	0.0	0.1958091556984248	0.011449170855160683	1.4543673110388966	0.41174808544763525	0.5158712146961087	0.5882519145523648	0.5158712146961087	0.5714285714285714	baseline
K20444	0.0	0.1501865239764237	0.06585280455347899	1.6047700239668738	0.5779826006816007	0.528901825380777	0.5779826006816007	0.528901825380777	0.7142857142857143	endpoint
K20459	0.0	1.0563255019151596	1.2713141661500424	1.9316631826263204	0.8063065095448595	0.8023307524302566	0.8063065095448595	0.8023307524302566	1.0	endpoint
K20460	0.0	0.24180421087482204	0.7261157240052909	1.2119597151208987	0.5993494389960193	0.6829458979781653	0.5993494389960193	0.6829458979781653	0.7142857142857143	endpoint
K20461	0.0	0.4588738589672351	0.5032927267089738	1.7569589886748582	0.6065600781387588	0.709372236046042	0.6065600781387588	0.709372236046042	0.7142857142857143	endpoint
K20480	0.0	0.6072907609814189	0.8046587782680724	1.3638742933790708	0.3118556938426252	0.3370498872414467	0.6881443061573749	0.6629501127585533	0.5714285714285714	baseline
K20483	0.0	0.8079455600506176	1.2307374428882882	1.6391074365406448	0.746178268684745	0.7427078698380155	0.746178268684745	0.7427078698380155	0.8571428571428571	endpoint
K20484	0.0	0.7263355586632796	1.1731964217585285	1.4609709193536442	0.7522633634594568	0.9498297898456318	0.7522633634594568	0.9498297898456318	0.8571428571428571	endpoint
K20487	0.0	0.9365465776479353	1.0809457690064848	1.4564915669030318	0.7824735674058109	0.8236924882235551	0.7824735674058109	0.8236924882235551	1.0	endpoint
K20488	0.0	1.1755915307253362	1.2573475625861725	1.6684090482533516	0.8566453822960717	0.9032351475779977	0.8566453822960717	0.9032351475779977	1.0	endpoint
K20489	0.0	0.34132572582270987	0.49569308782625365	0.907845065155284	0.6200715912565672	0.6290777145702006	0.6200715912565672	0.6290777145702006	0.7142857142857143	endpoint
K20490	0.0	0.9099503452682279	1.015335903768139	1.6804006692764768	0.7699243292132903	0.8651181152928246	0.7699243292132903	0.8651181152928246	0.8571428571428571	endpoint
K20491	0.0	0.7874604656389498	0.9509526026469459	1.457909862655959	0.7560560080185544	0.7478377548538118	0.7560560080185544	0.7478377548538118	0.8571428571428571	endpoint
K20492	0.0	1.1780525167862759	1.5059007640152615	1.6683426134954769	0.8591399580460176	0.881541532142475	0.8591399580460176	0.881541532142475	1.0	endpoint
K20509	0.0	0.12547262273317766	0.024430679740201234	1.6718686359411778	0.5071160324743692	0.5046806443118376	0.5071160324743692	0.5046806443118376	0.5714285714285714	endpoint
K20533	0.0	0.13106486452141117	0.06849389567681365	1.118455529492976	0.544942929461886	0.5178075724894566	0.544942929461886	0.5178075724894566	0.7142857142857143	endpoint
K20534	0.0	0.34880881992239143	0.3613984832165334	1.1151082109271515	0.5890914778254087	0.5976823338394829	0.5890914778254087	0.5976823338394829	0.7142857142857143	endpoint
K20541	0.0	0.7351950353978424	0.8701301133169274	1.5078232794361568	0.28623139638580275	0.22847801254245542	0.7137686036141973	0.7715219874575445	0.8571428571428571	baseline
K20542	0.0	0.7837419707720465	0.8917902478031583	1.4790178766292923	0.277254682712056	0.19011581294456817	0.722745317287944	0.8098841870554319	0.8571428571428571	baseline
K20543	0.0	0.509106432554962	0.5183357636102526	1.72613463688087	0.36274901381105	0.3472441365568542	0.6372509861889499	0.6527558634431458	0.8571428571428571	baseline
K20609	0.0	0.5072056586023495	0.7471497674388711	1.3618341670020364	0.3375561269552176	0.33852602231944123	0.6624438730447824	0.6614739776805587	0.7142857142857143	baseline
K20765	0.0	0.41296124527420275	0.8061251463863912	1.3706480831721781	0.34952646631861717	0.24070877324900852	0.6504735336813828	0.7592912267509915	0.7142857142857143	baseline
K20814	0.0	0.6220443740992961	0.7029922390944048	1.4937744042421779	0.3244983507172859	0.22962308884592594	0.6755016492827142	0.770376911154074	0.7142857142857143	baseline
K20861	0.0	1.0401050915719425	1.1566589600032975	1.4746487730760711	0.18044605011113846	0.08084274131525142	0.8195539498888615	0.9191572586847486	0.8571428571428571	baseline
K20862	0.0	0.5689710599137271	0.8995515211703751	1.3664334185852487	0.2980107816414193	0.30289755387623973	0.7019892183585807	0.6971024461237603	0.7142857142857143	baseline
K20866	0.0	0.260515651999211	0.48268559902942065	1.4720729814087485	0.4074955844912135	0.40035243210691507	0.5925044155087865	0.5996475678930849	0.7142857142857143	baseline
K20881	0.0	1.000066286557814	1.0497794268375322	1.6798159351121387	0.20934547254414088	0.2182775065617076	0.7906545274558592	0.7817224934382924	1.0	baseline
K20885	0.0	0.08360495085769899	0.00589753545694882	1.4260831340042859	0.46194625344236473	0.5143480246304762	0.5380537465576353	0.5143480246304762	0.5714285714285714	baseline
K20903	0.0	0.28619487628389617	0.35344099743143037	1.2759175702021328	0.5696044838268151	0.6039335594726428	0.5696044838268151	0.6039335594726428	0.7142857142857143	endpoint
K20904	0.0	0.5863781153154063	0.7953257614432989	1.4455099293555276	0.6869747085232173	0.7659850842222796	0.6869747085232173	0.7659850842222796	0.7142857142857143	endpoint
K20920	0.0	0.5711810674593754	0.8990454251760727	1.3678874673338974	0.3159788155000016	0.20738175320708205	0.6840211844999984	0.7926182467929179	0.8571428571428571	baseline
K20938	0.0	0.752839061183599	0.896464287469352	1.428960727649257	0.2841817764808074	0.2605368488893301	0.7158182235191926	0.73946315111067	0.8571428571428571	baseline
K21011	0.0	0.2879327464630802	0.6394720229582198	1.138865646376883	0.39700701493152174	0.36447040132524294	0.6029929850684783	0.6355295986747571	0.5714285714285714	baseline
K21012	0.0	0.03110183308196018	0.0735199861688082	1.6695798640513302	0.5275496201271793	0.5303821243838162	0.5275496201271793	0.5303821243838162	0.5714285714285714	baseline
K21021	0.14285714285714285	1.1772831599046447	1.0013005566759248	2.07027869971778	0.14694778677815032	0.1437319112564015	0.8530522132218497	0.8562680887435985	1.0	baseline
K21023	0.0	0.19721580907322472	0.3482943294483617	1.25500767724284	0.5904778192753745	0.6234899575098174	0.5904778192753745	0.6234899575098174	0.5714285714285714	endpoint
K21028	0.0	0.5839528256392004	0.5613983985087642	1.8576963845789338	0.3313816455473641	0.328483081909594	0.6686183544526358	0.6715169180904059	0.8571428571428571	baseline
K21029	0.0	0.45918307107711354	0.848515517044352	1.3123060161324742	0.6023254599287401	0.6577410980263864	0.6023254599287401	0.6577410980263864	0.7142857142857143	endpoint
K21030	0.0	0.7946279222033305	1.1467630776162603	1.4059511019460487	0.7222010127631301	0.6609801586626239	0.7222010127631301	0.6609801586626239	1.0	endpoint
K21063	0.0	0.49871408787606913	0.5532077461104032	1.5071825188039374	0.6237079780416356	0.6491422272943307	0.6237079780416356	0.6491422272943307	0.8571428571428571	endpoint
K21064	0.0	0.2615856739345896	0.6878639348275918	1.4000945216643328	0.3827322964600767	0.3438550095391857	0.6172677035399232	0.6561449904608143	0.5714285714285714	baseline
K21065	0.0	0.14246953506345797	0.16907116754766582	1.2992890246276878	0.4541630652989158	0.44255555565023713	0.5458369347010842	0.5574444443497628	0.7142857142857143	baseline
K21071	0.0	0.7846108805381845	1.115088892823206	1.528366975063879	0.7229263684000115	0.8738556368058822	0.7229263684000115	0.8738556368058822	0.8571428571428571	endpoint
K21076	0.0	0.34652183290469946	0.39891039672258993	0.9785550834931603	0.3946526379655357	0.3867614358129161	0.6053473620344643	0.6132385641870839	0.7142857142857143	baseline
K21084	0.0	0.8167903572572655	1.2388915454056513	1.458408824426951	0.284999560513204	0.2649685288746261	0.7150004394867959	0.7350314711253739	0.8571428571428571	baseline
K21085	0.0	0.930367385730122	0.9434911560922389	1.4216126329869145	0.20777849519039296	0.14707233810120757	0.7922215048096071	0.8529276618987924	1.0	baseline
K21086	0.14285714285714285	0.8368126733243928	1.2500569464159976	2.1481597810507362	0.3076920659902301	0.16536746216348605	0.69230793400977	0.8346325378365139	0.7142857142857143	baseline
K21087	0.0	0.8041407699872856	1.1278898988812374	1.4771720572972236	0.23308659310122315	0.0961416173007941	0.7669134068987769	0.9038583826992059	0.8571428571428571	baseline
K21088	0.0	0.34898831053734225	0.9622893357473814	1.4396022204194112	0.39235255022089477	0.27087189017102603	0.6076474497791052	0.7291281098289739	0.5714285714285714	baseline
K21089	0.14285714285714285	1.324895052239062	1.239288805661702	2.116534442161744	0.13098737422498147	0.14638797573026033	0.8690126257750186	0.8536120242697397	1.0	baseline
K21090	0.0	0.6911355416073438	0.7979970464547701	1.7291257898478876	0.3311912768768869	0.32663894994997067	0.6688087231231131	0.6733610500500293	0.8571428571428571	baseline
K21132	0.0	0.3667666314295583	0.6829976241872373	1.3828374975134121	0.38623534757054384	0.2633954616009486	0.6137646524294562	0.7366045383990514	0.7142857142857143	baseline
K21140	0.0	1.1917854562838193	1.1550447876804453	1.5313226180562267	0.8601447230385133	0.826008886760188	0.8601447230385133	0.826008886760188	1.0	endpoint
K21298	0.0	0.933620313096076	1.160162027855419	1.5181167883817188	0.24554201174445595	0.1878519651399556	0.754457988255544	0.8121480348600444	0.8571428571428571	baseline
K21350	0.0	1.117705032621557	1.0015365874924411	1.6368979948892015	0.8271556578918767	0.7836963297056403	0.8271556578918767	0.7836963297056403	1.0	endpoint
K21364	0.0	0.6421127500063495	0.9437663327854556	1.4554387631475774	0.6691004246530083	0.712219411873696	0.6691004246530083	0.712219411873696	0.8571428571428571	endpoint
K21393	0.0	0.3373514622040311	0.22668967897401676	1.6684446094873508	0.42440395110832885	0.4329910527269244	0.5755960488916712	0.5670089472730756	0.5714285714285714	baseline
K21394	0.0	0.9591911972213885	1.2630700857115864	1.479197861150818	0.2126941990085632	0.10223157733799469	0.7873058009914368	0.8977684226620053	0.8571428571428571	baseline
K21395	0.0	0.5180558899466445	0.5990358007892069	1.585644385854778	0.36949259659885836	0.32152030328589587	0.6305074034011416	0.6784796967141041	0.8571428571428571	baseline
K21397	0.0	0.6521059035240194	0.8731502337711866	1.5387975706011776	0.7069623023994449	0.7077077747043877	0.7069623023994449	0.7077077747043877	0.7142857142857143	endpoint
K21400	0.0	0.6095001957017444	0.7600721274050991	1.8117409134562843	0.305417380256679	0.2572262644422353	0.6945826197433209	0.7427737355577647	0.8571428571428571	baseline
K21405	0.0	0.26012851632698913	0.1536919986592543	1.5441041984019181	0.4559827552040128	0.4451084523174714	0.5440172447959872	0.5548915476825286	0.5714285714285714	baseline
K21416	0.0	0.4222284543365588	0.8255117718752631	1.6163704056136774	0.36682576331419814	0.23375551756974655	0.6331742366858019	0.7662444824302534	0.5714285714285714	baseline
K21417	0.0	0.45244710538926075	0.861376980513452	1.4743852360407717	0.37480253309078915	0.32763483298628104	0.6251974669092109	0.672365167013719	0.7142857142857143	baseline
K21430	0.14285714285714285	1.0387606717526396	1.3324027372332827	2.0119882727442295	0.22675825135093156	0.19133660471819336	0.7732417486490685	0.8086633952818066	0.8571428571428571	baseline
K21449	0.0	0.6278302607615881	0.8259206942624995	1.5171317756589502	0.3082185336038191	0.2876818323830302	0.6917814663961809	0.7123181676169699	0.7142857142857143	baseline
K21464	0.0	0.03598105686848281	0.19982095463429772	1.5449641305557384	0.5440588301341374	0.6015039226662436	0.5440588301341374	0.6015039226662436	0.7142857142857143	endpoint
K21465	0.0	0.2033189302755512	0.1711748302226547	1.5142962444994523	0.43676283390370774	0.47317739195417846	0.5632371660962923	0.5268226080458216	0.5714285714285714	baseline
K21467	0.0	0.5686468748739292	0.5199989701140478	1.4082863810824588	0.6806857087132695	0.6091242830335528	0.6806857087132695	0.6091242830335528	0.8571428571428571	endpoint
K21469	0.0	0.4307222531238158	0.3671152533602229	1.5463023605463597	0.36388055502822525	0.40968082163146274	0.6361194449717748	0.5903191783685373	0.5714285714285714	baseline
K21470	0.0	0.9115087804063148	0.6391530478737151	1.7306326570378798	0.25224997880066335	0.27752649386407513	0.7477500211993366	0.7224735061359249	0.8571428571428571	baseline
K21471	0.0	0.22990199749905088	0.07704622479608395	1.5511838099443715	0.4514650277986399	0.4444777503596655	0.5485349722013602	0.5555222496403345	0.5714285714285714	baseline
K21472	0.0	0.6008993876420873	0.7751789860366257	1.4424043617800277	0.6580912745695864	0.7100557396979073	0.6580912745695864	0.7100557396979073	0.7142857142857143	endpoint
K21495	0.0	0.4734125926527827	0.30381233481450004	1.2954240665356942	0.34823398927418786	0.4208695450054514	0.6517660107258121	0.5791304549945486	0.8571428571428571	baseline
K21498	0.0	0.060348771257488436	0.24240132661107047	1.381106855718602	0.49262971135955574	0.5683023485147977	0.5073702886404443	0.5683023485147977	0.7142857142857143	endpoint
K21511	0.0	0.8611058598157693	1.0212255064209135	1.8669705818120137	0.27362985084709185	0.19059728007604218	0.7263701491529082	0.8094027199239578	0.7142857142857143	baseline
K21512	0.0	0.5922316795930834	1.1901976730129011	1.4399368883287231	0.3571199290901205	0.27305156804586855	0.6428800709098794	0.7269484319541315	0.7142857142857143	baseline
K21528	0.0	0.4332576611589807	0.5103896785072589	1.7291620510031032	0.41010192213183816	0.36695333933748886	0.5898980778681618	0.6330466606625111	0.5714285714285714	baseline
K21556	0.0	0.06787981959368936	0.015271354284662675	1.1799615177203477	0.510137862914557	0.505239688494957	0.510137862914557	0.505239688494957	0.5714285714285714	endpoint
K21557	0.0	0.2946701258115229	0.5902703828160774	1.315305876605393	0.5780299517869152	0.5686040129681634	0.5780299517869152	0.5686040129681634	0.5714285714285714	endpoint
K21567	0.0	0.3357304483212463	0.4254407300774784	0.942194286803087	0.6231415323688415	0.6169553476896092	0.6231415323688415	0.6169553476896092	0.7142857142857143	endpoint
K21571	0.0	0.03353866768845161	0.1746715617023637	1.0109908569907688	0.496976898052437	0.545868737177833	0.5030231019475631	0.545868737177833	0.7142857142857143	endpoint
K21572	0.0	0.4767265979725965	1.0348272842696422	1.4065055846253127	0.6987449615372812	0.8740473854765227	0.6987449615372812	0.8740473854765227	0.7142857142857143	endpoint
K21573	0.0	0.45472100797494	0.1723891053733126	1.5997583567943408	0.6023547254655572	0.555152511845532	0.6023547254655572	0.555152511845532	0.5714285714285714	endpoint
K21574	0.0	0.13515242078530207	0.618411130521591	1.49057543849256	0.44558924718398546	0.3471520535004052	0.5544107528160145	0.6528479464995949	0.5714285714285714	baseline
K21575	0.0	0.11741161938678919	0.21967198083010225	1.5789160733913097	0.5547004185563084	0.39552175761294023	0.5547004185563084	0.6044782423870598	0.5714285714285714	endpoint
K21576	0.0	0.43373978308779443	1.130784956202159	1.530101357574919	0.6232901714771844	0.8709015879427848	0.6232901714771844	0.8709015879427848	0.5714285714285714	endpoint
K21577	0.0	0.3725857503040438	0.10787842352259226	1.2469466175132142	0.6307656767714492	0.5373709737707362	0.6307656767714492	0.5373709737707362	0.7142857142857143	endpoint
K21578	0.0	0.6691723276939907	0.6287709542166515	1.2450028620810978	0.7041202227428256	0.6601886463481382	0.7041202227428256	0.6601886463481382	0.8571428571428571	endpoint
K21583	0.0	0.08465500349987531	0.38010945769152915	1.066290452836015	0.4882068901749071	0.4028634032271925	0.511793109825093	0.5971365967728075	0.5714285714285714	baseline
K21600	0.0	0.07223422667836557	0.6861967177993129	1.5303064510853344	0.5095481039393689	0.6009974880218907	0.5095481039393689	0.6009974880218907	0.5714285714285714	endpoint
K21602	0.0	1.3577773738705792	1.3812902899159032	1.9167411078458048	0.11847181140456899	0.06647378349220995	0.881528188595431	0.93352621650779	1.0	baseline
K21613	0.0	0.0417541127004042	0.0007021893452822055	1.3487455486668551	0.46552164217687025	0.47050430934669935	0.5344783578231298	0.5294956906533006	0.5714285714285714	baseline
K21636	0.14285714285714285	1.4056072352415268	1.2752073661144074	2.199913076632575	0.9030817026067796	0.930574285486257	0.9030817026067796	0.930574285486257	1.0	endpoint
K21638	0.0	0.5541408070655675	0.6752249930121604	1.2884758479249552	0.30605059088578895	0.3215186091989617	0.6939494091142111	0.6784813908010383	0.7142857142857143	baseline
K21645	0.0	0.25648087281057325	0.5659849071465445	1.1621441950699885	0.47011173648230437	0.3320555608550429	0.5298882635176956	0.6679444391449572	0.7142857142857143	baseline
K21672	0.0	0.20505919027596547	0.04404604256934686	1.7016282287000426	0.4498757211459267	0.5234917084685232	0.5501242788540732	0.5234917084685232	0.5714285714285714	baseline
K21681	0.0	0.47293404120144383	0.5523692711447333	1.3927551936440685	0.35827349939111325	0.31250419075562735	0.6417265006088868	0.6874958092443726	0.7142857142857143	baseline
K21688	0.0	0.2384548196048307	0.11767137521204432	1.4649308120489004	0.4698166512525028	0.48763132803169157	0.5301833487474972	0.5123686719683085	0.5714285714285714	baseline
K21695	0.0	1.0403882588335471	1.1120067076052609	1.5787715616036095	0.19414671788664753	0.2532297992726712	0.8058532821133525	0.7467702007273288	1.0	baseline
K21698	0.0	0.5386960156192535	0.6891738972658322	1.4465471014868676	0.3599232994751483	0.2524617224933413	0.6400767005248518	0.7475382775066587	0.5714285714285714	baseline
K21712	0.0	0.018394108562912015	0.03914678432002027	1.258450687677926	0.5212684345029216	0.4999897589808953	0.5212684345029216	0.5000102410191047	0.5714285714285714	baseline
K21739	0.0	0.3794052576263592	0.3628452261173207	1.747323135364141	0.40737831711902167	0.38375430437010377	0.5926216828809783	0.6162456956298963	0.7142857142857143	baseline
K21741	0.0	0.6886011277711189	1.3647728638646752	1.6609685226779467	0.3101943872586414	0.20510123102404554	0.6898056127413585	0.7948987689759545	0.7142857142857143	baseline
K21742	0.0	1.2855297648543562	1.3149280331543842	1.6373419494187575	0.11998592056812336	0.05632346938724994	0.8800140794318766	0.94367653061275	1.0	baseline
K21746	0.0	0.11763935288206762	0.12499523127290275	1.5248228014716314	0.5235888427161569	0.42801935407441155	0.5235888427161569	0.5719806459255885	0.7142857142857143	baseline
K21749	0.0	0.1726537213210889	0.022043757816717916	1.0504508619291297	0.5698393298020837	0.510825685239246	0.5698393298020837	0.510825685239246	0.5714285714285714	endpoint
K21755	0.0	0.7274635074867435	1.0073290037987122	1.1599824134616215	0.2621828024418137	0.15412019495460888	0.7378171975581863	0.8458798050453911	0.8571428571428571	baseline
K21885	0.0	0.06907667079430076	0.5297470079907143	1.572349792242573	0.5462821614326289	0.6370388369998303	0.5462821614326289	0.6370388369998303	0.5714285714285714	endpoint
K21898	0.0	0.40820537176641397	0.7405501500131729	1.8162803103845975	0.5693989321247996	0.7117587816607792	0.5693989321247996	0.7117587816607792	0.7142857142857143	endpoint
K21901	0.0	0.6736368239518228	0.9450311441072878	1.1927687611706903	0.33321129739192906	0.24715002075939357	0.666788702608071	0.7528499792406065	0.8571428571428571	baseline
K21903	0.0	1.1428030261071929	1.186231827427862	1.5251604589377394	0.8438385192559721	0.8905897661717388	0.8438385192559721	0.8905897661717388	1.0	endpoint
K21905	0.0	0.9392953767653368	1.0823762246033746	1.3647229769135516	0.21391293932583316	0.2032656185455566	0.7860870606741668	0.7967343814544434	1.0	baseline
K21906	0.0	0.947804299727851	0.8748739614199904	1.5748257634480667	0.2540862141730019	0.2235657502161567	0.7459137858269981	0.7764342497838432	1.0	baseline
K21907	0.0	0.5265202590562871	1.0476096768916796	1.4748856097613012	0.3637619375080224	0.2967207547702417	0.6362380624919777	0.7032792452297583	0.7142857142857143	baseline
K21908	0.0	0.8735962180696839	1.4688485944554621	1.6315513456072417	0.24333628273964006	0.07906565380277968	0.75666371726036	0.9209343461972204	0.7142857142857143	baseline
K21923	0.0	0.05635744305807907	0.1464728360549451	0.9305638108065369	0.5123560182236699	0.46509784773290097	0.5123560182236699	0.534902152267099	0.5714285714285714	endpoint
K21929	0.0	0.36614478288409413	0.4485358162308229	1.075349299274113	0.6383271971896306	0.6318889267258669	0.6383271971896306	0.6318889267258669	0.8571428571428571	endpoint
K21936	0.0	0.4115556580297657	0.36263644289674535	1.3707550784102076	0.36783871036934107	0.4076796145729954	0.632161289630659	0.5923203854270046	0.7142857142857143	baseline
K21948	0.0	0.5995014715566951	0.9150661191850669	1.9069381647157155	0.37202965135289673	0.22933236344553	0.6279703486471033	0.77066763655447	0.7142857142857143	baseline
K21963	0.0	0.7432246616257976	1.1205685121013929	1.5406419982012993	0.2559269630969167	0.15338972852492336	0.7440730369030832	0.8466102714750766	0.8571428571428571	baseline
K21964	0.0	0.8396317710205997	1.2705530724048097	1.565790009396849	0.2529497506082255	0.24604690216497857	0.7470502493917746	0.7539530978350214	0.8571428571428571	baseline
K21965	0.0	1.2299904912192636	1.2327768248055324	1.9589631198294462	0.15683400232619862	0.14269076866173855	0.8431659976738014	0.8573092313382614	1.0	baseline
K21966	0.0	0.07798110914511258	0.09198191573169555	1.3785245188070638	0.4706220179297872	0.49768518667187234	0.5293779820702128	0.5023148133281277	0.5714285714285714	baseline
K21967	0.0	0.7822413470985349	1.1486066222214888	1.763784345453624	0.2757215372885545	0.13201244172645493	0.7242784627114456	0.867987558273545	0.8571428571428571	baseline
K21968	0.0	0.5869768851282979	1.0863583675363615	1.472146775700215	0.3742724178937866	0.2592258659345759	0.6257275821062134	0.7407741340654241	0.7142857142857143	baseline
K21972	0.0	0.7366594717648566	0.8072121099307537	1.6161580645116103	0.3057028306481527	0.2166979767487801	0.6942971693518474	0.7833020232512199	0.8571428571428571	baseline
K21973	0.0	1.3180813531599276	1.1603923148466566	1.9993696399707224	0.12322502102012335	0.11364642284221121	0.8767749789798767	0.8863535771577888	1.0	baseline
K21975	0.14285714285714285	0.7905638852367842	0.6967407234495191	2.098242070147765	0.31608948645916496	0.23176890852869114	0.683910513540835	0.7682310914713089	0.7142857142857143	baseline
K21977	0.0	0.12403535391392774	0.10336286521126178	1.5286829498935286	0.4693750884635546	0.5454159395899103	0.5306249115364454	0.5454159395899103	0.5714285714285714	baseline
K21990	0.0	0.9283818109219597	1.2609158864511218	1.374741796639317	0.22041813812533967	0.24434100744163348	0.7795818618746604	0.7556589925583665	0.8571428571428571	baseline
K21993	0.0	0.16301218900995001	0.06560810323860387	1.161369015141312	0.5267246626510131	0.49155498522135094	0.5267246626510131	0.508445014778649	0.5714285714285714	endpoint
K22010	0.0	0.36658357264438557	0.44910053308436354	1.2637773058649415	0.6413742689372507	0.6314244507929614	0.6413742689372507	0.6314244507929614	0.7142857142857143	endpoint
K22014	0.0	1.2290141492009574	1.264759811868784	1.6027065367996671	0.1490859201660432	0.10220116783356485	0.8509140798339568	0.8977988321664352	1.0	baseline
K22015	0.14285714285714285	0.37201723834274664	0.4119799540224281	2.0578990821983663	0.42129718071272343	0.38114596868573053	0.5787028192872765	0.6188540313142694	0.7142857142857143	baseline
K22024	0.0	0.8318391351557093	1.2744894011337342	1.5215293648558745	0.7415165447422638	0.8688976282467312	0.7415165447422638	0.8688976282467312	0.8571428571428571	endpoint
K22041	0.0	0.7456091315928367	1.2504320083945737	1.7255790041540398	0.3038537022152239	0.18417984644070695	0.6961462977847761	0.815820153559293	0.8571428571428571	baseline
K22044	0.0	0.06123670757568562	0.14371465217757481	0.8824092012842542	0.52866617578531	0.4782905810527441	0.52866617578531	0.521709418947256	0.5714285714285714	endpoint
K22051	0.0	1.1314035687652555	1.2849903817180954	1.8847748538180378	0.1656000425951987	0.06895776794473091	0.8343999574048013	0.9310422320552691	0.8571428571428571	baseline
K22074	0.0	0.020485740329946298	0.07381079585135389	0.8580389005418531	0.49503958425780864	0.4872906819586959	0.5049604157421914	0.512709318041304	0.5714285714285714	endpoint
K22103	0.0	1.2263368503678278	1.3277672418975959	1.5152370362249543	0.8646477156364064	0.9248730405454579	0.8646477156364064	0.9248730405454579	1.0	endpoint
K22104	0.0	0.9839364399643653	1.3257667995172553	1.550974930704635	0.2338116387433713	0.1656297550559169	0.7661883612566287	0.8343702449440831	0.8571428571428571	baseline
K22105	0.0	0.8801737249136512	1.2197210076746394	1.8325570675422564	0.2617952370783091	0.1937385231246709	0.7382047629216909	0.8062614768753291	0.8571428571428571	baseline
K22110	0.0	0.7701031572574587	0.9016208188885626	1.8058511647913862	0.2747311824108233	0.2262568481723546	0.7252688175891767	0.7737431518276454	0.8571428571428571	baseline
K22111	0.0	0.8159538015552465	1.0148990734538392	1.9276225400676081	0.27746339203019377	0.1386196529924191	0.7225366079698062	0.8613803470075809	0.8571428571428571	baseline
K22129	0.0	0.4615324161511115	0.5501950661811479	1.4567585702384473	0.6522551414599268	0.6477181410196666	0.6522551414599268	0.6477181410196666	0.7142857142857143	endpoint
K22130	0.0	1.0568004715659305	1.1357844943120032	1.572208117256403	0.20598114290492767	0.18452040336158243	0.7940188570950724	0.8154795966384176	1.0	baseline
K22131	0.0	0.9080678025260092	1.3092180644350213	1.7404679170657142	0.20526052141971668	0.1458177508541102	0.7947394785802833	0.8541822491458898	0.8571428571428571	baseline
K22132	0.0	0.4781749461267553	0.683213542885932	1.5463759752815378	0.6433639265967622	0.6417404083782539	0.6433639265967622	0.6417404083782539	0.8571428571428571	endpoint
K22212	0.0	0.13715435438865622	0.2643200909828759	0.8616568979634656	0.5277176854229519	0.5699163230501489	0.5277176854229519	0.5699163230501489	0.7142857142857143	endpoint
K22214	0.0	0.4070971955725768	0.11732503915090466	1.601910664671046	0.4387511139355724	0.4750697655957049	0.5612488860644276	0.5249302344042951	0.5714285714285714	baseline
K22226	0.0	0.7367673411029267	0.6011563796982772	1.4023112699304576	0.28196581363937606	0.312104145914755	0.7180341863606239	0.687895854085245	1.0	baseline
K22227	0.0	0.9620293096604436	1.1093021565167673	1.3568248224050299	0.8010600466338663	0.8523320151543148	0.8010600466338663	0.8523320151543148	1.0	endpoint
K22230	0.0	0.44270460539137185	0.5704678952822272	1.448219326796786	0.3888175428884866	0.37592488295865495	0.6111824571115134	0.624075117041345	0.8571428571428571	baseline
K22270	0.0	0.7635863939559295	1.0602663141655866	1.2303342183099781	0.2537118108453595	0.14955786515469938	0.7462881891546405	0.8504421348453006	1.0	baseline
K22278	0.0	0.35472140472347047	0.6620565910229192	1.396708200383298	0.3485191445836616	0.32327410155349245	0.6514808554163384	0.6767258984465075	0.7142857142857143	baseline
K22293	0.0	0.4189159270592545	0.5816310456181588	1.5046155826201588	0.3772032002917631	0.3015034506886285	0.6227967997082369	0.6984965493113715	0.7142857142857143	baseline
K22300	0.0	0.8601236832317376	0.8182833495262425	1.7254086363557433	0.27693475934368045	0.25163325507709244	0.7230652406563196	0.7483667449229076	0.8571428571428571	baseline
K22306	0.0	0.446571890721334	0.6745351609984854	1.3045296329256382	0.3987296923129913	0.3050562212988179	0.6012703076870087	0.6949437787011821	0.7142857142857143	baseline
K22311	0.0	0.23655919530150935	0.28830626641404977	1.1286120777434907	0.41729371168578794	0.42643099035499626	0.582706288314212	0.5735690096450037	0.7142857142857143	baseline
K22315	0.0	0.4939989852211643	0.5110966218936723	1.2751580697459781	0.6589928616907551	0.6352562773612708	0.6589928616907551	0.6352562773612708	0.7142857142857143	endpoint
K22330	0.0	0.7177958538054873	0.9935543511895301	1.4448834520616602	0.31059090230427994	0.1914055840700442	0.6894090976957201	0.8085944159299558	0.8571428571428571	baseline
K22349	0.0	0.4070633835189178	0.7670583325140085	1.4310411311847557	0.6551945320267288	0.7343728826631336	0.6551945320267288	0.7343728826631336	0.5714285714285714	endpoint
K22373	0.0	0.655269762962422	0.9580240486338533	1.3820872335404701	0.6794457162990015	0.7910193811804467	0.6794457162990015	0.7910193811804467	0.8571428571428571	endpoint
K22396	0.0	0.45516351022103774	0.8653749889746025	1.3758632298005682	0.3467024636269233	0.2691062133580287	0.6532975363730766	0.7308937866419714	0.5714285714285714	baseline
K22397	0.0	0.07257703684745798	0.21581254868220692	1.0660148688915492	0.4547531751180508	0.5636472670024665	0.5452468248819492	0.5636472670024665	0.5714285714285714	baseline
K22405	0.0	0.30345152533220016	0.5590139367932604	1.5798443595600333	0.6315913855328577	0.6628040717978619	0.6315913855328577	0.6628040717978619	0.5714285714285714	endpoint
K22430	0.0	0.6078042781429918	0.6761457091062711	1.3565183605329807	0.7063747043861998	0.6964817024336463	0.7063747043861998	0.6964817024336463	0.7142857142857143	endpoint
K22431	0.0	0.5659687150180596	0.6830452560636666	1.529361725858253	0.657448755965719	0.6848834729219563	0.657448755965719	0.6848834729219563	0.7142857142857143	endpoint
K22432	0.0	0.12868293510346293	0.16296222573695443	1.5686127735290543	0.4471087609878475	0.5882840785947243	0.5528912390121525	0.5882840785947243	0.5714285714285714	baseline
K22441	0.0	0.29759393679572926	0.22841395274390025	1.5123087692727823	0.6379925759687052	0.5852770528990441	0.6379925759687052	0.5852770528990441	0.5714285714285714	endpoint
K22443	0.0	0.7366419380895869	1.195619976227843	1.9337175048219402	0.2718594913796869	0.1313539489997816	0.7281405086203131	0.8686460510002184	0.8571428571428571	baseline
K22444	0.0	0.08154715563000754	0.26546486692840643	1.5660650267140421	0.49993215015322207	0.42459909917037897	0.5000678498467779	0.575400900829621	0.5714285714285714	baseline
K22457	0.0	0.08189435937900631	0.36073444454643117	1.4275973120089311	0.4913365009543342	0.4069650899469351	0.5086634990456658	0.593034910053065	0.7142857142857143	baseline
K22477	0.0	0.3755062159910355	0.4141659222129307	1.4018289519188445	0.6102494787345405	0.6217951755238514	0.6102494787345405	0.6217951755238514	0.7142857142857143	endpoint
K22486	0.0	0.38333362759996603	0.7834827614924497	1.2957421635101916	0.37852329286775804	0.297725298109676	0.621476707132242	0.7022747018903239	0.7142857142857143	baseline
K22488	0.0	0.4351833438771909	0.6991494416389268	1.15984662638772	0.39688094575274185	0.2896082163105703	0.6031190542472582	0.7103917836894297	0.5714285714285714	baseline
K22489	0.0	0.8257791777690748	1.2831679634777227	1.489408729967539	0.273579649582239	0.1650007880250448	0.726420350417761	0.8349992119749552	0.8571428571428571	baseline
PF00004	0.0	0.693418166119155	0.9529811633277754	1.5214924379884571	0.7247952260069178	0.8651530676652825	0.7247952260069178	0.8651530676652825	0.7142857142857143	endpoint
PF00005	0.0	0.18035765297010672	0.16061732978257084	1.3378180983437873	0.44948071395166334	0.5260552688783996	0.5505192860483367	0.5260552688783996	0.5714285714285714	baseline
PF00006	0.14285714285714285	1.4029688930355306	1.5166230441813886	2.322836164490393	0.8909269494526091	0.8832724040480476	0.8909269494526091	0.8832724040480476	1.0	endpoint
PF00009	0.0	0.12942491357640498	0.1887434791606677	1.280931511412193	0.5611117684360422	0.4392900099554064	0.5611117684360422	0.5607099900445935	0.5714285714285714	endpoint
PF00011	0.0	0.4490855005509516	0.22306649728567524	1.8718081684142427	0.6215925114753231	0.5406922330582731	0.6215925114753231	0.5406922330582731	0.7142857142857143	endpoint
PF00012	0.0	0.549182564569089	0.49261106199233357	1.2370415457564878	0.6639094526360528	0.640011423769125	0.6639094526360528	0.640011423769125	0.8571428571428571	endpoint
PF00013	0.0	0.31475998426096974	0.4409476578753624	1.66542013945201	0.5930645934505714	0.6530240055198606	0.5930645934505714	0.6530240055198606	0.5714285714285714	endpoint
PF00015	0.0	0.46137854006790047	0.8201107637092591	1.3295515963936506	0.6542446663954992	0.6067568381718841	0.6542446663954992	0.6067568381718841	0.7142857142857143	endpoint
PF00016	0.0	0.376528790147677	0.6135575712009088	1.2638828451839388	0.6009084743968537	0.630476122376093	0.6009084743968537	0.630476122376093	0.7142857142857143	endpoint
PF00023	0.0	0.7786410376511347	0.9194984333012549	1.9829572288770392	0.32339303319667145	0.2247658805424373	0.6766069668033285	0.7752341194575627	0.8571428571428571	baseline
PF00027	0.0	0.9197179493070332	0.9332682906998602	1.942243065163029	0.2442604110621149	0.21498081278810094	0.7557395889378851	0.785019187211899	1.0	baseline
PF00036	0.0	0.3542301733526231	0.2831380035751479	1.4883386092822228	0.6039452205847303	0.6313866242256176	0.6039452205847303	0.6313866242256176	0.7142857142857143	endpoint
PF00037	0.0	0.8670268219546103	1.2320137732665897	1.3985104341344683	0.798980887047476	0.8917669457894147	0.798980887047476	0.8917669457894147	0.7142857142857143	endpoint
PF00041	0.0	0.6969957666841481	0.9493733289438608	1.533944312043801	0.30503860302824093	0.24595315346882624	0.6949613969717591	0.7540468465311738	0.8571428571428571	baseline
PF00044	0.0	0.35163884980289745	0.3924230152399288	1.3452400199619923	0.4297111333363542	0.38737991169390734	0.5702888666636459	0.6126200883060926	0.7142857142857143	baseline
PF00056	0.0	0.5059588981671358	0.46638661067499476	1.365418003193887	0.34108959702449937	0.3790822178986832	0.6589104029755006	0.6209177821013168	0.8571428571428571	baseline
PF00069	0.0	0.3181764607488417	0.2693586999117756	1.4806731773220259	0.5846287353156757	0.5983285444012394	0.5846287353156757	0.5983285444012394	0.5714285714285714	endpoint
PF00070	0.0	0.16027803030300064	0.1813045757557596	1.3759028827461424	0.430723479781904	0.45766140684737455	0.569276520218096	0.5423385931526254	0.5714285714285714	baseline
PF00072	0.0	1.1798726536323223	1.2029908495185528	1.7070833808745987	0.8480939548353396	0.9111039122357529	0.8480939548353396	0.9111039122357529	1.0	endpoint
PF00075	0.0	0.211255601756668	0.09110268110304266	1.267720019095328	0.572665254383571	0.5625107542417196	0.572665254383571	0.5625107542417196	0.5714285714285714	endpoint
PF00076	0.0	0.38828609318135543	0.18111770643194358	1.3868212781557272	0.3821609272134084	0.4413090547139686	0.6178390727865917	0.5586909452860314	0.7142857142857143	baseline
PF00078	0.0	0.8162848454752583	0.7146767183301441	1.5534198164272077	0.7431494768641	0.638537203493755	0.7431494768641	0.638537203493755	1.0	endpoint
PF00079	0.0	0.04209813523177064	0.08743607227187494	1.558107601685989	0.4888087692439108	0.5354121881964276	0.5111912307560892	0.5354121881964276	0.5714285714285714	endpoint
PF00082	0.0	0.7048616311443461	1.3496811617408055	1.4610236193479647	0.6706967621211835	0.69984526316938	0.6706967621211835	0.69984526316938	0.8571428571428571	endpoint
PF00083	0.0	0.16862999022949762	0.2617734519687252	1.4908309473191736	0.43604236529385304	0.4271672499062346	0.563957634706147	0.5728327500937653	0.5714285714285714	baseline
PF00085	0.0	0.6221010709845093	1.109131203630475	1.8491367098297327	0.6847177202558624	0.8133533990252406	0.6847177202558624	0.8133533990252406	0.7142857142857143	endpoint
PF00089	0.0	0.28514234755709833	0.6880024091726807	1.4659148897439023	0.40320730144126105	0.3402675059164454	0.596792698558739	0.6597324940835546	0.7142857142857143	baseline
PF00091	0.0	0.15639533437913133	0.017517237284397476	1.3420618963783304	0.447196083515648	0.5172898067266585	0.552803916484352	0.5172898067266585	0.5714285714285714	baseline
PF00092	0.0	0.2182304862803661	0.6865213899730271	1.4839032148648688	0.5651536331765926	0.6806786844023327	0.5651536331765926	0.6806786844023327	0.7142857142857143	endpoint
PF00106	0.0	0.7691499281868677	0.8607268941240767	1.3406263664000508	0.28507812619114153	0.2703874008015461	0.7149218738088585	0.7296125991984539	0.8571428571428571	baseline
PF00107	0.0	1.1421486840140542	1.1889349125217044	1.502408272810533	0.1507820521031447	0.10340926323447887	0.8492179478968553	0.8965907367655211	1.0	baseline
PF00108	0.0	0.6408237898719988	0.2686454876679314	1.9010357738288688	0.3397371983599918	0.43348257452850963	0.6602628016400083	0.5665174254714904	0.8571428571428571	baseline
PF00109	0.0	0.023981794535905845	0.4278320216317499	1.3918235127755851	0.48564355947134025	0.5416397242014964	0.5143564405286598	0.5416397242014964	0.5714285714285714	endpoint
PF00111	0.0	0.013050597595079665	0.36713349066380896	1.6921175683457879	0.5396613222706554	0.6294951027242641	0.5396613222706554	0.6294951027242641	0.5714285714285714	baseline
PF00112	0.0	1.2223801653040576	1.3729134097300566	1.6848575548269813	0.8861594005288526	0.9632165486554254	0.8861594005288526	0.9632165486554254	0.8571428571428571	endpoint
PF00113	0.0	0.21635110028460258	0.8850592812102287	1.6800837049264665	0.5737655522518194	0.6338728916075431	0.5737655522518194	0.6338728916075431	0.5714285714285714	endpoint
PF00115	0.0	1.048164742097422	1.3006436284190215	1.6891015800893092	0.22065912478384023	0.11831661127055035	0.7793408752161598	0.8816833887294496	0.8571428571428571	baseline
PF00117	0.0	0.374440908171461	0.15745067008401287	1.253070986070987	0.6368951428383077	0.49675721746417584	0.6368951428383077	0.5032427825358241	0.5714285714285714	endpoint
PF00118	0.0	0.006711946006018432	0.2839959672137001	1.2296814884955793	0.4995299883145915	0.4279769330674788	0.5004700116854085	0.5720230669325213	0.5714285714285714	baseline
PF00119	0.0	0.07387528697608145	0.09405487615538867	1.5216568599964375	0.5272853198596082	0.47059770125882355	0.5272853198596082	0.5294022987411764	0.7142857142857143	endpoint
PF00120	0.0	0.23642074659191348	0.5357149433667787	1.375997618635975	0.4560988383056695	0.35586167231157956	0.5439011616943306	0.6441383276884205	0.7142857142857143	baseline
PF00121	0.0	0.38360469784530643	0.6739937713328199	1.6562087300239579	0.4030999270475913	0.3587398929335297	0.5969000729524088	0.6412601070664703	0.5714285714285714	baseline
PF00122	0.0	0.46210284984041167	0.48599011720999996	1.4469157135260546	0.36452509110020687	0.39957990214033623	0.6354749088997931	0.6004200978596638	0.5714285714285714	baseline
PF00126	0.0	0.33113487507842304	0.7242542328058534	1.1758619099894954	0.4038456117003801	0.30311982429549095	0.5961543882996199	0.6968801757045091	0.7142857142857143	baseline
PF00128	0.0	0.8975444273334293	1.0956689033757396	1.5795283110057	0.7578314859379031	0.7693400074086991	0.7578314859379031	0.7693400074086991	0.8571428571428571	endpoint
PF00132	0.0	0.5683851535977194	0.655926209593132	1.1236013532811429	0.3230134267585421	0.3141100288166421	0.676986573241458	0.6858899711833579	0.8571428571428571	baseline
PF00133	0.0	0.006838676269731193	0.3146403131215332	1.6984783474645062	0.5167589376647147	0.5228502345020869	0.5167589376647147	0.5228502345020869	0.5714285714285714	baseline
PF00135	0.0	0.5686637540267687	0.7143439599984004	1.310423914288728	0.7119927189100166	0.7528343306156623	0.7119927189100166	0.7528343306156623	0.7142857142857143	endpoint
PF00137	0.0	0.21525120244061688	0.30329376396691365	1.5328398671561458	0.5434548933331966	0.40614222060263766	0.5434548933331966	0.5938577793973623	0.5714285714285714	endpoint
PF00140	0.0	0.05487732724091489	0.08597439086945258	0.9705939923390206	0.5057585489048433	0.48506305528329435	0.5057585489048433	0.5149369447167056	0.5714285714285714	baseline
PF00141	0.0	0.6667910272632623	1.0673240901384757	1.7114539507530198	0.31149930721109925	0.251571141197026	0.6885006927889008	0.7484288588029739	0.8571428571428571	baseline
PF00142	0.0	0.3999434826504115	1.3025199109023855	1.5255366330381506	0.5985225483179352	0.6887087555733586	0.5985225483179352	0.6887087555733586	0.5714285714285714	endpoint
PF00144	0.0	0.3795282434246409	0.3795978484974479	1.2151517495996078	0.6222633260571316	0.6334682243478773	0.6222633260571316	0.6334682243478773	0.5714285714285714	endpoint
PF00145	0.0	0.010222403722680986	0.15553449423698693	1.5918687472364792	0.4778312986679324	0.5243105961978001	0.5221687013320676	0.5243105961978001	0.5714285714285714	endpoint
PF00146	0.0	0.5360788238009399	0.3863815800878376	1.374187226493991	0.2983748470922246	0.3893056712846381	0.7016251529077754	0.6106943287153619	0.7142857142857143	baseline
PF00148	0.0	1.1225285619984307	1.260311577107328	1.813336950097649	0.8569297118823052	0.947001478294923	0.8569297118823052	0.947001478294923	0.8571428571428571	endpoint
PF00149	0.14285714285714285	0.758574622435549	0.8997580406410643	2.1238151740052125	0.6838575267261042	0.7556423849306798	0.6838575267261042	0.7556423849306798	0.8571428571428571	endpoint
PF00150	0.0	0.04374953923161373	0.3209740260453454	1.5550289324584194	0.502861058639008	0.5810973698104135	0.502861058639008	0.5810973698104135	0.5714285714285714	endpoint
PF00152	0.0	0.4609378006882519	0.6341478893039026	1.8097937016146972	0.6041990802109735	0.6492350120050528	0.6041990802109735	0.6492350120050528	0.7142857142857143	endpoint
PF00154	0.0	0.5062299097262151	0.5449678163430258	1.3832807281044446	0.3290694001143996	0.32887278988492274	0.6709305998856003	0.6711272101150773	1.0	baseline
PF00155	0.0	0.6944245918612436	0.9946503899982628	1.3917254736514317	0.3313696462821984	0.25807913839288127	0.6686303537178016	0.7419208616071187	0.7142857142857143	baseline
PF00156	0.0	0.48059973147970314	0.8587717606351459	1.7624618038623059	0.39751007083429435	0.2685624178095911	0.6024899291657057	0.7314375821904089	0.7142857142857143	baseline
PF00158	0.0	0.3396855384110732	0.1000662431194687	1.5892891319726752	0.42128491875913016	0.4544906287352737	0.5787150812408699	0.5455093712647263	0.7142857142857143	baseline
PF00160	0.0	0.6562702303442557	1.1160325462225011	1.4037986242184726	0.7519234589197922	0.8907703310341006	0.7519234589197922	0.8907703310341006	0.7142857142857143	endpoint
PF00162	0.0	0.0211160485906173	0.01112264014636014	1.5348450283461037	0.5083106385627196	0.5338249123282378	0.5083106385627196	0.5338249123282378	0.5714285714285714	baseline
PF00163	0.0	0.5641260547810519	0.8046595014201291	1.5201448933401294	0.7154161165489191	0.822668767547849	0.7154161165489191	0.822668767547849	0.7142857142857143	endpoint
PF00164	0.0	0.12498108769579148	0.05893939607458223	1.477258556226622	0.49346156904224026	0.5038458907744606	0.5065384309577597	0.5038458907744606	0.5714285714285714	baseline
PF00165	0.0	0.2540360763014299	0.779626812793833	1.4145202804374888	0.5406935890430338	0.6361982356812688	0.5406935890430338	0.6361982356812688	0.7142857142857143	endpoint
PF00166	0.0	0.7683281154551121	1.157707613848556	1.5312924933419876	0.27834290997538325	0.2784448220221222	0.7216570900246168	0.7215551779778778	0.8571428571428571	baseline
PF00171	0.14285714285714285	0.9409973989294071	1.08511373773114	2.054430245663017	0.26453431848526643	0.16657876616047648	0.7354656815147336	0.8334212338395235	0.7142857142857143	baseline
PF00174	0.0	0.6690151252571023	0.9138270453106384	1.3894827396452063	0.31174817956505807	0.24333312267565704	0.6882518204349419	0.756666877324343	0.8571428571428571	baseline
PF00175	0.0	0.4273791696427867	0.5305202770226106	1.3458641310114314	0.36765240735175014	0.36145199779096643	0.6323475926482498	0.6385480022090335	0.8571428571428571	baseline
PF00176	0.0	0.3879516363294373	0.657547466850293	1.524295593013325	0.41366783289060244	0.3594732401879617	0.5863321671093975	0.6405267598120383	0.7142857142857143	baseline
PF00177	0.0	0.13400276119181448	0.5361444136229413	1.270091318650817	0.5105144498434295	0.5596192617526343	0.5105144498434295	0.5596192617526343	0.5714285714285714	endpoint
PF00180	0.0	0.03321284390759893	0.39285559580428603	1.361308444899498	0.4992396431896557	0.42135288227757345	0.5007603568103443	0.5786471177224266	0.5714285714285714	baseline
PF00181	0.0	0.676813396618878	0.8530190561571831	1.5953948458712017	0.2967992462535577	0.26067191458498234	0.7032007537464423	0.7393280854150177	0.8571428571428571	baseline
PF00182	0.0	1.04247897638912	1.2542478225368825	1.4138127679626018	0.20173375188663575	0.16191842836077197	0.7982662481133642	0.838081571639228	1.0	baseline
PF00183	0.0	0.6132746864041312	0.7570818182192921	1.5081680694404942	0.6859013382389131	0.6901851487315159	0.6859013382389131	0.6901851487315159	0.8571428571428571	endpoint
PF00185	0.0	0.6522268672872862	0.909892004105224	1.7896144945909032	0.7543417706364357	0.8184240324624369	0.7543417706364357	0.8184240324624369	0.8571428571428571	endpoint
PF00186	0.0	0.5608379135079481	0.7961452357694008	1.3145944179102345	0.361149020041206	0.2692537248543168	0.638850979958794	0.7307462751456832	0.8571428571428571	baseline
PF00188	0.0	0.8331614414772339	0.8958347853857462	1.9935797397210084	0.7175209817691338	0.801549226479719	0.7175209817691338	0.801549226479719	0.8571428571428571	endpoint
PF00189	0.0	0.6594841118493365	0.6869075154055411	1.603157792094243	0.3051304107725205	0.3565962495127459	0.6948695892274794	0.6434037504872541	0.8571428571428571	baseline
PF00194	0.0	0.24007603308317815	0.3620241513131014	1.3231667062607149	0.5980306434547022	0.6038804251217852	0.5980306434547022	0.6038804251217852	0.5714285714285714	endpoint
PF00196	0.0	0.41837676886918274	0.6805422891296967	1.8050665724200483	0.39434443877340375	0.32018721448888754	0.6056555612265963	0.6798127855111125	0.7142857142857143	baseline
PF00198	0.0	0.3112906298230265	1.0200549125124412	1.5527018783514757	0.38220645426332045	0.16398018723836003	0.6177935457366796	0.83601981276164	0.5714285714285714	baseline
PF00199	0.0	0.8800138360331299	1.0503095338683817	1.7311347367121408	0.2556745501192594	0.1405878699743884	0.7443254498807406	0.8594121300256116	0.8571428571428571	baseline
PF00202	0.0	0.5443067223556672	0.6316600167477673	1.351973861594557	0.33220447310573836	0.3655252059722775	0.6677955268942617	0.6344747940277224	0.8571428571428571	baseline
PF00203	0.0	0.25322858714268676	0.669110963799164	1.2852846593141183	0.46674883385188426	0.28136818156975624	0.5332511661481157	0.7186318184302438	0.5714285714285714	baseline
PF00204	0.0	0.8530289079910017	0.9664634119599523	1.6720939640196792	0.24440718333305453	0.20439958142125164	0.7555928166669454	0.7956004185787484	1.0	baseline
PF00205	0.0	0.05206884588048334	0.43194711028050026	1.2620434727619263	0.5345176838786917	0.5423228167777594	0.5345176838786917	0.5423228167777594	0.5714285714285714	endpoint
PF00206	0.0	0.008004571400696785	0.7334124004745087	1.530410133540657	0.5402809069235968	0.3184404719399529	0.5402809069235968	0.681559528060047	0.5714285714285714	baseline
PF00207	0.0	0.6099420560936074	0.8271125820815438	1.3853755420038352	0.2865064203235332	0.2691230024662744	0.7134935796764668	0.7308769975337256	0.8571428571428571	baseline
PF00208	0.0	0.7077121012845305	1.088294487633332	1.5945586152615103	0.2667890103998504	0.14041885718583239	0.7332109896001495	0.8595811428141676	0.7142857142857143	baseline
PF00209	0.0	0.8010011255912588	1.0047238898732167	1.62120094772176	0.7197447493157644	0.7460831906632053	0.7197447493157644	0.7460831906632053	0.8571428571428571	endpoint
PF00210	0.0	0.33505356861626645	0.7995747382609151	1.3820083277663318	0.3821647297051377	0.20477225736978683	0.6178352702948623	0.7952277426302132	0.7142857142857143	baseline
PF00213	0.0	0.3380666948526449	0.5291719064937482	1.5352608642447245	0.6247598984789161	0.5747731356208741	0.6247598984789161	0.5747731356208741	0.7142857142857143	endpoint
PF00215	0.0	0.023064247228954424	0.008714979190301139	1.3010730004056479	0.5092785561277784	0.481485137748459	0.5092785561277784	0.518514862251541	0.5714285714285714	endpoint
PF00216	0.0	0.1070434290008538	0.20090697753910636	1.6401114200682276	0.4536393218771152	0.5630130957857491	0.5463606781228848	0.5630130957857491	0.5714285714285714	baseline
PF00217	0.0	0.32232220575829534	0.5294629884810755	1.4013902357742842	0.36323739085527545	0.28918664153513707	0.6367626091447245	0.7108133584648629	0.5714285714285714	baseline
PF00218	0.0	0.374951150983414	0.6253832777838064	1.536544047714436	0.4253576122074114	0.3355200530947398	0.5746423877925886	0.6644799469052602	0.7142857142857143	baseline
PF00221	0.0	0.5208652107645677	0.4379637060174368	1.6089814723762523	0.35703323128185593	0.33049229109657163	0.6429667687181441	0.6695077089034284	0.7142857142857143	baseline
PF00224	0.0	0.4231142682829225	0.6406974652806167	1.3820673792491585	0.6151273834193706	0.690841772276029	0.6151273834193706	0.690841772276029	0.7142857142857143	endpoint
PF00226	0.0	0.22240487608934525	0.26176351104669204	1.2504102180189245	0.5921942015109176	0.5743896789003118	0.5921942015109176	0.5743896789003118	0.5714285714285714	endpoint
PF00230	0.0	0.15136731694681912	0.42605791532291754	1.337486242005633	0.4585095982093734	0.3770246387620859	0.5414904017906266	0.6229753612379141	0.5714285714285714	baseline
PF00231	0.0	0.5861773048752862	0.9060626427193086	1.5123809627131177	0.7092742086596023	0.7250138726430029	0.7092742086596023	0.7250138726430029	0.7142857142857143	endpoint
PF00232	0.0	0.5744744297289165	0.5175123494322598	1.336639664526932	0.32606695149266984	0.3913752334492258	0.6739330485073302	0.6086247665507742	0.8571428571428571	baseline
PF00237	0.0	0.17768189370500428	0.47584750032600676	1.4939120410690123	0.4887651760321131	0.4019510422140881	0.5112348239678869	0.5980489577859118	0.5714285714285714	baseline
PF00238	0.0	0.3984291654296662	0.7026795533194314	1.3576961640297445	0.40898288403639305	0.31395111346918175	0.591017115963607	0.6860488865308183	0.7142857142857143	baseline
PF00239	0.0	1.1423885801938407	1.2645279524464688	1.5064721594112938	0.8462560188489582	0.9684298999884202	0.8462560188489582	0.9684298999884202	1.0	endpoint
PF00240	0.0	1.1334786361795919	1.2072070521346618	1.832550430062717	0.8348883989602742	0.9416081052299251	0.8348883989602742	0.9416081052299251	1.0	endpoint
PF00245	0.0	0.33662521633072234	0.6954490494946828	1.3213453999448475	0.37648286311069873	0.3159441086658104	0.6235171368893013	0.6840558913341896	0.7142857142857143	baseline
PF00246	0.0	0.7696470661384982	0.6031382088709188	1.7059841041683097	0.7420828605112275	0.6779496359922642	0.7420828605112275	0.6779496359922642	0.8571428571428571	endpoint
PF00248	0.0	0.6102292321547306	0.7636254751224004	1.3334819096434574	0.2977186086637883	0.32839521632401203	0.7022813913362117	0.671604783675988	0.7142857142857143	baseline
PF00249	0.0	0.8258535816873109	1.1486836513060399	1.387596866159619	0.7424423864047183	0.7133083295689545	0.7424423864047183	0.7133083295689545	0.8571428571428571	endpoint
PF00251	0.0	0.545671513941185	0.38853535502274017	1.4291654124156183	0.3575151904796138	0.3904825742680572	0.6424848095203862	0.6095174257319428	0.8571428571428571	baseline
PF00252	0.0	0.4098401700902833	0.6368442740695055	1.680927754382704	0.5873249606421925	0.6620760263458516	0.5873249606421925	0.6620760263458516	0.8571428571428571	endpoint
PF00253	0.0	0.7716647784114298	0.9138837017075206	1.8037246803885334	0.29143408072362986	0.25573541184618437	0.7085659192763701	0.7442645881538157	0.8571428571428571	baseline
PF00254	0.0	0.013014343621406308	0.19681845926812597	1.195429250429673	0.5171942602080766	0.40336618113738687	0.5171942602080766	0.5966338188626131	0.7142857142857143	endpoint
PF00258	0.0	0.6390902454437725	1.0171433727205188	1.5746574914383415	0.3122794838912633	0.27540694127139365	0.6877205161087367	0.7245930587286064	0.7142857142857143	baseline
PF00263	0.0	0.5929668897162845	0.796860339533464	1.2538854797902332	0.34992969337163665	0.2624795799985934	0.6500703066283633	0.7375204200014066	0.8571428571428571	baseline
PF00265	0.0	0.11464775558406899	0.17855431150608558	1.2915654756303232	0.5529358224078289	0.5002603596849179	0.5529358224078289	0.5002603596849179	0.5714285714285714	endpoint
PF00266	0.0	0.010090856615075916	0.631795197778618	1.4723752108803512	0.46888213704760123	0.6059529086501292	0.5311178629523987	0.6059529086501292	0.5714285714285714	baseline
PF00267	0.0	1.0169206278744778	1.083180141147673	1.8902716476698855	0.21171670942143175	0.1586055146484975	0.7882832905785683	0.8413944853515025	0.8571428571428571	baseline
PF00268	0.0	0.4947224400829106	0.4389800633762364	1.4415309559595877	0.37477304943193135	0.38663647946143126	0.6252269505680687	0.6133635205385688	0.7142857142857143	baseline
PF00270	0.0	0.8266973106861534	0.9432930661361618	1.969469353244886	0.29564401147437636	0.22560658402896303	0.7043559885256236	0.774393415971037	0.8571428571428571	baseline
PF00271	0.0	0.611324609887185	0.863141778964314	1.6880514889548002	0.2980459462132554	0.26972176891701116	0.7019540537867446	0.7302782310829888	0.8571428571428571	baseline
PF00275	0.0	0.07596451420766652	0.18481132453148316	1.4221700267349313	0.520041835376321	0.5563998035756309	0.520041835376321	0.5563998035756309	0.5714285714285714	endpoint
PF00276	0.0	0.26638598204092523	0.5971330760706591	1.6010663808416734	0.4624940219937011	0.31566639290683457	0.537505978006299	0.6843336070931654	0.7142857142857143	baseline
PF00278	0.0	1.0141839064134854	1.141905492373944	1.7487828490225164	0.8047964743315921	0.8486282879303758	0.8047964743315921	0.8486282879303758	0.8571428571428571	endpoint
PF00282	0.0	0.002688439267878225	0.03003990944702741	1.3360130325445851	0.49898992386003804	0.4993555627015028	0.501010076139962	0.5006444372984973	0.5714285714285714	baseline
PF00285	0.0	0.3914097148096237	0.45058412444145074	1.2844556064584436	0.6206341144032762	0.6560957123979817	0.6206341144032762	0.6560957123979817	0.8571428571428571	endpoint
PF00288	0.0	0.15252233820899047	0.07525326960712977	1.9492482979240544	0.5058715182322567	0.5307873312319877	0.5058715182322567	0.5307873312319877	0.5714285714285714	baseline
PF00289	0.0	0.2687821020410585	0.3784298188082251	1.3030742556029378	0.4255368132377017	0.40731286101742037	0.5744631867622982	0.5926871389825796	0.7142857142857143	baseline
PF00290	0.0	0.11507393233835675	0.35882201563673627	1.2292702783944938	0.5029230819841798	0.4087310122890255	0.5029230819841798	0.5912689877109745	0.5714285714285714	baseline
PF00291	0.0	0.14883518736239615	0.31009519698664356	1.368703352948364	0.5407262968773201	0.5305910490012719	0.5407262968773201	0.5305910490012719	0.7142857142857143	endpoint
PF00293	0.0	0.48016871553785495	0.4820762100220646	1.3820330657156636	0.3235304515001731	0.37475758203738824	0.6764695484998269	0.6252424179626117	0.8571428571428571	baseline
PF00294	0.0	0.6594153220791942	0.7864545516842258	1.3448138803806455	0.28946250177741245	0.26296909900187165	0.7105374982225876	0.7370309009981284	0.7142857142857143	baseline
PF00295	0.0	0.6311958935960862	0.5998426604243161	1.4372327959922975	0.3318875863745827	0.3212631098142177	0.6681124136254173	0.6787368901857823	0.8571428571428571	baseline
PF00296	0.0	0.6228860096276803	0.9583643954451527	1.247400583588527	0.31559637242794075	0.2891482853550617	0.6844036275720593	0.7108517146449382	0.7142857142857143	baseline
PF00297	0.0	0.7683967447890117	1.2262587852261444	1.4563073350121132	0.7468181088988095	0.7998692983819877	0.7468181088988095	0.7998692983819877	0.7142857142857143	endpoint
PF00300	0.0	0.9603010170258578	1.1542621053572242	1.5025192859336718	0.21415267380819222	0.1158450991395343	0.7858473261918077	0.8841549008604657	0.8571428571428571	baseline
PF00302	0.0	0.13224683136319632	0.3695137556594486	1.3453770591168828	0.4524172412628005	0.4092826773253253	0.5475827587371995	0.5907173226746747	0.5714285714285714	baseline
PF00303	0.0	0.32085740240662364	0.5378435261828893	1.8243107278609094	0.4033142623810147	0.3225640072285851	0.5966857376189854	0.6774359927714149	0.7142857142857143	baseline
PF00306	0.0	0.8342469443026619	1.1786184876234986	1.441749783492002	0.7478102828681343	0.8899050329408519	0.7478102828681343	0.8899050329408519	0.8571428571428571	endpoint
PF00308	0.0	0.5822562993190195	0.5969772592899101	1.566000453810833	0.3459706055201461	0.29025792441995724	0.6540293944798539	0.7097420755800428	0.8571428571428571	baseline
PF00310	0.0	0.23196993430808968	0.5267598098152959	1.4588749563119539	0.43433706240324266	0.39004876702632774	0.5656629375967573	0.6099512329736723	0.7142857142857143	baseline
PF00311	0.0	0.6732781875321602	0.5232080913872865	1.4601986002896736	0.32242233253407393	0.34569104003101314	0.6775776674659261	0.6543089599689869	0.8571428571428571	baseline
PF00312	0.0	0.2984573051663234	0.3368981330208209	1.238396930284238	0.5742756337579048	0.5932129421574956	0.5742756337579048	0.5932129421574956	0.7142857142857143	endpoint
PF00313	0.0	0.7771343698403478	0.8829085674621282	1.3214090942515646	0.2917439146895956	0.3240606530705536	0.7082560853104044	0.6759393469294463	0.8571428571428571	baseline
PF00317	0.0	0.019292821501393536	0.10531640363284125	1.2048301962144623	0.5013673617561594	0.4531386583848138	0.5013673617561594	0.5468613416151862	0.5714285714285714	baseline
PF00318	0.0	0.6825361008602685	1.0860847562498543	1.568311219316732	0.3104666818292162	0.2592898307568194	0.6895333181707838	0.7407101692431806	0.7142857142857143	baseline
PF00324	0.0	0.7515606056169999	1.2040318341200311	1.7087939095507705	0.28421059182631614	0.12065242049614998	0.7157894081736839	0.87934757950385	0.8571428571428571	baseline
PF00326	0.0	0.5326584239387102	0.9613675606975628	1.7459675939863617	0.3518202721741549	0.30835755709041024	0.6481797278258451	0.6916424429095898	0.7142857142857143	baseline
PF00327	0.0	0.27198620169493476	0.4640908427119274	1.4218867460813822	0.5755945694581951	0.5476585815380056	0.5755945694581951	0.5476585815380056	0.5714285714285714	endpoint
PF00328	0.0	0.18588940326228967	0.833705948846435	1.481231989449961	0.4696211525376522	0.3182909259223456	0.5303788474623479	0.6817090740776544	0.5714285714285714	baseline
PF00329	0.0	0.07926999976671202	0.23121061947866434	1.6519747152473947	0.5111059856957901	0.567247026624815	0.5111059856957901	0.567247026624815	0.5714285714285714	baseline
PF00330	0.0	0.144447491373382	0.19312021990082268	1.3995461885618463	0.5100134656881938	0.5486350554768181	0.5100134656881938	0.5486350554768181	0.5714285714285714	endpoint
PF00331	0.0	1.0653002709350385	1.1261513818580995	1.5166502236010757	0.8192763279700472	0.8180447918072088	0.8192763279700472	0.8180447918072088	1.0	endpoint
PF00333	0.0	0.2109068349612559	0.7654325326756868	1.5250190316327652	0.4949862689381265	0.30815508749610193	0.5050137310618735	0.6918449125038981	0.5714285714285714	baseline
PF00334	0.0	0.17060580670375075	0.7459126635209705	1.6619973111661217	0.4271885719761762	0.34409746696873095	0.5728114280238238	0.6559025330312691	0.5714285714285714	baseline
PF00338	0.0	0.34346096368592977	0.3315210658907352	1.3452032982718134	0.41820583754671964	0.40861591086027904	0.5817941624532803	0.591384089139721	0.7142857142857143	baseline
PF00342	0.0	0.6036919414509555	1.1584644975140157	1.8425244681094877	0.6676511129229056	0.7764744970022504	0.6676511129229056	0.7764744970022504	0.7142857142857143	endpoint
PF00343	0.0	0.49397608772136437	0.9907969164763927	1.5108556714380723	0.6891562347225985	0.8132155064002735	0.6891562347225985	0.8132155064002735	0.5714285714285714	endpoint
PF00344	0.0	0.032727983888363905	0.16008623016660428	1.7106063286986464	0.5589540475692737	0.5258729700449347	0.5589540475692737	0.5258729700449347	0.5714285714285714	endpoint
PF00345	0.14285714285714285	0.4905074347528294	0.09418827643399948	2.024052750697129	0.35941615947778704	0.4664155439649707	0.640583840522213	0.5335844560350294	0.7142857142857143	baseline
PF00346	0.0	0.13667767451167956	0.06751041539732607	1.6657697127040723	0.5061223411692638	0.49094860680430297	0.5061223411692638	0.509051393195697	0.5714285714285714	baseline
PF00347	0.0	0.0999998391403215	0.4516801736945703	1.3985427053637878	0.5710800378965782	0.6811801222864554	0.5710800378965782	0.6811801222864554	0.7142857142857143	endpoint
PF00348	0.0	0.6177784755007882	0.7506819077217739	1.4580422140850344	0.31481970470119525	0.3460098885214388	0.6851802952988048	0.6539901114785611	0.7142857142857143	baseline
PF00350	0.0	0.34649079178756886	0.3604880790099143	1.2078688501109498	0.4265196693351038	0.4082717833914959	0.5734803306648961	0.591728216608504	0.5714285714285714	baseline
PF00355	0.0	0.7451629711140405	1.0592869481169305	1.4281999353981356	0.2726032802965899	0.27309695111434334	0.7273967197034101	0.7269030488856567	0.8571428571428571	baseline
PF00356	0.0	0.2686687636929222	0.5594657077067318	1.3773312894125989	0.42246653216998364	0.37773318583008264	0.5775334678300164	0.6222668141699174	0.7142857142857143	baseline
PF00358	0.0	0.45931348770499625	0.9838503545598132	1.5570974351617601	0.6524496241105107	0.7431990770039771	0.6524496241105107	0.7431990770039771	0.5714285714285714	endpoint
PF00359	0.0	0.4095848559229182	0.3155541399688504	1.6993391085035232	0.3875525997828381	0.41823981435017266	0.6124474002171618	0.5817601856498273	0.7142857142857143	baseline
PF00361	0.0	0.28488415176859966	0.06440456457108973	1.281022564888081	0.6017069883234284	0.4813118384331893	0.6017069883234284	0.5186881615668106	0.5714285714285714	endpoint
PF00364	0.0	0.264664661061721	0.030220276989742792	1.2026732452981492	0.40555679806244915	0.5088021072118037	0.5944432019375508	0.5088021072118037	0.5714285714285714	baseline
PF00365	0.0	0.8482627280537249	1.2219133567512916	1.580943489200378	0.7138015421089836	0.7988534244993207	0.7138015421089836	0.7988534244993207	0.7142857142857143	endpoint
PF00366	0.0	0.36406931230529516	0.5204782712415108	1.3975242852364886	0.41688200783610607	0.3465611937601114	0.5831179921638939	0.6534388062398886	0.7142857142857143	baseline
PF00367	0.0	0.5659457997158737	0.5609350455944229	1.5046722698314248	0.3332516271804789	0.3286492692269792	0.6667483728195212	0.6713507307730209	0.7142857142857143	baseline
PF00370	0.14285714285714285	0.2925273538576793	0.4439352914860873	2.1394470901322444	0.5463675401561269	0.6169777815415817	0.5463675401561269	0.6169777815415817	0.7142857142857143	endpoint
PF00374	0.0	0.8641083780482413	0.9121522287669926	1.9243873475410953	0.28187309295527857	0.22171173975528172	0.7181269070447214	0.7782882602447183	0.8571428571428571	baseline
PF00375	0.0	0.42405200136448684	1.093069305164061	1.7604754548413564	0.6733417593221193	0.9180274177261112	0.6733417593221193	0.9180274177261112	0.7142857142857143	endpoint
PF00376	0.0	0.14341755172597684	0.16590141851638177	1.6609376893479222	0.5027314116630326	0.5533642645730754	0.5027314116630326	0.5533642645730754	0.5714285714285714	endpoint
PF00378	0.0	0.1069789552149685	0.0293908772534378	0.5871795039959062	0.5448151079553197	0.4840335200823589	0.5448151079553197	0.5159664799176411	0.5714285714285714	endpoint
PF00380	0.0	0.4359091710516086	0.18685277470467904	1.5045643133189586	0.6345125832587305	0.5329643569927366	0.6345125832587305	0.5329643569927366	0.7142857142857143	endpoint
PF00381	0.0	0.46363758527610527	0.4622863319853606	1.4179442972593512	0.628073881062437	0.6350589463288672	0.628073881062437	0.6350589463288672	0.5714285714285714	endpoint
PF00383	0.0	0.6834455257428308	1.2382748220274988	1.704698571338283	0.7002679592062578	0.7535958047218817	0.7002679592062578	0.7535958047218817	0.7142857142857143	endpoint
PF00384	0.0	0.0749640349932672	0.15142234424008272	1.4200746014569552	0.5145961938713962	0.46420095534772454	0.5145961938713962	0.5357990446522755	0.5714285714285714	endpoint
PF00389	0.0	0.931007568259196	0.7436386608825954	1.8380233636687164	0.24529999619416976	0.24740699753672898	0.7547000038058302	0.752593002463271	1.0	baseline
PF00390	0.0	0.3704175072350976	0.7029326581626405	1.177536208116432	0.6307765291149826	0.6775261629057808	0.6307765291149826	0.6775261629057808	0.7142857142857143	endpoint
PF00391	0.0	0.42896393201710364	0.4912129982294018	1.1437829890678404	0.6461730403517667	0.5521607793440876	0.6461730403517667	0.5521607793440876	0.7142857142857143	endpoint
PF00392	0.0	0.19816035709039512	0.3180700588912819	1.2467642570544055	0.5451195892295664	0.5953075892286339	0.5451195892295664	0.5953075892286339	0.7142857142857143	endpoint
PF00393	0.0	0.42363890542445976	0.4944312163062987	1.4992032074026065	0.38224760422873205	0.38854674736197	0.617752395771268	0.6114532526380301	0.7142857142857143	baseline
PF00394	0.0	0.9808390685410151	1.2158154091807425	1.7885519534077998	0.24653865149220452	0.1725118278070819	0.7534613485077954	0.8274881721929181	0.8571428571428571	baseline
PF00395	0.0	0.6043650459431377	0.6711689704314043	1.4727359975448056	0.6828940580953511	0.7013010527498024	0.6828940580953511	0.7013010527498024	0.8571428571428571	endpoint
PF00398	0.0	0.299491899946362	0.5824246355757976	1.2638839980045022	0.6224450807236307	0.6837159622938571	0.6224450807236307	0.6837159622938571	0.7142857142857143	endpoint
PF00403	0.0	0.4506966164186497	1.073779608281929	1.467840189969953	0.6530423045200253	0.854744650885799	0.6530423045200253	0.854744650885799	0.5714285714285714	endpoint
PF00406	0.0	0.3204506585409726	0.07386850522067813	1.433742485256923	0.6147581170204622	0.46100460874848764	0.6147581170204622	0.5389953912515124	0.5714285714285714	endpoint
PF00408	0.0	0.5032859236486278	1.1374495491782135	1.4888614615291127	0.6491820232300357	0.7791074830712991	0.6491820232300357	0.7791074830712991	0.5714285714285714	endpoint
PF00410	0.0	0.5028844950824978	0.8587618622600269	1.231143775027176	0.3458790086203649	0.32806893490180283	0.6541209913796351	0.6719310650981971	0.7142857142857143	baseline
PF00411	0.0	0.6853738537953361	0.8047572391683517	1.724223197449287	0.30175151566543207	0.2806382819072132	0.698248484334568	0.7193617180927868	0.7142857142857143	baseline
PF00415	0.0	0.9438079071784228	0.8062335754870159	1.904111240162958	0.7585377551930953	0.7866977194833751	0.7585377551930953	0.7866977194833751	0.8571428571428571	endpoint
PF00416	0.0	0.6115790238256203	0.8105403185793912	1.493568057081785	0.6909047079602013	0.6084761492323383	0.6909047079602013	0.6084761492323383	0.8571428571428571	endpoint
PF00419	0.0	0.9453517444994934	1.2289699185382055	1.741028031200059	0.23978265073412347	0.12072336708709357	0.7602173492658766	0.8792766329129065	0.8571428571428571	baseline
PF00425	0.0	0.26890958290947464	0.2745823471606355	1.354998372814363	0.41969648252691105	0.41693605791855193	0.580303517473089	0.5830639420814481	0.5714285714285714	baseline
PF00430	0.0	0.6531498718293866	1.0564221942861323	1.7304344193149117	0.687549355465085	0.8335384168636593	0.687549355465085	0.8335384168636593	0.7142857142857143	endpoint
PF00436	0.0	0.44468113190969394	1.1294103605984995	1.6333194043900308	0.41548057792962884	0.249161174822598	0.5845194220703711	0.750838825177402	0.5714285714285714	baseline
PF00437	0.0	0.46501273958771794	0.6589271284594524	1.4395656261211727	0.31294329359057954	0.24474834599873527	0.6870567064094204	0.7552516540012647	0.7142857142857143	baseline
PF00438	0.0	0.7338024091906103	1.2768075315632852	1.7656906449735439	0.6911845248637898	0.7637203090199322	0.6911845248637898	0.7637203090199322	0.7142857142857143	endpoint
PF00440	0.0	0.3763953929556964	0.2483232436671986	1.4301755735505028	0.393555347247582	0.388778667840308	0.606444652752418	0.611221332159692	0.8571428571428571	baseline
PF00441	0.0	0.7633331300643783	0.9384930827280812	1.246506594362736	0.7363562714265518	0.7424125962279013	0.7363562714265518	0.7424125962279013	0.8571428571428571	endpoint
PF00444	0.0	0.44804888618865224	0.061925052001987314	1.377847909380069	0.34599200048337336	0.4871994508963562	0.6540079995166266	0.5128005491036438	0.5714285714285714	baseline
PF00448	0.14285714285714285	0.37035053304920396	0.17150900420520943	2.0087758668004625	0.43940191915172233	0.4603614299054714	0.5605980808482777	0.5396385700945285	0.7142857142857143	baseline
PF00449	0.0	0.6465621610439418	0.6665046093216529	1.2707760080647854	0.697795970837671	0.6690100168851446	0.697795970837671	0.6690100168851446	0.7142857142857143	endpoint
PF00453	0.0	0.5493866156520509	0.7284532773378343	1.4763755971749712	0.651645777164264	0.724828736184224	0.651645777164264	0.724828736184224	0.8571428571428571	endpoint
PF00455	0.0	0.1165212716539989	0.023865072332039897	1.4083657711871613	0.5497920567501116	0.4666593391009412	0.5497920567501116	0.5333406608990587	0.5714285714285714	endpoint
PF00456	0.0	0.8155620737626235	0.5064036041049834	1.7821444863338674	0.2633620340484915	0.3037843810259382	0.7366379659515085	0.6962156189740618	1.0	baseline
PF00459	0.0	1.0121476074110816	1.1667096677737308	1.5470371641623943	0.18291505053846907	0.11762121461745963	0.8170849494615309	0.8823787853825403	0.8571428571428571	baseline
PF00462	0.0	0.6956221017275749	1.2070857373026795	1.9623223220159636	0.3370376860999476	0.1790869718398297	0.6629623139000524	0.8209130281601703	0.7142857142857143	baseline
PF00463	0.0	0.44387204687505954	0.5959582377036806	1.2626048570219726	0.38829006518161574	0.3542792954769034	0.6117099348183843	0.6457207045230966	0.7142857142857143	baseline
PF00464	0.0	0.2920593496658986	0.8084180506325531	1.3637047641714541	0.4314197351862764	0.3364258591187215	0.5685802648137236	0.6635741408812785	0.5714285714285714	baseline
PF00465	0.0	0.08395062274227623	0.2345779041496696	1.401358725186969	0.46931042103743337	0.5680342301359474	0.5306895789625666	0.5680342301359474	0.5714285714285714	baseline
PF00466	0.0	0.16145003811738004	0.21398862101794086	1.3250674621778529	0.46456838689921903	0.4350993908797649	0.535431613100781	0.5649006091202351	0.7142857142857143	baseline
PF00468	0.0	0.052241239919900054	0.09820942465291062	1.5606074899830078	0.48325753182257175	0.5347058388409233	0.5167424681774282	0.5347058388409233	0.5714285714285714	baseline
PF00471	0.0	0.2295242236158786	0.05841556086317754	1.3016792994333084	0.608953585610081	0.5268510131782165	0.608953585610081	0.5268510131782165	0.7142857142857143	endpoint
PF00472	0.0	0.8026680761253511	1.1811592246580584	1.7945153076159588	0.3143289416398643	0.23706332998174567	0.6856710583601358	0.7629366700182543	0.8571428571428571	baseline
PF00474	0.0	0.8397150036014916	1.3104580245549478	1.8830344250615298	0.29347675159744907	0.18338190012332065	0.706523248402551	0.8166180998766793	0.7142857142857143	baseline
PF00475	0.0	0.33117348373747507	1.1292100269909298	1.3350971749957041	0.38075352695955134	0.2159947290949998	0.6192464730404487	0.7840052709050002	0.5714285714285714	baseline
PF00476	0.14285714285714285	0.8579188163741774	0.9133212891836201	2.004449600294798	0.265411704098141	0.20226153604789526	0.734588295901859	0.7977384639521048	0.8571428571428571	baseline
PF00478	0.0	0.16039016753697583	0.23700660864303907	1.1261641836882834	0.47294021590144913	0.4448302541642251	0.5270597840985509	0.5551697458357749	0.5714285714285714	baseline
PF00479	0.0	0.3846409735440782	0.7772018420083943	1.8761859410794879	0.44314795848007815	0.33150045099734654	0.5568520415199218	0.6684995490026535	0.5714285714285714	baseline
PF00480	0.0	0.7094585901534133	0.84220024922738	1.407169310066369	0.27733078539157835	0.24400953690077987	0.7226692146084217	0.7559904630992201	0.8571428571428571	baseline
PF00481	0.0	0.02641960874549763	0.021590091861343755	1.5715733214716623	0.47815475946472885	0.4635129521157006	0.5218452405352711	0.5364870478842994	0.5714285714285714	endpoint
PF00482	0.0	0.4914944511415754	1.2495929088234135	1.426367704288339	0.6743724087026017	0.8466507436963979	0.6743724087026017	0.8466507436963979	0.5714285714285714	endpoint
PF00483	0.0	0.6416991242460207	0.9973484564514418	1.518274476093592	0.7309289829648012	0.8650371445173131	0.7309289829648012	0.8650371445173131	0.8571428571428571	endpoint
PF00484	0.0	0.6889908102485945	1.3057583616945532	1.72620019262763	0.3440157105707685	0.2134362039297389	0.6559842894292315	0.7865637960702612	0.7142857142857143	baseline
PF00485	0.0	0.6827875621801025	1.0693824883634355	1.399744579689082	0.7091078831030547	0.821031838885528	0.7091078831030547	0.821031838885528	0.7142857142857143	endpoint
PF00486	0.0	0.8964317784801134	1.0855623614903815	1.6615565085194726	0.7965465028993426	0.8712626741151115	0.7965465028993426	0.8712626741151115	0.8571428571428571	endpoint
PF00488	0.0	0.597202247302845	0.7328138208637764	1.505488297650655	0.7069083610331305	0.6845117784664732	0.7069083610331305	0.6845117784664732	0.8571428571428571	endpoint
PF00490	0.0	0.37706010070656876	0.32916770206165596	1.2086214901548435	0.6361490275656715	0.5869897705175998	0.6361490275656715	0.5869897705175998	0.8571428571428571	endpoint
PF00491	0.0	0.48103165025901956	0.6078418339243217	1.3199458026998123	0.6378124842758081	0.5741294301173288	0.6378124842758081	0.5741294301173288	0.7142857142857143	endpoint
PF00494	0.0	0.4279077910077544	0.06280816110540921	1.308117767528407	0.39080524264499533	0.44936493597151134	0.6091947573550047	0.5506350640284887	0.5714285714285714	baseline
PF00496	0.0	0.3159963832396708	0.5076457967439424	1.2368061334954799	0.41400698421151244	0.2966753470125843	0.5859930157884876	0.7033246529874158	0.7142857142857143	baseline
PF00497	0.0	0.025015305282269824	0.22778002140257889	1.3674513133734727	0.5142265810221204	0.43281005910027154	0.5142265810221204	0.5671899408997285	0.5714285714285714	baseline
PF00498	0.0	0.4509186603289856	1.0185323718070114	1.2727327850140648	0.662523715212107	0.7886427514281199	0.662523715212107	0.7886427514281199	0.5714285714285714	endpoint
PF00499	0.0	0.5078949831871316	0.4676804476576922	1.4417350524130197	0.3667574961750463	0.39298729604340377	0.6332425038249536	0.6070127039565962	0.8571428571428571	baseline
PF00501	0.0	0.9846388503106993	1.3608294380802266	1.74338937513574	0.2313493923145374	0.10562521536922535	0.7686506076854626	0.8943747846307747	0.7142857142857143	baseline
PF00512	0.0	0.25249101591298323	0.0023482470298223424	1.3824444179081723	0.5801727627109942	0.47332327256786116	0.5801727627109942	0.5266767274321389	0.5714285714285714	endpoint
PF00515	0.0	0.3899737199358514	0.9079386543544594	1.3512246309199154	0.39606063814284714	0.3009368106258403	0.6039393618571529	0.6990631893741597	0.7142857142857143	baseline
PF00521	0.0	0.20940102016442497	0.26717437150604073	1.2909035331657914	0.43767852162368875	0.379216661268149	0.5623214783763113	0.620783338731851	0.7142857142857143	baseline
PF00528	0.0	0.6545095079542529	0.4692811498624002	1.4273444699096256	0.3088920783625106	0.4034861230419096	0.6911079216374894	0.5965138769580904	1.0	baseline
PF00529	0.0	1.1055642933078098	1.1881940677735854	1.7183646449787122	0.17488748297093265	0.1801252945976646	0.8251125170290674	0.8198747054023354	1.0	baseline
PF00532	0.0	0.7836052863691055	1.1331438130437153	1.3284300836343677	0.2883474922479003	0.19529918785725758	0.7116525077520997	0.8047008121427424	0.8571428571428571	baseline
PF00533	0.0	0.7091400147832196	1.1453103339342625	1.4899269802337711	0.7180536226480317	0.8615096255783224	0.7180536226480317	0.8615096255783224	0.8571428571428571	endpoint
PF00534	0.0	0.20506188055954905	0.29678083096179747	1.3037972652782248	0.4694259024701076	0.41786668329954096	0.5305740975298924	0.582133316700459	0.5714285714285714	baseline
PF00535	0.0	0.22142562627852655	0.007217890776670225	1.4474854321215886	0.5706233112870333	0.5115072306867863	0.5706233112870333	0.5115072306867863	0.5714285714285714	endpoint
PF00541	0.0	0.2974814530197148	0.22272963716628255	1.2094584890053388	0.41241454816691153	0.4611249137686424	0.5875854518330885	0.5388750862313576	0.7142857142857143	baseline
PF00543	0.0	0.3846182908556117	0.4826281399353192	1.576335240240434	0.6167046427099041	0.6260233922133575	0.6167046427099041	0.6260233922133575	0.5714285714285714	endpoint
PF00544	0.0	0.8118171383539016	1.0309553433317435	1.3618842981423323	0.7230551040798255	0.7542112770927951	0.7230551040798255	0.7542112770927951	0.8571428571428571	endpoint
PF00547	0.0	0.039471583130363266	0.5851080477906623	1.3067991822108318	0.4910186243179893	0.3463581837728037	0.5089813756820107	0.6536418162271963	0.5714285714285714	baseline
PF00549	0.0	1.063379404125023	1.2692754633859225	1.8957060437078765	0.21742382247168926	0.07001663812701922	0.7825761775283108	0.9299833618729808	0.8571428571428571	baseline
PF00550	0.0	0.2177813174686025	0.43607946659111857	1.3376082365545987	0.45120923059045165	0.3734640410819843	0.5487907694095484	0.6265359589180157	0.5714285714285714	baseline
PF00551	0.0	0.3900422985873632	0.7371910301254528	1.5140970422079518	0.5970230943691568	0.7115461768512058	0.5970230943691568	0.7115461768512058	0.7142857142857143	endpoint
PF00557	0.0	0.8753325110340845	1.3345939899583152	1.646668114005949	0.2342266442689189	0.13723927670686406	0.7657733557310811	0.8627607232931359	0.7142857142857143	baseline
PF00561	0.0	0.11318669452168477	0.0927837674371053	1.3599221172960732	0.44982197595885076	0.5266159888034108	0.5501780240411492	0.5266159888034108	0.7142857142857143	baseline
PF00562	0.0	0.42536556553854815	0.548153227433458	1.4878962879350437	0.6274185915398034	0.6652214684760248	0.6274185915398034	0.6652214684760248	0.7142857142857143	endpoint
PF00563	0.0	0.48190429929445067	0.8387764782710422	1.2734651038328806	0.30933750880169886	0.20483159414762023	0.6906624911983011	0.7951684058523798	0.7142857142857143	baseline
PF00565	0.0	1.2582150426980927	1.326711221456926	1.7002508568017936	0.1339255351002146	0.07802034303119752	0.8660744648997853	0.9219796569688025	1.0	baseline
PF00570	0.0	0.0797444714408937	0.3705021467205621	1.5079708238793976	0.47277320543498597	0.6627208667341138	0.527226794565014	0.6627208667341138	0.5714285714285714	baseline
PF00571	0.0	0.06482736839583006	0.10551537645754373	1.2984063690684726	0.4799019344186787	0.4881361119302641	0.5200980655813213	0.5118638880697359	0.5714285714285714	baseline
PF00572	0.0	0.017075629714695124	0.23474898869191813	1.21938925805084	0.5162951860480868	0.442930143183033	0.5162951860480868	0.557069856816967	0.5714285714285714	endpoint
PF00573	0.0	0.07396871687520037	0.049803023118655566	1.2846924005923146	0.5282036884139921	0.4623537157868014	0.5282036884139921	0.5376462842131986	0.5714285714285714	endpoint
PF00574	0.0	0.08669154965922712	0.19987134092698305	0.5126182016216285	0.5309337444580123	0.5037989236839745	0.5309337444580123	0.5037989236839745	0.5714285714285714	endpoint
PF00575	0.0	0.8448039279807631	1.1515948246487326	1.497563231319646	0.7644160592355892	0.7231954639228224	0.7644160592355892	0.7231954639228224	0.8571428571428571	endpoint
PF00577	0.0	0.4050282694459952	0.9158160182893439	1.3844153303839897	0.3787134644374915	0.29767432658859205	0.6212865355625086	0.702325673411408	0.7142857142857143	baseline
PF00578	0.0	0.2988277398789581	0.8683854605180256	1.2960224171109371	0.3881885819742658	0.31018355276577614	0.6118114180257341	0.6898164472342239	0.7142857142857143	baseline
PF00579	0.0	0.2221784605516021	0.2578723899980091	1.4061562652567712	0.6010694607831456	0.5594378650860138	0.6010694607831456	0.5594378650860138	0.7142857142857143	endpoint
PF00580	0.0	0.09858375386269026	0.2444699624017312	1.4152497883574098	0.4636005370715628	0.4300395781294059	0.5363994629284372	0.569960421870594	0.5714285714285714	baseline
PF00581	0.0	0.5841631856187126	0.6105657681302786	1.362898333696871	0.32040451465261705	0.36926875435380496	0.6795954853473829	0.6307312456461951	0.7142857142857143	baseline
PF00582	0.0	0.6755546387540706	0.56153919630004	1.4163951133950659	0.3101321500369386	0.32100389312258626	0.6898678499630614	0.6789961068774137	0.8571428571428571	baseline
PF00583	0.0	0.35409278503077274	0.7602179463337149	1.5486490089420484	0.4174915876138172	0.34442693424298065	0.5825084123861828	0.6555730657570193	0.5714285714285714	baseline
PF00584	0.0	0.4314153574347696	0.6961848474726705	1.2963066011445015	0.6533938865891297	0.747647143700901	0.6533938865891297	0.747647143700901	0.7142857142857143	endpoint
PF00585	0.0	0.8343192653962243	1.2727656199501398	1.6614655607447424	0.25625762054282697	0.19482248891326875	0.743742379457173	0.8051775110867312	0.8571428571428571	baseline
PF00586	0.0	0.1775864230448326	0.4151447659653	0.9895931871475017	0.5518566976244496	0.5452202966554527	0.5518566976244496	0.5452202966554527	0.7142857142857143	endpoint
PF00587	0.0	0.18215537045231414	0.5689852236795387	1.3798761164796585	0.5744439150617321	0.6462119435764105	0.5744439150617321	0.6462119435764105	0.7142857142857143	endpoint
PF00588	0.0	0.3096381731186752	0.5075771050733995	1.2462807295981622	0.42344525751733425	0.36772858895766897	0.5765547424826658	0.6322714110423311	0.5714285714285714	baseline
PF00589	0.0	0.456800065811312	0.40930602061292015	1.2972716479159416	0.6296288470248484	0.5429165626326685	0.6296288470248484	0.5429165626326685	0.7142857142857143	endpoint
PF00590	0.0	0.9297843857957375	1.1412741344092379	1.3464892065726208	0.7854639703646027	0.7800015942667119	0.7854639703646027	0.7800015942667119	1.0	endpoint
PF00591	0.0	0.04137621408331389	0.08576752778476603	0.9594850544664022	0.540648752066155	0.4851289946767124	0.540648752066155	0.5148710053232877	0.5714285714285714	endpoint
PF00593	0.0	0.3364513771148646	0.1962407908226723	1.498242886220776	0.6060280390701058	0.5617269215525519	0.6060280390701058	0.5617269215525519	0.5714285714285714	endpoint
PF00595	0.0	0.03951227036183229	0.2607923112047833	1.4758298521596298	0.536895887113399	0.425609386352633	0.536895887113399	0.574390613647367	0.7142857142857143	baseline
PF00596	0.0	0.07993800664320504	0.9735461739216636	1.2453789107834585	0.4541342001158899	0.2845763745853294	0.5458657998841101	0.7154236254146706	0.5714285714285714	baseline
PF00608	0.0	0.02652548795366708	0.16261999960027104	0.5530149139907957	0.4925842206448653	0.46439754391055	0.5074157793551347	0.53560245608945	0.5714285714285714	baseline
PF00614	0.0	0.3306711988190561	0.49448991239373224	1.3390186868092855	0.6489893653884703	0.6982059640402396	0.6489893653884703	0.6982059640402396	0.7142857142857143	endpoint
PF00623	0.0	0.19937989382102933	0.4452310998734905	1.5175275833317785	0.44542438235073767	0.3707435460176902	0.5545756176492623	0.6292564539823098	0.5714285714285714	baseline
PF00625	0.0	0.33119984882320697	1.2969159380056514	1.3329302472590225	0.6024558377904331	0.6918833596338786	0.6024558377904331	0.6918833596338786	0.5714285714285714	endpoint
PF00636	0.0	0.16998005145406594	0.17163371084022408	1.2684864955697186	0.5234399096675627	0.45563880950463054	0.5234399096675627	0.5443611904953695	0.5714285714285714	endpoint
PF00639	0.0	0.03629069356018851	0.08372734827079549	0.8222890747773544	0.5241129459246547	0.5138800753360916	0.5241129459246547	0.5138800753360916	0.5714285714285714	baseline
PF00652	0.0	0.08789824433562492	0.4131021936834159	1.039967955493807	0.5603533086522411	0.6779999063303197	0.5603533086522411	0.6779999063303197	0.7142857142857143	endpoint
PF00654	0.0	0.7302171490270943	1.18640717966952	1.9203012407422098	0.31681821616087996	0.13933822499952023	0.6831817838391201	0.8606617750004798	0.7142857142857143	baseline
PF00656	0.0	0.5122740400498361	0.7797596421041174	1.8087395497116334	0.6542982530734299	0.7385745739047289	0.6542982530734299	0.7385745739047289	0.7142857142857143	endpoint
PF00657	0.0	0.19038295903570082	0.2721749440655142	0.9538781972577709	0.586214082532556	0.5768236627861739	0.586214082532556	0.5768236627861739	0.7142857142857143	endpoint
PF00662	0.0	0.3487489548283609	0.3360993881845557	1.681238297902092	0.41572866895629446	0.40533355387594466	0.5842713310437055	0.5946664461240554	0.5714285714285714	baseline
PF00664	0.0	0.43365603866731856	0.0915552262357799	1.4793229559572185	0.63930234081505	0.5626730652130711	0.63930234081505	0.5626730652130711	0.7142857142857143	endpoint
PF00665	0.0	0.36453770875206576	1.2366281756730235	1.9038912696915504	0.544622215175704	0.7866612050340299	0.544622215175704	0.7866612050340299	0.5714285714285714	endpoint
PF00668	0.0	0.7511629590738804	1.269209488032211	1.5021200375997306	0.7250865659213285	0.809910309866903	0.7250865659213285	0.809910309866903	0.7142857142857143	endpoint
PF00669	0.0	0.3953952690420583	1.026665844484101	1.5568263834237592	0.6426487945381594	0.7532084784334068	0.6426487945381594	0.7532084784334068	0.5714285714285714	endpoint
PF00670	0.0	0.8237231541883381	1.2247817879336533	1.405582201115213	0.28615492810919346	0.1814114792247636	0.7138450718908065	0.8185885207752364	0.8571428571428571	baseline
PF00672	0.0	0.45237697840163754	0.5952626090023287	1.5312727860215862	0.6691842270983634	0.7022132278891582	0.6691842270983634	0.7022132278891582	0.7142857142857143	endpoint
PF00673	0.0	0.10948237874280196	0.2642393189981393	1.3802808512779894	0.5295145244632057	0.5616233001618142	0.5295145244632057	0.5616233001618142	0.5714285714285714	endpoint
PF00675	0.0	0.18882663023516424	0.3781444477340225	1.2657017933069734	0.5236870064015676	0.601597203936145	0.5236870064015676	0.601597203936145	0.7142857142857143	endpoint
PF00676	0.0	0.9367229671058604	1.2088079258378182	1.4649868134355506	0.1945334624588694	0.1271501762530539	0.8054665375411306	0.8728498237469461	1.0	baseline
PF00677	0.0	0.11240814448858351	0.540849712152341	1.3675563525133014	0.5333309795852293	0.6565692396434323	0.5333309795852293	0.6565692396434323	0.5714285714285714	endpoint
PF00679	0.0	0.9264647744251384	0.8921411332187313	1.2697315407572936	0.779100457835782	0.7849037350230554	0.779100457835782	0.7849037350230554	1.0	endpoint
PF00682	0.0	0.08334480233446517	0.0017394488489135022	1.6345202884790493	0.5034238240881425	0.4709096140841518	0.5034238240881425	0.5290903859158482	0.5714285714285714	endpoint
PF00684	0.0	0.10178623821123321	0.31143948449597686	1.4164917689834575	0.5520509033523255	0.5860029235585148	0.5520509033523255	0.5860029235585148	0.5714285714285714	endpoint
PF00686	0.0	0.3865495682649804	0.5175782890884406	1.050502742373447	0.601097658790288	0.6877282331980289	0.601097658790288	0.6877282331980289	0.8571428571428571	endpoint
PF00687	0.0	0.09505400626670742	0.36631027146912765	1.449479787768915	0.432112182954413	0.4066669710732529	0.567887817045587	0.5933330289267471	0.5714285714285714	baseline
PF00689	0.0	1.0594797329585866	1.0944702511634334	1.786356082398077	0.16207309892308158	0.1412665767570021	0.8379269010769184	0.858733423242998	0.8571428571428571	baseline
PF00690	0.0	0.09484054131357511	0.1290982846205281	1.6756889701185198	0.4846615312413706	0.42661098958603777	0.5153384687586293	0.5733890104139623	0.5714285714285714	baseline
PF00691	0.0	0.6974907724935466	0.7314557262881786	1.249265588940731	0.2783996115566629	0.2666665725462094	0.7216003884433371	0.7333334274537906	0.8571428571428571	baseline
PF00692	0.0	0.5297754707264952	1.1893187240110736	1.490939538162611	0.6219436127559274	0.6806575671705831	0.6219436127559274	0.6806575671705831	0.7142857142857143	endpoint
PF00694	0.0	0.05607837577637773	0.27723171208806735	0.9474567732879537	0.47692959179301464	0.4312203279723104	0.5230704082069854	0.5687796720276896	0.5714285714285714	baseline
PF00696	0.0	0.7494748869905082	0.7375161669383358	1.2860655897455446	0.7265325037210694	0.7217259752553359	0.7265325037210694	0.7217259752553359	1.0	endpoint
PF00697	0.0	0.03852247968921523	0.002431216867401763	1.4747956714251593	0.4978016071527701	0.47021729587862426	0.5021983928472299	0.5297827041213757	0.5714285714285714	baseline
PF00698	0.0	0.37026486943565046	0.41123943845150124	1.2113544797243267	0.6048351564832579	0.6120807840121368	0.6048351564832579	0.6120807840121368	0.8571428571428571	endpoint
PF00699	0.0	0.08914609934408259	0.4651828996274563	1.288962943313818	0.5270369965805254	0.4044442116176178	0.5270369965805254	0.5955557883823822	0.5714285714285714	endpoint
PF00700	0.0	0.6157040608785885	0.9015598980562929	1.3660898586728578	0.7124346973536705	0.8188104801316451	0.7124346973536705	0.8188104801316451	0.7142857142857143	endpoint
PF00701	0.0	0.10490441217681477	0.5032013545004912	1.2528921383610672	0.48631800625296717	0.34993582333234824	0.5136819937470328	0.6500641766676518	0.5714285714285714	baseline
PF00702	0.0	0.2344922320860814	0.04317433433333427	1.2793384856952392	0.570647204468928	0.48837732071253626	0.570647204468928	0.5116226792874637	0.5714285714285714	endpoint
PF00703	0.0	0.3420678036396578	0.5112574955502432	1.5518666997806396	0.5876342467283455	0.7088992245883073	0.5876342467283455	0.7088992245883073	0.7142857142857143	endpoint
PF00704	0.0	0.10408306608371587	0.18808708403380967	1.2334061556253815	0.4477426663737162	0.46922364676122147	0.5522573336262838	0.5307763532387786	0.5714285714285714	baseline
PF00707	0.0	0.0002634181832230948	0.44589730104114256	1.2649018054273966	0.5295003175817589	0.40895279714118904	0.5295003175817589	0.591047202858811	0.7142857142857143	baseline
PF00708	0.0	0.25320247076287455	0.39758411361472074	1.8701182936073795	0.5630878761154655	0.6696318923239308	0.5630878761154655	0.6696318923239308	0.5714285714285714	endpoint
PF00709	0.0	0.4620148653501686	0.9502911639887218	1.4909006444924946	0.6457954589341102	0.7971091624714635	0.6457954589341102	0.7971091624714635	0.7142857142857143	endpoint
PF00710	0.0	0.35328206388410227	0.12250422655119288	1.3092228752733823	0.6294940681594358	0.5418336557471145	0.6294940681594358	0.5418336557471145	0.5714285714285714	endpoint
PF00712	0.0	0.14600285714200453	0.6626427644236925	1.4886234169919568	0.5335329379539736	0.6681071951281068	0.5335329379539736	0.6681071951281068	0.5714285714285714	endpoint
PF00717	0.0	0.06326244356395676	0.014308577534338304	0.9973410352619831	0.481832354829784	0.5255423891296173	0.518167645170216	0.5255423891296173	0.5714285714285714	baseline
PF00719	0.0	0.6858781776201115	0.6159399915208447	1.5067383298846233	0.28429512449221217	0.36502957887758547	0.7157048755077878	0.6349704211224145	0.8571428571428571	baseline
PF00722	0.0	0.17949034458939184	0.47650328842124245	1.4784267624262535	0.5471487832955549	0.6993009518383164	0.5471487832955549	0.6993009518383164	0.5714285714285714	endpoint
PF00724	0.0	0.6016339080106368	0.6667562722336151	1.3663215530465065	0.3330110825093506	0.288601648110044	0.6669889174906494	0.711398351889956	0.7142857142857143	baseline
PF00725	0.0	0.24178330937698478	0.47387360981414145	1.270484060300695	0.5516326091246834	0.6349890414202309	0.5516326091246834	0.6349890414202309	0.5714285714285714	endpoint
PF00728	0.0	0.8335041960187457	1.165117522374124	1.4097955852497315	0.23231454211459732	0.12538891249619763	0.7676854578854027	0.8746110875038023	0.8571428571428571	baseline
PF00730	0.0	0.673532434818263	0.9176059395562807	1.612378511241437	0.3067576613015606	0.2029707943249987	0.6932423386984394	0.7970292056750012	0.8571428571428571	baseline
PF00731	0.0	0.0908210400244888	0.26329648348580165	1.3972201224899143	0.5531282429931283	0.6191474859663082	0.5531282429931283	0.6191474859663082	0.5714285714285714	endpoint
PF00733	0.0	0.17492935657935244	0.17491508832297537	1.083155019857698	0.5646066841212637	0.5309629446226847	0.5646066841212637	0.5309629446226847	0.7142857142857143	endpoint
PF00742	0.0	0.09095726702555204	0.9311028196315647	1.5088632179217178	0.5295875048955143	0.6904705539452967	0.5295875048955143	0.6904705539452967	0.5714285714285714	endpoint
PF00749	0.0	0.13172372654972883	0.2682143515105091	1.2330824349451215	0.5524869842558157	0.6260340697785663	0.5524869842558157	0.6260340697785663	0.5714285714285714	endpoint
PF00750	0.0	0.15361352927961255	0.592299292334048	1.4738378262465675	0.5731180909532861	0.6742292005385524	0.5731180909532861	0.6742292005385524	0.5714285714285714	endpoint
PF00753	0.0	0.6046481835241592	0.6035434180046331	1.6247030377036749	0.6707538829172882	0.6998450722492606	0.6707538829172882	0.6998450722492606	0.8571428571428571	endpoint
PF00754	0.0	0.3509070681272951	0.4203479253116502	1.3732704524898405	0.3614565082125483	0.3784786056238923	0.6385434917874517	0.6215213943761078	0.5714285714285714	baseline
PF00756	0.0	0.46816670563989654	0.7284859334142549	1.346695099009757	0.3427724466808132	0.314135340828619	0.6572275533191868	0.6858646591713811	0.7142857142857143	baseline
PF00759	0.14285714285714285	0.692431869419031	0.9125367527851381	2.2882490453727686	0.67062812373849	0.8033470992126212	0.67062812373849	0.8033470992126212	0.7142857142857143	endpoint
PF00762	0.0	0.1541161862877589	0.14850642905693315	1.2717768654900914	0.4910345854432011	0.4667017933008532	0.5089654145567989	0.5332982066991467	0.5714285714285714	baseline
PF00763	0.0	0.015530558264625747	0.3812909968073094	1.6509461790545301	0.5051074026351016	0.3799185483187426	0.5051074026351016	0.6200814516812574	0.5714285714285714	baseline
PF00764	0.0	0.05954041973236402	0.2718976120962836	1.2014192355404052	0.5396361911662918	0.44813196226953694	0.5396361911662918	0.551868037730463	0.7142857142857143	endpoint
PF00766	0.0	0.17565227150862314	0.39332807198625974	1.558453883800725	0.45598804307303764	0.3722945118612412	0.5440119569269624	0.6277054881387588	0.7142857142857143	baseline
PF00768	0.0	0.959213719004195	1.2676566659473867	1.5061479475769455	0.8145188592544307	0.9203287719598606	0.8145188592544307	0.9203287719598606	0.8571428571428571	endpoint
PF00770	0.0	0.6564240950691851	0.6033502951775869	1.3293019118773648	0.28208017681981906	0.34132994337641387	0.7179198231801809	0.6586700566235861	0.8571428571428571	baseline
PF00771	0.0	0.0026201172137698364	0.07061571655976365	1.0779355128826813	0.5072273814640604	0.4936157509979819	0.5072273814640604	0.5063842490020181	0.5714285714285714	baseline
PF00772	0.0	0.10511492785603781	0.27916899445788745	1.4657173965114387	0.5067692411766972	0.4306863410536742	0.5067692411766972	0.5693136589463258	0.7142857142857143	baseline
PF00773	0.0	0.07789221869298081	0.0806989845851323	1.144353665540725	0.48380141801301824	0.45722507732583745	0.5161985819869818	0.5427749226741625	0.5714285714285714	baseline
PF00775	0.0	0.5985588106662817	0.6733468486220154	1.3916474491943387	0.338230496844038	0.35577966212148077	0.6617695031559621	0.6442203378785192	0.8571428571428571	baseline
PF00781	0.0	0.270197071997393	0.29639413674862114	1.3684840977314863	0.606795112725879	0.5726603741682047	0.606795112725879	0.5726603741682047	0.5714285714285714	endpoint
PF00793	0.0	0.5580526529534287	0.39326685853543647	1.3724176882510566	0.3509694188296001	0.39923673524974534	0.6490305811703999	0.6007632647502547	0.7142857142857143	baseline
PF00795	0.0	0.23677337061650486	0.6361813333981207	1.1162434415977607	0.4404005657872122	0.3650166460847507	0.5595994342127878	0.6349833539152493	0.7142857142857143	baseline
PF00800	0.0	0.7112861495542823	0.9387521886717898	1.452731741324662	0.2976536807454479	0.2565180039424962	0.702346319254552	0.7434819960575039	0.8571428571428571	baseline
PF00801	0.0	0.49662385258425773	0.8558103253620978	1.241734225098543	0.666435986506751	0.6126828600932592	0.666435986506751	0.6126828600932592	0.5714285714285714	endpoint
PF00805	0.0	0.05566201965554878	0.2572980819183517	1.5982112679078688	0.48063601011567675	0.5133315932807991	0.5193639898843232	0.5133315932807991	0.5714285714285714	endpoint
PF00809	0.0	0.23289856471821713	0.2230327507334076	1.4935728693959498	0.5985765083681918	0.5653352051963271	0.5985765083681918	0.5653352051963271	0.5714285714285714	endpoint
PF00813	0.0	0.34155296953804115	1.06641814196167	1.2167563054683646	0.6068564585701111	0.6686875937584872	0.6068564585701111	0.6686875937584872	0.5714285714285714	endpoint
PF00814	0.0	0.2323154859240148	0.039721942953767374	1.5314801832887999	0.588465186338749	0.5039084362575035	0.588465186338749	0.5039084362575035	0.5714285714285714	endpoint
PF00815	0.0	0.3819306582850719	0.0678880114432212	1.5372860143797655	0.37692278009087543	0.46982893014609517	0.6230772199091246	0.5301710698539048	0.7142857142857143	baseline
PF00817	0.0	0.04767715113001731	0.532342699281333	1.3456727953930705	0.5316540632680308	0.3427793049355142	0.5316540632680308	0.6572206950644859	0.5714285714285714	baseline
PF00821	0.0	0.5341015525815853	0.7254311782172169	1.8204044325320126	0.6519195925962344	0.5910403062830972	0.6519195925962344	0.5910403062830972	0.7142857142857143	endpoint
PF00825	0.0	0.030423654392733885	0.2314748556618337	1.2278335175505735	0.4780405167664026	0.4590804573659518	0.5219594832335974	0.5409195426340482	0.5714285714285714	baseline
PF00828	0.0	0.30592832666612446	0.8842403660832474	1.469953718684496	0.3808597676535553	0.21136124182496943	0.6191402323464448	0.7886387581750306	0.5714285714285714	baseline
PF00829	0.0	0.0952570870105329	0.3803791143249721	1.3429997203616266	0.5135706948403579	0.6662633646860483	0.5135706948403579	0.6662633646860483	0.5714285714285714	endpoint
PF00830	0.0	0.8474150834960943	1.0314889301929693	1.4301746423289934	0.21414267099655956	0.12909391120686192	0.7858573290034404	0.8709060887931381	0.8571428571428571	baseline
PF00831	0.0	0.16458251335040858	0.2367229624745573	0.7927652250045639	0.4741147255864101	0.44119118149169384	0.5258852744135899	0.5588088185083062	0.7142857142857143	baseline
PF00834	0.0	0.15622653583475135	0.22921203299666343	1.2848851117593962	0.46496885317320336	0.4596094598475152	0.5350311468267966	0.5403905401524848	0.5714285714285714	baseline
PF00842	0.0	0.6544999465141543	0.4823849782136144	1.2387397725641491	0.32325941856384127	0.39649156612595154	0.6767405814361587	0.6035084338740484	1.0	baseline
PF00849	0.0	0.9211087519060586	1.0692671832202705	1.4756359606126206	0.8036786381141087	0.890924269263608	0.8036786381141087	0.890924269263608	0.8571428571428571	endpoint
PF00850	0.0	0.6248103397286847	0.9209689545425708	1.2108772591385206	0.28059984747467037	0.23345182955442406	0.7194001525253296	0.7665481704455759	0.8571428571428571	baseline
PF00852	0.0	0.39192973599097713	0.5849360380673457	1.4081982093120262	0.5903332375530564	0.6989215442880321	0.5903332375530564	0.6989215442880321	0.7142857142857143	endpoint
PF00854	0.0	0.42040575449012435	0.5297985602413967	1.2347013014063881	0.376201169037463	0.3394638965644103	0.6237988309625371	0.6605361034355897	0.7142857142857143	baseline
PF00857	0.0	0.5971239594891131	0.7708305505437759	1.3675107143439575	0.3429130382432718	0.34266527325108165	0.6570869617567282	0.6573347267489184	0.8571428571428571	baseline
PF00860	0.0	0.37407729469703216	0.6379504044110825	1.226126426064629	0.4323643465968218	0.3317928691729325	0.5676356534031781	0.6682071308270675	0.5714285714285714	baseline
PF00861	0.0	0.5167190568128799	0.17290429754929323	1.4758876583300333	0.35321595119916005	0.42780624222282565	0.64678404880084	0.5721937577771743	0.8571428571428571	baseline
PF00871	0.0	0.47628583285504045	0.9038545179970772	1.3055611537626506	0.6190109297404696	0.7465665558893609	0.6190109297404696	0.7465665558893609	0.7142857142857143	endpoint
PF00872	0.14285714285714285	0.5395884113931457	0.3750472315794026	2.391026030401999	0.6261173280895292	0.6008731370187718	0.6261173280895292	0.6008731370187718	0.7142857142857143	endpoint
PF00873	0.14285714285714285	0.8132506767377815	0.7820316739385618	2.176106288054263	0.270905695711528	0.22388512827305973	0.729094304288472	0.7761148717269403	0.7142857142857143	baseline
PF00874	0.0	0.40965709232858255	0.48778847300118144	1.5187979250107573	0.6256022624017775	0.6383560801745574	0.6256022624017775	0.6383560801745574	0.5714285714285714	endpoint
PF00877	0.0	0.4072588294209996	0.5584036670524084	1.4824486640332246	0.6320651221054118	0.667190939224427	0.6320651221054118	0.667190939224427	0.7142857142857143	endpoint
PF00881	0.0	0.14374642024363923	0.07569244772212402	1.238860658098023	0.426412525558485	0.49549925484950436	0.573587474441515	0.5045007451504957	0.7142857142857143	baseline
PF00882	0.0	0.9331318554146427	1.250850316660116	1.8510831556016616	0.7494502390447799	0.8989629660867395	0.7494502390447799	0.8989629660867395	0.8571428571428571	endpoint
PF00883	0.0	0.6711791856143018	0.7601967069304909	1.7026425453210516	0.3004421318575569	0.21706501453545948	0.699557868142443	0.7829349854645405	0.8571428571428571	baseline
PF00884	0.0	0.5197507941541291	0.7889587832363224	1.4674165719642913	0.38478095887368596	0.2901693556607401	0.6152190411263141	0.7098306443392599	0.8571428571428571	baseline
PF00885	0.0	0.4679996141682234	0.9457546033410353	1.7181834035915338	0.6264093843015065	0.6443577771581236	0.6264093843015065	0.6443577771581236	0.7142857142857143	endpoint
PF00886	0.0	0.4577249447730224	0.9818411767211292	1.4159314556823253	0.3422753940819881	0.2370038096563685	0.657724605918012	0.7629961903436315	0.7142857142857143	baseline
PF00889	0.0	0.5631925252090612	0.9774893494663661	1.3099665476632911	0.6587893957867392	0.7946094478891539	0.6587893957867392	0.7946094478891539	0.7142857142857143	endpoint
PF00890	0.0	0.1670646212820587	0.39659082310764027	1.4101561855034408	0.5752957125060829	0.5364537774074079	0.5752957125060829	0.5364537774074079	0.5714285714285714	endpoint
PF00891	0.0	0.43616315519189014	0.9437581142574674	1.492916618475058	0.6549576056873045	0.7338263166291462	0.6549576056873045	0.7338263166291462	0.7142857142857143	endpoint
PF00892	0.0	0.09858411373688125	0.2875852480284221	1.8485788672709045	0.5027319911236934	0.580426282277088	0.5027319911236934	0.580426282277088	0.5714285714285714	baseline
PF00893	0.0	1.0560618795265706	1.2426935331246123	1.4908829885835968	0.18646019032628317	0.1887549200522038	0.8135398096737169	0.8112450799477962	1.0	baseline
PF00899	0.0	0.9292388108720171	1.305096455378263	1.6514463022287227	0.7727752107921055	0.8695318711376803	0.7727752107921055	0.8695318711376803	0.8571428571428571	endpoint
PF00902	0.0	0.33478600494827127	0.6642117349077693	1.5736814414702058	0.4448746833398531	0.35791526819374736	0.5551253166601469	0.6420847318062526	0.5714285714285714	baseline
PF00903	0.0	0.7152553440139297	1.1922949866695016	1.72426013185899	0.3126339621566601	0.17899492915433957	0.6873660378433399	0.8210050708456604	0.7142857142857143	baseline
PF00905	0.0	0.5940893703644171	0.3532325668318241	1.5261171023895819	0.6817619293493806	0.6220907364664944	0.6817619293493806	0.6220907364664944	0.8571428571428571	endpoint
PF00908	0.0	0.3872026923990052	0.7740592591977177	1.5211435320556799	0.6356537883052865	0.6941541333746442	0.6356537883052865	0.6941541333746442	0.7142857142857143	endpoint
PF00909	0.0	0.4853893389351155	0.6087077805472816	1.7076534362790832	0.3807863827251778	0.2619860322378681	0.6192136172748222	0.7380139677621319	0.7142857142857143	baseline
PF00912	0.0	0.39765326972803844	0.7360191105097467	1.5206896533465384	0.4008383085337975	0.3022167495117369	0.5991616914662026	0.6977832504882631	0.7142857142857143	baseline
PF00916	0.0	0.48582096707028727	0.5927907991492751	1.4156320953565866	0.6492574700944521	0.6066405847920581	0.6492574700944521	0.6066405847920581	0.7142857142857143	endpoint
PF00919	0.0	0.7378698670424979	1.0014551975307415	1.6575188218693864	0.715666719667274	0.7473147356291546	0.715666719667274	0.7473147356291546	0.8571428571428571	endpoint
PF00920	0.0	0.3561659172674859	0.5910319254492735	1.0128085685530628	0.4178294144265143	0.30249763609187535	0.5821705855734858	0.6975023639081246	0.7142857142857143	baseline
PF00923	0.0	0.11227450242208169	0.1827204685096405	1.3690134157824159	0.508269904593603	0.4082052870079366	0.508269904593603	0.5917947129920633	0.5714285714285714	baseline
PF00924	0.0	0.4552830285958362	0.6246707752874873	1.0720492717755996	0.6359936637705097	0.6837307749777259	0.6359936637705097	0.6837307749777259	0.8571428571428571	endpoint
PF00925	0.0	0.032822948258745814	0.3346001842483677	1.3108103790480556	0.540945936785646	0.434971827213879	0.540945936785646	0.565028172786121	0.7142857142857143	endpoint
PF00926	0.0	0.07333828482176519	0.2552272594569114	1.247404000705085	0.49470554595205857	0.4048385563204427	0.5052944540479414	0.5951614436795574	0.7142857142857143	baseline
PF00929	0.0	0.3392859358288557	0.1555125255961014	1.354316363130893	0.38859668006166714	0.444806250216473	0.6114033199383329	0.555193749783527	0.5714285714285714	baseline
PF00930	0.0	0.139218243599206	0.20612863446757324	0.983475968812881	0.45368482924884385	0.45081897498195855	0.5463151707511562	0.5491810250180414	0.5714285714285714	baseline
PF00931	0.0	0.02808877019136302	0.5180617765347845	1.2780263214094947	0.48525841196303776	0.650432728816382	0.5147415880369622	0.650432728816382	0.5714285714285714	baseline
PF00932	0.0	0.43074400638000904	0.5332210367459392	1.33429956134075	0.35811685774330027	0.36066016967669	0.6418831422566997	0.63933983032331	0.7142857142857143	baseline
PF00933	0.0	0.4875842762914731	0.493250464328688	1.517025287974947	0.6252510292364152	0.6285066782660189	0.6252510292364152	0.6285066782660189	0.8571428571428571	endpoint
PF00936	0.0	0.7217398160330012	0.9350612627811054	1.4127239295065925	0.7137802331591556	0.7898131202913322	0.7137802331591556	0.7898131202913322	0.7142857142857143	endpoint
PF00939	0.0	0.869426585428745	1.2123543793170748	1.5382489856621504	0.22659424048966262	0.1988653368270247	0.7734057595103374	0.8011346631729753	0.8571428571428571	baseline
PF00940	0.0	0.11370503330837085	0.03899667181495687	0.7960684722685762	0.4892055664178162	0.4843092321534876	0.5107944335821838	0.5156907678465124	0.5714285714285714	baseline
PF00941	0.0	0.39492997428590204	0.4914787511612344	1.2199988861852396	0.6651804906113898	0.6691312275748215	0.6651804906113898	0.6691312275748215	0.7142857142857143	endpoint
PF00950	0.0	0.32955625475917333	0.45013109886079894	1.489637929092578	0.4214842140028079	0.3509398488269455	0.5785157859971921	0.6490601511730545	0.7142857142857143	baseline
PF00953	0.0	0.4772696144183523	1.2207442984865637	1.9609553766055041	0.37951232239621147	0.17115324299068327	0.6204876776037885	0.8288467570093168	0.5714285714285714	baseline
PF00958	0.0	0.7111479099765724	0.8747521257600229	1.3304699023948199	0.7157570398193812	0.7528098935797151	0.7157570398193812	0.7528098935797151	0.8571428571428571	endpoint
PF00959	0.14285714285714285	0.8757548333611596	1.3235623887803327	2.106563429496477	0.2578782938833503	0.12093755573033171	0.7421217061166496	0.8790624442696683	0.8571428571428571	baseline
PF00962	0.0	0.2950272485809885	0.8486511418531483	1.5360407484576544	0.6253835388462579	0.7415554269167347	0.6253835388462579	0.7415554269167347	0.7142857142857143	endpoint
PF00975	0.0	0.02113974386258242	0.2821574284041532	1.5067207133666147	0.5188485856765499	0.447231890014481	0.5188485856765499	0.5527681099855191	0.7142857142857143	baseline
PF00977	0.0	0.2708158652801205	0.35139095126476116	1.3833076807945384	0.5466159372763093	0.6044920637904786	0.5466159372763093	0.6044920637904786	0.7142857142857143	endpoint
PF00982	0.0	0.10505314099651729	0.3777450236208364	1.2880250002584583	0.5062784813202946	0.4177091063833812	0.5062784813202946	0.5822908936166188	0.5714285714285714	baseline
PF00984	0.0	0.2915090547856335	0.6186246828655158	1.4278577980463918	0.41300728129453096	0.30795815935744353	0.5869927187054691	0.6920418406425565	0.7142857142857143	baseline
PF00986	0.0	0.2163441359164053	0.09276799363883295	1.0219378345277494	0.587216797774115	0.5550386058801734	0.587216797774115	0.5550386058801734	0.5714285714285714	endpoint
PF00988	0.0	0.15111522159237373	0.1771904238872595	1.0115073216410835	0.42326507958594156	0.4535498057802374	0.5767349204140584	0.5464501942197626	0.7142857142857143	baseline
PF00989	0.14285714285714285	0.6733753241198166	1.041890374065386	2.111539845102207	0.3631351860563838	0.18035658633523363	0.6368648139436162	0.8196434136647663	0.5714285714285714	baseline
PF00990	0.0	0.5390215556032333	0.5083380500655604	1.5769033695825465	0.6450159349817005	0.645409679564222	0.6450159349817005	0.645409679564222	0.7142857142857143	endpoint
PF00994	0.0	0.71892893554253	1.0044095141617475	1.389346757843128	0.7379019829382576	0.8900796716646822	0.7379019829382576	0.8900796716646822	0.8571428571428571	endpoint
PF00999	0.0	0.37339313288520876	0.1642048820603341	1.3445722912185427	0.3727915096864602	0.4584316208047117	0.6272084903135398	0.5415683791952883	0.7142857142857143	baseline
PF01000	0.0	0.184581512563094	0.48832289253092204	1.4302660456933656	0.4606726810519103	0.35681099821660084	0.5393273189480897	0.6431890017833992	0.5714285714285714	baseline
PF01008	0.0	0.0451304938938439	0.07844582835697088	1.4268367249707017	0.4704964460211311	0.45759909461294623	0.5295035539788688	0.5424009053870538	0.5714285714285714	baseline
PF01011	0.0	0.732066159440006	0.9736155941961803	1.618337369493634	0.31066777458905565	0.23653405739997205	0.6893322254109444	0.763465942600028	0.8571428571428571	baseline
PF01012	0.0	0.9663265487816418	1.061954686801272	1.7318887659505884	0.7928935131238448	0.910718967487442	0.7928935131238448	0.910718967487442	0.8571428571428571	endpoint
PF01016	0.0	0.33344728151626896	0.06827555164488079	1.5476838796727197	0.6031892733807881	0.49070471302246965	0.6031892733807881	0.5092952869775303	0.5714285714285714	endpoint
PF01018	0.0	0.08103247010785893	0.027753668729558856	1.309884705232094	0.5196442251050628	0.4752278978429082	0.5196442251050628	0.5247721021570918	0.5714285714285714	endpoint
PF01019	0.0	0.48112388103142995	0.7652034545549512	1.3637596909362024	0.32947183594571616	0.25538584978795004	0.6705281640542838	0.74461415021205	0.5714285714285714	baseline
PF01022	0.14285714285714285	0.604541153115962	0.5066559732957489	2.051392200521439	0.6628613386743505	0.6316406169609727	0.6628613386743505	0.6316406169609727	0.8571428571428571	endpoint
PF01024	0.0	0.5224635722705553	0.9306761574598277	1.3779446729939944	0.3688578690632204	0.2956212391705799	0.6311421309367796	0.7043787608294201	0.7142857142857143	baseline
PF01025	0.0	0.03976001982616485	0.20905912412552913	1.3715957529810594	0.4529525823776727	0.5053240685911556	0.5470474176223272	0.5053240685911556	0.5714285714285714	baseline
PF01026	0.0	0.8594498478075584	1.1085681182979326	1.6890486005024925	0.250259369871147	0.15906982064948988	0.749740630128853	0.8409301793505102	0.8571428571428571	baseline
PF01027	0.0	0.7610104309660445	0.5377696107615404	1.7823724598610222	0.31367343509934303	0.3363127756171586	0.6863265649006569	0.6636872243828413	0.7142857142857143	baseline
PF01029	0.0	0.49790326056937523	0.6279850598232009	1.6548893278062058	0.6697857774406726	0.7311221253535195	0.6697857774406726	0.7311221253535195	0.5714285714285714	endpoint
PF01030	0.0	0.4699079395982039	0.34451993831750205	1.5950385529970519	0.6499914209690534	0.6222868377648498	0.6499914209690534	0.6222868377648498	0.5714285714285714	endpoint
PF01032	0.0	0.0887421680166849	0.07792262004108334	1.228146056973132	0.49508665221206083	0.4947686697730391	0.5049133477879392	0.5052313302269609	0.5714285714285714	baseline
PF01035	0.0	0.5661023279342806	0.9577574846430538	1.5660585409184886	0.3217528374855308	0.23240159934758253	0.6782471625144693	0.7675984006524175	0.8571428571428571	baseline
PF01037	0.0	0.011607200804445874	0.05952846505376376	1.3874170682749873	0.526285814773569	0.49927806928119867	0.526285814773569	0.5007219307188013	0.5714285714285714	endpoint
PF01039	0.0	0.22107735229444114	0.4248004909734565	1.5236766554760461	0.5543028050569538	0.5411364990551748	0.5543028050569538	0.5411364990551748	0.7142857142857143	endpoint
PF01040	0.0	0.2805369174246128	0.1418462547022695	1.5327142562514373	0.4262169608255394	0.467253416527045	0.5737830391744606	0.532746583472955	0.5714285714285714	baseline
PF01041	0.0	0.47479313814060387	0.6188330308306965	1.5320917117236568	0.6533145253335266	0.5972113933471183	0.6533145253335266	0.5972113933471183	0.7142857142857143	endpoint
PF01042	0.0	1.1806274973153663	1.2829597548756215	1.465863885085663	0.1549473321724557	0.1708669641906429	0.8450526678275443	0.8291330358093572	1.0	baseline
PF01043	0.0	0.8090653030093169	1.0267675252974218	1.5767954453349529	0.7550003576774332	0.8980986519660948	0.7550003576774332	0.8980986519660948	0.8571428571428571	endpoint
PF01047	0.0	0.26126048703349103	0.7476840026318294	1.2219057083260343	0.4581223716132388	0.33840112886350965	0.5418776283867612	0.6615988711364904	0.5714285714285714	baseline
PF01048	0.0	0.7520184545465263	1.2586749961126602	1.3915059106231582	0.7576270432835941	0.8911863479214963	0.7576270432835941	0.8911863479214963	0.7142857142857143	endpoint
PF01050	0.0	0.5026534815605354	0.6766443881634565	1.6204424392217305	0.35631586573015955	0.3582998983589109	0.6436841342698405	0.641700101641089	0.5714285714285714	baseline
PF01051	0.0	0.39026217986511014	0.25682538626786294	1.4618048738306533	0.6197752211863374	0.5732352445283749	0.6197752211863374	0.5732352445283749	0.8571428571428571	endpoint
PF01052	0.0	0.1543897306438564	0.23901806961853264	1.4700393566131136	0.40955578434342094	0.45731700547753035	0.590444215656579	0.5426829945224696	0.7142857142857143	baseline
PF01053	0.0	0.7566712559736092	1.1990951800400897	1.3620511957399641	0.2955416354653502	0.24501656296984933	0.7044583645346498	0.7549834370301507	0.7142857142857143	baseline
PF01055	0.0	0.11174608079732447	0.4952655203672573	1.4342456353205002	0.5588540444088081	0.552833486064112	0.5588540444088081	0.552833486064112	0.5714285714285714	endpoint
PF01058	0.0	0.17719816171446082	0.35627152932168926	1.442496271747176	0.5563719951095079	0.5964837550135855	0.5563719951095079	0.5964837550135855	0.5714285714285714	endpoint
PF01061	0.0	0.33979109871322205	0.5566928933090528	1.7601137882781475	0.3830092191125957	0.31087875810728305	0.6169907808874042	0.689121241892717	0.5714285714285714	baseline
PF01063	0.0	0.30047102103650924	0.3154225508239879	1.3589226384758248	0.6176256139153297	0.6130117943984655	0.6176256139153297	0.6130117943984655	0.7142857142857143	endpoint
PF01065	0.0	0.23808434647706395	0.3335600030147788	0.7435274641272043	0.4432021810809527	0.4340200501632468	0.5567978189190472	0.5659799498367533	0.7142857142857143	baseline
PF01066	0.0	0.41079823533960785	0.7031727174173192	1.797516098051133	0.384195801290699	0.25581078977412014	0.615804198709301	0.7441892102258798	0.5714285714285714	baseline
PF01070	0.0	0.7347176335720836	1.02852948738695	1.2428336988308786	0.2750508989955866	0.18461548426493485	0.7249491010044133	0.8153845157350652	0.8571428571428571	baseline
PF01071	0.0	0.06212644556784792	0.1641656832089141	1.1950950236477813	0.5024468369509459	0.4748159897201384	0.5024468369509459	0.5251840102798616	0.5714285714285714	baseline
PF01073	0.0	0.2496842095143945	0.16955843995999326	1.4306923407212622	0.5768669815276704	0.5775842367247725	0.5768669815276704	0.5775842367247725	0.7142857142857143	endpoint
PF01074	0.0	0.254785750852719	0.36255867465869956	1.4760027029252898	0.41684752711910633	0.34647619851344685	0.5831524728808937	0.6535238014865532	0.5714285714285714	baseline
PF01075	0.0	0.06790104610288326	0.2503181344980301	1.579707226318529	0.45757956658319593	0.42906879881341153	0.5424204334168041	0.5709312011865885	0.5714285714285714	baseline
PF01076	0.0	0.07979407965303704	0.18866569410606363	1.2071225606915483	0.49882147567775875	0.5274079321510085	0.5011785243222413	0.5274079321510085	0.7142857142857143	endpoint
PF01077	0.0	0.11284339131250173	0.9091287078218263	1.5169749854701688	0.49007730902705415	0.6734381040650707	0.5099226909729458	0.6734381040650707	0.5714285714285714	endpoint
PF01078	0.0	0.37627490756139076	0.4256918767384224	1.6353852591922189	0.41917410336399785	0.39995727495055433	0.5808258966360021	0.6000427250494457	0.5714285714285714	baseline
PF01081	0.0	0.23841904569672576	0.8224995443963474	1.2516098802110764	0.44015307966845685	0.32051680451549525	0.5598469203315432	0.6794831954845048	0.5714285714285714	baseline
PF01084	0.0	0.05444115386791019	0.13609024447096926	1.2307241766159809	0.5201680636456321	0.517636398093752	0.5201680636456321	0.517636398093752	0.5714285714285714	endpoint
PF01087	0.0	0.7740066799912564	1.0506623073547228	1.5636706158872598	0.7092883505592489	0.7301855801466726	0.7092883505592489	0.7301855801466726	0.7142857142857143	endpoint
PF01094	0.0	0.3981792310387181	0.46622320295592556	1.4295125366795927	0.6609020918647888	0.6361440940757264	0.6609020918647888	0.6361440940757264	0.5714285714285714	endpoint
PF01095	0.0	0.5138237735394388	0.5361558840668971	1.408620318988025	0.6550872300987571	0.6549580929607072	0.6550872300987571	0.6549580929607072	0.7142857142857143	endpoint
PF01098	0.0	0.16349426535377126	0.18002073001367735	1.2961773587267498	0.5814881262702033	0.5698512955329589	0.5814881262702033	0.5698512955329589	0.5714285714285714	endpoint
PF01103	0.0	0.42695610329201816	0.3841763660403271	1.5652064020253853	0.36632861373466624	0.3390559711161773	0.6336713862653338	0.6609440288838226	0.7142857142857143	baseline
PF01112	0.0	0.1092036826918895	0.03685023932063588	1.2638602428465417	0.4736951329043988	0.46450383968681835	0.5263048670956012	0.5354961603131816	0.5714285714285714	baseline
PF01113	0.0	0.052344284990724695	0.7091673763893616	1.28561633006085	0.5264365276346584	0.3400413445169757	0.5264365276346584	0.6599586554830243	0.5714285714285714	baseline
PF01116	0.0	0.15680755567066879	0.6848823510361335	1.1553796720648637	0.4915449168233006	0.320354975765763	0.5084550831766994	0.679645024234237	0.5714285714285714	baseline
PF01118	0.0	0.9263052144313637	1.1509213533619258	1.5286530476907947	0.21113805536147928	0.16027519220545458	0.7888619446385208	0.8397248077945454	0.8571428571428571	baseline
PF01119	0.0	0.5671194742438359	0.32752095180678364	1.398871674648309	0.6783371242601881	0.5979126060630039	0.6783371242601881	0.5979126060630039	0.8571428571428571	endpoint
PF01120	0.0	0.05576596252509817	0.3328361237170791	1.27158351207722	0.5202204442713846	0.5258706853836685	0.5202204442713846	0.5258706853836685	0.5714285714285714	endpoint
PF01121	0.0	0.20263650691537594	0.1054470251214628	0.9258337591525442	0.45097369542967514	0.45311697560303343	0.5490263045703249	0.5468830243969666	0.5714285714285714	baseline
PF01128	0.0	0.4844353152079678	0.6057991634302659	1.3148421877395187	0.36004649953230744	0.31936442307801166	0.6399535004676926	0.6806355769219883	0.7142857142857143	baseline
PF01131	0.0	0.356988120885466	0.19068378127005145	1.1042457402662662	0.6082411251553312	0.5940877003304705	0.6082411251553312	0.5940877003304705	0.7142857142857143	endpoint
PF01132	0.0	0.021898255150595545	0.0406368786241361	1.3497097390754682	0.4519306056477304	0.45697518235702334	0.5480693943522696	0.5430248176429766	0.5714285714285714	baseline
PF01134	0.0	0.8482736299744111	1.201504094883661	1.5231640480714057	0.7475493288460495	0.7231307573349357	0.7475493288460495	0.7231307573349357	0.8571428571428571	endpoint
PF01136	0.0	0.12726698075278983	0.058217546594803646	1.5012922398858821	0.5673380280799839	0.5257991776268942	0.5673380280799839	0.5257991776268942	0.5714285714285714	endpoint
PF01138	0.0	0.5015536494318221	0.9009286680138116	1.3741131123065513	0.342698770141782	0.30257560460957006	0.6573012298582179	0.69742439539043	0.7142857142857143	baseline
PF01139	0.0	0.782615556139435	0.8408782163910113	1.9950720029844997	0.299157839193183	0.18229401524720126	0.7008421608068169	0.8177059847527988	0.8571428571428571	baseline
PF01142	0.0	0.059330145499472034	0.2371147196090842	1.8344959836771433	0.523055100276052	0.6148797978674664	0.523055100276052	0.6148797978674664	0.5714285714285714	baseline
PF01144	0.0	0.1881404421995383	0.3555291664435969	1.0472376445861027	0.43342951812011243	0.40963864373272746	0.5665704818798876	0.5903613562672725	0.5714285714285714	baseline
PF01145	0.0	0.5714540028663408	0.5738927857706435	1.2721708669243734	0.3495390215975086	0.3753563612409366	0.6504609784024914	0.6246436387590635	0.8571428571428571	baseline
PF01148	0.0	0.47829348436939284	0.8779902653218984	1.3483465525564502	0.35928211703524165	0.3079381423523187	0.6407178829647584	0.6920618576476814	0.7142857142857143	baseline
PF01155	0.0	0.1416518395659197	0.20792120676247727	1.3039685353620216	0.4765997929848946	0.44246422840981536	0.5234002070151054	0.5575357715901846	0.7142857142857143	baseline
PF01156	0.0	0.13763852695316697	0.26214542905641075	1.354953481958735	0.5932418002042888	0.5609045768144318	0.5932418002042888	0.5609045768144318	0.5714285714285714	endpoint
PF01161	0.0	1.1540425293143808	1.3077183743607852	1.628511757680173	0.14990709340703406	0.05875739794145015	0.8500929065929659	0.9412426020585498	1.0	baseline
PF01168	0.0	0.39348681265767643	0.4612678765692889	1.1535807839265306	0.40454266234184433	0.4000349756852882	0.5954573376581557	0.5999650243147119	0.7142857142857143	baseline
PF01170	0.0	0.8914778297925589	1.2473533516724649	1.4353820551905376	0.7438468634983754	0.8487581178491964	0.7438468634983754	0.8487581178491964	0.8571428571428571	endpoint
PF01171	0.0	0.7663277729068063	1.0857667532522548	1.3055672401803373	0.7306528041111153	0.7275328626910279	0.7306528041111153	0.7275328626910279	0.7142857142857143	endpoint
PF01174	0.0	0.45568382706136007	0.4662411800260091	1.284520788629848	0.3456188744016314	0.4041968069200949	0.6543811255983686	0.595803193079905	0.7142857142857143	baseline
PF01176	0.0	0.38628399484380177	0.5216469717243325	1.4957982094329352	0.6452447372857373	0.7162723739280881	0.6452447372857373	0.7162723739280881	0.5714285714285714	endpoint
PF01177	0.0	0.06928402602867674	0.2940304040710043	1.5101091055260216	0.5036243924394783	0.5819330302839332	0.5036243924394783	0.5819330302839332	0.5714285714285714	baseline
PF01179	0.0	0.5610716619591475	0.8088080512937038	1.324478699566156	0.3310267711833995	0.3241115541995133	0.6689732288166005	0.6758884458004867	0.7142857142857143	baseline
PF01180	0.0	0.5292834839777194	0.5660117550514712	1.6065910487170345	0.3697247375099179	0.32682844389126275	0.630275262490082	0.6731715561087372	0.7142857142857143	baseline
PF01182	0.14285714285714285	0.8511170210861192	1.1368538808440944	2.2237810691949074	0.27414242152800217	0.18544340230316636	0.7258575784719978	0.8145565976968336	0.7142857142857143	baseline
PF01183	0.0	0.43450991793146215	0.6006485803785606	1.4778912391266648	0.6321109360772462	0.7056575596681132	0.6321109360772462	0.7056575596681132	0.8571428571428571	endpoint
PF01189	0.0	0.8949027664059758	1.2515932250843549	1.7690325019796584	0.7680649026900218	0.823645700009673	0.7680649026900218	0.823645700009673	0.8571428571428571	endpoint
PF01192	0.0	0.17691442872804317	0.7656547791304769	1.2890287037036272	0.5816631094930388	0.7479159244476836	0.5816631094930388	0.7479159244476836	0.5714285714285714	endpoint
PF01193	0.0	0.059668521515281694	0.4261549067635375	1.5031633250385328	0.5211247120943574	0.3766275801733755	0.5211247120943574	0.6233724198266245	0.5714285714285714	baseline
PF01195	0.0	0.5052114579310808	0.6396194914516374	1.5393741919759565	0.6796725210293895	0.6627248164188091	0.6796725210293895	0.6627248164188091	0.8571428571428571	endpoint
PF01196	0.0	0.09151497854695577	0.29107184061423413	1.19162335189506	0.5210732759752957	0.41073695910845565	0.5210732759752957	0.5892630408915444	0.5714285714285714	endpoint
PF01197	0.0	0.3586919179982083	0.46297900295192124	1.7498257373927044	0.45592126893743545	0.3212801050552419	0.5440787310625645	0.6787198949447582	0.7142857142857143	baseline
PF01202	0.0	0.14175466076524842	0.3770140602922928	1.607828358561665	0.5239982618340016	0.37842763964740106	0.5239982618340016	0.6215723603525989	0.5714285714285714	endpoint
PF01204	0.0	0.008403684233562636	0.004031877013128339	1.3965183158354038	0.4637919335409168	0.5216789422534583	0.5362080664590831	0.5216789422534583	0.7142857142857143	baseline
PF01205	0.0	0.3987327263760055	0.6859657487385817	1.7165099972247666	0.40304166826822757	0.31086451675965704	0.5969583317317724	0.6891354832403429	0.7142857142857143	baseline
PF01206	0.0	0.5179735504493823	1.1649092901194196	1.8036787452405123	0.6319997508965385	0.7700262216001095	0.6319997508965385	0.7700262216001095	0.5714285714285714	endpoint
PF01207	0.0	0.245857251094248	0.5948283071627587	1.105118461349008	0.3978183463983284	0.3164930270989194	0.6021816536016715	0.6835069729010805	0.7142857142857143	baseline
PF01208	0.0	0.2812889051962319	0.3764156170054326	1.7341590598393928	0.5277584323735259	0.6324538605979738	0.5277584323735259	0.6324538605979738	0.5714285714285714	endpoint
PF01210	0.0	0.4712442979100477	0.7342070625300783	1.2425262054934527	0.36960717596344345	0.296313055548212	0.6303928240365566	0.7036869444517879	0.5714285714285714	baseline
PF01212	0.0	0.6991669673828247	0.6687773965433219	1.7086975659329322	0.3076690097492518	0.3596057957603846	0.6923309902507482	0.6403942042396154	0.8571428571428571	baseline
PF01220	0.0	0.24734424081491557	0.06036010723367173	1.5558204411860235	0.43340860522374547	0.5317084393820246	0.5665913947762545	0.5317084393820246	0.5714285714285714	baseline
PF01223	0.0	0.20292021765014878	0.06157522581991917	1.3513611803165473	0.44749588392858425	0.5519203631362958	0.5525041160714157	0.5519203631362958	0.5714285714285714	baseline
PF01225	0.0	0.250388372170289	0.7628723572144395	1.3985951197953512	0.3936233975406593	0.27937477928785137	0.6063766024593407	0.7206252207121486	0.5714285714285714	baseline
PF01226	0.0	0.4144457261001137	0.5134556110320196	1.2562145324787195	0.3985704876925751	0.38574282718811503	0.6014295123074249	0.614257172811885	0.8571428571428571	baseline
PF01227	0.0	1.1817225208426447	1.2291301455936903	1.633835569007203	0.16507536892611863	0.17679253252443416	0.8349246310738814	0.8232074674755658	1.0	baseline
PF01228	0.0	0.7005600471033926	1.2282636067708228	1.6036054642455144	0.6855159860695766	0.8734623445087275	0.6855159860695766	0.8734623445087275	0.7142857142857143	endpoint
PF01229	0.14285714285714285	1.054606025513946	1.2587619388282707	2.147453550376716	0.7918057422690091	0.8092282763859575	0.7918057422690091	0.8092282763859575	1.0	endpoint
PF01232	0.0	0.440716405978523	0.7387488640644724	1.562838843007629	0.40210518086744534	0.34048998476370856	0.5978948191325546	0.6595100152362914	0.5714285714285714	baseline
PF01235	0.0	0.8989583918685533	1.2185614994026142	1.4723192876768023	0.7872686512880225	0.8969965277339235	0.7872686512880225	0.8969965277339235	0.8571428571428571	endpoint
PF01238	0.0	0.3511624822917324	0.31865078380703304	1.8393717128751932	0.4131299675670538	0.40036886657660886	0.5868700324329462	0.5996311334233911	0.5714285714285714	baseline
PF01243	0.0	0.9454559022384494	1.0667300494257372	1.5140079369088522	0.19490632128334878	0.1592499876124693	0.8050936787166512	0.8407500123875307	0.8571428571428571	baseline
PF01244	0.0	0.1230738440054474	0.3851386411581665	1.3406280240777386	0.5616380545588374	0.6352343998240696	0.5616380545588374	0.6352343998240696	0.5714285714285714	endpoint
PF01245	0.0	0.18912368246861908	0.4877398897010463	1.0038113777538844	0.45124214391049344	0.3368011118667718	0.5487578560895066	0.6631988881332282	0.7142857142857143	baseline
PF01250	0.0	0.7843102683854049	1.1696563897921608	1.837632016088011	0.7137586335193565	0.6957345027517868	0.7137586335193565	0.6957345027517868	0.8571428571428571	endpoint
PF01252	0.0	0.11676335803361816	0.0021397159729092444	1.3488434230042468	0.5037025617309806	0.5136948511610798	0.5037025617309806	0.5136948511610798	0.5714285714285714	baseline
PF01255	0.0	0.34142473027601505	0.8484997953147213	1.2438424024783201	0.4056948282460195	0.31669675934272173	0.5943051717539805	0.6833032406572783	0.7142857142857143	baseline
PF01256	0.0	0.15506387615389408	0.12118658556520479	1.6632185764010012	0.4739063582942629	0.4742321560765833	0.5260936417057371	0.5257678439234167	0.5714285714285714	baseline
PF01257	0.0	0.2754465861571844	0.7014819180172586	1.4528869968161653	0.44352469731884686	0.31298791109503193	0.5564753026811531	0.687012088904968	0.5714285714285714	baseline
PF01259	0.0	0.5547217798938939	0.801113115838811	1.1364208789733998	0.6684113963169327	0.637322244423641	0.6684113963169327	0.637322244423641	0.8571428571428571	endpoint
PF01261	0.0	0.3214600531160136	0.5199079363146112	1.2273930231785006	0.5979511406563373	0.5569240544167363	0.5979511406563373	0.5569240544167363	0.5714285714285714	endpoint
PF01262	0.0	0.699098805560994	0.6033934286710624	1.5541066422282659	0.2816614371539381	0.3286712492458831	0.7183385628460619	0.6713287507541169	0.8571428571428571	baseline
PF01263	0.0	0.6035590302011586	0.4282222148435535	1.3422533489290278	0.287108446715494	0.37624838567244306	0.7128915532845059	0.623751614327557	0.8571428571428571	baseline
PF01264	0.0	0.031160265992820988	0.03627081568473935	1.3925672813793721	0.5053232871321743	0.464600022301089	0.5053232871321743	0.535399977698911	0.5714285714285714	baseline
PF01266	0.0	0.2738736071722596	0.2971349564791195	1.3337433740765998	0.5903569960766125	0.5199443969398998	0.5903569960766125	0.5199443969398998	0.5714285714285714	endpoint
PF01268	0.0	0.5899866637139591	1.142157586231581	1.483688919965905	0.6971687731419409	0.9056441338200609	0.6971687731419409	0.9056441338200609	0.7142857142857143	endpoint
PF01270	0.0	0.20431947475447537	0.14451997224640836	1.4687190538312114	0.4147942369391765	0.44663098164470855	0.5852057630608235	0.5533690183552915	0.5714285714285714	baseline
PF01272	0.0	0.20659871554161696	0.17365914187014928	1.6364693318144987	0.4350709738989023	0.4417939654471378	0.5649290261010977	0.5582060345528622	0.5714285714285714	baseline
PF01274	0.0	0.5973063946600202	0.4825618187684233	1.425222805816131	0.29524205046382984	0.380685361311572	0.7047579495361702	0.6193146386884281	0.7142857142857143	baseline
PF01276	0.0	1.0390422935804682	1.2320842782242216	1.8161633731041376	0.803533974393954	0.7892155391811824	0.803533974393954	0.7892155391811824	0.8571428571428571	endpoint
PF01288	0.0	0.02550610422786002	0.14682074871360112	1.0671904331103788	0.5125454277567362	0.4788708869649849	0.5125454277567362	0.5211291130350151	0.7142857142857143	baseline
PF01289	0.0	0.10062007856017526	0.1443958021594016	1.5863732080156605	0.5478252052274211	0.4945901479002908	0.5478252052274211	0.5054098520997092	0.5714285714285714	endpoint
PF01292	0.0	0.32313421707383977	0.2990474589591756	1.5518210378365007	0.3931299414460545	0.3682762905976564	0.6068700585539455	0.6317237094023436	0.7142857142857143	baseline
PF01293	0.0	1.1042409738951158	1.2051133242052046	1.5561166699810385	0.8275377458336026	0.9244344718480431	0.8275377458336026	0.9244344718480431	1.0	endpoint
PF01295	0.0	1.0901179096200835	0.9955907114869506	1.4576108460139905	0.17045317000299542	0.21254116000685955	0.8295468299970046	0.7874588399931405	1.0	baseline
PF01297	0.14285714285714285	0.7032821021183492	0.42776805750813873	2.519874798375428	0.3178712875060499	0.3761133744524658	0.6821287124939501	0.6238866255475342	0.5714285714285714	baseline
PF01300	0.0	0.6154178609639861	0.7620181376639455	1.4449389303915992	0.3170685911666534	0.2975951974168903	0.6829314088333466	0.7024048025831098	0.7142857142857143	baseline
PF01301	0.0	0.20242764328196242	0.05885235113351107	1.7438354359991173	0.559641111125538	0.49141378446915374	0.559641111125538	0.5085862155308463	0.5714285714285714	endpoint
PF01306	0.0	0.1319301866929373	0.5071574372233502	1.7491190692538992	0.4916310289231872	0.3479372810079838	0.5083689710768128	0.6520627189920162	0.5714285714285714	baseline
PF01310	0.0	0.19142849935306103	0.38439454289102043	1.1556302652034596	0.43771670422429715	0.38993905653873373	0.5622832957757029	0.6100609434612663	0.7142857142857143	baseline
PF01311	0.0	0.1015448758395097	0.5429789166689478	1.2797161182459977	0.4894653478370042	0.579677426626524	0.5105346521629959	0.579677426626524	0.5714285714285714	endpoint
PF01312	0.0	0.5228757478078215	0.6280805436893827	1.3016643346396801	0.6621314427312356	0.6865110403024918	0.6621314427312356	0.6865110403024918	0.8571428571428571	endpoint
PF01315	0.0	0.6483809964994656	0.6767336223212418	1.2340668063758982	0.6939706552210821	0.7675330615637883	0.6939706552210821	0.7675330615637883	0.8571428571428571	endpoint
PF01316	0.0	0.20398735435787568	0.5053580735377874	1.3043309492316548	0.5434519107404993	0.5545088201175891	0.5434519107404993	0.5545088201175891	0.7142857142857143	endpoint
PF01321	0.0	0.16257523528846882	0.3851733948138108	1.6349944974815256	0.5567381778387553	0.5345585179918183	0.5567381778387553	0.5345585179918183	0.5714285714285714	endpoint
PF01323	0.14285714285714285	0.5708202839050458	1.0832141754150457	2.0738463773242923	0.38615033024201517	0.20313225082249786	0.6138496697579848	0.7968677491775021	0.5714285714285714	baseline
PF01325	0.0	0.28571625395169725	0.6431654533464294	1.456141060994879	0.3804126043118564	0.3024732907932531	0.6195873956881436	0.697526709206747	0.7142857142857143	baseline
PF01326	0.0	0.2582060116598711	0.6805963002991922	1.4621939481621822	0.5528641052758604	0.6057733873812027	0.5528641052758604	0.6057733873812027	0.7142857142857143	endpoint
PF01327	0.0	0.03765135797904216	0.12499719937362884	1.1542901745595209	0.5212495616714423	0.5316659281328694	0.5212495616714423	0.5316659281328694	0.5714285714285714	endpoint
PF01330	0.0	0.08507589180054562	0.18243845865605127	1.3649831065124811	0.45385489114587546	0.40830208630093057	0.5461451088541245	0.5916979136990694	0.5714285714285714	baseline
PF01336	0.0	0.45545782284368064	0.8607196118854533	1.1849066162373258	0.660905546040828	0.7902019919908048	0.660905546040828	0.7902019919908048	0.5714285714285714	endpoint
PF01343	0.0	0.14668030085742095	0.026020741257610988	1.462192602645472	0.45449381270438466	0.5103808905160497	0.5455061872956153	0.5103808905160497	0.7142857142857143	baseline
PF01344	0.0	0.812515759154338	0.44352143474074635	1.7517533033680528	0.2796782394384155	0.37076112912542325	0.7203217605615845	0.6292388708745768	0.8571428571428571	baseline
PF01345	0.0	0.817144545279673	1.2720736066252798	1.6383922617045874	0.7355467727754716	0.9192350691129927	0.7355467727754716	0.9192350691129927	0.8571428571428571	endpoint
PF01346	0.0	0.34758896791744637	0.4935899628096109	1.4501272917223442	0.3610814224565702	0.3528034253802844	0.6389185775434298	0.6471965746197156	0.7142857142857143	baseline
PF01348	0.0	0.4332626236365324	0.0818890455472476	1.947598242372226	0.6097294480131523	0.49903194981485455	0.6097294480131523	0.5009680501851455	0.5714285714285714	endpoint
PF01351	0.0	0.5412623424188973	0.5278386058472728	1.4083171787376827	0.6631186236618969	0.6365926909163389	0.6631186236618969	0.6365926909163389	0.8571428571428571	endpoint
PF01364	0.0	0.050152782841311465	0.2887790177879403	1.4588212895940986	0.5385823145809553	0.5700465004964983	0.5385823145809553	0.5700465004964983	0.5714285714285714	endpoint
PF01367	0.0	0.006194980927524764	0.21235946934234182	1.588869432291024	0.5327386998594281	0.5058719161611939	0.5327386998594281	0.5058719161611939	0.5714285714285714	baseline
PF01368	0.14285714285714285	0.6214511303398546	1.2655922080892021	2.235683848116082	0.6611919616623247	0.8417377942710018	0.6611919616623247	0.8417377942710018	0.7142857142857143	endpoint
PF01370	0.0	0.13381466389609528	0.2698865622358436	1.4762041401302082	0.5184585410687313	0.5820264293373452	0.5184585410687313	0.5820264293373452	0.7142857142857143	endpoint
PF01379	0.0	0.41100452792370434	0.7901149155974618	1.5807867790542143	0.6366665110923876	0.7126724628810839	0.6366665110923876	0.7126724628810839	0.7142857142857143	endpoint
PF01380	0.0	0.1396636017608008	0.03420320909606918	1.4279612972495883	0.45533722943330357	0.4822757677860949	0.5446627705666964	0.5177242322139051	0.5714285714285714	baseline
PF01381	0.0	0.8525495493837126	0.8065964416097853	1.2247222429019935	0.7579724782285712	0.7546626969350412	0.7579724782285712	0.7546626969350412	1.0	endpoint
PF01384	0.0	0.39982183123063664	0.23610634222055166	1.3787650389489707	0.38902429785044507	0.43720720019074605	0.610975702149555	0.5627927998092539	0.7142857142857143	baseline
PF01385	0.0	0.5739411848571467	1.027507996640826	1.2935453247585575	0.6592948321134261	0.6458545163978298	0.6592948321134261	0.6458545163978298	0.8571428571428571	endpoint
PF01391	0.0	0.2865021133941201	0.20508911952433875	1.457798507599328	0.4489052567369783	0.4652489124152394	0.5510947432630218	0.5347510875847605	0.5714285714285714	baseline
PF01396	0.0	0.5156627086109983	0.8518421301132646	1.4344864491706117	0.6377013588006719	0.6384977177288049	0.6377013588006719	0.6384977177288049	0.7142857142857143	endpoint
PF01406	0.0	0.09436668908938349	0.2735693186808191	1.5194574397176737	0.486045942191898	0.42520917082959897	0.513954057808102	0.574790829170401	0.7142857142857143	baseline
PF01408	0.0	0.5233331319767284	0.5116918511828871	1.4250426529429276	0.32673987903372553	0.30647951815508195	0.6732601209662745	0.6935204818449181	0.8571428571428571	baseline
PF01409	0.0	0.3136233193419341	0.8951922637453761	1.9753363399132313	0.43921426665673663	0.20981581113910547	0.5607857333432633	0.7901841888608945	0.5714285714285714	baseline
PF01411	0.0	0.6662202715146736	0.8267146143760693	1.6015526475962971	0.3119867059387603	0.20476785575400974	0.6880132940612397	0.7952321442459902	0.7142857142857143	baseline
PF01416	0.0	0.023456577824611833	0.2100445519456648	1.5145362492007515	0.48528180930118975	0.3988263524613189	0.5147181906988103	0.6011736475386811	0.5714285714285714	baseline
PF01418	0.0	0.21882845003271736	0.43075065371038224	1.2985148522312426	0.44911042231197096	0.32306944418891403	0.550889577688029	0.676930555811086	0.7142857142857143	baseline
PF01420	0.0	0.3257538191791483	0.2303225110309797	1.12230145846077	0.5947426900028882	0.5711211085019461	0.5947426900028882	0.5711211085019461	0.7142857142857143	endpoint
PF01424	0.0	0.445404345309262	0.723362102485975	1.2821976721735837	0.6396274438129037	0.5971424475355396	0.6396274438129037	0.5971424475355396	0.7142857142857143	endpoint
PF01425	0.0	0.3507366531989253	0.3703823809920547	1.715917680964552	0.6199739793950868	0.5997825886630331	0.6199739793950868	0.5997825886630331	0.7142857142857143	endpoint
PF01427	0.0	0.5066116565401514	0.30083377617599355	1.3666291391917786	0.3404758116910059	0.4206833513150068	0.6595241883089942	0.5793166486849932	0.5714285714285714	baseline
PF01430	0.0	0.9024454033216219	1.2496140158167164	1.78694995709124	0.7454301471480986	0.7196498975612723	0.7454301471480986	0.7196498975612723	0.7142857142857143	endpoint
PF01431	0.0	0.681248751670285	1.0106965641868633	1.7759141146748756	0.3374946485055326	0.17582436658182204	0.6625053514944674	0.824175633418178	0.7142857142857143	baseline
PF01432	0.0	0.3007921078986784	0.5888058159846997	1.7254956443693221	0.5641223520615354	0.686568753124711	0.5641223520615354	0.686568753124711	0.5714285714285714	endpoint
PF01433	0.0	0.6716807740933362	1.1092151552188718	1.631947584983532	0.32249995055557096	0.1654014572526015	0.677500049444429	0.8345985427473985	0.7142857142857143	baseline
PF01434	0.0	0.37060171905901484	0.14139767583876403	1.5822267079531223	0.6077584346717936	0.5667324731934154	0.6077584346717936	0.5667324731934154	0.7142857142857143	endpoint
PF01435	0.0	0.8204056050048456	1.1677075347141117	1.839072534798079	0.2950488448550931	0.19787370815507893	0.7049511551449069	0.802126291844921	0.8571428571428571	baseline
PF01436	0.0	0.5030751758058003	0.9285174277672992	1.484427016477346	0.643030661649948	0.6247520246080182	0.643030661649948	0.6247520246080182	0.7142857142857143	endpoint
PF01443	0.0	0.101208843997649	0.09125930139705149	1.306653812153894	0.5460557011977808	0.4918600371808271	0.5460557011977808	0.508139962819173	0.5714285714285714	endpoint
PF01446	0.0	0.45129427864786603	0.9763284900106048	1.5021466109845703	0.6315893329286462	0.6326885198987252	0.6315893329286462	0.6326885198987252	0.5714285714285714	endpoint
PF01450	0.0	0.12408753955701853	0.28495591576620866	1.1847206343276393	0.570383476081027	0.423319029303659	0.570383476081027	0.5766809706963409	0.5714285714285714	endpoint
PF01451	0.0	0.13643189784083604	0.45914636871602615	1.1312400086800884	0.5140102707881951	0.5701891394792885	0.5140102707881951	0.5701891394792885	0.5714285714285714	endpoint
PF01455	0.0	0.4734594768154026	0.9773073389824962	1.571753844134925	0.3403037117777082	0.23825350359947398	0.6596962882222919	0.761746496400526	0.5714285714285714	baseline
PF01458	0.0	0.26098754653269834	0.2920183997666374	1.0169601528604608	0.4236760118428765	0.422146677793775	0.5763239881571235	0.577853322206225	0.5714285714285714	baseline
PF01464	0.0	0.12276827775244828	0.257526024983152	1.381757212856077	0.44212077672478467	0.38252843605221937	0.5578792232752153	0.6174715639477806	0.5714285714285714	baseline
PF01467	0.0	0.15143119332696048	0.08096721605414736	1.4904764592322497	0.4468662393952329	0.48406118971988477	0.553133760604767	0.5159388102801152	0.5714285714285714	baseline
PF01470	0.0	0.8048070472619442	1.1498703802037655	1.4702964115142656	0.26337305518059856	0.1906887251821721	0.7366269448194014	0.8093112748178279	0.8571428571428571	baseline
PF01471	0.0	0.757185908650442	0.6267839524356031	1.452311818775578	0.7380521243049613	0.7546395413947707	0.7380521243049613	0.7546395413947707	0.8571428571428571	endpoint
PF01472	0.14285714285714285	0.5483078825945148	0.8003662488935417	2.2441171511565634	0.38448978203330403	0.21927162578956397	0.615510217966696	0.7807283742104361	0.7142857142857143	baseline
PF01473	0.0	0.019926321696172946	0.4881055822017291	1.532528963489984	0.4752691169762265	0.38959678396283387	0.5247308830237736	0.6104032160371662	0.5714285714285714	baseline
PF01474	0.0	0.7289719993211806	1.2467045168432194	1.7373043077445174	0.3042102990062002	0.18223348063409978	0.6957897009937998	0.8177665193659003	0.7142857142857143	baseline
PF01475	0.0	0.9649936431722177	0.9038214273791885	1.4379316488971632	0.8085407714623845	0.854002496393081	0.8085407714623845	0.854002496393081	1.0	endpoint
PF01476	0.0	0.11671843366595229	0.5321126374442632	1.7410116205295607	0.46671741574815234	0.38879738345894077	0.5332825842518476	0.6112026165410592	0.5714285714285714	baseline
PF01478	0.0	0.382992107526852	0.2271698551557897	1.60314909504662	0.3542103779131954	0.3929481279172164	0.6457896220868047	0.6070518720827836	0.5714285714285714	baseline
PF01479	0.0	0.2485862081939321	0.20570786707489322	1.117947528541047	0.3889495481307513	0.4468969764742967	0.6110504518692488	0.5531030235257033	0.5714285714285714	baseline
PF01487	0.0	0.4629300007514911	0.8057898989145742	1.2975961768664834	0.6480775805125988	0.7360500307777663	0.6480775805125988	0.7360500307777663	0.7142857142857143	endpoint
PF01488	0.0	0.7932706836002643	1.1526894756913153	1.4520751796198637	0.7182366036149744	0.7279921518511089	0.7182366036149744	0.7279921518511089	0.8571428571428571	endpoint
PF01493	0.0	0.21995987743705328	0.5211081859412792	1.2571126555222265	0.6018172212436838	0.6512724323088727	0.6018172212436838	0.6512724323088727	0.5714285714285714	endpoint
PF01494	0.0	0.4133544774368846	0.8982844152217732	1.3875961028861195	0.3695275900227643	0.18880253493591354	0.6304724099772356	0.8111974650640865	0.7142857142857143	baseline
PF01496	0.0	0.41164709642889946	1.006262874597882	1.3046113722652641	0.6230295437485278	0.748438673946646	0.6230295437485278	0.748438673946646	0.7142857142857143	endpoint
PF01497	0.0	0.5363056060450135	0.7065769823141769	1.2337214845319309	0.6422388550872737	0.6754149976850562	0.6422388550872737	0.6754149976850562	0.8571428571428571	endpoint
PF01501	0.0	0.662129898284932	0.291460279616973	1.6278287072297914	0.3288237898314271	0.37088057405369906	0.6711762101685729	0.6291194259463009	0.8571428571428571	baseline
PF01502	0.0	0.6345766907396867	0.7224038825700617	1.5669344577641833	0.32559661774843857	0.2821956625840416	0.6744033822515614	0.7178043374159584	0.7142857142857143	baseline
PF01503	0.0	0.24655012114784897	0.5573194811774724	1.2913745428491772	0.5763490645278712	0.6612536091699394	0.5763490645278712	0.6612536091699394	0.7142857142857143	endpoint
PF01507	0.0	0.6364176845245672	1.0374172109865718	1.4619692530002626	0.2689249640428762	0.22168499204374556	0.7310750359571239	0.7783150079562544	0.7142857142857143	baseline
PF01509	0.0	0.3891730458440584	0.9185937067082208	1.5689882531279495	0.4287232267484678	0.2796574781660777	0.5712767732515323	0.7203425218339223	0.7142857142857143	baseline
PF01510	0.0	0.610776984850224	0.7577914002299967	1.6030308491262095	0.2769742553980677	0.2352773141651891	0.7230257446019324	0.7647226858348108	0.7142857142857143	baseline
PF01512	0.0	0.2824505777753577	0.17616077870727037	1.3804189411432062	0.591320418000394	0.5181725778372407	0.591320418000394	0.5181725778372407	0.5714285714285714	endpoint
PF01513	0.0	0.26468297239221544	0.5285280598482175	1.297632836115949	0.4287964323229422	0.3439952541741581	0.5712035676770578	0.6560047458258419	0.7142857142857143	baseline
PF01514	0.0	0.19461868208848193	0.3118604117937364	1.2620790077725996	0.534523735902574	0.5861013279047766	0.534523735902574	0.5861013279047766	0.5714285714285714	endpoint
PF01515	0.0	0.3268411683581845	0.5100090544969691	1.7261344292688992	0.4514818427703999	0.36705825344065723	0.5485181572296001	0.6329417465593428	0.5714285714285714	baseline
PF01520	0.0	0.32756175565383405	0.18898292875377332	1.636307631949451	0.6002895777765455	0.5573750408399818	0.6002895777765455	0.5573750408399818	0.5714285714285714	endpoint
PF01521	0.0	0.6073937651350724	1.0981773999436706	1.7292109780503944	0.3350536869140243	0.1089398397797842	0.6649463130859756	0.8910601602202158	0.7142857142857143	baseline
PF01522	0.0	0.5202326226851427	0.9073750642251536	1.5266627466568412	0.6459903042803458	0.6915784854474686	0.6459903042803458	0.6915784854474686	0.8571428571428571	endpoint
PF01526	0.0	0.020633383867510475	0.07158383986275879	1.4783903915223426	0.5142113595522161	0.4825035769528872	0.5142113595522161	0.5174964230471129	0.5714285714285714	baseline
PF01527	0.0	0.003288593995072039	0.15492836277605748	1.3463502357183783	0.48160367036780355	0.5016375669278977	0.5183963296321965	0.5016375669278977	0.5714285714285714	baseline
PF01531	0.0	0.024785098796598546	0.0005245862167033278	1.6516251616521134	0.4762460675963428	0.5296474889337895	0.5237539324036572	0.5296474889337895	0.5714285714285714	baseline
PF01544	0.0	0.6831427194478482	0.7358709395433939	1.560639550928906	0.2909962198866761	0.2659063231270683	0.7090037801133239	0.7340936768729317	0.7142857142857143	baseline
PF01545	0.0	0.8243720520383084	0.8240431882667552	1.9618572821879157	0.2869534848109278	0.22764625149439452	0.7130465151890721	0.7723537485056055	0.8571428571428571	baseline
PF01546	0.0	0.49295876492364915	0.6383221254099811	1.538231493753775	0.35718983611916894	0.3646612809260757	0.642810163880831	0.6353387190739244	0.7142857142857143	baseline
PF01547	0.0	0.45413837228244386	0.8808077486718618	1.7015597952476245	0.35022864762009903	0.16858828672327877	0.6497713523799009	0.8314117132767213	0.5714285714285714	baseline
PF01548	0.0	0.5281721963396906	0.7367631565325098	1.5915850101848488	0.6441444132115104	0.7107149457124747	0.6441444132115104	0.7107149457124747	0.7142857142857143	endpoint
PF01551	0.0	0.6149863530326781	1.0343532874811616	1.7708239117284355	0.6618021089506018	0.8808021572510246	0.6618021089506018	0.8808021572510246	0.7142857142857143	endpoint
PF01553	0.0	0.42938557043893677	0.46817155709221253	1.5503432269251047	0.39220754274087194	0.4037455235411131	0.607792457259128	0.5962544764588869	0.5714285714285714	baseline
PF01554	0.0	0.4954490882271288	0.8322422961444276	1.39450669872629	0.6611770156763083	0.7777525482382818	0.6611770156763083	0.7777525482382818	0.7142857142857143	endpoint
PF01555	0.0	0.2529403388494497	0.5382868008785887	1.4132238957516219	0.44784845331290624	0.3873539880799704	0.5521515466870938	0.6126460119200297	0.5714285714285714	baseline
PF01556	0.0	0.35788510033572407	0.6710465052421677	1.8068794691435481	0.42795687932393944	0.31247113557276995	0.5720431206760606	0.68752886442723	0.5714285714285714	baseline
PF01557	0.0	0.7159040861034666	0.8441841963237117	1.723731568488133	0.32424187674063	0.2818038817797172	0.67575812325937	0.7181961182202827	0.8571428571428571	baseline
PF01558	0.0	0.5031432788151412	0.5453448976551271	1.378427177718009	0.6196313934961426	0.6863015266204738	0.6196313934961426	0.6863015266204738	0.8571428571428571	endpoint
PF01564	0.0	0.2467255091543921	0.8826757175381595	1.3098130439742253	0.536069255252025	0.6326182006245173	0.536069255252025	0.6326182006245173	0.7142857142857143	endpoint
PF01565	0.0	0.8825210153193134	1.098812324288496	1.2836507789088525	0.23778761414098812	0.2047622202877316	0.7622123858590119	0.7952377797122684	1.0	baseline
PF01566	0.14285714285714285	0.2576336122904063	0.4911918265416223	2.1751150993607413	0.48059302220879335	0.3983638469950725	0.5194069777912067	0.6016361530049275	0.5714285714285714	baseline
PF01568	0.0	0.5555063652996937	0.9920580552038885	1.5341191823503708	0.3592788042505578	0.21596161205745362	0.6407211957494422	0.7840383879425463	0.7142857142857143	baseline
PF01569	0.0	0.007355811416892994	0.04748908126125189	1.2760058164192016	0.5061281182570527	0.4785039181040952	0.5061281182570527	0.5214960818959048	0.5714285714285714	baseline
PF01571	0.0	0.4655889160028092	1.0011812332433006	1.3474596863622037	0.3242245660474533	0.24842388340414087	0.6757754339525467	0.7515761165958591	0.7142857142857143	baseline
PF01575	0.0	0.08533399101087255	0.028493700217956476	1.5919479856729157	0.45807922117400757	0.46114330297216194	0.5419207788259924	0.5388566970278381	0.5714285714285714	baseline
PF01578	0.14285714285714285	1.2685513274349696	1.3985875483876224	2.216975181521688	0.1635453869697438	0.10260953060661684	0.8364546130302561	0.8973904693933832	0.8571428571428571	baseline
PF01580	0.0	0.10803444500067731	0.04022793147191322	1.56426584422566	0.5380107788113094	0.4639431527538309	0.5380107788113094	0.5360568472461691	0.5714285714285714	endpoint
PF01584	0.0	0.22947223240947043	0.1325656370406806	1.4703029378248953	0.5622377292928029	0.5700002252016686	0.5622377292928029	0.5700002252016686	0.5714285714285714	endpoint
PF01588	0.0	0.3235806378456067	0.16137349528501654	1.5292852332919844	0.5960867042050444	0.4974083948752862	0.5960867042050444	0.5025916051247138	0.5714285714285714	endpoint
PF01590	0.0	0.08268452741946378	0.03166023591990922	1.2674676890565153	0.49618719752947876	0.4653653649409323	0.5038128024705213	0.5346346350590677	0.5714285714285714	baseline
PF01592	0.0	0.2957572740967951	0.21613436839104677	1.6012177063020778	0.4721384519939453	0.5884946457672605	0.5278615480060547	0.5884946457672605	0.5714285714285714	baseline
PF01593	0.0	0.13131109482605238	0.2733813569973744	1.0421592118562786	0.500660639493744	0.43228162873185083	0.500660639493744	0.5677183712681492	0.5714285714285714	baseline
PF01594	0.0	0.13209870029200077	0.04309754922336262	1.416947269798119	0.5495402299688441	0.5031192873237922	0.5495402299688441	0.5031192873237922	0.5714285714285714	endpoint
PF01595	0.0	0.037953476821550446	0.3669233925735233	1.2657693318852012	0.5504731054596944	0.6294281321448941	0.5504731054596944	0.6294281321448941	0.5714285714285714	endpoint
PF01596	0.0	0.2981115278455385	0.7914169201034814	1.3878645691048646	0.34624986745918523	0.19927150185010067	0.6537501325408148	0.8007284981498993	0.5714285714285714	baseline
PF01597	0.0	0.9113112228867971	1.290033841999408	1.7257851955424557	0.2508252571304578	0.16533912692106892	0.7491747428695422	0.8346608730789311	0.8571428571428571	baseline
PF01609	0.0	0.5514978150138096	0.5353198435758316	1.6927669686442286	0.651714413680893	0.6551896925839931	0.651714413680893	0.6551896925839931	0.7142857142857143	endpoint
PF01610	0.0	0.0714237155284321	0.1881139863481498	1.3293032124324213	0.49955064640332175	0.5018472375078501	0.5004493535966783	0.5018472375078501	0.5714285714285714	endpoint
PF01612	0.0	0.9756944337567859	0.857024904564674	1.6658666773605566	0.21254930569861535	0.22245293842982575	0.7874506943013846	0.7775470615701743	1.0	baseline
PF01613	0.0	0.4790791599798278	1.0920334689532125	1.2480700376422802	0.6300582249354456	0.7358881289786744	0.6300582249354456	0.7358881289786744	0.7142857142857143	endpoint
PF01614	0.0	0.21571691888944153	0.017837393172481893	1.3130813587608847	0.43530198769838047	0.5090246043604629	0.5646980123016195	0.5090246043604629	0.5714285714285714	baseline
PF01618	0.0	0.18987895854397513	0.42072961920641444	1.1592310376714996	0.5506394563795179	0.6465793312177596	0.5506394563795179	0.6465793312177596	0.7142857142857143	endpoint
PF01619	0.0	0.7903226926692364	1.0360168979745819	1.5042049156470652	0.27612638314592025	0.2252296355779732	0.7238736168540798	0.7747703644220267	0.8571428571428571	baseline
PF01624	0.0	0.9860168100401491	1.4213668153607166	1.8763600594021321	0.7729496583784414	0.9518499164834727	0.7729496583784414	0.9518499164834727	0.7142857142857143	endpoint
PF01625	0.0	0.7560297836613508	0.8826373803395939	1.293974827872719	0.29381388175952	0.2378072982732009	0.70618611824048	0.7621927017267991	1.0	baseline
PF01628	0.0	0.34074102536778966	0.22029183981614614	1.391016637560473	0.6054223309074995	0.5204663365884445	0.6054223309074995	0.5204663365884445	0.7142857142857143	endpoint
PF01634	0.0	0.1666453931799432	0.04265289827917937	1.4506512497867001	0.46772441038099555	0.5032232377820066	0.5322755896190045	0.5032232377820066	0.5714285714285714	baseline
PF01636	0.0	0.31326489231731625	0.5096238170044916	1.0449988123563045	0.39635633356747885	0.345278078462081	0.6036436664325211	0.654721921537919	0.7142857142857143	baseline
PF01637	0.0	0.5186700249160283	0.8841588100362278	1.2801132330224056	0.6652731510519202	0.7198931965849754	0.6652731510519202	0.7198931965849754	0.7142857142857143	endpoint
PF01638	0.0	0.21971470357585218	0.49877929208293154	1.2226014622266006	0.5568449402538106	0.5534167618033573	0.5568449402538106	0.5534167618033573	0.5714285714285714	endpoint
PF01640	0.0	0.13021152417182622	0.6306535099090853	1.2228988230453826	0.42276662133313847	0.33380416410413905	0.5772333786668615	0.666195835895861	0.5714285714285714	baseline
PF01641	0.0	1.0576310534144926	1.1932225775780172	1.8442825092326975	0.20278085151212055	0.15052534781201235	0.7972191484878794	0.8494746521879877	0.8571428571428571	baseline
PF01642	0.0	0.15019078626756194	0.5653372267453306	1.4269701902880993	0.46661519680467667	0.3738318741119867	0.5333848031953233	0.6261681258880133	0.7142857142857143	baseline
PF01643	0.0	0.10628492652738009	0.4456196608400005	1.5901539832529663	0.47741931165526	0.39293405670785314	0.5225806883447399	0.6070659432921468	0.5714285714285714	baseline
PF01645	0.0	0.07231798974978534	0.28561140558135273	1.0906528181479578	0.5447959802371056	0.5180315214851162	0.5447959802371056	0.5180315214851162	0.5714285714285714	endpoint
PF01648	0.0	0.1916652034479633	0.1593915704180442	1.0791324098825226	0.43660938361587137	0.4616606957311664	0.5633906163841287	0.5383393042688336	0.7142857142857143	baseline
PF01649	0.0	0.26054262883876395	0.5861554136965577	1.420634799965549	0.6031722138759544	0.6502259890726513	0.6031722138759544	0.6502259890726513	0.5714285714285714	endpoint
PF01653	0.0	0.0337110531849741	0.14439676079599773	1.4792273968762142	0.5097418907144458	0.4945903070311378	0.5097418907144458	0.5054096929688622	0.5714285714285714	baseline
PF01654	0.0	0.1397465107360028	0.587607981934659	1.3460149910151777	0.5174364116602347	0.6997732494539134	0.5174364116602347	0.6997732494539134	0.7142857142857143	endpoint
PF01656	0.0	0.4443451386657967	0.20293753895825117	1.412691801100616	0.641651787544225	0.5964560029166729	0.641651787544225	0.5964560029166729	0.5714285714285714	endpoint
PF01658	0.0	0.11487699411119502	0.24355958205537448	1.1634966727363727	0.4727651773104363	0.4285988289303534	0.5272348226895637	0.5714011710696466	0.7142857142857143	baseline
PF01661	0.0	0.11849002310099684	0.2986246031477161	1.3571547083305178	0.5798606856981399	0.63242882205922	0.5798606856981399	0.63242882205922	0.5714285714285714	endpoint
PF01663	0.0	0.9344089725667237	0.9156758209448549	1.8199320704945268	0.24900631586627556	0.22312235884074375	0.7509936841337245	0.7768776411592563	0.8571428571428571	baseline
PF01668	0.0	0.14605224114128443	0.24483822616026038	1.629840551623664	0.48616207982169	0.5905124317876831	0.51383792017831	0.5905124317876831	0.5714285714285714	baseline
PF01676	0.0	0.2698694044206136	0.4875493442777142	1.4993808359312772	0.588496495432305	0.6271738709271685	0.588496495432305	0.6271738709271685	0.8571428571428571	endpoint
PF01678	0.0	0.9769847925138452	1.1672738083832017	1.5050483917735293	0.7959410013903516	0.922288472555197	0.7959410013903516	0.922288472555197	1.0	endpoint
PF01680	0.0	0.48646458283462923	0.577292200758552	1.7202248846393111	0.39347085174683877	0.3782353091624951	0.6065291482531612	0.621764690837505	0.7142857142857143	baseline
PF01686	0.0	0.0948801204174663	0.3702588410492082	1.2495691596300986	0.47672393488999	0.4091589953486123	0.52327606511001	0.5908410046513877	0.7142857142857143	baseline
PF01687	0.0	0.17697346238474077	0.6352821548923103	1.4959707804712004	0.5522704355410829	0.7504756274254378	0.5522704355410829	0.7504756274254378	0.5714285714285714	endpoint
PF01691	0.0	0.8592876087640143	0.8377549798148365	1.0978658926832014	0.2502591798099878	0.23722133770224282	0.7497408201900122	0.7627786622977571	1.0	baseline
PF01693	0.0	0.3094500023761846	0.3977526114115505	1.4372006214967354	0.6021721617820363	0.6392552116975925	0.6021721617820363	0.6392552116975925	0.5714285714285714	endpoint
PF01694	0.0	0.0321687726046242	0.18586889938551696	1.4234999960574306	0.47320280747131205	0.40712459468833756	0.526797192528688	0.5928754053116625	0.5714285714285714	endpoint
PF01695	0.0	0.10889233385300934	0.17235004979805066	1.3844440632536448	0.47647678891968254	0.45016860286327864	0.5235232110803174	0.5498313971367214	0.7142857142857143	baseline
PF01696	0.0	0.44125946440049396	0.2799351716216808	1.378348595508099	0.34459961231159325	0.43047515419253457	0.6554003876884067	0.5695248458074654	0.7142857142857143	baseline
PF01699	0.0	0.5516689733779058	0.685427513106991	1.5375451316207545	0.6593616583928535	0.6668940232637286	0.6593616583928535	0.6668940232637286	0.8571428571428571	endpoint
PF01702	0.0	0.1509093463804899	0.23316529312005382	1.7910572669861426	0.5703836064186659	0.600193711516189	0.5703836064186659	0.600193711516189	0.7142857142857143	endpoint
PF01704	0.0	0.8915705090466165	1.1421281163657302	1.6816328514472796	0.2429902468538882	0.2810309726450639	0.7570097531461117	0.7189690273549361	0.8571428571428571	baseline
PF01709	0.0	0.3426370189156798	0.6030916700664425	1.2134321518271711	0.6356462973463503	0.7468908846787042	0.6356462973463503	0.7468908846787042	0.5714285714285714	endpoint
PF01712	0.0	0.06783369492462334	0.07171199807033768	1.2880940114604653	0.52644924700158	0.45871689057586207	0.52644924700158	0.5412831094241379	0.5714285714285714	endpoint
PF01713	0.0	1.0703301522727988	1.3071317429281741	1.6003760627054815	0.8288275630634843	0.9487587135420399	0.8288275630634843	0.9487587135420399	1.0	endpoint
PF01715	0.0	0.28317931021919135	0.5710528878345423	1.3487095007696406	0.4185423786680536	0.3658270366545295	0.5814576213319465	0.6341729633454705	0.7142857142857143	baseline
PF01717	0.0	0.3028116397509197	0.43667705822708813	1.7459865544356026	0.42921042321163283	0.32103521822158726	0.5707895767883672	0.6789647817784128	0.5714285714285714	baseline
PF01719	0.0	0.4804498217252498	0.4493525086773485	1.3036264992092523	0.38975676487521216	0.38723189960103993	0.6102432351247878	0.61276810039896	0.8571428571428571	baseline
PF01725	0.0	0.21139915117412794	0.6057274717137093	1.2716105644703763	0.5867114356716497	0.7365000142341795	0.5867114356716497	0.7365000142341795	0.5714285714285714	endpoint
PF01726	0.0	0.06784595194400704	0.225993070016	1.5232508221580512	0.5048274290473439	0.566027268375124	0.5048274290473439	0.566027268375124	0.5714285714285714	baseline
PF01728	0.0	0.4954499193995181	1.038724169141181	1.4714600054502234	0.6090056181814363	0.7869231345208736	0.6090056181814363	0.7869231345208736	0.7142857142857143	endpoint
PF01729	0.0	0.41613124927042094	0.5850406293497336	1.3463586214850318	0.3564293195973291	0.32598138495688894	0.6435706804026708	0.6740186150431111	0.7142857142857143	baseline
PF01734	0.0	0.17017376350030067	0.13282856840621104	1.1550269661406856	0.4205241859239643	0.49267002122037046	0.5794758140760357	0.5073299787796295	0.5714285714285714	baseline
PF01738	0.0	0.6983321720537317	0.9716416673816581	1.4432402539995528	0.312731929988414	0.2633773062092053	0.6872680700115861	0.7366226937907947	0.8571428571428571	baseline
PF01740	0.0	0.684411368294028	1.1090731621291585	1.4661903804108245	0.6739596657580931	0.8559604853812176	0.6739596657580931	0.8559604853812176	0.7142857142857143	endpoint
PF01741	0.0	0.34907636417584637	0.8536764442932141	1.408988784463283	0.36846879658264137	0.31362222527160244	0.6315312034173586	0.6863777747283976	0.5714285714285714	baseline
PF01743	0.0	0.29210985559361274	0.7719767048552946	1.2423145714726456	0.4442583702976436	0.34247501501650196	0.5557416297023564	0.6575249849834981	0.5714285714285714	baseline
PF01746	0.0	0.4715668894069584	0.9720460714491034	1.3051050543133622	0.6134226942177551	0.6907275901716481	0.6134226942177551	0.6907275901716481	0.7142857142857143	endpoint
PF01750	0.0	0.4271673955370535	0.5656009421913918	1.5251040135953873	0.38020906655402703	0.29951110951856563	0.619790933445973	0.7004888904814344	0.7142857142857143	baseline
PF01751	0.0	0.28870577545725823	0.38070123887813256	1.7294173756618876	0.5836767920559007	0.6632849048324656	0.5836767920559007	0.6632849048324656	0.5714285714285714	endpoint
PF01757	0.0	1.1685147723436244	1.2982861731841913	1.7007193993569067	0.13561918520858138	0.10440855564970247	0.8643808147914186	0.8955914443502975	0.8571428571428571	baseline
PF01758	0.0	0.5042504784362238	1.0851293431642668	1.4019530031606326	0.6895162377890997	0.8523267283569683	0.6895162377890997	0.8523267283569683	0.7142857142857143	endpoint
PF01761	0.0	0.15639781473711015	0.12435708644206056	1.4505515332864436	0.5660264261502748	0.5422668171677354	0.5660264261502748	0.5422668171677354	0.5714285714285714	endpoint
PF01765	0.0	0.8721920567802026	1.3260221000207404	1.6221708222555575	0.26824114062168375	0.13396367788869815	0.7317588593783162	0.8660363221113019	0.8571428571428571	baseline
PF01769	0.14285714285714285	1.1816215199855542	1.137501307698064	2.0134724424977244	0.8368875354236617	0.8788832156899583	0.8368875354236617	0.8788832156899583	0.8571428571428571	endpoint
PF01773	0.0	0.3546600239089931	0.08818042249293694	1.712958045825015	0.4239402114834691	0.4982086270360327	0.5760597885165308	0.5017913729639674	0.5714285714285714	baseline
PF01774	0.0	0.923339084601185	1.0839575550796001	1.4156312331972742	0.761731763345474	0.7052744606187733	0.761731763345474	0.7052744606187733	1.0	endpoint
PF01782	0.0	0.2368929782081198	0.28031347292580483	1.2501951065680383	0.5742127777967742	0.5171520802930911	0.5742127777967742	0.5171520802930911	0.7142857142857143	endpoint
PF01784	0.0	0.09247000388031108	0.19476300441046807	1.360902077844502	0.5045163975414181	0.5587263064133208	0.5045163975414181	0.5587263064133208	0.5714285714285714	baseline
PF01790	0.0	0.6368328246750607	0.6789108749309349	1.204057220431018	0.7131348304204536	0.7288768345165093	0.7131348304204536	0.7288768345165093	0.7142857142857143	endpoint
PF01791	0.0	0.07820013724713185	0.1477727980694925	1.2830924952966407	0.5178237979834756	0.4951507192592952	0.5178237979834756	0.5048492807407048	0.5714285714285714	endpoint
PF01795	0.0	0.7502286235851446	0.8797501658138515	1.6080649925956163	0.2765029952543151	0.18942785003585352	0.7234970047456849	0.8105721499641465	0.8571428571428571	baseline
PF01797	0.0	1.0403257828318988	1.1481067228614252	1.464007580777296	0.8155491949623135	0.8456890170010869	0.8155491949623135	0.8456890170010869	1.0	endpoint
PF01799	0.0	0.24871413688996677	0.5470381877876108	1.3902716711521328	0.5698483407329926	0.646223010050441	0.5698483407329926	0.646223010050441	0.7142857142857143	endpoint
PF01804	0.0	0.4341920262490798	0.027982371796243334	1.2631132993128666	0.3600699382184471	0.503919529184347	0.6399300617815529	0.503919529184347	0.5714285714285714	baseline
PF01807	0.0	0.4442428225930061	0.6248184121638926	1.4725078151345672	0.6094740890098651	0.6996251631931207	0.6094740890098651	0.6996251631931207	0.5714285714285714	endpoint
PF01808	0.0	0.17450684102995195	0.41472106620585797	1.873346672514994	0.44388385046192314	0.364251979482409	0.5561161495380769	0.6357480205175909	0.7142857142857143	baseline
PF01810	0.0	0.6823728211114289	0.9888011103477432	1.4279347531776354	0.32219790309671	0.2350853936478992	0.6778020969032901	0.7649146063521008	0.8571428571428571	baseline
PF01812	0.0	0.35657678237785123	1.019941567865851	1.4259327360497478	0.4040882714222073	0.2911686455476412	0.5959117285777926	0.7088313544523588	0.5714285714285714	baseline
PF01813	0.0	0.5449787501456712	1.0196339289242637	1.3519600130690361	0.6537756164772421	0.6550280303685783	0.6537756164772421	0.6550280303685783	0.8571428571428571	endpoint
PF01814	0.0	0.005094588661258781	0.18190801775369528	1.4694809602529961	0.5355765028572222	0.47066818832704466	0.5355765028572222	0.5293318116729553	0.5714285714285714	endpoint
PF01815	0.0	0.9982900346552962	0.7458221031807615	1.572649370081349	0.22775115059827436	0.26038423653702314	0.7722488494017257	0.7396157634629769	1.0	baseline
PF01817	0.0	0.27379998626248486	0.3820864487913467	1.4976766433319355	0.6149370674381978	0.6020740812255274	0.6149370674381978	0.6020740812255274	0.7142857142857143	endpoint
PF01820	0.0	0.15734645306592418	0.403379323385014	1.1395763027666614	0.44276058253513456	0.3851585993773775	0.5572394174648654	0.6148414006226225	0.5714285714285714	baseline
PF01823	0.0	0.4303955342284583	0.7009797368963101	1.2664705190145662	0.602535587751314	0.6648448693735357	0.602535587751314	0.6648448693735357	0.7142857142857143	endpoint
PF01832	0.0	0.24352966028855125	0.16648510938590833	1.1991422966110814	0.5573498739115578	0.4982569077368744	0.5573498739115578	0.5017430922631256	0.5714285714285714	endpoint
PF01833	0.0	0.19559351571439282	0.2916688526286294	1.3704007941748475	0.5979034445851509	0.6298138609091074	0.5979034445851509	0.6298138609091074	0.5714285714285714	endpoint
PF01835	0.0	0.5046572111288855	0.6545924442951556	1.461770152654335	0.3677434035018452	0.3619604559882535	0.6322565964981548	0.6380395440117466	0.7142857142857143	baseline
PF01841	0.0	0.31611636743352767	0.32989913343315747	1.5020488521848092	0.3730378884957825	0.4167032320266166	0.6269621115042174	0.5832967679733834	0.5714285714285714	baseline
PF01842	0.0	0.13917381199606943	0.24348975949248786	1.2991872544935597	0.5527978793856954	0.43020228892076123	0.5527978793856954	0.5697977110792387	0.5714285714285714	endpoint
PF01850	0.0	0.6817462260983393	0.635097607876606	1.5019547497873575	0.3135675773116486	0.3020499387930567	0.6864324226883514	0.6979500612069434	0.8571428571428571	baseline
PF01855	0.0	0.18778443845257595	0.5403430296988126	1.2252532677219048	0.4600006308976693	0.3868732830891183	0.5399993691023307	0.6131267169108817	0.5714285714285714	baseline
PF01863	0.0	0.05173920880418979	0.2406905320695147	1.3918536110475526	0.553179889949384	0.4306669524153096	0.553179889949384	0.5693330475846904	0.5714285714285714	endpoint
PF01865	0.0	0.10124178199317302	0.4057778242725127	1.7180482787658125	0.5470901640549533	0.6418133175525075	0.5470901640549533	0.6418133175525075	0.5714285714285714	endpoint
PF01867	0.0	0.33426190679160944	0.30174775403908144	1.7671020147800283	0.3787084923489645	0.36734941995365883	0.6212915076510355	0.6326505800463411	0.8571428571428571	baseline
PF01869	0.0	0.09343134628705306	0.1565350194117332	1.2323767873656302	0.5206800214134992	0.47369239601366625	0.5206800214134992	0.5263076039863337	0.5714285714285714	endpoint
PF01871	0.0	0.23935301247593824	0.6682397010561423	1.2991663116842964	0.400237792779	0.32344401490412733	0.599762207221	0.6765559850958727	0.5714285714285714	baseline
PF01872	0.0	0.0783088450375907	0.5749682554358969	1.496288954550652	0.5466394582851745	0.6476106562086918	0.5466394582851745	0.6476106562086918	0.7142857142857143	endpoint
PF01874	0.0	0.1450630686071577	0.18645633028837857	1.3966617665510586	0.5309825675593592	0.5590299611028936	0.5309825675593592	0.5590299611028936	0.5714285714285714	endpoint
PF01875	0.0	0.05496889674694425	0.16360892648568812	1.313187891681689	0.5013473438528019	0.45865566573999456	0.5013473438528019	0.5413443342600055	0.5714285714285714	baseline
PF01882	0.0	0.6105077647721444	0.7637090980344192	1.7625550813653192	0.3433077320584555	0.29712910598291464	0.6566922679415446	0.7028708940170854	0.8571428571428571	baseline
PF01883	0.0	0.40091661506269566	0.3095901777426484	1.3815125847373817	0.39121036978151874	0.4187972493820025	0.6087896302184812	0.5812027506179975	0.5714285714285714	baseline
PF01887	0.0	0.18292729306664265	0.17461815897374086	1.434288525479278	0.5659714992521545	0.5389626051794386	0.5659714992521545	0.5389626051794386	0.5714285714285714	endpoint
PF01888	0.0	0.7068583477624374	1.2476628372489116	1.4716879911455027	0.7261221482515114	0.708156953307523	0.7261221482515114	0.708156953307523	0.8571428571428571	endpoint
PF01890	0.0	0.7221530849923147	1.0383603231167198	1.4859662405477498	0.7539912004089825	0.9022565538826424	0.7539912004089825	0.9022565538826424	0.8571428571428571	endpoint
PF01891	0.0	0.2646343703101374	0.04887590403985373	1.4726882166726487	0.4018659314000124	0.4787341265942435	0.5981340685999876	0.5212658734057565	0.5714285714285714	baseline
PF01895	0.0	0.6349200707144759	0.6043588534574496	1.4775714796887862	0.6962445783780872	0.6742194059219632	0.6962445783780872	0.6742194059219632	0.7142857142857143	endpoint
PF01906	0.0	0.16646193459259395	0.6970163153350823	1.1544951276149953	0.4416649541653637	0.35024621629683744	0.5583350458346363	0.6497537837031626	0.5714285714285714	baseline
PF01914	0.0	0.5136716504529133	0.6998779449848865	1.2948688042940917	0.313034933582706	0.27881566075115566	0.6869650664172939	0.7211843392488444	0.7142857142857143	baseline
PF01915	0.0	0.4787225789309671	1.072407669588112	1.6859938048712813	0.6866733162333268	0.8582252810077675	0.6866733162333268	0.8582252810077675	0.7142857142857143	endpoint
PF01923	0.0	0.2493890758026617	0.05985023873692253	1.7145991995461298	0.4633236815667732	0.49920284505814627	0.5366763184332268	0.5007971549418537	0.5714285714285714	baseline
PF01924	0.0	0.46425558787828297	0.7927809702811641	1.4369571597547626	0.3407456244224053	0.22545814090301675	0.6592543755775947	0.7745418590969833	0.5714285714285714	baseline
PF01925	0.0	0.02454650864960842	0.4217805852320824	1.369319725822304	0.5184677995916643	0.4042741825103252	0.5184677995916643	0.5957258174896748	0.5714285714285714	endpoint
PF01926	0.0	0.5384980851603587	1.0101543559339963	1.8083019002100287	0.6564187719306933	0.7769594211834888	0.6564187719306933	0.7769594211834888	0.7142857142857143	endpoint
PF01928	0.0	0.2727151158427203	0.4422112643963327	1.2211379557285413	0.45054515674854156	0.3715094776157646	0.5494548432514584	0.6284905223842354	0.5714285714285714	baseline
PF01930	0.0	0.1940173949729847	0.22921404264704678	1.4120978524439858	0.47601016665578555	0.432572015804024	0.5239898333442145	0.567427984195976	0.5714285714285714	baseline
PF01933	0.0	0.4547052750046893	0.17696084203437598	1.482266702063361	0.3546009231578541	0.47182473862704494	0.6453990768421459	0.5281752613729551	0.5714285714285714	baseline
PF01934	0.0	0.15299123839118153	0.030876347959808922	1.395994130993617	0.4036722511055431	0.46032546411323727	0.5963277488944569	0.5396745358867627	0.5714285714285714	baseline
PF01935	0.0	0.407104839123618	0.9587176820559391	1.6060144810822652	0.41158349641195563	0.3027869752637449	0.5884165035880444	0.6972130247362551	0.7142857142857143	baseline
PF01936	0.0	0.08590043352486473	0.2066192681675374	1.4180051842025894	0.5117964279021776	0.5645876150806899	0.5117964279021776	0.5645876150806899	0.5714285714285714	baseline
PF01938	0.0	0.041827415294174476	0.32496421503592815	1.319488992399096	0.4992158959624197	0.5245639717645714	0.5007841040375802	0.5245639717645714	0.5714285714285714	baseline
PF01939	0.0	0.43798748515630365	0.4763875067264373	1.567150198841477	0.40920044887599233	0.37632559978802194	0.5907995511240076	0.6236744002119781	0.7142857142857143	baseline
PF01943	0.0	0.09064095659585877	0.18772411466270345	1.3940832192497588	0.47759025448947234	0.538016088112841	0.5224097455105277	0.538016088112841	0.5714285714285714	baseline
PF01944	0.0	0.03802304379935736	0.15739001088983778	1.4270308949276143	0.5081113773868253	0.5022315127872344	0.5081113773868253	0.5022315127872344	0.5714285714285714	endpoint
PF01955	0.0	0.5543103605858944	0.7238246563376776	1.272632941303691	0.698056583220824	0.7431934899340686	0.698056583220824	0.7431934899340686	0.7142857142857143	endpoint
PF01957	0.0	0.40628657872763185	0.4970373970071284	1.4277528783653997	0.651200447040318	0.7081043166896994	0.651200447040318	0.7081043166896994	0.7142857142857143	endpoint
PF01960	0.0	0.0560704816755239	0.014145661077533329	1.343457245789095	0.47550968562124046	0.46977766276883	0.5244903143787596	0.5302223372311701	0.5714285714285714	baseline
PF01964	0.0	0.3429959802287287	1.0431492048387372	1.4708875729201474	0.35924890554437894	0.2693273001499699	0.6407510944556211	0.7306726998500301	0.5714285714285714	baseline
PF01965	0.0	0.026636300089196215	0.3334873395394558	1.6205892266435116	0.47110290547281164	0.4352319879510284	0.5288970945271884	0.5647680120489715	0.5714285714285714	endpoint
PF01966	0.0	0.8328240229895013	1.1430138871690765	1.6359094638961484	0.7488381153605552	0.8768136747547554	0.7488381153605552	0.8768136747547554	0.7142857142857143	endpoint
PF01967	0.0	0.2594465088654314	0.7612815526581131	1.3755506181503525	0.534027142350641	0.6768199395888534	0.534027142350641	0.6768199395888534	0.7142857142857143	endpoint
PF01968	0.0	0.0065979111703423155	0.2429036090784826	1.6911261165578733	0.5031243923749897	0.5542998623121749	0.5031243923749897	0.5542998623121749	0.5714285714285714	baseline
PF01969	0.0	0.7824442968791833	0.9515482238625714	1.8704252979826776	0.7048977886823095	0.7929255876401218	0.7048977886823095	0.7929255876401218	0.8571428571428571	endpoint
PF01970	0.0	0.2108720040863066	0.6000455238823679	1.2759378244608472	0.4264829964578558	0.33388558380258415	0.5735170035421442	0.6661144161974158	0.5714285714285714	baseline
PF01972	0.0	0.5188128933747953	0.9909916018405382	1.3029615305704667	0.33199754248434615	0.24548365794255225	0.6680024575156538	0.7545163420574478	0.8571428571428571	baseline
PF01975	0.0	0.02746458342784654	0.6766578141326703	1.7519426441169714	0.48801735995586304	0.35500562489864984	0.511982640044137	0.6449943751013502	0.5714285714285714	endpoint
PF01977	0.0	0.396414817071149	0.3014006873050275	1.3679870436723305	0.3915093413175841	0.41639406422198716	0.6084906586824159	0.5836059357780128	0.7142857142857143	baseline
PF01979	0.0	0.25038391077024197	0.6372852911694006	1.0593531824884879	0.4335279465012421	0.3099492003431804	0.566472053498758	0.6900507996568196	0.7142857142857143	baseline
PF01980	0.0	0.1549979273216431	1.0504680552382688	1.682892115132888	0.531227333618337	0.6449954690162761	0.531227333618337	0.6449954690162761	0.5714285714285714	endpoint
PF01985	0.0	0.6408734900984662	0.5401664852198256	1.855863945290921	0.33177445559763435	0.3218236577305623	0.6682255444023657	0.6781763422694377	0.8571428571428571	baseline
PF01987	0.0	0.45437282733089146	0.6851292968197202	1.3660541936380777	0.6110157686096839	0.5843503128608605	0.6110157686096839	0.5843503128608605	0.7142857142857143	endpoint
PF01990	0.0	0.6717004506910904	1.2249360322700384	1.486346156694817	0.7376156285443549	0.8696790080012287	0.7376156285443549	0.8696790080012287	0.7142857142857143	endpoint
PF01992	0.0	0.8137110398201118	0.6633388287271529	1.3375130687303751	0.7514166014092306	0.7689369538810324	0.7514166014092306	0.7689369538810324	1.0	endpoint
PF01996	0.0	0.09089448987269762	0.0332347566115815	1.6076733043352465	0.5128757978981423	0.4595159452713357	0.5128757978981423	0.5404840547286642	0.5714285714285714	endpoint
PF02001	0.0	0.40456247828667063	0.5135590177867413	1.2651981050552898	0.6062218537013402	0.6564487479165734	0.6062218537013402	0.6564487479165734	0.7142857142857143	endpoint
PF02016	0.0	0.7051587401277881	0.9923380971598637	1.3540164128003864	0.7329321028185245	0.8808528509901947	0.7329321028185245	0.8808528509901947	0.8571428571428571	endpoint
PF02018	0.0	0.018128820000648384	0.37487307078715304	1.4166111439700935	0.45022600957339015	0.6008324217242376	0.5497739904266099	0.6008324217242376	0.5714285714285714	baseline
PF02021	0.0	0.2730501122204304	0.6434950080696181	1.2575867701207961	0.4288029893633535	0.36275842275284687	0.5711970106366465	0.6372415772471531	0.7142857142857143	baseline
PF02028	0.0	1.0259665500350368	1.2475078660279746	1.4136082679652853	0.18899687392410922	0.1276776693701495	0.8110031260758908	0.8723223306298505	1.0	baseline
PF02033	0.0	0.6053694860952	0.9353909614651675	1.9335588646599928	0.35087401523697453	0.1685101189311658	0.6491259847630255	0.8314898810688343	0.5714285714285714	baseline
PF02036	0.0	0.769074018408734	0.722400488799808	1.448918774390958	0.27767424728641926	0.3161415867762372	0.7223257527135807	0.6838584132237628	1.0	baseline
PF02040	0.0	0.4175889653549783	0.8877738665629293	1.6530314807675706	0.6304143282300017	0.7317578909434603	0.6304143282300017	0.7317578909434603	0.7142857142857143	endpoint
PF02055	0.0	0.4071517866468823	0.5124592469287713	1.5047056708712563	0.6217551033168466	0.7128183191381136	0.6217551033168466	0.7128183191381136	0.7142857142857143	endpoint
PF02056	0.0	0.24186640520794916	0.48502185789667274	1.460408762751606	0.4402604825732988	0.33782293511268957	0.5597395174267012	0.6621770648873104	0.7142857142857143	baseline
PF02057	0.0	0.2018147384286395	0.16275481452933857	1.2810806377517494	0.5709870331234473	0.5512434346275213	0.5709870331234473	0.5512434346275213	0.5714285714285714	endpoint
PF02065	0.0	0.1629536099301922	0.021117398889163856	1.304026822208003	0.6102137488800945	0.4636752029907245	0.6102137488800945	0.5363247970092755	0.5714285714285714	endpoint
PF02073	0.0	0.5851170772885637	0.8085773536952549	1.3909222509204373	0.6757059217291644	0.8198420182511271	0.6757059217291644	0.8198420182511271	0.7142857142857143	endpoint
PF02074	0.0	0.6216321998813628	0.995086372523152	1.4651764950218926	0.6793997087328493	0.7357912545939573	0.6793997087328493	0.7357912545939573	0.8571428571428571	endpoint
PF02075	0.0	0.5584005741153578	0.859996038361241	1.8539996605641131	0.3752614367725237	0.2940023167011013	0.6247385632274762	0.7059976832988988	0.5714285714285714	baseline
PF02080	0.0	0.36035783957974454	0.2217768290768373	1.4313488191206458	0.6432684078118289	0.5074351700960964	0.6432684078118289	0.5074351700960964	0.5714285714285714	endpoint
PF02082	0.0	0.2189258718135327	0.7009744977286785	1.4844404501305177	0.566479567853231	0.5869805694687203	0.566479567853231	0.5869805694687203	0.5714285714285714	endpoint
PF02086	0.0	0.21580828525374907	0.4392688188680919	1.2411220586586948	0.5428747320490444	0.6217018102736385	0.5428747320490444	0.6217018102736385	0.5714285714285714	endpoint
PF02091	0.0	0.6439603302012203	0.5366910165379386	1.4449178782329224	0.30974486740436546	0.3373446934420884	0.6902551325956345	0.6626553065579116	1.0	baseline
PF02092	0.0	0.1679359800123231	0.1637994611392594	1.2535624614598608	0.56381681494999	0.46397518280307243	0.56381681494999	0.5360248171969275	0.5714285714285714	endpoint
PF02096	0.0	0.3564879736528407	1.0420802809078022	1.3914017883441774	0.3510026356768378	0.18029605189036724	0.6489973643231621	0.8197039481096328	0.5714285714285714	baseline
PF02110	0.0	0.3824621002581776	0.7157548005697639	1.319236343802959	0.41289013645194583	0.260017524064782	0.5871098635480542	0.739982475935218	0.5714285714285714	baseline
PF02113	0.0	0.752578409570492	0.8892677549078618	1.5949721781390724	0.27267617025471824	0.3053016918391579	0.7273238297452818	0.6946983081608421	0.8571428571428571	baseline
PF02120	0.0	0.09970227436301142	0.19242222475532308	1.454148905081902	0.557115782141673	0.5988502756671908	0.557115782141673	0.5988502756671908	0.7142857142857143	endpoint
PF02126	0.0	0.7354728658353397	0.915809412769686	1.7604769046368411	0.33535947820350903	0.17838689790867351	0.664640521796491	0.8216131020913264	0.7142857142857143	baseline
PF02127	0.0	0.32437145681344093	0.19589759989982647	1.7523467023547328	0.6076258101667605	0.5031392943959234	0.6076258101667605	0.5031392943959234	0.5714285714285714	endpoint
PF02129	0.0	0.5264272638553822	0.7056168640475133	1.4788934983746962	0.3398036508486891	0.26506893316097163	0.660196349151311	0.7349310668390283	0.8571428571428571	baseline
PF02130	0.0	0.980831897793308	0.775693005109151	1.7117598078678362	0.23975937603525674	0.2804163213559563	0.7602406239647432	0.7195836786440437	1.0	baseline
PF02132	0.0	0.015563080298728675	0.08623203733859537	1.5758957391047148	0.5080074873565349	0.5005226726726923	0.5080074873565349	0.5005226726726923	0.5714285714285714	baseline
PF02133	0.0	0.23780761644388362	0.33303039440734417	1.5591327115385334	0.48872556572628684	0.3618332306689965	0.5112744342737132	0.6381667693310036	0.7142857142857143	baseline
PF02142	0.0	0.6561642200187466	0.6260450352317357	1.3330133650667022	0.731243718879162	0.7120253918940509	0.731243718879162	0.7120253918940509	0.8571428571428571	endpoint
PF02146	0.0	0.06130724053321195	0.44819002673316666	1.2265091594405857	0.5200936140585727	0.4084168039326653	0.5200936140585727	0.5915831960673348	0.5714285714285714	baseline
PF02152	0.0	0.8350778543515546	1.027068621456792	1.8393625619448837	0.2521486364815743	0.18508114788706273	0.7478513635184256	0.8149188521129372	0.8571428571428571	baseline
PF02153	0.0	0.04506872011864095	0.5272000288377068	1.283803338585566	0.5207419651157076	0.5867119015417147	0.5207419651157076	0.5867119015417147	0.5714285714285714	endpoint
PF02156	0.0	0.44082165906823245	0.4685594319055674	1.222341273502527	0.6714349430833441	0.6326108006723373	0.6714349430833441	0.6326108006723373	0.8571428571428571	endpoint
PF02163	0.0	0.226871305170161	0.3436892618219061	1.3390867169484304	0.5591891768868567	0.5866826601611838	0.5591891768868567	0.5866826601611838	0.7142857142857143	endpoint
PF02190	0.0	0.8512847025963833	1.3010036318190743	1.5118713503772998	0.7394425064556703	0.7154207909240294	0.7394425064556703	0.7154207909240294	0.8571428571428571	endpoint
PF02195	0.0	0.1608713449804781	0.19531113220292814	1.4757585857936566	0.4575223830459144	0.4467374642323381	0.5424776169540856	0.5532625357676619	0.8571428571428571	baseline
PF02203	0.0	0.8589698913090779	1.0885621723924066	1.4494502559385227	0.2212449485342415	0.17508842000938635	0.7787550514657585	0.8249115799906137	0.8571428571428571	baseline
PF02219	0.0	0.5629676623886086	0.6105209567628642	1.381073163154268	0.3547439934517452	0.35195544421213154	0.6452560065482549	0.6480445557878685	0.7142857142857143	baseline
PF02222	0.0	0.6212818533254305	0.6105801332622682	1.51623883225097	0.31231386529312244	0.28928051501449253	0.6876861347068776	0.7107194849855074	0.8571428571428571	baseline
PF02223	0.0	0.25270265688145305	0.07765312216846477	1.4151919536511863	0.46377015948644723	0.4950408885516866	0.5362298405135528	0.5049591114483134	0.5714285714285714	baseline
PF02224	0.0	0.6439252092473071	1.1639278920571972	1.6855300352777995	0.7072300368644198	0.8704395229938633	0.7072300368644198	0.8704395229938633	0.7142857142857143	endpoint
PF02230	0.0	0.672251362633627	0.8634474477152096	1.2961112429964041	0.2992821355255614	0.3063095762316145	0.7007178644744386	0.6936904237683855	0.8571428571428571	baseline
PF02233	0.0	0.46778338864781077	0.8114708077642678	1.2859638679389052	0.3581864932448632	0.2839642062219122	0.6418135067551368	0.7160357937780878	0.7142857142857143	baseline
PF02236	0.0	0.6285393857859135	0.746412001679443	1.1953285962938844	0.2984230862014127	0.24951877721457721	0.7015769137985872	0.7504812227854227	1.0	baseline
PF02245	0.0	0.11190614490818628	0.19260629629521947	1.1182441822993787	0.4420070621665962	0.4545462332308851	0.5579929378334039	0.5454537667691148	0.5714285714285714	baseline
PF02254	0.0	0.6992975896753222	0.9634515336502171	1.2635442548036897	0.7123311568245964	0.7471528487201653	0.7123311568245964	0.7471528487201653	0.8571428571428571	endpoint
PF02255	0.0	0.46684565729215766	0.7705871150827196	1.2674254396945273	0.3824738329256062	0.28414393001054566	0.6175261670743938	0.7158560699894543	0.7142857142857143	baseline
PF02256	0.0	0.6406057367553595	0.7860300956287026	1.1179376585120173	0.6863624239092442	0.7568255595906954	0.6863624239092442	0.7568255595906954	0.7142857142857143	endpoint
PF02261	0.0	0.15183015864706645	0.07766794210264544	1.3692301183513071	0.5484745012240736	0.5313518331533942	0.5484745012240736	0.5313518331533942	0.7142857142857143	endpoint
PF02264	0.0	0.93264112606632	0.8867135725935605	1.4356115419211042	0.22759267296181696	0.2323135897731339	0.772407327038183	0.7676864102268661	1.0	baseline
PF02272	0.0	1.2782232322910119	1.2721662083422687	1.7883361552403814	0.8831366981151624	0.9312716959913417	0.8831366981151624	0.9312716959913417	1.0	endpoint
PF02274	0.0	0.11162076407630336	0.09090631089525562	1.2655981445414106	0.5651034373652489	0.502127107304271	0.5651034373652489	0.502127107304271	0.5714285714285714	endpoint
PF02275	0.0	0.9197003990946181	0.9903115066473195	1.298806777202617	0.7934837628112837	0.8281384731819299	0.7934837628112837	0.8281384731819299	1.0	endpoint
PF02277	0.0	0.6998878325309985	0.51642671296524	1.4549800899538954	0.7042950887696385	0.5721990840472697	0.7042950887696385	0.5721990840472697	1.0	endpoint
PF02278	0.0	0.3584721200762016	0.3699410022806754	1.28695337520984	0.35670669712410863	0.40566620691586475	0.6432933028758914	0.5943337930841353	0.7142857142857143	baseline
PF02283	0.0	0.3067098914557435	0.407489392046225	0.8613476075596633	0.5983051591309275	0.6084574624095269	0.5983051591309275	0.6084574624095269	0.7142857142857143	endpoint
PF02286	0.0	0.19586124618501197	0.21012108707420712	1.3643517164158179	0.4415878274798253	0.43574139010527657	0.5584121725201747	0.5642586098947234	0.5714285714285714	baseline
PF02288	0.0	0.4798631699272153	1.0124174006819637	1.3084582888689384	0.6361531126411138	0.7961626703443175	0.6361531126411138	0.7961626703443175	0.7142857142857143	endpoint
PF02302	0.0	0.5273273791807839	1.1085455713994092	1.5281812726162496	0.34104826689895945	0.14867274904690278	0.6589517331010406	0.8513272509530972	0.7142857142857143	baseline
PF02305	0.0	0.3765559972439014	0.4388601861595479	1.3603678437969204	0.5908801519079109	0.6286018311349629	0.5908801519079109	0.6286018311349629	0.7142857142857143	endpoint
PF02308	0.0	0.5602855388924566	0.39734464926645596	1.564770054411605	0.31499323765805737	0.3873230107191783	0.6850067623419427	0.6126769892808217	0.8571428571428571	baseline
PF02310	0.0	0.2607085649364411	0.26191616508141	1.2962434844422215	0.5850373129584455	0.5140981814626134	0.5850373129584455	0.5140981814626134	0.5714285714285714	endpoint
PF02311	0.0	0.47208317656534654	0.7739667826110286	1.5056022244175564	0.6199460112154479	0.6941325142064265	0.6199460112154479	0.6941325142064265	0.7142857142857143	endpoint
PF02317	0.0	0.5386747564866546	0.5734171420475463	1.3542669622939116	0.6830992145968757	0.6656907219311832	0.6830992145968757	0.6656907219311832	0.7142857142857143	endpoint
PF02321	0.0	0.6960491764962755	0.8083923271004425	1.332295232221984	0.3048411067439633	0.336430129149168	0.6951588932560366	0.663569870850832	0.7142857142857143	baseline
PF02322	0.0	0.9096756185421299	1.3834277307925515	1.798021102559834	0.1919377297186206	0.15059633765679264	0.8080622702813793	0.8494036623432073	0.8571428571428571	baseline
PF02324	0.0	0.3471576862517818	0.932115417690487	1.3420133880760297	0.6282306570688705	0.6933911342144172	0.6282306570688705	0.6933911342144172	0.7142857142857143	endpoint
PF02325	0.0	0.23007656145520775	0.3809112969668489	1.0927669467827452	0.4316439803366635	0.38588311583423673	0.5683560196633365	0.6141168841657633	0.8571428571428571	baseline
PF02335	0.0	0.5104198293547635	0.7770777883199755	1.4091106391018937	0.3616692674102627	0.26476788330478185	0.6383307325897374	0.7352321166952182	0.7142857142857143	baseline
PF02342	0.14285714285714285	1.2269536972745172	1.113342168998997	2.1709516099640456	0.8539360769869884	0.8674373633711144	0.8539360769869884	0.8674373633711144	1.0	endpoint
PF02347	0.0	0.47520991377137306	0.0074950620902543685	1.9509418662302092	0.3516448028228028	0.5173454777549332	0.6483551971771973	0.5173454777549332	0.5714285714285714	baseline
PF02348	0.0	0.24590779633930998	0.44773866091447195	1.2940339204520375	0.43737324249286785	0.32361387433681243	0.5626267575071322	0.6763861256631876	0.7142857142857143	baseline
PF02350	0.0	0.08970883382629638	0.33163043825067706	1.1786398816809518	0.5256494386910576	0.5287129333178562	0.5256494386910576	0.5287129333178562	0.5714285714285714	endpoint
PF02353	0.14285714285714285	0.07909687536734593	0.1584708947507027	2.0110427941412947	0.5007772652627928	0.5253185095386181	0.5007772652627928	0.5253185095386181	0.5714285714285714	baseline
PF02355	0.0	0.11418928663428861	0.1466501009585727	1.8264644968112649	0.4901879093549132	0.46721346621785464	0.5098120906450868	0.5327865337821454	0.5714285714285714	endpoint
PF02357	0.0	0.5446775388990802	0.9071343560116608	1.3010840188094535	0.6576898105116545	0.7737400445071755	0.6576898105116545	0.7737400445071755	0.7142857142857143	endpoint
PF02361	0.0	0.02734469435835288	0.0764695173662103	0.63309675559401	0.49071950106125095	0.4953175915771691	0.509280498938749	0.504682408422831	0.5714285714285714	baseline
PF02366	0.0	0.32411186003254827	0.36369130850430237	1.8921151736585624	0.4611408146475936	0.39653839116298584	0.5388591853524064	0.6034616088370142	0.5714285714285714	baseline
PF02367	0.0	0.23349142931958103	0.6481311791551672	1.3039105156121447	0.43866826053779856	0.36167457908849	0.5613317394622015	0.63832542091151	0.5714285714285714	baseline
PF02368	0.0	1.1342697298344127	1.2433349732521515	1.4758279230437652	0.8292898814336696	0.7841118532559597	0.8292898814336696	0.7841118532559597	1.0	endpoint
PF02369	0.0	0.5926827622945758	0.7603971975621087	1.3808284421747334	0.3294310707996177	0.30192490061951155	0.6705689292003822	0.6980750993804885	0.8571428571428571	baseline
PF02371	0.0	0.6791343819178035	1.066348891804818	1.304118380812019	0.7117657925050783	0.8029299028699861	0.7117657925050783	0.8029299028699861	0.8571428571428571	endpoint
PF02374	0.0	0.22308824130070062	0.11531314587970731	1.3561021921822731	0.4090904981983493	0.45865541879016525	0.5909095018016507	0.5413445812098348	0.7142857142857143	baseline
PF02378	0.0	0.9038106226827517	0.9113657435261692	1.5572608848392626	0.22727728730743196	0.3001356260238481	0.772722712692568	0.6998643739761519	1.0	baseline
PF02381	0.0	0.8508720298480907	1.2675045626402144	1.65042574762716	0.2720551842006257	0.15833261891369996	0.7279448157993743	0.8416673810863	0.8571428571428571	baseline
PF02384	0.0	0.5767523828201836	0.7746367227406218	1.1379732134273641	0.7003615296296817	0.736816142537385	0.7003615296296817	0.736816142537385	0.8571428571428571	endpoint
PF02386	0.0	0.12460095662513733	0.5497733777543623	1.0349309949671743	0.4699023750550014	0.3846686571587796	0.5300976249449987	0.6153313428412204	0.5714285714285714	baseline
PF02387	0.0	1.3446929033703632	1.3556450799533881	1.8983006748172158	0.12379266349966685	0.15550855863610927	0.8762073365003331	0.8444914413638908	1.0	baseline
PF02388	0.0	0.44995298676475276	0.5866565454841212	1.2452930584940967	0.6487562597331128	0.5680041266318069	0.6487562597331128	0.5680041266318069	0.8571428571428571	endpoint
PF02390	0.0	0.07178187961907533	0.6912298263939037	1.4252141758450965	0.45915077445847446	0.355087871361271	0.5408492255415256	0.6449121286387289	0.5714285714285714	baseline
PF02395	0.0	0.40041677038412316	0.3475042533878262	1.722336349131615	0.41786712688912864	0.41185060759598835	0.5821328731108714	0.5881493924040117	0.5714285714285714	baseline
PF02397	0.0	0.12845157164900042	1.0211217569598563	1.8340291949714247	0.4996148388769687	0.7607283733461727	0.5003851611230312	0.7607283733461727	0.5714285714285714	endpoint
PF02401	0.0	0.7937309028154278	0.6266338608466195	1.3794386374511807	0.2617669280390739	0.36660149836344597	0.738233071960926	0.633398501636554	1.0	baseline
PF02403	0.0	0.09520001066038754	0.2142579144531751	1.5092096708306058	0.4957813188977414	0.4350546889639263	0.5042186811022586	0.5649453110360737	0.7142857142857143	baseline
PF02405	0.0	0.20064293726609628	0.1694674792354572	1.1778304824288615	0.46613780594721893	0.4451693289759595	0.533862194052781	0.5548306710240405	0.7142857142857143	baseline
PF02410	0.0	0.4589013358314743	0.6012000812763253	1.1633942664684511	0.394061287961745	0.31371705213287737	0.605938712038255	0.6862829478671226	0.8571428571428571	baseline
PF02413	0.0	0.8140196899081459	1.2979042636525162	1.5199576570795195	0.27482247897855144	0.19900307869061448	0.7251775210214486	0.8009969213093855	0.8571428571428571	baseline
PF02415	0.0	0.14443520982385677	0.3456304821329504	1.3277722921903552	0.4596462387467523	0.41236708849428566	0.5403537612532476	0.5876329115057144	0.5714285714285714	baseline
PF02417	0.0	0.3209246498327505	0.221310632073	1.4411376300470689	0.5702997524451148	0.5468881180728772	0.5702997524451148	0.5468881180728772	0.5714285714285714	endpoint
PF02421	0.0	0.08960320701720034	0.5275852923953885	1.5376833466238986	0.4740610416605771	0.36221358997661846	0.525938958339423	0.6377864100233815	0.5714285714285714	endpoint
PF02423	0.0	0.2604990799628917	0.29567345541974566	1.375473337971472	0.584392269754657	0.5197017920754428	0.584392269754657	0.5197017920754428	0.5714285714285714	endpoint
PF02424	0.0	0.3944970747537413	0.4709850257739176	1.6909217675406287	0.6151658785422348	0.6233014660194443	0.6151658785422348	0.6233014660194443	0.5714285714285714	endpoint
PF02436	0.0	0.6445640630714523	0.7178876497592261	1.4191734030039929	0.6686285411849048	0.7315665118328253	0.6686285411849048	0.7315665118328253	0.8571428571428571	endpoint
PF02438	0.0	0.18842435274716832	0.1967358627229935	0.946352062528874	0.44187394934535823	0.44975688028751043	0.5581260506546417	0.5502431197124895	0.7142857142857143	baseline
PF02441	0.0	0.13424978562336207	0.15753777212696468	1.2215528187075415	0.4402670147794791	0.4763654621838451	0.5597329852205208	0.5236345378161549	0.7142857142857143	baseline
PF02445	0.0	0.41509301089517475	0.23878944661806806	1.791933238638862	0.36995480421327104	0.4573704529422609	0.630045195786729	0.5426295470577391	0.5714285714285714	baseline
PF02446	0.0	0.45145961324279976	0.6884210137756287	1.3641576678192797	0.3415836089085259	0.35225562513153047	0.6584163910914741	0.6477443748684695	0.5714285714285714	baseline
PF02447	0.0	1.0386299955512701	1.0976097113685064	1.3676524595834492	0.18591715977513004	0.22168034124135838	0.81408284022487	0.7783196587586416	1.0	baseline
PF02449	0.0	0.09636234691526722	0.24307413171961842	1.3513126112253808	0.4810131769737892	0.4406354247972046	0.5189868230262108	0.5593645752027954	0.5714285714285714	baseline
PF02452	0.0	0.6233867687145855	1.2169040038924654	1.4790600271428143	0.6437087044741083	0.8270829809768822	0.6437087044741083	0.8270829809768822	0.7142857142857143	endpoint
PF02455	0.0	0.19630514083445766	0.16081895076717	1.169449440044245	0.46563138681718136	0.4612057059269643	0.5343686131828187	0.5387942940730357	0.5714285714285714	baseline
PF02456	0.0	0.5346572931758519	0.47602895333712864	1.3843435117491876	0.317678021856226	0.3764244304089506	0.6823219781437739	0.6235755695910494	0.7142857142857143	baseline
PF02457	0.0	0.8871051598343883	0.8408451200965356	1.9325851078732716	0.7479547282576622	0.7157360736601266	0.7479547282576622	0.7157360736601266	0.8571428571428571	endpoint
PF02459	0.0	0.11363782596247388	0.049785378287762694	1.1907813615691334	0.5537090647062158	0.524833449862712	0.5537090647062158	0.524833449862712	0.5714285714285714	endpoint
PF02463	0.0	0.7588816144485426	1.0474954985846385	1.4938308779462446	0.30804255593857005	0.17856990452396657	0.69195744406143	0.8214300954760334	0.8571428571428571	baseline
PF02464	0.0	0.934140177253331	1.2599997637808051	1.7051789399908175	0.25114430785912895	0.1603329798846658	0.7488556921408711	0.8396670201153342	0.8571428571428571	baseline
PF02465	0.0	0.08751508079197283	0.46339302293141754	1.1402954585197804	0.4616766924276408	0.40486264883254897	0.5383233075723592	0.595137351167451	0.5714285714285714	baseline
PF02467	0.0	0.5376679069296804	0.6232122608369765	1.545510249930606	0.30939491403944686	0.30631276714607464	0.6906050859605531	0.6936872328539254	0.7142857142857143	baseline
PF02469	0.0	0.5300453464784992	0.56880432814882	1.944966497169472	0.6196906439043692	0.6937794225390741	0.6196906439043692	0.6937794225390741	0.5714285714285714	endpoint
PF02470	0.0	0.2103393627133601	0.29431187959672406	1.4724396344035933	0.46277089955033957	0.42176596690770046	0.5372291004496604	0.5782340330922995	0.5714285714285714	baseline
PF02472	0.0	0.11510147052534316	0.2884219119435933	1.2639044989064734	0.44451229295911593	0.42274368416283287	0.5554877070408841	0.5772563158371671	0.5714285714285714	baseline
PF02481	0.0	0.5938464410224119	0.8230103651022994	1.277577547832969	0.32532981981495357	0.32079133853951863	0.6746701801850464	0.6792086614604813	0.8571428571428571	baseline
PF02482	0.0	0.3231307771534076	0.6711970169278907	1.317208598964127	0.34921173229989017	0.240536732419483	0.6507882677001098	0.759463267580517	0.7142857142857143	baseline
PF02485	0.0	0.3713978762513195	0.17309235887448585	1.2291697751934147	0.6575833712196041	0.5676428174423148	0.6575833712196041	0.5676428174423148	0.5714285714285714	endpoint
PF02486	0.0	0.11262098004766027	0.006416278836271464	1.2948322851028178	0.5599296072594867	0.49438285897886336	0.5599296072594867	0.5056171410211366	0.5714285714285714	endpoint
PF02491	0.0	0.9165452314501145	1.0933772696447122	1.3767387383114074	0.22700941144531586	0.1623699928429476	0.7729905885546842	0.8376300071570524	0.8571428571428571	baseline
PF02492	0.14285714285714285	0.16720658737139724	0.280182496651193	2.18100162413562	0.4903465032915088	0.584864370970729	0.5096534967084911	0.584864370970729	0.5714285714285714	endpoint
PF02493	0.0	0.4399613490304964	0.49503398423725975	1.5649779389544987	0.4022718979741776	0.3010043253035246	0.5977281020258224	0.6989956746964754	0.7142857142857143	baseline
PF02498	0.0	0.3327301011374178	0.2229789001294218	1.5135016372090466	0.5706241034733454	0.6098098094295918	0.5706241034733454	0.6098098094295918	0.5714285714285714	endpoint
PF02502	0.0	0.16336040630824802	0.32721996880269144	1.6244006524851167	0.5498735162554768	0.616772323187802	0.5498735162554768	0.616772323187802	0.5714285714285714	endpoint
PF02503	0.0	0.1279317160402768	0.11043393065314813	1.6065762679749447	0.47192471197405655	0.5088299219838313	0.5280752880259434	0.5088299219838313	0.5714285714285714	baseline
PF02504	0.0	0.642761841353882	0.36612107218349305	1.6086981588224114	0.7097901631851595	0.6108799273323949	0.7097901631851595	0.6108799273323949	0.8571428571428571	endpoint
PF02508	0.14285714285714285	0.7760474417915261	0.8238819732364289	2.511033611406148	0.7107916833159099	0.8298953086480262	0.7107916833159099	0.8298953086480262	0.7142857142857143	endpoint
PF02511	0.0	1.0647558076593495	1.1957371534070496	1.4438641642908976	0.8182496217028301	0.8284839860357993	0.8182496217028301	0.8284839860357993	1.0	endpoint
PF02514	0.0	0.09479153136956853	0.12465195228194512	1.3369885989391064	0.4906598681307473	0.5419943808054548	0.5093401318692528	0.5419943808054548	0.5714285714285714	baseline
PF02515	0.0	0.06592188763216345	0.8058896903207151	1.7237963858885206	0.5428827813980678	0.33684555947187406	0.5428827813980678	0.663154440528126	0.5714285714285714	endpoint
PF02517	0.0	0.02110093310767916	0.18760333029106366	1.5506237997591616	0.5076118476068191	0.4559252363345209	0.5076118476068191	0.544074763665479	0.5714285714285714	baseline
PF02518	0.0	0.7424820907529411	0.957282542174255	1.3877340142798846	0.7597754443448592	0.8176102057248352	0.7597754443448592	0.8176102057248352	0.8571428571428571	endpoint
PF02525	0.0	0.717151855463723	1.2894411350373416	1.387654365419113	0.2862537554681864	0.1299826420668044	0.7137462445318137	0.8700173579331956	0.7142857142857143	baseline
PF02527	0.0	0.21160247398283757	0.2797314772768881	1.331672861281441	0.46890312841503284	0.415000281876279	0.5310968715849671	0.584999718123721	0.7142857142857143	baseline
PF02534	0.0	0.8074716250578797	1.2205820163388035	1.4665998015586224	0.752966000681524	0.8440733792329519	0.752966000681524	0.8440733792329519	0.8571428571428571	endpoint
PF02535	0.0	0.02053180272090078	0.20676980952927415	1.3660850107016707	0.4466693924297292	0.5615332562469343	0.5533306075702709	0.5615332562469343	0.5714285714285714	baseline
PF02537	0.0	0.7825130772138683	0.8343632137297146	1.3779991862204986	0.2559546133937134	0.18453027629780192	0.7440453866062866	0.8154697237021981	1.0	baseline
PF02540	0.0	0.5865795534581538	0.626824879957607	1.44542417107891	0.6542713193494771	0.686080036350229	0.6542713193494771	0.686080036350229	0.8571428571428571	endpoint
PF02541	0.0	0.3102415967662994	0.3701545802356361	1.6987866349686467	0.36812642905067605	0.4056073369050523	0.631873570949324	0.5943926630949476	0.7142857142857143	baseline
PF02542	0.0	0.0017210262737412346	0.4434372310764386	1.319254374448953	0.5183875283988114	0.36043801329346237	0.5183875283988114	0.6395619867065376	0.5714285714285714	endpoint
PF02545	0.0	0.09255060183127402	0.19544680153800398	1.203052139845357	0.5666086510617594	0.5588861644450261	0.5666086510617594	0.5588861644450261	0.5714285714285714	endpoint
PF02547	0.0	0.28566274493737703	0.271146599171285	1.7449163944966286	0.5532889261869693	0.5765832564081914	0.5532889261869693	0.5765832564081914	0.5714285714285714	endpoint
PF02548	0.0	0.3159821816377188	0.24920628289092675	1.314937672411516	0.5628610907360082	0.5763261768517183	0.5628610907360082	0.5763261768517183	0.7142857142857143	endpoint
PF02550	0.0	0.05615389561317701	0.058254513792324956	1.437215045414084	0.48061879534458257	0.49091944617357486	0.5193812046554174	0.5090805538264251	0.5714285714285714	endpoint
PF02551	0.0	0.37514748227021216	0.5458441887757487	1.622222725321098	0.4281149659891465	0.3340617937501153	0.5718850340108534	0.6659382062498846	0.7142857142857143	baseline
PF02554	0.0	0.38652831228004053	0.0890223810802344	1.2609908052131955	0.361581268711713	0.4923829842136945	0.638418731288287	0.5076170157863056	0.5714285714285714	baseline
PF02557	0.0	0.22415603163722972	0.6204071652461891	1.183958780085604	0.5862468084919702	0.6582333605059247	0.5862468084919702	0.6582333605059247	0.5714285714285714	endpoint
PF02558	0.0	0.7850230342526953	1.1089493281040408	1.6123504803010156	0.739673443723028	0.8901297805441012	0.739673443723028	0.8901297805441012	0.7142857142857143	endpoint
PF02559	0.0	0.7301489513238325	1.2951634189886705	1.6226637966577697	0.29525745631192163	0.21041143956284178	0.7047425436880783	0.7895885604371582	0.8571428571428571	baseline
PF02561	0.0	0.5345295404775177	0.6326886133322309	1.731012987078709	0.6161735245557106	0.682028139133448	0.6161735245557106	0.682028139133448	0.8571428571428571	endpoint
PF02562	0.0	0.9902929364096622	1.3464386790222604	1.9170335689492566	0.24802268657194446	0.13650720687444254	0.7519773134280555	0.8634927931255575	0.7142857142857143	baseline
PF02563	0.0	0.7457219685600368	1.2506915636109326	1.7947038812466916	0.31846845964170417	0.17270532076033793	0.6815315403582958	0.827294679239662	0.7142857142857143	baseline
PF02565	0.0	0.11237398333391492	0.3228681815446769	1.2853685542712552	0.5526642562305654	0.5886747233388762	0.5526642562305654	0.5886747233388762	0.5714285714285714	endpoint
PF02566	0.0	1.242935913054808	1.3819684899778013	1.6434468179528277	0.13181405766691287	0.0717294228437796	0.8681859423330871	0.9282705771562204	1.0	baseline
PF02567	0.0	0.10490833535706967	0.12363725616764704	1.4112246766750027	0.4696805350606067	0.45009745091018627	0.5303194649393933	0.5499025490898137	0.5714285714285714	baseline
PF02568	0.0	0.8717769540498008	1.096764860398406	1.6345922950804297	0.772546187916927	0.8760993763062878	0.772546187916927	0.8760993763062878	0.8571428571428571	endpoint
PF02569	0.0	0.12609529629391297	0.0021405209722564792	1.4355256119437652	0.4619069343298835	0.507045669582959	0.5380930656701165	0.507045669582959	0.5714285714285714	baseline
PF02570	0.0	0.9927299512772679	1.1707327203375046	1.8014895584149078	0.7983475194474512	0.905989826956797	0.7983475194474512	0.905989826956797	0.8571428571428571	endpoint
PF02571	0.0	0.3991674734633155	0.5964592910735071	1.3453858187400252	0.6118558889488711	0.6756571114136876	0.6118558889488711	0.6756571114136876	0.8571428571428571	endpoint
PF02572	0.0	0.45963287585531265	0.8743717673081884	1.2817756119959385	0.6173283140302745	0.7176051826058021	0.6173283140302745	0.7176051826058021	0.7142857142857143	endpoint
PF02574	0.0	0.3257367924036735	0.4423147222020016	1.4897694154552161	0.5834830970177408	0.5848333116826792	0.5834830970177408	0.5848333116826792	0.7142857142857143	endpoint
PF02576	0.0	0.44692263902914725	0.5680808399425972	1.5772437394820455	0.6124403251616309	0.693548804429827	0.6124403251616309	0.693548804429827	0.7142857142857143	endpoint
PF02577	0.0	0.16067375762960737	0.006728464858867614	1.1963621189467166	0.42524410662197987	0.5094902912288113	0.5747558933780201	0.5094902912288113	0.5714285714285714	baseline
PF02578	0.0	0.37388228255778017	0.724240305685508	1.5451833300741984	0.39854835246611275	0.3503991164572594	0.6014516475338872	0.6496008835427406	0.7142857142857143	baseline
PF02579	0.0	0.7172069167569983	1.224988187305407	1.4783888614881333	0.7277000081932646	0.8117997416331174	0.7277000081932646	0.8117997416331174	0.7142857142857143	endpoint
PF02580	0.0	0.5537267584752325	0.5828482028397957	1.321350259689605	0.3245660398822456	0.3010458697504644	0.6754339601177544	0.6989541302495357	0.8571428571428571	baseline
PF02581	0.0	0.46762367686612716	0.5574280968603739	1.3261295623382234	0.6242167756847117	0.6612835476831533	0.6242167756847117	0.6612835476831533	0.8571428571428571	endpoint
PF02583	0.0	0.9935255281753012	1.2745393134203453	1.6094313879606255	0.8298136055297408	0.9293890977269921	0.8298136055297408	0.9293890977269921	0.8571428571428571	endpoint
PF02585	0.0	0.03643636567743904	0.15631032189789962	1.242502129147657	0.5208280824917145	0.4965679230292855	0.5208280824917145	0.5034320769707146	0.5714285714285714	endpoint
PF02586	0.0	0.08402477735813958	0.5522804512505801	1.3246580721154368	0.5304842802813134	0.6708400688254127	0.5304842802813134	0.6708400688254127	0.5714285714285714	endpoint
PF02588	0.14285714285714285	0.1331185026998082	0.08273606861834336	2.103140297207436	0.5152341277723066	0.4848305455443667	0.5152341277723066	0.5151694544556333	0.5714285714285714	baseline
PF02589	0.0	0.16092461582832127	0.5293044367565397	1.2534663545703406	0.5800305898933357	0.6535316232174323	0.5800305898933357	0.6535316232174323	0.7142857142857143	endpoint
PF02590	0.0	0.29523244560418466	0.19670958340829445	1.2889320375367979	0.3778241077309944	0.4534152150190206	0.6221758922690056	0.5465847849809794	0.7142857142857143	baseline
PF02592	0.0	0.4872616063608598	0.4979290993114791	1.4748941104771793	0.3451079307871659	0.35124713980897515	0.6548920692128342	0.6487528601910248	0.5714285714285714	baseline
PF02595	0.14285714285714285	0.7843277269510134	1.0971661965280552	2.0786684177798262	0.3078366608447562	0.2660735667406893	0.6921633391552438	0.7339264332593107	0.7142857142857143	baseline
PF02597	0.0	0.3480286704299789	0.20677494465660815	1.33210648815889	0.3829794381190563	0.46485480036563903	0.6170205618809437	0.535145199634361	0.7142857142857143	baseline
PF02599	0.0	0.3861097812080127	1.1113512650578268	1.4588244611946317	0.6592639223365694	0.8139653303467881	0.6592639223365694	0.8139653303467881	0.7142857142857143	endpoint
PF02601	0.0	0.2568851769628981	0.6719162486012817	1.5177121052822946	0.6406778212167171	0.7708268038356876	0.6406778212167171	0.7708268038356876	0.7142857142857143	endpoint
PF02602	0.0	0.027272057354442016	0.6344798572863563	1.359675450562383	0.5386921416416822	0.691128257469117	0.5386921416416822	0.691128257469117	0.5714285714285714	endpoint
PF02603	0.14285714285714285	0.7720566121113921	0.9635000252490781	2.5691636784937777	0.6979833076642011	0.8195920821101842	0.6979833076642011	0.8195920821101842	0.7142857142857143	endpoint
PF02606	0.0	0.5881380291150047	0.8015191211281735	1.4338834582179416	0.34420007876765146	0.286707260391416	0.6557999212323485	0.713292739608584	0.7142857142857143	baseline
PF02607	0.0	0.167918447953547	0.505852334637755	1.4131743832704304	0.5827974383894455	0.6314527423869274	0.5827974383894455	0.6314527423869274	0.5714285714285714	endpoint
PF02608	0.0	0.6089380712603731	0.6955595837061809	1.4612173176637033	0.3511861875624586	0.318937672900305	0.6488138124375413	0.6810623270996949	0.7142857142857143	baseline
PF02609	0.0	0.4193651783578042	0.638561405767531	1.2614527208294015	0.39932658853525105	0.31845765936657755	0.600673411464749	0.6815423406334224	0.7142857142857143	baseline
PF02610	0.0	0.17519320597955204	0.34242526086800684	1.4756380137908254	0.5585941728021419	0.5884604613416236	0.5585941728021419	0.5884604613416236	0.7142857142857143	endpoint
PF02613	0.0	0.5787721604751862	0.5512880126863957	1.8208857364950466	0.37471735886509105	0.33674032279456195	0.625282641134909	0.663259677205438	0.5714285714285714	baseline
PF02614	0.0	0.02260411480842992	0.12240055226848229	1.2966610054424363	0.4914381211216023	0.43469952048450117	0.5085618788783977	0.5653004795154988	0.5714285714285714	baseline
PF02615	0.0	0.48405764253753275	0.9767485011415029	1.4612859094505306	0.6701930192329956	0.8061905881673965	0.6701930192329956	0.8061905881673965	0.7142857142857143	endpoint
PF02616	0.0	0.236660825406297	0.7416786695656067	1.6245263736880888	0.5903214474895384	0.6162190850472327	0.5903214474895384	0.6162190850472327	0.5714285714285714	endpoint
PF02618	0.0	0.2957298305632468	0.24974161818227608	1.320173473513974	0.4070755299652152	0.4328608383090891	0.5929244700347849	0.5671391616909109	0.7142857142857143	baseline
PF02620	0.0	0.5314410786810305	0.9314632711985871	1.5161844001977678	0.332265154777486	0.1512008844590731	0.667734845222514	0.8487991155409269	0.7142857142857143	baseline
PF02622	0.0	0.6691819581817249	0.9061562187086399	1.4546414098876055	0.29657082206204777	0.24903329582826966	0.7034291779379522	0.7509667041717303	0.7142857142857143	baseline
PF02624	0.0	0.20009429329042966	0.010132891917019079	1.6665664305427612	0.5136534036391479	0.5092381875666379	0.5136534036391479	0.5092381875666379	0.5714285714285714	baseline
PF02625	0.0	1.2296591722650514	1.2536710906507644	1.8024465318256149	0.8640513895621416	0.9345704185754294	0.8640513895621416	0.9345704185754294	1.0	endpoint
PF02626	0.0	0.33675692755999453	0.6086273909175381	1.7254983247351074	0.6308584755196985	0.6798337862602961	0.6308584755196985	0.6798337862602961	0.7142857142857143	endpoint
PF02627	0.0	0.2615527910273499	0.07617797806488744	1.6722228238305727	0.38980908320567037	0.4579755510713189	0.6101909167943296	0.5420244489286812	0.7142857142857143	baseline
PF02629	0.0	1.183811441235429	1.3672511555116735	1.52808625004972	0.14543465852569692	0.035961742020941226	0.8545653414743031	0.9640382579790587	0.8571428571428571	baseline
PF02631	0.0	0.45680644516497354	0.8532461640360125	1.1731847406437659	0.3516486494413048	0.2890039381225171	0.6483513505586952	0.7109960618774829	0.7142857142857143	baseline
PF02632	0.0	0.8918446569546631	0.8164034980060867	1.3789455729421078	0.7694146736801318	0.751152500876916	0.7694146736801318	0.751152500876916	1.0	endpoint
PF02633	0.0	0.04390734982913621	0.3447340139059237	1.7650694510038751	0.4872337998456407	0.5278457000564776	0.5127662001543594	0.5278457000564776	0.5714285714285714	endpoint
PF02634	0.0	0.18660877452127012	0.33172972469252093	1.508260849354164	0.571036943170564	0.525687026409447	0.571036943170564	0.525687026409447	0.7142857142857143	endpoint
PF02635	0.0	0.5491344296171129	1.0197598757451298	1.395092668104552	0.3834585867672065	0.20685941238102915	0.6165414132327935	0.7931405876189709	0.7142857142857143	baseline
PF02636	0.0	0.7313038746239807	0.9989466689774399	1.5526962333579672	0.2867348669705387	0.28975559476044094	0.7132651330294613	0.7102444052395591	0.7142857142857143	baseline
PF02637	0.0	0.12021934571676299	0.18527488321906757	1.859076702871922	0.48620789038238116	0.45656704276220145	0.5137921096176188	0.5434329572377985	0.5714285714285714	baseline
PF02638	0.0	0.34787511579672464	0.07082797778842213	1.2738834321215082	0.6412827777716809	0.4952352614183847	0.6412827777716809	0.5047647385816153	0.5714285714285714	endpoint
PF02639	0.0	1.194080931314984	1.092944767382086	1.67759035786673	0.8473837374852542	0.8580983609375207	0.8473837374852542	0.8580983609375207	1.0	endpoint
PF02645	0.14285714285714285	0.8949677780881178	1.4817196511463546	2.0650028516780465	0.7078924976315524	0.8423865607550154	0.7078924976315524	0.8423865607550154	0.7142857142857143	endpoint
PF02646	0.0	1.0453839924664448	1.3799970507181638	1.79907509880256	0.2148209602949675	0.0926070118392617	0.7851790397050324	0.9073929881607383	0.8571428571428571	baseline
PF02649	0.0	0.32395349529872686	0.8549350778165428	1.8560083527105278	0.560596211711521	0.7787127820688319	0.560596211711521	0.7787127820688319	0.5714285714285714	endpoint
PF02650	0.0	0.19459972392203267	0.5020111641020714	1.1841865639389364	0.5879292593328463	0.6357567647343819	0.5879292593328463	0.6357567647343819	0.5714285714285714	endpoint
PF02652	0.0	0.13593821226260674	0.524267516218603	1.542038297071667	0.4833135775192806	0.3906314152018691	0.5166864224807194	0.6093685847981309	0.5714285714285714	baseline
PF02653	0.0	0.2953026028166844	0.00535261545514082	1.3096376219879216	0.6263410132945914	0.5119432945856839	0.6263410132945914	0.5119432945856839	0.5714285714285714	endpoint
PF02654	0.0	0.15731454786546398	0.12374206835612779	1.557068718169382	0.5779241675430222	0.4911616890170509	0.5779241675430222	0.5088383109829491	0.5714285714285714	endpoint
PF02657	0.0	1.1998818325714318	1.3174120359183055	1.5977552934459118	0.16334884626175844	0.20146503823563103	0.8366511537382415	0.798534961764369	1.0	baseline
PF02659	0.0	0.0903031153974545	0.06501094772266496	0.7541471837473485	0.5431230086023905	0.49894491210385966	0.5431230086023905	0.5010550878961404	0.5714285714285714	endpoint
PF02660	0.0	0.16318605086282614	0.5736269852713861	1.6470680114641936	0.5900547564180298	0.6678199701544816	0.5900547564180298	0.6678199701544816	0.5714285714285714	endpoint
PF02661	0.0	0.46176962891184653	0.9972996663198807	1.9429317991539534	0.4355212707097063	0.2755480505444145	0.5644787292902937	0.7244519494555854	0.7142857142857143	baseline
PF02664	0.0	0.0892248176824842	0.010896261026974103	1.331231393022624	0.49482419396564536	0.5337437186259898	0.5051758060343546	0.5337437186259898	0.5714285714285714	baseline
PF02665	0.0	0.040054848684928826	0.16164192050220405	1.297868067238557	0.48641547886961023	0.5509832623607622	0.5135845211303898	0.5509832623607622	0.5714285714285714	baseline
PF02666	0.0	0.06778357590342819	0.33501999286425055	1.2856220985656253	0.5090358832688795	0.5262332012197285	0.5090358832688795	0.5262332012197285	0.5714285714285714	endpoint
PF02667	0.0	0.6744362094079717	0.7045829353150285	1.4785313434465814	0.30467628963670784	0.2812624415927719	0.6953237103632921	0.7187375584072281	0.7142857142857143	baseline
PF02669	0.0	0.4361141756493566	0.5915860443270149	1.2122392998164149	0.37810455396574427	0.2977609451456755	0.6218954460342557	0.7022390548543245	0.8571428571428571	baseline
PF02670	0.0	0.33207429126693017	0.43651545192159613	0.9978903851184198	0.4058768677068887	0.35605854704390516	0.5941231322931113	0.6439414529560948	0.5714285714285714	baseline
PF02673	0.0	0.17433190873323476	0.8605277956078654	1.6793983972411848	0.41537098348754636	0.3120205169701521	0.5846290165124537	0.6879794830298479	0.5714285714285714	baseline
PF02674	0.0	0.6571947228762774	0.8794211930957122	1.7033147571117806	0.6922134503657239	0.7047018889847478	0.6922134503657239	0.7047018889847478	0.8571428571428571	endpoint
PF02675	0.0	0.4632814851118953	0.7671633615825294	1.9193476296875984	0.38407627525501026	0.34327401580051414	0.6159237247449898	0.6567259841994859	0.7142857142857143	baseline
PF02677	0.0	0.7489816348905801	0.8708335426636719	1.6730436310271883	0.7317338866368522	0.8421709789958596	0.7317338866368522	0.8421709789958596	0.8571428571428571	endpoint
PF02678	0.0	0.6867729657122643	1.0738156629333784	1.598323315434104	0.29205859972304554	0.10233872343687149	0.7079414002769544	0.8976612765631286	0.7142857142857143	baseline
PF02682	0.0	0.034787471585186504	0.4762229682374176	1.604453744115705	0.5407288982477142	0.5512407807102494	0.5407288982477142	0.5512407807102494	0.5714285714285714	endpoint
PF02683	0.0	0.17836612076797506	0.4579197206362734	1.4550705880711463	0.43394401254185083	0.3946075479350089	0.5660559874581492	0.6053924520649911	0.5714285714285714	baseline
PF02684	0.0	0.29956730667462844	0.21381523231868454	1.3709135861353903	0.4072910475523604	0.4443126838384014	0.5927089524476397	0.5556873161615986	0.7142857142857143	baseline
PF02685	0.0	0.9164488492272509	1.0340370009879405	1.521144511812631	0.24368989531988947	0.2989737789311387	0.7563101046801105	0.7010262210688614	0.8571428571428571	baseline
PF02687	0.0	0.5747095307067706	1.0827288503246963	1.7338921218063295	0.6726871879408665	0.7584418479791848	0.6726871879408665	0.7584418479791848	0.7142857142857143	endpoint
PF02690	0.0	0.2496620176312525	0.6005709593702099	1.6005993891557653	0.41170521924619413	0.3727932030430764	0.5882947807538059	0.6272067969569236	0.7142857142857143	baseline
PF02698	0.0	0.018098749205319318	0.19512947300956573	1.5138141042106694	0.46574795285752907	0.43822995381504404	0.534252047142471	0.561770046184956	0.5714285714285714	baseline
PF02699	0.0	0.05798675869111221	0.3685445147833634	1.428167486328772	0.5489852649198907	0.406051130697354	0.5489852649198907	0.593948869302646	0.5714285714285714	baseline
PF02702	0.0	0.6076181417005507	0.5226640359482513	1.4689245877553445	0.30159189962290384	0.3838601825876617	0.6984081003770961	0.6161398174123383	0.8571428571428571	baseline
PF02703	0.0	0.4238526651306575	0.3804094925271914	1.3235820296926195	0.36955080538378876	0.39339701647351005	0.6304491946162112	0.6066029835264899	0.7142857142857143	baseline
PF02705	0.0	0.10454503511221477	0.07506694066560224	1.5784216408000185	0.5832496068517999	0.5307437712685967	0.5832496068517999	0.5307437712685967	0.5714285714285714	endpoint
PF02706	0.0	0.5969855617840342	1.1935784315053113	1.3030401581224749	0.729460131433482	0.8929315596206931	0.729460131433482	0.8929315596206931	0.7142857142857143	endpoint
PF02719	0.0	0.14425154797001202	0.12135105288831885	1.6342846777139408	0.5403801935474155	0.42942847237061993	0.5403801935474155	0.5705715276293801	0.5714285714285714	endpoint
PF02729	0.0	0.7074987704758563	0.8687563345821367	1.2783379091625298	0.6947749985502902	0.7181477129812576	0.6947749985502902	0.7181477129812576	0.7142857142857143	endpoint
PF02730	0.0	0.9710238916418924	1.002162316053238	1.4434638348388074	0.7947629967573635	0.822392241751285	0.7947629967573635	0.822392241751285	1.0	endpoint
PF02733	0.0	0.25352244300269394	0.7922830752232505	1.4906574826945727	0.5577624140276903	0.7180656154239757	0.5577624140276903	0.7180656154239757	0.5714285714285714	endpoint
PF02734	0.0	0.5502768355477831	1.0086866679075643	1.6305707045293558	0.630633098208217	0.6380598819736399	0.630633098208217	0.6380598819736399	0.8571428571428571	endpoint
PF02737	0.0	0.36695096729003757	0.7768878518078938	1.28009696987316	0.3890168186645181	0.3416597791101562	0.6109831813354819	0.6583402208898438	0.7142857142857143	baseline
PF02738	0.0	0.3258035445541715	0.49390564632897993	1.2650201227714943	0.5957534174784983	0.6121414572240207	0.5957534174784983	0.6121414572240207	0.7142857142857143	endpoint
PF02739	0.0	0.22634218993412275	0.09748984948527528	1.4390898966875492	0.5404590829952848	0.4813924034741116	0.5404590829952848	0.5186075965258884	0.5714285714285714	endpoint
PF02742	0.14285714285714285	0.7540495474371163	1.207538970732343	2.279704309345897	0.6969405368047582	0.8490450609756669	0.6969405368047582	0.8490450609756669	0.7142857142857143	endpoint
PF02743	0.0	0.6400999353837572	1.0071004301595805	1.4740218072410947	0.6711829849059844	0.6448552538499521	0.6711829849059844	0.6448552538499521	0.8571428571428571	endpoint
PF02744	0.0	1.116433761704881	1.408556292091159	1.4738358157172635	0.8182832570364443	0.8494187864972074	0.8182832570364443	0.8494187864972074	1.0	endpoint
PF02746	0.0	0.0639454502760038	0.10796565235630513	1.1654157800368155	0.5026730205547477	0.533473173153113	0.5026730205547477	0.533473173153113	0.5714285714285714	baseline
PF02749	0.0	0.13514948253938816	0.3693206050665189	1.1665445090813484	0.5664112820450299	0.5995343667815228	0.5664112820450299	0.5995343667815228	0.5714285714285714	endpoint
PF02753	0.0	0.9038962248230379	1.034277748714437	1.8328331927579482	0.2512623820364439	0.14151825840227347	0.7487376179635561	0.8584817415977265	0.8571428571428571	baseline
PF02754	0.0	0.6944690216870576	0.5879904797501317	1.6058485481613416	0.3105510616971359	0.34706323220499674	0.6894489383028641	0.6529367677950033	1.0	baseline
PF02767	0.0	0.4345096349273434	0.9479589914181714	1.4875904047517594	0.4058947034660205	0.26752238268271944	0.5941052965339795	0.7324776173172806	0.7142857142857143	baseline
PF02768	0.0	0.27382820174323536	0.3455406982898063	1.268092316372511	0.4357312239002547	0.413262134128644	0.5642687760997454	0.586737865871356	0.5714285714285714	baseline
PF02769	0.0	0.7877867219608322	0.8612731754220253	1.508000345599937	0.7351715405525461	0.8439522448194775	0.7351715405525461	0.8439522448194775	0.8571428571428571	endpoint
PF02770	0.0	0.9382569626689772	0.992674328590231	1.707373435889841	0.7618276568323644	0.8116570951626658	0.7618276568323644	0.8116570951626658	0.8571428571428571	endpoint
PF02771	0.0	0.8478981627925906	0.935578122382434	1.5365012031912921	0.7470796897829742	0.8100343873322482	0.7470796897829742	0.8100343873322482	1.0	endpoint
PF02772	0.0	0.15599343855154899	0.6532151451990087	1.4199652738922737	0.43455713243582367	0.36048604995857964	0.5654428675641763	0.6395139500414204	0.5714285714285714	baseline
PF02773	0.0	0.2226224240853825	0.5408178201863019	1.403202081032511	0.5473333737732508	0.6396269704910368	0.5473333737732508	0.6396269704910368	0.5714285714285714	endpoint
PF02774	0.0	0.6773325966368192	0.5052176117473777	1.3781409363779717	0.3003054631465235	0.36837895288516503	0.6996945368534765	0.6316210471148349	0.7142857142857143	baseline
PF02775	0.0	0.6379548132752426	0.4959975293806381	1.7616224934556344	0.2941539813616779	0.3078518800668762	0.7058460186383221	0.6921481199331239	0.8571428571428571	baseline
PF02776	0.0	0.1169407307402933	0.39924033060318465	1.0527531053318835	0.4509160845232147	0.4198602595437069	0.5490839154767853	0.5801397404562931	0.5714285714285714	baseline
PF02779	0.0	0.7843372818002929	1.275627666693488	1.6051152054014732	0.23107941585669037	0.09894295458540842	0.7689205841433097	0.9010570454145916	0.8571428571428571	baseline
PF02780	0.0	0.3993270992577426	0.5844005004181241	1.295167001477564	0.3753220489106144	0.2703294553529177	0.6246779510893856	0.7296705446470824	0.5714285714285714	baseline
PF02781	0.14285714285714285	0.6229644086552659	0.8842158790502126	2.039284819385969	0.323102677440823	0.20340165677864835	0.676897322559177	0.7965983432213517	0.8571428571428571	baseline
PF02782	0.0	0.06917490469525214	0.0629342174904138	1.4713964881298918	0.4621773541750169	0.5402595638441117	0.5378226458249831	0.5402595638441117	0.5714285714285714	baseline
PF02784	0.0	0.057684118990833574	0.004145148781773718	1.3174430243503719	0.4867280604579913	0.46993278823690354	0.5132719395420087	0.5300672117630965	0.5714285714285714	baseline
PF02785	0.0	0.4302888768862623	0.24893202775714113	1.3461872357486995	0.35826383193571415	0.409390717884806	0.6417361680642859	0.590609282115194	0.8571428571428571	baseline
PF02786	0.0	0.2923417791913629	0.48408798626901894	1.660235140195172	0.5916725770511234	0.5509780483773075	0.5916725770511234	0.5509780483773075	0.5714285714285714	endpoint
PF02787	0.0	0.45670785699085686	0.5057995222163095	1.2729848519418596	0.6330489331551182	0.6371217214365864	0.6330489331551182	0.6371217214365864	0.8571428571428571	endpoint
PF02798	0.0	0.19294547788823313	0.25138210552270435	1.3754182094527148	0.43182651972895914	0.43967430242945205	0.5681734802710409	0.560325697570548	0.7142857142857143	baseline
PF02800	0.0	0.8557585229766245	1.189723988947486	1.5696752880091653	0.2659110473559307	0.09641136004550864	0.7340889526440693	0.9035886399544913	0.8571428571428571	baseline
PF02801	0.0	0.2699557293863916	0.2457610229959939	1.6203579144338438	0.5749002892531264	0.6179809027072004	0.5749002892531264	0.6179809027072004	0.5714285714285714	endpoint
PF02803	0.0	0.11627178611859709	0.03483634286998872	1.2188613923569527	0.5699600839300935	0.45896620413460065	0.5699600839300935	0.5410337958653993	0.5714285714285714	endpoint
PF02806	0.0	0.5385313129370826	0.5524937295038997	1.5407950231422847	0.6701163004718739	0.7034864227269265	0.6701163004718739	0.7034864227269265	0.8571428571428571	endpoint
PF02811	0.14285714285714285	0.9798774008523606	1.279028278927902	2.8330943592963065	0.7362936009146849	0.8122057459298885	0.7362936009146849	0.8122057459298885	0.8571428571428571	endpoint
PF02812	0.0	0.04722949918065195	0.18907574458751064	1.792570066166545	0.5144783500730856	0.5573967393173442	0.5144783500730856	0.5573967393173442	0.5714285714285714	baseline
PF02823	0.0	0.21293835804426595	0.18356631388546707	1.2230631407165806	0.5733135603753016	0.407914952350051	0.5733135603753016	0.5920850476499491	0.5714285714285714	endpoint
PF02824	0.0	0.05961293481627579	0.3910384084302558	1.2604112912168541	0.46058214983730705	0.3998509788022278	0.539417850162693	0.6001490211977722	0.5714285714285714	baseline
PF02826	0.0	1.1256121126776977	1.3353808495600907	1.4917882318703826	0.15826713864924846	0.16444450828166754	0.8417328613507515	0.8355554917183324	1.0	baseline
PF02829	0.0	0.6927869916815707	0.7115790595966924	1.446399067549016	0.7122821174184716	0.770352461739809	0.7122821174184716	0.770352461739809	0.7142857142857143	endpoint
PF02833	0.0	0.23661260474220674	0.15159389948603935	1.7037061278292414	0.5584782850701443	0.5229579952832839	0.5584782850701443	0.5229579952832839	0.5714285714285714	endpoint
PF02836	0.0	0.1452494280218144	0.18741067182626991	1.3355447181714968	0.5256364656952439	0.5970528195350825	0.5256364656952439	0.5970528195350825	0.5714285714285714	endpoint
PF02837	0.0	0.9395866498583517	1.2274268978062686	1.5957012381859614	0.2104901805482353	0.26687162655564145	0.7895098194517647	0.7331283734443585	0.8571428571428571	baseline
PF02838	0.0	0.3424378382594004	0.4878855245271866	1.2703194119373962	0.43521284934426385	0.39913679398617175	0.5647871506557361	0.6008632060138283	0.5714285714285714	baseline
PF02843	0.0	0.5013154491474432	1.0064965972094013	1.5770926236588145	0.37388732813327163	0.2778959435041894	0.6261126718667284	0.7221040564958106	0.7142857142857143	baseline
PF02844	0.0	0.23080391420098628	0.08294537987783308	1.3642309455252764	0.5952219832010741	0.5304985016130902	0.5952219832010741	0.5304985016130902	0.5714285714285714	endpoint
PF02852	0.0	0.5083569071366003	0.5769550743039609	1.4640353466841884	0.36391988348120285	0.32290348558503107	0.6360801165187971	0.677096514414969	0.7142857142857143	baseline
PF02861	0.0	0.13651053930152826	0.048058738184698996	1.4643063875357314	0.5244682591523671	0.46264326194023236	0.5244682591523671	0.5373567380597677	0.5714285714285714	endpoint
PF02863	0.0	0.12655049971978777	0.3268083209088456	1.1080048764740222	0.4365813810770726	0.4367934083329191	0.5634186189229273	0.563206591667081	0.7142857142857143	baseline
PF02866	0.0	0.2613968586772474	0.5772320049030415	1.3021892114680509	0.43059337472780246	0.31873747482121584	0.5694066252721975	0.6812625251787842	0.5714285714285714	baseline
PF02867	0.0	0.2786058512601577	0.46038591968959247	1.3502757501023352	0.42405949528771686	0.38073623103528165	0.5759405047122832	0.6192637689647184	0.7142857142857143	baseline
PF02872	0.0	0.022822434623607033	0.002203965400776602	1.5671179194643097	0.5191655842880261	0.5070281819438736	0.5191655842880261	0.5070281819438736	0.5714285714285714	endpoint
PF02873	0.0	0.3549219705442686	0.5207801202085075	1.2105996665371732	0.4178162313543657	0.3640893479887036	0.5821837686456344	0.6359106520112964	0.7142857142857143	baseline
PF02874	0.0	0.8022606211175425	1.3255863153211829	1.522735330559267	0.699177174181278	0.8035936547601996	0.699177174181278	0.8035936547601996	0.8571428571428571	endpoint
PF02875	0.14285714285714285	0.7710056097906967	1.0605425402346764	2.376015527373104	0.6831860409508045	0.8650324390520077	0.6831860409508045	0.8650324390520077	0.8571428571428571	endpoint
PF02878	0.0	0.44951884619609633	0.7131036660967084	1.9203249083774399	0.3743526086657915	0.2740720904745288	0.6256473913342084	0.7259279095254711	0.5714285714285714	baseline
PF02879	0.0	0.10482651791220568	0.37645546555747283	1.6816355564098169	0.5319808056105696	0.39481517769496305	0.5319808056105696	0.6051848223050369	0.5714285714285714	endpoint
PF02880	0.0	0.14762817441844658	0.03163507404775345	1.39887021544024	0.42843069705149955	0.5320561528314373	0.5715693029485005	0.5320561528314373	0.5714285714285714	baseline
PF02881	0.0	0.10867602390080955	0.23294999658971033	1.596310362959133	0.5850250603129951	0.4587355990509306	0.5850250603129951	0.5412644009490695	0.5714285714285714	endpoint
PF02882	0.0	0.5722691154290764	1.0189853307257544	1.490573059583481	0.33472130226412705	0.2231901399765622	0.6652786977358729	0.7768098600234378	0.7142857142857143	baseline
PF02885	0.0	0.3766724662426624	0.1846076686370115	1.468782929929445	0.3693279162466659	0.4075575095074608	0.6306720837533342	0.5924424904925392	0.7142857142857143	baseline
PF02887	0.0	0.15950795408512977	0.056966677830893465	1.2829027144771668	0.4687313038321541	0.5415793753192465	0.5312686961678459	0.5415793753192465	0.5714285714285714	baseline
PF02894	0.0	0.03256940953280222	0.6011606860252917	1.535213647560334	0.4456304927850566	0.6537339203041239	0.5543695072149434	0.6537339203041239	0.5714285714285714	baseline
PF02896	0.0	0.1708329865028488	0.6134173767365689	1.4560706378442536	0.5117152906467775	0.6565992883693377	0.5117152906467775	0.6565992883693377	0.5714285714285714	endpoint
PF02897	0.0	1.0827685322824652	1.41777550743604	1.574068646640912	0.19897556784952294	0.15282778534579933	0.801024432150477	0.8471722146542007	0.8571428571428571	baseline
PF02899	0.0	0.79698698225713	1.2324155983696203	1.420563318011542	0.238486840235369	0.08781437148894176	0.761513159764631	0.9121856285110582	0.8571428571428571	baseline
PF02900	0.0	0.4166984451956951	0.6018486636442151	1.0967630369183412	0.3591029228454	0.31397508845079575	0.6408970771546	0.6860249115492043	0.7142857142857143	baseline
PF02901	0.0	0.17918293843245278	0.028778109414371908	1.22138134809819	0.43905892454173356	0.49259773493640363	0.5609410754582664	0.5074022650635963	0.5714285714285714	baseline
PF02903	0.0	0.769314001796283	0.8792647597755551	1.7067164805602189	0.7422034274373763	0.7927413643122386	0.7422034274373763	0.7927413643122386	0.8571428571428571	endpoint
PF02906	0.0	0.7803625617025832	0.9204987463418147	1.419472834264739	0.7441173779252914	0.797067936895333	0.7441173779252914	0.797067936895333	0.8571428571428571	endpoint
PF02910	0.0	0.7980601719981326	1.181568399786884	1.4460593879656516	0.2864913798540484	0.2369676730564928	0.7135086201459516	0.7630323269435072	0.8571428571428571	baseline
PF02911	0.0	0.36098911414832063	0.07965200683606163	1.433923110169977	0.41399458021289476	0.44358332111914134	0.5860054197871052	0.5564166788808587	0.5714285714285714	baseline
PF02912	0.0	0.054371107094244496	0.3043229579478074	1.3078615827813966	0.5224610863538653	0.42010415743390245	0.5224610863538653	0.5798958425660976	0.5714285714285714	endpoint
PF02913	0.0	0.03199120742250316	0.032136170287386856	1.2738084664153513	0.46566686295913007	0.49877775541628744	0.5343331370408699	0.5012222445837126	0.5714285714285714	baseline
PF02914	0.0	0.12663340114558871	0.4794612360740082	1.3042820943418314	0.5296883965568925	0.6109854161318233	0.5296883965568925	0.6109854161318233	0.5714285714285714	endpoint
PF02915	0.0	0.04944375811696761	0.31620857310874245	0.9538653970129929	0.48883189502412394	0.5794616380471859	0.5111681049758761	0.5794616380471859	0.7142857142857143	endpoint
PF02920	0.0	0.5789502836478245	0.41032768872201736	1.4735538283464342	0.6779658335235856	0.6091209991541504	0.6779658335235856	0.6091209991541504	0.8571428571428571	endpoint
PF02922	0.0	0.057096005136138724	0.5276968631493216	1.307979068052471	0.5578100520148491	0.7191007176465711	0.5578100520148491	0.7191007176465711	0.5714285714285714	endpoint
PF02926	0.14285714285714285	0.4119249016566184	0.24420741709754384	2.0030966389804434	0.6173915130575557	0.617423682522443	0.6173915130575557	0.617423682522443	0.5714285714285714	endpoint
PF02927	0.14285714285714285	0.3999342490838402	0.531402322751764	2.1432347622202568	0.59932008689164	0.7204297270731858	0.59932008689164	0.7204297270731858	0.7142857142857143	endpoint
PF02929	0.0	0.0202734025701404	0.29970113473608134	1.3058828183966675	0.49136519846598675	0.4208713664527625	0.5086348015340132	0.5791286335472374	0.5714285714285714	baseline
PF02934	0.0	0.3258079783804044	0.33171933602227976	1.5088393467481485	0.43601248997822484	0.3570617370625871	0.5639875100217752	0.642938262937413	0.7142857142857143	baseline
PF02938	0.0	0.2217484630077822	0.12851661291886024	1.4954409004407276	0.5641549072291339	0.5432392308978189	0.5641549072291339	0.5432392308978189	0.5714285714285714	endpoint
PF02952	0.0	0.6809243662226844	0.7562571843314967	1.434253624336465	0.7307070769365065	0.8044722870365231	0.7307070769365065	0.8044722870365231	0.8571428571428571	endpoint
PF02954	0.0	0.7975157277001655	1.2515831226791172	1.758747766763618	0.26098085679684263	0.16072496518467805	0.7390191432031574	0.839275034815322	0.7142857142857143	baseline
PF02965	0.0	0.5599951813126957	0.4612885683313514	1.851081269306683	0.34729376565219855	0.3125873688032614	0.6527062343478014	0.6874126311967386	0.8571428571428571	baseline
PF02976	0.0	0.13791163556510552	0.6256946476146941	1.3409856785024825	0.4247110064193431	0.366919789438057	0.5752889935806569	0.6330802105619431	0.5714285714285714	baseline
PF02978	0.0	0.45739721541718453	1.0877463558886067	1.7500383994755782	0.37391138118305556	0.18011965897206075	0.6260886188169444	0.8198803410279393	0.7142857142857143	baseline
PF02993	0.0	0.08619389811602096	0.14123053649377662	0.9369359990309842	0.47378141784426514	0.4801777662809258	0.5262185821557348	0.5198222337190742	0.5714285714285714	baseline
PF03006	0.0	0.7862136667886078	0.6570679987463064	1.332875507749053	0.25527965849376905	0.290237759831892	0.7447203415062309	0.7097622401681081	0.8571428571428571	baseline
PF03008	0.0	0.11963505784528909	0.11188497524145058	1.2592712626249414	0.540516591376895	0.48919344653820307	0.540516591376895	0.5108065534617969	0.5714285714285714	endpoint
PF03009	0.0	0.2496253422906289	0.10165090987696448	1.2530998897829335	0.39776427499208833	0.4894306878739093	0.6022357250079117	0.5105693121260907	0.7142857142857143	baseline
PF03022	0.0	0.7116481682802728	0.8844205356663983	1.6667401555271573	0.27960857090156754	0.215512136856169	0.7203914290984325	0.784487863143831	0.8571428571428571	baseline
PF03023	0.0	0.042018121053663475	0.037383170090424404	1.2663223868028453	0.5252573733835473	0.4768263666619746	0.5252573733835473	0.5231736333380255	0.5714285714285714	endpoint
PF03030	0.0	0.5631932477867158	0.7980987086388253	1.5085984279876894	0.36009454183407613	0.3266151833736171	0.6399054581659238	0.6733848166263829	0.7142857142857143	baseline
PF03033	0.0	0.754407523491433	0.8502002944681292	1.1985316810814477	0.7518217740775776	0.7834768151767798	0.7518217740775776	0.7834768151767798	0.8571428571428571	endpoint
PF03050	0.0	0.6592795007113731	0.6225846214597658	1.7672277319126348	0.6939026205101351	0.7109223551417717	0.6939026205101351	0.7109223551417717	0.7142857142857143	endpoint
PF03051	0.0	0.9464200442256724	1.192887679664614	1.373432828724733	0.2333444247004434	0.23432145281263678	0.7666555752995566	0.7656785471873633	0.8571428571428571	baseline
PF03052	0.0	0.07717734533607336	0.24089506492275312	0.9258217732130211	0.5556172621051716	0.5695110554200643	0.5556172621051716	0.5695110554200643	0.5714285714285714	endpoint
PF03054	0.0	0.5626950192167773	0.6355435516430787	1.6110246567888171	0.6809271984222883	0.7577812811974197	0.6809271984222883	0.7577812811974197	0.8571428571428571	endpoint
PF03060	0.0	1.133799441642097	1.0337227035625967	1.6436013406363994	0.8233766117271769	0.7711943208044163	0.8233766117271769	0.7711943208044163	1.0	endpoint
PF03061	0.0	0.49201464282994234	0.9523191762418993	1.4426862226865391	0.6333190696062175	0.7101025277769041	0.6333190696062175	0.7101025277769041	0.5714285714285714	endpoint
PF03062	0.0	0.6195634447282179	1.0808943015868049	1.6795217588265072	0.6736006881971844	0.8308921177524679	0.6736006881971844	0.8308921177524679	0.7142857142857143	endpoint
PF03063	0.0	0.8633121103826819	1.140137434405118	1.3648675946209747	0.756028504680965	0.8838438394151166	0.756028504680965	0.8838438394151166	0.8571428571428571	endpoint
PF03065	0.0	0.3893949991520405	0.2905424232587817	1.5249372656292564	0.6006313382475865	0.5316862427243545	0.6006313382475865	0.5316862427243545	0.7142857142857143	endpoint
PF03067	0.0	0.5990689724210808	1.0874682762013455	1.5938719205050493	0.299575928751444	0.1405793926249703	0.700424071248556	0.8594206073750297	0.5714285714285714	baseline
PF03069	0.0	0.19329530174489964	0.1669914556923421	1.2132582875855837	0.42537783682291297	0.46160663393342094	0.574622163177087	0.5383933660665791	0.7142857142857143	baseline
PF03070	0.0	0.740901673559366	0.9519120820378241	1.35131821473006	0.27682779636882265	0.26139375464542614	0.7231722036311774	0.7386062453545739	0.8571428571428571	baseline
PF03090	0.0	0.010246536196831262	0.0678449887993069	1.7123196730521508	0.5218637417046181	0.47600372368401206	0.5218637417046181	0.523996276315988	0.5714285714285714	endpoint
PF03099	0.0	0.1272119241708136	0.10106258275145827	1.445025569641532	0.5735589751412892	0.4797790781053719	0.5735589751412892	0.5202209218946281	0.5714285714285714	endpoint
PF03102	0.0	0.5804521338607722	0.9168191322272492	1.3108248043116852	0.6946550986876916	0.7275285238042255	0.6946550986876916	0.7275285238042255	0.7142857142857143	endpoint
PF03109	0.0	0.7072325504344805	1.1204415413717514	1.6719315118305067	0.32047220371080937	0.2548543873206481	0.6795277962891906	0.7451456126793519	0.7142857142857143	baseline
PF03116	0.0	0.6176323656463208	1.087701573145379	1.6669601389795967	0.639160278503404	0.7473313362779639	0.639160278503404	0.7473313362779639	0.7142857142857143	endpoint
PF03118	0.0	0.4128265128605074	0.7405738983966447	1.4984133245839268	0.649001878727353	0.798576275770275	0.649001878727353	0.798576275770275	0.7142857142857143	endpoint
PF03120	0.0	0.5744556604804204	0.08050359736108369	1.7137971300806947	0.34218611869915616	0.44329101445079866	0.6578138813008438	0.5567089855492013	0.5714285714285714	baseline
PF03123	0.0	0.1832842132716738	1.1674873773899972	1.8067419319623745	0.5916689564211463	0.8790992555011873	0.5916689564211463	0.8790992555011873	0.5714285714285714	endpoint
PF03129	0.0	0.11409110747348361	0.5623295173396835	0.7433047185683667	0.4558073430719522	0.3398249903373579	0.5441926569280477	0.6601750096626421	0.5714285714285714	baseline
PF03135	0.0	0.17167037287083733	0.2663223603965943	1.4536463920304528	0.45928211490348847	0.45093381080600425	0.5407178850965115	0.5490661891939957	0.7142857142857143	baseline
PF03136	0.0	0.5560079717708314	1.0064999003275703	1.413637252031308	0.3434524196999916	0.18271463740306337	0.6565475803000085	0.8172853625969366	0.7142857142857143	baseline
PF03143	0.0	0.8121441611794691	1.1096362588707103	1.471691157443655	0.25480200976329725	0.2864245251389045	0.7451979902367027	0.7135754748610955	0.7142857142857143	baseline
PF03144	0.0	0.6416990328437988	1.0250450169318224	1.3783779816192017	0.3108808278640031	0.1277035497293492	0.6891191721359968	0.8722964502706508	0.7142857142857143	baseline
PF03147	0.0	0.2505632515550163	0.9327028838054425	1.5879240656784506	0.39612520664592576	0.25054814683191795	0.6038747933540742	0.749451853168082	0.5714285714285714	baseline
PF03150	0.0	0.40897625484161954	0.5195494613237837	1.6896040160036476	0.3718170545037385	0.3468572599367731	0.6281829454962615	0.6531427400632269	0.7142857142857143	baseline
PF03167	0.0	0.10224330758725794	0.23803088315215115	1.537441144463568	0.4800050998101317	0.4575477898419084	0.5199949001898683	0.5424522101580915	0.5714285714285714	baseline
PF03169	0.0	0.11964179826022671	0.23739258463119398	1.3005077078582228	0.43647577155287337	0.5686922458887738	0.5635242284471267	0.5686922458887738	0.5714285714285714	baseline
PF03170	0.0	0.8067906834373043	0.48747080368305007	1.9487541829432462	0.27408147511145703	0.3549981383267686	0.7259185248885429	0.6450018616732314	0.8571428571428571	baseline
PF03171	0.0	0.6803769482220893	0.9139998803974198	1.2442207207179812	0.2934629407146429	0.26147885127418785	0.706537059285357	0.7385211487258121	0.8571428571428571	baseline
PF03174	0.0	0.8068260285275708	1.0862150551155492	1.5252475847910039	0.7681192167206126	0.8143368669919037	0.7681192167206126	0.8143368669919037	0.8571428571428571	endpoint
PF03175	0.0	0.11972748926582397	0.12492374714652223	1.3749083859228601	0.4361664730892208	0.48503017413977395	0.5638335269107793	0.514969825860226	0.5714285714285714	baseline
PF03176	0.0	0.44578354343492915	0.406341773440935	1.4828688016341844	0.6619496694136779	0.5380724063976254	0.6619496694136779	0.5380724063976254	0.7142857142857143	endpoint
PF03180	0.0	0.6037186368183785	1.318834254075479	1.60127441044891	0.3428635925242932	0.20781229411134391	0.6571364074757068	0.7921877058886561	0.7142857142857143	baseline
PF03186	0.0	0.16582917493655877	0.0071370905177923815	1.4162019973915585	0.4512555927520568	0.5115261201641259	0.5487444072479433	0.5115261201641259	0.5714285714285714	baseline
PF03193	0.0	0.04726358042984729	0.20033688317792794	1.4908794683325015	0.49471850615520435	0.503876202324291	0.5052814938447956	0.503876202324291	0.5714285714285714	endpoint
PF03200	0.0	0.03241956896348741	0.2014293477586212	1.7006569836361651	0.515889228697579	0.44443736793902644	0.515889228697579	0.5555626320609736	0.5714285714285714	baseline
PF03205	0.0	0.25864503334274114	0.3558832120245675	1.699288168667037	0.5809553953278511	0.5930798749561549	0.5809553953278511	0.5930798749561549	0.5714285714285714	endpoint
PF03212	0.0	0.6857807058791366	0.4047288919247714	1.8402325507088308	0.32866552272890115	0.36011903134745354	0.6713344772710989	0.6398809686525464	0.8571428571428571	baseline
PF03222	0.14285714285714285	1.0343386623032045	1.1802429081475363	2.283750883504592	0.22328006670956022	0.1938206093415407	0.7767199332904398	0.8061793906584593	0.8571428571428571	baseline
PF03228	0.0	0.7304374148561135	0.6955461127272898	1.2044795844536555	0.27844105839668826	0.35058992013182827	0.7215589416033117	0.6494100798681717	1.0	baseline
PF03230	0.0	0.9542686002832516	1.0970443584693426	1.5546214854094222	0.2292316722309495	0.22275229068178698	0.7707683277690505	0.7772477093182131	0.8571428571428571	baseline
PF03235	0.0	0.5432258589344192	0.8061260397299594	1.1295912606397494	0.34936946071029235	0.3247385546245315	0.6506305392897076	0.6752614453754685	0.7142857142857143	baseline
PF03237	0.0	0.15945715516451162	0.21072437944621458	1.6658486868173128	0.48303392288577907	0.5624577552506687	0.5169660771142209	0.5624577552506687	0.5714285714285714	baseline
PF03239	0.0	0.48645103672582685	0.760469118190441	1.5366878538273412	0.3911453447900164	0.3354122256844479	0.6088546552099836	0.6645877743155522	0.7142857142857143	baseline
PF03241	0.0	0.5740356605800451	0.7432440691358972	1.3135092814102411	0.3334759059584229	0.3394390961216058	0.6665240940415771	0.6605609038783942	0.8571428571428571	baseline
PF03253	0.0	0.11498850341519959	0.2636804044194369	1.8762604970345533	0.4630783985440984	0.3804159581700934	0.5369216014559016	0.6195840418299066	0.7142857142857143	baseline
PF03255	0.0	0.808000208300896	0.9611461797727222	1.5119792463805761	0.7248249717777776	0.7513018672233418	0.7248249717777776	0.7513018672233418	0.8571428571428571	endpoint
PF03264	0.0	0.511997889401203	0.5843781912764335	1.317469965608845	0.3630914767121779	0.3450015497096097	0.6369085232878221	0.6549984502903903	0.8571428571428571	baseline
PF03272	0.0	0.4024270751383969	0.7300369687945112	1.3490366334510524	0.3581517741846985	0.28689299162471477	0.6418482258153015	0.7131070083752853	0.7142857142857143	baseline
PF03275	0.0	0.02375240774658281	0.14605741700141162	1.500604024817181	0.4765133670457688	0.5750723565764742	0.5234866329542311	0.5750723565764742	0.5714285714285714	endpoint
PF03279	0.0	0.16779373168858994	0.7424321246907043	1.2650667266583064	0.47205862245504854	0.3396289124218444	0.5279413775449515	0.6603710875781557	0.5714285714285714	baseline
PF03306	0.0	0.9249270069778596	0.7693820713123847	1.5288855021355943	0.21236838710677342	0.20884681865069898	0.7876316128932266	0.791153181349301	1.0	baseline
PF03307	0.0	0.12361316196755745	0.39328069122630593	1.1702208703005064	0.4978833968129766	0.3992329224467751	0.5021166031870234	0.6007670775532249	0.7142857142857143	baseline
PF03308	0.0	0.6828179436957802	1.0885521864110412	1.424915331121788	0.3234769371099012	0.2276518929623008	0.6765230628900988	0.7723481070376992	0.8571428571428571	baseline
PF03309	0.0	0.15308934134780552	0.2458127605726007	1.1991697923062328	0.5858225972099429	0.5908230730415931	0.5858225972099429	0.5908230730415931	0.5714285714285714	endpoint
PF03313	0.0	0.667453482629423	1.034869818079768	1.2621554669186934	0.7096378783236056	0.8125078154752255	0.7096378783236056	0.8125078154752255	0.8571428571428571	endpoint
PF03315	0.0	0.3961279983662055	0.4768436199764821	1.2605489205497364	0.39841240906762837	0.3647699281388063	0.6015875909323716	0.6352300718611936	0.7142857142857143	baseline
PF03320	0.14285714285714285	0.9353926637172211	0.9678355863207371	2.4147136818113983	0.27655098817400187	0.17807291545485304	0.7234490118259982	0.821927084545147	0.7142857142857143	baseline
PF03321	0.0	0.057288540133834505	0.04674271466956082	1.6614528657690213	0.5133555553198945	0.5466004975179526	0.5133555553198945	0.5466004975179526	0.5714285714285714	endpoint
PF03323	0.0	0.31115040186575593	0.13020238280763782	1.5183052853919847	0.6159713585518165	0.4827559270695844	0.6159713585518165	0.5172440729304155	0.5714285714285714	endpoint
PF03328	0.0	0.07403264932494202	0.747723513582101	1.3879813171036905	0.5570589660284136	0.6879973651051186	0.5570589660284136	0.6879973651051186	0.5714285714285714	endpoint
PF03330	0.0	0.7103049385670486	0.8342190551392259	1.5518870416876103	0.2895548443186168	0.21301219982230318	0.7104451556813832	0.7869878001776969	0.7142857142857143	baseline
PF03331	0.0	0.25879807487245865	0.38611282713223605	1.6666401278460203	0.4453355701123784	0.42292920613848634	0.5546644298876215	0.5770707938615136	0.7142857142857143	baseline
PF03349	0.0	0.6875257661156988	0.9077372020246854	1.8593461374617708	0.28300130987020516	0.20426433874162056	0.7169986901297949	0.7957356612583795	0.8571428571428571	baseline
PF03352	0.0	0.46736387876867214	0.7705100498758956	1.4062900821803292	0.3911604023126887	0.3427184754164792	0.6088395976873113	0.6572815245835208	0.7142857142857143	baseline
PF03354	0.0	0.14939743886789394	0.17488970035786253	1.829385969004385	0.5196893893597495	0.4996520450448428	0.5196893893597495	0.5003479549551573	0.5714285714285714	endpoint
PF03358	0.0	0.2489700038977449	0.22252373379533535	1.2673743640449222	0.593116529463546	0.5652162072617816	0.593116529463546	0.5652162072617816	0.5714285714285714	endpoint
PF03372	0.0	0.08310253904026653	0.2585809531199496	1.6431482886852244	0.5051262754925017	0.4022175180979369	0.5051262754925017	0.5977824819020632	0.5714285714285714	baseline
PF03374	0.0	0.13288499940485196	0.16088719508743274	1.3143547851828548	0.5044216242805648	0.47558243438181463	0.5044216242805648	0.5244175656181853	0.5714285714285714	baseline
PF03382	0.0	0.5101686591713845	0.7881935566739734	1.3911652378387285	0.6606669502521557	0.6732540639917484	0.6606669502521557	0.6732540639917484	0.8571428571428571	endpoint
PF03389	0.0	0.6096697031067223	1.120649462709797	1.7114480629641424	0.694960911169056	0.8555842925492608	0.694960911169056	0.8555842925492608	0.5714285714285714	endpoint
PF03390	0.0	0.2492346882226366	0.4367127911507938	1.3371817938226065	0.42424131449223884	0.39812783566957877	0.5757586855077612	0.6018721643304212	0.7142857142857143	baseline
PF03400	0.0	0.18833528438112376	0.26631192411822746	0.6305945504362093	0.4686062772889648	0.43423022679811607	0.5313937227110352	0.5657697732018839	0.7142857142857143	baseline
PF03401	0.0	0.14256595037959358	0.22029956424574662	1.2523897896322589	0.46546936294087915	0.4373432545327672	0.5345306370591209	0.5626567454672329	0.7142857142857143	baseline
PF03412	0.0	0.17157938985099083	0.32174532543160045	1.6771875883761007	0.549584370257974	0.36048529535746193	0.549584370257974	0.639514704642538	0.5714285714285714	endpoint
PF03413	0.0	0.2448058997487883	0.24917123442826955	1.2892906747825985	0.46134577699791135	0.447999184476168	0.5386542230020887	0.5520008155238321	0.7142857142857143	baseline
PF03414	0.0	0.4692397736238712	0.7564632971769842	1.4786955059052276	0.678855564054479	0.7305781521854574	0.678855564054479	0.7305781521854574	0.5714285714285714	endpoint
PF03415	0.0	0.09236270488529101	0.1335501619193384	0.9329190649936957	0.4762045513845763	0.4698978676947103	0.5237954486154237	0.5301021323052897	0.5714285714285714	baseline
PF03417	0.0	0.09848479371123185	0.12518203890454116	1.0988846925779374	0.5086242677955967	0.5421404923515154	0.5086242677955967	0.5421404923515154	0.7142857142857143	endpoint
PF03418	0.14285714285714285	0.8172468576305632	1.0909040559885381	2.0424203847834748	0.7077996036598332	0.8096566294811579	0.7077996036598332	0.8096566294811579	0.8571428571428571	endpoint
PF03419	0.0	0.9448529466327357	1.2464136238258565	1.5934137778872672	0.759929376680024	0.7196540577210266	0.759929376680024	0.7196540577210266	0.8571428571428571	endpoint
PF03422	0.0	0.20774682912744286	0.13115195676250782	1.1022405558643396	0.45573464082446186	0.4488500327796565	0.5442653591755382	0.5511499672203435	0.5714285714285714	baseline
PF03425	0.0	0.8617181449883022	0.8149562934599909	1.5167975864412213	0.7648762663676696	0.7322678761974004	0.7648762663676696	0.7322678761974004	0.8571428571428571	endpoint
PF03432	0.0	0.4489205363596457	1.0346929033918768	1.577855717634733	0.6241309325311281	0.6601688889911745	0.6241309325311281	0.6601688889911745	0.5714285714285714	endpoint
PF03435	0.0	0.2476740336831426	0.4080657269356466	1.6663615374245617	0.5479259247694687	0.6735723745982035	0.5479259247694687	0.6735723745982035	0.5714285714285714	endpoint
PF03437	0.0	0.6293805806185615	0.5065397678640416	1.576252327798928	0.3276119174269368	0.3680145175908104	0.6723880825730633	0.6319854824091896	0.8571428571428571	baseline
PF03442	0.0	0.4399521968806534	0.6930167402339779	1.5391517729759971	0.6474991608518437	0.6986568098389732	0.6474991608518437	0.6986568098389732	0.7142857142857143	endpoint
PF03446	0.0	0.7421950401219153	1.1752668334448102	1.4387285967204608	0.24478752932998676	0.18368852014147202	0.7552124706700132	0.816311479858528	0.8571428571428571	baseline
PF03447	0.0	0.7087295534049166	0.8752957446547281	1.0801171329685693	0.29979370042697306	0.31319827873194706	0.7002062995730269	0.686801721268053	0.8571428571428571	baseline
PF03448	0.0	0.7550170582715892	0.5822676650826295	1.467429190143085	0.7392234527437916	0.6493171115471966	0.7392234527437916	0.6493171115471966	0.8571428571428571	endpoint
PF03449	0.0	0.6398509165708951	0.6637844278721455	1.2213269609897566	0.7149544977059169	0.6905992996660212	0.7149544977059169	0.6905992996660212	0.7142857142857143	endpoint
PF03450	0.0	0.009802764433286315	0.1261253210728894	0.9037150739439259	0.5268029198740646	0.47226459978894614	0.5268029198740646	0.5277354002110539	0.7142857142857143	baseline
PF03453	0.0	0.7145637031467956	1.0842999540238794	1.4615120057829434	0.7181825287223103	0.8352152113984539	0.7181825287223103	0.8352152113984539	0.7142857142857143	endpoint
PF03457	0.0	1.0869575115076506	1.1636420251218818	1.8861345655419344	0.8049673533315128	0.7839647115326812	0.8049673533315128	0.7839647115326812	1.0	endpoint
PF03458	0.0	0.4938663820572359	0.7953053218037184	1.7206256606364316	0.3956871970877836	0.28842001409525403	0.6043128029122165	0.711579985904746	0.7142857142857143	baseline
PF03460	0.0	0.3081212294604349	0.39075424533708913	1.3456251351451118	0.6038714277432023	0.5354849227152846	0.6038714277432023	0.5354849227152846	0.5714285714285714	endpoint
PF03461	0.0	0.7300806528393362	0.7227323021865908	1.2854039517097047	0.2653442091589964	0.26622502190967995	0.7346557908410036	0.73377497809032	0.8571428571428571	baseline
PF03462	0.0	0.7176644502172816	1.0153475569332195	1.4542153675921707	0.7030983008992538	0.7994742826566331	0.7030983008992538	0.7994742826566331	0.8571428571428571	endpoint
PF03466	0.0	0.15024299767715016	0.49257962266867905	1.4018237126515556	0.45812713586609677	0.37186245170341886	0.5418728641339032	0.6281375482965812	0.5714285714285714	baseline
PF03471	0.0	0.48792375361278684	0.4963091744658268	1.698363846896666	0.36531303956645605	0.33357955487120905	0.6346869604335439	0.666420445128791	0.8571428571428571	baseline
PF03473	0.0	0.6697840762912447	1.0116105364312171	1.4534649433858466	0.3075181047320917	0.276700407247396	0.6924818952679084	0.723299592752604	0.8571428571428571	baseline
PF03477	0.0	0.3709170754864998	0.413318307606694	1.6217444244151646	0.6340842300125923	0.6098201457712298	0.6340842300125923	0.6098201457712298	0.7142857142857143	endpoint
PF03480	0.0	1.054332548535868	1.2114205671781453	1.494248815970636	0.8219323786757665	0.845412053609462	0.8219323786757665	0.845412053609462	1.0	endpoint
PF03481	0.0	0.7816113939319355	1.2825393847634665	1.817987154268054	0.6872046009952129	0.7724013752891596	0.6872046009952129	0.7724013752891596	0.7142857142857143	endpoint
PF03483	0.0	0.19777566999996216	0.28260691125791604	1.3685680451974784	0.5598383718302843	0.5792624471493106	0.5598383718302843	0.5792624471493106	0.5714285714285714	endpoint
PF03484	0.0	0.5715730874851281	0.8320030602792752	1.765804075260544	0.35060612358506754	0.18534039403820013	0.6493938764149325	0.8146596059617999	0.7142857142857143	baseline
PF03485	0.0	0.6028171455297804	0.8252793170427034	1.659772700404065	0.6537841976947008	0.705827243293726	0.6537841976947008	0.705827243293726	0.8571428571428571	endpoint
PF03486	0.0	1.1703510574567597	1.2355596848204342	1.7360915669514805	0.8425547209302024	0.9190579607842095	0.8425547209302024	0.9190579607842095	1.0	endpoint
PF03496	0.0	0.09096907145679778	0.10078164545572338	1.6934490260322017	0.41214195675392684	0.48227510099859805	0.5878580432460732	0.517724899001402	0.5714285714285714	baseline
PF03502	0.14285714285714285	0.7788741179880093	1.2408266515941726	2.156639561550746	0.30727413589513997	0.1638407393593745	0.69272586410486	0.8361592606406255	0.7142857142857143	baseline
PF03515	0.0	0.9644315700203376	0.8841020952059956	1.272329916544141	0.20466557110206635	0.21274136538100918	0.7953344288979336	0.7872586346189908	1.0	baseline
PF03527	0.0	0.8055973207913784	1.0846989074248625	1.517918602710204	0.24690261877074793	0.23725142129522164	0.7530973812292521	0.7627485787047783	0.8571428571428571	baseline
PF03544	0.0	0.09419472610102078	0.4101187909969543	1.7342881051259462	0.5720033983797069	0.6116961241149206	0.5720033983797069	0.6116961241149206	0.5714285714285714	endpoint
PF03547	0.0	0.24045543871348088	0.27701503109527387	1.4474202749577398	0.42855955380169414	0.4241672025806669	0.5714404461983058	0.5758327974193331	0.7142857142857143	baseline
PF03551	0.0	0.454962746727484	0.5482263899197065	1.8888252161566463	0.6126160567532776	0.6366753771519726	0.6126160567532776	0.6366753771519726	0.8571428571428571	endpoint
PF03553	0.0	0.2971560923486975	0.734174197990829	1.3986151481381535	0.5870662827957809	0.5924916217737826	0.5870662827957809	0.5924916217737826	0.5714285714285714	endpoint
PF03571	0.0	0.3735871297534164	0.7668326275578385	1.3644465498734153	0.6265913128966443	0.712750554200914	0.6265913128966443	0.712750554200914	0.7142857142857143	endpoint
PF03572	0.0	0.5157721001732037	0.3029875061130476	1.4584192239337235	0.3352176471209158	0.42032583849891625	0.6647823528790842	0.5796741615010838	0.7142857142857143	baseline
PF03573	0.14285714285714285	1.302938788413051	1.1705546496632266	2.0594252266780293	0.1402233446795054	0.16693791734825356	0.8597766553204946	0.8330620826517464	1.0	baseline
PF03575	0.0	0.26388081220363946	1.0281003743838066	1.245699740886959	0.5809223391663743	0.7651718330431083	0.5809223391663743	0.7651718330431083	0.5714285714285714	endpoint
PF03576	0.0	0.3851574160764593	1.1425722669597191	1.5037417922932674	0.658240622001724	0.840615361404996	0.658240622001724	0.840615361404996	0.7142857142857143	endpoint
PF03577	0.0	0.5442587152364792	1.0965468966625564	1.295227586028772	0.36010674974775464	0.2799994451136179	0.6398932502522454	0.7200005548863821	0.7142857142857143	baseline
PF03588	0.0	0.4809685862976682	0.31769879483823815	1.504659089890335	0.37142756308301655	0.38326820882664636	0.6285724369169834	0.6167317911733536	0.8571428571428571	baseline
PF03589	0.0	0.9112496805186009	1.3477999622105195	1.6728971189183703	0.2499946211750153	0.19427879726350833	0.7500053788249847	0.8057212027364917	0.8571428571428571	baseline
PF03590	0.0	0.8203802222657874	1.081921023098543	1.9720174793919993	0.7322806572855374	0.7979699548733422	0.7322806572855374	0.7979699548733422	0.8571428571428571	endpoint
PF03591	0.0	0.6576889777348374	0.8209088429781718	1.6404929490154756	0.6717857782969502	0.6511043641003288	0.6717857782969502	0.6511043641003288	0.8571428571428571	endpoint
PF03592	0.0	0.017393487587307823	0.18249651828611577	1.3135169574317833	0.5290918713958738	0.47053060872487623	0.5290918713958738	0.5294693912751238	0.5714285714285714	endpoint
PF03598	0.0	1.106239497121842	1.1732843672121778	1.4509887914430089	0.8358895048056476	0.8980770617582728	0.8358895048056476	0.8980770617582728	1.0	endpoint
PF03599	0.0	0.8141409393405323	1.2377724833532295	1.514528793748702	0.7617090515501012	0.8488117099244159	0.7617090515501012	0.8488117099244159	0.8571428571428571	endpoint
PF03600	0.0	0.11418588868561017	0.3191201822716401	1.4497094168033997	0.5535259332081378	0.6401339781039997	0.5535259332081378	0.6401339781039997	0.5714285714285714	endpoint
PF03601	0.14285714285714285	0.7194294006201704	1.2364348930810318	2.2327685566110946	0.3346488226121442	0.0999878769319174	0.6653511773878558	0.9000121230680826	0.7142857142857143	baseline
PF03602	0.0	0.341431306963282	0.702525721959896	1.4808329636237152	0.4540637896499489	0.3067336510309402	0.5459362103500511	0.6932663489690598	0.5714285714285714	baseline
PF03605	0.0	0.9653391180803327	1.337360412421054	1.7960848363262834	0.2376280652589632	0.16764228203040632	0.7623719347410368	0.8323577179695937	0.8571428571428571	baseline
PF03606	0.0	0.002379434652499544	0.3417809809165086	1.1521796939027742	0.4716084681817499	0.5963428056016417	0.5283915318182502	0.5963428056016417	0.7142857142857143	endpoint
PF03609	0.0	0.6485513804606503	0.3544615942375096	1.3781287011784369	0.2894129561293129	0.4200125765777935	0.7105870438706872	0.5799874234222064	1.0	baseline
PF03610	0.0	0.15883464082907542	0.9763568601870308	1.5648771185341566	0.37881601284140815	0.2012459594210056	0.6211839871585918	0.7987540405789944	0.5714285714285714	baseline
PF03611	0.14285714285714285	1.198326223234594	1.3452449930350607	2.0663364570268596	0.1454890702125855	0.08685561776183677	0.8545109297874145	0.9131443822381632	0.8571428571428571	baseline
PF03612	0.0	0.02981488211154068	0.1390440460941851	1.370293702680061	0.479066693531963	0.5399931379153678	0.520933306468037	0.5399931379153678	0.5714285714285714	baseline
PF03613	0.0	0.20765976752495838	0.3885809220150042	1.2183885297489871	0.4694188157026334	0.4037438161843996	0.5305811842973667	0.5962561838156004	0.7142857142857143	baseline
PF03616	0.0	0.7427036839067684	1.2033369786262689	1.491737410235701	0.6896694990673738	0.7098357892821705	0.6896694990673738	0.7098357892821705	0.8571428571428571	endpoint
PF03618	0.0	0.49858596536126326	0.5973428178389765	1.571814122083117	0.37052897648923816	0.3631425504516288	0.6294710235107619	0.6368574495483712	0.7142857142857143	baseline
PF03625	0.0	0.10943573314249085	0.5071757146836152	1.3483617504497696	0.4351449196899548	0.3678392270457196	0.5648550803100452	0.6321607729542804	0.5714285714285714	baseline
PF03629	0.0	0.46807742405593405	0.2625436836478639	1.4698019887066271	0.3399086943482856	0.38080613519979417	0.6600913056517144	0.6191938648002058	0.5714285714285714	baseline
PF03630	0.0	0.04418406640762017	0.6649041282051459	1.3715231963337013	0.5160184469145024	0.7144596526763446	0.5160184469145024	0.7144596526763446	0.5714285714285714	endpoint
PF03631	0.0	0.1288951592285192	0.16774928817682602	1.4481265469188978	0.4673763718944946	0.4427749837262787	0.5326236281055055	0.5572250162737213	0.5714285714285714	baseline
PF03632	0.0	0.00946283096856986	0.18359693920149286	1.1951726178573217	0.5120764863573932	0.5561159046811098	0.5120764863573932	0.5561159046811098	0.5714285714285714	endpoint
PF03636	0.0	0.06316044397247325	0.03517841474651595	1.4195899486165156	0.5254327926690397	0.5236815575903385	0.5254327926690397	0.5236815575903385	0.5714285714285714	endpoint
PF03641	0.0	0.6767057135007486	1.2377720968084587	1.832435239855016	0.3188468056738776	0.1664420265381127	0.6811531943261224	0.8335579734618873	0.7142857142857143	baseline
PF03644	0.0	0.273938501268991	0.44875074113845614	1.7937861503977934	0.45752846867152114	0.3243469677511048	0.5424715313284789	0.6756530322488952	0.7142857142857143	baseline
PF03649	0.0	0.8185638310947396	1.0750634565306412	1.278069948492856	0.2766266118291395	0.25846502953765915	0.7233733881708605	0.7415349704623408	0.8571428571428571	baseline
PF03652	0.0	0.23278069604355972	0.6514777832883317	1.655692756432869	0.4519865662382235	0.3624774805271983	0.5480134337617766	0.6375225194728017	0.5714285714285714	baseline
PF03663	0.0	0.07821421438757101	0.6561133992587191	1.4628940950397646	0.5343832851257305	0.688484879488629	0.5343832851257305	0.688484879488629	0.5714285714285714	endpoint
PF03668	0.0	0.42492788606789833	0.8969508023576676	1.4897787612312623	0.4190986904510999	0.28342211705948706	0.5809013095489002	0.716577882940513	0.7142857142857143	baseline
PF03678	0.0	0.5498780127011177	0.6853621644064635	1.2317380153916344	0.3077499664987099	0.25967659013600697	0.6922500335012901	0.740323409863993	0.8571428571428571	baseline
PF03690	0.0	1.1639538673611878	1.2758952480890378	1.5175509138765857	0.8651710607306715	0.9463692650651869	0.8651710607306715	0.9463692650651869	1.0	endpoint
PF03695	0.0	1.1767333622612839	1.262915212180615	1.5135459630381827	0.1692226409606544	0.15935798782289817	0.8307773590393456	0.8406420121771019	1.0	baseline
PF03699	0.0	0.7513998876147002	0.8076367178483149	1.4916692972651195	0.30176104145437327	0.3076111678811475	0.6982389585456268	0.6923888321188525	1.0	baseline
PF03702	0.0	0.5626840392975151	0.7087919583158824	1.4562292082808153	0.3288613611850491	0.3474933075273033	0.671138638814951	0.6525066924726968	0.7142857142857143	baseline
PF03703	0.0	0.02722617970092289	0.19570520048050893	1.2135556699737529	0.5296085628543618	0.4500854127716474	0.5296085628543618	0.5499145872283526	0.5714285714285714	endpoint
PF03704	0.0	0.25666766909406763	1.0624482957675938	1.542834222836938	0.5626159971198536	0.646984153602673	0.5626159971198536	0.646984153602673	0.7142857142857143	endpoint
PF03706	0.0	0.6407411358078352	0.9208175235988133	1.6305500601208243	0.29372598609411465	0.17398889131374698	0.7062740139058854	0.826011108686253	0.7142857142857143	baseline
PF03709	0.0	0.47949435542161856	0.5562726754916206	1.3603538533286996	0.3338954922498637	0.36613973506757663	0.6661045077501363	0.6338602649324234	0.8571428571428571	baseline
PF03710	0.0	0.6372138075739832	0.8254551321984053	1.5128307195337953	0.3179111965837094	0.20612229509305735	0.6820888034162906	0.7938777049069426	0.8571428571428571	baseline
PF03711	0.0	0.125156457246939	0.4132767910646691	1.263348733600116	0.4641531031835266	0.39270938454129894	0.5358468968164734	0.607290615458701	0.5714285714285714	baseline
PF03714	0.0	0.8213381770697887	0.7700729595530306	1.244257590416934	0.7539746796191843	0.7626741264860785	0.7539746796191843	0.7626741264860785	1.0	endpoint
PF03717	0.0	0.31132280640956417	0.5715350241563346	1.1614992828987971	0.6043219274647547	0.6241881825937884	0.6043219274647547	0.6241881825937884	0.7142857142857143	endpoint
PF03719	0.0	0.059365296228761126	0.028824264263069863	1.2719421502433075	0.5507595532364588	0.4658361278699077	0.5507595532364588	0.5341638721300923	0.5714285714285714	endpoint
PF03720	0.0	0.3819604043313397	0.0775706054215434	1.4888311925524216	0.3946081835783567	0.48625433890498254	0.6053918164216433	0.5137456610950175	0.5714285714285714	baseline
PF03721	0.0	0.5890872865772899	0.5457299904611741	1.2442067075534475	0.3194364157098972	0.3286469266204289	0.6805635842901028	0.6713530733795712	0.8571428571428571	baseline
PF03725	0.0	0.1621186440032468	0.02866934792212896	1.4741646459140116	0.45701794892225994	0.5155380128834487	0.5429820510777401	0.5155380128834487	0.5714285714285714	baseline
PF03726	0.0	0.6481991836530999	1.1500664672309384	1.4557926382345774	0.29756450049691247	0.1774233390007214	0.7024354995030875	0.8225766609992786	0.8571428571428571	baseline
PF03728	0.0	0.5547393395113995	1.051798343954955	1.2520488335074955	0.3200657445803842	0.2456278313449272	0.6799342554196157	0.7543721686550728	0.7142857142857143	baseline
PF03729	0.0	0.10521185422936383	0.28633059492295376	1.8149730314419752	0.5915878304609807	0.6325316870388151	0.5915878304609807	0.6325316870388151	0.5714285714285714	endpoint
PF03733	0.0	0.8499303129308883	0.9097442277973503	1.6856922805220662	0.2699961450925023	0.30051470382682505	0.7300038549074976	0.699485296173175	0.8571428571428571	baseline
PF03734	0.0	0.1390081046957444	0.017581806657923423	1.5136850960978643	0.4562620452960036	0.4677023426673359	0.5437379547039964	0.5322976573326641	0.5714285714285714	baseline
PF03737	0.0	0.41803743985050895	0.961653759900444	1.6499119508397933	0.38543973499952305	0.21341995930864582	0.6145602650004769	0.7865800406913541	0.7142857142857143	baseline
PF03738	0.0	0.276184069093233	0.20862175728910184	1.4227341790863697	0.425027112483011	0.43599027442661104	0.574972887516989	0.5640097255733889	0.5714285714285714	baseline
PF03739	0.0	0.6325251019906682	1.044747245372881	1.7733351571678324	0.3126196204147186	0.17944593395191916	0.6873803795852814	0.8205540660480808	0.7142857142857143	baseline
PF03740	0.0	0.3727083156843088	0.6742910178313132	1.1707546935117636	0.3969189457829273	0.32177604742101584	0.6030810542170727	0.6782239525789842	0.5714285714285714	baseline
PF03741	0.0	1.359400920592657	1.4403824974198367	1.736145741264739	0.11863531532257653	0.06773081509316137	0.8813646846774235	0.9322691849068386	1.0	baseline
PF03743	0.0	0.33203226072481246	0.502647902764517	1.1854202585970162	0.38622414748923956	0.3495546819375426	0.6137758525107604	0.6504453180624574	0.5714285714285714	baseline
PF03744	0.0	0.019577911998807127	0.21767428601190267	1.2493632013755964	0.5081964902011287	0.5067541600497376	0.5081964902011287	0.5067541600497376	0.5714285714285714	baseline
PF03746	0.0	1.0339311726802305	1.0928627052493252	1.3356413704379855	0.8193350942333816	0.8884976627835752	0.8193350942333816	0.8884976627835752	1.0	endpoint
PF03747	0.0	0.36181023290423564	0.7685063743740888	1.4838129302101568	0.3966758796672235	0.3430510796389763	0.6033241203327765	0.6569489203610237	0.7142857142857143	baseline
PF03749	0.0	0.5374771953931736	0.6184480053773256	1.4012738077169389	0.6845683730718164	0.6781028990756177	0.6845683730718164	0.6781028990756177	0.5714285714285714	endpoint
PF03755	0.14285714285714285	0.8039716048177209	1.010036451874646	2.365977868367035	0.7137780724952758	0.8633662172678944	0.7137780724952758	0.8633662172678944	0.8571428571428571	endpoint
PF03764	0.0	0.22021001087857184	0.2688662220754526	1.7377422346001117	0.5444055491209172	0.5632114749753361	0.5444055491209172	0.5632114749753361	0.5714285714285714	endpoint
PF03772	0.0	0.19081716688769643	0.46787052540839863	1.2820796339920741	0.43527372848850365	0.3442708472404222	0.5647262715114963	0.6557291527595779	0.5714285714285714	baseline
PF03773	0.0	0.23325006102495735	0.19603768329175458	1.3193761168457414	0.42228137182372605	0.4499794310063233	0.577718628176274	0.5500205689936767	0.7142857142857143	baseline
PF03775	0.0	0.3248280119069152	0.896674379291028	1.3097914249615408	0.577645515323791	0.754792413420034	0.577645515323791	0.754792413420034	0.7142857142857143	endpoint
PF03780	0.0	0.8854777817585106	1.1289037158731274	1.9040026916023727	0.7575290330473338	0.8800538996932284	0.7575290330473338	0.8800538996932284	0.8571428571428571	endpoint
PF03781	0.0	0.2283594730360958	0.18818759718686737	1.7178474352558444	0.5256734037382024	0.462339803149861	0.5256734037382024	0.537660196850139	0.5714285714285714	endpoint
PF03786	0.0	0.36352725647862955	0.5245147368684205	1.5361917427978131	0.386880741505485	0.34527453550789367	0.613119258494515	0.6547254644921063	0.7142857142857143	baseline
PF03787	0.0	0.09326805286198583	0.20943043347296483	1.3803404595867683	0.5147470807142035	0.562155256676037	0.5147470807142035	0.562155256676037	0.5714285714285714	endpoint
PF03788	0.0	0.39071427100807715	1.01915717825569	1.2969513776335837	0.6384333958467767	0.6397979558036317	0.6384333958467767	0.6397979558036317	0.5714285714285714	endpoint
PF03793	0.0	0.3269626771266254	0.3921029843567642	1.616471641270885	0.42838441470458105	0.4055329319993458	0.571615585295419	0.5944670680006542	0.5714285714285714	baseline
PF03796	0.0	0.16991809142591396	0.3271284551339789	1.2890773222004595	0.5569790637428697	0.6471643498184659	0.5569790637428697	0.6471643498184659	0.5714285714285714	endpoint
PF03797	0.0	0.061339191467658614	0.14004194734658923	1.5606035712076936	0.5357457031792635	0.5474951513027855	0.5357457031792635	0.5474951513027855	0.5714285714285714	baseline
PF03806	0.0	0.3803298832796434	1.1438411258620835	1.2901579761280069	0.44656526417801456	0.2807466181220131	0.5534347358219854	0.7192533818779869	0.7142857142857143	baseline
PF03807	0.0	0.4033672635932196	0.5002602947695661	1.3758292733274446	0.3657170774022363	0.3530058482363809	0.6342829225977638	0.6469941517636191	0.7142857142857143	baseline
PF03808	0.0	0.014932982642179935	0.2063041841797439	1.4593010237958959	0.4692207135834216	0.5614244023941019	0.5307792864165783	0.5614244023941019	0.5714285714285714	baseline
PF03811	0.0	0.8970135560094948	1.110789949196411	1.5046853776819886	0.262631231680231	0.15370295008597742	0.7373687683197689	0.8462970499140225	0.8571428571428571	baseline
PF03812	0.0	0.3894558066452905	0.41432691987392045	1.2497504053557316	0.6067026383541618	0.621839552454256	0.6067026383541618	0.621839552454256	0.8571428571428571	endpoint
PF03814	0.0	0.0784015464280424	0.3373726812961937	1.4512157031558315	0.5267153017493188	0.6006281083332156	0.5267153017493188	0.6006281083332156	0.5714285714285714	endpoint
PF03816	0.0	0.4298942091176855	0.599015975405597	1.1350726556678923	0.6315420453494804	0.7439206577485944	0.6315420453494804	0.7439206577485944	0.7142857142857143	endpoint
PF03819	0.0	0.8175432261752559	0.564474410756037	1.9548120422083377	0.26579998633016066	0.2771690439945026	0.7342000136698393	0.7228309560054974	1.0	baseline
PF03824	0.0	0.6077725256788788	1.195436375207007	1.8307579956584334	0.37421554689124925	0.17896819945098463	0.6257844531087507	0.8210318005490154	0.7142857142857143	baseline
PF03825	0.0	0.2691494231235512	0.3946045864833905	0.6561787932043806	0.42788556183698656	0.38668451703366596	0.5721144381630134	0.6133154829663341	0.8571428571428571	baseline
PF03830	0.0	0.42465619282784084	0.41462103264294503	1.3121405125388965	0.4041408103583333	0.32860590291798497	0.5958591896416667	0.671394097082015	0.8571428571428571	baseline
PF03837	0.0	0.5043670824511194	0.7902028589303856	1.3082979567201098	0.37669264182360973	0.3256185880137138	0.6233073581763903	0.6743814119862862	0.8571428571428571	baseline
PF03838	0.0	0.7355578453977826	1.0528093854119667	1.6366220242551535	0.6980531399730775	0.7578826881765537	0.6980531399730775	0.7578826881765537	0.8571428571428571	endpoint
PF03840	0.0	0.504312876609576	0.193811766823339	1.5567491536304983	0.35693407055571924	0.43844868915475066	0.6430659294442808	0.5615513108452493	0.5714285714285714	baseline
PF03841	0.0	0.22989801106736668	0.34747878987784425	1.4704902059439526	0.4094987030818178	0.3516523374555389	0.5905012969181822	0.6483476625444611	0.5714285714285714	baseline
PF03845	0.0	0.4550548240933058	0.9553048647687421	1.7871997112640314	0.608835006533283	0.6956951041248375	0.608835006533283	0.6956951041248375	0.7142857142857143	endpoint
PF03852	0.0	0.7823866222264039	1.157564621393037	1.4395197951797591	0.28904773367165054	0.2316648312614665	0.7109522663283494	0.7683351687385335	0.8571428571428571	baseline
PF03853	0.0	0.6170033425561622	1.086613351787255	1.7385240716291155	0.3242739465517731	0.1270818959264089	0.6757260534482269	0.8729181040735912	0.7142857142857143	baseline
PF03861	0.0	0.4030956221398663	0.404774131976008	1.4043700197190463	0.616571588578358	0.6078226891516204	0.616571588578358	0.6078226891516204	0.7142857142857143	endpoint
PF03862	0.0	1.1703567880666603	1.3820875768446124	1.5250683868051638	0.8401631165374212	0.9180725347000074	0.8401631165374212	0.9180725347000074	0.8571428571428571	endpoint
PF03864	0.0	0.6827880039033792	1.0151425012207032	1.338047836909891	0.2891089255372387	0.26297280597866357	0.7108910744627612	0.7370271940213364	0.7142857142857143	baseline
PF03865	0.0	0.24584550643630748	0.018612272537732403	1.3460604803066607	0.434751344395974	0.47371045304200177	0.5652486556040259	0.5262895469579982	0.5714285714285714	baseline
PF03880	0.0	0.08393102549019683	0.43575442778910506	1.3036682051915327	0.5348252469688027	0.6150652599535456	0.5348252469688027	0.6150652599535456	0.5714285714285714	endpoint
PF03881	0.14285714285714285	0.97702492951111	1.2883674521317041	2.3424108140177813	0.26237561478322524	0.21200020009069664	0.7376243852167748	0.7879997999093034	0.8571428571428571	baseline
PF03883	0.0	0.23472853560115034	0.3992175929823099	0.6832929396816378	0.5679357685564087	0.639722187215679	0.5679357685564087	0.639722187215679	0.7142857142857143	endpoint
PF03885	0.14285714285714285	1.5891498577419298	1.5271046457786055	2.2396369254688366	0.9518617516159716	0.9575114538294272	0.9518617516159716	0.9575114538294272	1.0	endpoint
PF03887	0.0	0.44610786508772576	1.1586316192866966	1.553303218074565	0.36809761488258413	0.21334895327396466	0.6319023851174159	0.7866510467260354	0.5714285714285714	baseline
PF03894	0.0	0.1395587906455158	0.353157409717787	1.3086377079187848	0.4592528419651231	0.3873963647695804	0.5407471580348768	0.6126036352304196	0.7142857142857143	baseline
PF03895	0.0	0.06912850505639712	0.3131591863170704	1.378656285464184	0.4524762558060816	0.41863736959130254	0.5475237441939185	0.5813626304086974	0.5714285714285714	baseline
PF03910	0.0	0.8413661719562319	0.8523325822580343	1.3458781269491573	0.2408243271700111	0.22413589850693133	0.7591756728299889	0.7758641014930687	1.0	baseline
PF03916	0.0	0.25425401254874347	0.3112125582438534	1.7741471323695914	0.4196463036601851	0.39763708312985213	0.5803536963398148	0.6023629168701479	0.5714285714285714	baseline
PF03928	0.0	0.160380985016479	0.11563297437803075	1.2935553428710653	0.562431570520485	0.5393826270960962	0.562431570520485	0.5393826270960962	0.7142857142857143	endpoint
PF03929	0.0	0.0583035943099003	0.20261738994442935	1.360017192814642	0.4496753463312988	0.5605625039654204	0.5503246536687012	0.5605625039654204	0.5714285714285714	baseline
PF03932	0.0	0.16843583249017055	0.38936042824870853	1.3615128872014954	0.5315515478857201	0.5913696326597743	0.5315515478857201	0.5913696326597743	0.7142857142857143	endpoint
PF03934	0.0	0.16622936791024606	0.9014911871013286	1.2917856981537699	0.5101770127292748	0.30244409894728214	0.5101770127292748	0.6975559010527179	0.5714285714285714	baseline
PF03938	0.0	0.24742632389394065	0.7165647649413807	1.4075028159685294	0.4090985178297092	0.31459327833234585	0.5909014821702908	0.6854067216676542	0.7142857142857143	baseline
PF03946	0.0	0.03202583608526921	0.19515661270808304	1.3824048714827537	0.4716471974223202	0.43822544870515173	0.5283528025776798	0.5617745512948482	0.5714285714285714	baseline
PF03947	0.0	0.42829663064298445	0.8675834715599052	1.3551971581117612	0.3746885805945302	0.2684974735950704	0.6253114194054699	0.7315025264049295	0.7142857142857143	baseline
PF03948	0.0	0.3852689326132743	0.4141184379665179	1.1805924418391924	0.6083686976167637	0.6665957333276797	0.6083686976167637	0.6665957333276797	0.7142857142857143	endpoint
PF03949	0.0	0.020832685337252275	0.04317820370770594	1.376770466957614	0.472950787642504	0.5453220410839777	0.527049212357496	0.5453220410839777	0.5714285714285714	baseline
PF03950	0.0	0.7870088770876722	0.9356833234176836	1.1502518519343876	0.7274173735390977	0.7004673793329769	0.7274173735390977	0.7004673793329769	1.0	endpoint
PF03951	0.0	0.6230395035140334	0.6807260247482027	1.5054049021016207	0.3335510540496957	0.3576223587265897	0.6664489459503042	0.6423776412734103	0.7142857142857143	baseline
PF03952	0.0	0.9682944384723143	1.0919360844462198	1.7124856618754831	0.7726905689053805	0.7684673493310966	0.7726905689053805	0.7684673493310966	1.0	endpoint
PF03955	0.0	0.29232061472554655	0.5142369110365645	1.0187268028297845	0.4091506924470133	0.31228484684645746	0.5908493075529867	0.6877151531535426	0.7142857142857143	baseline
PF03956	0.0	0.7130936167393015	0.7719339475621659	1.7383748025951284	0.3105550340020175	0.266407526936331	0.6894449659979824	0.7335924730636689	0.8571428571428571	baseline
PF03958	0.0	0.919459879111547	1.1443572946416039	1.2812084414654503	0.24215796076015517	0.2456668819103553	0.7578420392398448	0.7543331180896446	1.0	baseline
PF03960	0.0	0.10945369905851865	0.1484542919738606	1.2270155865987697	0.48661949084889455	0.5759734433704057	0.5133805091511054	0.5759734433704057	0.5714285714285714	baseline
PF03961	0.0	0.9516779646737046	1.043206032651098	1.8537661515465338	0.7644402921299391	0.791600963299862	0.7644402921299391	0.791600963299862	1.0	endpoint
PF03963	0.0	0.2325363520047618	0.2906499808240596	1.7661556994062304	0.6149868006611678	0.5931255157311363	0.6149868006611678	0.5931255157311363	0.7142857142857143	endpoint
PF03965	0.0	1.27476656987863	1.3764941316410826	1.73702068444039	0.8900342501110329	0.9604031861272954	0.8900342501110329	0.9604031861272954	1.0	endpoint
PF03968	0.0	0.3771505356307511	0.5843091395586064	1.5192214933704677	0.3935259556859432	0.30049664177686464	0.6064740443140568	0.6995033582231354	0.7142857142857143	baseline
PF03969	0.0	0.8056710482073294	0.8165251990977007	1.614989413507034	0.2650664906790409	0.21319679218325044	0.734933509320959	0.7868032078167495	0.8571428571428571	baseline
PF03972	0.0	0.7467869324301178	0.8707620308258192	1.2949142984312814	0.2850175164846129	0.30962795837042917	0.7149824835153871	0.6903720416295709	0.8571428571428571	baseline
PF03976	0.0	0.001967600022433902	0.479802348091283	1.1150805477676695	0.4971976213476511	0.5669335665265959	0.5028023786523489	0.5669335665265959	0.5714285714285714	endpoint
PF03977	0.0	0.5490085618990819	0.6945285392162186	1.6673527386544846	0.6612130715239842	0.7068612814870336	0.6612130715239842	0.7068612814870336	0.7142857142857143	endpoint
PF03979	0.0	0.03631823631749257	0.4515910252119766	1.1584829399328056	0.5288409640648976	0.3956580927059167	0.5288409640648976	0.6043419072940833	0.5714285714285714	endpoint
PF03989	0.0	0.3895517874147722	0.6494489339140691	1.4321511981173503	0.654479778146951	0.7195781208100696	0.654479778146951	0.7195781208100696	0.7142857142857143	endpoint
PF03990	0.0	0.45850237962347323	0.0017702972920009261	1.7050473227219733	0.3623829979966032	0.5120157910570982	0.6376170020033969	0.5120157910570982	0.5714285714285714	baseline
PF03992	0.0	0.8814809319540448	1.3615962961854053	1.6079736113349112	0.24182400944664975	0.22985668637705411	0.7581759905533503	0.7701433136229459	0.8571428571428571	baseline
PF03993	0.0	1.1385608802085936	1.314049653094913	1.7971661914567687	0.191738523734782	0.1712193877655431	0.808261476265218	0.8287806122344569	1.0	baseline
PF03994	0.0	0.97489226077657	1.0626775512873388	1.77950350750336	0.2310898940139925	0.16116241573860707	0.7689101059860075	0.8388375842613929	0.8571428571428571	baseline
PF04002	0.0	0.17873296834812905	0.27116773195320726	1.3736475755736224	0.5277653352184153	0.5832844134137025	0.5277653352184153	0.5832844134137025	0.5714285714285714	endpoint
PF04011	0.0	0.4920469612633899	0.6917547324041908	1.3631226891686345	0.3735625051745512	0.35579162579016366	0.6264374948254487	0.6442083742098363	0.7142857142857143	baseline
PF04015	0.0	0.7638946013280041	0.9508774869334031	1.7435010816946026	0.7027536314612032	0.8425259587586117	0.7027536314612032	0.8425259587586117	0.8571428571428571	endpoint
PF04018	0.0	0.23949075631583436	0.8390317434057968	1.285528069962121	0.45645916407842885	0.3052167187355175	0.5435408359215712	0.6947832812644825	0.7142857142857143	baseline
PF04020	0.0	0.23510048601548234	0.6690035552516184	1.192060605230667	0.4492267446076066	0.30978291460448076	0.5507732553923934	0.6902170853955192	0.7142857142857143	baseline
PF04023	0.0	0.021507667725077388	0.04296829901975561	1.0400081096224183	0.5058845717999029	0.5040095859363799	0.5058845717999029	0.5040095859363799	0.5714285714285714	baseline
PF04024	0.0	0.22417111109911367	0.3215577620741617	1.3740374375821658	0.42673392741947136	0.41900242354282496	0.5732660725805286	0.5809975764571751	0.7142857142857143	baseline
PF04026	0.0	0.6565887514265	0.9631588799545436	1.6476576217468564	0.7226575081627272	0.8015259790900512	0.7226575081627272	0.8015259790900512	0.8571428571428571	endpoint
PF04028	0.0	0.1629356056369279	0.08771631312494937	1.4171941710171942	0.5810188705537581	0.5318135478775556	0.5810188705537581	0.5318135478775556	0.5714285714285714	endpoint
PF04041	0.0	0.8896478153414831	1.1592212629714829	1.4688612422685823	0.7731637532453864	0.8451518046111461	0.7731637532453864	0.8451518046111461	0.8571428571428571	endpoint
PF04055	0.0	0.4987552994457776	0.2715338775255208	1.5272826207420986	0.6756960018587389	0.5990219010368333	0.6756960018587389	0.5990219010368333	0.7142857142857143	endpoint
PF04069	0.0	0.01023548744154106	0.4676576202004508	1.4696902748578995	0.49728030808645984	0.37072697989548087	0.5027196919135402	0.6292730201045191	0.5714285714285714	endpoint
PF04072	0.0	0.5806004721428822	0.5416541694805259	1.3903144637497946	0.6807030222905733	0.639822492154713	0.6807030222905733	0.639822492154713	0.7142857142857143	endpoint
PF04073	0.0	0.24597170777825508	0.5783376146860212	1.4913527896402432	0.5312622635783237	0.6611542589256166	0.5312622635783237	0.6611542589256166	0.5714285714285714	endpoint
PF04074	0.0	0.5109487677161363	0.56734346044212	1.3761130119575096	0.325759228597597	0.35125476333542716	0.674240771402403	0.6487452366645728	0.8571428571428571	baseline
PF04076	0.0	1.0639226552908847	1.1319329321396634	1.696088746386464	0.20322110355414985	0.1074106485294278	0.7967788964458502	0.8925893514705722	0.8571428571428571	baseline
PF04079	0.0	0.8838722465468668	0.9220869735368299	1.6076582993853061	0.7630710098350413	0.7374874058445577	0.7630710098350413	0.7374874058445577	1.0	endpoint
PF04085	0.0	0.656180557308881	0.9224227920104645	1.5022538708543187	0.7064738816148834	0.728305447042151	0.7064738816148834	0.728305447042151	0.7142857142857143	endpoint
PF04087	0.0	0.1249866001940881	0.19009476221967614	1.3191803154888535	0.4857680072137435	0.4056740761003175	0.5142319927862564	0.5943259238996825	0.5714285714285714	baseline
PF04095	0.0	0.4033704622764855	0.8348369843163431	1.271195507427692	0.5950047043825741	0.6736893875922421	0.5950047043825741	0.6736893875922421	0.7142857142857143	endpoint
PF04101	0.0	0.02194457978034284	0.2504518834808277	1.2729070656976005	0.47466161320702466	0.4400079381980579	0.5253383867929753	0.559992061801942	0.7142857142857143	baseline
PF04107	0.0	0.30895020484270513	0.38989673915393663	1.256261746140563	0.3653504476625155	0.3899942968240362	0.6346495523374844	0.6100057031759638	0.5714285714285714	baseline
PF04122	0.0	0.4282020492038166	0.599410995090065	1.4661360378295227	0.6404358581376645	0.653324877712784	0.6404358581376645	0.653324877712784	0.7142857142857143	endpoint
PF04127	0.0	0.02335685919318028	0.11232628365892633	1.1727198086634976	0.535776189753671	0.4519750389794902	0.535776189753671	0.5480249610205098	0.5714285714285714	endpoint
PF04131	0.0	0.17701780734573533	0.05915630323521998	1.7783626728135928	0.4836628361373704	0.5424025482248735	0.5163371638626296	0.5424025482248735	0.5714285714285714	baseline
PF04138	0.0	0.7536253730430886	0.9646763965541438	1.4400477999048256	0.2580489347395297	0.1794583725715486	0.7419510652604703	0.8205416274284514	0.8571428571428571	baseline
PF04143	0.0	0.9026624260238085	1.217054862695906	1.2807215976462663	0.7655554302442603	0.8040890039004351	0.7655554302442603	0.8040890039004351	0.8571428571428571	endpoint
PF04166	0.0	0.15206877357790805	0.24268727695766246	1.360885154529623	0.4362151061178648	0.39346352537922313	0.5637848938821353	0.6065364746207769	0.5714285714285714	baseline
PF04168	0.0	0.4879431883939688	0.9119707221105803	1.418870833559954	0.4035434795519147	0.23509249797632847	0.5964565204480853	0.7649075020236715	0.7142857142857143	baseline
PF04170	0.0	0.8697218506814586	1.3128602893081354	1.3774368859503598	0.2712081055051566	0.19117755576829207	0.7287918944948434	0.8088224442317079	0.8571428571428571	baseline
PF04172	0.0	0.7019506711318361	0.8726668881177962	1.4579160916189382	0.7250947693550163	0.7172066161001871	0.7250947693550163	0.7172066161001871	0.8571428571428571	endpoint
PF04174	0.0	0.6357365279049463	0.6643369319497407	1.716553874072916	0.3323154284270215	0.24289144225430503	0.6676845715729784	0.757108557745695	0.8571428571428571	baseline
PF04198	0.0	0.24884226784152877	0.4177153997873348	1.364534430888334	0.44659021403558713	0.39249780993269734	0.5534097859644129	0.6075021900673027	0.5714285714285714	baseline
PF04199	0.0	0.5044748193375136	0.2611008323030088	1.6706178969757208	0.6601531921831377	0.5956962778377122	0.6601531921831377	0.5956962778377122	0.7142857142857143	endpoint
PF04203	0.0	0.142256572173754	0.03828735303806952	1.4494344171266467	0.5062208027964362	0.5042438145605014	0.5062208027964362	0.5042438145605014	0.5714285714285714	baseline
PF04204	0.0	0.4052829961924219	0.8856436296064147	1.3097033924672237	0.4060994869972255	0.3236066408229809	0.5939005130027746	0.676393359177019	0.7142857142857143	baseline
PF04205	0.14285714285714285	1.4188189647004632	1.2760165426104908	2.548605701045234	0.9000244167792678	0.8975574978593819	0.9000244167792678	0.8975574978593819	1.0	endpoint
PF04214	0.0	0.6733598012763625	0.9611203181741735	1.7315390044345158	0.31001689819549433	0.15883736427632023	0.6899831018045057	0.8411626357236798	0.7142857142857143	baseline
PF04216	0.0	0.7805417870308723	0.8927076404450183	1.097151109433814	0.27475820350999264	0.2695183413583044	0.7252417964900073	0.7304816586416956	1.0	baseline
PF04221	0.0	0.21896267024400842	0.6014610415629064	1.3572159518736235	0.44530806651759136	0.3725851197071706	0.5546919334824086	0.6274148802928294	0.5714285714285714	baseline
PF04223	0.0	0.03195166307695977	0.16373145295314756	1.1570958544154841	0.4902855585370096	0.563542374891296	0.5097144414629904	0.563542374891296	0.5714285714285714	endpoint
PF04224	0.0	0.015090720151087447	0.060941667490268324	1.3075892022701576	0.5005901631703276	0.4807370077332504	0.5005901631703276	0.5192629922667495	0.5714285714285714	endpoint
PF04228	0.0	0.014575118875364881	0.07443962021861865	1.327813817676454	0.5030305953147189	0.48297762806746475	0.5030305953147189	0.5170223719325353	0.5714285714285714	endpoint
PF04229	0.0	0.4409419512764261	0.6289796601715464	1.5947620615610312	0.35086389931550094	0.3662121025955694	0.6491361006844991	0.6337878974044306	0.8571428571428571	baseline
PF04230	0.0	0.1873750557722447	0.1643110062254006	1.481906439756561	0.4643309669980717	0.5819346536844379	0.5356690330019283	0.5819346536844379	0.5714285714285714	baseline
PF04233	0.0	0.022555241664532565	0.24134020028258793	1.1759440761895847	0.5332847459474608	0.5893974058521286	0.5332847459474608	0.5893974058521286	0.5714285714285714	endpoint
PF04234	0.0	0.6443061603564898	0.3528054824010939	1.7931481364474873	0.31076650803330214	0.38752866914971745	0.6892334919666978	0.6124713308502825	0.8571428571428571	baseline
PF04235	0.14285714285714285	0.3294850688530054	0.5237552166557373	2.025234032181333	0.36338766174421194	0.2911458222879779	0.636612338255788	0.7088541777120221	0.7142857142857143	baseline
PF04237	0.0	0.9073914933897603	1.1418454609444906	1.412117636480765	0.7500175284782935	0.8064846295922864	0.7500175284782935	0.8064846295922864	0.8571428571428571	endpoint
PF04239	0.0	0.20624363608042925	0.13950401391469947	1.4739028504038836	0.4377253918312172	0.5348661107468065	0.5622746081687828	0.5348661107468065	0.5714285714285714	baseline
PF04245	0.0	0.8553446311434397	1.1215603211590222	1.5126903356527301	0.7636050786769341	0.8171340741940588	0.7636050786769341	0.8171340741940588	0.8571428571428571	endpoint
PF04257	0.0	0.39756447191118255	0.6703738905431872	1.8379042562845134	0.4548274265294885	0.24081926883113625	0.5451725734705115	0.7591807311688638	0.5714285714285714	baseline
PF04260	0.0	0.7913709307817955	0.8774525809304812	1.5432180859491849	0.7240648136855878	0.77210747103061	0.7240648136855878	0.77210747103061	0.8571428571428571	endpoint
PF04261	0.0	1.1835248541098877	1.240155662696876	1.6287375181802466	0.16413834395743013	0.17519895985838635	0.8358616560425699	0.8248010401416137	1.0	baseline
PF04262	0.0	0.11738502393797282	0.3975079395774939	1.4277922820785018	0.5015501636049163	0.42026525776373297	0.5015501636049163	0.5797347422362671	0.5714285714285714	baseline
PF04263	0.0	0.40614599742707114	0.7024439512134582	1.7783633257746874	0.4081276806339157	0.2298112875154309	0.5918723193660843	0.7701887124845691	0.7142857142857143	baseline
PF04266	0.0	0.04451682648350884	0.21362298176851216	1.2453413343383988	0.5309334152401233	0.6004731133268162	0.5309334152401233	0.6004731133268162	0.5714285714285714	endpoint
PF04277	0.0	1.0614635689488618	1.1105560628420004	1.662094740898392	0.8102758086275899	0.7628170662741873	0.8102758086275899	0.7628170662741873	1.0	endpoint
PF04282	0.0	0.23062503327611597	0.3124915698494617	1.4196080407339982	0.6007914031583251	0.5431540049368185	0.6007914031583251	0.5431540049368185	0.7142857142857143	endpoint
PF04285	0.0	0.08599416215416546	0.3628362150845036	1.1962292498197264	0.5666739698523572	0.6076468032622729	0.5666739698523572	0.6076468032622729	0.5714285714285714	endpoint
PF04286	0.14285714285714285	0.3078574936588486	0.6182589611532221	2.1028325034878597	0.4682909947637023	0.3679917070067626	0.5317090052362977	0.6320082929932374	0.5714285714285714	baseline
PF04290	0.0	0.24117566209910793	0.6624542113852782	1.7026584783909082	0.5275832800882204	0.5805863155697937	0.5275832800882204	0.5805863155697937	0.5714285714285714	endpoint
PF04293	0.0	0.5655888343968309	0.3637991429633141	1.933244980275487	0.3721759179816697	0.3993545260723751	0.6278240820183303	0.6006454739276249	0.7142857142857143	baseline
PF04294	0.0	0.6931972340506363	0.925402353382286	1.2762684871090466	0.7388606463929411	0.8074481204297227	0.7388606463929411	0.8074481204297227	0.7142857142857143	endpoint
PF04295	0.0	0.24382136277907338	0.33543641025112336	1.3076097367380517	0.3968974775781971	0.415176953033051	0.603102522421803	0.584823046966949	0.7142857142857143	baseline
PF04298	0.0	0.1738375358796709	0.7118337313502866	1.5109796726841314	0.5144179147632915	0.6289393120313103	0.5144179147632915	0.6289393120313103	0.7142857142857143	endpoint
PF04301	0.0	0.34140307299898065	0.7163386723267059	1.1631111689342217	0.5965720950084892	0.5948675848595275	0.5965720950084892	0.5948675848595275	0.5714285714285714	endpoint
PF04303	0.0	0.16465931163561098	0.32788100565831196	1.4336490453663486	0.47604234100164156	0.43654263618751976	0.5239576589983584	0.5634573638124802	0.5714285714285714	baseline
PF04313	0.0	0.0779219122541067	0.12300786043380375	1.343851672729755	0.4662263797316971	0.48443786187075244	0.5337736202683029	0.5155621381292476	0.5714285714285714	baseline
PF04317	0.0	0.4201059520078433	0.057223527493975856	1.9493880834871302	0.43569549043080563	0.5416759359834821	0.5643045095691943	0.5416759359834821	0.5714285714285714	baseline
PF04321	0.0	0.47105634287677745	0.9321727831810814	1.5541361224691175	0.6132456981871709	0.7286028823658267	0.6132456981871709	0.7286028823658267	0.7142857142857143	endpoint
PF04324	0.0	0.05558282943616909	0.2243075163187427	1.0102027359553019	0.5150123420229847	0.5479167923283347	0.5150123420229847	0.5479167923283347	0.5714285714285714	endpoint
PF04326	0.0	0.759400522353325	0.6497489860041196	1.24689237527993	0.25660081422359093	0.29707104279590724	0.7433991857764091	0.7029289572040928	0.8571428571428571	baseline
PF04327	0.0	0.1462876601459072	0.33416467987190657	1.5550536526806327	0.5595356365134869	0.6189860097721503	0.5595356365134869	0.6189860097721503	0.5714285714285714	endpoint
PF04333	0.0	0.32808072037153924	0.1782878539502849	1.4390379390999548	0.35557842866119926	0.4584929273352411	0.6444215713388007	0.5415070726647588	0.5714285714285714	baseline
PF04343	0.0	0.8180256683666064	0.9129380709035941	1.65621859822852	0.27803318443945446	0.17650220847663706	0.7219668155605455	0.823497791523363	0.8571428571428571	baseline
PF04346	0.0	0.2606476661457439	0.27580793367961565	1.356559112067077	0.5330631054519543	0.6003842933199353	0.5330631054519543	0.6003842933199353	0.5714285714285714	endpoint
PF04348	0.0	0.5221755207777411	0.7527817311572416	1.657124113051262	0.3554046919128199	0.3456613240255885	0.64459530808718	0.6543386759744114	0.7142857142857143	baseline
PF04349	0.14285714285714285	0.8387258638342562	1.05471296974152	2.0512678206321	0.2774467411844484	0.13011646368087307	0.7225532588155517	0.869883536319127	0.8571428571428571	baseline
PF04357	0.0	0.08040029120855165	0.6530506967718401	1.5156425447132196	0.5634619655338284	0.7132115936133269	0.5634619655338284	0.7132115936133269	0.5714285714285714	endpoint
PF04365	0.0	0.18571515385566384	0.6853717356603597	1.7485424588390077	0.40012547145423916	0.2516369433035475	0.5998745285457608	0.7483630566964525	0.5714285714285714	baseline
PF04371	0.0	0.4422155008287465	0.6377184489778338	1.2481096970035919	0.6338847323977249	0.6701933064851918	0.6338847323977249	0.6701933064851918	0.5714285714285714	endpoint
PF04375	0.0	0.7189266463855802	1.0164192512272703	1.6432767051601371	0.29001806829789684	0.22747280904151124	0.7099819317021032	0.7725271909584888	0.8571428571428571	baseline
PF04378	0.14285714285714285	0.5641340539781039	0.33331099813422466	2.0827625751876675	0.3887025561938754	0.41576279549195916	0.6112974438061246	0.5842372045080408	0.5714285714285714	baseline
PF04383	0.0	0.5948620309519365	1.0769499842818595	1.3249404228702981	0.32597428185628624	0.20345017424171744	0.6740257181437137	0.7965498257582826	0.8571428571428571	baseline
PF04389	0.0	0.010047384506016705	0.029006031133763453	1.3430923211509602	0.49114028738495424	0.475435786307562	0.5088597126150458	0.524564213692438	0.5714285714285714	baseline
PF04390	0.0	0.2042249133146909	0.02457006987322826	1.1419763790690358	0.42012663947885015	0.49074872026946104	0.5798733605211499	0.509251279730539	0.5714285714285714	baseline
PF04392	0.0	0.7785137326521633	0.8733967432271776	1.548962055153637	0.7246030515143781	0.7908708833979987	0.7246030515143781	0.7908708833979987	0.8571428571428571	endpoint
PF04393	0.0	0.010452401392920776	0.782541858398966	1.5947642826120871	0.5160503237891931	0.7019110919771459	0.5160503237891931	0.7019110919771459	0.5714285714285714	baseline
PF04397	0.0	0.7118393738534516	0.7031649179141153	1.7073577046292325	0.7078977753571919	0.719071038226779	0.7078977753571919	0.719071038226779	0.7142857142857143	endpoint
PF04402	0.0	0.08500688101602709	0.3200955444623625	1.0856312739855505	0.5500167360746889	0.592534383108831	0.5500167360746889	0.592534383108831	0.7142857142857143	endpoint
PF04403	0.0	0.4825882824313939	0.695288818545502	1.6978320775429072	0.3507841576522055	0.31598827426198584	0.6492158423477945	0.6840117257380142	0.7142857142857143	baseline
PF04404	0.0	0.10424272810844205	0.17059230678738474	1.6756272600039046	0.5122293450053576	0.49893869038936894	0.5122293450053576	0.5010613096106311	0.5714285714285714	endpoint
PF04408	0.0	0.056364151334822865	0.0013423925427974539	1.3737838156151916	0.5010092558735968	0.5072656633987095	0.5010092558735968	0.5072656633987095	0.5714285714285714	baseline
PF04411	0.0	0.5273609071859996	0.7482699822224541	1.3925761261637486	0.6622015912635595	0.7123960608548043	0.6622015912635595	0.7123960608548043	0.7142857142857143	endpoint
PF04412	0.0	0.7342968983361369	0.7862837105856902	1.4210974432992103	0.7131157951602894	0.6864358839288637	0.7131157951602894	0.6864358839288637	0.8571428571428571	endpoint
PF04413	0.0	0.4658658982458169	0.3956165408283651	1.4705643163225042	0.3673449934113215	0.40281267612679295	0.6326550065886785	0.597187323873207	0.8571428571428571	baseline
PF04417	0.0	0.6816026198953246	0.8190538650794107	1.5243029070528942	0.3093100203718056	0.2175910847990181	0.6906899796281945	0.7824089152009819	0.8571428571428571	baseline
PF04422	0.0	0.11248287154000092	0.45991401848418434	1.4792496697519024	0.5630036280597389	0.6287882319043785	0.5630036280597389	0.6287882319043785	0.5714285714285714	endpoint
PF04432	0.0	0.4524149510476502	0.8861098850323236	1.4533475399394669	0.6470055808677836	0.7750790725744076	0.6470055808677836	0.7750790725744076	0.7142857142857143	endpoint
PF04439	0.0	0.4648079207802446	0.651726794704956	1.2353529403127592	0.6300480416703232	0.7081514277975114	0.6300480416703232	0.7081514277975114	0.8571428571428571	endpoint
PF04443	0.0	0.011155843512567296	0.2159004873305905	1.1220349803332903	0.5194414414508028	0.5450310971943694	0.5194414414508028	0.5450310971943694	0.5714285714285714	baseline
PF04450	0.0	0.24572971053803894	0.15568621579750247	0.996627109216375	0.5711185418250532	0.5243626743064297	0.5711185418250532	0.5243626743064297	0.5714285714285714	endpoint
PF04452	0.0	0.06367019884870145	0.18425790398779412	1.6197225706104537	0.49428398651645533	0.5584239932252182	0.5057160134835447	0.5584239932252182	0.5714285714285714	baseline
PF04453	0.0	0.48447869629624474	0.7817143115048201	1.8833977472949277	0.41054373884292555	0.34085860103842647	0.5894562611570744	0.6591413989615735	0.7142857142857143	baseline
PF04459	0.0	0.35468017466209556	0.6799838502784782	1.4208982969230617	0.5850343917549152	0.77579791109522	0.5850343917549152	0.77579791109522	0.7142857142857143	endpoint
PF04463	0.0	0.12204503482034942	0.10203381739072515	1.455083780069273	0.5487040310006351	0.48755818339570217	0.5487040310006351	0.5124418166042979	0.5714285714285714	endpoint
PF04464	0.0	0.6789294609893494	1.1636330138445927	1.3947445039509812	0.6950650583238799	0.8283761206221107	0.6950650583238799	0.8283761206221107	0.7142857142857143	endpoint
PF04465	0.0	0.056335028561927306	0.1954507684532547	1.2544748244303474	0.5355115341817454	0.45016651517601636	0.5355115341817454	0.5498334848239836	0.7142857142857143	endpoint
PF04466	0.0	0.10188272353455334	0.2507270992223329	0.9014775616511035	0.5627625877264456	0.6197620480511521	0.5627625877264456	0.6197620480511521	0.5714285714285714	endpoint
PF04468	0.0	1.1910759089891598	1.291197100682023	1.5273292193920058	0.8600168951373454	0.9102284151924419	0.8600168951373454	0.9102284151924419	1.0	endpoint
PF04471	0.0	0.5686045157615103	0.4789926323961336	1.4995447942118696	0.6833148455323065	0.6396638227357009	0.6833148455323065	0.6396638227357009	0.7142857142857143	endpoint
PF04472	0.0	0.02571731329713586	0.6832751005849269	1.4009374007758955	0.49634026820673227	0.33656884774137996	0.5036597317932677	0.66343115225862	0.5714285714285714	baseline
PF04474	0.0	0.07126399815714446	0.3823923633751521	1.5320316837931216	0.5109995377334865	0.6021790857672199	0.5109995377334865	0.6021790857672199	0.5714285714285714	endpoint
PF04488	0.0	0.27219183859322815	0.3716784266044517	1.3347573767912437	0.5981750897680204	0.5390133162169523	0.5981750897680204	0.5390133162169523	0.7142857142857143	endpoint
PF04509	0.0	0.9118446919519531	0.7915081994209636	1.6232726040913137	0.7740640984607846	0.813719952605095	0.7740640984607846	0.813719952605095	1.0	endpoint
PF04513	0.0	0.8610316098649673	0.9309371029278235	1.6172514627074406	0.7502753491680642	0.7390798426563913	0.7502753491680642	0.7390798426563913	1.0	endpoint
PF04519	0.0	0.010758094775697937	0.06296502467649658	0.7613407975919009	0.48959692744369726	0.5258249492432748	0.5104030725563027	0.5258249492432748	0.5714285714285714	baseline
PF04528	0.0	0.23696529467657942	0.3537705137731185	1.304052426721774	0.41160596132960986	0.40991254077447437	0.5883940386703901	0.5900874592255256	0.5714285714285714	baseline
PF04536	0.0	0.7808272051506399	1.207117319109361	1.5301372580393047	0.7432591401827521	0.8502913718566316	0.7432591401827521	0.8502913718566316	0.7142857142857143	endpoint
PF04539	0.0	0.2845612290685867	0.1223088451737226	1.659436638869367	0.579683506629457	0.5514551342017854	0.579683506629457	0.5514551342017854	0.5714285714285714	endpoint
PF04542	0.0	1.3193335428664759	1.486995378108152	1.9209959746544636	0.8763163170549538	0.9537463833813471	0.8763163170549538	0.9537463833813471	1.0	endpoint
PF04545	0.0	1.11266161978102	1.3772859967387325	1.7362593330446343	0.8217688017721864	0.9352761030755355	0.8217688017721864	0.9352761030755355	0.8571428571428571	endpoint
PF04551	0.0	0.09084088074535011	0.1249917686915156	1.4740520347225934	0.42884182846053126	0.42802054259823774	0.5711581715394687	0.5719794574017623	0.5714285714285714	baseline
PF04552	0.0	0.009677025427008054	0.49644175375163185	0.995038452254276	0.4878078874773453	0.3925163317107296	0.5121921125226547	0.6074836682892704	0.5714285714285714	baseline
PF04555	0.0	0.2085295498094022	0.18578076036803626	1.388456900895653	0.4239833219731916	0.4410986228479189	0.5760166780268083	0.5589013771520811	0.7142857142857143	baseline
PF04556	0.0	0.8940854026837408	1.0068935079913142	1.4488893539782777	0.7660755512765716	0.761909308934457	0.7660755512765716	0.761909308934457	1.0	endpoint
PF04560	0.0	0.944661538631504	0.858355144081352	1.5506732430201495	0.7683286247747496	0.7655523157356293	0.7683286247747496	0.7655523157356293	1.0	endpoint
PF04561	0.0	0.4284701697570283	0.9244962990295331	1.2629725611680958	0.626110157734044	0.801129013746566	0.626110157734044	0.801129013746566	0.7142857142857143	endpoint
PF04563	0.14285714285714285	0.5278868934792331	0.43035600973406263	2.231395394209913	0.6068280215323366	0.6496478262716743	0.6068280215323366	0.6496478262716743	0.5714285714285714	endpoint
PF04565	0.0	0.04592742603475459	0.1322833676098303	1.3403186395742623	0.5151234001314698	0.5163296955655133	0.5151234001314698	0.5163296955655133	0.5714285714285714	endpoint
PF04586	0.0	0.6758801825737201	0.891156906332029	1.4374758439190476	0.31627423359661455	0.3226914531505855	0.6837257664033854	0.6773085468494144	0.8571428571428571	baseline
PF04607	0.0	0.7416014467872658	1.3435020941824996	1.383666625468485	0.7406764309936077	0.8779547145657941	0.7406764309936077	0.8779547145657941	0.7142857142857143	endpoint
PF04613	0.0	0.3889454935304479	0.33841240560350333	1.5270057285827847	0.38028329321112814	0.40845979691109635	0.6197167067888718	0.5915402030889036	0.5714285714285714	baseline
PF04616	0.0	0.38695747989799606	0.5272563156837613	1.3661194769538048	0.36919983526448463	0.38993269392852303	0.6308001647355154	0.610067306071477	0.5714285714285714	baseline
PF04632	0.0	1.2095308357492993	1.2639076477762825	1.5471755986801876	0.1311778135204496	0.09141739291374132	0.8688221864795505	0.9085826070862587	1.0	baseline
PF04647	0.0	0.8044661519698447	1.046614230053613	1.5350168436480074	0.7338550897794748	0.7968080261064568	0.7338550897794748	0.7968080261064568	0.8571428571428571	endpoint
PF04655	0.0	0.4233374930364091	0.5900387800337455	1.3322418393927473	0.6032252969283637	0.7005480873251476	0.6032252969283637	0.7005480873251476	0.7142857142857143	endpoint
PF04657	0.0	0.22008905944969906	0.6523039995840667	1.3005555549718322	0.6067937688288823	0.6948256909242064	0.6067937688288823	0.6948256909242064	0.5714285714285714	endpoint
PF04685	0.0	0.8751973362690423	1.1966570644020302	1.3712971737691502	0.7612454808445598	0.7873808654758355	0.7612454808445598	0.7873808654758355	0.8571428571428571	endpoint
PF04688	0.0	0.4328152395889104	0.9234747449835011	1.464326543509066	0.41556575624571573	0.2530917643711274	0.5844342437542842	0.7469082356288725	0.7142857142857143	baseline
PF04715	0.0	0.23947020098407992	0.33399071548709713	1.432588513609495	0.47929434993767794	0.4351143087667245	0.5207056500623221	0.5648856912332755	0.5714285714285714	baseline
PF04717	0.0	0.3893139971789659	0.34414342927010916	1.2817836356725185	0.3988135649013074	0.40276944636195855	0.6011864350986926	0.5972305536380415	0.8571428571428571	baseline
PF04738	0.0	0.5976734537129592	0.8044675783853668	1.6780846239845821	0.6517190045580017	0.7688991172640476	0.6517190045580017	0.7688991172640476	0.7142857142857143	endpoint
PF04740	0.0	0.8637699645903171	1.1049959234921567	1.3798282026447022	0.777249765332391	0.887967538212962	0.777249765332391	0.887967538212962	0.8571428571428571	endpoint
PF04754	0.0	0.4110184510323348	0.49515615167337246	1.2731486343596061	0.3829877323728285	0.3522416921576564	0.6170122676271714	0.6477583078423437	0.7142857142857143	baseline
PF04760	0.0	0.09429301777388636	0.25450345976802496	1.486162829628403	0.5144730152865309	0.6158418160244507	0.5144730152865309	0.6158418160244507	0.5714285714285714	baseline
PF04773	0.0	0.06900278021760724	0.17095567181305818	1.3640863705748296	0.5347105603407419	0.44224273350143206	0.5347105603407419	0.5577572664985679	0.5714285714285714	endpoint
PF04794	0.0	0.13941818938311137	0.18887424138838524	1.5910443163554895	0.40133552385792487	0.44915736404923906	0.5986644761420752	0.550842635950761	0.5714285714285714	baseline
PF04796	0.0	0.25027316652848747	0.2235665378877351	1.5768274419327437	0.5560683015007041	0.5209479895110755	0.5560683015007041	0.5209479895110755	0.5714285714285714	endpoint
PF04816	0.0	0.8867035853630876	1.2678810236281448	1.6612647482128748	0.7981681794913505	0.9015649537494587	0.7981681794913505	0.9015649537494587	0.8571428571428571	endpoint
PF04829	0.0	1.2599605157167733	1.1966116128276385	1.8334785423277724	0.14708214310371012	0.17509593843896065	0.8529178568962898	0.8249040615610393	1.0	baseline
PF04851	0.0	0.1287674911694446	0.12198901994214326	1.3480330920502874	0.5530531060051429	0.45037105326135585	0.5530531060051429	0.5496289467386442	0.5714285714285714	endpoint
PF04854	0.0	0.28978080366776865	0.7604472877513412	1.2331727631690925	0.5946788174336677	0.7292995532988329	0.5946788174336677	0.7292995532988329	0.7142857142857143	endpoint
PF04860	0.0	0.26496707791417157	0.12222891193391491	1.3447033663328152	0.39241227192371936	0.48461996438183025	0.6075877280762807	0.5153800356181697	0.5714285714285714	baseline
PF04865	0.0	0.19600945414551277	0.4131216501694022	1.2635429082099285	0.4353231941665309	0.38078204318634407	0.564676805833469	0.619217956813656	0.5714285714285714	baseline
PF04879	0.0	0.7898465852886388	0.9551440922877863	1.7678151144664251	0.30182195509084675	0.30019703940390075	0.6981780449091533	0.6998029605960993	0.8571428571428571	baseline
PF04892	0.0	0.1212857197377182	0.4456334274029728	1.3516613997719902	0.5516251869792568	0.5736216128028179	0.5516251869792568	0.5736216128028179	0.5714285714285714	endpoint
PF04898	0.0	0.4486008644497464	0.8438638112467953	1.4118925849695905	0.38391955478927503	0.32868926626852907	0.6160804452107249	0.671310733731471	0.5714285714285714	baseline
PF04909	0.0	0.10365713602040287	0.38111086906546543	1.2126678834400038	0.5420177568001574	0.6126839761186712	0.5420177568001574	0.6126839761186712	0.5714285714285714	endpoint
PF04914	0.0	0.43427022959345835	0.3445481859246477	1.8466969623820264	0.6362368243181674	0.6181487891132343	0.6362368243181674	0.6181487891132343	0.7142857142857143	endpoint
PF04917	0.0	0.8122925975920179	1.0669583879604483	1.3953462677479627	0.28087994086969104	0.21354234732095687	0.719120059130309	0.7864576526790431	0.8571428571428571	baseline
PF04932	0.0	0.0910071904693867	0.1430858663370702	1.5343830391942623	0.48806279266267805	0.4785161029579894	0.511937207337322	0.5214838970420106	0.5714285714285714	baseline
PF04952	0.0	0.8794095781919671	0.824437826432566	1.5019291014232339	0.777857508609386	0.7412016935426832	0.777857508609386	0.7412016935426832	1.0	endpoint
PF04960	0.0	0.7318873565690962	1.0032441432912274	1.3710207951567799	0.27507620736821947	0.24788114536165642	0.7249237926317805	0.7521188546383436	0.8571428571428571	baseline
PF04961	0.0	0.4039120906202882	0.7111609930355084	1.6338995724060335	0.6646640264488364	0.7391568379724075	0.6646640264488364	0.7391568379724075	0.7142857142857143	endpoint
PF04962	0.0	0.47127542258549415	0.35713258679930465	1.4622128475264584	0.3579060336198322	0.41133791483190757	0.6420939663801678	0.5886620851680924	0.5714285714285714	baseline
PF04963	0.0	1.1139414019834246	1.1040082503870625	1.4078810627566707	0.17506925561169687	0.16554190033007168	0.8249307443883032	0.8344580996699283	1.0	baseline
PF04966	0.0	0.21867075265478306	0.44457711458258975	1.241847022444787	0.4030595298249941	0.3478089173464978	0.5969404701750058	0.6521910826535022	0.7142857142857143	baseline
PF04972	0.14285714285714285	1.0429231191037351	1.080780721266515	2.0661262807329974	0.21339777853967196	0.16823185417582232	0.7866022214603281	0.8317681458241777	0.8571428571428571	baseline
PF04973	0.0	0.11812542913483563	0.13325076760555915	1.556037615641224	0.47224869330858554	0.492740105041983	0.5277513066914145	0.5072598949580169	0.5714285714285714	baseline
PF04976	0.0	0.5700493228052272	0.5784481811077762	1.585789778737509	0.3476256659890458	0.32236796415716146	0.6523743340109542	0.6776320358428385	0.7142857142857143	baseline
PF04977	0.0	0.6201276722026509	0.9174688144895025	1.340768672995124	0.3271060690928246	0.29870885063642816	0.6728939309071754	0.7012911493635718	0.7142857142857143	baseline
PF04983	0.0	0.5501094643391704	0.24202191246179855	1.4840519616211856	0.6844673842750341	0.5743458977310512	0.6844673842750341	0.5743458977310512	0.7142857142857143	endpoint
PF04984	0.0	0.0030066944692448733	0.21464963764004122	1.440480903298508	0.45944950152536407	0.5062520773426611	0.5405504984746359	0.5062520773426611	0.5714285714285714	endpoint
PF04985	0.0	0.08314564598312439	0.011363186026827149	1.55760492530642	0.5028379589919866	0.5107677923890818	0.5028379589919866	0.5107677923890818	0.5714285714285714	baseline
PF04986	0.0	0.21925292721038536	0.0035766053223760543	1.2220168108026237	0.603940287422484	0.5140307670254999	0.603940287422484	0.5140307670254999	0.5714285714285714	endpoint
PF04991	0.0	0.3542697636885377	0.8318599580957058	1.2527460338273868	0.5912021904128221	0.7076667756261897	0.5912021904128221	0.7076667756261897	0.5714285714285714	endpoint
PF04993	0.0	0.08731704725209208	0.07890108353092225	1.484725122672683	0.5558947906257785	0.5581344986802185	0.5558947906257785	0.5581344986802185	0.7142857142857143	endpoint
PF04996	0.0	1.135844459951288	1.2422201043952583	1.633311626694738	0.17346659874756912	0.13135918161700483	0.8265334012524309	0.8686408183829952	1.0	baseline
PF04997	0.0	0.7447979253781284	1.0300355170967852	1.5311488503190185	0.29278865421671707	0.28156608854851484	0.7072113457832829	0.7184339114514852	0.8571428571428571	baseline
PF04998	0.0	0.25932634355155454	0.04037877764221495	1.3559375006201053	0.42122985648457917	0.5011092385678136	0.5787701435154209	0.5011092385678136	0.5714285714285714	baseline
PF05000	0.0	0.5109115675163645	0.7873529605655998	1.3493576109065712	0.31673660910665785	0.2906119799849861	0.6832633908933421	0.7093880200150139	0.5714285714285714	baseline
PF05014	0.0	0.5804934942065837	1.1061961955690922	1.5988393200251292	0.34885046446477086	0.23863656870600497	0.6511495355352291	0.761363431293995	0.7142857142857143	baseline
PF05015	0.0	0.8771014633541625	1.0398898276555455	1.695996370170826	0.24524447509741765	0.18909047641373916	0.7547555249025824	0.8109095235862609	0.8571428571428571	baseline
PF05016	0.14285714285714285	0.9114371046946718	0.9209005794571331	2.0049341222727457	0.7506176809154489	0.784136617207637	0.7506176809154489	0.784136617207637	1.0	endpoint
PF05025	0.0	0.37459937673647886	0.6466997884867266	1.490568685687941	0.40636142191495866	0.3293812142096182	0.5936385780850413	0.6706187857903818	0.7142857142857143	baseline
PF05031	0.0	1.0355795860311818	1.223479476322553	1.530062202351727	0.8177593925301299	0.7431848850694642	0.8177593925301299	0.7431848850694642	1.0	endpoint
PF05035	0.0	1.0544419469071624	1.2992791929558352	1.5749555015949372	0.19561363296243228	0.14500167135664863	0.8043863670375677	0.8549983286433513	0.8571428571428571	baseline
PF05036	0.0	0.27637336228696824	0.2500005459225867	1.142541217610501	0.4420251208745777	0.42617739788048725	0.5579748791254223	0.5738226021195127	0.5714285714285714	baseline
PF05043	0.0	0.18626423698703595	0.7620294209915028	1.4695264445845684	0.5582465474745891	0.7324887125545534	0.5582465474745891	0.7324887125545534	0.5714285714285714	endpoint
PF05045	0.0	0.3472232650036417	0.11701547425301467	1.222217678877672	0.6135790558312577	0.5398894840514105	0.6135790558312577	0.5398894840514105	0.5714285714285714	endpoint
PF05063	0.0	0.368201696986215	0.5832699787172206	1.611263182801165	0.5862022678874105	0.6429379997451589	0.5862022678874105	0.6429379997451589	0.5714285714285714	endpoint
PF05065	0.0	0.2534653315238055	0.2738395753353977	1.5068982925868222	0.4203127210842044	0.44917643696567583	0.5796872789157956	0.5508235630343241	0.5714285714285714	baseline
PF05067	0.0	0.6212455141650681	0.8603087173352618	1.678957435993084	0.6850665807391451	0.7447686873621084	0.6850665807391451	0.7447686873621084	0.7142857142857143	endpoint
PF05076	0.0	0.1301330825664672	0.40827221405882486	1.380888330996823	0.539704304128369	0.6201706508259653	0.539704304128369	0.6201706508259653	0.5714285714285714	endpoint
PF05089	0.0	0.5310596483953696	0.35052786203650343	1.5261759737234226	0.30430289203165783	0.41101718883854677	0.6956971079683422	0.5889828111614532	0.5714285714285714	baseline
PF05103	0.0	0.4706053407676113	1.0464674714707687	1.7453940256578269	0.6371887950425162	0.6443313839125135	0.6371887950425162	0.6443313839125135	0.5714285714285714	endpoint
PF05105	0.0	0.12158822417448015	0.12904380300516985	1.2282246978850873	0.5351852595998958	0.5162737246033783	0.5351852595998958	0.5162737246033783	0.5714285714285714	endpoint
PF05107	0.0	0.7663257370487421	0.6839394033204992	1.5556945733996252	0.725343801800325	0.7772849709752016	0.725343801800325	0.7772849709752016	0.8571428571428571	endpoint
PF05108	0.0	0.5060072884928812	0.729053103180418	1.1914026059572986	0.3476335107149869	0.2986417684333537	0.6523664892850132	0.7013582315666462	0.8571428571428571	baseline
PF05116	0.0	0.3408696152319188	1.0328307811062554	1.6723132970035284	0.6366066722738346	0.7579657252537719	0.6366066722738346	0.7579657252537719	0.7142857142857143	endpoint
PF05125	0.0	1.0592742541404505	1.0486877819781537	1.929698067938083	0.20884539644693922	0.17818985390319048	0.7911546035530608	0.8218101460968095	1.0	baseline
PF05127	0.0	0.4423482669505449	0.7742085630034263	1.2314506173725541	0.38231944727688344	0.2514453822508709	0.6176805527231166	0.7485546177491291	0.8571428571428571	baseline
PF05130	0.0	0.0673448780724284	0.17700199821127502	1.1050762740851332	0.490672557097933	0.45362064297042	0.509327442902067	0.5463793570295801	0.5714285714285714	baseline
PF05133	0.0	0.6012938868747367	0.8449578136132504	1.3584971772691705	0.3217117876554016	0.26462688887372593	0.6782882123445984	0.735373111126274	0.8571428571428571	baseline
PF05136	0.0	0.17727227723445127	0.27107286128283725	1.2858724974012878	0.555633767826958	0.5988749481310286	0.555633767826958	0.5988749481310286	0.5714285714285714	endpoint
PF05138	0.0	0.09326035658962849	0.7541522768982136	1.3424315766287385	0.5743432294002344	0.7155080326400859	0.5743432294002344	0.7155080326400859	0.5714285714285714	endpoint
PF05139	0.0	0.11202187854617551	0.016147414651509946	0.8843741384133186	0.5435996602117025	0.47330129390417053	0.5435996602117025	0.5266987060958295	0.5714285714285714	endpoint
PF05140	0.0	0.3084180114245481	0.31126876009990007	1.5003895103236815	0.3947588827370172	0.5266556546486479	0.6052411172629828	0.5266556546486479	0.5714285714285714	baseline
PF05147	0.0	0.62360212576228	1.1383598201894054	1.2751095052547197	0.7422287267938651	0.8564501770743406	0.7422287267938651	0.8564501770743406	0.7142857142857143	endpoint
PF05154	0.0	0.4994895431303699	0.8008828881324371	1.7753059014519303	0.330422859874528	0.2571798023077885	0.669577140125472	0.7428201976922115	0.5714285714285714	baseline
PF05157	0.0	0.18702056248235385	0.2931625460407319	1.4508622695104219	0.38216389331589745	0.370296274660575	0.6178361066841025	0.629703725339425	0.5714285714285714	baseline
PF05159	0.0	0.5448847331920929	0.9508434621070869	1.5324726086899818	0.3797511690767807	0.23814106474082983	0.6202488309232193	0.7618589352591701	0.7142857142857143	baseline
PF05167	0.0	1.1581394827133142	1.26177554610161	1.6585174761422807	0.8371877555873243	0.900922696728949	0.8371877555873243	0.900922696728949	1.0	endpoint
PF05170	0.0	0.7427341529168532	1.0461963029346564	1.3065912328964162	0.2632289601410225	0.2160607661376294	0.7367710398589775	0.7839392338623706	0.8571428571428571	baseline
PF05173	0.0	0.3460301710331704	0.641508548445868	1.604445446262999	0.3897005182722986	0.2789929619598324	0.6102994817277014	0.7210070380401676	0.7142857142857143	baseline
PF05175	0.0	0.1757914375656892	0.2866997064398883	1.6682646008003958	0.4997896437862674	0.44616999665896523	0.5002103562137326	0.5538300033410348	0.5714285714285714	baseline
PF05183	0.0	0.4900901686738875	0.556134737958685	1.2467156714200909	0.6519436233751618	0.6432077581666293	0.6519436233751618	0.6432077581666293	0.7142857142857143	endpoint
PF05188	0.0	0.05382016317678495	0.32910046358368505	1.636804611216526	0.5091512309468824	0.5838867525155175	0.5091512309468824	0.5838867525155175	0.5714285714285714	endpoint
PF05190	0.0	0.34695700363344234	0.17588998778507564	1.2169907538422515	0.3917048439985637	0.45915386824133164	0.6082951560014362	0.5408461317586684	0.8571428571428571	baseline
PF05192	0.0	0.40524790168201863	0.678445259236551	1.204957272211666	0.36930740929598116	0.3206309843151869	0.6306925907040188	0.6793690156848131	0.7142857142857143	baseline
PF05193	0.0	0.12293108555914187	0.15703074668128378	1.3304200417715002	0.525482439499455	0.5499052625547087	0.525482439499455	0.5499052625547087	0.5714285714285714	endpoint
PF05195	0.14285714285714285	1.3674249992495786	1.2244233983139803	2.1084249850816996	0.11020454757595936	0.07340543556542513	0.8897954524240407	0.9265945644345749	1.0	baseline
PF05198	0.0	0.012160609219902033	0.24448944378490586	1.3449619719738577	0.5010086149565097	0.4402453122661533	0.5010086149565097	0.5597546877338466	0.5714285714285714	endpoint
PF05201	0.0	0.3488090384616247	0.3659910890829911	1.2091516449575297	0.6170341599623848	0.6085164036217158	0.6170341599623848	0.6085164036217158	0.5714285714285714	endpoint
PF05221	0.0	0.356785389855854	0.4786541769234626	1.8452000131284574	0.4293901971142994	0.401294897608568	0.5706098028857006	0.598705102391432	0.5714285714285714	baseline
PF05222	0.0	0.9335127866119288	1.2260975949227304	1.49398738034096	0.21092506236641542	0.09583730888055166	0.7890749376335846	0.9041626911194484	0.8571428571428571	baseline
PF05229	0.0	1.0767178173151861	1.061604700967803	1.411598058263989	0.19037476399710868	0.23629975722091634	0.8096252360028913	0.7637002427790837	1.0	baseline
PF05231	0.0	1.020789331447898	1.303706042335009	1.7767327265898867	0.2147774082506	0.09783020962954365	0.7852225917494	0.9021697903704563	1.0	baseline
PF05257	0.0	0.7540016181066118	0.8222910354129016	1.3768470306293814	0.29378856528662034	0.30266434104286744	0.7062114347133797	0.6973356589571326	0.8571428571428571	baseline
PF05258	0.0	0.3430583198777697	0.6329174059807019	1.4523825573284743	0.3898655057418034	0.36555844840752133	0.6101344942581965	0.6344415515924786	0.5714285714285714	baseline
PF05272	0.0	0.25210662878774465	0.5132334953622038	1.2683468830091824	0.5433166460481178	0.6749886374525272	0.5433166460481178	0.6749886374525272	0.5714285714285714	endpoint
PF05275	0.0	0.4046449984573496	0.1505156472722756	1.5518333914565137	0.3874556342634157	0.44563571727753654	0.6125443657365843	0.5543642827224635	0.5714285714285714	baseline
PF05342	0.0	0.3182104504729408	0.48358952207957606	1.4553473486110977	0.591422359183044	0.7019649671255691	0.591422359183044	0.7019649671255691	0.5714285714285714	endpoint
PF05343	0.0	0.3754293650081243	0.484928266442165	1.1466237800660681	0.4134066578141267	0.34304048319691116	0.5865933421858733	0.6569595168030888	0.8571428571428571	baseline
PF05352	0.0	0.4775263702684631	0.737751304735013	1.2821405695747372	0.6533602020114418	0.7476327292940443	0.6533602020114418	0.7476327292940443	0.7142857142857143	endpoint
PF05362	0.0	0.7231878489721462	1.2639053012465278	1.4119157289525355	0.7285682910597153	0.827612945961961	0.7285682910597153	0.827612945961961	0.8571428571428571	endpoint
PF05368	0.0	0.19242634239491668	0.1212752417095157	1.3392209521058793	0.43417251513146393	0.47457069039866223	0.5658274848685361	0.5254293096013378	0.5714285714285714	baseline
PF05378	0.0	0.3957631703190546	0.05014305265237756	1.57220107216158	0.3970167083755803	0.5014721901583005	0.6029832916244198	0.5014721901583005	0.5714285714285714	baseline
PF05385	0.0	0.5299043653015669	0.7016123910796748	0.9032339538028313	0.34961396477759676	0.34761240427559814	0.6503860352224032	0.6523875957244019	1.0	baseline
PF05389	0.0	0.7565566935162134	0.7920507671343722	1.5407696856602373	0.7182429331882154	0.7326389301120673	0.7182429331882154	0.7326389301120673	0.8571428571428571	endpoint
PF05402	0.0	0.6999370591125083	0.9255470994654205	1.4639211040671565	0.6942945303111109	0.7699364801367209	0.6942945303111109	0.7699364801367209	0.8571428571428571	endpoint
PF05406	0.0	0.05244860874253944	0.8168377976635859	1.582193742225887	0.4849898511875976	0.3101791438630521	0.5150101488124024	0.6898208561369479	0.5714285714285714	baseline
PF05420	0.14285714285714285	1.3023722379060148	1.2508215760830288	2.0852748968049073	0.12958469154346092	0.12447138935638467	0.8704153084565391	0.8755286106436153	1.0	baseline
PF05425	0.0	0.34191413109197105	0.7686850398875715	1.2494534334882097	0.4498141353433899	0.28636501857947416	0.5501858646566101	0.7136349814205258	0.7142857142857143	baseline
PF05426	0.0	0.037575838469744806	0.04076180710270878	1.3100260168520634	0.53075581208603	0.4964002097904959	0.53075581208603	0.5035997902095041	0.5714285714285714	endpoint
PF05430	0.0	0.17443483331189716	0.20623286670355287	1.3075151542079215	0.4573029284587431	0.40013470545627955	0.5426970715412569	0.5998652945437204	0.5714285714285714	baseline
PF05437	0.0	0.17266978188843546	0.6485839921213775	1.5430227628066866	0.3934306886537109	0.3057263897108636	0.6065693113462891	0.6942736102891365	0.7142857142857143	baseline
PF05448	0.0	0.004172858632459483	0.09554697901625744	1.0177536016995494	0.4900874819845833	0.4547603540515586	0.5099125180154167	0.5452396459484414	0.5714285714285714	endpoint
PF05496	0.0	0.4082605916857795	0.4095450909604061	1.616612183609855	0.6407922319234196	0.6707749908275543	0.6407922319234196	0.6707749908275543	0.7142857142857143	endpoint
PF05524	0.0	0.7324962348618608	0.7243967338189262	1.4517769397489466	0.7436088940559061	0.7073063006629704	0.7436088940559061	0.7073063006629704	0.8571428571428571	endpoint
PF05525	0.0	0.2693652383478623	0.4360864295423626	1.3833291678356894	0.41611238132487455	0.3874340723362145	0.5838876186751254	0.6125659276637855	0.7142857142857143	baseline
PF05544	0.0	0.8064080431351286	1.1537607131034184	1.6038644730457594	0.7646073443919423	0.8802393182636176	0.7646073443919423	0.8802393182636176	0.8571428571428571	endpoint
PF05547	0.0	0.6208098119599355	0.6140696844536603	1.483791602977592	0.7076539367398151	0.7082081454894013	0.7076539367398151	0.7082081454894013	0.7142857142857143	endpoint
PF05569	0.0	0.44705806279533666	0.7504460090570055	1.3068030614947461	0.6917937714836638	0.75167927584865	0.6917937714836638	0.75167927584865	0.7142857142857143	endpoint
PF05576	0.0	0.15401774486828917	0.20656578659574515	1.3039030368769615	0.4632957961657559	0.44250636308596963	0.5367042038342441	0.5574936369140304	0.5714285714285714	baseline
PF05580	0.0	1.0050511964934254	0.934710539595744	1.440992769557891	0.7887418117927092	0.7731863361920405	0.7887418117927092	0.7731863361920405	1.0	endpoint
PF05592	0.0	0.45176463369070635	1.1301840899626638	1.4282226478362006	0.3288666693061605	0.19611499738130436	0.6711333306938395	0.8038850026186957	0.5714285714285714	baseline
PF05593	0.0	0.40736784993044645	0.4161253366421	1.0769333584408147	0.6349362046736976	0.6500110742168984	0.6349362046736976	0.6500110742168984	0.7142857142857143	endpoint
PF05594	0.0	0.8309014451894949	0.9067968986052812	1.3664436478700805	0.2419785171378485	0.2046015903223536	0.7580214828621515	0.7953984096776464	1.0	baseline
PF05598	0.0	0.3287406435830764	0.5310728666014254	1.65255220811453	0.5788343718921648	0.6373487961080115	0.5788343718921648	0.6373487961080115	0.7142857142857143	endpoint
PF05636	0.0	0.7176969444507008	0.842443953993092	1.5143274154530122	0.7356393329114079	0.7101411012464667	0.7356393329114079	0.7101411012464667	0.8571428571428571	endpoint
PF05638	0.0	0.5316609113497952	0.6198881633642703	1.4227650161658612	0.35076423159041364	0.2752534935752202	0.6492357684095864	0.7247465064247798	0.7142857142857143	baseline
PF05649	0.0	0.6188650073679833	1.2743657093063898	1.5624502202404122	0.29186146973535615	0.1479251549203483	0.7081385302646439	0.8520748450796517	0.7142857142857143	baseline
PF05651	0.0	0.0151454738788106	0.3059537756113889	1.2024753664788725	0.5041485315159964	0.42010149048294987	0.5041485315159964	0.5798985095170501	0.5714285714285714	baseline
PF05656	0.0	0.23990748639983955	0.583173715792992	1.5316238453518383	0.5493989252927359	0.5674259871773577	0.5493989252927359	0.5674259871773577	0.5714285714285714	endpoint
PF05658	0.0	0.08756260447699098	0.24618184985680308	1.2741344465196645	0.5292398297016211	0.5554251116095542	0.5292398297016211	0.5554251116095542	0.5714285714285714	endpoint
PF05662	0.0	0.27595991929381924	0.4947760058795081	1.0036592728165172	0.5859481448182188	0.6288633192341927	0.5859481448182188	0.6288633192341927	0.7142857142857143	endpoint
PF05670	0.0	0.21642616851428678	0.7123382882013025	1.5366465255509638	0.5693010980291798	0.739532110966253	0.5693010980291798	0.739532110966253	0.5714285714285714	endpoint
PF05673	0.0	1.084887999267524	1.3998886778738981	1.7612652926350745	0.8008699299153956	0.8404604792544568	0.8008699299153956	0.8404604792544568	0.8571428571428571	endpoint
PF05681	0.0	0.2951353751002056	0.14205615246745143	1.5724687409914964	0.6114016275715599	0.5464045032502114	0.6114016275715599	0.5464045032502114	0.5714285714285714	endpoint
PF05683	0.0	0.17097357322500542	0.4760730372240612	1.4432717485931594	0.5294814635759283	0.6343347813230888	0.5294814635759283	0.6343347813230888	0.7142857142857143	endpoint
PF05684	0.0	0.2336651912889052	0.6656954393114555	1.5754918716284143	0.5277109893166121	0.7035068973962855	0.5277109893166121	0.7035068973962855	0.7142857142857143	endpoint
PF05685	0.0	0.5870847665236816	1.0945203836982849	1.5210021011666974	0.7188151533272854	0.8466155407744335	0.7188151533272854	0.8466155407744335	0.8571428571428571	endpoint
PF05686	0.0	0.7497626158117133	0.7007972928249783	1.266450579313396	0.7253334695834033	0.7008014188893003	0.7253334695834033	0.7008014188893003	1.0	endpoint
PF05688	0.0	0.9054959889380003	1.2317006693945929	1.5901794025974616	0.24597198345585428	0.11985291668595599	0.7540280165441458	0.880147083314044	0.8571428571428571	baseline
PF05689	0.0	0.6230426284891529	1.245030730570706	1.3721315963801308	0.343503221724714	0.19745694092295457	0.656496778275286	0.8025430590770455	0.7142857142857143	baseline
PF05690	0.0	0.6245187698352908	0.6325356401470387	1.6909599171599574	0.3623807553531854	0.2911039392194893	0.6376192446468145	0.7088960607805107	0.8571428571428571	baseline
PF05691	0.0	0.36817256440510615	0.6160359060152267	1.156903662730725	0.5898140870867168	0.677438034972234	0.5898140870867168	0.677438034972234	0.7142857142857143	endpoint
PF05693	0.0	0.89992781720735	0.7756045730450088	1.5071804796132835	0.7800525112137935	0.8102575147404131	0.7800525112137935	0.8102575147404131	1.0	endpoint
PF05697	0.0	0.4348803012246391	0.7638173218622998	1.509257589830457	0.6438157327843614	0.7781702985815443	0.6438157327843614	0.7781702985815443	0.5714285714285714	endpoint
PF05698	0.0	0.8833951131966439	1.1174913080116418	1.516839843921653	0.79263257915565	0.8728549056541315	0.79263257915565	0.8728549056541315	1.0	endpoint
PF05704	0.0	0.2615021232283585	0.49746659750129146	1.4830093890603717	0.37755796730124064	0.3331444305429744	0.6224420326987594	0.6668555694570256	0.5714285714285714	baseline
PF05709	0.0	0.1443640279213187	0.10977529465868886	1.5100274809656498	0.4294510715588062	0.45239849562816287	0.5705489284411938	0.5476015043718372	0.5714285714285714	baseline
PF05713	0.0	0.0673765595559935	0.001064836973441383	1.3659855502600964	0.4642994299356663	0.471289209101492	0.5357005700643337	0.528710790898508	0.5714285714285714	endpoint
PF05717	0.0	0.2109999090552403	0.1992378095113085	1.3164322366051355	0.5734658899580388	0.558179630439582	0.5734658899580388	0.558179630439582	0.7142857142857143	endpoint
PF05728	0.0	0.4468757894270073	0.9416445633357837	1.4669824407249799	0.3890027139705222	0.3143106510255452	0.6109972860294778	0.6856893489744549	0.7142857142857143	baseline
PF05731	0.0	0.5108558654248713	0.9089824902989819	1.2106107062313636	0.33486582192317765	0.23679647976882232	0.6651341780768223	0.7632035202311777	0.8571428571428571	baseline
PF05732	0.0	0.942453129435375	1.1296708501605444	1.345773356778679	0.7761901149498837	0.827809404298118	0.7761901149498837	0.827809404298118	1.0	endpoint
PF05737	0.0	0.17109027650182515	0.08873056227374534	1.0350367012056128	0.4730846651708536	0.47241294650970433	0.5269153348291464	0.5275870534902957	0.7142857142857143	baseline
PF05738	0.0	0.0029271979425658907	0.3725799426032046	1.4038493596830817	0.5322196278252705	0.404938817025137	0.5322196278252705	0.595061182974863	0.5714285714285714	baseline
PF05746	0.0	0.034847784378463996	0.08586266388402787	1.6016478948403707	0.507398182483894	0.5398375993947044	0.507398182483894	0.5398375993947044	0.5714285714285714	baseline
PF05762	0.0	0.7587051792660258	0.7929355107131931	1.3006243324013085	0.7229727736542435	0.7164529558982818	0.7229727736542435	0.7164529558982818	1.0	endpoint
PF05766	0.0	0.5004529092490895	0.8736557173946866	1.4347137695839614	0.3527146487897327	0.26682373728639924	0.6472853512102673	0.7331762627136007	0.7142857142857143	baseline
PF05816	0.0	0.14611152706237032	0.2664740138991095	1.4425346776006822	0.5840067440197012	0.5754908998385212	0.5840067440197012	0.5754908998385212	0.5714285714285714	endpoint
PF05833	0.14285714285714285	0.8881110805952402	1.09963643429596	2.02292284196372	0.7299279732151175	0.8107362882214242	0.7299279732151175	0.8107362882214242	0.8571428571428571	endpoint
PF05838	0.0	0.06342174608380703	0.2730704788731849	1.3384745622289973	0.45977253765075904	0.429448842183181	0.5402274623492409	0.570551157816819	0.7142857142857143	baseline
PF05840	0.0	1.220472985010512	1.2428720297034765	1.7655769336796934	0.14811069666351337	0.10511678510985939	0.8518893033364866	0.8948832148901407	1.0	baseline
PF05853	0.0	0.9048517946879547	1.057084644773152	1.6871303679706222	0.19791827920986504	0.1254618778823853	0.802081720790135	0.8745381221176147	0.8571428571428571	baseline
PF05857	0.0	0.032174090043881165	0.3777906504049671	1.6527239165774752	0.47469963483301375	0.39204410425852426	0.5253003651669863	0.6079558957414757	0.5714285714285714	endpoint
PF05860	0.0	0.1894597427961902	0.6825392197621335	1.3876743614213094	0.44461252787936906	0.3476413501393771	0.5553874721206309	0.6523586498606229	0.5714285714285714	baseline
PF05861	0.0	0.09587651752939338	0.3691862141535625	1.2559077355919392	0.5564579152230404	0.6301494260510887	0.5564579152230404	0.6301494260510887	0.5714285714285714	endpoint
PF05866	0.0	0.14829837665269283	0.6013957098094406	1.3513142218990706	0.45911505384284634	0.37260039295868974	0.5408849461571537	0.6273996070413103	0.7142857142857143	baseline
PF05869	0.0	0.39978978762334755	0.33073484122872066	1.3132863299962316	0.37254349316273705	0.3958259577119602	0.627456506837263	0.6041740422880397	0.7142857142857143	baseline
PF05872	0.0	0.17526897263425048	0.6438662003262529	1.5795078184583022	0.4827199731476378	0.26316931338323996	0.5172800268523622	0.73683068661676	0.7142857142857143	baseline
PF05876	0.0	0.12782431717855602	0.7034052588078402	1.335211440118035	0.5936553141027671	0.7442634826717974	0.5936553141027671	0.7442634826717974	0.5714285714285714	endpoint
PF05893	0.0	0.9618719223969314	1.1332066113206285	1.679121471134905	0.21591725810308748	0.12981753120575568	0.7840827418969125	0.8701824687942443	0.8571428571428571	baseline
PF05894	0.0	0.5121615611952937	0.6432051794865461	1.0760676971934404	0.32335784130734485	0.31223437436032203	0.6766421586926552	0.687765625639678	0.8571428571428571	baseline
PF05901	0.0	0.1583629110419086	0.4301998207707024	1.3631722006766684	0.5742482623874297	0.6818935177031489	0.5742482623874297	0.6818935177031489	0.5714285714285714	endpoint
PF05935	0.0	0.585398152519146	1.0251833794739706	1.9111652239316748	0.3679530434891848	0.15337308143327286	0.6320469565108152	0.8466269185667271	0.7142857142857143	baseline
PF05936	0.0	0.9910787724401616	1.2996332497682521	1.970374925203655	0.2507303388872914	0.14354444568956395	0.7492696611127085	0.8564555543104361	0.7142857142857143	baseline
PF05943	0.0	0.14765342727429484	0.5286403252771993	1.5699777017575964	0.5116388346216072	0.3896091402887679	0.5116388346216072	0.6103908597112321	0.5714285714285714	baseline
PF05947	0.0	0.9723614450385136	1.2101520945106086	1.8823954800419511	0.2463754745691444	0.09345997231337823	0.7536245254308556	0.9065400276866218	0.8571428571428571	baseline
PF05949	0.0	0.41715408607696813	0.9975810875131018	1.5053467330939398	0.4162338291376085	0.2708788924306648	0.5837661708623916	0.7291211075693351	0.7142857142857143	baseline
PF05954	0.0	0.37902131838301484	0.0932645577260708	1.683624694205259	0.39612617854956406	0.46859003043472647	0.603873821450436	0.5314099695652735	0.7142857142857143	baseline
PF05958	0.0	1.1030898436470233	1.258115119619862	1.8924388042924074	0.8470035074298261	0.9556088040349815	0.8470035074298261	0.9556088040349815	0.8571428571428571	endpoint
PF05960	0.0	0.9290374065475927	0.881354336736588	1.5075673520333772	0.7996656178789895	0.8459443933623692	0.7996656178789895	0.8459443933623692	1.0	endpoint
PF05970	0.0	0.592438778737377	1.035329772050782	1.471726431332532	0.31564483221158063	0.2263186246690416	0.6843551677884194	0.7736813753309584	0.7142857142857143	baseline
PF05973	0.0	0.4071797063102672	0.774458902679787	1.2708117120263371	0.6175976211980544	0.7234484995526994	0.6175976211980544	0.7234484995526994	0.7142857142857143	endpoint
PF05974	0.0	0.815056841809198	0.6461335011361579	1.4302487098642058	0.26031846499004363	0.3210443247256876	0.7396815350099564	0.6789556752743124	1.0	baseline
PF05977	0.0	0.10831934930096011	0.10282145631904145	1.5461871036089148	0.5166999682080123	0.4535528122788597	0.5166999682080123	0.5464471877211403	0.5714285714285714	endpoint
PF05985	0.0	0.44073702677043997	0.29206895060351257	1.5666890053605205	0.3321497956483407	0.4449147752355651	0.6678502043516593	0.5550852247644349	0.5714285714285714	baseline
PF05987	0.0	0.6450067893132149	0.5067338392573421	1.8163038109857925	0.3436721578379003	0.35605804945986097	0.6563278421620997	0.643941950540139	0.8571428571428571	baseline
PF05991	0.14285714285714285	0.37922774261528414	0.8157368694582928	2.055437911463037	0.5723077770624202	0.7598826655302673	0.5723077770624202	0.7598826655302673	0.7142857142857143	endpoint
PF05992	0.0	0.6133756715097596	1.0053324605020393	1.8533679451835363	0.3710900384388737	0.17764466992589953	0.6289099615611262	0.8223553300741004	0.5714285714285714	baseline
PF06004	0.0	1.1698069135547307	1.376762822026361	1.8309693788073338	0.1534822264851834	0.042661212549471056	0.8465177735148166	0.9573387874505289	0.8571428571428571	baseline
PF06007	0.0	0.43666435963860967	0.8302088365806335	1.4530757690281413	0.4222917514931249	0.229414579592488	0.5777082485068751	0.770585420407512	0.7142857142857143	baseline
PF06013	0.0	0.10962979694167017	0.21971244206804377	1.5898881582226692	0.49545736394336143	0.5070924879425373	0.5045426360566385	0.5070924879425373	0.5714285714285714	endpoint
PF06026	0.0	0.3166761887710665	0.250682634246237	1.9960154942785375	0.4591916910668588	0.43232384280319797	0.5408083089331412	0.5676761571968021	0.7142857142857143	baseline
PF06032	0.0	0.5562910939521617	0.8905680958548411	1.5010435425018873	0.6757978675566546	0.7766093441239479	0.6757978675566546	0.7766093441239479	0.8571428571428571	endpoint
PF06039	0.0	0.9028186175769529	1.359155724889452	1.7685926314911118	0.26723827253074617	0.1622398239754688	0.7327617274692538	0.8377601760245312	0.8571428571428571	baseline
PF06048	0.0	0.6014361677849739	0.5634930839342818	1.8697290216605493	0.3456163278770975	0.3521868200511411	0.6543836721229025	0.6478131799488589	0.8571428571428571	baseline
PF06050	0.0	0.31198852807405925	0.41426128013297014	1.596858587208582	0.6193490708584272	0.6445174923180286	0.6193490708584272	0.6445174923180286	0.5714285714285714	endpoint
PF06067	0.0	0.051086374679459014	0.08771013565094432	1.5371315081799064	0.49711736671271334	0.5336994962686522	0.5028826332872867	0.5336994962686522	0.5714285714285714	endpoint
PF06071	0.0	0.6739731784012994	0.8110031425410603	1.6010887607132656	0.7055034230389333	0.7709823847388804	0.7055034230389333	0.7709823847388804	0.8571428571428571	endpoint
PF06074	0.0	0.31433506136835854	0.7978467610082143	1.2132384195577868	0.6315704016232859	0.6997151734338747	0.6315704016232859	0.6997151734338747	0.7142857142857143	endpoint
PF06082	0.0	0.4058130325861939	0.8556724890831932	1.600434282972522	0.41946690722228447	0.3131555900979923	0.5805330927777155	0.6868444099020077	0.5714285714285714	baseline
PF06097	0.0	0.45166870603306647	0.8479146513417418	1.501964123066031	0.3904792481077067	0.22572044468037092	0.6095207518922934	0.7742795553196291	0.7142857142857143	baseline
PF06100	0.0	0.5041055715655718	0.9589894908341555	1.6750691212305173	0.34530811881158535	0.20060497700242033	0.6546918811884146	0.7993950229975797	0.7142857142857143	baseline
PF06103	0.0	0.11222871225421385	0.8424537210284946	1.3548322699265674	0.518003601544643	0.33077603823754526	0.518003601544643	0.6692239617624547	0.5714285714285714	baseline
PF06114	0.0	0.1929781604591486	0.17698978471224508	1.2064272573048382	0.4493515155682561	0.44124108856067995	0.5506484844317439	0.5587589114393201	0.7142857142857143	baseline
PF06122	0.0	0.1267684613298406	0.3792136181847398	1.2058346692428645	0.5381118493283272	0.5335692126526149	0.5381118493283272	0.5335692126526149	0.5714285714285714	endpoint
PF06123	0.0	0.3242329908002111	0.5373454048394339	1.850378073865762	0.42809635886160863	0.3703167798446351	0.5719036411383913	0.6296832201553648	0.5714285714285714	baseline
PF06125	0.0	0.47041732001359593	0.2950723209397128	1.6169927520166243	0.6159571942545875	0.5441091019104273	0.6159571942545875	0.5441091019104273	0.7142857142857143	endpoint
PF06130	0.0	0.2351216682608638	0.13444915831237358	1.3190069208783697	0.44317796898457357	0.4483027070490577	0.5568220310154264	0.5516972929509423	0.5714285714285714	baseline
PF06134	0.0	0.03372858716026505	0.24934080272748455	1.4607608187240078	0.5544990930872451	0.5763632555110495	0.5544990930872451	0.5763632555110495	0.5714285714285714	endpoint
PF06144	0.0	0.5444944652880086	0.8248811715434357	1.6654407446773327	0.6740268677605463	0.8302709496010637	0.6740268677605463	0.8302709496010637	0.7142857142857143	endpoint
PF06149	0.0	0.05555650625105262	0.2539060143558245	1.3411113280131057	0.45271743113909757	0.5127685200719514	0.5472825688609024	0.5127685200719514	0.5714285714285714	baseline
PF06152	0.0	0.2094162663380017	0.014338125464450886	1.5036926749130857	0.44928925905624284	0.47326971083826785	0.5507107409437572	0.5267302891617321	0.5714285714285714	baseline
PF06160	0.0	0.23657263921800661	0.6653713786575418	1.6263551085059214	0.5728809882882414	0.5810705567314041	0.5728809882882414	0.5810705567314041	0.5714285714285714	endpoint
PF06161	0.0	0.07689943373237355	0.5119638816928975	1.8795818847163095	0.48972924093313785	0.3734336581887987	0.5102707590668621	0.6265663418112013	0.5714285714285714	endpoint
PF06165	0.0	0.9746431673435095	1.2726365130896315	1.6432585106483397	0.8133992567419834	0.8973554571318603	0.8133992567419834	0.8973554571318603	0.8571428571428571	endpoint
PF06166	0.0	0.4551506181502291	0.5225791012066443	1.3580246600859165	0.3808776835621604	0.2930936686741796	0.6191223164378397	0.7069063313258204	0.5714285714285714	baseline
PF06172	0.0	0.5024137012461908	0.7013455153283729	1.407501706136347	0.3405918621997813	0.3541995841173681	0.6594081378002187	0.6458004158826318	0.8571428571428571	baseline
PF06175	0.0	0.6623365383303261	0.7713694736403451	1.2667313104742814	0.2983422985003979	0.34257581360686357	0.7016577014996022	0.6574241863931365	1.0	baseline
PF06177	0.0	0.6813819654398661	1.0559975838918532	1.4518583328288654	0.7054764225277607	0.6888062092403697	0.7054764225277607	0.6888062092403697	0.7142857142857143	endpoint
PF06178	0.0	0.4419285096414282	0.3119275543489	1.128655627303072	0.3584098869596423	0.44027223261682935	0.6415901130403576	0.5597277673831706	0.8571428571428571	baseline
PF06180	0.0	1.152326677597824	1.2467349812816315	1.7329305546940952	0.8457564370927528	0.8369706751800986	0.8457564370927528	0.8369706751800986	1.0	endpoint
PF06182	0.0	0.1411188157774955	0.12776746892229662	1.4633226931017014	0.5141348396056842	0.5430640960808797	0.5141348396056842	0.5430640960808797	0.7142857142857143	endpoint
PF06202	0.0	0.11679464589575571	0.4544456559673299	1.7526653431810981	0.5101225500208348	0.3951842324216319	0.5101225500208348	0.6048157675783681	0.5714285714285714	endpoint
PF06207	0.0	0.8176476521003327	0.9429290537910865	1.88364295317683	0.7153964880490421	0.7833000442247169	0.7153964880490421	0.7833000442247169	0.8571428571428571	endpoint
PF06224	0.0	0.1923361311624958	0.46885485228424506	0.9405370431167729	0.566709665461117	0.62280347425034	0.566709665461117	0.62280347425034	0.5714285714285714	endpoint
PF06245	0.0	0.7476196036436354	0.9741322728813733	1.268651388536681	0.741065958311185	0.8052925732836322	0.741065958311185	0.8052925732836322	0.8571428571428571	endpoint
PF06250	0.0	0.4568145015303942	0.7435803178905398	1.5165836955978975	0.6109283566260583	0.6763428692556179	0.6109283566260583	0.6763428692556179	0.7142857142857143	endpoint
PF06253	0.0	0.4482866664173467	0.974333588234632	1.1930101549683134	0.6473931863906365	0.8130063277291526	0.6473931863906365	0.8130063277291526	0.7142857142857143	endpoint
PF06258	0.0	0.9479910495907061	1.0773432981327873	1.4730976403496399	0.23820417799201546	0.24222610404857034	0.7617958220079846	0.7577738959514296	1.0	baseline
PF06277	0.0	0.6639203284492219	1.112778115626696	1.571162255992868	0.25360121123053536	0.13642048678326626	0.7463987887694646	0.8635795132167338	0.7142857142857143	baseline
PF06283	0.0	0.0859848125840397	0.027754701036668338	1.2119585487297309	0.5195295196225345	0.5198810677158443	0.5195295196225345	0.5198810677158443	0.5714285714285714	endpoint
PF06290	0.0	0.6019529230136575	0.3707029612727536	1.4259023569827836	0.33730379555473766	0.4265317232096206	0.6626962044452623	0.5734682767903794	1.0	baseline
PF06293	0.0	0.3111587979605099	0.21747590197266078	1.3519395568726078	0.43675164511783354	0.4345205125286908	0.5632483548821665	0.5654794874713092	0.7142857142857143	baseline
PF06315	0.0	0.6858792774655188	0.9674584919336924	1.4949007158367178	0.3349159074968128	0.19206940122947821	0.6650840925031871	0.8079305987705218	0.7142857142857143	baseline
PF06321	0.0	0.28043744657544556	0.28535927817135104	1.2411480390077125	0.4466941846634547	0.42150740181650237	0.5533058153365453	0.5784925981834976	0.5714285714285714	baseline
PF06325	0.0	0.49853370022240917	0.9238754526977088	1.367631815641627	0.646553129514456	0.6618319872030425	0.646553129514456	0.6618319872030425	0.5714285714285714	endpoint
PF06368	0.0	0.6348288399139809	0.565709367458483	1.4072498565273914	0.31462143926625974	0.3624211246844687	0.6853785607337403	0.6375788753155314	1.0	baseline
PF06379	0.0	0.1567183449208418	0.6782739350160621	1.505970844343959	0.5021701748142767	0.6901510611090965	0.5021701748142767	0.6901510611090965	0.5714285714285714	endpoint
PF06381	0.0	0.18977244749432365	0.2783273958301902	1.4348992493287174	0.4668272922943328	0.5843530363369147	0.5331727077056672	0.5843530363369147	0.5714285714285714	baseline
PF06406	0.0	0.7482610798186616	1.1366863707081074	1.700399817897942	0.3038564084458562	0.1362054014884717	0.6961435915541438	0.8637945985115283	0.7142857142857143	baseline
PF06414	0.0	0.32018278430049457	0.20668866580380285	1.4775792709888997	0.5965993566565863	0.5049305795025539	0.5965993566565863	0.5049305795025539	0.5714285714285714	endpoint
PF06415	0.0	1.395616078719689	1.464094695266892	1.5935341800395408	0.9127343878747928	0.961812222517499	0.9127343878747928	0.961812222517499	1.0	endpoint
PF06418	0.0	0.6045923987532419	1.048833866337309	1.42056741116734	0.31129920237010056	0.1536582555416426	0.6887007976298994	0.8463417444583574	0.7142857142857143	baseline
PF06421	0.0	0.7854060581797204	0.9167940310932151	1.4029738516053702	0.237489880911475	0.18211733513078346	0.7625101190885251	0.8178826648692166	0.8571428571428571	baseline
PF06426	0.0	0.059288996842853665	0.04691651325145267	1.0415168126896122	0.5514687474904373	0.4870277011783096	0.5514687474904373	0.5129722988216904	0.5714285714285714	endpoint
PF06429	0.0	0.5402002695816334	1.2322233880592521	1.5211822355956048	0.666072906994728	0.8357464643280973	0.666072906994728	0.8357464643280973	0.7142857142857143	endpoint
PF06439	0.0	0.5298662590425696	0.4919872261220369	1.2917641013639851	0.3436493178502861	0.3545795487240539	0.6563506821497139	0.645420451275946	0.8571428571428571	baseline
PF06445	0.0	0.1683277444213687	0.46568250814861556	1.3929886215966403	0.4429381034850128	0.34036720641462836	0.5570618965149872	0.6596327935853716	0.7142857142857143	baseline
PF06450	0.0	0.2533463457557964	0.8220986877779214	1.6931387236985613	0.4620358017969055	0.21110148178800597	0.5379641982030945	0.7888985182119941	0.5714285714285714	baseline
PF06452	0.0	1.0578766716210155	1.251555207039851	1.5371674380425004	0.8019723223940993	0.872553495606524	0.8019723223940993	0.872553495606524	1.0	endpoint
PF06458	0.0	0.30684681856356094	0.13650743544771143	1.5076383733742134	0.3999222091535435	0.5452621919533046	0.6000777908464565	0.5452621919533046	0.5714285714285714	baseline
PF06463	0.0	0.8932413783703096	1.2428081629283056	1.4748868568294562	0.7798446158016906	0.8110574082836581	0.7798446158016906	0.8110574082836581	0.7142857142857143	endpoint
PF06470	0.0	0.7466581408098522	1.1967783535694496	1.5179284894076384	0.7176076804371271	0.7225925220894178	0.7176076804371271	0.7225925220894178	0.8571428571428571	endpoint
PF06476	0.14285714285714285	0.7924399854185433	1.127946511012723	2.097421153034825	0.3059529806877506	0.18563737304676922	0.6940470193122494	0.8143626269532308	0.7142857142857143	baseline
PF06500	0.0	0.8396008224882261	1.2433527542012046	1.4323706648755081	0.25606815753240714	0.19875142157169678	0.7439318424675929	0.8012485784283032	0.7142857142857143	baseline
PF06506	0.0	0.6538846986713329	0.5706495812242196	1.609565246836028	0.3250533078018439	0.35034347374926506	0.6749466921981562	0.649656526250735	0.8571428571428571	baseline
PF06508	0.0	0.006896602651371582	0.4889009593055666	1.3972024567066113	0.49045410800292794	0.5708046715346664	0.5095458919970721	0.5708046715346664	0.5714285714285714	baseline
PF06537	0.0	0.18807619774040998	0.18437047356403838	1.4319599128543772	0.4726021118065628	0.4700925156265444	0.5273978881934371	0.5299074843734556	0.5714285714285714	baseline
PF06541	0.0	0.3110653015054265	0.5964583914367055	1.2436109611649893	0.6050524907111693	0.6720417453826525	0.6050524907111693	0.6720417453826525	0.7142857142857143	endpoint
PF06545	0.14285714285714285	1.2670569577600015	1.361847570741294	2.238592066321512	0.15704358103279542	0.09902119149922584	0.8429564189672045	0.9009788085007742	1.0	baseline
PF06551	0.0	0.9638262965190417	1.0649949287175329	1.5891971371673763	0.22045277504251198	0.14167226305819727	0.779547224957488	0.8583277369418028	1.0	baseline
PF06559	0.0	0.20781619073585111	0.32769993148743964	1.3775032977031845	0.5632428943523539	0.5834060227998482	0.5632428943523539	0.5834060227998482	0.7142857142857143	endpoint
PF06560	0.0	0.12060505821140385	0.0426460815214027	1.3439838218768858	0.47880358347056173	0.46354174697911016	0.5211964165294383	0.5364582530208899	0.5714285714285714	baseline
PF06564	0.0	0.15716924146402558	0.48913401294491665	1.4958286588336143	0.44379730651053595	0.3760750683614624	0.556202693489464	0.6239249316385376	0.5714285714285714	baseline
PF06574	0.0	0.1803674455062399	0.6332626335747628	1.2783057875639987	0.4807896808637549	0.27838534983372365	0.5192103191362452	0.7216146501662764	0.5714285714285714	baseline
PF06580	0.0	0.3900643914601392	0.9642404729503545	1.3137921390605412	0.6227012168705023	0.8018972336259094	0.6227012168705023	0.8018972336259094	0.5714285714285714	endpoint
PF06603	0.0	0.4337191962761399	0.6663775804277073	1.1856916919116829	0.6274873088803959	0.6689803200816072	0.6274873088803959	0.6689803200816072	0.7142857142857143	endpoint
PF06605	0.0	0.3373365450846677	0.6917362482249757	1.237167006461809	0.4242125751958543	0.3557946941093854	0.5757874248041457	0.6442053058906145	0.7142857142857143	baseline
PF06616	0.0	0.8413114177019653	0.928463175186966	1.5573372348316958	0.735284039777489	0.7302506671325263	0.735284039777489	0.7302506671325263	1.0	endpoint
PF06628	0.0	0.8152307698097839	1.317157884089012	1.5818670329310476	0.23763824271834014	0.02498776741495786	0.7623617572816599	0.9750122325850421	0.8571428571428571	baseline
PF06629	0.14285714285714285	1.2673377155635246	1.3598632999687565	2.010441435426758	0.150076735265359	0.12678230324233022	0.849923264734641	0.8732176967576698	1.0	baseline
PF06634	0.0	0.1686458338112978	0.6307265263265721	1.274464140470459	0.4725920889658313	0.31141861103820656	0.5274079110341687	0.6885813889617934	0.7142857142857143	baseline
PF06674	0.14285714285714285	1.0770843024610472	1.1917336758223407	2.0204971644188574	0.18932813143845095	0.07214003818732082	0.810671868561549	0.9278599618126792	0.8571428571428571	baseline
PF06675	0.0	0.26107742568568604	0.16434940766856693	1.475893382108427	0.5636114978824702	0.5516162184698965	0.5636114978824702	0.5516162184698965	0.5714285714285714	endpoint
PF06686	0.0	0.8978677840753233	1.2716229638881837	1.528653472108308	0.7480316168950935	0.9074056313744444	0.7480316168950935	0.9074056313744444	0.8571428571428571	endpoint
PF06689	0.0	0.11153075112311583	0.2641193226780486	1.4505625196953522	0.4674789707203984	0.4267778422887588	0.5325210292796017	0.5732221577112412	0.5714285714285714	baseline
PF06695	0.0	1.037103209360872	1.4665874329267712	1.6011905406006726	0.7854877166493718	0.8875208108327539	0.7854877166493718	0.8875208108327539	0.8571428571428571	endpoint
PF06717	0.0	0.5957857750098395	0.9504615899161296	1.8051593752308737	0.35674335731247114	0.25078415548904454	0.6432566426875288	0.7492158445109555	0.7142857142857143	baseline
PF06723	0.0	0.9180721404435728	1.1157979836365108	1.2745787243905045	0.7743908524775039	0.7316650616332409	0.7743908524775039	0.7316650616332409	1.0	endpoint
PF06725	0.0	0.21211240698497744	0.05376160920515054	1.3711364628830323	0.5815274836588177	0.4928169818750899	0.5815274836588177	0.5071830181249102	0.5714285714285714	endpoint
PF06738	0.0	0.5514083240509374	0.6720322024213654	1.6730108803721713	0.3922636969593506	0.2675178279557614	0.6077363030406494	0.7324821720442386	0.7142857142857143	baseline
PF06744	0.0	0.6771909292295272	1.0651206728785163	1.3663357478718752	0.3131893063382299	0.2938139810935163	0.6868106936617702	0.7061860189064837	0.8571428571428571	baseline
PF06750	0.0	0.6088341268157119	0.8851792996776104	1.596934422048241	0.7036428935843119	0.7783253363286939	0.7036428935843119	0.7783253363286939	0.7142857142857143	endpoint
PF06751	0.0	0.02489560241080708	0.4959748860589242	1.4217885230941885	0.5259787218078139	0.7077232338504441	0.5259787218078139	0.7077232338504441	0.5714285714285714	endpoint
PF06761	0.0	0.7164856938937711	1.004896552948004	1.599120900955723	0.2805029087270802	0.3038110073420266	0.7194970912729197	0.6961889926579734	0.7142857142857143	baseline
PF06769	0.0	0.3915456524643526	0.8811406333299309	1.798195591369539	0.5798307256455741	0.7505107365360317	0.5798307256455741	0.7505107365360317	0.5714285714285714	endpoint
PF06778	0.0	0.30252138475904405	0.5832978519683357	1.2832539280955833	0.42654402787317763	0.3768313085564022	0.5734559721268224	0.6231686914435979	0.5714285714285714	baseline
PF06779	0.0	0.815118123403115	1.327170541725454	1.8250727870889671	0.3064772716112726	0.20225231736985716	0.6935227283887274	0.7977476826301428	0.7142857142857143	baseline
PF06781	0.0	0.4527910030805811	1.069641617870942	1.3730807726609475	0.3871432992094811	0.29306351756147137	0.6128567007905189	0.7069364824385287	0.5714285714285714	baseline
PF06782	0.0	0.5299171942320384	1.0928952710403594	1.7606969804081718	0.6054818119778124	0.7628913754332914	0.6054818119778124	0.7628913754332914	0.7142857142857143	endpoint
PF06800	0.0	0.47180267581293345	0.647133893869821	1.1878876239718308	0.6442258574642781	0.6860097945509902	0.6442258574642781	0.6860097945509902	0.7142857142857143	endpoint
PF06804	0.0	0.41602511969346423	0.45175986467130574	1.4532132434588942	0.38214293707537245	0.38311389193333084	0.6178570629246276	0.6168861080666692	0.7142857142857143	baseline
PF06808	0.0	0.10350169675653917	0.0671517141004924	1.4793647150770273	0.5684794775745141	0.5288933503056422	0.5684794775745141	0.5288933503056422	0.5714285714285714	endpoint
PF06810	0.0	0.29624065721010745	0.7650663590462305	1.7080702540657466	0.5593558022525688	0.7185163587296395	0.5593558022525688	0.7185163587296395	0.5714285714285714	endpoint
PF06812	0.0	0.6386448188510842	0.7315218942719943	1.4748254217535637	0.3343222485993719	0.2736973104626939	0.6656777514006281	0.7263026895373061	0.7142857142857143	baseline
PF06824	0.0	0.7674209032428477	0.8271601847234299	1.3727736541719695	0.26899946024952687	0.3031686031310277	0.7310005397504731	0.6968313968689723	0.8571428571428571	baseline
PF06826	0.0	0.020794160167703586	0.44489245372271813	1.3053042792273324	0.5373378420253057	0.6172015468441969	0.5373378420253057	0.6172015468441969	0.5714285714285714	baseline
PF06832	0.0	1.0035245246402542	1.3763996687454796	1.44558361778893	0.2022869573691834	0.15451690765201453	0.7977130426308165	0.8454830923479855	0.8571428571428571	baseline
PF06834	0.0	0.16556096401053869	0.2994547748002071	1.335534221718379	0.46680378574409487	0.4170143406256135	0.5331962142559051	0.5829856593743865	0.5714285714285714	baseline
PF06835	0.14285714285714285	0.43274614060534333	0.552591553549573	2.068896690749976	0.40928649265779943	0.37889230295142334	0.5907135073422005	0.6211076970485767	0.5714285714285714	baseline
PF06838	0.14285714285714285	1.0790696991685096	1.1070382619147254	2.2528599790986155	0.7816999713019284	0.8445889813448579	0.7816999713019284	0.8445889813448579	0.8571428571428571	endpoint
PF06841	0.0	0.5094274810315251	0.7842977463658597	1.3611665465943645	0.3403448320751141	0.2914541104052636	0.6596551679248859	0.7085458895947364	0.7142857142857143	baseline
PF06864	0.0	0.26169034195420554	0.27544660796639836	1.0827107938622624	0.4168496941510608	0.42466715098807645	0.5831503058489391	0.5753328490119236	0.8571428571428571	baseline
PF06874	0.0	0.6396496495113176	0.3444444669241937	1.9154197777494777	0.6689365698673674	0.6025773549043812	0.6689365698673674	0.6025773549043812	0.7142857142857143	endpoint
PF06889	0.0	0.22198197895101848	0.1128286037963701	1.407655166812104	0.4479260808524385	0.5538014761510638	0.5520739191475614	0.5538014761510638	0.5714285714285714	baseline
PF06898	0.0	0.3047834963658147	0.6183343257824029	1.5035129875992566	0.5925639426672803	0.6577487722802968	0.5925639426672803	0.6577487722802968	0.5714285714285714	endpoint
PF06899	0.0	0.8395776837772765	0.9451472274325766	1.3800453706366402	0.230522798340689	0.2922381937184142	0.769477201659311	0.7077618062815858	1.0	baseline
PF06908	0.0	0.41225462264750573	0.4192250063785815	1.4597114594136185	0.6219105316989334	0.5402109850599941	0.6219105316989334	0.5402109850599941	0.7142857142857143	endpoint
PF06912	0.0	0.5305274838327085	1.0107974647935034	1.911365279127186	0.6015452243438767	0.7494987700395832	0.6015452243438767	0.7494987700395832	0.7142857142857143	endpoint
PF06917	0.0	0.4943945882735631	0.6234613349454576	1.2972795625101856	0.36149831616285744	0.28577767369465723	0.6385016838371426	0.7142223263053428	0.8571428571428571	baseline
PF06925	0.0	0.02269744247927563	0.7038657318558428	1.6753807052857161	0.49580096878010543	0.3537812356083967	0.5041990312198945	0.6462187643916033	0.5714285714285714	baseline
PF06931	0.0	0.14936409343244392	0.23432901576726942	0.877585616864017	0.4310495639121585	0.45534491104134356	0.5689504360878415	0.5446550889586564	0.7142857142857143	baseline
PF06940	0.0	0.13544975202263326	0.1250814725935049	1.7836360448961444	0.44167640647722434	0.4731397670406897	0.5583235935227757	0.5268602329593103	0.5714285714285714	baseline
PF06941	0.0	0.6252159919719602	0.6691513620887924	1.7131777499282135	0.6936277007462323	0.6999030354696333	0.6936277007462323	0.6999030354696333	0.7142857142857143	endpoint
PF06947	0.0	0.19459631833489469	0.7409458634962622	1.472625066142882	0.4187526200187094	0.339976370431795	0.5812473799812906	0.6600236295682049	0.5714285714285714	baseline
PF06949	0.0	0.7037570333197927	1.2694836732587254	1.8870822833921135	0.6702803703176132	0.8382500264944635	0.6702803703176132	0.8382500264944635	0.7142857142857143	endpoint
PF06952	0.0	0.2788436497954002	0.7967855460151051	1.3505865368688943	0.407715645640113	0.32692217441508786	0.592284354359887	0.6730778255849121	0.5714285714285714	baseline
PF06953	0.0	0.34129674230308094	0.4310781924737211	1.6144798300014547	0.4045588602958537	0.41241720702508666	0.5954411397041464	0.5875827929749133	0.5714285714285714	baseline
PF06956	0.0	0.9749750494450508	0.9617934319852676	1.780956948183319	0.23364878463448752	0.14079012014294506	0.7663512153655125	0.8592098798570549	0.8571428571428571	baseline
PF06958	0.0	0.2860775077914983	0.7602323924534062	1.4301297758437186	0.46603449037041067	0.33546756740621375	0.5339655096295893	0.6645324325937862	0.7142857142857143	baseline
PF06961	0.0	0.43712996836609364	0.9861708880088804	1.4202177208747235	0.6104012146222288	0.6580250560537887	0.6104012146222288	0.6580250560537887	0.7142857142857143	endpoint
PF06962	0.0	0.32515234966299456	0.30528589617470425	1.4704059471052497	0.40344220519269636	0.41603701653858877	0.5965577948073036	0.5839629834614113	0.7142857142857143	baseline
PF06964	0.0	0.7372444468846143	0.8585316166283558	1.5508079709776759	0.7140522500681926	0.728050419036228	0.7140522500681926	0.728050419036228	0.7142857142857143	endpoint
PF06965	0.0	0.7358826175156873	1.111212001147085	1.470467061187653	0.286337374112971	0.28616295656943463	0.713662625887029	0.7138370434305654	0.7142857142857143	baseline
PF06968	0.0	0.6936309885917168	1.1285021872095575	1.245666787609032	0.7166079537700485	0.8076193433975531	0.7166079537700485	0.8076193433975531	0.7142857142857143	endpoint
PF06969	0.0	0.02967525735748081	0.10871660068636815	1.7139773639848341	0.5360380597187431	0.43360696000956206	0.5360380597187431	0.566393039990438	0.5714285714285714	baseline
PF06970	0.0	0.5229792320538328	0.9779739621727054	1.4382737926544706	0.6605359981560197	0.8066112251057952	0.6605359981560197	0.8066112251057952	0.7142857142857143	endpoint
PF06986	0.0	0.5088083961903385	0.8709081221303819	1.4417311091032172	0.36197494489579235	0.23485865467153016	0.6380250551042077	0.7651413453284699	0.7142857142857143	baseline
PF06995	0.0	0.48991880828731055	0.483063025794846	1.2228614160715026	0.35978271628175573	0.3815832694885022	0.6402172837182443	0.6184167305114978	0.8571428571428571	baseline
PF06996	0.0	0.8941766911085356	1.1970825553924205	1.7388954640398038	0.2603902271450171	0.2123832293533821	0.7396097728549829	0.787616770646618	0.8571428571428571	baseline
PF07005	0.0	0.4129640390644798	0.6177819755099865	1.2423939933873525	0.39798398147564384	0.33735203668016056	0.6020160185243562	0.6626479633198394	0.7142857142857143	baseline
PF07009	0.0	0.812681642628192	1.27581488401784	1.5808318893246405	0.7237481297742937	0.8527134201535219	0.7237481297742937	0.8527134201535219	0.8571428571428571	endpoint
PF07017	0.0	1.079052428710511	1.2850067376237484	1.7214847998359653	0.19963860016694787	0.1545612805066355	0.8003613998330521	0.8454387194933645	0.8571428571428571	baseline
PF07063	0.0	0.8784401449994189	1.1395113466252909	1.8433701435655043	0.2684522607880255	0.1492390588883606	0.7315477392119745	0.8507609411116395	0.8571428571428571	baseline
PF07071	0.0	0.33641363894529425	0.332482738240122	1.5718387726826144	0.4307594932026067	0.4154297169761694	0.5692405067973934	0.5845702830238306	0.7142857142857143	baseline
PF07075	0.0	0.1329919172479171	0.4706101208903413	1.4389649493501453	0.5568894632304205	0.6324596467061283	0.5568894632304205	0.6324596467061283	0.7142857142857143	endpoint
PF07081	0.0	0.44748201225077705	0.7940201500258305	1.4449209866983308	0.617297309236771	0.6024258732672259	0.617297309236771	0.6024258732672259	0.7142857142857143	endpoint
PF07083	0.0	0.34150203437418114	0.7979150114490572	1.4821905354861782	0.6032883218703774	0.6997311290158694	0.6032883218703774	0.6997311290158694	0.5714285714285714	endpoint
PF07085	0.0	0.6166060719324599	0.5831325935909571	1.3425054395006606	0.30185447294305096	0.3250574082931777	0.698145527056949	0.6749425917068224	1.0	baseline
PF07090	0.0	0.6495018897729199	0.8852519386211198	1.2885651670100253	0.7013890811725558	0.6429150065116466	0.7013890811725558	0.6429150065116466	0.8571428571428571	endpoint
PF07095	0.0	0.9965498625028947	1.1743936427148438	1.515356733253516	0.23338867821587533	0.21373362011200628	0.7666113217841246	0.7862663798879937	1.0	baseline
PF07136	0.0	0.9272999470916582	1.004323805428306	1.3468731485585528	0.7941994965201846	0.8248739235953524	0.7941994965201846	0.8248739235953524	1.0	endpoint
PF07148	0.0	1.1694061755888947	1.173947613502759	1.547174670533559	0.16596920366859516	0.21211513294112774	0.8340307963314049	0.7878848670588723	1.0	baseline
PF07155	0.0	0.8855676094354351	1.1176662504488368	1.4526868537789053	0.7882142169120506	0.8931430852764232	0.7882142169120506	0.8931430852764232	0.8571428571428571	endpoint
PF07157	0.0	0.3554666843378384	0.5476803530691969	1.7716235550970922	0.43712911288503015	0.37970754774322213	0.5628708871149699	0.6202924522567779	0.5714285714285714	baseline
PF07158	0.0	0.3663882116800016	0.23149937966873255	1.5081568451767762	0.6201847042069586	0.5503853843960504	0.6201847042069586	0.5503853843960504	0.7142857142857143	endpoint
PF07168	0.0	0.2521976213274977	0.13744910908667368	1.8384592216217923	0.5281703831245256	0.4697496010501395	0.5281703831245256	0.5302503989498605	0.5714285714285714	endpoint
PF07171	0.0	0.1993706654689813	0.2678016915782347	1.4350965645695946	0.4646316869898581	0.4338195915970495	0.5353683130101419	0.5661804084029505	0.5714285714285714	baseline
PF07179	0.0	0.5805361744532439	0.9400984208341456	1.4481819303244163	0.6564166516348321	0.6295427960468708	0.6564166516348321	0.6295427960468708	0.8571428571428571	endpoint
PF07195	0.0	0.08746667429071411	0.36411344009738433	1.3783209051395588	0.48006568170653136	0.4101791137778046	0.5199343182934686	0.5898208862221954	0.5714285714285714	baseline
PF07221	0.0	0.3867949711703149	0.35591281774189165	1.4213914788547066	0.37509977090887875	0.42998936164984547	0.6249002290911212	0.5700106383501545	0.7142857142857143	baseline
PF07228	0.0	0.4129239348800616	0.34468466125856656	1.3720883376161346	0.6343193582608724	0.6324556091472215	0.6343193582608724	0.6324556091472215	0.7142857142857143	endpoint
PF07238	0.0	0.0873097958860902	0.398858339163414	1.5573780325332973	0.48327533302144826	0.5368301783835391	0.5167246669785517	0.5368301783835391	0.5714285714285714	baseline
PF07244	0.0	0.4658363414242202	0.3719262791501592	1.3726747934953871	0.354639522243318	0.4088822055427636	0.6453604777566819	0.5911177944572363	0.8571428571428571	baseline
PF07261	0.0	0.47499028568230134	0.527007028003033	1.3582779094698862	0.6170828171278052	0.652898372102239	0.6170828171278052	0.652898372102239	0.8571428571428571	endpoint
PF07275	0.0	0.5839488096653058	0.558634829458786	1.2723020716471984	0.6735515091134879	0.6274152404638962	0.6735515091134879	0.6274152404638962	0.8571428571428571	endpoint
PF07282	0.0	1.1751515868430946	1.2343928622587936	1.583878817438199	0.86646939412088	0.9442114604913243	0.86646939412088	0.9442114604913243	1.0	endpoint
PF07286	0.0	0.6961410263544062	1.1937702410345252	1.367445716732251	0.740294743573451	0.812159433978769	0.740294743573451	0.812159433978769	0.7142857142857143	endpoint
PF07287	0.0	0.8374259470921771	0.9531583684026141	1.7064602368481112	0.7144241142197426	0.7703614970847854	0.7144241142197426	0.7703614970847854	0.7142857142857143	endpoint
PF07296	0.0	0.2914881396397752	0.6239249649079911	1.3130053532809474	0.4350123504121516	0.29629064280125844	0.5649876495878484	0.7037093571987416	0.5714285714285714	baseline
PF07313	0.0	0.22719966589282842	0.792753093472236	1.4730938001531189	0.5632471704191576	0.676531997448476	0.5632471704191576	0.676531997448476	0.5714285714285714	endpoint
PF07335	0.0	0.35526232141357955	0.30757784266633753	1.2452539852538835	0.3812059413833387	0.4045316540171516	0.6187940586166614	0.5954683459828485	0.5714285714285714	baseline
PF07338	0.0	1.1129079825780075	1.0191988664081055	1.4721279585471163	0.1687816693564206	0.16428721887932812	0.8312183306435794	0.8357127811206719	1.0	baseline
PF07350	0.0	0.7751680950082698	0.9986674033551012	1.5693952867577967	0.2754045867292009	0.19034242812108276	0.7245954132707991	0.8096575718789172	0.7142857142857143	baseline
PF07352	0.0	0.08978824641896886	0.8810533000347428	1.7808909930337025	0.3984218952475883	0.18893794670311284	0.6015781047524117	0.8110620532968872	0.5714285714285714	baseline
PF07355	0.0	0.21551914663550856	0.5173306156633315	1.491648596695522	0.6202834262456723	0.6502311937449557	0.6202834262456723	0.6502311937449557	0.7142857142857143	endpoint
PF07356	0.0	1.1559995304391415	1.3240403368903884	1.7649583032317617	0.1705274619802342	0.12384558884866365	0.8294725380197658	0.8761544111513364	0.8571428571428571	baseline
PF07364	0.0	0.31632746471308293	0.19232054692022338	1.3854215948138158	0.39327643186746203	0.4608574690416348	0.606723568132538	0.5391425309583652	0.7142857142857143	baseline
PF07385	0.0	0.2776550651493042	0.11803989578870784	1.177849641997961	0.595979050277931	0.5721721231635112	0.595979050277931	0.5721721231635112	0.7142857142857143	endpoint
PF07396	0.0	0.4551550031014201	0.798531631417565	1.466972131147762	0.35011210747198057	0.32651397472487775	0.6498878925280194	0.6734860252751222	0.7142857142857143	baseline
PF07399	0.0	0.6845165210036251	0.9531592048652263	1.378128663358311	0.28235650612792906	0.31239925449962097	0.7176434938720709	0.687600745500379	0.5714285714285714	baseline
PF07429	0.0	0.6612270324018492	0.82136794657342	1.2191278485696724	0.2899664094425338	0.23524175233661965	0.7100335905574662	0.7647582476633803	0.7142857142857143	baseline
PF07451	0.0	1.1238726009119113	1.247923017369789	1.6050472841957149	0.8525565025344038	0.9018495001726671	0.8525565025344038	0.9018495001726671	0.8571428571428571	endpoint
PF07454	0.0	0.7913144248041927	1.1683229056612352	1.7092713313406807	0.7253976804757186	0.8729348846464244	0.7253976804757186	0.8729348846464244	0.7142857142857143	endpoint
PF07456	0.0	1.2154539234585289	1.250191774593709	1.7669558158591956	0.8398699648291281	0.9000494204288999	0.8398699648291281	0.9000494204288999	1.0	endpoint
PF07470	0.0	0.35809863005354864	0.5183801178288548	1.7536995351198512	0.40831147677794266	0.3439121262588213	0.5916885232220573	0.6560878737411787	0.5714285714285714	baseline
PF07475	0.0	1.3938149650957417	1.4786067901527087	1.6628699760986005	0.903049777103634	0.9115531059722121	0.903049777103634	0.9115531059722121	1.0	endpoint
PF07477	0.0	0.40436517561520985	0.50419930967912	1.6558991751441825	0.5927199294928045	0.6466117184792879	0.5927199294928045	0.6466117184792879	0.7142857142857143	endpoint
PF07478	0.0	0.08651442755335063	0.11746115829421465	1.3947451898210086	0.4860126135623021	0.5112420031884601	0.5139873864376979	0.5112420031884601	0.5714285714285714	baseline
PF07479	0.0	0.23544526838769014	0.31248889824719506	1.2569487489152824	0.4370735291415187	0.3636625446475008	0.5629264708584814	0.6363374553524992	0.7142857142857143	baseline
PF07484	0.0	0.599212846993379	0.8151838415712651	1.2736370399023267	0.31656806450236685	0.215481415188791	0.6834319354976331	0.7845185848112091	0.8571428571428571	baseline
PF07486	0.0	0.9544975810287673	0.9169458880621604	1.6986348705111145	0.7746708142703543	0.7730140000419256	0.7746708142703543	0.7730140000419256	0.8571428571428571	endpoint
PF07488	0.0	0.7606067652590244	0.8746228820184985	1.365647249218875	0.7418483953500751	0.7912617257189886	0.7418483953500751	0.7912617257189886	0.8571428571428571	endpoint
PF07494	0.0	0.09104717471600535	0.12998978335951075	1.8725842361901979	0.461350914044733	0.44904295013616563	0.5386490859552671	0.5509570498638343	0.5714285714285714	baseline
PF07495	0.0	0.4756298238827739	0.5103725091115846	1.2382033571306377	0.3525510368705061	0.36695807186013696	0.647448963129494	0.633041928139863	0.8571428571428571	baseline
PF07497	0.0	0.3548412367223947	0.5099647749300483	1.4859800227723252	0.4032341974522654	0.3859682224541162	0.5967658025477346	0.6140317775458838	0.7142857142857143	baseline
PF07501	0.0	0.3293261454927721	0.6468636086986352	1.2530053371572862	0.392528752687808	0.2769797680594656	0.6074712473121919	0.7230202319405343	0.7142857142857143	baseline
PF07503	0.0	0.7077545306458467	1.051892361347456	1.43508621793322	0.247757716122911	0.14845213534634455	0.752242283877089	0.8515478646536554	0.7142857142857143	baseline
PF07505	0.0	0.3194167291738014	0.3017379850596301	1.4482767048298741	0.59375415553393	0.5908058635555135	0.59375415553393	0.5908058635555135	0.5714285714285714	endpoint
PF07508	0.0	0.2921658143546832	0.7771038029331245	1.5361904061682399	0.5629246348169274	0.6948658865385349	0.5629246348169274	0.6948658865385349	0.5714285714285714	endpoint
PF07510	0.0	0.375083528926032	0.9785739945212368	1.77694185220702	0.3425257195298363	0.2379043663241637	0.6574742804701637	0.7620956336758363	0.7142857142857143	baseline
PF07516	0.0	0.7260884352055382	1.0307960679816688	1.486980990976222	0.7575364551525048	0.8468372390878658	0.7575364551525048	0.8468372390878658	0.8571428571428571	endpoint
PF07517	0.0	0.3532715366434056	0.4639380536761174	1.2870337051578797	0.5923087561550512	0.6736083137994183	0.5923087561550512	0.6736083137994183	0.7142857142857143	endpoint
PF07521	0.0	1.0565823647385566	1.1833711004498597	1.449300874669362	0.8271068089693625	0.8896778847601766	0.8271068089693625	0.8896778847601766	1.0	endpoint
PF07523	0.0	0.5176565911997614	0.5950670778095526	1.5929845113019296	0.3209795090224904	0.31640738902039905	0.6790204909775096	0.6835926109796009	0.7142857142857143	baseline
PF07532	0.0	0.2215142737120292	0.5827179087733493	1.4000547496416067	0.442981508243525	0.3738914168564246	0.557018491756475	0.6261085831435754	0.5714285714285714	baseline
PF07538	0.0	0.28539928607697074	0.3864837781488178	1.3471896119979705	0.5962676580588386	0.6684528787109365	0.5962676580588386	0.6684528787109365	0.8571428571428571	endpoint
PF07550	0.0	0.1973628365573568	0.5869261604437558	1.4558959433285137	0.4661655325360132	0.37598308292347116	0.5338344674639868	0.6240169170765288	0.7142857142857143	baseline
PF07553	0.0	0.3872544086154113	0.15130763420608448	1.506628307227241	0.38356625209971007	0.463280242386192	0.6164337479002899	0.5367197576138081	0.7142857142857143	baseline
PF07554	0.0	0.2852034185804215	0.4065691465126144	1.48964271083419	0.622655895635041	0.673009746646912	0.622655895635041	0.673009746646912	0.5714285714285714	endpoint
PF07555	0.0	0.2284704124635161	0.4954603175655519	1.468906922815335	0.4389647567934009	0.3573259251750007	0.561035243206599	0.6426740748249993	0.7142857142857143	baseline
PF07556	0.0	0.5141707730526145	0.7054061374882086	1.2736433022826494	0.681859953434074	0.7020717875245239	0.681859953434074	0.7020717875245239	0.7142857142857143	endpoint
PF07561	0.0	0.4349229769465149	0.9045827173489152	1.5241308498696413	0.6026640796440417	0.6207789332854856	0.6026640796440417	0.6207789332854856	0.5714285714285714	endpoint
PF07568	0.0	0.07487815136795974	0.5002733037250128	1.2071700514461674	0.49004589568191553	0.3962407800662226	0.5099541043180844	0.6037592199337773	0.5714285714285714	baseline
PF07580	0.0	0.35979667397590853	0.2766515632236389	1.4213306750800303	0.6430583970490541	0.6241682259389785	0.6430583970490541	0.6241682259389785	0.7142857142857143	endpoint
PF07581	0.0	0.2896378452376335	0.4808846732025576	1.6053178311773526	0.5517737996538102	0.5504463078579847	0.5517737996538102	0.5504463078579847	0.5714285714285714	endpoint
PF07584	0.0	0.1408224173122548	0.1890439090121982	1.3225967970566834	0.5434528853667699	0.5358126328025419	0.5434528853667699	0.5358126328025419	0.5714285714285714	endpoint
PF07610	0.0	0.013203930118018523	0.07666393560148559	1.2630438236476782	0.4750871676581361	0.48334685785933457	0.5249128323418639	0.5166531421406655	0.5714285714285714	baseline
PF07613	0.0	0.2738382922304109	0.6231436260278351	1.4280571092449867	0.5505481347466454	0.5740608743659023	0.5505481347466454	0.5740608743659023	0.5714285714285714	endpoint
PF07632	0.0	0.4591792178639848	0.8221667606262638	1.930616747729687	0.6459455129977026	0.7745408843426367	0.6459455129977026	0.7745408843426367	0.5714285714285714	endpoint
PF07650	0.0	0.5558643303087509	0.6600372852145474	1.4889531232928441	0.6843671587087803	0.6674980864301453	0.6843671587087803	0.6674980864301453	0.8571428571428571	endpoint
PF07655	0.0	0.5580994980091318	1.1066737559353366	1.7010501547143098	0.3595850352454752	0.1886719516207174	0.6404149647545248	0.8113280483792826	0.7142857142857143	baseline
PF07660	0.0	0.3571219231739576	0.2674856014522309	1.3608472893226056	0.3958220621189735	0.41960402513054207	0.6041779378810266	0.5803959748694579	0.7142857142857143	baseline
PF07662	0.0	0.06661722232199699	0.34575431987796884	1.4458961777358759	0.47370921393027965	0.41322667357518844	0.5262907860697204	0.5867733264248116	0.5714285714285714	baseline
PF07664	0.0	0.600048503010413	0.8162761131193131	1.8133639755646838	0.6574862141000668	0.7726631896150523	0.6574862141000668	0.7726631896150523	0.8571428571428571	endpoint
PF07669	0.0	0.2712884962835552	0.5883820894069124	1.6488501822266113	0.5983675664394843	0.7101019121370621	0.5983675664394843	0.7101019121370621	0.7142857142857143	endpoint
PF07670	0.0	0.8854150257044565	1.0691555917933027	1.388440986079237	0.7788921569262742	0.8377842388840727	0.7788921569262742	0.8377842388840727	0.8571428571428571	endpoint
PF07676	0.0	0.08790205935042386	0.12648276803225822	1.3654882705642093	0.5393305145532238	0.5527856081328038	0.5393305145532238	0.5527856081328038	0.5714285714285714	endpoint
PF07681	0.0	0.3080895842406553	0.46898658566678225	1.524087759241388	0.4000575800174789	0.3616277342805412	0.5999424199825212	0.6383722657194588	0.5714285714285714	baseline
PF07685	0.0	1.1068176115141541	1.0837394549723582	1.9712883215886519	0.8257652983620217	0.8862784118018728	0.8257652983620217	0.8862784118018728	0.8571428571428571	endpoint
PF07687	0.0	0.4669872133816404	0.7289071224588457	1.2951733801118268	0.6595276224630656	0.7085495311642143	0.6595276224630656	0.7085495311642143	0.7142857142857143	endpoint
PF07690	0.0	0.7668924300307342	0.896452127191957	1.9164096040853562	0.31157482616892657	0.18314887553632497	0.6884251738310734	0.816851124463675	0.7142857142857143	baseline
PF07691	0.0	0.36693751167221583	0.31528444488452667	1.455635472805325	0.5782343721260631	0.6386919620020978	0.5782343721260631	0.6386919620020978	0.7142857142857143	endpoint
PF07693	0.0	0.25817936190659124	0.8640671759035594	1.4500197696169177	0.5659103300536142	0.6205430038996397	0.5659103300536142	0.6205430038996397	0.5714285714285714	endpoint
PF07694	0.0	0.11413350905983756	0.12655851293931217	1.2990860585415285	0.5620373452347716	0.48360779064356596	0.5620373452347716	0.516392209356434	0.5714285714285714	endpoint
PF07696	0.0	1.2551322492958321	1.3382840656575323	1.8371276719288914	0.12958699923702674	0.07455336598679871	0.8704130007629732	0.9254466340132013	1.0	baseline
PF07698	0.0	0.18740650238725678	0.5170528243786605	1.4967122070838241	0.4413505609759409	0.38479162715525134	0.5586494390240591	0.6152083728447486	0.5714285714285714	baseline
PF07702	0.0	0.9518817825299447	1.2367690525797654	1.8459383510885905	0.2410166678376078	0.11823732580686398	0.7589833321623922	0.881762674193136	0.8571428571428571	baseline
PF07703	0.0	0.18131358115487933	0.10491145318584333	1.10350617404539	0.4242074004374268	0.4819886367948133	0.5757925995625732	0.5180113632051867	0.5714285714285714	baseline
PF07714	0.0	0.6176898801155853	0.7179886539320447	1.5263783993161173	0.33928502124071347	0.30973135718038625	0.6607149787592865	0.6902686428196138	0.8571428571428571	baseline
PF07715	0.0	0.1556704957815361	0.2990697567014275	1.7235651533386251	0.4434470580259591	0.5202655680691808	0.5565529419740409	0.5202655680691808	0.5714285714285714	baseline
PF07717	0.0	0.07421219198893672	0.14637280896744886	1.3237016844080685	0.5598481165314414	0.5591257303267352	0.5598481165314414	0.5591257303267352	0.5714285714285714	endpoint
PF07719	0.0	0.24047622903405189	0.2803215603132395	1.3057676528575959	0.5584266062747546	0.6018230507608175	0.5584266062747546	0.6018230507608175	0.7142857142857143	endpoint
PF07722	0.0	0.3398867497470732	0.7875461949313901	1.2872579406297404	0.5983542757987305	0.7108231560795126	0.5983542757987305	0.7108231560795126	0.7142857142857143	endpoint
PF07724	0.0	0.8523431648991097	1.2666459130453547	1.616862036767862	0.7661419671837156	0.9491826868809179	0.7661419671837156	0.9491826868809179	0.8571428571428571	endpoint
PF07726	0.0	0.0698480314999669	0.2676888211541239	1.2059909473518107	0.5158890975431168	0.42714001248215555	0.5158890975431168	0.5728599875178444	0.5714285714285714	baseline
PF07728	0.0	0.28003784269981213	0.8418987028599635	1.5077995489877285	0.627650352028624	0.7538330276378952	0.627650352028624	0.7538330276378952	0.5714285714285714	endpoint
PF07729	0.0	0.8389715628349282	0.9792581306635021	1.303768601297296	0.7592857132193138	0.7465848949140582	0.7592857132193138	0.7465848949140582	1.0	endpoint
PF07730	0.0	0.7377682902142534	0.956069332969282	1.3468913012402348	0.2885507169850688	0.25844006898854155	0.7114492830149313	0.7415599310114585	0.8571428571428571	baseline
PF07731	0.0	0.40714561286133744	0.6986580964233101	1.4153149880968354	0.37588405991372553	0.2792531746930993	0.6241159400862745	0.7207468253069007	0.7142857142857143	baseline
PF07732	0.0	0.9121103722982687	1.2048574034101776	1.4298928491216973	0.24307947410091746	0.21310244768862854	0.7569205258990825	0.7868975523113715	1.0	baseline
PF07733	0.0	0.7337692020590599	1.1774992737760914	1.4936035477791196	0.7392194062971825	0.7695297032746741	0.7392194062971825	0.7695297032746741	0.7142857142857143	endpoint
PF07745	0.0	0.595023453004716	0.921713803541845	1.4916835868736382	0.6707876614258107	0.7286727996291557	0.6707876614258107	0.7286727996291557	0.7142857142857143	endpoint
PF07748	0.0	0.7204919620466572	1.144627532530072	1.6715969995961835	0.2558953796521959	0.11930065917323446	0.7441046203478041	0.8806993408267656	0.8571428571428571	baseline
PF07751	0.0	0.23210620867428883	0.5052222393974088	1.0985515231413006	0.61762872862017	0.6468936758731918	0.61762872862017	0.6468936758731918	0.7142857142857143	endpoint
PF07759	0.0	1.0130198095776417	1.283815241331697	1.7153105498110117	0.21719959791382332	0.08574651496661344	0.7828004020861767	0.9142534850333865	0.8571428571428571	baseline
PF07786	0.0	0.8659458450075385	1.2485999810355453	1.6958277060364146	0.7453520448823472	0.7947591022729333	0.7453520448823472	0.7947591022729333	0.8571428571428571	endpoint
PF07804	0.0	0.3623011733599135	0.4052122303931369	1.3006737741044887	0.4132845703560569	0.38330323899624796	0.5867154296439431	0.616696761003752	0.5714285714285714	baseline
PF07826	0.0	0.7322517405508755	1.2538625529126943	1.6206023227217137	0.7042239189320473	0.7396360755337903	0.7042239189320473	0.7396360755337903	0.7142857142857143	endpoint
PF07831	0.0	0.4524223046734509	0.4579736399197722	1.5637047559954051	0.675653135028039	0.6940936116819155	0.675653135028039	0.6940936116819155	0.7142857142857143	endpoint
PF07833	0.0	0.04490883656035333	0.21929088524586463	1.4783141961331	0.5307085465601427	0.44256727221441333	0.5307085465601427	0.5574327277855866	0.5714285714285714	endpoint
PF07853	0.0	0.4833652486095628	1.021582417576009	1.450687760752551	0.6207950384200174	0.6894200509627936	0.6207950384200174	0.6894200509627936	0.7142857142857143	endpoint
PF07859	0.0	0.3737065670832144	0.8474441759438003	1.3320868000565351	0.41003534897581684	0.32994763744334715	0.5899646510241832	0.6700523625566528	0.7142857142857143	baseline
PF07863	0.0	0.08487982616877535	0.29502786541668247	1.1501014689257838	0.46010773575933744	0.5431978787217265	0.5398922642406625	0.5431978787217265	0.5714285714285714	baseline
PF07866	0.0	0.759515930329352	1.2601845793330935	1.5556002312420036	0.7668068012894115	0.9158984050991429	0.7668068012894115	0.9158984050991429	0.7142857142857143	endpoint
PF07873	0.0	0.5988344478626945	0.7886911541551825	1.4593045835756346	0.6918141731191227	0.7044068930492999	0.6918141731191227	0.7044068930492999	0.7142857142857143	endpoint
PF07881	0.0	0.5551615032872302	1.104417234433415	1.4598905648222793	0.3555385116975052	0.17190154204938443	0.6444614883024948	0.8280984579506155	0.7142857142857143	baseline
PF07882	0.0	0.20101587765020826	0.19175433552691432	1.0894029350464904	0.4222923963108502	0.46106054783884215	0.5777076036891498	0.5389394521611579	0.5714285714285714	baseline
PF07883	0.0	0.7026237393399892	0.9248666337200969	1.4807581368633718	0.2874234818136991	0.20826185358418867	0.7125765181863009	0.7917381464158113	0.8571428571428571	baseline
PF07884	0.0	0.4933022565323252	1.1408122985039901	1.5278655275895094	0.41255478514013594	0.24649563079235806	0.5874452148598641	0.753504369207642	0.7142857142857143	baseline
PF07885	0.0	0.630781728014218	0.64083725719839	1.5674443681588437	0.3397149871138513	0.3309971454062449	0.6602850128861487	0.6690028545937551	0.8571428571428571	baseline
PF07892	0.0	0.8706713437365698	1.1656746712389852	1.7351031601705305	0.7434055363714638	0.7586428767751031	0.7434055363714638	0.7586428767751031	0.8571428571428571	endpoint
PF07905	0.0	0.17676284295894126	0.5136183362725627	1.4288068792900965	0.5439761524494318	0.6332682775589377	0.5439761524494318	0.6332682775589377	0.7142857142857143	endpoint
PF07906	0.0	0.23427579588412142	0.2143205374015594	1.5099089666952037	0.4303037349698448	0.46309079236431133	0.5696962650301551	0.5369092076356887	0.5714285714285714	baseline
PF07907	0.0	0.8816939140622942	1.173308373733026	1.8296592556107334	0.7438267866258492	0.7743389096795779	0.7438267866258492	0.7743389096795779	0.8571428571428571	endpoint
PF07916	0.0	0.6906833696432526	0.9885612581737445	1.4391546964906143	0.27477892884244104	0.21022389587377302	0.725221071157559	0.789776104126227	0.8571428571428571	baseline
PF07929	0.0	0.27647162526743485	0.7312266033932382	1.5630712137456158	0.4509240924199554	0.2675720723690397	0.5490759075800447	0.7324279276309603	0.5714285714285714	baseline
PF07934	0.0	0.3004869607176861	0.2273252477388155	1.429058231932544	0.5831398868320685	0.5663387047647713	0.5831398868320685	0.5663387047647713	0.5714285714285714	endpoint
PF07940	0.0	0.5145862797252444	0.6891672916069673	1.3729593847448587	0.3679384766316057	0.3562211333296039	0.6320615233683943	0.6437788666703961	0.7142857142857143	baseline
PF07943	0.0	0.12532156382844478	0.6046144042116744	1.3663817980022186	0.5007469897780003	0.2833378422204796	0.5007469897780003	0.7166621577795205	0.5714285714285714	baseline
PF07944	0.0	0.1327327808249482	0.05409284969571627	1.447020114391968	0.4452660605045527	0.4796001241832309	0.5547339394954474	0.5203998758167692	0.5714285714285714	baseline
PF07949	0.0	1.1187631504529285	1.5028826263898727	1.838812163854497	0.8186791600835723	0.9467827062076396	0.8186791600835723	0.9467827062076396	0.8571428571428571	endpoint
PF07959	0.0	0.12617343683713078	0.11023994407992939	1.0202323884371725	0.5517832835960973	0.5323081130851466	0.5517832835960973	0.5323081130851466	0.5714285714285714	endpoint
PF07969	0.14285714285714285	0.2966955186568706	0.4726014820060525	2.053317823933739	0.4594763831072862	0.402709896088449	0.5405236168927138	0.597290103911551	0.5714285714285714	baseline
PF07971	0.0	0.32069368277039173	0.35180827957163824	1.4832320989182854	0.5797217523024357	0.5290200072880433	0.5797217523024357	0.5290200072880433	0.5714285714285714	endpoint
PF07972	0.0	0.1107302702162561	0.12119605193720105	1.3191699356257238	0.5008378091146912	0.4505026836109364	0.5008378091146912	0.5494973163890635	0.5714285714285714	baseline
PF07973	0.0	0.2849058704313861	0.34586181314093933	1.6404341753543026	0.45717585930884336	0.43233908461220977	0.5428241406911567	0.5676609153877903	0.5714285714285714	baseline
PF07977	0.0	0.5106434403479377	0.7770920828226575	1.3115083334469946	0.696769756989563	0.8123050075993761	0.696769756989563	0.8123050075993761	0.7142857142857143	endpoint
PF07980	0.0	0.07499112981419441	0.2290000295326496	1.3395446027029836	0.5162631641524208	0.5729033610221197	0.5162631641524208	0.5729033610221197	0.7142857142857143	endpoint
PF07991	0.0	0.26931845610299016	0.04153933869055143	1.345282599378521	0.40718407123739453	0.49922711162817146	0.5928159287626055	0.5007728883718285	0.5714285714285714	baseline
PF07992	0.0	0.15311555555420964	0.3818930686290101	1.5334325269175972	0.44347634496342003	0.39073642304681666	0.55652365503658	0.6092635769531833	0.5714285714285714	baseline
PF07993	0.0	0.1673983999178065	0.058193294342561375	1.4359885690634782	0.4313221095051272	0.4842386036531905	0.5686778904948728	0.5157613963468095	0.7142857142857143	baseline
PF07994	0.0	0.20945179741555875	0.16697744097649206	1.5214834571997975	0.5410472794530998	0.5466196561227966	0.5410472794530998	0.5466196561227966	0.5714285714285714	endpoint
PF07995	0.0	0.3795722138702296	0.9095525661299632	1.8631433015328431	0.42885649621733296	0.27054367859316897	0.5711435037826671	0.729456321406831	0.7142857142857143	baseline
PF08000	0.0	0.1177208865698361	0.4838663488229612	1.6777013739984297	0.5075756379200854	0.641007199859042	0.5075756379200854	0.641007199859042	0.5714285714285714	endpoint
PF08006	0.0	0.40772285442401174	0.7514904717561455	1.6433441294816522	0.6563807316957269	0.728871240250314	0.6563807316957269	0.728871240250314	0.7142857142857143	endpoint
PF08007	0.0	0.40676670576751084	0.5201325229478534	1.3607756989832502	0.3795884474084844	0.34667140401243185	0.6204115525915156	0.6533285959875681	0.7142857142857143	baseline
PF08011	0.0	0.3965396453777225	0.5829089552767265	1.6848841366884515	0.6033768564323757	0.7389032249663301	0.6033768564323757	0.7389032249663301	0.7142857142857143	endpoint
PF08013	0.0	0.5168424816120026	1.0204236400756594	1.5506330543703497	0.38070223324280256	0.2930735767174966	0.6192977667571975	0.7069264232825034	0.7142857142857143	baseline
PF08019	0.0	0.29370063823588477	0.010607138174871564	1.6012982053723863	0.43581751703530675	0.5241508613429401	0.5641824829646933	0.5241508613429401	0.5714285714285714	baseline
PF08020	0.0	0.4715027100368111	0.8956272840791848	1.4929102633813354	0.6451655981306331	0.7545037951192631	0.6451655981306331	0.7545037951192631	0.5714285714285714	endpoint
PF08028	0.0	0.651209964640587	0.6041031073756687	1.4551853401596577	0.720307142562634	0.7046986884164093	0.720307142562634	0.7046986884164093	0.8571428571428571	endpoint
PF08029	0.0	0.5042413025466314	1.0875507938725846	1.5161517736868515	0.34150657413274377	0.24123672728783743	0.6584934258672562	0.7587632727121626	0.5714285714285714	baseline
PF08032	0.0	0.45421341613753974	0.9274287225302958	1.3684683370258246	0.35898783411436314	0.3081593521994966	0.6410121658856369	0.6918406478005035	0.7142857142857143	baseline
PF08124	0.0	0.2493625369822934	0.7779093040967494	1.9196673656418084	0.5626010701201107	0.7232852260521184	0.5626010701201107	0.7232852260521184	0.5714285714285714	endpoint
PF08125	0.0	0.27254589596399814	0.7128297692818103	1.3280030584405522	0.42795701942438014	0.352293231839418	0.5720429805756199	0.6477067681605819	0.5714285714285714	baseline
PF08148	0.0	0.9354310714406368	1.2039737770893766	1.9993414158375342	0.2588463628308973	0.15793604713886614	0.7411536371691028	0.8420639528611339	0.8571428571428571	baseline
PF08206	0.0	0.5098385689900324	0.34593736771949224	1.383474386365122	0.6243588691765278	0.6227386556187784	0.6243588691765278	0.6227386556187784	0.8571428571428571	endpoint
PF08212	0.0	0.8364614347101568	1.2528557609072115	1.788984849284656	0.25134342739954424	0.2032581543510996	0.7486565726004557	0.7967418456489004	0.8571428571428571	baseline
PF08218	0.0	0.13432952036465795	0.14364439181756522	1.61435475226678	0.544704622732139	0.558256023814685	0.544704622732139	0.558256023814685	0.5714285714285714	endpoint
PF08220	0.0	0.17063090566566624	0.7841578111851639	1.566510115895001	0.555835724959403	0.7306569287714891	0.555835724959403	0.7306569287714891	0.5714285714285714	endpoint
PF08238	0.0	0.0048873393695354345	0.11689399738532945	1.6661525668326194	0.5046941461192388	0.47541535268790575	0.5046941461192388	0.5245846473120943	0.5714285714285714	endpoint
PF08239	0.0	0.9981019330338453	1.1217592672496481	1.4963593108390276	0.8012433436720492	0.9068258002094389	0.8012433436720492	0.9068258002094389	1.0	endpoint
PF08240	0.0	0.2803785692553494	0.5482196878723302	1.2243066019954394	0.4265830945445372	0.3310116084416603	0.5734169054554628	0.6689883915583397	0.7142857142857143	baseline
PF08241	0.0	0.08353575316071556	0.027777067944434325	1.236598863484403	0.4803316585284763	0.48045812656793385	0.5196683414715237	0.5195418734320661	0.5714285714285714	baseline
PF08242	0.0	0.39627852707239214	0.7610782683414519	1.4008079676988299	0.3698645855295207	0.23059032085242168	0.6301354144704794	0.7694096791475783	0.7142857142857143	baseline
PF08244	0.0	0.6187968709523394	0.5903745780663207	1.4651677183907692	0.6872103784670746	0.6703648206318681	0.6872103784670746	0.6703648206318681	0.8571428571428571	endpoint
PF08245	0.0	0.5758214784644323	0.8381268962792998	1.2755620635448721	0.349916699515842	0.317257397224386	0.650083300484158	0.682742602775614	0.7142857142857143	baseline
PF08264	0.0	0.30202168614678654	0.6016597856270828	1.5076556391172202	0.5803150677794591	0.7042523831442559	0.5803150677794591	0.7042523831442559	0.5714285714285714	endpoint
PF08267	0.0	0.6773815814389014	1.3056812874817105	1.8073112324520302	0.30462515198666373	0.09068156924664476	0.6953748480133363	0.9093184307533553	0.7142857142857143	baseline
PF08269	0.0	0.9574839716448126	1.3073206753068844	1.853783825813045	0.7547061259575473	0.784049513417339	0.7547061259575473	0.784049513417339	0.8571428571428571	endpoint
PF08275	0.0	0.7680747694612438	0.8060669282350771	1.5599183386192932	0.7485018940710421	0.8189416227646427	0.7485018940710421	0.8189416227646427	0.8571428571428571	endpoint
PF08279	0.0	0.21653359752756435	0.22151474877867156	1.5568768316439048	0.4299401638370415	0.4418583965219718	0.5700598361629585	0.5581416034780282	0.5714285714285714	baseline
PF08281	0.0	0.20884269372642156	0.4523680412905831	1.2318150479026515	0.5560491436915713	0.5975403477323142	0.5560491436915713	0.5975403477323142	0.7142857142857143	endpoint
PF08282	0.14285714285714285	0.4418126662111783	0.5684249995808858	2.134927156593873	0.5998910946109384	0.6660343994355999	0.5998910946109384	0.6660343994355999	0.5714285714285714	endpoint
PF08299	0.0	0.24330644082523895	0.3009843072906808	1.2728093866497212	0.6213029682192482	0.608409479673967	0.6213029682192482	0.608409479673967	0.7142857142857143	endpoint
PF08305	0.0	0.391843995610751	0.6657420343773941	1.5150158419521418	0.36554346238079294	0.324132464535602	0.6344565376192071	0.6758675354643979	0.7142857142857143	baseline
PF08306	0.0	0.6681506407013271	0.6764547399558176	1.3321944442737164	0.2726905849111824	0.29684234832138784	0.7273094150888175	0.7031576516786122	0.8571428571428571	baseline
PF08308	0.0	0.6680047387759375	0.8037247655191039	1.749545210068674	0.6546867005281658	0.7291720502661049	0.6546867005281658	0.7291720502661049	0.7142857142857143	endpoint
PF08310	0.0	0.4803049231558632	0.8708934404992865	1.321621330313701	0.6472455280821825	0.7698560597827163	0.6472455280821825	0.7698560597827163	0.7142857142857143	endpoint
PF08323	0.0	0.6301483309283359	1.2257522976938737	1.472696829835261	0.6396232664424667	0.8198850141396318	0.6396232664424667	0.8198850141396318	0.7142857142857143	endpoint
PF08328	0.0	0.2485236573578738	0.08001500829699368	1.2192894233206064	0.4030886225321683	0.45733861537195203	0.5969113774678316	0.5426613846280479	0.5714285714285714	baseline
PF08331	0.0	0.8284620050156805	1.0078368643682445	1.6417769588775366	0.25332604106533524	0.20880226363561769	0.7466739589346647	0.7911977363643823	0.8571428571428571	baseline
PF08335	0.14285714285714285	0.701884843888913	0.9691143695814591	2.0500165606014957	0.300860471810289	0.1822506500191495	0.699139528189711	0.8177493499808505	0.7142857142857143	baseline
PF08338	0.0	0.07444007801940807	0.18196769784019354	1.3096499338553456	0.45433506829685777	0.5057270281366778	0.5456649317031422	0.5057270281366778	0.5714285714285714	baseline
PF08341	0.0	0.23057392341867525	0.21533061989133914	1.2594458866619953	0.47375600865569373	0.4438296409722202	0.5262439913443062	0.5561703590277798	0.5714285714285714	baseline
PF08343	0.0	0.6948817447587209	1.2090909720755543	1.4481583373953644	0.27528025437856635	0.1746443011345897	0.7247197456214336	0.8253556988654103	0.7142857142857143	baseline
PF08346	0.0	0.7454376279141338	1.0385989301446126	1.5125675820596458	0.2731102446351713	0.221359266387163	0.7268897553648287	0.778640733612837	0.7142857142857143	baseline
PF08348	0.0	0.21258442628742596	0.5104380055994674	1.713720309125278	0.5997866857098331	0.6483313346089303	0.5997866857098331	0.6483313346089303	0.7142857142857143	endpoint
PF08352	0.0	0.5150342886709944	1.127520585529857	1.2036717194890327	0.6558556256349196	0.6577859617412495	0.6558556256349196	0.6577859617412495	0.7142857142857143	endpoint
PF08353	0.0	0.15573663772045812	0.16520872835308917	1.0650980647774062	0.5581931808169508	0.47058146182909827	0.5581931808169508	0.5294185381709018	0.5714285714285714	endpoint
PF08354	0.0	0.15073798729020843	0.3991787103358495	1.2615710472337733	0.486211269316618	0.3877952394595125	0.5137887306833819	0.6122047605404874	0.7142857142857143	baseline
PF08367	0.0	0.7330873149055234	1.0353567572029958	1.4905446047347977	0.7140619463531809	0.9093976344982125	0.7140619463531809	0.9093976344982125	0.8571428571428571	endpoint
PF08388	0.0	0.7645993014814525	0.8921984387972366	1.46630950377062	0.7494329953831004	0.7936767062451143	0.7494329953831004	0.7936767062451143	0.7142857142857143	endpoint
PF08400	0.14285714285714285	0.7456958428915593	0.3140732094817322	2.1076694496081285	0.2930508330374044	0.4171893539843229	0.7069491669625956	0.5828106460156771	0.7142857142857143	baseline
PF08401	0.0	0.2812064280350549	0.15974685001705663	1.3443467338439352	0.4142552038972351	0.44770933612808494	0.5857447961027649	0.552290663871915	0.7142857142857143	baseline
PF08402	0.0	0.08014485550509069	0.326441058052894	1.3418605687149296	0.49086404007171247	0.416432618064413	0.5091359599282875	0.583567381935587	0.5714285714285714	baseline
PF08410	0.0	0.46907093343938605	0.9164450058950773	1.3752082722559102	0.3750802912379277	0.3039295938387533	0.6249197087620724	0.6960704061612467	0.7142857142857143	baseline
PF08428	0.0	0.24251691372155088	0.715792337476604	1.589015274252792	0.46398389352573527	0.22522948182163188	0.5360161064742648	0.7747705181783682	0.5714285714285714	baseline
PF08436	0.0	0.4701428975966285	0.7749834611550565	1.3132126329582576	0.6384831752743035	0.6840280427953668	0.6384831752743035	0.6840280427953668	0.7142857142857143	endpoint
PF08439	0.0	0.9025705703867342	0.9780835769643805	1.3204330858560331	0.7520797191123104	0.8092033212585747	0.7520797191123104	0.8092033212585747	0.8571428571428571	endpoint
PF08442	0.0	0.13622504152185047	0.4899257806283986	1.3399682279958374	0.5189520673059207	0.3725939490605998	0.5189520673059207	0.6274060509394002	0.5714285714285714	baseline
PF08447	0.0	0.3581216628939582	0.35947728237850674	1.4941732216826515	0.6037789574213471	0.5943135320954496	0.6037789574213471	0.5943135320954496	0.5714285714285714	endpoint
PF08448	0.0	0.6959524752316397	0.8827161971946961	1.4627242990940246	0.28231251410804786	0.3045707617573963	0.7176874858919522	0.6954292382426037	0.7142857142857143	baseline
PF08450	0.0	0.17614156391632654	0.5260482407182159	1.7322207518224946	0.49736292646156827	0.34478571792203516	0.5026370735384318	0.6552142820779648	0.5714285714285714	baseline
PF08455	0.0	0.07512996922907171	0.20544275895137398	1.8451041923788671	0.5168079150633803	0.4469814819764821	0.5168079150633803	0.5530185180235179	0.5714285714285714	baseline
PF08459	0.0	0.29588593211068115	0.10727672653664559	1.5477386430813675	0.6016876495881945	0.5382737721470021	0.6016876495881945	0.5382737721470021	0.5714285714285714	endpoint
PF08463	0.0	0.4572141457936412	0.6642318293197371	1.502834648638775	0.6395525959563964	0.6016020827574654	0.6395525959563964	0.6016020827574654	0.8571428571428571	endpoint
PF08478	0.0	0.6368172464604898	1.244689627641343	1.7432653416609325	0.31284137991911176	0.10565421190394288	0.6871586200808882	0.8943457880960571	0.7142857142857143	baseline
PF08479	0.0	0.49050900878492293	0.726283879151978	1.551019868174882	0.36736198199463693	0.2809588801902024	0.632638018005363	0.7190411198097977	0.7142857142857143	baseline
PF08481	0.0	0.0919068215713718	0.24411956788659986	1.286736794917465	0.48111916306793207	0.4283883065447029	0.5188808369320679	0.571611693455297	0.8571428571428571	baseline
PF08482	0.0	0.8823527394746095	0.9928231926233397	1.7590677973355002	0.2592130402508869	0.2271863315952839	0.7407869597491131	0.7728136684047161	0.8571428571428571	baseline
PF08486	0.0	0.44240397745910603	0.5671368602703475	1.6634968819305354	0.6591082709704186	0.6655922483087835	0.6591082709704186	0.6655922483087835	0.5714285714285714	endpoint
PF08487	0.0	0.0060804083656781725	0.056261825544337264	1.2673261388473314	0.5057346798378576	0.48599817755915986	0.5057346798378576	0.5140018224408401	0.7142857142857143	baseline
PF08494	0.0	0.5691144253887324	1.2828962600390499	1.7195895450312464	0.3639164770394669	0.21327925489188512	0.636083522960533	0.7867207451081148	0.7142857142857143	baseline
PF08497	0.0	0.31446307074978563	1.0693720418735773	1.6006185841972156	0.5735120924113974	0.7081503586828491	0.5735120924113974	0.7081503586828491	0.5714285714285714	endpoint
PF08501	0.0	0.11195335631112212	0.01910747520880848	1.716819586101243	0.4965176347067787	0.46744908618858083	0.5034823652932213	0.5325509138114192	0.5714285714285714	baseline
PF08502	0.0	0.630910048517762	1.1099964676992462	1.8915634687394975	0.26414886789728975	0.13172152366829826	0.7358511321027102	0.8682784763317017	0.7142857142857143	baseline
PF08522	0.0	0.3273007552656493	0.41395056745704617	1.970162270397036	0.5719855626889296	0.6099679554228553	0.5719855626889296	0.6099679554228553	0.7142857142857143	endpoint
PF08529	0.0	0.37119596873363836	0.22329394267989927	1.5047177583815077	0.42619908071613705	0.44129126311197847	0.5738009192838629	0.5587087368880215	0.5714285714285714	baseline
PF08530	0.0	0.010255873321046336	0.24065456744019476	1.8195227318725726	0.4603496255910961	0.4435218681205273	0.5396503744089038	0.5564781318794727	0.7142857142857143	baseline
PF08531	0.0	0.39905635512648524	0.9270220043469503	1.2612988510451473	0.6295696746702237	0.7299137503416262	0.6295696746702237	0.7299137503416262	0.5714285714285714	endpoint
PF08532	0.0	0.20433278398948987	0.6442028744227695	1.4852141822342109	0.5526899102942686	0.6203957582836239	0.5526899102942686	0.6203957582836239	0.5714285714285714	endpoint
PF08534	0.0	0.5670878644380392	0.2672791987313103	1.4760666999751406	0.3077843546670433	0.3847976446853891	0.6922156453329567	0.6152023553146109	0.8571428571428571	baseline
PF08541	0.0	0.1749501185538364	0.05153832678500998	0.7603706469686929	0.46131707639722336	0.5011460030955736	0.5386829236027766	0.5011460030955736	0.5714285714285714	baseline
PF08543	0.0	0.2943901142992739	0.600534297554446	1.2874673551037707	0.456953751919628	0.3421061368302404	0.5430462480803719	0.6578938631697596	0.7142857142857143	baseline
PF08544	0.0	0.06630475213430874	0.088180246793882	1.1737455113738522	0.4998318564341747	0.4406560205731039	0.5001681435658253	0.5593439794268962	0.5714285714285714	baseline
PF08545	0.0	0.20773845030403806	0.3343895257305051	1.4490478851123278	0.5918975351257886	0.649768623594312	0.5918975351257886	0.649768623594312	0.5714285714285714	endpoint
PF08546	0.0	0.41868107396995985	0.9461190972545471	1.4267988676772465	0.5775722623756306	0.681435386018758	0.5775722623756306	0.681435386018758	0.7142857142857143	endpoint
PF08645	0.0	0.024256883327711302	0.17547596881415803	0.6470675692215655	0.5025571222976777	0.44149237753403564	0.5025571222976777	0.5585076224659644	0.5714285714285714	endpoint
PF08659	0.0	0.2255490902256854	0.1150988930243706	1.4823334133691324	0.42709315061245345	0.5076243545811958	0.5729068493875465	0.5076243545811958	0.5714285714285714	baseline
PF08665	0.14285714285714285	0.25082293245400844	0.02644433652556443	2.0643837186010114	0.5272856211773748	0.50701247390829	0.5272856211773748	0.50701247390829	0.5714285714285714	endpoint
PF08666	0.0	0.29569242795446743	0.3797860008408875	1.365964385783005	0.4190018013161478	0.37738554982185213	0.5809981986838522	0.6226144501781479	0.7142857142857143	baseline
PF08676	0.0	0.5940772745677246	0.8910297095474666	1.193115509379006	0.6888458630540011	0.7845726696503235	0.6888458630540011	0.7845726696503235	0.7142857142857143	endpoint
PF08681	0.0	0.20545156757372235	0.20757099565386286	1.447159761409965	0.455382214616796	0.5617205574679381	0.5446177853832039	0.5617205574679381	0.5714285714285714	baseline
PF08704	0.0	0.507004765199129	0.9093174498744518	1.9944657742504777	0.3786795149611938	0.20369756308784123	0.6213204850388062	0.7963024369121587	0.7142857142857143	baseline
PF08706	0.0	0.1250333898906811	0.500241873730269	1.5419406492540098	0.445727799430424	0.2992167281167676	0.5542722005695759	0.7007832718832324	0.5714285714285714	baseline
PF08713	0.0	0.671150932569273	0.7112273103856711	1.5087091085767845	0.7251667747018834	0.7850296260886338	0.7251667747018834	0.7850296260886338	0.8571428571428571	endpoint
PF08719	0.0	0.5579329969047327	0.6737061845922951	1.1167234614970771	0.683482273687207	0.7021719462091004	0.683482273687207	0.7021719462091004	0.8571428571428571	endpoint
PF08747	0.0	0.4283616914822052	0.4574289002526081	1.2744241320027463	0.6205137540373301	0.6250380137617435	0.6205137540373301	0.6250380137617435	0.8571428571428571	endpoint
PF08751	0.0	0.05781630097896971	0.29755635107421985	1.2763548887429539	0.5052229830719954	0.4212273942135624	0.5052229830719954	0.5787726057864375	0.5714285714285714	baseline
PF08757	0.0	0.130048431878999	0.4802831455331615	1.6466402410249399	0.5043864888715717	0.3060675198673011	0.5043864888715717	0.6939324801326989	0.5714285714285714	baseline
PF08760	0.0	0.4859668386245492	0.8726267697851994	1.9228973851097402	0.6503215107797058	0.7704510214383699	0.6503215107797058	0.7704510214383699	0.5714285714285714	endpoint
PF08769	0.0	0.698106877742771	0.9477868209152595	1.467487918616041	0.6801761878909981	0.7048649908872561	0.6801761878909981	0.7048649908872561	0.8571428571428571	endpoint
PF08780	0.0	0.07254277191690037	0.564311835233888	1.3946830076212768	0.5238279283545354	0.5642949706467185	0.5238279283545354	0.5642949706467185	0.5714285714285714	endpoint
PF08798	0.0	0.17437619303417515	0.5884138818566018	1.1092626928336924	0.5880941231827369	0.7000301370087377	0.5880941231827369	0.7000301370087377	0.7142857142857143	endpoint
PF08800	0.0	0.2274873042972745	0.23852086872013767	1.4152561150994252	0.3850024273034572	0.5696237071870558	0.6149975726965429	0.5696237071870558	0.5714285714285714	baseline
PF08808	0.0	0.18137362671895518	0.20189216827621562	1.3665181243249174	0.5524409121802601	0.5540944575162994	0.5524409121802601	0.5540944575162994	0.7142857142857143	endpoint
PF08840	0.0	0.8219951682225376	1.3430634290942753	1.6022254440574395	0.717765186131525	0.8564717523402943	0.717765186131525	0.8564717523402943	0.7142857142857143	endpoint
PF08841	0.0	0.253394968775007	0.40477504874933684	1.0910429817754619	0.6000371151361982	0.6301183939559925	0.6000371151361982	0.6301183939559925	0.5714285714285714	endpoint
PF08842	0.0	0.3362741678004807	0.753961438507887	1.1747014561078444	0.5670633128756172	0.663126081043972	0.5670633128756172	0.663126081043972	0.7142857142857143	endpoint
PF08843	0.0	0.020915768308510576	0.12067436392194078	1.468110181027826	0.4834921909986048	0.5123449293062868	0.5165078090013953	0.5123449293062868	0.5714285714285714	baseline
PF08849	0.0	0.7761789065858112	1.2143644839590637	1.7441318178186467	0.7386163597226323	0.7601416073103301	0.7386163597226323	0.7601416073103301	0.8571428571428571	endpoint
PF08867	0.0	0.4160384228143104	0.8210942999529972	1.2905641844556859	0.3543624819008193	0.27440268820409425	0.6456375180991807	0.7255973117959058	0.7142857142857143	baseline
PF08876	0.0	0.13787512446360656	0.3024723283204118	1.4662169639601543	0.5005446556399031	0.3771112403032097	0.5005446556399031	0.6228887596967903	0.5714285714285714	endpoint
PF08885	0.0	0.038560671809380054	0.4733717412242502	1.537972073636614	0.5497563787100314	0.6894711179546995	0.5497563787100314	0.6894711179546995	0.5714285714285714	endpoint
PF08890	0.0	0.3460774501914295	0.4605553375304889	1.600422076312047	0.595441029096721	0.6950195698165149	0.595441029096721	0.6950195698165149	0.7142857142857143	endpoint
PF08902	0.0	0.11513899057748996	0.05657388831996903	1.560720551681427	0.4913075638876249	0.4988946688117908	0.508692436112375	0.5011053311882092	0.5714285714285714	endpoint
PF08903	0.0	1.006983427655293	1.1944879239238384	1.4569917711133042	0.797172499014762	0.7926240238707727	0.797172499014762	0.7926240238707727	1.0	endpoint
PF08924	0.0	0.21138370688881356	0.6704167267970713	1.7070091835962466	0.46367564816289014	0.3422275131339177	0.5363243518371099	0.6577724868660824	0.5714285714285714	baseline
PF08942	0.0	0.8114207657591469	0.8572315646382188	1.5196512696338331	0.7338098941726923	0.7135981475488895	0.7338098941726923	0.7135981475488895	1.0	endpoint
PF08974	0.0	0.849448029707428	1.0487608892941789	1.3039396361887445	0.26908413188963703	0.2083597362857628	0.7309158681103629	0.7916402637142372	0.8571428571428571	baseline
PF08984	0.0	0.7048023780228343	0.936484609560392	1.4434750425313791	0.7501980568067642	0.8109806852234598	0.7501980568067642	0.8109806852234598	0.7142857142857143	endpoint
PF08989	0.0	0.40298512422222343	0.9227439444655792	1.4122437788807753	0.6047369404556411	0.7289136258827562	0.6047369404556411	0.7289136258827562	0.7142857142857143	endpoint
PF09019	0.0	0.18232894463794228	0.5088923280639216	1.3828642644095057	0.5395032664597329	0.6321634317799283	0.5395032664597329	0.6321634317799283	0.5714285714285714	endpoint
PF09028	0.0	0.38502269546408563	0.556649970723467	1.3165312624574057	0.6104969204957013	0.6135609710680635	0.6104969204957013	0.6135609710680635	0.5714285714285714	endpoint
PF09035	0.0	1.070539716647691	1.349156951991295	1.8932858904256582	0.7999484554929223	0.849348045465757	0.7999484554929223	0.849348045465757	0.8571428571428571	endpoint
PF09084	0.0	0.7012039651875864	1.2622792447759712	1.8727280486647482	0.32239586178186874	0.23809502153758005	0.6776041382181313	0.7619049784624199	0.7142857142857143	baseline
PF09087	0.0	0.1010261278559322	0.02083346082441677	1.804116150608593	0.5253975741069714	0.46716257766801306	0.5253975741069714	0.5328374223319869	0.5714285714285714	endpoint
PF09092	0.0	0.5722159989231369	0.5110427711657128	1.5501050106111962	0.653329371028664	0.6463380694304212	0.653329371028664	0.6463380694304212	0.7142857142857143	endpoint
PF09093	0.0	0.11415052449966634	0.4080143224120166	1.3753320716013395	0.44533548463329076	0.39517178688917926	0.5546645153667092	0.6048282131108207	0.5714285714285714	baseline
PF09134	0.0	0.2902361991327248	0.24203021725708534	1.3741776725073767	0.4410956656458888	0.44092316636541984	0.5589043343541111	0.5590768336345802	0.5714285714285714	baseline
PF09142	0.0	0.32522642036814947	0.53436997065925	1.6048706292677422	0.44525772991095114	0.3617695306715192	0.5547422700890489	0.6382304693284808	0.5714285714285714	baseline
PF09148	0.0	0.5880240545380385	1.0154087920343884	1.5339915609733206	0.6769243779545585	0.7252589445835798	0.6769243779545585	0.7252589445835798	0.7142857142857143	endpoint
PF09160	0.0	0.8615166541267562	1.3398986360308895	1.6251854765922817	0.27667794001629414	0.2151083685674639	0.7233220599837058	0.784891631432536	0.8571428571428571	baseline
PF09180	0.0	0.8992789361135269	1.086413457160166	1.6227294233933167	0.7578023594629851	0.8655503076507848	0.7578023594629851	0.8655503076507848	0.8571428571428571	endpoint
PF09186	0.0	0.0895824093247677	0.17327044301460526	1.2800593913768117	0.537823922065119	0.555428501966981	0.537823922065119	0.555428501966981	0.5714285714285714	endpoint
PF09190	0.0	0.7772195209280621	0.6970631080421007	1.4447807813878293	0.725615560601036	0.7404485390644758	0.725615560601036	0.7404485390644758	1.0	endpoint
PF09223	0.0	0.116832240598251	0.2946810406818454	1.3354012686538748	0.4858232403211649	0.4317980235496356	0.5141767596788351	0.5682019764503644	0.5714285714285714	baseline
PF09234	0.0	0.05152353463139631	0.28091518956156203	1.3546760127861037	0.5064883210431581	0.5788669566014826	0.5064883210431581	0.5788669566014826	0.7142857142857143	endpoint
PF09244	0.0	0.0749035932557214	0.017262312182890777	1.2889304700052318	0.5363258343378859	0.5123938104893834	0.5363258343378859	0.5123938104893834	0.5714285714285714	endpoint
PF09250	0.0	0.5701082117889359	1.1243976043320625	1.6824561006136043	0.35278437608426455	0.19535746116264377	0.6472156239157354	0.8046425388373563	0.7142857142857143	baseline
PF09261	0.0	0.39012380946463726	0.7383345252634499	1.2911051453775595	0.4042397864264344	0.3041232799540216	0.5957602135735656	0.6958767200459783	0.5714285714285714	baseline
PF09269	0.0	0.2540297318026316	0.8547810168339016	1.287947273910685	0.4208488099327431	0.28171350801663686	0.5791511900672569	0.7182864919833631	0.7142857142857143	baseline
PF09285	0.0	0.7449960361521281	1.1024296413068666	1.708724229513823	0.25634993268000145	0.16105917246400484	0.7436500673199986	0.8389408275359952	0.8571428571428571	baseline
PF09299	0.0	0.23256651053525174	0.41262163032861254	1.3251904281301758	0.5584715207674823	0.6096572766190745	0.5584715207674823	0.6096572766190745	0.5714285714285714	endpoint
PF09314	0.0	0.290214233578617	0.2510688517924962	1.3802437213599863	0.4108983834718565	0.4544997746918704	0.5891016165281435	0.5455002253081296	0.5714285714285714	baseline
PF09317	0.0	0.6796903849155441	0.9331391511870707	1.5648375743217473	0.31416320945753373	0.19033826558492697	0.6858367905424663	0.809661734415073	0.8571428571428571	baseline
PF09327	0.0	0.6228880933642341	1.0003933579823796	1.502719974854214	0.34562272316947545	0.3045585244219848	0.6543772768305245	0.6954414755780152	0.8571428571428571	baseline
PF09330	0.0	0.833860354526357	1.113562961222536	1.7580599984124894	0.2772203135380394	0.18072122236158744	0.7227796864619607	0.8192787776384125	0.7142857142857143	baseline
PF09334	0.0	0.14849297056508792	0.27119288125182434	1.3786652950106015	0.4538893287988282	0.5498709084816681	0.5461106712011718	0.5498709084816681	0.5714285714285714	baseline
PF09335	0.0	0.6811295381845669	1.095214388565425	1.5224728612066922	0.3276685459326431	0.24026584022744019	0.6723314540673568	0.7597341597725598	0.7142857142857143	baseline
PF09338	0.0	0.6299774072289861	0.630794167027838	1.4569458808120253	0.71332157505463	0.6642629774773368	0.71332157505463	0.6642629774773368	0.8571428571428571	endpoint
PF09339	0.0	0.019025703887663965	0.4182838923170325	1.4004370766293406	0.5058787185405592	0.5638669482064779	0.5058787185405592	0.5638669482064779	0.5714285714285714	endpoint
PF09344	0.0	0.6215964223759748	1.0894040765890882	1.3026124681490552	0.7352791134537028	0.8597250849937718	0.7352791134537028	0.8597250849937718	0.7142857142857143	endpoint
PF09357	0.0	0.02173970052844549	0.19088255814523108	1.1063725234664963	0.4972259459993823	0.4613732216991651	0.5027740540006177	0.5386267783008349	0.5714285714285714	baseline
PF09359	0.0	0.0003468322552237898	0.22516927208922652	1.3931213019823343	0.5061834892868465	0.5079983056285137	0.5061834892868465	0.5079983056285137	0.5714285714285714	endpoint
PF09362	0.0	0.4627318006303674	0.414433184056876	1.3374759406989598	0.33942448201497244	0.38119399400866527	0.6605755179850276	0.6188060059913347	0.8571428571428571	baseline
PF09363	0.0	0.013863340290631604	0.0026942225955898336	1.136887451775926	0.48386312244524127	0.4710681037095365	0.5161368775547588	0.5289318962904634	0.5714285714285714	baseline
PF09364	0.0	0.21883308610800561	0.3953089598595985	1.442592420305803	0.4201221938186008	0.3880531361831261	0.5798778061813992	0.6119468638168739	0.5714285714285714	baseline
PF09365	0.0	0.5194152685229511	0.6675036606948672	1.5171461764130387	0.3587272416410497	0.3598172321537327	0.6412727583589504	0.6401827678462673	0.7142857142857143	baseline
PF09371	0.0	0.32571632300260456	0.6846573105887312	1.8242546694289854	0.5418334398669884	0.6732537537741071	0.5418334398669884	0.6732537537741071	0.5714285714285714	endpoint
PF09374	0.0	0.06269817046366735	0.31588856161754614	1.3092725634062259	0.4993526393052799	0.41818430134302637	0.5006473606947202	0.5818156986569736	0.5714285714285714	baseline
PF09375	0.0	0.643878502153623	0.8023543155550784	1.3989371112640263	0.3173537460459677	0.325620307966937	0.6826462539540323	0.674379692033063	0.8571428571428571	baseline
PF09382	0.0	0.7349508490360738	0.9152491995300484	1.5211916136129786	0.2934407614159671	0.25164290474775985	0.7065592385840329	0.7483570952522401	0.8571428571428571	baseline
PF09383	0.0	0.25077802547750544	0.4136733743989556	1.483714384364248	0.4481147230537353	0.3814665092446008	0.5518852769462648	0.6185334907553992	0.7142857142857143	baseline
PF09393	0.0	0.4103619504155932	0.7692137671346124	1.2994185589362035	0.6569619134096529	0.719659538319741	0.6569619134096529	0.719659538319741	0.7142857142857143	endpoint
PF09397	0.0	0.11491792095855298	0.44487701311330513	1.294641760462642	0.5689594178983176	0.6624896254288525	0.5689594178983176	0.6624896254288525	0.5714285714285714	endpoint
PF09413	0.0	0.4902464794470854	0.3115505585285484	1.4316830105148917	0.6649391925160851	0.522337344354366	0.6649391925160851	0.522337344354366	0.5714285714285714	endpoint
PF09414	0.0	0.5434389964054422	0.44966024100656443	1.4154007080469524	0.34652312957580406	0.39597859718824013	0.653476870424196	0.6040214028117599	0.8571428571428571	baseline
PF09424	0.14285714285714285	0.4689713387560314	0.7365217507742436	2.0690639758916407	0.6071647022385641	0.6853786179914134	0.6071647022385641	0.6853786179914134	0.5714285714285714	endpoint
PF09471	0.0	0.20763535408842843	0.41452675928815724	1.4171847384997225	0.5502825995941468	0.594469446829211	0.5502825995941468	0.594469446829211	0.8571428571428571	endpoint
PF09479	0.0	0.9837582957059106	0.8058881028627044	1.6992505054475895	0.7920083846370238	0.8231306508532509	0.7920083846370238	0.8231306508532509	1.0	endpoint
PF09481	0.0	0.13315632567734112	0.10087712095619042	1.5879242163700882	0.513419027089302	0.48031268146149253	0.513419027089302	0.5196873185385075	0.5714285714285714	baseline
PF09485	0.0	0.3556942356849798	1.0346879468088752	1.3115979267672342	0.5978236520430796	0.6883422573621625	0.5978236520430796	0.6883422573621625	0.5714285714285714	endpoint
PF09491	0.0	0.6616708189040835	0.8882111044488598	1.8251708314861907	0.6892384304566804	0.7735938445156656	0.6892384304566804	0.7735938445156656	0.7142857142857143	endpoint
PF09492	0.0	0.6578804538940853	0.9609730944183578	1.2231849425607153	0.6984388505999739	0.7072726536458462	0.6984388505999739	0.7072726536458462	0.8571428571428571	endpoint
PF09500	0.0	0.8783755698812735	1.1706150188328428	1.6902078177851894	0.2791280583970094	0.19005135903364057	0.7208719416029906	0.8099486409663594	0.8571428571428571	baseline
PF09508	0.0	0.36858393201886175	0.6613395676772577	1.683232962304941	0.6295538749548285	0.6899254054612823	0.6295538749548285	0.6899254054612823	0.7142857142857143	endpoint
PF09509	0.0	0.7362037509121171	1.1129574597761964	1.8294802182037448	0.7272094655857604	0.7743091899981746	0.7272094655857604	0.7743091899981746	0.7142857142857143	endpoint
PF09511	0.0	0.17251944486409876	0.6381921742679366	1.3413256313177502	0.46059908780162084	0.36399811876773397	0.5394009121983792	0.6360018812322661	0.5714285714285714	baseline
PF09512	0.0	1.2229781201795014	1.280895650278571	1.6492301021398723	0.8838204305876671	0.946885598657674	0.8838204305876671	0.946885598657674	0.8571428571428571	endpoint
PF09515	0.0	0.693605619158865	1.0123485076751613	1.5484946618886166	0.6798552228638564	0.7163685843497422	0.6798552228638564	0.7163685843497422	0.8571428571428571	endpoint
PF09517	0.0	0.3376034301702723	0.2254908773545827	1.1323606838441496	0.42579583712622077	0.46047939128281673	0.5742041628737793	0.5395206087171833	0.5714285714285714	baseline
PF09519	0.0	0.04459983396625238	0.10897915440790361	1.4665207274635779	0.530299155758962	0.5095495429797564	0.530299155758962	0.5095495429797564	0.5714285714285714	endpoint
PF09529	0.0	0.010565124850333405	0.5659961569427657	1.47475249485263	0.4738194840214187	0.6928842937333629	0.5261805159785813	0.6928842937333629	0.5714285714285714	baseline
PF09546	0.0	0.7842747728342637	1.2718083700058396	1.3019575769465668	0.7461355547303482	0.6853308224784953	0.7461355547303482	0.6853308224784953	0.8571428571428571	endpoint
PF09547	0.0	0.4298745749037029	0.580400315544373	1.4815107710140478	0.6246909156094803	0.6261856988379818	0.6246909156094803	0.6261856988379818	0.5714285714285714	endpoint
PF09551	0.0	0.2766311365403705	0.5782175452412351	1.4454155844096312	0.5834929278572075	0.648370274890615	0.5834929278572075	0.648370274890615	0.5714285714285714	endpoint
PF09556	0.0	0.2350832847036366	0.34861564618179175	1.3784613125526433	0.5530112757481249	0.5905852981659683	0.5530112757481249	0.5905852981659683	0.5714285714285714	endpoint
PF09561	0.0	0.5382719051006837	0.5733963709675134	1.5939478017975452	0.6696330480674011	0.5658029767793008	0.6696330480674011	0.5658029767793008	0.5714285714285714	endpoint
PF09563	0.0	0.31052361702295234	0.28759355757711036	1.818195465383076	0.586775715337532	0.6282817849374741	0.586775715337532	0.6282817849374741	0.5714285714285714	endpoint
PF09564	0.0	1.1147716894280533	1.0811967342339024	1.450583361155945	0.8401485967529673	0.8967863637257331	0.8401485967529673	0.8967863637257331	1.0	endpoint
PF09565	0.0	0.6282138841600222	0.8078939422100568	1.4741580540276358	0.6802511111596526	0.7557381888606002	0.6802511111596526	0.7557381888606002	0.8571428571428571	endpoint
PF09586	0.0	0.37678187897708576	0.4544494483953887	1.8919988714366938	0.5849199225016896	0.6328988103646358	0.5849199225016896	0.6328988103646358	0.5714285714285714	endpoint
PF09587	0.0	0.23640743560013858	0.4752032628433435	1.9783696243383393	0.452799100010146	0.359398045265871	0.547200899989854	0.6406019547341291	0.5714285714285714	baseline
PF09588	0.0	0.21330527722639392	0.8043362495360464	1.2124980097702442	0.5758867640450067	0.7012322854851817	0.5758867640450067	0.7012322854851817	0.5714285714285714	endpoint
PF09601	0.0	0.700312296962095	0.5923509826431036	1.3051943451736654	0.2840964411603551	0.3747148684718189	0.715903558839645	0.6252851315281811	1.0	baseline
PF09603	0.0	0.07702883998979414	0.2045768183475907	1.437249222003114	0.48432376674608507	0.5411442714763985	0.5156762332539149	0.5411442714763985	0.5714285714285714	endpoint
PF09605	0.0	0.5331438795965714	0.6383002576347354	1.5237004010627535	0.6429734344781383	0.6624164060543358	0.6429734344781383	0.6624164060543358	0.7142857142857143	endpoint
PF09617	0.0	0.08584818617973404	0.02510355922778537	0.8190389249505299	0.524524098042055	0.5192394356508981	0.524524098042055	0.5192394356508981	0.5714285714285714	endpoint
PF09639	0.0	0.7069473482985679	0.9176843021615904	1.2741974872984299	0.7329100636617669	0.7716048312588397	0.7329100636617669	0.7716048312588397	0.8571428571428571	endpoint
PF09640	0.0	0.43178251493627734	0.8246114182336959	1.3805200588167077	0.39605126887438996	0.32041704448074854	0.60394873112561	0.6795829555192514	0.5714285714285714	baseline
PF09660	0.0	0.4950541413484375	0.615886266200913	1.6697520436371294	0.3342221518352866	0.3644990112307145	0.6657778481647134	0.6355009887692855	0.8571428571428571	baseline
PF09661	0.0	0.2085302945197527	0.2725770927810171	1.2800416035895654	0.5860036500452498	0.5769176770771447	0.5860036500452498	0.5769176770771447	0.5714285714285714	endpoint
PF09669	0.0	0.38381921553072923	0.4922176635297958	1.3213573531248215	0.6362439111578582	0.6433091321309379	0.6362439111578582	0.6433091321309379	0.7142857142857143	endpoint
PF09674	0.0	0.2303605488142375	0.6691895115308284	1.4079988334891715	0.4376555480463978	0.3509066696985954	0.5623444519536023	0.6490933303014046	0.5714285714285714	baseline
PF09681	0.0	0.45951519234156774	0.7234249481636215	1.4399443382227115	0.6340379344053274	0.6302451592710565	0.6340379344053274	0.6302451592710565	0.7142857142857143	endpoint
PF09684	0.0	0.10351517659845388	0.07567156573890398	1.189446484290658	0.5343333729146011	0.5026950849456869	0.5343333729146011	0.5026950849456869	0.5714285714285714	endpoint
PF09693	0.0	0.18487576526374042	0.3893085574980245	1.4673257790772534	0.5249445943030999	0.614943563287912	0.5249445943030999	0.614943563287912	0.7142857142857143	endpoint
PF09704	0.0	0.22947268090796785	0.6741901969353649	1.552163614413722	0.5577339638278492	0.6038027443605819	0.5577339638278492	0.6038027443605819	0.7142857142857143	endpoint
PF09707	0.0	0.7312629489916891	0.8487348665299977	1.0498854411712004	0.7156171387071948	0.7369713044563135	0.7156171387071948	0.7369713044563135	0.8571428571428571	endpoint
PF09709	0.0	0.5672776517292988	0.8969520012770614	1.0828748018576868	0.6551233646194836	0.6893837066457409	0.6551233646194836	0.6893837066457409	0.8571428571428571	endpoint
PF09719	0.0	0.6933211212718106	0.731678142183126	1.9021144431581727	0.6589841889392992	0.7093133270398697	0.6589841889392992	0.7093133270398697	0.8571428571428571	endpoint
PF09721	0.0	0.690524859185498	1.1530007993246552	1.3712683962911412	0.2941911875270073	0.24378681598133042	0.7058088124729927	0.7562131840186695	0.7142857142857143	baseline
PF09723	0.0	0.40002084678378946	0.454432081439172	1.2759204779017002	0.3912323638736138	0.40695753693823516	0.6087676361263862	0.5930424630617648	0.7142857142857143	baseline
PF09754	0.0	0.22124778584180257	0.7165444611258006	1.4578191127905917	0.40865632015477094	0.2541597656570723	0.5913436798452291	0.7458402343429277	0.7142857142857143	baseline
PF09768	0.0	0.26605023968188707	0.4461023837052562	1.4248634958758857	0.5975196030995946	0.6174844041679866	0.5975196030995946	0.6174844041679866	0.5714285714285714	endpoint
PF09818	0.0	0.6830982627511497	0.7351168897958492	1.2962269674897486	0.7431705315478971	0.7102611735026733	0.7431705315478971	0.7102611735026733	0.8571428571428571	endpoint
PF09819	0.0	0.5281715048847564	0.9144385634387956	1.5329499920105247	0.3668519406088827	0.256010390944201	0.6331480593911173	0.7439896090557989	0.7142857142857143	baseline
PF09820	0.0	1.127042928471082	1.326806862668146	1.6129515747830225	0.8380168629578587	0.872329627206468	0.8380168629578587	0.872329627206468	1.0	endpoint
PF09821	0.0	0.48017277496291705	0.889362671775127	1.7032559708635122	0.37426694008576816	0.3010073261787453	0.6257330599142319	0.6989926738212546	0.7142857142857143	baseline
PF09822	0.14285714285714285	1.105096138567197	1.1255741482300063	2.1533857142033646	0.8224730593285542	0.8712546074675512	0.8224730593285542	0.8712546074675512	0.8571428571428571	endpoint
PF09823	0.0	0.660575106669568	1.1551544297696497	1.7781403295072953	0.6836430396509237	0.6889259028934408	0.6836430396509237	0.6889259028934408	0.7142857142857143	endpoint
PF09826	0.0	0.7554542165159439	0.9499263613457722	0.9954891240140197	0.7324605746354474	0.7694706359918546	0.7324605746354474	0.7694706359918546	1.0	endpoint
PF09827	0.0	0.15035529982280002	0.07107230383981494	1.3018287727845521	0.5298529460260061	0.4824186634820996	0.5298529460260061	0.5175813365179004	0.5714285714285714	endpoint
PF09848	0.0	0.12907252949181247	0.07512770920981107	1.2689171535564951	0.48233854038059426	0.4967111352446253	0.5176614596194058	0.5032888647553747	0.5714285714285714	baseline
PF09861	0.14285714285714285	0.7196381521454253	0.9313607154119187	2.181987535309137	0.6795335685350409	0.790611325552042	0.6795335685350409	0.790611325552042	0.7142857142857143	endpoint
PF09862	0.0	0.47983194821156233	1.0411566719190941	1.541347245342121	0.36810545477367207	0.2977919345594547	0.6318945452263279	0.7022080654405454	0.5714285714285714	baseline
PF09863	0.0	0.5601925682805058	0.5742451779398664	1.3648169441492444	0.308962335141743	0.34935239385262357	0.691037664858257	0.6506476061473765	0.8571428571428571	baseline
PF09903	0.0	0.4234254219499611	0.5212469033814349	1.3502106614173888	0.6156781863471347	0.6377569866115765	0.6156781863471347	0.6377569866115765	0.8571428571428571	endpoint
PF09906	0.0	0.47992645034688913	0.4344305927141794	1.5186172279040198	0.36647090748722505	0.38789048241841023	0.633529092512775	0.6121095175815898	0.7142857142857143	baseline
PF09913	0.0	0.5440800710820881	0.7765016658302031	1.8596297567080602	0.6648504288022193	0.7070068949264301	0.6648504288022193	0.7070068949264301	0.8571428571428571	endpoint
PF09918	0.0	0.02196327748404168	0.44547606934486883	1.4725466339457647	0.5015636403827551	0.3848459391330461	0.5015636403827551	0.6151540608669539	0.5714285714285714	baseline
PF09924	0.0	0.6523809176016907	0.9552528939833999	1.306955240027182	0.3120244878726214	0.2751513416332226	0.6879755121273786	0.7248486583667775	0.8571428571428571	baseline
PF09925	0.0	0.7204281095061648	0.8358013861884785	1.7911892018494953	0.6975990245887862	0.767952994241105	0.6975990245887862	0.767952994241105	0.8571428571428571	endpoint
PF09949	0.0	0.1308064705806054	0.2820070707788351	1.6499102313853196	0.49858158173634914	0.423808528872529	0.5014184182636509	0.5761914711274709	0.5714285714285714	baseline
PF09950	0.0	0.5007159442896817	0.19057388826455585	1.4146704831202523	0.6432785750134011	0.5601649128942574	0.6432785750134011	0.5601649128942574	1.0	endpoint
PF09952	0.0	0.33359940026626295	0.7269429225242761	1.3489197816705962	0.5818063986041463	0.7204453452677931	0.5818063986041463	0.7204453452677931	0.7142857142857143	endpoint
PF09960	0.0	0.18383506570274896	0.7215699443228855	1.5757472037005358	0.5769209981954907	0.6131768664322832	0.5769209981954907	0.6131768664322832	0.7142857142857143	endpoint
PF09967	0.0	0.9731543045239567	1.131764203269034	1.6921352909995802	0.8255607253096996	0.8593994040223244	0.8255607253096996	0.8593994040223244	0.8571428571428571	endpoint
PF09972	0.0	0.27049763459714443	0.5691787874174464	1.4820014766428409	0.42506080557588527	0.376138871061366	0.5749391944241147	0.623861128938634	0.5714285714285714	baseline
PF09979	0.0	0.37610330430244215	0.6257664606107777	1.4530437983127888	0.6459071661269746	0.754274605227121	0.6459071661269746	0.754274605227121	0.5714285714285714	endpoint
PF09982	0.0	0.4175079603494846	0.6819160449962431	1.1813732053166497	0.6114465023485859	0.6955970462562033	0.6114465023485859	0.6955970462562033	0.7142857142857143	endpoint
PF09983	0.0	0.035113496442727446	0.37696472016439747	1.187389358022999	0.5074509402496538	0.5524649450391873	0.5074509402496538	0.5524649450391873	0.5714285714285714	baseline
PF09984	0.0	0.9067093556676715	1.2658500843016192	1.505750360765095	0.23234113372129897	0.22067075275315054	0.7676588662787011	0.7793292472468495	0.8571428571428571	baseline
PF09986	0.0	1.039348665157726	1.207966186346769	1.8957073010995058	0.837657601278712	0.9563729129280693	0.837657601278712	0.9563729129280693	0.8571428571428571	endpoint
PF09989	0.0	0.4954731944062876	0.6653559374149673	0.8188908005665614	0.6379074389211519	0.6993057413130568	0.6379074389211519	0.6993057413130568	0.8571428571428571	endpoint
PF09991	0.0	0.28502799993344047	0.36982821154518025	1.3824683168282972	0.42089099044929495	0.3811291044645653	0.579109009550705	0.6188708955354347	0.7142857142857143	baseline
PF09992	0.0	0.10644065301034109	0.22607840980739144	1.179558031322729	0.5356287970474123	0.4453200765110127	0.5356287970474123	0.5546799234889873	0.5714285714285714	endpoint
PF09994	0.0	0.8342760492259671	0.7464489031306625	1.4077873284094886	0.2620173008807135	0.2745311047781257	0.7379826991192865	0.7254688952218743	1.0	baseline
PF10009	0.0	0.14948483088865785	0.1724919335588247	1.2977530638453099	0.560039518819534	0.4992540228295668	0.560039518819534	0.5007459771704332	0.5714285714285714	endpoint
PF10011	0.0	0.85656333308596	1.1475105680297766	1.3684351231076852	0.23567188822844268	0.18637422347954666	0.7643281117715574	0.8136257765204533	0.8571428571428571	baseline
PF10020	0.0	0.3811536528136026	0.6463086159117458	1.384794604270719	0.3608737626861363	0.3064516855135839	0.6391262373138638	0.6935483144864161	0.7142857142857143	baseline
PF10021	0.0	0.3040930850434861	0.2844257440628776	1.534373293050582	0.6354516126617925	0.5860339674351757	0.6354516126617925	0.5860339674351757	0.7142857142857143	endpoint
PF10022	0.0	0.6096461434268142	1.1757006956911151	1.2795460018648914	0.6934937433861937	0.7948520054749219	0.6934937433861937	0.7948520054749219	0.7142857142857143	endpoint
PF10035	0.0	0.38196569510647677	0.5833573300068812	1.4147023090763984	0.6351802705417687	0.6684306066386266	0.6351802705417687	0.6684306066386266	0.7142857142857143	endpoint
PF10050	0.14285714285714285	0.03569782546904511	0.3782547711929646	2.0952805844879276	0.43604962750848136	0.39189616175210934	0.5639503724915187	0.6081038382478907	0.5714285714285714	baseline
PF10060	0.14285714285714285	0.8466715817682491	1.271383508456965	2.0176994368998358	0.7562324589996152	0.8055530250587779	0.7562324589996152	0.8055530250587779	0.7142857142857143	endpoint
PF10076	0.0	0.5225956204791676	0.4776347436566395	1.3347798760765672	0.6615345984291698	0.6248560364750976	0.6615345984291698	0.6248560364750976	0.7142857142857143	endpoint
PF10080	0.0	0.4657907820441209	0.3104959408658238	1.2404888693597835	0.3762753021487149	0.4220514720003782	0.6237246978512851	0.5779485279996218	0.8571428571428571	baseline
PF10086	0.0	0.691158156670748	1.1961385878081472	1.5130714670987737	0.6764321818083207	0.7182112766778089	0.6764321818083207	0.7182112766778089	0.7142857142857143	endpoint
PF10088	0.0	0.4502672052851486	0.3863633713641751	1.0198964112554971	0.6232219360649429	0.6356247931463355	0.6232219360649429	0.6356247931463355	0.7142857142857143	endpoint
PF10091	0.0	0.4589067907681471	0.3599090680747618	1.4838468653217884	0.6204037497644992	0.5777617608348896	0.6204037497644992	0.5777617608348896	0.8571428571428571	endpoint
PF10101	0.0	0.18272129704195025	0.2685611445547461	1.2427878003610608	0.5354606228773997	0.5759788290577098	0.5354606228773997	0.5759788290577098	0.7142857142857143	endpoint
PF10103	0.0	0.45119524308283737	1.0539086430567244	1.4106165826427657	0.39382183583598923	0.2668119596395747	0.6061781641640107	0.7331880403604253	0.7142857142857143	baseline
PF10105	0.0	0.9170387739226308	1.1209357437894052	1.6933589478194688	0.7473236038582926	0.8081401990684274	0.7473236038582926	0.8081401990684274	0.8571428571428571	endpoint
PF10106	0.0	1.082937406095727	1.3112866287218827	1.8877622189865657	0.20052759017569194	0.072576531391462	0.799472409824308	0.927423468608538	0.8571428571428571	baseline
PF10111	0.0	0.169759449051875	0.3145835004713448	1.3030230131286484	0.5426222944274215	0.638428447316827	0.5426222944274215	0.638428447316827	0.5714285714285714	endpoint
PF10112	0.0	1.0307442766182755	1.1770902091076374	1.272338874393573	0.8241792973542689	0.8749574608191868	0.8241792973542689	0.8749574608191868	1.0	endpoint
PF10117	0.0	0.31848264775842094	0.4997084080312949	1.4054222762237265	0.5972676331771145	0.6453738593162774	0.5972676331771145	0.6453738593162774	0.7142857142857143	endpoint
PF10119	0.0	0.2757938733829777	0.2804033859379491	1.271682091480464	0.6043542421067265	0.5849252562559265	0.6043542421067265	0.5849252562559265	0.5714285714285714	endpoint
PF10123	0.0	0.14981853559638703	0.07773671179052434	1.3670454112682475	0.4329063663103313	0.4858171197642564	0.5670936336896687	0.5141828802357435	0.7142857142857143	baseline
PF10124	0.0	0.2741913044194232	0.18229058217714786	1.3018350004626011	0.5725900925680271	0.5334945674772711	0.5725900925680271	0.5334945674772711	0.5714285714285714	endpoint
PF10127	0.0	0.17249188504171165	0.06175856815979023	1.7231746842218927	0.4652613703203906	0.5433808497987123	0.5347386296796094	0.5433808497987123	0.5714285714285714	baseline
PF10128	0.0	0.562998449082524	0.755395590090843	1.1638151451621275	0.3588065849569836	0.2774309898411651	0.6411934150430164	0.7225690101588349	0.8571428571428571	baseline
PF10131	0.0	0.5406434548323423	0.4296405351507819	1.9575285978011912	0.6399702876997727	0.6136359546759083	0.6399702876997727	0.6136359546759083	0.5714285714285714	endpoint
PF10140	0.0	0.15578341617607766	0.2783087244674049	1.313063808295136	0.5603500815866439	0.5168192979629648	0.5603500815866439	0.5168192979629648	0.5714285714285714	endpoint
PF10143	0.0	0.9767414816418223	1.0995363675395837	1.4893012468838946	0.7792908947273594	0.7776150902200444	0.7792908947273594	0.7776150902200444	1.0	endpoint
PF10145	0.0	0.2078436739394565	0.2811328644161143	1.4777414592767304	0.41637883761237865	0.5172880968632939	0.5836211623876213	0.5172880968632939	0.5714285714285714	baseline
PF10150	0.0	0.5911276526557383	1.1126353006136263	1.711760882718094	0.2992859318232096	0.10187646672084137	0.7007140681767904	0.8981235332791586	0.5714285714285714	baseline
PF10282	0.0	0.7541234991057894	0.9041270551398645	1.6019694551013892	0.7239365583487046	0.8541121136116052	0.7239365583487046	0.8541121136116052	0.8571428571428571	endpoint
PF10298	0.0	0.001002070885405453	0.25114308245926725	1.5054033462478185	0.5546770685299501	0.5768600306923487	0.5546770685299501	0.5768600306923487	0.5714285714285714	endpoint
PF10369	0.0	0.38795599780470036	1.1181901952833855	1.4562179314017663	0.636858489870728	0.8245639709556631	0.636858489870728	0.8245639709556631	0.5714285714285714	endpoint
PF10370	0.0	0.036292559399085725	0.017659289806397475	0.8278712660071958	0.5030022180547469	0.5235019132060333	0.5030022180547469	0.5235019132060333	0.5714285714285714	endpoint
PF10371	0.0	0.9699216213180708	1.4399040562810324	1.6954368316199453	0.7636943333911944	0.8558549461688387	0.7636943333911944	0.8558549461688387	0.8571428571428571	endpoint
PF10385	0.0	0.28176674689522513	0.1228913107988078	1.7656474187235118	0.554059886969964	0.5663632363236756	0.554059886969964	0.5663632363236756	0.5714285714285714	endpoint
PF10387	0.0	0.08444211075111954	0.4852046914381143	1.1936680319418391	0.49083728561192713	0.37389525645316163	0.5091627143880728	0.6261047435468383	0.5714285714285714	baseline
PF10396	0.0	0.3461205824290789	0.18292894506903912	1.279546019954002	0.6284546773615011	0.5954453921854644	0.6284546773615011	0.5954453921854644	0.7142857142857143	endpoint
PF10397	0.0	0.5621915443558342	0.5731991452657019	1.2780702903220986	0.6680665295344562	0.6471970737903269	0.6680665295344562	0.6471970737903269	0.8571428571428571	endpoint
PF10410	0.0	0.18321759715282432	0.2429468853069494	1.1191972499296643	0.41329559833718166	0.4563985272950514	0.5867044016628183	0.5436014727049485	0.5714285714285714	baseline
PF10412	0.0	0.29057685243073866	0.6462693995999459	1.378976881260713	0.5839276018492433	0.6642794313547343	0.5839276018492433	0.6642794313547343	0.7142857142857143	endpoint
PF10415	0.0	0.0007684977157274643	0.13631952154406107	1.1779697917172367	0.5134844441153092	0.4520056374562451	0.5134844441153092	0.5479943625437549	0.7142857142857143	baseline
PF10418	0.0	0.2665666646782365	0.390090302935419	1.3583389685331098	0.5333088132094674	0.6048213874366832	0.5333088132094674	0.6048213874366832	0.7142857142857143	endpoint
PF10423	0.0	1.0392493704214416	1.0665455698555926	1.7668583575332637	0.2141703403221872	0.16485435481129493	0.7858296596778128	0.835145645188705	0.8571428571428571	baseline
PF10431	0.0	0.07233860706510993	0.08262726958931618	1.091551411179642	0.529988853600004	0.48910009960441786	0.529988853600004	0.5108999003955821	0.5714285714285714	endpoint
PF10437	0.0	1.03623709655388	1.1491129955412276	1.7049619144658466	0.18142462372637638	0.11634966939712676	0.8185753762736236	0.8836503306028732	1.0	baseline
PF10438	0.0	0.4608988661353936	0.5735503795018155	1.7059340846141577	0.6207461848385628	0.7312098879184232	0.6207461848385628	0.7312098879184232	0.7142857142857143	endpoint
PF10458	0.0	0.2935290136807204	0.3717251163383873	1.6338359830919502	0.5467955044070286	0.6631595000819127	0.5467955044070286	0.6631595000819127	0.5714285714285714	endpoint
PF10459	0.0	0.1266280558177773	0.0799797300664604	1.415886305319569	0.5567863634603433	0.5268794417864904	0.5567863634603433	0.5268794417864904	0.5714285714285714	endpoint
PF10502	0.0	0.5330098506663652	0.6763980167494679	1.3347937862813306	0.6440444439409875	0.6713228967943787	0.6440444439409875	0.6713228967943787	0.7142857142857143	endpoint
PF10509	0.0	0.5933313301183334	0.6344185409910769	1.535205036665269	0.6832915820397291	0.7111558518500667	0.6832915820397291	0.7111558518500667	0.8571428571428571	endpoint
PF10531	0.0	1.0413191032001916	1.316032057792833	1.787738223013343	0.791258812850291	0.9311319114484438	0.791258812850291	0.9311319114484438	0.8571428571428571	endpoint
PF10543	0.0	0.7687441733882218	0.9194846636308013	1.3043876127869127	0.7251401912725574	0.7474500181571816	0.7251401912725574	0.7474500181571816	0.8571428571428571	endpoint
PF10566	0.0	0.565542292831565	0.9085843716741696	1.1582253608860198	0.3292156743972233	0.24242480661620944	0.6707843256027767	0.7575751933837905	0.7142857142857143	baseline
PF10588	0.0	0.30979087073449385	0.8006217833837347	1.6015752011973574	0.6416767403133992	0.7573391613869053	0.6416767403133992	0.7573391613869053	0.7142857142857143	endpoint
PF10589	0.0	0.13382616431415464	0.11139592210417075	1.5051136071715678	0.43353977398596755	0.48911226516011164	0.5664602260140325	0.5108877348398884	0.5714285714285714	baseline
PF10592	0.0	0.4610624939211868	1.1728675928309418	1.5374871356640027	0.645963302237568	0.854719534730815	0.645963302237568	0.854719534730815	0.7142857142857143	endpoint
PF10593	0.0	0.6748873588961454	0.4911469147026324	1.2728887774423676	0.709149946945559	0.6323358333693126	0.709149946945559	0.6323358333693126	1.0	endpoint
PF10609	0.0	0.06265584989784886	0.36424446297495916	1.7273945687697079	0.515835951540098	0.5983476667344816	0.515835951540098	0.5983476667344816	0.5714285714285714	baseline
PF10611	0.0	0.29083516052841907	0.3765625512065944	1.2307035559485977	0.4379330165697231	0.38736152007842595	0.562066983430277	0.612638479921574	0.7142857142857143	baseline
PF10626	0.0	0.2264602941162676	0.3048144640552097	1.271311238870649	0.596894509645412	0.5755506339221869	0.596894509645412	0.5755506339221869	0.7142857142857143	endpoint
PF10634	0.0	0.42692594318528976	0.5813743825216052	1.6806911728924094	0.42521194334878454	0.3772809770727175	0.5747880566512155	0.6227190229272825	0.5714285714285714	baseline
PF10646	0.0	0.8023799719573291	1.0390281208594492	1.5346263350818485	0.778239484189084	0.9024960678945005	0.778239484189084	0.9024960678945005	0.7142857142857143	endpoint
PF10662	0.0	0.3877914889424594	1.217060472884066	1.5140710924700334	0.6537106004119468	0.8455748611086702	0.6537106004119468	0.8455748611086702	0.7142857142857143	endpoint
PF10672	0.0	0.3400534549069073	0.8557886135829526	1.1705890521211386	0.40695945844842585	0.3285624854111728	0.5930405415515742	0.6714375145888272	0.7142857142857143	baseline
PF10728	0.14285714285714285	0.8399783733270686	1.2466447608661206	2.4093044071863954	0.7255574642711096	0.8693809220640109	0.7255574642711096	0.8693809220640109	0.8571428571428571	endpoint
PF10754	0.0	1.1670406710169992	1.2037767092094105	1.4731712359772309	0.14791961807964457	0.0906551453321034	0.8520803819203554	0.9093448546678966	1.0	baseline
PF10758	0.0	0.2855704091562913	0.3734371133682453	1.454569569936362	0.5768211420293886	0.6315044368599148	0.5768211420293886	0.6315044368599148	0.5714285714285714	endpoint
PF10797	0.0	0.22223949728319484	0.20522413902898137	1.89809936439969	0.45936706375428077	0.5046874723782584	0.5406329362457192	0.5046874723782584	0.5714285714285714	baseline
PF10825	0.0	0.631579498931019	1.2426171631426293	1.691071743830176	0.6496573112551951	0.8036935585175125	0.6496573112551951	0.8036935585175125	0.7142857142857143	endpoint
PF10844	0.0	0.29304689728291666	0.518855600415045	1.4533974978271627	0.5806132881373236	0.6308844890090248	0.5806132881373236	0.6308844890090248	0.7142857142857143	endpoint
PF10902	0.0	0.6394305899915729	1.2741239965601614	1.3396022803374978	0.29895368689607427	0.25678528182889254	0.7010463131039257	0.7432147181711075	0.7142857142857143	baseline
PF10908	0.0	0.14024816403778517	0.1311605214806917	1.110683135321699	0.4446960255986296	0.47169151328175407	0.5553039744013704	0.5283084867182459	0.7142857142857143	baseline
PF10923	0.0	0.2981567339697035	0.45524054006718984	1.3639018205830102	0.5772897155739081	0.614277842658094	0.5772897155739081	0.614277842658094	0.8571428571428571	endpoint
PF10926	0.0	0.4233452162629395	0.4180732849651573	1.1297789571267618	0.6131812324773463	0.6352863596331689	0.6131812324773463	0.6352863596331689	0.8571428571428571	endpoint
PF10933	0.0	0.012527932549553691	0.5261582651756159	1.2091850744017052	0.474143951873009	0.39018939607873204	0.5258560481269909	0.609810603921268	0.5714285714285714	endpoint
PF10934	0.0	0.01858475455734219	0.11978045223507375	1.6552219551540999	0.4732128057730695	0.5411968920295577	0.5267871942269304	0.5411968920295577	0.5714285714285714	endpoint
PF10938	0.0	0.6502662919263529	0.8650059300112072	1.0756139708990013	0.3187806295106565	0.3109736191073167	0.6812193704893434	0.6890263808926833	1.0	baseline
PF10951	0.0	0.8825903335863626	0.9930560658452169	1.1498781896864352	0.24872858689056399	0.2700713875803865	0.751271413109436	0.7299286124196135	1.0	baseline
PF10988	0.0	0.12334936638183865	0.5163736828136642	1.7819394432514823	0.45304142514624196	0.3849043626515866	0.546958574853758	0.6150956373484133	0.5714285714285714	baseline
PF10991	0.0	0.7063036702565613	1.0994638009080862	1.7185432168645174	0.6819700076536745	0.755893975037808	0.6819700076536745	0.755893975037808	0.8571428571428571	endpoint
PF10995	0.14285714285714285	1.123333869093206	1.319026297549043	2.150763196788407	0.21240818426991764	0.12979099379775194	0.7875918157300823	0.8702090062022481	0.8571428571428571	baseline
PF10996	0.0	0.5883755736665047	0.26466503218783344	1.4349642433281724	0.6994523702602109	0.5736861205508366	0.6994523702602109	0.5736861205508366	1.0	endpoint
PF11013	0.0	0.5009921212400624	0.7924780394878315	1.3726091739703847	0.30103425009905826	0.22223713771861942	0.6989657499009417	0.7777628622813806	0.5714285714285714	baseline
PF11028	0.0	0.1355969513975284	0.3092925910531339	1.3009368496757814	0.5481189579739513	0.6181815660909329	0.5481189579739513	0.6181815660909329	0.7142857142857143	endpoint
PF11104	0.0	0.09675354991480482	0.17937851797287493	1.3385118840029393	0.4960311688856042	0.45528968371594597	0.5039688311143957	0.5447103162840541	0.5714285714285714	endpoint
PF11130	0.0	0.5653396900692962	0.7711031769749295	1.2743077973913404	0.6685842214563278	0.629168801429957	0.6685842214563278	0.629168801429957	0.8571428571428571	endpoint
PF11133	0.0	0.523885879396943	0.4767353262848647	1.2441576776747982	0.3459351550666274	0.34902022035342584	0.6540648449333726	0.6509797796465742	0.7142857142857143	baseline
PF11175	0.0	0.23531529185435382	0.49164300878914835	1.534228735459634	0.6036009259096724	0.6281308874528421	0.6036009259096724	0.6281308874528421	0.5714285714285714	endpoint
PF11187	0.0	0.05685293395013461	0.16523338997337067	1.1474503110561791	0.5152817613698827	0.5651377032842428	0.5152817613698827	0.5651377032842428	0.5714285714285714	baseline
PF11188	0.0	0.5108645555352294	0.4547143341634617	1.3758918051411047	0.3462931753529262	0.3675240162292776	0.6537068246470739	0.6324759837707223	0.7142857142857143	baseline
PF11193	0.0	1.102676812760125	1.1343361063278021	1.4136142172432395	0.8369537865064568	0.8972802177219106	0.8369537865064568	0.8972802177219106	1.0	endpoint
PF11195	0.0	0.2365104692535293	0.19762982444406493	1.9769795061784317	0.49327319716369156	0.5593965113459969	0.5067268028363084	0.5593965113459969	0.5714285714285714	baseline
PF11228	0.0	0.03511421024565258	0.04927262072602639	1.3060525719704594	0.537420328789551	0.5386868534611426	0.537420328789551	0.5386868534611426	0.5714285714285714	endpoint
PF11230	0.0	0.7660357021435099	0.9703594594258281	1.5356218036266231	0.29128311537828466	0.26099365066800045	0.7087168846217153	0.7390063493319996	0.8571428571428571	baseline
PF11238	0.0	0.7686577209798947	0.867588005478193	1.472434226409093	0.2913690939096741	0.3103699817341173	0.708630906090326	0.6896300182658828	0.8571428571428571	baseline
PF11241	0.0	0.38170843308947716	0.5890119113913205	1.467313377774591	0.4223767640108552	0.3452821340820789	0.5776232359891448	0.6547178659179211	0.7142857142857143	baseline
PF11248	0.0	0.5066196186927892	0.1528193272475911	1.3901131187063436	0.35534107381586477	0.47502507547650213	0.6446589261841352	0.5249749245234978	0.8571428571428571	baseline
PF11253	0.0	0.8517695994395723	0.9933934224796114	1.3501245608144519	0.22559748956694228	0.19146919501773335	0.7744025104330577	0.8085308049822666	1.0	baseline
PF11258	0.0	0.476650565026882	0.8519323064736076	1.539149872777617	0.631950920581376	0.6518090453249421	0.631950920581376	0.6518090453249421	0.7142857142857143	endpoint
PF11268	0.0	0.15820803557021698	0.13659177311709028	1.2880071073052954	0.485474144198717	0.42403886531699714	0.5145258558012831	0.5759611346830029	0.7142857142857143	baseline
PF11273	0.0	0.11202926474855514	0.9108546453870006	1.849096531075184	0.587844007559162	0.7587010210221014	0.587844007559162	0.7587010210221014	0.5714285714285714	endpoint
PF11276	0.0	0.05637222450035513	0.26629536703879825	1.153983315302257	0.47994736096286433	0.4342347905436824	0.5200526390371356	0.5657652094563176	0.7142857142857143	baseline
PF11283	0.0	0.818759614386105	0.8424620061124812	1.4048151283457018	0.2693019800856555	0.29142248426753525	0.7306980199143445	0.7085775157324647	1.0	baseline
PF11306	0.0	0.005721217886796788	0.14670207692981868	1.1822508197307258	0.5050559923440783	0.46570558128754075	0.5050559923440783	0.5342944187124592	0.5714285714285714	baseline
PF11307	0.0	0.8248166765112811	1.1103061943752779	1.779864459200648	0.23164391240646096	0.08981342476523682	0.768356087593539	0.9101865752347632	0.8571428571428571	baseline
PF11311	0.0	0.39592830775622684	0.9956486679654072	1.701475539733941	0.649589219020272	0.8298397394103735	0.649589219020272	0.8298397394103735	0.5714285714285714	endpoint
PF11325	0.0	0.002784237195675792	0.08211702081803963	1.3953412650387103	0.5121191221201781	0.4427372102203952	0.5121191221201781	0.5572627897796048	0.5714285714285714	baseline
PF11350	0.0	0.3815706541548924	0.5021244513260998	1.1794951922920354	0.3798118524422834	0.3041021382407172	0.6201881475577167	0.6958978617592828	0.7142857142857143	baseline
PF11361	0.0	0.35809992109321886	0.9732383638544423	1.4900663634706426	0.41082831268070014	0.2331177668902885	0.5891716873192998	0.7668822331097115	0.7142857142857143	baseline
PF11368	0.0	0.4894085822005857	0.8042898805293224	1.978821006040813	0.6104896018176269	0.7469945269890326	0.6104896018176269	0.7469945269890326	0.7142857142857143	endpoint
PF11377	0.0	0.1876596722571572	0.4383130694146264	1.8763591132637056	0.5509253866009588	0.6521842077121932	0.5509253866009588	0.6521842077121932	0.5714285714285714	endpoint
PF11392	0.0	0.9301615587924646	1.0701236966416356	1.3492201380310491	0.23117982228481487	0.28422989466171195	0.7688201777151851	0.7157701053382881	1.0	baseline
PF11396	0.0	0.4416309677270916	0.8143028715648973	1.4629857867052065	0.33287592113694675	0.2831835843333128	0.6671240788630532	0.7168164156666872	0.7142857142857143	baseline
PF11398	0.0	0.7620112288107661	0.837464720727551	1.3414804028420824	0.25545828677868204	0.23732782905990343	0.7445417132213179	0.7626721709400965	1.0	baseline
PF11412	0.0	1.069733656016335	1.3269258461926214	1.9746377870854077	0.1879198692459534	0.08485887165964526	0.8120801307540466	0.9151411283403548	0.8571428571428571	baseline
PF11443	0.0	0.37972215797671194	0.6828817922899546	1.5101447202499356	0.6034672607192328	0.583977233739013	0.6034672607192328	0.583977233739013	0.5714285714285714	endpoint
PF11449	0.0	0.44906086619140423	0.26358339267273284	1.5252352476734439	0.6194780260065021	0.6192553472783804	0.6194780260065021	0.6192553472783804	0.5714285714285714	endpoint
PF11452	0.0	0.5356445357016453	1.023951948495239	1.600244174154427	0.37202643650992856	0.27381523303186683	0.6279735634900714	0.7261847669681332	0.7142857142857143	baseline
PF11453	0.0	1.0604968842743356	1.2215258095659014	1.438034860569869	0.16674163524044947	0.09172013043027412	0.8332583647595505	0.9082798695697258	1.0	baseline
PF11533	0.0	1.0152644393091752	1.0724016686378457	1.5292122739300469	0.1911701361136693	0.17060831403332805	0.8088298638863307	0.8293916859666719	1.0	baseline
PF11551	0.0	0.48730517145379165	0.5186053257318377	1.2487738888680064	0.6424842870395079	0.6489339004835278	0.6424842870395079	0.6489339004835278	0.8571428571428571	endpoint
PF11589	0.0	0.062437458527044125	0.16013567658133654	1.6190035046932394	0.4568005861317211	0.4159574696471272	0.543199413868279	0.5840425303528728	0.5714285714285714	baseline
PF11655	0.0	0.3320726495929736	1.1847105626048366	1.5106726124753482	0.6237827916871412	0.866359537640066	0.6237827916871412	0.866359537640066	0.5714285714285714	endpoint
PF11658	0.0	0.8210168657289756	0.8099069289184723	1.5271911062208838	0.2772359521317223	0.25524763748886786	0.7227640478682777	0.7447523625111321	0.8571428571428571	baseline
PF11672	0.0	0.8473914421600409	1.2017173227372102	1.7041048021435423	0.7316838828657504	0.8955259014373588	0.7316838828657504	0.8955259014373588	0.8571428571428571	endpoint
PF11692	0.0	0.5283844692591212	1.1040854431809177	1.432534968003983	0.37003861237254754	0.18855117143458824	0.6299613876274525	0.8114488285654118	0.7142857142857143	baseline
PF11694	0.0	0.4796766629861647	0.9384267664147583	1.4181302307350403	0.3884339185399588	0.23478992011805197	0.6115660814600412	0.765210079881948	0.7142857142857143	baseline
PF11700	0.0	0.28198515298824894	0.3262018102222811	1.3082815606715545	0.5892897647851946	0.6163244210785955	0.5892897647851946	0.6163244210785955	0.7142857142857143	endpoint
PF11721	0.0	0.40751358442289914	0.7113057126878879	1.8136148249665884	0.3847358229908675	0.2857333000082814	0.6152641770091325	0.7142666999917187	0.5714285714285714	baseline
PF11738	0.0	0.4075298710013899	0.25703700118028816	1.5096010487561338	0.6179426789651833	0.6220251732995313	0.6179426789651833	0.6220251732995313	0.5714285714285714	endpoint
PF11745	0.0	0.3904681304911981	0.25994735725123125	1.4016073127968522	0.37547262465157655	0.43598453763204836	0.6245273753484235	0.5640154623679516	0.8571428571428571	baseline
PF11751	0.0	0.3325118675547912	0.4312783333276246	1.327720381350573	0.40668051214338047	0.3749944437422445	0.5933194878566195	0.6250055562577554	0.7142857142857143	baseline
PF11753	0.0	0.3698831821653831	0.21208662602052664	1.381848399899845	0.3871236143414945	0.4354151164384883	0.6128763856585056	0.5645848835615117	0.7142857142857143	baseline
PF11760	0.0	0.9513204895044087	1.2748258091774747	1.3674319622630324	0.7955879544662775	0.7990638872871954	0.7955879544662775	0.7990638872871954	0.8571428571428571	endpoint
PF11762	0.0	0.7386862571902405	1.2427202061759635	1.4548138760497502	0.7657578358054588	0.9027044180324126	0.7657578358054588	0.9027044180324126	0.8571428571428571	endpoint
PF11775	0.0	0.7116677859288842	1.067627676396708	1.7077500473578997	0.7256813588818286	0.7693383428681911	0.7256813588818286	0.7693383428681911	0.7142857142857143	endpoint
PF11794	0.0	0.4122537919233903	0.6908285315638341	1.518673448920577	0.3759444684982681	0.32693557451501815	0.6240555315017319	0.6730644254849818	0.8571428571428571	baseline
PF11795	0.0	0.5027340147462012	0.7208521905210055	1.2805231248761115	0.6445217578360821	0.683183931918283	0.6445217578360821	0.683183931918283	0.8571428571428571	endpoint
PF11796	0.0	0.43495572835666924	0.9942942871586201	1.8291406131193448	0.3908011138089468	0.16698892485715083	0.6091988861910532	0.8330110751428492	0.7142857142857143	baseline
PF11799	0.0	0.5024762292590479	0.9599976740308764	1.4302431664512592	0.3716800057768074	0.25321675359439577	0.6283199942231926	0.7467832464056042	0.7142857142857143	baseline
PF11806	0.0	1.0808367020265188	1.309529951856811	1.7087829351884678	0.2117395734001433	0.1897284501813983	0.7882604265998567	0.8102715498186017	1.0	baseline
PF11818	0.0	0.6032068899937203	0.6647506817781242	1.2577181033673626	0.3305067213229807	0.33426897244078785	0.6694932786770194	0.6657310275592121	0.8571428571428571	baseline
PF11838	0.14285714285714285	0.9324543070693755	1.056644136489598	2.0390291034376076	0.2557107677966593	0.187085322682949	0.7442892322033408	0.812914677317051	0.8571428571428571	baseline
PF11842	0.0	0.4976836767347592	1.066934722143512	1.705742162949542	0.677951980016532	0.8371468200851144	0.677951980016532	0.8371468200851144	0.5714285714285714	endpoint
PF11852	0.0	0.3959903065500279	0.6264896110368798	1.5243537363902462	0.40857883171527787	0.3666254434063287	0.5914211682847221	0.6333745565936713	0.5714285714285714	baseline
PF11855	0.0	0.04574454841810358	0.05629415915595522	1.128620806154446	0.5063680604186271	0.4921189171192288	0.5063680604186271	0.5078810828807712	0.5714285714285714	baseline
PF11860	0.0	0.27773289441133964	0.7617853451249618	1.207662538009823	0.6121052067179268	0.6912847388335146	0.6121052067179268	0.6912847388335146	0.7142857142857143	endpoint
PF11863	0.0	0.10709002890762762	0.11707562598863298	1.2432328352176913	0.5459506628549423	0.5111096700301266	0.5459506628549423	0.5111096700301266	0.5714285714285714	endpoint
PF11867	0.0	0.46562228698616487	0.6086454743566173	1.3147830651508303	0.35378069316310884	0.2620074187076268	0.6462193068368911	0.7379925812923732	0.7142857142857143	baseline
PF11888	0.0	0.26334215678405826	0.5867184221890996	1.485501241759011	0.5904416402394327	0.6723135785223484	0.5904416402394327	0.6723135785223484	0.5714285714285714	endpoint
PF11893	0.0	0.7547048225316677	0.8481239676663184	1.4632723773297283	0.30033288065082375	0.251467967630881	0.6996671193491762	0.748532032369119	0.8571428571428571	baseline
PF11896	0.0	0.5921299470468826	1.122256075074203	1.5561736900316085	0.3484543490660439	0.1983002525135153	0.6515456509339561	0.8016997474864846	0.7142857142857143	baseline
PF11897	0.0	0.03681769500923753	0.37463532783448983	1.5272406531381475	0.5217585954446714	0.4084325114528044	0.5217585954446714	0.5915674885471955	0.5714285714285714	baseline
PF11898	0.0	0.2982946606733391	0.7091033958918393	1.7795601895367248	0.4022525689610532	0.34742049967847394	0.5977474310389468	0.652579500321526	0.5714285714285714	baseline
PF11907	0.0	0.31193730341590914	0.6587826493169511	1.176427660352201	0.40424757681641316	0.32605072933887586	0.5957524231835869	0.6739492706611241	0.5714285714285714	baseline
PF11922	0.0	0.6530741508130621	0.5967492985576299	1.7583725452286167	0.3023174337059351	0.3431494230247762	0.6976825662940649	0.6568505769752238	0.8571428571428571	baseline
PF11924	0.0	0.9684486915001553	1.2620472022248297	1.4610099034864945	0.22452143685210277	0.13569399642410782	0.7754785631478972	0.8643060035758922	0.8571428571428571	baseline
PF11958	0.0	0.7833725252013432	0.9854402119997041	1.3612541049142732	0.25999135713160226	0.2501958342699383	0.7400086428683977	0.7498041657300617	1.0	baseline
PF11967	0.0	0.4059381740322854	0.9090193885150203	1.4011126293694656	0.40203164791274465	0.30068415668983073	0.5979683520872554	0.6993158433101693	0.7142857142857143	baseline
PF11974	0.0	0.7816897250500069	0.4527672239437049	1.524028619465616	0.2515303765297902	0.35560778602032495	0.7484696234702097	0.644392213979675	1.0	baseline
PF11975	0.0	0.5195176611719368	0.5831444224180963	1.33182386410038	0.32898547238116294	0.27076060150189246	0.6710145276188371	0.7292393984981076	0.8571428571428571	baseline
PF11984	0.0	0.1679614410386295	0.17650184818959141	1.3061603972603448	0.4259273158954005	0.5185365434012662	0.5740726841045996	0.5185365434012662	0.5714285714285714	baseline
PF11987	0.0	0.6157595954197423	0.9481208160468637	1.305992056300721	0.7138996687009651	0.8068548036850478	0.7138996687009651	0.8068548036850478	0.7142857142857143	endpoint
PF11997	0.0	0.2588947795950834	1.1573367856681895	1.3910691730374474	0.36093071675314464	0.13907717484791163	0.6390692832468554	0.8609228251520884	0.5714285714285714	baseline
PF12002	0.0	0.4652988565211405	0.4505154719197306	1.278427214245658	0.3395974443905831	0.3798019892831468	0.6604025556094169	0.6201980107168532	0.7142857142857143	baseline
PF12008	0.0	0.09216355686072367	0.09508216331180006	0.982771463023533	0.4710898302228245	0.5427763943991701	0.5289101697771754	0.5427763943991701	0.5714285714285714	baseline
PF12010	0.0	1.1488128402950584	1.1979215108008237	1.3400258558848657	0.8463216794075887	0.8313715392542864	0.8463216794075887	0.8313715392542864	1.0	endpoint
PF12029	0.0	0.6844505888065432	1.093834826312036	1.4736960237349523	0.2747884915547168	0.16867410309168948	0.7252115084452833	0.8313258969083105	0.5714285714285714	baseline
PF12051	0.0	1.2185885730870865	1.1785334816494222	1.4587463549784254	0.8660246231657384	0.8888810530106417	0.8660246231657384	0.8888810530106417	1.0	endpoint
PF12072	0.0	0.7324322726178479	0.8390648342449986	1.6817377889074439	0.6953332486701963	0.6611676747974108	0.6953332486701963	0.6611676747974108	0.8571428571428571	endpoint
PF12080	0.0	0.11128282413809647	0.16630448897159575	1.5947940416217543	0.46437507292065694	0.44301481613221805	0.5356249270793431	0.556985183867782	0.5714285714285714	baseline
PF12083	0.0	0.3859000265620253	0.6949037481929518	1.2592031571110218	0.40582183337905825	0.35074009205557805	0.5941781666209418	0.6492599079444219	0.7142857142857143	baseline
PF12089	0.0	0.6888246720972896	1.0160634231094081	1.5317674862466317	0.3098707416009199	0.19391527678429143	0.6901292583990801	0.8060847232157086	0.8571428571428571	baseline
PF12099	0.0	0.2652140004416958	0.7171919225195362	1.4494172075271692	0.560717423084806	0.6808596924598959	0.560717423084806	0.6808596924598959	0.7142857142857143	endpoint
PF12111	0.0	0.5008686597869445	1.0906232490214134	1.9390197745410755	0.36971014056882795	0.1967968981696317	0.6302898594311721	0.8032031018303682	0.7142857142857143	baseline
PF12127	0.0	0.568838215902413	0.7809828112951596	1.267034545295759	0.6604838015792066	0.6694085193360773	0.6604838015792066	0.6694085193360773	0.7142857142857143	endpoint
PF12128	0.0	0.4338366383986685	0.30917953727425357	1.4820197518132747	0.6056830315645563	0.590737376924691	0.6056830315645563	0.590737376924691	0.7142857142857143	endpoint
PF12137	0.0	0.9757254419725545	1.0266091326452746	1.7506383805770573	0.2255951069224095	0.22466409955009425	0.7744048930775905	0.7753359004499057	1.0	baseline
PF12146	0.0	0.2832880052240631	0.1051629116020394	1.2684910681301411	0.5971840620013354	0.516963498559328	0.5971840620013354	0.516963498559328	0.5714285714285714	endpoint
PF12161	0.0	0.0694905710492785	0.0939266894277893	1.270561229297118	0.5607241584943379	0.49614765653746645	0.5607241584943379	0.5038523434625335	0.5714285714285714	endpoint
PF12164	0.0	0.7956189815430268	1.0799483702315131	1.474188704537284	0.7813208367235255	0.8567109969920275	0.7813208367235255	0.8567109969920275	0.8571428571428571	endpoint
PF12169	0.0	0.9565240004476178	1.2097540744531599	1.642496381328265	0.7774325124005408	0.74650470049751	0.7774325124005408	0.74650470049751	0.8571428571428571	endpoint
PF12183	0.0	0.37453798905429075	0.5103822792435856	1.035148119176655	0.6018281180614211	0.5926528280646375	0.6018281180614211	0.5926528280646375	0.8571428571428571	endpoint
PF12215	0.0	0.748333056489426	0.8191182945496421	1.2574371090970655	0.726510141887901	0.661085739286448	0.726510141887901	0.661085739286448	1.0	endpoint
PF12224	0.0	0.3231931916961517	0.22591205446283547	0.8850307876475523	0.5889028669258742	0.593120592158863	0.5889028669258742	0.593120592158863	0.8571428571428571	endpoint
PF12225	0.0	0.7106780976292368	0.6841337748552746	1.5219355754641601	0.7407840749558119	0.7305416789396498	0.7407840749558119	0.7305416789396498	0.8571428571428571	endpoint
PF12229	0.0	1.0009887296861713	1.1847205345826146	1.8000299792352825	0.7963806810255767	0.7723867136774499	0.7963806810255767	0.7723867136774499	0.8571428571428571	endpoint
PF12236	0.0	0.03875116032772806	0.27639091951612205	1.3819752012939044	0.49289275548894373	0.42474079341460497	0.5071072445110563	0.575259206585395	0.5714285714285714	baseline
PF12282	0.0	0.4078133045295887	0.7143457877385544	1.370653733630009	0.3995706169745111	0.34619493377844734	0.600429383025489	0.6538050662215527	0.7142857142857143	baseline
PF12320	0.0	0.43721760008568633	0.8422992751889501	1.2764278614628777	0.6310995440731985	0.7398046167300306	0.6310995440731985	0.7398046167300306	0.5714285714285714	endpoint
PF12323	0.0	1.0725520522871796	1.2002683951510111	1.4026969112005883	0.839687851774327	0.8389222501950103	0.839687851774327	0.8389222501950103	1.0	endpoint
PF12327	0.0	0.17760136805877952	0.22592379428739012	1.322860544828406	0.41807710062952225	0.43311818732555984	0.5819228993704777	0.5668818126744402	0.5714285714285714	baseline
PF12344	0.0	0.25377702547165626	0.37747990071371407	1.6830721208724428	0.5710319379288997	0.5668038523728961	0.5710319379288997	0.5668038523728961	0.5714285714285714	endpoint
PF12385	0.0	0.20537890212041107	0.11627046287826161	1.3094731569711677	0.5842492508071432	0.5495303477354508	0.5842492508071432	0.5495303477354508	0.7142857142857143	endpoint
PF12392	0.0	0.3502124576662458	0.7093254989060299	1.464053393096923	0.621631383888006	0.67902068064663	0.621631383888006	0.67902068064663	0.5714285714285714	endpoint
PF12395	0.0	0.7786672686446179	0.8895987476787425	1.9639165490477375	0.699018455938584	0.710944298658301	0.699018455938584	0.710944298658301	0.8571428571428571	endpoint
PF12401	0.0	0.1326637375558882	0.01183769207521802	1.393487188124172	0.47849299799260087	0.5159620431524053	0.5215070020073991	0.5159620431524053	0.5714285714285714	baseline
PF12419	0.0	0.578728833442937	0.6724908948403506	1.6480838168246252	0.3420879222430383	0.29810585815888724	0.6579120777569617	0.7018941418411128	0.7142857142857143	baseline
PF12421	0.0	0.9334719794529958	1.305226390733715	1.6862114252881275	0.260019001622132	0.12698087478102732	0.739980998377868	0.8730191252189727	0.7142857142857143	baseline
PF12437	0.0	0.5035385940348539	0.7836958045397748	1.4287892783327454	0.6097797569382016	0.6964069640882975	0.6097797569382016	0.6964069640882975	0.7142857142857143	endpoint
PF12439	0.0	0.39521471241479006	1.1085185444184054	1.4242579892010765	0.6346001312932215	0.7723439953496886	0.6346001312932215	0.7723439953496886	0.5714285714285714	endpoint
PF12502	0.0	0.540959589678129	0.41860425870292156	1.4956573591850248	0.34374038853920874	0.38154078997100044	0.6562596114607913	0.6184592100289996	0.8571428571428571	baseline
PF12508	0.0	0.324022011524493	0.44365576640840704	1.6408714844756227	0.592549615676366	0.6779680252633122	0.592549615676366	0.6779680252633122	0.7142857142857143	endpoint
PF12532	0.0	0.6972517019579615	0.8574149600668748	1.275260467124934	0.7135201857766031	0.7989869419741412	0.7135201857766031	0.7989869419741412	0.8571428571428571	endpoint
PF12535	0.0	0.04934656001123188	0.0049461805492305895	1.2873844350646704	0.5426241258193752	0.486855341077327	0.5426241258193752	0.513144658922673	0.5714285714285714	endpoint
PF12541	0.0	0.05939919811157252	0.18915974583685188	1.4790722708880968	0.5005806041637768	0.5531434356062741	0.5005806041637768	0.5531434356062741	0.7142857142857143	baseline
PF12566	0.0	0.5816849990699203	1.1848681671816335	1.5586417254872562	0.33327137531339035	0.2408750143756675	0.6667286246866096	0.7591249856243325	0.7142857142857143	baseline
PF12570	0.0	0.5980695955932713	0.7522083983275889	1.366053472502876	0.29375611351998226	0.27269521598117163	0.7062438864800178	0.7273047840188284	0.8571428571428571	baseline
PF12571	0.0	0.5148947776108779	0.5527309041508329	1.554316472006122	0.29588389837421397	0.2811999780990578	0.704116101625786	0.7188000219009423	0.7142857142857143	baseline
PF12627	0.0	0.8510168395093718	1.2498398701427464	1.6458417752265326	0.24958942875148207	0.19741599121943537	0.750410571248518	0.8025840087805647	0.8571428571428571	baseline
PF12631	0.0	0.39040474547038456	0.9042339738278142	1.1409609515239032	0.6501250016379071	0.7355269438424704	0.6501250016379071	0.7355269438424704	0.7142857142857143	endpoint
PF12641	0.0	1.0773928551441363	1.2602926898672477	1.467918246095838	0.8375342741553108	0.9394122267393241	0.8375342741553108	0.9394122267393241	0.8571428571428571	endpoint
PF12642	0.0	0.6184243921175033	1.004345372096285	1.2727153014623218	0.6935852290304115	0.6627069263372211	0.6935852290304115	0.6627069263372211	0.8571428571428571	endpoint
PF12643	0.0	0.4549820245927504	0.6302504081230448	1.5048275598659373	0.6440974214030313	0.6125105211042222	0.6440974214030313	0.6125105211042222	0.7142857142857143	endpoint
PF12645	0.0	0.204953151619069	0.037991519870000906	1.5521523733922402	0.6017513097185315	0.5181075494419749	0.6017513097185315	0.5181075494419749	0.5714285714285714	endpoint
PF12648	0.0	0.6920468088809903	1.0818125037905968	1.2863545234572489	0.7404632940416322	0.8058233514824042	0.7404632940416322	0.8058233514824042	0.7142857142857143	endpoint
PF12654	0.0	1.1201130467692808	1.2694657615692295	1.5902354575059074	0.8531354766134941	0.9553402351238437	0.8531354766134941	0.9553402351238437	0.8571428571428571	endpoint
PF12663	0.0	0.3296024225356156	0.11316912315817644	1.6905607811857997	0.574010816727289	0.5485417689359249	0.574010816727289	0.5485417689359249	0.5714285714285714	endpoint
PF12666	0.0	0.426937267760845	0.60579990177829	1.6457147870106106	0.62565222889644	0.7438046705244775	0.62565222889644	0.7438046705244775	0.7142857142857143	endpoint
PF12667	0.0	0.08708252187499713	0.13788343426081737	1.397306542965791	0.45328034476968104	0.45204425100210704	0.546719655230319	0.547955748997893	0.7142857142857143	baseline
PF12668	0.0	0.24447967647953514	0.5370638740873557	1.3721589655830513	0.6131279542978596	0.6552697586380135	0.6131279542978596	0.6552697586380135	0.5714285714285714	endpoint
PF12671	0.0	0.29636293038302897	0.1792651784849411	1.3388127663262033	0.5718784178093468	0.5570478127837927	0.5718784178093468	0.5570478127837927	0.7142857142857143	endpoint
PF12672	0.0	0.5612435503326522	0.5749850420017464	1.4106811550503153	0.6694524639642687	0.657009732925419	0.6694524639642687	0.657009732925419	0.8571428571428571	endpoint
PF12673	0.14285714285714285	0.9373516266888741	1.144607161752722	2.1075166969004138	0.7468097838805268	0.780780789102861	0.7468097838805268	0.780780789102861	0.8571428571428571	endpoint
PF12679	0.0	0.23716173114242117	0.09958059876492957	1.6104574302528756	0.4292924238059346	0.4801875678922831	0.5707075761940654	0.5198124321077169	0.5714285714285714	baseline
PF12682	0.0	0.31216608942979507	0.3784336585711197	1.3603609288395544	0.5802579778227728	0.588149272607905	0.5802579778227728	0.588149272607905	0.7142857142857143	endpoint
PF12684	0.0	0.25341069247570863	0.19216061949613192	1.5758024220470161	0.392573839728584	0.40496497490671673	0.6074261602714159	0.5950350250932832	0.5714285714285714	baseline
PF12685	0.0	0.9740017776136037	1.2763255654896	1.5225122087562142	0.7878095472116522	0.8624390021313529	0.7878095472116522	0.8624390021313529	0.8571428571428571	endpoint
PF12686	0.0	0.22326281527559294	0.23717619187517924	1.5932618165842038	0.4383840523054116	0.43686617638081143	0.5616159476945883	0.5631338236191885	0.7142857142857143	baseline
PF12687	0.0	0.7405743107506788	0.6453742889644538	1.582576198462757	0.731087688521999	0.7272740288565783	0.731087688521999	0.7272740288565783	1.0	endpoint
PF12695	0.0	0.9623370527621384	1.1830877179032389	1.4923725521503532	0.8230646619228251	0.8620813511636397	0.8230646619228251	0.8620813511636397	0.8571428571428571	endpoint
PF12696	0.14285714285714285	0.6765868024135206	0.9756329782412558	2.0354404175572127	0.6672543478172425	0.8058076872627361	0.6672543478172425	0.8058076872627361	0.7142857142857143	endpoint
PF12697	0.0	0.0008723384872214897	0.458820453414877	1.3330556240834557	0.5094972543993819	0.6341036215672055	0.5094972543993819	0.6341036215672055	0.5714285714285714	endpoint
PF12698	0.0	0.5664291800755209	1.0326905908580923	1.4086804066334162	0.3138287147363562	0.27151892642014536	0.6861712852636438	0.7284810735798546	0.7142857142857143	baseline
PF12700	0.0	1.107652954497599	1.1655756819859175	1.5968049279155314	0.823124088930928	0.8477562729475276	0.823124088930928	0.8477562729475276	1.0	endpoint
PF12704	0.0	0.7367422239219231	0.6732961762816672	1.3571877926028058	0.7071014939014167	0.6959100406016708	0.7071014939014167	0.6959100406016708	1.0	endpoint
PF12705	0.0	0.20823353319784663	0.29227343634488223	0.8769860493615854	0.5660544043126264	0.5881970826760695	0.5660544043126264	0.5881970826760695	0.5714285714285714	endpoint
PF12706	0.0	0.2133487106029306	0.04168028701957912	1.4486338580637792	0.5405725794874324	0.4775396753958049	0.5405725794874324	0.5224603246041951	0.5714285714285714	endpoint
PF12708	0.0	0.2860038034568764	1.0548837853111788	1.5001021867034674	0.5546297112947663	0.6598561317387964	0.5546297112947663	0.6598561317387964	0.5714285714285714	endpoint
PF12710	0.0	0.9071410865240827	1.3411471837846165	1.5047912918745612	0.26129206945644096	0.22082995535974503	0.7387079305435591	0.779170044640255	0.8571428571428571	baseline
PF12715	0.0	0.26738528844934756	0.43890659430124646	1.4138311284984144	0.6208602444869605	0.687254977319795	0.6208602444869605	0.687254977319795	0.7142857142857143	endpoint
PF12725	0.0	0.3035552220265617	0.5222770321657859	1.2725378847244382	0.5914714090012362	0.5573173173392457	0.5914714090012362	0.5573173173392457	0.5714285714285714	endpoint
PF12727	0.0	0.8423671331192829	1.095973779454947	1.5332000944177968	0.7806468414766095	0.8097267246167329	0.7806468414766095	0.8097267246167329	0.8571428571428571	endpoint
PF12728	0.0	0.6167250207761459	0.6869241353506864	1.6304464540269148	0.6600339361817985	0.7412701722904623	0.6600339361817985	0.7412701722904623	0.8571428571428571	endpoint
PF12729	0.0	0.5375534952202016	0.7998137417545901	1.6505504507718065	0.6395742458850159	0.7280940269684895	0.6395742458850159	0.7280940269684895	0.7142857142857143	endpoint
PF12730	0.0	0.7583962818087695	1.176503639803269	1.6325279762339298	0.7610306028121242	0.951803382022186	0.7610306028121242	0.951803382022186	0.7142857142857143	endpoint
PF12733	0.0	0.3899111133678638	0.8446132826160269	1.7073461923602689	0.6000029084995198	0.7816959069344744	0.6000029084995198	0.7816959069344744	0.5714285714285714	endpoint
PF12741	0.0	0.19606682408049164	0.2097718779817571	1.2586966284308583	0.41305419574782876	0.44981476185934544	0.5869458042521712	0.5501852381406546	0.7142857142857143	baseline
PF12750	0.0	0.857798347527434	1.3162061417816517	1.8652231870193057	0.7397591083351711	0.8419491991691412	0.7397591083351711	0.8419491991691412	0.8571428571428571	endpoint
PF12759	0.0	0.5694285131652913	0.9499470373505225	1.5957371894526786	0.3307215165155749	0.16303787365240724	0.6692784834844251	0.8369621263475928	0.7142857142857143	baseline
PF12762	0.0	0.17539540094472653	0.3693976020135861	1.2197080607589241	0.45994417798416887	0.40930195848788753	0.5400558220158311	0.5906980415121125	0.5714285714285714	baseline
PF12769	0.0	0.6771313380920194	0.6355672097446612	1.3825649669069626	0.2922295830705622	0.3615422972857363	0.7077704169294379	0.6384577027142637	1.0	baseline
PF12770	0.0	0.3716341575791765	0.5431726086035099	1.1412868670947363	0.6163248357957307	0.649740306290125	0.6163248357957307	0.649740306290125	0.5714285714285714	endpoint
PF12771	0.0	0.02209568295971919	0.05966665490465089	1.0971893367655616	0.4714967474504288	0.48537047986206366	0.5285032525495712	0.5146295201379363	0.5714285714285714	baseline
PF12784	0.0	0.09106013734713896	0.3651793524596082	0.9488027498225831	0.5025295781616752	0.4031423799549849	0.5025295781616752	0.5968576200450151	0.7142857142857143	baseline
PF12792	0.14285714285714285	0.4481437983485418	0.8888327252043532	2.094948144580065	0.4326766922766475	0.23528537388537316	0.5673233077233525	0.7647146261146268	0.7142857142857143	baseline
PF12793	0.0	0.9449045547309999	1.2520511439648225	1.5708985593494862	0.21011934373670207	0.1459501029542443	0.789880656263298	0.8540498970457557	0.8571428571428571	baseline
PF12794	0.0	0.5365596165465972	1.015379110519121	1.245344660267464	0.3796540604486583	0.24006350197571424	0.6203459395513418	0.7599364980242858	0.7142857142857143	baseline
PF12795	0.0	0.8236238435195693	0.9038955974272072	1.9550042833453847	0.2660027753198045	0.2056421782733239	0.7339972246801956	0.7943578217266761	0.8571428571428571	baseline
PF12796	0.0	0.10271305442939734	0.06146669324460574	1.336208279764463	0.4559108682271206	0.4928750953962205	0.5440891317728793	0.5071249046037796	0.5714285714285714	baseline
PF12799	0.0	0.6107155184070869	0.7920112580594849	1.421603328284555	0.680130640359134	0.6983509500731298	0.680130640359134	0.6983509500731298	0.7142857142857143	endpoint
PF12801	0.0	0.962316476208174	0.9841336703821593	1.5169351206082995	0.7814141256951759	0.7781008955183462	0.7814141256951759	0.7781008955183462	1.0	endpoint
PF12802	0.0	0.5099655999661172	0.5635330107319498	1.4610576428170456	0.3399090291100983	0.38088784678899607	0.6600909708899017	0.619112153211004	0.7142857142857143	baseline
PF12804	0.0	1.0263844121050312	0.8637868522568856	1.4556323235834807	0.8168504264670873	0.7394811210214384	0.8168504264670873	0.7394811210214384	1.0	endpoint
PF12805	0.0	0.30627580667304244	0.6296917807689554	1.5074880408661528	0.44943101919146755	0.3660938926771411	0.5505689808085324	0.6339061073228589	0.5714285714285714	baseline
PF12810	0.0	0.3592373321447092	0.6160913119585387	1.3898970796448775	0.6130254233146596	0.6296676397657167	0.6130254233146596	0.6296676397657167	0.7142857142857143	endpoint
PF12821	0.0	0.1432891835249049	0.042017227802013536	1.598482045437588	0.5369073945141165	0.4636461348414228	0.5369073945141165	0.5363538651585772	0.5714285714285714	endpoint
PF12822	0.0	0.7050952936448807	0.9799334351212758	1.4473837267353706	0.7065989902565548	0.764504595095208	0.7065989902565548	0.764504595095208	0.8571428571428571	endpoint
PF12826	0.0	0.2091113915279259	0.01841196390381065	1.3583797829913913	0.4600339926264118	0.47307819022986325	0.5399660073735881	0.5269218097701367	0.5714285714285714	baseline
PF12831	0.0	0.13260278636414827	0.715111307587391	1.817718298241073	0.38413886232887495	0.22546324390811406	0.615861137671125	0.7745367560918859	0.5714285714285714	baseline
PF12832	0.0	0.33953438123045887	0.4252471846788171	1.666224783774091	0.38758648151628	0.3773154174465289	0.61241351848372	0.622684582553471	0.7142857142857143	baseline
PF12833	0.0	0.4053029736281632	0.14182510999804102	1.4346131457532019	0.6105131000929147	0.5463504901622457	0.6105131000929147	0.5463504901622457	0.7142857142857143	endpoint
PF12836	0.0	0.28787112130859255	0.16049630602428977	1.3919782628378274	0.5644096581391365	0.5260137277262449	0.5644096581391365	0.5260137277262449	0.7142857142857143	endpoint
PF12837	0.0	0.21532382435607458	0.1186689773231113	1.5332324432091429	0.4213282227411775	0.4854522055787677	0.5786717772588226	0.5145477944212322	0.5714285714285714	baseline
PF12838	0.0	0.33265676775302006	0.7938737762003018	1.4759821074522739	0.4210633681957047	0.33884016576915527	0.5789366318042952	0.6611598342308447	0.7142857142857143	baseline
PF12840	0.0	0.6281639264181991	0.9212011243171148	1.6431492540369461	0.7381212855607735	0.8013170395064169	0.7381212855607735	0.8013170395064169	0.8571428571428571	endpoint
PF12844	0.0	0.8605794420247852	1.22104160591283	1.818101819908072	0.7223857450316029	0.7724204094471413	0.7223857450316029	0.7724204094471413	0.8571428571428571	endpoint
PF12846	0.0	0.7992721040968443	0.9616399905161058	1.3058824575275036	0.7176138242599006	0.7600859388824731	0.7176138242599006	0.7600859388824731	0.8571428571428571	endpoint
PF12848	0.0	0.3847009398816284	0.8715537417945785	1.6191460460720402	0.631388555670495	0.7859738821534522	0.631388555670495	0.7859738821534522	0.7142857142857143	endpoint
PF12849	0.0	0.6023908798501127	1.0121038999211736	1.2922219386695633	0.2907284572571123	0.2324658370668587	0.7092715427428877	0.7675341629331414	0.7142857142857143	baseline
PF12850	0.0	0.8690437854485655	1.204875980706845	1.458422147752148	0.7905221943703368	0.8541444286406455	0.7905221943703368	0.8541444286406455	0.8571428571428571	endpoint
PF12864	0.0	0.0756360167468703	0.36027533823016555	1.085115986564455	0.48367693270718376	0.40061838270835537	0.5163230672928163	0.5993816172916446	0.7142857142857143	baseline
PF12875	0.0	0.16783519093626215	0.261728727219735	1.5769820243317656	0.44465532063299495	0.4354515075146278	0.555344679367005	0.5645484924853722	0.5714285714285714	baseline
PF12888	0.0	0.09059430317888305	0.14514095340968	1.5421700239063656	0.5007245387931261	0.47926358936184993	0.5007245387931261	0.52073641063815	0.5714285714285714	endpoint
PF12889	0.0	0.35588697656912327	0.7063676787219382	1.6391080985892779	0.36169411224079356	0.28730734094886656	0.6383058877592065	0.7126926590511334	0.7142857142857143	baseline
PF12890	0.0	0.18156279732238337	0.38505114585466876	1.277173996503937	0.5733256847934642	0.6679390472222484	0.5733256847934642	0.6679390472222484	0.5714285714285714	endpoint
PF12892	0.0	0.2514302155877202	0.318707296990947	1.292949431598449	0.4308140455433721	0.4108774330330954	0.5691859544566279	0.5891225669669047	0.5714285714285714	baseline
PF12897	0.0	0.9092323480803441	1.230701168462403	1.5162490710302023	0.7954320605149275	0.8468625931058855	0.7954320605149275	0.8468625931058855	0.8571428571428571	endpoint
PF12900	0.0	0.539484389613587	0.42408557451565465	1.4748361000496486	0.3279222258252907	0.36073146428382186	0.6720777741747093	0.6392685357161781	0.8571428571428571	baseline
PF12904	0.0	0.4163029358923978	0.2311618903203434	1.4107792451636336	0.6103507611512093	0.5713524725856114	0.6103507611512093	0.5713524725856114	0.8571428571428571	endpoint
PF12905	0.0	0.32906280288293843	0.3585732619145254	1.3514211334735278	0.4215274942180952	0.4293674032476044	0.5784725057819048	0.5706325967523955	0.5714285714285714	baseline
PF12911	0.0	0.44158598296997065	0.6824134087025214	1.2261918020217826	0.6267999099867968	0.6727291745905676	0.6267999099867968	0.6727291745905676	0.5714285714285714	endpoint
PF12930	0.0	0.01926440788944255	0.31166649929669404	1.3325559856232017	0.443882151918539	0.6118145205604005	0.556117848081461	0.6118145205604005	0.5714285714285714	baseline
PF12945	0.0	1.31721721604321	1.3272108208789715	1.7757707554963564	0.8850444462543141	0.935528036946038	0.8850444462543141	0.935528036946038	1.0	endpoint
PF12950	0.0	0.3941790596482149	0.5060303725574216	1.4495673368883097	0.3412640820321542	0.2988977405142675	0.6587359179678458	0.7011022594857326	0.7142857142857143	baseline
PF12951	0.0	0.6933629575846042	0.8770618321565194	1.1859662210957855	0.2661823053238566	0.2180621733955758	0.7338176946761434	0.7819378266044242	0.8571428571428571	baseline
PF12954	0.0	0.4812834248894053	0.7917732675849267	1.4707583115372789	0.6337751157396144	0.8119567200614601	0.6337751157396144	0.8119567200614601	0.7142857142857143	endpoint
PF12957	0.0	0.37521014553771703	0.15634750095609729	1.381679795116482	0.6462466922002961	0.4766437236723895	0.6462466922002961	0.5233562763276105	0.5714285714285714	endpoint
PF12958	0.14285714285714285	1.082175098144486	1.2041691801814172	2.366825516506612	0.774363015690679	0.8635069243585191	0.774363015690679	0.8635069243585191	0.8571428571428571	endpoint
PF12960	0.0	0.7290136162396958	1.2601873463723892	1.7379399813467986	0.713389120829166	0.9048029163653138	0.713389120829166	0.9048029163653138	0.7142857142857143	endpoint
PF12964	0.0	0.5922745905762239	0.6940619451112541	1.2516354628694395	0.675257779973137	0.6940736591983907	0.675257779973137	0.6940736591983907	0.8571428571428571	endpoint
PF12969	0.0	0.6746734642288057	1.2037275168313728	1.389950064645451	0.3121192860980765	0.23151516441992195	0.6878807139019235	0.7684848355800781	0.7142857142857143	baseline
PF12971	0.0	0.21952511599858585	0.6791482717753514	1.5592710778810588	0.3902172378769511	0.23780748080698458	0.6097827621230489	0.7621925191930154	0.5714285714285714	baseline
PF12972	0.0	0.008316657628846591	0.19147768962592834	1.1691894492634114	0.48539127611486854	0.45143296833885543	0.5146087238851315	0.5485670316611446	0.5714285714285714	endpoint
PF12974	0.0	0.19174018825641218	0.6161699710337971	1.6027811402937835	0.6157690766208316	0.7088776299617425	0.6157690766208316	0.7088776299617425	0.7142857142857143	endpoint
PF12984	0.0	0.20327047454672117	0.08343587403032332	1.2975423366517058	0.554655942337539	0.4844709796614381	0.554655942337539	0.5155290203385618	0.5714285714285714	endpoint
PF12985	0.0	0.5617400620819392	0.7463616247392392	1.7586771006033732	0.6605656267427482	0.7271107742283226	0.6605656267427482	0.7271107742283226	0.5714285714285714	endpoint
PF12987	0.0	0.37135075722254324	0.6174429418343635	1.3081765707752024	0.6176776871692681	0.7052480776809011	0.6176776871692681	0.7052480776809011	0.5714285714285714	endpoint
PF12988	0.0	0.3046261929731389	0.6375086078048187	1.516276499408409	0.5898162627112945	0.6211296515766379	0.5898162627112945	0.6211296515766379	0.7142857142857143	endpoint
PF12990	0.0	0.011210169894537223	0.20547764418472436	1.476028844611572	0.5251315394488089	0.5642729411424348	0.5251315394488089	0.5642729411424348	0.7142857142857143	endpoint
PF12991	0.0	0.3789189019517731	0.3590522669618814	1.5457426486884327	0.37898271834095887	0.3851802383233445	0.6210172816590411	0.6148197616766555	0.7142857142857143	baseline
PF12992	0.0	0.3156858658332061	0.2572224765527223	1.3583870120264019	0.41257237631522375	0.38263262841670964	0.5874276236847762	0.6173673715832904	0.5714285714285714	baseline
PF12993	0.0	0.59754399809516	1.0388814242210738	1.744517366936984	0.692638028192715	0.8545816557942091	0.692638028192715	0.8545816557942091	0.7142857142857143	endpoint
PF12994	0.0	0.6570840570855733	0.9350468033148454	1.5053211627185823	0.721326045913895	0.765369277579998	0.721326045913895	0.765369277579998	0.7142857142857143	endpoint
PF12995	0.0	1.097246063291084	1.299763223184657	1.6789576121629166	0.8143049432340664	0.901910310358897	0.8143049432340664	0.901910310358897	1.0	endpoint
PF12996	0.0	0.840571380881431	1.2444203826049367	1.5304695083914563	0.7269431542611672	0.7679764685587039	0.7269431542611672	0.7679764685587039	0.8571428571428571	endpoint
PF12997	0.0	0.6388159322625364	0.9948167752718946	1.5122559517644023	0.6852401072898047	0.8295745664353005	0.6852401072898047	0.8295745664353005	0.7142857142857143	endpoint
PF13004	0.0	0.24493409468731023	0.04934113768295845	1.2850686466437038	0.6127285400199503	0.528196047746916	0.6127285400199503	0.528196047746916	0.5714285714285714	endpoint
PF13006	0.0	0.6663993609207773	1.134619715819606	1.602127778296989	0.3125704139681003	0.28227734498608836	0.6874295860318997	0.7177226550139116	0.7142857142857143	baseline
PF13007	0.0	0.2124390684888781	0.09257443961538556	1.0852337428176884	0.4452515002919787	0.439147723068648	0.5547484997080213	0.560852276931352	0.5714285714285714	baseline
PF13018	0.0	0.3661656108075502	0.23490683843452712	1.494406625279171	0.39267685758433896	0.4151103908616506	0.6073231424156611	0.5848896091383494	0.7142857142857143	baseline
PF13023	0.0	0.07783137083923787	0.006936180705305054	1.287178969811355	0.5097163438718878	0.514816168259951	0.5097163438718878	0.514816168259951	0.5714285714285714	endpoint
PF13026	0.0	0.6428872596645991	1.0766598701765886	1.4238708647608807	0.7301856215167218	0.76489607731676	0.7301856215167218	0.76489607731676	0.7142857142857143	endpoint
PF13083	0.0	0.4867581130347605	0.6029013716546112	1.4274613822774722	0.6696485793727233	0.7460737551239117	0.6696485793727233	0.7460737551239117	0.7142857142857143	endpoint
PF13084	0.0	0.020512480358881615	0.014101675721943941	0.9884184305351139	0.5228407687680116	0.5169631651395233	0.5228407687680116	0.5169631651395233	0.5714285714285714	endpoint
PF13085	0.0	0.23755718153726887	0.7258971149568405	1.0578149215688968	0.4429299156621278	0.31064962195742807	0.5570700843378722	0.6893503780425719	0.5714285714285714	baseline
PF13086	0.0	0.3424234767188029	0.3477007893377042	1.5490679647528727	0.3632959020805826	0.41179643499424917	0.6367040979194174	0.5882035650057509	0.5714285714285714	baseline
PF13087	0.0	0.415666811689877	0.4574314010984543	1.6826444653700225	0.6359706801420354	0.6337207471975079	0.6359706801420354	0.6337207471975079	0.5714285714285714	endpoint
PF13088	0.0	0.7323154308908314	1.0764442320828547	1.583447138655654	0.27778562407835067	0.21092769663683514	0.7222143759216493	0.7890723033631648	0.8571428571428571	baseline
PF13089	0.14285714285714285	0.37535862830453165	0.20568457089573128	2.030500945595498	0.41214855073557466	0.40032290684666777	0.5878514492644253	0.5996770931533322	0.5714285714285714	baseline
PF13090	0.0	0.5011704664464005	0.6918306259234892	1.6927601492166635	0.35101185319891454	0.28748949033373744	0.6489881468010854	0.7125105096662625	0.7142857142857143	baseline
PF13091	0.0	0.6328247719155149	1.0866138401224708	1.7595214111396154	0.6484516439655245	0.7206726825666232	0.6484516439655245	0.7206726825666232	0.7142857142857143	endpoint
PF13098	0.0	0.1290657367193543	0.09505369915507252	1.3605982460472046	0.41291532267508735	0.5338360037766581	0.5870846773249127	0.5338360037766581	0.5714285714285714	baseline
PF13100	0.0	0.379861288420933	0.6258070156582288	1.2437316571275352	0.6266018976028945	0.6428168637391001	0.6266018976028945	0.6428168637391001	0.5714285714285714	endpoint
PF13101	0.0	0.14259034479896962	0.2797221820165365	1.4674989473530802	0.5384635223207109	0.517053927746449	0.5384635223207109	0.517053927746449	0.5714285714285714	endpoint
PF13102	0.0	0.15003385620639254	0.3623997113404395	1.0508117457588653	0.4725621685366385	0.3778323220046334	0.5274378314633614	0.6221676779953667	0.7142857142857143	baseline
PF13116	0.0	0.8742616365805577	1.1870916246497791	1.5023800298854146	0.2676880591835001	0.19051309991273846	0.7323119408165	0.8094869000872615	0.8571428571428571	baseline
PF13145	0.0	0.22443260647850735	0.4221304067156087	1.306829226849846	0.3956228622854736	0.4145090195844164	0.6043771377145264	0.5854909804155837	0.5714285714285714	baseline
PF13146	0.0	0.17173907066366953	0.43151518480817946	1.2568840404599118	0.43203924179902403	0.3989906229896175	0.567960758200976	0.6010093770103825	0.5714285714285714	baseline
PF13148	0.0	0.10776940461481144	0.40840031613922173	1.4955228532794635	0.4749817830907378	0.40282762300026215	0.5250182169092622	0.5971723769997379	0.5714285714285714	baseline
PF13149	0.0	0.1989555532464967	0.3063390756905308	1.2277284083550561	0.5633839353707465	0.5214722535770256	0.5633839353707465	0.5214722535770256	0.5714285714285714	endpoint
PF13151	0.0	0.5628747427320809	0.4369349070013332	1.3013981008327935	0.669783637231121	0.6560562888556358	0.669783637231121	0.6560562888556358	0.8571428571428571	endpoint
PF13154	0.0	0.6687737399899228	0.8936737707085421	1.5172368807150283	0.7259248487705474	0.7221176032453417	0.7259248487705474	0.7221176032453417	0.8571428571428571	endpoint
PF13155	0.0	0.5112420936519556	0.47643280039129626	1.198093534745682	0.6707664474560928	0.6344582692785287	0.6707664474560928	0.6344582692785287	0.8571428571428571	endpoint
PF13166	0.0	0.552092201807507	0.8585983261401846	1.4694427879449377	0.6927200670961843	0.7442972400717444	0.6927200670961843	0.7442972400717444	0.7142857142857143	endpoint
PF13167	0.0	0.09257319575231053	0.4190077539693882	1.3392565376112673	0.552907750881286	0.32710016998859714	0.552907750881286	0.6728998300114029	0.5714285714285714	endpoint
PF13173	0.14285714285714285	0.6023772891772846	1.0477285447077487	2.0214925866623346	0.33808930631251466	0.21884280579016804	0.6619106936874853	0.781157194209832	0.5714285714285714	baseline
PF13174	0.0	0.31673349174651927	0.4218645468102562	1.0290696927713519	0.41174946488626973	0.3261195818151464	0.5882505351137303	0.6738804181848537	0.5714285714285714	baseline
PF13175	0.0	0.2518577168125867	0.31069173566881086	1.2409203078154272	0.5875217346820322	0.5775679951231846	0.5875217346820322	0.5775679951231846	0.7142857142857143	endpoint
PF13177	0.0	0.13300671787899193	0.14654859274493406	1.2231019683146558	0.5745518376347947	0.4672414456487634	0.5745518376347947	0.5327585543512365	0.5714285714285714	endpoint
PF13180	0.0	0.36747251483705234	0.5640086799427277	1.4339583475467	0.3874627808152196	0.3769970936504552	0.6125372191847804	0.6230029063495448	0.5714285714285714	baseline
PF13181	0.0	0.03055928302520356	0.33883499711096393	1.2987006577276636	0.5078749545045141	0.5924074440629703	0.5078749545045141	0.5924074440629703	0.7142857142857143	endpoint
PF13182	0.0	0.49125786678644684	0.5695330877244612	1.202708553006184	0.6273998666962374	0.6702669425393127	0.6273998666962374	0.6702669425393127	0.7142857142857143	endpoint
PF13184	0.0	0.5264068818817328	0.7902355659337865	1.2233085008255014	0.6855928963398453	0.7643625404765696	0.6855928963398453	0.7643625404765696	0.8571428571428571	endpoint
PF13189	0.0	0.5633558087466479	1.1086440166432021	1.7211209115172261	0.6209828965319838	0.6546525069915672	0.6209828965319838	0.6546525069915672	0.5714285714285714	endpoint
PF13190	0.0	0.16676179393551513	0.38077315662291994	1.5521583654496307	0.4756702935026537	0.42417751383561053	0.5243297064973462	0.5758224861643895	0.7142857142857143	baseline
PF13191	0.0	0.5069531986403589	0.797944694402078	1.2734601948339679	0.6635212911185766	0.7407724233344288	0.6635212911185766	0.7407724233344288	0.7142857142857143	endpoint
PF13192	0.0	0.2798504954903438	0.09515932024259592	1.5133866400263458	0.4103537725825316	0.4814062363380155	0.5896462274174684	0.5185937636619845	0.7142857142857143	baseline
PF13193	0.0	0.363346500963535	0.458908089497981	1.2170664104494464	0.627995123172976	0.6204781209301494	0.627995123172976	0.6204781209301494	0.7142857142857143	endpoint
PF13194	0.0	0.5044483360999862	0.8933854524674225	1.399907551831848	0.6270709900838586	0.7030013946112527	0.6270709900838586	0.7030013946112527	0.7142857142857143	endpoint
PF13195	0.0	0.06822606102865307	0.07362463881376305	1.2638144552521495	0.5016318957474933	0.48284234355843764	0.5016318957474933	0.5171576564415623	0.5714285714285714	endpoint
PF13196	0.0	0.012492868090344571	0.3734684118473834	1.309491947516605	0.49133255764577927	0.42588521642005295	0.5086674423542208	0.574114783579947	0.5714285714285714	baseline
PF13199	0.0	0.43529443534706097	0.8886610471891995	1.9340129505518144	0.5981630421715176	0.7759547536541835	0.5981630421715176	0.7759547536541835	0.7142857142857143	endpoint
PF13200	0.0	0.4850001468720539	1.0619057269683208	1.5210724525706736	0.6880381980270205	0.8604838523707754	0.6880381980270205	0.8604838523707754	0.7142857142857143	endpoint
PF13201	0.0	0.4889431836301809	0.6457378163203706	1.4731870374663747	0.3747969948226827	0.3066336328091856	0.6252030051773173	0.6933663671908143	0.7142857142857143	baseline
PF13202	0.0	0.12508161244924063	0.13441790459038797	1.350572994212634	0.44706861314929547	0.4696212672299215	0.5529313868507045	0.5303787327700785	0.5714285714285714	baseline
PF13204	0.0	0.5091546566333333	0.6268094975712911	1.5433303795320719	0.35898202485426406	0.3665723431852753	0.6410179751457359	0.6334276568147247	0.5714285714285714	baseline
PF13205	0.0	0.09328437147758652	0.060236483023817775	1.4541510429978626	0.5326685222902325	0.4910322663515034	0.5326685222902325	0.5089677336484966	0.5714285714285714	endpoint
PF13207	0.0	0.8317411809435072	1.1205306746939598	1.7052489533325006	0.27782953427268275	0.1552893118646956	0.7221704657273172	0.8447106881353044	0.8571428571428571	baseline
PF13224	0.0	0.203700100290267	0.10613752517115489	1.2941818112530845	0.5888189734368344	0.5380074497530201	0.5888189734368344	0.5380074497530201	0.5714285714285714	endpoint
PF13226	0.0	0.44063055035204163	0.37201842148957764	1.408035022089181	0.37608950301444316	0.421651373067356	0.6239104969855569	0.578348626932644	0.7142857142857143	baseline
PF13228	0.0	0.0855916902309314	0.18148374809227363	1.2846386602221953	0.4596820464317573	0.5556218830513987	0.5403179535682427	0.5556218830513987	0.5714285714285714	baseline
PF13229	0.0	0.03685695753438093	0.05380948844451917	1.5747830892843584	0.5128239778198243	0.5491350843088819	0.5128239778198243	0.5491350843088819	0.5714285714285714	endpoint
PF13231	0.0	0.2089687902969601	0.21949936085673355	1.3251982019307933	0.44239335560800985	0.4341846243230981	0.5576066443919901	0.5658153756769019	0.7142857142857143	baseline
PF13240	0.0	0.021610868964503975	0.14067073093919422	1.9293355470161877	0.4894851509471146	0.42263877156741175	0.5105148490528855	0.5773612284325882	0.5714285714285714	endpoint
PF13241	0.0	0.14828294758576513	0.22506774835666002	1.6965878146292388	0.5555630681604375	0.6047756856974025	0.5555630681604375	0.6047756856974025	0.5714285714285714	endpoint
PF13242	0.0	0.4147759879716812	0.172908145819458	1.362641257841263	0.3673162479800742	0.4727721775879999	0.6326837520199258	0.5272278224120002	0.7142857142857143	baseline
PF13245	0.0	0.4699943851918408	0.35977675599007164	1.2192475377958343	0.6679988976609331	0.6588740712176948	0.6679988976609331	0.6588740712176948	0.8571428571428571	endpoint
PF13246	0.0	0.509998666375883	0.5627514967809442	1.9632981358464605	0.3455845489089417	0.30860107252044955	0.6544154510910583	0.6913989274795505	0.5714285714285714	baseline
PF13247	0.0	0.9066180110149092	1.264730484643183	1.7265035006499474	0.27171546757571646	0.19259595455978226	0.7282845324242835	0.8074040454402177	0.8571428571428571	baseline
PF13258	0.0	0.0679763863823518	0.01632085647852821	1.3796618017266913	0.4822290131253019	0.4733300847358056	0.517770986874698	0.5266699152641944	0.5714285714285714	baseline
PF13262	0.0	0.23762475256704155	0.06844783866667835	1.633803224447181	0.4429558412726761	0.45925873140766427	0.5570441587273238	0.5407412685923357	0.5714285714285714	baseline
PF13263	0.0	0.4407859223116626	0.8613021174480767	1.598044001788334	0.6719683212589631	0.7515424058293522	0.6719683212589631	0.7515424058293522	0.8571428571428571	endpoint
PF13264	0.0	0.3461757862694349	0.6143160168025994	1.5043378283758393	0.3740203026496383	0.3695798847380742	0.6259796973503617	0.6304201152619258	0.5714285714285714	baseline
PF13271	0.0	0.7782746308631933	1.4629297158942973	1.5939183067972038	0.7017252794395935	0.71346288793149	0.7017252794395935	0.71346288793149	0.8571428571428571	endpoint
PF13274	0.0	0.2734942719319967	0.3121519573577292	1.0289512230103217	0.4340580312605288	0.42159501239619285	0.5659419687394712	0.5784049876038071	0.8571428571428571	baseline
PF13276	0.0	0.7899423713651439	1.2131406485046639	1.5194679122606913	0.7659101684832349	0.8430061776975502	0.7659101684832349	0.8430061776975502	0.8571428571428571	endpoint
PF13277	0.0	0.30512942483514277	0.2208180780778663	1.4445257233305748	0.4105219070472913	0.39512836212737873	0.5894780929527087	0.6048716378726213	0.7142857142857143	baseline
PF13280	0.0	0.16062648647444785	0.052568537514759685	1.6417591912690215	0.47350181257425594	0.4793470928578827	0.5264981874257441	0.5206529071421173	0.5714285714285714	baseline
PF13286	0.0	0.353112580143618	0.3656470096729301	1.475278538086815	0.4380201517711036	0.34541613397278936	0.5619798482288965	0.6545838660272106	0.5714285714285714	baseline
PF13287	0.0	0.10786365509523951	0.3714431236409612	1.4080620297116249	0.4632342696497907	0.3805219906269246	0.5367657303502094	0.6194780093730754	0.5714285714285714	baseline
PF13288	0.0	0.1642742727527225	0.3197364924632124	1.06335026990118	0.47782794969155756	0.39996070272017675	0.5221720503084424	0.6000392972798232	0.5714285714285714	baseline
PF13289	0.0	0.1678391432233927	0.3387681417866911	1.4619404818984703	0.5393723576514957	0.5691033918983199	0.5393723576514957	0.5691033918983199	0.5714285714285714	endpoint
PF13290	0.0	0.23721610120674377	0.7710317857611851	1.454745857283223	0.5636864845426955	0.5986098726145116	0.5636864845426955	0.5986098726145116	0.5714285714285714	endpoint
PF13291	0.0	0.7442479886350186	1.1092597063733365	1.5588185380703732	0.2830709955722166	0.1157340910001804	0.7169290044277834	0.8842659089998196	0.7142857142857143	baseline
PF13292	0.0	0.8311091914663153	1.2587536975714892	1.7444267781036498	0.7700905840152086	0.9210065657066022	0.7700905840152086	0.9210065657066022	0.7142857142857143	endpoint
PF13296	0.0	0.4934748743229716	0.4365993182782519	1.783465651376633	0.3637580094834854	0.37329833387052674	0.6362419905165146	0.6267016661294733	0.7142857142857143	baseline
PF13302	0.0	0.5385988009003616	1.0279455745234212	1.7671300191658583	0.3568513884116594	0.2999849377546621	0.6431486115883406	0.7000150622453378	0.7142857142857143	baseline
PF13303	0.0	0.5392857345864529	0.562284463979646	1.5169349491472117	0.6812479795816282	0.6917011595704312	0.6812479795816282	0.6917011595704312	0.7142857142857143	endpoint
PF13304	0.0	0.28899819739084964	0.0901506269588655	1.2769340317145468	0.5822819679658766	0.5412044246288062	0.5822819679658766	0.5412044246288062	0.5714285714285714	endpoint
PF13306	0.0	0.4020602667041219	0.05417922002558922	1.7285812094695714	0.633283131547181	0.5258606417936944	0.633283131547181	0.5258606417936944	0.5714285714285714	endpoint
PF13307	0.14285714285714285	0.9152450969111897	1.4177067830319894	2.0472026635153937	0.7242843286815016	0.8104504736430295	0.7242843286815016	0.8104504736430295	0.8571428571428571	endpoint
PF13308	0.0	0.8914371023591715	0.9715734687574047	1.2296345632405974	0.7839458757856165	0.8044142691146193	0.7839458757856165	0.8044142691146193	1.0	endpoint
PF13310	0.0	0.3075457927127162	0.32936573077307685	1.4524388991124655	0.3903060169969376	0.41594713102058894	0.6096939830030623	0.5840528689794111	0.7142857142857143	baseline
PF13311	0.0	0.6286594030169671	0.7345045888857773	1.529144823606701	0.6856866946688603	0.6849070460643957	0.6856866946688603	0.6849070460643957	0.8571428571428571	endpoint
PF13313	0.0	0.8684445865865339	0.8238221750821215	1.3792463645139796	0.22695817851094652	0.3206015536745825	0.7730418214890535	0.6793984463254175	1.0	baseline
PF13320	0.0	0.44332198982918897	0.6166050507342572	1.3110536251529674	0.3533833959240088	0.3159199532478896	0.6466166040759912	0.6840800467521104	0.7142857142857143	baseline
PF13328	0.0	0.48155263256466424	0.37780916931926295	1.581991459302827	0.6395233220010249	0.5822067123324166	0.6395233220010249	0.5822067123324166	0.8571428571428571	endpoint
PF13332	0.0	0.4375110890485174	0.6049648778822747	1.4157121674405226	0.34226507222406183	0.3361365623315305	0.6577349277759381	0.6638634376684696	0.7142857142857143	baseline
PF13333	0.0	0.04905399734440489	0.45706999321765707	1.4017081420929693	0.4724242378786828	0.4063408461570957	0.5275757621213172	0.5936591538429044	0.5714285714285714	baseline
PF13335	0.0	0.20069396199509168	0.391969318068095	1.1568196143916571	0.44727861295674004	0.39959438555759685	0.5527213870432599	0.6004056144424031	0.5714285714285714	baseline
PF13336	0.14285714285714285	0.7153608968077239	0.708937051055239	2.0263174923339635	0.6705773610627173	0.7187095675852627	0.6705773610627173	0.7187095675852627	0.7142857142857143	endpoint
PF13337	0.0	0.2195990588519538	0.26653727277017397	1.276100963362973	0.45471570121503513	0.3826916044933209	0.5452842987849649	0.6173083955066792	0.7142857142857143	baseline
PF13340	0.0	0.04202546741906678	0.02884593990796044	1.3683139669951545	0.5041558103158573	0.521663026587951	0.5041558103158573	0.521663026587951	0.5714285714285714	baseline
PF13342	0.0	0.05769980731765841	0.26365448846253864	1.5974434496410443	0.5193366129323796	0.38042485376814816	0.5193366129323796	0.6195751462318518	0.5714285714285714	endpoint
PF13343	0.0	0.4384233249760596	0.5185880107491674	1.4410518581003253	0.3872861976426879	0.3713978984673134	0.6127138023573121	0.6286021015326866	0.8571428571428571	baseline
PF13344	0.0	0.12106497458758429	0.2407515772963057	1.8470181342862413	0.56703574408515	0.5892097771955891	0.56703574408515	0.5892097771955891	0.7142857142857143	endpoint
PF13346	0.0	0.37480734725301745	0.9600512460458953	1.4182141861365287	0.639815445705225	0.6456857788245476	0.639815445705225	0.6456857788245476	0.7142857142857143	endpoint
PF13347	0.0	0.6542611128375252	0.6552360258522851	1.147925330447139	0.30515330507982164	0.3034954071088879	0.6948466949201784	0.6965045928911121	0.8571428571428571	baseline
PF13349	0.0	0.32893457477643423	0.46176925682559006	1.5042857326509305	0.5981164357893822	0.6211470043737221	0.5981164357893822	0.6211470043737221	0.7142857142857143	endpoint
PF13350	0.0	0.8020656150125676	0.6803690226666288	1.873735551511561	0.7234727983803492	0.6902171704197757	0.7234727983803492	0.6902171704197757	0.7142857142857143	endpoint
PF13351	0.0	0.38676087952536836	0.502547312377971	1.2121913232650017	0.3828667284179659	0.3495907599376531	0.6171332715820341	0.6504092400623469	0.7142857142857143	baseline
PF13353	0.0	0.4084707378453046	0.6161228833904894	1.5178792873213975	0.6318315735972472	0.6572317814744492	0.6318315735972472	0.6572317814744492	0.5714285714285714	endpoint
PF13354	0.0	0.7798968139123811	0.7516208182082558	1.2847189922397202	0.7330515255595039	0.7204294162523383	0.7330515255595039	0.7204294162523383	1.0	endpoint
PF13356	0.0	0.4801218407506589	0.3229074627881806	1.6715111878939883	0.39772300209992306	0.4377053505976936	0.6022769979000769	0.5622946494023064	0.7142857142857143	baseline
PF13358	0.0	0.5020026471294325	1.1137208743342304	1.5084639449321804	0.7004770035952322	0.8674762741226261	0.7004770035952322	0.8674762741226261	0.5714285714285714	endpoint
PF13360	0.0	0.6056968405643169	0.8068330196817599	1.3784208954993298	0.30293005221109304	0.33668896958074346	0.697069947788907	0.6633110304192565	0.5714285714285714	baseline
PF13361	0.0	0.24456292535005222	0.3446726690163555	1.6105586433970673	0.4604950970197427	0.41340622442736774	0.5395049029802572	0.5865937755726323	0.5714285714285714	baseline
PF13365	0.0	0.3398811166151159	0.5241516578096558	1.464590064287968	0.622246013242828	0.5576284996660198	0.622246013242828	0.5576284996660198	0.5714285714285714	endpoint
PF13367	0.0	0.17847748028869578	0.06624110475184254	1.3648335319284797	0.5304065982389586	0.4936608268327031	0.5304065982389586	0.5063391731672968	0.5714285714285714	endpoint
PF13368	0.0	0.32710052993821837	0.7953635949783713	1.2776057612212868	0.4118615944975946	0.3272545980020848	0.5881384055024055	0.6727454019979152	0.7142857142857143	baseline
PF13372	0.0	0.3445194429521151	1.1673569585212726	1.4104641735049963	0.38797642988368936	0.25033584323154734	0.6120235701163106	0.7496641567684527	0.5714285714285714	baseline
PF13374	0.0	0.5300295168259435	0.8952386204102455	1.5367394597788686	0.6257390303692592	0.650576996220552	0.6257390303692592	0.650576996220552	0.7142857142857143	endpoint
PF13375	0.0	0.3966807206950839	0.50489388027649	1.5989310542231419	0.6060054920121081	0.7099741774703254	0.6060054920121081	0.7099741774703254	0.7142857142857143	endpoint
PF13377	0.0	0.12083160604464145	0.17864753893003127	0.9945855127735256	0.49402951222457137	0.4583937848059916	0.5059704877754286	0.5416062151940084	0.5714285714285714	baseline
PF13378	0.0	0.9111578509086122	1.0899712862784325	1.4915718972801246	0.2199018029597288	0.1857316538267134	0.7800981970402712	0.8142683461732866	0.8571428571428571	baseline
PF13379	0.0	0.2410545902283878	0.6502051493974776	1.5757631306872246	0.4302299095131033	0.36268873399883544	0.5697700904868968	0.6373112660011646	0.5714285714285714	baseline
PF13382	0.0	0.01436659907268989	0.1346914654175621	1.159668202778503	0.49505051956646684	0.44826248478439756	0.5049494804335332	0.5517375152156024	0.5714285714285714	endpoint
PF13384	0.0	0.005417699585556887	0.42412080260014745	1.3952804263668257	0.4624010194527982	0.563511842847348	0.5375989805472018	0.563511842847348	0.5714285714285714	endpoint
PF13385	0.0	0.1455321640976701	0.21587256052702905	0.7965130720070797	0.4874558427687786	0.46272796053596943	0.5125441572312214	0.5372720394640306	0.5714285714285714	baseline
PF13386	0.0	0.6536685194291565	0.9747698999486929	1.3366022587215625	0.7077599308672228	0.7594548895901035	0.7077599308672228	0.7594548895901035	0.7142857142857143	endpoint
PF13387	0.0	0.07158044803150669	0.08482707701281382	1.3502269497033792	0.48038444385160955	0.552053279075202	0.5196155561483904	0.552053279075202	0.5714285714285714	baseline
PF13393	0.0	0.4532371397140649	0.8095293654073795	1.332292427601476	0.6056673208749876	0.6050003572686864	0.6056673208749876	0.6050003572686864	0.5714285714285714	endpoint
PF13394	0.0	0.4032495845560389	0.18892892813078277	1.2560531395807306	0.6277415356414755	0.5726908605582008	0.6277415356414755	0.5726908605582008	0.7142857142857143	endpoint
PF13395	0.0	0.09430745017124072	0.01351234287683376	1.188198159609314	0.49133429681794827	0.46837786165015965	0.5086657031820517	0.5316221383498403	0.5714285714285714	baseline
PF13397	0.0	0.49823864841965865	0.8529066029485982	1.5430975533563251	0.3782985520102143	0.21447122895648088	0.6217014479897858	0.7855287710435191	0.5714285714285714	baseline
PF13399	0.14285714285714285	1.0267856383590932	1.2650837979510847	2.110528665556887	0.20489021523687523	0.12027933824167107	0.7951097847631248	0.879720661758329	1.0	baseline
PF13401	0.0	0.04188118792896837	0.08778700599619971	1.4773227464321919	0.45454520524545045	0.4851932547320209	0.5454547947545496	0.5148067452679791	0.5714285714285714	baseline
PF13402	0.14285714285714285	0.3734182909063163	0.5131991868965671	2.0235175893960933	0.5618706079169995	0.7139009447516735	0.5618706079169995	0.7139009447516735	0.5714285714285714	endpoint
PF13404	0.0	0.2864753353236343	0.3522761563179467	1.3833940065473072	0.44558317155387506	0.3500056514489174	0.5544168284461249	0.6499943485510826	0.5714285714285714	baseline
PF13406	0.0	0.5344341724501283	0.7299906121054532	1.2574562842997052	0.3586249097142726	0.25399411316690923	0.6413750902857274	0.7460058868330908	0.8571428571428571	baseline
PF13407	0.0	0.22611338934558475	1.035707545151572	1.5090483045520062	0.5845438492328355	0.7553222464119	0.5845438492328355	0.7553222464119	0.5714285714285714	endpoint
PF13408	0.0	0.833596615812629	1.001750830272081	1.530889758244831	0.7744637147252471	0.7837553829668077	0.7744637147252471	0.7837553829668077	0.8571428571428571	endpoint
PF13411	0.0	0.45051359536623564	0.2647115939577367	1.2320795289651088	0.6550160830109354	0.5145622144096241	0.6550160830109354	0.5145622144096241	0.7142857142857143	endpoint
PF13412	0.0	0.05777482547285273	0.17164743687945194	1.7865176296470502	0.5477562553330441	0.4120060819782537	0.5477562553330441	0.5879939180217463	0.5714285714285714	baseline
PF13413	0.0	0.5727053422720828	0.7635587125425959	1.451201703192013	0.3475856799444285	0.3394399588560343	0.6524143200555714	0.6605600411439657	0.7142857142857143	baseline
PF13414	0.0	0.40462312067927936	0.4922527221724464	1.4893432542477472	0.37841418826041845	0.35959052435875727	0.6215858117395816	0.6404094756412427	0.7142857142857143	baseline
PF13416	0.0	0.4217602951456154	0.2993760027637899	1.14466221083409	0.6306701282998245	0.6372105857058188	0.6306701282998245	0.6372105857058188	0.7142857142857143	endpoint
PF13417	0.0	0.3771140582553296	0.4818921982688782	1.711175217038822	0.44110404395585256	0.3588608375078331	0.5588959560441474	0.641139162492167	0.7142857142857143	baseline
PF13419	0.0	0.23299452415517805	0.1102503800424543	1.29085760288208	0.5697475342022863	0.488922108557193	0.5697475342022863	0.511077891442807	0.5714285714285714	endpoint
PF13420	0.0	0.7095471537228154	0.5666650299335972	1.3106901380054263	0.7311561252814214	0.693097502771389	0.7311561252814214	0.693097502771389	1.0	endpoint
PF13421	0.0	0.8042926757584821	1.0093611306105277	1.5041138988095666	0.7638520212939149	0.8101889630347996	0.7638520212939149	0.8101889630347996	0.8571428571428571	endpoint
PF13424	0.0	0.0031151599880038477	0.2003529082346335	1.0750536220234979	0.4865013001264346	0.4663561434696332	0.5134986998735653	0.5336438565303667	0.5714285714285714	baseline
PF13426	0.0	0.13691918849846604	0.05786520627516571	1.1730602425909586	0.5586116537466278	0.49966690577064327	0.5586116537466278	0.5003330942293567	0.5714285714285714	endpoint
PF13428	0.0	0.07133135203198357	0.15993416058814525	0.9606382614272689	0.4992335508843092	0.5699713122354756	0.5007664491156908	0.5699713122354756	0.7142857142857143	endpoint
PF13431	0.0	0.1678383199991995	0.19412760769798185	1.75200299354786	0.5468910655983555	0.4471824012081754	0.5468910655983555	0.5528175987918247	0.7142857142857143	endpoint
PF13432	0.0	0.4771035842927395	0.8552978177342075	1.7023966940029345	0.3243255524113023	0.1773445172154446	0.6756744475886978	0.8226554827845554	0.7142857142857143	baseline
PF13433	0.0	0.3774040478244393	0.6321234329990553	1.2718626615031414	0.6171179357282633	0.575551495832873	0.6171179357282633	0.575551495832873	0.7142857142857143	endpoint
PF13437	0.0	0.07349911981536258	0.14112751948669186	1.2817371318319064	0.48261681387952643	0.4694181437872683	0.5173831861204736	0.5305818562127317	0.7142857142857143	baseline
PF13438	0.0	0.2180580974622319	0.04402951538931502	1.4680749279803205	0.4327206014269758	0.4633121010381391	0.5672793985730242	0.5366878989618609	0.5714285714285714	baseline
PF13439	0.0	0.0719148304874692	0.1314609500160647	1.6648259457548356	0.4658347582077532	0.5543724466005476	0.5341652417922468	0.5543724466005476	0.5714285714285714	baseline
PF13440	0.0	0.40970616103022467	0.7405401713530029	1.3421813519157815	0.40970273731658075	0.34639364326960365	0.5902972626834193	0.6536063567303964	0.7142857142857143	baseline
PF13442	0.0	0.48390050084065955	0.693301645736537	1.2397808515831343	0.37375451064271337	0.35553484274035774	0.6262454893572866	0.6444651572596423	0.7142857142857143	baseline
PF13443	0.0	1.013111124284364	1.2471468092976576	1.545947328622419	0.8199511681398662	0.9337561344389311	0.8199511681398662	0.9337561344389311	0.8571428571428571	endpoint
PF13444	0.0	0.31656985398814247	0.5409822034255046	1.6817087250108314	0.4106019020875305	0.28523269507449267	0.5893980979124696	0.7147673049255073	0.5714285714285714	baseline
PF13448	0.0	0.551611173872251	0.6092865167880922	1.4307027910590728	0.6449782130015764	0.6401409283825241	0.6449782130015764	0.6401409283825241	0.8571428571428571	endpoint
PF13449	0.0	0.3837014844245508	0.27693449290669403	1.1980422823036299	0.620631830589984	0.5479901306494506	0.620631830589984	0.5479901306494506	0.8571428571428571	endpoint
PF13450	0.0	0.028785732597167053	0.2796797801105723	1.2549710005571324	0.45758979755546175	0.44496426718095466	0.5424102024445383	0.5550357328190454	0.5714285714285714	baseline
PF13454	0.0	0.07888850038062066	0.21902856103827	1.5138292467499246	0.5424803385559284	0.434262775704113	0.5424803385559284	0.565737224295887	0.5714285714285714	endpoint
PF13455	0.0	0.35524008855496503	0.6555274164415683	1.435838257117474	0.6025006539927054	0.6959321220253175	0.6025006539927054	0.6959321220253175	0.7142857142857143	endpoint
PF13458	0.0	0.6195270999855484	1.0104315961997894	1.3753859700517514	0.3173947888728844	0.19165701870480106	0.6826052111271156	0.808342981295199	0.7142857142857143	baseline
PF13460	0.0	0.004488762204554091	0.04764065678503349	1.7001598184590445	0.5174146561422847	0.5022530488089912	0.5174146561422847	0.5022530488089912	0.5714285714285714	endpoint
PF13462	0.0	0.6675539711238844	0.7714644360100607	1.3611812415953062	0.258851582863883	0.2665571877953262	0.741148417136117	0.7334428122046738	0.8571428571428571	baseline
PF13468	0.0	0.19186918604738454	0.17151796210003323	1.3356712899590841	0.44375336534663357	0.5532920824878056	0.5562466346533664	0.5532920824878056	0.5714285714285714	baseline
PF13469	0.0	0.284859188106913	0.533594581562833	1.4205695562913887	0.587354344039854	0.6379383224075812	0.587354344039854	0.6379383224075812	0.5714285714285714	endpoint
PF13470	0.0	0.508879127919672	0.5113421994694073	1.519575640924646	0.6393499153655517	0.5687610274955264	0.6393499153655517	0.5687610274955264	0.7142857142857143	endpoint
PF13472	0.0	0.03678209681632413	0.05692232009871366	1.0326511342817424	0.5116375696012719	0.4800698079232471	0.5116375696012719	0.519930192076753	0.5714285714285714	baseline
PF13473	0.0	0.8970925293893198	0.8443588623140923	1.591579965029393	0.22286078133047507	0.2660790797068424	0.777139218669525	0.7339209202931576	1.0	baseline
PF13476	0.0	0.36811098623054644	0.9095937839070694	1.495800717635795	0.6000964970965379	0.6216107555515926	0.6000964970965379	0.6216107555515926	0.7142857142857143	endpoint
PF13478	0.0	0.772567543670155	0.8187701675580926	1.8069476216289517	0.7162563483473168	0.7046066455576139	0.7162563483473168	0.7046066455576139	0.8571428571428571	endpoint
PF13479	0.0	1.0816298926521544	1.1105664640360997	1.4610357675235046	0.8195741748762639	0.832112084233998	0.8195741748762639	0.832112084233998	1.0	endpoint
PF13480	0.0	0.07504087809680338	0.13423682288058322	1.1897252552142812	0.5584090693711229	0.4818127560278774	0.5584090693711229	0.5181872439721227	0.5714285714285714	endpoint
PF13481	0.0	0.7297633371470376	1.0514480617857995	1.516548464150549	0.7237400516478918	0.8476262777247653	0.7237400516478918	0.8476262777247653	0.7142857142857143	endpoint
PF13484	0.0	0.14400799744745021	0.43210126205013627	1.3262852835264687	0.44960530043610775	0.5423484055167743	0.5503946995638922	0.5423484055167743	0.5714285714285714	baseline
PF13487	0.0	1.3088806883620314	1.3813617375791052	1.9218656896041526	0.8724175723748223	0.9321548005938023	0.8724175723748223	0.9321548005938023	1.0	endpoint
PF13489	0.0	0.19436708059504318	0.4503607082890364	1.5535280323997436	0.4027613982173647	0.3683081381358892	0.5972386017826353	0.6316918618641107	0.7142857142857143	baseline
PF13491	0.0	0.13024566993657352	0.9206149209038441	1.4011718124663757	0.4950233773927249	0.31372279803978165	0.5049766226072752	0.6862772019602184	0.5714285714285714	baseline
PF13493	0.0	0.18998477802552768	0.23777593927848684	1.7429041783471795	0.5836749439055232	0.5525398003674282	0.5836749439055232	0.5525398003674282	0.7142857142857143	endpoint
PF13495	0.0	0.18683780655389234	0.29322907373182155	1.9897703703663674	0.492372154896279	0.5715739729009861	0.507627845103721	0.5715739729009861	0.5714285714285714	endpoint
PF13497	0.0	0.21059489294857153	0.1836759134231469	1.5726327032920255	0.5670204808817928	0.55826357502644	0.5670204808817928	0.55826357502644	0.7142857142857143	endpoint
PF13500	0.0	0.13752059541588285	0.27854865053806266	1.533197580847632	0.5762222098165516	0.5808188705354768	0.5762222098165516	0.5808188705354768	0.5714285714285714	endpoint
PF13502	0.0	0.8858250433059595	1.2728798568464033	1.724740234027318	0.22179232750511035	0.109985009920178	0.7782076724948896	0.890014990079822	0.7142857142857143	baseline
PF13503	0.0	1.053080370694059	1.1216432211136975	1.3335354697937136	0.20613807794991454	0.20012742632276548	0.7938619220500854	0.7998725736772345	1.0	baseline
PF13505	0.0	0.0033837954947812505	0.2511325435087843	1.8032153412479501	0.45983521663284826	0.45448488484809696	0.5401647833671517	0.5455151151519031	0.5714285714285714	baseline
PF13507	0.0	0.4049840673557733	0.6334300115539262	1.4440767692595249	0.6338622730792615	0.6822324959985353	0.6338622730792615	0.6822324959985353	0.7142857142857143	endpoint
PF13508	0.0	0.5956083625169039	0.8630922079138943	1.390074202032806	0.6513288236057928	0.7013690875527978	0.6513288236057928	0.7013690875527978	0.8571428571428571	endpoint
PF13509	0.14285714285714285	1.1219607797989584	1.465271566448429	2.4145966532330516	0.783267870430023	0.8963585225447883	0.783267870430023	0.8963585225447883	0.8571428571428571	endpoint
PF13510	0.0	0.1592964962759915	1.072460653944427	1.4913421907361424	0.4522676751662599	0.2268411329642383	0.5477323248337401	0.7731588670357616	0.5714285714285714	baseline
PF13514	0.0	0.8381944587942083	1.2637399079191582	1.4933009502484464	0.740948579617051	0.817994022462604	0.740948579617051	0.817994022462604	0.8571428571428571	endpoint
PF13515	0.0	0.27543878952424894	0.08936539255395992	1.3426441436518401	0.3976054104237708	0.4923027950218508	0.6023945895762293	0.5076972049781492	0.5714285714285714	baseline
PF13518	0.0	0.1366988032445237	0.014216467340150744	1.304443812864854	0.5387053972470464	0.5061497333372661	0.5387053972470464	0.5061497333372661	0.5714285714285714	endpoint
PF13519	0.0	0.0904376377751948	0.0816281904856418	1.2064509561724943	0.49214864952236287	0.49894241186000665	0.5078513504776372	0.5010575881399933	0.5714285714285714	baseline
PF13520	0.0	0.8263728182883199	1.3582730225139747	1.707933548360289	0.2651201561203684	0.050901416475693864	0.7348798438796316	0.9490985835243061	0.8571428571428571	baseline
PF13521	0.0	0.7867127836099872	1.046965400678219	1.79733280260793	0.7151710318922451	0.7689728138435052	0.7151710318922451	0.7689728138435052	0.7142857142857143	endpoint
PF13522	0.0	0.6112845876793738	0.6728759842232255	1.2685351874688586	0.6903832268431128	0.7269531610239021	0.6903832268431128	0.7269531610239021	0.8571428571428571	endpoint
PF13523	0.0	0.21221780869106238	0.5985301133238268	1.2521899590647632	0.4296106945754036	0.3216814955294361	0.5703893054245964	0.678318504470564	0.5714285714285714	baseline
PF13524	0.0	0.43388311200193774	0.3267797409896745	1.537791324341237	0.6711700369502774	0.5895891673583021	0.6711700369502774	0.5895891673583021	0.7142857142857143	endpoint
PF13525	0.0	0.8111699542291048	1.2086396916367321	1.5066630830144105	0.2951801135094484	0.20732452459066855	0.7048198864905516	0.7926754754093315	0.8571428571428571	baseline
PF13526	0.0	0.2393074192032766	0.31338442352269025	1.7201052542450086	0.44778230769728555	0.4185999808796149	0.5522176923027144	0.5814000191203851	0.5714285714285714	baseline
PF13527	0.0	0.11578210669735645	0.17337761969383755	0.9728877597253361	0.5610532961103439	0.5677337467902093	0.5610532961103439	0.5677337467902093	0.7142857142857143	endpoint
PF13528	0.0	0.23203694207715578	0.3342142106509834	1.356281473733687	0.3931025662726629	0.3945179154178698	0.6068974337273372	0.6054820845821303	0.5714285714285714	baseline
PF13529	0.0	0.8970550274932607	1.209721184926581	1.7270869641498676	0.7429137532467701	0.8798373389454144	0.7429137532467701	0.8798373389454144	0.8571428571428571	endpoint
PF13530	0.0	0.38201434957719915	0.9635397272328945	1.4516381049824025	0.6131274360081848	0.801656704122577	0.6131274360081848	0.801656704122577	0.5714285714285714	endpoint
PF13531	0.0	0.5209700484499689	0.6120066055423515	1.3113557905126814	0.6420423198625143	0.5776656114426777	0.6420423198625143	0.5776656114426777	0.8571428571428571	endpoint
PF13533	0.0	0.06476505659854538	0.2351744592671441	1.3740707004917487	0.4640410275166202	0.6085752262809548	0.5359589724833798	0.6085752262809548	0.5714285714285714	baseline
PF13535	0.0	0.1891852574223583	0.3848963572319015	1.5182724229484426	0.43639976017300663	0.39174283362287554	0.5636002398269934	0.6082571663771245	0.5714285714285714	baseline
PF13537	0.0	0.7243609882425772	1.2699917732496133	1.6385266252056336	0.715803398615724	0.8962492373735935	0.715803398615724	0.8962492373735935	0.7142857142857143	endpoint
PF13538	0.0	0.6713569726437559	1.3916074790055626	1.6037836477740202	0.6680362379894405	0.8881270271972862	0.6680362379894405	0.8881270271972862	0.7142857142857143	endpoint
PF13539	0.0	0.6874441430527066	1.1646253493389693	1.5627076897476893	0.6742962642089833	0.7300257372481168	0.6742962642089833	0.7300257372481168	0.7142857142857143	endpoint
PF13540	0.0	0.863810859045701	0.8694401287741909	1.513435462104733	0.7686835583397154	0.6648590869685712	0.7686835583397154	0.6648590869685712	1.0	endpoint
PF13541	0.0	0.4272574848774969	0.6424970101355768	1.3805551683995945	0.6232992133325439	0.7602752260451823	0.6232992133325439	0.7602752260451823	0.7142857142857143	endpoint
PF13542	0.0	0.6192249576268718	0.46395135924521896	1.9239215039444064	0.6644608950334849	0.6603566338474152	0.6644608950334849	0.6603566338474152	0.8571428571428571	endpoint
PF13545	0.0	0.5707175533482218	0.8442511501466272	1.4756812368329402	0.3553542268046712	0.33047767030631536	0.6446457731953288	0.6695223296936846	0.7142857142857143	baseline
PF13546	0.0	0.09190876945173279	0.16070729384931431	1.3490145734801238	0.5507924377789973	0.4972978074022406	0.5507924377789973	0.5027021925977594	0.5714285714285714	endpoint
PF13549	0.0	0.8472068817875595	1.2573286389058411	1.6799786340481682	0.24412597148134974	0.04748011405178013	0.7558740285186503	0.9525198859482199	0.8571428571428571	baseline
PF13550	0.0	0.5900579259594018	0.9200360228998775	1.6397905580156606	0.36591561159748276	0.23374521798954112	0.6340843884025172	0.7662547820104588	0.7142857142857143	baseline
PF13552	0.0	0.1759098785272608	0.26772178395621216	1.4929072593185797	0.41918913807758956	0.4338138724164868	0.5808108619224104	0.5661861275835132	0.5714285714285714	baseline
PF13555	0.0	0.470726711114441	0.45385615133684354	1.3698584073785987	0.37166925159212544	0.363625251175653	0.6283307484078746	0.636374748824347	0.7142857142857143	baseline
PF13556	0.0	1.111952227385036	1.2180361670854736	1.5304242423731316	0.8364245564299487	0.8880678565415818	0.8364245564299487	0.8880678565415818	1.0	endpoint
PF13558	0.0	0.22732435649045568	0.6287389666964738	1.3470662192472744	0.6170236756411924	0.7553407317086931	0.6170236756411924	0.7553407317086931	0.5714285714285714	endpoint
PF13560	0.0	0.28545140560295934	0.14722251937505998	1.4746440572173096	0.5933157421765297	0.5476122960467301	0.5933157421765297	0.5476122960467301	0.7142857142857143	endpoint
PF13561	0.0	0.8443036342982735	1.288919231044002	1.3910569887300974	0.2653048504356414	0.14991761749121477	0.7346951495643586	0.8500823825087852	0.8571428571428571	baseline
PF13566	0.0	0.006290656757816767	0.10440731448334888	1.7223822219475222	0.48143821775359014	0.45328956450183466	0.5185617822464099	0.5467104354981653	0.5714285714285714	endpoint
PF13567	0.0	0.25399135641711157	0.597697972068559	1.7536073729600972	0.5865336909759353	0.6320926510775813	0.5865336909759353	0.6320926510775813	0.5714285714285714	endpoint
PF13568	0.0	0.10968762626094909	0.35836994761325885	1.482914717954694	0.5320381427142619	0.5969743230552994	0.5320381427142619	0.5969743230552994	0.7142857142857143	endpoint
PF13569	0.0	0.1433019967319396	0.004516797837354003	1.2739073452395755	0.46473341239164084	0.46937332461533376	0.5352665876083591	0.5306266753846662	0.5714285714285714	baseline
PF13570	0.0	0.07483760606424701	0.1483350070755701	1.4818591384768198	0.5173132463448369	0.5717881506517174	0.5173132463448369	0.5717881506517174	0.5714285714285714	baseline
PF13571	0.0	0.730240952794155	1.0444964930236527	1.4028957021666222	0.7074362791851184	0.6440042073046395	0.7074362791851184	0.6440042073046395	0.7142857142857143	endpoint
PF13572	0.0	0.3101777786900718	0.522939447304559	1.4145076214490098	0.4122891937754251	0.3235681076953653	0.5877108062245748	0.6764318923046346	0.5714285714285714	baseline
PF13575	0.0	0.21801872862126803	0.39762931233405685	1.250912399836787	0.6076049013251009	0.6074091366602469	0.6076049013251009	0.6074091366602469	0.5714285714285714	endpoint
PF13579	0.0	0.12106950715692257	0.006500583455693698	1.2489155930156668	0.5422107327727458	0.514714334373649	0.5422107327727458	0.514714334373649	0.5714285714285714	endpoint
PF13580	0.0	0.5281236160292131	0.8701102512580918	1.1575471134696218	0.3616581426017231	0.2784714646115523	0.6383418573982769	0.7215285353884477	0.8571428571428571	baseline
PF13581	0.0	0.3636532086358044	0.15707998217863678	1.488272815044835	0.6214020205463118	0.5619066283356133	0.6214020205463118	0.5619066283356133	0.5714285714285714	endpoint
PF13584	0.0	0.045290711334924474	0.13995752641766793	1.3773939388460839	0.49208398629867467	0.4473883341931551	0.5079160137013253	0.552611665806845	0.5714285714285714	baseline
PF13585	0.0	0.1703950103308147	0.33468383198458806	1.2145036603099846	0.4416059747997606	0.38778016515204267	0.5583940252002394	0.6122198348479573	0.5714285714285714	baseline
PF13586	0.0	0.18110467014315182	0.20237815570068443	1.4701998554729208	0.3979627752816026	0.5403895851168832	0.6020372247183974	0.5403895851168832	0.5714285714285714	baseline
PF13588	0.0	0.14355549087569655	0.17227050082358367	0.8160123384402654	0.5223513873340077	0.5673808430961702	0.5223513873340077	0.5673808430961702	0.7142857142857143	endpoint
PF13589	0.0	0.08352464258033006	0.4176691092775957	1.2850589240889387	0.5214449151445206	0.6108372757991916	0.5214449151445206	0.6108372757991916	0.5714285714285714	endpoint
PF13593	0.0	0.3816468664243864	0.23493027310091322	1.6482645761425005	0.36967757982780747	0.437582082371799	0.6303224201721925	0.5624179176282009	0.8571428571428571	baseline
PF13595	0.0	0.1962607594764252	0.8015184181017744	1.4474535825322945	0.5378013081377403	0.6842793314238705	0.5378013081377403	0.6842793314238705	0.5714285714285714	endpoint
PF13596	0.0	0.38617840804721654	0.0985907270935121	1.425279837020944	0.678642408614673	0.5438947793825766	0.678642408614673	0.5438947793825766	0.8571428571428571	endpoint
PF13597	0.0	0.10501525336067617	0.16551823893083104	1.1280821783981574	0.44999803902312957	0.4579378743451228	0.5500019609768705	0.5420621256548772	0.5714285714285714	baseline
PF13599	0.0	0.13986543768626608	0.2295740427531433	1.4111457409552033	0.5662728503175479	0.5668644278633674	0.5662728503175479	0.5668644278633674	0.7142857142857143	endpoint
PF13602	0.0	0.3471356746832869	0.4076071824933731	1.3604334410367511	0.3926232763110618	0.40295928084574456	0.6073767236889382	0.5970407191542555	0.7142857142857143	baseline
PF13603	0.0	0.07612339644528464	0.1223552300164808	1.2459400536562344	0.4654479137560079	0.4289255289894803	0.5345520862439921	0.5710744710105198	0.5714285714285714	baseline
PF13604	0.0	0.3751353230283269	0.1474943705067394	1.8006736404645776	0.38549413158065826	0.44613724030790924	0.6145058684193417	0.5538627596920908	0.5714285714285714	baseline
PF13605	0.0	0.2324761523873753	0.5640058280119307	1.2460155616774884	0.5672372696747542	0.6450478608997627	0.5672372696747542	0.6450478608997627	0.5714285714285714	endpoint
PF13606	0.0	0.17479891994312416	0.9201534304347656	1.3748452569773433	0.4939462707297008	0.6688615727818725	0.5060537292702991	0.6688615727818725	0.5714285714285714	endpoint
PF13609	0.0	1.046074739591155	1.1607064698605312	1.654289994223801	0.2074594904634147	0.12645486072043635	0.7925405095365853	0.8735451392795637	0.8571428571428571	baseline
PF13610	0.0	0.5087045356605534	0.7163679714682378	1.1493082678716364	0.3351890890381068	0.34572218784583614	0.6648109109618932	0.6542778121541639	0.8571428571428571	baseline
PF13612	0.0	0.033589571954912315	0.24864551750286945	1.100636233889312	0.5110940800621773	0.5216208477137966	0.5110940800621773	0.5216208477137966	0.5714285714285714	endpoint
PF13614	0.0	0.3860579891658083	0.4642012604309993	1.6829963814299362	0.6009537827883144	0.6217155579604592	0.6009537827883144	0.6217155579604592	0.7142857142857143	endpoint
PF13616	0.0	0.6294856697883869	0.999345542768681	1.5442160289511242	0.3310559607018434	0.27368389714775526	0.6689440392981566	0.7263161028522447	0.7142857142857143	baseline
PF13619	0.0	0.09241237334463406	0.10578998533006645	1.3221069980078546	0.5128842214435971	0.5379262019198567	0.5128842214435971	0.5379262019198567	0.5714285714285714	baseline
PF13620	0.0	0.39615192598787974	0.13183290864751956	1.4559820157922971	0.6284470124737126	0.5771191597197038	0.6284470124737126	0.5771191597197038	0.7142857142857143	endpoint
PF13622	0.0	0.34733743512231285	0.37802392910045757	1.4566070515357403	0.42810496292831585	0.40787001363896	0.5718950370716842	0.59212998636104	0.7142857142857143	baseline
PF13623	0.0	0.5726061072356577	0.3736999206640732	1.4416382099664529	0.32320307696930245	0.3486290921504981	0.6767969230306976	0.6513709078495019	1.0	baseline
PF13624	0.0	0.5208797421676552	1.1214772555945969	1.4396249165854487	0.3515668826441067	0.23866873432001318	0.6484331173558933	0.7613312656799869	0.7142857142857143	baseline
PF13630	0.0	0.9977441329587549	1.2110508271432288	1.558127759576663	0.835775247735011	0.9493527711300166	0.835775247735011	0.9493527711300166	0.8571428571428571	endpoint
PF13632	0.0	0.6260101952991761	0.8371079012077833	1.200737596399525	0.32557201460646645	0.27689767181063657	0.6744279853935335	0.7231023281893634	0.8571428571428571	baseline
PF13635	0.0	0.11477640617808395	0.33782583269520644	1.316432276609449	0.5471317328790891	0.5921715216955403	0.5471317328790891	0.5921715216955403	0.7142857142857143	endpoint
PF13637	0.0	0.48194308622911175	0.32767444515810135	1.2718662000302268	0.34592812959608404	0.416227879443416	0.6540718704039159	0.583772120556584	0.8571428571428571	baseline
PF13638	0.0	0.5690390696647594	0.6661635234082108	1.3699104528484398	0.664798282107263	0.6689302778506129	0.664798282107263	0.6689302778506129	0.8571428571428571	endpoint
PF13641	0.0	0.10277698417200647	0.4851068345553088	1.4944033697151446	0.45538615416615374	0.37392222944178255	0.5446138458338463	0.6260777705582175	0.5714285714285714	baseline
PF13643	0.0	1.0293379501407263	1.0465187594907555	1.51652204430026	0.8180996033043134	0.8460550200796333	0.8180996033043134	0.8460550200796333	1.0	endpoint
PF13646	0.0	0.7081375844361667	0.9203530638601328	1.5419782814767296	0.3117295148391021	0.15501443991357494	0.6882704851608978	0.8449855600864251	0.7142857142857143	baseline
PF13649	0.0	0.03218245338031104	0.076328699918276	1.042556894973459	0.4952509703531856	0.4914679986464914	0.5047490296468145	0.5085320013535086	0.5714285714285714	endpoint
PF13650	0.0	0.3109283256275838	0.5375642161317155	0.8426210951282179	0.41167232274513876	0.3813867966324415	0.5883276772548612	0.6186132033675584	0.7142857142857143	baseline
PF13651	0.0	0.41201163523504963	0.43740060951152754	1.428635031091861	0.39051734240873426	0.39801365985074744	0.6094826575912657	0.6019863401492526	0.8571428571428571	baseline
PF13654	0.0	0.6637076240663792	0.7793997016936843	1.450001645984167	0.2757830670095132	0.20339638695967036	0.7242169329904868	0.7966036130403297	0.8571428571428571	baseline
PF13655	0.0	0.5271588321904402	0.8038845577864063	1.6508007252906909	0.6392371143952689	0.6407771350331217	0.6392371143952689	0.6407771350331217	0.7142857142857143	endpoint
PF13657	0.0	0.733899757694663	0.9255946569504471	1.5868986707156942	0.2735623599551332	0.23433459336181842	0.7264376400448668	0.7656654066381816	0.8571428571428571	baseline
PF13662	0.0	0.7269936207022157	0.9951756646623694	1.3315281196373607	0.3051644457644243	0.24959113082821188	0.6948355542355757	0.7504088691717881	0.8571428571428571	baseline
PF13667	0.0	0.3166229777721811	0.4081810613527556	1.6064645415284406	0.4134527053937137	0.41777009630364703	0.5865472946062863	0.582229903696353	0.5714285714285714	baseline
PF13671	0.0	0.08013268291002382	0.38869305889862266	1.3189117800032781	0.48384404482731425	0.3841838729570625	0.5161559551726858	0.6158161270429374	0.5714285714285714	baseline
PF13672	0.0	0.9639038035193976	1.2274311182713025	1.6844497787017443	0.766096000691619	0.9069851481166616	0.766096000691619	0.9069851481166616	0.7142857142857143	endpoint
PF13673	0.0	0.018211474523131432	0.11427151392258478	1.5189766564125882	0.511677238446064	0.48958960491902975	0.511677238446064	0.5104103950809702	0.5714285714285714	endpoint
PF13676	0.0	0.8649393979775164	1.027214756460938	1.5428547731278024	0.7677238902857422	0.8173795323083136	0.7677238902857422	0.8173795323083136	0.8571428571428571	endpoint
PF13677	0.0	0.39841909599364794	0.5684476289093868	1.804996901549773	0.38761817062937354	0.3064596552598803	0.6123818293706265	0.6935403447401197	0.7142857142857143	baseline
PF13679	0.0	0.5990784684442507	0.9462490330519227	1.3128812119667717	0.6915747621626176	0.6856403758504274	0.6915747621626176	0.6856403758504274	0.7142857142857143	endpoint
PF13683	0.0	0.2938867606952151	0.10656607541155871	1.4568070754485534	0.40222031895231675	0.4845726969582526	0.5977796810476832	0.5154273030417473	0.8571428571428571	baseline
PF13684	0.0	0.8329901386084365	1.0841837319407097	1.6404997101656014	0.7638849448067747	0.896710505000184	0.7638849448067747	0.896710505000184	0.8571428571428571	endpoint
PF13685	0.0	0.38014797175984466	0.22310828012897943	1.713766786531491	0.6060972311210259	0.5653528624517115	0.6060972311210259	0.5653528624517115	0.5714285714285714	endpoint
PF13687	0.0	0.14465924771576275	0.08629240008683953	1.305770257116432	0.5732021106670359	0.5333680581744719	0.5732021106670359	0.5333680581744719	0.5714285714285714	endpoint
PF13692	0.0	0.701483735400765	1.2269739532075847	1.400767840868236	0.2479186042252059	0.0919987625132568	0.752081395774794	0.9080012374867432	0.8571428571428571	baseline
PF13700	0.0	0.5916619790082696	0.7041958377247669	1.5104779108814996	0.29218827253189467	0.2772669945207562	0.7078117274681053	0.7227330054792438	0.8571428571428571	baseline
PF13701	0.0	0.25242560145538734	0.22172517341186246	1.2721944445680164	0.5761662835477714	0.5651950803116887	0.5761662835477714	0.5651950803116887	0.5714285714285714	endpoint
PF13702	0.0	0.3162929090042437	0.36168143807417585	1.5382773996018306	0.56531426074821	0.597748483000956	0.56531426074821	0.597748483000956	0.7142857142857143	endpoint
PF13707	0.0	0.5496923936163394	0.8986783988775898	1.5711712495484702	0.6778072404052861	0.7176110608319894	0.6778072404052861	0.7176110608319894	0.8571428571428571	endpoint
PF13711	0.0	0.6961522664698266	0.9937065687884569	1.470060170962815	0.24996528267892257	0.23373326724750368	0.7500347173210774	0.7662667327524963	0.7142857142857143	baseline
PF13714	0.0	0.16228440840679395	0.11651506181823067	1.299860140939764	0.46875783678527	0.45127971416185786	0.53124216321473	0.5487202858381421	0.5714285714285714	baseline
PF13715	0.0	0.007568497594664285	0.2702413076581448	1.1656464796982215	0.4815156722212878	0.42576161084179664	0.5184843277787121	0.5742383891582034	0.7142857142857143	baseline
PF13720	0.0	0.31665843986029446	0.12421663007218159	1.765518434584336	0.42565738219288407	0.4282866073096968	0.5743426178071159	0.5717133926903032	0.5714285714285714	baseline
PF13721	0.0	0.2846766304029268	0.34760780038663924	1.3201469303280842	0.6020343291235115	0.6220878119046257	0.6020343291235115	0.6220878119046257	0.7142857142857143	endpoint
PF13722	0.14285714285714285	0.34588902621151874	0.27770091112112993	2.0061605394684943	0.607037612458336	0.6245627202465822	0.607037612458336	0.6245627202465822	0.8571428571428571	endpoint
PF13727	0.0	0.34411241580635193	0.5497247743604807	1.1911518966709116	0.6152876239706163	0.6876976501174932	0.6152876239706163	0.6876976501174932	0.7142857142857143	endpoint
PF13730	0.0	0.14609380802269195	0.011221172613281838	1.2346217241517208	0.5440484213017711	0.4724835522581406	0.5440484213017711	0.5275164477418595	0.5714285714285714	endpoint
PF13731	0.0	0.1537109884437576	0.02025921161284413	0.6512958900560981	0.4667823744564686	0.4800167955117111	0.5332176255435315	0.5199832044882888	0.5714285714285714	baseline
PF13734	0.0	0.2764715725861902	0.4601720583142442	1.35382448516971	0.4075748568569818	0.3302073649190704	0.5924251431430182	0.6697926350809296	0.7142857142857143	baseline
PF13735	0.0	0.532953441191889	0.30482622062422604	1.4809025677129524	0.6851677095331007	0.5916570958894527	0.6851677095331007	0.5916570958894527	0.8571428571428571	endpoint
PF13737	0.0	0.5081909406157415	0.7612529720982073	1.4199851115967104	0.38836141226174037	0.29780610544406294	0.6116385877382596	0.7021938945559371	0.8571428571428571	baseline
PF13738	0.0	0.06643990032945155	0.0973004514595167	1.4726465374605444	0.4434552081968447	0.5278881716526148	0.5565447918031553	0.5278881716526148	0.5714285714285714	baseline
PF13740	0.0	0.18076759950774132	0.7106867337366323	1.3551427006125152	0.5262667206605142	0.5885927719951378	0.5262667206605142	0.5885927719951378	0.5714285714285714	endpoint
PF13742	0.0	0.8961987166615254	1.072251072913487	1.4519469441587924	0.7758671704747692	0.803187866283468	0.7758671704747692	0.803187866283468	1.0	endpoint
PF13749	0.0	0.06361977421321617	0.016352235014630446	1.2840691255620826	0.4770645039874279	0.5155432794154975	0.522935496012572	0.5155432794154975	0.5714285714285714	baseline
PF13751	0.0	0.7367270853464144	0.7155952122892696	1.4877715900476718	0.7159084191593893	0.7405702836256937	0.7159084191593893	0.7405702836256937	0.8571428571428571	endpoint
PF13768	0.0	0.09743804943799098	0.037036646088954774	1.260614217561674	0.5205677141785628	0.5242738848667903	0.5205677141785628	0.5242738848667903	0.5714285714285714	endpoint
PF13777	0.0	0.10194839310550105	0.12898477799516314	1.3800760053286132	0.4947045025546616	0.5431886683742845	0.5052954974453384	0.5431886683742845	0.5714285714285714	endpoint
PF13780	0.0	0.4183259922347132	1.1664958309579176	1.5583954604891894	0.606103580004176	0.6718661765164831	0.606103580004176	0.6718661765164831	0.7142857142857143	endpoint
PF13782	0.0	1.1823245355649123	1.2258637446121259	1.5236313047463397	0.8478834877616886	0.8693890195675219	0.8478834877616886	0.8693890195675219	1.0	endpoint
PF13784	0.0	0.11144143527643327	0.04802250268103199	1.4582375691992506	0.4854417242798368	0.4626492769269471	0.5145582757201632	0.537350723073053	0.5714285714285714	baseline
PF13786	0.0	0.8477745338677988	0.8449355403332666	1.484419608378641	0.7533701045813996	0.69874234087495	0.7533701045813996	0.69874234087495	1.0	endpoint
PF13791	0.0	1.1039290002520548	1.2757739231639607	1.6699301637884507	0.8141328866654206	0.7935554589089578	0.8141328866654206	0.7935554589089578	1.0	endpoint
PF13793	0.0	0.614783510749759	0.86378551457289	1.5436624954793643	0.6779491972104275	0.7457270217136549	0.6779491972104275	0.7457270217136549	0.8571428571428571	endpoint
PF13802	0.0	0.33618033556346916	0.5903613381841344	1.2803659356738717	0.39652687569196754	0.26828341024471436	0.6034731243080325	0.7317165897552856	0.7142857142857143	baseline
PF13806	0.14285714285714285	0.44658525545545347	1.008484128796259	2.019305181595419	0.41589241917276637	0.30321548033449364	0.5841075808272336	0.6967845196655064	0.5714285714285714	baseline
PF13807	0.0	0.7553629812881191	1.1065346221089818	1.2433851295938698	0.7095058971466331	0.8096283653052523	0.7095058971466331	0.8096283653052523	0.8571428571428571	endpoint
PF13808	0.0	1.0670457101445072	1.1352576085716557	1.4634121661237762	0.8101323660912857	0.854988984762058	0.8101323660912857	0.854988984762058	1.0	endpoint
PF13811	0.0	0.37743500143172065	0.5789711596754987	1.3088956382403358	0.40555813878701236	0.32791608079348356	0.5944418612129876	0.6720839192065164	0.7142857142857143	baseline
PF13814	0.0	0.5617228629662016	0.9793889643152507	1.468448831394427	0.3261352815186957	0.20027945006387174	0.6738647184813042	0.7997205499361283	0.7142857142857143	baseline
PF13817	0.0	0.092818287104135	0.4475175483374245	1.4312417592960163	0.4819239493720553	0.39633427785041664	0.5180760506279447	0.6036657221495834	0.5714285714285714	baseline
PF13828	0.0	0.05758139315477141	0.018104610924369543	1.3718116198236616	0.46951140224739885	0.5363290834637715	0.5304885977526012	0.5363290834637715	0.5714285714285714	baseline
PF13829	0.0	0.45781361545021887	0.2824839997011881	1.3645918922406244	0.3818544438878143	0.39069748423080614	0.6181455561121857	0.6093025157691938	0.8571428571428571	baseline
PF13834	0.0	0.835328148533146	1.256026011368721	1.3061168363786158	0.23873452380883772	0.15516151316917268	0.7612654761911622	0.8448384868308273	0.8571428571428571	baseline
PF13835	0.0	0.32494447368286294	0.21032055998631133	1.241238764228306	0.6082802985479014	0.5656078284703694	0.6082802985479014	0.5656078284703694	0.7142857142857143	endpoint
PF13840	0.0	0.23772589015863108	0.21278426195919797	1.4516724497975622	0.4428381234890866	0.39788595272371	0.5571618765109134	0.60211404727629	0.7142857142857143	baseline
PF13847	0.0	0.8190369126271059	0.8809954627265444	1.29011946758332	0.7474178639002849	0.7987911117639889	0.7474178639002849	0.7987911117639889	1.0	endpoint
PF13855	0.0	1.0525388658087809	1.2604467304738753	1.7563449587487912	0.8075655373302861	0.9471992280187493	0.8075655373302861	0.9471992280187493	0.8571428571428571	endpoint
PF13857	0.0	0.19192178233548546	0.624241617428939	1.4095036128420773	0.5994058847973154	0.7537277011503806	0.5994058847973154	0.7537277011503806	0.5714285714285714	endpoint
PF13859	0.0	0.2241768587589831	0.41614088982329317	1.3207405939113899	0.4294800283934502	0.36371820766448404	0.5705199716065499	0.636281792335516	0.7142857142857143	baseline
PF13876	0.0	0.043905414305097014	0.5966593827062341	1.5402705421331992	0.4744162434021986	0.6276468767331065	0.5255837565978014	0.6276468767331065	0.5714285714285714	baseline
PF13899	0.0	0.49657868075348466	0.582220801801355	1.3198410006443955	0.34390114243041214	0.37708310124872	0.6560988575695879	0.62291689875128	0.8571428571428571	baseline
PF13905	0.0	0.3784161431098378	0.46872669309455306	1.30505600195453	0.39278211467142077	0.39281362238728806	0.6072178853285792	0.607186377612712	0.7142857142857143	baseline
PF13906	0.0	0.33759587707625677	1.068404978097833	1.390775081614067	0.3778489572162592	0.21145414291164846	0.6221510427837408	0.7885458570883516	0.5714285714285714	baseline
PF13930	0.0	0.030803331551404373	0.14811106538268454	1.707010016843066	0.49935060726891173	0.4542206455278283	0.5006493927310882	0.5457793544721716	0.7142857142857143	baseline
PF13932	0.0	0.3703229930006232	0.3991860746637783	1.4685182705767115	0.586652281245546	0.6730087162099905	0.586652281245546	0.6730087162099905	0.7142857142857143	endpoint
PF13936	0.0	0.2769112011858995	0.9456492683467637	1.3081258426238194	0.5969781290848033	0.7682917104274449	0.5969781290848033	0.7682917104274449	0.5714285714285714	endpoint
PF13941	0.14285714285714285	0.1211787889841857	0.10407079902263588	2.077333322300083	0.5138539139115726	0.48886496640449306	0.5138539139115726	0.5111350335955069	0.5714285714285714	baseline
PF13944	0.0	0.06527893720874688	0.2600171113751022	1.4536877278363827	0.4629204566857024	0.513782944149537	0.5370795433142976	0.513782944149537	0.5714285714285714	baseline
PF13946	0.0	0.43785801974289434	0.3236240184941225	1.498981623593861	0.6377928024928877	0.6272019344906204	0.6377928024928877	0.6272019344906204	0.8571428571428571	endpoint
PF13953	0.0	0.42292729858267314	0.7908890887278938	1.3737604290515577	0.35568246781013463	0.33933561508480636	0.6443175321898653	0.6606643849151936	0.5714285714285714	baseline
PF13954	0.0	1.2307148869776385	1.3440670124872587	1.602604624780305	0.150112286305821	0.18259866355672455	0.849887713694179	0.8174013364432755	1.0	baseline
PF13958	0.0	0.8194010674773313	1.0888500079608692	1.573796205419132	0.7146865817731695	0.7367413223983946	0.7146865817731695	0.7367413223983946	0.8571428571428571	endpoint
PF13964	0.14285714285714285	0.056723029432747915	0.1774157079195335	2.293496141765922	0.46205687108166077	0.4534651119732182	0.5379431289183392	0.5465348880267817	0.5714285714285714	endpoint
PF13970	0.0	0.214861683116261	0.31308894297626394	1.209461483858248	0.4158838164581506	0.41754237347567186	0.5841161835418494	0.5824576265243282	0.5714285714285714	baseline
PF13975	0.0	0.06554041969507232	0.6453286436893318	1.1972317304708282	0.47875900998546966	0.6640595015215572	0.5212409900145303	0.6640595015215572	0.5714285714285714	endpoint
PF14014	0.0	0.25517297452868987	0.09420762113709391	1.3047173449228444	0.5835859718851737	0.43858713692380213	0.5835859718851737	0.5614128630761979	0.5714285714285714	endpoint
PF14018	0.0	0.48373634469815524	0.8916907405226536	1.6289717554600078	0.6386302811358373	0.6682573292775787	0.6386302811358373	0.6682573292775787	0.7142857142857143	endpoint
PF14019	0.0	0.7295491500409389	1.2125724341668471	1.7286805063567188	0.30821796233461063	0.12405936962197878	0.6917820376653894	0.8759406303780213	0.7142857142857143	baseline
PF14022	0.0	0.16209694025297924	0.2679295075843334	1.5283642427884172	0.4400270884492294	0.45055809207928393	0.5599729115507706	0.549441907920716	0.5714285714285714	baseline
PF14028	0.0	0.11512782175866024	0.02101797267333117	1.482702672290225	0.48562886243224074	0.4637093308315612	0.5143711375677593	0.5362906691684388	0.5714285714285714	baseline
PF14029	0.0	0.5284297224061378	0.6748331352178896	1.4284130618044746	0.33119009522152887	0.23928864241399367	0.6688099047784711	0.7607113575860063	0.8571428571428571	baseline
PF14031	0.0	0.4864849143493541	0.45824382839600614	1.3340669650228292	0.3533753334051732	0.3813266708942919	0.6466246665948268	0.618673329105708	0.7142857142857143	baseline
PF14052	0.0	0.26168940445015504	0.32915180542256967	1.212496120792102	0.6202945353734439	0.6173881127816317	0.6202945353734439	0.6173881127816317	0.5714285714285714	endpoint
PF14053	0.0	0.17701786996370394	0.8469404271430933	1.6010633016037525	0.5705021658068948	0.7471199082238851	0.5705021658068948	0.7471199082238851	0.5714285714285714	endpoint
PF14054	0.0	0.27763053915998537	0.7097260547858107	1.0474120959785556	0.5807597296143231	0.6791143225646072	0.5807597296143231	0.6791143225646072	0.7142857142857143	endpoint
PF14055	0.0	0.23887673252543368	0.0379100245892028	1.7754679576661654	0.3873305064489624	0.5003839868180057	0.6126694935510376	0.5003839868180057	0.5714285714285714	baseline
PF14057	0.0	0.8607358937003815	1.1034600239080847	1.2641941378977655	0.7543773523536121	0.7815104589730125	0.7543773523536121	0.7815104589730125	0.8571428571428571	endpoint
PF14058	0.0	0.5016322873856084	0.368871092006298	1.4343978164392213	0.6604110685047561	0.6300489781472266	0.6604110685047561	0.6300489781472266	0.8571428571428571	endpoint
PF14059	0.0	0.24475013851512362	0.4072738788002446	1.5527038015799999	0.5739138659268688	0.6732746853545793	0.5739138659268688	0.6732746853545793	0.5714285714285714	endpoint
PF14060	0.0	0.1248012351825831	0.3149738687266505	1.1174682641041151	0.4669022527032484	0.41206749551084715	0.5330977472967515	0.5879325044891528	0.7142857142857143	baseline
PF14062	0.0	0.33663988728620975	0.4202326239889229	1.4103016762802822	0.630775654043115	0.6548070958889851	0.630775654043115	0.6548070958889851	0.7142857142857143	endpoint
PF14063	0.0	0.5543325004971433	0.6503227177802802	1.4614340225831004	0.3381987660884061	0.3611622413834761	0.661801233911594	0.6388377586165239	0.7142857142857143	baseline
PF14064	0.0	0.3013626590228797	0.7139097306802265	1.3956161252028414	0.5637981928293436	0.6801616295551577	0.5637981928293436	0.6801616295551577	0.5714285714285714	endpoint
PF14072	0.0	0.3358903864598962	0.4294736942827648	1.3005582287545403	0.4231057409721503	0.39932950439447995	0.5768942590278496	0.60067049560552	0.5714285714285714	baseline
PF14080	0.0	0.18368334202489658	0.5378813081264464	1.555007517296519	0.4079285955901465	0.3226769225047875	0.5920714044098535	0.6773230774952125	0.7142857142857143	baseline
PF14082	0.0	0.707417429352715	0.8986967948170472	1.6399657321692291	0.7229395566173917	0.7859291194297856	0.7229395566173917	0.7859291194297856	0.8571428571428571	endpoint
PF14092	0.0	0.32974426519128847	0.4614902593423408	1.7038378833361127	0.5761940283857322	0.6324858575628627	0.5761940283857322	0.6324858575628627	0.7142857142857143	endpoint
PF14093	0.0	0.030620470110520413	0.15088253491474107	1.0875270442881284	0.5092234236084405	0.5605632443901873	0.5092234236084405	0.5605632443901873	0.5714285714285714	endpoint
PF14100	0.0	0.25330215626088287	0.5031211410665938	1.607632650262553	0.3814717131608016	0.38785226876804657	0.6185282868391984	0.6121477312319534	0.7142857142857143	baseline
PF14121	0.0	0.3281822349629862	0.7984281456058867	1.4396364177486263	0.5629599482776959	0.62589724778303	0.5629599482776959	0.62589724778303	0.7142857142857143	endpoint
PF14123	0.0	0.4614102918525676	0.5781345474451385	1.6205423623270683	0.6207320763559739	0.638292690875478	0.6207320763559739	0.638292690875478	0.7142857142857143	endpoint
PF14125	0.0	1.0739340384053069	1.1604224941221541	1.3505315263385422	0.8245233565646993	0.8597999311295027	0.8245233565646993	0.8597999311295027	1.0	endpoint
PF14127	0.0	0.5768646736332449	0.3936391210165549	1.737964199715488	0.6684040104452358	0.6379440011358438	0.6684040104452358	0.6379440011358438	0.5714285714285714	endpoint
PF14129	0.0	0.1559865381650555	0.12032319982028591	1.301536785629277	0.44981659768163557	0.51222439296214	0.5501834023183645	0.51222439296214	0.5714285714285714	baseline
PF14133	0.0	0.8924745836427604	1.2481864508164966	1.4430438058399446	0.7790174678761296	0.8516821858463147	0.7790174678761296	0.8516821858463147	0.8571428571428571	endpoint
PF14134	0.0	0.5666995016836098	0.14924711228921225	1.5887505325199909	0.6579029108672677	0.5221524654815097	0.6579029108672677	0.5221524654815097	0.8571428571428571	endpoint
PF14135	0.0	0.18863881859646375	0.19721886117669207	1.453052386510377	0.45322562804156696	0.4146678560649688	0.546774371958433	0.5853321439350312	0.7142857142857143	baseline
PF14187	0.0	1.2380438527119009	1.3025840524525432	1.929284129261186	0.129475733020617	0.062166756270496296	0.870524266979383	0.9378332437295037	1.0	baseline
PF14190	0.0	0.569181583115466	0.5252759384816342	1.4974534919901572	0.6450799984898313	0.6524212195849728	0.6450799984898313	0.6524212195849728	0.8571428571428571	endpoint
PF14191	0.0	1.093194781821142	1.154569123202599	1.7016149618166048	0.8241234697844017	0.8303795411995526	0.8241234697844017	0.8303795411995526	1.0	endpoint
PF14193	0.0	0.7053295007729954	0.7993197740955038	1.4794472234949816	0.7353221274560665	0.8165216715530833	0.7353221274560665	0.8165216715530833	0.7142857142857143	endpoint
PF14194	0.0	0.031085994947510798	0.03848957942180904	1.3904494573963724	0.5032052230490008	0.4970265200675446	0.5032052230490008	0.5029734799324554	0.5714285714285714	baseline
PF14195	0.0	0.9764715340999066	1.0118328522900188	1.4830134501887164	0.8014834549329484	0.8349985878291117	0.8014834549329484	0.8349985878291117	1.0	endpoint
PF14196	0.0	0.1537103712565601	0.24335088402587043	1.6824637345466804	0.5157561803675735	0.5544533885032991	0.5157561803675735	0.5544533885032991	0.7142857142857143	endpoint
PF14198	0.0	0.6031251343401454	0.5432289539217883	1.457325770576296	0.6838480267654347	0.6401906451214381	0.6838480267654347	0.6401906451214381	0.8571428571428571	endpoint
PF14199	0.0	0.85988331109443	1.2232737582032474	1.3082703458425622	0.7907748072119312	0.9023972012685455	0.7907748072119312	0.9023972012685455	0.8571428571428571	endpoint
PF14200	0.0	0.26950351061620587	0.24965798949053475	1.2594717692831245	0.6054274244522714	0.5974957375551812	0.6054274244522714	0.5974957375551812	0.7142857142857143	endpoint
PF14202	0.0	0.5454514452382211	0.9682311793732156	1.7468970716434058	0.6145022319368838	0.8211001783158729	0.6145022319368838	0.8211001783158729	0.7142857142857143	endpoint
PF14203	0.0	0.8721851543677133	1.3280189278070975	1.8122993042678661	0.7433352034902477	0.875913059206656	0.7433352034902477	0.875913059206656	0.8571428571428571	endpoint
PF14220	0.0	0.18832698490430524	0.18542718943392728	1.1518394314034144	0.5236813377351586	0.5963414187697874	0.5236813377351586	0.5963414187697874	0.7142857142857143	endpoint
PF14236	0.0	0.2644040199474153	0.11535429756695902	0.9041558012005815	0.568057091592902	0.5492383121362067	0.568057091592902	0.5492383121362067	0.7142857142857143	endpoint
PF14237	0.0	0.6150561119340283	0.9979882412231234	1.4393302622293507	0.30544789292271507	0.23255307942067205	0.6945521070772849	0.767446920579328	0.8571428571428571	baseline
PF14238	0.0	0.8292250551618443	0.8773545580767527	1.6032968737250817	0.7283567115986916	0.7921324710362054	0.7283567115986916	0.7921324710362054	0.8571428571428571	endpoint
PF14239	0.0	0.17797665216623257	0.18600983399963866	1.439999043282366	0.5336738647047455	0.5566799910125831	0.5336738647047455	0.5566799910125831	0.5714285714285714	endpoint
PF14253	0.0	0.48166420446080865	0.647177525569013	1.213423485469214	0.6825517033104834	0.6930660394301426	0.6825517033104834	0.6930660394301426	0.7142857142857143	endpoint
PF14254	0.0	0.40038620283708765	0.8968032907666358	1.2243319647931241	0.6241300579043767	0.7268757064534485	0.6241300579043767	0.7268757064534485	0.7142857142857143	endpoint
PF14256	0.0	0.062373060709055635	0.5024732064776075	1.420051901397684	0.4416393300956448	0.3957264869962293	0.5583606699043552	0.6042735130037706	0.5714285714285714	baseline
PF14262	0.0	0.5449166658353067	0.6302015207676909	1.7104422447351695	0.6296064049860373	0.7133503075280172	0.6296064049860373	0.7133503075280172	0.7142857142857143	endpoint
PF14264	0.0	0.452781141424246	0.705625762975733	1.5824956297960293	0.6404710086496117	0.7373924356232696	0.6404710086496117	0.7373924356232696	0.8571428571428571	endpoint
PF14266	0.0	0.820536185143866	1.2437120939052246	1.9297514238101834	0.697529166413022	0.8156225658900536	0.697529166413022	0.8156225658900536	0.8571428571428571	endpoint
PF14267	0.0	0.3965079904529884	0.3983291798054826	1.3615399954802767	0.3649901840748151	0.40449940192201117	0.6350098159251849	0.5955005980779888	0.7142857142857143	baseline
PF14268	0.0	0.1804215010918136	0.5620196372504485	1.3465940289921428	0.4551462121787628	0.35272220658777487	0.5448537878212372	0.6472777934122251	0.5714285714285714	baseline
PF14269	0.0	0.5361969210354952	0.7677637546196093	1.2420592272343907	0.6834225259811575	0.692682370873864	0.6834225259811575	0.692682370873864	0.7142857142857143	endpoint
PF14270	0.0	0.8777531678277802	1.1185403342106264	1.5105538270036716	0.7601844321542172	0.774686888476664	0.7601844321542172	0.774686888476664	1.0	endpoint
PF14274	0.0	0.019304330042636604	0.501678315019945	1.3766896104413073	0.47094798003050864	0.6089869259734412	0.5290520199694914	0.6089869259734412	0.5714285714285714	baseline
PF14277	0.0	1.2580609629624677	1.3263733598420069	1.5254568327961349	0.8846633753443994	0.9943568891591913	0.8846633753443994	0.9943568891591913	1.0	endpoint
PF14278	0.0	0.5921160412489429	0.9242144327231102	1.2906192992893377	0.6799380790014842	0.6329035217312021	0.6799380790014842	0.6329035217312021	0.7142857142857143	endpoint
PF14280	0.0	0.32533308940252254	0.2797318441109334	1.2864203246197372	0.61736525416218	0.5669410770356454	0.61736525416218	0.5669410770356454	0.5714285714285714	endpoint
PF14282	0.14285714285714285	0.9820977203215727	0.976951735248324	2.0921385312999314	0.7780873293854257	0.8179096951353474	0.7780873293854257	0.8179096951353474	0.8571428571428571	endpoint
PF14283	0.0	0.851318343166759	1.1342457012134686	1.5380679770180723	0.7215215414179772	0.7966152649734873	0.7215215414179772	0.7966152649734873	0.8571428571428571	endpoint
PF14284	0.0	0.3250090960472714	0.5318238595345186	1.9329550273885814	0.5709150573532832	0.5589020625195047	0.5709150573532832	0.5589020625195047	0.5714285714285714	endpoint
PF14285	0.0	0.45633570430032744	1.1639947280874403	1.7354814899498174	0.6175548510661778	0.7587056784023994	0.6175548510661778	0.7587056784023994	0.7142857142857143	endpoint
PF14286	0.0	0.7469171169187254	0.7963621104545058	1.8296489177246293	0.7229955982126791	0.8067245882813173	0.7229955982126791	0.8067245882813173	0.8571428571428571	endpoint
PF14287	0.0	0.710436316502381	0.6109355981094793	1.4320385810732235	0.7297263094605112	0.74454443572497	0.7297263094605112	0.74454443572497	0.8571428571428571	endpoint
PF14289	0.0	0.6118640636131741	0.9712811644674183	1.2559724229347171	0.6640936225086583	0.7753568122636542	0.6640936225086583	0.7753568122636542	0.7142857142857143	endpoint
PF14292	0.0	0.19884503391784136	0.592512139192217	1.1965838922796233	0.5269682115464596	0.6517120637940957	0.5269682115464596	0.6517120637940957	0.7142857142857143	endpoint
PF14293	0.0	0.775848393025688	1.1275963264689597	1.4181397536900309	0.22919590034292064	0.0877111429682653	0.7708040996570793	0.9122888570317347	0.8571428571428571	baseline
PF14294	0.0	0.8698803783564252	1.0677144171326118	1.2516236744179317	0.7575323848776252	0.7992897166141565	0.7575323848776252	0.7992897166141565	1.0	endpoint
PF14297	0.0	0.13775865336514642	0.5553155975118136	1.0772102170738074	0.41912427283577575	0.33066475455820143	0.5808757271642242	0.6693352454417986	0.5714285714285714	baseline
PF14298	0.0	0.7281761664524813	0.969389077130917	1.6338761598182732	0.2867923681195827	0.20346700040028315	0.7132076318804172	0.7965329995997168	0.5714285714285714	baseline
PF14305	0.0	0.029690700755756878	0.24512740586561327	1.3705817102314597	0.5352913142453524	0.4400694662403025	0.5352913142453524	0.5599305337596975	0.5714285714285714	endpoint
PF14307	0.0	0.3800330603838458	1.0462122044823818	1.4307040848550407	0.6063135265238896	0.6918478456015457	0.6063135265238896	0.6918478456015457	0.7142857142857143	endpoint
PF14310	0.0	0.3296339244423641	0.25596533946284256	1.8122757616436644	0.5763954423594811	0.6163913985026601	0.5763954423594811	0.6163913985026601	0.5714285714285714	endpoint
PF14311	0.0	0.39050161231915503	1.100801863874557	1.7011215916116817	0.5989735218338534	0.6533507327661666	0.5989735218338534	0.6533507327661666	0.5714285714285714	endpoint
PF14319	0.0	0.88133975674707	1.1983188600971362	1.4936354721424383	0.8076332259685464	0.8820679449571541	0.8076332259685464	0.8820679449571541	0.8571428571428571	endpoint
PF14322	0.0	0.25247818707275316	0.7100149092416509	1.5132062997247415	0.6212083785456036	0.7387915138727127	0.6212083785456036	0.7387915138727127	0.7142857142857143	endpoint
PF14323	0.0	0.07395286504737285	0.12799823574519942	1.1413827719678724	0.5061434992393715	0.4819011568248164	0.5061434992393715	0.5180988431751836	0.5714285714285714	endpoint
PF14335	0.0	0.639323626828081	1.051599772559019	1.64420883541026	0.31330744843079883	0.17726163177582432	0.6866925515692012	0.8227383682241757	0.7142857142857143	baseline
PF14336	0.0	0.8317720500174237	0.8079533173245922	1.4650262817873685	0.7495572154085218	0.7301621614230304	0.7495572154085218	0.7301621614230304	1.0	endpoint
PF14343	0.0	1.1527040357980352	1.252216447132517	1.995752163664766	0.8322888020628362	0.9592689452747762	0.8322888020628362	0.9592689452747762	0.8571428571428571	endpoint
PF14349	0.0	0.283234395440919	0.5191320458278434	1.4536623640998845	0.3720120282112602	0.29273271601468503	0.6279879717887398	0.7072672839853149	0.5714285714285714	baseline
PF14367	0.0	0.3127798489543437	0.028301989370330564	1.574860642070963	0.42700874699752894	0.5399865007710621	0.572991253002471	0.5399865007710621	0.5714285714285714	baseline
PF14378	0.0	0.16864384729735324	0.020322563151446142	1.3917521985761816	0.5721189193675873	0.5225466969141358	0.5721189193675873	0.5225466969141358	0.5714285714285714	endpoint
PF14386	0.0	0.1705848957768748	0.45019135429477974	1.2420736335924587	0.5287708811746643	0.625450947736561	0.5287708811746643	0.625450947736561	0.7142857142857143	endpoint
PF14387	0.0	0.21888327625362475	0.3423035291845005	1.3066437643873188	0.41613712757955196	0.413284120198629	0.583862872420448	0.586715879801371	0.5714285714285714	baseline
PF14390	0.0	0.4887452345341457	0.8239960028299098	1.3068658763704228	0.648674956997182	0.7399675407554583	0.648674956997182	0.7399675407554583	0.8571428571428571	endpoint
PF14391	0.0	0.6240951323597076	0.9310005172514951	1.5668186839006002	0.6685951889029074	0.750136291184186	0.6685951889029074	0.750136291184186	0.8571428571428571	endpoint
PF14393	0.0	0.21272700626884772	0.019911751780598716	1.4520224379075937	0.5953180431565132	0.5276488595861233	0.5953180431565132	0.5276488595861233	0.7142857142857143	endpoint
PF14397	0.0	0.2616442851636736	0.30467529758262596	1.2491850709610126	0.5466903208406843	0.5916154958980469	0.5466903208406843	0.5916154958980469	0.7142857142857143	endpoint
PF14403	0.0	0.22450440137102823	0.891564758262324	1.4409942413367636	0.6167283228580748	0.7966620949756589	0.6167283228580748	0.7966620949756589	0.5714285714285714	endpoint
PF14436	0.0	0.5252712197162147	0.2391504411597186	1.3181120509440947	0.6903974744891305	0.5691031974317892	0.6903974744891305	0.5691031974317892	0.5714285714285714	endpoint
PF14437	0.0	0.7138118432895114	0.8271690528763084	1.2297287043525782	0.7127174028937431	0.6079284933518018	0.7127174028937431	0.6079284933518018	1.0	endpoint
PF14446	0.0	1.0894566217705475	1.502100705318162	1.7942675347201082	0.8033992073941726	0.9449198334094483	0.8033992073941726	0.9449198334094483	0.8571428571428571	endpoint
PF14449	0.0	0.7226586236837574	0.9842485308317028	1.2830939558601098	0.7334938321248025	0.7789310996858507	0.7334938321248025	0.7789310996858507	0.8571428571428571	endpoint
PF14450	0.0	0.3248757291365968	0.4043874169194994	1.274932150721837	0.6119911655552608	0.6190998565595891	0.6119911655552608	0.6190998565595891	0.5714285714285714	endpoint
PF14478	0.0	0.9326351222395045	1.4414966335520303	1.5250957793913757	0.7644115274142929	0.9208809355183345	0.7644115274142929	0.9208809355183345	0.8571428571428571	endpoint
PF14480	0.0	0.9017181444111333	1.1703321026105338	1.5553050674269768	0.779122365148579	0.7806380337095608	0.779122365148579	0.7806380337095608	0.8571428571428571	endpoint
PF14486	0.0	0.4709749035071334	0.21961577273421548	1.5062396829335847	0.38467655538948986	0.4510676949514086	0.6153234446105101	0.5489323050485915	0.5714285714285714	baseline
PF14487	0.0	0.06936916531527867	0.3876272650749988	1.4565721698956866	0.5251515367325527	0.6144801366990553	0.5251515367325527	0.6144801366990553	0.5714285714285714	endpoint
PF14488	0.0	0.2328998871602261	0.5056421689771233	1.467469883760137	0.5245123338026639	0.5999163396636616	0.5245123338026639	0.5999163396636616	0.7142857142857143	endpoint
PF14490	0.0	1.3867921355998192	1.3575165221290593	1.8802252471965752	0.9079617099764795	0.9527535197425532	0.9079617099764795	0.9527535197425532	1.0	endpoint
PF14491	0.0	0.636103258383195	0.847469127179949	1.7146641701893826	0.6793357871094814	0.7552500647328461	0.6793357871094814	0.7552500647328461	0.8571428571428571	endpoint
PF14492	0.0	0.44629245940823853	0.8479544808507563	1.5894801844149664	0.622568653850618	0.7827609427054594	0.622568653850618	0.7827609427054594	0.7142857142857143	endpoint
PF14498	0.0	0.08693111076105901	0.20247848112415442	1.4682162319896541	0.49898855900527234	0.5404240216088625	0.5010114409947277	0.5404240216088625	0.5714285714285714	endpoint
PF14501	0.0	0.05345939112816904	0.044083649501027874	1.3707585323652876	0.47117246221746234	0.49548458674343426	0.5288275377825377	0.5045154132565657	0.5714285714285714	baseline
PF14503	0.0	0.02361499257280642	0.11590135351572499	1.6978783640363517	0.551803415999075	0.5395823910283375	0.551803415999075	0.5395823910283375	0.5714285714285714	endpoint
PF14508	0.0	0.1650017846121256	0.11806442189992274	1.3784928307437387	0.4350334562575692	0.47509274025423043	0.5649665437424308	0.5249072597457696	0.5714285714285714	baseline
PF14509	0.0	0.05180220825176323	0.04054771297928323	1.452110088678383	0.4723131843762865	0.5083334605085152	0.5276868156237136	0.5083334605085152	0.5714285714285714	baseline
PF14512	0.0	0.15737247070434113	0.29230197793225837	1.1332245618706935	0.47657215717420154	0.41027449840243835	0.5234278428257985	0.5897255015975617	0.5714285714285714	baseline
PF14520	0.0	0.5862358599975142	0.6755156571343005	1.8661010517303571	0.34159220080541924	0.30632025383289097	0.6584077991945807	0.693679746167109	0.8571428571428571	baseline
PF14522	0.0	0.45303794508446893	0.6179348417401836	1.3545946627612535	0.3408266691586281	0.30820557950414507	0.6591733308413719	0.6917944204958549	0.8571428571428571	baseline
PF14524	0.0	0.6238038544460157	0.8143372184239945	1.3686004547640298	0.7200705350405795	0.821907865768524	0.7200705350405795	0.821907865768524	0.7142857142857143	endpoint
PF14526	0.0	0.27079882581385295	0.6763890994094758	1.2902797476009449	0.3974512674890588	0.296863271811995	0.6025487325109412	0.703136728188005	0.5714285714285714	baseline
PF14527	0.0	0.8581928904252399	0.8796633078856043	1.2907423401118232	0.7680971706643537	0.7980112810154067	0.7680971706643537	0.7980112810154067	1.0	endpoint
PF14528	0.0	0.44141694679406623	0.4662949818541235	1.0926032410336644	0.6319452492970706	0.5817236007447651	0.6319452492970706	0.5817236007447651	0.7142857142857143	endpoint
PF14532	0.0	0.39271103200397495	0.4882766806725155	1.5908838835635248	0.40353713826147464	0.3990453495372793	0.5964628617385254	0.6009546504627207	0.5714285714285714	baseline
PF14535	0.0	0.3493134191130798	0.5110852787264646	1.47969399274331	0.6086010001102122	0.6070782454984803	0.6086010001102122	0.6070782454984803	0.7142857142857143	endpoint
PF14559	0.0	0.45030838731279693	0.4992967790259599	1.3147809132481396	0.3744802609464629	0.3507566043752771	0.6255197390535371	0.6492433956247229	0.7142857142857143	baseline
PF14561	0.0	0.4312305765455305	0.5944186655731483	1.9594961815762997	0.4270584317876955	0.3229920549806812	0.5729415682123045	0.6770079450193188	0.5714285714285714	baseline
PF14572	0.0	0.8731405378605308	0.9112603689551962	1.340996895301362	0.24170361643729169	0.24801934200068737	0.7582963835627083	0.7519806579993127	1.0	baseline
PF14574	0.0	0.9179922827123279	1.2218823498710432	1.5051866649666763	0.7588512146270493	0.7988508440028068	0.7588512146270493	0.7988508440028068	0.8571428571428571	endpoint
PF14579	0.0	0.3275737253211653	0.603894554591802	1.2393213397295415	0.6281657834289138	0.6704951460038842	0.6281657834289138	0.6704951460038842	0.7142857142857143	endpoint
PF14583	0.0	0.36867000234973935	0.9889588154588909	1.5497728610219121	0.41670048842681556	0.2698183703912019	0.5832995115731845	0.7301816296087982	0.5714285714285714	baseline
PF14584	0.0	0.9093286139015851	1.064136757053868	1.4847088891420752	0.7840383072785853	0.8583823817175592	0.7840383072785853	0.8583823817175592	0.8571428571428571	endpoint
PF14587	0.0	0.6088247891678327	0.5862608897251242	1.4780330013640623	0.6820920438270751	0.6409215535154709	0.6820920438270751	0.6409215535154709	0.7142857142857143	endpoint
PF14588	0.0	0.18369820938326478	0.39771419819541465	1.4075053509803848	0.5945769487037433	0.6172604698189817	0.5945769487037433	0.6172604698189817	0.5714285714285714	endpoint
PF14594	0.0	0.6833986714641639	0.8297947927468388	1.5607924292673296	0.32990457435746806	0.2789134359106706	0.670095425642532	0.7210865640893294	0.8571428571428571	baseline
PF14602	0.0	0.31564745052758847	0.4954002108117943	1.5014557123270815	0.4052806231289598	0.3883858971325722	0.5947193768710402	0.6116141028674278	0.7142857142857143	baseline
PF14606	0.0	0.48171318251986744	0.7945581222397985	1.0483893524321246	0.630321655724747	0.6989463557548602	0.630321655724747	0.6989463557548602	0.7142857142857143	endpoint
PF14607	0.0	0.4864605997705765	0.5297402370325233	1.2930356967585572	0.6504670374355895	0.5585561873308184	0.6504670374355895	0.5585561873308184	0.8571428571428571	endpoint
PF14614	0.0	0.10862737974063948	0.18254723752070523	1.3097094106777218	0.5375510233550563	0.5009231736242925	0.5375510233550563	0.5009231736242925	0.5714285714285714	endpoint
PF14620	0.0	0.5424952383875442	1.0240338867700312	1.7003996436681184	0.6317466955195704	0.6867258216707649	0.6317466955195704	0.6867258216707649	0.7142857142857143	endpoint
PF14622	0.0	0.46366006383342817	0.7602468002859296	1.8350803415244181	0.37631910258276763	0.2099705803485078	0.6236808974172323	0.7900294196514922	0.7142857142857143	baseline
PF14657	0.0	0.40409933373681245	0.7487879109324542	1.2632445174603357	0.613123404350438	0.6803157340588121	0.613123404350438	0.6803157340588121	0.7142857142857143	endpoint
PF14659	0.0	0.3759952779648587	0.30167282554154207	1.5649808273677395	0.6271060000431408	0.5837196748961232	0.6271060000431408	0.5837196748961232	0.5714285714285714	endpoint
PF14667	0.0	0.7211836487500966	1.2936514794269096	1.5664024348325796	0.6782528297960287	0.7306390540327842	0.6782528297960287	0.7306390540327842	0.8571428571428571	endpoint
PF14681	0.0	0.05369231841247684	0.44471684309579346	1.6342280513728784	0.5270251072825074	0.6199659335444125	0.5270251072825074	0.6199659335444125	0.7142857142857143	endpoint
PF14683	0.0	0.1406970757216536	0.1604016688302823	1.1087334578836727	0.551229717420655	0.5506933164351232	0.551229717420655	0.5506933164351232	0.7142857142857143	endpoint
PF14684	0.0	0.19873517432951182	0.20352309636218002	1.1224031198093745	0.4567981521220034	0.41051467718801893	0.5432018478779965	0.5894853228119811	0.5714285714285714	baseline
PF14690	0.0	0.19760494333916828	0.349730464356075	1.4911687742570106	0.5878692638844584	0.6490292124328728	0.5878692638844584	0.6490292124328728	0.5714285714285714	endpoint
PF14691	0.0	0.1523078223966723	0.062201324692935385	0.9550102733411147	0.5434120473899494	0.5277360487098913	0.5434120473899494	0.5277360487098913	0.5714285714285714	endpoint
PF14698	0.0	0.15590473155106105	0.5554106933680778	1.6693344765783564	0.5877727367721066	0.6607274764096626	0.5877727367721066	0.6607274764096626	0.7142857142857143	endpoint
PF14711	0.0	0.36003626766937064	0.7304721034129787	1.606584429238179	0.4231944046975005	0.3493646564181785	0.5768055953024995	0.6506353435818215	0.5714285714285714	baseline
PF14714	0.0	0.9493602463595726	1.136110740101793	1.5943036630986227	0.814663462623206	0.8864265501456046	0.814663462623206	0.8864265501456046	0.8571428571428571	endpoint
PF14717	0.0	0.17382545551065723	0.11587915837894555	1.3284447175500762	0.5393773500583428	0.4861044092035998	0.5393773500583428	0.5138955907964002	0.5714285714285714	endpoint
PF14718	0.0	0.7732822484767484	0.7676552872296887	1.7501288086840359	0.27799884049466894	0.26777138684102525	0.7220011595053311	0.7322286131589748	0.8571428571428571	baseline
PF14720	0.0	0.43318293300440835	0.8873182579811375	1.8364339463378248	0.40621383205997624	0.280901182323357	0.5937861679400238	0.7190988176766431	0.7142857142857143	baseline
PF14730	0.0	0.8774344221309064	1.2478322971294364	1.4896124618426951	0.757191430098343	0.8614360974968084	0.757191430098343	0.8614360974968084	0.8571428571428571	endpoint
PF14734	0.0	0.10629757332457769	0.10174445066727558	1.3093685977482294	0.44282208707602466	0.4933437187005915	0.5571779129239753	0.5066562812994084	0.5714285714285714	baseline
PF14742	0.0	0.8900310499130025	1.1769840893735082	1.538150458974944	0.22967666000287051	0.14064394688433493	0.7703233399971294	0.8593560531156651	0.8571428571428571	baseline
PF14743	0.0	0.4626028723422912	0.7684420253479066	1.4072822214974823	0.6808189308914719	0.6928409369444465	0.6808189308914719	0.6928409369444465	0.7142857142857143	endpoint
PF14748	0.0	0.05459075970492241	0.671562888681997	1.6854407547726296	0.49922654372011366	0.35619671611771536	0.5007734562798863	0.6438032838822847	0.5714285714285714	baseline
PF14765	0.0	0.08437262702465143	0.6737436299949081	1.4720141611267974	0.4513900032458289	0.5922055944894598	0.5486099967541711	0.5922055944894598	0.5714285714285714	baseline
PF14771	0.0	0.23301083462010494	0.4145954824333232	1.3734184250313617	0.5691349282291063	0.6101187235886949	0.5691349282291063	0.6101187235886949	0.7142857142857143	endpoint
PF14789	0.0	0.33659222319134324	0.9127827293943103	1.5285136832234172	0.3897898098958471	0.1770095106755645	0.6102101901041529	0.8229904893244355	0.5714285714285714	baseline
PF14801	0.0	0.5709921878799379	1.0157010247129745	1.2613266282311897	0.331015566991136	0.27707837547619457	0.668984433008864	0.7229216245238055	0.7142857142857143	baseline
PF14815	0.0	0.694633167358271	0.9677953017988976	1.8658659694614423	0.7013037039072801	0.7743959791429124	0.7013037039072801	0.7743959791429124	0.7142857142857143	endpoint
PF14821	0.0	0.0862488530506613	0.5493865575742551	1.4122408047494048	0.5127935984834199	0.5618174185844914	0.5127935984834199	0.5618174185844914	0.7142857142857143	endpoint
PF14833	0.0	0.4271353947745008	0.7258208301119263	1.5532071425329075	0.37204105462334075	0.2811064810677107	0.6279589453766592	0.7188935189322894	0.7142857142857143	baseline
PF14848	0.0	0.6160610240607226	0.8030789510090321	1.3270794327901614	0.3076432175328624	0.27008469503494154	0.6923567824671376	0.7299153049650584	0.7142857142857143	baseline
PF14849	0.0	0.038497488210469645	0.21667151995436745	1.6120578284645104	0.47730106660075683	0.4434022175055139	0.5226989333992431	0.5565977824944861	0.7142857142857143	endpoint
PF14864	0.0	0.1196201967269788	0.20862019378749652	1.473975240092382	0.5479481149798835	0.6046598798311604	0.5479481149798835	0.6046598798311604	0.5714285714285714	endpoint
PF14871	0.0	0.23638167019222367	0.18905087002355636	1.5363138624132702	0.4119382655110194	0.4060323899154563	0.5880617344889806	0.5939676100845437	0.5714285714285714	baseline
PF14873	0.0	0.26157024923249994	0.6197644979132656	1.4347779982497493	0.39750938510354467	0.3149128521943797	0.6024906148964553	0.6850871478056203	0.5714285714285714	baseline
PF14888	0.0	1.094380869647856	1.2983538365691054	1.6496042802571413	0.8357954183409694	0.9623278372845973	0.8357954183409694	0.9623278372845973	0.8571428571428571	endpoint
PF14889	0.0	1.0571324299024056	1.2434459145559427	1.5344719242132743	0.8446107903926204	0.9382549110697795	0.8446107903926204	0.9382549110697795	0.8571428571428571	endpoint
PF14890	0.0	0.4782272040918218	0.6305650894579653	1.2293991741780963	0.6455879815921337	0.6420364034553883	0.6455879815921337	0.6420364034553883	0.7142857142857143	endpoint
PF14897	0.0	0.3522042384688452	0.3226460863741833	1.4251269561638922	0.41607241452804855	0.4170625721679881	0.5839275854719514	0.5829374278320119	0.5714285714285714	baseline
PF14900	0.0	0.2892569201960617	0.7471617488555652	1.2740395880041115	0.5785691286038335	0.6568603300577767	0.5785691286038335	0.6568603300577767	0.7142857142857143	endpoint
PF14902	0.0	0.26179191970444626	0.09112401551750055	1.8341816278456002	0.55259250089428	0.5344975928004596	0.55259250089428	0.5344975928004596	0.5714285714285714	endpoint
PF14903	0.0	0.23244713743243908	0.6469321858053154	1.0847998481728736	0.5682505359327138	0.5780097051131863	0.5682505359327138	0.5780097051131863	0.7142857142857143	endpoint
PF14905	0.0	0.2669558879070146	0.24250515160392466	1.2690872437706433	0.6238222139875846	0.5897687441390292	0.6238222139875846	0.5897687441390292	0.5714285714285714	endpoint
PF14907	0.0	0.5441811140435786	0.961811372536148	1.5510953441215043	0.6854637901875671	0.8748013154415105	0.6854637901875671	0.8748013154415105	0.7142857142857143	endpoint
PF15283	0.0	0.4418848939376173	0.8364996601928366	1.4764629396313027	0.6248710062669064	0.7308133700512226	0.6248710062669064	0.7308133700512226	0.7142857142857143	endpoint
PF15415	0.0	0.924075596071204	1.2996484220941555	1.5380345042586583	0.7473417894027999	0.8170263211667553	0.7473417894027999	0.8170263211667553	0.8571428571428571	endpoint
PF15495	0.0	0.9166755689032742	1.1424325980337775	1.402176310837616	0.23796108665111063	0.1947968212300651	0.7620389133488894	0.805203178769935	0.8571428571428571	baseline
PF15515	0.0	0.5458060420729509	0.6480401284251089	1.4301233433629095	0.6539252927267086	0.7187652001607204	0.6539252927267086	0.7187652001607204	0.7142857142857143	endpoint
PF15523	0.0	0.16762090962877088	0.06765253127291587	1.2127922255652608	0.4232446743967363	0.49090330614253597	0.5767553256032637	0.509096693857464	0.5714285714285714	baseline
PF15617	0.0	0.17418822206420015	0.9397153423717202	1.534039774989089	0.5149004898162844	0.6266108453987269	0.5149004898162844	0.6266108453987269	0.5714285714285714	endpoint
PF15644	0.0	0.3449993539972471	0.6345977664020078	0.8864691543581181	0.6315448170055841	0.7012544570847749	0.6315448170055841	0.7012544570847749	0.7142857142857143	endpoint
PF15714	0.0	1.1396872303172434	1.31070811254261	1.6866841874810818	0.84390963536861	0.9576156322348058	0.84390963536861	0.9576156322348058	1.0	endpoint
PF15738	0.0	0.33003898157864936	0.3834969495919671	1.263575477540687	0.6317986092892136	0.6025582326781441	0.6317986092892136	0.6025582326781441	0.7142857142857143	endpoint
PF15869	0.0	0.2482362617692583	0.5834950029353846	1.511982649064389	0.5655387338171023	0.6684685544071174	0.5655387338171023	0.6684685544071174	0.5714285714285714	endpoint
PF15889	0.0	0.20428210172327346	0.011444176452927682	1.4448621312255618	0.4155941797122527	0.4851730145963719	0.5844058202877473	0.514826985403628	0.5714285714285714	baseline
PF15890	0.0	0.016712798053133113	0.078941768771145	1.3106150321869037	0.5340497322494704	0.4858763953984463	0.5340497322494704	0.5141236046015537	0.5714285714285714	endpoint
PF15892	0.0	0.2528707964689134	0.05591327956229854	1.401484521934876	0.6033614218496535	0.5230474515356058	0.6033614218496535	0.5230474515356058	0.5714285714285714	endpoint
PF15902	0.0	0.17951600634601922	0.06036814160573772	1.3401674967392998	0.42137461470361215	0.46059993728483495	0.5786253852963879	0.539400062715165	0.5714285714285714	baseline
PF15922	0.0	1.0369292406396504	1.456002335998233	1.833248171796811	0.243681007522611	0.08461803387167272	0.756318992477389	0.9153819661283273	0.7142857142857143	baseline
PF15976	0.0	1.1141332956968795	1.3137155401959084	1.600291032775492	0.15464388335784318	0.06653607706860809	0.8453561166421568	0.9334639229313919	1.0	baseline
PF15977	0.0	0.7058093293520038	0.5558893070076902	1.6074748472225673	0.33592465865658616	0.29083796652644617	0.6640753413434138	0.7091620334735538	0.8571428571428571	baseline
PF15979	0.0	0.028341848738095293	0.19993172103631207	1.4353210362152369	0.4887780901291175	0.5395498515300843	0.5112219098708826	0.5395498515300843	0.5714285714285714	endpoint
PF16023	0.0	0.426455720822903	0.8152249955595383	1.3574173483069403	0.6051796755387766	0.6257283091083184	0.6051796755387766	0.6257283091083184	0.8571428571428571	endpoint
PF16073	0.0	0.5341329615167438	0.9407227626468752	1.7257504166975066	0.3870709299397255	0.29327254470280734	0.6129290700602745	0.7067274552971927	0.7142857142857143	baseline
PF16079	0.0	0.3929112017891821	0.7012673701210848	1.2714773336660128	0.34698082834668337	0.23021514651695954	0.6530191716533167	0.7697848534830405	0.7142857142857143	baseline
PF16109	0.0	0.052207530039727765	0.46838337235936	1.628467214816468	0.5035269575732716	0.3816184228316817	0.5035269575732716	0.6183815771683183	0.5714285714285714	endpoint
PF16113	0.0	0.24220963943673457	0.6380652213742645	1.39810394932872	0.44855197889505233	0.251909152015439	0.5514480211049477	0.7480908479845609	0.5714285714285714	baseline
PF16115	0.0	0.25760105288282004	0.27859300227804384	1.3151327445824703	0.436085140312444	0.41542828283522415	0.5639148596875561	0.5845717171647759	0.7142857142857143	baseline
PF16116	0.0	0.5945352102651295	0.965715465134193	1.384845114031663	0.6738803944467812	0.6512804744336864	0.6738803944467812	0.6512804744336864	0.8571428571428571	endpoint
PF16120	0.0	0.13630144441524567	0.23519948359228504	1.444700878636637	0.487380568517878	0.39019197473404094	0.512619431482122	0.609808025265959	0.7142857142857143	baseline
PF16124	0.0	0.05306909401676263	0.26142683216910756	1.5770565052692274	0.49208170071403246	0.5606579199343502	0.5079182992859675	0.5606579199343502	0.7142857142857143	endpoint
PF16125	0.0	0.09741118620615707	0.10383041031786486	1.5843627669208504	0.44038219254090427	0.48892116445453077	0.5596178074590957	0.5110788355454692	0.5714285714285714	baseline
PF16126	0.0	0.4089229747002849	0.5127027684963769	1.675115539262647	0.4323361622459338	0.34903970236067333	0.5676638377540661	0.6509602976393267	0.7142857142857143	baseline
PF16127	0.0	0.33102844412312493	0.7783601229092241	0.9157556287224471	0.5800868906884595	0.6894008305000731	0.5800868906884595	0.6894008305000731	0.7142857142857143	endpoint
PF16128	0.0	0.2148678690008766	0.3977831853793627	1.295192893372976	0.5398026514874872	0.639264957413678	0.5398026514874872	0.639264957413678	0.5714285714285714	endpoint
PF16130	0.0	0.7049966242801042	0.6458683156960913	1.45479095679808	0.7180795482315069	0.7149985179907388	0.7180795482315069	0.7149985179907388	0.8571428571428571	endpoint
PF16140	0.0	0.26605075932048733	0.15880413020108997	1.6004582184161982	0.430000352392979	0.4164145201599233	0.569999647607021	0.5835854798400767	0.5714285714285714	baseline
PF16141	0.0	0.3146944705178167	0.4600836731702309	1.494359616127327	0.57878332334142	0.5786177721807746	0.57878332334142	0.5786177721807746	0.7142857142857143	endpoint
PF16146	0.0	0.3794844684509294	0.45826158708151515	1.333470306454055	0.3849645100068888	0.4060622754495015	0.6150354899931112	0.5939377245504984	0.8571428571428571	baseline
PF16147	0.0	0.6843165487515774	1.049260081092286	1.5147282814743523	0.691291321084117	0.8217327969110914	0.691291321084117	0.8217327969110914	0.7142857142857143	endpoint
PF16148	0.0	0.5063832924222584	0.9645549150835706	1.3565312113547934	0.6584294229733719	0.8635136997169299	0.6584294229733719	0.8635136997169299	0.7142857142857143	endpoint
PF16149	0.0	0.13058675744068685	0.3076015815811003	1.4946094070692353	0.4372606563500492	0.5216818258304929	0.5627393436499508	0.5216818258304929	0.5714285714285714	baseline
PF16151	0.0	0.3375155126711959	0.9065801024758856	1.4191790441691847	0.5486782133179302	0.7062004054887319	0.5486782133179302	0.7062004054887319	0.7142857142857143	endpoint
PF16152	0.0	1.0051642258645443	1.0681991256536936	1.8741650304068878	0.774466577136537	0.8375808239480536	0.774466577136537	0.8375808239480536	0.8571428571428571	endpoint
PF16153	0.0	0.6469541365885217	0.5745675314784904	1.542534343892065	0.3081523010840946	0.3480378469746683	0.6918476989159055	0.6519621530253317	0.8571428571428571	baseline
PF16154	0.0	0.6316440695531446	0.7205907287320706	1.7895437903240976	0.3524731898828615	0.22358244404927788	0.6475268101171385	0.7764175559507221	0.7142857142857143	baseline
PF16160	0.0	1.1281495916649005	0.9847630686003879	1.726433700338532	0.8362874601658751	0.8903773246447063	0.8362874601658751	0.8903773246447063	1.0	endpoint
PF16161	0.0	0.8349323797797183	1.0076398938231128	1.7420685606515358	0.746992288729283	0.8697866878942482	0.746992288729283	0.8697866878942482	0.7142857142857143	endpoint
PF16163	0.0	1.0799896133704847	1.3416822515405638	1.6407880463963191	0.7910411641072213	0.8684481477913941	0.7910411641072213	0.8684481477913941	1.0	endpoint
PF16168	0.0	0.43727527892830614	0.7007197120969333	1.3165282950845563	0.37365012351174526	0.28910767905105833	0.6263498764882547	0.7108923209489417	0.7142857142857143	baseline
PF16187	0.0	0.7669549248022435	1.0599987523942198	1.541992086764568	0.25646491176757397	0.26538821441989124	0.7435350882324261	0.7346117855801088	0.8571428571428571	baseline
PF16188	0.0	0.5095422041897244	0.6060401852094297	1.5301656256522456	0.6392868826059152	0.5739541452269507	0.6392868826059152	0.5739541452269507	0.8571428571428571	endpoint
PF16189	0.0	0.7540415390854251	1.2135415319732532	1.5555833208747978	0.7383169500676184	0.672065185090774	0.7383169500676184	0.672065185090774	0.8571428571428571	endpoint
PF16192	0.0	0.3728744352407756	1.0599825835404058	1.5693866855941965	0.6696469876024528	0.8347605130358693	0.6696469876024528	0.8347605130358693	0.5714285714285714	endpoint
PF16193	0.0	0.4995349004229911	0.5521645770869867	1.5473262321579053	0.3664052381537086	0.3125811439193726	0.6335947618462914	0.6874188560806274	0.7142857142857143	baseline
PF16197	0.0	0.806025028934093	0.8436859899834567	1.31268934827901	0.2532567663046236	0.19937981654111017	0.7467432336953763	0.8006201834588899	1.0	baseline
PF16198	0.0	0.7717063419856282	0.667074685891655	1.6552385017044968	0.7330671270762997	0.6718680804475873	0.7330671270762997	0.6718680804475873	0.8571428571428571	endpoint
PF16199	0.0	0.48769343231683554	0.995879366880508	1.534254641125346	0.7011103039561654	0.8353156658108406	0.7011103039561654	0.8353156658108406	0.7142857142857143	endpoint
PF16215	0.0	0.309623145076615	0.1424548810295311	1.6470188294424668	0.5777343147549138	0.4236452637389311	0.5777343147549138	0.5763547362610689	0.5714285714285714	endpoint
PF16216	0.0	0.31344014147492155	0.507156986986839	1.2194651380365222	0.6139173516867554	0.5548074344433728	0.6139173516867554	0.5548074344433728	0.7142857142857143	endpoint
PF16217	0.0	0.1719598315135585	0.34461557041818053	0.915673707257443	0.5602805936378289	0.6086509801037849	0.5602805936378289	0.6086509801037849	0.7142857142857143	endpoint
PF16226	0.0	0.9157809477215801	0.8193614174862554	1.738059716357597	0.768044231784466	0.8009768578181597	0.768044231784466	0.8009768578181597	0.8571428571428571	endpoint
PF16227	0.0	0.5914191849851437	0.8342073997256283	1.2476962813236376	0.6708460571129533	0.7098802797351724	0.6708460571129533	0.7098802797351724	0.7142857142857143	endpoint
PF16259	0.0	0.3309885328633651	0.5620641615016281	1.1210967644686887	0.40172773988595534	0.2845221150179034	0.5982722601140447	0.7154778849820966	0.5714285714285714	baseline
PF16262	0.0	0.5613794772523265	0.9933115658462521	1.5538325252240923	0.3767842046547013	0.30573408102543614	0.6232157953452987	0.6942659189745639	0.5714285714285714	baseline
PF16263	0.0	0.33621851105257455	0.4050910109095307	1.4576916839975296	0.38255934285693277	0.3318770629653041	0.6174406571430673	0.6681229370346959	0.7142857142857143	baseline
PF16269	0.0	0.006854677375842846	0.06704971079550086	1.1929618159283915	0.5200044780036325	0.48915428792128335	0.5200044780036325	0.5108457120787167	0.5714285714285714	baseline
PF16272	0.0	0.34241652461784994	0.6678312799999276	1.5620850590053947	0.5653922989705654	0.7266325982088023	0.5653922989705654	0.7266325982088023	0.5714285714285714	endpoint
PF16280	0.0	0.25419043209336695	0.738136123216138	1.1691479945008565	0.4679108355753413	0.277180875112992	0.5320891644246587	0.722819124887008	0.7142857142857143	baseline
PF16283	0.0	0.1544567743223484	0.3972722949299002	0.9365979225154386	0.5398286267687084	0.5492280670683486	0.5398286267687084	0.5492280670683486	0.7142857142857143	endpoint
PF16285	0.0	0.22624523647829847	0.07822755910830435	1.533476647957364	0.5491747930761155	0.5291980951185881	0.5491747930761155	0.5291980951185881	0.5714285714285714	endpoint
PF16286	0.0	0.13941602743517773	0.12030964834386029	1.433755259773899	0.4471153670939979	0.45064982399255804	0.5528846329060021	0.549350176007442	0.5714285714285714	baseline
PF16287	0.0	0.19209972213754983	0.6003929670038072	1.257027122792533	0.44589863146441766	0.3421450927751354	0.5541013685355823	0.6578549072248646	0.5714285714285714	baseline
PF16288	0.0	0.21591897712403846	0.49603213120084344	1.1806039915827258	0.5590477840098548	0.5529607412010006	0.5590477840098548	0.5529607412010006	0.5714285714285714	endpoint
PF16313	0.14285714285714285	0.7407152375280476	1.018521220382494	2.021088581375933	0.686524829722836	0.8061156130439013	0.686524829722836	0.8061156130439013	0.8571428571428571	endpoint
PF16314	0.0	0.30147349575412596	0.4493043591884053	1.4463969061323267	0.4339839541395462	0.39603767252021027	0.5660160458604537	0.6039623274797897	0.5714285714285714	baseline
PF16318	0.0	0.27095962401211027	1.0264626087723525	1.388226293057572	0.37253153761411867	0.16990444907793273	0.6274684623858813	0.8300955509220673	0.5714285714285714	baseline
PF16319	0.0	0.3239747112312994	0.3064083899576195	1.4587269715676763	0.5865243689612765	0.5848267547244578	0.5865243689612765	0.5848267547244578	0.8571428571428571	endpoint
PF16321	0.0	0.2650112167324207	0.060103008881466025	1.57931144054751	0.40546107232892553	0.45029347382005086	0.5945389276710744	0.5497065261799492	0.7142857142857143	baseline
PF16324	0.0	0.693915195954679	0.895979496302511	1.5824481025122317	0.7018408394853864	0.7271101111485239	0.7018408394853864	0.7271101111485239	0.8571428571428571	endpoint
PF16325	0.14285714285714285	0.2611821947852967	0.610523056530962	2.259084285581083	0.4957306442923754	0.33935286414786686	0.5042693557076245	0.6606471358521331	0.5714285714285714	baseline
PF16326	0.0	0.7025882624348999	1.0948508483495465	1.4083548758371758	0.6912300692673238	0.7923724476854166	0.6912300692673238	0.7923724476854166	0.8571428571428571	endpoint
PF16330	0.0	0.5594401858365238	0.7699395827869885	1.7096831422177996	0.37253950830721283	0.26612348347904025	0.6274604916927872	0.7338765165209598	0.7142857142857143	baseline
PF16332	0.0	0.6974744777627923	0.8388512056566335	1.5320373184793417	0.30952078426468904	0.21630719531858753	0.690479215735311	0.7836928046814124	0.7142857142857143	baseline
PF16334	0.0	0.23401760185446094	0.3363490244026829	1.8930342867271537	0.5578128344129688	0.4052539801771215	0.5578128344129688	0.5947460198228784	0.5714285714285714	endpoint
PF16335	0.0	0.4659501051534748	0.6071444765563618	1.223286433399291	0.619084212544247	0.7308473645234499	0.619084212544247	0.7308473645234499	0.7142857142857143	endpoint
PF16338	0.0	0.023795035330609515	0.24901690757748918	1.566527422681124	0.44815008815482277	0.43837821617694234	0.5518499118451772	0.5616217838230577	0.5714285714285714	baseline
PF16342	0.0	0.09854497750216573	0.2809832099513423	1.4774792013708518	0.4921901362498196	0.37447680632492514	0.5078098637501804	0.6255231936750749	0.5714285714285714	endpoint
PF16343	0.0	0.3592536406470865	0.7052289550770251	1.4288719623705533	0.36521505153165623	0.3132484037299559	0.6347849484683438	0.6867515962700441	0.5714285714285714	baseline
PF16344	0.0	0.01591404494094086	0.16096732514522974	1.4227624391845144	0.48612290443065387	0.4973409718302754	0.5138770955693461	0.5026590281697245	0.5714285714285714	baseline
PF16347	0.0	0.46627157738567154	0.3166039155316414	1.7381989440735783	0.35294109911428195	0.4115479040248797	0.647058900885718	0.5884520959751203	0.5714285714285714	baseline
PF16352	0.0	0.059813669672695115	0.2989147597441128	1.3153241770660156	0.48493541036034793	0.5830748945191132	0.5150645896396521	0.5830748945191132	0.5714285714285714	endpoint
PF16353	0.0	0.28868563444330925	0.5508890834318776	0.9973372923408805	0.5999652320845071	0.688068783681683	0.5999652320845071	0.688068783681683	0.7142857142857143	endpoint
PF16355	0.0	0.40118063961628553	0.6237434376060956	1.3904840978757966	0.5952372910882887	0.655402600434446	0.5952372910882887	0.655402600434446	0.7142857142857143	endpoint
PF16359	0.0	0.8623429401220635	0.6741920306794554	1.6784641618995586	0.248382843466808	0.27144624845559717	0.7516171565331919	0.7285537515444028	1.0	baseline
PF16360	0.0	0.08925848433637326	0.1409168523916829	1.5615490135240908	0.491025584896907	0.4792940469350276	0.508974415103093	0.5207059530649725	0.5714285714285714	baseline
PF16363	0.0	0.15656732528061568	0.9933982137823772	1.2024474793004085	0.47972732945913704	0.2919522691264219	0.5202726705408629	0.7080477308735781	0.5714285714285714	baseline
PF16364	0.0	0.3539691090920731	0.4786126703543366	0.9648084798796329	0.6061579371188712	0.5974558054796918	0.6061579371188712	0.5974558054796918	0.8571428571428571	endpoint
PF16369	0.0	0.2098021848554448	0.029553716747026375	1.3600951957312992	0.4147749798170558	0.475526700503702	0.5852250201829442	0.524473299496298	0.5714285714285714	baseline
PF16370	0.14285714285714285	0.10564481638477331	0.5334115191091554	2.0052451050321705	0.44438088050369845	0.34243860939176085	0.5556191194963016	0.6575613906082391	0.5714285714285714	baseline
PF16371	0.0	0.16590554991541095	0.6265352254314541	1.3799992224354731	0.5325441120606339	0.5746238698617523	0.5325441120606339	0.5746238698617523	0.5714285714285714	endpoint
PF16372	0.0	0.33313263961043826	0.2321031807223152	1.2738329891124083	0.39124392302869637	0.4329057752942063	0.6087560769713036	0.5670942247057937	0.7142857142857143	baseline
PF16373	0.0	0.1135876222275755	0.266720975321121	1.1821611403427836	0.4277906967401286	0.5755486344578112	0.5722093032598714	0.5755486344578112	0.5714285714285714	baseline
PF16375	0.0	0.10892540320206764	0.09346830443599839	1.3766254988259314	0.4423708732874237	0.49631206204730044	0.5576291267125764	0.5036879379526995	0.5714285714285714	baseline
PF16378	0.0	0.16675607628559824	0.032054680964590895	1.511652231508923	0.4652083296058397	0.46529988822712015	0.5347916703941603	0.5347001117728798	0.7142857142857143	baseline
PF16383	0.0	0.034513770602904406	0.31729160003126256	1.2591670793503498	0.4909127932550064	0.5539199516885024	0.5090872067449936	0.5539199516885024	0.5714285714285714	endpoint
PF16384	0.0	0.029941682322142876	0.06867840082817256	1.107322299453574	0.45836159569878054	0.4473499884523508	0.5416384043012195	0.5526500115476491	0.5714285714285714	baseline
PF16385	0.0	0.2646205882331655	0.33715955509035167	1.5586471299940967	0.5634795700983516	0.5920157593762904	0.5634795700983516	0.5920157593762904	0.5714285714285714	endpoint
PF16389	0.0	0.37713059244454306	0.42179107567058294	1.0409653344641328	0.6076239923350186	0.5901439386533023	0.6076239923350186	0.5901439386533023	0.7142857142857143	endpoint
PF16394	0.0	0.0883214802635054	0.07509443510432469	1.4955812089927791	0.5091607386463437	0.4830863254068011	0.5091607386463437	0.5169136745931989	0.5714285714285714	endpoint
PF16401	0.0	0.05608015291377022	0.2870130565251975	1.724815617232074	0.463811711954896	0.5802925153983156	0.536188288045104	0.5802925153983156	0.5714285714285714	baseline
PF16403	0.0	0.282651175945726	0.2083576048691411	1.1468990672624197	0.6170922668826772	0.5788839189329399	0.6170922668826772	0.5788839189329399	0.5714285714285714	endpoint
PF16407	0.0	0.0979909451883446	0.7102026675272616	1.4402706726818195	0.5040424217100029	0.6702905881975963	0.5040424217100029	0.6702905881975963	0.5714285714285714	endpoint
PF16409	0.0	0.24922309737183593	0.5330013171564406	1.3903193362763628	0.4147844543626132	0.36072073254991294	0.5852155456373869	0.6392792674500871	0.5714285714285714	baseline
PF16410	0.0	0.37283276020354555	0.05862823861688723	1.310808163279509	0.37640853987339035	0.4910477264387198	0.6235914601266097	0.5089522735612801	0.5714285714285714	baseline
PF16411	0.0	0.7990834756777538	1.0413254162049608	1.545250404674502	0.7298364407108607	0.8209727989141031	0.7298364407108607	0.8209727989141031	0.8571428571428571	endpoint
PF16412	0.0	0.41332554364713403	0.3576850466534365	1.5489155744867722	0.6142362019607142	0.6264833296583628	0.6142362019607142	0.6264833296583628	0.5714285714285714	endpoint
PF16430	0.0	1.0551338735309541	1.245902078648786	1.3714066740428992	0.8236560998704496	0.9204425814065511	0.8236560998704496	0.9204425814065511	1.0	endpoint
PF16432	0.0	0.020597065230588036	0.06931827455290475	1.3815081733453691	0.5019504595430871	0.529399848615662	0.5019504595430871	0.529399848615662	0.5714285714285714	endpoint
PF16434	0.0	0.8978714215339435	1.2009725793060033	1.9460504808843098	0.7472100648150697	0.7936595097231943	0.7472100648150697	0.7936595097231943	0.8571428571428571	endpoint
PF16439	0.0	0.1365014823997927	0.04612834592019713	0.9195134018497112	0.552194058506832	0.5024107479413572	0.552194058506832	0.5024107479413572	0.5714285714285714	endpoint
PF16443	0.0	0.3194823802614932	0.39026755567529126	1.1577709798969333	0.5905985958510193	0.5830570640945599	0.5905985958510193	0.5830570640945599	0.7142857142857143	endpoint
PF16449	0.0	0.7848896660271333	1.1879105334444782	1.59564446440286	0.2753436507540647	0.17916046938216637	0.7246563492459352	0.8208395306178337	0.8571428571428571	baseline
PF16450	0.0	0.4886028236535047	0.6732852832860413	1.3049552930625805	0.37301213547461565	0.32205326518707933	0.6269878645253844	0.6779467348129207	0.8571428571428571	baseline
PF16464	0.0	0.21953729513333345	0.1095249600205173	1.2594935440302901	0.44886533658812094	0.487589893131127	0.551134663411879	0.512410106868873	0.5714285714285714	baseline
PF16467	0.0	0.10745902198910286	0.4415009779557225	1.2798108058188633	0.42745389746636714	0.3714857912190524	0.5725461025336329	0.6285142087809477	0.5714285714285714	baseline
PF16472	0.0	0.708529420045822	1.0009099370150027	1.4824574111360802	0.7084105203300057	0.741578042203415	0.7084105203300057	0.741578042203415	0.8571428571428571	endpoint
PF16476	0.0	0.032225948074001476	0.040178624710836774	1.1046627862680645	0.4990502812201793	0.505058342633342	0.5009497187798206	0.505058342633342	0.5714285714285714	baseline
PF16480	0.0	1.0956441516081432	1.1906075903090447	1.4812121659206379	0.8240339492260943	0.7367524013691665	0.8240339492260943	0.7367524013691665	1.0	endpoint
PF16490	0.0	0.2431946328032692	0.710810375439519	1.3146280005797055	0.41710948965182787	0.2529394707193187	0.5828905103481721	0.7470605292806813	0.5714285714285714	baseline
PF16499	0.0	0.14701675468452555	0.13958201840619938	1.4956582854303286	0.5430332358461955	0.57263798005427	0.5430332358461955	0.57263798005427	0.5714285714285714	endpoint
PF16565	0.0	0.33147770777502067	0.8981424363746219	1.2952406261190867	0.6369910518847822	0.777404942253344	0.6369910518847822	0.777404942253344	0.5714285714285714	endpoint
PF16569	0.0	0.3119632179190593	0.722670003792878	1.596832351371317	0.43167457888502525	0.27692842560057945	0.5683254211149747	0.7230715743994205	0.5714285714285714	baseline
PF16576	0.0	1.0924610479482257	1.2693240121882055	1.545353651151983	0.15893426815286102	0.04323833019740523	0.841065731847139	0.9567616698025948	1.0	baseline
PF16586	0.0	0.34794058317033233	0.6029312289040215	1.2700966150865904	0.6046175840681213	0.5707056760695183	0.6046175840681213	0.5707056760695183	0.5714285714285714	endpoint
PF16592	0.14285714285714285	0.19704628060330442	0.011806964875900265	2.1765646944932655	0.5308245980128911	0.5159548597504796	0.5308245980128911	0.5159548597504796	0.5714285714285714	endpoint
PF16595	0.0	0.2988952318700972	0.4863845984030228	1.2330499298341513	0.5787014803725262	0.6017424433159655	0.5787014803725262	0.6017424433159655	0.5714285714285714	endpoint
PF16653	0.0	1.0210896296860057	1.2656238234161221	1.7002749202070986	0.8181173930314144	0.9256171229193809	0.8181173930314144	0.9256171229193809	1.0	endpoint
PF16654	0.0	0.05705819181638383	0.47817614062064406	1.3747877167164768	0.5600445064045877	0.6394387673002736	0.5600445064045877	0.6394387673002736	0.5714285714285714	endpoint
PF16656	0.0	0.20843155129869032	0.09939602808203371	1.4993804757828053	0.4247552731008584	0.4541214232612579	0.5752447268991416	0.5458785767387422	0.5714285714285714	baseline
PF16658	0.0	0.7140653883309191	1.1897712236030449	1.3598245010820822	0.6941454627832492	0.6963477264309932	0.6941454627832492	0.6963477264309932	0.8571428571428571	endpoint
PF16697	0.0	0.390881456315991	0.25693296580239766	1.7261708723965525	0.3958034742767634	0.4368154157871391	0.6041965257232367	0.5631845842128609	0.7142857142857143	baseline
PF16709	0.0	0.10857281251606812	0.43038543475506635	1.457412201756241	0.517335540207043	0.5420635832474491	0.517335540207043	0.5420635832474491	0.7142857142857143	endpoint
PF16729	0.0	0.5043881858688006	1.1002113574561276	1.1561634712016617	0.6688124014602349	0.8108947583812384	0.6688124014602349	0.8108947583812384	0.5714285714285714	endpoint
PF16738	0.0	0.6115466073303883	0.9650140870027214	1.4602502412030527	0.7183784638246288	0.820074702360114	0.7183784638246288	0.820074702360114	0.7142857142857143	endpoint
PF16819	0.0	0.24179383395927875	0.09990802572913104	1.2941523365207077	0.4359612893623169	0.44140707911768134	0.5640387106376832	0.5585929208823186	0.7142857142857143	baseline
PF16820	0.0	0.2600635073623157	0.43295499495875334	1.3886511546332283	0.5766383793428244	0.6573710441452596	0.5766383793428244	0.6573710441452596	0.7142857142857143	endpoint
PF16822	0.0	0.9441052950326506	1.2843485536876906	1.448860618617557	0.7587944596451784	0.7391179438640603	0.7587944596451784	0.7391179438640603	1.0	endpoint
PF16838	0.0	0.08261610033521401	0.26252023124804114	1.317235627087864	0.4449151960214732	0.514198454664291	0.5550848039785268	0.514198454664291	0.5714285714285714	baseline
PF16868	0.0	0.8425674745568522	1.1450847864925267	1.813258620419254	0.7465665119317262	0.9370980676859655	0.7465665119317262	0.9370980676859655	0.8571428571428571	endpoint
PF16870	0.0	0.3667010019516214	1.1419048748759668	1.3314292926682794	0.40919922789398855	0.2751662016826279	0.5908007721060115	0.724833798317372	0.5714285714285714	baseline
PF16874	0.14285714285714285	0.46551555514618165	0.9028352332282207	2.0441292619332736	0.6073743013153979	0.7242593691390006	0.6073743013153979	0.7242593691390006	0.5714285714285714	endpoint
PF16875	0.0	0.09127761337244822	0.7895456952103629	1.7398750750079657	0.5164873576884882	0.22860324015906036	0.5164873576884882	0.7713967598409397	0.5714285714285714	baseline
PF16886	0.0	0.12715357519875778	0.19716238778329184	1.2685947997662146	0.481580817996094	0.5385992836774183	0.518419182003906	0.5385992836774183	0.5714285714285714	baseline
PF16888	0.0	1.0892793601947035	1.1852916342849762	1.8069803011395924	0.8090096903172581	0.7705742701398326	0.8090096903172581	0.7705742701398326	1.0	endpoint
PF16889	0.0	0.550456064936823	0.6357235444710856	1.2533556563061652	0.65894877018152	0.6828646787893891	0.65894877018152	0.6828646787893891	0.8571428571428571	endpoint
PF16916	0.0	0.07386820727452204	0.24761434726043907	1.284585104658464	0.4387038091651404	0.5710818886478168	0.5612961908348596	0.5710818886478168	0.5714285714285714	baseline
PF16921	0.0	0.557037821946621	0.5590597306681987	1.6013834202253663	0.6477723150205884	0.6593276906807389	0.6477723150205884	0.6593276906807389	0.8571428571428571	endpoint
PF16925	0.0	0.7194780627191358	1.2891013259805555	1.4809571686343084	0.2975039940021322	0.12392381923785964	0.7024960059978678	0.8760761807621403	0.7142857142857143	baseline
PF16929	0.0	0.2907938082490538	0.6623046818993222	1.352038268492639	0.5773924289565237	0.6680281582256054	0.5773924289565237	0.6680281582256054	0.7142857142857143	endpoint
PF16933	0.0	0.029121571723103163	0.02174504236544281	1.528508585737918	0.5400758074891574	0.4634597656789327	0.5400758074891574	0.5365402343210672	0.5714285714285714	endpoint
PF16957	0.0	0.951587996732776	0.9187213819699541	1.413654315897445	0.22505217390710422	0.23595842451968174	0.7749478260928958	0.7640415754803183	1.0	baseline
PF16961	0.0	0.6336651158173876	1.1980285282882275	1.3175636196658225	0.6958458054153257	0.8212145344629118	0.6958458054153257	0.8212145344629118	0.7142857142857143	endpoint
PF16962	0.0	0.06096136765526082	0.02365734042319209	1.23610729664438	0.5271105088265274	0.46280337336629584	0.5271105088265274	0.5371966266337042	0.5714285714285714	endpoint
PF16966	0.0	1.141318230083885	1.3681298481102568	1.8713457473519655	0.13855849988645733	0.07571158604417165	0.8614415001135427	0.9242884139558284	0.8571428571428571	baseline
PF16967	0.0	1.1701250019177587	1.186530598189702	1.797829089004529	0.16222787913674744	0.220305861315773	0.8377721208632526	0.779694138684227	1.0	baseline
PF16970	0.0	0.8624268122750333	0.90724257305085	1.611066453260841	0.2724716472666725	0.2031885920792327	0.7275283527333275	0.7968114079207673	0.8571428571428571	baseline
PF16980	0.14285714285714285	0.4952875617302844	1.1660384481821437	2.194123422799505	0.6413978095415407	0.8348388862708772	0.6413978095415407	0.8348388862708772	0.5714285714285714	endpoint
PF16993	0.0	0.2272531690325774	0.4501555969012969	1.317281462193728	0.545571869187978	0.6853861084135344	0.545571869187978	0.6853861084135344	0.5714285714285714	endpoint
PF17042	0.0	0.10755226371483584	0.17574536365559623	1.2426514564690412	0.45875519866699427	0.45919373201878827	0.5412448013330058	0.5408062679812118	0.5714285714285714	baseline
PF17092	0.0	0.4029089461087674	0.8935979799428039	1.3626867817949422	0.397877146973565	0.31842823272786214	0.602122853026435	0.6815717672721379	0.5714285714285714	baseline
PF17116	0.0	0.20711349360383083	0.06343265633623336	1.47738671204381	0.442512022961994	0.49458500802116273	0.557487977038006	0.5054149919788373	0.5714285714285714	baseline
PF17127	0.0	0.07016794685801576	0.02804229819631874	1.4411915459293274	0.4821170984557174	0.48054916629770306	0.5178829015442826	0.5194508337022969	0.5714285714285714	endpoint
PF17128	0.0	0.2519190114488622	0.3273742401110702	1.1695661341707884	0.6181998326844231	0.6168214984986686	0.6181998326844231	0.6168214984986686	0.8571428571428571	endpoint
PF17131	0.0	0.052337270053635664	0.2512270896939714	1.3509018409788967	0.44041753229877695	0.576883186203957	0.5595824677012231	0.576883186203957	0.5714285714285714	baseline
PF17132	0.0	0.492381647349923	0.4991695881912943	1.3054456137623487	0.6490018095889346	0.6163394742232273	0.6490018095889346	0.6163394742232273	0.8571428571428571	endpoint
PF17136	0.0	0.7394397120216176	0.6142419576458125	1.5087965759891024	0.7299719140857934	0.7474009470085079	0.7299719140857934	0.7474009470085079	0.8571428571428571	endpoint
PF17137	0.0	0.14817120096387157	0.21125594494647437	1.9884584036742425	0.5175685295419076	0.5783466062983712	0.5175685295419076	0.5783466062983712	0.7142857142857143	endpoint
PF17139	0.0	0.14836678440724635	0.4655124797159226	1.6142731581624452	0.5469364021271829	0.39334717232627525	0.5469364021271829	0.6066528276737247	0.5714285714285714	endpoint
PF17140	0.0	0.07326930871882488	0.2604200105253016	1.1865595017682664	0.49569429373217716	0.4273919171932176	0.5043057062678229	0.5726080828067823	0.5714285714285714	baseline
PF17142	0.0	0.14334921643271606	0.4218294479348226	1.1691823185267816	0.5426778227823978	0.5406433146752794	0.5426778227823978	0.5406433146752794	0.5714285714285714	endpoint
PF17145	0.0	0.2801146196242186	0.5776181185549548	1.853794460277885	0.5571789301404579	0.7373142980292625	0.5571789301404579	0.7373142980292625	0.7142857142857143	endpoint
PF17147	0.0	0.11790166520518955	0.19117078255879746	1.7207678581995032	0.549003811226337	0.44829399697996547	0.549003811226337	0.5517060030200345	0.5714285714285714	endpoint
PF17148	0.0	0.0003966198219872271	0.11336993384733658	1.582204601725321	0.4723955954356854	0.5098376989455518	0.5276044045643147	0.5098376989455518	0.5714285714285714	baseline
PF17151	0.0	0.7146341661115793	0.5191321408614461	1.4928125460043182	0.28742563671325566	0.32499943540155524	0.7125743632867443	0.6750005645984447	1.0	baseline
PF17154	0.14285714285714285	1.3242002749530566	1.453769407537705	2.4586627065103586	0.14656709957164954	0.08419527210076068	0.8534329004283505	0.9158047278992393	1.0	baseline
PF17161	0.0	0.946029011830886	0.847624415076644	1.2498269573300043	0.7925240873145436	0.7778871331532188	0.7925240873145436	0.7778871331532188	1.0	endpoint
PF17162	0.0	0.1271487438128493	0.2193516239894072	1.1576981781448024	0.47669880749839394	0.4342091482072535	0.523301192501606	0.5657908517927466	0.5714285714285714	baseline
PF17167	0.0	0.24195961099131777	0.08521307300987803	1.5262059475643113	0.6002245309776377	0.4861662342046376	0.6002245309776377	0.5138337657953624	0.5714285714285714	endpoint
PF17168	0.0	0.1058896108970089	0.24092001931571078	1.239346515184626	0.5229191163710617	0.5106128832037193	0.5229191163710617	0.5106128832037193	0.5714285714285714	endpoint
PF17170	0.0	0.051761438709887066	0.5442105200100382	1.3379876032385378	0.476043936869751	0.5609582116180392	0.523956063130249	0.5609582116180392	0.5714285714285714	endpoint
PF17179	0.0	0.6771314263001772	0.6568279277411088	1.207057038428061	0.7220094226715107	0.6886818300563589	0.7220094226715107	0.6886818300563589	0.8571428571428571	endpoint
PF17189	0.0	0.2735817259585726	0.5408132626339746	1.548904749125558	0.3762520850012098	0.3400792397681184	0.6237479149987901	0.6599207602318816	0.5714285714285714	baseline
PF17191	0.0	1.0813797378074763	1.0237584779690538	1.7231275737307907	0.8040839544343321	0.7655113154807596	0.8040839544343321	0.7655113154807596	1.0	endpoint
PF17200	0.0	0.9932167746195045	0.8634464387011943	1.6518082194060186	0.7967862695559089	0.8004847983224394	0.7967862695559089	0.8004847983224394	1.0	endpoint
PF17202	0.0	0.7387625164571145	0.7917236557751386	1.5130010606216375	0.7147203382492044	0.6518819896236606	0.7147203382492044	0.6518819896236606	0.8571428571428571	endpoint
PF17203	0.0	0.18605756830703749	0.5566715408457303	1.5012513910373801	0.4603122465607076	0.2798473627873685	0.5396877534392923	0.7201526372126315	0.5714285714285714	baseline
PF17210	0.0	0.2700189645462486	0.7669715616984585	1.4402573903232185	0.3847191164646547	0.23403360749422517	0.6152808835353454	0.7659663925057748	0.5714285714285714	baseline
PF17236	0.0	0.10709076262540315	0.4541373681747116	1.365902452655038	0.46850287747098684	0.3824585637325439	0.5314971225290132	0.6175414362674561	0.7142857142857143	baseline
PF17284	0.14285714285714285	0.8143855895672447	1.159047065004452	2.5400525071011373	0.6847075900966356	0.8205417776502302	0.6847075900966356	0.8205417776502302	0.7142857142857143	endpoint
PF17287	0.0	0.9689394786780964	0.9642027783899269	1.72574775953252	0.22441211232615274	0.23763175537785133	0.7755878876738472	0.7623682446221487	1.0	baseline
PF17288	0.0	0.03824477378023729	0.04853361704320991	1.181310462111363	0.48537527730312047	0.4875827686759437	0.5146247226968795	0.5124172313240563	0.5714285714285714	baseline
PF17289	0.0	0.5363986801912118	0.17053361912456177	1.9481974639396331	0.3868270783526227	0.43898375938236156	0.6131729216473774	0.5610162406176384	0.7142857142857143	baseline
PF17291	0.0	0.6434663001267887	0.8079071509396066	1.3603755271111209	0.3099124298298435	0.3365106669606067	0.6900875701701565	0.6634893330393933	0.7142857142857143	baseline
PF17293	0.0	0.25903624578858275	0.6320591180925499	1.5301565441586134	0.5308329916590523	0.6652367331037666	0.5308329916590523	0.6652367331037666	0.5714285714285714	endpoint
PF17297	0.0	0.6317256060601554	0.7266614866723348	1.4594470172408793	0.2669097604238303	0.28083851453443476	0.7330902395761697	0.7191614854655652	0.8571428571428571	baseline
PF17385	0.0	0.02745035562288379	0.014850888096269946	1.3090335121858319	0.5389252588777155	0.5117291325169826	0.5389252588777155	0.5117291325169826	0.5714285714285714	endpoint
PF17386	0.0	0.1472166619401829	0.05892903063650642	1.4518887575126576	0.5214197687631268	0.5269710520961925	0.5214197687631268	0.5269710520961925	0.7142857142857143	endpoint
PF17389	0.0	0.15757721483702578	0.02944796249247379	1.2961940284225546	0.5894534281033222	0.48103165763026773	0.5894534281033222	0.5189683423697322	0.5714285714285714	endpoint
PF17390	0.0	0.4427207208967537	0.8593475245929827	1.470929514619076	0.34732487249029925	0.2711076482629213	0.6526751275097007	0.7288923517370787	0.7142857142857143	baseline
PF17415	0.0	0.3636591720821471	0.6732202938063023	1.3740603552551998	0.6096076127665906	0.6932001745066427	0.6096076127665906	0.6932001745066427	0.7142857142857143	endpoint
PF17425	0.0	0.6690880407419664	0.8981712641033371	1.2217054270366987	0.3071538484327651	0.29242749864170875	0.6928461515672348	0.7075725013582912	0.8571428571428571	baseline
PF17451	0.0	0.6796404887298179	1.0854381460120965	1.3244383749851372	0.7007513552987776	0.7669482618614478	0.7007513552987776	0.7669482618614478	0.7142857142857143	endpoint
PF17479	0.0	0.003008600349385037	0.09875867797296503	1.2416558529535924	0.509721581799634	0.4804141197661356	0.509721581799634	0.5195858802338644	0.5714285714285714	endpoint
PF17482	0.0	0.4720837646679191	0.5694643843439691	1.361639040643791	0.33084904756282196	0.3506701579951559	0.669150952437178	0.6493298420048441	0.5714285714285714	baseline
PF17541	0.0	0.2505675310503534	0.5404648330230066	1.25674316694866	0.42999371173578205	0.38090530278524926	0.570006288264218	0.6190946972147507	0.7142857142857143	baseline
PF17555	0.0	0.4248454723840633	0.5902305980653167	1.1855413463665714	0.6418499339625764	0.7006092309780503	0.6418499339625764	0.7006092309780503	0.8571428571428571	endpoint
PF17642	0.0	0.23802788645961284	0.15625935606340247	1.4437141747519167	0.5728125231495184	0.5245594035051416	0.5728125231495184	0.5245594035051416	0.5714285714285714	endpoint
PF17643	0.0	0.6491770837381694	0.8785231139343143	1.2652749040374267	0.6962128126479056	0.7671812241452062	0.6962128126479056	0.7671812241452062	0.7142857142857143	endpoint
PF17651	0.14285714285714285	0.83131722642275	0.9905478276740511	2.091621583866648	0.7167967980166015	0.8015272357409481	0.7167967980166015	0.8015272357409481	0.8571428571428571	endpoint
PF17657	0.0	0.4993700068301924	0.884565244156704	1.288873738070319	0.6898098352726334	0.71998821271754	0.6898098352726334	0.71998821271754	0.7142857142857143	endpoint
PF17676	0.0	0.1364191042628565	0.1372853988637831	1.3679177559313969	0.5301605279864431	0.5717745835216416	0.5301605279864431	0.5717745835216416	0.5714285714285714	endpoint
PF17677	0.0	0.38438134129406415	0.677831668595054	1.2676934042199186	0.6003302986137597	0.6716580557954293	0.6003302986137597	0.6716580557954293	0.5714285714285714	endpoint
PF17678	0.0	0.6696279196311641	0.9197998979937185	1.8297154993002227	0.2620378010439597	0.17437145986840985	0.7379621989560403	0.8256285401315901	0.7142857142857143	baseline
PF17728	0.0	0.1667033141780081	0.7809496260569379	1.4387871141691984	0.5132236390427726	0.292376976619728	0.5132236390427726	0.707623023380272	0.5714285714285714	baseline
PF17753	0.0	0.8615056213023938	1.1686706698052847	1.613112139520469	0.7529743267036404	0.738392727218275	0.7529743267036404	0.738392727218275	0.8571428571428571	endpoint
PF17755	0.0	0.5937078287860478	1.2835293783716655	1.6064498292086247	0.6304594835663586	0.7718369583050846	0.6304594835663586	0.7718369583050846	0.7142857142857143	endpoint
PF17757	0.0	0.05295090220465697	0.2650520068389298	1.3815724078900269	0.4813253199857956	0.5619022535650803	0.5186746800142044	0.5619022535650803	0.7142857142857143	endpoint
PF17758	0.0	0.41433263284372973	1.045339454600143	1.5776862730269838	0.42223270194016976	0.29474537112200627	0.5777672980598303	0.7052546288779937	0.5714285714285714	baseline
PF17759	0.0	0.0561879457366898	0.003818394763711593	0.9606006694029243	0.5327131217388429	0.5124837095221935	0.5327131217388429	0.5124837095221935	0.5714285714285714	endpoint
PF17760	0.0	0.4467257472761609	0.7671974870773275	1.348973228904888	0.37553723298089875	0.33602306424236045	0.6244627670191012	0.6639769357576395	0.7142857142857143	baseline
PF17761	0.14285714285714285	1.1716889104662667	1.2491403046403076	2.728214324297143	0.8111847302726634	0.8543912696163305	0.8111847302726634	0.8543912696163305	0.8571428571428571	endpoint
PF17762	0.0	0.2412623993899114	0.07300269749600898	1.2823266293855786	0.5866717971581931	0.5302611926838613	0.5866717971581931	0.5302611926838613	0.5714285714285714	endpoint
PF17763	0.0	0.3393592876145582	0.5747172830189006	1.040218701474539	0.613963242800179	0.6681942125781737	0.613963242800179	0.6681942125781737	0.5714285714285714	endpoint
PF17764	0.0	0.19635275296443347	0.34067570983622725	1.7609726521682392	0.5508830618060967	0.6072153415098008	0.5508830618060967	0.6072153415098008	0.5714285714285714	endpoint
PF17767	0.0	0.15341225376401882	0.6721794598851434	1.292167359143289	0.5457613698615632	0.5993937562672652	0.5457613698615632	0.5993937562672652	0.7142857142857143	endpoint
PF17768	0.0	0.3651882861344321	0.7225580318305136	1.5169660020062437	0.6312458505644264	0.5905633724586291	0.6312458505644264	0.5905633724586291	0.5714285714285714	endpoint
PF17769	0.0	0.25238056193242114	0.25754242157638757	1.3028185576171996	0.6007099541959232	0.5945620037104499	0.6007099541959232	0.5945620037104499	0.5714285714285714	endpoint
PF17770	0.0	1.1427962326101662	1.2530926373464837	1.5697758086206923	0.8615956009635806	0.9119022263245625	0.8615956009635806	0.9119022263245625	0.8571428571428571	endpoint
PF17774	0.0	0.9327315134803005	1.008247318761389	1.5062373282273447	0.7776611042203767	0.8951056762946231	0.7776611042203767	0.8951056762946231	0.8571428571428571	endpoint
PF17785	0.0	0.21262026733781672	0.6361177526955502	1.5145408287035225	0.591254634713413	0.6851137093247962	0.591254634713413	0.6851137093247962	0.5714285714285714	endpoint
PF17786	0.0	0.07537045296472586	0.3059255609875087	0.9785437822006471	0.5244248870001615	0.5919601148929118	0.5244248870001615	0.5919601148929118	0.5714285714285714	endpoint
PF17788	0.0	0.2719773355868091	1.0327649785318882	1.7745451325647632	0.46853936165181626	0.29918493090640247	0.5314606383481837	0.7008150690935975	0.5714285714285714	baseline
PF17801	0.0	0.3202951088388334	0.6062187807453159	1.2219867310528125	0.5784704471977318	0.6549164012382515	0.5784704471977318	0.6549164012382515	0.7142857142857143	endpoint
PF17802	0.0	0.002897159264361277	0.09780010099999252	1.6065024329366004	0.49243766094653985	0.4833959898081774	0.5075623390534602	0.5166040101918226	0.5714285714285714	baseline
PF17804	0.0	0.4163614959004422	0.8599283261959252	1.2913509401736363	0.3902529828461319	0.2706075157594471	0.6097470171538681	0.7293924842405529	0.7142857142857143	baseline
PF17805	0.0	0.5898522009417347	0.5694091334078039	1.9422847630507278	0.662455446546972	0.6716421885163724	0.662455446546972	0.6716421885163724	0.7142857142857143	endpoint
PF17810	0.0	0.37215677518852835	0.8754088501818619	1.3877326611414014	0.4072373931799624	0.3174804394755954	0.5927626068200376	0.6825195605244045	0.7142857142857143	baseline
PF17815	0.0	1.0727179987075561	1.3529515227707607	1.6537079800267984	0.20141923419703417	0.17202292552259868	0.7985807658029658	0.8279770744774013	0.8571428571428571	baseline
PF17820	0.0	1.0980099441297118	1.191576224914348	1.5831933486489398	0.8324635012909324	0.8833134288977126	0.8324635012909324	0.8833134288977126	1.0	endpoint
PF17827	0.0	0.2627798456402915	0.4887073225809341	1.2385556153266997	0.433043119444483	0.389496896835008	0.566956880555517	0.610503103164992	0.5714285714285714	baseline
PF17829	0.0	1.0180600916805542	1.217942925521966	1.7496528575530177	0.7750929369419232	0.7979252174393866	0.7750929369419232	0.7979252174393866	0.8571428571428571	endpoint
PF17836	0.0	0.7167769940867714	1.243552972475422	1.7359448332808103	0.7039689049513055	0.8607698992765014	0.7039689049513055	0.8607698992765014	0.7142857142857143	endpoint
PF17837	0.0	1.0638648589320323	1.2137714704238038	1.6369150133604198	0.18841159014039338	0.17307521318429991	0.8115884098596067	0.8269247868157001	0.8571428571428571	baseline
PF17839	0.0	0.05411156013612016	0.05284035183402267	1.1473886471310946	0.5426732232714164	0.4890610463941057	0.5426732232714164	0.5109389536058944	0.5714285714285714	endpoint
PF17844	0.0	0.974511178394586	1.1139407164192763	1.8011541746800832	0.23505039260859467	0.2857099978839066	0.7649496073914053	0.7142900021160934	0.8571428571428571	baseline
PF17851	0.0	0.09245699099357307	0.24609997893996677	1.391160567121509	0.5009001562135685	0.42976900019257513	0.5009001562135685	0.5702309998074249	0.5714285714285714	endpoint
PF17853	0.0	0.2657862137052678	0.30082798427675356	1.2127634547554942	0.5498848081923385	0.5741822830678537	0.5498848081923385	0.5741822830678537	0.8571428571428571	endpoint
PF17854	0.0	0.47962023494799716	0.8556530071066688	1.54933539539596	0.61597656040994	0.6126567457269437	0.61597656040994	0.6126567457269437	0.7142857142857143	endpoint
PF17862	0.0	1.1308170763034648	1.4665920984319125	1.581482475064769	0.8102304028124168	0.8773564418459947	0.8102304028124168	0.8773564418459947	0.8571428571428571	endpoint
PF17863	0.14285714285714285	1.1059721234299817	1.2464153231999584	2.3191832545298947	0.20270908148616013	0.08564329199903499	0.7972909185138399	0.914356708000965	0.8571428571428571	baseline
PF17871	0.0	0.10858115615689043	0.21680891935375557	0.9329905101711345	0.44961862610072123	0.4625090586526728	0.5503813738992788	0.5374909413473272	0.7142857142857143	baseline
PF17874	0.0	0.6168946318864565	0.8234257337015108	1.7788769052765172	0.34182917080633884	0.28066898495566733	0.6581708291936612	0.7193310150443326	0.7142857142857143	baseline
PF17876	0.0	0.5103765453754161	0.5580142822325398	1.1702816781659924	0.6425972231342677	0.6408314181607269	0.6425972231342677	0.6408314181607269	0.8571428571428571	endpoint
PF17883	0.0	0.5004270900497402	0.37830106382411255	1.5673694896038524	0.33220529759639034	0.40336186369118365	0.6677947024036097	0.5966381363088163	0.7142857142857143	baseline
PF17892	0.0	0.2607262376402356	0.19477370412097433	1.2294091868994776	0.4135217564121639	0.43828901040103907	0.5864782435878362	0.5617109895989609	0.5714285714285714	baseline
PF17893	0.0	0.14664764511788655	0.2787828690563477	1.000910107690684	0.4500361157266038	0.4298466759162261	0.5499638842733963	0.570153324083774	0.7142857142857143	baseline
PF17894	0.0	0.5945057193678612	0.7211835330898684	1.326226510607	0.6828996301089959	0.6380116423024312	0.6828996301089959	0.6380116423024312	0.7142857142857143	endpoint
PF17900	0.0	0.23267970537701402	0.12796387775907608	1.306967177930669	0.4324873979477128	0.4493792444894566	0.5675126020522872	0.5506207555105433	0.5714285714285714	baseline
PF17910	0.0	0.3274203815421434	0.9126393270111784	1.7285422317789378	0.576137753787978	0.6221163067225832	0.576137753787978	0.6221163067225832	0.5714285714285714	endpoint
PF17912	0.0	0.44535318700864984	0.8559977452832233	1.428186179853479	0.6532368710474269	0.7435804234733452	0.6532368710474269	0.7435804234733452	0.7142857142857143	endpoint
PF17936	0.0	0.31494443953576806	0.4055463971957065	1.347499411532169	0.4036287955781506	0.3958520386698241	0.5963712044218494	0.6041479613301759	0.5714285714285714	baseline
PF17941	0.0	0.3923785334559318	0.7226231118123848	1.260227006320206	0.4063221772409119	0.338946256669252	0.5936778227590881	0.661053743330748	0.7142857142857143	baseline
PF17944	0.0	1.0572813965623384	1.2712446185560515	1.967633226654217	0.2152130165545996	0.09529921088988665	0.7847869834454004	0.9047007891101133	0.8571428571428571	baseline
PF17954	0.0	1.1393751981143938	1.2767828099029344	1.3954556562874239	0.15855711945115275	0.07190151621951328	0.8414428805488472	0.9280984837804868	1.0	baseline
PF17956	0.0	0.10774102631994144	0.23151900788480587	1.2409507934251354	0.5616824536893015	0.43218939837415754	0.5616824536893015	0.5678106016258424	0.5714285714285714	endpoint
PF17963	0.0	0.27899259888949435	0.393207150442469	1.5857215715781054	0.440244876879762	0.3556823715860864	0.559755123120238	0.6443176284139136	0.7142857142857143	baseline
PF17969	0.0	0.976694687125527	1.2057721656713274	1.5588412046225915	0.2264316126478653	0.18366910815131965	0.7735683873521347	0.8163308918486804	0.8571428571428571	baseline
PF17973	0.0	0.019315377612994906	0.3120526709398065	0.9960851862675638	0.4953342001732521	0.5462080971362978	0.5046657998267479	0.5462080971362978	0.5714285714285714	baseline
PF17974	0.0	0.055896213849905826	0.29172969369664326	1.516089139501022	0.5187289667944894	0.5710593138368177	0.5187289667944894	0.5710593138368177	0.5714285714285714	endpoint
PF17989	0.0	0.9406970246853972	1.0599097032600544	1.3779606949470449	0.7885083947720356	0.7997861267871246	0.7885083947720356	0.7997861267871246	1.0	endpoint
PF17994	0.0	0.14073625721421046	0.3157755116189295	1.4317041141651983	0.48957864290187514	0.3890582583518292	0.5104213570981249	0.6109417416481708	0.5714285714285714	baseline
PF17995	0.0	0.16913868170266616	0.37008304961339694	1.5084563302796405	0.4315914002817706	0.39710072436625965	0.5684085997182293	0.6028992756337404	0.5714285714285714	baseline
PF17996	0.0	0.15450260092736393	0.6073682310661409	1.2214594354374682	0.5231380645795602	0.5714422053393621	0.5231380645795602	0.5714422053393621	0.5714285714285714	endpoint
PF17998	0.0	0.24473435133727142	0.03150440258725575	1.4408982961039347	0.4352089383913637	0.5163194591653022	0.5647910616086362	0.5163194591653022	0.5714285714285714	baseline
PF18013	0.0	0.12411960935063883	0.2728729210120057	1.243330884819156	0.42538047930873424	0.44940242132749053	0.5746195206912658	0.5505975786725095	0.7142857142857143	baseline
PF18019	0.0	0.45551871327871296	0.4978225088870011	1.3757774652496495	0.6332960884381145	0.5577995754549121	0.6332960884381145	0.5577995754549121	0.8571428571428571	endpoint
PF18025	0.0	0.14367260902537513	0.14673928499523792	1.0628990168000816	0.548671808580611	0.5753286996279491	0.548671808580611	0.5753286996279491	0.5714285714285714	endpoint
PF18072	0.0	0.0027099240217683157	0.22815185520978065	1.7861053886626508	0.5528741638179986	0.5492363536200604	0.5528741638179986	0.5492363536200604	0.5714285714285714	baseline
PF18073	0.0	0.5580964861188226	0.8286358982746548	1.7366654531391574	0.6395522029380253	0.6747058838231722	0.6395522029380253	0.6747058838231722	0.7142857142857143	endpoint
PF18074	0.0	0.7333062461132889	0.7586359713152651	1.4131547289535509	0.7305492075754054	0.7313239180436892	0.7305492075754054	0.7313239180436892	0.8571428571428571	endpoint
PF18075	0.14285714285714285	1.0624273521824266	1.3075049766432751	2.2881182577897516	0.7789676440760821	0.8882743924591997	0.7789676440760821	0.8882743924591997	0.8571428571428571	endpoint
PF18080	0.0	0.25733701171169526	1.1774882532013025	1.6108325845326077	0.5775151733413301	0.7380143278149318	0.5775151733413301	0.7380143278149318	0.5714285714285714	endpoint
PF18082	0.0	0.18217845546661016	0.5153699627058447	1.3287506848405477	0.58467488647303	0.6767467574295589	0.58467488647303	0.6767467574295589	0.5714285714285714	endpoint
PF18088	0.0	0.43144024996500796	1.065353967172146	1.5258294462379212	0.6475826959817044	0.8366042292441299	0.6475826959817044	0.8366042292441299	0.5714285714285714	endpoint
PF18090	0.0	0.47248631452699436	0.42082028238911684	1.3582764541449737	0.34301530494417193	0.37832803772913204	0.656984695055828	0.621671962270868	0.7142857142857143	baseline
PF18094	0.0	0.029915837215015673	0.7679439297896654	1.498620845138839	0.5203856419834898	0.676966083052835	0.5203856419834898	0.676966083052835	0.5714285714285714	endpoint
PF18096	0.0	0.4944118453120299	0.5459132115045144	1.2710229236048893	0.38567425826842305	0.34857937287664176	0.614325741731577	0.6514206271233582	0.8571428571428571	baseline
PF18106	0.0	0.6222825457671294	0.6566741502473254	1.7375055083785462	0.6880523768198042	0.7217886866265038	0.6880523768198042	0.7217886866265038	0.8571428571428571	endpoint
PF18120	0.0	0.2663984267865541	0.16981623449008781	1.6518630062506774	0.5559161766199263	0.41532449496408397	0.5559161766199263	0.584675505035916	0.5714285714285714	endpoint
PF18128	0.0	0.3840907530888346	0.473268700580838	1.4453939405355705	0.6468146310459935	0.6238353433128528	0.6468146310459935	0.6238353433128528	0.5714285714285714	endpoint
PF18134	0.0	0.34501653768239143	0.24615655462132696	1.317859954347049	0.4062359449729501	0.38643098299777145	0.5937640550270499	0.6135690170022285	0.7142857142857143	baseline
PF18144	0.0	0.7445860439528325	0.8731423022877833	1.3092082908340228	0.7353589032240164	0.748306099662252	0.7353589032240164	0.748306099662252	1.0	endpoint
PF18155	0.0	0.5377745289891662	0.9035640694473736	1.3730954825386459	0.6174540647504083	0.6945826597589689	0.6174540647504083	0.6945826597589689	0.7142857142857143	endpoint
PF18164	0.0	0.17240730554830466	0.19893879687128524	1.5697770946381375	0.5252499669701899	0.5392090323851221	0.5252499669701899	0.5392090323851221	0.5714285714285714	endpoint
PF18175	0.0	0.2554296561575761	0.002933865343840165	1.7056885231801506	0.4331347314397753	0.48334040563893643	0.5668652685602247	0.5166595943610636	0.7142857142857143	baseline
PF18185	0.0	0.6136721210316161	0.8038851670186654	1.2760475904136108	0.6870722489863005	0.7292162628722948	0.6870722489863005	0.7292162628722948	0.8571428571428571	endpoint
PF18186	0.0	0.29059499948984574	0.3687864838368003	1.0174291976851824	0.4414783065896183	0.4059844350461351	0.5585216934103817	0.594015564953865	0.8571428571428571	baseline
PF18202	0.0	1.266217848708667	1.274231069021325	1.8058912309881026	0.8630889439624675	0.8877176247926527	0.8630889439624675	0.8877176247926527	1.0	endpoint
PF18211	0.0	0.8268309027763837	1.2305581212686658	1.7768730603034655	0.7746698445468019	0.9285918546757302	0.7746698445468019	0.9285918546757302	0.7142857142857143	endpoint
PF18218	0.0	0.10594305916111978	0.380933138794348	1.3910222571081927	0.5453110022791422	0.4073870934118849	0.5453110022791422	0.5926129065881152	0.5714285714285714	endpoint
PF18220	0.0	0.8273179835435008	0.9801859745130338	1.7275591169516522	0.7360266614072396	0.7712957166235015	0.7360266614072396	0.7712957166235015	1.0	endpoint
PF18272	0.0	0.49220868978569843	1.0628519470949043	1.115244100953114	0.3690242698028508	0.25247296174352163	0.6309757301971493	0.7475270382564784	0.7142857142857143	baseline
PF18283	0.0	0.805789300346439	1.0343148244900713	1.3498649654207817	0.7617741318468237	0.7927312283065692	0.7617741318468237	0.7927312283065692	0.8571428571428571	endpoint
PF18291	0.0	0.11214074567637854	0.02689702448802412	1.680830516700206	0.4961808630768475	0.519482612545528	0.5038191369231525	0.519482612545528	0.5714285714285714	baseline
PF18305	0.0	0.006049547993253864	0.2356770897502117	1.3636496490232357	0.5042682624814155	0.4315621915592317	0.5042682624814155	0.5684378084407683	0.5714285714285714	baseline
PF18306	0.0	0.24034353296528038	0.4310716819339318	1.3852474344577712	0.45859621608751117	0.3752263886652581	0.5414037839124888	0.624773611334742	0.5714285714285714	baseline
PF18310	0.0	0.31642436582545397	0.2837764175380824	1.1632881496872043	0.6046100470693648	0.5297610349604099	0.6046100470693648	0.5297610349604099	0.8571428571428571	endpoint
PF18318	0.0	0.007372246664368325	0.3159039383393348	1.742467193251571	0.4978312285366813	0.4181817488525705	0.5021687714633187	0.5818182511474295	0.5714285714285714	endpoint
PF18329	0.0	0.2801715792531466	0.4323500128104226	1.3747111846796305	0.5874603680224776	0.6041589057424457	0.5874603680224776	0.6041589057424457	0.5714285714285714	endpoint
PF18335	0.14285714285714285	1.1589503442593685	1.4267765367081129	2.0147130675913454	0.8178885420123735	0.9058365316242019	0.8178885420123735	0.9058365316242019	0.8571428571428571	endpoint
PF18340	0.0	0.22241181658895184	0.1285562133860091	1.5054652882391941	0.4395966742661441	0.44928091852276403	0.5604033257338559	0.550719081477236	0.7142857142857143	baseline
PF18368	0.0	0.1983458690376299	0.15817492862358176	1.6246149159097103	0.41119342823736654	0.5796278422916481	0.5888065717626334	0.5796278422916481	0.5714285714285714	baseline
PF18370	0.0	0.5877580034507481	1.0006774861673562	1.59612617645358	0.6886183699888113	0.8144041622786725	0.6886183699888113	0.8144041622786725	0.7142857142857143	endpoint
PF18395	0.0	1.2236547135288003	1.259786955860679	1.6866904596456986	0.8632830838902762	0.8710912300768877	0.8632830838902762	0.8710912300768877	1.0	endpoint
PF18416	0.0	0.7045600205083927	0.9238556102815695	1.3373954169350928	0.26019447427092784	0.21798118590039575	0.7398055257290721	0.7820188140996043	0.8571428571428571	baseline
PF18427	0.0	0.13247047952195395	0.07328451532386097	1.3378776158424641	0.4289440663053126	0.4827858840624714	0.5710559336946874	0.5172141159375285	0.5714285714285714	baseline
PF18435	0.0	0.39224622414940546	0.5010464164942877	1.9252292329796792	0.5967458052733651	0.6429068415765176	0.5967458052733651	0.6429068415765176	0.7142857142857143	endpoint
PF18451	0.0	0.40802272983616267	0.545042201934786	1.1413656455038559	0.36929976334919296	0.3387312288713471	0.630700236650807	0.6612687711286529	0.7142857142857143	baseline
PF18470	0.0	0.0217073039952819	0.2848627814059907	1.2434489580962276	0.5002591213793967	0.5179072520804325	0.5002591213793967	0.5179072520804325	0.5714285714285714	baseline
PF18491	0.0	0.013521991366834732	0.35795511776296185	1.3622557557574053	0.4898473996465017	0.42951191293242164	0.5101526003534983	0.5704880870675784	0.5714285714285714	baseline
PF18525	0.0	0.5032262975726745	0.7466755484052205	1.1221274418466687	0.6478413287008307	0.7755254821810269	0.6478413287008307	0.7755254821810269	0.7142857142857143	endpoint
PF18537	0.0	0.9807148613707612	1.0418477268791315	1.6336699478315837	0.7949339409709321	0.8445660881248912	0.7949339409709321	0.8445660881248912	1.0	endpoint
PF18541	0.0	0.8944117735117404	1.0252420108893214	1.3122768503703388	0.7645878031848	0.7566159895402491	0.7645878031848	0.7566159895402491	1.0	endpoint
PF18551	0.0	0.46547089709381756	0.7186692563309058	1.4567702995448155	0.6430469911052092	0.7176054266344795	0.6430469911052092	0.7176054266344795	0.5714285714285714	endpoint
PF18555	0.0	0.39756748071330045	0.4874455660907644	1.4425172456278876	0.3923492697652987	0.35500719010486126	0.6076507302347013	0.6449928098951387	0.5714285714285714	baseline
PF18560	0.14285714285714285	1.2277689320160998	0.9724610043301811	2.0121517517950327	0.8388409102271545	0.8465096907846557	0.8388409102271545	0.8465096907846557	1.0	endpoint
PF18565	0.0	0.3392110435828006	0.6335199284707504	1.395382059292217	0.5984658225292966	0.6080137961349645	0.5984658225292966	0.6080137961349645	0.7142857142857143	endpoint
PF18582	0.0	0.4589788692324635	0.5584502537379699	1.3212984159427006	0.3239772622568849	0.3403310774473381	0.6760227377431152	0.659668922552662	0.8571428571428571	baseline
PF18610	0.0	0.4906703624385887	0.6446360133961468	1.6712408641701808	0.6199296000369028	0.6853212859896994	0.6199296000369028	0.6853212859896994	0.8571428571428571	endpoint
PF18623	0.0	0.6750764134967875	0.8563453660663147	1.3511313638793008	0.30418228910762585	0.23582961385055196	0.6958177108923742	0.764170386149448	0.8571428571428571	baseline
PF18630	0.14285714285714285	0.44739099029510865	0.45980788791048427	2.0819025321665805	0.5993363947640092	0.629116062549471	0.5993363947640092	0.629116062549471	0.7142857142857143	endpoint
PF18649	0.0	0.6671076882632655	1.3207581638986146	1.496500592023684	0.3290240735233482	0.22724845192055657	0.6709759264766517	0.7727515480794435	0.8571428571428571	baseline
PF18655	0.0	0.4582750362136657	0.9430308931122271	1.3847632349446328	0.6108929349668724	0.6909124703750176	0.6108929349668724	0.6909124703750176	0.7142857142857143	endpoint
PF18675	0.0	0.1324774228830107	0.04052425614433921	1.3719457354035425	0.4326677499016757	0.4773477776807831	0.5673322500983242	0.5226522223192169	0.5714285714285714	baseline
PF18676	0.0	0.41347351230466906	0.8350554373104576	1.5919630141548973	0.599223797026348	0.7348820347970888	0.599223797026348	0.7348820347970888	0.5714285714285714	endpoint
PF18693	0.0	0.40658343501496036	0.6925321114354756	1.8435313517499188	0.5885909568804493	0.5855791582489202	0.5885909568804493	0.5855791582489202	0.5714285714285714	endpoint
PF18741	0.0	0.10092429503305708	0.463371636883948	1.3664303247537368	0.5406196342126466	0.6299750521955144	0.5406196342126466	0.6299750521955144	0.5714285714285714	endpoint
PF18755	0.0	0.5175393179364053	0.4313801446779916	1.5020266399654836	0.6503108338225766	0.6499742781230677	0.6503108338225766	0.6499742781230677	0.7142857142857143	endpoint
PF18760	0.0	0.3917217489768389	0.3366007529689637	1.3159060411888737	0.6227910380608653	0.5918851226660138	0.6227910380608653	0.5918851226660138	0.5714285714285714	endpoint
PF18763	0.0	0.3987573025543747	0.6030830800014931	1.2514142159610662	0.5974654205720639	0.66426269585478	0.5974654205720639	0.66426269585478	0.7142857142857143	endpoint
PF18765	0.0	0.7875683187879519	1.1250561572444946	1.471786880098305	0.7484096609525123	0.7155617410301203	0.7484096609525123	0.7155617410301203	0.8571428571428571	endpoint
PF18766	0.0	0.07713846456471574	0.02611101317769175	1.248882528874689	0.47973928104531655	0.47495522186709943	0.5202607189546835	0.5250447781329006	0.5714285714285714	baseline
PF18789	0.14285714285714285	1.1638065108859332	1.4715348490570308	2.317704905141346	0.7964723738705372	0.8553530477767104	0.7964723738705372	0.8553530477767104	1.0	endpoint
PF18796	0.0	0.9491950062485269	1.1024857709123095	1.4974970846168785	0.7832705684776625	0.8115216711390745	0.7832705684776625	0.8115216711390745	0.8571428571428571	endpoint
PF18798	0.0	0.10622990645894237	0.5447506313118338	0.8680443294267314	0.4385419876971456	0.3486920771900423	0.5614580123028544	0.6513079228099576	0.5714285714285714	baseline
PF18812	0.0	0.32908938695841644	0.24900537370125322	1.4934264121832745	0.6189602103494883	0.571407082685528	0.6189602103494883	0.571407082685528	0.5714285714285714	endpoint
PF18813	0.0	0.42894869692410315	0.5131900271759852	1.9691128056345695	0.6249572956665758	0.6470751105693244	0.6249572956665758	0.6470751105693244	0.5714285714285714	endpoint
PF18818	0.0	0.0010924046054147255	0.08258081153251558	1.511516611881389	0.48412623454670317	0.48911756515516036	0.5158737654532968	0.5108824348448396	0.5714285714285714	endpoint
PF18819	0.0	0.27438101510224616	0.22769148453771226	1.155004866210101	0.6040509428889493	0.5523814480163264	0.6040509428889493	0.5523814480163264	0.7142857142857143	endpoint
PF18821	0.0	0.5011475096852032	0.6161043267818898	1.221827620122139	0.3622008643879669	0.3438382984943059	0.6377991356120332	0.6561617015056941	0.7142857142857143	baseline
PF18823	0.0	0.08112490322636293	0.020662937253600897	0.782534917081949	0.4591181736502268	0.47405085733541585	0.5408818263497732	0.5259491426645841	0.5714285714285714	baseline
PF18824	0.0	0.1281660807553522	0.005332102832345928	1.270165557829446	0.5377382735415407	0.5061659511745359	0.5377382735415407	0.5061659511745359	0.5714285714285714	endpoint
PF18830	0.0	0.9784461172545946	1.3140078107215676	1.5437291288343942	0.7716400781539722	0.885820749651961	0.7716400781539722	0.885820749651961	0.8571428571428571	endpoint
PF18832	0.0	0.8389553184909782	1.2464026821100807	1.9316877408145132	0.7391683387619146	0.8987488223510819	0.7391683387619146	0.8987488223510819	0.7142857142857143	endpoint
PF18838	0.0	0.8278736188255181	1.1635781215840615	1.39910087477387	0.740646339010609	0.7896196056039501	0.740646339010609	0.7896196056039501	0.8571428571428571	endpoint
PF18840	0.0	1.2224453326923241	1.1094160552215246	1.7648027629941985	0.851778767838054	0.8522745015836389	0.851778767838054	0.8522745015836389	1.0	endpoint
PF18842	0.0	0.7403440870648356	1.2268545384300094	1.4528158366957011	0.7472349274669347	0.9407179964473373	0.7472349274669347	0.9407179964473373	0.7142857142857143	endpoint
PF18843	0.0	0.1419473439907201	0.005620251666616379	1.3564660387403187	0.46578620388552866	0.4832196928905728	0.5342137961144713	0.5167803071094272	0.5714285714285714	baseline
PF18847	0.0	0.005536651738929667	0.08578444219345605	1.2669779571771516	0.5171213276356557	0.5289716050414689	0.5171213276356557	0.5289716050414689	0.5714285714285714	endpoint
PF18852	0.0	0.9019250085515372	1.2065816564443856	1.9504354165557682	0.7593331228034489	0.9004676637567383	0.7593331228034489	0.9004676637567383	0.7142857142857143	endpoint
PF18857	0.0	0.12615954022260728	0.2706828101401427	1.3236166855068818	0.5277960809659173	0.4256883227322085	0.5277960809659173	0.5743116772677914	0.5714285714285714	endpoint
PF18860	0.0	0.7808046397220767	1.0851521270569395	1.4476392215826075	0.7501512261786499	0.773296576037802	0.7501512261786499	0.773296576037802	0.8571428571428571	endpoint
PF18862	0.0	0.15332502593145086	0.06060240272050534	1.2035064695296644	0.5738296287475072	0.527362252873275	0.5738296287475072	0.527362252873275	0.5714285714285714	endpoint
PF18863	0.0	0.299914525277908	0.5341544369159816	1.1882938550168824	0.6338152441469109	0.7209744597019814	0.6338152441469109	0.7209744597019814	0.5714285714285714	endpoint
PF18864	0.0	0.9590506750573703	1.0354911581766388	1.5336214178868042	0.7875394341720148	0.826163939058823	0.7875394341720148	0.826163939058823	1.0	endpoint
PF18883	0.0	0.7669268244546023	0.9770745335568192	1.9099862958145042	0.2971967621290638	0.26621375074433085	0.7028032378709361	0.7337862492556692	0.8571428571428571	baseline
PF18885	0.0	0.4171025690952441	0.7601225473229425	1.649414660282221	0.3953556502258149	0.24445499998029369	0.6046443497741851	0.7555450000197064	0.7142857142857143	baseline
PF18889	0.0	0.6159455824779341	0.998466207686406	1.7054786368353447	0.6420111075237867	0.8120219172051529	0.6420111075237867	0.8120219172051529	0.7142857142857143	endpoint
PF18906	0.0	1.009045942335448	1.228014936818666	1.5822049781872254	0.1871659357666454	0.16955532865118278	0.8128340642333546	0.8304446713488172	1.0	baseline
PF18907	0.0	0.07076914304765795	0.44322971699024266	1.589188464762296	0.5283702139523176	0.6759222014586735	0.5283702139523176	0.6759222014586735	0.5714285714285714	endpoint
PF18909	0.0	0.1899753336094395	0.023216128040310126	1.319736926325937	0.4566987878876326	0.4772292912278395	0.5433012121123675	0.5227707087721605	0.5714285714285714	baseline
PF18911	0.0	0.12599412623532252	0.0031036536543345744	1.7989182929956469	0.4199310961659738	0.507871287133636	0.5800689038340262	0.507871287133636	0.5714285714285714	baseline
PF18912	0.0	0.6019024800093621	1.0994621880764623	1.5098029294314368	0.7371770374439691	0.9241715018857747	0.7371770374439691	0.9241715018857747	0.7142857142857143	endpoint
PF18925	0.0	0.09442531603190821	0.399862583243821	1.3096868811394804	0.5456586976654807	0.6066744677255057	0.5456586976654807	0.6066744677255057	0.5714285714285714	endpoint
PF18934	0.0	0.6227405693682171	0.8864481864767747	1.6399377567363946	0.34431869588728625	0.2836795678573269	0.6556813041127137	0.716320432142673	0.8571428571428571	baseline
PF18935	0.0	0.11634618237695389	0.06517942978941665	1.2717038304433643	0.5384325714677545	0.4896698067774816	0.5384325714677545	0.5103301932225184	0.5714285714285714	endpoint
PF18936	0.0	0.19787510579188913	0.5440823364444122	1.8509864538085632	0.43130193918200155	0.3171626418206608	0.5686980608179985	0.6828373581793392	0.7142857142857143	baseline
PF18937	0.0	0.5673933354441268	1.0921005762391385	1.5140490239597384	0.6703918999599068	0.7685058042078265	0.6703918999599068	0.7685058042078265	0.7142857142857143	endpoint
PF18939	0.0	0.25618812345059666	0.524604589796823	1.395118234173294	0.4357113851217303	0.37103718323293644	0.5642886148782698	0.6289628167670636	0.7142857142857143	baseline
PF18940	0.0	0.18737136888004954	0.11332255627269647	1.5056613880881478	0.545699058266018	0.48670209141679005	0.545699058266018	0.5132979085832099	0.5714285714285714	endpoint
PF18941	0.0	0.4149368922272255	0.1429738571724103	1.7875774153268695	0.61479492349436	0.49435410922715967	0.61479492349436	0.5056458907728403	0.5714285714285714	endpoint
PF18942	0.0	0.4083187149647145	0.5745769987723273	1.70066188040085	0.5720517424504745	0.6697926896200747	0.5720517424504745	0.6697926896200747	0.5714285714285714	endpoint
PF18943	0.0	0.7105035034433993	0.9656680423905355	1.4715503596041157	0.7381618971877655	0.8572135408406767	0.7381618971877655	0.8572135408406767	0.7142857142857143	endpoint
PF18945	0.0	0.930795963528065	1.3403450449284269	1.743564012282844	0.24292211572688166	0.17288537261320291	0.7570778842731183	0.8271146273867971	0.7142857142857143	baseline
PF18948	0.0	0.21133703809515406	0.5243112001720485	1.3371626877979164	0.47937268188836485	0.3453394145863306	0.5206273181116352	0.6546605854136693	0.5714285714285714	baseline
PF18949	0.0	0.6171917552052861	0.9569785639297957	1.6271369036167564	0.703896545394582	0.8175133100361612	0.703896545394582	0.8175133100361612	0.8571428571428571	endpoint
PF18951	0.0	0.8010436860981969	0.9044407123163409	1.5751685533188697	0.7205515690149067	0.7705734790331012	0.7205515690149067	0.7705734790331012	0.8571428571428571	endpoint
PF18952	0.0	0.47563549114245457	0.6814182491768547	1.7303992966058963	0.4063385653391459	0.2639892155434278	0.5936614346608541	0.7360107844565722	0.7142857142857143	baseline
PF18954	0.0	0.5997549427495927	0.9051786743055371	1.7188641431405713	0.6576029971512108	0.7247295870769148	0.6576029971512108	0.7247295870769148	0.7142857142857143	endpoint
PF18956	0.0	0.657632882062715	0.8675616507409772	1.4606083382822677	0.6864181023009024	0.7467678649836708	0.6864181023009024	0.7467678649836708	0.8571428571428571	endpoint
PF18957	0.0	0.1174522366736914	0.4285811894833149	1.2118758242479162	0.4891709089905199	0.3939422526628623	0.5108290910094802	0.6060577473371377	0.7142857142857143	baseline
PF18959	0.0	0.7744138316346596	0.8808170944900866	1.138560590707068	0.26709764264438335	0.2843997409697986	0.7329023573556166	0.7156002590302014	1.0	baseline
PF18960	0.0	1.3392366481789817	1.2716752510276395	1.65801236785661	0.8844368457023103	0.8827593517314686	0.8844368457023103	0.8827593517314686	1.0	endpoint
PF18961	0.0	0.41020964610870914	0.6708963047964867	1.8606233797545022	0.6181366800913913	0.7704609882347574	0.6181366800913913	0.7704609882347574	0.7142857142857143	endpoint
PF18974	0.0	0.29480452600193097	0.5108289798983463	1.420800285966874	0.619953597827337	0.6462646860246076	0.619953597827337	0.6462646860246076	0.5714285714285714	endpoint
PF18975	0.0	1.0411805598074728	1.3281632940013137	1.8951625578731621	0.7876620764307015	0.9255967697594809	0.7876620764307015	0.9255967697594809	0.8571428571428571	endpoint
PF18976	0.0	0.23589220804442226	0.4651324508880596	0.9729499353625906	0.41923263603777533	0.3794279108810465	0.5807673639622246	0.6205720891189535	0.5714285714285714	baseline
PF18978	0.0	1.1353953808245913	1.2923421383947582	1.9097681601208891	0.8409961719003131	0.9571879214482832	0.8409961719003131	0.9571879214482832	1.0	endpoint
PF18979	0.0	0.3046524024045749	0.368549388412269	1.1786971256947767	0.42873466068641736	0.41816869074578994	0.5712653393135827	0.58183130925421	0.7142857142857143	baseline
PF18980	0.0	0.6981618240320613	1.2754114028286727	1.763321622172637	0.7330161927038698	0.9139824376785693	0.7330161927038698	0.9139824376785693	0.7142857142857143	endpoint
PF18982	0.0	1.2091533632316458	1.234231313054927	1.7012151946733916	0.8537210232507814	0.9022364966877179	0.8537210232507814	0.9022364966877179	1.0	endpoint
PF18983	0.0	0.38991693948754114	0.2982259498108311	1.2273865508522495	0.6387465098714115	0.5898378163003154	0.6387465098714115	0.5898378163003154	0.8571428571428571	endpoint
PF18984	0.0	0.9701341658772431	1.2578881175776435	1.6037067296152336	0.7865594472111226	0.9496767689519527	0.7865594472111226	0.9496767689519527	0.8571428571428571	endpoint
PF18986	0.0	0.18625256517815725	0.3143304489613216	1.470410018318479	0.47324479959731053	0.3630304362127381	0.5267552004026894	0.6369695637872619	0.5714285714285714	baseline
PF18987	0.0	0.6423903909116221	1.0967736159658728	1.3081584070162788	0.7003229957131328	0.7695982670198431	0.7003229957131328	0.7695982670198431	0.7142857142857143	endpoint
PF18989	0.0	1.0817490219867916	1.1722457664301735	1.5241481580370886	0.8293241998492428	0.8695098494838998	0.8293241998492428	0.8695098494838998	1.0	endpoint
PF18990	0.0	0.35095482389774224	0.38444257005474375	1.4954078027955973	0.37911938134955603	0.3899237474658351	0.620880618650444	0.610076252534165	0.7142857142857143	baseline
PF18991	0.0	0.09336835371276285	0.2867649740962653	1.0004415686610182	0.5206330055303182	0.5693551842076107	0.5206330055303182	0.5693551842076107	0.7142857142857143	endpoint
PF18998	0.0	0.4417548826861344	0.8332767460835728	1.409166351347827	0.3411567935319066	0.1849032040472007	0.6588432064680934	0.8150967959527993	0.7142857142857143	baseline
PF19040	0.0	0.5313598390154018	0.5987416881565455	1.4170092645199188	0.3299293479805297	0.37322084990483706	0.6700706520194704	0.6267791500951629	0.8571428571428571	baseline
PF19044	0.0	0.18393145963921137	0.10425444146685899	1.3104594985170235	0.5503618122385056	0.5363720698209141	0.5503618122385056	0.5363720698209141	0.7142857142857143	endpoint
PF19051	0.0	0.07064572116645346	0.1631498306893176	1.501777626769049	0.4481817500540502	0.462665528356804	0.5518182499459499	0.537334471643196	0.5714285714285714	baseline
PF19076	0.0	0.3462317516511511	1.1240098342654734	1.6761799356205973	0.611520963166897	0.7434135268028133	0.611520963166897	0.7434135268028133	0.5714285714285714	endpoint
PF19077	0.0	0.3808417147734865	0.32068736331983977	1.165594301349094	0.6194421943797906	0.5489472689277308	0.6194421943797906	0.5489472689277308	0.8571428571428571	endpoint
PF19085	0.0	0.3169525356697737	0.515043600856988	1.29534797791543	0.4111246183156902	0.34829354184495886	0.5888753816843098	0.6517064581550411	0.5714285714285714	baseline
PF19124	0.0	0.06165263504690283	0.19677167120364267	1.0736930012325605	0.49860290926112477	0.43795735375927924	0.5013970907388752	0.5620426462407208	0.5714285714285714	baseline
PF19127	0.0	0.22397606008051346	0.3922501340952649	1.1871000292230456	0.5342030938739831	0.6157543709675579	0.5342030938739831	0.6157543709675579	0.7142857142857143	endpoint
PF19143	0.0	0.5209390874839347	0.7309681145356279	1.4416370021842828	0.6352053602012119	0.7498153989701023	0.6352053602012119	0.7498153989701023	0.7142857142857143	endpoint
PF19190	0.0	0.1591604654825851	0.009383181121091736	0.9791034789021374	0.5799331889348647	0.5153882277996854	0.5799331889348647	0.5153882277996854	0.5714285714285714	endpoint
PF19238	0.0	0.6477570396621903	0.8410774820512744	1.3997034348341941	0.7091708359626205	0.7805688399914276	0.7091708359626205	0.7805688399914276	0.7142857142857143	endpoint
PF19263	0.0	0.6279983638023251	0.9559334202371783	1.563849348245639	0.648539308616071	0.7302152491909066	0.648539308616071	0.7302152491909066	0.7142857142857143	endpoint
PF19269	0.0	0.09449618413105103	0.4150577936718628	1.4477580195976834	0.4492808826340129	0.5395192400438733	0.5507191173659871	0.5395192400438733	0.5714285714285714	baseline
PF19279	0.14285714285714285	0.40999904708662693	0.7277782910198811	2.0039488004707033	0.4241623420848976	0.26416687064178407	0.5758376579151023	0.7358331293582159	0.7142857142857143	baseline
PF19289	0.0	0.9361163814855209	0.8983784891174308	1.7324233041678563	0.2521020579719627	0.2569446357018428	0.7478979420280373	0.7430553642981572	1.0	baseline
PF19290	0.0	0.016649071615228765	0.2245434594624011	1.277824083239455	0.5021312303599573	0.610370958200626	0.5021312303599573	0.610370958200626	0.5714285714285714	endpoint
PF19295	0.0	0.10328693919210766	0.019634981396944057	1.1843423565532287	0.5611494388098217	0.5086043643451023	0.5611494388098217	0.5086043643451023	0.5714285714285714	endpoint
PF19296	0.0	0.0340867501498076	0.08510039314820685	1.3847855347335412	0.47239413847620965	0.48417884995779353	0.5276058615237904	0.5158211500422065	0.5714285714285714	baseline
PF19300	0.0	0.22424671246517738	0.07936912659651826	1.3743107530044842	0.425759909234574	0.5436725423490573	0.5742400907654259	0.5436725423490573	0.5714285714285714	baseline
PF19302	0.0	0.5253291428664206	0.8998887676048857	1.5215493867521679	0.6434871517439754	0.6831571192252021	0.6434871517439754	0.6831571192252021	0.8571428571428571	endpoint
PF19305	0.0	0.5001868262785085	0.7175811750030614	1.421092454754554	0.33932597254053787	0.34543856523128413	0.6606740274594621	0.6545614347687159	0.8571428571428571	baseline
PF19310	0.0	1.0874822234780062	1.1584507505244885	1.6821773922446697	0.19861133487609314	0.1278510203399115	0.8013886651239068	0.8721489796600885	0.8571428571428571	baseline
PF19320	0.0	0.11894546374888897	0.49714523223841084	1.2108846706518386	0.4849759478461196	0.38809622872353233	0.5150240521538805	0.6119037712764677	0.5714285714285714	baseline
PF19328	0.0	0.30028962427117784	0.4914241205119672	1.3474790137820418	0.3946458575851532	0.35582245503485815	0.6053541424148468	0.6441775449651419	0.7142857142857143	baseline
PF19335	0.0	0.2812121897742424	0.2919631987179338	1.3589001897538013	0.40510578920594253	0.4251193858508883	0.5948942107940575	0.5748806141491116	0.7142857142857143	baseline
PF19404	0.0	0.2890499258425993	0.43864585461082944	0.9291577368380114	0.5887570771964988	0.6152253895581102	0.5887570771964988	0.6152253895581102	0.7142857142857143	endpoint
PF19407	0.0	0.1668595912733403	0.2225512616849954	1.3153912310402156	0.5600887731303246	0.6034191031400498	0.5600887731303246	0.6034191031400498	0.5714285714285714	endpoint
PF19425	0.0	0.7077973639521754	0.753593927615623	1.646939087144339	0.2595858892258073	0.2722535665638562	0.7404141107741927	0.7277464334361439	0.7142857142857143	baseline
PF19436	0.0	0.3921900631869177	1.0166835462599846	1.3333887003310554	0.6427174995701724	0.7878713936844352	0.6427174995701724	0.7878713936844352	0.5714285714285714	endpoint
PF19478	0.14285714285714285	0.9572116950606696	1.409877233214961	2.145929007311398	0.7348298827269923	0.842795602834394	0.7348298827269923	0.842795602834394	0.8571428571428571	endpoint
PF19481	0.0	0.7933519894640063	1.0408221578167944	1.5238734924274	0.7591841625168095	0.8262579350194199	0.7591841625168095	0.8262579350194199	0.8571428571428571	endpoint
PF19484	0.0	0.24545619540032312	0.5422393152416901	1.5571527982682027	0.4717811583243195	0.325668907238931	0.5282188416756806	0.6743310927610691	0.7142857142857143	baseline
PF19498	0.14285714285714285	1.044520214806578	1.2478437983477177	2.294262643986879	0.7732169249994755	0.8514617015792726	0.7732169249994755	0.8514617015792726	0.8571428571428571	endpoint
PF19499	0.14285714285714285	0.22323902579861285	0.14873694786478425	2.313205687014576	0.5196981467847667	0.5479663390044686	0.5196981467847667	0.5479663390044686	0.5714285714285714	endpoint
PF19501	0.0	0.5154838902709168	0.7269012666914907	1.5085523716164393	0.621285373277105	0.6831295420775328	0.621285373277105	0.6831295420775328	0.7142857142857143	endpoint
PF19502	0.0	0.05850726325443491	0.08699442177597808	1.3923900711538824	0.48861605775095734	0.4561800533235714	0.5113839422490427	0.5438199466764286	0.5714285714285714	baseline
PF19503	0.0	0.15120022786401616	0.6613691334877181	1.3791339153854185	0.514624744174751	0.6129978087456279	0.514624744174751	0.6129978087456279	0.7142857142857143	endpoint
PF19506	0.14285714285714285	1.2627893176272018	1.3867276643832123	2.1811474009532708	0.8631350513018319	0.9544995444277729	0.8631350513018319	0.9544995444277729	0.8571428571428571	endpoint
PF19511	0.0	0.583167594711963	0.4221587861455284	1.101924937342868	0.6923556275600953	0.6118868720583732	0.6923556275600953	0.6118868720583732	0.8571428571428571	endpoint
PF19512	0.0	0.08331968694524873	0.08319436778965386	1.4397572868842734	0.4347020069807825	0.493745456642823	0.5652979930192175	0.506254543357177	0.7142857142857143	baseline
PF19513	0.0	0.3365189211975421	0.40575210207462686	1.4539308448437753	0.3835415047215792	0.40326721872280613	0.6164584952784208	0.5967327812771939	0.7142857142857143	baseline
PF19514	0.0	0.04101194031200116	0.13828528131632883	1.3159220281235144	0.4578840348490871	0.46838850752408046	0.5421159651509129	0.5316114924759195	0.7142857142857143	baseline
PF19515	0.0	0.4057554891285394	0.4836313787237843	1.2409927939958458	0.6108796407608296	0.589543752871221	0.6108796407608296	0.589543752871221	0.7142857142857143	endpoint
PF19516	0.0	0.32338717464001565	0.6070882224261697	1.010628675148231	0.3901110807639121	0.3712695978650521	0.6098889192360879	0.6287304021349479	0.5714285714285714	baseline
PF19517	0.0	0.6827954206536578	0.8202766366315395	1.4617322794536696	0.7488715183672099	0.8240381123865768	0.7488715183672099	0.8240381123865768	0.8571428571428571	endpoint
PF19527	0.0	0.46279666472552294	0.3898565288629578	1.7525493540325872	0.6176761003780135	0.6032458916570352	0.6176761003780135	0.6032458916570352	0.8571428571428571	endpoint
PF19528	0.0	0.40838835626704684	0.6655484068559318	1.6332241722001781	0.6174289789169686	0.5810999428901071	0.6174289789169686	0.5810999428901071	0.5714285714285714	endpoint
PF19529	0.0	0.30012000203103356	0.7778009163005609	1.4772158598865879	0.3821615529927445	0.25593990366232533	0.6178384470072555	0.7440600963376747	0.5714285714285714	baseline
PF19537	0.14285714285714285	0.47122154435045926	0.7027606209569803	2.2384183059908103	0.5824697553236803	0.7364791468793677	0.5824697553236803	0.7364791468793677	0.5714285714285714	endpoint
PF19538	0.0	1.00077103677731	1.2372103415478222	1.5001938062840288	0.8281639449046317	0.9439401620964911	0.8281639449046317	0.9439401620964911	0.8571428571428571	endpoint
PF19543	0.0	0.3909649321510145	0.05731078240511573	1.2485872218150103	0.3959777072213315	0.4774936898885028	0.6040222927786685	0.5225063101114972	0.7142857142857143	baseline
PF19546	0.0	0.8539006170987395	1.098307296085191	1.50880382435698	0.7590353710295213	0.8436010766511479	0.7590353710295213	0.8436010766511479	0.8571428571428571	endpoint
PF19552	0.0	0.6637617502504495	0.6027048789781178	1.5223024731407606	0.701755657608582	0.6473426970007639	0.701755657608582	0.6473426970007639	0.8571428571428571	endpoint
PF19553	0.0	0.7862902366768434	0.82284585336554	1.4969928131990964	0.7426819583657347	0.753363825892953	0.7426819583657347	0.753363825892953	0.8571428571428571	endpoint
PF19554	0.14285714285714285	0.8719515189555037	1.2724865927869076	2.2035713986254497	0.7213021535583898	0.8187354134523265	0.7213021535583898	0.8187354134523265	0.8571428571428571	endpoint
PF19555	0.0	0.29058939347383284	0.15777492193506248	0.8923426903766659	0.40893754669023435	0.4608489150820468	0.5910624533097657	0.5391510849179533	0.7142857142857143	baseline
PF19557	0.0	0.19257185531143645	0.07944430205936594	1.223816290095252	0.5830270482927331	0.501341945882797	0.5830270482927331	0.501341945882797	0.5714285714285714	endpoint
PF19558	0.0	0.3029059525332346	0.5494550003447696	1.2705271271173877	0.5809165196281404	0.6416461697008855	0.5809165196281404	0.6416461697008855	0.7142857142857143	endpoint
PF19567	0.0	0.3265160092721276	0.4396021970847535	1.295086677222576	0.6084300981788539	0.548188569405799	0.6084300981788539	0.548188569405799	0.7142857142857143	endpoint
PF19568	0.0	0.579915387447309	0.8418174863408335	1.5149238781595844	0.719290085473081	0.7396718178430708	0.719290085473081	0.7396718178430708	0.7142857142857143	endpoint
PF19570	0.0	0.667011718547983	0.8145887954572351	1.3262970023027725	0.693572251139507	0.6907822605390816	0.693572251139507	0.6907822605390816	0.8571428571428571	endpoint
PF19572	0.0	0.005491293409422734	0.2815157739716307	1.6295726599545475	0.49590229982964384	0.40180864946730643	0.5040977001703562	0.5981913505326936	0.5714285714285714	endpoint
PF19576	0.0	0.7252162384239104	0.5426688541922523	1.609815070302484	0.307395807877277	0.3410423897321802	0.6926041921227231	0.6589576102678198	1.0	baseline
PF19580	0.0	0.37137148057235886	0.3597950794791468	1.5640239189351586	0.5902355969536323	0.5643985666059496	0.5902355969536323	0.5643985666059496	0.8571428571428571	endpoint
PF19583	0.0	0.4341487411376548	0.9808220838355772	1.5798483746324135	0.5996986743889362	0.6536341751339804	0.5996986743889362	0.6536341751339804	0.7142857142857143	endpoint
PF19595	0.14285714285714285	1.126364720588272	1.2749534507148113	2.5262525777059945	0.8017873121627863	0.9009002573977647	0.8017873121627863	0.9009002573977647	0.8571428571428571	endpoint
PF19614	0.0	0.2142314794660902	0.3801290266119925	1.2567554866163455	0.5354341313629893	0.6020611586098646	0.5354341313629893	0.6020611586098646	0.7142857142857143	endpoint
PF19642	0.0	0.8528342745061338	1.0755654151239322	1.352549111203132	0.7582666016156688	0.7992851107390984	0.7582666016156688	0.7992851107390984	0.8571428571428571	endpoint
PF19700	0.0	0.3911735671864221	0.7766711172198251	1.3728862178889296	0.5937425994708947	0.604720927795961	0.5937425994708947	0.604720927795961	0.7142857142857143	endpoint
PF19727	0.0	1.3197127507122701	1.3300274438808992	1.9052243185334403	0.8824443141572041	0.8923289996975123	0.8824443141572041	0.8923289996975123	1.0	endpoint
PF19732	0.0	0.5602259615220141	0.819013499020413	1.2984544216181415	0.6650123405875847	0.6743476003565878	0.6650123405875847	0.6743476003565878	0.7142857142857143	endpoint
PF19753	0.14285714285714285	1.1037519731976795	1.272154633521406	2.3472213489985116	0.8077017043487384	0.8602526903840783	0.8077017043487384	0.8602526903840783	0.8571428571428571	endpoint
PF19755	0.0	1.0006767512512729	1.2141898509160889	1.595913770960798	0.8029235860702645	0.9475287403301221	0.8029235860702645	0.9475287403301221	0.8571428571428571	endpoint
PF19762	0.0	0.5291841225442832	0.9759303451419579	1.2218905998201568	0.6962184152343883	0.8059097578300635	0.6962184152343883	0.8059097578300635	0.5714285714285714	endpoint
PF19763	0.14285714285714285	0.7437353445074388	0.9250808053772488	2.0055887716229233	0.6941192355621305	0.7294599370190064	0.6941192355621305	0.7294599370190064	0.8571428571428571	endpoint
PF19775	0.0	0.4003837493394324	0.5606551461144216	1.579248394368917	0.4014416305775809	0.377553770373096	0.598558369422419	0.622446229626904	0.7142857142857143	baseline
PF19776	0.0	0.5858235752919901	1.0491256133050386	1.4516475960854465	0.6622848289747492	0.7014951449525568	0.6622848289747492	0.7014951449525568	0.8571428571428571	endpoint
PF19778	0.0	0.7955157516531095	0.8130535283674066	1.2758769335246256	0.7392181179461389	0.7500026307980934	0.7392181179461389	0.7500026307980934	0.8571428571428571	endpoint
PF19789	0.0	0.6222269786352957	0.9396137952764921	1.3863683388680998	0.6889230763702977	0.7007539251996792	0.6889230763702977	0.7007539251996792	0.8571428571428571	endpoint
PF19805	0.0	0.27197016628608145	0.7658066046963279	1.322285571636686	0.4187275714909863	0.3276995895380677	0.5812724285090137	0.6723004104619323	0.5714285714285714	baseline
PF19808	0.14285714285714285	0.9946988435254729	1.241978345800567	2.263336263820317	0.7640527338716228	0.8973721727777682	0.7640527338716228	0.8973721727777682	0.8571428571428571	endpoint
PF19815	0.0	0.23253313179348517	0.35334637662921625	1.2603006026581616	0.605303975473581	0.6524587368107395	0.605303975473581	0.6524587368107395	0.5714285714285714	endpoint
PF19821	0.0	0.598497001047331	0.5457771947313655	1.3768703591907518	0.33473476832111554	0.3149824314102094	0.6652652316788845	0.6850175685897906	0.8571428571428571	baseline
PF19830	0.0	0.6491333349419177	0.6658157112944647	1.6925567725325188	0.6909086004223172	0.7435375695850981	0.6909086004223172	0.7435375695850981	0.8571428571428571	endpoint
PF19838	0.0	0.001911122004725588	0.11974217219943739	1.807791836623897	0.5536298214945594	0.5120249564453223	0.5536298214945594	0.5120249564453223	0.5714285714285714	endpoint
PF19841	0.0	0.25000722570950856	0.1118276302976662	1.3584555127486253	0.3982458797342507	0.4520578139664419	0.6017541202657493	0.547942186033558	0.5714285714285714	baseline
PF19842	0.0	0.6705814888453379	0.5636828331425878	1.3548684088135594	0.7268746348579016	0.6921469018086782	0.7268746348579016	0.6921469018086782	0.8571428571428571	endpoint
PF19845	0.0	0.6260551095794814	0.7484291629401442	1.3045687347057642	0.7166534625423068	0.7218964858605287	0.7166534625423068	0.7218964858605287	0.7142857142857143	endpoint
PF19864	0.0	0.7161804189224704	1.029551256265598	1.7233043073651115	0.7031476552891082	0.7787785134802175	0.7031476552891082	0.7787785134802175	0.7142857142857143	endpoint
PF19866	0.0	0.5047929465008939	0.6260513560422145	1.4038691663362948	0.6604805996971367	0.6801986646986908	0.6604805996971367	0.6801986646986908	0.7142857142857143	endpoint
PF19867	0.0	0.42401548325768973	0.7505723776209619	1.3703531077193312	0.6168747953256647	0.8023351274801018	0.6168747953256647	0.8023351274801018	0.5714285714285714	endpoint
PF19877	0.0	0.5961003503804089	0.8253313965947633	1.4776227048252972	0.33467536134634274	0.18763042865768112	0.6653246386536573	0.8123695713423189	0.8571428571428571	baseline
PF19880	0.0	0.13672011000522247	0.13987193892681818	1.3851990441829336	0.5544226333663426	0.4229129552566095	0.5544226333663426	0.5770870447433905	0.5714285714285714	endpoint
PF19886	0.0	0.3286928180757683	0.5870307682507333	1.6218051524650112	0.5654281121996524	0.5680662465071148	0.5654281121996524	0.5680662465071148	0.7142857142857143	endpoint
PF19898	0.0	0.042665439333289985	0.12117501461106688	1.1649673582797422	0.49558533272553135	0.573137645295892	0.5044146672744687	0.573137645295892	0.5714285714285714	endpoint
PF19904	0.0	0.05244376901379689	0.19973586090933088	1.1073159621916067	0.49801195885434774	0.5101888643785919	0.5019880411456523	0.5101888643785919	0.5714285714285714	endpoint
PF19909	0.0	0.44038275824843415	0.8829879515147756	1.353777174759967	0.6682815923215149	0.7196194733838861	0.6682815923215149	0.7196194733838861	0.5714285714285714	endpoint
PF19910	0.0	0.1945348533658733	0.2662472441152538	1.4977199290665164	0.5326138893721473	0.5623125162627685	0.5326138893721473	0.5623125162627685	0.5714285714285714	endpoint
PF19924	0.0	0.8361575600955656	0.8564784352901591	1.29119707581399	0.2576930566381713	0.25628596512711516	0.7423069433618287	0.7437140348728848	1.0	baseline
PF20016	0.0	0.07073008769007279	0.03320427047211674	1.6167770654073907	0.507534718672571	0.5054321371510294	0.507534718672571	0.5054321371510294	0.5714285714285714	baseline
PF20020	0.0	0.19919350778557451	0.41290468336864655	1.3333541059108414	0.4142155330366918	0.4166658083685667	0.5857844669633082	0.5833341916314333	0.5714285714285714	baseline
PF20030	0.0	0.9120209568977028	0.9882147681807534	1.3739189234898754	0.23376699932864337	0.3065801344024573	0.7662330006713567	0.6934198655975428	1.0	baseline
PF20041	0.0	0.4049976114065105	0.6712401135762985	1.5245583796117226	0.6372105837424175	0.7264317131380592	0.6372105837424175	0.7264317131380592	0.7142857142857143	endpoint
PF20047	0.0	0.2865239247167263	0.901544936008412	1.4834887313995369	0.6526298408647556	0.780377121570905	0.6526298408647556	0.780377121570905	0.5714285714285714	endpoint
PF20063	0.0	0.8922478968609295	1.1893853451288463	1.5117636424460448	0.7783372419235194	0.8915949771529587	0.7783372419235194	0.8915949771529587	0.8571428571428571	endpoint
PF20069	0.0	0.8429617555833285	1.3081315040507202	1.7625505177025234	0.7287686431382007	0.7631990571562557	0.7287686431382007	0.7631990571562557	0.7142857142857143	endpoint
PF20070	0.0	0.049739192597904096	0.04547532651706218	1.325011622021357	0.5035304053286934	0.49932519698929934	0.5035304053286934	0.5006748030107007	0.5714285714285714	endpoint
PF20103	0.0	0.1528814621246739	0.18015046543158542	1.4364505441242361	0.5103191278183234	0.4550436188017778	0.5103191278183234	0.5449563811982222	0.5714285714285714	endpoint
PF20142	0.0	0.7069517219379818	0.8116664507028376	1.3377517091664837	0.2764213360458016	0.33588663428976984	0.7235786639541983	0.6641133657102302	0.8571428571428571	baseline
PF20143	0.0	0.04229206305230165	0.593682849844169	1.2663729170943332	0.4799983186075532	0.34469157899961794	0.5200016813924468	0.6553084210003821	0.5714285714285714	baseline
PF20148	0.0	0.11345008980866407	0.3787343879687111	1.137542137234152	0.5327369054502141	0.5334896618504738	0.5327369054502141	0.5334896618504738	0.5714285714285714	endpoint
PF20154	0.0	0.6197103448206872	1.0255873327553797	1.254777602359267	0.28071749553144504	0.18304851904198405	0.7192825044685549	0.816951480958016	0.7142857142857143	baseline
PF20155	0.0	0.7081193341556726	1.1641136857697667	1.5701592580893005	0.2602611135659155	0.11231170662145334	0.7397388864340845	0.8876882933785466	0.7142857142857143	baseline
k_Archaea.p_Euryarchaeota.c_Methanobacteria.o_Methanobacteriales.f_Methanobacteriaceae.g_Methanobrevibacter.s_Unclassified.Methanobrevibacter	0.0	0.8208466079920784	1.270889837062468	1.5619247628405881	0.7389670913514103	0.8484888892656361	0.7389670913514103	0.8484888892656361	0.8571428571428571	endpoint
k_Bacteria.p_Actinobacteria.c_Actinomycetia.o_Actinomycetales.f_Actinomycetaceae.g_Actinomyces.s_Actinomyces.graevenitzii	0.0	0.07600250813712717	0.09887151171428916	1.3374690901201043	0.4777805140426298	0.4870332499821526	0.5222194859573702	0.5129667500178474	0.5714285714285714	baseline
k_Bacteria.p_Actinobacteria.c_Actinomycetia.o_Actinomycetales.f_Actinomycetaceae.g_Actinomyces.s_Actinomyces.sp.	0.0	0.8253867731406832	1.154819869195784	1.5779521683176059	0.2690960910153465	0.23392636417392612	0.7309039089846535	0.7660736358260739	0.8571428571428571	baseline
k_Bacteria.p_Actinobacteria.c_Actinomycetia.o_Actinomycetales.f_Actinomycetaceae.g_Unclassified.Actinomycetaceae.s_Unclassified.Actinomycetaceae	0.14285714285714285	0.7097415203438225	1.017564661502967	2.0820997264067316	0.33082535263707974	0.2179459917391897	0.6691746473629203	0.7820540082608103	0.7142857142857143	baseline
k_Bacteria.p_Actinobacteria.c_Actinomycetia.o_Actinomycetales.f_Actinomycetaceae.g_Varibaculum.s_Unclassified.Varibaculum	0.0	0.5009329274105722	1.2003150842478185	1.9022474851030995	0.6473023960434201	0.7625945161910825	0.6473023960434201	0.7625945161910825	0.7142857142857143	endpoint
k_Bacteria.p_Actinobacteria.c_Actinomycetia.o_Actinomycetales.f_Actinomycetaceae.g_Varibaculum.s_Varibaculum.cambriense	0.0	0.17736456988441435	0.18910863803105674	0.8858475556717782	0.45527628065563064	0.4060125611675862	0.5447237193443694	0.5939874388324138	0.7142857142857143	baseline
k_Bacteria.p_Actinobacteria.c_Actinomycetia.o_Bifidobacteriales.f_Bifidobacteriaceae.g_Bifidobacterium.s_Bifidobacterium.adolescentis	0.0	0.15557019772405717	0.06185055956710053	1.0256438546340536	0.5771107590313809	0.5520191150280255	0.5771107590313809	0.5520191150280255	0.7142857142857143	endpoint
k_Bacteria.p_Actinobacteria.c_Actinomycetia.o_Bifidobacteriales.f_Bifidobacteriaceae.g_Bifidobacterium.s_Bifidobacterium.angulatum	0.0	0.00279209129553177	0.24596890819145936	1.26336192527498	0.5016880371635011	0.5706972180485032	0.5016880371635011	0.5706972180485032	0.5714285714285714	baseline
k_Bacteria.p_Actinobacteria.c_Actinomycetia.o_Bifidobacteriales.f_Bifidobacteriaceae.g_Bifidobacterium.s_Bifidobacterium.animalis	0.0	0.30359243799964897	0.48781533783234843	1.3583939723402616	0.42594863733845323	0.3991532022254534	0.5740513626615468	0.6008467977745466	0.5714285714285714	baseline
k_Bacteria.p_Actinobacteria.c_Actinomycetia.o_Bifidobacteriales.f_Bifidobacteriaceae.g_Bifidobacterium.s_Bifidobacterium.bifidum	0.0	0.14397613973529583	0.0685438108202536	1.0233423900388365	0.4592446152853604	0.44739618619134747	0.5407553847146396	0.5526038138086525	0.5714285714285714	baseline
k_Bacteria.p_Actinobacteria.c_Actinomycetia.o_Bifidobacteriales.f_Bifidobacteriaceae.g_Bifidobacterium.s_Bifidobacterium.breve	0.0	0.7406389935213801	0.942891930885139	1.1757484231804727	0.29555636768810833	0.2941651394157997	0.7044436323118917	0.7058348605842003	0.8571428571428571	baseline
k_Bacteria.p_Actinobacteria.c_Actinomycetia.o_Bifidobacteriales.f_Bifidobacteriaceae.g_Bifidobacterium.s_Bifidobacterium.catenulatum	0.0	0.13727654738456066	0.40220483478950214	1.239466563444717	0.5659784627791568	0.607222039083696	0.5659784627791568	0.607222039083696	0.5714285714285714	endpoint
k_Bacteria.p_Actinobacteria.c_Actinomycetia.o_Bifidobacteriales.f_Bifidobacteriaceae.g_Bifidobacterium.s_Bifidobacterium.dentium	0.14285714285714285	0.35228694422689866	0.862816481218634	2.0002873351179087	0.4009283022343317	0.2203757170338616	0.5990716977656683	0.7796242829661384	0.7142857142857143	baseline
k_Bacteria.p_Actinobacteria.c_Actinomycetia.o_Bifidobacteriales.f_Bifidobacteriaceae.g_Bifidobacterium.s_Bifidobacterium.longum	0.0	0.17513459060676317	0.2986415530497669	1.3714575003740934	0.4499908088157549	0.4433782328197958	0.5500091911842451	0.5566217671802042	0.7142857142857143	baseline
k_Bacteria.p_Actinobacteria.c_Actinomycetia.o_Bifidobacteriales.f_Bifidobacteriaceae.g_Bifidobacterium.s_Bifidobacterium.merycicum	0.0	0.2350155040380167	0.30874532777333025	1.185986208573544	0.5890921376491176	0.6362336309916778	0.5890921376491176	0.6362336309916778	0.5714285714285714	endpoint
k_Bacteria.p_Actinobacteria.c_Actinomycetia.o_Bifidobacteriales.f_Bifidobacteriaceae.g_Bifidobacterium.s_Bifidobacterium.pseudocatenulatum	0.0	0.2442969439004931	0.43965537518802805	1.109150886513216	0.44293504736980555	0.4104120340124018	0.5570649526301945	0.5895879659875982	0.7142857142857143	baseline
k_Bacteria.p_Actinobacteria.c_Actinomycetia.o_Bifidobacteriales.f_Bifidobacteriaceae.g_Bifidobacterium.s_Bifidobacterium.pseudolongum	0.0	0.5904713316978201	0.7754209006961431	1.3136083597081596	0.35548145092267747	0.2864101198876746	0.6445185490773225	0.7135898801123254	0.8571428571428571	baseline
k_Bacteria.p_Actinobacteria.c_Actinomycetia.o_Bifidobacteriales.f_Bifidobacteriaceae.g_Bifidobacterium.s_Bifidobacterium.scardovii	0.0	0.3957591301356763	0.5291776871368132	1.2744601335282493	0.37653196174740183	0.380590944509176	0.6234680382525981	0.619409055490824	0.8571428571428571	baseline
k_Bacteria.p_Actinobacteria.c_Actinomycetia.o_Bifidobacteriales.f_Bifidobacteriaceae.g_Bifidobacterium.s_Bifidobacterium.sp.	0.0	0.20923088907836246	0.6064775762246102	1.2475143761062069	0.44551927537607466	0.3404679486584397	0.5544807246239254	0.6595320513415603	0.7142857142857143	baseline
k_Bacteria.p_Actinobacteria.c_Actinomycetia.o_Bifidobacteriales.f_Bifidobacteriaceae.g_Bifidobacterium.s_Unclassified.Bifidobacterium	0.0	0.31020433827070254	0.6624000624505822	1.227772141239409	0.4293292720146734	0.3606644144067708	0.5706707279853266	0.6393355855932292	0.7142857142857143	baseline
k_Bacteria.p_Actinobacteria.c_Actinomycetia.o_Bifidobacteriales.f_Bifidobacteriaceae.g_Gardnerella.s_Unclassified.Gardnerella	0.0	0.6577749746798778	0.940501622664939	1.7880367223170854	0.2670041200401188	0.29332424278813135	0.7329958799598812	0.7066757572118687	0.8571428571428571	baseline
k_Bacteria.p_Actinobacteria.c_Actinomycetia.o_Bifidobacteriales.f_Bifidobacteriaceae.g_Unclassified.Bifidobacteriaceae.s_Unclassified.Bifidobacteriaceae	0.0	0.7305772991647144	1.1100372484176997	1.8393476844559333	0.29836047197784815	0.14169153425785802	0.7016395280221519	0.858308465742142	0.7142857142857143	baseline
k_Bacteria.p_Actinobacteria.c_Actinomycetia.o_Corynebacteriales.f_Corynebacteriaceae.g_Corynebacterium.s_Corynebacterium.flavescens	0.0	0.5781740786003089	0.9250286733463895	1.6314111710110288	0.3158465201453225	0.29694150750472	0.6841534798546776	0.7030584924952801	0.7142857142857143	baseline
k_Bacteria.p_Actinobacteria.c_Actinomycetia.o_Corynebacteriales.f_Corynebacteriaceae.g_Corynebacterium.s_Unclassified.Corynebacterium	0.0	0.31879974951622236	0.6313788063838636	1.2978046779806451	0.39519491627143805	0.2828011609284581	0.6048050837285619	0.7171988390715419	0.7142857142857143	baseline
k_Bacteria.p_Actinobacteria.c_Actinomycetia.o_Micrococcales.f_Micrococcaceae.g_Rothia.s_Rothia.mucilaginosa	0.0	0.6063014326615396	0.9867334715161378	1.7065409098193622	0.34653846973568003	0.2087393016157939	0.65346153026432	0.7912606983842061	0.7142857142857143	baseline
k_Bacteria.p_Actinobacteria.c_Actinomycetia.o_Micrococcales.f_Micrococcaceae.g_Rothia.s_Unclassified.Rothia	0.0	0.47366130525647765	0.46164477561994305	1.1208978788268447	0.37440253504387905	0.3939891997965578	0.6255974649561209	0.6060108002034422	0.7142857142857143	baseline
k_Bacteria.p_Actinobacteria.c_Actinomycetia.o_Micrococcales.f_Unclassified.Micrococcales.g_Unclassified.Micrococcales.s_Unclassified.Micrococcales	0.0	0.7250941660149876	1.0175158238617277	1.5586737852876573	0.29265646547178814	0.2989594977594954	0.7073435345282119	0.7010405022405046	0.8571428571428571	baseline
k_Bacteria.p_Actinobacteria.c_Actinomycetia.o_Propionibacteriales.f_Propionibacteriaceae.g_Propionibacterium.s_Propionibacterium.freudenreichii	0.0	0.20412357031576184	0.06834207407649068	1.308286226022518	0.575781066370752	0.4819654533955112	0.575781066370752	0.5180345466044888	0.5714285714285714	endpoint
k_Bacteria.p_Actinobacteria.c_Actinomycetia.o_Propionibacteriales.f_Propionibacteriaceae.g_Propionibacterium.s_Unclassified.Propionibacterium	0.0	0.8386014614855746	1.0781884858028232	1.4693486095803785	0.7694984297095452	0.8318782459584173	0.7694984297095452	0.8318782459584173	0.8571428571428571	endpoint
k_Bacteria.p_Actinobacteria.c_Actinomycetia.o_Propionibacteriales.f_Propionibacteriaceae.g_Unclassified.Propionibacteriaceae.s_Unclassified.Propionibacteriaceae	0.0	0.572894796037126	0.6054735066366524	1.5702793428852422	0.6529444827572669	0.6547421711233616	0.6529444827572669	0.6547421711233616	0.8571428571428571	endpoint
k_Bacteria.p_Actinobacteria.c_Actinomycetia.o_Streptomycetales.f_Streptomycetaceae.g_Streptomyces.s_Unclassified.Streptomyces	0.0	0.1405723291111732	0.02128422983849474	1.5660736349760458	0.5030209119744272	0.5056836023710444	0.5030209119744272	0.5056836023710444	0.5714285714285714	endpoint
k_Bacteria.p_Actinobacteria.c_Actinomycetia.o_Unclassified.Actinomycetia.f_Unclassified.Actinomycetia.g_Unclassified.Actinomycetia.s_Unclassified.Actinomycetia	0.0	0.04674674320151443	0.3315706860611309	1.9505750948725353	0.5530073588250647	0.6487576114946944	0.5530073588250647	0.6487576114946944	0.5714285714285714	baseline
k_Bacteria.p_Actinobacteria.c_Coriobacteriia.o_Coriobacteriales.f_Atopobiaceae.g_Atopobium.s_Atopobium.sp.	0.0	0.5539899944413047	1.171565308180557	1.473467669370357	0.34638306713160627	0.26716590185047323	0.6536169328683937	0.7328340981495267	0.7142857142857143	baseline
k_Bacteria.p_Actinobacteria.c_Coriobacteriia.o_Coriobacteriales.f_Coriobacteriaceae.g_Collinsella.s_Collinsella.aerofaciens	0.0	0.783172606473536	0.9021797479180573	1.3057438786988	0.7577204562600148	0.7422867598997015	0.7577204562600148	0.7422867598997015	0.8571428571428571	endpoint
k_Bacteria.p_Actinobacteria.c_Coriobacteriia.o_Coriobacteriales.f_Coriobacteriaceae.g_Collinsella.s_Collinsella.intestinalis	0.0	0.4006088705573453	0.6296640817832374	1.0095944742708218	0.619943989681789	0.6603974416312812	0.619943989681789	0.6603974416312812	0.7142857142857143	endpoint
k_Bacteria.p_Actinobacteria.c_Coriobacteriia.o_Coriobacteriales.f_Coriobacteriaceae.g_Collinsella.s_Collinsella.phocaeensis	0.0	0.006744046596338871	0.021344850457959006	1.3847766580158285	0.49135351980109104	0.5041702704615353	0.508646480198909	0.5041702704615353	0.5714285714285714	endpoint
k_Bacteria.p_Actinobacteria.c_Coriobacteriia.o_Coriobacteriales.f_Coriobacteriaceae.g_Collinsella.s_Collinsella.sp.	0.14285714285714285	0.46925527227953345	0.3507128241660347	2.308355727945129	0.6075609477213202	0.604305146795035	0.6075609477213202	0.604305146795035	0.7142857142857143	endpoint
k_Bacteria.p_Actinobacteria.c_Coriobacteriia.o_Coriobacteriales.f_Coriobacteriaceae.g_Collinsella.s_Collinsella.stercoris	0.0	0.42914507881158237	0.7155215333473026	1.5363594713765938	0.6300339765799637	0.7220387935940812	0.6300339765799637	0.7220387935940812	0.7142857142857143	endpoint
k_Bacteria.p_Actinobacteria.c_Coriobacteriia.o_Coriobacteriales.f_Coriobacteriaceae.g_Collinsella.s_Collinsella.tanakaei	0.0	0.5476717942291849	0.737057272354654	1.8242059595876314	0.34237284542479796	0.21793033735714193	0.657627154575202	0.782069662642858	0.7142857142857143	baseline
k_Bacteria.p_Actinobacteria.c_Coriobacteriia.o_Coriobacteriales.f_Coriobacteriaceae.g_Collinsella.s_Unclassified.Collinsella	0.0	0.04197294920068543	0.1390895085897298	1.2736544207940808	0.5464132818309386	0.46813215314041334	0.5464132818309386	0.5318678468595867	0.5714285714285714	endpoint
k_Bacteria.p_Actinobacteria.c_Coriobacteriia.o_Coriobacteriales.f_Coriobacteriaceae.g_Coriobacteriaceae.bacterium..no.genus.in.NCBI..s_Coriobacteriaceae.bacterium	0.0	0.4016731477359388	0.7238187833592671	0.9717284792939761	0.6112686368915646	0.6646550123262015	0.6112686368915646	0.6646550123262015	0.7142857142857143	endpoint
k_Bacteria.p_Actinobacteria.c_Coriobacteriia.o_Coriobacteriales.f_Coriobacteriaceae.g_Enorma.s_Unclassified.Enorma	0.0	0.3125532587828524	0.21340892801047645	1.2021493362347258	0.3822553049044682	0.4508469352253655	0.6177446950955319	0.5491530647746345	0.8571428571428571	baseline
k_Bacteria.p_Actinobacteria.c_Coriobacteriia.o_Coriobacteriales.f_Coriobacteriaceae.g_Senegalimassilia.s_Senegalimassilia.anaerobia	0.0	0.3834335930747691	0.5285055348568994	1.0635139375326192	0.6056330919313669	0.6367486055209385	0.6056330919313669	0.6367486055209385	0.7142857142857143	endpoint
k_Bacteria.p_Actinobacteria.c_Coriobacteriia.o_Coriobacteriales.f_Coriobacteriaceae.g_Unclassified.Coriobacteriaceae.s_Unclassified.Coriobacteriaceae	0.0	0.6477148748454653	1.0844828179642143	1.3832132628306895	0.6846346349538625	0.8334394145262117	0.6846346349538625	0.8334394145262117	0.7142857142857143	endpoint
k_Bacteria.p_Actinobacteria.c_Coriobacteriia.o_Coriobacteriales.f_Unclassified.Coriobacteriales.g_Unclassified.Coriobacteriales.s_Unclassified.Coriobacteriales	0.0	0.8725635966235245	1.1064238314617625	1.5618454605754617	0.7593898134723813	0.9266683823477003	0.7593898134723813	0.9266683823477003	0.8571428571428571	endpoint
k_Bacteria.p_Actinobacteria.c_Coriobacteriia.o_Eggerthellales.f_Eggerthellaceae.g_Adlercreutzia.s_Adlercreutzia.equolifaciens	0.0	0.16298687034684062	0.05811080895870195	1.4036097613804486	0.47924055478571237	0.5260171842690876	0.5207594452142876	0.5260171842690876	0.5714285714285714	baseline
k_Bacteria.p_Actinobacteria.c_Coriobacteriia.o_Eggerthellales.f_Eggerthellaceae.g_Adlercreutzia.s_Unclassified.Adlercreutzia	0.0	0.030162681365936094	0.012086321651906182	1.3448378948906445	0.5203495671364408	0.5109671154047699	0.5203495671364408	0.5109671154047699	0.5714285714285714	endpoint
k_Bacteria.p_Actinobacteria.c_Coriobacteriia.o_Eggerthellales.f_Eggerthellaceae.g_Eggerthella.s_Eggerthella.lenta	0.0	0.6705869121395805	1.1478444103458283	1.4585215657062978	0.7178622108732923	0.8541676705611313	0.7178622108732923	0.8541676705611313	0.8571428571428571	endpoint
k_Bacteria.p_Actinobacteria.c_Coriobacteriia.o_Eggerthellales.f_Eggerthellaceae.g_Eggerthella.s_Unclassified.Eggerthella	0.0	0.48095502851065924	0.955539909968462	1.44859764550762	0.6627936530500228	0.7613737043256134	0.6627936530500228	0.7613737043256134	0.5714285714285714	endpoint
k_Bacteria.p_Actinobacteria.c_Coriobacteriia.o_Eggerthellales.f_Eggerthellaceae.g_Gordonibacter.s_Gordonibacter.pamelaeae	0.0	0.8154269673746263	1.1531308548886536	1.4073388135639788	0.7237177192713286	0.8254813358518192	0.7237177192713286	0.8254813358518192	0.8571428571428571	endpoint
k_Bacteria.p_Actinobacteria.c_Coriobacteriia.o_Eggerthellales.f_Eggerthellaceae.g_Gordonibacter.s_Gordonibacter.sp.	0.0	0.4523655160332489	0.5929386658780197	0.9551952364049136	0.6225918037404752	0.6534199934642866	0.6225918037404752	0.6534199934642866	0.8571428571428571	endpoint
k_Bacteria.p_Actinobacteria.c_Coriobacteriia.o_Eggerthellales.f_Eggerthellaceae.g_Gordonibacter.s_Gordonibacter.urolithinfaciens	0.0	0.6790106083067577	0.6861498042362674	1.1540766170823307	0.7151946615719071	0.6736026688063882	0.7151946615719071	0.6736026688063882	1.0	endpoint
k_Bacteria.p_Actinobacteria.c_Coriobacteriia.o_Eggerthellales.f_Eggerthellaceae.g_Gordonibacter.s_Unclassified.Gordonibacter	0.14285714285714285	0.8208787549974733	0.9430647032462145	2.089476028354761	0.7354666623450498	0.8130781468702993	0.7354666623450498	0.8130781468702993	0.8571428571428571	endpoint
k_Bacteria.p_Actinobacteria.c_Coriobacteriia.o_Eggerthellales.f_Eggerthellaceae.g_Slackia.s_Slackia.isoflavoniconvertens	0.0	0.42659576875117783	0.4230187299369225	1.284129943715423	0.6304645040821207	0.5408407319792697	0.6304645040821207	0.5408407319792697	0.5714285714285714	endpoint
k_Bacteria.p_Actinobacteria.c_Coriobacteriia.o_Eggerthellales.f_Eggerthellaceae.g_Slackia.s_Slackia.piriformis	0.0	0.8009715703929611	0.7485753812053033	1.523079077143506	0.7477512582945028	0.6278462191950535	0.7477512582945028	0.6278462191950535	1.0	endpoint
k_Bacteria.p_Actinobacteria.c_Coriobacteriia.o_Eggerthellales.f_Eggerthellaceae.g_Slackia.s_Unclassified.Slackia	0.0	0.642877713497036	0.8748127393333913	1.5697621378707614	0.6824551578615091	0.7913222443765295	0.6824551578615091	0.7913222443765295	0.7142857142857143	endpoint
k_Bacteria.p_Actinobacteria.c_Coriobacteriia.o_Eggerthellales.f_Eggerthellaceae.g_Unclassified.Eggerthellaceae.s_Unclassified.Eggerthellaceae	0.0	0.09345768261260978	0.1973826586881694	1.4549228004208845	0.45438861395133	0.4532296904923384	0.54561138604867	0.5467703095076616	0.7142857142857143	baseline
k_Bacteria.p_Actinobacteria.c_Coriobacteriia.o_Unclassified.Coriobacteriia.f_Unclassified.Coriobacteriia.g_Unclassified.Coriobacteriia.s_Unclassified.Coriobacteriia	0.0	0.4515070756737378	0.844871851852594	1.602728299551707	0.3752675452290409	0.2747576388728202	0.6247324547709592	0.7252423611271799	0.7142857142857143	baseline
k_Bacteria.p_Actinobacteria.c_Unclassified.Actinobacteria.o_Unclassified.Actinobacteria.f_Unclassified.Actinobacteria.g_Unclassified.Actinobacteria.s_Unclassified.Actinobacteria	0.0	0.24380650772712079	0.04867251182018376	1.4359900694704264	0.44413783436181786	0.5245732840388233	0.5558621656381821	0.5245732840388233	0.5714285714285714	baseline
k_Bacteria.p_Bacteroidetes.c_Bacteroidia.o_Bacteroidales.f_Bacteroidaceae.g_Bacteroides.s_Bacteroides.caccae	0.0	0.751820404429209	0.6837731417269056	1.3692888082842927	0.7347885250791678	0.7304267240178128	0.7347885250791678	0.7304267240178128	1.0	endpoint
k_Bacteria.p_Bacteroidetes.c_Bacteroidia.o_Bacteroidales.f_Bacteroidaceae.g_Bacteroides.s_Bacteroides.cellulosilyticus	0.0	0.2233533172407578	0.6062882182585885	1.4977490005305125	0.5685278001114215	0.5712629263993246	0.5685278001114215	0.5712629263993246	0.7142857142857143	endpoint
k_Bacteria.p_Bacteroidetes.c_Bacteroidia.o_Bacteroidales.f_Bacteroidaceae.g_Bacteroides.s_Bacteroides.eggerthii	0.0	0.15584550021618362	0.3526565780803115	1.0479652400989907	0.5617925948630867	0.5369261742735565	0.5617925948630867	0.5369261742735565	0.7142857142857143	endpoint
k_Bacteria.p_Bacteroidetes.c_Bacteroidia.o_Bacteroidales.f_Bacteroidaceae.g_Bacteroides.s_Bacteroides.faecis	0.0	0.16100382334094196	0.5496915870993386	1.216244672867818	0.42521300809110407	0.33268187622608614	0.5747869919088959	0.6673181237739139	0.5714285714285714	baseline
k_Bacteria.p_Bacteroidetes.c_Bacteroidia.o_Bacteroidales.f_Bacteroidaceae.g_Bacteroides.s_Bacteroides.finegoldii	0.0	0.522423856986471	0.20002016768607003	1.149480939895923	0.6756236026177164	0.541869803649229	0.6756236026177164	0.541869803649229	0.7142857142857143	endpoint
k_Bacteria.p_Bacteroidetes.c_Bacteroidia.o_Bacteroidales.f_Bacteroidaceae.g_Bacteroides.s_Bacteroides.fragilis	0.0	0.13450036924189163	0.28053689995297926	1.6324446628276508	0.5066490963093918	0.5787785200904072	0.5066490963093918	0.5787785200904072	0.5714285714285714	endpoint
k_Bacteria.p_Bacteroidetes.c_Bacteroidia.o_Bacteroidales.f_Bacteroidaceae.g_Bacteroides.s_Bacteroides.oleiciplenus	0.0	0.5454769306543595	0.7916624290713514	1.1419902202095218	0.6425629469146757	0.703572985126011	0.6425629469146757	0.703572985126011	0.7142857142857143	endpoint
k_Bacteria.p_Bacteroidetes.c_Bacteroidia.o_Bacteroidales.f_Bacteroidaceae.g_Bacteroides.s_Bacteroides.ovatus	0.0	0.6705187084520128	1.1094461244525256	1.4176771459446733	0.7010057583274628	0.8009799541371533	0.7010057583274628	0.8009799541371533	0.7142857142857143	endpoint
k_Bacteria.p_Bacteroidetes.c_Bacteroidia.o_Bacteroidales.f_Bacteroidaceae.g_Bacteroides.s_Bacteroides.sp.	0.0	0.18483042674504066	0.4609455774430781	1.5019278126844078	0.45454464374068	0.3622110619053533	0.5454553562593201	0.6377889380946467	0.5714285714285714	baseline
k_Bacteria.p_Bacteroidetes.c_Bacteroidia.o_Bacteroidales.f_Bacteroidaceae.g_Bacteroides.s_Bacteroides.stercoris	0.0	0.36209620389050595	0.5899320408917597	1.5093520152058895	0.587711055051171	0.6702428409628703	0.587711055051171	0.6702428409628703	0.5714285714285714	endpoint
k_Bacteria.p_Bacteroidetes.c_Bacteroidia.o_Bacteroidales.f_Bacteroidaceae.g_Bacteroides.s_Bacteroides.thetaiotaomicron	0.0	0.22076094630117268	0.4718371678981523	1.425070537581839	0.5659045374338192	0.5489444486674139	0.5659045374338192	0.5489444486674139	0.5714285714285714	endpoint
k_Bacteria.p_Bacteroidetes.c_Bacteroidia.o_Bacteroidales.f_Bacteroidaceae.g_Bacteroides.s_Bacteroides.uniformis	0.0	0.7460955294422329	0.6705794716464123	1.4671976686177042	0.7300524989130039	0.7205342827907079	0.7300524989130039	0.7205342827907079	1.0	endpoint
k_Bacteria.p_Bacteroidetes.c_Bacteroidia.o_Bacteroidales.f_Bacteroidaceae.g_Bacteroides.s_Bacteroides.xylanisolvens	0.0	0.3957194485885112	0.5023260216200426	1.9043747095760506	0.5920070024336896	0.643346063362239	0.5920070024336896	0.643346063362239	0.7142857142857143	endpoint
k_Bacteria.p_Bacteroidetes.c_Bacteroidia.o_Bacteroidales.f_Bacteroidaceae.g_Bacteroides.s_Unclassified.Bacteroides	0.0	0.2190002045646027	0.13206610334171598	1.2226438391168766	0.5737467582870466	0.552450700978855	0.5737467582870466	0.552450700978855	0.7142857142857143	endpoint
k_Bacteria.p_Bacteroidetes.c_Bacteroidia.o_Bacteroidales.f_Bacteroidaceae.g_Unclassified.Bacteroidaceae.s_Unclassified.Bacteroidaceae	0.0	0.4499329008704261	0.16747455634827607	1.3962713015236579	0.6366789495543533	0.5615600186597192	0.6366789495543533	0.5615600186597192	0.7142857142857143	endpoint
k_Bacteria.p_Bacteroidetes.c_Bacteroidia.o_Bacteroidales.f_Barnesiellaceae.g_Barnesiella.s_Barnesiella.intestinihominis	0.0	0.20991530907714356	0.09354337014700845	1.4664142984781563	0.5927733073433913	0.5582938409344432	0.5927733073433913	0.5582938409344432	0.5714285714285714	endpoint
k_Bacteria.p_Bacteroidetes.c_Bacteroidia.o_Bacteroidales.f_Barnesiellaceae.g_Barnesiella.s_Unclassified.Barnesiella	0.0	0.35074477110082075	0.685334924712499	1.2817506316448863	0.389465637877859	0.3081399952593395	0.6105343621221411	0.6918600047406605	0.7142857142857143	baseline
k_Bacteria.p_Bacteroidetes.c_Bacteroidia.o_Bacteroidales.f_Odoribacteraceae.g_Odoribacter.s_Odoribacter.splanchnicus	0.0	0.9520839635771928	1.2032090500099524	1.6421162524625474	0.7748210507148998	0.7850440829331222	0.7748210507148998	0.7850440829331222	0.7142857142857143	endpoint
k_Bacteria.p_Bacteroidetes.c_Bacteroidia.o_Bacteroidales.f_Phocaeicola..no.family.in.NCBI..g_Phocaeicola.s_Phocaeicola.dorei	0.0	0.07908603093458241	0.02135232910996032	1.0031455038206913	0.47312314804661076	0.5070405585153529	0.5268768519533893	0.5070405585153529	0.5714285714285714	baseline
k_Bacteria.p_Bacteroidetes.c_Bacteroidia.o_Bacteroidales.f_Phocaeicola..no.family.in.NCBI..g_Phocaeicola.s_Phocaeicola.massiliensis	0.0	0.3750282291336771	0.4813471543613213	1.395488442151641	0.6004095608497871	0.5505230783660292	0.6004095608497871	0.5505230783660292	0.7142857142857143	endpoint
k_Bacteria.p_Bacteroidetes.c_Bacteroidia.o_Bacteroidales.f_Phocaeicola..no.family.in.NCBI..g_Phocaeicola.s_Phocaeicola.vulgatus	0.0	0.19890658605781883	0.547244878842966	1.3258317107542865	0.47095902204243884	0.38525976940957474	0.5290409779575611	0.6147402305904253	0.5714285714285714	baseline
k_Bacteria.p_Bacteroidetes.c_Bacteroidia.o_Bacteroidales.f_Phocaeicola..no.family.in.NCBI..g_Phocaeicola.s_Unclassified.Phocaeicola	0.0	0.1021252498681662	0.5230803345450956	1.4982517839987113	0.4888076320990968	0.5574506631644851	0.5111923679009032	0.5574506631644851	0.5714285714285714	endpoint
k_Bacteria.p_Bacteroidetes.c_Bacteroidia.o_Bacteroidales.f_Porphyromonadaceae.g_Porphyromonas.s_Porphyromonas.asaccharolytica	0.0	0.37162468880159605	0.45138526211654756	1.2117136081137632	0.5887920106011693	0.6563510819455269	0.5887920106011693	0.6563510819455269	0.7142857142857143	endpoint
k_Bacteria.p_Bacteroidetes.c_Bacteroidia.o_Bacteroidales.f_Porphyromonadaceae.g_Porphyromonas.s_Porphyromonas.uenonis	0.0	0.44536862254230186	0.5724972019048392	1.179047383462995	0.6440343221783885	0.7351689194108993	0.6440343221783885	0.7351689194108993	0.5714285714285714	endpoint
k_Bacteria.p_Bacteroidetes.c_Bacteroidia.o_Bacteroidales.f_Porphyromonadaceae.g_Porphyromonas.s_Unclassified.Porphyromonas	0.0	0.5002256004935195	0.6575184276359248	1.272696167816452	0.6541665489149723	0.5820799847080187	0.6541665489149723	0.5820799847080187	0.8571428571428571	endpoint
k_Bacteria.p_Bacteroidetes.c_Bacteroidia.o_Bacteroidales.f_Prevotellaceae.g_Paraprevotella.s_Unclassified.Paraprevotella	0.0	0.2663940326617842	0.17654687713420036	1.146475010888203	0.5673718246072637	0.49992713150107637	0.5673718246072637	0.5000728684989236	0.5714285714285714	endpoint
k_Bacteria.p_Bacteroidetes.c_Bacteroidia.o_Bacteroidales.f_Prevotellaceae.g_Prevotella.s_Prevotella.bivia	0.0	0.19222563416593866	0.35337229139536713	0.8673300740677733	0.5677386472979555	0.5922180066966701	0.5677386472979555	0.5922180066966701	0.5714285714285714	endpoint
k_Bacteria.p_Bacteroidetes.c_Bacteroidia.o_Bacteroidales.f_Prevotellaceae.g_Prevotella.s_Prevotella.copri	0.0	0.11530918475037297	0.0549577046213869	1.4784097135504448	0.48559327916362394	0.4797436875495874	0.5144067208363761	0.5202563124504126	0.5714285714285714	baseline
k_Bacteria.p_Bacteroidetes.c_Bacteroidia.o_Bacteroidales.f_Prevotellaceae.g_Prevotella.s_Prevotella.marseillensis	0.0	0.01765571365794803	0.20131801366527668	1.1880937971285737	0.48172843576831054	0.4444792231389765	0.5182715642316895	0.5555207768610235	0.5714285714285714	endpoint
k_Bacteria.p_Bacteroidetes.c_Bacteroidia.o_Bacteroidales.f_Prevotellaceae.g_Prevotella.s_Prevotella.pectinovora	0.0	0.016827225360397886	0.02767572713648578	1.2326581933802705	0.5115084536937186	0.5360075606757261	0.5115084536937186	0.5360075606757261	0.5714285714285714	endpoint
k_Bacteria.p_Bacteroidetes.c_Bacteroidia.o_Bacteroidales.f_Prevotellaceae.g_Prevotella.s_Prevotella.sp.	0.0	0.14667330351813254	0.007545842770028262	1.266596312684608	0.5644721079691675	0.5114305620989246	0.5644721079691675	0.5114305620989246	0.5714285714285714	endpoint
k_Bacteria.p_Bacteroidetes.c_Bacteroidia.o_Bacteroidales.f_Prevotellaceae.g_Prevotella.s_Prevotella.stercorea	0.0	0.41357563315522733	0.5767509886948026	1.3183350536213227	0.36545238534121577	0.36904826034502625	0.6345476146587843	0.6309517396549738	0.7142857142857143	baseline
k_Bacteria.p_Bacteroidetes.c_Bacteroidia.o_Bacteroidales.f_Prevotellaceae.g_Prevotella.s_Unclassified.Prevotella	0.0	0.11252594240044342	0.06977922654454709	1.2883270482622446	0.5315365365896926	0.5295076099313027	0.5315365365896926	0.5295076099313027	0.5714285714285714	endpoint
k_Bacteria.p_Bacteroidetes.c_Bacteroidia.o_Bacteroidales.f_Prevotellaceae.g_Prevotellaceae.bacterium..no.genus.in.NCBI..s_Prevotellaceae.bacterium	0.0	0.4285299661784769	0.5099989623474097	1.09427524894051	0.6246964130514225	0.6459797842345437	0.6246964130514225	0.6459797842345437	0.8571428571428571	endpoint
k_Bacteria.p_Bacteroidetes.c_Bacteroidia.o_Bacteroidales.f_Prevotellaceae.g_Unclassified.Prevotellaceae.s_Unclassified.Prevotellaceae	0.0	0.5812810610347672	0.4247296925618802	1.5716093229991754	0.6640264707081988	0.6040135639368461	0.6640264707081988	0.6040135639368461	0.7142857142857143	endpoint
k_Bacteria.p_Bacteroidetes.c_Bacteroidia.o_Bacteroidales.f_Rikenellaceae.g_Alistipes.s_Alistipes.finegoldii	0.0	0.6890699190880599	0.9069046969184384	1.3653076492597198	0.7184420063008445	0.8015518328019449	0.7184420063008445	0.8015518328019449	0.8571428571428571	endpoint
k_Bacteria.p_Bacteroidetes.c_Bacteroidia.o_Bacteroidales.f_Rikenellaceae.g_Alistipes.s_Alistipes.indistinctus	0.0	0.36508467780736414	0.44001693022411037	1.219230678543951	0.6134303812656876	0.6157561656906203	0.6134303812656876	0.6157561656906203	0.7142857142857143	endpoint
k_Bacteria.p_Bacteroidetes.c_Bacteroidia.o_Bacteroidales.f_Rikenellaceae.g_Alistipes.s_Alistipes.onderdonkii	0.0	0.6664436922366482	0.7154149277995462	1.4284642547232373	0.7151103237466166	0.6804442667921805	0.7151103237466166	0.6804442667921805	0.8571428571428571	endpoint
k_Bacteria.p_Bacteroidetes.c_Bacteroidia.o_Bacteroidales.f_Rikenellaceae.g_Alistipes.s_Alistipes.putredinis	0.0	0.7437608663959814	0.9238968568614976	1.44631676231932	0.2608130634865652	0.25297541467189794	0.7391869365134348	0.7470245853281021	0.8571428571428571	baseline
k_Bacteria.p_Bacteroidetes.c_Bacteroidia.o_Bacteroidales.f_Rikenellaceae.g_Alistipes.s_Alistipes.sp.	0.0	0.8144615842942943	1.178177802371886	1.752071040103534	0.7283056623056849	0.8753307749346488	0.7283056623056849	0.8753307749346488	0.8571428571428571	endpoint
k_Bacteria.p_Bacteroidetes.c_Bacteroidia.o_Bacteroidales.f_Rikenellaceae.g_Alistipes.s_Unclassified.Alistipes	0.0	0.7694294011154099	1.0323860611887183	1.4823466372493295	0.7525066637582192	0.792199589559367	0.7525066637582192	0.792199589559367	0.7142857142857143	endpoint
k_Bacteria.p_Bacteroidetes.c_Bacteroidia.o_Bacteroidales.f_Tannerellaceae.g_Parabacteroides.s_Parabacteroides.distasonis	0.0	0.10220199198735194	0.08074282458522003	1.5405341761230307	0.47246057952255477	0.52912403921387	0.5275394204774453	0.52912403921387	0.5714285714285714	baseline
k_Bacteria.p_Bacteroidetes.c_Bacteroidia.o_Bacteroidales.f_Tannerellaceae.g_Parabacteroides.s_Parabacteroides.merdae	0.0	0.27817386347918843	0.533475154637719	1.0769495750114506	0.4011611793508521	0.3884788543105434	0.598838820649148	0.6115211456894566	0.7142857142857143	baseline
k_Bacteria.p_Bacteroidetes.c_Bacteroidia.o_Bacteroidales.f_Tannerellaceae.g_Parabacteroides.s_Parabacteroides.sp.	0.0	0.38131234134595743	0.5297917683021384	1.8593829047064478	0.5966145317369994	0.6527736235220699	0.5966145317369994	0.6527736235220699	0.7142857142857143	endpoint
k_Bacteria.p_Bacteroidetes.c_Bacteroidia.o_Bacteroidales.f_Tannerellaceae.g_Parabacteroides.s_Unclassified.Parabacteroides	0.0	0.08348145905134417	0.16051742259720544	1.2419756159195146	0.5334747603478008	0.49726628933450695	0.5334747603478008	0.502733710665493	0.5714285714285714	endpoint
k_Bacteria.p_Bacteroidetes.c_Bacteroidia.o_Bacteroidales.f_Unclassified.Bacteroidales.g_Unclassified.Bacteroidales.s_Unclassified.Bacteroidales	0.0	0.013998611783115773	0.024891002912441423	1.276000901594794	0.4759375566255616	0.5108056069969391	0.5240624433744384	0.5108056069969391	0.5714285714285714	endpoint
k_Bacteria.p_Bacteroidetes.c_Bacteroidia.o_Unclassified.Bacteroidia.f_Unclassified.Bacteroidia.g_Unclassified.Bacteroidia.s_Unclassified.Bacteroidia	0.0	0.27450207020115086	0.2527820518456907	1.8020877980018157	0.5213892571796379	0.4175284945769003	0.5213892571796379	0.5824715054230998	0.5714285714285714	endpoint
k_Bacteria.p_Bacteroidetes.c_Chitinophagia.o_Chitinophagales.f_Chitinophagaceae.g_Chitinophaga.s_Chitinophaga.silvisoli	0.0	0.8512799711605119	1.1556180685250157	1.2496324034437247	0.7840338845267406	0.8520807440533866	0.7840338845267406	0.8520807440533866	0.8571428571428571	endpoint
k_Bacteria.p_Bacteroidetes.c_Chitinophagia.o_Chitinophagales.f_Chitinophagaceae.g_Chitinophaga.s_Unclassified.Chitinophaga	0.0	0.49759146868899357	0.9006170607737102	1.1220341050587432	0.6364007910645507	0.6201206459926095	0.6364007910645507	0.6201206459926095	0.7142857142857143	endpoint
k_Bacteria.p_Bacteroidetes.c_Flavobacteriia.o_Flavobacteriales.f_Flavobacteriaceae.g_Capnocytophaga.s_Capnocytophaga.sp.	0.0	0.11341090038768084	0.21608146083327734	1.4327503018303331	0.484578403094094	0.46267912384093995	0.5154215969059059	0.53732087615906	0.5714285714285714	baseline
k_Bacteria.p_Bacteroidetes.c_Flavobacteriia.o_Flavobacteriales.f_Flavobacteriales.bacterium..no.family.in.NCBI..g_Flavobacteriales.bacterium..no.genus.in.NCBI..s_Flavobacteriales.bacterium	0.0	0.09455767737065897	0.0253293701180708	1.4430647101196554	0.4723230435633938	0.4984730132960769	0.5276769564366062	0.5015269867039231	0.5714285714285714	baseline
k_Bacteria.p_Bacteroidetes.c_Flavobacteriia.o_Flavobacteriales.f_Unclassified.Flavobacteriales.g_Unclassified.Flavobacteriales.s_Unclassified.Flavobacteriales	0.0	0.8065248590862595	1.1694315094304408	1.6777678699842904	0.7051585094955491	0.7002625968736867	0.7051585094955491	0.7002625968736867	0.8571428571428571	endpoint
k_Bacteria.p_Bacteroidetes.c_Unclassified.Bacteroidetes.o_Unclassified.Bacteroidetes.f_Unclassified.Bacteroidetes.g_Unclassified.Bacteroidetes.s_Unclassified.Bacteroidetes	0.0	0.1460676428044126	0.27308051939627964	1.421889212725749	0.46649605407121975	0.37718938834553145	0.5335039459287803	0.6228106116544685	0.5714285714285714	baseline
k_Bacteria.p_Candidatus.Melainabacteria.c_Candidatus.Gastranaerophilales..no.class.in.NCBI..o_Candidatus.Gastranaerophilales.f_Candidatus.Gastranaerophilales.bacterium..no.family.in.NCBI..g_Candidatus.Gastranaerophilales.bacterium..no.genus.in.NCBI..s_Candidatus.Gastranaerophilales.bacterium	0.0	1.2619435729482955	1.2428630630226207	1.9179694468090003	0.869445235140393	0.9264829481858153	0.869445235140393	0.9264829481858153	1.0	endpoint
k_Bacteria.p_Candidatus.Melainabacteria.c_Unclassified.Candidatus.Melainabacteria.o_Unclassified.Candidatus.Melainabacteria.f_Unclassified.Candidatus.Melainabacteria.g_Unclassified.Candidatus.Melainabacteria.s_Unclassified.Candidatus.Melainabacteria	0.0	0.32392383151852133	0.10321963988826038	1.3875052196306998	0.598807146241875	0.5589678222633627	0.598807146241875	0.5589678222633627	0.5714285714285714	endpoint
k_Bacteria.p_Chlamydiae.c_Chlamydiia.o_Chlamydiales.f_Chlamydiaceae.g_Chlamydia.s_Chlamydia.trachomatis	0.0	0.8849436751574827	1.1080865105191884	1.372025544783944	0.7866376281534205	0.9022109598881097	0.7866376281534205	0.9022109598881097	1.0	endpoint
k_Bacteria.p_Chlamydiae.c_Chlamydiia.o_Chlamydiales.f_Chlamydiaceae.g_Chlamydia.s_Unclassified.Chlamydia	0.0	0.2874871313045557	0.20813228637226788	1.1918759942987647	0.5855994927265373	0.5678166879555783	0.5855994927265373	0.5678166879555783	0.7142857142857143	endpoint
k_Bacteria.p_Firmicutes.c_Bacilli.o_Bacillales.f_Bacillaceae.g_Bacillus.s_Unclassified.Bacillus	0.0	0.4375301656078994	0.5883710498833943	1.666302874806696	0.6629431188679836	0.7408622735055552	0.6629431188679836	0.7408622735055552	0.7142857142857143	endpoint
k_Bacteria.p_Firmicutes.c_Bacilli.o_Bacillales.f_Bacillaceae.g_Unclassified.Bacillaceae.s_Unclassified.Bacillaceae	0.0	0.7705741065269786	0.8787443473214708	1.153846778828645	0.7446996797539446	0.7725508671452126	0.7446996797539446	0.7725508671452126	0.8571428571428571	endpoint
k_Bacteria.p_Firmicutes.c_Bacilli.o_Bacillales.f_Unclassified.Bacillales.g_Unclassified.Bacillales.s_Unclassified.Bacillales	0.0	0.6994616141100343	0.9932601189094247	1.4739360512655593	0.2925597692290643	0.21661170526427032	0.7074402307709358	0.7833882947357297	0.8571428571428571	baseline
k_Bacteria.p_Firmicutes.c_Bacilli.o_Lactobacillales.f_Carnobacteriaceae.g_Granulicatella.s_Granulicatella.sp.	0.0	0.005776447706022088	0.10796816750598712	1.096614317820226	0.4891907359048642	0.537395710543189	0.5108092640951358	0.537395710543189	0.5714285714285714	baseline
k_Bacteria.p_Firmicutes.c_Bacilli.o_Lactobacillales.f_Carnobacteriaceae.g_Granulicatella.s_Unclassified.Granulicatella	0.0	0.2913187887143088	0.22682188919097943	1.2231418041610078	0.5929033430370184	0.541286218909752	0.5929033430370184	0.541286218909752	0.7142857142857143	endpoint
k_Bacteria.p_Firmicutes.c_Bacilli.o_Lactobacillales.f_Enterococcaceae.g_Enterococcus.s_Enterococcus.avium	0.0	0.33418063719250907	0.7511997066495985	1.4397658071854562	0.35101211421039896	0.2377554108966474	0.648987885789601	0.7622445891033526	0.5714285714285714	baseline
k_Bacteria.p_Firmicutes.c_Bacilli.o_Lactobacillales.f_Enterococcaceae.g_Enterococcus.s_Enterococcus.casseliflavus	0.0	1.0625738110063314	1.0344537952553527	1.526735873261897	0.18114756052308653	0.16448355947685173	0.8188524394769134	0.8355164405231483	1.0	baseline
k_Bacteria.p_Firmicutes.c_Bacilli.o_Lactobacillales.f_Enterococcaceae.g_Enterococcus.s_Enterococcus.durans	0.0	0.46666682978225626	0.5742516601606635	1.3611366131634306	0.3989644795109113	0.34935060711200006	0.6010355204890887	0.6506493928879999	0.7142857142857143	baseline
k_Bacteria.p_Firmicutes.c_Bacilli.o_Lactobacillales.f_Enterococcaceae.g_Enterococcus.s_Enterococcus.faecalis	0.0	0.2648517030431275	0.3690403890408789	1.8059978985147802	0.4361898595591445	0.38142528030299994	0.5638101404408555	0.6185747196970001	0.5714285714285714	baseline
k_Bacteria.p_Firmicutes.c_Bacilli.o_Lactobacillales.f_Enterococcaceae.g_Enterococcus.s_Enterococcus.faecium	0.0	0.23388075119174837	0.20465178555155428	1.2209543712295219	0.4140902704053641	0.45643471609296654	0.5859097295946358	0.5435652839070335	0.7142857142857143	baseline
k_Bacteria.p_Firmicutes.c_Bacilli.o_Lactobacillales.f_Enterococcaceae.g_Enterococcus.s_Enterococcus.gallinarum	0.0	0.5138780362725385	0.4559057441161845	1.3792241403557186	0.37617841659834855	0.34876891515744723	0.6238215834016514	0.6512310848425528	0.7142857142857143	baseline
k_Bacteria.p_Firmicutes.c_Bacilli.o_Lactobacillales.f_Enterococcaceae.g_Enterococcus.s_Enterococcus.raffinosus	0.0	0.4899810467528302	0.3711803514803102	1.17399892349616	0.367353513292935	0.4264201189693243	0.632646486707065	0.5735798810306757	0.8571428571428571	baseline
k_Bacteria.p_Firmicutes.c_Bacilli.o_Lactobacillales.f_Enterococcaceae.g_Enterococcus.s_Enterococcus.sp.	0.0	0.36563641022973564	1.2154568770562733	1.4545812206368998	0.6151644059367989	0.7020735104327939	0.6151644059367989	0.7020735104327939	0.5714285714285714	endpoint
k_Bacteria.p_Firmicutes.c_Bacilli.o_Lactobacillales.f_Enterococcaceae.g_Enterococcus.s_Unclassified.Enterococcus	0.0	0.6362454571457823	0.8635877280759903	1.3549520796121668	0.28826358742384167	0.2408552411802028	0.7117364125761583	0.7591447588197973	0.7142857142857143	baseline
k_Bacteria.p_Firmicutes.c_Bacilli.o_Lactobacillales.f_Lactobacillaceae.g_Lacticaseibacillus.s_Lacticaseibacillus.rhamnosus	0.0	1.1138919449593403	1.1902433939387413	1.3846425047097075	0.8430931117041008	0.9043578967146241	0.8430931117041008	0.9043578967146241	1.0	endpoint
k_Bacteria.p_Firmicutes.c_Bacilli.o_Lactobacillales.f_Lactobacillaceae.g_Lacticaseibacillus.s_Unclassified.Lacticaseibacillus	0.0	0.25730688152910836	0.3875105150095736	1.499567948722306	0.6481789566210759	0.6688211307263404	0.6481789566210759	0.6688211307263404	0.5714285714285714	endpoint
k_Bacteria.p_Firmicutes.c_Bacilli.o_Lactobacillales.f_Lactobacillaceae.g_Lactobacillus.s_Lactobacillus.sp.	0.0	0.9301803963726359	1.238712924128526	1.8064582329611627	0.7498402165721398	0.8098267909778729	0.7498402165721398	0.8098267909778729	0.8571428571428571	endpoint
k_Bacteria.p_Firmicutes.c_Bacilli.o_Lactobacillales.f_Lactobacillaceae.g_Lactobacillus.s_Unclassified.Lactobacillus	0.0	0.3545563519405631	0.14327788429323285	1.3752040859712646	0.3785147770928979	0.42174387162620147	0.6214852229071022	0.5782561283737986	0.5714285714285714	baseline
k_Bacteria.p_Firmicutes.c_Bacilli.o_Lactobacillales.f_Lactobacillaceae.g_Leuconostoc.s_Leuconostoc.mesenteroides	0.0	0.3033427395405563	0.4833117225643049	1.2421311481635389	0.41415423671503276	0.3903925505208558	0.5858457632849672	0.6096074494791441	0.8571428571428571	baseline
k_Bacteria.p_Firmicutes.c_Bacilli.o_Lactobacillales.f_Lactobacillaceae.g_Leuconostoc.s_Leuconostoc.pseudomesenteroides	0.0	0.3306345884349491	0.578638400761283	1.1436901077029689	0.6116548007192983	0.6874903376773663	0.6116548007192983	0.6874903376773663	0.5714285714285714	endpoint
k_Bacteria.p_Firmicutes.c_Bacilli.o_Lactobacillales.f_Lactobacillaceae.g_Leuconostoc.s_Unclassified.Leuconostoc	0.0	0.7490493110132733	0.6814225643918626	1.5085262191580548	0.7247092887447346	0.6954610246873061	0.7247092887447346	0.6954610246873061	1.0	endpoint
k_Bacteria.p_Firmicutes.c_Bacilli.o_Lactobacillales.f_Lactobacillaceae.g_Limosilactobacillus.s_Limosilactobacillus.reuteri	0.0	0.9303247124501125	0.9555164180963156	1.5074589337298763	0.7966347576261544	0.8390196663128158	0.7966347576261544	0.8390196663128158	0.8571428571428571	endpoint
k_Bacteria.p_Firmicutes.c_Bacilli.o_Lactobacillales.f_Lactobacillaceae.g_Limosilactobacillus.s_Unclassified.Limosilactobacillus	0.0	0.20440671709170186	0.14380617099673057	1.1699138214930038	0.4674585131289621	0.4467494705464556	0.5325414868710379	0.5532505294535444	0.5714285714285714	baseline
k_Bacteria.p_Firmicutes.c_Bacilli.o_Lactobacillales.f_Lactobacillaceae.g_Unclassified.Lactobacillaceae.s_Unclassified.Lactobacillaceae	0.0	0.35120859332717475	0.033332050572029606	1.5205816287678846	0.3942536530312769	0.476153892772643	0.6057463469687231	0.523846107227357	0.5714285714285714	baseline
k_Bacteria.p_Firmicutes.c_Bacilli.o_Lactobacillales.f_Streptococcaceae.g_Lactococcus.s_Lactococcus.lactis	0.0	0.04446401984415612	0.11741531628009876	1.6781865288018205	0.546649463348576	0.5112262680129003	0.546649463348576	0.5112262680129003	0.5714285714285714	endpoint
k_Bacteria.p_Firmicutes.c_Bacilli.o_Lactobacillales.f_Streptococcaceae.g_Lactococcus.s_Unclassified.Lactococcus	0.0	0.31818577164190537	0.25655995373738355	1.3389534517910382	0.6012816748460335	0.5589873740818476	0.6012816748460335	0.5589873740818476	0.5714285714285714	endpoint
k_Bacteria.p_Firmicutes.c_Bacilli.o_Lactobacillales.f_Streptococcaceae.g_Streptococcus.s_Streptococcus.equinus	0.0	0.2780731594976716	0.08149815474765656	1.391439743724421	0.437962326743251	0.4864898941758612	0.562037673256749	0.5135101058241388	0.5714285714285714	baseline
k_Bacteria.p_Firmicutes.c_Bacilli.o_Lactobacillales.f_Streptococcaceae.g_Streptococcus.s_Streptococcus.gordonii	0.0	0.25631945238378606	0.3072327780124144	1.2253129811371695	0.6027856914312435	0.5216206055260543	0.6027856914312435	0.5216206055260543	0.5714285714285714	endpoint
k_Bacteria.p_Firmicutes.c_Bacilli.o_Lactobacillales.f_Streptococcaceae.g_Streptococcus.s_Streptococcus.lactarius	0.0	0.586364336196542	0.9401269337606153	1.4684086194930885	0.35104111293056695	0.29341183752688504	0.648958887069433	0.706588162473115	0.5714285714285714	baseline
k_Bacteria.p_Firmicutes.c_Bacilli.o_Lactobacillales.f_Streptococcaceae.g_Streptococcus.s_Streptococcus.lutetiensis	0.0	0.4317248303059294	0.7486177867590164	1.749620014841411	0.412805092987159	0.3381828288932425	0.587194907012841	0.6618171711067575	0.5714285714285714	baseline
k_Bacteria.p_Firmicutes.c_Bacilli.o_Lactobacillales.f_Streptococcaceae.g_Streptococcus.s_Streptococcus.mitis	0.0	0.07426070780483432	0.27543034328173255	1.4318405744595837	0.5195161154245237	0.5654645958638705	0.5195161154245237	0.5654645958638705	0.7142857142857143	endpoint
k_Bacteria.p_Firmicutes.c_Bacilli.o_Lactobacillales.f_Streptococcaceae.g_Streptococcus.s_Streptococcus.parasanguinis	0.0	0.0929660840446047	0.06634921893076712	1.3700375297929068	0.46559223982395925	0.4816346453202041	0.5344077601760407	0.5183653546797959	0.5714285714285714	baseline
k_Bacteria.p_Firmicutes.c_Bacilli.o_Lactobacillales.f_Streptococcaceae.g_Streptococcus.s_Streptococcus.pneumoniae	0.0	0.4664626046352187	0.2770887507651002	1.3058589484918517	0.640808192466425	0.5779724120797065	0.640808192466425	0.5779724120797065	0.7142857142857143	endpoint
k_Bacteria.p_Firmicutes.c_Bacilli.o_Lactobacillales.f_Streptococcaceae.g_Streptococcus.s_Streptococcus.salivarius	0.0	0.0884956688239303	0.2586933410309988	1.3049002672918657	0.5617368365812331	0.42767853923563126	0.5617368365812331	0.5723214607643687	0.5714285714285714	endpoint
k_Bacteria.p_Firmicutes.c_Bacilli.o_Lactobacillales.f_Streptococcaceae.g_Streptococcus.s_Streptococcus.sp.	0.0	0.36935068755238515	0.3244775024093602	1.3228265316177164	0.36297730516171384	0.3595474813186422	0.6370226948382862	0.6404525186813578	0.7142857142857143	baseline
k_Bacteria.p_Firmicutes.c_Bacilli.o_Lactobacillales.f_Streptococcaceae.g_Streptococcus.s_Streptococcus.thermophilus	0.0	0.666230207561422	0.8936850810617178	1.4718328751659941	0.6780317714690024	0.6844895091798533	0.6780317714690024	0.6844895091798533	0.8571428571428571	endpoint
k_Bacteria.p_Firmicutes.c_Bacilli.o_Lactobacillales.f_Streptococcaceae.g_Streptococcus.s_Unclassified.Streptococcus	0.0	0.0525108578284451	0.3581152002095976	1.1913689050012093	0.5357591779623908	0.6404540820752878	0.5357591779623908	0.6404540820752878	0.5714285714285714	endpoint
k_Bacteria.p_Firmicutes.c_Bacilli.o_Lactobacillales.f_Streptococcaceae.g_Unclassified.Streptococcaceae.s_Unclassified.Streptococcaceae	0.0	0.8000419543004667	0.9463676534411117	1.5127235419912164	0.7727895591247178	0.795762425674046	0.7727895591247178	0.795762425674046	0.8571428571428571	endpoint
k_Bacteria.p_Firmicutes.c_Bacilli.o_Lactobacillales.f_Unclassified.Lactobacillales.g_Unclassified.Lactobacillales.s_Unclassified.Lactobacillales	0.0	0.03697223448753622	0.24707254358685452	1.4858068334081358	0.5341712707730052	0.42727815794000473	0.5341712707730052	0.5727218420599953	0.5714285714285714	endpoint
k_Bacteria.p_Firmicutes.c_Bacilli.o_Unclassified.Bacilli.f_Unclassified.Bacilli.g_Unclassified.Bacilli.s_Unclassified.Bacilli	0.0	0.2552687375550978	0.29480725305035116	1.4490263283407603	0.4138184609116718	0.4216837363757402	0.5861815390883283	0.5783162636242598	0.7142857142857143	baseline
k_Bacteria.p_Firmicutes.c_Clostridia.o_Candidatus.Allochristensenella..no.order.in.NCBI..f_Candidatus.Allochristensenella..no.family.in.NCBI..g_Candidatus.Allochristensenella.s_Unclassified.Candidatus.Allochristensenella	0.0	0.14010676230245367	0.02964629434617889	0.7985768532198226	0.535712769991642	0.5158072955749025	0.535712769991642	0.5158072955749025	0.7142857142857143	endpoint
k_Bacteria.p_Firmicutes.c_Clostridia.o_Candidatus.Metalachnospira..no.order.in.NCBI..f_Candidatus.Metalachnospira..no.family.in.NCBI..g_Candidatus.Metalachnospira.s_Candidatus.Metalachnospira.gallinarum	0.0	0.925101180791099	0.8913366939559013	1.442016551119293	0.7869858929641605	0.7533211492464904	0.7869858929641605	0.7533211492464904	1.0	endpoint
k_Bacteria.p_Firmicutes.c_Clostridia.o_Clostridia.bacterium..no.order.in.NCBI..f_Clostridia.bacterium..no.family.in.NCBI..g_Clostridia.bacterium..no.genus.in.NCBI..s_Clostridia.bacterium	0.0	0.9803952931307737	1.2319788531694154	1.4389023291719139	0.7955558532376906	0.716998347374915	0.7955558532376906	0.716998347374915	1.0	endpoint
k_Bacteria.p_Firmicutes.c_Clostridia.o_Eubacteriales.f_Christensenellaceae.g_Christensenella.s_Unclassified.Christensenella	0.0	0.6965156913880952	1.0837204412653179	1.6451845284747777	0.6973852967061717	0.8413076880821506	0.6973852967061717	0.8413076880821506	0.8571428571428571	endpoint
k_Bacteria.p_Firmicutes.c_Clostridia.o_Eubacteriales.f_Clostridiaceae.g_Beduini.s_Unclassified.Beduini	0.0	0.7104076261513738	0.7097672588771435	1.6933214851045357	0.6841616200070403	0.7517072419692575	0.6841616200070403	0.7517072419692575	0.8571428571428571	endpoint
k_Bacteria.p_Firmicutes.c_Clostridia.o_Eubacteriales.f_Clostridiaceae.g_Butyricicoccus.s_Butyricicoccus.faecihominis	0.0	1.036566967252201	1.079022164284444	1.4810967140308438	0.8282409647401346	0.9168404317313694	0.8282409647401346	0.9168404317313694	1.0	endpoint
k_Bacteria.p_Firmicutes.c_Clostridia.o_Eubacteriales.f_Clostridiaceae.g_Butyricicoccus.s_Butyricicoccus.pullicaecorum	0.0	0.7305485008746466	0.8530031449816182	1.514331979896488	0.7221000762559999	0.7219955121201983	0.7221000762559999	0.7219955121201983	0.7142857142857143	endpoint
k_Bacteria.p_Firmicutes.c_Clostridia.o_Eubacteriales.f_Clostridiaceae.g_Butyricicoccus.s_Butyricicoccus.sp.	0.14285714285714285	1.2680958538218516	1.273375819512757	2.290776605419866	0.8565004286638932	0.8508830294608928	0.8565004286638932	0.8508830294608928	1.0	endpoint
k_Bacteria.p_Firmicutes.c_Clostridia.o_Eubacteriales.f_Clostridiaceae.g_Butyricicoccus.s_Unclassified.Butyricicoccus	0.0	1.3788996930799617	1.4097456132318236	1.9107615734610082	0.8982771449614598	0.9377886006068775	0.8982771449614598	0.9377886006068775	1.0	endpoint
k_Bacteria.p_Firmicutes.c_Clostridia.o_Eubacteriales.f_Clostridiaceae.g_Clostridiaceae.bacterium..no.genus.in.NCBI..s_Clostridiaceae.bacterium	0.0	0.32107321055746413	0.8588306859373364	1.5379109960123223	0.6039010148736036	0.7101340221457544	0.6039010148736036	0.7101340221457544	0.7142857142857143	endpoint
k_Bacteria.p_Firmicutes.c_Clostridia.o_Eubacteriales.f_Clostridiaceae.g_Clostridium.s_.Clostridium..sp.	0.14285714285714285	0.918993384659661	1.0086218632745088	2.0216936832411823	0.7302091084314309	0.817131053121181	0.7302091084314309	0.817131053121181	0.8571428571428571	endpoint
k_Bacteria.p_Firmicutes.c_Clostridia.o_Eubacteriales.f_Clostridiaceae.g_Clostridium.s_Clostridium.botulinum	0.0	0.2601775328601471	0.4036040883284674	1.1801214718836894	0.5745558372931417	0.6075491564516817	0.5745558372931417	0.6075491564516817	0.7142857142857143	endpoint
k_Bacteria.p_Firmicutes.c_Clostridia.o_Eubacteriales.f_Clostridiaceae.g_Clostridium.s_Clostridium.butyricum	0.0	0.33692773885741883	0.8982510933704955	1.3085802940437627	0.5989753081582342	0.6197279023832326	0.5989753081582342	0.6197279023832326	0.5714285714285714	endpoint
k_Bacteria.p_Firmicutes.c_Clostridia.o_Eubacteriales.f_Clostridiaceae.g_Clostridium.s_Clostridium.carnis	0.0	0.8028864215275634	0.8668225632939751	1.3807454493657516	0.24724241207384465	0.17338867238264125	0.7527575879261553	0.8266113276173588	1.0	baseline
k_Bacteria.p_Firmicutes.c_Clostridia.o_Eubacteriales.f_Clostridiaceae.g_Clostridium.s_Clostridium.jeddahense	0.0	0.1692687673316177	0.22807106591274653	1.1325090237095938	0.4337574694963247	0.45987619503099403	0.5662425305036753	0.540123804969006	0.7142857142857143	baseline
k_Bacteria.p_Firmicutes.c_Clostridia.o_Eubacteriales.f_Clostridiaceae.g_Clostridium.s_Clostridium.neonatale	0.0	0.053543240827297105	0.04886687000996773	1.409756699396862	0.5419620113975335	0.4876971570604619	0.5419620113975335	0.5123028429395381	0.5714285714285714	endpoint
k_Bacteria.p_Firmicutes.c_Clostridia.o_Eubacteriales.f_Clostridiaceae.g_Clostridium.s_Clostridium.paraputrificum	0.0	0.061131360975088214	0.4352782038008822	1.3800441713116702	0.4721158391833492	0.39836597293765996	0.5278841608166508	0.60163402706234	0.5714285714285714	baseline
k_Bacteria.p_Firmicutes.c_Clostridia.o_Eubacteriales.f_Clostridiaceae.g_Clostridium.s_Clostridium.phoceensis	0.0	0.5870828869657306	0.9468707494603108	1.4788627571868818	0.6581794062408581	0.7686283959546332	0.6581794062408581	0.7686283959546332	0.8571428571428571	endpoint
k_Bacteria.p_Firmicutes.c_Clostridia.o_Eubacteriales.f_Clostridiaceae.g_Clostridium.s_Clostridium.saudiense	0.0	1.0983192970454412	1.1604636124581222	1.5089801306544852	0.8437989951156176	0.8329970421399387	0.8437989951156176	0.8329970421399387	1.0	endpoint
k_Bacteria.p_Firmicutes.c_Clostridia.o_Eubacteriales.f_Clostridiaceae.g_Clostridium.s_Clostridium.ventriculi	0.0	0.5055575336470063	0.524685853793812	1.3147335367532447	0.6635326359997336	0.7180207814857614	0.6635326359997336	0.7180207814857614	0.7142857142857143	endpoint
k_Bacteria.p_Firmicutes.c_Clostridia.o_Eubacteriales.f_Clostridiaceae.g_Clostridium.s_Unclassified.Clostridium	0.14285714285714285	1.080248975282871	1.2704062096988251	2.147689513245283	0.778073243207556	0.8271309942639851	0.778073243207556	0.8271309942639851	0.7142857142857143	endpoint
k_Bacteria.p_Firmicutes.c_Clostridia.o_Eubacteriales.f_Clostridiaceae.g_Hungatella.s_Hungatella.effluvii	0.0	1.0149726972039341	1.017445837132384	1.5707603404281032	0.8033454430575511	0.8917119419879425	0.8033454430575511	0.8917119419879425	1.0	endpoint
k_Bacteria.p_Firmicutes.c_Clostridia.o_Eubacteriales.f_Clostridiaceae.g_Hungatella.s_Hungatella.hathewayi	0.0	0.26867171758764335	0.7797950770756592	1.3362630944891842	0.5462069927102731	0.6819087018271165	0.5462069927102731	0.6819087018271165	0.5714285714285714	endpoint
k_Bacteria.p_Firmicutes.c_Clostridia.o_Eubacteriales.f_Clostridiaceae.g_Hungatella.s_Hungatella.sp.	0.0	0.03845002941453024	0.42549596934208167	1.5299478121303773	0.47381896096127624	0.3984926350041927	0.5261810390387238	0.6015073649958074	0.5714285714285714	baseline
k_Bacteria.p_Firmicutes.c_Clostridia.o_Eubacteriales.f_Clostridiaceae.g_Hungatella.s_Unclassified.Hungatella	0.0	0.4638194535328813	0.30386584787916865	1.5186643020681396	0.35052852791564976	0.4201800363568309	0.6494714720843502	0.5798199636431691	0.7142857142857143	baseline
k_Bacteria.p_Firmicutes.c_Clostridia.o_Eubacteriales.f_Clostridiaceae.g_Lactonifactor.s_Unclassified.Lactonifactor	0.0	0.7887794623204204	1.0936906230447132	1.6717227459579385	0.7644885659779896	0.9016346357103588	0.7644885659779896	0.9016346357103588	0.7142857142857143	endpoint
k_Bacteria.p_Firmicutes.c_Clostridia.o_Eubacteriales.f_Clostridiaceae.g_Sarcina.s_Unclassified.Sarcina	0.0	0.2625968813441649	0.18430841460546565	1.467488713894465	0.5781771773400939	0.5626450582826114	0.5781771773400939	0.5626450582826114	0.7142857142857143	endpoint
k_Bacteria.p_Firmicutes.c_Clostridia.o_Eubacteriales.f_Clostridiaceae.g_Unclassified.Clostridiaceae.s_Unclassified.Clostridiaceae	0.0	0.008694041088317839	0.10277882216193286	1.3671654880517583	0.5299499284916795	0.5372222524620166	0.5299499284916795	0.5372222524620166	0.5714285714285714	endpoint
k_Bacteria.p_Firmicutes.c_Clostridia.o_Eubacteriales.f_Clostridiales.Family.XIII..Incertae.Sedis.g_Clostridiales.Family..no.genus.in.NCBI..s_Clostridiales.Family	0.0	0.7908224830168321	0.8841794562891754	1.4735348621891853	0.7259227297669709	0.7054742080180616	0.7259227297669709	0.7054742080180616	0.8571428571428571	endpoint
k_Bacteria.p_Firmicutes.c_Clostridia.o_Eubacteriales.f_Clostridiales.Family.XIII..Incertae.Sedis.g_Mogibacterium.s_Mogibacterium.sp.	0.0	0.801743880512568	1.0305930848015816	1.4754274479707936	0.7773362475360344	0.8994707367244208	0.7773362475360344	0.8994707367244208	0.7142857142857143	endpoint
k_Bacteria.p_Firmicutes.c_Clostridia.o_Eubacteriales.f_Clostridiales.Family.XIII..Incertae.Sedis.g_Mogibacterium.s_Unclassified.Mogibacterium	0.0	0.2970633502556928	0.49454707223143984	1.3819356387320232	0.5725539649501682	0.7072111305650847	0.5725539649501682	0.7072111305650847	0.5714285714285714	endpoint
k_Bacteria.p_Firmicutes.c_Clostridia.o_Eubacteriales.f_Clostridiales.Family.XIII..Incertae.Sedis.g_Unclassified.Clostridiales.Family.XIII..Incertae.Sedis.s_Unclassified.Clostridiales.Family.XIII..Incertae.Sedis	0.0	0.9571079984511242	1.2535507259462062	1.856954888204637	0.7568247588136616	0.8627311860931763	0.7568247588136616	0.8627311860931763	0.8571428571428571	endpoint
k_Bacteria.p_Firmicutes.c_Clostridia.o_Eubacteriales.f_Clostridiales.bacterium..no.family.in.NCBI..g_Clostridiales.bacterium..no.genus.in.NCBI..s_Clostridiales.bacterium	0.0	0.9333037220285771	1.2526933924978296	1.5215147284234432	0.813001937736461	0.9270216030676819	0.813001937736461	0.9270216030676819	0.8571428571428571	endpoint
k_Bacteria.p_Firmicutes.c_Clostridia.o_Eubacteriales.f_Eubacteriaceae.g_Eubacterium.s_Eubacterium.callanderi	0.0	0.7628580227342276	0.8064411821259392	1.157707747531706	0.7269733138222857	0.7838434428820051	0.7269733138222857	0.7838434428820051	1.0	endpoint
k_Bacteria.p_Firmicutes.c_Clostridia.o_Eubacteriales.f_Eubacteriaceae.g_Eubacterium.s_Eubacterium.limosum	0.0	0.1411420205501252	0.1668813653028599	0.9088865972815957	0.45474219160437374	0.4592732589766649	0.5452578083956263	0.5407267410233352	0.5714285714285714	baseline
k_Bacteria.p_Firmicutes.c_Clostridia.o_Eubacteriales.f_Eubacteriaceae.g_Eubacterium.s_Eubacterium.maltosivorans	0.0	0.4818034020389142	0.3860236036925996	1.167460065843325	0.6449760871738618	0.66528580713314	0.6449760871738618	0.66528580713314	0.7142857142857143	endpoint
k_Bacteria.p_Firmicutes.c_Clostridia.o_Eubacteriales.f_Eubacteriaceae.g_Eubacterium.s_Eubacterium.ramulus	0.0	1.2177419340463653	1.3075317325179867	1.6148504040783411	0.8811044989947886	0.9527483792043046	0.8811044989947886	0.9527483792043046	1.0	endpoint
k_Bacteria.p_Firmicutes.c_Clostridia.o_Eubacteriales.f_Eubacteriaceae.g_Eubacterium.s_Eubacterium.sp.	0.0	0.44153359821093074	0.6153295665019698	1.4535529312388424	0.6281868934326349	0.7034729472645708	0.6281868934326349	0.7034729472645708	0.7142857142857143	endpoint
k_Bacteria.p_Firmicutes.c_Clostridia.o_Eubacteriales.f_Eubacteriaceae.g_Eubacterium.s_Unclassified.Eubacterium	0.0	0.6672695112031448	1.1466413055844424	1.6901376852625418	0.7179807302127361	0.8482875169930647	0.7179807302127361	0.8482875169930647	0.8571428571428571	endpoint
k_Bacteria.p_Firmicutes.c_Clostridia.o_Eubacteriales.f_Evtepia..no.family.in.NCBI..g_Evtepia.s_Evtepia.gabavorous	0.0	0.28088817395304383	0.31482951611935495	1.355299403158128	0.5557606615065553	0.6385209350160481	0.5557606615065553	0.6385209350160481	0.5714285714285714	endpoint
k_Bacteria.p_Firmicutes.c_Clostridia.o_Eubacteriales.f_Evtepia..no.family.in.NCBI..g_Evtepia.s_Unclassified.Evtepia	0.0	0.4871138677539864	0.8522175205779504	1.4735140688049457	0.6466281930713959	0.7124259647740848	0.6466281930713959	0.7124259647740848	0.7142857142857143	endpoint
k_Bacteria.p_Firmicutes.c_Clostridia.o_Eubacteriales.f_Flintibacter..no.family.in.NCBI..g_Flintibacter.s_Unclassified.Flintibacter	0.0	0.5747456064837247	0.9578397089954985	1.839658610171232	0.638629314539525	0.7997001847725964	0.638629314539525	0.7997001847725964	0.7142857142857143	endpoint
k_Bacteria.p_Firmicutes.c_Clostridia.o_Eubacteriales.f_Gemmiger..no.family.in.NCBI..g_Gemmiger.s_Gemmiger.formicilis	0.0	1.1801999950359365	1.399135856686761	1.6775508448339351	0.8648435140391549	0.9053723159701628	0.8648435140391549	0.9053723159701628	1.0	endpoint
k_Bacteria.p_Firmicutes.c_Clostridia.o_Eubacteriales.f_Gemmiger..no.family.in.NCBI..g_Gemmiger.s_Unclassified.Gemmiger	0.0	0.5468505118019193	0.28711139520861506	1.732628297089282	0.6700179095252635	0.5803155050069855	0.6700179095252635	0.5803155050069855	0.7142857142857143	endpoint
k_Bacteria.p_Firmicutes.c_Clostridia.o_Eubacteriales.f_Intestinimonas..no.family.in.NCBI..g_Intestinimonas.s_Intestinimonas.butyriciproducens	0.0	0.8572604872208291	1.139485565672888	1.2825190964409332	0.7844209941012527	0.8756889918293557	0.7844209941012527	0.8756889918293557	0.8571428571428571	endpoint
k_Bacteria.p_Firmicutes.c_Clostridia.o_Eubacteriales.f_Intestinimonas..no.family.in.NCBI..g_Intestinimonas.s_Intestinimonas.timonensis	0.0	0.5315053920366	0.9487239251610555	1.5084532378176754	0.6641301562872884	0.7349872234608688	0.6641301562872884	0.7349872234608688	0.7142857142857143	endpoint
k_Bacteria.p_Firmicutes.c_Clostridia.o_Eubacteriales.f_Intestinimonas..no.family.in.NCBI..g_Intestinimonas.s_Unclassified.Intestinimonas	0.0	0.40409973104221725	0.6916918297737541	1.5035410297838894	0.674240746175073	0.7329508741689479	0.674240746175073	0.7329508741689479	0.7142857142857143	endpoint
k_Bacteria.p_Firmicutes.c_Clostridia.o_Eubacteriales.f_Lachnospiraceae.g_.Eubacterium..rectale..no.genus.in.NCBI..s_.Eubacterium..rectale	0.0	0.9735288037669483	1.162192281481683	1.6357352893776704	0.7915150478373291	0.8583004800122068	0.7915150478373291	0.8583004800122068	1.0	endpoint
k_Bacteria.p_Firmicutes.c_Clostridia.o_Eubacteriales.f_Lachnospiraceae.g_Anaerobutyricum.s_Anaerobutyricum.hallii	0.0	0.8712098770322242	0.9766119283615177	1.712067051234161	0.7582171492722137	0.7808743933062761	0.7582171492722137	0.7808743933062761	1.0	endpoint
k_Bacteria.p_Firmicutes.c_Clostridia.o_Eubacteriales.f_Lachnospiraceae.g_Anaerobutyricum.s_Anaerobutyricum.soehngenii	0.0	0.7265644575704424	1.2560563053597966	1.6104343555638054	0.6907151013315886	0.8068353599906871	0.6907151013315886	0.8068353599906871	0.7142857142857143	endpoint
k_Bacteria.p_Firmicutes.c_Clostridia.o_Eubacteriales.f_Lachnospiraceae.g_Anaerobutyricum.s_Unclassified.Anaerobutyricum	0.0	0.08270744117400412	0.26137303532004597	1.3344511966380799	0.5136575135984154	0.42190199756634134	0.5136575135984154	0.5780980024336586	0.5714285714285714	endpoint
k_Bacteria.p_Firmicutes.c_Clostridia.o_Eubacteriales.f_Lachnospiraceae.g_Anaerostipes.s_Anaerostipes.caccae	0.0	0.09104266374024592	0.3089830379963025	1.3850832911020339	0.5014200640022971	0.5769814882173652	0.5014200640022971	0.5769814882173652	0.5714285714285714	baseline
k_Bacteria.p_Firmicutes.c_Clostridia.o_Eubacteriales.f_Lachnospiraceae.g_Anaerostipes.s_Anaerostipes.hadrus	0.0	1.1183835433155636	1.2251049861691274	1.8844812473296624	0.8301286468803936	0.862249173901293	0.8301286468803936	0.862249173901293	0.8571428571428571	endpoint
k_Bacteria.p_Firmicutes.c_Clostridia.o_Eubacteriales.f_Lachnospiraceae.g_Anaerostipes.s_Anaerostipes.sp.	0.0	0.16962362881073137	0.4817757580909789	1.2090168021132182	0.4835671976412565	0.3055551837255964	0.5164328023587434	0.6944448162744036	0.5714285714285714	baseline
k_Bacteria.p_Firmicutes.c_Clostridia.o_Eubacteriales.f_Lachnospiraceae.g_Anaerostipes.s_Unclassified.Anaerostipes	0.0	0.5173438901189674	0.6588342432332339	1.2729259180978834	0.6522058483709564	0.6476815431982043	0.6522058483709564	0.6476815431982043	0.8571428571428571	endpoint
k_Bacteria.p_Firmicutes.c_Clostridia.o_Eubacteriales.f_Lachnospiraceae.g_Anaerotignum.s_Anaerotignum.lactatifermentans	0.0	0.7124514715361531	0.8635632925054902	1.43145332166723	0.6971805948087654	0.6901599122264727	0.6971805948087654	0.6901599122264727	0.8571428571428571	endpoint
k_Bacteria.p_Firmicutes.c_Clostridia.o_Eubacteriales.f_Lachnospiraceae.g_Blautia.s_Blautia.argi	0.0	0.33080251462736976	0.6957811754456275	1.478288841426512	0.5657629850002922	0.6622676993365316	0.5657629850002922	0.6622676993365316	0.7142857142857143	endpoint
k_Bacteria.p_Firmicutes.c_Clostridia.o_Eubacteriales.f_Lachnospiraceae.g_Blautia.s_Blautia.caecimuris	0.0	0.7379795728041504	0.8741319962263439	1.4379842463596106	0.709662250589688	0.7770404963096748	0.709662250589688	0.7770404963096748	0.8571428571428571	endpoint
k_Bacteria.p_Firmicutes.c_Clostridia.o_Eubacteriales.f_Lachnospiraceae.g_Blautia.s_Blautia.coccoides	0.0	0.5699175526399887	0.677072627815986	1.470051484999655	0.709214309097696	0.7747034593005699	0.709214309097696	0.7747034593005699	0.7142857142857143	endpoint
k_Bacteria.p_Firmicutes.c_Clostridia.o_Eubacteriales.f_Lachnospiraceae.g_Blautia.s_Blautia.faecis	0.0	0.5635340597248227	0.6018190885691912	1.300837945589412	0.6916544796067682	0.673519352461575	0.6916544796067682	0.673519352461575	0.8571428571428571	endpoint
k_Bacteria.p_Firmicutes.c_Clostridia.o_Eubacteriales.f_Lachnospiraceae.g_Blautia.s_Blautia.glucerasea	0.0	0.8258168606547116	1.254333950546252	1.985595620821874	0.7175441850031746	0.8002238862954545	0.7175441850031746	0.8002238862954545	0.7142857142857143	endpoint
k_Bacteria.p_Firmicutes.c_Clostridia.o_Eubacteriales.f_Lachnospiraceae.g_Blautia.s_Blautia.hansenii	0.0	0.5609149235122725	0.5722297212210158	1.9679116598082265	0.6140255577106076	0.6653634246831612	0.6140255577106076	0.6653634246831612	0.7142857142857143	endpoint
k_Bacteria.p_Firmicutes.c_Clostridia.o_Eubacteriales.f_Lachnospiraceae.g_Blautia.s_Blautia.luti	0.0	1.4293198474704585	1.4134056564484858	1.9305822833367396	0.9107034509434674	0.9630033846226571	0.9107034509434674	0.9630033846226571	1.0	endpoint
k_Bacteria.p_Firmicutes.c_Clostridia.o_Eubacteriales.f_Lachnospiraceae.g_Blautia.s_Blautia.marasmi	0.0	0.23279327109139544	0.8844394465466924	1.5520496878862804	0.5757904538571352	0.6292546294091342	0.5757904538571352	0.6292546294091342	0.7142857142857143	endpoint
k_Bacteria.p_Firmicutes.c_Clostridia.o_Eubacteriales.f_Lachnospiraceae.g_Blautia.s_Blautia.massiliensis	0.0	0.8239374168182056	1.2052682620256023	1.7907108234894527	0.7242800864875534	0.8680606779088131	0.7242800864875534	0.8680606779088131	0.8571428571428571	endpoint
k_Bacteria.p_Firmicutes.c_Clostridia.o_Eubacteriales.f_Lachnospiraceae.g_Blautia.s_Blautia.obeum	0.0	0.164584824607682	0.5619185409178352	1.1623161771912915	0.5528863894434021	0.6915845184366589	0.5528863894434021	0.6915845184366589	0.5714285714285714	endpoint
k_Bacteria.p_Firmicutes.c_Clostridia.o_Eubacteriales.f_Lachnospiraceae.g_Blautia.s_Blautia.producta	0.14285714285714285	0.5777077324497244	0.7847220364473602	2.0821788910893586	0.6447478730043047	0.7402779053942828	0.6447478730043047	0.7402779053942828	0.7142857142857143	endpoint
k_Bacteria.p_Firmicutes.c_Clostridia.o_Eubacteriales.f_Lachnospiraceae.g_Blautia.s_Blautia.sp.	0.0	0.7349485712687018	0.817761962968628	1.4148146824849732	0.7241258209471412	0.7109271805438723	0.7241258209471412	0.7109271805438723	0.8571428571428571	endpoint
k_Bacteria.p_Firmicutes.c_Clostridia.o_Eubacteriales.f_Lachnospiraceae.g_Blautia.s_Blautia.wexlerae	0.0	1.0876021321465494	1.1335356262514478	1.6395730914125501	0.8512645155939425	0.9351857016492722	0.8512645155939425	0.9351857016492722	0.8571428571428571	endpoint
k_Bacteria.p_Firmicutes.c_Clostridia.o_Eubacteriales.f_Lachnospiraceae.g_Blautia.s_Unclassified.Blautia	0.0	0.8925966897811176	1.2712686180057189	1.737690081338378	0.7576792269266971	0.9119830634032929	0.7576792269266971	0.9119830634032929	0.8571428571428571	endpoint
k_Bacteria.p_Firmicutes.c_Clostridia.o_Eubacteriales.f_Lachnospiraceae.g_Butyrivibrio.s_Butyrivibrio.sp.	0.0	0.41707410888963947	0.31381755742032047	1.2157156775405946	0.6484706651499501	0.6381404968913292	0.6484706651499501	0.6381404968913292	0.7142857142857143	endpoint
k_Bacteria.p_Firmicutes.c_Clostridia.o_Eubacteriales.f_Lachnospiraceae.g_Butyrivibrio.s_Unclassified.Butyrivibrio	0.0	0.8099551314933018	0.654171236841895	1.7836526670446327	0.7136174479561729	0.6879495474479275	0.7136174479561729	0.6879495474479275	0.8571428571428571	endpoint
k_Bacteria.p_Firmicutes.c_Clostridia.o_Eubacteriales.f_Lachnospiraceae.g_Coprococcus.s_Coprococcus.comes	0.0	0.861387729521445	1.034191455348174	1.7352440310103114	0.7454668558541828	0.7314430218033328	0.7454668558541828	0.7314430218033328	0.8571428571428571	endpoint
k_Bacteria.p_Firmicutes.c_Clostridia.o_Eubacteriales.f_Lachnospiraceae.g_Coprococcus.s_Coprococcus.phoceensis	0.0	0.17816987901536294	0.26336553833116466	1.4503886102325612	0.576020853546998	0.5747642006965015	0.576020853546998	0.5747642006965015	0.5714285714285714	endpoint
k_Bacteria.p_Firmicutes.c_Clostridia.o_Eubacteriales.f_Lachnospiraceae.g_Coprococcus.s_Coprococcus.sp.	0.0	0.4131770971539794	0.6124320768375858	1.446179604935839	0.6013799227162349	0.6232322979881599	0.6013799227162349	0.6232322979881599	0.7142857142857143	endpoint
k_Bacteria.p_Firmicutes.c_Clostridia.o_Eubacteriales.f_Lachnospiraceae.g_Coprococcus.s_Unclassified.Coprococcus	0.0	0.08500888344604503	0.12156079751198162	1.4513663034273292	0.4506680001973531	0.4737195810646273	0.5493319998026469	0.5262804189353727	0.5714285714285714	baseline
k_Bacteria.p_Firmicutes.c_Clostridia.o_Eubacteriales.f_Lachnospiraceae.g_Dorea.s_Dorea.formicigenerans	0.0	0.5320421904356495	0.9386488365301981	1.5005858186547079	0.6582372129554175	0.7479626509556966	0.6582372129554175	0.7479626509556966	0.7142857142857143	endpoint
k_Bacteria.p_Firmicutes.c_Clostridia.o_Eubacteriales.f_Lachnospiraceae.g_Dorea.s_Dorea.longicatena	0.0	0.3153827649685551	0.7506863757843529	1.2219734833564442	0.6321107429438746	0.728595235988129	0.6321107429438746	0.728595235988129	0.7142857142857143	endpoint
k_Bacteria.p_Firmicutes.c_Clostridia.o_Eubacteriales.f_Lachnospiraceae.g_Dorea.s_Dorea.phocaeensis	0.0	0.3393125973598422	0.55562489995601	1.4539950571542326	0.6182012662921773	0.643088568283674	0.6182012662921773	0.643088568283674	0.5714285714285714	endpoint
k_Bacteria.p_Firmicutes.c_Clostridia.o_Eubacteriales.f_Lachnospiraceae.g_Dorea.s_Dorea.sp.	0.0	0.9073915362614241	0.957351950778684	1.5391624983645489	0.7649873884734328	0.8377588619768859	0.7649873884734328	0.8377588619768859	1.0	endpoint
k_Bacteria.p_Firmicutes.c_Clostridia.o_Eubacteriales.f_Lachnospiraceae.g_Dorea.s_Unclassified.Dorea	0.0	0.9972837976699777	1.1418416196963623	1.4806283824227047	0.8232531133165287	0.9115984807494129	0.8232531133165287	0.9115984807494129	0.8571428571428571	endpoint
k_Bacteria.p_Firmicutes.c_Clostridia.o_Eubacteriales.f_Lachnospiraceae.g_Eisenbergiella.s_Eisenbergiella.massiliensis	0.0	0.6829768134405716	1.1064515032992337	1.4047316699802315	0.721639448749272	0.8651590993724544	0.721639448749272	0.8651590993724544	0.7142857142857143	endpoint
k_Bacteria.p_Firmicutes.c_Clostridia.o_Eubacteriales.f_Lachnospiraceae.g_Eisenbergiella.s_Eisenbergiella.sp.	0.0	0.5627115334521103	1.1578264120344683	1.2550082681854762	0.7085225847528738	0.8683452027249088	0.7085225847528738	0.8683452027249088	0.5714285714285714	endpoint
k_Bacteria.p_Firmicutes.c_Clostridia.o_Eubacteriales.f_Lachnospiraceae.g_Eisenbergiella.s_Eisenbergiella.tayi	0.0	0.5316874835536786	0.9992645078882175	1.4203179966724113	0.6577699477103195	0.783070060244019	0.6577699477103195	0.783070060244019	0.7142857142857143	endpoint
k_Bacteria.p_Firmicutes.c_Clostridia.o_Eubacteriales.f_Lachnospiraceae.g_Eisenbergiella.s_Unclassified.Eisenbergiella	0.0	0.2377138936057792	0.41480900801617304	1.29299772950034	0.5819781836527851	0.6101686415804772	0.5819781836527851	0.6101686415804772	0.5714285714285714	endpoint
k_Bacteria.p_Firmicutes.c_Clostridia.o_Eubacteriales.f_Lachnospiraceae.g_Enterocloster.s_Enterocloster.aldenensis	0.0	0.877671491063573	1.1240210509628294	1.3656455862775956	0.21536652450235616	0.10756336182543319	0.7846334754976438	0.8924366381745668	0.8571428571428571	baseline
k_Bacteria.p_Firmicutes.c_Clostridia.o_Eubacteriales.f_Lachnospiraceae.g_Enterocloster.s_Enterocloster.asparagiformis	0.0	0.15730560025084506	0.19302432369739153	1.3505442628683753	0.4199693394325636	0.4606050506991241	0.5800306605674364	0.5393949493008758	0.7142857142857143	baseline
k_Bacteria.p_Firmicutes.c_Clostridia.o_Eubacteriales.f_Lachnospiraceae.g_Enterocloster.s_Enterocloster.bolteae	0.0	0.41338619959894807	0.4785524563455042	1.369771804606445	0.6012546734892356	0.625070579265942	0.6012546734892356	0.625070579265942	0.7142857142857143	endpoint
k_Bacteria.p_Firmicutes.c_Clostridia.o_Eubacteriales.f_Lachnospiraceae.g_Enterocloster.s_Enterocloster.citroniae	0.0	0.16683681902268802	0.752994049333473	1.4023046943052577	0.516183641024094	0.7000863996422856	0.516183641024094	0.7000863996422856	0.5714285714285714	endpoint
k_Bacteria.p_Firmicutes.c_Clostridia.o_Eubacteriales.f_Lachnospiraceae.g_Enterocloster.s_Enterocloster.clostridioformis	0.0	0.7575886417296802	1.1696944710164587	1.441798156139674	0.7531941396523694	0.8657552479078753	0.7531941396523694	0.8657552479078753	0.7142857142857143	endpoint
k_Bacteria.p_Firmicutes.c_Clostridia.o_Eubacteriales.f_Lachnospiraceae.g_Enterocloster.s_Enterocloster.lavalensis	0.0	0.008863462526447532	0.3123126686537803	1.854641837190319	0.46854084443800265	0.40275163243993545	0.5314591555619974	0.5972483675600646	0.7142857142857143	endpoint
k_Bacteria.p_Firmicutes.c_Clostridia.o_Eubacteriales.f_Lachnospiraceae.g_Enterocloster.s_Unclassified.Enterocloster	0.0	0.021465307289865603	0.4681177568150791	1.3377119817626724	0.45379021345229714	0.5483270373998124	0.5462097865477029	0.5483270373998124	0.5714285714285714	baseline
k_Bacteria.p_Firmicutes.c_Clostridia.o_Eubacteriales.f_Lachnospiraceae.g_Faecalicatena.s_Faecalicatena.fissicatena	0.0	0.46406203916548	0.5334664060253147	1.4636866067864085	0.6238463941604468	0.6158287051173175	0.6238463941604468	0.6158287051173175	0.8571428571428571	endpoint
k_Bacteria.p_Firmicutes.c_Clostridia.o_Eubacteriales.f_Lachnospiraceae.g_Faecalicatena.s_Unclassified.Faecalicatena	0.0	0.5167579120536651	0.6913244521883484	1.3150850128283254	0.6904362995902332	0.6748123975447478	0.6904362995902332	0.6748123975447478	0.7142857142857143	endpoint
k_Bacteria.p_Firmicutes.c_Clostridia.o_Eubacteriales.f_Lachnospiraceae.g_Faecalimonas.s_Faecalimonas.umbilicata	0.0	0.033194432082156285	0.09987682881488406	1.2687496051976126	0.5100957505158792	0.4826152598868845	0.5100957505158792	0.5173847401131155	0.5714285714285714	baseline
k_Bacteria.p_Firmicutes.c_Clostridia.o_Eubacteriales.f_Lachnospiraceae.g_Faecalimonas.s_Unclassified.Faecalimonas	0.0	0.2064559631726722	0.3344328874088204	1.3395284991910672	0.5717700970345508	0.5261357434460765	0.5717700970345508	0.5261357434460765	0.5714285714285714	endpoint
k_Bacteria.p_Firmicutes.c_Clostridia.o_Eubacteriales.f_Lachnospiraceae.g_Fusicatenibacter.s_Fusicatenibacter.saccharivorans	0.0	0.974901685216395	1.309797541741161	1.7250560700509392	0.7671787941272622	0.9164780832995405	0.7671787941272622	0.9164780832995405	0.8571428571428571	endpoint
k_Bacteria.p_Firmicutes.c_Clostridia.o_Eubacteriales.f_Lachnospiraceae.g_Fusicatenibacter.s_Fusicatenibacter.sp.	0.0	0.6609558742038676	0.8563635255102677	1.8400877238914632	0.669701648197697	0.7760700046504052	0.669701648197697	0.7760700046504052	0.8571428571428571	endpoint
k_Bacteria.p_Firmicutes.c_Clostridia.o_Eubacteriales.f_Lachnospiraceae.g_Fusicatenibacter.s_Unclassified.Fusicatenibacter	0.0	1.0446559173546983	1.275462975338509	1.5181802098134363	0.841052658781627	0.9622379947434505	0.841052658781627	0.9622379947434505	0.8571428571428571	endpoint
k_Bacteria.p_Firmicutes.c_Clostridia.o_Eubacteriales.f_Lachnospiraceae.g_Lachnoclostridium.s_Lachnoclostridium.edouardi	0.0	0.7870061757313115	1.1659157545624796	1.6224623124784385	0.7178051705813544	0.8290053286823188	0.7178051705813544	0.8290053286823188	0.8571428571428571	endpoint
k_Bacteria.p_Firmicutes.c_Clostridia.o_Eubacteriales.f_Lachnospiraceae.g_Lachnoclostridium.s_Lachnoclostridium.sp.	0.0	0.5993116209023887	0.5678434305326014	1.5035107024336225	0.6966366226606936	0.7334997861085321	0.6966366226606936	0.7334997861085321	0.8571428571428571	endpoint
k_Bacteria.p_Firmicutes.c_Clostridia.o_Eubacteriales.f_Lachnospiraceae.g_Lachnoclostridium.s_Unclassified.Lachnoclostridium	0.0	0.3100090257823419	0.49389550290493994	1.4743685069936614	0.5824922809490405	0.6263139845594385	0.5824922809490405	0.6263139845594385	0.8571428571428571	endpoint
k_Bacteria.p_Firmicutes.c_Clostridia.o_Eubacteriales.f_Lachnospiraceae.g_Lachnospira.s_Lachnospira.eligens	0.0	0.7187232212217717	0.7586165173712801	1.3386953557033228	0.711705562131051	0.6917797874452402	0.711705562131051	0.6917797874452402	0.8571428571428571	endpoint
k_Bacteria.p_Firmicutes.c_Clostridia.o_Eubacteriales.f_Lachnospiraceae.g_Lachnospira.s_Lachnospira.sp.	0.0	0.6719564948571023	0.5302798305434399	1.5041345399425947	0.7344501705800079	0.6371634002088539	0.7344501705800079	0.6371634002088539	0.8571428571428571	endpoint
k_Bacteria.p_Firmicutes.c_Clostridia.o_Eubacteriales.f_Lachnospiraceae.g_Lachnospira.s_Unclassified.Lachnospira	0.0	0.7965320658122889	0.906409780754734	1.6669294905441547	0.7160031471727774	0.7257442274941728	0.7160031471727774	0.7257442274941728	0.8571428571428571	endpoint
k_Bacteria.p_Firmicutes.c_Clostridia.o_Eubacteriales.f_Lachnospiraceae.g_Lachnospiraceae.bacterium..no.genus.in.NCBI..s_Lachnospiraceae.bacterium	0.0	0.08458352193185628	0.3444808113443241	1.3745323935356446	0.511058560462822	0.40266190291428366	0.511058560462822	0.5973380970857163	0.5714285714285714	baseline
k_Bacteria.p_Firmicutes.c_Clostridia.o_Eubacteriales.f_Lachnospiraceae.g_Lachnotalea.s_Lachnotalea.sp.	0.0	0.7464759213723448	1.102368901220118	1.5252922698525122	0.7182681380488448	0.77090633230932	0.7182681380488448	0.77090633230932	0.7142857142857143	endpoint
k_Bacteria.p_Firmicutes.c_Clostridia.o_Eubacteriales.f_Lachnospiraceae.g_Lacrimispora.s_Lacrimispora.celerecrescens	0.0	0.342315197884855	0.4291532521958101	1.1148734385748709	0.6254109740618491	0.6307337126799593	0.6254109740618491	0.6307337126799593	0.7142857142857143	endpoint
k_Bacteria.p_Firmicutes.c_Clostridia.o_Eubacteriales.f_Lachnospiraceae.g_Lacrimispora.s_Lacrimispora.saccharolytica	0.0	0.03672584127031515	0.02208417567277069	0.7653147839685543	0.508149511624291	0.511860812206884	0.508149511624291	0.511860812206884	0.5714285714285714	endpoint
k_Bacteria.p_Firmicutes.c_Clostridia.o_Eubacteriales.f_Lachnospiraceae.g_Mediterraneibacter.s_Mediterraneibacter.faecis	0.0	1.2125448409398116	1.231111499829914	1.5529163287307617	0.8569773875004725	0.8636120016914862	0.8569773875004725	0.8636120016914862	1.0	endpoint
k_Bacteria.p_Firmicutes.c_Clostridia.o_Eubacteriales.f_Lachnospiraceae.g_Mediterraneibacter.s_Mediterraneibacter.glycyrrhizinilyticus	0.0	0.5763199205340456	0.3815312553590442	1.9411787773628817	0.6437122753979043	0.6023889715217324	0.6437122753979043	0.6023889715217324	0.7142857142857143	endpoint
k_Bacteria.p_Firmicutes.c_Clostridia.o_Eubacteriales.f_Lachnospiraceae.g_Mediterraneibacter.s_Unclassified.Mediterraneibacter	0.14285714285714285	0.8630250720309193	1.254951551551398	2.323082917587486	0.7033387781680226	0.8325380336536233	0.7033387781680226	0.8325380336536233	0.8571428571428571	endpoint
k_Bacteria.p_Firmicutes.c_Clostridia.o_Eubacteriales.f_Lachnospiraceae.g_Merdimonas.s_Merdimonas.faecis	0.0	0.49465634061623653	0.4734277387776242	1.4597525915935925	0.661712033093555	0.6381299315269753	0.661712033093555	0.6381299315269753	0.8571428571428571	endpoint
k_Bacteria.p_Firmicutes.c_Clostridia.o_Eubacteriales.f_Lachnospiraceae.g_Roseburia.s_Roseburia.faecis	0.14285714285714285	0.7591323759616212	0.7294495611630096	2.5835933669710878	0.6872452291380229	0.6837252821326142	0.6872452291380229	0.6837252821326142	0.7142857142857143	endpoint
k_Bacteria.p_Firmicutes.c_Clostridia.o_Eubacteriales.f_Lachnospiraceae.g_Roseburia.s_Roseburia.hominis	0.14285714285714285	1.0252270291638652	1.0513971621392266	2.234346276736744	0.7911251745100989	0.8318135850788777	0.7911251745100989	0.8318135850788777	0.8571428571428571	endpoint
k_Bacteria.p_Firmicutes.c_Clostridia.o_Eubacteriales.f_Lachnospiraceae.g_Roseburia.s_Roseburia.intestinalis	0.0	1.3156321950966539	1.3875175967552944	1.687173448956508	0.8924832407270797	0.9682407860060023	0.8924832407270797	0.9682407860060023	1.0	endpoint
k_Bacteria.p_Firmicutes.c_Clostridia.o_Eubacteriales.f_Lachnospiraceae.g_Roseburia.s_Roseburia.inulinivorans	0.0	1.1177797828626725	1.3690659768269704	1.819557191133226	0.8090861348815145	0.8537718606396689	0.8090861348815145	0.8537718606396689	0.8571428571428571	endpoint
k_Bacteria.p_Firmicutes.c_Clostridia.o_Eubacteriales.f_Lachnospiraceae.g_Roseburia.s_Roseburia.sp.	0.14285714285714285	1.3679415694881751	1.2675871041412214	2.070493224422631	0.8902531041971754	0.9007747624046339	0.8902531041971754	0.9007747624046339	1.0	endpoint
k_Bacteria.p_Firmicutes.c_Clostridia.o_Eubacteriales.f_Lachnospiraceae.g_Roseburia.s_Unclassified.Roseburia	0.0	1.2101993054111178	1.3033549143201404	1.8612329179172593	0.8811736431614404	0.9483134946915086	0.8811736431614404	0.9483134946915086	0.8571428571428571	endpoint
k_Bacteria.p_Firmicutes.c_Clostridia.o_Eubacteriales.f_Lachnospiraceae.g_Sellimonas.s_Sellimonas.intestinalis	0.0	0.849288747884847	1.211617140054811	1.4088245152515995	0.7637893756811441	0.7498897562024024	0.7637893756811441	0.7498897562024024	0.8571428571428571	endpoint
k_Bacteria.p_Firmicutes.c_Clostridia.o_Eubacteriales.f_Lachnospiraceae.g_Tyzzerella.s_Tyzzerella.nexilis	0.0	0.08250027266334703	0.40918401518897407	1.5944211883378119	0.5368420840358047	0.394849376149553	0.5368420840358047	0.6051506238504469	0.5714285714285714	baseline
k_Bacteria.p_Firmicutes.c_Clostridia.o_Eubacteriales.f_Lachnospiraceae.g_Tyzzerella.s_Unclassified.Tyzzerella	0.0	0.49763990253141227	0.4327228097188669	1.2935910151963643	0.6573150101176625	0.6194549063108435	0.6573150101176625	0.6194549063108435	0.8571428571428571	endpoint
k_Bacteria.p_Firmicutes.c_Clostridia.o_Eubacteriales.f_Lachnospiraceae.g_Unclassified.Lachnospiraceae.s_Unclassified.Lachnospiraceae	0.0	0.9612998792181415	1.3261514825508876	1.3871438455252394	0.7664088832182848	0.8899840008930946	0.7664088832182848	0.8899840008930946	0.8571428571428571	endpoint
k_Bacteria.p_Firmicutes.c_Clostridia.o_Eubacteriales.f_Lawsonibacter..no.family.in.NCBI..g_Lawsonibacter.s_Lawsonibacter.asaccharolyticus	0.0	0.6222741475952697	1.0131161513036973	1.4152778424958206	0.6787225961697801	0.7500408323658715	0.6787225961697801	0.7500408323658715	0.7142857142857143	endpoint
k_Bacteria.p_Firmicutes.c_Clostridia.o_Eubacteriales.f_Lawsonibacter..no.family.in.NCBI..g_Lawsonibacter.s_Unclassified.Lawsonibacter	0.0	0.5340057112643732	1.2060949165542083	1.684232347248517	0.6782585800527798	0.9069343170108496	0.6782585800527798	0.9069343170108496	0.5714285714285714	endpoint
k_Bacteria.p_Firmicutes.c_Clostridia.o_Eubacteriales.f_Neglecta..no.family.in.NCBI..g_Neglecta.s_Neglecta.timonensis	0.0	1.0557243019738676	0.9281323765058727	1.7093416340485739	0.8120815127198651	0.8480980864984325	0.8120815127198651	0.8480980864984325	1.0	endpoint
k_Bacteria.p_Firmicutes.c_Clostridia.o_Eubacteriales.f_Neglecta..no.family.in.NCBI..g_Neglecta.s_Unclassified.Neglecta	0.0	0.5401534908115339	1.0806631398181814	1.3816337550720421	0.6605618925961956	0.7996817744632427	0.6605618925961956	0.7996817744632427	0.7142857142857143	endpoint
k_Bacteria.p_Firmicutes.c_Clostridia.o_Eubacteriales.f_Oscillospiraceae.g_Acutalibacter.s_Unclassified.Acutalibacter	0.0	0.9687169119586228	1.0149140689187344	1.3919159876720368	0.7926125906434022	0.7504611493861315	0.7926125906434022	0.7504611493861315	1.0	endpoint
k_Bacteria.p_Firmicutes.c_Clostridia.o_Eubacteriales.f_Oscillospiraceae.g_Agathobaculum.s_Agathobaculum.desmolans	0.0	0.9038003426767789	1.114309034141232	1.2679769096811822	0.7853981527319658	0.7776938431388898	0.7853981527319658	0.7776938431388898	1.0	endpoint
k_Bacteria.p_Firmicutes.c_Clostridia.o_Eubacteriales.f_Oscillospiraceae.g_Agathobaculum.s_Agathobaculum.sp.	0.0	0.0024876569316829023	0.25237893846736703	1.026725758856803	0.5141911132611056	0.45283640291968735	0.5141911132611056	0.5471635970803126	0.5714285714285714	endpoint
k_Bacteria.p_Firmicutes.c_Clostridia.o_Eubacteriales.f_Oscillospiraceae.g_Agathobaculum.s_Unclassified.Agathobaculum	0.0	1.1200810221482314	1.3757467045838228	1.7355071032939209	0.8080765987056812	0.8868425258725302	0.8080765987056812	0.8868425258725302	0.8571428571428571	endpoint
k_Bacteria.p_Firmicutes.c_Clostridia.o_Eubacteriales.f_Oscillospiraceae.g_Anaeromassilibacillus.s_Anaeromassilibacillus.sp.	0.0	0.5269935762102687	0.43875329611163444	1.4691983148829717	0.6646420663813799	0.615766335123473	0.6646420663813799	0.615766335123473	0.8571428571428571	endpoint
k_Bacteria.p_Firmicutes.c_Clostridia.o_Eubacteriales.f_Oscillospiraceae.g_Anaeromassilibacillus.s_Unclassified.Anaeromassilibacillus	0.0	1.2912345993677692	1.295984644567746	1.5835101196413957	0.8883377796042418	0.9441098336952052	0.8883377796042418	0.9441098336952052	1.0	endpoint
k_Bacteria.p_Firmicutes.c_Clostridia.o_Eubacteriales.f_Oscillospiraceae.g_Anaerotruncus.s_Anaerotruncus.colihominis	0.14285714285714285	0.61709135028718	0.40086819517371497	2.2102097561918677	0.674959072296202	0.6402483309084536	0.674959072296202	0.6402483309084536	0.7142857142857143	endpoint
k_Bacteria.p_Firmicutes.c_Clostridia.o_Eubacteriales.f_Oscillospiraceae.g_Anaerotruncus.s_Anaerotruncus.sp.	0.0	1.0429479889386117	1.2283452702354474	1.3851597808853704	0.8156749792250543	0.8748712816146812	0.8156749792250543	0.8748712816146812	1.0	endpoint
k_Bacteria.p_Firmicutes.c_Clostridia.o_Eubacteriales.f_Oscillospiraceae.g_Anaerotruncus.s_Unclassified.Anaerotruncus	0.0	0.37733938070659834	0.06730144798061219	1.9758039471883169	0.5948608791867617	0.4974609020233555	0.5948608791867617	0.5025390979766444	0.5714285714285714	endpoint
k_Bacteria.p_Firmicutes.c_Clostridia.o_Eubacteriales.f_Oscillospiraceae.g_Drancourtella.s_Drancourtella.sp.	0.0	0.016399457523987908	0.008990500821382863	1.0232401480584707	0.5328867075106664	0.46783773541372503	0.5328867075106664	0.5321622645862749	0.5714285714285714	endpoint
k_Bacteria.p_Firmicutes.c_Clostridia.o_Eubacteriales.f_Oscillospiraceae.g_Dysosmobacter.s_Dysosmobacter.sp.	0.0	0.6980612695598296	1.1466412750205528	1.895240737014743	0.7092977911376251	0.9285579337508186	0.7092977911376251	0.9285579337508186	0.5714285714285714	endpoint
k_Bacteria.p_Firmicutes.c_Clostridia.o_Eubacteriales.f_Oscillospiraceae.g_Dysosmobacter.s_Unclassified.Dysosmobacter	0.0	0.1643943363272465	0.2734582762361493	1.6474195547265333	0.5112974815708698	0.5647876879710451	0.5112974815708698	0.5647876879710451	0.5714285714285714	endpoint
k_Bacteria.p_Firmicutes.c_Clostridia.o_Eubacteriales.f_Oscillospiraceae.g_Faecalibacterium.s_Faecalibacterium.prausnitzii	0.0	0.517449243371837	0.3803154459560471	1.5328639998817455	0.6396189134011455	0.6124647279895253	0.6396189134011455	0.6124647279895253	0.5714285714285714	endpoint
k_Bacteria.p_Firmicutes.c_Clostridia.o_Eubacteriales.f_Oscillospiraceae.g_Faecalibacterium.s_Faecalibacterium.sp.	0.0	0.6489228967700222	0.8054636383463565	1.481857797084145	0.677318090394575	0.6999312457474282	0.677318090394575	0.6999312457474282	0.8571428571428571	endpoint
k_Bacteria.p_Firmicutes.c_Clostridia.o_Eubacteriales.f_Oscillospiraceae.g_Faecalibacterium.s_Unclassified.Faecalibacterium	0.0	1.1388875498100683	1.0819502339862896	1.5201520212276647	0.8378066157131652	0.8461963537836715	0.8378066157131652	0.8461963537836715	1.0	endpoint
k_Bacteria.p_Firmicutes.c_Clostridia.o_Eubacteriales.f_Oscillospiraceae.g_Flavonifractor.s_Flavonifractor.plautii	0.0	0.3610326645593952	0.25220294040076136	1.7901557477070376	0.4338018167266072	0.43937989973513775	0.5661981832733928	0.5606201002648623	0.5714285714285714	baseline
k_Bacteria.p_Firmicutes.c_Clostridia.o_Eubacteriales.f_Oscillospiraceae.g_Flavonifractor.s_Flavonifractor.sp.	0.0	0.02014022241480629	0.13450546510750802	1.2584614542706096	0.5133848624992667	0.4705609785769699	0.5133848624992667	0.5294390214230301	0.7142857142857143	endpoint
k_Bacteria.p_Firmicutes.c_Clostridia.o_Eubacteriales.f_Oscillospiraceae.g_Flavonifractor.s_Unclassified.Flavonifractor	0.0	0.9200756933812835	1.0734380663596153	1.7852523189654304	0.22100218581320016	0.1703004871681333	0.7789978141867998	0.8296995128318667	1.0	baseline
k_Bacteria.p_Firmicutes.c_Clostridia.o_Eubacteriales.f_Oscillospiraceae.g_Hydrogeniiclostidium.s_Hydrogeniiclostidium.mannosilyticum	0.0	0.9449707963332806	1.0811398755356874	1.3442895018127834	0.788767805605964	0.8173343222671614	0.788767805605964	0.8173343222671614	1.0	endpoint
k_Bacteria.p_Firmicutes.c_Clostridia.o_Eubacteriales.f_Oscillospiraceae.g_Hydrogeniiclostidium.s_Unclassified.Hydrogeniiclostidium	0.0	1.3197165330642093	1.243036150516385	1.709845043759509	0.8830129534517964	0.9129220509249544	0.8830129534517964	0.9129220509249544	1.0	endpoint
k_Bacteria.p_Firmicutes.c_Clostridia.o_Eubacteriales.f_Oscillospiraceae.g_Massilimaliae.s_Massilimaliae.timonensis	0.0	0.20675583936150246	0.20963913337370477	1.7388096486874645	0.5474457455205891	0.43582139299780615	0.5474457455205891	0.5641786070021939	0.5714285714285714	endpoint
k_Bacteria.p_Firmicutes.c_Clostridia.o_Eubacteriales.f_Oscillospiraceae.g_Massilimaliae.s_Unclassified.Massilimaliae	0.0	1.0265242390883065	1.1774647926178783	1.2739929924610183	0.8172028920426272	0.8750860358263967	0.8172028920426272	0.8750860358263967	1.0	endpoint
k_Bacteria.p_Firmicutes.c_Clostridia.o_Eubacteriales.f_Oscillospiraceae.g_Monoglobus.s_Monoglobus.pectinilyticus	0.0	0.5555843680976221	0.801824613989465	1.4355168756124164	0.6406909795158284	0.7114053489406453	0.6406909795158284	0.7114053489406453	0.8571428571428571	endpoint
k_Bacteria.p_Firmicutes.c_Clostridia.o_Eubacteriales.f_Oscillospiraceae.g_Monoglobus.s_Unclassified.Monoglobus	0.0	0.8758211501109737	0.9708138603281081	1.3463245724870625	0.7583667966643264	0.8057851567384704	0.7583667966643264	0.8057851567384704	1.0	endpoint
k_Bacteria.p_Firmicutes.c_Clostridia.o_Eubacteriales.f_Oscillospiraceae.g_Neobittarella.s_Neobittarella.massiliensis	0.0	1.1560809268196006	1.264322584584278	1.920795576337341	0.8302773257297152	0.9622380476835415	0.8302773257297152	0.9622380476835415	0.8571428571428571	endpoint
k_Bacteria.p_Firmicutes.c_Clostridia.o_Eubacteriales.f_Oscillospiraceae.g_Oscillibacter.s_Oscillibacter.sp.	0.0	0.7669564866317291	1.0209980042688496	1.230363387996157	0.7454682696773375	0.8044441060091011	0.7454682696773375	0.8044441060091011	0.8571428571428571	endpoint
k_Bacteria.p_Firmicutes.c_Clostridia.o_Eubacteriales.f_Oscillospiraceae.g_Oscillibacter.s_Unclassified.Oscillibacter	0.0	0.7545624960710724	1.2718731414296933	1.546079209482145	0.7170029072983163	0.8075118724518949	0.7170029072983163	0.8075118724518949	0.7142857142857143	endpoint
k_Bacteria.p_Firmicutes.c_Clostridia.o_Eubacteriales.f_Oscillospiraceae.g_Oscillospiraceae.bacterium..no.genus.in.NCBI..s_Oscillospiraceae.bacterium	0.14285714285714285	0.9973618004897905	1.427017051731243	2.031154867512026	0.7635962253610836	0.8380882037559807	0.7635962253610836	0.8380882037559807	0.8571428571428571	endpoint
k_Bacteria.p_Firmicutes.c_Clostridia.o_Eubacteriales.f_Oscillospiraceae.g_Phocea.s_Unclassified.Phocea	0.0	1.1053562002232413	1.2708071152496785	1.9212630076390143	0.8178658608659265	0.7758812496278785	0.8178658608659265	0.7758812496278785	1.0	endpoint
k_Bacteria.p_Firmicutes.c_Clostridia.o_Eubacteriales.f_Oscillospiraceae.g_Pseudoflavonifractor.s_Pseudoflavonifractor.sp.	0.0	0.7279068077480728	0.9724585890139276	1.6652989912471832	0.7105705636125794	0.8224477016202869	0.7105705636125794	0.8224477016202869	0.7142857142857143	endpoint
k_Bacteria.p_Firmicutes.c_Clostridia.o_Eubacteriales.f_Oscillospiraceae.g_Pseudoflavonifractor.s_Unclassified.Pseudoflavonifractor	0.0	0.10768565334019421	0.3447432657393881	1.325132107890944	0.5361080463321454	0.5735013568880166	0.5361080463321454	0.5735013568880166	0.5714285714285714	endpoint
k_Bacteria.p_Firmicutes.c_Clostridia.o_Eubacteriales.f_Oscillospiraceae.g_Ruminiclostridium.s_Unclassified.Ruminiclostridium	0.0	0.24618684589383286	0.051288129972912606	1.4918260577093967	0.5534363721424305	0.5482307675611211	0.5534363721424305	0.5482307675611211	0.7142857142857143	endpoint
k_Bacteria.p_Firmicutes.c_Clostridia.o_Eubacteriales.f_Oscillospiraceae.g_Ruminococcus.s_Ruminococcus.bicirculans	0.0	0.7446648485615002	0.8597589186241524	1.3987099746646936	0.7447693331490595	0.7446171424328875	0.7447693331490595	0.7446171424328875	0.8571428571428571	endpoint
k_Bacteria.p_Firmicutes.c_Clostridia.o_Eubacteriales.f_Oscillospiraceae.g_Ruminococcus.s_Ruminococcus.bromii	0.0	1.2152918065774705	1.2205855481769738	1.4923598434942118	0.8641557366080063	0.9189854347686852	0.8641557366080063	0.9189854347686852	1.0	endpoint
k_Bacteria.p_Firmicutes.c_Clostridia.o_Eubacteriales.f_Oscillospiraceae.g_Ruminococcus.s_Ruminococcus.sp.	0.0	0.026182153198878604	0.16406462010137213	1.2676351264703338	0.5555586289345716	0.47483961624443793	0.5555586289345716	0.5251603837555621	0.5714285714285714	endpoint
k_Bacteria.p_Firmicutes.c_Clostridia.o_Eubacteriales.f_Oscillospiraceae.g_Ruminococcus.s_Unclassified.Ruminococcus	0.0	0.2124942687003546	0.3715093869962885	1.3102801788475718	0.5894067023233545	0.5984435268648057	0.5894067023233545	0.5984435268648057	0.5714285714285714	endpoint
k_Bacteria.p_Firmicutes.c_Clostridia.o_Eubacteriales.f_Oscillospiraceae.g_Ruthenibacterium.s_Ruthenibacterium.lactatiformans	0.0	0.4905784206392247	0.6785341795744441	1.6279305291922495	0.6397743093345405	0.703829145398782	0.6397743093345405	0.703829145398782	0.7142857142857143	endpoint
k_Bacteria.p_Firmicutes.c_Clostridia.o_Eubacteriales.f_Oscillospiraceae.g_Ruthenibacterium.s_Unclassified.Ruthenibacterium	0.0	0.08411544919934319	0.17330771589696672	1.3739046173648484	0.48092741316850146	0.4301002992711207	0.5190725868314985	0.5698997007288793	0.5714285714285714	baseline
k_Bacteria.p_Firmicutes.c_Clostridia.o_Eubacteriales.f_Oscillospiraceae.g_Subdoligranulum.s_Subdoligranulum.sp.	0.0	0.7501791570347484	0.46875272207110763	1.4278453073464528	0.7362546260588821	0.6825807626094406	0.7362546260588821	0.6825807626094406	1.0	endpoint
k_Bacteria.p_Firmicutes.c_Clostridia.o_Eubacteriales.f_Oscillospiraceae.g_Subdoligranulum.s_Subdoligranulum.variabile	0.0	0.7794395607865937	1.025520192285021	1.491068198595379	0.7333433545760223	0.7903071012795165	0.7333433545760223	0.7903071012795165	0.8571428571428571	endpoint
k_Bacteria.p_Firmicutes.c_Clostridia.o_Eubacteriales.f_Oscillospiraceae.g_Subdoligranulum.s_Unclassified.Subdoligranulum	0.0	1.0752698060096721	1.198891241936898	1.6577031156311701	0.8348878240505943	0.9007323156010348	0.8348878240505943	0.9007323156010348	0.8571428571428571	endpoint
k_Bacteria.p_Firmicutes.c_Clostridia.o_Eubacteriales.f_Oscillospiraceae.g_Unclassified.Oscillospiraceae.s_Unclassified.Oscillospiraceae	0.0	0.6653869866976118	0.6807028152447386	1.7471469929202121	0.7072571750557147	0.773978215846504	0.7072571750557147	0.773978215846504	0.8571428571428571	endpoint
k_Bacteria.p_Firmicutes.c_Clostridia.o_Eubacteriales.f_Peptococcaceae.g_Unclassified.Peptococcaceae.s_Unclassified.Peptococcaceae	0.0	0.2515142034916419	0.4857329709010026	0.8839167002653563	0.5597231260709152	0.6078467582117999	0.5597231260709152	0.6078467582117999	0.7142857142857143	endpoint
k_Bacteria.p_Firmicutes.c_Clostridia.o_Eubacteriales.f_Peptostreptococcaceae.g_Clostridioides.s_Clostridioides.difficile	0.0	0.7944039730204212	0.9161834390798743	1.2975004510244676	0.2682720482109303	0.2484468796301793	0.7317279517890697	0.7515531203698207	1.0	baseline
k_Bacteria.p_Firmicutes.c_Clostridia.o_Eubacteriales.f_Peptostreptococcaceae.g_Clostridioides.s_Unclassified.Clostridioides	0.0	0.3652780467298658	0.5104133023232376	1.9679033751987556	0.6104246981457823	0.6751667791579231	0.6104246981457823	0.6751667791579231	0.5714285714285714	endpoint
k_Bacteria.p_Firmicutes.c_Clostridia.o_Eubacteriales.f_Peptostreptococcaceae.g_Criibacterium.s_Unclassified.Criibacterium	0.0	0.461956987868097	0.5737685036016598	1.3326828939863156	0.6614988878069108	0.6823762301725643	0.6614988878069108	0.6823762301725643	0.7142857142857143	endpoint
k_Bacteria.p_Firmicutes.c_Clostridia.o_Eubacteriales.f_Peptostreptococcaceae.g_Intestinibacter.s_Intestinibacter.bartlettii	0.0	0.5994153255491004	0.9241905718071853	1.464523285989139	0.6675627773486806	0.807061854595302	0.6675627773486806	0.807061854595302	0.8571428571428571	endpoint
k_Bacteria.p_Firmicutes.c_Clostridia.o_Eubacteriales.f_Peptostreptococcaceae.g_Intestinibacter.s_Unclassified.Intestinibacter	0.14285714285714285	0.49661076303994245	0.8950008603740858	2.0241115861537193	0.7091864262580689	0.7543311294979487	0.7091864262580689	0.7543311294979487	0.8571428571428571	endpoint
k_Bacteria.p_Firmicutes.c_Clostridia.o_Eubacteriales.f_Peptostreptococcaceae.g_Peptacetobacter.s_Unclassified.Peptacetobacter	0.0	0.4952827524883054	0.665258371533461	1.1325049448456652	0.6585903362775721	0.69096273988054	0.6585903362775721	0.69096273988054	0.8571428571428571	endpoint
k_Bacteria.p_Firmicutes.c_Clostridia.o_Eubacteriales.f_Peptostreptococcaceae.g_Romboutsia.s_Romboutsia.timonensis	0.0	0.8678359715969346	1.1188645959161443	1.6831537509282475	0.7767264882693331	0.9066821628589533	0.7767264882693331	0.9066821628589533	0.8571428571428571	endpoint
k_Bacteria.p_Firmicutes.c_Clostridia.o_Eubacteriales.f_Peptostreptococcaceae.g_Romboutsia.s_Unclassified.Romboutsia	0.0	0.7225636841098336	0.6014611859749215	1.5152154545547283	0.7375366601595513	0.6734207012239117	0.7375366601595513	0.6734207012239117	1.0	endpoint
k_Bacteria.p_Firmicutes.c_Clostridia.o_Eubacteriales.f_Peptostreptococcaceae.g_Terrisporobacter.s_Terrisporobacter.glycolicus	0.0	0.8894051299066453	1.3389025009568893	1.6205946992588178	0.7453010774288744	0.9288285029278559	0.7453010774288744	0.9288285029278559	0.8571428571428571	endpoint
k_Bacteria.p_Firmicutes.c_Clostridia.o_Eubacteriales.f_Peptostreptococcaceae.g_Terrisporobacter.s_Unclassified.Terrisporobacter	0.0	0.5999789310596609	0.8595063720766521	1.2623104542504027	0.6764020447117357	0.6356282860520944	0.6764020447117357	0.6356282860520944	0.8571428571428571	endpoint
k_Bacteria.p_Firmicutes.c_Clostridia.o_Eubacteriales.f_Peptostreptococcaceae.g_Unclassified.Peptostreptococcaceae.s_Unclassified.Peptostreptococcaceae	0.0	0.9641459741711956	1.1399656579978448	1.51872634630694	0.8131346717323719	0.9053951903838853	0.8131346717323719	0.9053951903838853	1.0	endpoint
k_Bacteria.p_Firmicutes.c_Clostridia.o_Eubacteriales.f_Unclassified.Eubacteriales.g_Unclassified.Eubacteriales.s_Unclassified.Eubacteriales	0.0	0.4697775794266822	0.8809843284923055	1.516123259033276	0.6591872721181299	0.6915242602778712	0.6591872721181299	0.6915242602778712	0.7142857142857143	endpoint
k_Bacteria.p_Firmicutes.c_Clostridia.o_Unclassified.Clostridia.f_Unclassified.Clostridia.g_Unclassified.Clostridia.s_Unclassified.Clostridia	0.0	0.5366948978144438	1.0402646064486811	1.4856803594335348	0.6756604174078192	0.6433017266171753	0.6756604174078192	0.6433017266171753	0.8571428571428571	endpoint
k_Bacteria.p_Firmicutes.c_Erysipelotrichia.o_Erysipelotrichales.f_Coprobacillaceae.g_Catenibacterium.s_Catenibacterium.mitsuokai	0.0	0.20224146313809926	0.39222176553992294	1.1355382512527925	0.5456326134875852	0.6157465515408759	0.5456326134875852	0.6157465515408759	0.5714285714285714	endpoint
k_Bacteria.p_Firmicutes.c_Erysipelotrichia.o_Erysipelotrichales.f_Coprobacillaceae.g_Catenibacterium.s_Catenibacterium.sp.	0.0	0.12442010562260772	0.2288721071721607	0.9464974072367567	0.44640244402597945	0.4477477948462183	0.5535975559740205	0.5522522051537817	0.5714285714285714	baseline
k_Bacteria.p_Firmicutes.c_Erysipelotrichia.o_Erysipelotrichales.f_Coprobacillaceae.g_Catenibacterium.s_Unclassified.Catenibacterium	0.0	0.3443134046420085	0.08073136562267944	1.5781868176873688	0.5822703225269193	0.5505135277373864	0.5822703225269193	0.5505135277373864	0.7142857142857143	endpoint
k_Bacteria.p_Firmicutes.c_Erysipelotrichia.o_Erysipelotrichales.f_Coprobacillaceae.g_Coprobacillus.s_Coprobacillus.cateniformis	0.0	0.41239747801901316	0.6532308246791695	1.4132353551717658	0.6314775755582444	0.7641250428675179	0.6314775755582444	0.7641250428675179	0.5714285714285714	endpoint
k_Bacteria.p_Firmicutes.c_Erysipelotrichia.o_Erysipelotrichales.f_Coprobacillaceae.g_Coprobacillus.s_Coprobacillus.sp.	0.0	0.5667415350769048	0.6624105474695413	1.6899072196876124	0.6458987456126365	0.7236172127446894	0.6458987456126365	0.7236172127446894	0.8571428571428571	endpoint
k_Bacteria.p_Firmicutes.c_Erysipelotrichia.o_Erysipelotrichales.f_Coprobacillaceae.g_Coprobacillus.s_Unclassified.Coprobacillus	0.0	0.625977282663551	1.0705191784834456	1.3007002909058731	0.6869648369022879	0.6483238963245611	0.6869648369022879	0.6483238963245611	0.8571428571428571	endpoint
k_Bacteria.p_Firmicutes.c_Erysipelotrichia.o_Erysipelotrichales.f_Coprobacillaceae.g_Unclassified.Coprobacillaceae.s_Unclassified.Coprobacillaceae	0.0	0.09298186927751503	0.3623579469457915	1.4685849433000677	0.5507162080439719	0.5307712209508441	0.5507162080439719	0.5307712209508441	0.5714285714285714	endpoint
k_Bacteria.p_Firmicutes.c_Erysipelotrichia.o_Erysipelotrichales.f_Erysipelotrichaceae.g_Dielma.s_Dielma.fastidiosa	0.0	0.8973127038612906	1.0384017030183084	1.510057777646423	0.7993995576579201	0.9022713953018411	0.7993995576579201	0.9022713953018411	0.8571428571428571	endpoint
k_Bacteria.p_Firmicutes.c_Erysipelotrichia.o_Erysipelotrichales.f_Erysipelotrichaceae.g_Erysipelatoclostridium.s_Erysipelatoclostridium.ramosum	0.0	0.04345878555572773	0.30747422982545897	1.1943248331786165	0.48789188735858985	0.42288436770654375	0.5121081126414102	0.5771156322934563	0.5714285714285714	endpoint
k_Bacteria.p_Firmicutes.c_Erysipelotrichia.o_Erysipelotrichales.f_Erysipelotrichaceae.g_Erysipelatoclostridium.s_Erysipelatoclostridium.sp.	0.0	0.8822141353454672	1.1568091468183013	1.4863360451084817	0.77369597998252	0.8073982259791512	0.77369597998252	0.8073982259791512	1.0	endpoint
k_Bacteria.p_Firmicutes.c_Erysipelotrichia.o_Erysipelotrichales.f_Erysipelotrichaceae.g_Erysipelatoclostridium.s_Unclassified.Erysipelatoclostridium	0.0	0.2512908049593304	0.06911814628300793	1.2928318679275892	0.5885576203555567	0.4970361944556739	0.5885576203555567	0.5029638055443262	0.5714285714285714	endpoint
k_Bacteria.p_Firmicutes.c_Erysipelotrichia.o_Erysipelotrichales.f_Erysipelotrichaceae.g_Erysipelotrichaceae.bacterium..no.genus.in.NCBI..s_Erysipelotrichaceae.bacterium	0.0	0.19534385223321102	0.5057661691577028	1.179578926345962	0.538859340576473	0.5697720384742155	0.538859340576473	0.5697720384742155	0.5714285714285714	endpoint
k_Bacteria.p_Firmicutes.c_Erysipelotrichia.o_Erysipelotrichales.f_Erysipelotrichaceae.g_Faecalitalea.s_Faecalitalea.cylindroides	0.0	0.5058465715572039	0.7825457971988781	1.141746502046352	0.35659693851952057	0.2661662458333899	0.6434030614804794	0.7338337541666101	0.7142857142857143	baseline
k_Bacteria.p_Firmicutes.c_Erysipelotrichia.o_Erysipelotrichales.f_Erysipelotrichaceae.g_Holdemanella.s_Holdemanella.biformis	0.0	0.6899374193210138	0.6360334706204781	1.6237912155743979	0.68187548912925	0.7152092918717916	0.68187548912925	0.7152092918717916	0.8571428571428571	endpoint
k_Bacteria.p_Firmicutes.c_Erysipelotrichia.o_Erysipelotrichales.f_Erysipelotrichaceae.g_Holdemanella.s_Holdemanella.sp.	0.0	0.8029869264925075	1.1166714312726362	1.4651296884235405	0.7806080640333801	0.8575851791488195	0.7806080640333801	0.8575851791488195	0.8571428571428571	endpoint
k_Bacteria.p_Firmicutes.c_Erysipelotrichia.o_Erysipelotrichales.f_Erysipelotrichaceae.g_Holdemanella.s_Unclassified.Holdemanella	0.0	0.5411968998118342	0.5081152918632522	1.201538710653032	0.6798683960809482	0.6319817763259921	0.6798683960809482	0.6319817763259921	0.8571428571428571	endpoint
k_Bacteria.p_Firmicutes.c_Erysipelotrichia.o_Erysipelotrichales.f_Erysipelotrichaceae.g_Holdemania.s_Holdemania.filiformis	0.0	0.9805036392520512	1.2159091426275206	1.9407244915870454	0.7583018399170003	0.7974497598550682	0.7583018399170003	0.7974497598550682	0.8571428571428571	endpoint
k_Bacteria.p_Firmicutes.c_Erysipelotrichia.o_Erysipelotrichales.f_Erysipelotrichaceae.g_Holdemania.s_Holdemania.massiliensis	0.14285714285714285	0.6846138014721939	1.100430523941335	2.4402284764431843	0.6517401864038366	0.8209570778687557	0.6517401864038366	0.8209570778687557	0.5714285714285714	endpoint
k_Bacteria.p_Firmicutes.c_Erysipelotrichia.o_Erysipelotrichales.f_Erysipelotrichaceae.g_Holdemania.s_Holdemania.sp.	0.14285714285714285	1.294502111568328	1.237766183760827	2.341586634425073	0.8634149008860511	0.8593173443871832	0.8634149008860511	0.8593173443871832	1.0	endpoint
k_Bacteria.p_Firmicutes.c_Erysipelotrichia.o_Erysipelotrichales.f_Erysipelotrichaceae.g_Holdemania.s_Unclassified.Holdemania	0.0	0.015889894348572242	0.3786049946814971	1.7414925192496593	0.5386812170404474	0.6331517436259748	0.5386812170404474	0.6331517436259748	0.5714285714285714	baseline
k_Bacteria.p_Firmicutes.c_Erysipelotrichia.o_Erysipelotrichales.f_Erysipelotrichaceae.g_Intestinibaculum.s_Intestinibaculum.porci	0.0	0.8137369553626188	1.2732724958626707	1.5271343704787927	0.7510106367985772	0.8855565623038345	0.7510106367985772	0.8855565623038345	0.8571428571428571	endpoint
k_Bacteria.p_Firmicutes.c_Erysipelotrichia.o_Erysipelotrichales.f_Erysipelotrichaceae.g_Longicatena.s_Longicatena.caecimuris	0.0	0.21136649741849606	0.04019179348293325	1.215474237862201	0.45170646663083025	0.4883856056353089	0.5482935333691697	0.5116143943646911	0.7142857142857143	baseline
k_Bacteria.p_Firmicutes.c_Erysipelotrichia.o_Erysipelotrichales.f_Erysipelotrichaceae.g_Massilimicrobiota.s_Massilimicrobiota.timonensis	0.0	0.6181456843418618	0.7988204202166898	1.2982635214714568	0.3041981116950029	0.30330463889946485	0.6958018883049971	0.6966953611005351	1.0	baseline
k_Bacteria.p_Firmicutes.c_Erysipelotrichia.o_Erysipelotrichales.f_Erysipelotrichaceae.g_Massilimicrobiota.s_Unclassified.Massilimicrobiota	0.0	1.1114869288005926	1.2686810259401502	1.837076098079645	0.8467774402195164	0.9426661154967203	0.8467774402195164	0.9426661154967203	1.0	endpoint
k_Bacteria.p_Firmicutes.c_Erysipelotrichia.o_Erysipelotrichales.f_Erysipelotrichaceae.g_Solobacterium.s_Solobacterium.sp.	0.0	0.5755123554246406	0.8986352898765456	1.2863357416862207	0.32336360787196883	0.24890167483432585	0.6766363921280312	0.7510983251656742	0.7142857142857143	baseline
k_Bacteria.p_Firmicutes.c_Erysipelotrichia.o_Erysipelotrichales.f_Erysipelotrichaceae.g_Unclassified.Erysipelotrichaceae.s_Unclassified.Erysipelotrichaceae	0.0	0.6081391383227989	0.7632593788493607	1.4005026771797435	0.6660015557305733	0.7153995690244372	0.6660015557305733	0.7153995690244372	0.8571428571428571	endpoint
k_Bacteria.p_Firmicutes.c_Erysipelotrichia.o_Erysipelotrichales.f_Unclassified.Erysipelotrichales.g_Unclassified.Erysipelotrichales.s_Unclassified.Erysipelotrichales	0.0	0.7144047477841313	0.7826316348517908	1.6485782015299848	0.7249469525404117	0.7593536987611698	0.7249469525404117	0.7593536987611698	0.8571428571428571	endpoint
k_Bacteria.p_Firmicutes.c_Firmicutes.bacterium..no.class.in.NCBI..o_Firmicutes.bacterium..no.order.in.NCBI..f_Firmicutes.bacterium..no.family.in.NCBI..g_Firmicutes.bacterium..no.genus.in.NCBI..s_Firmicutes.bacterium	0.0	0.3996538797364482	1.1524504214787714	1.8616072428497834	0.642589991693959	0.8991469311403084	0.642589991693959	0.8991469311403084	0.7142857142857143	endpoint
k_Bacteria.p_Firmicutes.c_Negativicutes.o_Acidaminococcales.f_Acidaminococcaceae.g_Acidaminococcus.s_Unclassified.Acidaminococcus	0.0	0.29723787283190395	0.7210882998006661	1.4167526458665844	0.5775183711104355	0.6817705871944021	0.5775183711104355	0.6817705871944021	0.5714285714285714	endpoint
k_Bacteria.p_Firmicutes.c_Negativicutes.o_Acidaminococcales.f_Acidaminococcaceae.g_Phascolarctobacterium.s_Phascolarctobacterium.faecium	0.0	0.37766758414377843	0.24159052447674226	1.4465654636050407	0.6127313192113746	0.5957428428494768	0.6127313192113746	0.5957428428494768	0.8571428571428571	endpoint
k_Bacteria.p_Firmicutes.c_Negativicutes.o_Acidaminococcales.f_Acidaminococcaceae.g_Phascolarctobacterium.s_Phascolarctobacterium.sp.	0.0	0.6346573232766123	0.8489662924317891	1.0458228131116494	0.3337892038981035	0.3147233641551688	0.6662107961018965	0.6852766358448312	0.8571428571428571	baseline
k_Bacteria.p_Firmicutes.c_Negativicutes.o_Acidaminococcales.f_Acidaminococcaceae.g_Phascolarctobacterium.s_Phascolarctobacterium.succinatutens	0.0	0.4240322671831346	0.6212294374275957	1.4217213957894004	0.34792564428904843	0.3364017882315202	0.6520743557109516	0.6635982117684798	0.7142857142857143	baseline
k_Bacteria.p_Firmicutes.c_Negativicutes.o_Acidaminococcales.f_Acidaminococcaceae.g_Phascolarctobacterium.s_Unclassified.Phascolarctobacterium	0.0	0.6609690181715279	0.7258967215827032	1.2579159021375435	0.6968554218032735	0.6828946996112758	0.6968554218032735	0.6828946996112758	0.8571428571428571	endpoint
k_Bacteria.p_Firmicutes.c_Negativicutes.o_Acidaminococcales.f_Acidaminococcaceae.g_Unclassified.Acidaminococcaceae.s_Unclassified.Acidaminococcaceae	0.0	0.27486527348345335	0.26392836842114836	1.6412617703511625	0.5659537945431321	0.4507361875861889	0.5659537945431321	0.5492638124138112	0.5714285714285714	endpoint
k_Bacteria.p_Firmicutes.c_Negativicutes.o_Selenomonadales.f_Selenomonadaceae.g_Megamonas.s_Megamonas.funiformis	0.0	0.9352786496181693	1.1180096745207528	1.3461141013555005	0.7853685936819483	0.857880663841249	0.7853685936819483	0.857880663841249	1.0	endpoint
k_Bacteria.p_Firmicutes.c_Negativicutes.o_Selenomonadales.f_Selenomonadaceae.g_Megamonas.s_Unclassified.Megamonas	0.0	0.13100712195997893	0.6887290105086971	1.4824833914428055	0.566427378913413	0.6742056354195393	0.566427378913413	0.6742056354195393	0.7142857142857143	endpoint
k_Bacteria.p_Firmicutes.c_Negativicutes.o_Unclassified.Negativicutes.f_Unclassified.Negativicutes.g_Unclassified.Negativicutes.s_Unclassified.Negativicutes	0.0	0.28440735784085386	0.6221155734406192	1.3971952237194443	0.5653496453771778	0.7025511561459076	0.5653496453771778	0.7025511561459076	0.5714285714285714	endpoint
k_Bacteria.p_Firmicutes.c_Negativicutes.o_Veillonellales.f_Veillonellaceae.g_Dialister.s_Dialister.sp.	0.0	0.018351340542266947	0.27865681006656384	1.0914538224575334	0.5350505867298042	0.609010910420769	0.5350505867298042	0.609010910420769	0.5714285714285714	endpoint
k_Bacteria.p_Firmicutes.c_Negativicutes.o_Veillonellales.f_Veillonellaceae.g_Dialister.s_Unclassified.Dialister	0.0	0.7029797688212233	1.2381834679805805	1.3334347964202233	0.6999920505133771	0.691967113306228	0.6999920505133771	0.691967113306228	0.7142857142857143	endpoint
k_Bacteria.p_Firmicutes.c_Negativicutes.o_Veillonellales.f_Veillonellaceae.g_Megasphaera.s_Megasphaera.elsdenii	0.0	0.2758043005224518	0.3645966356032716	1.2856417547190309	0.5900191864690856	0.5984299976202304	0.5900191864690856	0.5984299976202304	0.7142857142857143	endpoint
k_Bacteria.p_Firmicutes.c_Negativicutes.o_Veillonellales.f_Veillonellaceae.g_Megasphaera.s_Megasphaera.micronuciformis	0.0	0.39366866669348244	0.2323140348407153	1.452423576732742	0.6187522411909533	0.5506650130816376	0.6187522411909533	0.5506650130816376	0.7142857142857143	endpoint
k_Bacteria.p_Firmicutes.c_Negativicutes.o_Veillonellales.f_Veillonellaceae.g_Megasphaera.s_Megasphaera.sp.	0.0	0.3441701425093933	0.1850463931182467	1.1620023108977635	0.6214205878994806	0.5714532690176956	0.6214205878994806	0.5714532690176956	0.7142857142857143	endpoint
k_Bacteria.p_Firmicutes.c_Negativicutes.o_Veillonellales.f_Veillonellaceae.g_Megasphaera.s_Unclassified.Megasphaera	0.0	0.525763962696899	0.8400002836627405	1.7022890740437089	0.6787164111809452	0.7945188652876256	0.6787164111809452	0.7945188652876256	0.7142857142857143	endpoint
k_Bacteria.p_Firmicutes.c_Negativicutes.o_Veillonellales.f_Veillonellaceae.g_Unclassified.Veillonellaceae.s_Unclassified.Veillonellaceae	0.0	0.057499008434314484	0.14700552320222646	1.3060632136424233	0.5375864231030458	0.548155854549391	0.5375864231030458	0.548155854549391	0.5714285714285714	endpoint
k_Bacteria.p_Firmicutes.c_Negativicutes.o_Veillonellales.f_Veillonellaceae.g_Veillonella.s_Unclassified.Veillonella	0.0	0.41970071248329716	0.8184422746790355	1.6240385641648962	0.6453799349530989	0.7518523067099471	0.6453799349530989	0.7518523067099471	0.5714285714285714	endpoint
k_Bacteria.p_Firmicutes.c_Negativicutes.o_Veillonellales.f_Veillonellaceae.g_Veillonella.s_Veillonella.atypica	0.0	0.1642163985919802	0.0017466953925836018	1.2316488576840205	0.4506743470194869	0.5292091641942548	0.5493256529805131	0.5292091641942548	0.5714285714285714	baseline
k_Bacteria.p_Firmicutes.c_Negativicutes.o_Veillonellales.f_Veillonellaceae.g_Veillonella.s_Veillonella.dispar	0.0	0.2300283576581293	0.40850986244874476	1.3151775701729975	0.42327164711626963	0.3639248658208442	0.5767283528837304	0.6360751341791557	0.7142857142857143	baseline
k_Bacteria.p_Firmicutes.c_Negativicutes.o_Veillonellales.f_Veillonellaceae.g_Veillonella.s_Veillonella.parvula	0.0	0.14524645166028938	0.387054949974977	1.4262718445455547	0.4641598777050732	0.5348708505980216	0.5358401222949267	0.5348708505980216	0.5714285714285714	baseline
k_Bacteria.p_Firmicutes.c_Negativicutes.o_Veillonellales.f_Veillonellaceae.g_Veillonella.s_Veillonella.ratti	0.0	0.019849982621984435	0.06281640601072792	1.0456249518467666	0.5034831492645289	0.4825920051192385	0.5034831492645289	0.5174079948807615	0.7142857142857143	endpoint
k_Bacteria.p_Firmicutes.c_Negativicutes.o_Veillonellales.f_Veillonellaceae.g_Veillonella.s_Veillonella.seminalis	0.0	0.4550881586180843	0.7152739939104353	1.2370456371817842	0.6701956690571013	0.7164400099029451	0.6701956690571013	0.7164400099029451	0.7142857142857143	endpoint
k_Bacteria.p_Firmicutes.c_Negativicutes.o_Veillonellales.f_Veillonellaceae.g_Veillonella.s_Veillonella.sp.	0.0	0.3461623623827403	0.38196886644354794	1.4244469104526027	0.6156377621898932	0.663761459709941	0.6156377621898932	0.663761459709941	0.7142857142857143	endpoint
k_Bacteria.p_Firmicutes.c_Negativicutes.o_Veillonellales.f_Veillonellaceae.g_Veillonella.s_Veillonella.tobetsuensis	0.0	0.34629230931047994	0.6081657400118058	1.0265608280245329	0.6300993031483594	0.7479618866710137	0.6300993031483594	0.7479618866710137	0.7142857142857143	endpoint
k_Bacteria.p_Firmicutes.c_Unclassified.Firmicutes.o_Unclassified.Firmicutes.f_Unclassified.Firmicutes.g_Unclassified.Firmicutes.s_Unclassified.Firmicutes	0.0	0.44967131322642867	0.7482387673470933	1.3302599279864669	0.6676636090197382	0.7509756985056981	0.6676636090197382	0.7509756985056981	0.7142857142857143	endpoint
k_Bacteria.p_Proteobacteria.c_Alphaproteobacteria.o_Rhodospirillales.f_Azospirillaceae.g_Azospirillum.s_Azospirillum.sp.	0.0	0.7585453910418652	1.0390074888381313	1.4147708429192998	0.734573246307533	0.8302849408106134	0.734573246307533	0.8302849408106134	0.8571428571428571	endpoint
k_Bacteria.p_Proteobacteria.c_Alphaproteobacteria.o_Rhodospirillales.f_Azospirillaceae.g_Azospirillum.s_Unclassified.Azospirillum	0.0	0.9343769796490949	0.8741585447722932	1.262813367469016	0.7848874425413506	0.770976800002095	0.7848874425413506	0.770976800002095	1.0	endpoint
k_Bacteria.p_Proteobacteria.c_Betaproteobacteria.o_Burkholderiales.f_Sutterellaceae.g_Parasutterella.s_Unclassified.Parasutterella	0.0	0.8887364713980681	1.0613606087395724	1.3249064518791425	0.7632105017620282	0.7794482587600817	0.7632105017620282	0.7794482587600817	1.0	endpoint
k_Bacteria.p_Proteobacteria.c_Betaproteobacteria.o_Burkholderiales.f_Sutterellaceae.g_Sutterella.s_Sutterella.sp.	0.0	0.5881728486145235	0.5644843460796826	1.2796722907305123	0.6829630251227788	0.6448445371019165	0.6829630251227788	0.6448445371019165	1.0	endpoint
k_Bacteria.p_Proteobacteria.c_Betaproteobacteria.o_Burkholderiales.f_Sutterellaceae.g_Sutterella.s_Sutterella.wadsworthensis	0.0	0.10025766335626275	0.08948609091304671	1.1576210477527424	0.5603250111771676	0.48547529781595083	0.5603250111771676	0.5145247021840491	0.5714285714285714	endpoint
k_Bacteria.p_Proteobacteria.c_Betaproteobacteria.o_Burkholderiales.f_Sutterellaceae.g_Sutterella.s_Unclassified.Sutterella	0.0	0.02528669048787126	0.28140689914545597	1.3024678325780135	0.5012561230636813	0.4239081555931756	0.5012561230636813	0.5760918444068244	0.5714285714285714	endpoint
k_Bacteria.p_Proteobacteria.c_Betaproteobacteria.o_Burkholderiales.f_Sutterellaceae.g_Unclassified.Sutterellaceae.s_Unclassified.Sutterellaceae	0.14285714285714285	0.9756788053793645	1.1201632860664092	2.039387318095881	0.7753340785869279	0.8091531493585037	0.7753340785869279	0.8091531493585037	0.8571428571428571	endpoint
k_Bacteria.p_Proteobacteria.c_Betaproteobacteria.o_Burkholderiales.f_Unclassified.Burkholderiales.g_Unclassified.Burkholderiales.s_Unclassified.Burkholderiales	0.0	1.1964917807495319	1.2521812006471762	1.4949963305785	0.8545075347863499	0.854775709519578	0.8545075347863499	0.854775709519578	1.0	endpoint
k_Bacteria.p_Proteobacteria.c_Betaproteobacteria.o_Neisseriales.f_Neisseriaceae.g_Neisseria.s_Unclassified.Neisseria	0.0	0.8751587896302413	1.1919857942038234	1.5224865074900118	0.7565654276687397	0.8068389051269251	0.7565654276687397	0.8068389051269251	0.7142857142857143	endpoint
k_Bacteria.p_Proteobacteria.c_Deltaproteobacteria.o_Desulfovibrionales.f_Desulfovibrionaceae.g_Bilophila.s_Bilophila.wadsworthia	0.0	0.09503839094481907	0.14184836890429747	1.3815689469044279	0.46351541828300663	0.4941672814948209	0.5364845817169934	0.5058327185051791	0.5714285714285714	baseline
k_Bacteria.p_Proteobacteria.c_Deltaproteobacteria.o_Desulfovibrionales.f_Desulfovibrionaceae.g_Bilophila.s_Unclassified.Bilophila	0.0	0.11196333556608963	0.28888948968211325	1.224152769053973	0.4832923174032865	0.5807311877749782	0.5167076825967135	0.5807311877749782	0.5714285714285714	baseline
k_Bacteria.p_Proteobacteria.c_Deltaproteobacteria.o_Desulfovibrionales.f_Desulfovibrionaceae.g_Desulfovibrio.s_Unclassified.Desulfovibrio	0.0	0.05087572764047262	0.3793299697287321	1.4197095088126128	0.4765957117312232	0.5335885266656829	0.5234042882687768	0.5335885266656829	0.5714285714285714	baseline
k_Bacteria.p_Proteobacteria.c_Deltaproteobacteria.o_Desulfovibrionales.f_Desulfovibrionaceae.g_Unclassified.Desulfovibrionaceae.s_Unclassified.Desulfovibrionaceae	0.0	0.22523736694202606	0.586838106150699	1.1372394279501745	0.5552239710022848	0.6470686368798784	0.5552239710022848	0.6470686368798784	0.5714285714285714	endpoint
k_Bacteria.p_Proteobacteria.c_Epsilonproteobacteria.o_Campylobacterales.f_Campylobacteraceae.g_Campylobacter.s_Unclassified.Campylobacter	0.0	0.5441942953120066	0.8171035005622085	1.9632502351529606	0.6203778439076738	0.772926926502612	0.6203778439076738	0.772926926502612	0.7142857142857143	endpoint
k_Bacteria.p_Proteobacteria.c_Epsilonproteobacteria.o_Campylobacterales.f_Unclassified.Campylobacterales.g_Unclassified.Campylobacterales.s_Unclassified.Campylobacterales	0.0	0.05558543029812535	0.026850135733193215	0.889265060114418	0.5236455294020855	0.515487852309659	0.5236455294020855	0.515487852309659	0.7142857142857143	endpoint
k_Bacteria.p_Proteobacteria.c_Gammaproteobacteria.o_Enterobacterales.f_Enterobacteriaceae.g_Citrobacter.s_Citrobacter.freundii	0.0	0.147487457064829	0.11629404400664102	1.2674292261455384	0.5668070734135585	0.4764433335359204	0.5668070734135585	0.5235566664640796	0.5714285714285714	endpoint
k_Bacteria.p_Proteobacteria.c_Gammaproteobacteria.o_Enterobacterales.f_Enterobacteriaceae.g_Citrobacter.s_Unclassified.Citrobacter	0.0	0.7173550297172522	1.2895987533856783	1.6068033246490954	0.3065348416874765	0.20889718584464728	0.6934651583125235	0.7911028141553527	0.7142857142857143	baseline
k_Bacteria.p_Proteobacteria.c_Gammaproteobacteria.o_Enterobacterales.f_Enterobacteriaceae.g_Enterobacter.s_Enterobacter.asburiae	0.0	0.6291537789527133	0.6710334941280873	1.2500207847489706	0.3180873563015068	0.35632047792948035	0.6819126436984932	0.6436795220705196	0.7142857142857143	baseline
k_Bacteria.p_Proteobacteria.c_Gammaproteobacteria.o_Enterobacterales.f_Enterobacteriaceae.g_Enterobacter.s_Enterobacter.cloacae	0.0	0.9602774101307057	0.98014664684418	1.5911472635616513	0.22503154924985966	0.23003873871155284	0.7749684507501403	0.7699612612884472	1.0	baseline
k_Bacteria.p_Proteobacteria.c_Gammaproteobacteria.o_Enterobacterales.f_Enterobacteriaceae.g_Enterobacter.s_Enterobacter.hormaechei	0.0	0.04023037113317702	0.01241644268380193	1.2988602860711334	0.5212942973937472	0.5164259825654962	0.5212942973937472	0.5164259825654962	0.5714285714285714	endpoint
k_Bacteria.p_Proteobacteria.c_Gammaproteobacteria.o_Enterobacterales.f_Enterobacteriaceae.g_Enterobacter.s_Enterobacter.roggenkampii	0.0	0.08889352745075067	0.13899606436029147	1.3962723832800923	0.4495734468913202	0.5212983026472148	0.5504265531086798	0.5212983026472148	0.5714285714285714	baseline
k_Bacteria.p_Proteobacteria.c_Gammaproteobacteria.o_Enterobacterales.f_Enterobacteriaceae.g_Enterobacter.s_Unclassified.Enterobacter	0.0	0.7164201407916628	0.7641733014385859	1.3940053503152339	0.29299038611690303	0.25603951563726257	0.707009613883097	0.7439604843627374	0.8571428571428571	baseline
k_Bacteria.p_Proteobacteria.c_Gammaproteobacteria.o_Enterobacterales.f_Enterobacteriaceae.g_Escherichia.s_Escherichia.coli	0.0	0.3853641003478002	0.9500869990106807	1.6813942026789512	0.33224936493657825	0.1890750544292223	0.6677506350634217	0.8109249455707777	0.7142857142857143	baseline
k_Bacteria.p_Proteobacteria.c_Gammaproteobacteria.o_Enterobacterales.f_Enterobacteriaceae.g_Escherichia.s_Unclassified.Escherichia	0.0	0.7401367759325784	1.1719460498410268	1.8826818619868944	0.26470647653279056	0.07306143017227379	0.7352935234672094	0.9269385698277262	0.7142857142857143	baseline
k_Bacteria.p_Proteobacteria.c_Gammaproteobacteria.o_Enterobacterales.f_Enterobacteriaceae.g_Klebsiella.s_Klebsiella.grimontii	0.0	1.2147328489523466	1.3611320746261413	1.5316504196950786	0.1523178200565323	0.08545597746263991	0.8476821799434677	0.9145440225373601	1.0	baseline
k_Bacteria.p_Proteobacteria.c_Gammaproteobacteria.o_Enterobacterales.f_Enterobacteriaceae.g_Klebsiella.s_Klebsiella.michiganensis	0.0	0.7817558450295866	0.9142125813683588	1.9426785191534035	0.3178702475974068	0.22105498458329337	0.6821297524025932	0.7789450154167066	0.7142857142857143	baseline
k_Bacteria.p_Proteobacteria.c_Gammaproteobacteria.o_Enterobacterales.f_Enterobacteriaceae.g_Klebsiella.s_Klebsiella.oxytoca	0.0	0.8036547504724333	0.9781444998288301	1.8598756339221996	0.3045418876023294	0.23802275100103973	0.6954581123976706	0.7619772489989602	0.7142857142857143	baseline
k_Bacteria.p_Proteobacteria.c_Gammaproteobacteria.o_Enterobacterales.f_Enterobacteriaceae.g_Klebsiella.s_Klebsiella.pneumoniae	0.0	0.6567271331515938	0.6375413729369348	1.1684074706702763	0.2915011132305853	0.29549299497232545	0.7084988867694146	0.7045070050276745	1.0	baseline
k_Bacteria.p_Proteobacteria.c_Gammaproteobacteria.o_Enterobacterales.f_Enterobacteriaceae.g_Klebsiella.s_Klebsiella.variicola	0.0	0.7363034685380166	1.1412020439520312	1.8863936414612434	0.310900497361426	0.15748509104768937	0.689099502638574	0.8425149089523106	0.7142857142857143	baseline
k_Bacteria.p_Proteobacteria.c_Gammaproteobacteria.o_Enterobacterales.f_Enterobacteriaceae.g_Klebsiella.s_Unclassified.Klebsiella	0.0	0.7340237659856802	1.0225414351213016	1.725630023315537	0.30508742950365114	0.22578530795038143	0.6949125704963488	0.7742146920496186	0.8571428571428571	baseline
k_Bacteria.p_Proteobacteria.c_Gammaproteobacteria.o_Enterobacterales.f_Enterobacteriaceae.g_Salmonella.enterica..no.genus.in.NCBI..s_Salmonella.enterica	0.0	0.07652532198719982	0.05405114098550063	1.373966193049251	0.4840697206339503	0.5296974019456951	0.5159302793660496	0.5296974019456951	0.5714285714285714	baseline
k_Bacteria.p_Proteobacteria.c_Gammaproteobacteria.o_Enterobacterales.f_Enterobacteriaceae.g_Shigella.s_Unclassified.Shigella	0.0	1.1351398783022408	1.3983735467548732	1.7814128192107155	0.1685323702432398	0.030510861107851613	0.8314676297567603	0.9694891388921484	0.8571428571428571	baseline
k_Bacteria.p_Proteobacteria.c_Gammaproteobacteria.o_Enterobacterales.f_Enterobacteriaceae.g_Unclassified.Enterobacteriaceae.s_Unclassified.Enterobacteriaceae	0.0	0.34304310101510477	0.8603802512618537	1.799501863573967	0.4436453137955734	0.29125192841953385	0.5563546862044266	0.7087480715804662	0.7142857142857143	baseline
k_Bacteria.p_Proteobacteria.c_Gammaproteobacteria.o_Enterobacterales.f_Unclassified.Enterobacterales.g_Unclassified.Enterobacterales.s_Unclassified.Enterobacterales	0.0	0.9347328258804891	1.2583646583480177	1.5513593829150119	0.22984630495716957	0.1850507657687122	0.7701536950428305	0.8149492342312878	0.8571428571428571	baseline
k_Bacteria.p_Proteobacteria.c_Gammaproteobacteria.o_Enterobacterales.f_Yersiniaceae.g_Serratia.s_Unclassified.Serratia	0.0	0.06828064203298122	0.15621068123399517	1.0993250984594236	0.4865735361358393	0.4446903584401279	0.5134264638641607	0.5553096415598722	0.5714285714285714	baseline
k_Bacteria.p_Proteobacteria.c_Gammaproteobacteria.o_Pasteurellales.f_Pasteurellaceae.g_Haemophilus.s_Haemophilus.parainfluenzae	0.0	0.7295833766831105	1.1319152824204317	1.5756464246899637	0.7531378324533555	0.8645491777443027	0.7531378324533555	0.8645491777443027	0.8571428571428571	endpoint
k_Bacteria.p_Proteobacteria.c_Gammaproteobacteria.o_Pasteurellales.f_Pasteurellaceae.g_Haemophilus.s_Unclassified.Haemophilus	0.0	0.1994626891518922	0.3390389082933704	1.7353526967675912	0.4965564467608517	0.404396556473972	0.5034435532391484	0.595603443526028	0.5714285714285714	baseline
k_Bacteria.p_Proteobacteria.c_Gammaproteobacteria.o_Pasteurellales.f_Pasteurellaceae.g_Unclassified.Pasteurellaceae.s_Unclassified.Pasteurellaceae	0.0	0.5438138068939641	1.2711693720398747	1.4275878444883001	0.7125208341662254	0.956406335701517	0.7125208341662254	0.956406335701517	0.5714285714285714	endpoint
k_Bacteria.p_Proteobacteria.c_Gammaproteobacteria.o_Pseudomonadales.f_Moraxellaceae.g_Acinetobacter.s_Acinetobacter.baumannii	0.0	0.03363159725709809	0.36639132550886966	1.4644698281567619	0.5172584188673736	0.6292585311764365	0.5172584188673736	0.6292585311764365	0.5714285714285714	endpoint
k_Bacteria.p_Proteobacteria.c_Gammaproteobacteria.o_Pseudomonadales.f_Moraxellaceae.g_Acinetobacter.s_Unclassified.Acinetobacter	0.0	0.570231252848673	0.5955312699258707	1.5388845138140546	0.6472834932316092	0.6753354948666968	0.6472834932316092	0.6753354948666968	0.8571428571428571	endpoint
k_Bacteria.p_Proteobacteria.c_Gammaproteobacteria.o_Pseudomonadales.f_Pseudomonadaceae.g_Pseudomonas.s_Pseudomonas.aeruginosa	0.0	0.0954713728706257	0.34640511693796683	1.396406502532643	0.4767246987851908	0.4322120710988248	0.5232753012148093	0.5677879289011751	0.5714285714285714	baseline
k_Bacteria.p_Proteobacteria.c_Gammaproteobacteria.o_Pseudomonadales.f_Pseudomonadaceae.g_Pseudomonas.s_Unclassified.Pseudomonas	0.0	0.3191954349698204	0.5422712513384634	1.1185254083653275	0.39797447913753203	0.3806054426737815	0.602025520862468	0.6193945573262185	0.5714285714285714	baseline
k_Bacteria.p_Proteobacteria.c_Gammaproteobacteria.o_Pseudomonadales.f_Unclassified.Pseudomonadales.g_Unclassified.Pseudomonadales.s_Unclassified.Pseudomonadales	0.0	0.6407555464583112	0.49713735552745264	1.3967605056985108	0.6952239490916254	0.7024789942368421	0.6952239490916254	0.7024789942368421	0.7142857142857143	endpoint
k_Bacteria.p_Proteobacteria.c_Gammaproteobacteria.o_Unclassified.Gammaproteobacteria.f_Unclassified.Gammaproteobacteria.g_Unclassified.Gammaproteobacteria.s_Unclassified.Gammaproteobacteria	0.0	0.6049950821850304	0.7471908860411666	1.7658609694617975	0.33556666506067667	0.2742945913222845	0.6644333349393233	0.7257054086777155	0.7142857142857143	baseline
k_Bacteria.p_Proteobacteria.c_Gammaproteobacteria.o_Xanthomonadales.f_Xanthomonadaceae.g_Xanthomonas.s_Xanthomonas.citri	0.0	0.9484730668649817	1.0504243104915114	1.729561872822562	0.759606092989893	0.7716040297990162	0.759606092989893	0.7716040297990162	0.8571428571428571	endpoint
k_Bacteria.p_Proteobacteria.c_Unclassified.Proteobacteria.o_Unclassified.Proteobacteria.f_Unclassified.Proteobacteria.g_Unclassified.Proteobacteria.s_Unclassified.Proteobacteria	0.0	0.2085058592240343	0.2974161429061119	0.9288433508406506	0.4469406686359128	0.4176641721347152	0.5530593313640872	0.5823358278652848	0.5714285714285714	baseline
k_Bacteria.p_Unclassified.Bacteria.c_Unclassified.Bacteria.o_Unclassified.Bacteria.f_Unclassified.Bacteria.g_Unclassified.Bacteria.s_Unclassified.Bacteria	0.0	0.28014125708885346	0.4801581502154063	1.172980249282707	0.5439916945212915	0.6653321318191197	0.5439916945212915	0.6653321318191197	0.7142857142857143	endpoint
k_Bacteria.p_Verrucomicrobia.c_Unclassified.Verrucomicrobia.o_Unclassified.Verrucomicrobia.f_Unclassified.Verrucomicrobia.g_Unclassified.Verrucomicrobia.s_Unclassified.Verrucomicrobia	0.0	0.30410739844316886	0.7438720938796528	1.2597890834225207	0.5700830353281796	0.6054426306111037	0.5700830353281796	0.6054426306111037	0.7142857142857143	endpoint
k_Bacteria.p_Verrucomicrobia.c_Verrucomicrobiae.o_Verrucomicrobiales.f_Akkermansiaceae.g_Akkermansia.s_Akkermansia.muciniphila	0.0	0.08069311200038827	0.02377491427146304	0.9832638324132552	0.5416108580554411	0.508612125551234	0.5416108580554411	0.508612125551234	0.5714285714285714	endpoint
k_Bacteria.p_Verrucomicrobia.c_Verrucomicrobiae.o_Verrucomicrobiales.f_Akkermansiaceae.g_Akkermansia.s_Akkermansia.sp.	0.0	0.4535404009003941	0.6988750322533371	1.5310915764663697	0.6241461039241248	0.6765775714813106	0.6241461039241248	0.6765775714813106	0.7142857142857143	endpoint
k_Bacteria.p_Verrucomicrobia.c_Verrucomicrobiae.o_Verrucomicrobiales.f_Akkermansiaceae.g_Akkermansia.s_Unclassified.Akkermansia	0.0	0.06649298546564893	0.23014354339372586	1.688802300835686	0.5054305500212856	0.5499199964276309	0.5054305500212856	0.5499199964276309	0.5714285714285714	baseline
k_Bacteria.p_Verrucomicrobia.c_Verrucomicrobiae.o_Verrucomicrobiales.f_Akkermansiaceae.g_Unclassified.Akkermansiaceae.s_Unclassified.Akkermansiaceae	0.0	0.8063135025726288	0.9388076951806332	1.266933154629124	0.2658212666448935	0.22973156442770748	0.7341787333551065	0.7702684355722925	0.8571428571428571	baseline
k_Bacteria.p_bacterium.1xD42.87..no.phylum.in.NCBI..c_bacterium.1xD42.87..no.class.in.NCBI..o_bacterium.1xD42.87..no.order.in.NCBI..f_bacterium.1xD42.87..no.family.in.NCBI..g_bacterium.1xD42.87..no.genus.in.NCBI..s_bacterium.1xD42.87	0.0	0.37600288091835055	0.40785916838751507	1.1902768142741025	0.3864020260802602	0.40291745193067036	0.6135979739197398	0.5970825480693296	0.5714285714285714	baseline
k_Eukaryota.p_Streptophyta.c_Magnoliopsida.o_Rosales.f_Rosaceae.g_Unclassified.Rosaceae.s_Unclassified.Rosaceae	0.0	0.9039016782656066	1.2132981933724976	1.514685661341612	0.7841225858837906	0.9113978820191646	0.7841225858837906	0.9113978820191646	0.8571428571428571	endpoint
k_Eukaryota.p_Streptophyta.c_Magnoliopsida.o_Unclassified.Magnoliopsida.f_Unclassified.Magnoliopsida.g_Unclassified.Magnoliopsida.s_Unclassified.Magnoliopsida	0.0	0.03739855309021863	0.6522319104339173	1.347051585675639	0.5395918749339649	0.36235229764569116	0.5395918749339649	0.6376477023543088	0.5714285714285714	baseline
k_Viruses.p_Phixviricota.c_Malgrandaviricetes.o_Petitvirales.f_Microviridae.g_Unclassified.Microviridae.s_Unclassified.Microviridae	0.0	0.1949244948814491	0.17620879923361052	1.4759550682910196	0.5632287242549323	0.5562053612320588	0.5632287242549323	0.5562053612320588	0.5714285714285714	endpoint
k_Viruses.p_Preplasmiviricota.c_Tectiliviricetes.o_Rowavirales.f_Adenoviridae.g_Mastadenovirus.s_Unclassified.Mastadenovirus	0.0	0.35688650772246433	0.21590416085046046	1.2523091231177357	0.6261753744214096	0.5853109700073139	0.6261753744214096	0.5853109700073139	0.8571428571428571	endpoint
k_Viruses.p_Uroviricota.c_Caudoviricetes.o_Caudovirales.f_Podoviridae.g_CrAssphage.LMMB..no.genus.in.NCBI..s_CrAssphage.LMMB	0.0	0.47045887551437826	0.47914425079946854	1.1108472484407559	0.6713274182303216	0.7002938014235653	0.6713274182303216	0.7002938014235653	0.8571428571428571	endpoint
k_Viruses.p_Uroviricota.c_Caudoviricetes.o_Caudovirales.f_Podoviridae.g_CrAssphage.sp..C0531BW4..no.genus.in.NCBI..s_CrAssphage.sp..C0531BW4	0.0	0.13482826292571926	0.029456082333441602	0.9557717964153214	0.5538630880128177	0.49250634271088084	0.5538630880128177	0.5074936572891191	0.5714285714285714	endpoint
k_Viruses.p_Uroviricota.c_Caudoviricetes.o_Caudovirales.f_Podoviridae.g_Unclassified.Podoviridae.s_Unclassified.Podoviridae	0.0	0.8051575625788381	1.176782957274839	1.860129199403856	0.7530957345576468	0.9480554674755342	0.7530957345576468	0.9480554674755342	0.7142857142857143	endpoint
k_Viruses.p_Uroviricota.c_Caudoviricetes.o_Caudovirales.f_Siphoviridae.g_Moineauvirus.s_Unclassified.Moineauvirus	0.0	0.40745810299041924	0.5148677358173329	1.3752425485612223	0.39153150492863364	0.2941964315156535	0.6084684950713664	0.7058035684843464	0.7142857142857143	baseline
k_Viruses.p_Uroviricota.c_Caudoviricetes.o_Caudovirales.f_Siphoviridae.g_Parabacteroides.phage.PDS1..no.genus.in.NCBI..s_Parabacteroides.phage.PDS1	0.0	0.10918447408541174	0.18817645584759102	0.9533974610605006	0.4800290966443289	0.5629797145039699	0.5199709033556711	0.5629797145039699	0.5714285714285714	baseline
k_Viruses.p_Uroviricota.c_Caudoviricetes.o_Caudovirales.f_Siphoviridae.g_Skunavirus.s_Unclassified.Skunavirus	0.0	0.5149402912139844	0.6313136468846733	1.322903157766651	0.342127194040601	0.3656061802880893	0.657872805959399	0.6343938197119108	0.8571428571428571	baseline
k_Viruses.p_Uroviricota.c_Caudoviricetes.o_Caudovirales.f_Siphoviridae.g_Unclassified.Siphoviridae.s_Unclassified.Siphoviridae	0.0	0.2774134854208034	0.010926108949472381	1.294794931910361	0.45117844948202585	0.47467407010245255	0.5488215505179741	0.5253259298975475	0.5714285714285714	baseline
k_Viruses.p_Uroviricota.c_Caudoviricetes.o_Caudovirales.f_Unclassified.Caudovirales.g_Unclassified.Caudovirales.s_Unclassified.Caudovirales	0.0	0.13425641363232477	0.12760845681474506	0.8915868456801901	0.4604996580332731	0.48406726944248896	0.5395003419667269	0.515932730557511	0.5714285714285714	baseline
N_AQ.1	0.0	0.8715129665144074	0.8825389900542376	1.6476970069721353	0.2474888778354461	0.17429591903009295	0.752511122164554	0.825704080969907	0.8571428571428571	baseline
N_AQ.10	0.0	0.7616195172416299	1.2271498812735162	1.9121452333070825	0.23740620013720973	0.056923248334907986	0.7625937998627903	0.943076751665092	0.7142857142857143	baseline
N_AQ.100	0.0	0.504929109244786	0.5432399608016412	1.485136663652967	0.6403229407114414	0.5945367611564275	0.6403229407114414	0.5945367611564275	0.7142857142857143	endpoint
N_AQ.1000	0.0	0.7567093389416062	1.3367588303441515	1.8870821406402694	0.29852076575158115	0.15480481756853437	0.7014792342484188	0.8451951824314656	0.7142857142857143	baseline
N_AQ.1001	0.0	0.08650952029205482	0.7333273149033485	1.581654466352029	0.5090382700526561	0.31916001520113946	0.5090382700526561	0.6808399847988605	0.5714285714285714	baseline
N_AQ.1002	0.0	0.251991334351218	0.1286298967824572	1.3466192301267426	0.5470092765191908	0.44588926705369125	0.5470092765191908	0.5541107329463087	0.5714285714285714	endpoint
N_AQ.1003	0.0	0.24640859960102054	0.45265035833903716	1.1604996419777895	0.5955647170181217	0.5909796364145776	0.5955647170181217	0.5909796364145776	0.7142857142857143	endpoint
N_AQ.1004	0.0	0.8737053779244707	0.9395940099329364	1.5342487178896762	0.19313261950534977	0.17881465606027508	0.8068673804946502	0.821185343939725	0.8571428571428571	baseline
N_AQ.1005	0.0	1.2469544489725553	1.3513111225189645	1.8341727299315247	0.8292665024055662	0.888544744071325	0.8292665024055662	0.888544744071325	0.8571428571428571	endpoint
N_AQ.1006	0.0	0.13786390995185868	0.11070065841246866	1.2989770028152965	0.41133983502898647	0.48724048138593345	0.5886601649710135	0.5127595186140665	0.5714285714285714	baseline
N_AQ.1007	0.0	0.19979018844546048	0.5717556041311322	1.516973122724689	0.41080898637683055	0.33880309800550434	0.5891910136231695	0.6611969019944957	0.7142857142857143	baseline
N_AQ.1008	0.0	0.23194104112941152	0.11692974644934268	1.681360824040755	0.5625747928376571	0.40566734550380823	0.5625747928376571	0.5943326544961918	0.5714285714285714	endpoint
N_AQ.1009	0.0	0.33961137999287355	0.15321924403589285	1.6357240208566424	0.34377958155899435	0.38481443996909925	0.6562204184410056	0.6151855600309007	0.7142857142857143	baseline
N_AQ.101	0.0	0.5145721689691837	0.5265268468422339	1.4274848514376475	0.31590800854421747	0.34571839585584624	0.6840919914557826	0.6542816041441537	0.7142857142857143	baseline
N_AQ.1010	0.0	0.26754992176040027	0.21893619234840017	1.3398032943775555	0.5413692912908104	0.4596967419664011	0.5413692912908104	0.5403032580335989	0.5714285714285714	endpoint
N_AQ.1011	0.0	0.8070406160987148	0.9275677113400098	1.4647623847542548	0.21886898395629925	0.22955151009955085	0.7811310160437007	0.7704484899004491	0.8571428571428571	baseline
N_AQ.1012	0.0	0.00178899840286878	0.22418125249767037	0.784270567575857	0.49675742971353504	0.3703942991476911	0.5032425702864649	0.6296057008523088	0.5714285714285714	endpoint
N_AQ.1013	0.0	0.5998786425986672	0.9854331530578521	1.2716968302751983	0.26761389900346405	0.260192392430308	0.732386100996536	0.739807607569692	0.8571428571428571	baseline
N_AQ.1014	0.0	0.9415637772125585	0.9799935345784115	1.489603163343279	0.19989332711003985	0.1604769695781421	0.8001066728899602	0.8395230304218579	1.0	baseline
N_AQ.1015	0.0	1.1138678141968401	1.350266102957835	1.7698083186420783	0.7988270240414319	0.8472475002850887	0.7988270240414319	0.8472475002850887	0.8571428571428571	endpoint
N_AQ.1016	0.0	0.6000847176816808	0.6723737111641134	1.3081346932533386	0.2685555452377249	0.29793609471465365	0.7314444547622752	0.7020639052853463	1.0	baseline
N_AQ.1017	0.0	0.6101101893596906	0.8777127395386577	1.6126084156301475	0.26317822208689545	0.28801368303663516	0.7368217779131045	0.7119863169633649	0.8571428571428571	baseline
N_AQ.1018	0.14285714285714285	0.8080771403985934	0.9395002756459877	2.0986939766140686	0.6804749746261434	0.7471042619578147	0.6804749746261434	0.7471042619578147	0.7142857142857143	endpoint
N_AQ.1019	0.0	0.30560818992052186	0.5488786635474843	1.450122681605548	0.41451060313942795	0.3589486502170016	0.5854893968605721	0.6410513497829984	0.7142857142857143	baseline
N_AQ.102	0.14285714285714285	1.1689398625179195	1.310463488154237	2.3006754111327004	0.7903517478247021	0.8751107089367925	0.7903517478247021	0.8751107089367925	0.8571428571428571	endpoint
N_AQ.1020	0.0	0.27509029777420785	0.1781495853129097	1.4034819008903399	0.42592784246212173	0.43385339868424466	0.5740721575378782	0.5661466013157553	0.7142857142857143	baseline
N_AQ.1021	0.0	0.6466543189752032	1.1800703388177933	1.7406170809573072	0.6481090698365343	0.7777656834011374	0.6481090698365343	0.7777656834011374	0.7142857142857143	endpoint
N_AQ.1022	0.0	0.24690270394316446	0.2864742559207237	1.6590990134643886	0.5540430771545768	0.5383394971604086	0.5540430771545768	0.5383394971604086	0.5714285714285714	endpoint
N_AQ.1023	0.0	0.08242522796817173	0.11903729962609626	1.1956335183501925	0.4689350889715767	0.5871510985065173	0.5310649110284233	0.5871510985065173	0.5714285714285714	endpoint
N_AQ.1024	0.0	0.30957727878503605	0.3380547051636165	0.9381495140134709	0.5685523575792597	0.5267727747937198	0.5685523575792597	0.5267727747937198	0.5714285714285714	endpoint
N_AQ.1025	0.0	0.24479000480115984	0.5244088491143802	1.600330999121466	0.5665019176395151	0.5064023012896178	0.5665019176395151	0.5064023012896178	0.5714285714285714	endpoint
N_AQ.1026	0.0	0.14450994912965867	0.06779664127091259	1.1983281481839327	0.3955498940653536	0.4919757471697202	0.6044501059346463	0.5080242528302799	0.5714285714285714	baseline
N_AQ.1027	0.0	1.0160749996268794	0.9223503913871784	1.5056787201989728	0.7812016485104856	0.8701435058127207	0.7812016485104856	0.8701435058127207	0.8571428571428571	endpoint
N_AQ.1028	0.0	0.4194927861243744	0.7371595730429518	1.6475650878722583	0.3082169708271763	0.19306976222927946	0.6917830291728237	0.8069302377707206	0.5714285714285714	baseline
N_AQ.1029	0.0	0.11281892624651794	0.20397338223352843	1.4637113735962013	0.3985193841510254	0.46745718673619313	0.6014806158489746	0.5325428132638068	0.5714285714285714	baseline
N_AQ.103	0.0	0.7536099232387821	1.1009122200712607	1.471937479011337	0.7105395606347249	0.8336171553714681	0.7105395606347249	0.8336171553714681	0.8571428571428571	endpoint
N_AQ.1030	0.0	0.6299325953687642	0.7544450941647501	1.488426406697932	0.2538171707380003	0.18153914956469955	0.7461828292619996	0.8184608504353005	0.8571428571428571	baseline
N_AQ.1031	0.0	0.23136960728593953	0.5691777018211687	1.7688562113692037	0.3433069623164559	0.23426206738257171	0.656693037683544	0.7657379326174283	0.7142857142857143	baseline
N_AQ.1032	0.0	0.8245592529856983	0.9847683340386467	1.7191214853955397	0.730351117859691	0.8124755046561671	0.730351117859691	0.8124755046561671	0.7142857142857143	endpoint
N_AQ.1033	0.0	0.3730433974125206	0.23441623659249305	1.5689338246659583	0.34155219310299706	0.3588246796032187	0.658447806897003	0.6411753203967814	0.5714285714285714	baseline
N_AQ.1034	0.0	0.35087539058142186	0.35274809320184886	1.3163783228844341	0.33944234959805936	0.3147941483169738	0.6605576504019406	0.6852058516830262	0.7142857142857143	baseline
N_AQ.1035	0.0	0.7822023901366786	0.8864560855936279	1.373704820877892	0.23843750556284235	0.15258429582934913	0.7615624944371576	0.8474157041706509	0.8571428571428571	baseline
N_AQ.1036	0.0	0.5115897052879895	0.38882476410471084	1.655870503180692	0.6220264933076213	0.6012846494583184	0.6220264933076213	0.6012846494583184	0.7142857142857143	endpoint
N_AQ.1037	0.0	0.08516769806766801	0.19698082118218643	1.171969001203434	0.4278244066534102	0.44342403263809316	0.5721755933465897	0.5565759673619068	0.7142857142857143	baseline
N_AQ.1038	0.0	0.13592627633544938	0.25279037898323803	1.1463218658636576	0.44751067404880285	0.422819806771408	0.5524893259511972	0.577180193228592	0.7142857142857143	baseline
N_AQ.1039	0.0	0.7520188414760053	1.0854970124103567	1.5695090765782804	0.7123515802440518	0.8499560052715611	0.7123515802440518	0.8499560052715611	0.7142857142857143	endpoint
N_AQ.104	0.0	0.4660679612911261	1.01714260206925	1.4137767300919644	0.6050252866169752	0.756652006292641	0.6050252866169752	0.756652006292641	0.5714285714285714	endpoint
N_AQ.1040	0.14285714285714285	0.8040079991567632	0.6562488596300939	2.0411866062913706	0.2679222866873614	0.30736845220310255	0.7320777133126386	0.6926315477968974	1.0	baseline
N_AQ.1041	0.0	0.6766044367950773	0.8381735984103184	1.1972820684638905	0.2776752025138593	0.2980688418913423	0.7223247974861406	0.7019311581086577	0.8571428571428571	baseline
N_AQ.1043	0.0	0.4487401741591101	0.6742705339713411	1.3732000551162395	0.6140581119655428	0.7349790839014778	0.6140581119655428	0.7349790839014778	0.7142857142857143	endpoint
N_AQ.1044	0.0	0.18338788626610197	0.36930600650249784	1.744149496368405	0.4561282348057613	0.5429742184475199	0.5438717651942386	0.5429742184475199	0.5714285714285714	endpoint
N_AQ.1045	0.14285714285714285	0.3560339853174051	0.1390771013865774	2.000934731228239	0.5711925980718966	0.4898632859051564	0.5711925980718966	0.5101367140948436	0.5714285714285714	endpoint
N_AQ.1046	0.0	0.04547400391081408	0.1402932940325533	1.3335754153280897	0.4411831518030098	0.4440768053487525	0.5588168481969902	0.5559231946512475	0.5714285714285714	baseline
N_AQ.1047	0.0	0.8223848100748393	1.2584510379973994	1.9509613173645564	0.21351753614728022	0.04266508164217418	0.7864824638527198	0.9573349183578258	0.8571428571428571	baseline
N_AQ.1048	0.0	0.316527170159565	0.02705737558364264	1.8193880884012552	0.549818990116853	0.42003059668004755	0.549818990116853	0.5799694033199525	0.5714285714285714	endpoint
N_AQ.1049	0.0	0.3698506440390988	0.3682942260864374	1.644358612550838	0.5901845176499687	0.48253299375732667	0.5901845176499687	0.5174670062426734	0.5714285714285714	endpoint
N_AQ.105	0.0	0.20290935848071776	0.016226151747939788	1.5449005815711103	0.4015718464579449	0.4738506363604773	0.598428153542055	0.5261493636395227	0.5714285714285714	baseline
N_AQ.1050	0.0	0.5970640809555247	0.37776718317285957	1.502892083310356	0.6506916001747581	0.5690673579664641	0.6506916001747581	0.5690673579664641	0.8571428571428571	endpoint
N_AQ.1051	0.0	0.6340277393536201	1.1169331575874348	1.481942949896529	0.31125120686890934	0.1970364728968747	0.6887487931310907	0.8029635271031252	0.8571428571428571	baseline
N_AQ.1052	0.0	0.43132787574180625	1.0775152930156489	1.3288727961850955	0.3762519001205891	0.24491295653582015	0.6237480998794109	0.7550870434641799	0.7142857142857143	baseline
N_AQ.1053	0.0	0.6031465903774432	1.0326275860548162	1.4813569158849378	0.25213856205193286	0.10812377277990796	0.7478614379480671	0.8918762272200921	0.8571428571428571	baseline
N_AQ.1054	0.0	0.5337750758105292	0.9348933889814008	1.5681222463135032	0.366962419641232	0.1390808951056142	0.633037580358768	0.8609191048943858	0.7142857142857143	baseline
N_AQ.1055	0.0	0.05834752193425989	0.3753927870076537	1.0408255759604432	0.4639634834376937	0.4172388885867181	0.5360365165623062	0.5827611114132819	0.5714285714285714	baseline
N_AQ.1056	0.0	0.2565772714693055	0.12191120410194647	1.767003893129397	0.3960057077480431	0.43846164772251406	0.6039942922519569	0.5615383522774859	0.5714285714285714	baseline
N_AQ.1057	0.0	0.5252622238231481	0.5220701320874047	1.6347234923119485	0.30827824127291453	0.3445138091112098	0.6917217587270854	0.6554861908887901	0.7142857142857143	baseline
N_AQ.1058	0.0	0.2962658852952219	0.5660086842020836	1.663635104218383	0.5454532278154697	0.6566577021483009	0.5454532278154697	0.6566577021483009	0.5714285714285714	endpoint
N_AQ.1059	0.0	0.19795227889902264	0.020112217895170204	1.1454376116672775	0.561825919599503	0.4342908036040917	0.561825919599503	0.5657091963959082	0.5714285714285714	endpoint
N_AQ.106	0.0	1.0862145544075419	1.3739037442471314	1.6103737600851213	0.14962106453056476	0.09487334365798544	0.8503789354694352	0.9051266563420146	1.0	baseline
N_AQ.1060	0.0	0.23163553052402172	0.21527601717099587	1.3290976078198713	0.40409462315809985	0.42902541855712456	0.5959053768419001	0.5709745814428755	0.7142857142857143	baseline
N_AQ.1062	0.0	0.043843599894535124	0.5999903706274811	1.350980563427051	0.46411271514371466	0.3241813655276211	0.5358872848562853	0.6758186344723789	0.5714285714285714	baseline
N_AQ.1063	0.14285714285714285	0.9587105308754352	1.2134388614955602	2.2310581282958903	0.7117315791572921	0.7673422164906115	0.7117315791572921	0.7673422164906115	0.8571428571428571	endpoint
N_AQ.1064	0.0	0.6889346498742196	0.5357621607238132	1.979789193787405	0.6743843825947875	0.5946054321023825	0.6743843825947875	0.5946054321023825	0.7142857142857143	endpoint
N_AQ.1065	0.14285714285714285	0.8593586392885288	1.1182152500487494	2.3291631881758272	0.6711808298179281	0.7823420915780908	0.6711808298179281	0.7823420915780908	0.7142857142857143	endpoint
N_AQ.1066	0.0	0.2681015882917269	0.19233035627880837	1.2573089427617776	0.3950963585344753	0.39681571559919304	0.6049036414655247	0.603184284400807	0.5714285714285714	baseline
N_AQ.1067	0.0	0.6029448943025633	0.975764469543952	1.6825962478731977	0.6197610307437961	0.6878394754200292	0.6197610307437961	0.6878394754200292	0.7142857142857143	endpoint
N_AQ.1068	0.0	0.018141121495498052	0.5480953669263703	1.2454066760830949	0.46338617074767324	0.6299818949968483	0.5366138292523268	0.6299818949968483	0.5714285714285714	baseline
N_AQ.1069	0.0	0.556413627490861	0.9593409464046566	1.7232996893994725	0.36845337068713935	0.22375510388630845	0.6315466293128607	0.7762448961136915	0.7142857142857143	baseline
N_AQ.107	0.0	0.219598145533569	0.4065274825329997	1.6669093383898559	0.4081538698690993	0.34958746600711055	0.5918461301309007	0.6504125339928895	0.8571428571428571	baseline
N_AQ.1070	0.0	0.3212841937681607	0.37440817069305277	1.5685780302053807	0.5618143066688014	0.5747204001964429	0.5618143066688014	0.5747204001964429	0.7142857142857143	endpoint
N_AQ.1071	0.0	0.7371956856855884	1.142735291017652	1.3015292367247413	0.26864422914299046	0.2515025653798948	0.7313557708570095	0.7484974346201052	0.7142857142857143	baseline
N_AQ.1072	0.14285714285714285	0.7176880956956454	1.2768595963675675	2.047527332818059	0.6575065036828139	0.8640590074138038	0.6575065036828139	0.8640590074138038	0.7142857142857143	endpoint
N_AQ.1073	0.0	0.6169561570967669	0.7658050245538462	1.4913692081981942	0.271383479221445	0.1610982910894917	0.728616520778555	0.8389017089105083	0.8571428571428571	baseline
N_AQ.1074	0.0	0.9049676860641843	1.4437662510825817	1.6694106902982868	0.7100927110974465	0.8740744981132971	0.7100927110974465	0.8740744981132971	0.8571428571428571	endpoint
N_AQ.1075	0.0	0.6316874821032314	0.7427448257596072	1.661001072589678	0.3251593923171526	0.25611171871681576	0.6748406076828475	0.7438882812831842	0.7142857142857143	baseline
N_AQ.1076	0.0	0.9012641001109885	0.5217102289991816	1.8931321655083744	0.7188482668664822	0.6401745286933052	0.7188482668664822	0.6401745286933052	1.0	endpoint
N_AQ.1077	0.0	0.15354675443414192	0.053882199295822705	1.1610568687252185	0.4071451049955129	0.46741284097032204	0.5928548950044872	0.532587159029678	0.5714285714285714	baseline
N_AQ.1078	0.0	0.2241985583480506	0.5307176856311324	1.847556669839732	0.4393961225511521	0.5073668974053984	0.5606038774488479	0.5073668974053984	0.5714285714285714	baseline
N_AQ.1079	0.0	0.3193818082434047	0.6569499522350463	1.5312743555977097	0.5312634973743681	0.6147527062731518	0.5312634973743681	0.6147527062731518	0.7142857142857143	endpoint
N_AQ.108	0.0	0.18860378127856528	0.09643868739335912	1.1906054517736682	0.4147492551161208	0.4114771719702707	0.5852507448838792	0.5885228280297292	0.5714285714285714	baseline
N_AQ.1080	0.0	0.7594753909070722	0.8026277826309952	1.7053707237427655	0.272956414865728	0.18399495183767614	0.727043585134272	0.8160050481623239	0.8571428571428571	baseline
N_AQ.1081	0.0	0.10380514996363246	0.8702422657058797	1.9685460458987512	0.39053990032381275	0.15791672277217048	0.6094600996761872	0.8420832772278295	0.5714285714285714	baseline
N_AQ.1082	0.0	0.6350319041210353	1.149312581512803	1.2475307283826216	0.6156583018680931	0.6157839878574252	0.6156583018680931	0.6157839878574252	0.7142857142857143	endpoint
N_AQ.1083	0.0	0.20777252814296046	0.028554652132056654	1.0910679327705768	0.5300513514675688	0.5713394276462517	0.5300513514675688	0.5713394276462517	0.5714285714285714	endpoint
N_AQ.1084	0.0	0.4924619114922	0.9360555817198322	1.4665600542532264	0.5884638027409672	0.6861383613012865	0.5884638027409672	0.6861383613012865	0.7142857142857143	endpoint
N_AQ.1085	0.0	0.04776486063424453	0.11360037595600171	1.1523581356553037	0.4591778935616512	0.48148445981473453	0.5408221064383488	0.5185155401852655	0.5714285714285714	baseline
N_AQ.1086	0.0	0.13531957306400846	0.08965204064511074	1.39093297017643	0.40811589422746036	0.4125148233779673	0.5918841057725397	0.5874851766220327	0.5714285714285714	baseline
N_AQ.1087	0.0	0.6814967291080789	1.1064702734356728	1.4683752115050643	0.2837191368430788	0.16059798581206944	0.7162808631569212	0.8394020141879306	0.7142857142857143	baseline
N_AQ.1088	0.0	0.08967434595255672	0.2601563026471803	1.1771849405265	0.43206298927647896	0.38644539704008163	0.5679370107235211	0.6135546029599184	0.7142857142857143	baseline
N_AQ.1089	0.0	0.6145459258969568	0.5968632627596875	1.3756987704065604	0.6699409070212321	0.6404207287444814	0.6699409070212321	0.6404207287444814	0.7142857142857143	endpoint
N_AQ.109	0.0	0.5190200555123542	0.9678594590193338	1.5002989910109688	0.5936555774900489	0.6916474465449349	0.5936555774900489	0.6916474465449349	0.7142857142857143	endpoint
N_AQ.1090	0.0	0.39994113410816257	0.6657270950837876	1.6627853995303135	0.5536638347707586	0.5280093013741902	0.5536638347707586	0.5280093013741902	0.5714285714285714	endpoint
N_AQ.1091	0.0	0.14894459073181227	0.020769861810853135	1.1128918056423491	0.42391475351435115	0.49182483961816126	0.5760852464856488	0.5081751603818387	0.5714285714285714	baseline
N_AQ.1092	0.0	0.23010816927202274	0.11558793181226346	1.3824189323312144	0.4339299760540794	0.5131796609415232	0.5660700239459207	0.5131796609415232	0.5714285714285714	baseline
N_AQ.1093	0.0	0.4352833832122756	0.5707962477226395	1.162511508281695	0.6180608053885221	0.6584391240867111	0.6180608053885221	0.6584391240867111	0.7142857142857143	endpoint
N_AQ.1094	0.0	0.01749010575062166	0.13005047502055445	1.2359125567532168	0.46897855475672984	0.4461064678397621	0.5310214452432702	0.5538935321602378	0.5714285714285714	endpoint
N_AQ.1095	0.0	0.08172174280533574	0.2711371418560168	1.0267612530176433	0.4499537097971464	0.41410876877867725	0.5500462902028536	0.5858912312213227	0.7142857142857143	baseline
N_AQ.1096	0.0	0.9086173889689085	0.9156177506740727	1.7531769564159767	0.2312726789618569	0.21117017345477918	0.7687273210381431	0.7888298265452208	0.8571428571428571	baseline
N_AQ.1097	0.0	0.6552310766266171	0.8848047418408808	1.6462355168587475	0.27662831728665815	0.24539370046558867	0.7233716827133418	0.7546062995344114	0.8571428571428571	baseline
N_AQ.1098	0.14285714285714285	0.2869439070525851	0.7550131147868422	2.108641931906985	0.4314072459759723	0.2780665993895254	0.5685927540240276	0.7219334006104746	0.5714285714285714	baseline
N_AQ.1099	0.0	0.015607934593905906	0.08188284282516732	1.5858720514446332	0.47431675122373373	0.4596873985248109	0.5256832487762663	0.5403126014751891	0.5714285714285714	endpoint
N_AQ.11	0.0	0.22850281725544516	0.2523663042028751	1.5675021157441882	0.5295792643556652	0.5067019713659237	0.5295792643556652	0.5067019713659237	0.5714285714285714	endpoint
N_AQ.110	0.0	0.01978733681960554	0.31256740469220207	1.525183648212559	0.43775632709902235	0.5414668815394137	0.5622436729009777	0.5414668815394137	0.5714285714285714	baseline
N_AQ.1100	0.0	0.563179270638839	0.8266889573287299	1.560328626083279	0.31897700905501175	0.2990203595970551	0.6810229909449883	0.7009796404029449	0.8571428571428571	baseline
N_AQ.1101	0.0	0.7641970062280533	0.9402519030397887	1.3865288882148288	0.22901992141672567	0.22804132226119755	0.7709800785832743	0.7719586777388024	0.8571428571428571	baseline
N_AQ.1103	0.0	1.0578506224627093	1.334114499487984	1.9576605533665048	0.19727882044291475	0.055051017900789895	0.8027211795570852	0.9449489820992101	0.8571428571428571	baseline
N_AQ.1104	0.0	0.38469449763102787	0.5021743147099137	1.4657771204994088	0.5633842387613909	0.584187185556541	0.5633842387613909	0.584187185556541	0.5714285714285714	endpoint
N_AQ.1105	0.0	0.09709455504641913	0.1217079787165426	1.135433599136296	0.5023117474263874	0.48045964130710717	0.5023117474263874	0.5195403586928928	0.5714285714285714	endpoint
N_AQ.1106	0.0	0.01311024198728534	0.12283538497258141	1.4022112685831822	0.5161741620041197	0.546961081722821	0.5161741620041197	0.546961081722821	0.5714285714285714	baseline
N_AQ.1108	0.0	0.18972873291884293	0.13969248717454077	0.8208657527549408	0.43150429808660135	0.47737961158251485	0.5684957019133987	0.5226203884174851	0.5714285714285714	baseline
N_AQ.1109	0.0	0.06650600489521473	0.0680115181672522	1.8161470590849438	0.44360026628926424	0.4635971007636187	0.5563997337107358	0.5364028992363813	0.5714285714285714	baseline
N_AQ.111	0.0	0.06287692109118481	0.6567475491161949	1.3212209680568616	0.4860595629704058	0.32580816624787573	0.5139404370295941	0.6741918337521242	0.5714285714285714	baseline
N_AQ.1110	0.0	0.3313693469749102	0.46431070808394836	1.6721930645973935	0.5285854701307938	0.5968266331651402	0.5285854701307938	0.5968266331651402	0.5714285714285714	endpoint
N_AQ.1111	0.0	0.29587549950084435	0.23894851655776866	1.3419874956555125	0.5898675415590368	0.5464942139938768	0.5898675415590368	0.5464942139938768	0.5714285714285714	endpoint
N_AQ.1112	0.14285714285714285	0.6949867451737625	0.5854803113533562	2.160141040400185	0.6036030586929654	0.7564992746351639	0.6036030586929654	0.7564992746351639	0.7142857142857143	endpoint
N_AQ.1113	0.0	0.14635893118715523	0.6128164907764314	1.6780655645936104	0.5471368982888433	0.6367024063566531	0.5471368982888433	0.6367024063566531	0.5714285714285714	endpoint
N_AQ.1114	0.0	0.3565147293894625	1.0233660773317481	1.4255343846745752	0.5573417751158316	0.6356607748664896	0.5573417751158316	0.6356607748664896	0.5714285714285714	endpoint
N_AQ.1115	0.0	0.4038911582522453	0.6026468829614899	1.4220698813604526	0.5772722538945916	0.575489219838717	0.5772722538945916	0.575489219838717	0.8571428571428571	endpoint
N_AQ.1116	0.0	0.9102418553205798	1.102767061066756	1.5495162474118784	0.7258608507581324	0.7481487154092002	0.7258608507581324	0.7481487154092002	1.0	endpoint
N_AQ.1117	0.0	0.19217518398814246	0.027125469632714474	1.2153147299135276	0.5362813494582545	0.4484142745653023	0.5362813494582545	0.5515857254346976	0.7142857142857143	endpoint
N_AQ.1118	0.0	0.25759176217439433	0.14248333222669265	0.9136189834998659	0.40198251876511326	0.3842278818051711	0.5980174812348867	0.6157721181948289	0.7142857142857143	baseline
N_AQ.1119	0.0	0.008975368173516471	0.12285568717407788	1.4315884267190693	0.46229156014270584	0.45084887605594653	0.5377084398572942	0.5491511239440534	0.7142857142857143	baseline
N_AQ.112	0.0	0.1996036846667759	0.3074613565401892	1.6158703204272558	0.3969715757477725	0.4110263696495661	0.6030284242522275	0.5889736303504338	0.7142857142857143	baseline
N_AQ.1120	0.0	0.09829515926690202	0.5726037335326469	1.2747576138050438	0.4537070932806189	0.513771108229996	0.5462929067193811	0.513771108229996	0.5714285714285714	endpoint
N_AQ.1121	0.0	0.6573875324799767	0.7608870412140745	1.5740994764047207	0.2745484741417526	0.3098856503750611	0.7254515258582475	0.6901143496249389	0.7142857142857143	baseline
N_AQ.1122	0.0	1.0813918669790201	1.3506954191954024	1.7992243550532911	0.7868038572000243	0.8192571038294026	0.7868038572000243	0.8192571038294026	0.8571428571428571	endpoint
N_AQ.1123	0.0	0.3273231764262333	0.37985296006990843	1.1540892817834367	0.5493961727910854	0.5462456626040566	0.5493961727910854	0.5462456626040566	0.5714285714285714	endpoint
N_AQ.1124	0.0	0.3560520033232698	0.5331137951904099	1.6948644402754232	0.583782606131321	0.6222421232107799	0.583782606131321	0.6222421232107799	0.5714285714285714	endpoint
N_AQ.1125	0.0	0.3914632293626665	0.13872217548427962	1.7812142326828673	0.5727913295216128	0.5031375995857762	0.5727913295216128	0.5031375995857762	0.5714285714285714	endpoint
N_AQ.1126	0.0	0.15821795710054776	0.03725297509902814	1.2886533154703375	0.47449696366181593	0.4920246536378473	0.5255030363381841	0.5079753463621527	0.5714285714285714	endpoint
N_AQ.1127	0.0	0.898950560950602	1.1730221156943565	1.611734410493879	0.23023545808161952	0.04670188013341731	0.7697645419183805	0.9532981198665826	0.8571428571428571	baseline
N_AQ.1128	0.0	0.28254763258170806	0.38088226057010116	1.2293854376820215	0.37717192683978856	0.3686194033054506	0.6228280731602114	0.6313805966945494	0.7142857142857143	baseline
N_AQ.1129	0.0	0.37434718536300127	0.4490581445551179	1.3050429360597278	0.5528779094777899	0.613141150118965	0.5528779094777899	0.613141150118965	0.7142857142857143	endpoint
N_AQ.113	0.0	0.5818377369182041	0.6684438817590144	1.271939270497831	0.6415499731939569	0.621545324661272	0.6415499731939569	0.621545324661272	0.7142857142857143	endpoint
N_AQ.1130	0.0	0.1462874564511558	0.6595022594372388	1.1627707529376785	0.45933989235657957	0.3253869819504662	0.5406601076434204	0.6746130180495338	0.5714285714285714	baseline
N_AQ.1132	0.0	0.7150522777925318	1.091314115868985	1.3545848452391651	0.28563762429570644	0.20192661177404844	0.7143623757042936	0.7980733882259515	0.8571428571428571	baseline
N_AQ.1133	0.14285714285714285	1.4111872616722778	1.2289149622600806	2.39872096014409	0.8510663344916096	0.8138428954502623	0.8510663344916096	0.8138428954502623	1.0	endpoint
N_AQ.1134	0.0	0.6737554186580106	0.7430150288793412	1.648302123278261	0.7005323771555548	0.8492744986463784	0.7005323771555548	0.8492744986463784	0.7142857142857143	endpoint
N_AQ.1135	0.0	0.1138763934781302	0.009811972005930172	1.5694203639348727	0.42416872669069117	0.4473503639997195	0.5758312733093088	0.5526496360002805	0.5714285714285714	baseline
N_AQ.1136	0.0	0.35493997475633937	0.3612867134137325	1.6273601150255699	0.5995828686599654	0.5778789880197894	0.5995828686599654	0.5778789880197894	0.7142857142857143	endpoint
N_AQ.1137	0.0	0.27987146710226823	0.20918285057677197	1.35390115697843	0.3637236036690487	0.4254726070063066	0.6362763963309512	0.5745273929936934	0.8571428571428571	baseline
N_AQ.1138	0.0	0.39968127843624407	0.39197743306319216	1.4380447504606932	0.3210483216725123	0.31760370996105103	0.6789516783274877	0.682396290038949	0.7142857142857143	baseline
N_AQ.1139	0.0	0.6854150894528716	1.1467056466003125	1.3553931277810718	0.2729386227590635	0.23369422843546803	0.7270613772409364	0.766305771564532	0.7142857142857143	baseline
N_AQ.114	0.0	0.01981259398801627	0.36671506254437725	1.6313181245800066	0.4987598193374918	0.3701529847028305	0.5012401806625082	0.6298470152971696	0.5714285714285714	endpoint
N_AQ.1140	0.0	1.0561616135075578	1.1186275044328822	1.8012906875161137	0.753393485332291	0.7678536311188846	0.753393485332291	0.7678536311188846	0.8571428571428571	endpoint
N_AQ.1141	0.0	0.5805326966332105	0.8191306432210884	1.812572622310746	0.6057601494542307	0.7135203793072901	0.6057601494542307	0.7135203793072901	0.5714285714285714	endpoint
N_AQ.1142	0.0	0.3074337371105857	0.7057323194087911	1.4855344619346667	0.5563651640558198	0.5341259417233835	0.5563651640558198	0.5341259417233835	0.5714285714285714	endpoint
N_AQ.1143	0.0	0.05110095713695156	0.3729538479456803	1.4346290855235788	0.4049480010001339	0.35852722895765177	0.5950519989998662	0.6414727710423482	0.7142857142857143	baseline
N_AQ.1144	0.0	0.5054494761249413	1.031018446650735	1.6512042272428527	0.38170277720480467	0.1954747673921617	0.6182972227951953	0.8045252326078383	0.7142857142857143	baseline
N_AQ.1145	0.0	0.3739734214173484	0.9203690564548338	1.5806282115259154	0.6095539523288045	0.7305175045302919	0.6095539523288045	0.7305175045302919	0.5714285714285714	endpoint
N_AQ.1146	0.0	0.33544552758498186	0.40015849132473413	1.7398146217427521	0.4296132669297822	0.3125186241900685	0.5703867330702178	0.6874813758099315	0.5714285714285714	baseline
N_AQ.1147	0.0	0.9692688621929841	1.3380312285635525	1.820709263014157	0.23567821398344477	0.13306893267157174	0.7643217860165552	0.8669310673284283	0.8571428571428571	baseline
N_AQ.1148	0.0	0.022068469992920035	0.014764220668526111	1.3974201235241914	0.4875098951169507	0.4575333074694773	0.5124901048830492	0.5424666925305227	0.5714285714285714	endpoint
N_AQ.1149	0.0	0.676046863160515	1.054592329083337	1.4857456131014102	0.29068710084060767	0.2268293430353682	0.7093128991593923	0.7731706569646318	0.7142857142857143	baseline
N_AQ.115	0.0	0.5047071515003079	0.7560943950604808	1.2283655253342503	0.3425161847686548	0.28846398630362174	0.6574838152313451	0.7115360136963782	0.8571428571428571	baseline
N_AQ.1150	0.0	0.4007711593863295	0.36116998714974996	1.4408458430643027	0.5878780444456427	0.5404505956024114	0.5878780444456427	0.5404505956024114	0.7142857142857143	endpoint
N_AQ.1151	0.0	0.6352529299602455	0.6208879666366227	1.6102379052190015	0.27442075306086144	0.3142882124187071	0.7255792469391386	0.6857117875812929	0.8571428571428571	baseline
N_AQ.1152	0.0	0.16782735137463928	0.6030821128584498	1.4705844898981641	0.49878186616090125	0.5184311317121217	0.5012181338390987	0.5184311317121217	0.5714285714285714	endpoint
N_AQ.1153	0.0	0.6037905632011198	0.8291709525203542	1.5644099785358918	0.6079200034725724	0.698222358013978	0.6079200034725724	0.698222358013978	0.8571428571428571	endpoint
N_AQ.1155	0.0	0.5298957212229742	1.0449526382741174	1.5612832614918908	0.3161642824067705	0.2464828545882495	0.6838357175932295	0.7535171454117505	0.7142857142857143	baseline
N_AQ.1156	0.0	0.15940221859859888	0.5190630835710792	1.4705512575637147	0.4343355052260622	0.34685957569801595	0.5656644947739378	0.653140424301984	0.5714285714285714	baseline
N_AQ.1157	0.0	0.27173473400580145	0.3738600902392088	1.1144854539321218	0.5560403437206795	0.5579987122235567	0.5560403437206795	0.5579987122235567	0.7142857142857143	endpoint
N_AQ.1159	0.0	0.7416883368969829	1.1086083571179546	1.359444775913815	0.28009136365147086	0.2567204384054105	0.7199086363485292	0.7432795615945895	0.8571428571428571	baseline
N_AQ.116	0.0	0.45084267692105134	0.24515936308217814	1.6324025907575128	0.3504101295640095	0.38873836970066417	0.6495898704359905	0.6112616302993359	0.7142857142857143	baseline
N_AQ.1160	0.0	0.427864358706901	0.10696134881813278	1.3755308752572701	0.321979095421779	0.422200548627783	0.6780209045782211	0.577799451372217	0.7142857142857143	baseline
N_AQ.1161	0.0	0.9536973521289173	1.271133036324801	1.7995831032072376	0.7345300715709603	0.7515553769048674	0.7345300715709603	0.7515553769048674	0.8571428571428571	endpoint
N_AQ.1162	0.0	0.20573005317720647	0.3574757701983238	1.383913090211285	0.5072823187343316	0.48633069646295846	0.5072823187343316	0.5136693035370415	0.5714285714285714	endpoint
N_AQ.1163	0.0	0.5427367531337416	1.1161672247192	1.6054129184141475	0.33732451865005236	0.1886050101851414	0.6626754813499476	0.8113949898148586	0.7142857142857143	baseline
N_AQ.1164	0.0	0.38855647753579436	0.22200688806812985	1.6329321115176416	0.5817591986079427	0.6074400908593696	0.5817591986079427	0.6074400908593696	0.7142857142857143	endpoint
N_AQ.1165	0.0	0.011745595823802472	0.07335969381846687	0.9741583729735136	0.4862866906429391	0.45117786900019324	0.5137133093570609	0.5488221309998067	0.7142857142857143	baseline
N_AQ.1166	0.0	0.16846675752557902	0.12175334695766628	0.8705242093331242	0.5217125862528492	0.4841658219202905	0.5217125862528492	0.5158341780797095	0.5714285714285714	endpoint
N_AQ.1167	0.0	0.7253515597667656	1.454069052149394	1.85012703317855	0.6307114924116668	0.6485436641957893	0.6307114924116668	0.6485436641957893	0.7142857142857143	endpoint
N_AQ.1168	0.0	0.44873265592064954	0.7966811095027623	1.567175364220305	0.6295537259524474	0.7050248625783547	0.6295537259524474	0.7050248625783547	0.7142857142857143	endpoint
N_AQ.1169	0.14285714285714285	1.0256038234312645	1.4892316073023126	2.1282285078693213	0.740878595879798	0.7516199748082855	0.740878595879798	0.7516199748082855	0.8571428571428571	endpoint
N_AQ.117	0.0	0.15174050278198198	0.3668336172179398	0.5316594103957637	0.5036092366453265	0.5075108833919881	0.5036092366453265	0.5075108833919881	0.5714285714285714	endpoint
N_AQ.1170	0.0	0.15376402246324333	0.1430702206154606	1.7078556240507214	0.49058685744031766	0.43966090838992344	0.5094131425596824	0.5603390916100766	0.5714285714285714	endpoint
N_AQ.1171	0.14285714285714285	0.5876951021596667	0.2474973634933838	2.003802609681456	0.3431399857396108	0.3625436846191855	0.6568600142603892	0.6374563153808145	0.8571428571428571	baseline
N_AQ.1172	0.0	0.4540990799447443	0.37219625414320767	1.4033680053992559	0.33343763191106274	0.41066652665411096	0.6665623680889372	0.589333473345889	0.8571428571428571	baseline
N_AQ.1173	0.0	1.0554111344196777	1.1098886665743657	1.550501166605358	0.16790106458588008	0.18427936754878438	0.83209893541412	0.8157206324512156	1.0	baseline
N_AQ.1174	0.0	0.17919466300221118	0.3476719752850647	1.619428123345119	0.4881062711278282	0.536263794953546	0.5118937288721719	0.536263794953546	0.5714285714285714	endpoint
N_AQ.1175	0.0	0.45266509398961097	1.0140502409632484	1.5492088071070504	0.28433498891990194	0.15159163758857913	0.7156650110800981	0.8484083624114209	0.7142857142857143	baseline
N_AQ.1176	0.0	0.1983609984147338	0.42235091698495164	1.3906206845380558	0.5436778645972299	0.5830268301501504	0.5436778645972299	0.5830268301501504	0.5714285714285714	endpoint
N_AQ.1177	0.0	0.1458248174358978	0.14234945801781532	1.8689473945540809	0.5145569026867204	0.39308214239143985	0.5145569026867204	0.6069178576085601	0.7142857142857143	endpoint
N_AQ.1178	0.0	0.5912905412983622	0.7833435991745964	1.6772660338438246	0.2935802414635221	0.2704157161914454	0.706419758536478	0.7295842838085547	0.7142857142857143	baseline
N_AQ.1179	0.0	0.9891036792331241	1.307282685012313	1.6175182366336738	0.21487190004779927	0.09861158481851286	0.7851280999522008	0.9013884151814872	0.8571428571428571	baseline
N_AQ.118	0.0	0.40509099534461457	0.8721036688702916	1.464537929702157	0.3483548250396207	0.16142575117650315	0.6516451749603793	0.8385742488234968	0.7142857142857143	baseline
N_AQ.1180	0.0	0.18082192362781216	0.3605347301323457	1.0237493551204448	0.5179325597036936	0.5508778067010126	0.5179325597036936	0.5508778067010126	0.7142857142857143	endpoint
N_AQ.1181	0.0	0.6307697311077359	0.8636514847691782	1.1892451187381683	0.2647699204125996	0.26588739502861786	0.7352300795874004	0.7341126049713822	0.8571428571428571	baseline
N_AQ.1182	0.0	0.13533970322752004	0.6765834575924631	1.4843899985860896	0.3906438983403256	0.3314006068852662	0.6093561016596745	0.6685993931147338	0.5714285714285714	baseline
N_AQ.1183	0.14285714285714285	0.9988202800015441	1.0833228233269707	2.2531084895234685	0.7132406084096736	0.7707136293866665	0.7132406084096736	0.7707136293866665	0.8571428571428571	endpoint
N_AQ.1184	0.0	0.7448602914844182	0.8214505314952968	1.4877377692785807	0.22577274280303405	0.15031352022004832	0.774227257196966	0.8496864797799517	0.8571428571428571	baseline
N_AQ.1185	0.0	0.48315529523297396	0.35558322654778224	1.2019185163287798	0.33878281611475486	0.318128756633193	0.6612171838852452	0.681871243366807	0.8571428571428571	baseline
N_AQ.1186	0.14285714285714285	0.8918158903492086	0.7250244449489406	2.191614000921076	0.6989456560374206	0.6777630656880134	0.6989456560374206	0.6777630656880134	1.0	endpoint
N_AQ.1187	0.0	0.6209379359685319	0.9218198148277292	1.7151770519091742	0.2563979503770204	0.1316742815597698	0.7436020496229796	0.8683257184402302	0.8571428571428571	baseline
N_AQ.1188	0.0	0.6954796831622272	0.8725087881572298	1.2439108620334711	0.24167601849725315	0.2463359144872523	0.7583239815027468	0.7536640855127477	1.0	baseline
N_AQ.1189	0.0	0.26490847617983265	0.5120862161665192	1.1477727076623592	0.4090596848486084	0.3479263110906489	0.5909403151513917	0.652073688909351	0.7142857142857143	baseline
N_AQ.119	0.0	0.04642480256764896	0.09728687575446156	0.9498676480444465	0.46667030177957053	0.45569104669069294	0.5333296982204294	0.5443089533093071	0.5714285714285714	endpoint
N_AQ.1190	0.0	0.3489568881584577	0.44062879265795063	1.2498605142314223	0.575016979069294	0.4935926624880477	0.575016979069294	0.5064073375119523	0.5714285714285714	endpoint
N_AQ.1191	0.0	0.4308889197431611	0.7200140109992617	1.302724542572997	0.35232662425308536	0.2875183987817025	0.6476733757469146	0.7124816012182975	0.8571428571428571	baseline
N_AQ.1192	0.0	0.5006179657806867	0.6568365073142269	1.747188230385466	0.33593130243989094	0.22468629680800473	0.6640686975601091	0.7753137031919952	0.7142857142857143	baseline
N_AQ.1193	0.0	0.3192779262269148	0.5798475382371324	1.021171025727664	0.40044440985253144	0.38361479737464715	0.5995555901474685	0.6163852026253529	0.8571428571428571	baseline
N_AQ.1194	0.0	0.027056235939770263	0.2654937010416318	1.2085402263696323	0.488818613217272	0.4849072985068366	0.511181386782728	0.5150927014931634	0.7142857142857143	endpoint
N_AQ.1195	0.0	0.5622928861137579	1.1568698942624474	1.322254614213932	0.3285586254255223	0.1957118084436566	0.6714413745744777	0.8042881915563433	0.7142857142857143	baseline
N_AQ.1196	0.0	0.016140683658192784	0.38105535092754345	1.1692290517794952	0.5112348275789834	0.39515092377065675	0.5112348275789834	0.6048490762293433	0.5714285714285714	endpoint
N_AQ.1197	0.0	0.014318703085011883	0.0878819875604582	1.3030426418194683	0.4973249758226736	0.4556823804402119	0.5026750241773263	0.5443176195597881	0.5714285714285714	endpoint
N_AQ.1198	0.14285714285714285	0.4423706575102548	1.0664185675036792	2.242413003948053	0.2815481065503201	0.23806603737841003	0.71845189344968	0.76193396262159	0.8571428571428571	baseline
N_AQ.1199	0.0	0.09409280471534462	0.19186910100467666	1.6398061260583343	0.4937667029471995	0.5174427426655002	0.5062332970528005	0.5174427426655002	0.5714285714285714	endpoint
N_AQ.12	0.0	0.8971778146620337	1.1788162899523387	1.6686358851192726	0.6984639952510326	0.787187457205639	0.6984639952510326	0.787187457205639	0.8571428571428571	endpoint
N_AQ.120	0.0	0.3129226755427685	0.6256795420218395	1.164863223909938	0.37800112561860627	0.33055834148045365	0.6219988743813938	0.6694416585195464	0.5714285714285714	baseline
N_AQ.1200	0.0	0.509958058736918	0.6213038208996248	1.4754576207770822	0.3215518192953385	0.23978799551228552	0.6784481807046615	0.7602120044877145	0.7142857142857143	baseline
N_AQ.1201	0.0	0.5728572424218122	0.877889205112165	1.490350643020431	0.3380351088455185	0.2879756164839901	0.6619648911544815	0.7120243835160098	0.7142857142857143	baseline
N_AQ.1202	0.0	0.715604122185462	1.1375549930148874	1.7018315221686162	0.29784692524345224	0.22320218713283344	0.7021530747565478	0.7767978128671665	0.8571428571428571	baseline
N_AQ.1203	0.0	0.006116724543389589	0.4216275166727073	1.433400376494084	0.45477344241713497	0.368100156041166	0.545226557582865	0.6318998439588339	0.5714285714285714	baseline
N_AQ.1204	0.0	0.2624012177379607	0.29216556984837794	1.567975581793646	0.5588227180201585	0.560865922338138	0.5588227180201585	0.560865922338138	0.5714285714285714	endpoint
N_AQ.1205	0.0	0.5500233811779924	0.9481436225612021	1.4592466833297495	0.6651311137769939	0.7988476824385123	0.6651311137769939	0.7988476824385123	0.7142857142857143	endpoint
N_AQ.1206	0.0	0.25034407967865774	0.21715065176947446	1.1498176506992037	0.4128095373862767	0.37270653432772916	0.5871904626137233	0.6272934656722708	0.7142857142857143	baseline
N_AQ.1207	0.0	0.6899007210847953	1.3041619713714987	1.6686163687972297	0.6832209438731294	0.8372991279400589	0.6832209438731294	0.8372991279400589	0.7142857142857143	endpoint
N_AQ.1208	0.0	0.10700605100841289	0.5753355225612927	1.7195499022868315	0.4654119253624191	0.3261225620820499	0.5345880746375808	0.6738774379179501	0.5714285714285714	baseline
N_AQ.1209	0.0	0.23264775894892167	0.27421075281472196	1.5371607671446663	0.57437451243854	0.5779713324010846	0.57437451243854	0.5779713324010846	0.7142857142857143	endpoint
N_AQ.121	0.0	0.3257292044148413	0.1592007528629068	1.4656682539115318	0.5922635262709627	0.40188110074389827	0.5922635262709627	0.5981188992561017	0.5714285714285714	endpoint
N_AQ.1210	0.0	0.36944640733308437	0.8413869616017248	1.6167151137737459	0.42273091891233255	0.27218246122413275	0.5772690810876675	0.7278175387758672	0.7142857142857143	baseline
N_AQ.1211	0.0	0.671195533738036	1.0074845227477083	1.57404013320583	0.228647581163344	0.07117088682676273	0.7713524188366561	0.9288291131732372	0.7142857142857143	baseline
N_AQ.1212	0.14285714285714285	0.8074646441461508	0.8405612109715539	2.007993773436574	0.6592169149224932	0.69437335901561	0.6592169149224932	0.69437335901561	0.8571428571428571	endpoint
N_AQ.1213	0.0	0.6832846967703432	1.3022263251287267	1.4708169040227574	0.2756216864362078	0.09071509237617773	0.7243783135637922	0.9092849076238223	0.8571428571428571	baseline
N_AQ.1214	0.0	0.3097105906008632	0.39230434844820233	1.3455976832974155	0.38769890462815465	0.30007551730672094	0.6123010953718453	0.6999244826932791	0.5714285714285714	baseline
N_AQ.1215	0.0	1.0154389120352538	1.3103715674386434	1.3773533422693336	0.18420376498938937	0.17484086601767337	0.8157962350106106	0.8251591339823267	0.8571428571428571	baseline
N_AQ.1216	0.0	0.08080017620473039	0.18916937736184164	1.142969272189029	0.46449905896981164	0.49709700291792674	0.5355009410301883	0.5029029970820733	0.5714285714285714	baseline
N_AQ.1217	0.0	0.3186407439395535	0.4497981100848528	1.6139031334042013	0.5761194232747162	0.5743798032928331	0.5761194232747162	0.5743798032928331	0.7142857142857143	endpoint
N_AQ.1218	0.0	0.057438586266185414	0.031206609011866927	1.0548706963086347	0.49492311380474147	0.4338601076572962	0.5050768861952586	0.5661398923427038	0.7142857142857143	endpoint
N_AQ.1219	0.0	0.6668082357937165	1.0036621584965804	1.4873831511787863	0.266348945831765	0.23690811443967077	0.7336510541682351	0.7630918855603293	0.8571428571428571	baseline
N_AQ.122	0.0	1.0283867662674249	1.48409055700132	1.7607592469818096	0.7845489008111513	0.8827551894881895	0.7845489008111513	0.8827551894881895	0.8571428571428571	endpoint
N_AQ.1220	0.0	0.16814401489802636	0.1807431926132816	1.2990643413034064	0.3846004073183571	0.43836158049174406	0.6153995926816429	0.561638419508256	0.5714285714285714	baseline
N_AQ.1221	0.0	0.06342565605256835	0.5147392131986989	1.6472993268674698	0.4603177281475885	0.37465614112659346	0.5396822718524115	0.6253438588734066	0.7142857142857143	baseline
N_AQ.1222	0.0	0.004480766563314198	0.2993007735994256	1.586948167173097	0.45218466495162046	0.380460362472367	0.5478153350483795	0.619539637527633	0.5714285714285714	endpoint
N_AQ.1223	0.0	0.38666600195054734	0.29203300504470864	1.5609086750195482	0.3660218158734913	0.3624311505985576	0.6339781841265086	0.6375688494014424	0.8571428571428571	baseline
N_AQ.1224	0.0	0.7554395825796986	1.1370539563917093	1.5784527370141834	0.698270567685773	0.8318530694955268	0.698270567685773	0.8318530694955268	0.7142857142857143	endpoint
N_AQ.1225	0.0	0.5837278014174515	0.7250835017442047	1.647672255894107	0.2596310332218131	0.2861493405957411	0.740368966778187	0.7138506594042588	1.0	baseline
N_AQ.1226	0.0	0.5515876276058181	0.9526747861380296	1.721488534107057	0.6058324803952002	0.6832744220678197	0.6058324803952002	0.6832744220678197	0.7142857142857143	endpoint
N_AQ.1227	0.14285714285714285	1.4441815062450671	1.4654699260603357	2.1148050187962633	0.8650343440463778	0.8829813139868865	0.8650343440463778	0.8829813139868865	1.0	endpoint
N_AQ.1228	0.0	0.6440044566466687	0.8309382459330886	1.5165543191704722	0.6944893315430197	0.7063659695178072	0.6944893315430197	0.7063659695178072	0.7142857142857143	endpoint
N_AQ.1229	0.0	0.5968507775507599	1.1414112574874307	1.9674888233869845	0.5835398658688992	0.6549808131792968	0.5835398658688992	0.6549808131792968	0.5714285714285714	endpoint
N_AQ.123	0.0	0.9648070659154749	1.0589809760763733	1.5888293490979786	0.7609537859025242	0.8158681286189465	0.7609537859025242	0.8158681286189465	0.8571428571428571	endpoint
N_AQ.1230	0.0	0.844640715354552	1.0341569116649587	1.671871673815523	0.18680707672895167	0.10764940799781571	0.8131929232710483	0.8923505920021843	1.0	baseline
N_AQ.1231	0.0	0.44595106307291454	0.40430685677843003	1.0683043154619765	0.32925503240313336	0.35533449398915085	0.6707449675968666	0.6446655060108492	1.0	baseline
N_AQ.1232	0.0	0.2403410924125508	0.2760919252283038	1.3692708443641983	0.5338009818883048	0.5349249396843276	0.5338009818883048	0.5349249396843276	0.5714285714285714	endpoint
N_AQ.1233	0.0	0.10582251937613425	0.06249185282572394	1.463247706885085	0.4550534005091231	0.4638703568604374	0.5449465994908769	0.5361296431395626	0.5714285714285714	baseline
N_AQ.1234	0.0	0.17809368471440276	0.05291160686271007	1.1968571000514974	0.4124270572523422	0.4362668479817288	0.5875729427476578	0.5637331520182711	0.8571428571428571	baseline
N_AQ.1235	0.0	0.19953030743505848	0.3171375595027595	1.6912905681537553	0.5167029642845141	0.5484240933449459	0.5167029642845141	0.5484240933449459	0.5714285714285714	endpoint
N_AQ.1236	0.0	0.15832951852667781	0.592792806594421	1.0011613959540502	0.5287944499860364	0.6666239037508301	0.5287944499860364	0.6666239037508301	0.5714285714285714	endpoint
N_AQ.1237	0.0	0.12473235013318183	0.14502615318162798	1.0504716749028682	0.48770492935194554	0.49181981954718473	0.5122950706480545	0.5081801804528152	0.5714285714285714	endpoint
N_AQ.1238	0.0	0.4842591215706346	1.1772933430242807	1.6207619169169845	0.2867217462868336	0.05144911501125097	0.7132782537131663	0.9485508849887491	0.7142857142857143	baseline
N_AQ.1239	0.0	0.6052295298916116	1.0218514387448177	1.6474192980149913	0.27873504405312727	0.16732585023015245	0.7212649559468727	0.8326741497698475	0.8571428571428571	baseline
N_AQ.124	0.0	0.1697383253212125	0.8206242020922367	1.6026522783744395	0.5530530135632398	0.6543731451838158	0.5530530135632398	0.6543731451838158	0.5714285714285714	endpoint
N_AQ.1240	0.0	0.5474291664128621	0.6796908112462211	1.8635166462926007	0.36190804204538374	0.3509467433153823	0.6380919579546163	0.6490532566846177	0.8571428571428571	baseline
N_AQ.1241	0.0	0.35340426854543017	0.9961729136287224	1.4751270744436507	0.5850116974810423	0.5785331582213284	0.5850116974810423	0.5785331582213284	0.5714285714285714	endpoint
N_AQ.1242	0.0	0.22744863209817895	0.524411589052857	1.442433133155376	0.51614628533776	0.572277577814414	0.51614628533776	0.572277577814414	0.5714285714285714	endpoint
N_AQ.1243	0.0	0.3741120530846555	0.7739024044426802	1.3103271012226063	0.5684373283938217	0.6442944780843393	0.5684373283938217	0.6442944780843393	0.7142857142857143	endpoint
N_AQ.1244	0.0	0.520707320392122	0.4834133504400616	1.4528381370866317	0.31380397565098955	0.3466646524304365	0.6861960243490104	0.6533353475695636	0.8571428571428571	baseline
N_AQ.1245	0.0	0.9001656299197653	1.2323073131951106	1.5801387153125637	0.20119904979557499	0.13648874332966773	0.798800950204425	0.8635112566703322	0.8571428571428571	baseline
N_AQ.1246	0.0	0.13231514388334614	0.16979700555819083	1.529450498395922	0.4706130786000657	0.4810907038246366	0.5293869213999343	0.5189092961753634	0.5714285714285714	endpoint
N_AQ.1247	0.0	0.749597284427088	0.9767099265460816	1.4944157582170243	0.274101708405904	0.24205948447183723	0.725898291594096	0.7579405155281628	0.8571428571428571	baseline
N_AQ.1248	0.0	0.5091298660552945	0.9596697999919139	1.192762316835764	0.6147170950626684	0.6843675881072213	0.6147170950626684	0.6843675881072213	0.7142857142857143	endpoint
N_AQ.1249	0.0	0.601176974769649	0.5080948931004474	1.673679585050966	0.30983704092385855	0.30232380459236285	0.6901629590761414	0.6976761954076371	0.8571428571428571	baseline
N_AQ.125	0.0	0.44361685441387305	0.039325745159108826	1.5037125919490864	0.6226942061275063	0.468867670724808	0.6226942061275063	0.5311323292751919	0.5714285714285714	endpoint
N_AQ.1250	0.0	0.616431990054649	1.0940409341565507	1.6725838937483468	0.30613576285819255	0.2589477396785044	0.6938642371418074	0.7410522603214956	0.7142857142857143	baseline
N_AQ.1251	0.0	0.2892199438830697	0.333753856752148	1.3265321028581294	0.3866970065943446	0.4053546410307987	0.6133029934056554	0.5946453589692013	0.5714285714285714	baseline
N_AQ.1252	0.0	0.6363435684604212	0.7210840870313017	1.9091449894733088	0.6367783710370245	0.5976403637514489	0.6367783710370245	0.5976403637514489	0.7142857142857143	endpoint
N_AQ.1253	0.0	0.2826395854016896	0.7670160740432451	1.1901246451026954	0.5433085886283555	0.6428089823387882	0.5433085886283555	0.6428089823387882	0.5714285714285714	endpoint
N_AQ.1254	0.0	0.2578927865644535	0.17300326792265894	1.0670919504737337	0.40976612447450955	0.3747612368017308	0.5902338755254904	0.6252387631982692	0.7142857142857143	baseline
N_AQ.1255	0.0	0.039322820570082184	0.5146108828971893	1.4042738620794903	0.4676581212202549	0.6058996545999296	0.5323418787797451	0.6058996545999296	0.5714285714285714	endpoint
N_AQ.1256	0.0	0.5317564912109086	0.7535550273600687	1.3667297827949059	0.3244540308784258	0.24159664432844713	0.6755459691215742	0.7584033556715528	0.8571428571428571	baseline
N_AQ.1257	0.0	0.45457232829204264	0.7735969079641994	1.4742532274266473	0.6520293566087952	0.6985451718378519	0.6520293566087952	0.6985451718378519	0.7142857142857143	endpoint
N_AQ.1258	0.14285714285714285	0.3257437218067733	0.6222359736723918	2.0114724352507944	0.5391931799838795	0.6487653463743812	0.5391931799838795	0.6487653463743812	0.5714285714285714	endpoint
N_AQ.1259	0.0	0.7002999647667917	0.9432239327762314	1.3638117436519916	0.25027648000381447	0.18315406105477672	0.7497235199961856	0.8168459389452233	0.8571428571428571	baseline
N_AQ.126	0.0	0.23352540638082653	0.27062766688475204	1.704881568852844	0.5197807003719077	0.5714502575080579	0.5197807003719077	0.5714502575080579	0.7142857142857143	endpoint
N_AQ.1260	0.0	0.04786823482176499	0.3151389891631285	1.3809771215382525	0.5169550098310275	0.34082437769090684	0.5169550098310275	0.6591756223090932	0.7142857142857143	endpoint
N_AQ.1261	0.0	0.46484345888707396	0.5151341146695803	1.4297092014979713	0.6137044940124448	0.504984231127775	0.6137044940124448	0.504984231127775	0.5714285714285714	endpoint
N_AQ.1262	0.0	0.7996236305071799	0.9452212375380986	1.270562359605971	0.6958043491250404	0.7445697101606715	0.6958043491250404	0.7445697101606715	0.8571428571428571	endpoint
N_AQ.1263	0.0	0.9221263732061059	1.0905553473353184	1.5661796078218342	0.7167705033983954	0.7666906619108014	0.7167705033983954	0.7666906619108014	0.8571428571428571	endpoint
N_AQ.1264	0.0	0.07152648248389294	0.11000433773507838	1.2477812857126818	0.5130561429648461	0.5010806477321693	0.5130561429648461	0.5010806477321693	0.5714285714285714	endpoint
N_AQ.1265	0.0	0.16200992365277722	0.08333979882812809	1.368687665225635	0.38974471464427285	0.4770596795421499	0.6102552853557272	0.5229403204578501	0.5714285714285714	baseline
N_AQ.1266	0.0	0.1353065287711552	0.3419543138795297	1.4431910375276449	0.40197211180166886	0.3675194062550249	0.5980278881983312	0.6324805937449751	0.7142857142857143	baseline
N_AQ.1267	0.0	0.1330389089816755	0.20786202016416142	0.9937134898408485	0.4340286068476678	0.3944409857079303	0.5659713931523322	0.6055590142920697	0.5714285714285714	baseline
N_AQ.1268	0.0	0.5771167235290545	1.248923245369263	1.6643007971238004	0.5962759396499412	0.6681878931126154	0.5962759396499412	0.6681878931126154	0.7142857142857143	endpoint
N_AQ.1269	0.0	0.3497658524008627	0.9622394995723804	1.891829362542783	0.3823222276320112	0.13696904880695296	0.6176777723679888	0.8630309511930471	0.5714285714285714	baseline
N_AQ.127	0.0	0.5843519018472862	0.5036350904564029	1.319453696412796	0.3259360337540715	0.3687084397481344	0.6740639662459285	0.6312915602518656	0.8571428571428571	baseline
N_AQ.1270	0.0	0.8333974279025747	1.1401003332328397	1.8714849204771147	0.24773257299755366	0.14007963341984594	0.7522674270024463	0.859920366580154	0.7142857142857143	baseline
N_AQ.1271	0.14285714285714285	0.5154709466258434	0.4309506306342356	2.095142212028729	0.6214419220016644	0.58585511769013	0.6214419220016644	0.58585511769013	0.5714285714285714	endpoint
N_AQ.1272	0.0	0.13077380602222205	0.602075178129913	1.009271647836816	0.47837603736515494	0.5721350501824298	0.5216239626348451	0.5721350501824298	0.5714285714285714	endpoint
N_AQ.1273	0.0	0.2668078485495567	0.10020836707146982	1.7241954644445987	0.40083000909639316	0.45573427883350076	0.5991699909036068	0.5442657211664992	0.7142857142857143	baseline
N_AQ.1274	0.0	0.28380324482810054	0.3857994786814741	1.8643503386128875	0.532159410593591	0.5605742364442535	0.532159410593591	0.5605742364442535	0.5714285714285714	endpoint
N_AQ.1275	0.0	0.06982456213511383	0.3626676300962886	1.8092936787171559	0.5329321656562505	0.5409151330856493	0.5329321656562505	0.5409151330856493	0.5714285714285714	endpoint
N_AQ.1276	0.0	0.5029716897040065	0.6931913350383232	1.384165275960509	0.34043011358097397	0.32781801211309525	0.659569886419026	0.6721819878869048	0.8571428571428571	baseline
N_AQ.1277	0.0	0.5409364835067654	1.0306481250726431	1.6598630547647457	0.2670366239790744	0.10516218792501282	0.7329633760209255	0.8948378120749871	0.7142857142857143	baseline
N_AQ.1278	0.0	0.2656654649570859	0.7459636641825688	1.3605286748026877	0.41476063523670303	0.31216737561563374	0.585239364763297	0.6878326243843662	0.5714285714285714	baseline
N_AQ.1279	0.0	0.0001833293445218574	0.42259360233733145	1.6199834093828454	0.4441576262610779	0.3303358295974079	0.5558423737389221	0.6696641704025921	0.5714285714285714	baseline
N_AQ.128	0.0	7.31663459470701e-05	0.360562714249971	1.4474782791898624	0.4737535338488197	0.5358910003453141	0.5262464661511803	0.5358910003453141	0.5714285714285714	baseline
N_AQ.1280	0.14285714285714285	0.03509699525650215	0.1479608628876974	2.13889359331141	0.47326709088800406	0.44884489520634474	0.5267329091119959	0.5511551047936553	0.5714285714285714	baseline
N_AQ.1282	0.0	0.18167738491171884	0.6203812943761629	1.501368391340056	0.40188730797598593	0.21520953623363887	0.5981126920240141	0.7847904637663612	0.7142857142857143	baseline
N_AQ.1283	0.0	0.2271399513736879	0.7452402329109649	1.5013470358371568	0.3597633301633983	0.313572475012468	0.6402366698366018	0.686427524987532	0.7142857142857143	baseline
N_AQ.1284	0.0	0.13710607023873173	0.24191453570073107	1.5906308871104808	0.5268637776214592	0.46321003965383933	0.5268637776214592	0.5367899603461607	0.5714285714285714	endpoint
N_AQ.1285	0.0	0.1469145977750028	0.24691930050430694	1.4748923371558706	0.4610870637015485	0.41528156449696774	0.5389129362984515	0.5847184355030323	0.7142857142857143	baseline
N_AQ.1286	0.0	0.060554818047320956	0.5807311783296941	1.5069675625724865	0.4755623353593748	0.3520775341871993	0.5244376646406252	0.6479224658128007	0.5714285714285714	baseline
N_AQ.1287	0.0	0.2279911980900981	0.6459413250464396	1.4596735129496512	0.3875521347269771	0.2785296149982247	0.612447865273023	0.7214703850017753	0.7142857142857143	baseline
N_AQ.1288	0.0	0.5745474226123903	1.1848164555029532	1.863014636857129	0.3443064465269409	0.17942981733150157	0.655693553473059	0.8205701826684985	0.7142857142857143	baseline
N_AQ.1289	0.0	0.6478694709040695	0.5590412543653318	1.464613803075071	0.2665970825449327	0.35675641072978115	0.7334029174550674	0.6432435892702189	0.8571428571428571	baseline
N_AQ.129	0.0	0.6492693428280251	0.9402747549056208	1.678534222141079	0.32473068678962874	0.20716072049738976	0.6752693132103713	0.7928392795026102	0.7142857142857143	baseline
N_AQ.1290	0.14285714285714285	0.15121536430941213	0.22639753681395372	2.01092078181404	0.46709688482773426	0.48396266922233694	0.5329031151722657	0.5160373307776631	0.5714285714285714	endpoint
N_AQ.1291	0.0	0.5658932423169988	0.6601298995320805	1.4731911649425216	0.6489661622821103	0.6602377533643206	0.6489661622821103	0.6602377533643206	0.7142857142857143	endpoint
N_AQ.1292	0.0	0.43985732437656005	0.5289328942703575	1.5178715922498471	0.34905414318596817	0.26435931943182817	0.6509458568140318	0.7356406805681719	0.7142857142857143	baseline
N_AQ.1293	0.0	0.0001216787752122972	0.18111592856412984	1.5154776832296286	0.5111178597852183	0.48460159673692604	0.5111178597852183	0.515398403263074	0.5714285714285714	baseline
N_AQ.1294	0.0	0.11249953103982092	0.05369280733323454	1.1883294680587115	0.5339964268197862	0.44507761261258694	0.5339964268197862	0.5549223873874131	0.5714285714285714	endpoint
N_AQ.1295	0.0	0.5639769094769417	0.8465820779306369	1.3276378693759738	0.30720659329767924	0.29472908335763875	0.6927934067023207	0.7052709166423612	0.7142857142857143	baseline
N_AQ.1296	0.0	0.41543094014903	0.7646336237706527	1.7864176323752148	0.34907439353839814	0.19124988842060545	0.6509256064616018	0.8087501115793946	0.7142857142857143	baseline
N_AQ.1297	0.0	0.3636761513613887	0.6766272161978023	1.5144294068692001	0.5637675668949034	0.5423918704823701	0.5637675668949034	0.5423918704823701	0.5714285714285714	endpoint
N_AQ.1298	0.0	0.3491037810117334	0.7667697232148846	1.4860081897149113	0.569574168540129	0.625029885780576	0.569574168540129	0.625029885780576	0.5714285714285714	endpoint
N_AQ.1299	0.0	0.3158163292717262	0.7646895886062277	1.1851543231829649	0.5372820179240225	0.5431402746695406	0.5372820179240225	0.5431402746695406	0.7142857142857143	endpoint
N_AQ.13	0.0	0.40839103623988204	0.4955594027589483	1.4221173772518294	0.572128391431279	0.6304439725613843	0.572128391431279	0.6304439725613843	0.7142857142857143	endpoint
N_AQ.130	0.0	0.4887290388762557	0.7377240098846652	1.567397029792063	0.34370689140930105	0.18657346749398052	0.6562931085906989	0.8134265325060195	0.7142857142857143	baseline
N_AQ.1300	0.0	0.7617017617679503	1.2164937378638643	1.670908247335782	0.2746595224384277	0.2021703034673195	0.7253404775615724	0.7978296965326805	0.7142857142857143	baseline
N_AQ.1301	0.0	0.6983688592763269	1.1359136123513869	1.9643269583322895	0.6911295579576536	0.9010888094088351	0.6911295579576536	0.9010888094088351	0.7142857142857143	endpoint
N_AQ.1302	0.0	0.16440374906297248	0.4295038815213331	1.1820244654010705	0.49835346377308154	0.5700020014097255	0.5016465362269185	0.5700020014097255	0.7142857142857143	endpoint
N_AQ.1303	0.0	0.010375163050790972	0.028772470384356576	1.4656192696033103	0.4345929533180412	0.4373478458918686	0.5654070466819587	0.5626521541081314	0.7142857142857143	baseline
N_AQ.1304	0.0	0.2593516076380571	0.08962875573814726	1.4193297760716477	0.5294300047612543	0.4736006351270457	0.5294300047612543	0.5263993648729544	0.5714285714285714	endpoint
N_AQ.1305	0.0	0.6696033606806617	0.7680354452723022	1.1739549295646008	0.3039864139632085	0.25696503884943445	0.6960135860367915	0.7430349611505656	0.8571428571428571	baseline
N_AQ.1306	0.0	0.5666341507423045	1.1944879819377703	1.5795839176804896	0.24676673920818293	0.07689784863750738	0.7532332607918171	0.9231021513624926	0.8571428571428571	baseline
N_AQ.1307	0.0	0.6841297496230314	1.2434660634561034	1.5937333304753893	0.2855786808632819	0.18489102910756564	0.7144213191367181	0.8151089708924344	0.7142857142857143	baseline
N_AQ.1308	0.0	0.2936058411352465	0.9634371852088033	1.6360307142803936	0.3887106082340878	0.21050675774871253	0.6112893917659121	0.7894932422512875	0.5714285714285714	baseline
N_AQ.1309	0.0	0.2972315954209717	0.7727434340603987	1.6170835435896007	0.6258271733544924	0.7335823877943711	0.6258271733544924	0.7335823877943711	0.5714285714285714	endpoint
N_AQ.131	0.0	0.5798311168498819	0.36276493481722044	1.6401330022511729	0.321834293392453	0.31106694525625456	0.678165706607547	0.6889330547437454	0.8571428571428571	baseline
N_AQ.1310	0.0	0.27580669396848506	0.5606925544207239	1.649530550091736	0.3510775156822827	0.2545081378609193	0.6489224843177173	0.7454918621390807	0.5714285714285714	baseline
N_AQ.1311	0.14285714285714285	0.8671664935081089	1.0795170084830503	2.3291604904755547	0.7183204083950686	0.7632668003278978	0.7183204083950686	0.7632668003278978	0.8571428571428571	endpoint
N_AQ.1312	0.0	0.4164419989392632	0.7423577663681802	1.577088299917794	0.3709519987800705	0.20533654532404588	0.6290480012199295	0.7946634546759541	0.7142857142857143	baseline
N_AQ.1313	0.0	0.1728358662631763	0.270699630782511	1.105531515167278	0.522491707854557	0.5467750814553216	0.522491707854557	0.5467750814553216	0.7142857142857143	endpoint
N_AQ.1314	0.0	0.20597415624086882	0.33240042648490886	1.4684132943629342	0.3739782739957507	0.3921966746812242	0.6260217260042493	0.6078033253187758	0.7142857142857143	baseline
N_AQ.1315	0.0	0.14531513352604833	0.30645613255925674	1.2922584058785995	0.41874217693426685	0.3992031472767871	0.5812578230657331	0.6007968527232129	0.5714285714285714	baseline
N_AQ.1316	0.0	0.30157925057499	0.36117026169611127	1.5035797572401044	0.5445772017766345	0.5395961792802418	0.5445772017766345	0.5395961792802418	0.5714285714285714	endpoint
N_AQ.1317	0.0	0.2287868775916572	0.4781550407113946	1.5864847056166658	0.5316829122161593	0.6705282593742431	0.5316829122161593	0.6705282593742431	0.5714285714285714	endpoint
N_AQ.1318	0.0	0.021212433932926617	0.5041222889477369	1.419971614901611	0.49805325588009497	0.3100109080041759	0.501946744119905	0.689989091995824	0.5714285714285714	endpoint
N_AQ.1319	0.14285714285714285	0.016329274026525304	0.2701925731580541	2.004309770646174	0.424778549198691	0.3446151493407376	0.5752214508013089	0.6553848506592623	0.5714285714285714	endpoint
N_AQ.132	0.0	0.5486947736054308	0.43027233690080197	1.3319416584549213	0.28685508275218147	0.3674996031465653	0.7131449172478186	0.6325003968534346	0.8571428571428571	baseline
N_AQ.1321	0.0	1.0650055225574853	1.1786518317847416	1.582304908378126	0.144604205995053	0.12243967822948247	0.855395794004947	0.8775603217705176	1.0	baseline
N_AQ.1322	0.14285714285714285	0.9159398269437194	1.357908571032365	2.1522661682727886	0.683039211700575	0.7404976893080961	0.683039211700575	0.7404976893080961	0.7142857142857143	endpoint
N_AQ.1323	0.0	0.34478626050665007	0.4561720313817456	1.6455779657344103	0.32867901400264643	0.3266069679419399	0.6713209859973536	0.6733930320580601	0.7142857142857143	baseline
N_AQ.1324	0.0	0.5948792892860161	0.7963508080483743	1.367263916117947	0.30606617329985986	0.2171730279004866	0.6939338267001401	0.7828269720995134	0.7142857142857143	baseline
N_AQ.1325	0.0	0.3803854573637849	0.028413107297753967	1.664908863373354	0.3143935166846984	0.4457773166315286	0.6856064833153016	0.5542226833684714	0.8571428571428571	baseline
N_AQ.1326	0.0	0.16213645356834547	0.41072793482930064	1.3981029196075179	0.4575226010574892	0.3234211309109295	0.5424773989425108	0.6765788690890705	0.7142857142857143	baseline
N_AQ.1327	0.0	0.5970339886465077	0.6288333030654837	1.5958925138719902	0.6344097760400017	0.6636134435581561	0.6344097760400017	0.6636134435581561	0.7142857142857143	endpoint
N_AQ.1328	0.0	0.4081409462973608	0.7375798139206307	1.6722463179262594	0.3260245401495748	0.2827746074439879	0.6739754598504252	0.7172253925560121	0.7142857142857143	baseline
N_AQ.1329	0.0	0.8151312841022117	0.910823137209989	1.5239713994739283	0.21312717062731562	0.14457042103267714	0.7868728293726843	0.8554295789673229	0.8571428571428571	baseline
N_AQ.133	0.0	1.1189353274241296	1.1986726647637416	1.7331855951529243	0.16847839766253755	0.1504596134470299	0.8315216023374624	0.84954038655297	1.0	baseline
N_AQ.1330	0.0	0.3244816061540678	0.1988235074613652	1.2624293645208629	0.564369108087322	0.5356581211930358	0.564369108087322	0.5356581211930358	0.5714285714285714	endpoint
N_AQ.1331	0.0	0.8599237543613992	1.1715426225049452	1.4418874169534814	0.253943161741466	0.177789728985807	0.746056838258534	0.822210271014193	0.8571428571428571	baseline
N_AQ.1332	0.0	1.052806239939241	0.9640431831271086	1.350104311444045	0.15925269258883828	0.2216162889793956	0.8407473074111618	0.7783837110206044	1.0	baseline
N_AQ.1333	0.0	0.45955066463170086	0.40657638432712945	1.4607367018185549	0.606755804191941	0.5778388766920916	0.606755804191941	0.5778388766920916	0.5714285714285714	endpoint
N_AQ.1334	0.14285714285714285	0.8813964938617541	0.9273230296414844	2.0207633630612443	0.23021935729855203	0.14078704123304298	0.769780642701448	0.859212958766957	0.8571428571428571	baseline
N_AQ.1335	0.0	0.21810833773692542	0.8236735509746589	1.492529185837868	0.3965661493746523	0.3002645013215842	0.6034338506253477	0.6997354986784158	0.7142857142857143	baseline
N_AQ.1337	0.0	0.4670549710416864	0.9014233383324902	1.4849562275352728	0.6310586538671928	0.7405849321176378	0.6310586538671928	0.7405849321176378	0.7142857142857143	endpoint
N_AQ.1338	0.0	1.2492642839176942	1.112275740560657	1.8382599326474056	0.827876623628114	0.8738940598910762	0.827876623628114	0.8738940598910762	1.0	endpoint
N_AQ.1339	0.0	0.28624406363769633	0.5402509642579342	1.7067412771548398	0.5067509683304448	0.5088244979486443	0.5067509683304448	0.5088244979486443	0.5714285714285714	endpoint
N_AQ.134	0.0	0.4598575758657704	0.8229843541979861	1.4903801255020237	0.5895200049048924	0.714787793919351	0.5895200049048924	0.714787793919351	0.5714285714285714	endpoint
N_AQ.1340	0.0	0.7017828156098906	0.7846019186190026	1.6819310260273552	0.6699731318543846	0.6578335473170825	0.6699731318543846	0.6578335473170825	0.8571428571428571	endpoint
N_AQ.1341	0.0	0.6392211131527775	1.1689654002703647	1.4566208362266992	0.2772499427216302	0.16313359962302657	0.7227500572783698	0.8368664003769735	0.7142857142857143	baseline
N_AQ.1342	0.0	0.21522247128260416	0.400758193938507	1.154440602507448	0.5724073095044718	0.5638010795645102	0.5724073095044718	0.5638010795645102	0.5714285714285714	endpoint
N_AQ.1343	0.0	0.7055783286587853	1.0195491649941506	1.236672960283318	0.2783554608542805	0.2369229142068761	0.7216445391457196	0.7630770857931239	0.8571428571428571	baseline
N_AQ.1344	0.0	0.42722935193189243	0.27961330388283845	1.2487960474367354	0.3686037858088814	0.4050393737761955	0.6313962141911186	0.5949606262238045	0.8571428571428571	baseline
N_AQ.1345	0.0	1.141231967534739	1.245781182331961	1.6110908125680854	0.1364434669044243	0.06410742082232405	0.8635565330955757	0.935892579177676	1.0	baseline
N_AQ.1346	0.0	0.396408808508619	0.5424438389361806	1.4044973491327835	0.36624792241907345	0.3432847508076725	0.6337520775809266	0.6567152491923275	0.7142857142857143	baseline
N_AQ.1347	0.0	0.2886543381823845	0.8292118152259477	1.588112627579317	0.3854267567210785	0.2087773893757326	0.6145732432789215	0.7912226106242675	0.5714285714285714	baseline
N_AQ.1348	0.0	0.8196335813861507	1.1340075182983116	1.1809007110576741	0.7316321292367755	0.7649301429091894	0.7316321292367755	0.7649301429091894	0.8571428571428571	endpoint
N_AQ.1349	0.0	0.09841812716263086	0.28729339951981714	1.423263924846332	0.42686314466029013	0.34963787558247655	0.5731368553397098	0.6503621244175235	0.7142857142857143	baseline
N_AQ.135	0.0	0.09686599052236204	0.09131914150408364	1.030044193309453	0.5380640374041479	0.5066256720486669	0.5380640374041479	0.5066256720486669	0.5714285714285714	endpoint
N_AQ.1350	0.0	0.08051317824841583	0.4142153061717623	1.6144306277304328	0.43368198331300256	0.5594567159508876	0.5663180166869974	0.5594567159508876	0.5714285714285714	baseline
N_AQ.1351	0.0	0.7409647314649976	0.9721245642829505	1.7541694178292786	0.28683394670185375	0.18981681691243404	0.7131660532981463	0.810183183087566	0.8571428571428571	baseline
N_AQ.1352	0.0	0.17510946040470787	0.6208229974978339	1.7454122899503968	0.4008722344244668	0.31430575787559195	0.5991277655755332	0.6856942421244081	0.5714285714285714	baseline
N_AQ.1353	0.0	0.2278295656819527	0.507758300926263	1.0384128153540209	0.3997943153134491	0.41146736621137947	0.6002056846865509	0.5885326337886205	0.5714285714285714	baseline
N_AQ.1354	0.0	0.3060173977339737	0.2125997631982655	1.3771125753036784	0.5338387074349079	0.5140435361772618	0.5338387074349079	0.5140435361772618	0.5714285714285714	endpoint
N_AQ.1355	0.0	0.14313345754500945	0.23434529793861417	1.2397604541123144	0.5139006254803312	0.507709346380716	0.5139006254803312	0.507709346380716	0.5714285714285714	endpoint
N_AQ.1356	0.0	0.28584773661512397	0.32988532607745247	1.4574555136403105	0.4001055610958289	0.3620912501111303	0.5998944389041712	0.6379087498888697	0.7142857142857143	baseline
N_AQ.1357	0.0	0.3189968035350703	0.5976101222975178	1.3616910045125632	0.5443654819183792	0.5555613561615886	0.5443654819183792	0.5555613561615886	0.7142857142857143	endpoint
N_AQ.1358	0.0	0.3974605520998806	0.49972578556484987	1.723878185729483	0.542402948866098	0.5876961382870288	0.542402948866098	0.5876961382870288	0.5714285714285714	endpoint
N_AQ.1359	0.0	0.2518425692220974	0.2807501926941775	1.2255093146163134	0.5563513352441559	0.5034316483406516	0.5563513352441559	0.5034316483406516	0.5714285714285714	endpoint
N_AQ.136	0.0	0.0930803549596438	0.5458627627250582	1.2454746552044298	0.4739321130575425	0.5096825197074198	0.5260678869424575	0.5096825197074198	0.5714285714285714	endpoint
N_AQ.1360	0.0	0.3901744754394339	0.8583335954474139	1.671681250999976	0.5282310883237357	0.6318578347368673	0.5282310883237357	0.6318578347368673	0.5714285714285714	endpoint
N_AQ.1361	0.14285714285714285	1.0262861958009373	1.4886054747803057	2.1705130718553383	0.7440472478222444	0.7580851171637868	0.7440472478222444	0.7580851171637868	0.8571428571428571	endpoint
N_AQ.1362	0.0	0.12396398424516983	0.485387458033579	1.4742902517506518	0.4896455156126027	0.2997793610882921	0.5103544843873973	0.7002206389117078	0.7142857142857143	baseline
N_AQ.1363	0.0	1.0562827324999489	1.03204111979693	1.6970913035275077	0.7625203968265944	0.7786033976327191	0.7625203968265944	0.7786033976327191	1.0	endpoint
N_AQ.1364	0.0	0.07048098537133174	0.21356569062923506	1.3185988347672053	0.4719956037914854	0.42428898455713465	0.5280043962085146	0.5757110154428653	0.7142857142857143	baseline
N_AQ.1365	0.0	0.05333762070984079	0.18239897405460434	1.34844245021962	0.48375058721416053	0.588778443725433	0.5162494127858395	0.588778443725433	0.5714285714285714	endpoint
N_AQ.1366	0.0	0.4114171244524936	0.1550096923786337	1.3397363306430878	0.32649867819997824	0.443912723538822	0.6735013218000218	0.556087276461178	0.7142857142857143	baseline
N_AQ.1367	0.0	0.046596819445574304	0.41398809444315643	1.49070594634964	0.415448324339069	0.30001278953725286	0.584551675660931	0.6999872104627471	0.5714285714285714	baseline
N_AQ.1368	0.0	0.02535735928873503	0.11308654856952517	1.604262704066465	0.46603813868667865	0.4529562413714347	0.5339618613133214	0.5470437586285652	0.5714285714285714	baseline
N_AQ.1369	0.14285714285714285	0.06623946958078612	0.22644110282647828	2.0427948458234875	0.551020388923194	0.5185956980286461	0.551020388923194	0.5185956980286461	0.5714285714285714	endpoint
N_AQ.137	0.0	0.4870698780180995	0.9952745310291108	1.3562547672369076	0.35899971219831894	0.22255183348417654	0.6410002878016811	0.7774481665158235	0.7142857142857143	baseline
N_AQ.1370	0.14285714285714285	0.6727316736389695	1.0689974659058297	2.0803864017203244	0.659168825828529	0.7443051062680173	0.659168825828529	0.7443051062680173	0.7142857142857143	endpoint
N_AQ.1371	0.0	0.3370782957112827	0.3018657026905883	1.592056074081103	0.3228914999714149	0.3337271622281901	0.677108500028585	0.6662728377718099	0.7142857142857143	baseline
N_AQ.1372	0.0	0.25666212987454784	0.8563976197082783	1.424788455970735	0.41208570132622835	0.29261170810765647	0.5879142986737717	0.7073882918923435	0.7142857142857143	baseline
N_AQ.1373	0.0	0.7848622521627346	1.1760292551374467	1.5825900117680691	0.22056629440353598	0.11523111193823057	0.779433705596464	0.8847688880617695	0.8571428571428571	baseline
N_AQ.1374	0.0	0.45496573964684156	0.46259397175744127	1.3522662167824704	0.32026989891323077	0.29198474381195083	0.6797301010867692	0.7080152561880492	0.8571428571428571	baseline
N_AQ.1375	0.0	0.6787699794360111	0.846197870019804	1.742405680340083	0.7011432527123846	0.7104869580592008	0.7011432527123846	0.7104869580592008	0.5714285714285714	endpoint
N_AQ.1376	0.0	0.2622171130749294	0.13687045105149856	1.7292802255101907	0.3710103376401442	0.4478256589131097	0.6289896623598559	0.5521743410868902	0.5714285714285714	baseline
N_AQ.1377	0.0	0.4743437238965356	0.3666098677050348	1.268763720854912	0.638437890254716	0.5809702248226573	0.638437890254716	0.5809702248226573	0.7142857142857143	endpoint
N_AQ.1378	0.0	0.30871458015796593	0.29754557833848094	1.2342182102215986	0.35805914291696	0.40160951663638694	0.64194085708304	0.5983904833636131	0.7142857142857143	baseline
N_AQ.1379	0.0	0.01648717120292378	0.02567676956238124	1.1763626260751283	0.4644506432307846	0.48889840294528464	0.5355493567692153	0.5111015970547154	0.5714285714285714	baseline
N_AQ.138	0.0	0.47261288591183753	0.7095954723049501	1.1912162770155006	0.35077431363111206	0.3242793674786455	0.6492256863688879	0.6757206325213545	0.7142857142857143	baseline
N_AQ.1380	0.0	0.35868038277385844	0.37420312747544854	1.4084440668055422	0.3952742934144188	0.396629062081663	0.6047257065855812	0.603370937918337	0.8571428571428571	baseline
N_AQ.1382	0.0	0.20860296607987275	0.5063695754688872	1.7161575756592136	0.532202056319348	0.5854884676004385	0.532202056319348	0.5854884676004385	0.5714285714285714	endpoint
N_AQ.1383	0.0	0.569875188615133	0.5483377451317251	1.3865043814379046	0.30872834371916824	0.34238359589457545	0.6912716562808318	0.6576164041054245	0.8571428571428571	baseline
N_AQ.1384	0.0	0.010740271379866287	0.20951914356481346	1.3342521030043304	0.4677250760460101	0.497753382619986	0.5322749239539899	0.502246617380014	0.5714285714285714	baseline
N_AQ.1385	0.0	0.21121276002001446	0.5458831475037219	1.3334683936434235	0.5219345921064166	0.6301043011774987	0.5219345921064166	0.6301043011774987	0.5714285714285714	endpoint
N_AQ.1386	0.0	0.12049107362301521	0.2330915945476792	1.4758464311468644	0.3994551905103187	0.419015851624698	0.6005448094896813	0.580984148375302	0.7142857142857143	baseline
N_AQ.1387	0.0	0.865808940999729	1.075522387786034	1.4364277590054564	0.2167792116309594	0.23999454429270156	0.7832207883690406	0.7600054557072984	1.0	baseline
N_AQ.1388	0.0	0.7675308190863478	0.9638718012333353	1.394489791986285	0.6999246844367544	0.6980495957791809	0.6999246844367544	0.6980495957791809	0.7142857142857143	endpoint
N_AQ.1389	0.0	0.5394222373098084	1.1575508857290269	1.4301620765748033	0.3430582518138589	0.20755614828959085	0.656941748186141	0.7924438517104091	0.7142857142857143	baseline
N_AQ.139	0.0	0.5080264869012415	0.2646096478067952	1.7617250007398606	0.5999529415879128	0.5445090375206763	0.5999529415879128	0.5445090375206763	0.7142857142857143	endpoint
N_AQ.1390	0.0	1.248126384184813	1.337502819984637	1.9318227774618735	0.13982653628624195	0.13085421406914988	0.860173463713758	0.8691457859308501	1.0	baseline
N_AQ.1391	0.14285714285714285	0.7146069461596202	0.45829750641472505	2.1366029013780583	0.3102057277302794	0.28626893772758255	0.6897942722697206	0.7137310622724174	0.8571428571428571	baseline
N_AQ.1392	0.0	0.6223647288483592	1.0312723540070599	1.4833180002798396	0.30098498172096116	0.12148533101051638	0.6990150182790389	0.8785146689894836	0.7142857142857143	baseline
N_AQ.1393	0.0	0.49631753889403374	0.6891042991987871	1.5729715888479776	0.3587848830978585	0.32869965356788855	0.6412151169021415	0.6713003464321114	0.8571428571428571	baseline
N_AQ.1394	0.0	0.17454302821153078	0.48461238159692416	1.1427061321503746	0.49582748047113545	0.559306222551554	0.5041725195288645	0.559306222551554	0.7142857142857143	endpoint
N_AQ.1395	0.0	0.4823706235110379	0.5499427455490676	1.2730072724229442	0.3287612059533588	0.31935032778848305	0.6712387940466412	0.680649672211517	0.8571428571428571	baseline
N_AQ.1397	0.0	0.6358295895661097	1.0283041312118715	1.178445907023722	0.302185017586914	0.25552862079426625	0.6978149824130859	0.7444713792057338	0.7142857142857143	baseline
N_AQ.1398	0.0	0.9351156572955848	1.0088019469735678	1.5382319948263348	0.1750834587180963	0.11451489616008627	0.8249165412819037	0.8854851038399137	1.0	baseline
N_AQ.1399	0.0	0.18915160288674177	0.10805277499700258	1.2806178153778722	0.37250952242969143	0.3949075197248273	0.6274904775703085	0.6050924802751727	0.7142857142857143	baseline
N_AQ.14	0.0	0.34025229947460217	0.7360461368911602	1.5558595822061851	0.38191961988047207	0.20205135963554605	0.6180803801195279	0.797948640364454	0.5714285714285714	baseline
N_AQ.140	0.0	0.6183814880377607	0.8023594260289755	1.4710005020960177	0.30201649777209305	0.26528033381723315	0.697983502227907	0.7347196661827669	0.8571428571428571	baseline
N_AQ.1400	0.0	0.398950312068238	0.7758524968605173	1.1759654652554148	0.3626102735721543	0.27243875074480656	0.6373897264278456	0.7275612492551935	0.8571428571428571	baseline
N_AQ.1401	0.0	0.21464970479544387	0.09799489152044283	1.3575671195012242	0.5309400589632132	0.4412052960862727	0.5309400589632132	0.5587947039137273	0.5714285714285714	endpoint
N_AQ.1402	0.0	0.8071611722312506	0.9086254043694	1.1523141394774343	0.7193403781027344	0.7273460335030129	0.7193403781027344	0.7273460335030129	0.8571428571428571	endpoint
N_AQ.1403	0.0	0.5197947324554717	0.6276273969197746	1.5102212410433393	0.6342260408294911	0.648760444547809	0.6342260408294911	0.648760444547809	0.7142857142857143	endpoint
N_AQ.1404	0.0	0.048652249583062024	0.5655631372374393	1.5830730304417717	0.4883738165842447	0.33974990166682845	0.5116261834157553	0.6602500983331716	0.7142857142857143	baseline
N_AQ.1405	0.0	0.37415680207807295	1.0665409135721609	1.5821519981658791	0.3411946154690583	0.23393997976783892	0.6588053845309416	0.766060020232161	0.7142857142857143	baseline
N_AQ.1406	0.0	0.6316053212611183	1.114011020821101	1.480693831290303	0.28246620178190357	0.15794065509736344	0.7175337982180965	0.8420593449026366	0.8571428571428571	baseline
N_AQ.1407	0.0	0.727190814751882	1.062254145722605	1.8028027096079127	0.27638810625508364	0.0884564246595861	0.7236118937449163	0.9115435753404139	0.8571428571428571	baseline
N_AQ.1408	0.0	0.2664745106935004	0.5285366424564463	1.2867922776949086	0.5119337177126909	0.5645478905022832	0.5119337177126909	0.5645478905022832	0.7142857142857143	endpoint
N_AQ.141	0.0	0.6970121419038172	0.9204720943141318	1.3357155487674046	0.26752774857633455	0.28548572783019815	0.7324722514236655	0.7145142721698019	0.8571428571428571	baseline
N_AQ.1411	0.0	0.07863576924628934	0.3570283440463556	1.5515341299714802	0.5328815173990041	0.4637920044354927	0.5328815173990041	0.5362079955645074	0.5714285714285714	endpoint
N_AQ.1412	0.14285714285714285	0.27256167361806816	0.7394462545764763	2.058405881344284	0.3999806462085223	0.19906248295249265	0.6000193537914777	0.8009375170475074	0.5714285714285714	baseline
N_AQ.1413	0.0	0.4497033668632093	0.4639696095416721	1.6272746468548258	0.31309226259128714	0.2734093294252114	0.6869077374087129	0.7265906705747887	0.7142857142857143	baseline
N_AQ.1414	0.0	0.26545511461475607	0.3686018766811824	1.6947275479002635	0.4462741298841774	0.3824201716302379	0.5537258701158225	0.6175798283697621	0.5714285714285714	baseline
N_AQ.1415	0.0	0.020826522731490642	0.037570114389618874	1.2781266233799038	0.5082739437171836	0.4317672678600098	0.5082739437171836	0.5682327321399903	0.5714285714285714	endpoint
N_AQ.1416	0.0	0.3047277018573093	0.8863933294448786	1.1866046146554188	0.3742759890351431	0.2572797976660678	0.625724010964857	0.7427202023339322	0.5714285714285714	baseline
N_AQ.1417	0.0	0.10025853331965724	0.028314706244875542	1.3142553432263986	0.41586969274754776	0.471242934546383	0.5841303072524522	0.528757065453617	0.5714285714285714	baseline
N_AQ.1418	0.0	0.21699971667395299	0.5612238761693333	1.6905743119887962	0.508450447665167	0.5572000736438457	0.508450447665167	0.5572000736438457	0.7142857142857143	endpoint
N_AQ.1419	0.0	0.7952340734038834	1.172567859514544	1.3485864695358858	0.25367599378520017	0.18643840534446957	0.7463240062147998	0.8135615946555305	0.8571428571428571	baseline
N_AQ.142	0.0	0.4257974996221742	0.888621583534702	1.4206119474210719	0.3781764501434706	0.1917654371692433	0.6218235498565294	0.8082345628307567	0.7142857142857143	baseline
N_AQ.1420	0.14285714285714285	0.6195310836313263	1.0919159067410085	2.351212010714179	0.6181262288655637	0.7565532939704265	0.6181262288655637	0.7565532939704265	0.5714285714285714	endpoint
N_AQ.1421	0.0	0.4821415289938402	0.7481952529818513	1.547506775684018	0.5603646598862032	0.6840205353252625	0.5603646598862032	0.6840205353252625	0.7142857142857143	endpoint
N_AQ.1422	0.0	0.29947047155316436	0.25688922230513067	1.7513327390118436	0.38835290409631945	0.38694492068434094	0.6116470959036806	0.6130550793156591	0.5714285714285714	baseline
N_AQ.1423	0.0	0.1179464591311337	0.1281153931375116	1.4310796092039102	0.514315734959033	0.5486488637268381	0.514315734959033	0.5486488637268381	0.5714285714285714	endpoint
N_AQ.1424	0.0	0.3359820167897123	0.8215544313758016	1.614908187403972	0.38076214371375466	0.3006098467068002	0.6192378562862453	0.6993901532931999	0.7142857142857143	baseline
N_AQ.1425	0.0	0.24971429790845892	0.82858708373461	1.3575328702793095	0.42546563812737365	0.29861090223197073	0.5745343618726264	0.7013890977680293	0.5714285714285714	baseline
N_AQ.1426	0.0	0.10276294077891322	0.5858149609610873	1.425326642993832	0.48375482106040874	0.33665347803159357	0.5162451789395912	0.6633465219684065	0.5714285714285714	baseline
N_AQ.1427	0.0	0.5347627846440285	0.8557529263148886	1.2406308859411104	0.2812062226404508	0.28897249043840556	0.7187937773595492	0.7110275095615944	0.8571428571428571	baseline
N_AQ.1428	0.0	0.7086888736647067	1.072788283838544	1.5503390031294852	0.3104592681130338	0.18918157220836215	0.6895407318869662	0.8108184277916378	0.7142857142857143	baseline
N_AQ.1429	0.0	0.6134649367468769	0.7832628202151024	1.5882303444536587	0.6748747111268241	0.8257263093766624	0.6748747111268241	0.8257263093766624	0.7142857142857143	endpoint
N_AQ.143	0.0	0.12502379618406997	0.006968041006804846	1.0388802863390056	0.41882409707548984	0.4788540086444284	0.5811759029245102	0.5211459913555716	0.7142857142857143	baseline
N_AQ.1430	0.0	0.24601877391428165	0.5013235624704266	1.3059596031960208	0.4067600103036998	0.34577965295249685	0.5932399896963002	0.6542203470475032	0.7142857142857143	baseline
N_AQ.1431	0.0	0.47770952679585393	0.7465545849971672	1.14434121761937	0.33083421571691823	0.28035089578779865	0.6691657842830818	0.7196491042122013	0.8571428571428571	baseline
N_AQ.1432	0.0	0.8242066595284712	1.2699487520701285	1.671473505771683	0.22696807891320456	0.15614362901583234	0.7730319210867954	0.8438563709841677	0.8571428571428571	baseline
N_AQ.1433	0.0	0.03360916235863617	0.2709057965763854	1.6998109162144117	0.5111284140005583	0.4189120105718954	0.5111284140005583	0.5810879894281046	0.5714285714285714	baseline
N_AQ.1434	0.0	0.4264008066034245	0.9066309533891905	1.5709499222140408	0.6250888756078898	0.7067077041199545	0.6250888756078898	0.7067077041199545	0.7142857142857143	endpoint
N_AQ.1435	0.0	0.3023529387043274	0.14889448797284882	1.3141842514511581	0.3973132045977887	0.3951547303335198	0.6026867954022113	0.6048452696664802	0.7142857142857143	baseline
N_AQ.1437	0.0	1.1601046651241504	1.1812394677544862	1.390391057481841	0.7927515715269396	0.7757185893586594	0.7927515715269396	0.7757185893586594	1.0	endpoint
N_AQ.1438	0.0	0.26530610342328265	0.2073157105965055	1.521845135378245	0.36376035222819386	0.3689086129744262	0.6362396477718062	0.6310913870255739	0.7142857142857143	baseline
N_AQ.1439	0.0	0.2785948669100104	0.37240520480868505	1.469362193212714	0.5581745899979818	0.48316154612146023	0.5581745899979818	0.5168384538785398	0.5714285714285714	endpoint
N_AQ.144	0.0	1.1607935122585749	1.1921348771682343	1.7415374046818966	0.13905277108894668	0.12327971946247204	0.8609472289110534	0.8767202805375279	1.0	baseline
N_AQ.1440	0.14285714285714285	0.6491242006437812	0.3664847859287846	2.257414938212164	0.6212746083046836	0.7192028612642022	0.6212746083046836	0.7192028612642022	0.5714285714285714	endpoint
N_AQ.1441	0.0	0.026944090005858956	0.24381792293498314	1.485284707271043	0.5117770095537378	0.4635010600231437	0.5117770095537378	0.5364989399768563	0.5714285714285714	endpoint
N_AQ.1442	0.0	0.5456145986881078	0.2079244266234985	1.6764673278991251	0.2826404184479795	0.40747461012305	0.7173595815520205	0.59252538987695	0.8571428571428571	baseline
N_AQ.1443	0.0	0.16203729246543816	0.6073127847729406	1.2627746880750128	0.5592637532609349	0.6083583325731304	0.5592637532609349	0.6083583325731304	0.5714285714285714	endpoint
N_AQ.1444	0.0	0.2143048291797225	0.21481227449431536	1.1952691356671081	0.396263204199459	0.36611918922413783	0.6037367958005411	0.6338808107758622	0.7142857142857143	baseline
N_AQ.1445	0.0	0.19907492588659487	0.25535629026083956	1.1000512220362682	0.40130017174224897	0.36014140300953834	0.598699828257751	0.6398585969904617	0.5714285714285714	baseline
N_AQ.1446	0.0	0.2127079038498667	0.04165766366862051	1.8145662891427885	0.49627068778094835	0.5361682552734803	0.5037293122190516	0.5361682552734803	0.5714285714285714	endpoint
N_AQ.1447	0.0	0.5063689405553276	0.8568994583772545	1.2303809449768788	0.32714466488013816	0.16644744891687707	0.6728553351198618	0.833552551083123	0.7142857142857143	baseline
N_AQ.1448	0.0	0.015394846849344399	0.5405659316742617	1.6328292186948685	0.4337433755686511	0.5235304295217661	0.5662566244313489	0.5235304295217661	0.5714285714285714	baseline
N_AQ.1449	0.0	0.5722298821708328	0.5351257810117166	1.58119045933373	0.6598263034208206	0.5927863979212337	0.6598263034208206	0.5927863979212337	0.5714285714285714	endpoint
N_AQ.145	0.0	0.6704905324990243	0.2728442850552695	1.7304789585017928	0.6272088209375191	0.6739974451648814	0.6272088209375191	0.6739974451648814	0.7142857142857143	endpoint
N_AQ.1450	0.0	0.4893823871016508	0.9643429408888808	1.5287716973070535	0.33474327083482897	0.2787780491497249	0.665256729165171	0.7212219508502751	0.5714285714285714	baseline
N_AQ.1451	0.0	0.018119433198200578	0.15589099501939563	1.1431523293289578	0.4833351378387965	0.5119225301047005	0.5166648621612036	0.5119225301047005	0.5714285714285714	endpoint
N_AQ.1452	0.0	0.21803400359285716	0.4592849497928204	1.163181696708697	0.41027024019449015	0.2947137774057136	0.5897297598055098	0.7052862225942864	0.7142857142857143	baseline
N_AQ.1453	0.0	0.9158013914979046	1.3671112502051508	1.627886987651331	0.20417888037341436	0.09034173357965984	0.7958211196265856	0.9096582664203402	0.8571428571428571	baseline
N_AQ.1454	0.0	0.8337212335248456	0.8962512739099646	1.5329720950986077	0.263447874015433	0.22157114845425657	0.736552125984567	0.7784288515457434	1.0	baseline
N_AQ.1455	0.14285714285714285	1.590659676819435	1.7227216639498708	2.1978577465785607	0.8969162606730309	0.9471995068427164	0.8969162606730309	0.9471995068427164	1.0	endpoint
N_AQ.1456	0.0	0.18779812956363068	0.3584236115658192	1.2206179756980138	0.44201464990048	0.3262444580048388	0.55798535009952	0.6737555419951612	0.7142857142857143	baseline
N_AQ.1457	0.0	0.3576066548160404	0.6377872771015002	1.5842686313744074	0.3441273502925566	0.32870711674230596	0.6558726497074434	0.6712928832576941	0.5714285714285714	baseline
N_AQ.1458	0.0	0.6579612450328851	1.1459542154591602	1.5178207461471873	0.28720059661500014	0.1499317634429838	0.7127994033849998	0.8500682365570162	0.8571428571428571	baseline
N_AQ.1459	0.0	0.41792909170602116	1.0488143121700153	1.6142157101446608	0.5996990914515775	0.7890591106555281	0.5996990914515775	0.7890591106555281	0.5714285714285714	endpoint
N_AQ.146	0.0	0.8326328386320053	1.1101080189928358	1.4060641233254936	0.737977524820132	0.8645548778620725	0.737977524820132	0.8645548778620725	0.8571428571428571	endpoint
N_AQ.1460	0.0	0.23413640714109119	0.6592168149250324	1.1570017931477574	0.4253518711492483	0.26452053554971877	0.5746481288507517	0.7354794644502812	0.7142857142857143	baseline
N_AQ.1461	0.0	0.5206644736652183	0.7513390190950737	1.7429157941827775	0.653304987149781	0.8533267469918794	0.653304987149781	0.8533267469918794	0.7142857142857143	endpoint
N_AQ.1462	0.0	0.2991239856180211	0.5171663501797965	1.491755775869267	0.5460216752528011	0.5190706616993842	0.5460216752528011	0.5190706616993842	0.5714285714285714	endpoint
N_AQ.1463	0.0	0.08026069101713941	0.056105741510193805	1.7133719240752026	0.47805357498154066	0.48028188845044323	0.5219464250184593	0.5197181115495568	0.7142857142857143	endpoint
N_AQ.1464	0.0	0.03305551790092196	0.08057768864052851	1.4061234669078428	0.46714034254237247	0.4139022558583626	0.5328596574576275	0.5860977441416374	0.5714285714285714	endpoint
N_AQ.1465	0.0	0.4402825283426858	0.5748495629350329	1.5042465979325046	0.6270705934603076	0.60343461386706	0.6270705934603076	0.60343461386706	0.7142857142857143	endpoint
N_AQ.1466	0.0	0.9960141181232449	1.195698609743743	1.5170338533925687	0.7523373342393768	0.7396525985848448	0.7523373342393768	0.7396525985848448	1.0	endpoint
N_AQ.1467	0.0	1.1910494297519647	1.1498644789596664	1.6285334440769108	0.8060722963795797	0.7905527661445321	0.8060722963795797	0.7905527661445321	1.0	endpoint
N_AQ.1468	0.0	0.9192454989018347	1.1044354289425136	1.958678236295747	0.24134250950296507	0.1837021940437619	0.7586574904970349	0.8162978059562381	0.8571428571428571	baseline
N_AQ.147	0.0	0.11660802744521467	0.03847802994646292	1.8244937411131688	0.47389656237391076	0.47157286516342545	0.5261034376260892	0.5284271348365746	0.7142857142857143	baseline
N_AQ.1470	0.0	0.9867428618767551	0.9543048607484867	1.509683377784434	0.18159905303540835	0.09095870084863392	0.8184009469645916	0.9090412991513661	1.0	baseline
N_AQ.1471	0.0	0.0756188109546	0.3271582346729586	1.1578070659657491	0.4937797683208282	0.5317686247761501	0.5062202316791717	0.5317686247761501	0.5714285714285714	endpoint
N_AQ.1472	0.0	0.552045443670416	0.6226759741220957	1.418297966819943	0.30627183021447585	0.32119599007334043	0.6937281697855242	0.6788040099266596	0.8571428571428571	baseline
N_AQ.1473	0.0	0.17735957497921334	0.3251548053157039	1.4589641686110884	0.4057332391479725	0.3275670157661342	0.5942667608520276	0.6724329842338659	0.7142857142857143	baseline
N_AQ.1474	0.0	0.16337055259498937	0.7353251250148122	1.3593284479684746	0.5119021517392689	0.6340582010589718	0.5119021517392689	0.6340582010589718	0.5714285714285714	endpoint
N_AQ.1475	0.0	0.26435095071216314	0.4134037947557225	0.9427273151377042	0.3851652748374156	0.37032104061832977	0.6148347251625844	0.6296789593816703	0.7142857142857143	baseline
N_AQ.1477	0.0	0.039113267181954514	0.2577263932603438	1.2821238603071574	0.4312168687480776	0.4217550265788658	0.5687831312519225	0.5782449734211341	0.5714285714285714	baseline
N_AQ.1478	0.0	0.24134547520964791	0.06165797535115101	1.3489637141816866	0.43406904968378274	0.4238452137311571	0.5659309503162173	0.576154786268843	0.7142857142857143	baseline
N_AQ.1479	0.0	0.5525509611758059	1.0285862733799698	1.3986082361862853	0.33769481571599874	0.2611954723607117	0.6623051842840013	0.7388045276392883	0.7142857142857143	baseline
N_AQ.148	0.0	0.06533194002351395	0.05291191566686147	1.038611824580174	0.4555353912053869	0.4343122876399891	0.5444646087946131	0.5656877123600109	0.5714285714285714	baseline
N_AQ.1481	0.0	0.09593384052791934	0.020376242971418528	1.0120064265323734	0.43964912822375357	0.4606670940199547	0.5603508717762464	0.5393329059800454	0.7142857142857143	baseline
N_AQ.1482	0.0	0.4885179305913375	0.42837982178488837	1.0753399466925244	0.6206173869069485	0.585009625975777	0.6206173869069485	0.585009625975777	0.7142857142857143	endpoint
N_AQ.1483	0.0	0.2510494952851644	0.27598628951705284	1.425376774192112	0.42482925450336934	0.3428180598393821	0.5751707454966306	0.6571819401606178	0.5714285714285714	baseline
N_AQ.1484	0.0	0.3623636428593388	0.22637257031548766	1.447189681922951	0.37859162476088654	0.36181767666938486	0.6214083752391135	0.6381823233306152	0.7142857142857143	baseline
N_AQ.1485	0.0	0.5895390370674817	1.021347134601052	1.5616687523512933	0.6936208378816096	0.7800256614914187	0.6936208378816096	0.7800256614914187	0.7142857142857143	endpoint
N_AQ.1486	0.0	0.38100896323583494	0.21647945952087388	1.3176426985328273	0.5870962867292686	0.5240490984519897	0.5870962867292686	0.5240490984519897	0.7142857142857143	endpoint
N_AQ.1487	0.0	0.06814544187009901	0.07198362779337475	1.7834635334219897	0.47999918373399303	0.4155599704790908	0.520000816266007	0.5844400295209091	0.5714285714285714	endpoint
N_AQ.1488	0.14285714285714285	0.07069728141584473	0.100042281716883	2.4946680479192347	0.426717263333786	0.49893166692910124	0.573282736666214	0.5010683330708987	0.5714285714285714	endpoint
N_AQ.1489	0.0	0.16736445307787293	0.3499604879345477	1.4795772751465541	0.37893443007866023	0.5585317654122526	0.6210655699213398	0.5585317654122526	0.5714285714285714	baseline
N_AQ.1490	0.0	0.08297234206178868	0.08053488336116678	0.9713048374764783	0.45762848482126417	0.43853572999318813	0.5423715151787358	0.5614642700068119	0.5714285714285714	baseline
N_AQ.1492	0.0	0.09387039065499458	0.08044802288269727	1.202952768650048	0.44705818579718454	0.49470486013258214	0.5529418142028155	0.5052951398674179	0.5714285714285714	baseline
N_AQ.1493	0.0	0.12889080734663985	0.46642865193164296	1.3567888735068507	0.39971744028852785	0.3228252831822079	0.6002825597114722	0.6771747168177922	0.5714285714285714	baseline
N_AQ.1494	0.0	0.9302157541349876	0.9303062968972311	1.4387874896625679	0.7494368656263618	0.7332011390525763	0.7494368656263618	0.7332011390525763	0.8571428571428571	endpoint
N_AQ.1495	0.0	0.35377675989179974	0.20792656122050293	1.3427143808652435	0.3696071351987337	0.37574016793824727	0.6303928648012662	0.6242598320617527	0.7142857142857143	baseline
N_AQ.1496	0.0	0.9851131992559973	0.8044364874253254	1.6799821371902226	0.7644144138936552	0.74967430653952	0.7644144138936552	0.74967430653952	1.0	endpoint
N_AQ.1497	0.0	0.09175239836249922	0.44387055214550697	1.3766516010029926	0.45146399158706957	0.5681488221863042	0.5485360084129305	0.5681488221863042	0.5714285714285714	endpoint
N_AQ.1498	0.0	0.7309176597116805	0.8795773357054059	1.6872495407479755	0.25722533598667063	0.16824849327287938	0.7427746640133294	0.8317515067271206	0.8571428571428571	baseline
N_AQ.1499	0.0	0.39849744981608726	0.1925599449609865	1.9858833167779393	0.533608293103139	0.5074528087954646	0.533608293103139	0.5074528087954646	0.5714285714285714	endpoint
N_AQ.15	0.0	1.1012275331854366	1.3371893663047598	1.7344848894697082	0.8050238010734517	0.8839003583659255	0.8050238010734517	0.8839003583659255	0.7142857142857143	endpoint
N_AQ.150	0.0	0.795987277062859	1.049736455833959	1.2672533363276832	0.25085408953254124	0.1397318624775924	0.7491459104674587	0.8602681375224076	0.8571428571428571	baseline
N_AQ.1500	0.0	1.0390453486588345	1.153803330877453	1.6654070528250684	0.7701490397362988	0.7545059984669581	0.7701490397362988	0.7545059984669581	1.0	endpoint
N_AQ.1501	0.0	0.05113543975449887	0.0473480447245735	1.862017486812509	0.45367351162872627	0.4137368559738756	0.5463264883712737	0.5862631440261243	0.5714285714285714	endpoint
N_AQ.1502	0.0	0.319077942018822	0.389764513043257	1.3258565828951905	0.418517960784619	0.37670502547341256	0.581482039215381	0.6232949745265874	0.7142857142857143	baseline
N_AQ.1503	0.0	0.0009545353187413294	0.305423121902635	1.1592142635927585	0.4918706125115649	0.482689795555864	0.5081293874884352	0.517310204444136	0.5714285714285714	baseline
N_AQ.1504	0.0	0.7061982794593636	0.8414218150293529	1.6716645481358805	0.24098574563968028	0.16743179934126093	0.7590142543603198	0.832568200658739	0.7142857142857143	baseline
N_AQ.1505	0.0	0.044925613549564904	0.09598515357681342	1.1830774598931049	0.4660353411498632	0.45604258760334465	0.5339646588501368	0.5439574123966553	0.7142857142857143	baseline
N_AQ.1506	0.0	0.5026206818274457	0.8281172234998487	1.4796508992130795	0.6437818718480407	0.7056041289209266	0.6437818718480407	0.7056041289209266	0.7142857142857143	endpoint
N_AQ.1507	0.0	0.9260552373674317	0.8817404393110659	1.670606228979498	0.1922847940814176	0.21176979357974293	0.8077152059185824	0.7882302064202571	1.0	baseline
N_AQ.1508	0.0	0.5808050728429743	0.9862294096569325	1.321615644787788	0.6389732076143015	0.7133568557959457	0.6389732076143015	0.7133568557959457	0.7142857142857143	endpoint
N_AQ.1509	0.0	0.23341290833548461	0.3212234156302258	1.3579245298431502	0.3813846518515693	0.3558881898747208	0.6186153481484307	0.6441118101252792	0.7142857142857143	baseline
N_AQ.151	0.0	0.5024914778919743	1.03453927817454	1.6531116657374856	0.31515845109273277	0.1884232002732114	0.6848415489072672	0.8115767997267886	0.7142857142857143	baseline
N_AQ.1510	0.0	0.10209277374480667	0.6374502190848621	1.322431937555773	0.48940965553958254	0.575956530516719	0.5105903444604174	0.575956530516719	0.5714285714285714	endpoint
N_AQ.1511	0.0	0.2647154461868752	0.7783558468379929	1.5018892941405373	0.4263417142273383	0.30381875806623587	0.5736582857726618	0.6961812419337641	0.7142857142857143	baseline
N_AQ.1512	0.0	0.2978708665829232	0.41498775421230844	1.9590233048070869	0.35366233661368046	0.3076415525615847	0.6463376633863196	0.6923584474384152	0.8571428571428571	baseline
N_AQ.1513	0.0	0.518037102254152	0.6495475866118569	1.506732227911949	0.6479613490153832	0.6174690802147259	0.6479613490153832	0.6174690802147259	0.7142857142857143	endpoint
N_AQ.1514	0.0	0.08882031039368332	0.029734302633355525	1.0970372679113314	0.42730049951982657	0.4709367040472394	0.5726995004801734	0.5290632959527606	0.8571428571428571	baseline
N_AQ.1515	0.0	0.5491773215223885	0.6655180017127016	1.5809004383635659	0.31873940856040645	0.35593560353477127	0.6812605914395935	0.6440643964652287	0.8571428571428571	baseline
N_AQ.1516	0.0	0.5293654675491398	0.5396775743797259	1.4586290356435256	0.6092462925873594	0.5790225564309243	0.6092462925873594	0.5790225564309243	0.8571428571428571	endpoint
N_AQ.1517	0.0	0.7508512557813141	0.8849067994014171	1.3074057935615508	0.264277400393856	0.21695595804818438	0.7357225996061441	0.7830440419518157	0.8571428571428571	baseline
N_AQ.1518	0.0	0.08375669026646874	0.37529376965486777	1.0909027162086145	0.4479422923269844	0.3963937924643965	0.5520577076730155	0.6036062075356035	0.7142857142857143	baseline
N_AQ.1519	0.0	0.0967588720389244	0.2170357035981718	1.6143040013051102	0.46499424575536796	0.5241690895303123	0.535005754244632	0.5241690895303123	0.5714285714285714	endpoint
N_AQ.152	0.0	0.8677087238043834	1.1549944364565787	1.5719492436803297	0.7639603375339808	0.9064821593669102	0.7639603375339808	0.9064821593669102	0.7142857142857143	endpoint
N_AQ.1520	0.0	0.5058876809064526	0.7863717266967285	1.7429257559209697	0.36021426911235316	0.236345339936052	0.6397857308876469	0.763654660063948	0.7142857142857143	baseline
N_AQ.1521	0.0	0.08158183514217608	0.09202865845745216	1.388067292444623	0.47210694851670315	0.4569685909263345	0.5278930514832969	0.5430314090736654	0.5714285714285714	baseline
N_AQ.1523	0.0	0.03618339419084745	0.26776553560589944	1.2352904477627251	0.4312913929754248	0.4671625551503745	0.5687086070245753	0.5328374448496255	0.5714285714285714	baseline
N_AQ.1524	0.0	0.06412297329350845	0.11866145392124232	1.236142909352722	0.4990689337984565	0.4050978187886866	0.5009310662015435	0.5949021812113133	0.5714285714285714	endpoint
N_AQ.1525	0.0	0.6159794676000457	0.787637823336826	1.3200581732375687	0.6630359992767907	0.7134475700321827	0.6630359992767907	0.7134475700321827	0.8571428571428571	endpoint
N_AQ.1526	0.0	0.09760679344906108	0.09765343280848127	1.6479394224997865	0.43524058301656726	0.40971324911739293	0.5647594169834327	0.5902867508826071	0.7142857142857143	baseline
N_AQ.1527	0.0	0.06852848819023692	0.10281329816759141	1.4126369407581043	0.49973771947412493	0.4551723519673342	0.5002622805258751	0.5448276480326658	0.5714285714285714	endpoint
N_AQ.1528	0.0	0.5775892336265073	0.427782392570076	1.2435805604442722	0.3087951601418257	0.3034336314933255	0.6912048398581743	0.6965663685066745	0.7142857142857143	baseline
N_AQ.1529	0.0	0.18966492458052173	0.20867153960348003	1.3108394276078603	0.370949052658597	0.4256106907919917	0.629050947341403	0.5743893092080083	0.7142857142857143	baseline
N_AQ.153	0.0	0.2204634176976792	0.9785193805411089	1.4192861744217604	0.5787425912724163	0.746221483728999	0.5787425912724163	0.746221483728999	0.5714285714285714	endpoint
N_AQ.1530	0.0	0.25996317488338483	0.6071757966057862	1.164068870615104	0.5311552667136963	0.5704833996668557	0.5311552667136963	0.5704833996668557	0.5714285714285714	endpoint
N_AQ.1531	0.0	0.9032352661048375	1.1519501874195313	1.5699431809049935	0.21333764950681894	0.1665711542160946	0.7866623504931811	0.8334288457839054	0.8571428571428571	baseline
N_AQ.1532	0.0	0.3361357050671905	0.393066426559048	1.1871640982495526	0.3538752379941675	0.31362207797003394	0.6461247620058326	0.6863779220299661	0.7142857142857143	baseline
N_AQ.1533	0.0	0.09632453726799386	0.6167491812077647	1.5796832935581275	0.4461798257561548	0.5553540153886071	0.5538201742438452	0.5553540153886071	0.5714285714285714	endpoint
N_AQ.1534	0.0	0.3321206016061423	0.9086202853386036	1.7371325377377704	0.5449369492824008	0.6349652314635025	0.5449369492824008	0.6349652314635025	0.5714285714285714	endpoint
N_AQ.1535	0.0	0.3035491022735906	0.40827926760062355	1.6628367507222022	0.4021776033853577	0.3637979823745401	0.5978223966146423	0.6362020176254599	0.7142857142857143	baseline
N_AQ.1536	0.0	0.7068577779928403	0.9098993100407836	1.4018682492314003	0.2638055721666975	0.14619151422218882	0.7361944278333026	0.8538084857778112	0.8571428571428571	baseline
N_AQ.1537	0.0	0.41364610166472876	0.3469855725991726	1.519828241128116	0.6033704312271916	0.4792749850370576	0.6033704312271916	0.5207250149629423	0.5714285714285714	endpoint
N_AQ.1538	0.0	0.19764738543081536	0.5156095284492618	1.2420731222810786	0.5431474160877904	0.5746587147374818	0.5431474160877904	0.5746587147374818	0.7142857142857143	endpoint
N_AQ.1539	0.0	0.2620723611631002	0.07990019888383415	1.421986822371158	0.5811590638013759	0.45710102674374165	0.5811590638013759	0.5428989732562584	0.5714285714285714	endpoint
N_AQ.154	0.0	0.5289833876292632	0.36192067422810714	1.6787387261143174	0.6294014877946401	0.5592716233603161	0.6294014877946401	0.5592716233603161	0.7142857142857143	endpoint
N_AQ.1540	0.0	0.6903062170963443	0.6299737322283747	1.1384170376259155	0.27802494106568704	0.3414550981329319	0.721975058934313	0.6585449018670682	1.0	baseline
N_AQ.1541	0.0	1.1210468274045755	1.1638223997754014	1.6224248704402817	0.7794251738311974	0.7979793545459366	0.7794251738311974	0.7979793545459366	1.0	endpoint
N_AQ.1542	0.0	0.18989552025026005	0.008801801926998526	1.5816728356589114	0.40335383225138377	0.4275680259576438	0.5966461677486162	0.5724319740423562	0.5714285714285714	baseline
N_AQ.1543	0.0	0.409046971356574	1.0563388495516814	1.4975875457258194	0.34309446876589295	0.22296668167155084	0.656905531234107	0.7770333183284491	0.5714285714285714	baseline
N_AQ.1544	0.0	0.29170011624198305	0.4362919961775696	1.53112518442135	0.5607563394344117	0.49292958348309984	0.5607563394344117	0.5070704165169002	0.5714285714285714	endpoint
N_AQ.1545	0.0	0.7943866143167263	0.7804356580182773	1.389938513240418	0.23474379148443797	0.24217235071749169	0.7652562085155621	0.7578276492825083	1.0	baseline
N_AQ.1546	0.0	0.47834499514940365	0.5233971360069166	1.6453735912499567	0.32803461413056695	0.2660763957332629	0.671965385869433	0.7339236042667371	0.7142857142857143	baseline
N_AQ.1547	0.0	0.14589028267106774	0.7886924031557799	1.2249140398361236	0.5292370163855532	0.7134162237466852	0.5292370163855532	0.7134162237466852	0.5714285714285714	endpoint
N_AQ.1548	0.0	0.06502809626156518	0.06006512406757942	1.2738436966820914	0.4988216509770141	0.4236996197485663	0.501178349022986	0.5763003802514337	0.7142857142857143	baseline
N_AQ.1549	0.0	0.5022986974307321	0.6792619563969904	1.6602731199515244	0.5696828849590714	0.6784613522307771	0.5696828849590714	0.6784613522307771	0.7142857142857143	endpoint
N_AQ.155	0.0	0.11469805791183577	0.23813585761310013	1.6545176571374949	0.45884473481731325	0.3574406322772185	0.5411552651826868	0.6425593677227814	0.5714285714285714	baseline
N_AQ.1550	0.0	0.7948355351009739	0.6673820105607312	1.6708524261183437	0.24500246864699204	0.22463372701008108	0.754997531353008	0.7753662729899189	1.0	baseline
N_AQ.1551	0.14285714285714285	0.8406393292590305	0.8299099347097508	2.1779123685097046	0.7087455591345947	0.7592164403155848	0.7087455591345947	0.7592164403155848	0.7142857142857143	endpoint
N_AQ.1552	0.0	0.20229964897725328	0.2057769212309147	1.6092003052574473	0.5484863956780892	0.5217403833346268	0.5484863956780892	0.5217403833346268	0.5714285714285714	endpoint
N_AQ.1553	0.0	0.3544056292609504	0.5333345204207302	1.1235314201045203	0.5732261626234268	0.6931321476199167	0.5732261626234268	0.6931321476199167	0.7142857142857143	endpoint
N_AQ.1554	0.0	0.18479047764335668	0.0241674838746331	1.7108454237635538	0.5284174163334058	0.4754375472845557	0.5284174163334058	0.5245624527154443	0.5714285714285714	endpoint
N_AQ.1555	0.0	0.03908964323732737	0.10050912776072747	1.427840354136951	0.466448027668301	0.5091075043561983	0.533551972331699	0.5091075043561983	0.5714285714285714	baseline
N_AQ.1556	0.0	0.10411987033138095	0.15202589869066285	1.191601787035202	0.4226444818977865	0.49412190701353653	0.5773555181022135	0.5058780929864635	0.5714285714285714	baseline
N_AQ.156	0.0	0.19244454887197612	0.5132723670441915	1.2688778720330842	0.4013259022416858	0.34774495331948235	0.5986740977583143	0.6522550466805177	0.5714285714285714	baseline
N_AQ.157	0.0	0.6061093938972502	1.012486373925484	1.6339423432820346	0.6085266972842344	0.7350554981375262	0.6085266972842344	0.7350554981375262	0.7142857142857143	endpoint
N_AQ.158	0.0	0.2881876073262988	0.3959505601752055	1.6625130366427296	0.3682470517297532	0.36568299290914114	0.6317529482702469	0.6343170070908588	0.7142857142857143	baseline
N_AQ.159	0.0	1.0408203349365708	1.2311839270684959	1.5633065388921317	0.18748303364070534	0.14947270677410127	0.8125169663592946	0.8505272932258987	0.8571428571428571	baseline
N_AQ.16	0.0	0.1491432773644467	0.23973417133468386	1.5585183454672715	0.44272190789121113	0.5405982404015014	0.5572780921087889	0.5405982404015014	0.5714285714285714	baseline
N_AQ.160	0.14285714285714285	1.1427911887063298	1.4838189669102646	2.352136412188919	0.7930762678312595	0.9117168248853936	0.7930762678312595	0.9117168248853936	0.8571428571428571	endpoint
N_AQ.161	0.0	0.6738410051861577	0.9214797160144551	1.9085574295337497	0.3151675774047539	0.23311090767094866	0.6848324225952461	0.7668890923290513	0.7142857142857143	baseline
N_AQ.163	0.0	0.14077854291939487	0.05836374075586074	1.2644860638164828	0.39398599800681267	0.4103200177199279	0.6060140019931873	0.5896799822800721	0.8571428571428571	baseline
N_AQ.164	0.0	0.05300758943364192	0.25841360422600457	1.9013526696475778	0.4612507495799624	0.4281364512904939	0.5387492504200375	0.5718635487095061	0.7142857142857143	endpoint
N_AQ.165	0.0	0.24895141318889077	0.4547573781407994	1.5870381229743746	0.5268887715785141	0.5667104207490458	0.5268887715785141	0.5667104207490458	0.5714285714285714	endpoint
N_AQ.167	0.0	0.561731695777767	0.36351991616381896	1.2854677495200126	0.6151493612170301	0.5411794943779883	0.6151493612170301	0.5411794943779883	0.8571428571428571	endpoint
N_AQ.168	0.0	0.31736090137930784	0.3786874547588467	1.1112010594273365	0.5427586734824966	0.5590400548603744	0.5427586734824966	0.5590400548603744	0.7142857142857143	endpoint
N_AQ.169	0.14285714285714285	0.04129810070690757	0.09883385990804554	2.0159615464450136	0.4216327924749467	0.5420468752196491	0.5783672075250532	0.5420468752196491	0.5714285714285714	baseline
N_AQ.17	0.0	0.6166455459087814	1.0760872463265658	1.3143063974749234	0.273266774825272	0.19135785679572703	0.726733225174728	0.808642143204273	0.8571428571428571	baseline
N_AQ.170	0.0	0.3477760190985976	0.9750150050054293	1.4885253114019976	0.3276638591202873	0.12345889717758057	0.6723361408797127	0.8765411028224195	0.7142857142857143	baseline
N_AQ.171	0.0	0.5321212876759167	0.3548023880579373	1.5708427514840089	0.6230958132644565	0.5777815166309012	0.6230958132644565	0.5777815166309012	0.5714285714285714	endpoint
N_AQ.172	0.0	0.45088689417186184	0.3540114508088696	1.6631469455665686	0.3220571164960039	0.37209531662154754	0.6779428835039961	0.6279046833784525	0.5714285714285714	baseline
N_AQ.173	0.0	0.009826073647251965	0.34914657938403254	1.303833319062859	0.4677335984718138	0.3292955031439896	0.5322664015281862	0.6707044968560104	0.5714285714285714	baseline
N_AQ.174	0.0	0.528817289025807	0.6046490910037342	1.1170438726278933	0.29811141409126457	0.3469180435065514	0.7018885859087354	0.6530819564934486	1.0	baseline
N_AQ.175	0.0	0.7112529354805792	0.6795802399282159	1.6495615185098715	0.6758510404117629	0.60932974889694	0.6758510404117629	0.60932974889694	1.0	endpoint
N_AQ.176	0.0	0.37633013381100916	0.9930865649968611	1.977189106624008	0.33694925255453684	0.24504770186871128	0.6630507474454632	0.7549522981312887	0.7142857142857143	baseline
N_AQ.177	0.14285714285714285	0.6044387347383509	0.24743842866992094	2.0613849459834466	0.3512917091507104	0.3516730085175056	0.6487082908492896	0.6483269914824944	0.8571428571428571	baseline
N_AQ.178	0.0	0.06396992721866912	0.1628952098200247	1.1142747808079863	0.43812826911226377	0.4379729697991729	0.5618717308877362	0.5620270302008271	0.5714285714285714	baseline
N_AQ.179	0.0	0.0767246347757894	0.4284763484794869	1.4350624998090291	0.5204848887812299	0.38492142764903936	0.5204848887812299	0.6150785723509606	0.5714285714285714	endpoint
N_AQ.180	0.0	0.00662170118990454	0.16018129478082768	1.0152701375224185	0.4927601042307797	0.38644702933750547	0.5072398957692204	0.6135529706624945	0.7142857142857143	baseline
N_AQ.181	0.0	0.9195326540943088	1.0903051325094193	1.5428688271477464	0.24031752750869737	0.19032373252858112	0.7596824724913026	0.8096762674714189	1.0	baseline
N_AQ.182	0.0	0.8078000754820611	1.1542205501009626	1.6014332813565426	0.260015144464077	0.18391122848040745	0.739984855535923	0.8160887715195926	0.8571428571428571	baseline
N_AQ.183	0.14285714285714285	0.7811559995844866	0.741147724680331	2.0575622126305126	0.681768125606723	0.740815378156754	0.681768125606723	0.740815378156754	0.8571428571428571	endpoint
N_AQ.184	0.0	0.04105145947475946	0.01702445438467461	1.2828198528688874	0.5108738329531977	0.42314259875909105	0.5108738329531977	0.5768574012409089	0.5714285714285714	endpoint
N_AQ.185	0.0	0.38851857516527016	0.7414942001667019	0.9475428472498133	0.3839659778445562	0.28635767769820597	0.6160340221554438	0.713642322301794	0.7142857142857143	baseline
N_AQ.186	0.14285714285714285	1.0604650021108708	1.4408732196680702	2.020995737800594	0.7953900135952285	0.8770467035927131	0.7953900135952285	0.8770467035927131	0.8571428571428571	endpoint
N_AQ.187	0.0	0.0250994162893324	0.1445019413002951	1.118446549852942	0.5008946485402036	0.38360175153769993	0.5008946485402036	0.6163982484623001	0.5714285714285714	baseline
N_AQ.188	0.0	0.060273643217712	0.1052030487185528	1.589383471326855	0.5012185400045193	0.4535532182690144	0.5012185400045193	0.5464467817309856	0.5714285714285714	endpoint
N_AQ.189	0.0	0.6716633982926231	1.1567702278756813	1.7435253072507235	0.2892887330315333	0.06961732467940648	0.7107112669684668	0.9303826753205935	0.7142857142857143	baseline
N_AQ.19	0.14285714285714285	0.026214734166239033	0.4764669178007567	2.313137313083917	0.47567143048954763	0.3533723607321655	0.5243285695104524	0.6466276392678345	0.5714285714285714	endpoint
N_AQ.190	0.14285714285714285	0.46938273253147045	0.5817460383686374	2.257553651483586	0.5743994499256092	0.6088686681026706	0.5743994499256092	0.6088686681026706	0.5714285714285714	endpoint
N_AQ.191	0.0	0.33167437035321107	1.1048889246301525	1.6634663081623973	0.3370296687713717	0.12908207022856638	0.6629703312286284	0.8709179297714336	0.7142857142857143	baseline
N_AQ.193	0.0	0.5244542510385689	0.9650899767168473	1.112230919793773	0.31443236250078377	0.2044072847000478	0.6855676374992162	0.7955927152999522	0.8571428571428571	baseline
N_AQ.194	0.0	0.4719666758819598	0.7591783240323798	1.6433975571632973	0.5836023950445616	0.5875069251952297	0.5836023950445616	0.5875069251952297	0.8571428571428571	endpoint
N_AQ.195	0.0	0.16304663107692446	0.4188517863693416	0.8787176499154626	0.5304893134282544	0.5583422819352815	0.5304893134282544	0.5583422819352815	0.5714285714285714	endpoint
N_AQ.196	0.0	0.46436958741811024	0.4020940745623843	1.3136782246682703	0.32841739976273854	0.3895296200565393	0.6715826002372615	0.6104703799434608	0.8571428571428571	baseline
N_AQ.197	0.0	0.35258618829510474	0.6423021725476812	1.4555494470619608	0.3912626874627664	0.3318717241239997	0.6087373125372336	0.6681282758760003	0.7142857142857143	baseline
N_AQ.198	0.0	0.8973224899354441	0.8928638762090427	1.1688052510675966	0.22253616620582947	0.2376042804268835	0.7774638337941705	0.7623957195731165	1.0	baseline
N_AQ.199	0.14285714285714285	0.9801573150705651	1.5220912948211562	2.308066772961994	0.6847318992558481	0.7791165332492098	0.6847318992558481	0.7791165332492098	0.8571428571428571	endpoint
N_AQ.2	0.0	0.48516021312508456	0.9034112287968649	1.2100981607454113	0.3392588725285431	0.25610909938759946	0.660741127471457	0.7438909006124006	0.8571428571428571	baseline
N_AQ.20	0.0	0.2152352998355734	0.2672398033876558	1.4470748888881426	0.44389248236564416	0.35623313426031594	0.5561075176343558	0.643766865739684	0.7142857142857143	baseline
N_AQ.200	0.0	0.9732826959861497	1.1776366335851396	1.6444065722111112	0.20963679003852592	0.17479901347251275	0.7903632099614741	0.8252009865274872	0.8571428571428571	baseline
N_AQ.201	0.0	0.944632576481587	0.7296602250861793	1.7128529419828078	0.7184364299421365	0.7175513997324361	0.7184364299421365	0.7175513997324361	1.0	endpoint
N_AQ.202	0.0	0.06927243643162657	0.7839765514978114	1.5765246586045587	0.4431558713976322	0.5460891749051111	0.5568441286023678	0.5460891749051111	0.5714285714285714	endpoint
N_AQ.203	0.0	1.0527329299956707	1.1998094328247777	1.4717951796728381	0.16275794445374217	0.0721242583379467	0.8372420555462579	0.9278757416620533	0.8571428571428571	baseline
N_AQ.204	0.0	0.6420004979964665	1.0051797187769516	1.4030455050506017	0.2825936070731167	0.25615199917171944	0.7174063929268832	0.7438480008282806	0.8571428571428571	baseline
N_AQ.205	0.0	0.2100587791964097	0.2604459283038003	1.798578697383529	0.4559075930211232	0.5092081015847632	0.5440924069788768	0.5092081015847632	0.5714285714285714	endpoint
N_AQ.206	0.0	0.3641530450160276	0.48167598230681835	1.4388208029638867	0.5751238758419978	0.499868615208311	0.5751238758419978	0.5001313847916891	0.5714285714285714	endpoint
N_AQ.207	0.0	0.6802789681363103	0.6468178033981399	1.8392450261163	0.6319130114982661	0.6432354337838768	0.6319130114982661	0.6432354337838768	0.8571428571428571	endpoint
N_AQ.208	0.0	0.6873343408453224	0.5306641208550755	1.812254359328568	0.6596245654007259	0.6435062149085912	0.6596245654007259	0.6435062149085912	0.8571428571428571	endpoint
N_AQ.209	0.0	0.09020376868062849	0.46879248624222325	1.3806326842132979	0.46767745008419864	0.6212764458969459	0.5323225499158013	0.6212764458969459	0.5714285714285714	endpoint
N_AQ.21	0.0	0.6252254990153838	0.7759642070808845	1.6497899393176343	0.31601303077061565	0.20021900087144553	0.6839869692293843	0.7997809991285545	0.5714285714285714	baseline
N_AQ.210	0.0	0.3418270609732265	0.5767396572631627	1.5731165138705867	0.5824881722091378	0.6338024452752378	0.5824881722091378	0.6338024452752378	0.5714285714285714	endpoint
N_AQ.211	0.0	0.49868867282390666	0.43748728884043125	1.2837965263008932	0.32312091843877816	0.3593321916122111	0.6768790815612218	0.6406678083877889	0.8571428571428571	baseline
N_AQ.212	0.0	0.2841170331767925	0.5796811289134132	1.7044619281624327	0.33338690620977335	0.35230404727182146	0.6666130937902266	0.6476959527281785	0.7142857142857143	baseline
N_AQ.213	0.0	0.19209705722646783	0.3560701941845693	1.5699468850017317	0.4825093402522706	0.5541611364219179	0.5174906597477293	0.5541611364219179	0.5714285714285714	endpoint
N_AQ.214	0.0	0.020632308329712665	0.1888093480515779	1.3365887254188167	0.45780733661125345	0.39423821730069813	0.5421926633887466	0.6057617826993018	0.5714285714285714	baseline
N_AQ.215	0.0	0.851295978575323	0.9050664757046584	1.829263696811838	0.7371963799662005	0.7395764376439674	0.7371963799662005	0.7395764376439674	0.7142857142857143	endpoint
N_AQ.216	0.0	0.34251960741523985	0.8827739302567345	1.3485961123328243	0.5794752936773724	0.6790123803073633	0.5794752936773724	0.6790123803073633	0.5714285714285714	endpoint
N_AQ.217	0.0	0.3584565865904529	0.35304114279487875	1.5388994630777462	0.5631898652547707	0.4802008577354711	0.5631898652547707	0.519799142264529	0.5714285714285714	endpoint
N_AQ.218	0.0	0.49666083078344325	0.7040293047187866	1.6736073690503768	0.29228626714905664	0.21004807921152105	0.7077137328509433	0.789951920788479	0.7142857142857143	baseline
N_AQ.219	0.0	0.5862339992192024	0.9418560196275579	1.5567723797501172	0.5857369142185721	0.6642465962052561	0.5857369142185721	0.6642465962052561	0.7142857142857143	endpoint
N_AQ.22	0.0	0.09697092809909738	0.22658586174146433	1.3570524088222848	0.4611502370082047	0.5105411133434075	0.5388497629917953	0.5105411133434075	0.5714285714285714	endpoint
N_AQ.220	0.0	0.15235747562487645	0.3554914905647083	1.2414780645466983	0.39443148241838255	0.5540363004475491	0.6055685175816174	0.5540363004475491	0.5714285714285714	baseline
N_AQ.221	0.0	0.11799965277297822	0.18540298701748328	1.4581499294702536	0.5778002439838781	0.48593135250349073	0.5778002439838781	0.5140686474965093	0.5714285714285714	endpoint
N_AQ.222	0.0	0.4690045932692596	0.9249729231944088	1.6114319535938282	0.3417008276123653	0.25219508519830985	0.6582991723876347	0.7478049148016901	0.7142857142857143	baseline
N_AQ.223	0.0	0.5542312934512535	0.382544656384833	1.656749911502039	0.6573814320246462	0.5470805704401772	0.6573814320246462	0.5470805704401772	0.5714285714285714	endpoint
N_AQ.224	0.0	0.06444454565073456	0.1086580237714993	1.280396163954388	0.49224207240873935	0.5113081815743635	0.5077579275912607	0.5113081815743635	0.5714285714285714	endpoint
N_AQ.225	0.0	0.7845410654379503	1.1777884608564793	1.9156695417990448	0.2743195687016927	0.13332397982330746	0.7256804312983073	0.8666760201766925	0.8571428571428571	baseline
N_AQ.226	0.0	0.5284997248455569	0.851949620494414	1.608829312950391	0.3004554276939442	0.25020587608549555	0.6995445723060558	0.7497941239145045	0.8571428571428571	baseline
N_AQ.227	0.0	0.35824419067639673	0.27582940628079083	1.4544136244242163	0.3779116570219015	0.3840490415715157	0.6220883429780986	0.6159509584284844	0.7142857142857143	baseline
N_AQ.229	0.0	0.46186215528989266	0.04742836225233076	1.9490526877338952	0.5585869311050125	0.48758197137459114	0.5585869311050125	0.5124180286254089	0.5714285714285714	endpoint
N_AQ.23	0.0	0.1677781194058187	0.3144560292947995	1.8758448542886064	0.3766199998703029	0.3970427085535157	0.6233800001296971	0.6029572914464842	0.7142857142857143	baseline
N_AQ.230	0.0	0.20611530131916028	0.002416205341758869	1.1556478765055551	0.431112181920645	0.452550684083091	0.5688878180793551	0.5474493159169089	0.7142857142857143	baseline
N_AQ.231	0.0	0.26150992715218885	0.013396834784565414	1.5135868808399338	0.5832674892386572	0.5949151235899677	0.5832674892386572	0.5949151235899677	0.5714285714285714	endpoint
N_AQ.232	0.14285714285714285	1.3691758614549425	1.5182679362106093	2.178706474818582	0.8616822843174614	0.9114894782297579	0.8616822843174614	0.9114894782297579	0.8571428571428571	endpoint
N_AQ.233	0.14285714285714285	0.2532951706210363	0.006587608032288114	2.3688252347126406	0.5000976567314759	0.4787719429385543	0.5000976567314759	0.5212280570614457	0.5714285714285714	endpoint
N_AQ.234	0.0	0.019554230522855702	0.2219681324614133	1.5250699672774337	0.45173572912292254	0.5007377646481554	0.5482642708770775	0.5007377646481554	0.5714285714285714	endpoint
N_AQ.235	0.0	0.07073101857404662	0.34470688702551744	0.7890416158805522	0.4689296088016208	0.5353440866606903	0.5310703911983792	0.5353440866606903	0.5714285714285714	endpoint
N_AQ.236	0.0	0.05753675648509209	0.03708369942146098	1.3007635837468718	0.4254272619390472	0.47198614958801	0.5745727380609529	0.52801385041199	0.5714285714285714	baseline
N_AQ.237	0.0	1.2492125389334088	1.2520937288707794	1.8073373818098375	0.12472035924619905	0.128889465019461	0.8752796407538009	0.871110534980539	1.0	baseline
N_AQ.238	0.0	0.23635055199311025	0.4490399053786086	1.3604421577848995	0.5323919775266476	0.5918043472172128	0.5323919775266476	0.5918043472172128	0.5714285714285714	endpoint
N_AQ.239	0.0	0.1686708443579447	0.11671038715878351	1.1996804116410829	0.5266006770726359	0.5015574381160144	0.5266006770726359	0.5015574381160144	0.5714285714285714	endpoint
N_AQ.24	0.0	0.6538467646594971	0.7583397216778061	1.0719816359337395	0.6551536436343371	0.6935273640795033	0.6551536436343371	0.6935273640795033	0.8571428571428571	endpoint
N_AQ.240	0.0	0.26733402632468883	0.9399874098789992	1.554323977296754	0.33304200973428066	0.13497882852550155	0.6669579902657193	0.8650211714744984	0.5714285714285714	baseline
N_AQ.241	0.0	0.21467291840835673	0.22374224356176128	1.5598882030841827	0.5846744293595798	0.5538739169677442	0.5846744293595798	0.5538739169677442	0.7142857142857143	endpoint
N_AQ.242	0.14285714285714285	0.13796342174812198	0.8433260196215917	2.6070167955490824	0.3756582729889019	0.25553822720285796	0.624341727011098	0.7444617727971421	0.7142857142857143	baseline
N_AQ.243	0.0	0.3908727232062096	0.6645164281844437	1.4713455486140739	0.5721386794071395	0.6341841038549689	0.5721386794071395	0.6341841038549689	0.5714285714285714	endpoint
N_AQ.244	0.0	0.34781344955549015	0.623837143591716	1.3530571787762598	0.41027066418284824	0.3371895464065152	0.5897293358171518	0.6628104535934848	0.7142857142857143	baseline
N_AQ.245	0.0	0.21028503208651708	0.6609595747488505	1.3443440133286015	0.555894783209567	0.6615008260536152	0.555894783209567	0.6615008260536152	0.5714285714285714	endpoint
N_AQ.246	0.0	0.8115979320048675	1.2441947470854497	1.546796741032924	0.6893347784987958	0.7365298359957221	0.6893347784987958	0.7365298359957221	0.8571428571428571	endpoint
N_AQ.247	0.0	0.45257377509636826	0.40583017825090717	1.617063517667749	0.34656647584821315	0.3495552431963506	0.6534335241517868	0.6504447568036493	0.8571428571428571	baseline
N_AQ.248	0.0	0.1181134744771388	0.10312183455275642	1.5829666090882673	0.5030227098813815	0.4541152674833787	0.5030227098813815	0.5458847325166213	0.5714285714285714	endpoint
N_AQ.249	0.0	0.13884484085804913	0.39698220014806473	1.4339317485748753	0.4736870606078721	0.5629865350414375	0.526312939392128	0.5629865350414375	0.5714285714285714	endpoint
N_AQ.25	0.0	1.026966237122273	1.2175943571125685	1.5646466520992548	0.7968205316123248	0.8107856717710006	0.7968205316123248	0.8107856717710006	0.8571428571428571	endpoint
N_AQ.250	0.0	0.944450113222013	0.9915006443115341	1.8660593024824395	0.7177062330403431	0.711535341687429	0.7177062330403431	0.711535341687429	1.0	endpoint
N_AQ.251	0.0	0.6764578906883346	1.1021577014824353	1.2263542884775176	0.31167510215240357	0.21280591523718734	0.6883248978475964	0.7871940847628127	0.7142857142857143	baseline
N_AQ.252	0.0	0.3617388772040687	0.20844477223664207	1.6288593887125449	0.561927415654743	0.5382564238554944	0.561927415654743	0.5382564238554944	0.5714285714285714	endpoint
N_AQ.253	0.0	0.03789964160264444	0.4366275152127451	1.4853559172393567	0.4643132066137867	0.49298088301467613	0.5356867933862133	0.5070191169853239	0.5714285714285714	endpoint
N_AQ.254	0.0	0.7599032552667601	0.675461538090117	1.3683087004687398	0.2578781106831082	0.32294687145491774	0.7421218893168918	0.6770531285450823	1.0	baseline
N_AQ.255	0.0	0.27734464901163597	0.024094960326583346	1.4713410442573622	0.44411400428818043	0.475457132872562	0.5558859957118196	0.5245428671274379	0.5714285714285714	baseline
N_AQ.256	0.0	1.1101968156284048	1.195427638447408	1.9119461826110633	0.13646218457621712	0.07192210934773614	0.8635378154237829	0.9280778906522639	1.0	baseline
N_AQ.257	0.0	0.2833490843085903	0.02921809975049294	1.6245388333756476	0.396168402333173	0.4740735864141487	0.6038315976668269	0.5259264135858512	0.5714285714285714	baseline
N_AQ.258	0.0	0.4598938443869957	1.0118630961478012	1.524073636532029	0.5616718776106209	0.6248842199885255	0.5616718776106209	0.6248842199885255	0.5714285714285714	endpoint
N_AQ.259	0.0	0.08734334234765091	0.4944909033055163	1.771800622931454	0.48760770362511946	0.2789607200020566	0.5123922963748806	0.7210392799979435	0.5714285714285714	endpoint
N_AQ.26	0.0	0.9351306747225526	0.9207710860558785	1.679887484368083	0.7611305139015594	0.8679332258515394	0.7611305139015594	0.8679332258515394	0.7142857142857143	endpoint
N_AQ.260	0.0	0.06372151343088073	0.04815922402830467	1.3779206738029097	0.4570376354821782	0.4433612109377414	0.5429623645178219	0.5566387890622586	0.5714285714285714	baseline
N_AQ.261	0.14285714285714285	0.25555973208765137	0.05965621165579246	2.0863925953130944	0.5472174876818826	0.4637432170284012	0.5472174876818826	0.5362567829715987	0.5714285714285714	endpoint
N_AQ.262	0.0	0.9634375579003834	1.1560204286453482	1.6708702950427718	0.19241856421165288	0.19622131368441814	0.8075814357883471	0.8037786863155818	1.0	baseline
N_AQ.263	0.0	0.6687164298778013	0.9825446109979676	1.4156945539176058	0.6488389059653219	0.7135102452279001	0.6488389059653219	0.7135102452279001	0.8571428571428571	endpoint
N_AQ.264	0.0	1.0641139263554362	1.155614627610194	1.9639182916021438	0.17966029599454153	0.10100139005258671	0.8203397040054585	0.8989986099474133	0.8571428571428571	baseline
N_AQ.265	0.0	0.29557520993456354	0.8067871303834626	1.6149156776601332	0.41919398064499386	0.25959498852651086	0.5808060193550062	0.7404050114734891	0.5714285714285714	baseline
N_AQ.266	0.0	0.5272512716332859	0.834519772551161	1.5084079780564132	0.32570835603300713	0.19559265986434826	0.6742916439669928	0.8044073401356517	0.7142857142857143	baseline
N_AQ.267	0.0	0.5106872262468075	0.7265305501938512	1.7593727682944005	0.3561439544929845	0.3151386217750902	0.6438560455070155	0.6848613782249098	0.7142857142857143	baseline
N_AQ.268	0.0	0.19381525998771335	0.5977284261355212	1.3254564567008134	0.4908253550356303	0.6138260701366602	0.5091746449643697	0.6138260701366602	0.7142857142857143	endpoint
N_AQ.269	0.14285714285714285	0.5567007451496165	0.8741726733216597	2.1094684154104337	0.5730580294252616	0.7487516309750799	0.5730580294252616	0.7487516309750799	0.5714285714285714	endpoint
N_AQ.27	0.0	0.5767095702021191	0.7167501314449426	1.4956155640988769	0.6256572631691306	0.7178562378117256	0.6256572631691306	0.7178562378117256	0.7142857142857143	endpoint
N_AQ.270	0.0	0.393979408878666	0.8638766958229026	1.6312710543106352	0.35512143562384824	0.26123717607056035	0.6448785643761518	0.7387628239294397	0.7142857142857143	baseline
N_AQ.271	0.0	0.1703033036599497	0.7235084762152385	1.5670844624125002	0.5881163528716771	0.7380594973241055	0.5881163528716771	0.7380594973241055	0.5714285714285714	endpoint
N_AQ.272	0.0	0.016029663206837297	0.22742807557792047	1.1262343233632246	0.487525348112442	0.46651326951971267	0.512474651887558	0.5334867304802873	0.5714285714285714	baseline
N_AQ.273	0.0	0.585675672976196	1.0867561820492646	1.4886856775305362	0.6472294330805023	0.7754517331923868	0.6472294330805023	0.7754517331923868	0.7142857142857143	endpoint
N_AQ.274	0.0	0.6748495668608847	0.6402705819510099	1.4572257451543003	0.253519848831087	0.26543675554528534	0.746480151168913	0.7345632444547147	0.8571428571428571	baseline
N_AQ.275	0.0	0.4475158178875108	0.7579789031871017	1.3625401925158367	0.3546445468007196	0.21789526652983096	0.6453554531992804	0.7821047334701691	0.5714285714285714	baseline
N_AQ.276	0.0	0.8886312107099023	1.2563845997018932	1.6211160665501279	0.22104254931095527	0.1814090861716943	0.7789574506890448	0.8185909138283057	0.8571428571428571	baseline
N_AQ.277	0.0	1.0095002357382383	0.983666864706493	1.6673813471378705	0.18773189670103085	0.16646681135867264	0.8122681032989691	0.8335331886413273	1.0	baseline
N_AQ.278	0.0	0.1893416197649041	0.7727200708864792	1.4807015147797056	0.43102279289446044	0.305615464434392	0.5689772071055396	0.694384535565608	0.5714285714285714	baseline
N_AQ.279	0.0	0.1061947625058364	0.11041151215915358	1.1084082733067915	0.43905648409735065	0.48713289190396564	0.5609435159026493	0.5128671080960343	0.7142857142857143	baseline
N_AQ.28	0.0	0.4517936180709445	0.7209200675903477	1.3154752304134874	0.3646762041875162	0.2378998913760053	0.6353237958124838	0.7621001086239947	0.7142857142857143	baseline
N_AQ.280	0.14285714285714285	1.2358032402121952	1.228705046028473	2.0793289644546804	0.13776195381939374	0.04070235454789085	0.8622380461806063	0.9592976454521092	1.0	baseline
N_AQ.281	0.0	0.18689038454573068	0.438611550177788	1.293556481306824	0.39823524662955007	0.43580717500463356	0.60176475337045	0.5641928249953665	0.7142857142857143	baseline
N_AQ.282	0.0	0.6173577414418954	0.37632976033496207	1.936611037259264	0.32896389245496543	0.31169361625899267	0.6710361075450346	0.6883063837410073	0.7142857142857143	baseline
N_AQ.283	0.0	0.35594717119827973	0.84164235433021	1.707591153951111	0.5687466899884918	0.5594551092928014	0.5687466899884918	0.5594551092928014	0.7142857142857143	endpoint
N_AQ.284	0.0	0.5731993874095492	0.9305562619406222	1.156120184464485	0.32532673539388546	0.2703224688205288	0.6746732646061145	0.7296775311794712	0.8571428571428571	baseline
N_AQ.285	0.0	0.4463678718415935	0.7832335468372008	1.4689220692762095	0.5809732584493252	0.5459755724353484	0.5809732584493252	0.5459755724353484	0.7142857142857143	endpoint
N_AQ.286	0.0	0.07941642736104639	0.0510683588782775	1.2858061567315349	0.47814245726620547	0.460918830310845	0.5218575427337946	0.539081169689155	0.5714285714285714	baseline
N_AQ.287	0.0	0.19028436203286203	0.0413545424396737	1.165259187852744	0.41209375431295153	0.4306617081781516	0.5879062456870485	0.5693382918218484	0.7142857142857143	baseline
N_AQ.288	0.0	0.36517426606553716	0.608769544406713	1.3222792870062081	0.37692815825788895	0.33927482300467626	0.623071841742111	0.6607251769953237	0.7142857142857143	baseline
N_AQ.289	0.0	0.7571624467959983	0.9098510694649995	1.4300775118804387	0.27403379746161094	0.14489011622292322	0.7259662025383891	0.8551098837770768	0.8571428571428571	baseline
N_AQ.29	0.0	0.8914064171193207	1.2472502652068804	1.5028540594701865	0.23434863415394983	0.15116456355025684	0.7656513658460502	0.8488354364497431	0.8571428571428571	baseline
N_AQ.290	0.0	0.7857137866399686	1.0136295614892328	1.7192898460019332	0.669059397567609	0.6953525163017769	0.669059397567609	0.6953525163017769	0.8571428571428571	endpoint
N_AQ.291	0.0	0.4919914210343443	0.43378382110484814	1.1799820037411797	0.30868309317686166	0.3648172448117762	0.6913169068231384	0.6351827551882239	0.8571428571428571	baseline
N_AQ.292	0.0	0.7005982338030048	0.5693390887096668	1.4876602435373574	0.7011953618147285	0.7487552943783579	0.7011953618147285	0.7487552943783579	0.7142857142857143	endpoint
N_AQ.293	0.0	0.537411868786261	0.41537283621816223	1.7059525965597544	0.33992497522523796	0.30677615853469664	0.660075024774762	0.6932238414653034	0.7142857142857143	baseline
N_AQ.294	0.0	0.14156460954894953	0.49041311775343294	1.459655414299017	0.42367738043377356	0.3715606386783026	0.5763226195662264	0.6284393613216974	0.5714285714285714	baseline
N_AQ.295	0.0	0.37319616269496186	0.5762612316121397	1.1922275888399076	0.40267377414692174	0.3530417758727727	0.5973262258530783	0.6469582241272274	0.7142857142857143	baseline
N_AQ.296	0.0	0.6294681273503795	0.8397586652863986	1.6562650878806242	0.2711062579797304	0.26351247833882163	0.7288937420202696	0.7364875216611784	0.8571428571428571	baseline
N_AQ.297	0.0	0.6705989621658033	0.7013277602878946	1.5303394193281932	0.6508346037421359	0.6794349876506227	0.6508346037421359	0.6794349876506227	0.8571428571428571	endpoint
N_AQ.298	0.0	0.21474936499245528	0.7202960762966225	1.259220079785235	0.515801578175716	0.5363526824683484	0.515801578175716	0.5363526824683484	0.5714285714285714	endpoint
N_AQ.299	0.0	1.1275953436718227	1.2300602451635314	1.9620658219064593	0.17875267971521325	0.1497761664286914	0.8212473202847868	0.8502238335713086	1.0	baseline
N_AQ.3	0.0	0.5604118123915627	0.8452878110067735	1.6701360360122504	0.6578574638256095	0.7023997531355266	0.6578574638256095	0.7023997531355266	0.8571428571428571	endpoint
N_AQ.30	0.0	0.11004058860292935	0.0970741822665898	1.6021753660886844	0.5060045811625536	0.47359149246879656	0.5060045811625536	0.5264085075312035	0.5714285714285714	endpoint
N_AQ.300	0.0	0.3773053348715984	0.3400379738164692	1.0638869320538016	0.5908324697562705	0.5507027204344273	0.5908324697562705	0.5507027204344273	0.8571428571428571	endpoint
N_AQ.301	0.0	0.5865819141220813	0.785420031545358	1.3494168249697513	0.31354375237971915	0.31372982454356874	0.6864562476202809	0.6862701754564313	0.8571428571428571	baseline
N_AQ.302	0.0	0.38434695053678886	0.45150702898124445	1.3151110716616452	0.3523841559300539	0.3571886288731589	0.6476158440699461	0.6428113711268411	0.7142857142857143	baseline
N_AQ.303	0.0	0.22223584073655794	0.3743328953785854	1.105372740631258	0.41495850173277027	0.3966010689914629	0.5850414982672297	0.603398931008537	0.5714285714285714	baseline
N_AQ.304	0.0	0.02683432580768533	0.23714182606606715	1.4788847972663377	0.49708891764483304	0.35781050509410195	0.502911082355167	0.642189494905898	0.5714285714285714	endpoint
N_AQ.305	0.0	0.3037923361905356	0.17063537623329916	1.2276046234173708	0.37668704664777275	0.40013279212008046	0.6233129533522273	0.5998672078799195	0.5714285714285714	baseline
N_AQ.306	0.0	0.3166002068854139	0.5179809969702674	1.6519776535847228	0.41069941822603384	0.2900402052049759	0.5893005817739662	0.709959794795024	0.7142857142857143	baseline
N_AQ.307	0.0	0.4567141019327545	0.5748726153911574	1.46239479325635	0.3104485779948875	0.26315920377469804	0.6895514220051124	0.736840796225302	0.8571428571428571	baseline
N_AQ.308	0.14285714285714285	0.9958055513341323	1.3344642315721567	2.050151762940306	0.7207710406344	0.7654037056303684	0.7207710406344	0.7654037056303684	0.7142857142857143	endpoint
N_AQ.309	0.0	0.3875377877080987	0.1767344360290077	1.134653407088523	0.33476327133551015	0.3859986838170793	0.6652367286644898	0.6140013161829208	0.7142857142857143	baseline
N_AQ.31	0.0	0.3127794814061938	0.6906839882622747	1.39302889953261	0.5361045370129676	0.6413787164113679	0.5361045370129676	0.6413787164113679	0.7142857142857143	endpoint
N_AQ.310	0.0	0.0025067600752403385	0.06768004010526592	1.1433263162181648	0.47944368863198067	0.42186466747070905	0.5205563113680194	0.578135332529291	0.7142857142857143	endpoint
N_AQ.311	0.0	0.15493681109431057	0.22872605980904115	1.2501130544515031	0.4596418664125168	0.3972650306072765	0.5403581335874832	0.6027349693927235	0.7142857142857143	baseline
N_AQ.312	0.0	0.21132334459390312	0.18983284400843295	1.160898894267442	0.5340124424470971	0.5046847863554975	0.5340124424470971	0.5046847863554975	0.5714285714285714	endpoint
N_AQ.313	0.0	0.012428884995003355	0.18659717176359158	1.5553462340752457	0.48240907710468106	0.37054469246969207	0.5175909228953189	0.629455307530308	0.7142857142857143	baseline
N_AQ.314	0.14285714285714285	1.4420683825121157	1.3293507511403346	2.047971751524628	0.07240310384552019	0.03556939374716055	0.9275968961544798	0.9644306062528395	1.0	baseline
N_AQ.315	0.0	0.08696149283041377	0.09661786953940223	1.458012042648413	0.43827866134903853	0.4462917247674649	0.5617213386509614	0.5537082752325351	0.7142857142857143	baseline
N_AQ.316	0.0	0.9349333393694115	0.936070521283691	1.9695303990828326	0.7040855729204815	0.7187727035894714	0.7040855729204815	0.7187727035894714	1.0	endpoint
N_AQ.317	0.0	0.04830901249934389	0.007935280068492005	1.318458460887207	0.47667274117710356	0.479821189077207	0.5233272588228964	0.520178810922793	0.5714285714285714	endpoint
N_AQ.318	0.0	0.22560805291469874	0.2303569778922108	1.6742477728949374	0.5697684875647269	0.472080345930997	0.5697684875647269	0.527919654069003	0.5714285714285714	endpoint
N_AQ.319	0.0	0.7232286626719174	1.1467599513697324	1.342903578123796	0.25048222349085375	0.15401456796595234	0.7495177765091463	0.8459854320340476	0.7142857142857143	baseline
N_AQ.32	0.0	0.6072375620431139	0.9440128499440515	1.5628732007472146	0.6519388676832989	0.7212362476374433	0.6519388676832989	0.7212362476374433	0.8571428571428571	endpoint
N_AQ.320	0.0	0.14662367191816653	0.09613702190808522	0.9867893962071911	0.5182346098172196	0.4102774959694736	0.5182346098172196	0.5897225040305264	0.5714285714285714	endpoint
N_AQ.321	0.0	0.836936768088419	1.0974068246901543	1.651200996688905	0.19103212007559311	0.08320648032663651	0.8089678799244069	0.9167935196733635	0.8571428571428571	baseline
N_AQ.322	0.0	0.09138147376272533	0.06142559351832477	1.8337797606899087	0.45193137338258593	0.4239216398389444	0.5480686266174141	0.5760783601610556	0.5714285714285714	endpoint
N_AQ.323	0.0	0.12329388521913967	0.09237389027210777	1.3422485167028195	0.42373776443015493	0.49210439736771594	0.576262235569845	0.5078956026322841	0.7142857142857143	baseline
N_AQ.324	0.0	0.2980837673316791	0.7028216634292966	1.3382104177337137	0.38699531849373187	0.3185738332965551	0.6130046815062682	0.6814261667034449	0.7142857142857143	baseline
N_AQ.325	0.0	0.8972840175199722	1.0259940121763196	1.2960944702154513	0.7476380296440966	0.7669432831470081	0.7476380296440966	0.7669432831470081	0.8571428571428571	endpoint
N_AQ.326	0.0	0.3950375689165041	0.4557496635999155	1.5811900382209074	0.3583316295435069	0.33819226542967445	0.6416683704564932	0.6618077345703255	0.7142857142857143	baseline
N_AQ.327	0.0	0.8365772745622485	0.9799894113057026	1.915325723879415	0.2541526948229861	0.13337654822144712	0.7458473051770139	0.8666234517785529	0.8571428571428571	baseline
N_AQ.328	0.0	0.7602936945939947	1.0257789299214575	1.581102966262965	0.23102352647668292	0.1420560392412617	0.7689764735233171	0.8579439607587382	0.7142857142857143	baseline
N_AQ.329	0.0	0.1961929722966029	0.5625196489760282	1.596428766741151	0.48389628029592896	0.6288179815928283	0.516103719704071	0.6288179815928283	0.7142857142857143	endpoint
N_AQ.33	0.0	1.09203782369573	1.104216637026112	1.816656003288479	0.7678440584062828	0.869233733811964	0.7678440584062828	0.869233733811964	0.8571428571428571	endpoint
N_AQ.330	0.0	0.005243527832378656	0.17492344309126703	1.1980379749416417	0.4747178767456464	0.529203709809895	0.5252821232543536	0.529203709809895	0.5714285714285714	endpoint
N_AQ.331	0.0	0.4007245540298689	0.694087476283978	1.2486801054786805	0.36184151776759965	0.31172703748670577	0.6381584822324003	0.6882729625132942	0.7142857142857143	baseline
N_AQ.332	0.0	0.00243933467960936	0.2742459884933045	1.2826487361601566	0.4836869013124547	0.4079017648743193	0.5163130986875453	0.5920982351256807	0.7142857142857143	baseline
N_AQ.333	0.0	0.38324494527439834	0.45419841644730957	1.1391921952683266	0.5731413070077023	0.5490530010622328	0.5731413070077023	0.5490530010622328	0.7142857142857143	endpoint
N_AQ.334	0.0	0.039381168303639816	0.08621123133901469	1.6400899304512495	0.48046379291447433	0.4016823092328092	0.5195362070855256	0.5983176907671908	0.5714285714285714	endpoint
N_AQ.335	0.0	0.045189833148311785	0.2641828777308908	1.2356590022164866	0.43872819903678345	0.37256445201537347	0.5612718009632165	0.6274355479846265	0.7142857142857143	baseline
N_AQ.336	0.0	0.5070738385837437	0.9410897220591941	1.5879993218147608	0.643694305644635	0.7412837948895958	0.643694305644635	0.7412837948895958	0.7142857142857143	endpoint
N_AQ.337	0.14285714285714285	1.0168001188301428	0.8433897913967224	2.11900261774595	0.743981574476312	0.7097286130460281	0.743981574476312	0.7097286130460281	1.0	endpoint
N_AQ.338	0.0	0.4383370578191749	0.7950568279128692	1.2728734101377146	0.6045836341210137	0.5477833052829327	0.6045836341210137	0.5477833052829327	0.7142857142857143	endpoint
N_AQ.339	0.0	0.9217751453936157	1.2727851375637498	1.8820015433450954	0.7260846435119656	0.8258908424817336	0.7260846435119656	0.8258908424817336	0.8571428571428571	endpoint
N_AQ.34	0.0	0.09821877258612385	0.2725995362239571	1.9552162264157686	0.46846622705484897	0.36468834670528916	0.531533772945151	0.6353116532947108	0.5714285714285714	endpoint
N_AQ.340	0.0	0.2248677227473149	0.060989966753245105	1.5171204342917388	0.4134731683977072	0.41689714095314884	0.5865268316022928	0.5831028590468512	0.5714285714285714	baseline
N_AQ.341	0.0	1.0858794132550733	1.4376271354521004	1.6873654096220492	0.7832472396759228	0.8119258144045317	0.7832472396759228	0.8119258144045317	1.0	endpoint
N_AQ.342	0.0	0.17033489178147704	0.5453458430180707	1.3356825991924182	0.36399035788300893	0.2647691764173415	0.6360096421169911	0.7352308235826586	0.5714285714285714	baseline
N_AQ.343	0.0	0.5590608137125839	1.0677953470385642	1.7351997397148045	0.31321799836192354	0.19010979394224925	0.6867820016380765	0.8098902060577508	0.7142857142857143	baseline
N_AQ.344	0.0	0.5920805526519938	0.9073589057642112	1.648932994542896	0.30582757792664333	0.18965558445888908	0.6941724220733567	0.8103444155411109	0.7142857142857143	baseline
N_AQ.345	0.0	0.6640270794958355	0.6919885567348406	1.6441083600437327	0.674921511213258	0.5671779295646492	0.674921511213258	0.5671779295646492	0.7142857142857143	endpoint
N_AQ.346	0.0	0.01609322707074501	0.19715302888090633	1.4763940015776493	0.4776103276098181	0.39607834805966136	0.522389672390182	0.6039216519403386	0.5714285714285714	baseline
N_AQ.347	0.0	0.42639989066459105	0.5028554602590931	1.0995978708674228	0.3295856242421874	0.33391932304893335	0.6704143757578126	0.6660806769510667	0.8571428571428571	baseline
N_AQ.348	0.0	0.5480516294162717	0.49881165454344	1.813760607541533	0.5690825820634338	0.6615935633250616	0.5690825820634338	0.6615935633250616	0.7142857142857143	endpoint
N_AQ.349	0.0	0.16268764821648626	0.14273582376532143	0.7115343067253633	0.43671581352070465	0.38414956421674684	0.5632841864792953	0.6158504357832532	0.7142857142857143	baseline
N_AQ.35	0.0	1.126010054378365	1.5262965699355209	1.9527799238370205	0.7769120605729688	0.8985979224456042	0.7769120605729688	0.8985979224456042	0.8571428571428571	endpoint
N_AQ.350	0.0	0.7521491376860522	0.7533984299060613	1.3421584562732127	0.2491451340492526	0.16571470605539923	0.7508548659507475	0.8342852939446008	1.0	baseline
N_AQ.351	0.0	0.3453203527257486	1.0393045602131328	1.4940039139112693	0.534833154908726	0.6546495463877677	0.534833154908726	0.6546495463877677	0.5714285714285714	endpoint
N_AQ.352	0.0	0.30959285937830877	1.1897550524149647	1.8149222780285195	0.3028919141640288	0.08821039558730885	0.6971080858359713	0.9117896044126912	0.5714285714285714	baseline
N_AQ.353	0.0	0.7292005416693027	0.9372460491125983	1.4906602607504131	0.28782168626190435	0.2288530781419888	0.7121783137380957	0.7711469218580111	0.8571428571428571	baseline
N_AQ.354	0.0	0.3746182003616993	0.298421703912391	1.5996896933362807	0.5461679189770442	0.5570902885621815	0.5461679189770442	0.5570902885621815	0.5714285714285714	endpoint
N_AQ.355	0.0	0.2652552724898142	0.3529817792280029	0.9776864280212395	0.3623092661536803	0.4574905002429002	0.6376907338463197	0.5425094997570998	0.7142857142857143	baseline
N_AQ.356	0.0	0.3456745751984097	0.4941721365884043	1.1296567533553326	0.5588106991952756	0.5541091623683911	0.5588106991952756	0.5541091623683911	0.7142857142857143	endpoint
N_AQ.357	0.0	0.22519041939467202	0.8585333219832217	1.376882148900986	0.5397636329071981	0.7138182495710548	0.5397636329071981	0.7138182495710548	0.5714285714285714	endpoint
N_AQ.358	0.0	0.5394073734755713	0.5284948339776316	1.421991753787825	0.6319678743991003	0.6426990370575628	0.6319678743991003	0.6426990370575628	0.5714285714285714	endpoint
N_AQ.359	0.0	0.2183138933747795	0.7083033384359104	1.4201221530020738	0.5247227709066613	0.6423825283842791	0.5247227709066613	0.6423825283842791	0.5714285714285714	endpoint
N_AQ.36	0.0	0.013354814889166186	0.263456484937919	1.3702502338497629	0.49177176623312363	0.5307693759303617	0.5082282337668764	0.5307693759303617	0.5714285714285714	endpoint
N_AQ.360	0.0	1.193868713094737	1.345885423592187	1.5663992525863348	0.1342667603627501	0.09296347837732592	0.8657332396372499	0.9070365216226741	1.0	baseline
N_AQ.361	0.0	0.3848258969689774	0.6461285642789931	1.5037521337254078	0.5537499949474224	0.6116704820621867	0.5537499949474224	0.6116704820621867	0.7142857142857143	endpoint
N_AQ.362	0.0	0.07641536521700876	0.518736054119241	1.620412408518639	0.5071275184640561	0.589250861843628	0.5071275184640561	0.589250861843628	0.5714285714285714	endpoint
N_AQ.363	0.14285714285714285	0.275834392590313	0.648986504011061	2.001642372282041	0.48958570296858744	0.6572283866202002	0.5104142970314125	0.6572283866202002	0.5714285714285714	endpoint
N_AQ.364	0.0	0.2873400265946349	0.10334157417456456	1.361979289437794	0.3891342450523764	0.427811705595729	0.6108657549476235	0.572188294404271	0.7142857142857143	baseline
N_AQ.365	0.0	0.06022447517598176	0.3580100015061203	1.473423344741076	0.4695647988879391	0.563124392230544	0.5304352011120609	0.563124392230544	0.5714285714285714	baseline
N_AQ.366	0.0	0.8233019895204546	0.8962222312032875	1.7912181668110452	0.6808840210784268	0.7350414536327475	0.6808840210784268	0.7350414536327475	0.7142857142857143	endpoint
N_AQ.367	0.0	0.5633278876738143	0.6205871809989635	1.4355516666046713	0.621259693878761	0.6495589129784427	0.621259693878761	0.6495589129784427	0.7142857142857143	endpoint
N_AQ.368	0.0	0.10420664092140439	0.13692926684779086	1.3338143226815788	0.3895070598204972	0.4969999797779735	0.6104929401795027	0.5030000202220265	0.5714285714285714	baseline
N_AQ.369	0.0	0.9091574453124466	1.1972489574533671	1.4120240060199445	0.2227305644300305	0.20917146304693185	0.7772694355699695	0.7908285369530681	0.8571428571428571	baseline
N_AQ.37	0.0	0.6051857964392475	0.8142633991690186	1.347774536357317	0.6789193345959076	0.7018627883087726	0.6789193345959076	0.7018627883087726	0.7142857142857143	endpoint
N_AQ.370	0.0	0.30002118177919584	0.5263473555214	1.6646978254497367	0.5274832151980221	0.6383594242054951	0.5274832151980221	0.6383594242054951	0.5714285714285714	endpoint
N_AQ.371	0.0	0.415289913150814	0.22360624437957455	1.6664999813980461	0.34553089887066335	0.37058340873460544	0.6544691011293367	0.6294165912653946	0.7142857142857143	baseline
N_AQ.372	0.0	0.49519823548360237	0.7135667994992713	1.646582506997831	0.33582874422826564	0.27140845992878176	0.6641712557717343	0.7285915400712182	0.7142857142857143	baseline
N_AQ.373	0.0	0.38498272367654646	1.0195617391879424	1.5797923587534008	0.307804285916844	0.23738306254278335	0.692195714083156	0.7626169374572167	0.7142857142857143	baseline
N_AQ.374	0.0	0.21437613557320084	0.04007414331723084	1.1110267761558994	0.41610618405853383	0.4309437388328191	0.5838938159414662	0.5690562611671809	0.5714285714285714	baseline
N_AQ.375	0.0	0.021064285782915637	0.5215497122307133	1.5298415571464197	0.5011358614422751	0.3464793800248355	0.5011358614422751	0.6535206199751644	0.5714285714285714	baseline
N_AQ.376	0.0	0.7663044308408968	0.7072826280012376	1.8172056875092015	0.667166770924922	0.8225626578253395	0.667166770924922	0.8225626578253395	0.7142857142857143	endpoint
N_AQ.377	0.0	0.0782107389472201	0.11724638328644131	1.1858667798859184	0.435433333878761	0.41203072850509564	0.564566666121239	0.5879692714949043	0.5714285714285714	baseline
N_AQ.378	0.0	0.7714215745871014	0.7888881907351127	1.2307705159887388	0.25083651404862206	0.3125090248584142	0.7491634859513779	0.6874909751415859	1.0	baseline
N_AQ.379	0.0	0.7412915284640336	1.1483268290346214	1.7647498103447021	0.6553498061347576	0.6988685554631372	0.6553498061347576	0.6988685554631372	0.7142857142857143	endpoint
N_AQ.38	0.0	1.0600629760165325	1.072418238660643	1.574851041380888	0.7950525616099607	0.8589350309794346	0.7950525616099607	0.8589350309794346	0.8571428571428571	endpoint
N_AQ.380	0.0	0.5515000728967815	1.082947062262492	1.6653445578057062	0.6306341178415173	0.7339389620078993	0.6306341178415173	0.7339389620078993	0.7142857142857143	endpoint
N_AQ.381	0.0	0.7044830449707928	0.826682145391449	1.5068672897623672	0.6559132514957113	0.7160039293843717	0.6559132514957113	0.7160039293843717	0.7142857142857143	endpoint
N_AQ.382	0.0	0.07805453102552991	0.13123362363714167	1.1578277804498147	0.4760492852279091	0.38771730585476066	0.5239507147720909	0.6122826941452393	0.5714285714285714	baseline
N_AQ.383	0.0	0.13419693852496611	0.21634483703260307	1.5978353437900041	0.3965899853841483	0.41587696492812093	0.6034100146158516	0.5841230350718791	0.5714285714285714	baseline
N_AQ.384	0.0	0.045888309441259816	0.37668069601478493	1.6765687505715152	0.4302839366115156	0.3593102991784518	0.5697160633884844	0.6406897008215482	0.5714285714285714	baseline
N_AQ.385	0.0	0.3909082848097226	0.5890357934429648	1.3410224705769966	0.3712691843535332	0.33616102550197907	0.6287308156464668	0.6638389744980209	0.7142857142857143	baseline
N_AQ.386	0.0	0.1934757770928952	0.16823674076413733	1.330954847940582	0.5080549333978388	0.527397910170715	0.5080549333978388	0.527397910170715	0.7142857142857143	endpoint
N_AQ.387	0.0	0.30101831656066985	0.6063892177468149	1.2249286681254377	0.3630387077057326	0.2647047852280875	0.6369612922942673	0.7352952147719125	0.7142857142857143	baseline
N_AQ.388	0.0	0.7233005855996523	0.7491980782782175	1.6143514099971872	0.7108863302160372	0.8165870078156745	0.7108863302160372	0.8165870078156745	0.8571428571428571	endpoint
N_AQ.389	0.0	0.14991152095622576	0.16967143531448545	1.1451865439112474	0.39658469365519433	0.513951830853278	0.6034153063448057	0.513951830853278	0.5714285714285714	baseline
N_AQ.39	0.0	0.3987720762326468	0.5327616675315354	1.628398615024355	0.3082387082187606	0.2631717141359551	0.6917612917812395	0.7368282858640449	0.5714285714285714	baseline
N_AQ.390	0.0	0.05879854158343399	0.6644349624189625	1.471566146697727	0.4413377866405508	0.5278117394075338	0.5586622133594492	0.5278117394075338	0.5714285714285714	endpoint
N_AQ.391	0.0	0.8041783890439562	1.1787528002794698	1.4722917687858783	0.6954654216905013	0.7719881941051252	0.6954654216905013	0.7719881941051252	0.8571428571428571	endpoint
N_AQ.392	0.0	0.2954496055536265	0.41324596043452944	1.4278363522194375	0.3894400330095808	0.36133064570201057	0.6105599669904191	0.6386693542979894	0.8571428571428571	baseline
N_AQ.393	0.0	0.9186136406549622	1.0474271735000522	1.8207907467646358	0.22495760107557503	0.2467344183775486	0.775042398924425	0.7532655816224514	1.0	baseline
N_AQ.394	0.0	0.3921667274258484	0.6320889566182574	1.830510729305055	0.5707555848369484	0.6244839872256842	0.5707555848369484	0.6244839872256842	0.5714285714285714	endpoint
N_AQ.395	0.0	0.4267822643941304	0.41215728511058664	1.28490020478284	0.6072536210677145	0.5562657878193357	0.6072536210677145	0.5562657878193357	0.7142857142857143	endpoint
N_AQ.396	0.0	0.14312000728263632	0.03401022479306473	1.0830847921709958	0.39890705690513956	0.421022236639247	0.6010929430948604	0.578977763360753	0.5714285714285714	baseline
N_AQ.397	0.0	0.993291803398289	1.0079410242435511	1.6127292028285813	0.7368161803606743	0.7393760007307119	0.7368161803606743	0.7393760007307119	1.0	endpoint
N_AQ.398	0.0	0.23538019742466995	0.27639439130881704	1.1972478925134016	0.38897050303549613	0.41772802960508765	0.6110294969645038	0.5822719703949124	0.7142857142857143	baseline
N_AQ.399	0.0	1.2996138975568476	1.31837671959725	1.6047714274261675	0.09742752964330627	0.0425243812683287	0.9025724703566937	0.9574756187316713	1.0	baseline
N_AQ.4	0.0	0.27194936858108043	0.9896271059166921	1.9298357017879322	0.35032195508285013	0.2638718969942103	0.6496780449171499	0.7361281030057897	0.7142857142857143	baseline
N_AQ.40	0.0	1.0810736467242315	1.1834828294719517	1.2933202902629277	0.7785667825344736	0.812151502555183	0.7785667825344736	0.812151502555183	1.0	endpoint
N_AQ.400	0.0	0.03874108961572748	0.37917778512775974	1.3573543618629311	0.4504434456998476	0.49018442944731855	0.5495565543001524	0.5098155705526815	0.5714285714285714	baseline
N_AQ.401	0.0	0.7457952687913784	1.1694985328854088	1.6093711723381132	0.24053406795234494	0.05834218309429899	0.7594659320476551	0.941657816905701	0.8571428571428571	baseline
N_AQ.402	0.0	0.04869421946948168	0.2763427764914843	1.0616178011351793	0.49004320655726674	0.5565928452461955	0.5099567934427333	0.5565928452461955	0.5714285714285714	endpoint
N_AQ.403	0.0	0.2042436289992094	0.22523310801972835	1.5743090302513987	0.48888564506458076	0.5427902537190622	0.5111143549354192	0.5427902537190622	0.5714285714285714	endpoint
N_AQ.404	0.0	0.36064182007735185	0.6092207095439807	1.3449219415318363	0.3486972550608498	0.3174390523420922	0.6513027449391502	0.6825609476579078	0.7142857142857143	baseline
N_AQ.405	0.0	0.5690883664110096	0.5685746012099412	1.2434493788336702	0.6346420308546052	0.6355124827321376	0.6346420308546052	0.6355124827321376	0.8571428571428571	endpoint
N_AQ.406	0.0	0.823099729735547	1.0704250481498052	1.6260730192257418	0.25603039964961255	0.12657995169755681	0.7439696003503875	0.8734200483024432	0.8571428571428571	baseline
N_AQ.408	0.0	0.41418005015890147	0.47906720686818666	0.9108445151828495	0.34435127522426007	0.35011733587422494	0.6556487247757399	0.6498826641257751	0.8571428571428571	baseline
N_AQ.409	0.0	0.6070289083213384	0.28555902513229897	1.5818204531871307	0.28405085745183695	0.4058646037257887	0.715949142548163	0.5941353962742113	1.0	baseline
N_AQ.41	0.0	1.0394424047500854	1.170280137849573	1.6710476076510306	0.15455329036855542	0.10499949729151434	0.8454467096314446	0.8950005027084856	1.0	baseline
N_AQ.410	0.0	0.8031421981959725	1.0954595917002508	1.780690283923597	0.7145681585678404	0.8614753312952046	0.7145681585678404	0.8614753312952046	0.7142857142857143	endpoint
N_AQ.411	0.0	0.11731413567369296	0.11053422134141777	1.0765614855900074	0.4712263549252825	0.5118148643499737	0.5287736450747176	0.5118148643499737	0.5714285714285714	endpoint
N_AQ.412	0.0	0.8501058503276268	1.0383635304489283	1.3745995385543155	0.7236731468668982	0.785622040895972	0.7236731468668982	0.785622040895972	0.8571428571428571	endpoint
N_AQ.413	0.0	0.6165134012115132	1.121553839998223	1.2873399741797533	0.2557354012705311	0.19151076242602205	0.7442645987294689	0.808489237573978	0.8571428571428571	baseline
N_AQ.414	0.0	0.13255955781350948	0.583137469953836	1.6531712965509595	0.4178239704554777	0.22906772644069612	0.5821760295445223	0.7709322735593038	0.7142857142857143	baseline
N_AQ.415	0.14285714285714285	0.5712302929702707	1.312039752929182	2.0867363647060717	0.5587941436032576	0.7452759904580162	0.5587941436032576	0.7452759904580162	0.7142857142857143	endpoint
N_AQ.416	0.0	0.07239065584214356	0.25867915253270946	1.5844915956248682	0.46268391853471286	0.4762302335471877	0.5373160814652871	0.5237697664528123	0.5714285714285714	endpoint
N_AQ.417	0.0	0.005244196941668086	0.041585298392318774	1.481370821393946	0.4888733551389229	0.4931946336155852	0.5111266448610772	0.5068053663844148	0.5714285714285714	endpoint
N_AQ.418	0.0	0.3961070093834557	0.9186241005816369	1.6461398964621994	0.3756855055853588	0.2140890905032871	0.6243144944146413	0.7859109094967129	0.7142857142857143	baseline
N_AQ.419	0.0	0.5299313388278046	1.0952486697192438	1.2158648238734862	0.2811486996464441	0.2046694604599678	0.7188513003535559	0.7953305395400322	0.8571428571428571	baseline
N_AQ.42	0.0	0.8060013945188856	0.8458038243720178	1.7621104396569172	0.2407456099141473	0.16595407633298792	0.7592543900858527	0.8340459236670121	0.8571428571428571	baseline
N_AQ.420	0.0	0.19781516558351406	0.5803035455384142	1.181520767006585	0.5302059822413011	0.667031299302398	0.5302059822413011	0.667031299302398	0.5714285714285714	endpoint
N_AQ.421	0.0	0.11792031033658854	0.10533335793588357	1.2247768840371707	0.5066530405575966	0.4546287332550169	0.5066530405575966	0.545371266744983	0.5714285714285714	endpoint
N_AQ.422	0.0	1.094848924216625	1.655763409469563	1.8853008631522552	0.7673356624630318	0.8840415692434371	0.7673356624630318	0.8840415692434371	0.8571428571428571	endpoint
N_AQ.423	0.0	0.08694613095681089	0.2200671138198435	1.3103707645979454	0.44162719261620925	0.4716222542540182	0.5583728073837908	0.5283777457459817	0.5714285714285714	baseline
N_AQ.424	0.0	0.3532717146683945	0.6354144136046019	1.2936899724412092	0.40900352534631557	0.34028145287217776	0.5909964746536844	0.6597185471278222	0.7142857142857143	baseline
N_AQ.425	0.0	0.5180478216877202	0.6730083950009839	1.3455913760553366	0.33366454115078337	0.23962157293793288	0.6663354588492166	0.7603784270620672	0.7142857142857143	baseline
N_AQ.426	0.0	0.5185034260648596	0.7629828473759153	1.3477090643344467	0.29187328961514764	0.31276282471436556	0.7081267103848523	0.6872371752856344	0.7142857142857143	baseline
N_AQ.427	0.0	0.11192731555912885	0.4489696842641246	1.1513288326215618	0.48649259385259674	0.5328132335769055	0.5135074061474032	0.5328132335769055	0.5714285714285714	endpoint
N_AQ.428	0.0	0.38249872476045954	1.0816286287867432	1.3172080837360896	0.3081763001207622	0.20946374491245412	0.6918236998792378	0.7905362550875459	0.5714285714285714	baseline
N_AQ.429	0.0	0.28967309751727355	0.2620918847158673	1.2868003497243754	0.3768079489290125	0.4104365725819664	0.6231920510709875	0.5895634274180336	0.8571428571428571	baseline
N_AQ.43	0.0	0.7333477259110966	0.9270311158314265	1.4579740655598312	0.6945375714384218	0.7323166491354938	0.6945375714384218	0.7323166491354938	0.7142857142857143	endpoint
N_AQ.430	0.0	0.021464797148519534	0.22457499124413668	1.0252909851711458	0.45428174981827285	0.3918856386254548	0.5457182501817271	0.6081143613745452	0.5714285714285714	baseline
N_AQ.431	0.0	0.19096062652255835	0.1777230616510736	1.061742646719896	0.5686714501006073	0.5025732309503289	0.5686714501006073	0.5025732309503289	0.5714285714285714	endpoint
N_AQ.432	0.0	0.10457990544473438	0.26045234109478216	1.6438156510141557	0.480296745971123	0.46604439667525155	0.5197032540288771	0.5339556033247485	0.5714285714285714	endpoint
N_AQ.433	0.0	1.2441899914008645	1.3446592262618913	1.8124934731730409	0.8427546923917567	0.990620752060303	0.8427546923917567	0.990620752060303	1.0	endpoint
N_AQ.434	0.0	0.6963308780137206	1.0128384932477714	1.6281558999187098	0.2797990312219664	0.24613418501755974	0.7202009687780335	0.7538658149824402	0.7142857142857143	baseline
N_AQ.435	0.0	0.7350027108754489	0.9532042850550188	1.2788949430576628	0.28231690958139	0.19058296905385183	0.71768309041861	0.8094170309461481	0.8571428571428571	baseline
N_AQ.436	0.14285714285714285	0.9781362254852297	1.1483599735522159	2.0139049448674085	0.19505538238197767	0.05161862341614783	0.8049446176180224	0.9483813765838521	0.8571428571428571	baseline
N_AQ.437	0.0	0.27675532919145535	0.42839939552153844	1.3060910310257694	0.5623281980904807	0.5711947717706432	0.5623281980904807	0.5711947717706432	0.5714285714285714	endpoint
N_AQ.438	0.0	1.1282488835142463	1.2335800387851945	1.6883882887572759	0.7851033825418677	0.7717595828944794	0.7851033825418677	0.7717595828944794	1.0	endpoint
N_AQ.439	0.0	0.6859447505541116	1.032996709201942	1.3306071012945688	0.6650962547507734	0.700185419281113	0.6650962547507734	0.700185419281113	0.7142857142857143	endpoint
N_AQ.44	0.0	0.5341966098722828	0.661464757286123	1.6718362139279939	0.3188892493137677	0.26095212262400697	0.6811107506862323	0.739047877375993	0.7142857142857143	baseline
N_AQ.440	0.0	0.07573118461855873	0.7096257170452108	1.9863107535756643	0.3866121325424862	0.2083121892897694	0.6133878674575137	0.7916878107102305	0.5714285714285714	baseline
N_AQ.441	0.0	0.8924294952207227	1.5965131099671557	1.9551448795896176	0.6815486855289249	0.8384699209030831	0.6815486855289249	0.8384699209030831	0.7142857142857143	endpoint
N_AQ.442	0.0	0.590197798738244	0.8468909637411214	1.5192347965748845	0.6780475603718488	0.6393506411471079	0.6780475603718488	0.6393506411471079	0.7142857142857143	endpoint
N_AQ.443	0.0	0.37579699235553365	0.4536046823318138	1.2310366289022132	0.5504856911877318	0.5124991366079761	0.5504856911877318	0.5124991366079761	0.5714285714285714	endpoint
N_AQ.444	0.0	0.21945302248550266	0.2403254850305667	1.385304424819299	0.4984222100555143	0.5749568184561146	0.5015777899444858	0.5749568184561146	0.5714285714285714	endpoint
N_AQ.445	0.0	0.41193803161472553	0.33121974982114294	1.3805659706662612	0.34737470553341093	0.35962059987132233	0.6526252944665891	0.6403794001286777	0.7142857142857143	baseline
N_AQ.446	0.0	0.7044725315154933	1.1698674793355208	1.726615757053418	0.6112230279380835	0.6902149758902892	0.6112230279380835	0.6902149758902892	0.7142857142857143	endpoint
N_AQ.447	0.0	0.6688184302878067	1.1578465622885414	1.3240840890552112	0.2884005517348599	0.2092771379554749	0.7115994482651401	0.7907228620445251	0.8571428571428571	baseline
N_AQ.448	0.0	0.42263237153638017	0.5665268524388049	1.2199126158574596	0.3736623307202888	0.257803132259134	0.6263376692797111	0.742196867740866	0.7142857142857143	baseline
N_AQ.449	0.0	0.016159762732328616	0.32850792633198656	1.4296871061062408	0.47743919990952505	0.4745638934743049	0.5225608000904749	0.5254361065256952	0.5714285714285714	baseline
N_AQ.45	0.0	0.7841665489294082	0.707014090893815	1.4533271670785444	0.7120131477183039	0.6766473087720758	0.7120131477183039	0.6766473087720758	0.8571428571428571	endpoint
N_AQ.450	0.0	0.3730231658199795	0.13117811834182178	1.8169846922905384	0.5746175318851329	0.5056481835871333	0.5746175318851329	0.5056481835871333	0.5714285714285714	endpoint
N_AQ.451	0.0	0.3483082025722291	0.2712902755018343	1.1910130412861302	0.5997139556925493	0.5469948565990437	0.5997139556925493	0.5469948565990437	0.7142857142857143	endpoint
N_AQ.452	0.0	0.4629584993542465	0.2138905387958465	1.593022788654268	0.6386473139545027	0.5234906252885596	0.6386473139545027	0.5234906252885596	0.5714285714285714	endpoint
N_AQ.453	0.0	0.09686568996791342	0.1119535286793025	1.6290433572422638	0.45051077368612313	0.4433395164213969	0.5494892263138769	0.5566604835786031	0.5714285714285714	endpoint
N_AQ.454	0.0	0.3985706178468205	0.22618398980284682	1.7448979593980023	0.5798168967955377	0.5430470472619557	0.5798168967955377	0.5430470472619557	0.5714285714285714	endpoint
N_AQ.455	0.0	0.42169810633775445	0.39609002811037525	1.5889882843687535	0.6256559508087394	0.5743901071356654	0.6256559508087394	0.5743901071356654	0.5714285714285714	endpoint
N_AQ.456	0.0	0.4493752616137264	0.48902819086508525	1.3354486464935447	0.5629105604487622	0.6049557583221585	0.5629105604487622	0.6049557583221585	0.7142857142857143	endpoint
N_AQ.457	0.0	0.42396851139480785	0.6879069905813809	1.4685783803332486	0.3323437046197361	0.28956701486513886	0.6676562953802638	0.7104329851348612	0.8571428571428571	baseline
N_AQ.458	0.0	0.9952466817405987	0.9721336671452853	1.5948867356163074	0.7659128438684294	0.7735282466928792	0.7659128438684294	0.7735282466928792	1.0	endpoint
N_AQ.459	0.0	0.09450541705925405	0.2996108325985047	1.341965269396555	0.4236533683316657	0.4720315749297554	0.5763466316683343	0.5279684250702446	0.5714285714285714	baseline
N_AQ.46	0.0	0.7706454319029821	1.2211263734420765	1.6817623748547004	0.6663770415283033	0.7559960003777894	0.6663770415283033	0.7559960003777894	0.7142857142857143	endpoint
N_AQ.460	0.0	0.29987731770209247	0.13002275012681078	1.0734921923845842	0.3587504015036404	0.43874105663462254	0.6412495984963595	0.5612589433653774	0.7142857142857143	baseline
N_AQ.461	0.0	0.3664849380274787	0.19612476453494784	1.6432965456551254	0.34374305541320893	0.3962355656054756	0.6562569445867911	0.6037644343945243	0.7142857142857143	baseline
N_AQ.462	0.0	0.15061686545446307	0.12469049302741975	1.5600200542497205	0.45206071355934174	0.40688726042446705	0.5479392864406583	0.5931127395755329	0.5714285714285714	endpoint
N_AQ.463	0.0	0.7353970540757201	0.8637997132013255	1.4248021847166978	0.2594232434900236	0.16999741078305386	0.7405767565099763	0.8300025892169461	0.8571428571428571	baseline
N_AQ.464	0.0	0.5065116331284462	1.1033104055691698	1.5229493232789946	0.6319822557039388	0.7252206435176688	0.6319822557039388	0.7252206435176688	0.7142857142857143	endpoint
N_AQ.465	0.0	0.8929858902154908	1.1428778848910826	1.4475176403377106	0.7543713069709421	0.8131828640072198	0.7543713069709421	0.8131828640072198	0.8571428571428571	endpoint
N_AQ.466	0.0	0.32902026308522886	0.05293379997201903	1.6022544367079234	0.3825970181807903	0.44562678377165954	0.6174029818192097	0.5543732162283405	0.7142857142857143	baseline
N_AQ.467	0.0	0.49788174662313917	0.6271517150738509	1.198711169166581	0.3305201650062256	0.2683992503675758	0.6694798349937744	0.7316007496324242	0.8571428571428571	baseline
N_AQ.468	0.0	0.12170632037838083	0.29411882640001624	1.3800459455197036	0.40835255671255494	0.34739311830478325	0.591647443287445	0.6526068816952167	0.5714285714285714	baseline
N_AQ.469	0.0	0.17559336034332212	0.7973467650772745	1.6647026033617174	0.4417686036299015	0.3043111030036892	0.5582313963700984	0.6956888969963109	0.5714285714285714	baseline
N_AQ.47	0.0	0.17822189260591242	0.6543601649860832	1.6349940693553555	0.45245566843171786	0.22545440634667024	0.5475443315682822	0.7745455936533298	0.5714285714285714	baseline
N_AQ.470	0.0	0.6434126592624129	0.735728394965154	1.351642085063492	0.6575676001243094	0.7198093271525093	0.6575676001243094	0.7198093271525093	0.7142857142857143	endpoint
N_AQ.471	0.0	0.5986590272546551	0.6377229723220492	1.3508999759580778	0.28856478110577016	0.27107787781094056	0.7114352188942299	0.7289221221890594	0.7142857142857143	baseline
N_AQ.472	0.0	0.2400680412985313	0.8284949484551094	1.518240494850012	0.3943754298298568	0.29856735877301654	0.6056245701701433	0.7014326412269835	0.7142857142857143	baseline
N_AQ.473	0.0	0.1048087659052724	0.13604819626239703	1.4460155253945	0.44697550810668574	0.4054210349469705	0.5530244918933143	0.5945789650530295	0.7142857142857143	baseline
N_AQ.474	0.0	0.9965242731455667	1.3144657631092695	1.622562782622138	0.18313267665740068	0.09463247730282395	0.8168673233425994	0.905367522697176	0.8571428571428571	baseline
N_AQ.475	0.0	0.04835264338555106	0.3057334906585597	1.4613528313314479	0.4828354132028491	0.5433026741356639	0.5171645867971508	0.5433026741356639	0.5714285714285714	baseline
N_AQ.476	0.0	0.05387176015006645	0.1484525224587247	1.7993937819560912	0.46723498547491743	0.509374559223233	0.5327650145250826	0.509374559223233	0.5714285714285714	baseline
N_AQ.477	0.0	0.060416281113752426	0.23204178547299653	1.6456660945156587	0.4420425690203943	0.3907439953618568	0.5579574309796057	0.6092560046381432	0.5714285714285714	baseline
N_AQ.478	0.14285714285714285	0.1336817771983904	0.07446969592353214	2.121785058622655	0.46551848577601757	0.4618530160875694	0.5344815142239825	0.5381469839124307	0.5714285714285714	endpoint
N_AQ.479	0.0	0.1530900932800814	0.23889287694275263	1.2881177406210398	0.5212918806729847	0.5025227963466227	0.5212918806729847	0.5025227963466227	0.5714285714285714	endpoint
N_AQ.48	0.0	0.045769175337224084	0.10474391620663859	1.321469587749765	0.469588214622766	0.6014089284508286	0.530411785377234	0.6014089284508286	0.5714285714285714	endpoint
N_AQ.480	0.0	0.5106780863804119	1.0821541560045524	1.283397279711261	0.2768215830537086	0.1897194373220508	0.7231784169462914	0.8102805626779492	0.5714285714285714	baseline
N_AQ.481	0.0	0.3617870009816893	0.9866290157857762	1.789570998231906	0.5287156127319266	0.577073934041994	0.5287156127319266	0.577073934041994	0.5714285714285714	endpoint
N_AQ.482	0.0	0.8146605687909273	1.0797299600101906	1.464776441657408	0.24569470378070082	0.19037411163500156	0.7543052962192992	0.8096258883649985	0.8571428571428571	baseline
N_AQ.483	0.0	0.6927499578023292	0.4770486747304088	1.2340832020954686	0.6799477628345661	0.6950614464781758	0.6799477628345661	0.6950614464781758	0.8571428571428571	endpoint
N_AQ.484	0.0	0.07066309561771382	0.08362939206123764	1.3050083926853415	0.4496708145219377	0.4593106388706719	0.5503291854780623	0.5406893611293281	0.7142857142857143	baseline
N_AQ.485	0.0	0.47917473369463576	0.3329449735189717	1.5206806183573476	0.3240772056831455	0.391648010009943	0.6759227943168544	0.608351989990057	0.8571428571428571	baseline
N_AQ.486	0.0	0.33718955815433155	0.6798455675865722	1.8244741378994884	0.3916318362149852	0.29836622138130525	0.6083681637850148	0.7016337786186948	0.5714285714285714	baseline
N_AQ.487	0.0	0.7515424526014807	0.908597059187276	1.2000972428072618	0.2581268209701321	0.24016897811384386	0.7418731790298678	0.7598310218861561	0.8571428571428571	baseline
N_AQ.488	0.0	0.28074328219594247	0.609041528783717	1.2523065342387198	0.39219004251177575	0.293944999821638	0.6078099574882243	0.706055000178362	0.7142857142857143	baseline
N_AQ.489	0.0	0.061663863807075	0.188989234712924	1.5095270148682443	0.47070751301859465	0.397326559853319	0.5292924869814053	0.602673440146681	0.5714285714285714	baseline
N_AQ.49	0.0	0.7223214952267041	0.8072314938622618	1.6578104485865723	0.22970452949877493	0.1786398059069952	0.770295470501225	0.8213601940930048	0.8571428571428571	baseline
N_AQ.490	0.0	0.11902947088842537	0.3703184903455994	1.4652493719263386	0.49089823237587027	0.5148782464859081	0.5091017676241297	0.5148782464859081	0.5714285714285714	endpoint
N_AQ.491	0.0	0.13287453114721617	0.3681916441455563	1.6310089184692824	0.4168999415614267	0.3230319318717524	0.5831000584385733	0.6769680681282476	0.7142857142857143	baseline
N_AQ.492	0.0	0.8124307063301799	1.1461269551333053	1.5369894264355295	0.7338973125986404	0.8105876182755241	0.7338973125986404	0.8105876182755241	0.7142857142857143	endpoint
N_AQ.493	0.0	0.6928567828354159	0.6291512476902217	1.670735642133295	0.2833104060342238	0.2766778055296209	0.7166895939657763	0.7233221944703792	0.8571428571428571	baseline
N_AQ.494	0.0	0.38893045812142113	1.1861696888338455	1.699741948310092	0.6206922482329004	0.7963482285983975	0.6206922482329004	0.7963482285983975	0.5714285714285714	endpoint
N_AQ.495	0.0	0.34267111731792665	0.5446665181356308	0.8930550672416525	0.39233907142377766	0.32665994874887333	0.6076609285762223	0.6733400512511267	0.7142857142857143	baseline
N_AQ.496	0.0	0.2548273260887604	0.28652046448533175	1.2622090583570253	0.5392630549087197	0.513175409596782	0.5392630549087197	0.513175409596782	0.7142857142857143	endpoint
N_AQ.497	0.0	0.23565063176128068	0.2632950832282542	1.4487572239763271	0.4172479169458282	0.3480790444315821	0.5827520830541718	0.6519209555684179	0.7142857142857143	baseline
N_AQ.498	0.0	0.3814225846913805	0.6343569115605967	1.8074717424481666	0.30907035684747586	0.3106508116950103	0.6909296431525241	0.6893491883049897	0.7142857142857143	baseline
N_AQ.499	0.0	0.9207357839667806	1.0595420316486412	1.5623532128864166	0.2082088314524427	0.2208616619375497	0.7917911685475573	0.7791383380624504	1.0	baseline
N_AQ.5	0.0	0.4792488930629163	0.8855975117814631	1.0880741619973555	0.6398723547924046	0.7400338880738523	0.6398723547924046	0.7400338880738523	0.5714285714285714	endpoint
N_AQ.50	0.0	0.03063160877435386	0.14018982249265644	1.4857056130557402	0.4687494865967888	0.44765673390897615	0.5312505134032113	0.5523432660910239	0.5714285714285714	baseline
N_AQ.500	0.0	0.4147195892481795	0.2473206244050035	1.4137115684440118	0.3322458123428969	0.4734927648502806	0.6677541876571031	0.5265072351497194	0.5714285714285714	baseline
N_AQ.501	0.0	0.9845940330941956	1.2088262551306026	1.6184718130201436	0.1883870057723033	0.1555105822384456	0.8116129942276967	0.8444894177615544	1.0	baseline
N_AQ.502	0.0	0.6650991408449823	0.7765845826498855	1.346147807881018	0.660772363246329	0.5934157134780963	0.660772363246329	0.5934157134780963	1.0	endpoint
N_AQ.503	0.0	0.14294951927187022	0.4098811491691694	1.4898218395902467	0.4413574450249671	0.3503759831052494	0.5586425549750329	0.6496240168947506	0.7142857142857143	baseline
N_AQ.504	0.0	0.10385656070586959	0.21541752949749537	1.8370574691634964	0.496393442902262	0.45915875235298953	0.5036065570977379	0.5408412476470105	0.5714285714285714	endpoint
N_AQ.505	0.0	0.018194639673350586	0.08380398015162442	1.6475773164501184	0.4920821386559115	0.4544174679303887	0.5079178613440885	0.5455825320696113	0.5714285714285714	endpoint
N_AQ.506	0.0	0.1521819187691634	0.20176187437236537	1.0222670477483247	0.43065338786762375	0.448909897872111	0.5693466121323763	0.551090102127889	0.7142857142857143	baseline
N_AQ.507	0.0	0.9471569077295602	1.1478583977911774	1.3330243750600723	0.1892821390410395	0.12097188767409787	0.8107178609589605	0.8790281123259022	1.0	baseline
N_AQ.508	0.0	0.08834176752952794	0.2246081147805208	1.49563338876686	0.4773803307210171	0.3918805741679352	0.5226196692789828	0.6081194258320648	0.5714285714285714	endpoint
N_AQ.509	0.0	0.2548328422400123	0.004868286792990757	1.398435623454612	0.4488155900901412	0.4832788989149659	0.5511844099098588	0.5167211010850341	0.5714285714285714	baseline
N_AQ.51	0.0	0.5517266437275421	1.4387258004711985	1.641229670856699	0.6027556932496285	0.6572124601348398	0.6027556932496285	0.6572124601348398	0.5714285714285714	endpoint
N_AQ.510	0.0	1.0849111029606688	1.1947493638553375	1.6408102652182521	0.13533255297306088	0.0908019521163346	0.8646674470269391	0.9091980478836654	1.0	baseline
N_AQ.511	0.0	0.5233959736150454	0.8332223907993617	1.4728379146367458	0.29608918617695296	0.29761098957535814	0.703910813823047	0.7023890104246419	0.8571428571428571	baseline
N_AQ.512	0.0	0.4526611428616741	0.593247000836403	1.3807377898234865	0.33622108353340197	0.24441043023234504	0.663778916466598	0.7555895697676549	0.7142857142857143	baseline
N_AQ.513	0.14285714285714285	0.5162443304263998	0.34539453567751344	2.024535147113935	0.6144504066051271	0.507431339208596	0.6144504066051271	0.507431339208596	0.5714285714285714	endpoint
N_AQ.514	0.0	0.08068397448277899	0.6462856599395935	1.4812857592515158	0.4229894043191318	0.33793634462979777	0.5770105956808682	0.6620636553702022	0.5714285714285714	baseline
N_AQ.515	0.0	1.2227928423549645	1.1914914511598826	1.6323882836280943	0.8200062263174542	0.8313201790566049	0.8200062263174542	0.8313201790566049	1.0	endpoint
N_AQ.516	0.2857142857142857	0.47899943083592944	0.14459445947751529	2.1694026450198947	0.5241578603454686	0.6410969768887785	0.5241578603454686	0.6410969768887785	0.5714285714285714	endpoint
N_AQ.517	0.0	0.27000901588440074	0.28817096276526133	1.4230240417905202	0.5489077046102189	0.5597871454348967	0.5489077046102189	0.5597871454348967	0.7142857142857143	endpoint
N_AQ.518	0.0	0.5620116994415889	0.7306462580161328	1.5729973964900683	0.29611602440704654	0.3004912174304782	0.7038839755929535	0.6995087825695219	1.0	baseline
N_AQ.519	0.0	0.4197928642739962	0.7348558020843082	1.4710429579837883	0.5572369472959179	0.5862379381337012	0.5572369472959179	0.5862379381337012	0.7142857142857143	endpoint
N_AQ.52	0.0	0.4026775944594411	0.8935061862056686	1.2674781926943817	0.35444237091243164	0.28460677449891003	0.6455576290875684	0.71539322550109	0.7142857142857143	baseline
N_AQ.520	0.0	0.19793169232727026	0.06460770487346996	1.713946522995771	0.5214090397817353	0.45374760631043165	0.5214090397817353	0.5462523936895683	0.5714285714285714	endpoint
N_AQ.521	0.0	0.40174429615640367	0.6792774997291844	1.1730131647506987	0.5777898537430243	0.6654087222269249	0.5777898537430243	0.6654087222269249	0.5714285714285714	endpoint
N_AQ.522	0.0	0.07475600179134477	0.3664186247595071	1.5520737057780398	0.4711791068641634	0.5043772778027104	0.5288208931358366	0.5043772778027104	0.5714285714285714	endpoint
N_AQ.523	0.0	0.3781455460800596	0.7873342729704038	1.581467573538356	0.3506379711305488	0.28851543554072	0.6493620288694513	0.71148456445928	0.8571428571428571	baseline
N_AQ.524	0.0	0.4204038458347653	0.29718231740336665	1.7767351948267534	0.6077609557292253	0.6580021321841543	0.6077609557292253	0.6580021321841543	0.7142857142857143	endpoint
N_AQ.525	0.0	0.00830875870722054	0.20294965351214161	1.2297374509978534	0.4745499560644108	0.46673124014738837	0.5254500439355891	0.5332687598526116	0.5714285714285714	endpoint
N_AQ.526	0.0	0.646260924128338	1.0854457410857652	1.8425077416415072	0.3166481114634686	0.14451417304257386	0.6833518885365314	0.8554858269574261	0.7142857142857143	baseline
N_AQ.527	0.0	0.11459660927593592	0.26381396018459286	1.8916988760875513	0.49706332033271977	0.3465936615248926	0.5029366796672803	0.6534063384751074	0.5714285714285714	endpoint
N_AQ.528	0.0	0.34436088539708065	0.37961667523733883	1.4694071065185321	0.3525927173403267	0.355714829695411	0.6474072826596733	0.644285170304589	0.7142857142857143	baseline
N_AQ.529	0.0	0.861565518113934	0.7811219539165137	1.575728132290761	0.717481454919861	0.689305355088885	0.717481454919861	0.689305355088885	1.0	endpoint
N_AQ.53	0.0	0.04260029851075907	0.12850532577322993	1.5707212683679481	0.4839548645414213	0.48031043509300797	0.5160451354585787	0.519689564906992	0.5714285714285714	endpoint
N_AQ.530	0.0	0.7735004886692335	1.0994195559646385	1.4370239246277792	0.25801191306123705	0.2065069989002539	0.741988086938763	0.7934930010997461	0.7142857142857143	baseline
N_AQ.531	0.0	0.025840948983507955	0.08101799003808008	1.9643038437405862	0.4342837977262989	0.4159031915754138	0.5657162022737011	0.5840968084245862	0.5714285714285714	baseline
N_AQ.532	0.0	0.19765512947524577	0.3712942381390259	1.4081024286767538	0.3951015677518535	0.32201154581109837	0.6048984322481465	0.6779884541889016	0.7142857142857143	baseline
N_AQ.533	0.0	0.30698175929063376	0.44658322765173586	1.478261335784848	0.4003825215986704	0.3117264953720909	0.5996174784013296	0.6882735046279091	0.7142857142857143	baseline
N_AQ.534	0.0	0.8910640719076193	1.3292669661276395	1.7441100274376748	0.7301375100875651	0.8812948267608648	0.7301375100875651	0.8812948267608648	0.8571428571428571	endpoint
N_AQ.535	0.0	0.32572255868283995	0.3085745258412294	1.4649327680786852	0.41586418964864585	0.3327098712887106	0.5841358103513541	0.6672901287112893	0.7142857142857143	baseline
N_AQ.536	0.0	0.08448482341528095	0.03322586310031895	1.2748820966748904	0.49171622326434566	0.42484777542604585	0.5082837767356543	0.5751522245739542	0.5714285714285714	endpoint
N_AQ.537	0.0	0.18032397163501432	0.11786771234451132	1.5425319758183684	0.44874908243375927	0.4082007589299328	0.5512509175662408	0.5917992410700672	0.5714285714285714	baseline
N_AQ.538	0.0	0.07834018079913181	0.05684301528978603	1.7387860009520038	0.47860189105478607	0.5701905414227535	0.521398108945214	0.5701905414227535	0.5714285714285714	endpoint
N_AQ.539	0.0	0.13497206731213507	0.28122072966113026	1.2827955300509886	0.45737141675879345	0.4116584830503605	0.5426285832412066	0.5883415169496395	0.5714285714285714	baseline
N_AQ.54	0.0	0.21373160772436717	0.3661386168309082	1.2889499815908214	0.3981157416546796	0.3237071347692047	0.6018842583453203	0.6762928652307953	0.7142857142857143	baseline
N_AQ.540	0.0	0.5566658004615379	0.7017889282680636	1.6716598766023902	0.3128666870921512	0.23320524931572764	0.6871333129078487	0.7667947506842724	0.8571428571428571	baseline
N_AQ.541	0.0	0.9317855945336115	1.0747018208473014	1.6305684564033935	0.18370556112540196	0.1403123232186279	0.8162944388745981	0.8596876767813721	0.8571428571428571	baseline
N_AQ.542	0.0	0.5367037426116513	0.6254790759898866	1.5216537784993203	0.2922481438690992	0.3305889919427464	0.7077518561309009	0.6694110080572536	0.8571428571428571	baseline
N_AQ.543	0.0	0.8355352390054609	1.327607550023978	1.7238403208095074	0.21530878880458656	0.09135385160264857	0.7846912111954134	0.9086461483973515	0.8571428571428571	baseline
N_AQ.544	0.0	0.3265344141917578	0.9197345234687953	1.4456644064231687	0.4201891259992708	0.26645082710417517	0.5798108740007293	0.7335491728958248	0.5714285714285714	baseline
N_AQ.545	0.0	0.48067212878252047	0.4058588100827507	1.649182077120276	0.3347040844079709	0.3723586265513526	0.665295915592029	0.6276413734486475	0.8571428571428571	baseline
N_AQ.547	0.0	0.1260798601409471	0.22197295733160466	1.1253199670900604	0.4225051151138129	0.4294676360356136	0.5774948848861872	0.5705323639643864	0.5714285714285714	baseline
N_AQ.548	0.0	0.9213391611164072	0.9571589200308118	1.7128423684572276	0.21242072840785037	0.13153257276066513	0.7875792715921497	0.8684674272393349	0.8571428571428571	baseline
N_AQ.549	0.0	0.3789226011295154	0.24932032694452472	1.4822372342362924	0.37105755585386185	0.389868490261805	0.6289424441461382	0.610131509738195	0.5714285714285714	baseline
N_AQ.55	0.0	0.3951723031783062	0.8104234322870542	1.3371749499856032	0.33608113298113995	0.26310258178360346	0.66391886701886	0.7368974182163965	0.7142857142857143	baseline
N_AQ.550	0.0	0.5929071216491657	0.8667908509133889	1.6069347454877374	0.25543116563348567	0.15956285560605352	0.7445688343665143	0.8404371443939465	0.7142857142857143	baseline
N_AQ.551	0.0	0.3996545712099034	0.49379417730676334	1.184178587071569	0.3290138858722012	0.4163827685286963	0.6709861141277988	0.5836172314713037	0.7142857142857143	baseline
N_AQ.552	0.0	0.7718886461753721	1.1753771373699085	1.5261281422911381	0.20361999862772495	0.052998935644029486	0.796380001372275	0.9470010643559705	0.8571428571428571	baseline
N_AQ.553	0.14285714285714285	1.5962835064074992	1.532202315873169	2.3755011026240136	0.9024938885332849	0.9075560323258539	0.9024938885332849	0.9075560323258539	1.0	endpoint
N_AQ.554	0.0	0.36656769476665035	0.41385871077547476	1.469164508263945	0.3920504779736603	0.30005292164183484	0.6079495220263397	0.6999470783581652	0.8571428571428571	baseline
N_AQ.555	0.0	0.0483828403506344	0.7602362480582833	1.3017344724375048	0.5047778796620838	0.6527194230402399	0.5047778796620838	0.6527194230402399	0.5714285714285714	endpoint
N_AQ.556	0.0	1.2930022144048963	1.3258182962511305	1.7250773741452106	0.10512645995424978	0.08106723369087575	0.8948735400457503	0.9189327663091242	1.0	baseline
N_AQ.557	0.0	0.045824026171233434	0.42483595332416796	1.6031590375995144	0.49955207249241446	0.4406562154844924	0.5004479275075855	0.5593437845155076	0.5714285714285714	endpoint
N_AQ.558	0.0	0.7198380223165559	0.7665229204367782	1.660021508156716	0.7108552604754668	0.7605550869261245	0.7108552604754668	0.7605550869261245	0.7142857142857143	endpoint
N_AQ.559	0.0	0.8029601589713582	1.1027933601975242	1.3615688438709632	0.2445985352264597	0.18414564838076447	0.7554014647735403	0.8158543516192356	0.8571428571428571	baseline
N_AQ.56	0.0	0.7778858757456025	0.9865545377979753	1.5286225692784883	0.680480681953239	0.6599426016780889	0.680480681953239	0.6599426016780889	0.7142857142857143	endpoint
N_AQ.560	0.0	0.0015852334259826334	0.27612921586240496	1.2330798009345745	0.4548237493880631	0.4684413287352715	0.5451762506119369	0.5315586712647284	0.5714285714285714	baseline
N_AQ.561	0.0	0.19683126301230672	0.08985036328838206	0.9953716459501876	0.3964193570016911	0.43996002997791017	0.6035806429983088	0.5600399700220898	0.5714285714285714	baseline
N_AQ.562	0.0	0.0957206873666736	0.12454706719222082	1.4716026374798505	0.5087511404774541	0.4504840173176456	0.5087511404774541	0.5495159826823544	0.5714285714285714	endpoint
N_AQ.563	0.0	1.2522337312323681	1.2861308686245119	1.8168753817872225	0.12650158187534635	0.12914301249170948	0.8734984181246537	0.8708569875082905	1.0	baseline
N_AQ.564	0.0	0.5160298187731468	0.5279748960962706	1.207601987069651	0.32046754200635613	0.3543799382383545	0.6795324579936439	0.6456200617616454	0.8571428571428571	baseline
N_AQ.565	0.0	0.3067187369959102	0.37863409843494095	1.5354690667904398	0.42615901345873075	0.31959760085121525	0.5738409865412692	0.6804023991487848	0.7142857142857143	baseline
N_AQ.566	0.0	0.09281262293212077	0.36761262757937413	1.524387229360703	0.4651198598226219	0.4824287800452279	0.5348801401773782	0.5175712199547722	0.5714285714285714	endpoint
N_AQ.567	0.0	0.7393577020152673	0.8545075299745146	1.2656137587138334	0.24510542648616002	0.2511973041440408	0.7548945735138399	0.7488026958559593	0.8571428571428571	baseline
N_AQ.568	0.0	0.92907226543118	1.2136975997975468	1.5735205944826802	0.21260887708354637	0.20637837509890072	0.7873911229164536	0.7936216249010992	0.8571428571428571	baseline
N_AQ.569	0.0	0.04295541144177014	0.15779310775895572	1.6532175496145693	0.4439422572759474	0.39222813806656015	0.5560577427240526	0.6077718619334398	0.5714285714285714	endpoint
N_AQ.57	0.0	0.27708983743636934	0.1245400209262615	1.5800055132762585	0.5567221294899054	0.4380689508146455	0.5567221294899054	0.5619310491853545	0.5714285714285714	endpoint
N_AQ.570	0.0	0.5639623819960171	0.7540342301748714	1.1932497825454624	0.33550965071740846	0.24377909969981687	0.6644903492825915	0.7562209003001832	0.8571428571428571	baseline
N_AQ.571	0.0	1.2879490528839368	1.3230444425785117	1.5350869715741442	0.10327513824029552	0.1246650096989909	0.8967248617597045	0.8753349903010091	1.0	baseline
N_AQ.572	0.0	0.514929179900569	1.1696572586131198	1.4595069389671051	0.5829610169590048	0.6050582274438925	0.5829610169590048	0.6050582274438925	0.7142857142857143	endpoint
N_AQ.573	0.0	0.6390422033385371	1.1532559831395974	1.5594975136391878	0.6729162331798182	0.6034531055748473	0.6729162331798182	0.6034531055748473	0.7142857142857143	endpoint
N_AQ.574	0.0	0.27664002463380555	0.26594467296494323	1.2500085653168866	0.384327405746214	0.41998220726454244	0.615672594253786	0.5800177927354575	0.8571428571428571	baseline
N_AQ.575	0.0	0.07865498919501908	0.027910651733237313	1.3460673846466682	0.4801899551427676	0.48337167731995384	0.5198100448572325	0.5166283226800461	0.5714285714285714	baseline
N_AQ.576	0.0	0.050367520917776624	0.2647524043969633	1.6576600984754486	0.4546444031819047	0.3809392002154432	0.5453555968180953	0.6190607997845567	0.5714285714285714	endpoint
N_AQ.577	0.0	0.8187770165247177	1.3006106256298546	1.695826982865343	0.2258979333877942	0.053687067631692946	0.7741020666122058	0.946312932368307	0.7142857142857143	baseline
N_AQ.578	0.0	0.20057872619814646	0.35480165840940403	1.4570386193310931	0.48505490605473855	0.5384752733720297	0.5149450939452614	0.5384752733720297	0.7142857142857143	endpoint
N_AQ.579	0.0	0.24002476507998988	0.10564843938942006	1.0564922109709947	0.39287046944141574	0.44540223715355287	0.6071295305585842	0.5545977628464471	0.8571428571428571	baseline
N_AQ.58	0.0	0.5154536396159654	1.2504416932583502	1.838546727607701	0.33819616326884716	0.23503468307382974	0.6618038367311528	0.7649653169261703	0.7142857142857143	baseline
N_AQ.580	0.0	0.5706440062268117	1.1062263100556105	1.5367581386481821	0.629798905023405	0.7489747433512214	0.629798905023405	0.7489747433512214	0.5714285714285714	endpoint
N_AQ.581	0.0	0.20640636787670533	0.8618639367076549	1.8682680195716865	0.35356901942695246	0.268206895219544	0.6464309805730475	0.731793104780456	0.7142857142857143	baseline
N_AQ.582	0.0	0.44745114657622553	1.134212203807303	1.3627943170366115	0.3656814744399977	0.2528057116566657	0.6343185255600023	0.7471942883433342	0.5714285714285714	baseline
N_AQ.583	0.0	0.4287874737483136	0.3938217949957781	1.429933472023063	0.3762061107362176	0.3429237750505141	0.6237938892637824	0.6570762249494859	0.7142857142857143	baseline
N_AQ.584	0.0	0.1071966451181728	0.27569741754031046	1.2968228944116118	0.515768201027653	0.5447289826705474	0.515768201027653	0.5447289826705474	0.5714285714285714	endpoint
N_AQ.585	0.0	0.12424198066368611	0.17321469826428132	1.1845169339025323	0.42217741418047605	0.45270610661166993	0.577822585819524	0.54729389338833	0.7142857142857143	baseline
N_AQ.586	0.14285714285714285	0.7171335239470368	0.45178007102329515	2.029529812546306	0.2941578658620447	0.3423733704454512	0.7058421341379553	0.6576266295545488	0.8571428571428571	baseline
N_AQ.587	0.0	0.5373015830443878	0.7184301859149547	1.4499771413281937	0.6489196306664293	0.7133727735767871	0.6489196306664293	0.7133727735767871	0.7142857142857143	endpoint
N_AQ.588	0.0	0.499505687401895	0.8287036069359548	1.7026916745693255	0.33715610364904725	0.17157802311514447	0.6628438963509528	0.8284219768848555	0.5714285714285714	baseline
N_AQ.589	0.0	0.9977405739676729	1.0885993998429668	1.438607641451735	0.17736073578348807	0.09345620562511145	0.8226392642165119	0.9065437943748885	1.0	baseline
N_AQ.59	0.0	0.18346525963485613	0.15303380287347207	1.511254085287408	0.5011381390073572	0.4758911093524266	0.5011381390073572	0.5241088906475734	0.5714285714285714	endpoint
N_AQ.590	0.0	0.048162033495769654	0.4495308890425334	1.500609392081261	0.41910416170056763	0.27878188549664557	0.5808958382994324	0.7212181145033545	0.5714285714285714	baseline
N_AQ.591	0.0	0.044544145272353904	0.04044171908009394	1.461912510476943	0.5145560270130897	0.4409674024977498	0.5145560270130897	0.5590325975022502	0.5714285714285714	endpoint
N_AQ.592	0.0	0.5700456093110071	0.44653188737825805	1.3165255987300473	0.6190696905450637	0.620877484379278	0.6190696905450637	0.620877484379278	0.8571428571428571	endpoint
N_AQ.593	0.0	0.5219866688504086	1.0168333894392056	1.583256141244535	0.6664198131438342	0.8244067078457726	0.6664198131438342	0.8244067078457726	0.5714285714285714	endpoint
N_AQ.594	0.0	0.11483784796221656	0.019618105797371038	1.4723492806542617	0.5599077998981045	0.47311893558266566	0.5599077998981045	0.5268810644173343	0.5714285714285714	endpoint
N_AQ.595	0.0	1.029001367374973	1.034693739164743	1.6831084680750827	0.7904032557817375	0.8961990870594099	0.7904032557817375	0.8961990870594099	1.0	endpoint
N_AQ.596	0.0	0.272335257886652	0.11989443577633445	1.6137239941497972	0.3843466013138686	0.3912344845007094	0.6156533986861314	0.6087655154992906	0.7142857142857143	baseline
N_AQ.597	0.0	0.6634362921195096	1.176528794599839	1.619494976619375	0.23328895174510808	0.09621371219542015	0.7667110482548919	0.9037862878045798	0.7142857142857143	baseline
N_AQ.598	0.0	0.6439948342736537	0.6897245499209047	1.2495654005836827	0.256211359433357	0.21728567703295854	0.743788640566643	0.7827143229670415	0.8571428571428571	baseline
N_AQ.599	0.0	0.2688093089606724	0.7003475498787061	1.5276006314436643	0.36143972647401534	0.21119008247155238	0.6385602735259847	0.7888099175284476	0.7142857142857143	baseline
N_AQ.6	0.0	0.2235832024276812	0.8099064122111225	1.6059374270676512	0.5139394892523486	0.6367526973862164	0.5139394892523486	0.6367526973862164	0.5714285714285714	endpoint
N_AQ.60	0.0	0.011188707180447828	0.9805162426542878	1.9398908415468925	0.43155062953313894	0.2542776929513837	0.5684493704668611	0.7457223070486163	0.5714285714285714	baseline
N_AQ.600	0.0	0.0360672117405984	0.27693269143527643	1.3380662619938235	0.4487544537130141	0.5352014522153483	0.5512455462869859	0.5352014522153483	0.5714285714285714	baseline
N_AQ.601	0.0	0.3134578521942616	0.5667464381547882	1.9222191485750326	0.4347413038858119	0.32890958298585093	0.5652586961141881	0.6710904170141491	0.7142857142857143	baseline
N_AQ.602	0.14285714285714285	0.07604221885540896	0.04458011608328134	2.029692201718041	0.5146769169873623	0.4940034090688917	0.5146769169873623	0.5059965909311084	0.5714285714285714	endpoint
N_AQ.603	0.0	1.0598030896793922	0.9940821787012996	1.5541165205023884	0.7886469865868648	0.7969081770358194	0.7886469865868648	0.7969081770358194	0.8571428571428571	endpoint
N_AQ.604	0.0	0.40941030842932263	0.5244130141542812	1.3131739028337415	0.5910272153743202	0.5904754763321235	0.5910272153743202	0.5904754763321235	0.7142857142857143	endpoint
N_AQ.605	0.14285714285714285	1.341856324931096	1.3086041848287684	2.14867592092546	0.09052962861030746	0.030255674108689512	0.9094703713896926	0.9697443258913105	1.0	baseline
N_AQ.606	0.0	1.0483969055260174	1.007356910266844	1.5261224076386877	0.17880479397152502	0.19288419374338314	0.821195206028475	0.8071158062566168	1.0	baseline
N_AQ.607	0.0	0.20059232379842357	0.29759183290941615	1.1610628920174106	0.3934812621160383	0.3353174419931267	0.6065187378839617	0.6646825580068734	0.5714285714285714	baseline
N_AQ.608	0.0	0.7968127569128899	1.035958577171727	1.4924478045593947	0.740376732148256	0.7974529571725077	0.740376732148256	0.7974529571725077	0.8571428571428571	endpoint
N_AQ.609	0.0	0.7399047664643993	1.0360425475373984	1.5705105326162867	0.6793322802876967	0.6424369192721916	0.6793322802876967	0.6424369192721916	0.7142857142857143	endpoint
N_AQ.61	0.0	0.5775508307255961	0.6628461711884708	1.3351403521658647	0.630135193432353	0.6203378055974103	0.630135193432353	0.6203378055974103	0.7142857142857143	endpoint
N_AQ.610	0.0	0.14040390919769571	0.21226319768541527	1.2750864874444983	0.42651986578597395	0.4586764675123955	0.5734801342140261	0.5413235324876045	0.5714285714285714	baseline
N_AQ.611	0.0	0.32301001268659846	0.3078445715268632	1.8070195005823868	0.4033580727268239	0.33150246315817533	0.5966419272731761	0.6684975368418247	0.5714285714285714	baseline
N_AQ.612	0.0	0.5378869649966087	0.6086206367926298	1.344462437110511	0.32262764023544016	0.3176011069850026	0.6773723597645598	0.6823988930149973	0.8571428571428571	baseline
N_AQ.613	0.0	0.5195927923923717	0.8253486251504815	1.895078757939755	0.3775640963793476	0.30002972950644846	0.6224359036206524	0.6999702704935515	0.7142857142857143	baseline
N_AQ.614	0.0	0.8156264177262317	1.1489787680078911	1.5110622312070277	0.7009021916944914	0.7260044483521657	0.7009021916944914	0.7260044483521657	0.8571428571428571	endpoint
N_AQ.615	0.0	0.10703544010659345	0.6891684534394286	1.4832025201747556	0.4684300937805239	0.328685814433545	0.5315699062194761	0.6713141855664551	0.5714285714285714	baseline
N_AQ.616	0.0	0.4901277937285066	0.7214571436284734	1.2706519544076715	0.30437468727443073	0.30675952606347007	0.6956253127255693	0.6932404739365299	0.8571428571428571	baseline
N_AQ.617	0.0	0.007188173016818495	0.30843944964647274	1.660593641632	0.41497398451068257	0.4733814355085755	0.5850260154893174	0.5266185644914245	0.5714285714285714	endpoint
N_AQ.618	0.0	0.9997608176005082	1.1694941476815401	1.9446468738029186	0.21445370441337103	0.08922974433183005	0.785546295586629	0.9107702556681699	0.7142857142857143	baseline
N_AQ.619	0.0	0.5000679956370423	0.8012409674059574	1.2429682065798429	0.33739139154326814	0.26558238288104286	0.6626086084567319	0.7344176171189571	0.8571428571428571	baseline
N_AQ.62	0.0	0.5100014536835248	0.8404803446378797	1.3272688966363873	0.2967306645679955	0.2549854623392746	0.7032693354320045	0.7450145376607253	0.7142857142857143	baseline
N_AQ.620	0.0	0.015190879420196503	0.10603760901035802	1.3176989494792066	0.4487923044915031	0.45332783831338197	0.5512076955084969	0.546672161686618	0.7142857142857143	baseline
N_AQ.621	0.0	0.446450025656074	0.6018518540119119	1.4241044135339609	0.3433007839089188	0.24618538940471982	0.6566992160910812	0.7538146105952802	0.7142857142857143	baseline
N_AQ.622	0.0	0.43068278077480526	0.6870742908505589	1.3353703077148218	0.34071822156988124	0.32913756005651323	0.6592817784301188	0.6708624399434868	0.7142857142857143	baseline
N_AQ.623	0.0	0.21104859551574293	0.24987862918165774	1.3479151275105568	0.5103923109458279	0.48948719703724203	0.5103923109458279	0.5105128029627579	0.5714285714285714	endpoint
N_AQ.624	0.0	0.14517144927515968	0.16590873430883854	1.1649258170321233	0.4074619197150768	0.43715914241934756	0.5925380802849232	0.5628408575806525	0.7142857142857143	baseline
N_AQ.625	0.0	0.40936236014474553	0.5710243779352088	1.3023995215954862	0.31096965183458586	0.38919756754653057	0.6890303481654141	0.6108024324534694	0.7142857142857143	baseline
N_AQ.626	0.0	0.6629872487774264	0.76195695404685	1.4690005947000628	0.26748378952310714	0.19208013532279813	0.7325162104768929	0.8079198646772019	0.8571428571428571	baseline
N_AQ.627	0.14285714285714285	0.8113141128763972	0.8660303851795349	2.2469793668966247	0.27409576887579995	0.15930193275686985	0.7259042311242001	0.8406980672431301	0.8571428571428571	baseline
N_AQ.628	0.0	0.2695810703159701	0.38498441735820194	1.4678406123723595	0.5879365256948315	0.5603984141909119	0.5879365256948315	0.5603984141909119	0.5714285714285714	endpoint
N_AQ.629	0.0	0.03119509939013803	0.21141160902053888	1.2723187621235394	0.4913288462409922	0.5247143856132208	0.5086711537590078	0.5247143856132208	0.5714285714285714	baseline
N_AQ.63	0.0	0.22647676166109942	0.0077702816133247985	1.380913308599992	0.3781476674469987	0.4725564564110573	0.6218523325530013	0.5274435435889426	0.7142857142857143	baseline
N_AQ.630	0.0	0.5522613523715911	0.6105678182443596	1.3974199542006605	0.3167161840650587	0.30936319976092774	0.6832838159349413	0.6906368002390723	0.8571428571428571	baseline
N_AQ.631	0.0	0.7029529267449186	0.9099443642032022	1.6100696306263127	0.24013384341690822	0.14617753936438468	0.7598661565830918	0.8538224606356153	0.8571428571428571	baseline
N_AQ.632	0.0	0.1190135566538517	0.275906472831485	1.340962679149309	0.39536756296286646	0.35338282619184386	0.6046324370371335	0.6466171738081561	0.5714285714285714	baseline
N_AQ.633	0.0	0.042473900892615345	0.1143320739975957	0.8542906876797782	0.4585342152743143	0.5020142122626141	0.5414657847256856	0.5020142122626141	0.5714285714285714	baseline
N_AQ.634	0.0	0.8793846032712457	0.980517602610297	1.470709843089213	0.22233426054684716	0.21521954904961857	0.7776657394531529	0.7847804509503814	1.0	baseline
N_AQ.635	0.0	0.6461627214442034	0.9418550196889954	1.8060070798799894	0.6498507156523917	0.7965077333035507	0.6498507156523917	0.7965077333035507	0.7142857142857143	endpoint
N_AQ.636	0.0	0.48903317302165666	0.6508743450633149	1.684346302069619	0.5847899028021294	0.6126548562088321	0.5847899028021294	0.6126548562088321	0.7142857142857143	endpoint
N_AQ.637	0.0	0.062320273949140526	0.4026792192115555	1.1491528780853995	0.4806834722849259	0.37321730154046473	0.5193165277150741	0.6267826984595353	0.5714285714285714	baseline
N_AQ.638	0.0	0.7140653077960829	1.0457481955167556	1.7430509729796049	0.29214270636053585	0.15971667529935962	0.7078572936394641	0.8402833247006404	0.8571428571428571	baseline
N_AQ.639	0.14285714285714285	0.3176946787960046	0.8855629964896851	2.1623962515277575	0.35644105458653896	0.24281051683333188	0.643558945413461	0.7571894831666681	0.7142857142857143	baseline
N_AQ.64	0.0	0.4342381251503799	0.556152869985278	1.1899215646878991	0.3151210084581519	0.25591625291745557	0.6848789915418481	0.7440837470825444	0.8571428571428571	baseline
N_AQ.640	0.0	0.7642213574550899	1.1331217309679351	1.5599616012913031	0.6971155065379192	0.6560088842497924	0.6971155065379192	0.6560088842497924	0.8571428571428571	endpoint
N_AQ.641	0.0	0.6331672318538616	0.8391703163695049	1.494550156296244	0.2696318613658933	0.18394285579445507	0.7303681386341068	0.8160571442055449	0.8571428571428571	baseline
N_AQ.642	0.0	0.07761886780913678	0.14099847815339173	1.3766524299348046	0.5300593583615714	0.4904951913604781	0.5300593583615714	0.509504808639522	0.5714285714285714	endpoint
N_AQ.643	0.0	0.364641589721808	0.6579714718828539	1.6041587013293697	0.5630718570056615	0.5268234973047372	0.5630718570056615	0.5268234973047372	0.5714285714285714	endpoint
N_AQ.644	0.0	0.2746564187058997	0.09451156602544188	1.0880742458623427	0.5525355113123437	0.4977385997724394	0.5525355113123437	0.5022614002275606	0.5714285714285714	endpoint
N_AQ.645	0.0	0.8234686525447954	1.076794319605961	1.9039740356556225	0.6964062766902002	0.7173323542193908	0.6964062766902002	0.7173323542193908	0.7142857142857143	endpoint
N_AQ.646	0.0	0.10941534800549738	0.3451215876366029	1.6269639352573877	0.4647368950083043	0.4832087520398057	0.5352631049916957	0.5167912479601944	0.5714285714285714	baseline
N_AQ.647	0.0	0.0480572539720611	0.14090489296645234	1.2367977365828131	0.4723386682864156	0.4084179750901907	0.5276613317135844	0.5915820249098094	0.5714285714285714	endpoint
N_AQ.648	0.0	1.0670299204356455	1.2823318613116188	1.66141167293518	0.16181792546174514	0.10555547001698487	0.8381820745382549	0.8944445299830152	0.8571428571428571	baseline
N_AQ.649	0.0	0.38641463181449265	0.3976903663373193	1.1972518330372819	0.35236616193271975	0.36541698343786544	0.6476338380672803	0.6345830165621346	0.8571428571428571	baseline
N_AQ.650	0.0	0.6396958634085111	1.1032395495167064	1.5025695330295676	0.6846832503143219	0.7799032038230458	0.6846832503143219	0.7799032038230458	0.7142857142857143	endpoint
N_AQ.651	0.0	0.23116216228720013	0.21772891663471605	1.2616932721444785	0.4054793932774187	0.39625261760716524	0.5945206067225812	0.6037473823928348	0.7142857142857143	baseline
N_AQ.652	0.0	0.07628679782049133	0.09820414372100389	1.347209515368417	0.484654240550385	0.48259060774363943	0.515345759449615	0.5174093922563605	0.5714285714285714	endpoint
N_AQ.653	0.0	1.0308613395383528	0.8487919021947563	1.6621967154547812	0.7592903395296331	0.7618795391398026	0.7592903395296331	0.7618795391398026	1.0	endpoint
N_AQ.654	0.0	0.20789241564199562	0.030336752251402224	1.492379638499096	0.5649481081602999	0.4541005864601988	0.5649481081602999	0.5458994135398012	0.5714285714285714	endpoint
N_AQ.655	0.0	0.34981688321776166	0.5248351074653855	1.3819729034695218	0.3818876877132213	0.3459770561060347	0.6181123122867787	0.6540229438939653	0.7142857142857143	baseline
N_AQ.656	0.0	0.7305968035456135	0.8776173479195218	1.9479471181307704	0.3083991581444357	0.2037379312953814	0.6916008418555644	0.7962620687046186	0.8571428571428571	baseline
N_AQ.657	0.0	0.31125460614337924	0.8808486455234585	1.474077870460684	0.4202292345900533	0.28733721607547225	0.5797707654099467	0.7126627839245278	0.7142857142857143	baseline
N_AQ.658	0.0	0.4337491844733833	0.4469823562040856	1.7914536363363358	0.579162222869445	0.6026754845502694	0.579162222869445	0.6026754845502694	0.7142857142857143	endpoint
N_AQ.659	0.0	0.16942195261885545	0.008355564505701794	1.5035595084067248	0.4850694082465084	0.42494473258586896	0.5149305917534917	0.575055267414131	0.5714285714285714	endpoint
N_AQ.66	0.0	0.19335519387253636	0.4860894520890019	1.4694904280112693	0.3789851988354755	0.30426384191883066	0.6210148011645245	0.6957361580811694	0.5714285714285714	baseline
N_AQ.660	0.0	1.0860973583517153	1.2682619922826528	1.8614512654408113	0.7619823506716569	0.7775919056196647	0.7619823506716569	0.7775919056196647	0.8571428571428571	endpoint
N_AQ.661	0.0	0.23020265786820554	0.15987197495652974	1.6615544771011455	0.34044021651724116	0.37883428892690113	0.6595597834827589	0.6211657110730988	0.5714285714285714	baseline
N_AQ.662	0.0	0.5675245930190457	1.1021731773020946	1.750574478394534	0.6145936394061744	0.7191481147109422	0.6145936394061744	0.7191481147109422	0.7142857142857143	endpoint
N_AQ.663	0.0	0.22131327202402962	0.12331083995050023	1.7743063507428298	0.5483237104088728	0.4846780526996961	0.5483237104088728	0.5153219473003039	0.5714285714285714	endpoint
N_AQ.664	0.0	0.3705140723240251	0.5890660732514947	1.6603969813141188	0.5946326047311521	0.563304919641967	0.5946326047311521	0.563304919641967	0.5714285714285714	endpoint
N_AQ.665	0.0	0.5295681654385441	0.7543904369162608	1.2700117605842216	0.3013966482127031	0.2858951218162341	0.6986033517872969	0.7141048781837659	1.0	baseline
N_AQ.666	0.0	0.6413884514291542	1.0267460406223556	1.7538204184299995	0.2780044130748531	0.09902271772593389	0.7219955869251469	0.9009772822740661	0.8571428571428571	baseline
N_AQ.667	0.0	0.7553708721277376	0.8995429538549334	1.5910695715149303	0.2688147013085817	0.18645430213525072	0.7311852986914182	0.8135456978647493	0.8571428571428571	baseline
N_AQ.668	0.0	0.14168474081029675	0.09232692314809361	1.0833356046017137	0.41904474342224823	0.41375876126821975	0.5809552565777518	0.5862412387317802	0.7142857142857143	baseline
N_AQ.669	0.0	0.6825079089978046	0.9476747060337503	1.46081756721692	0.3048999347662821	0.2260367325079173	0.6951000652337179	0.7739632674920827	0.8571428571428571	baseline
N_AQ.67	0.0	0.31349258724154644	0.03922425557347285	1.4181299157506606	0.5533813708773901	0.4557411615644132	0.5533813708773901	0.5442588384355869	0.5714285714285714	endpoint
N_AQ.670	0.0	0.807741223705111	0.7198287208790943	1.6688810508275789	0.23738403923309637	0.30275942009929424	0.7626159607669036	0.6972405799007058	1.0	baseline
N_AQ.671	0.0	0.9329560913016212	1.145275984567647	1.8468541513291776	0.22240805729797378	0.18705973527881875	0.7775919427020263	0.8129402647211812	0.8571428571428571	baseline
N_AQ.672	0.0	0.15338582288106178	0.14204729035812827	1.8146924553591621	0.42932721127783263	0.49084012639103947	0.5706727887221674	0.5091598736089605	0.5714285714285714	baseline
N_AQ.673	0.0	0.732305989266954	1.1352910594782708	1.660660544282842	0.2118231509259322	0.07074705277095143	0.7881768490740678	0.9292529472290486	0.8571428571428571	baseline
N_AQ.674	0.0	0.2590344717533882	0.2441720330870282	1.5749275327633085	0.36914150113083677	0.3638196993457485	0.6308584988691632	0.6361803006542515	0.5714285714285714	baseline
N_AQ.675	0.0	0.8835785230659835	1.0117764593426108	1.7904919680183562	0.2373771205025179	0.1524631350591531	0.7626228794974821	0.8475368649408469	0.8571428571428571	baseline
N_AQ.676	0.0	0.9535701387712743	1.2362855765971605	1.6796699377843656	0.706205430919279	0.7978834410173613	0.706205430919279	0.7978834410173613	0.8571428571428571	endpoint
N_AQ.677	0.0	1.051666167227004	1.2594299654698302	1.4861815585871994	0.7578311088997108	0.7155234997017014	0.7578311088997108	0.7155234997017014	1.0	endpoint
N_AQ.678	0.0	0.2524784798071894	0.0501251332301636	1.6699710723146257	0.5130430751704319	0.4881637096273222	0.5130430751704319	0.5118362903726779	0.5714285714285714	endpoint
N_AQ.679	0.0	0.26162927320775864	0.903666572016132	1.7182311805064494	0.405414301857787	0.2824150106683743	0.5945856981422131	0.7175849893316257	0.7142857142857143	baseline
N_AQ.68	0.0	0.3028979667739326	0.21229022017997812	1.3284679158524835	0.5662550695811915	0.510971317179929	0.5662550695811915	0.510971317179929	0.5714285714285714	endpoint
N_AQ.680	0.0	0.4587089845161964	0.7026757053001298	1.5898016404045916	0.34251076011086107	0.27069161372379646	0.657489239889139	0.7293083862762035	0.7142857142857143	baseline
N_AQ.681	0.0	0.34916117818448933	0.4414270383686914	1.1908363800520374	0.39953135530517464	0.34365296373556153	0.6004686446948253	0.6563470362644385	0.8571428571428571	baseline
N_AQ.682	0.0	0.3486526128444387	0.4421084618872937	1.318800232259754	0.3542288840445305	0.3586256325565885	0.6457711159554695	0.6413743674434115	0.5714285714285714	baseline
N_AQ.683	0.0	0.28177656246634925	0.3316882020644614	1.2593064774279574	0.43451118049969933	0.38152438940858957	0.5654888195003007	0.6184756105914104	0.7142857142857143	baseline
N_AQ.684	0.0	0.4230204309787867	0.6168028318823674	1.1666511423743633	0.3571088812417523	0.2693790307461979	0.6428911187582478	0.7306209692538022	0.7142857142857143	baseline
N_AQ.685	0.0	0.9762386949949092	1.2315720958624103	1.6186568421859941	0.20207484044665305	0.1876772263480588	0.797925159553347	0.8123227736519412	0.8571428571428571	baseline
N_AQ.686	0.0	0.09246485744450854	0.45463827356442127	1.455136814151243	0.5012124507832171	0.534113123539668	0.5012124507832171	0.534113123539668	0.5714285714285714	endpoint
N_AQ.687	0.0	0.4175022439843203	0.4095125615842741	1.1198645778679246	0.6015135312707739	0.5554454499586908	0.6015135312707739	0.5554454499586908	0.7142857142857143	endpoint
N_AQ.688	0.0	0.8746572747513166	0.9641101786065134	1.7141151936249603	0.23587883535872858	0.26122537315954203	0.7641211646412714	0.738774626840458	0.8571428571428571	baseline
N_AQ.689	0.0	0.07012890864982875	0.13314019648286557	1.432069198047616	0.44198229644141934	0.5433337653399702	0.5580177035585807	0.5433337653399702	0.5714285714285714	baseline
N_AQ.69	0.0	0.47564159992617494	1.0253461112194735	1.34173127895485	0.34310417439729374	0.2694509060235808	0.6568958256027062	0.7305490939764192	0.7142857142857143	baseline
N_AQ.690	0.14285714285714285	0.13977951924556767	0.3158494517668875	2.372965042910743	0.4486592380295301	0.3966664032128229	0.5513407619704699	0.6033335967871771	0.5714285714285714	baseline
N_AQ.691	0.0	0.34478719999866525	0.4838840108237243	1.426676497054648	0.3498167257147523	0.290898782823041	0.6501832742852477	0.7091012171769591	0.8571428571428571	baseline
N_AQ.692	0.0	0.6453168305308807	1.08144468144992	1.4268215751659155	0.2718945601778052	0.19186412941042025	0.7281054398221948	0.8081358705895798	0.8571428571428571	baseline
N_AQ.693	0.0	0.6729091335214149	0.7967747640393018	1.7721852315300761	0.6407316919670604	0.7486733000767258	0.6407316919670604	0.7486733000767258	0.8571428571428571	endpoint
N_AQ.694	0.0	0.5786302513028393	0.8457788509876173	1.5640774962383457	0.6319666616631672	0.6786216080013202	0.6319666616631672	0.6786216080013202	0.7142857142857143	endpoint
N_AQ.695	0.0	0.024870058797240264	0.6412224637596188	1.6362837734414277	0.44661923187803493	0.5533863505973373	0.5533807681219651	0.5533863505973373	0.5714285714285714	endpoint
N_AQ.696	0.0	0.52152642152532	0.4675653971551434	1.5144763494147488	0.6213924821173104	0.6733647782496864	0.6213924821173104	0.6733647782496864	0.7142857142857143	endpoint
N_AQ.697	0.0	0.689062858807075	0.7313112245319883	1.8148503221431311	0.6362966970250311	0.6485904338323318	0.6362966970250311	0.6485904338323318	0.8571428571428571	endpoint
N_AQ.698	0.0	0.46844661888617367	0.767726426940069	1.3016129171080304	0.35811257842458044	0.3117395558828539	0.6418874215754196	0.688260444117146	0.8571428571428571	baseline
N_AQ.699	0.0	0.18983459298449798	0.11137801497825331	1.066744608521626	0.3902242334115092	0.40460641937659253	0.6097757665884909	0.5953935806234074	0.7142857142857143	baseline
N_AQ.7	0.0	0.13092701490496886	0.24741818177030137	1.3569505908624533	0.42421629470254774	0.3788851841978044	0.5757837052974523	0.6211148158021955	0.5714285714285714	baseline
N_AQ.70	0.0	0.09784864099820594	0.24093233438402345	1.3787725325225013	0.4516516806254524	0.4410435529021939	0.5483483193745475	0.5589564470978061	0.5714285714285714	baseline
N_AQ.700	0.0	0.12709330372975064	0.22293080250828692	1.2735737374194878	0.5183985995200969	0.5290006042511062	0.5183985995200969	0.5290006042511062	0.5714285714285714	endpoint
N_AQ.701	0.0	0.616427105279608	0.936115369179687	1.5136001905626433	0.7030501752679763	0.7519945025502396	0.7030501752679763	0.7519945025502396	0.7142857142857143	endpoint
N_AQ.702	0.0	0.038986581099452904	0.24764861506045988	1.3681655711589036	0.4521923840654875	0.5255704584743417	0.5478076159345124	0.5255704584743417	0.5714285714285714	baseline
N_AQ.703	0.0	0.3471234860375595	0.11582433683890349	1.0707212277771725	0.3843455662832898	0.4178208836731626	0.6156544337167102	0.5821791163268374	1.0	baseline
N_AQ.704	0.0	0.2398906799840072	0.37651366402372327	1.1777011931512034	0.5197983882651781	0.5679518012940528	0.5197983882651781	0.5679518012940528	0.5714285714285714	endpoint
N_AQ.705	0.0	0.8055743932447823	1.0431431584602444	1.6396483978859726	0.6863292631505951	0.709959301673284	0.6863292631505951	0.709959301673284	0.8571428571428571	endpoint
N_AQ.706	0.0	0.5540618860926162	0.7179867442550169	1.4083682429195912	0.3022994013658092	0.20799076148721762	0.6977005986341909	0.7920092385127824	0.8571428571428571	baseline
N_AQ.707	0.0	0.6546909367950474	1.0621293832190999	1.4717754229051756	0.2849935091310253	0.21074585276767913	0.7150064908689747	0.7892541472323209	0.7142857142857143	baseline
N_AQ.708	0.14285714285714285	1.2617431555661214	1.1625452440848556	2.273751470432845	0.8145843121186374	0.7738698594063292	0.8145843121186374	0.7738698594063292	1.0	endpoint
N_AQ.709	0.0	0.1444966956314782	0.22276177187700963	1.5143827414012465	0.5015717928662632	0.5254042974819444	0.5015717928662632	0.5254042974819444	0.5714285714285714	endpoint
N_AQ.71	0.0	0.7168935725677265	0.6211415479288174	1.168456154062605	0.6931879824883465	0.6511363229399028	0.6931879824883465	0.6511363229399028	0.8571428571428571	endpoint
N_AQ.710	0.0	0.5356540461469744	1.0161184030335426	1.588967006571879	0.30505068633473426	0.2552007482483663	0.6949493136652658	0.7447992517516338	0.8571428571428571	baseline
N_AQ.711	0.14285714285714285	0.9018570676093953	0.9880048009865324	2.0762157624162194	0.2181755431406036	0.12196482636253692	0.7818244568593964	0.8780351736374631	0.8571428571428571	baseline
N_AQ.712	0.0	0.129337440013102	0.06837518167802707	1.8030602685477477	0.49653658292438774	0.4157679708420303	0.5034634170756123	0.5842320291579697	0.5714285714285714	endpoint
N_AQ.713	0.0	0.5401230244090327	0.46356733095371805	1.1785529334341553	0.3118605790412136	0.42065301164705654	0.6881394209587863	0.5793469883529434	1.0	baseline
N_AQ.714	0.0	0.7345980916516233	1.0165959558427502	1.3735638449905954	0.2193945421406959	0.16815242034438704	0.7806054578593041	0.831847579655613	0.8571428571428571	baseline
N_AQ.715	0.0	0.10168621887719502	0.45098988027424425	0.9948308528841927	0.4485565803882761	0.35726769886217014	0.5514434196117239	0.6427323011378299	0.5714285714285714	baseline
N_AQ.716	0.0	0.27064667448371604	0.36353097047947897	1.1523094921462096	0.5458716445424036	0.5557705496800307	0.5458716445424036	0.5557705496800307	0.7142857142857143	endpoint
N_AQ.717	0.0	0.21916638676655756	0.4057990416682004	1.289513927661061	0.3694515321839659	0.3723747675093539	0.630548467816034	0.6276252324906462	0.5714285714285714	baseline
N_AQ.718	0.0	0.6403573446375898	0.46641914691318415	1.6476184851986702	0.28964430335146407	0.2837497749019991	0.7103556966485359	0.716250225098001	0.8571428571428571	baseline
N_AQ.719	0.0	0.2869128792837609	0.5617622777108561	1.1726846534475255	0.40694408161053186	0.2952228806596928	0.5930559183894681	0.7047771193403072	0.5714285714285714	baseline
N_AQ.72	0.14285714285714285	0.4634542345096981	0.6243578899948317	2.6494486923022205	0.5412297058319547	0.6220859722380055	0.5412297058319547	0.6220859722380055	0.5714285714285714	endpoint
N_AQ.720	0.0	0.49237533331484595	0.7936966925459572	1.6711278398914446	0.6090446032951592	0.6746113230457088	0.6090446032951592	0.6746113230457088	0.7142857142857143	endpoint
N_AQ.721	0.0	0.5081220488771063	0.5332565880274195	0.9511227399616753	0.6050426940161759	0.6827410252368432	0.6050426940161759	0.6827410252368432	0.8571428571428571	endpoint
N_AQ.722	0.0	0.1791333681923836	0.015357354764839149	1.6411324106054441	0.4876128873295941	0.4390726356707806	0.5123871126704058	0.5609273643292194	0.5714285714285714	endpoint
N_AQ.723	0.0	0.12276345631081328	0.05336894306585363	1.530636464261221	0.45294555485133897	0.4265713238886676	0.547054445148661	0.5734286761113324	0.5714285714285714	baseline
N_AQ.724	0.0	0.37744926323401645	0.3971903773071572	1.4463695129110339	0.5930360788660892	0.5248805449763144	0.5930360788660892	0.5248805449763144	0.5714285714285714	endpoint
N_AQ.725	0.0	0.18619542652792953	0.21880920812022445	1.4646057070212353	0.40945920766849525	0.513178084267619	0.5905407923315047	0.513178084267619	0.5714285714285714	baseline
N_AQ.726	0.0	0.14270488332062412	0.16615512652908962	1.130545155788256	0.5322480695392439	0.4968129947640858	0.5322480695392439	0.5031870052359142	0.5714285714285714	endpoint
N_AQ.727	0.0	0.18574370982071656	0.625254641707688	1.1868005720488286	0.5139293828715789	0.5371933426027182	0.5139293828715789	0.5371933426027182	0.5714285714285714	endpoint
N_AQ.728	0.0	0.4926463544202305	0.754664261045196	1.5431511261572683	0.3636323335007874	0.2957841601515562	0.6363676664992126	0.7042158398484438	0.7142857142857143	baseline
N_AQ.729	0.0	0.23489914914662316	0.33998803302102176	1.1191729249406155	0.5139889237686165	0.5506919473760836	0.5139889237686165	0.5506919473760836	0.7142857142857143	endpoint
N_AQ.73	0.0	0.18301103994245585	0.2942079913902433	1.4270031618567842	0.5088816166745354	0.5555223929307442	0.5088816166745354	0.5555223929307442	0.5714285714285714	endpoint
N_AQ.730	0.0	0.2057316633462282	0.30602207944372156	1.3265203680537754	0.4972254953259433	0.5610283540962807	0.5027745046740567	0.5610283540962807	0.5714285714285714	endpoint
N_AQ.731	0.0	0.1333070166697599	0.06570284720826094	1.623959142313896	0.5391131163730473	0.4161765601980484	0.5391131163730473	0.5838234398019516	0.5714285714285714	endpoint
N_AQ.732	0.0	0.1925322543879047	0.043664638511334786	1.1565208090316612	0.4370904584594219	0.4148793714552829	0.562909541540578	0.585120628544717	0.7142857142857143	baseline
N_AQ.733	0.0	0.7168777932525604	0.9165843601043004	1.1871926548567147	0.2703518802466833	0.2388588030665247	0.7296481197533167	0.7611411969334753	0.8571428571428571	baseline
N_AQ.734	0.0	0.33137084372422265	0.5312069931615361	1.7567753327161213	0.3743974112953911	0.2694191839070918	0.6256025887046088	0.7305808160929081	0.7142857142857143	baseline
N_AQ.735	0.0	1.234122837125952	1.2946896505302985	1.6654326248894717	0.8067591509246774	0.7863147874057834	0.8067591509246774	0.7863147874057834	1.0	endpoint
N_AQ.736	0.0	0.9169478992514447	1.0961437819073616	1.5665699614766493	0.23237175405743102	0.18669992296360868	0.767628245942569	0.8133000770363913	0.8571428571428571	baseline
N_AQ.737	0.0	0.39455083035649574	0.6695589702626716	1.243014440312104	0.3755729840736949	0.32384935069722603	0.6244270159263051	0.676150649302774	0.7142857142857143	baseline
N_AQ.738	0.0	0.08895955579993078	0.3566198477351162	1.6047027237185942	0.43108377646628027	0.5764091170938486	0.5689162235337197	0.5764091170938486	0.5714285714285714	baseline
N_AQ.739	0.0	0.2926894882525405	0.12018108534979702	1.208218165741899	0.5683810992831718	0.49076808795640275	0.5683810992831718	0.5092319120435973	0.5714285714285714	endpoint
N_AQ.74	0.0	0.48600439994415223	0.4723038256468421	1.3124098230768604	0.3403275626069587	0.3754671135087127	0.6596724373930414	0.6245328864912874	0.8571428571428571	baseline
N_AQ.740	0.0	1.001456788898553	1.3721067769090587	1.4873482918996075	0.7552850853678607	0.8836349679224714	0.7552850853678607	0.8836349679224714	0.8571428571428571	endpoint
N_AQ.741	0.0	0.4756270382736372	1.093836298434743	1.6564508449294488	0.6456626633467216	0.7837850966445313	0.6456626633467216	0.7837850966445313	0.5714285714285714	endpoint
N_AQ.742	0.0	0.8547221018015451	0.9525226607245162	1.7262092830036297	0.19490552924362475	0.13297064331998149	0.8050944707563752	0.8670293566800185	1.0	baseline
N_AQ.744	0.0	0.23235350732285534	0.042793432883870615	1.6332827011572104	0.5515903561230151	0.5416817109975743	0.5515903561230151	0.5416817109975743	0.5714285714285714	endpoint
N_AQ.745	0.0	1.0591298012210264	1.016848741745166	1.5991894779043574	0.1726150849209409	0.1323791776919322	0.8273849150790591	0.8676208223080678	1.0	baseline
N_AQ.746	0.0	0.026134827112310775	0.03869404825971832	1.1161434437541762	0.4578536519931498	0.48569783490077384	0.5421463480068502	0.5143021650992261	0.5714285714285714	baseline
N_AQ.747	0.14285714285714285	0.47635087291394207	0.8530290146032333	2.1762247035384408	0.3245926899450504	0.12864279911272672	0.6754073100549496	0.8713572008872733	0.5714285714285714	baseline
N_AQ.748	0.0	0.33696917485381483	0.6489502665516137	1.5472368428752612	0.3559956397404324	0.315621028994065	0.6440043602595675	0.6843789710059349	0.7142857142857143	baseline
N_AQ.749	0.0	0.5429628258030086	0.6275809527095078	1.5124156723425302	0.6487444759252121	0.6795683516772026	0.6487444759252121	0.6795683516772026	0.7142857142857143	endpoint
N_AQ.75	0.0	0.08146685556397519	0.10963917310763317	1.5429264421310527	0.5280175805815773	0.40945886998818654	0.5280175805815773	0.5905411300118135	0.5714285714285714	endpoint
N_AQ.750	0.0	0.41122275958526416	0.33661820557331373	1.6856704380251204	0.6122717831850295	0.5499650196734538	0.6122717831850295	0.5499650196734538	0.7142857142857143	endpoint
N_AQ.751	0.0	0.29754979106230633	0.8596347072182005	1.3263773591016952	0.5409889686563069	0.5827921292824609	0.5409889686563069	0.5827921292824609	0.5714285714285714	endpoint
N_AQ.752	0.14285714285714285	0.7186239012598286	0.5665800694976514	2.4386881562915006	0.6486160534049079	0.627636997715459	0.6486160534049079	0.627636997715459	0.8571428571428571	endpoint
N_AQ.753	0.0	0.7739195837286379	1.1393068288662067	1.366089887780897	0.22158519850181183	0.15662805277443503	0.7784148014981882	0.843371947225565	0.7142857142857143	baseline
N_AQ.754	0.0	0.993473801006585	0.8298971064288486	1.6281044499460315	0.7787597950547749	0.8448997516244973	0.7787597950547749	0.8448997516244973	0.8571428571428571	endpoint
N_AQ.755	0.0	0.0998089846344402	0.12275949115827295	1.3075682406121276	0.5122346741003831	0.4844967242296058	0.5122346741003831	0.5155032757703941	0.5714285714285714	endpoint
N_AQ.756	0.14285714285714285	0.09258131812476636	0.5873487362686329	2.084994227209458	0.5433976338170288	0.640582594224517	0.5433976338170288	0.640582594224517	0.5714285714285714	endpoint
N_AQ.757	0.0	0.1813175780898455	0.3512750390461964	1.485632945938595	0.5645645100674315	0.5373813898885806	0.5645645100674315	0.5373813898885806	0.5714285714285714	endpoint
N_AQ.758	0.0	0.213226005466868	0.14990035879430952	1.8305370671676624	0.4878045741976046	0.44501489158215857	0.5121954258023954	0.5549851084178414	0.5714285714285714	endpoint
N_AQ.759	0.0	0.32055028942066804	0.249412297566402	1.8972275576666078	0.5140663289478803	0.5024057292756638	0.5140663289478803	0.5024057292756638	0.5714285714285714	endpoint
N_AQ.76	0.0	0.08538443687374321	0.14370653379549742	1.377055321848055	0.5260090857499756	0.49138582101891753	0.5260090857499756	0.5086141789810825	0.5714285714285714	endpoint
N_AQ.760	0.0	0.5758761787233525	1.0744566989950834	1.4877771410161875	0.6627214672114329	0.7091290271064582	0.6627214672114329	0.7091290271064582	0.7142857142857143	endpoint
N_AQ.761	0.0	0.36104915083272127	0.2484085823709867	1.5117728978923883	0.3958486270063438	0.3513720871532454	0.6041513729936562	0.6486279128467546	0.7142857142857143	baseline
N_AQ.762	0.0	0.23822942119454407	0.3200995386627822	1.3527208177692231	0.5400360785995159	0.4751642169366443	0.5400360785995159	0.5248357830633557	0.5714285714285714	endpoint
N_AQ.763	0.0	0.2970353767907201	0.7238791186007596	1.4744490494043543	0.43826834821200544	0.3155440151640555	0.5617316517879946	0.6844559848359445	0.5714285714285714	baseline
N_AQ.764	0.0	0.26554070904997157	0.7982825215913069	1.4143541286931551	0.43616160318023145	0.29224057155754757	0.5638383968197686	0.7077594284424524	0.5714285714285714	baseline
N_AQ.765	0.0	0.9479798240637088	1.2835384005188621	1.616583321004988	0.7750888036412605	0.856455513381592	0.7750888036412605	0.856455513381592	0.8571428571428571	endpoint
N_AQ.766	0.0	0.2710933370313226	0.014059202112137889	1.6276108488816756	0.5646170700808106	0.47215380872181817	0.5646170700808106	0.5278461912781818	0.5714285714285714	endpoint
N_AQ.767	0.14285714285714285	1.4376354840453847	1.3729716430342804	2.1908459291750915	0.07609816233184812	0.03346523597372427	0.9239018376681519	0.9665347640262757	1.0	baseline
N_AQ.768	0.0	0.3231424119699799	0.3161036409357237	1.6525469478584998	0.37329818208384147	0.40916208548706623	0.6267018179161585	0.5908379145129338	0.7142857142857143	baseline
N_AQ.769	0.0	0.12046098858802905	0.003020302334881974	1.2573341549497368	0.5099450292126264	0.4811485197379305	0.5099450292126264	0.5188514802620695	0.5714285714285714	endpoint
N_AQ.77	0.0	0.4753986729152729	0.8881642159587196	1.3954798519788867	0.35326667251357474	0.18752407948257147	0.6467333274864253	0.8124759205174286	0.7142857142857143	baseline
N_AQ.770	0.0	0.9141830359359474	1.254765844575023	1.334770789801147	0.199102664612713	0.12035714583284932	0.800897335387287	0.8796428541671507	0.8571428571428571	baseline
N_AQ.771	0.0	0.46578973593209655	0.898541368358133	1.5892477247612784	0.5697379778439025	0.5640173578022801	0.5697379778439025	0.5640173578022801	0.5714285714285714	endpoint
N_AQ.772	0.0	0.781475851036722	0.9049538819044824	1.4326653377220844	0.2837452800780052	0.21076113149638198	0.7162547199219949	0.789238868503618	0.8571428571428571	baseline
N_AQ.773	0.0	0.5934437623765986	0.8707720007358589	1.3039338460412864	0.2822363766889808	0.16475763223874346	0.7177636233110192	0.8352423677612566	0.7142857142857143	baseline
N_AQ.774	0.0	0.8820661310453969	0.8160241572539952	1.671388118631273	0.1946001483968523	0.17574806074799862	0.8053998516031478	0.8242519392520014	1.0	baseline
N_AQ.775	0.0	0.053596478669953825	0.2251805531264535	1.3420132508544536	0.4287399982343087	0.5298377221483301	0.5712600017656912	0.5298377221483301	0.5714285714285714	baseline
N_AQ.776	0.0	0.17343856962068596	0.40492254543451134	1.2201941406277292	0.5397756880750768	0.5646993992894541	0.5397756880750768	0.5646993992894541	0.7142857142857143	endpoint
N_AQ.777	0.0	0.11963573355895714	0.07342153857261567	1.9536861761658273	0.49194508670352277	0.44763120215310703	0.5080549132964772	0.552368797846893	0.5714285714285714	endpoint
N_AQ.778	0.0	0.44821480476413406	0.7510960576636115	1.017426539212485	0.32658315725165965	0.31532700251613577	0.6734168427483403	0.6846729974838642	0.8571428571428571	baseline
N_AQ.779	0.0	0.3969896706778882	1.057423399661561	1.6547135282194065	0.2894792427541249	0.052588948324654675	0.7105207572458752	0.9474110516753453	0.7142857142857143	baseline
N_AQ.78	0.0	0.6337714783678914	0.9377116947553665	1.4755542076435184	0.26981589988680116	0.13756469484042771	0.7301841001131988	0.8624353051595723	0.7142857142857143	baseline
N_AQ.780	0.0	0.19740409157642613	0.1670113530889562	1.428551620255301	0.41641216537332465	0.4006868909050545	0.5835878346266754	0.5993131090949455	0.7142857142857143	baseline
N_AQ.781	0.0	0.4672404358954408	0.8484001215494648	1.2477476775414047	0.36859893991070336	0.20819100619362343	0.6314010600892966	0.7918089938063766	0.7142857142857143	baseline
N_AQ.782	0.0	0.024937875511017893	0.07703022014099518	1.4507543463681336	0.4935023394195058	0.44708498674102304	0.5064976605804943	0.552915013258977	0.7142857142857143	baseline
N_AQ.783	0.0	0.7036800836721688	1.1716934405936117	1.26233509830164	0.23383870260036424	0.17776073248380522	0.7661612973996358	0.8222392675161948	0.7142857142857143	baseline
N_AQ.784	0.0	0.361883858798223	0.5126411058486717	1.0531893503014416	0.5559772841140834	0.5772234820847267	0.5559772841140834	0.5772234820847267	0.7142857142857143	endpoint
N_AQ.785	0.0	0.3035160869621115	0.3407958613520381	1.4450988884174139	0.4026190982346552	0.40060678421780255	0.5973809017653449	0.5993932157821975	0.7142857142857143	baseline
N_AQ.786	0.0	0.6525437697179857	0.32451739022855086	1.8590000749744158	0.29718682275602504	0.4073471001387517	0.702813177243975	0.5926528998612484	0.8571428571428571	baseline
N_AQ.787	0.0	0.6077268119124916	0.7829863308565957	1.897943327480623	0.34516346108843493	0.3065067565181538	0.6548365389115651	0.6934932434818462	0.7142857142857143	baseline
N_AQ.788	0.0	0.34987804590426413	0.3087809787171976	1.5627369650036025	0.36407283017374986	0.33518283380950736	0.6359271698262501	0.6648171661904927	0.7142857142857143	baseline
N_AQ.789	0.0	0.5769615304264305	0.9051551467237126	1.6509336222844773	0.6226404350614005	0.6726078727286584	0.6226404350614005	0.6726078727286584	0.7142857142857143	endpoint
N_AQ.79	0.0	0.25898853085093315	0.18465621316734193	1.3682944483192192	0.5421208079268344	0.46042617463395746	0.5421208079268344	0.5395738253660425	0.7142857142857143	endpoint
N_AQ.790	0.0	0.762036612484341	1.1491261081448068	1.6985624713848093	0.27202262458206977	0.12200825007047446	0.7279773754179302	0.8779917499295256	0.7142857142857143	baseline
N_AQ.791	0.0	0.4274510863045869	0.11219522995506939	1.8590408627112835	0.5856284734714443	0.5122634335562082	0.5856284734714443	0.5122634335562082	0.5714285714285714	endpoint
N_AQ.792	0.0	0.3765063539645849	0.28439351655159983	1.467207712518818	0.3654555231506476	0.34021031405013064	0.6345444768493524	0.6597896859498693	0.7142857142857143	baseline
N_AQ.793	0.0	0.6518260750328156	0.9444203375336969	1.1836644988966447	0.6551797304400573	0.7245476127922271	0.6551797304400573	0.7245476127922271	0.8571428571428571	endpoint
N_AQ.794	0.0	0.09472396937301308	0.2761648474249469	1.3797014633407485	0.528202632996587	0.536924227099656	0.528202632996587	0.536924227099656	0.5714285714285714	endpoint
N_AQ.795	0.0	0.43932898583403357	0.3714245850260785	1.8528019916297067	0.5278510962577214	0.5822704793241652	0.5278510962577214	0.5822704793241652	0.5714285714285714	endpoint
N_AQ.796	0.0	0.09638765961922584	0.1629928076106878	1.655673392263898	0.4998133616356998	0.40130131059228724	0.5001866383643002	0.5986986894077128	0.5714285714285714	endpoint
N_AQ.797	0.0	0.15781747432738144	0.3377107034446793	1.6810314817297973	0.5301112507084794	0.5588819614705356	0.5301112507084794	0.5588819614705356	0.5714285714285714	endpoint
N_AQ.798	0.0	0.15937794174593484	0.47625260218946447	1.4956566050828755	0.4557340373004024	0.3534051287402847	0.5442659626995976	0.6465948712597154	0.7142857142857143	baseline
N_AQ.799	0.0	0.4028219992574168	0.10822085643428463	1.3032086099921922	0.33822349037361954	0.4250252550079485	0.6617765096263805	0.5749747449920515	0.8571428571428571	baseline
N_AQ.8	0.0	0.8744337045240308	1.1091695780022446	1.6078476233549055	0.19613062866306422	0.04775153936299766	0.8038693713369358	0.9522484606370023	1.0	baseline
N_AQ.80	0.0	0.4042158058542528	0.4548886048145462	1.4590453484491683	0.6051437425989008	0.614352360093784	0.6051437425989008	0.614352360093784	0.5714285714285714	endpoint
N_AQ.800	0.0	0.9886751451788409	1.1377898615212958	1.5074194115400426	0.19494855086119736	0.1521755039274999	0.8050514491388027	0.8478244960725001	0.8571428571428571	baseline
N_AQ.801	0.0	1.080399804172172	1.135961928680124	1.6653605990055498	0.13877383415920286	0.1047577678443483	0.8612261658407971	0.8952422321556517	1.0	baseline
N_AQ.802	0.0	0.5062699086664216	0.9257393144654634	1.487226645172199	0.34549615788416677	0.2541295772831059	0.6545038421158332	0.7458704227168941	0.5714285714285714	baseline
N_AQ.803	0.0	0.23664331396278554	0.507908611236761	1.3887256004593382	0.49995666484161483	0.6385529092404885	0.5000433351583852	0.6385529092404885	0.5714285714285714	endpoint
N_AQ.804	0.0	0.10242235585547387	0.11630353850416529	1.0767099823238266	0.5074464623540876	0.42173094353914303	0.5074464623540876	0.578269056460857	0.7142857142857143	endpoint
N_AQ.805	0.0	0.06274807287790606	0.3371278430293265	1.6458525146779226	0.3967694573434749	0.5329932259088154	0.6032305426565251	0.5329932259088154	0.5714285714285714	baseline
N_AQ.806	0.0	0.10022998644039872	0.4393568434522764	1.196393560823278	0.47540111568651017	0.6351335824204826	0.5245988843134899	0.6351335824204826	0.5714285714285714	endpoint
N_AQ.807	0.0	0.6484927650010264	1.2887262347898414	1.5712448590803125	0.3352586679777776	0.22234900894054216	0.6647413320222224	0.7776509910594578	0.7142857142857143	baseline
N_AQ.808	0.0	0.3370703339750765	0.3817084259340303	1.1339930531668239	0.35910849934051975	0.318586511120313	0.6408915006594802	0.681413488879687	0.7142857142857143	baseline
N_AQ.809	0.14285714285714285	0.6838687717968409	0.9919328690510653	2.3395717271711676	0.6445574956992066	0.7686626236893204	0.6445574956992066	0.7686626236893204	0.7142857142857143	endpoint
N_AQ.81	0.14285714285714285	0.6439482331896331	1.0425278839303709	2.08880780814983	0.6190698245639368	0.720874787093811	0.6190698245639368	0.720874787093811	0.7142857142857143	endpoint
N_AQ.810	0.0	0.40280313451722344	0.8758976000667005	1.3030789776047875	0.3512624074599781	0.26427875771436427	0.6487375925400218	0.7357212422856357	0.5714285714285714	baseline
N_AQ.811	0.0	0.24169701902257218	0.37222260676568497	1.109350492391551	0.37291480314214287	0.32170622245658104	0.6270851968578571	0.678293777543419	0.7142857142857143	baseline
N_AQ.812	0.0	0.9772068478028846	1.0935783992870085	1.677362603425073	0.20931230499962164	0.17451259653097576	0.7906876950003784	0.8254874034690243	0.8571428571428571	baseline
N_AQ.813	0.0	0.08535240230533656	0.2483293488929558	1.5482299091603788	0.49167947473902424	0.3959852564624655	0.5083205252609757	0.6040147435375345	0.5714285714285714	endpoint
N_AQ.814	0.0	0.6910496092117633	1.042779439417978	1.3574856992317146	0.29875781470431756	0.1958112798539578	0.7012421852956825	0.8041887201460423	0.8571428571428571	baseline
N_AQ.815	0.0	0.40374231574655034	0.9548591112912004	1.3321884185855772	0.5562085008905321	0.7285495277769368	0.5562085008905321	0.7285495277769368	0.7142857142857143	endpoint
N_AQ.816	0.14285714285714285	0.6235528430165201	0.9015248471270665	2.335347625525879	0.61534146984723	0.738724863893098	0.61534146984723	0.738724863893098	0.7142857142857143	endpoint
N_AQ.817	0.0	0.8494708373324161	1.0886706780271012	1.5433076467401081	0.23848629809480668	0.22588081981445296	0.7615137019051933	0.774119180185547	0.8571428571428571	baseline
N_AQ.818	0.0	0.7099952383619248	1.1885667098526604	1.3221787469256878	0.2878014911785593	0.19213498934664855	0.7121985088214406	0.8078650106533515	0.8571428571428571	baseline
N_AQ.819	0.0	0.2341152762225098	0.3322012574794037	0.8813815795334595	0.5200817123048126	0.5609820178962394	0.5200817123048126	0.5609820178962394	0.7142857142857143	endpoint
N_AQ.82	0.0	0.04949735740303264	0.13338291042257516	1.4375621456305232	0.46787583629469953	0.40582854659538786	0.5321241637053005	0.5941714534046121	0.5714285714285714	baseline
N_AQ.820	0.0	1.4169412500789573	1.3821780587174641	1.7321238235721836	0.07859656761933688	0.0802117706977865	0.9214034323806631	0.9197882293022135	1.0	baseline
N_AQ.821	0.0	0.43434461600993607	0.4386967267377723	1.4633801266716282	0.5797211170012735	0.6339922575882738	0.5797211170012735	0.6339922575882738	0.7142857142857143	endpoint
N_AQ.822	0.0	0.5081190976569279	1.0064935717598074	1.539830871562466	0.3607136021367844	0.1990685233887032	0.6392863978632156	0.8009314766112968	0.7142857142857143	baseline
N_AQ.823	0.0	0.5005689460271305	0.6890295496992124	1.8820568520836478	0.36967071530224704	0.3208723762191881	0.630329284697753	0.6791276237808119	0.7142857142857143	baseline
N_AQ.824	0.0	0.07086393557066632	0.059450370403994035	1.7475845357039428	0.5323304022300074	0.5692727466710263	0.5323304022300074	0.5692727466710263	0.5714285714285714	endpoint
N_AQ.825	0.0	0.15786450885591632	0.6081060380077336	1.7627018913580612	0.4013817124769657	0.24412850339787068	0.5986182875230344	0.7558714966021294	0.7142857142857143	baseline
N_AQ.826	0.0	0.25058521856940186	0.38293561271479737	1.3305790247832794	0.37454366312118303	0.39474532010027275	0.625456336878817	0.6052546798997273	0.7142857142857143	baseline
N_AQ.827	0.0	0.48686397803924936	0.8596971815062411	1.4600451310644795	0.312230944227975	0.29477797128518873	0.6877690557720251	0.7052220287148112	0.7142857142857143	baseline
N_AQ.828	0.0	0.33829026551775965	0.7138042475608682	1.5168972160875176	0.38452935671926763	0.20701609661703815	0.6154706432807324	0.7929839033829619	0.7142857142857143	baseline
N_AQ.829	0.0	0.2009933173925516	0.31842799495357876	1.4461413445132887	0.41848475372602273	0.32756443860875967	0.5815152462739772	0.6724355613912403	0.7142857142857143	baseline
N_AQ.83	0.0	0.06788149331155328	0.5020111693796442	1.9375940563727276	0.43920588944792754	0.41349036919330145	0.5607941105520724	0.5865096308066986	0.5714285714285714	baseline
N_AQ.830	0.0	0.006934241584105635	0.05379808836683075	1.4055568319244514	0.5081569158375296	0.49649279923601003	0.5081569158375296	0.50350720076399	0.5714285714285714	endpoint
N_AQ.831	0.0	0.538326146026807	0.7947604728243995	1.283980116858996	0.2775236160033179	0.31044196860940537	0.7224763839966821	0.6895580313905947	0.8571428571428571	baseline
N_AQ.832	0.0	0.5941965713847519	1.0028860033492424	1.42433080252164	0.2741129093940508	0.26101173278710715	0.7258870906059491	0.7389882672128929	0.7142857142857143	baseline
N_AQ.833	0.0	0.07891823259139294	0.6248043597284506	1.45104473752521	0.44850667443581	0.2723102257679649	0.5514933255641901	0.7276897742320352	0.5714285714285714	baseline
N_AQ.834	0.0	0.4971026927141088	0.6294161955707602	1.2335753932872384	0.31283169786274406	0.3054521478920278	0.6871683021372559	0.6945478521079722	0.8571428571428571	baseline
N_AQ.835	0.0	0.499077684545159	0.49070500766138775	1.673276106666578	0.31251301650214885	0.2827395414917934	0.6874869834978512	0.7172604585082065	0.7142857142857143	baseline
N_AQ.836	0.14285714285714285	0.5470528685450591	0.6616718579679282	2.0431062916555836	0.5756532301891799	0.633659983795236	0.5756532301891799	0.633659983795236	0.7142857142857143	endpoint
N_AQ.837	0.0	0.6317088423962895	0.5773428510315073	1.6357502060952795	0.6587654410949818	0.6321001810272745	0.6587654410949818	0.6321001810272745	0.8571428571428571	endpoint
N_AQ.838	0.0	0.6243182910043136	0.49714593319277506	1.47191343328908	0.281036158503655	0.3123212773277597	0.7189638414963451	0.6876787226722403	1.0	baseline
N_AQ.839	0.0	1.4517645166610158	1.637778489584571	1.9554233542276198	0.8640785141267161	0.8519306520400465	0.8640785141267161	0.8519306520400465	1.0	endpoint
N_AQ.84	0.0	0.023400004893694926	0.2710844854308181	1.4948508464351156	0.4631489053564005	0.39631778693571956	0.5368510946435995	0.6036822130642805	0.5714285714285714	baseline
N_AQ.840	0.0	0.3052508766797203	1.2999475469928312	1.6629144725702552	0.4520681325620216	0.22746543411740466	0.5479318674379784	0.7725345658825953	0.5714285714285714	baseline
N_AQ.841	0.0	0.6161040527636669	0.7770046724964678	1.3470227499710365	0.30153782285572783	0.19270437418214467	0.6984621771442722	0.8072956258178553	0.8571428571428571	baseline
N_AQ.842	0.0	0.7845258054578411	1.2152929362410565	1.6073407287835881	0.6899983152070857	0.8149930995760285	0.6899983152070857	0.8149930995760285	0.7142857142857143	endpoint
N_AQ.843	0.14285714285714285	0.33912911421282504	0.06928401664000823	2.357492673717238	0.5251968214416853	0.44991367927904025	0.5251968214416853	0.5500863207209598	0.5714285714285714	endpoint
N_AQ.844	0.0	0.5237153051040574	0.4965391852113404	1.5774275640057325	0.33342896464193317	0.2808207878746967	0.6665710353580668	0.7191792121253033	0.8571428571428571	baseline
N_AQ.845	0.0	0.21064697539227956	0.33341729277248894	1.1289769221887573	0.4039293717341085	0.4551358666850149	0.5960706282658915	0.5448641333149851	0.8571428571428571	baseline
N_AQ.846	0.0	0.627638949916312	1.0545843307691662	1.33901904071918	0.24878754787986798	0.11886175213854798	0.751212452120132	0.881138247861452	0.8571428571428571	baseline
N_AQ.847	0.0	0.37143849367682735	0.47309377008710657	1.615156995071346	0.5532273250401942	0.579405063745917	0.5532273250401942	0.579405063745917	0.5714285714285714	endpoint
N_AQ.848	0.0	0.6020068895208792	0.676332669290347	1.2089338160725254	0.2977306985131042	0.29931490881577677	0.7022693014868958	0.7006850911842233	0.8571428571428571	baseline
N_AQ.849	0.0	0.0815112095591596	0.09230368899176623	1.469953945152638	0.47937687979243737	0.45705389963928184	0.5206231202075626	0.5429461003607181	0.5714285714285714	baseline
N_AQ.85	0.0	0.5324548775109321	0.7419346755505328	1.1948034209637937	0.6306132917708235	0.6591404951510038	0.6306132917708235	0.6591404951510038	0.7142857142857143	endpoint
N_AQ.850	0.0	0.6878546201009584	1.1346243045644868	1.3983559796538305	0.6863626963497474	0.7221081781069203	0.6863626963497474	0.7221081781069203	0.7142857142857143	endpoint
N_AQ.851	0.0	0.030629453585098738	0.21089397371451668	1.9001845618975168	0.49868232113524896	0.5134825334114178	0.5013176788647511	0.5134825334114178	0.5714285714285714	endpoint
N_AQ.852	0.0	0.07642927179895295	0.01648705405869155	1.3128162158947787	0.5078579284924274	0.4335371669889667	0.5078579284924274	0.5664628330110333	0.5714285714285714	endpoint
N_AQ.853	0.0	0.894949540685692	1.159863367559869	1.4576665345352575	0.7236291052061244	0.7883880505250348	0.7236291052061244	0.7883880505250348	0.8571428571428571	endpoint
N_AQ.854	0.0	0.22019345986004005	0.026505974937747943	1.3643021046829347	0.4322856086194258	0.42216960671977843	0.5677143913805742	0.5778303932802216	0.7142857142857143	baseline
N_AQ.855	0.0	0.020545673556091684	0.38588986990915564	1.5936153831084476	0.42438849016306407	0.5640397769982004	0.5756115098369359	0.5640397769982004	0.5714285714285714	baseline
N_AQ.856	0.0	1.084685515513287	1.242278988638375	1.6805805901048934	0.7684284533970658	0.7385852850410289	0.7684284533970658	0.7385852850410289	1.0	endpoint
N_AQ.857	0.0	0.14754645417059775	0.1231493661345693	1.556821491623646	0.5077102073264022	0.5046354346153092	0.5077102073264022	0.5046354346153092	0.5714285714285714	endpoint
N_AQ.858	0.0	1.0984222788815556	1.0803348487659907	1.8701750112214623	0.7645078548140799	0.7342123705794651	0.7645078548140799	0.7342123705794651	1.0	endpoint
N_AQ.859	0.0	0.4106977171475498	0.9194220084470436	1.4281076183208508	0.33963770727985165	0.266560833081204	0.6603622927201483	0.7334391669187961	0.7142857142857143	baseline
N_AQ.86	0.0	0.11759026743619169	0.08012827737651902	1.1240095653304125	0.4802365188464021	0.5619940778036095	0.5197634811535978	0.5619940778036095	0.5714285714285714	endpoint
N_AQ.860	0.0	0.04557273744017121	0.20722251176159745	1.1440890340823977	0.4461031745360663	0.43264955192815124	0.5538968254639337	0.5673504480718488	0.5714285714285714	baseline
N_AQ.861	0.0	0.6505257273407977	0.8927646299011521	1.8095578253406959	0.6358455119738983	0.6346599416889007	0.6358455119738983	0.6346599416889007	0.7142857142857143	endpoint
N_AQ.862	0.0	0.5572102710023815	0.620865610918921	1.6897593708949896	0.615942191451548	0.6112819020814564	0.615942191451548	0.6112819020814564	0.7142857142857143	endpoint
N_AQ.863	0.0	0.5469014068928055	0.5467764968132018	1.772989700583943	0.6226357846836204	0.6767527064449859	0.6226357846836204	0.6767527064449859	0.7142857142857143	endpoint
N_AQ.864	0.0	0.0887005951360282	0.06310861819909264	1.1540126815527232	0.45793784971506224	0.5586934102733289	0.5420621502849378	0.5586934102733289	0.5714285714285714	endpoint
N_AQ.865	0.0	0.26166097899314683	0.15117564116370485	1.7197417978553242	0.5125402865687756	0.47531474649764915	0.5125402865687756	0.5246852535023508	0.5714285714285714	endpoint
N_AQ.866	0.0	0.835460621768634	1.4076414918879876	1.6628441976185748	0.721834543326221	0.8750851348509601	0.721834543326221	0.8750851348509601	0.7142857142857143	endpoint
N_AQ.867	0.0	0.9536970763603642	1.13106725433831	1.7481898060172052	0.20380675173454454	0.1275229181202761	0.7961932482654555	0.8724770818797238	0.8571428571428571	baseline
N_AQ.868	0.0	1.2586354747364303	1.2829353651606334	1.66748304561116	0.11214154251137165	0.13374987538499014	0.8878584574886283	0.8662501246150098	1.0	baseline
N_AQ.869	0.0	0.6544154069306912	0.5631170636590397	1.5267738284523824	0.6783573497054733	0.6555817485341464	0.6783573497054733	0.6555817485341464	0.7142857142857143	endpoint
N_AQ.87	0.0	0.42563264918599275	0.4305228195076187	1.2886039790772055	0.5909049626466903	0.5857144184845261	0.5909049626466903	0.5857144184845261	0.7142857142857143	endpoint
N_AQ.870	0.0	0.3241001564441332	0.43747336658877134	1.0567010695769925	0.3619086757231674	0.31524122974077695	0.6380913242768327	0.684758770259223	0.7142857142857143	baseline
N_AQ.871	0.0	0.1205706266271341	0.9874493426481389	1.6825819540481581	0.4490307372233658	0.26434167667113645	0.5509692627766343	0.7356583233288636	0.7142857142857143	baseline
N_AQ.872	0.0	0.34720369119181616	0.43948489661307816	1.2988553154937992	0.5726718757602954	0.5647422407012535	0.5726718757602954	0.5647422407012535	0.7142857142857143	endpoint
N_AQ.873	0.14285714285714285	0.35955588176892866	1.075283817977141	2.057425102425729	0.3283079684144575	0.21103338571570482	0.6716920315855426	0.7889666142842952	0.7142857142857143	baseline
N_AQ.874	0.0	0.4142880516163307	0.6018668970543759	1.4824247788635216	0.3495916000218014	0.3019441680791287	0.6504083999781987	0.6980558319208713	0.7142857142857143	baseline
N_AQ.875	0.0	0.03425230355080637	0.05429578095368555	1.3139819830936135	0.46489095796785557	0.461685986176573	0.5351090420321445	0.538314013823427	0.5714285714285714	baseline
N_AQ.876	0.0	0.6353346526981856	1.0061275694385479	1.367920880421618	0.6630540873325156	0.7018118282313555	0.6630540873325156	0.7018118282313555	0.7142857142857143	endpoint
N_AQ.877	0.0	0.2842431319455189	0.542329387097334	1.6649753601814974	0.5384002313468008	0.5591145598086131	0.5384002313468008	0.5591145598086131	0.5714285714285714	endpoint
N_AQ.878	0.0	0.6296079695397048	0.7671116572552449	1.4659207681582427	0.3087100751120368	0.2747992872593886	0.6912899248879631	0.7252007127406114	0.8571428571428571	baseline
N_AQ.879	0.0	0.47345346884272643	0.8881080588702898	1.767800042984792	0.3521758886042821	0.2904340606641875	0.6478241113957179	0.7095659393358125	0.8571428571428571	baseline
N_AQ.88	0.0	0.16064416423368394	0.2537303632734088	1.5843816404324764	0.49308036255237947	0.5112807094296598	0.5069196374476206	0.5112807094296598	0.5714285714285714	endpoint
N_AQ.880	0.14285714285714285	1.1298858034656056	1.2162976349785357	2.554431504048144	0.7461975986000555	0.8167847248468219	0.7461975986000555	0.8167847248468219	0.8571428571428571	endpoint
N_AQ.881	0.0	0.4206586812180431	0.5260769795588356	1.4544190324076118	0.3402411594222257	0.2711063509622008	0.6597588405777743	0.7288936490377992	0.7142857142857143	baseline
N_AQ.882	0.0	0.9926439910577687	1.0292660886768248	1.2401442257985014	0.19288257153187796	0.2098311969135622	0.8071174284681221	0.7901688030864378	1.0	baseline
N_AQ.883	0.0	0.24311336161619584	0.3508054294110741	1.4768762206232078	0.3469771196319357	0.32874993790152746	0.6530228803680642	0.6712500620984725	0.5714285714285714	baseline
N_AQ.884	0.0	0.1885075557457348	0.14928432866560418	1.3358066702002798	0.5303418043388195	0.43091531256778026	0.5303418043388195	0.5690846874322197	0.5714285714285714	endpoint
N_AQ.885	0.0	0.1618769878626634	0.09563338257374693	1.0428522044957198	0.41214360828103597	0.4126713276191003	0.5878563917189641	0.5873286723808997	0.7142857142857143	baseline
N_AQ.886	0.0	0.10593732640251154	0.023652257487421845	1.1640404097610786	0.4930680896507523	0.5653950487799599	0.5069319103492478	0.5653950487799599	0.5714285714285714	endpoint
N_AQ.887	0.0	1.1138913368280374	1.4413094070867996	1.7889478103357213	0.7761319734343805	0.950407393818486	0.7761319734343805	0.950407393818486	0.8571428571428571	endpoint
N_AQ.888	0.0	0.24113275682501414	0.3990600567367319	1.4891860946511064	0.4848298745324418	0.5522033018174187	0.5151701254675582	0.5522033018174187	0.7142857142857143	endpoint
N_AQ.889	0.0	0.24198506712604542	0.10295400410420555	1.8218709908223132	0.5547203529956503	0.4396970233940809	0.5547203529956503	0.5603029766059191	0.5714285714285714	endpoint
N_AQ.89	0.0	0.20957617427092373	0.189685229396006	1.3291771271713264	0.4504023023626175	0.43643263476494776	0.5495976976373824	0.5635673652350522	0.5714285714285714	baseline
N_AQ.890	0.0	0.08631070498839512	0.4082532128924362	1.0610774766026208	0.4681539643239021	0.34017832416999033	0.5318460356760979	0.6598216758300097	0.5714285714285714	baseline
N_AQ.891	0.14285714285714285	0.22111719479236555	0.8412519723354238	2.3371921238951656	0.35054743693638607	0.1674844809886232	0.6494525630636139	0.8325155190113768	0.7142857142857143	baseline
N_AQ.892	0.0	0.6215661585940343	0.9002177090162782	1.7083500189276102	0.3279906868523	0.22841228309083347	0.6720093131477001	0.7715877169091665	0.8571428571428571	baseline
N_AQ.893	0.0	0.43931445516506173	0.8667617572914237	1.6714674400211234	0.3318757229262403	0.2798627501599421	0.6681242770737597	0.7201372498400579	0.7142857142857143	baseline
N_AQ.894	0.0	0.1621488216880914	0.32941255809865166	1.490841531444644	0.4102084264641034	0.39646927667336346	0.5897915735358966	0.6035307233266365	0.7142857142857143	baseline
N_AQ.895	0.0	0.6083878851427712	0.9868446013485833	1.3517927985909657	0.330641945976019	0.2637690924319049	0.669358054023981	0.7362309075680951	0.7142857142857143	baseline
N_AQ.896	0.0	0.7635725463001105	1.1286629294255548	1.6862993329173035	0.7376601862693029	0.7785108359498772	0.7376601862693029	0.7785108359498772	0.7142857142857143	endpoint
N_AQ.897	0.0	0.5721493199085134	0.724184177915294	1.5621112623909317	0.3101815205182806	0.3064150535399976	0.6898184794817195	0.6935849464600023	0.8571428571428571	baseline
N_AQ.898	0.0	0.3081649834131402	0.1705117569004061	1.3933629960365075	0.5803736819331577	0.468945800801727	0.5803736819331577	0.531054199198273	0.5714285714285714	endpoint
N_AQ.899	0.14285714285714285	0.9598712139620258	1.0416810535977783	2.22571337285368	0.22643803681029187	0.12387421912886587	0.7735619631897082	0.8761257808711341	0.8571428571428571	baseline
N_AQ.9	0.0	0.43795797402386266	0.7823137335503608	1.3187379932227719	0.3323357609841548	0.29022472209759614	0.6676642390158452	0.7097752779024038	0.7142857142857143	baseline
N_AQ.90	0.0	0.19874399655519323	0.10859170773733211	1.6286329269791955	0.5002890253908225	0.44282550731465214	0.5002890253908225	0.5571744926853479	0.5714285714285714	endpoint
N_AQ.900	0.0	0.24582348520092273	0.29060822778439854	1.6179736872405537	0.42491666402697165	0.3379159970463359	0.5750833359730283	0.6620840029536641	0.7142857142857143	baseline
N_AQ.901	0.0	0.17768867624511422	0.7281705798503002	1.2073934711490193	0.4271974932260395	0.2533705841277417	0.5728025067739605	0.7466294158722583	0.5714285714285714	baseline
N_AQ.902	0.0	0.28495246155697257	0.051100371276329645	1.3773866281209624	0.5507924454768915	0.41257296284656625	0.5507924454768915	0.5874270371534338	0.5714285714285714	endpoint
N_AQ.903	0.0	0.08785644495578622	0.10468370407215338	0.9461518215727593	0.43227262844404457	0.44222798903281396	0.5677273715559554	0.557772010967186	0.5714285714285714	baseline
N_AQ.904	0.0	0.5526573413955427	1.023691215287311	1.5451783120371942	0.28544166509251107	0.2565237033103595	0.7145583349074889	0.7434762966896404	0.7142857142857143	baseline
N_AQ.905	0.0	0.433832242032247	0.6557755598651664	1.20602465842915	0.36118505810160917	0.27711834262850676	0.6388149418983908	0.7228816573714932	0.7142857142857143	baseline
N_AQ.906	0.0	0.2811920238590717	0.5113024465987773	1.3715341253981084	0.41860778434771595	0.3250402038949146	0.581392215652284	0.6749597961050854	0.7142857142857143	baseline
N_AQ.907	0.0	0.1421826112030847	0.2139833004652155	1.0911962854791208	0.533964358335508	0.525671295644534	0.533964358335508	0.525671295644534	0.5714285714285714	endpoint
N_AQ.908	0.0	0.13493369293343035	0.42854765837656805	1.4779556693023872	0.4245280747422872	0.34694619003505156	0.5754719252577127	0.6530538099649484	0.7142857142857143	baseline
N_AQ.909	0.0	0.6988111560171985	1.284815275919807	1.861803877493387	0.6542436722944196	0.8789728795052297	0.6542436722944196	0.8789728795052297	0.5714285714285714	endpoint
N_AQ.91	0.0	0.9767461914320972	1.1003545324307769	1.632806004894158	0.16986196577189486	0.1418038960882225	0.8301380342281052	0.8581961039117775	1.0	baseline
N_AQ.910	0.0	0.8472184282909473	0.9895456009705911	1.662300057055431	0.7322102250971627	0.8090173155881712	0.7322102250971627	0.8090173155881712	0.8571428571428571	endpoint
N_AQ.911	0.0	0.5634531627312336	0.7119334827461944	1.6207575854609153	0.32036939274417353	0.2156389533329534	0.6796306072558265	0.7843610466670465	0.7142857142857143	baseline
N_AQ.912	0.0	0.3785002326016079	0.47107914551141333	1.1349271772726148	0.5911260347136906	0.5774844765070973	0.5911260347136906	0.5774844765070973	0.7142857142857143	endpoint
N_AQ.913	0.0	0.3260396577863345	0.3954162027694834	1.1118276720173708	0.5821144541549808	0.5741684983829222	0.5821144541549808	0.5741684983829222	0.5714285714285714	endpoint
N_AQ.914	0.0	0.6243184444381473	0.8298685610814449	1.6125537141694672	0.6541020159369147	0.8249050993078313	0.6541020159369147	0.8249050993078313	0.7142857142857143	endpoint
N_AQ.915	0.0	0.9835760686752505	1.2032691657606538	1.9825938612907845	0.18838011400899252	0.055194327777344385	0.8116198859910075	0.9448056722226557	0.8571428571428571	baseline
N_AQ.916	0.14285714285714285	0.4844028000561451	0.8854437533535668	2.24481707454914	0.3555943689518826	0.24284271943509916	0.6444056310481174	0.7571572805649008	0.7142857142857143	baseline
N_AQ.917	0.0	0.8660745931760967	1.0674287718087871	1.3061435267016166	0.7253620892248661	0.7591077206769119	0.7253620892248661	0.7591077206769119	1.0	endpoint
N_AQ.918	0.0	0.006979310936268991	0.12129611818155973	1.7139380117109226	0.4104029660073052	0.4009159562510536	0.5895970339926948	0.5990840437489464	0.5714285714285714	endpoint
N_AQ.919	0.0	0.6727130562648067	0.9493332720762907	1.5149523712165536	0.2824788184094875	0.20416569146457536	0.7175211815905125	0.7958343085354247	0.7142857142857143	baseline
N_AQ.92	0.0	0.22222676990555654	0.2202696419895945	1.0667262951900975	0.40472942913463145	0.3716807558499053	0.5952705708653685	0.6283192441500947	0.7142857142857143	baseline
N_AQ.920	0.0	0.21883643573156797	0.6219029350817076	1.517436559112383	0.516226098594309	0.5213087608857649	0.516226098594309	0.5213087608857649	0.5714285714285714	endpoint
N_AQ.921	0.0	0.41343781967091353	0.5398534733608651	1.6695616671681794	0.36456681291713505	0.34368080744438617	0.6354331870828649	0.6563191925556138	0.7142857142857143	baseline
N_AQ.922	0.0	0.41188774564038777	0.08532915243915994	1.8308996446323553	0.5758934265370107	0.6202354580788165	0.5758934265370107	0.6202354580788165	0.5714285714285714	endpoint
N_AQ.923	0.0	0.11648090856080875	0.1345534009262524	1.5815573006064887	0.45087177088725683	0.4483254850764846	0.5491282291127432	0.5516745149235154	0.5714285714285714	baseline
N_AQ.924	0.0	0.346893377819831	0.3252873555075336	1.2156305614988911	0.3607860321898981	0.32752590147206456	0.6392139678101019	0.6724740985279354	0.7142857142857143	baseline
N_AQ.925	0.0	0.3271449653453062	1.0857391069051967	1.536736087204285	0.622549251749633	0.7751770635812206	0.622549251749633	0.7751770635812206	0.5714285714285714	endpoint
N_AQ.926	0.0	0.6758394304787778	0.7420692641706673	1.478900250185324	0.6726845120227818	0.6569875720595157	0.6726845120227818	0.6569875720595157	0.7142857142857143	endpoint
N_AQ.927	0.0	0.09389571882387027	0.3074851222882483	1.412383039844871	0.45492092480993385	0.4732355226353409	0.5450790751900662	0.5267644773646591	0.5714285714285714	endpoint
N_AQ.928	0.0	0.28777955014792467	0.08427451190166094	1.668174431289309	0.57013048126413	0.47740748033229313	0.57013048126413	0.5225925196677068	0.5714285714285714	endpoint
N_AQ.929	0.0	0.3704186260967473	0.957698779731578	1.295456089198978	0.5941728729818291	0.7590928890342197	0.5941728729818291	0.7590928890342197	0.5714285714285714	endpoint
N_AQ.93	0.0	0.17736980998607646	0.5307946857709192	1.646324727261851	0.3753194107584181	0.3342752880830159	0.6246805892415819	0.6657247119169841	0.7142857142857143	baseline
N_AQ.930	0.0	0.43127332594612083	0.7058095162630826	1.1900083020049947	0.35734367544591067	0.31830678579257643	0.6426563245540893	0.6816932142074236	0.7142857142857143	baseline
N_AQ.931	0.0	0.31322842268935425	0.6110760693118686	1.6101806687875884	0.5274767484538533	0.5423755470707478	0.5274767484538533	0.5423755470707478	0.7142857142857143	endpoint
N_AQ.932	0.0	0.6007088766360731	0.8484401106025106	1.470489837667197	0.3171433342798933	0.24830777933054032	0.6828566657201067	0.7516922206694596	0.8571428571428571	baseline
N_AQ.933	0.0	0.283995655765578	0.40578374351811747	1.1769420659314043	0.4053749156268235	0.31697243641007367	0.5946250843731765	0.6830275635899263	0.8571428571428571	baseline
N_AQ.934	0.0	0.477649502847286	1.01232683314893	1.7782412879416614	0.611075860899796	0.7107457735193644	0.611075860899796	0.7107457735193644	0.5714285714285714	endpoint
N_AQ.935	0.0	0.33874087806826375	0.5227249769732719	1.5875698510756375	0.3839044303249136	0.25154683087190693	0.6160955696750864	0.7484531691280931	0.5714285714285714	baseline
N_AQ.936	0.0	0.2621199646832343	0.7560744925565454	1.6040899074954083	0.4238411432992893	0.3094145700275272	0.5761588567007108	0.6905854299724727	0.7142857142857143	baseline
N_AQ.937	0.0	0.5696259701420533	0.37079339374480885	1.4552846558012302	0.29562064210931205	0.3695294240154744	0.704379357890688	0.6304705759845256	0.8571428571428571	baseline
N_AQ.938	0.0	0.4339894097998269	0.6547757714808146	1.2327376264123204	0.5900111206871953	0.591952765640586	0.5900111206871953	0.591952765640586	0.8571428571428571	endpoint
N_AQ.939	0.0	0.29288593927379525	0.500262243222947	1.3478843599319135	0.36895759779969606	0.3497341497220954	0.6310424022003039	0.6502658502779046	0.7142857142857143	baseline
N_AQ.94	0.0	0.10136988451274867	0.17437502294544743	1.413511122867482	0.490451726984461	0.45288351565968143	0.509548273015539	0.5471164843403186	0.5714285714285714	endpoint
N_AQ.940	0.0	0.04076832847175863	0.6752664304394931	1.5966467020588822	0.46957153441458205	0.2967095285248808	0.5304284655854179	0.7032904714751191	0.5714285714285714	baseline
N_AQ.941	0.0	0.1283065073024272	0.6647419293250637	1.592358694649129	0.4352011550329887	0.3245858571775627	0.5647988449670114	0.6754141428224373	0.5714285714285714	baseline
N_AQ.942	0.0	0.11818638689416346	0.6128207212851341	1.6854065100980191	0.4551315825887669	0.2658100874900718	0.544868417411233	0.7341899125099283	0.5714285714285714	baseline
N_AQ.943	0.0	0.8366795118587628	1.198682885688481	1.6174691827114607	0.1956530973262061	0.03254256478469101	0.8043469026737939	0.967457435215309	0.8571428571428571	baseline
N_AQ.944	0.0	0.04735672672674842	0.005292502425349105	1.5582402383592442	0.49416007766904935	0.43350853984882953	0.5058399223309507	0.5664914601511705	0.7142857142857143	endpoint
N_AQ.945	0.0	0.4046066097829491	0.5273788920295905	1.0605988130373456	0.35524962691069234	0.28803256073624023	0.6447503730893076	0.7119674392637598	0.7142857142857143	baseline
N_AQ.946	0.0	0.498530926409717	0.9182434586196493	1.5524139092625022	0.34100600469147	0.2510687241958699	0.65899399530853	0.7489312758041301	0.7142857142857143	baseline
N_AQ.947	0.14285714285714285	0.29408894886490405	0.08377893802960905	2.4396470187857955	0.5146025707065803	0.4592783793235845	0.5146025707065803	0.5407216206764155	0.5714285714285714	endpoint
N_AQ.948	0.0	0.3447301353828455	0.9203673948389882	1.4907953099526932	0.3807154057219693	0.2833750424426305	0.6192845942780307	0.7166249575573695	0.7142857142857143	baseline
N_AQ.949	0.0	0.7037951510886852	0.9647961396729683	1.6965512506740432	0.2783672704444907	0.12916366714153726	0.7216327295555093	0.8708363328584627	0.8571428571428571	baseline
N_AQ.950	0.0	0.9399197473306236	0.8793072551897558	1.3276445810326747	0.19402807448653278	0.2568242290416282	0.8059719255134672	0.7431757709583717	1.0	baseline
N_AQ.952	0.0	0.2542039872124579	0.4277782236394124	1.2079521246148524	0.37002109072889683	0.36081666922641065	0.6299789092711032	0.6391833307735894	0.7142857142857143	baseline
N_AQ.953	0.0	0.700627229528379	1.065515258150195	1.387178000931651	0.2606738624151677	0.10734520826809085	0.7393261375848323	0.8926547917319092	0.8571428571428571	baseline
N_AQ.954	0.0	0.017418529277278764	0.14918067166333565	1.5968432876932193	0.515782113740324	0.39054029123858364	0.515782113740324	0.6094597087614164	0.5714285714285714	baseline
N_AQ.955	0.0	0.5212783454004056	0.5383307375624631	1.3963117680498685	0.6250691089758916	0.7488767588509737	0.6250691089758916	0.7488767588509737	0.7142857142857143	endpoint
N_AQ.956	0.0	0.011360451409509238	0.04657130974374008	1.1946357066500357	0.43709498683465753	0.5123862610295425	0.5629050131653425	0.5123862610295425	0.5714285714285714	baseline
N_AQ.957	0.0	0.3508755096420411	0.3077298165298366	1.7304702667643228	0.5965971344610027	0.5682242322304861	0.5965971344610027	0.5682242322304861	0.7142857142857143	endpoint
N_AQ.958	0.0	0.13801919955449243	0.4802275154907692	1.397922644757693	0.5745531497706372	0.5773797479774088	0.5745531497706372	0.5773797479774088	0.5714285714285714	endpoint
N_AQ.959	0.14285714285714285	0.726495520961285	0.9598619076757948	2.1005059174016307	0.6621521439345316	0.7261522934862973	0.6621521439345316	0.7261522934862973	0.7142857142857143	endpoint
N_AQ.96	0.0	0.30136540584620974	0.5136903277424149	1.3036476172908067	0.5186562929195444	0.5881624149305079	0.5186562929195444	0.5881624149305079	0.7142857142857143	endpoint
N_AQ.960	0.0	0.3827824480515288	0.18652778352296118	1.3454945599506707	0.3461631257829489	0.3903828304797872	0.6538368742170511	0.6096171695202128	0.8571428571428571	baseline
N_AQ.961	0.14285714285714285	1.1872735763378752	1.1112668936847556	2.059357004842548	0.8250498164182202	0.9211756099484405	0.8250498164182202	0.9211756099484405	0.8571428571428571	endpoint
N_AQ.962	0.14285714285714285	0.5417122482136759	0.09731542115575871	2.0599111471794997	0.6130595669990387	0.5082450172956483	0.6130595669990387	0.5082450172956483	0.5714285714285714	endpoint
N_AQ.963	0.0	0.035180625204009476	0.44144188353245317	1.378100089584966	0.4547306214107007	0.59623181026935	0.5452693785892992	0.59623181026935	0.5714285714285714	endpoint
N_AQ.964	0.0	0.5588796700977818	0.5380271819332844	1.8504296445702864	0.30030543316833025	0.31488257397375186	0.6996945668316698	0.6851174260262481	0.8571428571428571	baseline
N_AQ.965	0.0	0.06981950596393531	0.5168069680152291	1.3274472399553938	0.43556347144191937	0.515049811156427	0.5644365285580806	0.515049811156427	0.5714285714285714	baseline
N_AQ.966	0.0	0.19257402497873205	0.1491700031157248	1.1940769586669675	0.5103404158662731	0.5570215438914649	0.5103404158662731	0.5570215438914649	0.5714285714285714	endpoint
N_AQ.967	0.0	0.19818126642217315	0.6185786167533441	1.1717587822435855	0.37299973987643575	0.3724583705833575	0.6270002601235642	0.6275416294166425	0.7142857142857143	baseline
N_AQ.968	0.0	0.7309888307576851	0.6205837616708118	1.4066254942891436	0.2712624207580713	0.21513419944093637	0.7287375792419287	0.7848658005590636	0.8571428571428571	baseline
N_AQ.969	0.0	0.4171082356578849	0.34819661623512027	1.8472827569443537	0.5688765640170376	0.5625446852001359	0.5688765640170376	0.5625446852001359	0.5714285714285714	endpoint
N_AQ.97	0.0	0.4217456841805121	0.20992456626215195	1.5449396772225352	0.36455826837268246	0.4045515229285313	0.6354417316273175	0.5954484770714688	0.7142857142857143	baseline
N_AQ.970	0.0	0.4311751044370892	0.8461424125567452	1.2199374648962662	0.6116185919434802	0.7104719813095443	0.6116185919434802	0.7104719813095443	0.7142857142857143	endpoint
N_AQ.971	0.0	0.22976154654697187	0.394885614800818	1.458185367546501	0.5121761198120549	0.602139041182974	0.5121761198120549	0.602139041182974	0.5714285714285714	endpoint
N_AQ.972	0.14285714285714285	0.6384130442715149	0.46598362190636416	2.0807113678429934	0.6086776909193382	0.5729615904369207	0.6086776909193382	0.5729615904369207	0.7142857142857143	endpoint
N_AQ.973	0.0	0.8192884007771752	1.267701178153401	1.4830664479350681	0.7077090446328225	0.7508150681457397	0.7077090446328225	0.7508150681457397	0.8571428571428571	endpoint
N_AQ.974	0.0	0.15691228832342033	0.5150318612147595	1.24237838392712	0.37840509992399946	0.5049685969795318	0.6215949000760006	0.5049685969795318	0.5714285714285714	baseline
N_AQ.975	0.0	0.4014322221207401	0.9045501166444908	1.484612968114366	0.3095419595869693	0.1466335020406025	0.6904580404130307	0.8533664979593976	0.7142857142857143	baseline
N_AQ.976	0.0	0.07882207802383245	0.2543816905657162	1.6073704475337434	0.4066134441254073	0.3495193540606879	0.5933865558745928	0.6504806459393121	0.5714285714285714	baseline
N_AQ.977	0.0	0.515926276028495	0.4222280869587922	1.2786757912015547	0.3369110185522835	0.38626928134871713	0.6630889814477166	0.6137307186512828	1.0	baseline
N_AQ.978	0.0	0.008485233889965669	0.025834553712904974	1.606434191081942	0.4618085816994482	0.45566234355233476	0.5381914183005518	0.5443376564476652	0.5714285714285714	baseline
N_AQ.979	0.0	0.534190538236161	1.0354651979373988	1.6724294746965127	0.5951024680477193	0.6451457029250112	0.5951024680477193	0.6451457029250112	0.8571428571428571	endpoint
N_AQ.98	0.14285714285714285	0.2673801805551893	0.16608649176547247	2.0202503572636874	0.3398735360898077	0.41705689486982733	0.6601264639101923	0.5829431051301727	0.8571428571428571	baseline
N_AQ.980	0.0	0.21200672169819493	0.4386632865023516	1.611256660947257	0.5376178324661988	0.5560492857034626	0.5376178324661988	0.5560492857034626	0.5714285714285714	endpoint
N_AQ.981	0.0	0.6670725781557427	1.1289934470767313	1.7137837388031858	0.628071152624009	0.7208935087029441	0.628071152624009	0.7208935087029441	0.7142857142857143	endpoint
N_AQ.982	0.14285714285714285	0.5371227790682532	0.8746242746653147	2.2014268054994353	0.3469326780215147	0.2243492794155031	0.6530673219784853	0.7756507205844969	0.7142857142857143	baseline
N_AQ.983	0.0	0.22473055446699514	0.3539878855906145	1.7830813894712174	0.5023429045284213	0.3376877986406962	0.5023429045284213	0.6623122013593038	0.5714285714285714	endpoint
N_AQ.984	0.0	0.22005701174557019	0.200523371156757	1.4764889462351756	0.5639308996328061	0.5197078084884222	0.5639308996328061	0.5197078084884222	0.5714285714285714	endpoint
N_AQ.985	0.0	0.16394471253774365	0.3262668014882975	1.442029170968387	0.5418761006666648	0.547732050031156	0.5418761006666648	0.547732050031156	0.5714285714285714	endpoint
N_AQ.986	0.0	0.4197716159998776	0.7587906618353782	1.1257221037767167	0.36111409951964124	0.3136671487046201	0.6388859004803588	0.6863328512953799	0.7142857142857143	baseline
N_AQ.987	0.0	0.25026132262753836	0.41978445315139373	1.4596136217229079	0.3846027685299423	0.3060640065646226	0.6153972314700578	0.6939359934353774	0.5714285714285714	baseline
N_AQ.988	0.0	0.24620819358676424	0.23862276882963193	1.269384712182144	0.5403354907480227	0.5038202466612932	0.5403354907480227	0.5038202466612932	0.5714285714285714	endpoint
N_AQ.989	0.0	0.5615281295249731	1.2521093296529346	1.55147569912007	0.6506538229563895	0.7474516476780522	0.6506538229563895	0.7474516476780522	0.5714285714285714	endpoint
N_AQ.99	0.0	0.37576920762760285	0.6235282909455208	1.48354544972601	0.6354498906538042	0.6218286479836803	0.6354498906538042	0.6218286479836803	0.7142857142857143	endpoint
N_AQ.990	0.0	0.002641969785168	0.08333928716383171	1.6616715358697312	0.44610710203339254	0.4953285538184444	0.5538928979666075	0.5046714461815556	0.5714285714285714	endpoint
N_AQ.991	0.0	0.13894456365019664	0.08052292169013228	1.6399866012556463	0.39664388006757906	0.4599807560814778	0.6033561199324209	0.5400192439185222	0.5714285714285714	baseline
N_AQ.992	0.0	0.4285081234802064	0.7932748973502951	1.1310347220054036	0.36857899719556586	0.2708690274012895	0.6314210028044341	0.7291309725987105	0.8571428571428571	baseline
N_AQ.993	0.0	0.8493023276966081	0.9937185500827066	1.6128723625919885	0.20603007092856868	0.19812643728557136	0.7939699290714313	0.8018735627144287	1.0	baseline
N_AQ.994	0.0	0.12058262249268704	0.554779632630555	1.5550858554970712	0.5152259514360866	0.6137623565941988	0.5152259514360866	0.6137623565941988	0.5714285714285714	endpoint
N_AQ.995	0.0	0.3641547640118503	0.31561967495282683	1.329275147492061	0.39127775075676036	0.38156087452087845	0.6087222492432396	0.6184391254791215	0.7142857142857143	baseline
N_AQ.996	0.0	0.043928530733590876	0.382774483630773	1.193257413433117	0.46551542321647055	0.3676975628258348	0.5344845767835295	0.6323024371741652	0.5714285714285714	baseline
N_AQ.997	0.0	0.44955577781626566	1.2830878622689432	1.6911542535505935	0.6038998797506753	0.6847930524583322	0.6038998797506753	0.6847930524583322	0.5714285714285714	endpoint
N_AQ.998	0.0	0.12735751076705779	0.28712934871555545	1.8079411247556005	0.48345067358830995	0.41260989654716723	0.51654932641169	0.5873901034528328	0.7142857142857143	baseline
N_AQ.999	0.0	0.18511859099463512	0.5121447543945289	1.4198578376614506	0.367461771340484	0.4099233249145373	0.632538228659516	0.5900766750854627	0.7142857142857143	baseline
N_LP.1	0.0	0.022144814071429986	0.07965946585536143	1.5162057569041003	0.5080444410180033	0.41640868978396284	0.5080444410180033	0.5835913102160372	0.5714285714285714	endpoint
N_LP.10	0.0	0.5675305932208673	1.1235057242944118	1.2842034111164717	0.33017276592209216	0.2544426899686566	0.6698272340779079	0.7455573100313434	0.7142857142857143	baseline
N_LP.100	0.0	0.07129183282464298	0.5665554718621649	1.570360329507681	0.5320662971368588	0.3289611550232236	0.5320662971368588	0.6710388449767763	0.5714285714285714	endpoint
N_LP.1000	0.0	0.614804757287118	0.6968329482330645	1.4842229924896295	0.6540878698082746	0.6793049360756469	0.6540878698082746	0.6793049360756469	0.7142857142857143	endpoint
N_LP.1001	0.0	0.7947193868538219	1.1566172286767906	1.7124391143386284	0.6900130313357138	0.860880917021656	0.6900130313357138	0.860880917021656	0.7142857142857143	endpoint
N_LP.1002	0.14285714285714285	0.8346921713177204	1.0557136104022085	2.189712028559584	0.6791645099562312	0.7558834846567353	0.6791645099562312	0.7558834846567353	0.8571428571428571	endpoint
N_LP.1003	0.0	0.17049850493418	0.30912522612135956	1.6208506198711436	0.4023981338209311	0.47348628801540665	0.597601866179069	0.5265137119845933	0.5714285714285714	baseline
N_LP.1004	0.0	0.6025459276188617	1.0346690601393334	1.1899223771867076	0.27209585249559537	0.2328536764556778	0.7279041475044046	0.7671463235443222	0.8571428571428571	baseline
N_LP.1005	0.0	1.075164043489985	1.1261192656761014	1.6409139239185069	0.16142092393600346	0.14521938135362542	0.8385790760639965	0.8547806186463746	1.0	baseline
N_LP.1006	0.0	0.03523923961406898	0.2298780336329002	1.1299088436212052	0.45872329150923263	0.39675379671681027	0.5412767084907674	0.6032462032831898	0.5714285714285714	endpoint
N_LP.1008	0.0	0.1137703845271877	0.13888751590693918	1.1453679014090676	0.4546722587213866	0.40498691421911326	0.5453277412786134	0.5950130857808867	0.5714285714285714	baseline
N_LP.1009	0.0	0.06721944342843143	0.20048638703695296	1.4875081839490656	0.4433260796316193	0.4090260978203659	0.5566739203683807	0.5909739021796341	0.7142857142857143	baseline
N_LP.101	0.0	0.1527805858086392	0.2757718813444977	1.505459142066328	0.5637753300968337	0.5348196831414088	0.5637753300968337	0.5348196831414088	0.5714285714285714	endpoint
N_LP.1010	0.0	0.23308543072091506	0.24089239830072667	1.4914214668516557	0.4199361700051157	0.3537034500723052	0.5800638299948844	0.6462965499276948	0.5714285714285714	baseline
N_LP.1011	0.0	0.17014937151285733	0.7708547850682629	1.6267569634215397	0.4844583908877249	0.5440829087898752	0.5155416091122751	0.5440829087898752	0.5714285714285714	endpoint
N_LP.1012	0.0	0.20187565490010412	0.7150688361370748	1.167739593576263	0.4240501854427867	0.28885388442842963	0.5759498145572133	0.7111461155715704	0.5714285714285714	baseline
N_LP.1013	0.0	0.022734798657008982	0.23502491313405752	1.6664113679935666	0.4605351710281604	0.4179218825669051	0.5394648289718396	0.5820781174330949	0.7142857142857143	endpoint
N_LP.1014	0.0	0.5207157132327619	0.7040372662914338	1.366846109273588	0.29733724265984146	0.18408168111296347	0.7026627573401585	0.8159183188870365	0.7142857142857143	baseline
N_LP.1015	0.0	0.2733870726141509	0.7316720555976572	1.6979298259680056	0.396122320325777	0.3039816788156028	0.603877679674223	0.6960183211843972	0.7142857142857143	baseline
N_LP.1016	0.14285714285714285	1.3578357256486184	1.4761172423782287	2.077237689118716	0.8358773968597342	0.8862838885671518	0.8358773968597342	0.8862838885671518	1.0	endpoint
N_LP.1017	0.0	0.367783399652517	0.5366477652822569	1.3854458190804166	0.34634570567175665	0.246366249887242	0.6536542943282433	0.753633750112758	0.5714285714285714	baseline
N_LP.1018	0.0	1.0316537768268104	1.1131117061568274	1.96470512427997	0.7501359917076104	0.8102053401327385	0.7501359917076104	0.8102053401327385	0.8571428571428571	endpoint
N_LP.1019	0.0	1.0861125872646884	1.1045404543162918	1.583502073973122	0.7752938717781729	0.7802545239959459	0.7752938717781729	0.7802545239959459	1.0	endpoint
N_LP.102	0.0	0.2320918809433829	0.4457709063245342	1.1985813919147918	0.3894315661962109	0.358065659308107	0.6105684338037891	0.6419343406918929	0.7142857142857143	baseline
N_LP.1020	0.14285714285714285	0.9165512875555298	1.0435839331300172	2.220626316439791	0.7051216498203319	0.7465359506206753	0.7051216498203319	0.7465359506206753	0.8571428571428571	endpoint
N_LP.1021	0.0	0.9720965217108236	1.0786719621184861	1.3593157076865316	0.18603261428441614	0.2105044981017477	0.8139673857155838	0.7894955018982523	1.0	baseline
N_LP.1022	0.0	0.14234190371864594	0.0403025499954588	1.131871321717927	0.39532152832409245	0.43086862008021576	0.6046784716759075	0.5691313799197842	0.5714285714285714	baseline
N_LP.1023	0.0	0.86490609259388	1.1394206172059924	1.3019798701616911	0.21121351570602762	0.1557447942111294	0.7887864842939724	0.8442552057888706	0.8571428571428571	baseline
N_LP.1024	0.0	0.6600316591531945	1.1613553580387692	1.8750130936015044	0.33935900431435495	0.1986689598828984	0.660640995685645	0.8013310401171017	0.7142857142857143	baseline
N_LP.1025	0.0	0.16903209209273973	0.48216812786772084	1.6414806103650026	0.5315137624962474	0.5813625533078202	0.5315137624962474	0.5813625533078202	0.5714285714285714	endpoint
N_LP.1026	0.0	0.07838298720750816	0.11583648969189592	1.5561226390914642	0.4517594648667026	0.4439332057808421	0.5482405351332974	0.556066794219158	0.5714285714285714	endpoint
N_LP.1027	0.0	0.28849084006249387	0.15986278213364466	1.184962835739044	0.3783428924909636	0.41877496914259393	0.6216571075090365	0.5812250308574061	0.7142857142857143	baseline
N_LP.1028	0.0	0.47079091529488665	0.3150720280896781	1.5124828938935158	0.575726252869112	0.5632857682970629	0.575726252869112	0.5632857682970629	0.7142857142857143	endpoint
N_LP.1029	0.0	0.11517348776728421	0.21792715044399208	1.3620178193556927	0.5605741276758418	0.540817219043868	0.5605741276758418	0.540817219043868	0.5714285714285714	endpoint
N_LP.103	0.0	0.9134156369978499	0.8108891520900338	1.7224141801109307	0.7045365470177144	0.6903574405222938	0.7045365470177144	0.6903574405222938	1.0	endpoint
N_LP.1030	0.0	0.6659573528483775	1.0236197952475197	1.5407260119997501	0.7103927988209977	0.8465651843292069	0.7103927988209977	0.8465651843292069	0.7142857142857143	endpoint
N_LP.1031	0.0	0.3572531779834196	0.278769538538874	1.766290913244364	0.5748560389162748	0.5206055025253546	0.5748560389162748	0.5206055025253546	0.5714285714285714	endpoint
N_LP.1032	0.0	0.07701564922050129	0.22819993936788924	1.2299538289829897	0.4389425731041983	0.49336545108557495	0.5610574268958017	0.506634548914425	0.5714285714285714	baseline
N_LP.1033	0.0	0.7655457062755833	0.8854860772136551	1.3573635989662654	0.24583182841305096	0.2863368451018931	0.754168171586949	0.7136631548981069	0.8571428571428571	baseline
N_LP.1034	0.0	0.5296358335082828	0.962656860174957	1.5061896936764085	0.33159567357460845	0.2518125021189833	0.6684043264253916	0.7481874978810167	0.7142857142857143	baseline
N_LP.1035	0.0	0.6384481081494775	0.8681767810259255	1.6672222815070277	0.6469669821451193	0.6646310255930638	0.6469669821451193	0.6646310255930638	0.7142857142857143	endpoint
N_LP.1036	0.0	1.076070902011921	1.064742091522234	1.6538594473385368	0.1646807446906872	0.17335370630586458	0.8353192553093128	0.8266462936941354	1.0	baseline
N_LP.1038	0.0	0.6010406887509749	0.7173360178345232	1.346594194622112	0.28518849967218984	0.17913330024018595	0.7148115003278102	0.8208666997598141	0.7142857142857143	baseline
N_LP.1039	0.0	0.500871308489702	0.5965829989390374	1.5967984012980454	0.3582858341566566	0.34865803342139967	0.6417141658433434	0.6513419665786003	0.7142857142857143	baseline
N_LP.104	0.0	0.22407466048190905	0.45929258719811744	1.1665993896502067	0.5115740556315224	0.6059999649293424	0.5115740556315224	0.6059999649293424	0.7142857142857143	endpoint
N_LP.1040	0.0	0.1693122338437809	0.38985484913841867	1.5423722760665273	0.5536890084633713	0.3796717334148617	0.5536890084633713	0.6203282665851383	0.5714285714285714	endpoint
N_LP.1041	0.0	0.5625718109975574	0.8805779462613756	1.2494022385955275	0.3103561253556396	0.20783408991687097	0.6896438746443604	0.7921659100831291	0.8571428571428571	baseline
N_LP.1042	0.0	1.1393046891985494	1.3772828653637217	1.6641081866156056	0.7836453409465317	0.769874131042695	0.7836453409465317	0.769874131042695	0.8571428571428571	endpoint
N_LP.1043	0.0	0.3761457351759483	0.4957545847823341	1.4718942083168745	0.5777341695140071	0.6970115121211066	0.5777341695140071	0.6970115121211066	0.5714285714285714	endpoint
N_LP.1044	0.0	0.4244375052812215	0.6798118611543335	1.09541133675192	0.5999704068586821	0.626772949604768	0.5999704068586821	0.626772949604768	0.5714285714285714	endpoint
N_LP.1046	0.0	0.5130912192667366	0.3870120122752749	1.5432567224580942	0.300028461034153	0.30204476193886326	0.699971538965847	0.6979552380611367	0.8571428571428571	baseline
N_LP.1047	0.0	0.5641684840087319	0.48908816904985286	1.8255457395669679	0.6353539449467552	0.5632616452724487	0.6353539449467552	0.5632616452724487	0.7142857142857143	endpoint
N_LP.1048	0.0	0.32856568737867564	0.5316019335855168	1.2878984649832104	0.3641408929152278	0.30588248196605083	0.6358591070847722	0.6941175180339492	0.7142857142857143	baseline
N_LP.1049	0.0	0.9381415982149216	1.1696828448678267	1.8680921054711592	0.7647868578689533	0.8812810181302213	0.7647868578689533	0.8812810181302213	0.8571428571428571	endpoint
N_LP.105	0.0	0.10800680135208877	0.5386213696192924	1.19530784109298	0.4518915111286002	0.6089800999098984	0.5481084888713998	0.6089800999098984	0.5714285714285714	endpoint
N_LP.1050	0.0	0.6898573769692785	0.7284193122011846	1.2710244572067613	0.2519901343534518	0.2326647151824531	0.7480098656465481	0.7673352848175469	1.0	baseline
N_LP.1051	0.0	0.1679719572511537	0.4275402443972261	1.152304669782127	0.4679361954491403	0.5847335044255471	0.5320638045508597	0.5847335044255471	0.5714285714285714	endpoint
N_LP.1052	0.0	0.2635625222061703	0.513368464001068	1.2732882114198678	0.4106723027374774	0.3556483280253766	0.5893276972625225	0.6443516719746234	0.7142857142857143	baseline
N_LP.1053	0.0	0.03539338542284914	0.4922968078043686	1.713464905213979	0.44522831067431373	0.5828315232796042	0.5547716893256862	0.5828315232796042	0.5714285714285714	baseline
N_LP.1054	0.0	1.0079512096007281	1.1813085720955012	1.3015157919555915	0.17193377710527807	0.1304790010545158	0.828066222894722	0.8695209989454842	1.0	baseline
N_LP.1055	0.0	0.689529655281694	1.0577342436918813	1.450196049373187	0.2850851340254243	0.26449888884936573	0.7149148659745757	0.7355011111506342	0.8571428571428571	baseline
N_LP.1056	0.0	0.06678450549856715	0.42683486658342956	1.3480888705400562	0.43608094148079096	0.36096090478388293	0.5639190585192091	0.6390390952161171	0.5714285714285714	baseline
N_LP.1057	0.0	0.7329156770416762	0.824509511738207	1.14780441397108	0.6652442821814469	0.639881989045827	0.6652442821814469	0.639881989045827	1.0	endpoint
N_LP.1058	0.0	0.11306556104513901	0.5687998628630316	1.7244846380005956	0.3986223414384829	0.28262522139812846	0.6013776585615171	0.7173747786018716	0.8571428571428571	baseline
N_LP.1059	0.0	0.6975461640139662	0.9186851486814662	1.6177301825688635	0.6764531616987972	0.73006275121531	0.6764531616987972	0.73006275121531	0.7142857142857143	endpoint
N_LP.106	0.0	0.5882274599470632	0.6354908342213673	1.2990666961439983	0.3006033288573474	0.32905823376307614	0.6993966711426526	0.6709417662369239	0.8571428571428571	baseline
N_LP.1060	0.14285714285714285	0.46184045100707544	0.9202768911596787	2.08306475436698	0.647964203223067	0.7538580772208978	0.647964203223067	0.7538580772208978	0.7142857142857143	endpoint
N_LP.1061	0.14285714285714285	0.4082685156483259	0.6081557968045518	2.394178464489759	0.5325245738605571	0.6462017141688448	0.5325245738605571	0.6462017141688448	0.7142857142857143	endpoint
N_LP.1062	0.0	0.5105320772996146	1.0828413298597013	1.8629884437052369	0.3209717145479158	0.18953386030082658	0.6790282854520842	0.8104661396991735	0.7142857142857143	baseline
N_LP.1063	0.0	0.23273898722455813	0.5702395285353113	1.397180152884998	0.3906737235425674	0.32796624484394216	0.6093262764574325	0.6720337551560578	0.5714285714285714	baseline
N_LP.1064	0.0	0.1438253918135887	0.3668600842856677	1.1795069937937903	0.3970287405895763	0.31463091148625943	0.6029712594104237	0.6853690885137406	0.5714285714285714	baseline
N_LP.1065	0.0	1.2605590391735968	1.0728862797677359	1.7047378919395895	0.8314139273196062	0.7924895865105799	0.8314139273196062	0.7924895865105799	1.0	endpoint
N_LP.1066	0.0	0.38469800114128855	0.3273623631400284	1.1210011682363585	0.5687644281856455	0.5678589238061441	0.5687644281856455	0.5678589238061441	0.7142857142857143	endpoint
N_LP.1067	0.0	0.31592430180718	0.743048106874222	1.5604412816030022	0.5775763471708373	0.647247730144007	0.5775763471708373	0.647247730144007	0.5714285714285714	endpoint
N_LP.1068	0.0	0.738678425664504	0.8374143578712927	1.565553628084183	0.25414513478217854	0.18685531631388935	0.7458548652178214	0.8131446836861107	0.8571428571428571	baseline
N_LP.1069	0.0	1.0827530212003793	1.2201062308122088	1.6787031286824972	0.1815610612010977	0.16955520582761602	0.8184389387989023	0.830444794172384	0.8571428571428571	baseline
N_LP.107	0.14285714285714285	0.6316297782966878	1.1413321871881434	2.145018493128947	0.6195593503650214	0.7541870970537967	0.6195593503650214	0.7541870970537967	0.7142857142857143	endpoint
N_LP.1070	0.0	0.6334239654635831	0.9360413068417555	1.9906975875014064	0.6409985952533822	0.6590948408193852	0.6409985952533822	0.6590948408193852	0.7142857142857143	endpoint
N_LP.1071	0.0	0.9231446481940121	1.2987364318377466	1.7795571762697604	0.7417011934755694	0.8716786485557779	0.7417011934755694	0.8716786485557779	0.7142857142857143	endpoint
N_LP.1072	0.0	0.4191830765428494	0.8462628420217643	1.6612370668647647	0.3238485094634513	0.29683202858250407	0.6761514905365487	0.7031679714174959	0.7142857142857143	baseline
N_LP.1073	0.0	0.16759409444026682	0.04250085768821241	1.6231692888280354	0.3988445326954849	0.43272047811049735	0.6011554673045151	0.5672795218895026	0.5714285714285714	baseline
N_LP.1074	0.0	0.9495528579872404	1.2293543859702285	1.798093452002155	0.7475335506358293	0.8614027662831903	0.7475335506358293	0.8614027662831903	0.7142857142857143	endpoint
N_LP.1075	0.0	0.9838443479325761	1.3670603383377662	1.545034116766036	0.18822204412716687	0.04958247054720877	0.8117779558728331	0.9504175294527912	0.8571428571428571	baseline
N_LP.1076	0.0	0.257015311882346	0.6592159142490415	1.0762042645102412	0.42049650360443425	0.32543076299560414	0.5795034963955658	0.6745692370043959	0.7142857142857143	baseline
N_LP.1077	0.0	0.043847934202819704	0.2792190379221521	1.6702612222595146	0.4971519268071044	0.5256373143865535	0.5028480731928956	0.5256373143865535	0.7142857142857143	endpoint
N_LP.1078	0.0	0.775384106790433	0.6878310537974323	1.6799896019529692	0.7198721164538674	0.7019870311179301	0.7198721164538674	0.7019870311179301	0.8571428571428571	endpoint
N_LP.1079	0.0	0.4039121268172395	1.1388797954003025	1.624098991211547	0.6098525235017732	0.8680300164358422	0.6098525235017732	0.8680300164358422	0.5714285714285714	endpoint
N_LP.108	0.0	0.17658485622017314	0.07944821658785384	1.2507041759137396	0.40073375053189964	0.5219109296041992	0.5992662494681004	0.5219109296041992	0.5714285714285714	baseline
N_LP.1080	0.0	0.26719839135592655	0.2488176532472292	1.4112433156845117	0.3626674715492341	0.36229184037852946	0.6373325284507658	0.6377081596214705	0.5714285714285714	baseline
N_LP.1081	0.0	0.5466510249359008	0.8471243356660085	1.4062506973590332	0.3141316224208464	0.1879519888055073	0.6858683775791536	0.8120480111944928	0.8571428571428571	baseline
N_LP.1082	0.0	0.411388619580487	0.6682745365929376	1.4291365965146585	0.6460516748146976	0.694710175440214	0.6460516748146976	0.694710175440214	0.7142857142857143	endpoint
N_LP.1083	0.0	0.3646425750211911	0.4580027853364011	1.245033413144974	0.5699793674995611	0.5732861387860669	0.5699793674995611	0.5732861387860669	0.5714285714285714	endpoint
N_LP.1084	0.0	0.37226765292453645	0.2520010914923836	1.3415017938101548	0.5884900270210396	0.5500191705351102	0.5884900270210396	0.5500191705351102	0.5714285714285714	endpoint
N_LP.1085	0.0	0.47838717608520087	0.28710415991393834	1.7091498695853928	0.6262946329323497	0.5528791024168276	0.6262946329323497	0.5528791024168276	0.5714285714285714	endpoint
N_LP.1086	0.0	0.639427791963265	1.207821303477039	1.582682245434422	0.6570616227592777	0.7682449126400297	0.6570616227592777	0.7682449126400297	0.5714285714285714	endpoint
N_LP.1087	0.0	0.3313072590335638	0.8033146165413159	1.302518395991106	0.41458856586239323	0.2650223766661373	0.5854114341376068	0.7349776233338627	0.7142857142857143	baseline
N_LP.1088	0.0	0.2992941087335167	0.7548357248480934	1.0496928139676136	0.5467235876619271	0.5416336579294668	0.5467235876619271	0.5416336579294668	0.5714285714285714	endpoint
N_LP.1089	0.0	0.4669434377601706	1.0159584711567684	1.2651850481291542	0.34370686955910695	0.23496342233650527	0.656293130440893	0.7650365776634948	0.7142857142857143	baseline
N_LP.109	0.0	0.8921965082007706	1.0785884336615064	1.6756367200663318	0.24675189752686547	0.18159833953034818	0.7532481024731346	0.8184016604696518	0.8571428571428571	baseline
N_LP.1090	0.0	0.2173396213557369	0.36874037444688756	1.3016271521623481	0.5647423905042999	0.5568943045656628	0.5647423905042999	0.5568943045656628	0.5714285714285714	endpoint
N_LP.1091	0.0	0.3678980620288299	0.7937823259601297	1.5388952312936592	0.5705904566110392	0.6257246903457289	0.5705904566110392	0.6257246903457289	0.7142857142857143	endpoint
N_LP.1092	0.0	0.29720838416883527	0.23750282354621918	1.6391577377984627	0.5433279201006175	0.5222336943804179	0.5433279201006175	0.5222336943804179	0.5714285714285714	endpoint
N_LP.1093	0.0	0.3280792896275192	0.5794739229834343	1.3437100717565065	0.3941520221603982	0.2968932665832055	0.6058479778396018	0.7031067334167945	0.7142857142857143	baseline
N_LP.1094	0.0	0.17929081292078175	0.6120139671783816	1.0375864931502865	0.4831804097225492	0.5756773607084663	0.5168195902774508	0.5756773607084663	0.5714285714285714	endpoint
N_LP.1095	0.0	0.09833711642631712	0.13759199460399604	1.6037442287858465	0.4631027235333044	0.4893748616180217	0.5368972764666956	0.5106251383819783	0.5714285714285714	endpoint
N_LP.1096	0.0	0.0711550655635917	0.00993689922847976	1.080049568136912	0.4663357473744501	0.4497469274233948	0.53366425262555	0.5502530725766053	0.7142857142857143	baseline
N_LP.1097	0.0	0.5017444635956442	0.7710157113546573	1.2753159628911044	0.3175889401890231	0.24666955912296198	0.6824110598109769	0.753330440877038	0.7142857142857143	baseline
N_LP.1098	0.0	0.4105350202359434	0.39861451318600527	1.19858720326879	0.34332164847816243	0.3722790398234593	0.6566783515218375	0.6277209601765408	0.8571428571428571	baseline
N_LP.1099	0.0	0.20702847605537913	0.5629952604065964	1.1983555892634465	0.36877267148842535	0.3745706550275167	0.6312273285115746	0.6254293449724833	0.7142857142857143	baseline
N_LP.11	0.0	0.4007669803998125	0.6645005950862246	1.5638816833953197	0.5804750409646384	0.6614180960906023	0.5804750409646384	0.6614180960906023	0.5714285714285714	endpoint
N_LP.110	0.14285714285714285	0.3333857778968336	1.0923528406353742	2.0536167890749475	0.3672247285184712	0.2344064137645512	0.6327752714815288	0.7655935862354488	0.7142857142857143	baseline
N_LP.1100	0.0	0.48451277246864505	0.937679165839045	1.1520911329376422	0.35352739996124904	0.28285483474669265	0.646472600038751	0.7171451652533074	0.7142857142857143	baseline
N_LP.1101	0.0	1.218731400845397	1.3744718541451677	1.636602572187451	0.8041878058872926	0.8507349000190618	0.8041878058872926	0.8507349000190618	1.0	endpoint
N_LP.1102	0.14285714285714285	1.3251731966188167	1.324493090587606	2.1052164094194867	0.8412522814025188	0.8797247869597821	0.8412522814025188	0.8797247869597821	1.0	endpoint
N_LP.1103	0.0	0.44862503610749416	0.3632989811074562	1.483570961954302	0.5991734967676813	0.5617875379450513	0.5991734967676813	0.5617875379450513	0.7142857142857143	endpoint
N_LP.1104	0.0	0.4066249913421561	0.13209424241858891	1.5368973877729042	0.5969759881119986	0.4875667521113549	0.5969759881119986	0.5124332478886451	0.5714285714285714	endpoint
N_LP.1105	0.0	0.15276178842738428	0.33487970941219486	1.201545843247815	0.5350385848256282	0.5706560805457603	0.5350385848256282	0.5706560805457603	0.5714285714285714	endpoint
N_LP.1106	0.0	0.47839108002825637	1.1969728461942417	1.5363521674638572	0.3063548874403867	0.14593422833674133	0.6936451125596133	0.8540657716632587	0.5714285714285714	baseline
N_LP.1107	0.0	0.534711623872048	0.3756935963350758	1.1578828093696232	0.6412793307418623	0.5676820961247493	0.6412793307418623	0.5676820961247493	0.7142857142857143	endpoint
N_LP.1108	0.0	0.718292479693568	0.7328201821521992	1.3474016057844453	0.25127041768246705	0.24479683112988912	0.748729582317533	0.7552031688701109	1.0	baseline
N_LP.1109	0.0	0.1799967743295538	0.29150730424810506	1.6366002979549894	0.44045569692251635	0.3380037660605306	0.5595443030774836	0.6619962339394694	0.7142857142857143	baseline
N_LP.111	0.14285714285714285	1.2418965054658135	1.211122933641757	2.1669452197049144	0.1386766751380776	0.09490492390792021	0.8613233248619224	0.9050950760920797	1.0	baseline
N_LP.1110	0.0	0.12008256697665266	0.23648858953084845	1.8687169018158245	0.5062745339453346	0.43043357722914616	0.5062745339453346	0.5695664227708539	0.5714285714285714	endpoint
N_LP.1111	0.0	1.109221974000841	1.4863668026836434	1.8583940062298347	0.7740852299761659	0.8630660438819114	0.7740852299761659	0.8630660438819114	0.8571428571428571	endpoint
N_LP.1112	0.0	0.19639469126362835	0.07228308617417688	1.8926764304651957	0.44841901603251816	0.4678959636576108	0.5515809839674819	0.5321040363423892	0.7142857142857143	baseline
N_LP.1113	0.0	0.39572359280679476	0.5758126972337846	1.3185459101147798	0.361894886057858	0.2824212449964361	0.638105113942142	0.7175787550035639	0.7142857142857143	baseline
N_LP.1114	0.0	0.18882901815916334	0.6463897229683876	1.194874046273467	0.5060929495157372	0.6167878766222017	0.5060929495157372	0.6167878766222017	0.5714285714285714	endpoint
N_LP.1115	0.0	0.16373954135440746	0.16724932254964656	1.533083394381677	0.43078582780398467	0.4517940242921758	0.5692141721960153	0.5482059757078241	0.5714285714285714	baseline
N_LP.1116	0.0	0.2576144401237446	0.08294335797347648	1.760109844153024	0.4149682955764727	0.41684484314795367	0.5850317044235274	0.5831551568520463	0.7142857142857143	baseline
N_LP.1117	0.0	0.3252471847633487	0.3168391147708085	1.6246608316999773	0.38160504043152704	0.4090034315756779	0.618394959568473	0.5909965684243221	0.7142857142857143	baseline
N_LP.1118	0.0	0.21245304593568942	0.6860740575113634	1.5051449254775289	0.42929678557252193	0.21088552816111883	0.5707032144274781	0.7891144718388812	0.7142857142857143	baseline
N_LP.1119	0.0	0.2954366186024661	0.19356762568413555	1.5324786603348408	0.41726081818985783	0.38046255755737823	0.5827391818101422	0.6195374424426218	0.7142857142857143	baseline
N_LP.112	0.0	0.3522427804967378	0.749036774012103	1.3439607164226606	0.37822209964349207	0.31577122417350056	0.6217779003565079	0.6842287758264994	0.7142857142857143	baseline
N_LP.1120	0.0	0.44898495831539526	0.6468345886251252	1.7030532718682823	0.6160906885584999	0.6566472439526551	0.6160906885584999	0.6566472439526551	0.7142857142857143	endpoint
N_LP.1121	0.0	0.042976101456050735	0.6466265115604201	1.6841745199946856	0.48060380084041315	0.3378628172787657	0.5193961991595868	0.6621371827212343	0.5714285714285714	baseline
N_LP.1122	0.0	0.8142217038111806	0.8927994676333219	1.6140867595517985	0.22307504414370108	0.28971676284574766	0.776924955856299	0.7102832371542523	1.0	baseline
N_LP.1123	0.0	0.6484104356692078	1.1261815930701247	1.384574937141131	0.3012562851283703	0.20776829675098624	0.6987437148716297	0.7922317032490138	0.8571428571428571	baseline
N_LP.1125	0.0	0.01068655038227576	0.1946774130785064	1.6222040939745435	0.43080654621101633	0.4785467255821077	0.5691934537889837	0.5214532744178924	0.7142857142857143	baseline
N_LP.1126	0.0	0.46121293295694754	0.5988372431159031	1.4886285788467137	0.6519708167978522	0.6436851611558047	0.6519708167978522	0.6436851611558047	0.7142857142857143	endpoint
N_LP.1127	0.0	0.7494218361009042	1.1127567220022554	1.3366368013470376	0.23544738096744258	0.18964740836349273	0.7645526190325574	0.8103525916365073	1.0	baseline
N_LP.1128	0.0	0.5016594652562437	0.6080415780922067	1.4012142953543092	0.3115571371907255	0.23982146214761949	0.6884428628092745	0.7601785378523805	1.0	baseline
N_LP.1129	0.0	0.14024113346254255	0.2676047364528186	1.2733694278371386	0.48476760620378456	0.5333135187111545	0.5152323937962154	0.5333135187111545	0.5714285714285714	endpoint
N_LP.113	0.0	0.6861046744286688	0.9750072850181069	1.3965495311270202	0.6948682773093734	0.7308500724125407	0.6948682773093734	0.7308500724125407	0.7142857142857143	endpoint
N_LP.1130	0.0	0.6096745744611989	0.4380591847381706	1.470648456342119	0.24709366523135215	0.2970625557760113	0.7529063347686479	0.7029374442239886	0.8571428571428571	baseline
N_LP.1131	0.0	0.469556174907416	0.37613623550023434	1.6115425711576257	0.347610176046083	0.31938865060663674	0.652389823953917	0.6806113493933632	0.8571428571428571	baseline
N_LP.1132	0.0	0.22865260897716316	1.2095276904604697	1.3404114462800172	0.4719854178867136	0.24129027205209497	0.5280145821132864	0.758709727947905	0.5714285714285714	baseline
N_LP.1133	0.0	0.553058758881149	0.8553778141656416	1.765087264759291	0.6324345705110739	0.6937435154462568	0.6324345705110739	0.6937435154462568	0.5714285714285714	endpoint
N_LP.1135	0.0	0.8029625450327711	1.1361071135650644	1.6453835861939037	0.707185979509944	0.6248357983115056	0.707185979509944	0.6248357983115056	0.8571428571428571	endpoint
N_LP.1136	0.0	0.6007369625617633	0.8194488596146313	1.7171522840037956	0.26345590835584914	0.17424735002458303	0.7365440916441508	0.825752649975417	0.8571428571428571	baseline
N_LP.1137	0.0	0.17230125509898211	0.19134365772486062	1.6623981713161877	0.4153904574701019	0.43607488425285834	0.584609542529898	0.5639251157471417	0.5714285714285714	baseline
N_LP.1139	0.0	0.6931338211075097	1.147423787899653	1.573301046780833	0.6637203916876772	0.7446205489600635	0.6637203916876772	0.7446205489600635	0.7142857142857143	endpoint
N_LP.114	0.0	0.40482843930184875	0.6548613996623752	1.4795477113344582	0.31446312092701395	0.2686157900712661	0.6855368790729861	0.7313842099287339	0.8571428571428571	baseline
N_LP.1140	0.0	0.07693716911603869	0.13098435292324936	1.189587204510201	0.45965486466096067	0.46905183166589237	0.5403451353390394	0.5309481683341076	0.5714285714285714	baseline
N_LP.1141	0.0	0.19373964741333177	0.11508210228532147	1.2525428335181437	0.42381217360331125	0.43118503954756837	0.5761878263966888	0.5688149604524316	0.7142857142857143	baseline
N_LP.1142	0.2857142857142857	0.9714106166565587	0.9647051812614283	2.91998867982182	0.6806172235070719	0.727654575540443	0.6806172235070719	0.727654575540443	0.7142857142857143	endpoint
N_LP.1143	0.0	0.09532115544706966	0.08484840804933588	1.6059575945208042	0.4838599555368814	0.5048781966017034	0.5161400444631186	0.5048781966017034	0.5714285714285714	endpoint
N_LP.1144	0.0	0.5176621034449614	0.15963610707966144	1.420420483734785	0.3121347175882315	0.40949519752480457	0.6878652824117685	0.5905048024751954	0.8571428571428571	baseline
N_LP.1145	0.0	0.26280834879865245	0.09934294808336443	1.499966817762185	0.42787347853351104	0.3976091256605082	0.572126521466489	0.6023908743394918	0.5714285714285714	baseline
N_LP.1146	0.0	0.7006099920872512	1.1433919819365417	1.8339180720524872	0.23439359915122582	0.07828167753326562	0.7656064008487742	0.9217183224667344	0.8571428571428571	baseline
N_LP.1147	0.0	0.004548147457425243	0.18749434301316786	1.0279255017067341	0.4656793373719629	0.4310141347698859	0.5343206626280371	0.5689858652301141	0.7142857142857143	baseline
N_LP.1148	0.0	0.036567910300034985	0.19931669356916573	1.183223754712196	0.44164477401077257	0.521783940390929	0.5583552259892275	0.521783940390929	0.5714285714285714	baseline
N_LP.1149	0.0	0.598558919460233	0.8101658048788891	1.2633533160109054	0.2770218287174377	0.30501925774383176	0.7229781712825623	0.6949807422561682	0.8571428571428571	baseline
N_LP.115	0.0	0.7720508642563816	1.2333187935895435	1.6297910373736517	0.25691140164763715	0.14901029340412986	0.7430885983523629	0.8509897065958701	0.7142857142857143	baseline
N_LP.1150	0.0	0.07843940892340075	0.3546784275997365	1.4584468445321985	0.44275232652644664	0.37199333851194244	0.5572476734735534	0.6280066614880575	0.7142857142857143	baseline
N_LP.1151	0.0	0.21560947943627432	0.6354802080334933	1.6296299371928902	0.38821894840026727	0.23170419325912586	0.6117810515997327	0.7682958067408742	0.7142857142857143	baseline
N_LP.1152	0.0	0.17989708558660197	0.3291746502111529	0.9872618531155417	0.5191759156547079	0.4765517655482765	0.5191759156547079	0.5234482344517235	0.5714285714285714	endpoint
N_LP.1153	0.0	0.3887013178675503	0.7575916272735693	1.88943881382911	0.529561251216566	0.6865581044401221	0.529561251216566	0.6865581044401221	0.7142857142857143	endpoint
N_LP.1154	0.0	0.30441846813453804	0.8126681798377389	1.8940965899535336	0.5112520531496091	0.6855337064868593	0.5112520531496091	0.6855337064868593	0.5714285714285714	endpoint
N_LP.1155	0.0	0.1534909816001317	0.2963212438377541	1.675745223765198	0.46732692231320067	0.5619881967005121	0.5326730776867994	0.5619881967005121	0.5714285714285714	endpoint
N_LP.1156	0.0	0.04062556764834281	0.36739931390630326	1.198022502373941	0.4659620044575251	0.5566050155522098	0.5340379955424749	0.5566050155522098	0.5714285714285714	endpoint
N_LP.1157	0.0	0.3430656516948332	0.34265381356780544	1.4448743813507539	0.5553288371674164	0.5589778672501738	0.5553288371674164	0.5589778672501738	0.7142857142857143	endpoint
N_LP.1158	0.0	0.08824175789967248	0.1934207394046433	1.404732191745756	0.45697074073218935	0.4297292963689931	0.5430292592678106	0.5702707036310068	0.7142857142857143	baseline
N_LP.1159	0.0	0.9305569971338523	1.34197884496509	1.8940849278659808	0.2218779815163249	0.13313603731552193	0.7781220184836751	0.8668639626844781	0.7142857142857143	baseline
N_LP.116	0.0	0.43549674928762955	0.3953167159019732	1.1258453425881412	0.6132626529513495	0.6046262351075753	0.6132626529513495	0.6046262351075753	0.7142857142857143	endpoint
N_LP.1160	0.0	0.885369390701066	0.9771431576274515	1.6100791672663688	0.22756132030123669	0.13358712749441876	0.7724386796987633	0.8664128725055813	0.8571428571428571	baseline
N_LP.1161	0.0	0.38493440936620144	0.5676874566099502	1.6496124158960415	0.3229207498304798	0.2523384656663627	0.6770792501695202	0.7476615343336372	0.8571428571428571	baseline
N_LP.1162	0.14285714285714285	0.5749414665293104	1.2212399220538224	2.0386979762558552	0.5872132119898363	0.7379311111313137	0.5872132119898363	0.7379311111313137	0.7142857142857143	endpoint
N_LP.1163	0.0	0.12202012224223723	0.14553256037613155	1.0533069925393854	0.49946194741885547	0.5272895210388941	0.5005380525811445	0.5272895210388941	0.5714285714285714	endpoint
N_LP.1164	0.0	0.9287210681767384	1.4043242207194724	1.7177174906362416	0.7268295297408038	0.6539853925929049	0.7268295297408038	0.6539853925929049	0.8571428571428571	endpoint
N_LP.1165	0.0	0.9147518692223813	1.1784847399126759	1.6722260597906329	0.1777436320888333	0.030365606566957155	0.8222563679111667	0.9696343934330428	1.0	baseline
N_LP.1166	0.0	0.3720584235312159	0.8392402184756005	1.5325111849728619	0.390450041585275	0.29631284427997046	0.609549958414725	0.7036871557200295	0.7142857142857143	baseline
N_LP.1167	0.0	0.07121226786937547	0.15334651294017573	1.2071796880469916	0.4634111558703716	0.44427149894409734	0.5365888441296284	0.5557285010559027	0.5714285714285714	baseline
N_LP.1168	0.0	0.5260352509863448	0.6807309523552211	1.645974914864783	0.31912051737354247	0.2202435057435379	0.6808794826264575	0.7797564942564621	0.7142857142857143	baseline
N_LP.1169	0.0	0.49980945430985374	1.0112596840092412	1.7536857541405726	0.33365962444368724	0.15809065938139968	0.6663403755563128	0.8419093406186003	0.7142857142857143	baseline
N_LP.117	0.0	1.0324386345936443	1.0616154412318013	1.8419923515631758	0.7625359915958873	0.9313025044387363	0.7625359915958873	0.9313025044387363	0.8571428571428571	endpoint
N_LP.1170	0.0	0.012663272808879482	0.004859696448428146	1.0145528653725693	0.471160078734196	0.4269158519560317	0.5288399212658039	0.5730841480439683	0.5714285714285714	endpoint
N_LP.1171	0.0	0.2987837458085064	0.40514926236532445	1.1845713179248207	0.38813023112965844	0.34650289951940144	0.6118697688703416	0.6534971004805985	0.8571428571428571	baseline
N_LP.1172	0.0	0.04935628680287569	0.4603221263269157	1.6479733103508138	0.4440110111411544	0.5038125393776983	0.5559889888588456	0.5038125393776983	0.5714285714285714	endpoint
N_LP.1173	0.0	0.5375521979115286	1.1019974137342066	1.427534415374637	0.6212501932873556	0.6486452090448664	0.6212501932873556	0.6486452090448664	0.7142857142857143	endpoint
N_LP.1174	0.0	0.7434328342733612	0.5527282865865276	1.6145278351538548	0.2359768594495186	0.26234122660287207	0.7640231405504814	0.7376587733971279	1.0	baseline
N_LP.1175	0.0	0.11134429180828917	0.324738820483209	1.562499247223617	0.41258653028883624	0.3276960455509697	0.5874134697111637	0.6723039544490303	0.5714285714285714	baseline
N_LP.1176	0.0	0.02688107336622164	0.1630138130846551	1.3598552725770907	0.48869296523735045	0.40326987408699355	0.5113070347626496	0.5967301259130064	0.5714285714285714	endpoint
N_LP.1177	0.0	0.8616023368355735	1.2087203739126993	1.6118935788544881	0.7737170394818579	0.869292307021347	0.7737170394818579	0.869292307021347	0.7142857142857143	endpoint
N_LP.1178	0.0	0.516275202088197	0.8695140359800027	1.6052131684398223	0.5885584521050113	0.7167836828150133	0.5885584521050113	0.7167836828150133	0.7142857142857143	endpoint
N_LP.1179	0.0	0.27194850831260525	0.40852668384970353	1.1631344690051362	0.4087016129259143	0.363760153410006	0.5912983870740858	0.636239846589994	0.7142857142857143	baseline
N_LP.118	0.0	0.6248855378023654	1.022995679904891	1.288357602410109	0.29609084792219287	0.16871945882654618	0.7039091520778071	0.8312805411734538	0.8571428571428571	baseline
N_LP.1180	0.0	0.6031099261467983	0.7333920547478595	1.787762250112097	0.33199657269753863	0.2762816305236818	0.6680034273024613	0.7237183694763182	0.8571428571428571	baseline
N_LP.1181	0.0	0.2711957583594884	0.5525386429031963	1.723729896317713	0.5151543620346585	0.5211303817760166	0.5151543620346585	0.5211303817760166	0.7142857142857143	endpoint
N_LP.1182	0.0	0.44436324902145463	1.0153072700659518	1.7770919844781583	0.6583807829624007	0.7561563596035571	0.6583807829624007	0.7561563596035571	0.7142857142857143	endpoint
N_LP.1183	0.0	0.044993677257699254	0.16516067789867817	1.6698969530996488	0.49392553739313116	0.4417229875069271	0.5060744626068688	0.5582770124930729	0.5714285714285714	baseline
N_LP.1184	0.0	0.20006458026070487	0.2879624329101278	1.4778067014457155	0.5558593859262575	0.5394691620692951	0.5558593859262575	0.5394691620692951	0.5714285714285714	endpoint
N_LP.1185	0.0	0.907719022401079	1.137210908945741	1.3532094878603493	0.20916939295414488	0.18544114357306832	0.7908306070458551	0.8145588564269317	0.8571428571428571	baseline
N_LP.1186	0.0	0.7706215380912186	0.640823458410141	1.6976936232714215	0.687427012179387	0.7066259115380714	0.687427012179387	0.7066259115380714	0.8571428571428571	endpoint
N_LP.1187	0.0	0.47514429353096815	0.5929830433671472	1.5936039060648635	0.5867573754878538	0.6346484768821224	0.5867573754878538	0.6346484768821224	0.7142857142857143	endpoint
N_LP.1188	0.0	0.6146557473772895	1.0510634761798965	1.8152756986028666	0.7117229239599311	0.8784999720689437	0.7117229239599311	0.8784999720689437	0.7142857142857143	endpoint
N_LP.1189	0.0	0.2596250222274178	0.6002566804487978	1.629624623832538	0.5342174622532447	0.6067524787340185	0.5342174622532447	0.6067524787340185	0.7142857142857143	endpoint
N_LP.119	0.0	0.03361435149082063	0.522033653898325	1.803932535130194	0.4582258588165818	0.3350492286449519	0.5417741411834183	0.6649507713550481	0.5714285714285714	endpoint
N_LP.1190	0.0	0.5714788463916155	0.8066691443731808	1.7910212038284095	0.6499319291526808	0.7462059288435609	0.6499319291526808	0.7462059288435609	0.5714285714285714	endpoint
N_LP.1191	0.0	0.5403711793249285	0.34243519588999793	1.7527738178635595	0.6252364564907783	0.5324005248005661	0.6252364564907783	0.5324005248005661	0.5714285714285714	endpoint
N_LP.1192	0.0	0.08429695505854447	0.6336510665970677	1.615018052343217	0.4515424044052409	0.3537875711083916	0.548457595594759	0.6462124288916085	0.7142857142857143	baseline
N_LP.1194	0.0	0.6986389443180462	0.8781423375417721	1.4484738337725351	0.6914700327983593	0.7008045939367605	0.6914700327983593	0.7008045939367605	0.8571428571428571	endpoint
N_LP.1195	0.0	0.16704326568154662	0.17883204370040762	1.3582696071089666	0.4193464414731713	0.4754673872680901	0.5806535585268287	0.5245326127319099	0.5714285714285714	baseline
N_LP.1196	0.0	0.2800121607042027	0.3220456698005218	1.5524814689902915	0.41113856099258245	0.32853140450151763	0.5888614390074176	0.6714685954984824	0.5714285714285714	baseline
N_LP.1197	0.0	0.36217295015503087	0.7507792289146771	1.2336743216232273	0.5955878884422355	0.6847183595409772	0.5955878884422355	0.6847183595409772	0.5714285714285714	endpoint
N_LP.1198	0.0	0.6205840206849401	1.024568419035239	1.5378261894292564	0.28203004698089224	0.14668628662680777	0.7179699530191077	0.8533137133731923	0.7142857142857143	baseline
N_LP.1199	0.0	0.29912040999013983	0.3679971785563966	1.4104402232897195	0.38650519881261225	0.3825834753937568	0.6134948011873878	0.6174165246062432	0.7142857142857143	baseline
N_LP.12	0.0	0.6034730000258147	1.2569745272103583	1.5700874153651538	0.6612474466713044	0.7485011515289581	0.6612474466713044	0.7485011515289581	0.5714285714285714	endpoint
N_LP.120	0.0	0.18063114921320467	0.44066099257880975	1.4766499506804809	0.42048126100338445	0.2917394150328457	0.5795187389966155	0.7082605849671544	0.5714285714285714	baseline
N_LP.1201	0.0	0.4651500918614312	0.7388344241319204	1.7005054172736382	0.5684826848128269	0.624297560167568	0.5684826848128269	0.624297560167568	0.7142857142857143	endpoint
N_LP.1202	0.0	0.36513153513035995	1.1201099192604194	1.5429478211866205	0.3554497756736887	0.19031165465291175	0.6445502243263113	0.8096883453470882	0.5714285714285714	baseline
N_LP.1203	0.0	0.23299327763665106	0.4900256941275369	1.038739142991182	0.4014512450784426	0.2764275182478094	0.5985487549215573	0.7235724817521906	0.7142857142857143	baseline
N_LP.1204	0.0	0.05971498474403704	0.1718718513928335	1.2716528769941957	0.46203538616569956	0.4525007906436864	0.5379646138343004	0.5474992093563136	0.5714285714285714	endpoint
N_LP.1205	0.0	1.1261998324898514	1.1353006234180358	1.5623965413718712	0.7789148760176678	0.7731420342344727	0.7789148760176678	0.7731420342344727	1.0	endpoint
N_LP.1206	0.0	0.43009919914960243	0.03932558275690899	1.7246151467338817	0.6288274412261826	0.47134397646995396	0.6288274412261826	0.528656023530046	0.5714285714285714	endpoint
N_LP.1207	0.0	0.6433721198952441	1.1861945061610673	1.6885385197070981	0.332778912935921	0.11745220238406899	0.667221087064079	0.882547797615931	0.7142857142857143	baseline
N_LP.1208	0.0	0.43749703475526364	1.1723828551013107	1.608368578935204	0.3454879327140065	0.1803090799074508	0.6545120672859934	0.8196909200925492	0.7142857142857143	baseline
N_LP.1209	0.0	0.10258701891820758	0.10639067787081168	1.365801536829727	0.45047402275828824	0.4064621757961778	0.5495259772417118	0.5935378242038222	0.5714285714285714	baseline
N_LP.121	0.0	0.2578394291504623	0.38075650207279793	1.410066722045581	0.544565214311126	0.5465259224143085	0.544565214311126	0.5465259224143085	0.5714285714285714	endpoint
N_LP.1210	0.0	0.06239649762721211	0.23620774434677025	1.1300708766309606	0.49123780042252657	0.40676205316345465	0.5087621995774734	0.5932379468365454	0.7142857142857143	baseline
N_LP.1211	0.0	0.14121793054349846	0.8368368531566679	1.4642570901114138	0.3557017583065832	0.16885395851077564	0.6442982416934169	0.8311460414892243	0.5714285714285714	baseline
N_LP.1212	0.0	0.30029389267653084	0.41032242108853817	1.5663154089432254	0.36408404063555083	0.2933711070672435	0.6359159593644492	0.7066288929327564	0.8571428571428571	baseline
N_LP.1213	0.14285714285714285	0.8092951870188354	1.0705779662115684	2.1755729108347404	0.2624544484716506	0.09358578410616966	0.7375455515283493	0.9064142158938303	0.8571428571428571	baseline
N_LP.1214	0.14285714285714285	0.3238274772609298	0.3764014265948614	2.00311065797905	0.5337904516333937	0.54517506919091	0.5337904516333937	0.54517506919091	0.5714285714285714	endpoint
N_LP.1215	0.0	0.01208468700452836	0.260072627538616	1.25693641994038	0.4758579371309035	0.543265785915028	0.5241420628690965	0.543265785915028	0.5714285714285714	baseline
N_LP.1216	0.0	0.7493482043625146	1.156513868633009	1.609918859474511	0.23412584398336792	0.1300646720335681	0.7658741560166321	0.8699353279664319	0.8571428571428571	baseline
N_LP.1217	0.0	0.96173089421766	1.1722821735594642	1.5700584775187902	0.17060708469104371	0.15169843040047748	0.8293929153089563	0.8483015695995225	1.0	baseline
N_LP.1218	0.0	0.04305104563471786	0.11675874126544034	1.363197172661325	0.41870270808591403	0.5025376846627398	0.581297291914086	0.5025376846627398	0.5714285714285714	baseline
N_LP.1219	0.0	0.3458785199940569	0.4248247007443606	1.3413879585611652	0.38337815077108484	0.296651501167661	0.6166218492289152	0.7033484988323391	0.7142857142857143	baseline
N_LP.122	0.14285714285714285	0.09458163805814175	0.44435558717286894	2.079483763540749	0.4631348364217687	0.5167462618317337	0.5368651635782313	0.5167462618317337	0.5714285714285714	endpoint
N_LP.1220	0.0	1.0931879630964534	1.1463692139318231	1.59265049383128	0.15320500125465172	0.13378974507068866	0.8467949987453482	0.8662102549293114	1.0	baseline
N_LP.1221	0.0	0.578508845089856	0.8013875795440962	1.825923890212772	0.3323006009255331	0.1478582486728931	0.6676993990744668	0.8521417513271069	0.7142857142857143	baseline
N_LP.1222	0.0	0.22794004981517216	0.040906569692626044	1.4849410444700568	0.5571405660937941	0.46174474914563535	0.5571405660937941	0.5382552508543647	0.5714285714285714	endpoint
N_LP.1223	0.0	0.5458221517021901	0.8798272716286603	1.640681022873572	0.6029339867134001	0.7334823832582237	0.6029339867134001	0.7334823832582237	0.7142857142857143	endpoint
N_LP.1224	0.0	0.15988030105747741	0.06242394595643192	0.9650468200316774	0.41077589087605515	0.4360870374191218	0.5892241091239449	0.5639129625808782	0.7142857142857143	baseline
N_LP.1225	0.0	0.8114793555839724	1.0595896539778058	1.6364247826503122	0.6909060246621975	0.6582823317667051	0.6909060246621975	0.6582823317667051	0.7142857142857143	endpoint
N_LP.1226	0.0	0.47070405964088163	0.26051258342834516	1.6671407476893543	0.36022111005107255	0.38639092311977535	0.6397788899489274	0.6136090768802247	0.8571428571428571	baseline
N_LP.1227	0.0	0.6142954548812921	0.6441249266561865	1.6730657608066837	0.2539845518875194	0.3384024506563159	0.7460154481124806	0.6615975493436841	0.8571428571428571	baseline
N_LP.1228	0.0	0.12885161823323693	0.22452648947962733	1.2885199099003608	0.5074243311908301	0.5179660169376684	0.5074243311908301	0.5179660169376684	0.5714285714285714	endpoint
N_LP.1229	0.0	0.057793708541422815	0.0076249423559423294	1.49774388365385	0.45703295097177055	0.47570605996307613	0.5429670490282295	0.5242939400369239	0.5714285714285714	baseline
N_LP.123	0.0	0.6761310764895933	0.9307483096858682	1.5177825635390643	0.6901810168094304	0.7502293754644138	0.6901810168094304	0.7502293754644138	0.7142857142857143	endpoint
N_LP.1230	0.0	1.0849991896689828	1.3840142355760778	1.63481193862731	0.7777975052141599	0.9127955785274379	0.7777975052141599	0.9127955785274379	0.8571428571428571	endpoint
N_LP.1231	0.0	0.0899701299727312	0.377063918922796	1.4725645384657866	0.49553289655462773	0.32011400399332457	0.5044671034453723	0.6798859960066754	0.7142857142857143	baseline
N_LP.1232	0.0	0.22942296954434835	0.02158416340250854	1.3191010044932607	0.5348633014226932	0.43801814048370197	0.5348633014226932	0.561981859516298	0.5714285714285714	endpoint
N_LP.1233	0.0	0.9778065369888018	1.1947415904230818	1.3742999745774012	0.1642822656650716	0.11505421015452037	0.8357177343349285	0.8849457898454797	1.0	baseline
N_LP.1234	0.0	0.9481168590738175	1.2987937896231738	1.58948574914492	0.20685453043038454	0.12131864581531346	0.7931454695696154	0.8786813541846865	0.8571428571428571	baseline
N_LP.1235	0.0	0.3483013523607755	0.5496216155204032	1.2700426306792338	0.3441923021841453	0.30092700812391227	0.6558076978158547	0.6990729918760877	0.7142857142857143	baseline
N_LP.1236	0.0	0.5234400733125704	1.0765229215952918	1.4957632028397922	0.6361153080739621	0.7095747456102092	0.6361153080739621	0.7095747456102092	0.7142857142857143	endpoint
N_LP.1237	0.0	0.44679415332733147	0.7485981850732304	1.647732068109829	0.5699852515654185	0.6420074501221372	0.5699852515654185	0.6420074501221372	0.7142857142857143	endpoint
N_LP.1238	0.0	0.7024099253751848	0.8779692440327723	1.7168503467245595	0.2757476927808134	0.20097644524054858	0.7242523072191867	0.7990235547594514	0.8571428571428571	baseline
N_LP.1239	0.0	0.3351115293736236	0.15583597624653175	1.63577812695853	0.5363755119324549	0.5040350461037678	0.5363755119324549	0.5040350461037678	0.7142857142857143	endpoint
N_LP.124	0.0	0.058408156729882456	0.14017126441164082	1.8500236587033427	0.5295363162080897	0.4982063064532683	0.5295363162080897	0.5017936935467318	0.5714285714285714	endpoint
N_LP.1240	0.0	0.37453562870098217	1.0203719125057815	1.4955707253224528	0.5750915719235533	0.5822330893038044	0.5750915719235533	0.5822330893038044	0.5714285714285714	endpoint
N_LP.1242	0.0	0.185129317914037	0.5447566355159971	1.420514682164023	0.4253039294147718	0.3984438708217161	0.5746960705852282	0.6015561291782838	0.7142857142857143	baseline
N_LP.1243	0.0	0.03645396712424095	0.05598970558472048	1.5990912012188006	0.4944972333124381	0.4457900623560087	0.5055027666875619	0.5542099376439913	0.5714285714285714	baseline
N_LP.1244	0.0	0.14837989198002272	0.25204203734181296	1.5097055791466156	0.5128355184796805	0.5317205366476019	0.5128355184796805	0.5317205366476019	0.5714285714285714	endpoint
N_LP.1245	0.0	0.6915894112965782	0.792044126385486	1.5990001807310952	0.6428871550386319	0.5822808606260336	0.6428871550386319	0.5822808606260336	0.7142857142857143	endpoint
N_LP.1246	0.0	0.32556652587742185	0.8934089932412761	1.4834543697478701	0.3656042286635925	0.15029761247354817	0.6343957713364075	0.8497023875264518	0.7142857142857143	baseline
N_LP.1247	0.0	0.8686890850808385	1.2172573287435118	1.4582725428916838	0.2274458958453979	0.203258169327853	0.7725541041546021	0.796741830672147	0.8571428571428571	baseline
N_LP.1248	0.0	0.8688598412632436	1.3545619782687932	1.7100007501969776	0.7685321699370918	0.9092282333340765	0.7685321699370918	0.9092282333340765	0.7142857142857143	endpoint
N_LP.1249	0.0	0.09117019093399423	0.17455738480288657	1.1858737801242902	0.4247547630454051	0.43969596188969323	0.5752452369545948	0.5603040381103068	0.5714285714285714	baseline
N_LP.125	0.0	0.03809183208036836	0.0969191709201159	0.6892438756751984	0.45869139699280875	0.41140370794209763	0.5413086030071912	0.5885962920579024	0.7142857142857143	baseline
N_LP.1250	0.0	0.28818782339155724	0.3301076112985775	0.6254856459977333	0.39111498923770266	0.39046048013833373	0.6088850107622974	0.6095395198616662	1.0	baseline
N_LP.1251	0.0	0.9608214461318176	1.2038804770733351	1.6244720054613282	0.18541889669137054	0.16643082464203662	0.8145811033086294	0.8335691753579634	0.8571428571428571	baseline
N_LP.1252	0.0	0.2572729828989871	0.20768530372031543	1.8127400597475365	0.5153657123008752	0.45797652565695746	0.5153657123008752	0.5420234743430425	0.5714285714285714	endpoint
N_LP.1253	0.14285714285714285	0.22005594424656794	0.013873307415716594	2.3536175709645004	0.4790932279027	0.43956071152974974	0.5209067720973	0.5604392884702503	0.5714285714285714	endpoint
N_LP.1254	0.0	0.45682681332978586	1.3005231573591707	1.6131792921753945	0.34662687721416596	0.16611812626748595	0.653373122785834	0.833881873732514	0.5714285714285714	baseline
N_LP.1255	0.0	0.6421902017178669	1.1289739278128534	1.5336945228742191	0.6411578652723467	0.7208892980738042	0.6411578652723467	0.7208892980738042	0.5714285714285714	endpoint
N_LP.1256	0.0	0.08871907030815498	0.0005623179040185553	1.562553903180232	0.49028442885882695	0.4803459728736193	0.509715571141173	0.5196540271263808	0.7142857142857143	baseline
N_LP.1257	0.0	0.1709758981432739	0.13449848938191694	1.488870396615456	0.5076431941608368	0.44564174059415457	0.5076431941608368	0.5543582594058454	0.5714285714285714	endpoint
N_LP.1258	0.0	0.5835326767628233	1.1637615505530756	1.589702490141704	0.6299350236926291	0.6475139242006717	0.6299350236926291	0.6475139242006717	0.5714285714285714	endpoint
N_LP.1259	0.0	0.36162633025694085	0.5892949129498978	0.9945300713449884	0.594958918377863	0.6575158272754045	0.594958918377863	0.6575158272754045	0.5714285714285714	endpoint
N_LP.126	0.0	0.6930356076556526	0.864332172744405	1.7384863190617246	0.27964047455675434	0.18183628786208228	0.7203595254432457	0.8181637121379177	0.8571428571428571	baseline
N_LP.1260	0.0	0.21921218724109778	0.40597859484126525	1.577207605832491	0.4537247614905339	0.310604499263529	0.546275238509466	0.6893955007364709	0.7142857142857143	baseline
N_LP.1261	0.0	0.42698383799263734	0.6390320201497963	1.6073325024033112	0.6122222892206545	0.6266375801540631	0.6122222892206545	0.6266375801540631	0.5714285714285714	endpoint
N_LP.1262	0.14285714285714285	1.0311473976954832	1.278291641440767	2.0507414531657204	0.1768931273509602	0.03497192314008274	0.8231068726490398	0.9650280768599173	0.8571428571428571	baseline
N_LP.1263	0.0	0.4860962976695811	0.6171627612900203	1.7114636375399843	0.5845390536970536	0.6470968601952017	0.5845390536970536	0.6470968601952017	0.7142857142857143	endpoint
N_LP.1264	0.0	0.23777105396664103	0.04155520713510183	1.5551467325671402	0.5851308056710354	0.46838673877874903	0.5851308056710354	0.531613261221251	0.5714285714285714	endpoint
N_LP.1266	0.0	0.050575160389112646	0.081835105038762	1.0866698331236877	0.46200822097358335	0.47649979255256586	0.5379917790264166	0.5235002074474342	0.5714285714285714	endpoint
N_LP.1267	0.0	0.44412597867449083	0.5042252483235086	1.6737521729503544	0.39935507337296555	0.34579395087229875	0.6006449266270344	0.6542060491277013	0.7142857142857143	baseline
N_LP.1268	0.0	0.37463191140743357	0.5642482561097802	1.7778387780343	0.39092406686328995	0.33995094178335156	0.60907593313671	0.6600490582166485	0.5714285714285714	baseline
N_LP.1269	0.0	0.2831071158840753	0.5986531024900681	1.1294713904997846	0.3810233361112094	0.32029292261646136	0.6189766638887906	0.6797070773835386	0.8571428571428571	baseline
N_LP.127	0.0	0.5411294184074444	0.40843910620176405	1.7987697693290532	0.6738608905696679	0.5980270642736059	0.6738608905696679	0.5980270642736059	0.7142857142857143	endpoint
N_LP.1270	0.0	0.4465350919070108	0.7773409811233182	1.6439897333381046	0.64260454633677	0.7722377569003563	0.64260454633677	0.7722377569003563	0.5714285714285714	endpoint
N_LP.1271	0.0	0.8001959649636065	1.195149200935426	1.5903475468987691	0.21211902628421253	0.14011036974142047	0.7878809737157875	0.8598896302585796	0.8571428571428571	baseline
N_LP.1272	0.0	0.09532396315009486	0.005288649924463064	1.5797519367362003	0.41145515944707645	0.43006365650716677	0.5885448405529236	0.5699363434928333	0.5714285714285714	baseline
N_LP.1273	0.0	0.13380483962379847	0.0930931501013692	1.8634555223209641	0.48836530612113505	0.5968904260372982	0.511634693878865	0.5968904260372982	0.5714285714285714	endpoint
N_LP.1274	0.0	0.6150651545922763	0.9885886755686745	1.5101505735208904	0.6496825566101316	0.7256602679822924	0.6496825566101316	0.7256602679822924	0.7142857142857143	endpoint
N_LP.1275	0.0	1.095890285193897	1.284683307005578	1.6226925143053665	0.7865896388206657	0.8269050902027787	0.7865896388206657	0.8269050902027787	0.8571428571428571	endpoint
N_LP.1276	0.0	0.08702573942512294	0.18713517124675633	1.4419314838239317	0.5458249448986311	0.4369827246258596	0.5458249448986311	0.5630172753741405	0.5714285714285714	endpoint
N_LP.1277	0.0	0.5817853742672252	1.031511427676481	1.6898682457803424	0.6323276888239854	0.643980517118761	0.6323276888239854	0.643980517118761	0.8571428571428571	endpoint
N_LP.1278	0.0	0.06475274886847672	0.1259326290305106	1.2423093302433244	0.4620016667410181	0.40270646312252845	0.5379983332589819	0.5972935368774716	0.5714285714285714	baseline
N_LP.1279	0.0	0.006157085785675388	0.326108056706206	1.5809528783323477	0.4849598166414518	0.5513743247715518	0.5150401833585482	0.5513743247715518	0.5714285714285714	endpoint
N_LP.128	0.0	0.1680078458320427	0.11491893437602303	1.5607109004879585	0.41305710811080293	0.46406867522240164	0.586942891889197	0.5359313247775983	0.7142857142857143	baseline
N_LP.1280	0.0	0.057138873445205185	0.14004425492156025	1.3867772638786817	0.47626804477073736	0.4048100534053146	0.5237319552292626	0.5951899465946854	0.7142857142857143	endpoint
N_LP.1281	0.0	0.5356170893505451	0.535731872364414	1.217538995123843	0.6476585649106087	0.6453918930157088	0.6476585649106087	0.6453918930157088	0.7142857142857143	endpoint
N_LP.1282	0.14285714285714285	1.1516650542443085	1.2597419306108644	2.036105150270109	0.7713978961858257	0.7718471375662865	0.7713978961858257	0.7718471375662865	0.8571428571428571	endpoint
N_LP.1283	0.0	0.20885773349200473	0.6102082113652311	1.5976509018127787	0.5104398195669025	0.5195206839492195	0.5104398195669025	0.5195206839492195	0.5714285714285714	endpoint
N_LP.1284	0.0	0.22911093702870028	0.1485998192465985	1.3135812658788875	0.441940405217791	0.5023238725311	0.558059594782209	0.5023238725311	0.5714285714285714	baseline
N_LP.1285	0.0	0.4608758129577938	0.6190468258805253	1.5281573123480237	0.5772637271524153	0.6344054850761457	0.5772637271524153	0.6344054850761457	0.5714285714285714	endpoint
N_LP.1287	0.0	0.44290369962498444	0.26422397637828926	1.6163744062736571	0.5902073227233663	0.5533200623704105	0.5902073227233663	0.5533200623704105	0.7142857142857143	endpoint
N_LP.1288	0.0	0.598219806627611	0.9551069610768143	1.64277790193055	0.295900741437283	0.22210759840209437	0.704099258562717	0.7778924015979056	0.7142857142857143	baseline
N_LP.1289	0.0	0.3442626079410314	0.012080145564290221	1.2299646306431709	0.3643704656069228	0.4280692717151347	0.6356295343930771	0.5719307282848654	0.8571428571428571	baseline
N_LP.1290	0.0	0.2535331594331791	0.3270708179468195	1.4084908591021326	0.5375195309855296	0.520203525793629	0.5375195309855296	0.520203525793629	0.5714285714285714	endpoint
N_LP.1291	0.0	0.7894531613920781	1.0051483786384587	1.2553018387970194	0.22233458708886214	0.14833039188568137	0.7776654129111379	0.8516696081143187	1.0	baseline
N_LP.1292	0.0	0.303296731121474	0.018805961985750328	1.2168134669838078	0.5538935708481285	0.5100187212617805	0.5538935708481285	0.5100187212617805	0.5714285714285714	endpoint
N_LP.1293	0.0	0.31687532569905746	0.19360321125411797	0.9403571183592347	0.5525048678059111	0.5191143120703745	0.5525048678059111	0.5191143120703745	0.5714285714285714	endpoint
N_LP.1294	0.0	0.7767174831511604	0.9976192752287026	1.2964566242412774	0.2543462500872276	0.1453389455920273	0.7456537499127724	0.8546610544079727	0.8571428571428571	baseline
N_LP.1295	0.0	0.02577988487478303	0.47170483353865894	1.5298662267316852	0.4212505829093982	0.2874089273135745	0.5787494170906018	0.7125910726864255	0.7142857142857143	baseline
N_LP.1296	0.0	0.47983569415972666	0.38846374277219264	1.1319221845109544	0.3254853659098603	0.36682769763676065	0.6745146340901397	0.6331723023632394	0.8571428571428571	baseline
N_LP.1297	0.0	0.47532529747801316	0.7656130286140415	1.3410739883012746	0.3486143428339556	0.3019855086177448	0.6513856571660444	0.6980144913822552	0.7142857142857143	baseline
N_LP.1298	0.0	0.367182372237357	0.7265673746142812	1.7944104585284797	0.5619219238475678	0.563780386178943	0.5619219238475678	0.563780386178943	0.5714285714285714	endpoint
N_LP.1299	0.0	0.08844354473098451	0.2188016952899298	1.0730058531428588	0.48759479527218225	0.5367259018488074	0.5124052047278178	0.5367259018488074	0.7142857142857143	endpoint
N_LP.13	0.0	0.13061258423852032	0.09508550997101053	1.2290805129099622	0.4924704234833787	0.44076046317065437	0.5075295765166212	0.5592395368293457	0.5714285714285714	endpoint
N_LP.130	0.0	0.09659859512552109	0.6288193626912716	1.6151006486344623	0.5155070139876528	0.6800291561554698	0.5155070139876528	0.6800291561554698	0.5714285714285714	endpoint
N_LP.1300	0.0	0.4380868088442914	0.3508969458009972	1.3561890670726386	0.5938212828641721	0.5530451808957199	0.5938212828641721	0.5530451808957199	0.5714285714285714	endpoint
N_LP.1301	0.0	0.1563319531118172	0.28524999897146297	1.3019389148455216	0.443606725297387	0.5388840450559863	0.556393274702613	0.5388840450559863	0.5714285714285714	baseline
N_LP.1302	0.0	0.9609642439087706	1.1431294859428842	1.9697741959252983	0.22478409803973154	0.12505159250161088	0.7752159019602685	0.8749484074983891	0.7142857142857143	baseline
N_LP.1303	0.0	0.48904855726636626	0.32081923669167417	1.468296055469681	0.6188863112880688	0.5465569199023923	0.6188863112880688	0.5465569199023923	0.5714285714285714	endpoint
N_LP.1304	0.0	0.6076406917519324	1.1402120961612936	1.508500309541711	0.63330706508573	0.723313557483542	0.63330706508573	0.723313557483542	0.7142857142857143	endpoint
N_LP.1305	0.0	0.21966468308662077	0.7102339221930268	1.435874869242549	0.41020313408947395	0.34019550088751166	0.589796865910526	0.6598044991124883	0.7142857142857143	baseline
N_LP.1306	0.0	0.2906927790494674	0.045868592296692615	1.6537147737843945	0.5397792100403864	0.5195308672053868	0.5397792100403864	0.5195308672053868	0.5714285714285714	endpoint
N_LP.1307	0.0	0.12424101248752294	0.35168561560550693	1.4494336713220521	0.5539947102882322	0.5597863131339793	0.5539947102882322	0.5597863131339793	0.5714285714285714	endpoint
N_LP.1308	0.0	0.19313214520220331	0.10963349618310912	1.0952275310355033	0.39717385370815633	0.4437135749368322	0.6028261462918436	0.5562864250631678	0.5714285714285714	baseline
N_LP.1309	0.0	0.4211242126055659	0.6807407740255031	1.6278110569937494	0.6237439447399835	0.665803891634361	0.6237439447399835	0.665803891634361	0.7142857142857143	endpoint
N_LP.131	0.0	0.1025745271889288	0.0895469302442421	1.3249381675956315	0.5052035397937413	0.45371747832071607	0.5052035397937413	0.5462825216792839	0.7142857142857143	endpoint
N_LP.1310	0.0	0.5618765056100689	0.8523077369263461	1.1900780488048595	0.31399931888276467	0.2397986029409448	0.6860006811172353	0.7602013970590552	0.8571428571428571	baseline
N_LP.1311	0.0	0.3009173574078895	0.2976024846125706	1.2631230920037542	0.3605369818277649	0.4131530919319607	0.6394630181722352	0.5868469080680393	0.8571428571428571	baseline
N_LP.1312	0.0	0.05524300427729883	0.1419834646582484	0.8977095983511034	0.5009912539647515	0.5076455728473467	0.5009912539647515	0.5076455728473467	0.5714285714285714	endpoint
N_LP.1313	0.0	0.414686071795572	0.751081438400105	1.900245679480235	0.5454110227067337	0.5461251531940491	0.5454110227067337	0.5461251531940491	0.5714285714285714	endpoint
N_LP.1314	0.0	0.0820398902976466	0.09374175158352234	1.197858530982147	0.47765605371883985	0.45749995654400466	0.5223439462811601	0.5425000434559953	0.5714285714285714	endpoint
N_LP.1315	0.0	0.15949425334564268	0.13372214091770762	1.1781106356706699	0.5254883465624022	0.46990103617590195	0.5254883465624022	0.530098963824098	0.7142857142857143	endpoint
N_LP.1316	0.0	0.5172481448690235	0.4569505006432286	1.9375761856692015	0.3514173884862588	0.3563563436161913	0.6485826115137412	0.6436436563838087	0.7142857142857143	baseline
N_LP.1317	0.0	0.24818944257889633	0.3994865781583941	1.015579963177207	0.3968785880786081	0.36514234976474247	0.6031214119213919	0.6348576502352575	0.5714285714285714	baseline
N_LP.1318	0.0	0.09098421763696773	0.17368008488212658	1.6499294274546203	0.42699699428281346	0.48229515372407583	0.5730030057171865	0.5177048462759242	0.5714285714285714	baseline
N_LP.1319	0.0	0.47099106352223263	1.0704242937890822	1.5428521170925178	0.38572920478539957	0.19032628742984148	0.6142707952146005	0.8096737125701585	0.7142857142857143	baseline
N_LP.132	0.0	1.1541196496276243	1.1170578082277	1.6286661398012545	0.13694515750851735	0.15383692280148506	0.8630548424914827	0.8461630771985149	1.0	baseline
N_LP.1320	0.0	0.2160476176488643	0.608686822020889	1.5061138273787549	0.465528154020835	0.21956097502340516	0.534471845979165	0.7804390249765949	0.5714285714285714	baseline
N_LP.1321	0.0	0.06760487331545414	0.5686852540086768	1.0098922846184113	0.43889752925870545	0.339272542378384	0.5611024707412946	0.660727457621616	0.5714285714285714	baseline
N_LP.1322	0.0	0.1522392807804602	0.18603829587292908	1.138394623993904	0.5265408863955475	0.4861284120078737	0.5265408863955475	0.5138715879921263	0.5714285714285714	endpoint
N_LP.1323	0.0	0.586417387182901	0.7197176667290192	1.2434857676685074	0.31502435110382454	0.3368572018907911	0.6849756488961755	0.6631427981092088	0.8571428571428571	baseline
N_LP.1324	0.0	0.18086824644966182	0.14678713668586937	1.1155608230633278	0.41750509066598684	0.3828929317782405	0.5824949093340132	0.6171070682217594	0.8571428571428571	baseline
N_LP.1325	0.0	0.5053898273992882	0.9687931629545428	1.455752644401461	0.6338525062576412	0.6863356489001241	0.6338525062576412	0.6863356489001241	0.5714285714285714	endpoint
N_LP.1326	0.0	0.07157298262295454	0.4689673886145348	1.1629007599823629	0.48253462467229064	0.2984032345694613	0.5174653753277094	0.7015967654305387	0.5714285714285714	baseline
N_LP.1327	0.0	0.811866406369034	1.0134293943068269	1.6401602434648423	0.6958505504188591	0.6419714021502427	0.6958505504188591	0.6419714021502427	0.8571428571428571	endpoint
N_LP.1328	0.0	0.5028954521575074	1.1128435744564102	1.425148276410407	0.33601564060500866	0.1699227530613422	0.6639843593949913	0.8300772469386578	0.7142857142857143	baseline
N_LP.1329	0.0	0.21455194659273147	0.45266295777314186	1.1764351440635723	0.41184846597249525	0.29525087152929586	0.5881515340275048	0.7047491284707041	0.7142857142857143	baseline
N_LP.133	0.0	0.4054795146303109	0.32154061803773304	1.541231805838286	0.3487610547882799	0.3383745957381246	0.6512389452117201	0.6616254042618754	0.8571428571428571	baseline
N_LP.1330	0.0	0.07890207984999366	0.26169768095784984	1.3512631769316705	0.49401964093436884	0.5338034192106221	0.5059803590656311	0.5338034192106221	0.5714285714285714	endpoint
N_LP.1331	0.0	0.7108322290348673	0.8524893199374042	1.2050790502157422	0.2704128509041722	0.22175384486821617	0.7295871490958278	0.7782461551317839	0.8571428571428571	baseline
N_LP.1332	0.0	0.04136191249869525	0.22873339865569212	1.3827386545030895	0.48219577274666253	0.4922767923665466	0.5178042272533374	0.5077232076334535	0.5714285714285714	endpoint
N_LP.1333	0.0	0.11252786832744889	0.1318976951265747	1.1387933999826172	0.4365014665962969	0.40605563013160184	0.563498533403703	0.5939443698683982	0.5714285714285714	baseline
N_LP.1334	0.0	0.8924270643101021	1.0696369269762558	1.495882758904097	0.732810870802009	0.7959072854213457	0.732810870802009	0.7959072854213457	0.8571428571428571	endpoint
N_LP.1335	0.0	0.8165807967844313	1.1388985907072497	1.7855200960280864	0.6754786447276231	0.8170835957244093	0.6754786447276231	0.8170835957244093	0.7142857142857143	endpoint
N_LP.1336	0.0	0.7060381505726168	0.652882403597734	1.566185710460253	0.6992825905129749	0.7767187373898042	0.6992825905129749	0.7767187373898042	0.7142857142857143	endpoint
N_LP.1337	0.0	0.06125650551157534	0.0388460401520271	1.3768421063514364	0.45400924103040063	0.468971151055522	0.5459907589695994	0.531028848944478	0.5714285714285714	baseline
N_LP.1338	0.0	0.2393350247926999	0.27905436872177003	1.614416428566925	0.3918370608583492	0.34186640591183687	0.6081629391416508	0.6581335940881632	0.5714285714285714	baseline
N_LP.1339	0.0	0.43270442881768384	1.0032153889626843	1.7961934138939721	0.619605730169452	0.7528908464305398	0.619605730169452	0.7528908464305398	0.5714285714285714	endpoint
N_LP.134	0.0	0.08554647526484091	0.4011180354292354	1.682545232781791	0.5449410685571803	0.5760437262014633	0.5449410685571803	0.5760437262014633	0.5714285714285714	endpoint
N_LP.1340	0.0	0.194447781214422	0.43898245251322654	1.2231932412801214	0.39978640782770325	0.3418322690646352	0.6002135921722968	0.6581677309353648	0.7142857142857143	baseline
N_LP.1341	0.0	0.8793543049921924	1.1413510445043045	1.604982482090533	0.6939747847965719	0.7523636829416875	0.6939747847965719	0.7523636829416875	0.8571428571428571	endpoint
N_LP.1342	0.0	0.5996504920728308	0.6981150062105389	1.6425319666161888	0.30122858901736943	0.19285764873710265	0.6987714109826306	0.8071423512628974	0.8571428571428571	baseline
N_LP.1343	0.0	0.3181990341285207	0.2220837708523495	1.6214546281702324	0.551731050431432	0.5252580414095238	0.551731050431432	0.5252580414095238	0.5714285714285714	endpoint
N_LP.1344	0.0	0.0794817161127659	0.419528430758979	1.1497026088456117	0.4786827007681989	0.30614820761734984	0.5213172992318011	0.6938517923826502	0.5714285714285714	baseline
N_LP.1345	0.0	0.3479208373786191	0.047335021053954984	1.4913287554490375	0.6245997391760867	0.4947473940944899	0.6245997391760867	0.50525260590551	0.5714285714285714	endpoint
N_LP.1346	0.0	0.6339199287549891	1.2790333274731132	1.5029815872542354	0.26933561923527255	0.09640084592233267	0.7306643807647275	0.9035991540776673	0.7142857142857143	baseline
N_LP.1347	0.0	0.37877733053537405	0.7064929193802421	1.2077282367299882	0.3641964554851033	0.31820229616274154	0.6358035445148966	0.6817977038372585	0.7142857142857143	baseline
N_LP.1348	0.0	0.4929061554760091	0.8548143523739807	1.3829485025729997	0.5998234524045981	0.5569199940893066	0.5998234524045981	0.5569199940893066	0.7142857142857143	endpoint
N_LP.1349	0.0	0.7623801276866383	1.1866562812699128	1.6468981447103526	0.6956006667824133	0.7697604365781642	0.6956006667824133	0.7697604365781642	0.7142857142857143	endpoint
N_LP.135	0.0	0.3294794217357354	0.2788534208136952	1.5669123649211247	0.40174371977923135	0.34192873574532273	0.5982562802207687	0.6580712642546773	0.5714285714285714	baseline
N_LP.1350	0.0	0.16982959013514803	0.013691704643926512	0.6871943029142412	0.5358573461884453	0.48030441446989963	0.5358573461884453	0.5196955855301004	0.5714285714285714	endpoint
N_LP.1351	0.0	1.0800381704993571	1.2250248566216417	1.7946101520415834	0.1584162524512893	0.12351619851684528	0.8415837475487107	0.8764838014831547	0.8571428571428571	baseline
N_LP.1352	0.0	0.7917064283318045	0.8220219737919953	1.6121278569031345	0.236346318131849	0.2654724369943004	0.763653681868151	0.7345275630056995	0.8571428571428571	baseline
N_LP.1353	0.0	0.46719752657128105	0.4439448266862908	1.6311828743309922	0.5737687813453599	0.4940996709570482	0.5737687813453599	0.5059003290429518	0.5714285714285714	endpoint
N_LP.1354	0.0	0.26862161334719736	0.5744584876394239	1.4358519454663643	0.42118665160530416	0.32522356739994757	0.5788133483946958	0.6747764326000525	0.7142857142857143	baseline
N_LP.1355	0.0	0.020467157060593395	0.026548529065594958	1.258432832343359	0.5015214442746031	0.4882255605879764	0.5015214442746031	0.5117744394120236	0.5714285714285714	baseline
N_LP.1356	0.0	0.32594989776146077	0.4662509879268248	1.2213449557480807	0.36037632168485584	0.3488300177194166	0.6396236783151441	0.6511699822805834	0.7142857142857143	baseline
N_LP.1357	0.0	0.9332796928653784	1.1389370035969713	1.6687814067337183	0.7726890440995604	0.7901027931293375	0.7726890440995604	0.7901027931293375	0.8571428571428571	endpoint
N_LP.1358	0.0	0.08174577612541942	0.609191380125562	1.2679397233126273	0.4738237036442179	0.37576269858350275	0.5261762963557821	0.6242373014164972	0.5714285714285714	baseline
N_LP.1359	0.0	0.7053895707800438	1.1699648659851012	1.4832033044267063	0.23664899257719024	0.0814127755201914	0.7633510074228098	0.9185872244798086	0.7142857142857143	baseline
N_LP.136	0.0	0.8392966134818984	1.2080435371225968	1.5583045975125767	0.2333031048620786	0.16798829782341757	0.7666968951379214	0.8320117021765825	0.8571428571428571	baseline
N_LP.1360	0.0	0.06296604199028577	0.6720058699418333	1.5539544057573582	0.4655356448194489	0.663815739143012	0.534464355180551	0.663815739143012	0.5714285714285714	endpoint
N_LP.1361	0.0	0.5942687949138433	0.7077507534745715	1.5208657060676996	0.32340948540779035	0.23592545548071342	0.6765905145922096	0.7640745445192866	0.8571428571428571	baseline
N_LP.1362	0.0	0.37116874043743764	1.0095273703548036	1.4738327351069236	0.5716482289862876	0.5867058711329313	0.5716482289862876	0.5867058711329313	0.5714285714285714	endpoint
N_LP.1363	0.0	0.7959847000715546	1.292159994515829	1.7954439955741741	0.6743225198357796	0.8292242021159325	0.6743225198357796	0.8292242021159325	0.8571428571428571	endpoint
N_LP.1364	0.0	0.8025634221685589	1.0801263158423728	1.288451270734968	0.2638734143641	0.167606100359067	0.7361265856359	0.832393899640933	0.8571428571428571	baseline
N_LP.1365	0.0	0.5228627720717228	0.12355069393914364	1.3343004494859367	0.35105976960153307	0.4034853350541126	0.6489402303984669	0.5965146649458875	0.8571428571428571	baseline
N_LP.1366	0.0	1.1399062543081548	1.1226132928491603	1.4063325323854856	0.14880757216831483	0.1516273552982096	0.8511924278316851	0.8483726447017904	1.0	baseline
N_LP.1367	0.0	0.4304686132122702	0.3119646646542523	1.3458601648375843	0.3332970087867868	0.3983578544595318	0.6667029912132132	0.6016421455404681	0.8571428571428571	baseline
N_LP.1368	0.0	0.2111680739755144	0.734524652743951	1.4006128308899226	0.4362305517763275	0.2889301268478123	0.5637694482236725	0.7110698731521877	0.5714285714285714	baseline
N_LP.1369	0.0	0.17671626852303074	0.06745560873413944	1.141248087981117	0.4110507072197903	0.43653596070625894	0.5889492927802097	0.5634640392937411	0.5714285714285714	baseline
N_LP.137	0.0	0.1489044892175159	0.5229886726296221	1.2293664587544944	0.5641836750136868	0.6161247357257654	0.5641836750136868	0.6161247357257654	0.5714285714285714	endpoint
N_LP.1370	0.0	0.044360521722301795	0.1526378232763779	1.7489508954524302	0.44276330943613157	0.4495599839255724	0.5572366905638684	0.5504400160744276	0.5714285714285714	endpoint
N_LP.1371	0.0	0.005494979516596736	0.25279139006928725	1.1196247649029711	0.48825575691828593	0.4950157508837047	0.5117442430817141	0.5049842491162952	0.5714285714285714	baseline
N_LP.1372	0.0	0.5730238279900677	0.4156172803100171	1.3437558256065774	0.2831149413986375	0.362676029295199	0.7168850586013624	0.6373239707048011	0.7142857142857143	baseline
N_LP.1373	0.0	0.5733946719616841	0.9493305347520079	1.5696920812559345	0.6748847617012215	0.7228856821191734	0.6748847617012215	0.7228856821191734	0.7142857142857143	endpoint
N_LP.1374	0.0	0.5730839165547351	0.5941743088039341	1.3339285122460849	0.3282918063432404	0.2472496614658118	0.6717081936567596	0.7527503385341883	0.7142857142857143	baseline
N_LP.1375	0.0	0.5338785087498653	0.66249342901772	1.7919898818329647	0.6470649267640063	0.5795406428216331	0.6470649267640063	0.5795406428216331	0.7142857142857143	endpoint
N_LP.1376	0.0	0.335917026496965	0.2065099375641749	1.5927152471100652	0.35556506298618823	0.4261944494209336	0.6444349370138118	0.5738055505790665	0.5714285714285714	baseline
N_LP.1377	0.0	1.0480838650508038	1.1457965054437695	1.7338268231648695	0.19333213318339235	0.16562952373465828	0.8066678668166076	0.8343704762653417	1.0	baseline
N_LP.1378	0.0	0.5127764625308338	0.6722074693016291	1.0121060202741403	0.3469106334261225	0.2841993783698746	0.6530893665738775	0.7158006216301254	0.8571428571428571	baseline
N_LP.1379	0.0	0.08454074097209203	0.03633886003737692	1.1980303694671972	0.44575881144407126	0.43177833307572555	0.5542411885559287	0.5682216669242744	0.7142857142857143	baseline
N_LP.138	0.0	0.7889342221678233	1.1326866014262256	1.4945984263068637	0.22714793715002327	0.19217136965489845	0.7728520628499768	0.8078286303451016	0.8571428571428571	baseline
N_LP.1380	0.0	0.6339304323121123	0.7183585334792539	1.4002904020286595	0.6799428396300305	0.7160684497503199	0.6799428396300305	0.7160684497503199	0.8571428571428571	endpoint
N_LP.1381	0.0	0.1895263426328197	0.06065049547083992	1.428658027918765	0.4076325529733765	0.4983433488299001	0.5923674470266235	0.5016566511700999	0.5714285714285714	baseline
N_LP.1382	0.14285714285714285	1.2689276711700317	1.5023774612212542	2.393557042206836	0.7924391225035133	0.8505189836988654	0.7924391225035133	0.8505189836988654	0.8571428571428571	endpoint
N_LP.1383	0.0	0.3154854801332636	0.1943561607489599	1.5995368057131805	0.5044572757756847	0.5379428011131586	0.5044572757756847	0.5379428011131586	0.7142857142857143	endpoint
N_LP.1384	0.0	0.09796003511261235	0.524801171317715	1.4415027790203547	0.42376812413837367	0.4054682382389736	0.5762318758616263	0.5945317617610264	0.5714285714285714	baseline
N_LP.1385	0.0	0.3226346430639334	0.2718955395193001	1.2507044878049887	0.33998346011385266	0.40853652319038	0.6600165398861473	0.5914634768096201	0.7142857142857143	baseline
N_LP.1386	0.14285714285714285	0.9844389630298144	1.1681403903739602	2.023528565485907	0.7348425789789438	0.8283032615589646	0.7348425789789438	0.8283032615589646	0.7142857142857143	endpoint
N_LP.1387	0.0	0.004592233260197341	0.23073047032866578	1.1720542375178111	0.4797651205428463	0.3909444902536529	0.5202348794571536	0.609055509746347	0.5714285714285714	baseline
N_LP.1388	0.0	0.0983727009915378	0.07625065577159167	1.4971145830104609	0.5078752997563547	0.46090235473819857	0.5078752997563547	0.5390976452618015	0.5714285714285714	endpoint
N_LP.1389	0.0	0.14504233426327165	0.13381645501812534	1.6170538175105624	0.4168457443938011	0.39625721854006984	0.5831542556061988	0.6037427814599301	0.7142857142857143	baseline
N_LP.139	0.0	0.22101197278367066	0.24838413215717875	1.4225216949975206	0.5570921586124061	0.5490423805506149	0.5570921586124061	0.5490423805506149	0.5714285714285714	endpoint
N_LP.1390	0.0	0.348878719426172	0.4154469281305981	1.453551694413985	0.3673394433403177	0.3688437949212575	0.6326605566596823	0.6311562050787425	0.8571428571428571	baseline
N_LP.1391	0.0	0.04048194815516198	0.25152994706820847	1.079663641705453	0.4634376418374203	0.4114268053794017	0.5365623581625797	0.5885731946205983	0.7142857142857143	baseline
N_LP.1392	0.0	0.9992586058068118	1.1265133783418075	1.767746216901048	0.7272301587565985	0.8074681977074996	0.7272301587565985	0.8074681977074996	0.8571428571428571	endpoint
N_LP.1393	0.0	0.4040268202292102	0.4490301692661247	1.3994226726745747	0.37626660534671075	0.32187547420083457	0.6237333946532893	0.6781245257991655	0.8571428571428571	baseline
N_LP.1394	0.0	1.1623082504278563	1.3564620819711521	1.6285587204731922	0.1365795732705767	0.05087051395081303	0.8634204267294233	0.949129486049187	1.0	baseline
N_LP.1395	0.0	0.73374299356732	0.9072586991968581	1.905728949022147	0.26684541219513586	0.15035397052677615	0.7331545878048642	0.8496460294732239	0.8571428571428571	baseline
N_LP.1396	0.0	0.6176803616268426	0.7221287767094687	1.7553744139127827	0.6326571834977038	0.6524124540962676	0.6326571834977038	0.6524124540962676	0.7142857142857143	endpoint
N_LP.1397	0.0	0.28255697148221504	0.7403480808197167	1.0763602684260833	0.5432591910157955	0.6370562536461329	0.5432591910157955	0.6370562536461329	0.5714285714285714	endpoint
N_LP.1398	0.0	0.3071019995405391	0.48078856748892373	1.4599687261413052	0.3676970965561207	0.35271159761175475	0.6323029034438793	0.6472884023882453	0.7142857142857143	baseline
N_LP.1399	0.0	0.7579989428576799	1.356011251901837	1.4757492781150643	0.678268092373764	0.6412498713523749	0.678268092373764	0.6412498713523749	0.7142857142857143	endpoint
N_LP.14	0.0	0.7679004158890671	1.1820521155430732	1.6318434400552042	0.21342513300077318	0.12533517616472606	0.7865748669992269	0.8746648238352739	0.8571428571428571	baseline
N_LP.140	0.0	0.1300976402343094	0.5449220924306906	1.9501511625133428	0.38714083450193254	0.3147417561438737	0.6128591654980675	0.6852582438561263	0.7142857142857143	baseline
N_LP.1400	0.0	0.08594357285077471	0.2741456138502458	1.7064759358391375	0.46848489511653824	0.46813804384413465	0.5315151048834618	0.5318619561558653	0.5714285714285714	endpoint
N_LP.1401	0.0	0.22107042643895877	0.25745750725515704	0.7467116233666631	0.5487092883680494	0.5338384890803131	0.5487092883680494	0.5338384890803131	0.8571428571428571	endpoint
N_LP.1402	0.0	0.5749534344169475	0.5885188359561738	1.2741247442385544	0.6577901967641291	0.6061293039442813	0.6577901967641291	0.6061293039442813	0.7142857142857143	endpoint
N_LP.1403	0.0	0.1389537547170615	0.43925638782761156	1.4928206947592937	0.43251449994384256	0.36333933260185786	0.5674855000561574	0.6366606673981421	0.7142857142857143	baseline
N_LP.1404	0.0	0.48631451139303356	0.7900365826834207	1.3404103791230364	0.2957396305674876	0.31210478835938904	0.7042603694325125	0.687895211640611	0.7142857142857143	baseline
N_LP.1405	0.0	0.616770109521809	0.6927983098999017	1.4346484891246807	0.6627279864574422	0.6877784609686192	0.6627279864574422	0.6877784609686192	0.8571428571428571	endpoint
N_LP.1406	0.0	0.8867076367011879	1.236273286614476	1.5719253045806043	0.18702398144909566	0.13432179187427745	0.8129760185509043	0.8656782081257226	1.0	baseline
N_LP.1407	0.14285714285714285	0.05715934934738371	0.17699445529780208	2.005476851672448	0.4017522860153876	0.373523254048455	0.5982477139846124	0.626476745951545	0.5714285714285714	baseline
N_LP.1408	0.0	0.2609136680406076	0.8100737036838412	1.5871973067497933	0.39199746704199667	0.29842254712424726	0.6080025329580033	0.7015774528757528	0.5714285714285714	baseline
N_LP.1409	0.0	0.8033843971387412	1.049129461709888	1.4815969574497356	0.711745216441703	0.7036655217194955	0.711745216441703	0.7036655217194955	0.8571428571428571	endpoint
N_LP.141	0.0	0.4437386994070303	0.6310329150629178	0.9316679489244324	0.350811160211968	0.33192777525525463	0.649188839788032	0.6680722247447454	0.7142857142857143	baseline
N_LP.1410	0.0	0.3990946255316759	0.7176218060408773	1.4013590469461805	0.5867124494565511	0.6801359910470475	0.5867124494565511	0.6801359910470475	0.5714285714285714	endpoint
N_LP.1411	0.0	0.6233028758784596	1.11634987504197	1.6728731923822728	0.2465413127308477	0.03066278159179788	0.7534586872691523	0.9693372184082021	0.8571428571428571	baseline
N_LP.1412	0.14285714285714285	0.3899692134016535	0.8287200009881242	2.3218671082415243	0.29775141227713325	0.18955358174918063	0.7022485877228668	0.8104464182508193	0.8571428571428571	baseline
N_LP.1413	0.0	0.8980295122609324	1.1853809635788086	1.420434158835384	0.1911298804573581	0.11622233728781728	0.8088701195426419	0.8837776627121827	0.8571428571428571	baseline
N_LP.1415	0.0	0.43337683032914864	0.456112181060186	1.740543859958885	0.592767417491573	0.60514106977066	0.592767417491573	0.60514106977066	0.7142857142857143	endpoint
N_LP.1416	0.0	0.1300703850466356	0.06581802236158298	1.6179277584461744	0.5553510078831957	0.46576972316030607	0.5553510078831957	0.5342302768396939	0.5714285714285714	endpoint
N_LP.1417	0.0	0.2767628448402213	0.47554687689155883	1.7710930056821381	0.5256701670338962	0.5799342395928522	0.5256701670338962	0.5799342395928522	0.5714285714285714	endpoint
N_LP.1418	0.0	0.5421536787256265	0.6911869218379892	1.4255423554080742	0.6150508552821569	0.5449968783316244	0.6150508552821569	0.5449968783316244	0.7142857142857143	endpoint
N_LP.1419	0.0	0.07251986981783227	0.25555777551666337	1.6670734942783505	0.44504916527058047	0.47418038657893474	0.5549508347294195	0.5258196134210653	0.5714285714285714	baseline
N_LP.142	0.0	0.24834983536090402	0.49388031057703763	1.2357077176461784	0.5060046741697357	0.6151570810216697	0.5060046741697357	0.6151570810216697	0.7142857142857143	endpoint
N_LP.1420	0.0	0.16552826147717728	0.44344521361912026	1.294121690863008	0.38684949783869405	0.4341057148107782	0.613150502161306	0.5658942851892218	0.5714285714285714	baseline
N_LP.1421	0.0	0.10231596471888525	0.5630339831302388	1.5975917514550166	0.44097526445089436	0.3401365993125097	0.5590247355491056	0.6598634006874903	0.7142857142857143	baseline
N_LP.1422	0.0	0.13711770382045158	0.0902732817467899	1.8243785751352322	0.48553191503759974	0.41241983807409205	0.5144680849624003	0.587580161925908	0.5714285714285714	endpoint
N_LP.1423	0.0	0.34612557553024575	0.9475074877794691	1.8388375021726373	0.6194276211717739	0.8216964914135149	0.6194276211717739	0.8216964914135149	0.5714285714285714	endpoint
N_LP.1424	0.0	0.09389888171651085	0.37083844367376834	1.9174685077952685	0.5126384433721237	0.380883007271009	0.5126384433721237	0.619116992728991	0.5714285714285714	baseline
N_LP.1425	0.0	0.49199358252293734	0.41179674559747	1.3583532840016197	0.3394309642010368	0.3588810170820982	0.6605690357989632	0.6411189829179018	0.8571428571428571	baseline
N_LP.1426	0.0	0.8021465741994396	1.1573679831740833	1.7184436722744383	0.7098935380497575	0.698137712222227	0.7098935380497575	0.698137712222227	0.8571428571428571	endpoint
N_LP.1427	0.0	0.11979320222108945	0.38818309151181507	1.3726430089282957	0.41934952486296967	0.5793890943117961	0.5806504751370303	0.5793890943117961	0.5714285714285714	baseline
N_LP.1428	0.0	0.04421040964117056	0.10599930994797557	1.570053868131728	0.4655693078885041	0.4895975641694057	0.5344306921114959	0.5104024358305943	0.5714285714285714	baseline
N_LP.1429	0.0	0.4596636795778454	0.28042438018669713	1.531453693866699	0.35832640364559565	0.34144145704175055	0.6416735963544044	0.6585585429582494	0.8571428571428571	baseline
N_LP.143	0.0	0.34492764882272337	0.410708367309242	1.3956907891388077	0.38348130241217493	0.301030092220791	0.6165186975878251	0.698969907779209	0.5714285714285714	baseline
N_LP.1430	0.0	0.009241602118055676	0.2255376961381509	1.3469736002438804	0.4206001852488841	0.3699481897999252	0.5793998147511159	0.6300518102000747	0.5714285714285714	endpoint
N_LP.1431	0.0	1.0638540109703463	1.049268320405475	1.7191958981451079	0.18213002072089504	0.11234702931193709	0.817869979279105	0.8876529706880629	0.8571428571428571	baseline
N_LP.1432	0.0	1.417508433756242	1.4133834467097075	1.9997432173109908	0.8668887753613027	0.8976567481300392	0.8668887753613027	0.8976567481300392	1.0	endpoint
N_LP.1433	0.0	0.8421480969638834	1.2738153931387948	1.5943627373785239	0.2515828529429868	0.22108969733359518	0.7484171470570131	0.7789103026664048	0.8571428571428571	baseline
N_LP.1434	0.0	0.48956944930871654	0.8984266796404277	1.2024479747512984	0.35330359281981866	0.2741456587558968	0.6466964071801813	0.7258543412441032	0.7142857142857143	baseline
N_LP.1435	0.14285714285714285	1.4476040077892462	1.3113797615541227	2.006053536104034	0.8672480442996575	0.8582355370635717	0.8672480442996575	0.8582355370635717	1.0	endpoint
N_LP.1436	0.0	0.606809388006938	0.6935209262307741	1.4884848067786656	0.6533392694738208	0.6435388978905415	0.6533392694738208	0.6435388978905415	0.7142857142857143	endpoint
N_LP.1437	0.0	0.0857425734372163	0.003428303916034981	1.3553544656114083	0.49826183982997346	0.5564308601365894	0.5017381601700266	0.5564308601365894	0.5714285714285714	endpoint
N_LP.1438	0.0	0.16381329628676713	0.11801552051924942	1.2481613797391724	0.40112213214931025	0.45189298032577585	0.5988778678506897	0.5481070196742241	0.5714285714285714	baseline
N_LP.1439	0.0	0.10414245284657242	0.10630874844106565	1.247877062975882	0.5111915481019816	0.5527784942377767	0.5111915481019816	0.5527784942377767	0.5714285714285714	endpoint
N_LP.144	0.0	0.43728345975763855	0.03283024725362224	1.7333740914223474	0.36980917803016	0.4312418800777756	0.63019082196984	0.5687581199222245	0.8571428571428571	baseline
N_LP.1440	0.0	0.06511864213788043	0.20397470351852093	1.4834271580091005	0.44080632992907126	0.4149718196043499	0.5591936700709288	0.5850281803956501	0.7142857142857143	baseline
N_LP.1441	0.0	0.6570128796301014	0.8214157290842834	1.9330805316290087	0.29156070638549547	0.2548862836135548	0.7084392936145045	0.7451137163864452	0.8571428571428571	baseline
N_LP.1442	0.0	0.01275054158139848	0.003247114398193903	1.1851806217142367	0.4720594818206004	0.4472577010332389	0.5279405181793996	0.5527422989667611	0.5714285714285714	baseline
N_LP.1443	0.0	0.5573579827099123	1.006829043372942	1.2430088252884623	0.6112147977890581	0.587807713745928	0.6112147977890581	0.587807713745928	0.7142857142857143	endpoint
N_LP.1444	0.0	0.28042200487967317	0.1737412142875593	1.7326860928587415	0.5296874341508088	0.5148297497155984	0.5296874341508088	0.5148297497155984	0.5714285714285714	endpoint
N_LP.1445	0.0	0.6927629182991467	0.6954760879540407	1.3651797693609047	0.69437565224809	0.644145348118447	0.69437565224809	0.644145348118447	0.7142857142857143	endpoint
N_LP.1446	0.0	0.18536937802147382	0.11559899530963626	1.1371148640669209	0.42590733581434254	0.4004981603076038	0.5740926641856574	0.5995018396923961	0.7142857142857143	baseline
N_LP.1447	0.0	0.21921618653767524	0.21485073208071276	1.2650703860953472	0.3973101820046011	0.3933724393363268	0.6026898179953989	0.6066275606636732	0.5714285714285714	baseline
N_LP.1448	0.0	0.3940452660330559	0.7358495043429482	1.3998209488647888	0.3526934082704341	0.27605192861108596	0.647306591729566	0.723948071388914	0.5714285714285714	baseline
N_LP.1449	0.0	0.6424190107422595	0.6243735531154683	1.4808238412338064	0.6610526191053797	0.5933106264870373	0.6610526191053797	0.5933106264870373	0.8571428571428571	endpoint
N_LP.145	0.0	0.15550603698649404	0.10850320476204599	1.4374216232213275	0.43577789786153803	0.409632555048957	0.5642221021384619	0.590367444951043	0.5714285714285714	baseline
N_LP.1451	0.0	0.23170003123209404	0.4501776812115879	1.329210538343406	0.49243761637736505	0.5744616830838384	0.507562383622635	0.5744616830838384	0.5714285714285714	endpoint
N_LP.1452	0.0	0.041612045963391776	0.1853498804565305	1.6913565228898904	0.45777986678000565	0.3978830027046031	0.5422201332199943	0.6021169972953969	0.5714285714285714	endpoint
N_LP.1453	0.0	0.15957354581831057	0.1806236090208475	1.1426079461728418	0.4331474459241906	0.37884057421629613	0.5668525540758094	0.6211594257837039	0.7142857142857143	baseline
N_LP.1454	0.14285714285714285	1.3922928855501981	1.4873989031390895	2.7918149826456147	0.8495145657515517	0.8750797237047381	0.8495145657515517	0.8750797237047381	1.0	endpoint
N_LP.1455	0.0	0.6527509866588986	0.6369313156405978	1.4949654913315875	0.6706675792689266	0.6259859856014462	0.6706675792689266	0.6259859856014462	0.8571428571428571	endpoint
N_LP.1456	0.0	0.21579364099840856	0.4396235917530959	1.2706785942456085	0.41765958007085463	0.3590055593581948	0.5823404199291453	0.6409944406418052	0.7142857142857143	baseline
N_LP.1457	0.0	0.14741051170404734	0.3727148495923743	1.2785451698655463	0.5138668761303246	0.5440315701970702	0.5138668761303246	0.5440315701970702	0.5714285714285714	endpoint
N_LP.1458	0.0	1.185788793615417	1.333932651495879	1.5105669306985834	0.8283631676858169	0.8571023568345276	0.8283631676858169	0.8571023568345276	1.0	endpoint
N_LP.1459	0.0	0.06867306282895853	0.453647571941234	1.6471345981618	0.43937893249008	0.29492705005141046	0.56062106750992	0.7050729499485895	0.5714285714285714	baseline
N_LP.146	0.0	0.7949099136521499	1.1870576463437135	1.7761701770284715	0.6561758553721214	0.7683076552390159	0.6561758553721214	0.7683076552390159	0.7142857142857143	endpoint
N_LP.1460	0.0	0.4167043651780307	0.29306093783640125	1.94905258296797	0.5656384353835524	0.5249079687273374	0.5656384353835524	0.5249079687273374	0.5714285714285714	endpoint
N_LP.1461	0.0	0.5819523871113131	0.5477709562848218	1.675282054811409	0.2539138982264534	0.2585161470405018	0.7460861017735466	0.7414838529594983	0.8571428571428571	baseline
N_LP.1462	0.0	1.2686084728048317	1.1553312908028102	1.869297772930226	0.8330854147144198	0.8805894371118677	0.8330854147144198	0.8805894371118677	1.0	endpoint
N_LP.1463	0.0	0.039500471162294555	0.033978552222727214	1.5190126339308105	0.4507514115732393	0.4379099386620725	0.5492485884267607	0.5620900613379275	0.5714285714285714	endpoint
N_LP.1464	0.0	0.6653849233749541	0.718056058054365	1.4652389188097852	0.6511227566697129	0.6800296057930122	0.6511227566697129	0.6800296057930122	0.8571428571428571	endpoint
N_LP.1465	0.0	0.0721400589860101	0.008711452651607016	1.2709388397362427	0.4591873013545419	0.427554211911286	0.5408126986454581	0.5724457880887139	0.5714285714285714	endpoint
N_LP.1466	0.0	0.300191950523176	0.2505704990356582	1.152075505501964	0.5703445702468285	0.491101511389719	0.5703445702468285	0.508898488610281	0.5714285714285714	endpoint
N_LP.1467	0.0	0.1302287409450535	0.1564643265888512	1.5177979437344922	0.3660011757203567	0.4397096833614538	0.6339988242796433	0.5602903166385462	0.5714285714285714	baseline
N_LP.1468	0.0	0.03391073449631358	0.052692070381199684	0.9849547983185443	0.491005516717615	0.43427867416656035	0.508994483282385	0.5657213258334397	0.5714285714285714	endpoint
N_LP.1469	0.0	0.5900523968503019	1.0248720641556586	1.488290430119514	0.31915587897305825	0.1984506644421613	0.6808441210269418	0.8015493355578387	0.7142857142857143	baseline
N_LP.147	0.0	0.5300190638024833	0.2592567910956171	1.3685610372912518	0.29397074853440247	0.38732447961050803	0.7060292514655975	0.612675520389492	0.7142857142857143	baseline
N_LP.1470	0.0	0.3565419393836584	0.3635659552727379	1.1407907161472706	0.3954838059202306	0.35512995138121184	0.6045161940797694	0.6448700486187882	0.8571428571428571	baseline
N_LP.1471	0.0	0.44637130767235156	0.6163961052008432	1.7365662892010436	0.554115295389968	0.609104758954575	0.554115295389968	0.609104758954575	0.5714285714285714	endpoint
N_LP.1472	0.0	0.010208171791580742	0.2440384136280968	1.6854396404679288	0.4574644544655178	0.41605957198512394	0.5425355455344822	0.5839404280148761	0.5714285714285714	endpoint
N_LP.1473	0.14285714285714285	0.014161304853738982	0.8158382361499454	2.565984660744708	0.37052233723869954	0.303022549423688	0.6294776627613005	0.696977450576312	0.7142857142857143	baseline
N_LP.1474	0.0	0.24881822858700692	0.27236687176297353	1.1926926608188473	0.5471989423443654	0.5555191190695375	0.5471989423443654	0.5555191190695375	0.5714285714285714	endpoint
N_LP.1475	0.0	0.38124740772329746	0.8807106701281601	1.428099573709465	0.305764641013107	0.19471369269467198	0.694235358986893	0.805286307305328	0.7142857142857143	baseline
N_LP.1476	0.14285714285714285	0.8490604081442115	1.1040548456110515	2.045679513995407	0.2691012689144673	0.18380497374128846	0.7308987310855327	0.8161950262587115	0.7142857142857143	baseline
N_LP.1477	0.0	0.4083713955893399	0.25469006100289143	1.4486883248094136	0.37729911961568463	0.36036051355040866	0.6227008803843154	0.6396394864495913	0.7142857142857143	baseline
N_LP.1478	0.0	0.02805052153494298	0.43085958950572156	1.3336106752022576	0.4827086236605779	0.3844073230098857	0.5172913763394221	0.6155926769901143	0.5714285714285714	endpoint
N_LP.1479	0.0	0.11056508611309258	0.3270465414097367	1.2525410221691597	0.4902615170457666	0.5298662172363208	0.5097384829542334	0.5298662172363208	0.7142857142857143	endpoint
N_LP.148	0.0	0.8336300575660529	1.1354377579216701	1.6038305027078454	0.18741585541748165	0.048836396241637374	0.8125841445825184	0.9511636037583626	0.8571428571428571	baseline
N_LP.1480	0.0	0.6211592245202067	0.7870882889411995	1.7635882757341912	0.6356203595014726	0.6744950494033902	0.6356203595014726	0.6744950494033902	0.7142857142857143	endpoint
N_LP.1481	0.0	0.3086301124584197	0.3552854209314126	1.7261215323436065	0.5188169966077322	0.4901918600029215	0.5188169966077322	0.5098081399970785	0.5714285714285714	endpoint
N_LP.1482	0.0	0.671975926343937	1.0923731097756935	1.5091449235767167	0.673128816593427	0.593241787188698	0.673128816593427	0.593241787188698	0.8571428571428571	endpoint
N_LP.1483	0.0	0.705734514228147	1.07941794098311	1.5859120082237037	0.27279771310496115	0.13524334824115702	0.7272022868950389	0.864756651758843	0.7142857142857143	baseline
N_LP.1484	0.0	0.42373413866603704	0.42092250972291695	1.162927450140846	0.32857142236770365	0.36186488073057543	0.6714285776322964	0.6381351192694246	0.8571428571428571	baseline
N_LP.1485	0.0	0.4764715694619623	0.5296730601025559	1.2876302735377672	0.2962139413656263	0.36116802938230397	0.7037860586343737	0.638831970617696	0.8571428571428571	baseline
N_LP.1486	0.0	0.21232315593133144	0.23268173659411526	1.551218841932424	0.5273356342459312	0.5005962306640198	0.5273356342459312	0.5005962306640198	0.5714285714285714	endpoint
N_LP.1487	0.0	0.7537629097626191	0.7839157061283869	1.2555882185519716	0.26397170999871306	0.2961465352096903	0.7360282900012869	0.7038534647903096	0.8571428571428571	baseline
N_LP.1488	0.0	0.27048659176757855	0.24158524121118607	1.5482721564098665	0.4100635229391368	0.35348854470874846	0.5899364770608633	0.6465114552912515	0.7142857142857143	baseline
N_LP.149	0.0	0.7054705829998796	0.48613098140168004	1.768189115830748	0.6639823350937587	0.6132478967495354	0.6639823350937587	0.6132478967495354	0.7142857142857143	endpoint
N_LP.1490	0.0	0.5464920070981796	0.6348873534668592	1.247815669857425	0.27093070832940735	0.23149446474350888	0.7290692916705926	0.7685055352564911	0.7142857142857143	baseline
N_LP.1491	0.0	0.23478310027716884	0.6286145558173433	1.4233984869901282	0.5316624383557873	0.5272952720737148	0.5316624383557873	0.5272952720737148	0.5714285714285714	endpoint
N_LP.1492	0.0	0.19214059861129812	0.7716627410394956	1.6002173119428862	0.44782089278369114	0.30092982745427105	0.5521791072163089	0.6990701725457289	0.5714285714285714	baseline
N_LP.1493	0.0	0.8109778166879064	1.192405263662004	1.4073786086653222	0.24939790257146122	0.2110396502936674	0.7506020974285388	0.7889603497063327	0.8571428571428571	baseline
N_LP.1494	0.0	0.9037829690099899	1.110524009264762	1.3551930223381878	0.20042111106629215	0.13329648684680284	0.7995788889337079	0.8667035131531972	0.8571428571428571	baseline
N_LP.1495	0.0	0.5748782668159068	1.0797621445654584	1.207442520134831	0.29853573246044024	0.1558842713954979	0.7014642675395597	0.8441157286045021	0.8571428571428571	baseline
N_LP.1496	0.0	0.8250713677071385	1.1412028029754437	1.4384021617369709	0.20000977534736844	0.16324483151017496	0.7999902246526316	0.836755168489825	0.8571428571428571	baseline
N_LP.1497	0.0	1.126615731565353	1.4748152470728624	1.70267206698309	0.8282572198411923	0.9274072451838085	0.8282572198411923	0.9274072451838085	0.8571428571428571	endpoint
N_LP.1498	0.0	0.5182066583917981	0.2507113460738478	1.26012182965695	0.3051946335825469	0.3506578180696223	0.6948053664174532	0.6493421819303777	0.8571428571428571	baseline
N_LP.1499	0.0	0.7625012790602621	1.1168985160261655	1.5224459350133912	0.2739443974358941	0.16728769390927173	0.7260556025641058	0.8327123060907282	0.8571428571428571	baseline
N_LP.15	0.0	0.0723438090211008	0.12918058396565613	1.8927084696840564	0.5437178739909448	0.5010394675546348	0.5437178739909448	0.5010394675546348	0.5714285714285714	endpoint
N_LP.150	0.0	0.3710776333823159	0.7869440302353284	0.9094105970385801	0.3490964198593912	0.30138941863894864	0.6509035801406088	0.6986105813610514	0.7142857142857143	baseline
N_LP.1500	0.0	0.2953982485362001	0.7723419575225419	1.3495560496546823	0.3427201287002258	0.2733868011229612	0.6572798712997743	0.7266131988770388	0.5714285714285714	baseline
N_LP.1501	0.0	0.10855272959323133	0.014285615291829304	1.259750902794017	0.5242319137185846	0.4764817502155709	0.5242319137185846	0.5235182497844291	0.7142857142857143	endpoint
N_LP.1502	0.0	0.04832314225736477	0.12718875118725925	1.3937387828763645	0.4591351355132664	0.5454286872122285	0.5408648644867335	0.5454286872122285	0.5714285714285714	baseline
N_LP.1503	0.0	0.3293482600973659	1.1509805485907252	1.9149883194958552	0.3650813061110699	0.0714131619649252	0.6349186938889301	0.9285868380350748	0.5714285714285714	baseline
N_LP.1504	0.0	0.01760318530859049	0.45686912055785034	1.0125359037382482	0.4306008307725869	0.521228139094586	0.5693991692274132	0.521228139094586	0.5714285714285714	baseline
N_LP.1505	0.0	0.5489471663472814	0.9472245703034922	1.6406328779636414	0.2968458034349154	0.23989643639721198	0.7031541965650846	0.760103563602788	0.7142857142857143	baseline
N_LP.1506	0.0	0.11454686432975977	0.40568920754163224	1.2270287983451547	0.44803318721666274	0.32632566724718104	0.5519668127833373	0.673674332752819	0.5714285714285714	baseline
N_LP.1507	0.0	0.008299024453877075	0.12157903447284923	1.481255269956658	0.4729442066859866	0.4511242712296049	0.5270557933140134	0.5488757287703951	0.5714285714285714	endpoint
N_LP.1508	0.0	0.5621987171216964	0.8569946480228362	1.3213104691335218	0.3239215295203178	0.29519117795078187	0.6760784704796823	0.7048088220492181	0.8571428571428571	baseline
N_LP.1509	0.14285714285714285	0.47323718031476375	0.6727967890523451	2.3472186005607028	0.5718670431145947	0.785102692619031	0.5718670431145947	0.785102692619031	0.5714285714285714	endpoint
N_LP.151	0.0	0.02213368448716884	0.4296939784198702	1.89407209131544	0.49129010511669347	0.5854418279057343	0.5087098948833065	0.5854418279057343	0.7142857142857143	baseline
N_LP.1510	0.0	0.6266559186654334	0.6360926521955597	1.2986248353588226	0.27455581972477866	0.3101820604841767	0.7254441802752214	0.6898179395158233	0.8571428571428571	baseline
N_LP.1511	0.0	0.5234076574402848	0.3652800355399995	1.5752059184312448	0.6221831015204001	0.5714957670127554	0.6221831015204001	0.5714957670127554	0.7142857142857143	endpoint
N_LP.1512	0.0	0.4154445193233512	0.3076005891926548	1.995294568255591	0.3974726506669413	0.3954475128548855	0.6025273493330587	0.6045524871451144	0.7142857142857143	baseline
N_LP.1513	0.0	0.3195541385150809	0.21937533797858674	1.367260177665328	0.5513432385591022	0.4860375312083295	0.5513432385591022	0.5139624687916705	0.5714285714285714	endpoint
N_LP.1514	0.0	0.3198110086377093	0.41202941011935723	1.6401971279015675	0.3927666670286767	0.3006203324020847	0.6072333329713233	0.6993796675979154	0.8571428571428571	baseline
N_LP.1515	0.0	0.3742607997496646	0.7141198384933701	1.4286243547835848	0.3736791816778701	0.23704618485546228	0.6263208183221298	0.7629538151445378	0.7142857142857143	baseline
N_LP.1516	0.0	1.2641248637849813	1.2658459474885602	1.7155527568314388	0.12316882636725365	0.1401119395519917	0.8768311736327463	0.8598880604480084	1.0	baseline
N_LP.1517	0.14285714285714285	0.7219866775934349	1.1491645251934435	2.477191536217056	0.6473415121451106	0.7848700016791906	0.6473415121451106	0.7848700016791906	0.7142857142857143	endpoint
N_LP.1518	0.0	0.22539578599562773	0.6182726846462421	1.2956982767934575	0.439995472822399	0.3439792082748406	0.5600045271776011	0.6560207917251595	0.7142857142857143	baseline
N_LP.1519	0.0	0.3878529565752114	0.7793678488223753	1.3366456896161514	0.36556562132572484	0.29930920974516834	0.6344343786742752	0.7006907902548316	0.7142857142857143	baseline
N_LP.152	0.14285714285714285	0.11879196495447508	0.14845574568913866	2.0051725441328085	0.49001120894856925	0.5161285505973613	0.5099887910514307	0.5161285505973613	0.5714285714285714	endpoint
N_LP.1520	0.0	0.648067623690918	1.1197707984187741	1.422747209774967	0.2789921209419473	0.17044070298021674	0.7210078790580527	0.8295592970197833	0.7142857142857143	baseline
N_LP.1521	0.0	0.14505373398451926	0.3830392747147967	1.3560443570901415	0.3981898413617096	0.4847874532913698	0.6018101586382905	0.5152125467086301	0.5714285714285714	baseline
N_LP.1522	0.0	0.26950555663745873	0.20152774291075284	1.7678230310036598	0.5561801750463963	0.42005633833084105	0.5561801750463963	0.5799436616691589	0.5714285714285714	endpoint
N_LP.1523	0.0	0.655171180234831	0.8758346607429486	1.3302050388706597	0.2931666774754777	0.2923106146261781	0.7068333225245222	0.707689385373822	0.8571428571428571	baseline
N_LP.1524	0.0	0.6672687435085362	0.8893127628938976	1.3019134823852574	0.29369369982996857	0.2708650319120691	0.7063063001700314	0.7291349680879309	0.8571428571428571	baseline
N_LP.1525	0.0	1.3435736685171131	1.3897306136014766	1.5334888414644696	0.8497589625019156	0.8576414181706703	0.8497589625019156	0.8576414181706703	1.0	endpoint
N_LP.1526	0.14285714285714285	1.1388632363058817	1.2787403289411754	2.1691275859611356	0.7582691957741924	0.757873281858106	0.7582691957741924	0.757873281858106	1.0	endpoint
N_LP.1527	0.0	0.7163650280802752	0.7250961643749352	1.5126130540078337	0.6718827658045511	0.5498909369273539	0.6718827658045511	0.5498909369273539	0.8571428571428571	endpoint
N_LP.1528	0.0	0.4634556177809709	0.5850380079942977	1.6122138284588317	0.5938157861537914	0.5563041979669694	0.5938157861537914	0.5563041979669694	0.7142857142857143	endpoint
N_LP.1529	0.0	0.21455206426603385	0.1811412328469026	1.1593403443029646	0.3917598798618374	0.43304547935822363	0.6082401201381626	0.5669545206417763	0.7142857142857143	baseline
N_LP.153	0.0	0.26939428333671284	0.12441768512221686	1.1774869631445983	0.5197537174904752	0.5121718750125366	0.5197537174904752	0.5121718750125366	0.5714285714285714	endpoint
N_LP.1530	0.0	0.28933477511204153	0.6125335304371511	1.289098897425387	0.5457919414271399	0.5579251507873583	0.5457919414271399	0.5579251507873583	0.7142857142857143	endpoint
N_LP.1531	0.0	0.4805230410272378	0.9124114793733696	1.800748956106949	0.5870664473198225	0.6741731840997557	0.5870664473198225	0.6741731840997557	0.7142857142857143	endpoint
N_LP.1532	0.0	0.6255870746990343	0.8928874786025741	1.6172790868825555	0.6387600988291915	0.6699615331334398	0.6387600988291915	0.6699615331334398	0.5714285714285714	endpoint
N_LP.1533	0.0	0.1809621247959971	0.04198633601528613	1.524538746027143	0.4496542013842707	0.5182499278497443	0.5503457986157293	0.5182499278497443	0.5714285714285714	baseline
N_LP.1534	0.0	0.7375916186316063	0.9213384739350097	1.4486212368932512	0.2959332421462479	0.20473381578874603	0.7040667578537521	0.795266184211254	0.8571428571428571	baseline
N_LP.1535	0.0	0.36905942449085744	0.23657766187660081	1.821664753121347	0.38392751410073606	0.35504179096586125	0.6160724858992639	0.6449582090341388	0.5714285714285714	baseline
N_LP.1536	0.0	0.18627770101945132	0.35641060940517444	1.3382222128076717	0.5387156881769503	0.5061279644543029	0.5387156881769503	0.5061279644543029	0.5714285714285714	endpoint
N_LP.1537	0.0	0.25409856807430925	0.5550936539918229	1.1523286625548717	0.3898633146275647	0.3936005833797484	0.6101366853724353	0.6063994166202515	0.7142857142857143	baseline
N_LP.1538	0.0	0.07753312271865917	0.11632299104098028	1.4843474125565599	0.4933527838424691	0.5133781698065892	0.5066472161575308	0.5133781698065892	0.5714285714285714	endpoint
N_LP.1539	0.0	0.7194047639448305	1.025393537967851	1.986857118907119	0.29105367810884275	0.12243968123862474	0.7089463218911572	0.8775603187613753	0.8571428571428571	baseline
N_LP.154	0.0	0.06689699989535032	0.05229031906126399	1.3342518819646199	0.46324060173981646	0.418227282628252	0.5367593982601835	0.581772717371748	0.5714285714285714	baseline
N_LP.1540	0.14285714285714285	0.43090936222176396	0.6572499812017467	2.620759867850019	0.5718696487363081	0.6614857355165684	0.5718696487363081	0.6614857355165684	0.5714285714285714	endpoint
N_LP.1541	0.0	0.819612071523146	0.9307847062693866	1.6792601512570122	0.712665625523673	0.6970544192368912	0.712665625523673	0.6970544192368912	0.8571428571428571	endpoint
N_LP.1542	0.14285714285714285	0.04435667475541436	0.18376416722435707	2.211566390852511	0.4281890502525636	0.4377099061351755	0.5718109497474364	0.5622900938648245	0.5714285714285714	endpoint
N_LP.1543	0.0	0.6191278692925986	0.8068048697999831	1.5470509756947994	0.2977184606362408	0.30330968725268725	0.7022815393637591	0.6966903127473127	0.7142857142857143	baseline
N_LP.1544	0.0	0.48215776711829816	1.037685227348334	1.5422478728026707	0.3215137171454943	0.23474525071095792	0.6784862828545057	0.765254749289042	0.7142857142857143	baseline
N_LP.1545	0.0	0.11708492360584842	0.33217451273607945	1.3471314484166226	0.4467097342570892	0.37543409796254806	0.5532902657429108	0.6245659020374519	0.5714285714285714	baseline
N_LP.1546	0.0	0.2066628683202849	0.043226576760270974	1.017037296255463	0.4057706363190272	0.4411724806163714	0.5942293636809728	0.5588275193836286	0.7142857142857143	baseline
N_LP.1547	0.14285714285714285	0.558159630889336	0.46834843691000033	2.1244679078368494	0.5779613307239921	0.5783814166309904	0.5779613307239921	0.5783814166309904	0.7142857142857143	endpoint
N_LP.1548	0.0	1.2834283266454494	1.495531303913863	1.737941762822603	0.8215385560267209	0.9359761073338383	0.8215385560267209	0.9359761073338383	0.8571428571428571	endpoint
N_LP.1549	0.0	0.23455485765520126	0.3315442445774061	1.4678061734009566	0.5239622442017013	0.4927941584185432	0.5239622442017013	0.5072058415814569	0.5714285714285714	endpoint
N_LP.155	0.0	0.1417457193376218	0.007165501514052748	1.1047575573646204	0.520148294212426	0.5207893714608405	0.520148294212426	0.5207893714608405	0.5714285714285714	endpoint
N_LP.1550	0.0	0.8784351636769542	1.4035215308652118	1.785624819974105	0.689289253463366	0.7801137721593003	0.689289253463366	0.7801137721593003	0.7142857142857143	endpoint
N_LP.1551	0.0	0.6622624183505251	1.101725811405359	1.309032518669819	0.2658995637215612	0.20246041435458323	0.7341004362784388	0.7975395856454168	0.8571428571428571	baseline
N_LP.1552	0.0	0.48205002053504387	0.6587194681284358	1.9509739190634166	0.636595117352587	0.8220701140346263	0.636595117352587	0.8220701140346263	0.7142857142857143	endpoint
N_LP.1553	0.0	0.03813278416715566	0.01576707691894535	1.150368357479517	0.4944585466333305	0.43003261118146907	0.5055414533666696	0.5699673888185309	0.5714285714285714	endpoint
N_LP.1554	0.14285714285714285	0.05632171928226052	0.1804492472878204	2.1254961086738087	0.4352113647212272	0.3724516499121935	0.5647886352787728	0.6275483500878065	0.5714285714285714	endpoint
N_LP.1555	0.0	0.049045917268192234	0.10741539764933229	1.4029036619578406	0.41941941489427326	0.4891064568624747	0.5805805851057267	0.5108935431375252	0.5714285714285714	baseline
N_LP.1556	0.0	0.2602630628717014	0.27901693591006177	1.1474425063603844	0.5541715670283062	0.5149684392904518	0.5541715670283062	0.5149684392904518	0.5714285714285714	endpoint
N_LP.1557	0.0	0.5068626690005092	0.9300423919314013	1.8387411231781163	0.3832650989486018	0.2767253086069155	0.6167349010513983	0.7232746913930845	0.7142857142857143	baseline
N_LP.1558	0.0	0.3316279720404611	0.20487582577268007	1.1947947647880182	0.34126880151515954	0.3767434986777039	0.6587311984848405	0.6232565013222962	0.7142857142857143	baseline
N_LP.1559	0.0	0.6959507402036701	1.1177488620994636	1.8169452587265076	0.6783214122595388	0.8692961310101298	0.6783214122595388	0.8692961310101298	0.5714285714285714	endpoint
N_LP.156	0.0	0.2932402065667327	0.8511072374814431	1.258278126565013	0.5100989925393564	0.609600257551539	0.5100989925393564	0.609600257551539	0.5714285714285714	endpoint
N_LP.1560	0.0	0.04551033608985262	0.3740283804129202	1.7431791368747693	0.4753685124878743	0.30687588878251404	0.5246314875121256	0.693124111217486	0.5714285714285714	endpoint
N_LP.1561	0.0	0.2179850100373372	0.036980355755071886	1.4871477541254399	0.511610409045688	0.47652303448143873	0.511610409045688	0.5234769655185613	0.5714285714285714	endpoint
N_LP.1562	0.14285714285714285	1.1807453420684273	1.3347017911532577	2.0087618049160705	0.7837757589149079	0.8163871803623182	0.7837757589149079	0.8163871803623182	0.8571428571428571	endpoint
N_LP.1563	0.0	0.2879043746858479	0.3156575305060706	1.3712971383360575	0.58345400921273	0.6029196023024352	0.58345400921273	0.6029196023024352	0.7142857142857143	endpoint
N_LP.1564	0.0	0.3579456866608715	0.8319213849691073	1.3562368056385505	0.3874899552592343	0.2990247805631417	0.6125100447407656	0.7009752194368584	0.7142857142857143	baseline
N_LP.1565	0.0	0.3920643485952972	0.7484647820142046	1.6657868861507794	0.5923202329341702	0.5406595660037827	0.5923202329341702	0.5406595660037827	0.5714285714285714	endpoint
N_LP.1566	0.0	0.3504954912583401	0.5291500828047049	1.432035692941507	0.3376823779847991	0.3390627917880743	0.662317622015201	0.6609372082119257	0.7142857142857143	baseline
N_LP.1567	0.0	0.2164990386222747	0.011661256134404505	1.3667925631006623	0.5465748372741539	0.4630997897469953	0.5465748372741539	0.5369002102530047	0.5714285714285714	endpoint
N_LP.1568	0.0	0.08742824635843907	0.26254780060501703	1.5987641819311031	0.46983823194859486	0.5528673971464336	0.5301617680514051	0.5528673971464336	0.5714285714285714	endpoint
N_LP.1569	0.0	0.2973411679465858	0.1277088781770597	1.4699401116447806	0.5671741159938193	0.46803584798398673	0.5671741159938193	0.5319641520160132	0.5714285714285714	endpoint
N_LP.157	0.0	0.04736710143668388	0.38531827752700454	1.6522190677902837	0.47289679683208957	0.3942313397600471	0.5271032031679104	0.6057686602399529	0.5714285714285714	endpoint
N_LP.1570	0.0	0.9398254743896786	0.8831655837589576	1.6060260498163512	0.2067900099206375	0.1544837563438732	0.7932099900793625	0.8455162436561268	1.0	baseline
N_LP.1571	0.14285714285714285	0.6049269958391766	0.48395219261888966	2.0437713000109388	0.6128856310047875	0.7541375379777295	0.6128856310047875	0.7541375379777295	0.5714285714285714	endpoint
N_LP.1572	0.0	0.4821231113213731	0.37974071313600666	1.4722782859265717	0.32918466363486537	0.3954345129586557	0.6708153363651346	0.6045654870413443	0.8571428571428571	baseline
N_LP.1573	0.0	0.3056570593997767	0.01564908125421737	1.476340433375058	0.5661686772240336	0.4286149478465154	0.5661686772240336	0.5713850521534847	0.5714285714285714	endpoint
N_LP.1574	0.0	0.4884303865671363	0.7357392094749501	1.0484645551405927	0.5980292109782896	0.5865283430951487	0.5980292109782896	0.5865283430951487	0.7142857142857143	endpoint
N_LP.1575	0.0	0.1332202336193605	0.6626560959812908	1.641570487769629	0.4353146114652272	0.30300838131364893	0.5646853885347728	0.6969916186863511	0.5714285714285714	baseline
N_LP.1576	0.0	0.3381759664075258	0.2829295589748746	1.2313658298466457	0.3340504714036404	0.34066440303698214	0.6659495285963596	0.6593355969630179	0.7142857142857143	baseline
N_LP.1577	0.0	0.25256084151076247	0.5562758393804155	0.96258561923049	0.4069219678956448	0.3218921105716728	0.5930780321043552	0.6781078894283272	0.5714285714285714	baseline
N_LP.1578	0.0	0.838676340478019	0.8874826379938748	1.4553706446359418	0.2392733443027328	0.2037018580775054	0.7607266556972672	0.7962981419224946	1.0	baseline
N_LP.1579	0.0	0.5355884565678953	0.4611794416664151	1.8179932320671686	0.636245479042732	0.6337397227267408	0.636245479042732	0.6337397227267408	0.5714285714285714	endpoint
N_LP.158	0.0	0.3412454415245361	0.2778432234828892	1.7047319926048468	0.41702889861667114	0.4174154924618251	0.5829711013833289	0.5825845075381749	0.5714285714285714	baseline
N_LP.1580	0.0	0.1762013285229462	0.12764260193282567	1.4740675813994282	0.43534152839424894	0.44573831358159605	0.564658471605751	0.554261686418404	0.5714285714285714	baseline
N_LP.1581	0.0	0.3590816499926258	0.4685084376894852	1.983026802495892	0.30330493376458867	0.37457778974152184	0.6966950662354113	0.6254222102584781	0.8571428571428571	baseline
N_LP.1582	0.0	0.1495964166067222	0.26163589039572493	1.3503666146121973	0.41511549887564037	0.5301706158938027	0.5848845011243596	0.5301706158938027	0.5714285714285714	baseline
N_LP.1583	0.0	0.17284277227145575	0.20261701278604474	1.2881748951998897	0.5201396836243088	0.45720160404726573	0.5201396836243088	0.5427983959527343	0.5714285714285714	endpoint
N_LP.1584	0.0	0.004026494255282073	0.2419204948768049	1.1018225763944454	0.43933788993245687	0.5034619000352163	0.5606621100675431	0.5034619000352163	0.5714285714285714	baseline
N_LP.1585	0.0	0.10463527862191332	0.13932687441599123	1.336506140812742	0.4014763938662522	0.4472957676291357	0.5985236061337478	0.5527042323708643	0.5714285714285714	baseline
N_LP.1586	0.0	0.008196683824212065	0.06725748673942632	1.669843477418177	0.46204720546741523	0.46380073322902304	0.5379527945325848	0.536199266770977	0.5714285714285714	endpoint
N_LP.1587	0.0	0.3420166309461839	0.3048003911978752	1.3270516887919517	0.329405352175938	0.34388014823888063	0.670594647824062	0.6561198517611193	0.8571428571428571	baseline
N_LP.1588	0.0	0.04223281861464857	0.4492829100896907	1.2083761984796315	0.4748821953167549	0.5742686661041522	0.5251178046832451	0.5742686661041522	0.5714285714285714	baseline
N_LP.1589	0.0	0.20388100010650284	0.6507625220438623	1.1525713521650178	0.4441202869604876	0.306220339985359	0.5558797130395123	0.693779660014641	0.7142857142857143	baseline
N_LP.159	0.0	0.8849376251716102	1.1204835699877653	1.6799705300742105	0.24586007881049618	0.16936142517466438	0.7541399211895038	0.8306385748253357	0.8571428571428571	baseline
N_LP.1590	0.0	0.2797713900934281	0.12937809397387237	1.147229807239189	0.38831869210737013	0.4519282839685801	0.6116813078926299	0.5480717160314199	0.7142857142857143	baseline
N_LP.1591	0.0	0.7064613338956451	0.6221099603174363	1.3973906804856342	0.6950951208712779	0.7723928978019008	0.6950951208712779	0.7723928978019008	0.7142857142857143	endpoint
N_LP.1592	0.0	0.22263343141145397	0.4841726773487894	1.3990151720838293	0.4381634738147956	0.28488790470289765	0.5618365261852044	0.7151120952971024	0.7142857142857143	baseline
N_LP.1593	0.0	0.24423179721462476	0.1460088748686129	1.7263960074541722	0.46076208429370763	0.39610375537327697	0.5392379157062923	0.6038962446267231	0.5714285714285714	baseline
N_LP.1594	0.0	0.20818937873342655	0.6986629798225276	1.386516123649568	0.43586045949309754	0.3114896676781001	0.5641395405069025	0.6885103323219	0.7142857142857143	baseline
N_LP.1595	0.0	0.2668823961367985	0.7989301566512357	1.4071346317181463	0.4396809747803672	0.3050083935594393	0.5603190252196328	0.6949916064405607	0.5714285714285714	baseline
N_LP.1596	0.0	0.1882567811983111	0.4849863511526336	1.6773652233284166	0.5736682121613355	0.612938779820203	0.5736682121613355	0.612938779820203	0.7142857142857143	endpoint
N_LP.1597	0.0	0.0744843239176219	0.29770695146391163	1.3603464088677328	0.4615567163097475	0.5420337239847899	0.5384432836902525	0.5420337239847899	0.5714285714285714	endpoint
N_LP.1598	0.0	0.6397377536533803	0.7619920001530597	1.1333507264890361	0.6771851815670277	0.6760660399669979	0.6771851815670277	0.6760660399669979	0.8571428571428571	endpoint
N_LP.1599	0.0	0.7393917501106707	1.1632632459112358	1.8878084188417963	0.6618548798664637	0.6744871323147421	0.6618548798664637	0.6744871323147421	0.7142857142857143	endpoint
N_LP.16	0.0	0.5723483672878169	0.663434851650904	1.6159102694831962	0.6337323683089984	0.5623512633653367	0.6337323683089984	0.5623512633653367	0.5714285714285714	endpoint
N_LP.160	0.0	0.7535934366571017	1.0393700068996115	1.5759222120454521	0.2752279235799101	0.18527000089342668	0.7247720764200899	0.8147299991065733	0.7142857142857143	baseline
N_LP.1600	0.0	0.005792117029297701	0.2028727610587929	1.5118928102913014	0.44390077333842937	0.5187877487872149	0.5560992266615706	0.5187877487872149	0.5714285714285714	baseline
N_LP.1601	0.0	0.297345721403175	0.05766885372019231	1.8235865325995357	0.5658693713503568	0.4649107578049886	0.5658693713503568	0.5350892421950114	0.5714285714285714	endpoint
N_LP.1602	0.0	0.3432208643175666	0.9215823276883334	1.801902761650665	0.6191546461081021	0.7142787693009239	0.6191546461081021	0.7142787693009239	0.5714285714285714	endpoint
N_LP.1603	0.0	0.12958457540949528	0.6994834025868139	1.3222079197820833	0.4186250129515998	0.34397970750331025	0.5813749870484002	0.6560202924966898	0.7142857142857143	baseline
N_LP.1604	0.0	0.16573900286919674	0.2545425723075143	1.8986146003119553	0.47633511973009096	0.36424917829956305	0.5236648802699091	0.635750821700437	0.5714285714285714	baseline
N_LP.1605	0.0	0.35915084810099007	0.7012273955625778	1.5580660234657455	0.4112114765892622	0.3261924034903304	0.5887885234107377	0.6738075965096696	0.7142857142857143	baseline
N_LP.1606	0.0	0.18249089353427705	0.09817946477187775	1.35804840539349	0.4244323001929081	0.4554499955945425	0.5755676998070919	0.5445500044054574	0.7142857142857143	baseline
N_LP.1607	0.0	0.4315975951226392	0.39153452721561427	1.5905954386415657	0.3787387387056214	0.40340535535548927	0.6212612612943786	0.5965946446445107	0.8571428571428571	baseline
N_LP.1608	0.0	0.05157555396763539	0.2259935442600443	1.982247544693852	0.48526784396977884	0.5206031740762208	0.5147321560302212	0.5206031740762208	0.5714285714285714	endpoint
N_LP.1609	0.0	0.0012762160883341858	0.03910815341593207	1.5905222182560503	0.47325885513129334	0.43149757524746885	0.5267411448687067	0.5685024247525312	0.5714285714285714	baseline
N_LP.161	0.14285714285714285	0.8078451941366017	1.1912137593740626	2.2357001867047814	0.27866163143241435	0.09823741580680967	0.7213383685675856	0.9017625841931903	0.7142857142857143	baseline
N_LP.1610	0.0	0.06488682008795986	0.28670090011086197	1.4491260194733602	0.4685177956521323	0.5520788943037227	0.5314822043478677	0.5520788943037227	0.5714285714285714	endpoint
N_LP.1611	0.0	0.28808201175094467	0.18964009614253083	1.4816216019672115	0.5866789636184305	0.5166133441321542	0.5866789636184305	0.5166133441321542	0.5714285714285714	endpoint
N_LP.1612	0.0	0.04630463563852156	0.44623457860126425	1.6751470775728763	0.4902102421812757	0.3651098774857398	0.5097897578187243	0.6348901225142602	0.5714285714285714	endpoint
N_LP.1613	0.0	0.4208383672587945	0.14240529184738737	1.564546329296844	0.3300898697116009	0.39728890750436713	0.6699101302883991	0.6027110924956329	0.7142857142857143	baseline
N_LP.1614	0.0	0.15132929810233506	0.042788343519548536	1.3783371590318831	0.4493737003272625	0.4318273577921595	0.5506262996727376	0.5681726422078405	0.5714285714285714	baseline
N_LP.1615	0.0	0.07960277568809561	0.1086492479623032	1.2535268497047751	0.44746020584474716	0.4864771646038337	0.5525397941552528	0.5135228353961663	0.5714285714285714	baseline
N_LP.1616	0.14285714285714285	0.834706903690692	1.0893640634423671	2.1364578483238814	0.6799802667069617	0.8012815209721188	0.6799802667069617	0.8012815209721188	0.7142857142857143	endpoint
N_LP.1617	0.0	0.06050701654363477	0.16362742138531147	1.4213974192275058	0.4638148257815083	0.4377752299693268	0.5361851742184918	0.5622247700306733	0.7142857142857143	baseline
N_LP.1618	0.0	0.6057413647657964	1.411277426924118	1.793929040458488	0.6630695481012269	0.6420009941851406	0.6630695481012269	0.6420009941851406	0.7142857142857143	endpoint
N_LP.1619	0.0	0.4792720968392283	0.3382118815557751	1.9124603379328886	0.6063395915296336	0.5333294719613029	0.6063395915296336	0.5333294719613029	0.5714285714285714	endpoint
N_LP.162	0.0	0.38926894369081916	0.5969232255212483	1.2971681681215987	0.3409769957331809	0.3052440210630004	0.659023004266819	0.6947559789369996	0.7142857142857143	baseline
N_LP.1620	0.0	0.303907119313623	0.6686780319608522	1.8747224725888978	0.6174215050817776	0.6358331522672821	0.6174215050817776	0.6358331522672821	0.7142857142857143	endpoint
N_LP.1621	0.14285714285714285	1.2115629383664566	1.37602568202685	2.046598275460875	0.12959442118348832	0.08979458728452297	0.8704055788165117	0.9102054127154771	1.0	baseline
N_LP.1622	0.0	0.2211152053024043	1.0874014122677285	1.5801250326690264	0.4092420121818647	0.20801095014360962	0.5907579878181353	0.7919890498563904	0.5714285714285714	baseline
N_LP.1623	0.0	0.5111904689368887	0.3641744115030153	1.6579233164193363	0.3113954184782065	0.3154639509487945	0.6886045815217935	0.6845360490512056	0.7142857142857143	baseline
N_LP.1624	0.0	0.2486566289424003	0.2890624709420786	0.923264945898295	0.424845528043234	0.3591302323428285	0.5751544719567661	0.6408697676571715	0.8571428571428571	baseline
N_LP.1625	0.0	0.22663794500175968	0.2997439707184379	1.2038967308207567	0.4118292223686826	0.37591608720337444	0.5881707776313174	0.6240839127966256	0.8571428571428571	baseline
N_LP.1626	0.0	0.25164686868297514	0.7335192944765505	1.6563131022025572	0.5747141195306087	0.6800571705339263	0.5747141195306087	0.6800571705339263	0.5714285714285714	endpoint
N_LP.1627	0.0	0.14781434196899437	0.8016009253541938	1.653770991210019	0.4874634622592397	0.2910893896591103	0.5125365377407602	0.7089106103408898	0.5714285714285714	baseline
N_LP.1628	0.0	0.6266143670624787	0.8032867516179595	1.5865564477651846	0.7002510012756149	0.841152289566223	0.7002510012756149	0.841152289566223	0.7142857142857143	endpoint
N_LP.1629	0.0	0.22445474085683906	0.23727756748571038	1.5287127126706581	0.5142161040355676	0.4726113666000755	0.5142161040355676	0.5273886333999245	0.5714285714285714	endpoint
N_LP.163	0.14285714285714285	1.3642402319755127	1.4615127325600374	2.246431735878724	0.8371558232665028	0.782690657119379	0.8371558232665028	0.782690657119379	1.0	endpoint
N_LP.1630	0.0	0.030376365396172104	0.6134584957066096	1.6003076467683306	0.44146940555794056	0.3009191829033513	0.5585305944420594	0.6990808170966487	0.5714285714285714	baseline
N_LP.1631	0.0	0.4160268623830599	0.75414552820756	1.1013087482110517	0.3465709748613919	0.2796679914605288	0.6534290251386081	0.7203320085394712	0.8571428571428571	baseline
N_LP.1632	0.0	0.6300924343115838	0.869491882811625	1.1086994227460787	0.3045151358079073	0.23230906096315734	0.6954848641920928	0.7676909390368427	0.8571428571428571	baseline
N_LP.1633	0.0	0.3391971097794331	0.6079156334172793	1.8818210944047176	0.6190517235876999	0.8041870521488744	0.6190517235876999	0.8041870521488744	0.5714285714285714	endpoint
N_LP.1634	0.0	0.8788936620896076	1.0302063089556506	1.4620488259884765	0.7465882346552348	0.7745053143322116	0.7465882346552348	0.7745053143322116	0.8571428571428571	endpoint
N_LP.1635	0.0	0.230983037996665	0.33802085526857256	1.5330927436905457	0.5244926989653752	0.3745402153451445	0.5244926989653752	0.6254597846548555	0.5714285714285714	endpoint
N_LP.1636	0.0	0.3583779120953605	0.5851567026005068	1.5819271458113198	0.36054608737992627	0.3239377377822143	0.6394539126200738	0.6760622622177856	0.7142857142857143	baseline
N_LP.1637	0.0	0.10160956441707635	0.2606929853283597	1.3998592237155614	0.4965415225695929	0.3863633403837873	0.5034584774304072	0.6136366596162127	0.5714285714285714	endpoint
N_LP.1638	0.0	0.4339142700197041	0.7534946953006161	1.9050653747681654	0.5397600234250065	0.6704541902234924	0.5397600234250065	0.6704541902234924	0.7142857142857143	endpoint
N_LP.1639	0.0	0.6897875155836063	1.0718528961354277	1.6632129318239692	0.7109626181493728	0.8807513378762192	0.7109626181493728	0.8807513378762192	0.7142857142857143	endpoint
N_LP.164	0.0	0.1300057761965336	0.05831298683529223	1.3049596415832498	0.4172080404622567	0.46621626990305703	0.5827919595377433	0.533783730096943	0.8571428571428571	baseline
N_LP.1640	0.0	0.5992602183739075	0.32806129368170706	1.3285173021288907	0.6329352688615888	0.5705598614392304	0.6329352688615888	0.5705598614392304	0.8571428571428571	endpoint
N_LP.1641	0.0	0.221117139027653	0.1929455431283493	1.4295672709894367	0.4323621063346294	0.3742556608990102	0.5676378936653705	0.6257443391009898	0.7142857142857143	baseline
N_LP.1642	0.0	0.2113678942801909	0.4544719012271651	1.097784167110803	0.4246481305232615	0.35673531164983147	0.5753518694767386	0.6432646883501685	0.7142857142857143	baseline
N_LP.1643	0.0	0.5642470860429446	1.1602982575088436	1.3681058291357444	0.6511212199438974	0.6052037605713856	0.6511212199438974	0.6052037605713856	0.5714285714285714	endpoint
N_LP.1644	0.0	0.945469411465558	1.2590714131279517	1.6544007494482829	0.2150384649846973	0.2057482885106409	0.7849615350153027	0.7942517114893591	0.8571428571428571	baseline
N_LP.1645	0.0	0.02545757276247475	0.12173428241523702	1.3158302018061812	0.4601645109512936	0.407609575680579	0.5398354890487064	0.592390424319421	0.5714285714285714	endpoint
N_LP.1646	0.0	0.25830885703189477	0.008431486975318694	1.1700688350396868	0.36327011204855647	0.4429121677348509	0.6367298879514436	0.5570878322651491	0.5714285714285714	baseline
N_LP.1647	0.14285714285714285	0.6139069205482668	0.5281375779562257	2.2203913158708852	0.6311104881752662	0.6425661043640478	0.6311104881752662	0.6425661043640478	0.7142857142857143	endpoint
N_LP.1648	0.0	0.013177594835199155	0.24202762971973296	1.3929086325800206	0.5002197924666649	0.5050051486474205	0.5002197924666649	0.5050051486474205	0.5714285714285714	endpoint
N_LP.1649	0.0	0.6329888662843821	0.9193709223662156	1.7954949584869713	0.6756119816341399	0.8988650554217417	0.6756119816341399	0.8988650554217417	0.7142857142857143	endpoint
N_LP.165	0.0	0.43623130140843297	0.9182592594270881	1.62505649115299	0.35671390253098195	0.2792671258287347	0.643286097469018	0.7207328741712653	0.7142857142857143	baseline
N_LP.1650	0.0	0.5874417180964288	0.87412570536198	1.5356001100220849	0.31286402650745504	0.22554424136773826	0.687135973492545	0.7744557586322618	0.7142857142857143	baseline
N_LP.1651	0.0	0.3509175556707967	0.3111179794951791	1.1438801526548301	0.573740130076427	0.5618144919617125	0.573740130076427	0.5618144919617125	0.5714285714285714	endpoint
N_LP.1652	0.0	0.16110317628808155	0.16619752299227825	1.166897176037075	0.5037921354427649	0.5274583365234354	0.5037921354427649	0.5274583365234354	0.5714285714285714	endpoint
N_LP.1653	0.0	0.5964844499237765	1.1001006312509651	1.4965201094817844	0.6219648461151569	0.6550342627245151	0.6219648461151569	0.6550342627245151	0.7142857142857143	endpoint
N_LP.1654	0.0	1.286316181357204	1.5074695560296913	1.837211048038795	0.8220795655951271	0.9399023787290659	0.8220795655951271	0.9399023787290659	1.0	endpoint
N_LP.1655	0.0	0.3830647730134943	0.484408194606797	1.9035945609368496	0.566347133674056	0.5062339549440079	0.566347133674056	0.5062339549440079	0.5714285714285714	endpoint
N_LP.1656	0.0	0.6588951938683357	0.8641436194537667	1.1216399005928888	0.2735402113055643	0.23883396028896453	0.7264597886944357	0.7611660397110355	0.8571428571428571	baseline
N_LP.1657	0.0	0.3311363483447082	0.723646611160251	1.9636239437524146	0.5109107121790173	0.5858310569409524	0.5109107121790173	0.5858310569409524	0.5714285714285714	endpoint
N_LP.1658	0.0	0.12714683227499282	0.4316679622643068	1.0100002325240356	0.5202443606623904	0.6060343745260919	0.5202443606623904	0.6060343745260919	0.5714285714285714	endpoint
N_LP.1659	0.0	0.05356160724166573	0.22153015539735152	1.1811403333814854	0.5064581844886463	0.541790240531357	0.5064581844886463	0.541790240531357	0.5714285714285714	baseline
N_LP.166	0.0	1.0574960542484362	1.234457898239543	1.776547998544171	0.7485939004327771	0.8196631041135513	0.7485939004327771	0.8196631041135513	0.8571428571428571	endpoint
N_LP.1660	0.14285714285714285	1.3630445278373333	1.3571579391844597	2.2706652570783143	0.8244629321943571	0.8484759791629646	0.8244629321943571	0.8484759791629646	1.0	endpoint
N_LP.1661	0.0	0.6605497643872864	0.48354002339935787	1.45426940313234	0.6529695168220467	0.6125481869678182	0.6529695168220467	0.6125481869678182	1.0	endpoint
N_LP.1662	0.0	0.6749916868465908	0.9640269223880853	1.2225971548623695	0.2554935633494895	0.1517916361047268	0.7445064366505105	0.8482083638952732	0.8571428571428571	baseline
N_LP.1663	0.0	0.5827854322059157	0.9027131530303413	1.533980108290996	0.34332053527078876	0.2826206789655614	0.6566794647292112	0.7173793210344386	0.7142857142857143	baseline
N_LP.1664	0.0	0.012421295241548749	0.2869617010410043	1.031544687386346	0.48321647043621085	0.5819932850516907	0.5167835295637891	0.5819932850516907	0.5714285714285714	baseline
N_LP.1665	0.14285714285714285	0.523222808313072	0.6681056101133787	2.0297993205599245	0.33015979787054894	0.2211908570806876	0.6698402021294511	0.7788091429193125	0.7142857142857143	baseline
N_LP.1666	0.0	0.8607471193835999	1.162537799943126	1.5237659626415503	0.7370095323586494	0.8595005828218415	0.7370095323586494	0.8595005828218415	0.7142857142857143	endpoint
N_LP.1667	0.0	0.5275872857077463	0.500217556634745	1.5826052509533188	0.6301834488747787	0.5053493744960713	0.6301834488747787	0.5053493744960713	0.7142857142857143	endpoint
N_LP.1668	0.0	0.8988566250373167	1.1942657717255925	1.7796856233358396	0.7548751172627418	0.829837030633055	0.7548751172627418	0.829837030633055	0.8571428571428571	endpoint
N_LP.1669	0.0	0.13007768557879648	0.404423967578149	1.3963639912103487	0.4201466871046408	0.36438744247815397	0.5798533128953591	0.6356125575218461	0.5714285714285714	baseline
N_LP.167	0.0	0.419519618337846	0.13983476200324635	1.1735750358902315	0.32405139468616684	0.44420063574115914	0.6759486053138332	0.5557993642588408	0.7142857142857143	baseline
N_LP.1670	0.0	0.19601059510045976	0.24927249510445906	1.1384711851373222	0.3994158517293599	0.455311722313681	0.6005841482706401	0.544688277686319	0.7142857142857143	baseline
N_LP.1671	0.0	0.023461035442547597	0.033537432677558925	1.20900251937767	0.4557286777116495	0.45515323134326524	0.5442713222883505	0.5448467686567348	0.5714285714285714	endpoint
N_LP.1672	0.0	0.06257181317679712	0.07701136462950582	1.543902194447397	0.5009048300943155	0.49396351591615484	0.5009048300943155	0.5060364840838452	0.5714285714285714	endpoint
N_LP.1673	0.0	0.6164496954417676	1.0810702270241097	1.5650842904537718	0.30993408382497967	0.139736232599321	0.6900659161750203	0.860263767400679	0.7142857142857143	baseline
N_LP.1674	0.0	0.10457702679618454	0.3010699025798183	1.3789061699911087	0.42265083676324483	0.40065774353030165	0.5773491632367551	0.5993422564696984	0.5714285714285714	baseline
N_LP.1675	0.0	0.7093452723572621	0.945465371046173	1.3996040936881962	0.6545140572547058	0.7183204205272037	0.6545140572547058	0.7183204205272037	0.8571428571428571	endpoint
N_LP.1676	0.0	0.1483257732424598	0.6706283250787997	1.666466951530213	0.5408803538409175	0.6857840289929256	0.5408803538409175	0.6857840289929256	0.5714285714285714	endpoint
N_LP.1677	0.0	0.38319537307823204	0.2277819412107861	1.6477446313978459	0.3498137279925995	0.4282145418130061	0.6501862720074005	0.5717854581869939	0.7142857142857143	baseline
N_LP.1678	0.0	0.2621988665672141	0.08029090756393369	1.5520413352331959	0.549118226348756	0.6184619847689473	0.549118226348756	0.6184619847689473	0.5714285714285714	endpoint
N_LP.1679	0.0	0.11198762743193044	0.6261648966781153	1.698293004512916	0.4289217532944257	0.2884617096721249	0.5710782467055743	0.7115382903278751	0.5714285714285714	baseline
N_LP.168	0.0	0.9693800607095832	1.0360204611348134	1.5010693261770462	0.18137156711913427	0.21091782658056987	0.8186284328808657	0.7890821734194301	1.0	baseline
N_LP.1680	0.0	0.2603441295074601	0.4728507117971221	1.2755856610371954	0.3931228769759426	0.36511702169888155	0.6068771230240574	0.6348829783011185	0.8571428571428571	baseline
N_LP.1681	0.0	0.048640452951349	0.08357848859389667	1.6274336554693045	0.4713273260936271	0.4134434454308666	0.528672673906373	0.5865565545691334	0.5714285714285714	baseline
N_LP.1682	0.0	0.26123287982261484	0.829724363365033	1.5563836243846332	0.38062012851003557	0.27679788397253485	0.6193798714899644	0.7232021160274651	0.7142857142857143	baseline
N_LP.1683	0.14285714285714285	0.2681795072312385	0.0966646111828385	2.174217039983199	0.512571092464521	0.4982030473425929	0.512571092464521	0.5017969526574071	0.5714285714285714	endpoint
N_LP.1684	0.0	0.12462394834229462	0.047943437899434345	1.4007139509190696	0.5663177194178519	0.46700869139043427	0.5663177194178519	0.5329913086095657	0.5714285714285714	endpoint
N_LP.1685	0.0	0.43980451911580415	0.6465437352223423	1.3735781273889696	0.33214850351588804	0.3073596584935523	0.667851496484112	0.6926403415064477	0.8571428571428571	baseline
N_LP.1686	0.0	0.19792107853241378	0.22814378138706273	1.4528165967980837	0.5065767493992984	0.46110454586159066	0.5065767493992984	0.5388954541384093	0.5714285714285714	endpoint
N_LP.1687	0.0	0.15900045373382038	0.17206213956288757	1.510204238260711	0.5121963756623291	0.4817933009638081	0.5121963756623291	0.5182066990361919	0.7142857142857143	endpoint
N_LP.1688	0.0	0.03862036464731076	0.005354062348019983	1.0657566780894947	0.4788726383573017	0.4834100866483326	0.5211273616426984	0.5165899133516674	0.5714285714285714	endpoint
N_LP.1689	0.0	0.7291435599305504	0.6940541645633883	1.4966731221566958	0.25078434676633155	0.21715047917871644	0.7492156532336685	0.7828495208212836	1.0	baseline
N_LP.169	0.0	0.7874566959867986	0.5055630991182195	1.7879320385576263	0.6847917058639167	0.6995899924747288	0.6847917058639167	0.6995899924747288	0.8571428571428571	endpoint
N_LP.1690	0.0	0.03755729816364491	0.32016411591727195	1.1027579614119691	0.49920581323814234	0.5464155994796492	0.5007941867618577	0.5464155994796492	0.5714285714285714	endpoint
N_LP.1691	0.0	0.14924206493681674	0.35063408367615767	1.0403733260482202	0.4381689148534408	0.3155807578169637	0.5618310851465592	0.6844192421830363	0.7142857142857143	baseline
N_LP.1692	0.0	0.4303718639554323	0.18766772783708913	1.7296158121676617	0.35950673173487424	0.383338573221406	0.6404932682651258	0.6166614267785939	0.8571428571428571	baseline
N_LP.1693	0.0	0.5428623531045879	1.2854924535385508	1.6163866141780823	0.38470353542993824	0.18007510612617553	0.6152964645700618	0.8199248938738245	0.7142857142857143	baseline
N_LP.1694	0.0	0.34468864412000627	0.38458387026901436	1.632259197554399	0.5708459412150889	0.4897881092764308	0.5708459412150889	0.5102118907235692	0.5714285714285714	endpoint
N_LP.1695	0.0	0.42025260684802984	0.6278317846017429	1.252912852806605	0.3245437949568147	0.3124129765606563	0.6754562050431854	0.6875870234393437	0.8571428571428571	baseline
N_LP.1696	0.0	0.044144141528493004	0.36838209062266297	1.3711428133704788	0.4513928932508361	0.5426876390872432	0.5486071067491639	0.5426876390872432	0.5714285714285714	endpoint
N_LP.1697	0.0	0.3805425926967376	0.5162713427286644	1.6331412562380478	0.6224133605187652	0.7339592897678673	0.6224133605187652	0.7339592897678673	0.7142857142857143	endpoint
N_LP.1698	0.0	0.8926887444041479	1.1327000032544483	1.6762913583927994	0.7246448970722668	0.7900570831958859	0.7246448970722668	0.7900570831958859	0.8571428571428571	endpoint
N_LP.1699	0.0	0.20753140888336125	0.3946418828038865	1.175484465439993	0.43652285392319595	0.3658830844958913	0.563477146076804	0.6341169155041086	0.7142857142857143	baseline
N_LP.17	0.0	0.3995863832696269	0.27857150512403245	1.6565843209582483	0.5821309433151362	0.5357404278749207	0.5821309433151362	0.5357404278749207	0.5714285714285714	endpoint
N_LP.170	0.0	0.7951194019575831	1.2509408098145562	1.49113922025661	0.2665499119968154	0.19823298453496144	0.7334500880031847	0.8017670154650386	0.8571428571428571	baseline
N_LP.1700	0.0	0.6357059686419346	1.017834611477899	1.6173875872178876	0.6045004236171109	0.6764107524394527	0.6045004236171109	0.6764107524394527	0.7142857142857143	endpoint
N_LP.1701	0.0	0.13846304798808842	0.17728231862600644	1.5652000745039691	0.4204484570935111	0.39911650095501416	0.5795515429064889	0.6008834990449858	0.5714285714285714	baseline
N_LP.1702	0.0	0.24156188544678453	0.285974383481315	1.4056514832931035	0.3837248531043609	0.3500716756808135	0.6162751468956391	0.6499283243191865	0.7142857142857143	baseline
N_LP.1703	0.0	0.8808272822928457	1.193189436576534	1.2723540524267565	0.23171850671395816	0.21701092898746444	0.7682814932860418	0.7829890710125356	0.8571428571428571	baseline
N_LP.1704	0.0	0.05558235404124377	0.19322151440558602	1.653727618421489	0.4559471956681135	0.5076703868094893	0.5440528043318865	0.5076703868094893	0.5714285714285714	endpoint
N_LP.1705	0.0	0.6109046299355013	0.9850525142822074	1.2964198261850612	0.3177570156930814	0.19769161601871843	0.6822429843069187	0.8023083839812816	0.7142857142857143	baseline
N_LP.1706	0.0	0.09610588216658071	0.14479459657803967	1.2998933409599855	0.4576435369385728	0.5387440800792286	0.5423564630614273	0.5387440800792286	0.5714285714285714	baseline
N_LP.1707	0.0	0.1735881073718018	0.08663790484372481	1.403450355335492	0.5400214012165386	0.45866165273733345	0.5400214012165386	0.5413383472626665	0.5714285714285714	endpoint
N_LP.1708	0.0	1.0438923478083104	0.9849131678896826	1.742032405666548	0.7707032121267171	0.8531361854291296	0.7707032121267171	0.8531361854291296	1.0	endpoint
N_LP.1709	0.0	0.3233300951867563	0.3654928788144782	1.3875588503209961	0.3965869518536117	0.37127605678176767	0.6034130481463883	0.6287239432182323	0.8571428571428571	baseline
N_LP.171	0.0	0.966717548060915	1.0608742977771797	1.7377685402469811	0.7501378731292369	0.7905445280521468	0.7501378731292369	0.7905445280521468	0.8571428571428571	endpoint
N_LP.1710	0.0	0.11859847708742326	0.5951137676973073	1.3450111379236438	0.48219338915582693	0.5730506702913463	0.517806610844173	0.5730506702913463	0.5714285714285714	endpoint
N_LP.1711	0.0	0.9268694872041979	1.2207290704116154	1.4721255474656925	0.7371190832631714	0.7655976349884503	0.7371190832631714	0.7655976349884503	0.8571428571428571	endpoint
N_LP.1712	0.0	0.7961988020564547	0.8357000827457075	1.5715529981343175	0.6766453030915703	0.6078266254357001	0.6766453030915703	0.6078266254357001	0.7142857142857143	endpoint
N_LP.1713	0.0	0.8894867785703829	1.2641324351703225	1.7284090310072373	0.2493434386737463	0.16195537023407977	0.7506565613262537	0.8380446297659202	0.7142857142857143	baseline
N_LP.1714	0.0	0.20906726627190667	0.2692976051415339	1.291573819517601	0.44531225117476103	0.419258924152269	0.554687748825239	0.5807410758477309	0.5714285714285714	baseline
N_LP.1715	0.0	0.15501454837119719	0.2209396822145874	1.530944845093294	0.4187008708580505	0.3933410875173128	0.5812991291419495	0.6066589124826872	0.8571428571428571	baseline
N_LP.1716	0.0	0.017093789932691505	0.04693715813455309	1.4714677648926244	0.4507936678942058	0.46722576263489385	0.5492063321057943	0.5327742373651061	0.5714285714285714	endpoint
N_LP.1717	0.0	0.15697835557313458	0.5216417301749265	1.5018123948188595	0.47096967549312924	0.34646531084562404	0.5290303245068708	0.653534689154376	0.7142857142857143	baseline
N_LP.1718	0.0	0.24023204680832463	0.18322086308598112	1.494918075318863	0.40601491028733444	0.3715919527257875	0.5939850897126655	0.6284080472742125	0.7142857142857143	baseline
N_LP.1719	0.0	0.664688008173304	1.0278602399384154	1.5971193399114751	0.3124376134551386	0.22839033639395626	0.6875623865448615	0.7716096636060438	0.7142857142857143	baseline
N_LP.172	0.0	0.6500544738218902	0.9477115905835585	1.097700522060845	0.30707624354249047	0.2405586676576578	0.6929237564575095	0.7594413323423422	0.8571428571428571	baseline
N_LP.1720	0.0	0.29836317391156303	0.6606702595357604	1.4308178053716663	0.3985717053859557	0.318666489963756	0.6014282946140443	0.681333510036244	0.7142857142857143	baseline
N_LP.1721	0.0	0.43293289721075606	0.3334851308310409	1.1361431246025362	0.6079857396499954	0.48928920471125115	0.6079857396499954	0.5107107952887489	0.5714285714285714	endpoint
N_LP.1722	0.2857142857142857	1.5036055985693904	1.4418855936034072	2.2053070299858257	0.8801666946355567	0.9183330205716358	0.8801666946355567	0.9183330205716358	1.0	endpoint
N_LP.1723	0.0	0.2553893803054686	0.9045763318690597	1.7814289242333607	0.39501249191599125	0.14962060826415557	0.6049875080840088	0.8503793917358444	0.5714285714285714	baseline
N_LP.1724	0.0	0.03180889150789956	0.14962250251712642	1.955250005489895	0.4990076371079096	0.5229966961876162	0.5009923628920905	0.5229966961876162	0.7142857142857143	baseline
N_LP.1725	0.0	0.6011228268492369	0.7307574166413423	1.524698318969873	0.6348193301946816	0.6280469646150711	0.6348193301946816	0.6280469646150711	0.8571428571428571	endpoint
N_LP.1726	0.0	0.132034827813264	0.2931914687924079	1.5408803382371783	0.4948128226122477	0.5405486648423996	0.5051871773877523	0.5405486648423996	0.5714285714285714	endpoint
N_LP.1727	0.0	0.8036700762937719	1.185801899155477	1.672651942675357	0.712233899668642	0.8021998537849616	0.712233899668642	0.8021998537849616	0.7142857142857143	endpoint
N_LP.1728	0.0	0.41639716675466687	0.6676004843705147	1.200549280999562	0.6060097538425372	0.5282957351761319	0.6060097538425372	0.5282957351761319	0.7142857142857143	endpoint
N_LP.1729	0.0	0.4921913516837109	0.9367720458665317	1.4836341640550754	0.3594671199608052	0.27467733480832934	0.6405328800391947	0.7253226651916707	0.8571428571428571	baseline
N_LP.173	0.0	0.1948780569789758	0.29396864059435823	1.590438953955948	0.506049873475134	0.5407648007395732	0.506049873475134	0.5407648007395732	0.5714285714285714	endpoint
N_LP.1730	0.0	0.11458550249467107	0.5366606735203775	1.7742493394759422	0.48649211810350135	0.3370344942295958	0.5135078818964987	0.6629655057704043	0.5714285714285714	baseline
N_LP.1731	0.0	0.24507018450090148	0.28044106967301863	1.417720439446683	0.5392838808200145	0.4691005941048032	0.5392838808200145	0.5308994058951968	0.5714285714285714	endpoint
N_LP.1732	0.0	1.2205277094458673	1.4875536042039674	1.777391269268332	0.8358673189670917	0.9094281796771676	0.8358673189670917	0.9094281796771676	0.8571428571428571	endpoint
N_LP.1733	0.0	0.4213146517285012	0.5046769848434649	1.3420007215495489	0.34649652902771205	0.2718829946475116	0.653503470972288	0.7281170053524884	0.7142857142857143	baseline
N_LP.1734	0.14285714285714285	1.2370059105044025	1.2049864182036163	2.198965078886977	0.8155780081131211	0.8364446046601463	0.8155780081131211	0.8364446046601463	1.0	endpoint
N_LP.1735	0.0	0.10206171918835953	0.1685380533272074	1.3026881682999976	0.4297955144567594	0.40045346448548125	0.5702044855432407	0.5995465355145188	0.5714285714285714	baseline
N_LP.1736	0.0	0.14145987120200915	0.1435553189042511	1.104211231705763	0.5300892561708433	0.3838953739838586	0.5300892561708433	0.6161046260161414	0.5714285714285714	endpoint
N_LP.1737	0.0	0.6212142998261355	1.076308837100352	1.3393840319180492	0.6851503201293839	0.7981015538634602	0.6851503201293839	0.7981015538634602	0.7142857142857143	endpoint
N_LP.1738	0.0	1.0799293605506282	1.0677199937740567	1.6732741464790708	0.17386297201984563	0.11639788524808985	0.8261370279801543	0.8836021147519102	1.0	baseline
N_LP.1739	0.0	0.29250804309842166	0.30478891812506687	1.1107043072143084	0.5629430345316834	0.5068201386635312	0.5629430345316834	0.5068201386635312	0.7142857142857143	endpoint
N_LP.174	0.0	0.6663698608183838	1.3071643525150722	1.6927899410261658	0.3331429529863533	0.19537384338432648	0.6668570470136467	0.8046261566156735	0.7142857142857143	baseline
N_LP.1740	0.0	0.13854043117340703	0.24837907354083683	1.088718374690755	0.48752867354394747	0.5877457043585453	0.5124713264560525	0.5877457043585453	0.5714285714285714	endpoint
N_LP.1741	0.0	0.05498008417577416	0.4168308737614443	1.4613921900262237	0.5125551322954637	0.5577154371597052	0.5125551322954637	0.5577154371597052	0.5714285714285714	endpoint
N_LP.1742	0.0	0.917840810698536	0.9171844809413339	1.511059593847348	0.2112883444205423	0.19518723831226234	0.7887116555794577	0.8048127616877376	1.0	baseline
N_LP.1743	0.0	0.9067469909145355	1.1194956501222082	1.6060643296658481	0.7433688554438768	0.8907622428860948	0.7433688554438768	0.8907622428860948	0.8571428571428571	endpoint
N_LP.1744	0.0	0.2941021204202509	1.0640362090198239	1.5207108378374103	0.3438272534825389	0.07128355382225882	0.6561727465174612	0.9287164461777412	0.5714285714285714	baseline
N_LP.1745	0.0	0.4611202969237112	0.41875801151989445	1.6481065260147283	0.5972935326155634	0.5449290693319983	0.5972935326155634	0.5449290693319983	0.7142857142857143	endpoint
N_LP.1746	0.0	0.4802309517963674	0.5442146402817524	1.6305682512852822	0.3679557246005803	0.3430140022956098	0.6320442753994198	0.6569859977043901	0.8571428571428571	baseline
N_LP.1747	0.0	0.7048853998132992	1.3451734332629652	1.542826413653953	0.2649651802196026	0.19690571555257427	0.7350348197803974	0.8030942844474257	0.8571428571428571	baseline
N_LP.1748	0.0	0.3702762983169018	0.6068301596909591	1.5785561065804332	0.563268038927065	0.6436986577026536	0.563268038927065	0.6436986577026536	0.7142857142857143	endpoint
N_LP.1749	0.14285714285714285	0.05745578602282637	0.5677358685543787	2.073317491185528	0.5026083404276995	0.32864237906811034	0.5026083404276995	0.6713576209318897	0.5714285714285714	baseline
N_LP.175	0.0	0.5654642191955441	0.964220713856349	1.8404117788088556	0.5849860441751561	0.7612378331304912	0.5849860441751561	0.7612378331304912	0.7142857142857143	endpoint
N_LP.1750	0.0	0.9816650154067827	1.4707572974294256	1.8970483618305007	0.7421515669627231	0.7162734461222897	0.7421515669627231	0.7162734461222897	0.8571428571428571	endpoint
N_LP.1751	0.0	0.08556580461197834	0.26060120226186667	1.5369431417599988	0.454194492409517	0.37172071002975743	0.5458055075904831	0.6282792899702425	0.7142857142857143	baseline
N_LP.1752	0.0	0.9859997744387626	1.2874272708025478	1.6283946305979775	0.7274634055777923	0.759116789688767	0.7274634055777923	0.759116789688767	0.8571428571428571	endpoint
N_LP.1753	0.0	0.6440176953328258	0.9335252111036889	1.4643009016389803	0.31454080544440904	0.225808185477251	0.685459194555591	0.774191814522749	0.8571428571428571	baseline
N_LP.1754	0.0	0.5680025742471452	0.9541983240960873	1.4633124346919968	0.6704699518650789	0.7276874144502207	0.6704699518650789	0.7276874144502207	0.5714285714285714	endpoint
N_LP.1755	0.0	0.0706879208534509	0.223356667642343	0.9318532312014788	0.4957428499555617	0.6058355403474714	0.5042571500444383	0.6058355403474714	0.5714285714285714	endpoint
N_LP.1756	0.0	0.6823686696520462	0.6156444636987778	1.691028567711931	0.2936781807481534	0.2169720808037522	0.7063218192518466	0.7830279191962478	0.8571428571428571	baseline
N_LP.1757	0.0	0.22064793382176054	0.21800924428753923	0.8665760192394842	0.418016665877833	0.3708283986884765	0.581983334122167	0.6291716013115235	0.7142857142857143	baseline
N_LP.1758	0.0	0.5402777478555201	0.9708042024959682	1.5595975872244638	0.6053845449084518	0.7349150164487303	0.6053845449084518	0.7349150164487303	0.7142857142857143	endpoint
N_LP.1759	0.0	0.31304153178532446	0.647862350127451	1.0608742955443229	0.3838375555405616	0.32716667798133436	0.6161624444594385	0.6728333220186656	0.7142857142857143	baseline
N_LP.176	0.0	0.7401763479550849	1.1455728153007125	1.9619618269364762	0.7004039497582099	0.900578611317492	0.7004039497582099	0.900578611317492	0.7142857142857143	endpoint
N_LP.1760	0.0	0.6985879116084043	1.0106171677389895	1.6951748081637381	0.29867518901533907	0.1978837545398045	0.7013248109846609	0.8021162454601956	0.8571428571428571	baseline
N_LP.1761	0.0	0.3460648597679586	0.2555895639754608	1.4546231891794381	0.3874041173757346	0.3491446970203502	0.6125958826242655	0.6508553029796498	0.7142857142857143	baseline
N_LP.1762	0.0	0.1657840479270762	0.5149223543814305	1.733093425053938	0.43430180392798606	0.2747749018801751	0.565698196072014	0.7252250981198249	0.7142857142857143	baseline
N_LP.1763	0.0	0.199247342052423	0.21901653201797797	1.1625492538709588	0.4516730022107375	0.4301053860375293	0.5483269977892625	0.5698946139624708	0.5714285714285714	baseline
N_LP.1764	0.0	0.42683863412427075	0.6883742267961871	1.3257395914046475	0.3622343532520683	0.29744760183814367	0.6377656467479317	0.7025523981618563	0.7142857142857143	baseline
N_LP.1765	0.0	0.44453237842286436	0.8563252474515913	1.348123827689978	0.34115611701921916	0.2952935266468068	0.6588438829807808	0.7047064733531931	0.7142857142857143	baseline
N_LP.1766	0.0	0.5086663707026589	0.34216297101698046	1.1878377578659236	0.3237565673590403	0.3739069022530365	0.6762434326409597	0.6260930977469634	0.7142857142857143	baseline
N_LP.1767	0.0	1.0979682730213782	1.1653354255549553	1.5376916352077479	0.16175102850917708	0.14564528291596754	0.8382489714908229	0.8543547170840324	1.0	baseline
N_LP.1768	0.0	0.0975387100255157	0.16957350770744556	1.0039710744499064	0.4579648034795584	0.40029514761190343	0.5420351965204415	0.5997048523880966	0.7142857142857143	baseline
N_LP.1769	0.0	0.3888670167223954	0.6564871936714144	1.1770341786631837	0.3620468998264746	0.24625840130770435	0.6379531001735255	0.7537415986922956	0.7142857142857143	baseline
N_LP.177	0.0	0.02013028308507054	0.037610820600690924	1.224478028522744	0.45820595632062144	0.42047171980126746	0.5417940436793786	0.5795282801987325	0.5714285714285714	endpoint
N_LP.1770	0.0	0.45270057589071716	0.5511360178743956	1.7977368917958496	0.5612104599833929	0.6253818795198409	0.5612104599833929	0.6253818795198409	0.5714285714285714	endpoint
N_LP.1771	0.0	0.019508813202638246	0.0995287503219756	1.5059723796643365	0.47510861282209904	0.5088427452659102	0.524891387177901	0.5088427452659102	0.5714285714285714	endpoint
N_LP.1772	0.0	0.3545880486011949	0.6296336770901338	1.6020511755537747	0.5300097988125784	0.5976534249869679	0.5300097988125784	0.5976534249869679	0.5714285714285714	endpoint
N_LP.1773	0.14285714285714285	0.5473745645555292	0.9807986650952165	2.013835268554952	0.3574442647721442	0.23315385447355824	0.6425557352278558	0.7668461455264417	0.7142857142857143	baseline
N_LP.1774	0.0	0.7229699352586534	1.003417641283108	1.7277303781502051	0.6357685349364314	0.6794504124703594	0.6357685349364314	0.6794504124703594	0.7142857142857143	endpoint
N_LP.1775	0.0	0.7486839357639001	1.1782022213449779	1.6388253780846564	0.21738851670885664	0.033959001192248726	0.7826114832911434	0.9660409988077513	0.8571428571428571	baseline
N_LP.1776	0.0	0.18293767212024573	0.16997252119694542	1.6948895196782414	0.5584733711615154	0.6500301105951075	0.5584733711615154	0.6500301105951075	0.5714285714285714	endpoint
N_LP.1777	0.14285714285714285	0.8843896137188622	1.1564180127913555	2.1779754162080094	0.24603904841718366	0.09321845055028438	0.7539609515828163	0.9067815494497156	0.7142857142857143	baseline
N_LP.1778	0.0	0.2072929402674961	0.012167398471832437	1.3851960487193555	0.4816832218313526	0.42464915580255214	0.5183167781686474	0.5753508441974479	0.5714285714285714	endpoint
N_LP.1779	0.0	0.8794426065029215	1.3175770948246095	1.7051930613907662	0.7617034806387669	0.9023250412426834	0.7617034806387669	0.9023250412426834	0.7142857142857143	endpoint
N_LP.178	0.0	0.1576235491519713	0.45229713944391703	1.6729060467995531	0.5445494496987034	0.5749188853968811	0.5445494496987034	0.5749188853968811	0.5714285714285714	endpoint
N_LP.1780	0.0	0.25969643116814395	0.5310598499145237	1.3326918311025127	0.3732221826716938	0.3627924640201704	0.6267778173283062	0.6372075359798296	0.7142857142857143	baseline
N_LP.1781	0.0	0.3882350426952711	0.5278683753620933	1.674324712705922	0.39570085631857355	0.3634809180435293	0.6042991436814265	0.6365190819564708	0.7142857142857143	baseline
N_LP.1782	0.0	0.39249608180898854	0.7108389856213551	1.5764829003576448	0.586499127813837	0.7105481362254868	0.586499127813837	0.7105481362254868	0.7142857142857143	endpoint
N_LP.1783	0.0	0.10297847185028917	0.09026291748096854	1.1812621339664604	0.4444469160041376	0.40042556102883753	0.5555530839958625	0.5995744389711625	0.7142857142857143	baseline
N_LP.1784	0.0	0.8345844978498814	0.7532733126598076	1.6464144025630525	0.7260353303343882	0.685391907622932	0.7260353303343882	0.685391907622932	0.8571428571428571	endpoint
N_LP.1785	0.14285714285714285	1.252561258075763	1.4882370162802476	2.277232457929021	0.7941287504862116	0.9082787809362345	0.7941287504862116	0.9082787809362345	0.8571428571428571	endpoint
N_LP.1786	0.0	0.10498830615936876	0.5632965411756281	1.6123856834915349	0.41989658232226973	0.3400964552272926	0.5801034176777302	0.6599035447727074	0.5714285714285714	baseline
N_LP.1787	0.0	0.5977663564191723	0.6712401403154113	1.4570107499364249	0.6275584436561864	0.6673742375155408	0.6275584436561864	0.6673742375155408	0.7142857142857143	endpoint
N_LP.1788	0.0	0.20561174144937297	0.24806491240155157	1.2861613126309246	0.4306882033065709	0.36253940298834275	0.5693117966934291	0.6374605970116572	0.7142857142857143	baseline
N_LP.1789	0.0	0.4069349216370313	0.47078319450196454	1.9105535413930141	0.40015810606536123	0.28929145917538845	0.5998418939346388	0.7107085408246115	0.5714285714285714	baseline
N_LP.179	0.0	0.9579460208407724	0.9820356327263294	1.4666444071433968	0.19506794534312683	0.1856572746657927	0.8049320546568732	0.8143427253342073	1.0	baseline
N_LP.1790	0.0	0.03615169727504508	0.13901565345932418	1.1979603075807983	0.4778853545523476	0.45388348079982976	0.5221146454476524	0.5461165192001702	0.5714285714285714	baseline
N_LP.1791	0.0	0.5952015647672795	0.9942573025954609	1.3553092177971988	0.2525648110079038	0.21345671444401923	0.7474351889920963	0.7865432855559807	0.8571428571428571	baseline
N_LP.1792	0.0	0.9565916975427037	1.3209618897812934	1.5740844795145528	0.22689661542246503	0.1377947424611131	0.773103384577535	0.8622052575388869	0.8571428571428571	baseline
N_LP.1793	0.0	0.7757027453356476	1.0224027547337118	1.2547730048096386	0.21885048407411137	0.1690963767776937	0.7811495159258887	0.8309036232223063	0.8571428571428571	baseline
N_LP.1794	0.0	0.48032692008806394	0.3209106236174756	1.4645131090268277	0.6154298739321344	0.6069000212781767	0.6154298739321344	0.6069000212781767	0.7142857142857143	endpoint
N_LP.1795	0.0	0.18088200262468668	0.27804312577337925	0.9855301383367326	0.5030859030421905	0.5146663837764245	0.5030859030421905	0.5146663837764245	0.7142857142857143	endpoint
N_LP.1796	0.14285714285714285	0.23799998523457386	0.0643503738171705	2.7663700087084573	0.49671898155286565	0.4950321154861248	0.5032810184471344	0.5049678845138752	0.5714285714285714	endpoint
N_LP.1797	0.0	0.9453477983996201	0.8037455435541836	1.8756759173643143	0.21311255515492808	0.22414285129939468	0.7868874448450719	0.7758571487006053	1.0	baseline
N_LP.1798	0.0	0.717904815624012	1.017313765445958	1.1878558588479795	0.28020203154885814	0.22111066538826424	0.7197979684511419	0.7788893346117358	0.8571428571428571	baseline
N_LP.1799	0.14285714285714285	0.6760960697479318	1.0163418989192161	2.163457048515077	0.6367391238998953	0.7436712041493218	0.6367391238998953	0.7436712041493218	0.7142857142857143	endpoint
N_LP.18	0.0	0.04976251817098709	0.18008006323547032	1.3354885501678317	0.4269701007856118	0.39868873688535267	0.5730298992143882	0.6013112631146473	0.5714285714285714	baseline
N_LP.180	0.0	0.7164653639414047	1.1942943804801245	1.7653883329598106	0.3165088432466257	0.17202284066414347	0.6834911567533744	0.8279771593358565	0.8571428571428571	baseline
N_LP.1800	0.0	0.23634331257798807	0.0846047885795281	1.116258384875758	0.37769717063443126	0.41629842920055116	0.6223028293655688	0.5837015707994488	0.7142857142857143	baseline
N_LP.1801	0.0	0.3185273543607954	0.24021069623802616	1.6105782147341896	0.6086290210402009	0.5029315562985215	0.6086290210402009	0.5029315562985215	0.5714285714285714	endpoint
N_LP.1802	0.0	0.4198163623391836	0.7175976926304215	1.4838151176835506	0.5847204341350144	0.6036890445658365	0.5847204341350144	0.6036890445658365	0.7142857142857143	endpoint
N_LP.1803	0.0	0.3505331967155027	0.05239208853017024	1.8194261224895583	0.3994621540362419	0.444677071507099	0.600537845963758	0.555322928492901	0.8571428571428571	baseline
N_LP.1804	0.0	0.17632456930176071	0.5165826482284225	1.520638102239551	0.4727604669099943	0.5568560657491507	0.5272395330900057	0.5568560657491507	0.5714285714285714	endpoint
N_LP.1805	0.0	0.932199015406772	1.1597309636745003	1.4171216541633669	0.7528980298499733	0.7883525715295996	0.7528980298499733	0.7883525715295996	0.8571428571428571	endpoint
N_LP.1806	0.0	1.4236892655051208	1.446878623700119	1.8166506636103903	0.8814478620756765	0.9199751362728311	0.8814478620756765	0.9199751362728311	1.0	endpoint
N_LP.1807	0.0	0.2217470601526341	0.41259599623993215	1.4150733392553163	0.5181768477987571	0.5933891617295205	0.5181768477987571	0.5933891617295205	0.5714285714285714	endpoint
N_LP.1808	0.0	0.4283634630407008	0.8252690968924283	0.9236517665267703	0.3220942037017545	0.26507194890677965	0.6779057962982455	0.7349280510932203	0.8571428571428571	baseline
N_LP.1809	0.0	0.2495783042833391	0.3450520003905386	1.6759830774287172	0.4059740978657512	0.35641570227305286	0.5940259021342488	0.6435842977269471	0.7142857142857143	baseline
N_LP.181	0.0	0.9801077552524353	1.128518664756661	1.3043287051914987	0.17107041922465543	0.13107282676718787	0.8289295807753445	0.8689271732328121	1.0	baseline
N_LP.1810	0.0	0.25528401975119797	0.1516833050726174	1.3192495111196865	0.3970884806005413	0.4030304887364135	0.6029115193994588	0.5969695112635864	0.7142857142857143	baseline
N_LP.1811	0.0	0.016705800960113235	0.5235910641381133	1.8229424649957178	0.4240390404312074	0.2660162432875793	0.5759609595687927	0.7339837567124208	0.5714285714285714	baseline
N_LP.1812	0.0	0.6108871879830484	0.9525578318421442	1.6020091865162798	0.2794066662730265	0.28057994564527483	0.7205933337269734	0.7194200543547251	0.7142857142857143	baseline
N_LP.1813	0.0	0.1524502459471338	0.4884988716187544	1.107381649451267	0.4900575999932069	0.5899215940074232	0.5099424000067931	0.5899215940074232	0.5714285714285714	endpoint
N_LP.1814	0.0	0.5369959371691088	0.5973661252885806	1.5898857250019158	0.3143250070977967	0.32064048152552926	0.6856749929022032	0.6793595184744707	0.7142857142857143	baseline
N_LP.1815	0.0	0.7080905639304517	0.6990027896436488	1.5299252065974707	0.27990427854145544	0.2445941267071544	0.7200957214585446	0.7554058732928456	0.8571428571428571	baseline
N_LP.1816	0.0	0.404187083963565	0.5800715265197892	1.6547348316389172	0.548279855800447	0.6386173231393393	0.548279855800447	0.6386173231393393	0.7142857142857143	endpoint
N_LP.1817	0.0	1.120867197138922	1.2170307614152622	1.5539869226407368	0.7937654032157508	0.8676559829082661	0.7937654032157508	0.8676559829082661	1.0	endpoint
N_LP.1818	0.0	0.9953185632762188	0.9884931208634277	1.704662210133298	0.7618479873387075	0.7425138385634565	0.7618479873387075	0.7425138385634565	0.8571428571428571	endpoint
N_LP.1819	0.0	0.17279045034461124	0.547377373586466	1.5397100358812108	0.4311126012073111	0.33039702053206454	0.5688873987926889	0.6696029794679355	0.5714285714285714	baseline
N_LP.182	0.0	0.15912215517472947	0.045389736035573024	1.5082572467272664	0.4570875940771373	0.48714220586871143	0.5429124059228627	0.5128577941312886	0.5714285714285714	baseline
N_LP.1820	0.0	1.0615679380281298	1.1443724168419993	1.730824189313544	0.18083642643083694	0.20726246494229336	0.819163573569163	0.7927375350577066	1.0	baseline
N_LP.1821	0.0	0.15647993854789582	0.2680923325266837	1.6975888479923518	0.4652698793972805	0.5115798560685189	0.5347301206027195	0.5115798560685189	0.5714285714285714	endpoint
N_LP.1822	0.0	0.2574893624666128	0.20742008512206317	1.38153285278159	0.4206876232664513	0.36408586075177013	0.5793123767335486	0.6359141392482299	0.7142857142857143	baseline
N_LP.1823	0.0	0.5391808634797476	0.20525976651024505	1.458025967396486	0.3194122489081183	0.4410918615201319	0.6805877510918816	0.5589081384798681	0.7142857142857143	baseline
N_LP.1824	0.0	0.25121141671836983	0.28632111163773016	1.3365265145776761	0.3856288101649264	0.3824449013773063	0.6143711898350737	0.6175550986226936	0.5714285714285714	baseline
N_LP.1825	0.0	0.6217441086968972	0.5277489187573938	1.474965775695941	0.26103914666781586	0.29593545960673295	0.7389608533321841	0.704064540393267	1.0	baseline
N_LP.1826	0.0	1.4145146695567832	1.4648388611754635	1.8531241560233966	0.0852311690695208	0.07935781451076702	0.9147688309304792	0.9206421854892329	1.0	baseline
N_LP.1827	0.0	0.497934861235852	0.565465985454938	1.1994218295410943	0.3002924287896201	0.27925623776078884	0.69970757121038	0.7207437622392112	0.8571428571428571	baseline
N_LP.1828	0.0	0.3015165599028956	0.2793048166966939	1.75704129593824	0.3728101400988871	0.3421219244254819	0.627189859901113	0.6578780755745182	0.7142857142857143	baseline
N_LP.1829	0.0	0.6246407270434904	1.3277147037809651	1.7252184810043816	0.6180508008427922	0.8405245882879436	0.6180508008427922	0.8405245882879436	0.7142857142857143	endpoint
N_LP.183	0.0	0.07274366550881768	0.0512758076158064	1.1451224597317395	0.5060186157725002	0.4609870563824871	0.5060186157725002	0.5390129436175128	0.5714285714285714	endpoint
N_LP.1830	0.0	0.08110108324964803	0.40114022144226713	1.9930818906158974	0.377273131974409	0.30399793072366693	0.6227268680255911	0.6960020692763331	0.5714285714285714	baseline
N_LP.1831	0.0	0.7634218708207821	1.0700994169779263	1.762861443236704	0.6843243808682953	0.8221357366063147	0.6843243808682953	0.8221357366063147	0.5714285714285714	endpoint
N_LP.1832	0.0	0.538481976839024	0.8508412075354881	1.2763192663619385	0.6335616501655741	0.5806645074313177	0.6335616501655741	0.5806645074313177	0.5714285714285714	endpoint
N_LP.1833	0.0	0.2823766711833818	0.7674868588814517	1.37725451189136	0.4015582545377231	0.29095560394441145	0.5984417454622769	0.7090443960555886	0.7142857142857143	baseline
N_LP.1834	0.0	0.6950945019151674	0.3944740588315592	1.62154210148214	0.6841911778458603	0.6926352196622723	0.6841911778458603	0.6926352196622723	0.8571428571428571	endpoint
N_LP.1835	0.0	1.0126883657541061	1.1982944835165803	1.513088128304313	0.1825501019004911	0.07334213000092199	0.8174498980995089	0.926657869999078	0.8571428571428571	baseline
N_LP.1836	0.0	0.5327902885847822	0.8477238578470861	1.4132731289868186	0.3200789852662848	0.2627333476587015	0.6799210147337151	0.7372666523412985	0.7142857142857143	baseline
N_LP.1837	0.0	0.5669542377696538	1.1384983394690409	1.6109544569955436	0.3093204029357613	0.15898263517297073	0.6906795970642388	0.8410173648270293	0.8571428571428571	baseline
N_LP.1838	0.0	0.05642206226844326	0.09765207214373252	1.1414105375104036	0.47120228665623703	0.44115288036139044	0.5287977133437629	0.5588471196386096	0.5714285714285714	endpoint
N_LP.1839	0.0	0.6620925343575735	0.9688534408643327	1.3414199719197137	0.6781112778564741	0.7436111162374122	0.6781112778564741	0.7436111162374122	0.7142857142857143	endpoint
N_LP.184	0.0	0.012275844725339035	0.047869231984644614	0.8297377056141002	0.46735258513691796	0.4968022862464262	0.532647414863082	0.5031977137535738	0.5714285714285714	baseline
N_LP.1840	0.14285714285714285	0.10090115831835102	0.1627734672696545	2.1175612222096967	0.4488530007919172	0.44223794845527775	0.5511469992080829	0.5577620515447222	0.5714285714285714	endpoint
N_LP.1841	0.0	0.8019667444033551	1.1141479483439174	1.6439355802398103	0.7241588853406264	0.804877123673635	0.7241588853406264	0.804877123673635	0.7142857142857143	endpoint
N_LP.1842	0.0	0.4166941528812683	0.3753203583690946	1.5081931600025718	0.35733130673915514	0.39538559171381793	0.6426686932608449	0.6046144082861821	0.7142857142857143	baseline
N_LP.1843	0.0	0.11547282617219436	0.7663898374929389	1.5323625800662883	0.4007040828107752	0.19207187498886522	0.5992959171892248	0.8079281250111348	0.5714285714285714	baseline
N_LP.1844	0.0	0.1787267987255366	0.08320521277083216	1.2753431830679423	0.40282179594056444	0.4594021413828517	0.5971782040594356	0.5405978586171483	0.5714285714285714	baseline
N_LP.1845	0.0	0.044696847915566176	0.02830757933889355	1.4423024123894705	0.499351068158009	0.43720364642380555	0.500648931841991	0.5627963535761944	0.5714285714285714	endpoint
N_LP.1846	0.0	0.308575774011602	0.2492603105237956	1.1727225625458217	0.3798201676186722	0.39331361985576085	0.6201798323813278	0.6066863801442391	0.7142857142857143	baseline
N_LP.1847	0.0	0.5382827243678472	0.9183560291179426	1.3521768940717525	0.3447980238594902	0.25872718418924556	0.6552019761405098	0.7412728158107544	0.8571428571428571	baseline
N_LP.1848	0.0	0.318008308096195	0.29663831867177776	1.1586912109326508	0.5794483060834165	0.5430840733267343	0.5794483060834165	0.5430840733267343	0.5714285714285714	endpoint
N_LP.1849	0.14285714285714285	0.772188662610654	1.1607942692079773	2.11707996641859	0.6664068008306827	0.7499154069768891	0.6664068008306827	0.7499154069768891	0.7142857142857143	endpoint
N_LP.185	0.0	0.24674363863930257	0.1852071301141109	1.6806828757298105	0.5559543885617372	0.49672642918585086	0.5559543885617372	0.5032735708141491	0.5714285714285714	endpoint
N_LP.1850	0.0	0.7154009003901333	0.7625727261377009	1.1781844024756376	0.26058707004358217	0.2231969590252316	0.7394129299564178	0.7768030409747684	1.0	baseline
N_LP.1851	0.0	0.33280927391145376	0.588791382983081	1.4701688995988582	0.4340605136088506	0.30229337646574733	0.5659394863911493	0.6977066235342526	0.7142857142857143	baseline
N_LP.1852	0.0	0.46760382928390626	0.9035082135756747	1.3726805836599483	0.3533670661052705	0.2880794380056688	0.6466329338947294	0.7119205619943312	0.7142857142857143	baseline
N_LP.1853	0.0	0.09678366342691502	0.23663594162788626	1.478576843369862	0.500637168377111	0.36629818112354723	0.500637168377111	0.6337018188764527	0.5714285714285714	endpoint
N_LP.1854	0.0	0.8154400234889201	0.9719460263128927	1.4244410510842627	0.7376473756586627	0.7444462946877052	0.7376473756586627	0.7444462946877052	0.8571428571428571	endpoint
N_LP.1855	0.0	0.2699781124173917	0.24087175773371733	1.5548467423311407	0.554915498278392	0.5356763195909429	0.554915498278392	0.5356763195909429	0.5714285714285714	endpoint
N_LP.1856	0.0	0.4442460838909267	0.6677523298806732	1.3875664691318212	0.5584142973172023	0.6383756826515233	0.5584142973172023	0.6383756826515233	0.7142857142857143	endpoint
N_LP.1857	0.0	0.07000804121717775	0.19798274127522134	1.0990049090392806	0.4716842633161328	0.5233689269254898	0.5283157366838672	0.5233689269254898	0.5714285714285714	endpoint
N_LP.1858	0.0	0.40593141179044867	0.9295056926392375	1.7394166487876153	0.3747735359557538	0.23094342585643815	0.6252264640442462	0.7690565741435619	0.5714285714285714	baseline
N_LP.1859	0.0	0.5828356957823108	0.7191516207322642	1.6296093418336695	0.6759716485048267	0.6514890026500776	0.6759716485048267	0.6514890026500776	0.8571428571428571	endpoint
N_LP.186	0.14285714285714285	0.2228466066811255	0.23931941330631193	2.2981473736083458	0.44269320830256426	0.3678594738893717	0.5573067916974357	0.6321405261106283	0.5714285714285714	baseline
N_LP.1860	0.14285714285714285	0.18658353781292952	0.09275338823987173	2.6163215244273683	0.4614201379544787	0.4569153527413538	0.5385798620455213	0.5430846472586461	0.7142857142857143	endpoint
N_LP.1861	0.0	0.5580690915352423	0.6043944047712827	1.4749378603989673	0.6529851223851074	0.737331618287388	0.6529851223851074	0.737331618287388	0.7142857142857143	endpoint
N_LP.1862	0.0	0.20533841691134977	0.056244432734624185	1.3274027736166316	0.5272124005172865	0.4723636855032744	0.5272124005172865	0.5276363144967255	0.5714285714285714	endpoint
N_LP.1863	0.0	0.22224566853542185	0.11911738294670439	1.2169800607778498	0.43249841117579757	0.4832989018724749	0.5675015888242024	0.5167010981275251	0.5714285714285714	baseline
N_LP.1864	0.0	0.800852017938533	1.0222151492512905	1.6348070247777466	0.7050900289370442	0.660523637950442	0.7050900289370442	0.660523637950442	0.8571428571428571	endpoint
N_LP.1865	0.0	0.23320873726227	0.8315485676677252	1.5163489927494516	0.3945408888828898	0.2071311120597674	0.6054591111171101	0.7928688879402326	0.5714285714285714	baseline
N_LP.1866	0.0	1.0326648303771246	1.5965364952134737	1.8040576948392637	0.7486705636849953	0.8217503030452632	0.7486705636849953	0.8217503030452632	0.8571428571428571	endpoint
N_LP.1867	0.0	0.008048542812114201	0.20909909754469397	1.1934832930762878	0.44419725030220364	0.36824502603285625	0.5558027496977964	0.6317549739671438	0.5714285714285714	endpoint
N_LP.1868	0.0	0.3648385077538139	0.03572035328619707	1.6604273240345004	0.3461940523975145	0.41734352238868067	0.6538059476024856	0.5826564776113193	0.8571428571428571	baseline
N_LP.1869	0.0	0.18729753611719996	0.43888639491239884	1.7363757825987483	0.5877270735504333	0.5720259652506337	0.5877270735504333	0.5720259652506337	0.5714285714285714	endpoint
N_LP.187	0.0	0.23929221113430868	0.3805160113847726	1.3259347732556293	0.4095058482367686	0.3518856913658087	0.5904941517632314	0.6481143086341913	0.7142857142857143	baseline
N_LP.1870	0.0	0.25159298166677596	0.5500043269464153	1.7574627333146102	0.44073683775770556	0.25372017118443674	0.5592631622422944	0.7462798288155632	0.5714285714285714	baseline
N_LP.1871	0.0	0.32640283752884025	0.39885278318769857	1.4312329843487672	0.539004444306281	0.5521390099025586	0.539004444306281	0.5521390099025586	0.5714285714285714	endpoint
N_LP.1872	0.0	0.14117714835989664	0.024768183432621823	1.2928344079062024	0.4922047880481745	0.4448293750795439	0.5077952119518254	0.5551706249204561	0.7142857142857143	endpoint
N_LP.1873	0.0	0.042571606391167686	0.24146371543143794	1.6124165085091107	0.43407106384809013	0.3647104151756006	0.5659289361519099	0.6352895848243993	0.5714285714285714	endpoint
N_LP.1874	0.0	0.1591261465364236	0.4773063844985775	1.4886954534375225	0.41320248504933904	0.33814036246138074	0.586797514950661	0.6618596375386192	0.7142857142857143	baseline
N_LP.1875	0.0	0.5843063670902519	0.5564576063137332	1.69447241488941	0.632682296471837	0.6246567262405833	0.632682296471837	0.6246567262405833	0.7142857142857143	endpoint
N_LP.1876	0.0	0.8967403126926375	0.9905740857283315	1.4876140274085874	0.7552260174870022	0.7494769572363491	0.7552260174870022	0.7494769572363491	0.7142857142857143	endpoint
N_LP.1877	0.0	0.2099827160519159	0.3448808228483321	1.8203550574301235	0.569367498017921	0.40295436979226973	0.569367498017921	0.5970456302077303	0.5714285714285714	endpoint
N_LP.1878	0.0	0.42006070537604384	0.8465605832821954	1.7963017360234552	0.3123193110717301	0.2533434432672597	0.6876806889282698	0.7466565567327403	0.7142857142857143	baseline
N_LP.1879	0.0	0.6029237643468859	0.4842943726325974	1.6502568144471355	0.6511049578763599	0.6716632986417114	0.6511049578763599	0.6716632986417114	0.8571428571428571	endpoint
N_LP.188	0.0	0.001057287002511727	0.07211579597121884	1.568733008368799	0.4314722729249114	0.45079203793364886	0.5685277270750886	0.5492079620663511	0.5714285714285714	endpoint
N_LP.1880	0.0	0.19988805743069957	0.47694125777264446	1.0125113111952895	0.4081306113781134	0.30620262325134634	0.5918693886218866	0.6937973767486536	0.7142857142857143	baseline
N_LP.1881	0.0	0.3508833936945333	0.4550091346706096	1.5366269688056111	0.355539885594137	0.2872889217881977	0.644460114405863	0.7127110782118022	0.8571428571428571	baseline
N_LP.1882	0.14285714285714285	0.5674092724175731	0.8674068475004184	2.0987743974350686	0.5695445106610834	0.7162146190209396	0.5695445106610834	0.7162146190209396	0.7142857142857143	endpoint
N_LP.1883	0.0	0.7067540640220675	0.7347602304555122	1.4167319909378688	0.290911977664364	0.2826857575660567	0.709088022335636	0.7173142424339434	0.8571428571428571	baseline
N_LP.1884	0.0	0.8696888098344097	1.246537277638017	1.7289410507581338	0.22392670523913014	0.12744231851160545	0.7760732947608698	0.8725576814883945	0.8571428571428571	baseline
N_LP.1885	0.0	0.2799312813044685	0.24331901141536855	1.6411314356283844	0.5753025491408325	0.463424778427851	0.5753025491408325	0.536575221572149	0.5714285714285714	endpoint
N_LP.1886	0.0	0.7898660825230107	0.9356958434239805	1.4547883267543813	0.25424445241967	0.25225533290782914	0.74575554758033	0.7477446670921708	0.8571428571428571	baseline
N_LP.1887	0.0	0.5533487281553258	0.4796962880074159	1.9022462165161749	0.6107848833449694	0.5835895348708585	0.6107848833449694	0.5835895348708585	0.7142857142857143	endpoint
N_LP.1888	0.0	0.01292107402601734	0.15019880934628976	0.9902452315978683	0.4736090365928272	0.46321909643085685	0.5263909634071728	0.5367809035691431	0.5714285714285714	endpoint
N_LP.1889	0.0	0.0634940144674154	0.30610960305613927	1.7438165340310803	0.47704099537739764	0.5447972014411661	0.5229590046226024	0.5447972014411661	0.5714285714285714	baseline
N_LP.189	0.0	0.6777389581502204	0.8768113363495855	1.886289553914394	0.28619382186857184	0.2289001005885438	0.7138061781314282	0.7710998994114562	0.8571428571428571	baseline
N_LP.1890	0.0	0.09019677239727629	0.33134783032708454	1.357120201727954	0.46518165402309614	0.548828112271164	0.5348183459769038	0.548828112271164	0.5714285714285714	endpoint
N_LP.1891	0.0	0.41154473692782734	0.4986158325820766	1.4133412858455312	0.31868426894976043	0.28869183913094065	0.6813157310502396	0.7113081608690593	0.7142857142857143	baseline
N_LP.1892	0.0	0.1915864543274763	0.1558008341722191	1.7821120632785385	0.5321083509599569	0.49731018249510534	0.5321083509599569	0.5026898175048946	0.5714285714285714	endpoint
N_LP.1893	0.0	0.36077526500213836	0.36941372014189194	1.3675950658341043	0.3653575387866409	0.45635390036767576	0.6346424612133591	0.5436460996323242	0.7142857142857143	baseline
N_LP.1894	0.0	0.634851426392161	0.7781792162384031	1.7442547987314325	0.3086209426652848	0.29250751817409604	0.6913790573347152	0.707492481825904	0.7142857142857143	baseline
N_LP.1895	0.0	0.4734855689120776	0.8979805827735503	1.165644485084517	0.32643880616987414	0.24813373825889407	0.6735611938301258	0.7518662617411059	0.7142857142857143	baseline
N_LP.1896	0.0	0.6858666786631018	0.8453431480802068	1.0801953704613294	0.26588432977509135	0.2762669943140146	0.7341156702249086	0.7237330056859854	0.8571428571428571	baseline
N_LP.1897	0.14285714285714285	1.0618003848369362	1.1930595277502247	2.4320388079081696	0.7679416848374822	0.8041598368164364	0.7679416848374822	0.8041598368164364	0.8571428571428571	endpoint
N_LP.1898	0.14285714285714285	0.9825245606035077	0.9292323612068544	2.340803642697829	0.20499060355231724	0.13851596608517291	0.7950093964476828	0.8614840339148271	1.0	baseline
N_LP.1899	0.0	0.2121368541950111	0.9187340320014054	1.3994173239701289	0.5282884951059119	0.6401876314182028	0.5282884951059119	0.6401876314182028	0.5714285714285714	endpoint
N_LP.19	0.0	0.492052379370078	0.6448166786163262	1.8082399819943618	0.5992078772133739	0.6801663864170425	0.5992078772133739	0.6801663864170425	0.7142857142857143	endpoint
N_LP.190	0.0	0.14973092540841745	0.12358622505731118	1.6450530064576308	0.42578438282337977	0.4920351187858158	0.5742156171766202	0.5079648812141841	0.5714285714285714	baseline
N_LP.1900	0.0	0.30696083224480014	0.6604018875637541	1.3522864865384152	0.3976490071200563	0.34443988952002486	0.6023509928799438	0.6555601104799751	0.7142857142857143	baseline
N_LP.1901	0.0	0.43379295860331013	0.8706399356841319	1.1852694395088523	0.3323352898549829	0.2931048675127408	0.667664710145017	0.7068951324872592	0.5714285714285714	baseline
N_LP.1902	0.0	0.5550872871669815	1.0598008837059898	1.6981320412285599	0.3377164042273315	0.16658460205210066	0.6622835957726685	0.8334153979478993	0.7142857142857143	baseline
N_LP.1903	0.0	0.25076863189955667	0.7320095602361338	1.2447495573324654	0.4081739550739324	0.3143009028405331	0.5918260449260676	0.685699097159467	0.5714285714285714	baseline
N_LP.1904	0.0	0.10379781039620975	0.17402820839246874	1.4257343736071026	0.5178473950217887	0.5148916591066837	0.5178473950217887	0.5148916591066837	0.5714285714285714	endpoint
N_LP.1905	0.0	0.4481999900500012	0.5906436305176476	1.3425398330355836	0.32820140115393664	0.32245594721217824	0.6717985988460633	0.6775440527878218	0.8571428571428571	baseline
N_LP.1906	0.0	0.6777411656163309	0.9543866304003831	1.7841052610528938	0.7087200134949508	0.73970423361608	0.7087200134949508	0.73970423361608	0.7142857142857143	endpoint
N_LP.1907	0.0	0.189841242488119	0.20337137239655825	1.2693246918427983	0.40768653086366197	0.36534168666421896	0.5923134691363381	0.634658313335781	0.7142857142857143	baseline
N_LP.1908	0.0	0.07163466445132438	0.0825764467622491	1.066020652079266	0.48405587542521583	0.4274680285442463	0.5159441245747842	0.5725319714557537	0.7142857142857143	endpoint
N_LP.1909	0.0	0.18639906485963537	0.24100177573854534	1.3837119528732134	0.5342643923888316	0.38061575931035246	0.5342643923888316	0.6193842406896475	0.7142857142857143	endpoint
N_LP.191	0.0	0.7152002624591833	1.0932120100994838	1.3876043887640142	0.2661295626895429	0.10723005868371233	0.7338704373104571	0.8927699413162877	0.7142857142857143	baseline
N_LP.1910	0.0	0.974532868766235	1.2459074822104401	1.9978480966603842	0.7270170602622338	0.7316853263367219	0.7270170602622338	0.7316853263367219	0.7142857142857143	endpoint
N_LP.1911	0.0	0.31911707732872835	0.4077247881193204	1.580814459266503	0.5298806898334666	0.5446506004162978	0.5298806898334666	0.5446506004162978	0.5714285714285714	endpoint
N_LP.1912	0.0	1.1660701722282265	1.2432483108592725	1.7698190499254454	0.8099322785118828	0.8491907907179975	0.8099322785118828	0.8491907907179975	1.0	endpoint
N_LP.1913	0.0	0.5940579921814014	0.8556772926139927	1.4296239291862414	0.6503327723129101	0.7130469550596308	0.6503327723129101	0.7130469550596308	0.7142857142857143	endpoint
N_LP.1914	0.0	0.01657301763331758	0.3986724264044482	1.4890433824616895	0.507803101058984	0.730532981713874	0.507803101058984	0.730532981713874	0.5714285714285714	baseline
N_LP.1915	0.0	0.22946876127012433	0.9651643570972647	1.327694361895682	0.522752681557004	0.5968611290024932	0.522752681557004	0.5968611290024932	0.5714285714285714	endpoint
N_LP.1916	0.0	0.7359822236503427	1.1527688818717774	1.3003290284581135	0.24689430289893988	0.21398877647428413	0.7531056971010601	0.7860112235257158	0.8571428571428571	baseline
N_LP.1917	0.0	0.5440702497467018	0.4618989881234413	1.6943471892651036	0.6389766114830637	0.7527888709094934	0.6389766114830637	0.7527888709094934	0.7142857142857143	endpoint
N_LP.1918	0.0	0.07099948519682016	0.07805557127375697	1.3292358367090609	0.5229740908980797	0.46051300451187693	0.5229740908980797	0.5394869954881231	0.5714285714285714	endpoint
N_LP.1919	0.0	0.5337668289955245	0.6371287451295675	1.8046876841953534	0.6177559770170762	0.5680084527193406	0.6177559770170762	0.5680084527193406	0.7142857142857143	endpoint
N_LP.192	0.0	0.1563398457829611	0.07110948366225453	1.3115576402299662	0.4609772716632598	0.4207367866043384	0.5390227283367401	0.5792632133956617	0.5714285714285714	baseline
N_LP.1920	0.0	0.13581231826236653	0.6320983402559937	1.230025347645599	0.4879459413941957	0.5314556430594419	0.5120540586058042	0.5314556430594419	0.5714285714285714	endpoint
N_LP.1921	0.0	1.179974625280701	1.2597075894468546	1.7918987884749025	0.14158612266342283	0.11964094183764888	0.8584138773365771	0.8803590581623512	1.0	baseline
N_LP.1922	0.0	0.334692844862659	0.4313228530583661	1.6375694856910423	0.32786104275080846	0.34403416839894263	0.6721389572491916	0.6559658316010574	0.7142857142857143	baseline
N_LP.1923	0.0	0.4305710995347813	1.1381353007572133	1.6241951742905323	0.6401986818003723	0.767827811079211	0.6401986818003723	0.767827811079211	0.5714285714285714	endpoint
N_LP.1924	0.0	0.5977246406562425	1.305867056939268	1.7055893791869277	0.6047111685871052	0.8179017461200287	0.6047111685871052	0.8179017461200287	0.5714285714285714	endpoint
N_LP.1925	0.0	0.1366679518377024	0.30560034936623803	1.0838025088078391	0.5492244777546699	0.5232140575209829	0.5492244777546699	0.5232140575209829	0.5714285714285714	endpoint
N_LP.1926	0.0	0.6119853587098021	0.6556389042501134	1.6750750102229708	0.2772319667567629	0.3104952017678721	0.7227680332432371	0.6895047982321278	0.8571428571428571	baseline
N_LP.1927	0.0	0.1547851156895501	0.13998035292568753	1.6515540295153928	0.4337724278200797	0.4384726874268312	0.5662275721799204	0.5615273125731688	0.5714285714285714	baseline
N_LP.1928	0.0	0.12280110342091896	0.167834146055698	1.2423985687326289	0.4084062289248017	0.37636459016988705	0.5915937710751983	0.6236354098301129	0.5714285714285714	baseline
N_LP.1929	0.0	0.08166177986763912	0.446405794612498	1.3624958824280038	0.4929268242510711	0.36140857577122737	0.5070731757489289	0.6385914242287727	0.5714285714285714	baseline
N_LP.193	0.0	0.4205386863836269	0.2589386293817341	1.1998516151426266	0.5771939244265115	0.5423988876308301	0.5771939244265115	0.5423988876308301	0.5714285714285714	endpoint
N_LP.1930	0.0	0.7943182166974295	0.9955902694360445	1.4378124821908727	0.6936381034517881	0.7875108994172874	0.6936381034517881	0.7875108994172874	0.8571428571428571	endpoint
N_LP.1931	0.0	0.3931601145607894	0.6163963369283165	1.6445351493351055	0.5759662367020075	0.5637733167027689	0.5759662367020075	0.5637733167027689	0.5714285714285714	endpoint
N_LP.1932	0.0	0.13451008778617307	0.27510169159716263	1.5202443596784232	0.4500077322634844	0.5137540124849309	0.5499922677365157	0.5137540124849309	0.5714285714285714	baseline
N_LP.1933	0.0	0.5381748317129766	1.1732503211326655	1.6083404570191042	0.31313817333951827	0.13040515963672858	0.6868618266604818	0.8695948403632714	0.7142857142857143	baseline
N_LP.1934	0.0	0.029903535590459836	0.2250930348221814	1.578417556317872	0.45644907592326833	0.36229378368894993	0.5435509240767317	0.6377062163110501	0.5714285714285714	endpoint
N_LP.1935	0.0	0.2667063014423305	0.6208393213190637	1.4731029007831735	0.4380850692301482	0.3312983920550756	0.5619149307698518	0.6687016079449244	0.7142857142857143	baseline
N_LP.1936	0.0	0.07147219987911892	0.006653687942385223	1.0560567678873731	0.455378825961312	0.4272395878375071	0.5446211740386879	0.572760412162493	0.7142857142857143	baseline
N_LP.1937	0.0	0.1505328193029246	0.5157783446941523	1.3357556097975243	0.4267666916963861	0.40864429311378697	0.5732333083036139	0.591355706886213	0.7142857142857143	baseline
N_LP.1938	0.0	0.4319970465366881	0.6769060935151412	1.2998591937600423	0.3415116207010786	0.3271083696335016	0.6584883792989213	0.6728916303664985	0.7142857142857143	baseline
N_LP.1939	0.14285714285714285	0.10491589802635429	0.3868803069106161	2.0927041468568524	0.553507392571047	0.5900051721654099	0.553507392571047	0.5900051721654099	0.7142857142857143	endpoint
N_LP.194	0.0	0.815832659167483	0.9920391914251336	1.5756319557941842	0.7367627683542094	0.7995403909987647	0.7367627683542094	0.7995403909987647	0.8571428571428571	endpoint
N_LP.1940	0.0	0.10958509280951725	0.18433895205768425	1.597652828085079	0.5064426218227268	0.49847247912618975	0.5064426218227268	0.5015275208738103	0.5714285714285714	endpoint
N_LP.1941	0.0	0.4408355243387261	0.8256533976032236	1.7857117684696284	0.6178550732479309	0.8089224511705823	0.6178550732479309	0.8089224511705823	0.7142857142857143	endpoint
N_LP.1942	0.0	0.040896776653150176	0.0008712306576915067	1.8603196017473207	0.4559284042147878	0.4260890575877653	0.5440715957852122	0.5739109424122347	0.5714285714285714	endpoint
N_LP.1943	0.0	0.551441690928565	0.9810279701522835	1.5853949318697331	0.6523620815971302	0.7603630954657902	0.6523620815971302	0.7603630954657902	0.7142857142857143	endpoint
N_LP.1944	0.0	0.445066094808209	0.45257788921341285	1.64624109217614	0.6371782466543631	0.5688034128549163	0.6371782466543631	0.5688034128549163	0.5714285714285714	endpoint
N_LP.1945	0.0	0.546142160301226	0.9825680119066289	1.7009884176518342	0.6167334781367612	0.6862966571988921	0.6167334781367612	0.6862966571988921	0.5714285714285714	endpoint
N_LP.1946	0.0	0.0654313304889815	0.010200581935529411	1.743909404110764	0.45659149563550944	0.44747817065312934	0.5434085043644905	0.5525218293468707	0.5714285714285714	baseline
N_LP.1947	0.0	0.6724303488937856	0.7658659354006245	1.2375619795315493	0.28405844216900267	0.28896197960528414	0.7159415578309973	0.7110380203947159	0.8571428571428571	baseline
N_LP.1948	0.0	0.28149001170601334	0.20412415751324928	1.5065954635501126	0.38624760137047714	0.37699070853364175	0.6137523986295228	0.6230092914663583	0.7142857142857143	baseline
N_LP.1949	0.0	0.8049841132740774	1.1366334339184332	1.6169189675421407	0.21793605574483976	0.07586333652555473	0.7820639442551602	0.9241366634744452	0.8571428571428571	baseline
N_LP.195	0.0	0.8442010961058183	1.5689186225364915	1.6605708278512206	0.7093386430973901	0.8157926695912843	0.7093386430973901	0.8157926695912843	0.7142857142857143	endpoint
N_LP.1950	0.0	0.7190065464413484	0.6162646489408615	1.3991018170477814	0.25195272506147964	0.2607221361538979	0.7480472749385203	0.7392778638461022	0.8571428571428571	baseline
N_LP.1951	0.0	0.42498835700843796	0.8482831404661558	1.3406581797456267	0.3527961767325139	0.2775301578810581	0.6472038232674862	0.7224698421189419	0.7142857142857143	baseline
N_LP.1952	0.0	0.1954132260253098	0.5159302780780777	1.098077263981901	0.4086885167923172	0.25579049414706306	0.5913114832076828	0.744209505852937	0.7142857142857143	baseline
N_LP.1953	0.0	0.6712274992687389	1.0616136578241269	1.4468733276660033	0.7037774704700533	0.8520764887007604	0.7037774704700533	0.8520764887007604	0.7142857142857143	endpoint
N_LP.1954	0.0	1.1013300018220848	1.1773993375028826	1.6826749736468651	0.14199780370724752	0.07073587256640311	0.8580021962927524	0.9292641274335969	1.0	baseline
N_LP.1955	0.0	0.08359127160051923	0.11001609188577062	1.013502642647066	0.49621341610172937	0.48322854007442756	0.5037865838982707	0.5167714599255724	0.5714285714285714	endpoint
N_LP.1956	0.0	0.7475886098215251	1.1121161979548224	1.5244915316804517	0.7156498560836021	0.8062090088277418	0.7156498560836021	0.8062090088277418	0.7142857142857143	endpoint
N_LP.1957	0.0	0.3380850504390428	0.7351064456758626	1.5656593002483647	0.5836436212021235	0.7942696816449897	0.5836436212021235	0.7942696816449897	0.5714285714285714	endpoint
N_LP.1958	0.0	0.19224554862628457	0.34667115642936486	1.3899042303101343	0.5624453047665695	0.575043602990486	0.5624453047665695	0.575043602990486	0.5714285714285714	endpoint
N_LP.1959	0.0	0.32293050600889694	0.056941001642212545	1.4021669433891222	0.5644295898946946	0.46506776757688656	0.5644295898946946	0.5349322324231134	0.5714285714285714	endpoint
N_LP.196	0.0	0.23121698358514636	0.43186638300974345	1.1532994459651178	0.43147571103498483	0.30209048220429435	0.5685242889650152	0.6979095177957056	0.7142857142857143	baseline
N_LP.1960	0.0	0.768206607561819	1.053605072251817	1.5679230621807725	0.684245623625454	0.755229460272647	0.684245623625454	0.755229460272647	0.7142857142857143	endpoint
N_LP.1961	0.14285714285714285	1.0534713379412382	1.027838114224281	2.048842118812366	0.19456776765782263	0.1521207203973257	0.8054322323421774	0.8478792796026743	1.0	baseline
N_LP.1962	0.0	0.05268153442075864	0.46591939532414123	1.6022332994279849	0.5001979076300489	0.369748098501007	0.5001979076300489	0.630251901498993	0.5714285714285714	endpoint
N_LP.1963	0.0	0.11643014849115829	0.06866504370903091	1.008884623732478	0.44919447300805054	0.44752254186653073	0.5508055269919494	0.5524774581334693	0.7142857142857143	baseline
N_LP.1964	0.0	0.5295377194296796	0.8930116765867756	1.295648457876404	0.617946009783782	0.624321782793472	0.617946009783782	0.624321782793472	0.7142857142857143	endpoint
N_LP.1965	0.0	0.19193165837814805	0.27907358447163766	1.2953718623983115	0.5076720043751343	0.4802729072449236	0.5076720043751343	0.5197270927550763	0.5714285714285714	endpoint
N_LP.1966	0.0	0.3845599225144665	0.2990610293990818	1.789636447141364	0.53871128514112	0.4849292661511601	0.53871128514112	0.5150707338488398	0.5714285714285714	endpoint
N_LP.1967	0.0	0.32045456427400926	0.49054553135262624	1.7885093308126987	0.5694185281126719	0.5831696982622087	0.5694185281126719	0.5831696982622087	0.5714285714285714	endpoint
N_LP.1968	0.0	0.10434054752920252	0.04678023295095398	1.3313757283408645	0.44666897648015624	0.4874421591286029	0.5533310235198438	0.5125578408713971	0.5714285714285714	baseline
N_LP.1969	0.0	0.026532493074752077	0.3314138341444549	1.0860838408624502	0.4704625407061972	0.5890623095975792	0.5295374592938028	0.5890623095975792	0.5714285714285714	baseline
N_LP.197	0.0	0.3251564729053232	0.08680688225096406	0.98787684674281	0.37012864566383	0.41294983682751335	0.62987135433617	0.5870501631724867	0.7142857142857143	baseline
N_LP.1970	0.0	0.23909177327409153	0.14727060368559455	1.4109488308949367	0.5594807841199082	0.497733786931721	0.5594807841199082	0.502266213068279	0.5714285714285714	endpoint
N_LP.1971	0.0	0.5013779415443634	1.0020798994227178	1.683085379704993	0.606640297530621	0.6054342292694218	0.606640297530621	0.6054342292694218	0.5714285714285714	endpoint
N_LP.1972	0.0	0.4160427771363237	0.02496784524601838	1.655821090006514	0.6008358421364131	0.47196490800486834	0.6008358421364131	0.5280350919951317	0.5714285714285714	endpoint
N_LP.1973	0.0	0.2869332636440138	0.6215534575592375	1.6733068055820184	0.3650429892583181	0.3432714911132049	0.634957010741682	0.6567285088867951	0.5714285714285714	baseline
N_LP.1974	0.0	0.8167609221389315	1.0740614854924952	1.6533243134601396	0.19262509383078497	0.09527184474859851	0.807374906169215	0.9047281552514015	0.8571428571428571	baseline
N_LP.1975	0.0	0.16681027112088515	0.1341264331964499	1.6828120082547084	0.5617000013334799	0.48823510225535816	0.5617000013334799	0.5117648977446418	0.5714285714285714	endpoint
N_LP.1976	0.0	0.23297742234523408	0.4783207654470673	1.4015555626316274	0.5531788171492041	0.550788324716367	0.5531788171492041	0.550788324716367	0.5714285714285714	endpoint
N_LP.1977	0.0	0.3956426882139473	0.3564350522983792	1.7169711889698187	0.5700716500343008	0.49215384141531254	0.5700716500343008	0.5078461585846874	0.5714285714285714	endpoint
N_LP.1978	0.0	0.16687862127139447	0.41003493402671304	1.4695947691927866	0.5834045495037101	0.5789763300330579	0.5834045495037101	0.5789763300330579	0.5714285714285714	endpoint
N_LP.1979	0.0	1.0203848576773364	1.4377739106775438	1.669866441791087	0.7943653754518559	0.874390589935218	0.7943653754518559	0.874390589935218	0.8571428571428571	endpoint
N_LP.198	0.0	0.11060075286096047	0.26908848110497546	1.1832553052215968	0.49811959480063284	0.6312216289021243	0.5018804051993672	0.6312216289021243	0.5714285714285714	endpoint
N_LP.1980	0.0	0.6531970846518422	0.6735641071265164	1.5893064017217384	0.6520550600994924	0.6692209193060712	0.6520550600994924	0.6692209193060712	0.8571428571428571	endpoint
N_LP.1981	0.0	1.0899789247741418	1.1472347488261723	1.6000601074292862	0.16039458494771686	0.10377016900387455	0.8396054150522831	0.8962298309961254	0.8571428571428571	baseline
N_LP.1982	0.0	0.07302859687176826	0.2685343459773767	1.1985993635209478	0.4777751249460043	0.554484113570235	0.5222248750539957	0.554484113570235	0.7142857142857143	endpoint
N_LP.1983	0.0	0.7671754998708197	1.2530903729884935	1.6788667106650959	0.6785738454577953	0.6638426330994187	0.6785738454577953	0.6638426330994187	0.7142857142857143	endpoint
N_LP.1984	0.0	0.01602826581254865	0.03315466454470931	1.0639080691604093	0.46992266248722975	0.41813934531396285	0.5300773375127703	0.5818606546860372	0.5714285714285714	endpoint
N_LP.1985	0.0	0.1969836817395649	0.40580851888516095	1.2883567542157603	0.519730627894499	0.5322302144776954	0.519730627894499	0.5322302144776954	0.5714285714285714	endpoint
N_LP.1986	0.0	0.525725609359415	0.8937321400518887	1.6499915447779678	0.29376828214462575	0.1501913354351126	0.7062317178553743	0.8498086645648875	0.7142857142857143	baseline
N_LP.1987	0.0	0.16922018454964352	0.15245276001475103	1.2473178176135373	0.5147762674168159	0.4757108820239653	0.5147762674168159	0.5242891179760347	0.5714285714285714	endpoint
N_LP.1988	0.0	0.1906859434874361	0.8685020619145496	1.5067732770680058	0.48821271107304504	0.6187830147771802	0.511787288926955	0.6187830147771802	0.5714285714285714	endpoint
N_LP.1989	0.0	0.12325613460680554	0.3086103814211622	1.2205760158820222	0.4058576925104364	0.42681312592357473	0.5941423074895635	0.5731868740764252	0.7142857142857143	baseline
N_LP.199	0.0	0.3069669752139084	0.5235740435771179	1.3888197600200232	0.5265672792946162	0.5317662309995284	0.5265672792946162	0.5317662309995284	0.5714285714285714	endpoint
N_LP.1990	0.0	0.0571524566178936	0.37726384354923154	1.4262797009610642	0.4967121649793286	0.48390441274110835	0.5032878350206714	0.5160955872588917	0.5714285714285714	endpoint
N_LP.1991	0.0	0.023776713599937098	0.07730160811844862	0.7210726098868983	0.494522023628461	0.40444588779941326	0.505477976371539	0.5955541122005867	0.5714285714285714	endpoint
N_LP.1992	0.0	0.23313291520480423	0.3439567384844902	0.8590498757295981	0.42127505506427715	0.3496090027089145	0.5787249449357228	0.6503909972910855	0.7142857142857143	baseline
N_LP.1993	0.14285714285714285	0.8680550802536544	1.362383242403378	2.103170628532158	0.6858067923190931	0.8781234461987806	0.6858067923190931	0.8781234461987806	0.8571428571428571	endpoint
N_LP.1994	0.0	0.06843329998423665	0.21079181303550862	1.5891192646763723	0.4011662160983142	0.5160002250228918	0.5988337839016857	0.5160002250228918	0.5714285714285714	baseline
N_LP.1995	0.0	0.6771177225417231	0.8455003167185638	1.6995992322028908	0.29449626357032493	0.1660538944140962	0.705503736429675	0.8339461055859038	0.7142857142857143	baseline
N_LP.1996	0.0	0.1336919559285476	0.07609693109053832	1.3386190448701802	0.4387368316112447	0.414587345940662	0.5612631683887552	0.5854126540593381	0.5714285714285714	baseline
N_LP.1997	0.0	0.5085022011917385	0.13420462871205036	1.675550999098109	0.2891000732534797	0.3961127815772384	0.7108999267465204	0.6038872184227616	0.7142857142857143	baseline
N_LP.1998	0.0	0.002027686124816614	0.06694969153311289	1.631761676163593	0.47766852859827125	0.40765683556794186	0.5223314714017288	0.5923431644320581	0.5714285714285714	baseline
N_LP.1999	0.0	0.03454218892373146	0.3282034911842712	1.2859453887766457	0.475305950501422	0.47788221352356974	0.524694049498578	0.5221177864764303	0.5714285714285714	baseline
N_LP.2	0.0	0.44632617295382776	0.8728836007165722	1.5702299200532508	0.3588992570888973	0.259355237747859	0.6411007429111026	0.740644762252141	0.7142857142857143	baseline
N_LP.20	0.0	1.2831852089539366	1.2810615205703255	1.8016241094617367	0.8394946642535811	0.8899203247067912	0.8394946642535811	0.8899203247067912	1.0	endpoint
N_LP.200	0.0	0.38004467016543453	0.5849053281538348	1.323842086972574	0.5705133847033786	0.6577926928804485	0.5705133847033786	0.6577926928804485	0.5714285714285714	endpoint
N_LP.2000	0.0	0.1637854812393908	0.016611710843335056	1.2551978740398007	0.5233305620819801	0.47360808556767603	0.5233305620819801	0.5263919144323239	0.7142857142857143	endpoint
N_LP.2001	0.0	0.5374258890310829	0.40488603937573353	1.2971250195758706	0.2979549442715715	0.3643167935304473	0.7020450557284286	0.6356832064695527	0.7142857142857143	baseline
N_LP.2002	0.0	1.0211214613171968	1.2098634329792035	1.7972037730456962	0.760718745265167	0.8420252023517573	0.760718745265167	0.8420252023517573	0.8571428571428571	endpoint
N_LP.2003	0.0	0.35609738099252375	0.8065184362606916	1.687593942046182	0.35069434053921716	0.1979437527343082	0.6493056594607829	0.8020562472656918	0.7142857142857143	baseline
N_LP.2004	0.0	0.17655198779429843	0.14683628312993835	1.3505335148946431	0.4066227347171099	0.39583163602472426	0.5933772652828901	0.6041683639752757	0.5714285714285714	baseline
N_LP.2005	0.0	0.279950335803678	0.3265217434126095	1.2128002078186866	0.5954144779651946	0.6616492942344425	0.5954144779651946	0.6616492942344425	0.7142857142857143	endpoint
N_LP.2006	0.0	0.29368583927813435	0.8034486937555533	1.6418532874756966	0.4251927518456323	0.30403367012108545	0.5748072481543677	0.6959663298789145	0.5714285714285714	baseline
N_LP.2007	0.0	0.7434483023621683	0.7974179586068201	1.7209704888547166	0.6688186936556564	0.6826444836468596	0.6688186936556564	0.6826444836468596	0.8571428571428571	endpoint
N_LP.2008	0.0	0.33672082187559	0.7015507023930447	1.1973810083727057	0.3913730857911318	0.22685439589531947	0.6086269142088683	0.7731456041046805	0.7142857142857143	baseline
N_LP.2009	0.0	0.3604518204516289	0.7094551510959138	1.2578225452651732	0.5842758164514917	0.5768940060254829	0.5842758164514917	0.5768940060254829	0.5714285714285714	endpoint
N_LP.201	0.0	0.14065935879210917	0.5132876605641644	1.3369850199874518	0.43025696175889133	0.36662622019185387	0.5697430382411086	0.6333737798081461	0.7142857142857143	baseline
N_LP.2010	0.0	0.034820793904207815	0.39618175712384074	1.1952321972759536	0.47291142931005126	0.39188790693197595	0.5270885706899487	0.608112093068024	0.5714285714285714	baseline
N_LP.2011	0.0	0.6432541909292754	0.9901488193169784	1.4497790789963647	0.24610210536921068	0.1165627866164714	0.7538978946307893	0.8834372133835287	0.7142857142857143	baseline
N_LP.2012	0.0	0.5780470731106204	0.45987387556028536	1.4780981257426455	0.6019722705717646	0.6338023082803952	0.6019722705717646	0.6338023082803952	0.8571428571428571	endpoint
N_LP.2013	0.0	0.49408861688468775	0.4232216710083222	1.454202741869168	0.6489597228481172	0.5596977286503505	0.6489597228481172	0.5596977286503505	0.7142857142857143	endpoint
N_LP.2014	0.0	0.3571413358522589	0.6271618180965078	1.7579754155382268	0.5918417441395336	0.6503853659444241	0.5918417441395336	0.6503853659444241	0.7142857142857143	endpoint
N_LP.2015	0.0	0.00758328594759223	0.5310146809207011	1.786676252820777	0.5318062633545559	0.6060928720931772	0.5318062633545559	0.6060928720931772	0.5714285714285714	baseline
N_LP.2016	0.0	0.49298990542033877	0.6106682842134721	1.6322998874018	0.35662450742613533	0.24535737376103997	0.6433754925738646	0.7546426262389601	0.7142857142857143	baseline
N_LP.2017	0.0	0.037905117468212825	0.3109384204729433	1.5084255328985106	0.42563686083081975	0.3979926681046553	0.5743631391691802	0.6020073318953447	0.5714285714285714	baseline
N_LP.2018	0.0	0.16458766664459853	0.0561302762124224	1.512569150455399	0.5256736099875837	0.4348043622203315	0.5256736099875837	0.5651956377796685	0.5714285714285714	endpoint
N_LP.2019	0.2857142857142857	1.5982439796319388	1.6780837488556701	2.185179961780891	0.9067125393775433	0.9487304672999486	0.9067125393775433	0.9487304672999486	1.0	endpoint
N_LP.202	0.0	0.6156754862417131	1.0125415213457702	1.5624230614853145	0.662804564638926	0.6957728958074669	0.662804564638926	0.6957728958074669	0.7142857142857143	endpoint
N_LP.2020	0.0	0.5195159223682705	0.8056185632860698	1.6253971671470946	0.5782555328651623	0.6747390543936435	0.5782555328651623	0.6747390543936435	0.5714285714285714	endpoint
N_LP.2021	0.0	0.13285771904513785	0.22939739295854883	1.4391212417233366	0.451350992832855	0.36069215940094274	0.548649007167145	0.6393078405990573	0.5714285714285714	baseline
N_LP.2022	0.0	0.5034344938116353	0.6654399011571768	1.546524998227402	0.6334755671828759	0.6629743229481037	0.6334755671828759	0.6629743229481037	0.5714285714285714	endpoint
N_LP.2023	0.0	0.3626450463788048	0.8272250073943221	1.848429953807966	0.5749863100569295	0.5966711959990588	0.5749863100569295	0.5966711959990588	0.7142857142857143	endpoint
N_LP.2024	0.0	0.31612713819761057	0.2079232733218864	1.766705020997694	0.5367684528972102	0.5209921406954403	0.5367684528972102	0.5209921406954403	0.7142857142857143	endpoint
N_LP.2025	0.0	0.5349713786584493	0.6287632304311221	1.3540384655696502	0.328486328986461	0.34868875349744394	0.671513671013539	0.6513112465025561	0.8571428571428571	baseline
N_LP.2026	0.0	0.8910512786982449	1.1842764792561413	1.3474490416505618	0.21212865355091498	0.16214045362305676	0.787871346449085	0.8378595463769433	1.0	baseline
N_LP.2027	0.0	0.4080202492970296	0.2842197829175298	1.4397927829248633	0.5820272891475764	0.5386618103567564	0.5820272891475764	0.5386618103567564	0.7142857142857143	endpoint
N_LP.2028	0.0	0.9684290581688496	1.1188813128324142	1.4296716033741743	0.7449730370862255	0.7790581753156127	0.7449730370862255	0.7790581753156127	0.8571428571428571	endpoint
N_LP.2029	0.0	0.47636504948452857	1.0448054706650947	1.6954889275225034	0.373234110702271	0.2664756470377151	0.626765889297729	0.7335243529622849	0.7142857142857143	baseline
N_LP.203	0.0	0.2330015577024809	0.4496464145318799	1.6141265788233075	0.4065327458699298	0.42639685307351727	0.5934672541300702	0.5736031469264827	0.8571428571428571	baseline
N_LP.2030	0.0	0.3651851791472217	0.8442370474239916	1.502906492298965	0.6124546399195131	0.7601847066472259	0.6124546399195131	0.7601847066472259	0.7142857142857143	endpoint
N_LP.2031	0.0	0.3247264518185931	0.6898100731143234	1.5371518316199113	0.5476355455946987	0.5460197929011043	0.5476355455946987	0.5460197929011043	0.5714285714285714	endpoint
N_LP.2032	0.14285714285714285	0.042712670438309876	0.33590614904506716	2.388185443206674	0.44393002031053774	0.40489035586600675	0.5560699796894623	0.5951096441339933	0.7142857142857143	endpoint
N_LP.2033	0.0	0.02113533607611867	0.1556602235783224	1.573113669624722	0.4466552972473953	0.4024224336484123	0.5533447027526047	0.5975775663515877	0.5714285714285714	baseline
N_LP.2034	0.0	0.19091716077406845	0.38498159382428765	1.7409891133329454	0.536208928969039	0.5478364574074607	0.536208928969039	0.5478364574074607	0.5714285714285714	endpoint
N_LP.2035	0.0	0.3493964984139537	0.2829223543670564	1.6377767016613667	0.341065193642779	0.40555864002776437	0.658934806357221	0.5944413599722356	0.7142857142857143	baseline
N_LP.2036	0.0	0.2890166501172401	0.3711275300926281	1.4976907653881797	0.5453496284628023	0.5574092536532068	0.5453496284628023	0.5574092536532068	0.5714285714285714	endpoint
N_LP.2037	0.0	0.9106534900559392	1.1797382684804076	1.7829933868492827	0.22477331683275784	0.1494539211450314	0.7752266831672422	0.8505460788549686	0.8571428571428571	baseline
N_LP.2038	0.0	0.43776315053926945	0.6648286416698524	1.365462066659783	0.3252548211282421	0.35617825979050327	0.6747451788717579	0.6438217402094968	0.8571428571428571	baseline
N_LP.2039	0.0	0.4026503339763815	0.5610044133334403	1.4083621671852444	0.5817547798779208	0.5740336962939553	0.5817547798779208	0.5740336962939553	0.7142857142857143	endpoint
N_LP.204	0.0	0.2366827024604524	0.2796388495348281	1.545078162474233	0.3848682021634195	0.4872227757014202	0.6151317978365805	0.5127772242985797	0.5714285714285714	baseline
N_LP.2040	0.14285714285714285	0.3994039026176512	0.28892587275056375	2.2102288892623183	0.5328208266480349	0.5180419840175772	0.5328208266480349	0.5180419840175772	0.5714285714285714	endpoint
N_LP.2041	0.0	0.7821748389156313	1.1930956917267161	1.6245247858983225	0.2552210588583866	0.1877331069857538	0.7447789411416135	0.8122668930142463	0.8571428571428571	baseline
N_LP.2042	0.0	0.8441079729006654	1.1291984189870579	1.651341410897598	0.6815390150752357	0.7209377245455026	0.6815390150752357	0.7209377245455026	0.8571428571428571	endpoint
N_LP.2043	0.14285714285714285	0.7783095131199431	0.7820576056368682	2.000567639167198	0.25172862048065536	0.21672675892260107	0.7482713795193446	0.7832732410773989	0.8571428571428571	baseline
N_LP.2044	0.0	0.6457997750120683	0.8149688230703832	1.456891744091752	0.6393524836142728	0.6440426163041607	0.6393524836142728	0.6440426163041607	0.8571428571428571	endpoint
N_LP.2045	0.0	0.3456647184443648	0.32504064257802534	1.7441686994906698	0.545887554569478	0.5292440294197476	0.545887554569478	0.5292440294197476	0.5714285714285714	endpoint
N_LP.2046	0.0	0.7242201356321913	0.6052188623565401	1.761185877705357	0.6513757904437182	0.6161494466120133	0.6513757904437182	0.6161494466120133	0.7142857142857143	endpoint
N_LP.2047	0.0	0.05174902419942752	0.6200667537939375	1.2058302912483068	0.427991575246034	0.5713572242549753	0.5720084247539661	0.5713572242549753	0.5714285714285714	endpoint
N_LP.2048	0.0	0.5747365716453471	0.7370650340975837	1.108519635223548	0.6266630772663773	0.5957105269775634	0.6266630772663773	0.5957105269775634	0.7142857142857143	endpoint
N_LP.2049	0.0	0.33177663601638907	0.1663553175332099	1.6062518184066226	0.5861427216333341	0.441465283912759	0.5861427216333341	0.5585347160872409	0.5714285714285714	endpoint
N_LP.205	0.0	0.028804577073408395	0.6124391909837661	1.2962785488375683	0.48584496921764775	0.6094641834653229	0.5141550307823523	0.6094641834653229	0.5714285714285714	endpoint
N_LP.2050	0.0	0.45871724544774967	0.8175913064789547	1.3429238609491931	0.3119677431364177	0.2434975903886082	0.6880322568635824	0.7565024096113918	0.7142857142857143	baseline
N_LP.2051	0.0	0.6088473449566293	0.4370506541250934	1.388992553439968	0.6632479572671546	0.589935112540394	0.6632479572671546	0.589935112540394	0.5714285714285714	endpoint
N_LP.2052	0.0	0.35093604184606464	0.07468291026058493	1.7672779905700498	0.5864780259576451	0.46124054346160026	0.5864780259576451	0.5387594565383997	0.5714285714285714	endpoint
N_LP.2053	0.0	0.1227048780592885	0.29354151708962306	1.3824383198768018	0.4627071069256437	0.5406726631115034	0.5372928930743563	0.5406726631115034	0.5714285714285714	endpoint
N_LP.2054	0.0	0.5612644154857505	1.006631805000252	1.7370403765725038	0.31366741570448614	0.16921170945164496	0.6863325842955139	0.830788290548355	0.8571428571428571	baseline
N_LP.2055	0.0	0.5206612166294898	0.8153674216011255	1.486052951840054	0.31270440497794916	0.17551332663614294	0.6872955950220508	0.8244866733638571	0.8571428571428571	baseline
N_LP.2056	0.0	0.40851150989544566	0.7344224455025244	1.6941016654671321	0.5770695842399558	0.6174342948078353	0.5770695842399558	0.6174342948078353	0.5714285714285714	endpoint
N_LP.2057	0.0	0.1519438049164896	0.7654807947337778	1.724023336350166	0.4497291402740882	0.31222397601593255	0.5502708597259118	0.6877760239840675	0.5714285714285714	baseline
N_LP.2058	0.0	0.4590771526948439	0.8497179028207248	1.621213012344875	0.6076975996203906	0.5561407671383009	0.6076975996203906	0.5561407671383009	0.5714285714285714	endpoint
N_LP.2059	0.0	0.14940270231844557	0.41720052573043087	1.0673014795886926	0.5505445904413403	0.6012871327600018	0.5505445904413403	0.6012871327600018	0.5714285714285714	endpoint
N_LP.206	0.0	0.45480280932619305	0.6964047195172846	1.717467219795227	0.37676953621987996	0.2282565199639775	0.62323046378012	0.7717434800360226	0.7142857142857143	baseline
N_LP.2060	0.0	0.8314021806732201	0.8321336677431984	1.346627725044187	0.21210052455046596	0.13641782479068063	0.7878994754495341	0.8635821752093193	0.8571428571428571	baseline
N_LP.2061	0.0	0.2553056562899869	0.6185081224189527	1.2203501795257277	0.541472437782234	0.5424307068693904	0.541472437782234	0.5424307068693904	0.5714285714285714	endpoint
N_LP.2062	0.0	0.27682177847675477	0.12081241061960168	1.2204679328905232	0.5695889049990142	0.4512896447168443	0.5695889049990142	0.5487103552831557	0.5714285714285714	endpoint
N_LP.2063	0.0	0.3805454373740864	0.7900768186148002	1.5426740153042335	0.35022144968543173	0.3054226490234687	0.6497785503145683	0.6945773509765313	0.5714285714285714	baseline
N_LP.2064	0.0	0.5138262289959513	0.874203034469363	1.6182258798734466	0.284902492047034	0.2887707846635051	0.715097507952966	0.711229215336495	0.8571428571428571	baseline
N_LP.2065	0.0	0.6969685862483644	1.0491861633732869	1.2686957894024886	0.2737067270431577	0.1746679492988266	0.7262932729568423	0.8253320507011734	0.8571428571428571	baseline
N_LP.2066	0.0	0.7607296498191547	1.0079469651273552	1.3249383774702967	0.7116576644394319	0.775618592384039	0.7116576644394319	0.775618592384039	0.7142857142857143	endpoint
N_LP.2067	0.0	0.1877248564101668	0.4203960841827137	1.291239458656108	0.4550771269838085	0.38666447474953414	0.5449228730161915	0.6133355252504659	0.5714285714285714	baseline
N_LP.2068	0.0	1.070855013753261	1.1396300460041189	1.6007345645723587	0.15656539059517924	0.07837893387323124	0.8434346094048207	0.9216210661267688	1.0	baseline
N_LP.2069	0.0	0.07941228748736862	0.26706136774873396	1.818163683304237	0.4963064881130878	0.5349604554615955	0.5036935118869121	0.5349604554615955	0.5714285714285714	baseline
N_LP.207	0.0	0.06475599173844411	0.007941502967915579	1.325544819039847	0.4404407725259318	0.4840193712547631	0.5595592274740682	0.5159806287452369	0.7142857142857143	baseline
N_LP.2070	0.0	0.1405513967737829	0.1199562530078981	1.1474107472795478	0.5124177980659798	0.46563114598682986	0.5124177980659798	0.5343688540131701	0.5714285714285714	endpoint
N_LP.2071	0.0	0.523419456462553	1.0008362064900422	1.5697277962931526	0.26901616526114935	0.1726473817744347	0.7309838347388506	0.8273526182255653	0.7142857142857143	baseline
N_LP.2072	0.0	0.14242803082497574	0.029044160678067612	1.7335113221389367	0.48000987358219815	0.43743211853212133	0.5199901264178018	0.5625678814678787	0.5714285714285714	endpoint
N_LP.2073	0.0	0.2483831915823784	0.9198994431285511	1.1154106854568402	0.3789638796514044	0.2582329312475221	0.6210361203485957	0.7417670687524779	0.5714285714285714	baseline
N_LP.2074	0.0	0.7383390321486399	1.1794625398811962	1.7774249410593552	0.24910032722543177	0.0665520030221977	0.7508996727745683	0.9334479969778023	0.8571428571428571	baseline
N_LP.2075	0.0	0.478498889744023	0.34785422965271956	1.940595595803032	0.3583053507093044	0.3880232464621802	0.6416946492906956	0.6119767535378198	0.8571428571428571	baseline
N_LP.2076	0.0	0.09371256417302098	0.019022028278759026	1.7661333204315224	0.4945825882045677	0.4389714946687737	0.5054174117954323	0.5610285053312263	0.5714285714285714	endpoint
N_LP.2077	0.0	0.25895790438970956	0.9219004347117035	1.8772580030218835	0.3469085204475278	0.232997289083711	0.6530914795524723	0.767002710916289	0.7142857142857143	baseline
N_LP.2078	0.0	0.24297253358253507	0.4466364703884648	1.415230610992955	0.4261940140267693	0.3810039879867357	0.5738059859732307	0.6189960120132643	0.7142857142857143	baseline
N_LP.2079	0.0	0.15006721943533965	0.24606914344134193	1.4974851879100914	0.41172720376437993	0.5484171985725265	0.58827279623562	0.5484171985725265	0.5714285714285714	baseline
N_LP.208	0.0	0.2093272469082959	0.268896522861171	1.4188817420294944	0.5400163998533515	0.5109002459638629	0.5400163998533515	0.5109002459638629	0.5714285714285714	endpoint
N_LP.2080	0.0	0.4103594442771116	0.5236458714082959	1.376420990952726	0.3955448110397692	0.25120417190927014	0.6044551889602308	0.7487958280907299	0.7142857142857143	baseline
N_LP.2081	0.0	0.12490501735981274	0.2007975439028637	1.287459548954746	0.5144154940525679	0.4569234144614618	0.5144154940525679	0.5430765855385382	0.5714285714285714	endpoint
N_LP.2082	0.0	0.38704515928294486	0.17518780404906856	1.647198151964666	0.5977404264788081	0.4980552825753865	0.5977404264788081	0.5019447174246134	0.5714285714285714	endpoint
N_LP.2083	0.0	0.33229048460748806	0.36610295377343005	1.1641071349140344	0.5865631218933153	0.5597540782216073	0.5865631218933153	0.5597540782216073	0.5714285714285714	endpoint
N_LP.2084	0.0	0.02328011791155276	0.47979543947250475	1.2718202310931108	0.4719361456473193	0.5808507250462978	0.5280638543526808	0.5808507250462978	0.5714285714285714	endpoint
N_LP.2085	0.0	0.32191979935701254	0.12682755623622763	1.585277087845556	0.38820331105930056	0.4024121380358636	0.6117966889406994	0.5975878619641364	0.8571428571428571	baseline
N_LP.2086	0.0	0.4077445497436926	0.4194075369259394	1.4766507327865719	0.6109913709052319	0.5761558007762968	0.6109913709052319	0.5761558007762968	0.5714285714285714	endpoint
N_LP.2087	0.0	0.4161906534235583	0.7162089338012504	1.3825140678101404	0.5710782866670445	0.637603190500662	0.5710782866670445	0.637603190500662	0.5714285714285714	endpoint
N_LP.2088	0.0	0.500286080995052	0.6207282737303965	1.8285641467464657	0.6205961632215409	0.6770185134102309	0.6205961632215409	0.6770185134102309	0.5714285714285714	endpoint
N_LP.2089	0.0	0.3851763584338738	0.7252828978000796	1.6709893362689883	0.3332494831205528	0.3208953294671125	0.6667505168794472	0.6791046705328875	0.7142857142857143	baseline
N_LP.209	0.0	0.30428551135895326	0.6086253198426219	0.881949188528411	0.38833741736348343	0.33219703442814197	0.6116625826365165	0.667802965571858	0.8571428571428571	baseline
N_LP.2091	0.0	0.319786006350992	0.361527562395617	1.5006397499333974	0.3329756496584008	0.38433064910618125	0.6670243503415991	0.6156693508938187	0.5714285714285714	baseline
N_LP.2092	0.0	0.1207107734070082	0.6858241572164546	1.3495279473174502	0.42874466292138275	0.32136246803409096	0.5712553370786173	0.678637531965909	0.5714285714285714	baseline
N_LP.2093	0.0	0.8004541328037301	1.111293845494402	1.470548684710281	0.7235169793518862	0.755073371957404	0.7235169793518862	0.755073371957404	0.7142857142857143	endpoint
N_LP.2094	0.0	0.3370962805691682	0.2356891901766767	1.755414190643705	0.39446969847314606	0.39018632162906824	0.6055303015268539	0.6098136783709318	0.7142857142857143	baseline
N_LP.2095	0.0	0.8375885803726496	0.9175470453126651	1.6764319391152267	0.24449625768947728	0.24020602353008708	0.7555037423105228	0.7597939764699129	0.8571428571428571	baseline
N_LP.2096	0.0	0.8621240105744273	0.7633764513873099	1.5203284561572892	0.7082106111292278	0.6881203443584342	0.7082106111292278	0.6881203443584342	0.8571428571428571	endpoint
N_LP.2097	0.0	0.31999530521621733	0.8922165055565467	1.3403437462226708	0.5446090208763648	0.6698167931126393	0.5446090208763648	0.6698167931126393	0.5714285714285714	endpoint
N_LP.2098	0.0	0.8183682796215326	1.0414665455931424	1.4139868703169143	0.7296191537533147	0.7866425654653545	0.7296191537533147	0.7866425654653545	0.7142857142857143	endpoint
N_LP.2099	0.0	0.4421707703107541	0.5467493320395452	1.714874786561858	0.34573055066210984	0.3356302485439814	0.6542694493378902	0.6643697514560186	0.7142857142857143	baseline
N_LP.21	0.14285714285714285	0.6234948706932057	0.42858139898435016	2.257385094964781	0.6324224527547949	0.6838777126467314	0.6324224527547949	0.6838777126467314	0.7142857142857143	endpoint
N_LP.210	0.0	0.6606575467186787	0.734417625539384	1.3854168662591453	0.2848961942123695	0.20062225838656858	0.7151038057876304	0.7993777416134314	1.0	baseline
N_LP.2100	0.0	0.2922761254552569	0.34752907491954826	1.7126664415001236	0.33955589242919787	0.3298274705918991	0.6604441075708021	0.6701725294081009	0.8571428571428571	baseline
N_LP.2101	0.0	0.1415503518989966	0.22559529424754457	1.7971055341041595	0.48214876399167944	0.42104028993747367	0.5178512360083205	0.5789597100625263	0.5714285714285714	endpoint
N_LP.2102	0.0	0.06553836469937964	0.14029990295872885	0.8547456694638932	0.4718120114961746	0.4047709658329857	0.5281879885038254	0.5952290341670143	0.5714285714285714	baseline
N_LP.2103	0.0	0.03770353887927632	0.5144685877513773	1.4994035179809269	0.459001963657963	0.25461898079300693	0.540998036342037	0.7453810192069931	0.5714285714285714	baseline
N_LP.2104	0.0	0.19754389493180083	0.5302051024045887	1.8762340223725036	0.3793821591768677	0.3887029638940587	0.6206178408231323	0.6112970361059413	0.7142857142857143	baseline
N_LP.2105	0.0	0.39592513596466755	0.20488804783309755	1.5652426974399358	0.6074149577735273	0.644003825596293	0.6074149577735273	0.644003825596293	0.7142857142857143	endpoint
N_LP.2106	0.0	0.7364991663173793	1.0278468417262816	1.4729885229160193	0.24868457009765096	0.20905042852074632	0.751315429902349	0.7909495714792537	0.8571428571428571	baseline
N_LP.2107	0.0	0.28876861335719145	0.2516307523220546	1.3736238794016675	0.579567920300673	0.5316318156435806	0.579567920300673	0.5316318156435806	0.5714285714285714	endpoint
N_LP.2108	0.0	0.5257700480639736	1.0348312832661724	1.2919268107526016	0.3120002544719916	0.1986608340089214	0.6879997455280085	0.8013391659910786	0.7142857142857143	baseline
N_LP.2109	0.0	0.008417502283364051	0.0810078462651516	1.4110589350224918	0.4521700492046471	0.4386080441479266	0.5478299507953529	0.5613919558520735	0.5714285714285714	endpoint
N_LP.211	0.0	0.47081954815582644	0.771168436200893	1.2586571324320324	0.6244116916537504	0.5649145820476649	0.6244116916537504	0.5649145820476649	0.7142857142857143	endpoint
N_LP.2110	0.0	0.7312589694179051	0.745277978991895	1.726927973814054	0.652973882145399	0.7937894347555491	0.652973882145399	0.7937894347555491	0.8571428571428571	endpoint
N_LP.2111	0.0	0.05592759829329446	0.13872583043992562	1.1529916280903454	0.4354298781916109	0.4050116352866263	0.5645701218083892	0.5949883647133737	0.5714285714285714	baseline
N_LP.2112	0.0	0.28601062792775034	0.05088380457332925	1.2109536459280477	0.4059616989657467	0.42711593034170736	0.5940383010342534	0.5728840696582926	0.5714285714285714	baseline
N_LP.2113	0.0	0.14291282184212656	0.2013794131110629	1.1890862147319035	0.45286223043714446	0.39543215065045917	0.5471377695628555	0.6045678493495408	0.5714285714285714	baseline
N_LP.2114	0.0	0.8379889976897695	1.1183303230456876	1.6492103352194436	0.7181174406791394	0.8615187573068325	0.7181174406791394	0.8615187573068325	0.8571428571428571	endpoint
N_LP.2115	0.0	0.06178038758785682	0.049231258175328675	1.4707863812524162	0.4760339551951403	0.47741972300042795	0.5239660448048598	0.522580276999572	0.5714285714285714	endpoint
N_LP.2116	0.0	0.3451463506932561	0.49158321342478223	1.6155276101408664	0.38250061327394536	0.3304189642014789	0.6174993867260546	0.669581035798521	0.7142857142857143	baseline
N_LP.2117	0.0	0.05658539797659788	0.23820306966665933	1.2847409601776718	0.43598151557381104	0.42596653146684116	0.564018484426189	0.5740334685331588	0.5714285714285714	baseline
N_LP.2118	0.0	0.13247603489944929	0.1469380619882242	1.3654739251984365	0.552497559105798	0.4924486111646502	0.552497559105798	0.5075513888353498	0.5714285714285714	endpoint
N_LP.2119	0.0	0.4921926669970986	0.5588252955857949	1.3547157149492228	0.30288283951657674	0.238114131904295	0.6971171604834232	0.761885868095705	0.7142857142857143	baseline
N_LP.212	0.0	0.20551423847547978	0.682741410020454	1.4288072575339665	0.424766311700144	0.3300722343555606	0.575233688299856	0.6699277656444393	0.5714285714285714	baseline
N_LP.2120	0.0	0.843830819672607	0.8144924892904769	1.6564371375480103	0.24543065581145967	0.18546820822071083	0.7545693441885404	0.8145317917792891	0.8571428571428571	baseline
N_LP.2121	0.0	0.5840109406723936	0.7519137508540714	1.708110543165813	0.6040270009067603	0.6850247466371229	0.6040270009067603	0.6850247466371229	0.8571428571428571	endpoint
N_LP.2122	0.0	0.5479183711929887	0.7611931175596073	1.6620853997863583	0.6068586498949469	0.6415528739935247	0.6068586498949469	0.6415528739935247	0.5714285714285714	endpoint
N_LP.2123	0.0	0.23228628323882705	0.447798042220295	1.2578257065609606	0.4149695829956431	0.3157487127630858	0.5850304170043569	0.6842512872369142	0.7142857142857143	baseline
N_LP.2124	0.0	0.2960096505319712	0.6747529006918449	1.1429499701291315	0.391077294964426	0.24916614551267388	0.608922705035574	0.7508338544873261	0.7142857142857143	baseline
N_LP.2125	0.0	0.22368911387408796	0.4230906743870948	1.5005734006467357	0.5428155895214315	0.49091115366827603	0.5428155895214315	0.509088846331724	0.5714285714285714	endpoint
N_LP.2126	0.0	0.37744208699955356	0.7901743134372201	1.6364330617570413	0.3720957710906984	0.3054077424512719	0.6279042289093015	0.6945922575487281	0.8571428571428571	baseline
N_LP.2127	0.0	0.40518257908000554	0.7908450405219094	1.944102969053974	0.5819138631183971	0.6955384655669692	0.5819138631183971	0.6955384655669692	0.5714285714285714	endpoint
N_LP.2128	0.0	1.1611383676293099	1.3500987619348344	1.647362753608682	0.12507943862040677	0.010324085030624885	0.8749205613795932	0.9896759149693751	0.8571428571428571	baseline
N_LP.2129	0.0	0.2943941870878623	0.0749795466139344	1.1614675217787191	0.5764381161939175	0.47998095846003447	0.5764381161939175	0.5200190415399655	0.5714285714285714	endpoint
N_LP.213	0.0	0.00010812957374861257	0.13171348504773592	1.8651731335061124	0.4614677731042078	0.44639385420348543	0.5385322268957922	0.5536061457965146	0.5714285714285714	baseline
N_LP.2130	0.0	0.740801656664002	0.9715981385735667	1.4993667664067676	0.6935578267834356	0.7012142446982702	0.6935578267834356	0.7012142446982702	0.7142857142857143	endpoint
N_LP.2131	0.0	0.09320994777437017	0.6915057107688674	1.3469222461155133	0.5060812499351071	0.6144224289582603	0.5060812499351071	0.6144224289582603	0.5714285714285714	endpoint
N_LP.2132	0.0	0.3685609282486956	0.5855915537285489	1.1227082880768176	0.3679036932126203	0.3241055538880543	0.6320963067873797	0.6758944461119457	0.7142857142857143	baseline
N_LP.2133	0.0	0.32517047237603924	0.5193114455461638	1.3259814582309781	0.3838692666401576	0.2802620901623798	0.6161307333598425	0.7197379098376202	0.5714285714285714	baseline
N_LP.2134	0.0	0.2504830796026427	0.08139094066115066	1.5675888260956392	0.5139682966459449	0.4157644190204327	0.5139682966459449	0.5842355809795673	0.5714285714285714	endpoint
N_LP.2135	0.0	0.06876924363434327	0.06588698054862863	1.208651520139905	0.47116581078822245	0.47235556692868114	0.5288341892117776	0.5276444330713188	0.5714285714285714	endpoint
N_LP.2136	0.0	0.5904403630942935	0.7063774582803813	1.391500517986441	0.30989563109335594	0.3415529846916794	0.6901043689066441	0.6584470153083206	0.8571428571428571	baseline
N_LP.2137	0.0	0.6099628328673674	1.2501743576153148	1.7307853740024308	0.6421525012503411	0.6173689729744206	0.6421525012503411	0.6173689729744206	0.5714285714285714	endpoint
N_LP.2138	0.0	0.20799282213777084	0.3673088320683095	1.4406311348145366	0.4097049176396453	0.39811627601155475	0.5902950823603548	0.6018837239884453	0.7142857142857143	baseline
N_LP.2139	0.0	0.935564728902765	1.2775557452276514	1.896440506090109	0.721487250000958	0.8260850721035785	0.721487250000958	0.8260850721035785	0.8571428571428571	endpoint
N_LP.214	0.14285714285714285	0.7036484171521591	0.36240937044845567	2.196789375245834	0.674214353596366	0.6752752309194704	0.674214353596366	0.6752752309194704	0.7142857142857143	endpoint
N_LP.2140	0.0	0.284789244683013	0.6887026241689297	1.2652067987685638	0.34857893758947683	0.29597429950439963	0.6514210624105232	0.7040257004956003	0.5714285714285714	baseline
N_LP.2141	0.0	1.0287502237832888	1.196294794483855	1.6595902489817307	0.14594805858624307	0.0241183398349296	0.854051941413757	0.9758816601650704	1.0	baseline
N_LP.2142	0.0	0.7184213018789815	0.9791901094513177	1.7087565965972664	0.2621365851051777	0.16496014961727576	0.7378634148948223	0.8350398503827242	0.7142857142857143	baseline
N_LP.2143	0.0	0.3649363736460182	0.9511782724605481	1.6776290174463178	0.37481764465150774	0.22509056522248494	0.6251823553484923	0.7749094347775151	0.5714285714285714	baseline
N_LP.2144	0.0	0.24582170082240154	0.3088518945652811	1.6851717711013872	0.5041024153432826	0.6812313389243914	0.5041024153432826	0.6812313389243914	0.5714285714285714	endpoint
N_LP.2145	0.0	0.4437894666007028	0.42346595141111154	1.6473571728128724	0.3139969017879837	0.30485322954563626	0.6860030982120163	0.6951467704543637	0.7142857142857143	baseline
N_LP.2146	0.0	0.19631256559444857	0.11995673801930198	1.1907419098295298	0.43441539939871215	0.4354950486313413	0.5655846006012879	0.5645049513686586	0.5714285714285714	baseline
N_LP.2147	0.0	0.14422412603410642	0.08548573334175703	1.3058202666108758	0.4635645786271153	0.40190734352053387	0.5364354213728847	0.5980926564794662	0.5714285714285714	baseline
N_LP.2148	0.0	0.1814407921933195	0.05058922922430833	1.5669786931686804	0.4050041693192097	0.46643795029485186	0.5949958306807903	0.5335620497051481	0.7142857142857143	baseline
N_LP.2149	0.0	0.7895972679078829	1.197303717685176	1.4891451601512848	0.24632506104458657	0.22752032955571952	0.7536749389554134	0.7724796704442805	0.8571428571428571	baseline
N_LP.215	0.0	0.11238723484881538	0.1222449771153136	1.2165340474836852	0.5229805424459159	0.5149774514544161	0.5229805424459159	0.5149774514544161	0.5714285714285714	endpoint
N_LP.2150	0.0	0.0295279643587071	0.1959150337894286	1.031690654011758	0.48333634713279766	0.3962676326057776	0.5166636528672024	0.6037323673942224	0.5714285714285714	endpoint
N_LP.2151	0.0	0.09804648695579261	0.2924487302395039	1.5090750851921964	0.42729715399516016	0.5243206986832584	0.5727028460048398	0.5243206986832584	0.5714285714285714	baseline
N_LP.2152	0.0	0.14565032617639867	0.45598503692230075	1.4669749964008525	0.4228837441707416	0.286986217343901	0.5771162558292584	0.7130137826560989	0.5714285714285714	baseline
N_LP.2153	0.0	0.12101444244973074	0.11338305905319071	1.4672067082109441	0.4560473786344036	0.4088864446556516	0.5439526213655964	0.5911135553443484	0.5714285714285714	baseline
N_LP.2154	0.0	0.017589088441906382	0.1412949722899112	1.4305985555174718	0.4818112661566154	0.49862443100829934	0.5181887338433846	0.5013755689917007	0.5714285714285714	endpoint
N_LP.2155	0.0	0.5172715374420491	0.3663840928915029	1.5173787764020612	0.2844206052655299	0.39831575759800364	0.7155793947344701	0.6016842424019964	0.8571428571428571	baseline
N_LP.2156	0.0	0.47641167634860465	0.4293016881451858	1.3045957995232593	0.3181993671372755	0.3936737604505069	0.6818006328627245	0.606326239549493	0.8571428571428571	baseline
N_LP.2157	0.0	1.2424265656651385	1.1019277205056	1.8977297797111905	0.8209403831434494	0.7535636862251203	0.8209403831434494	0.7535636862251203	1.0	endpoint
N_LP.2158	0.0	0.18048242107833576	0.5926613082995587	1.1734939779629554	0.3981479375114173	0.3219110565273075	0.6018520624885827	0.6780889434726924	0.7142857142857143	baseline
N_LP.2159	0.0	0.624161508877299	0.8137759069083287	1.3342007922120975	0.6359266787495692	0.7017311369647483	0.6359266787495692	0.7017311369647483	0.8571428571428571	endpoint
N_LP.216	0.0	0.28592112217171983	0.5012437955616561	1.0474244068264313	0.5474513710460087	0.5429442373712257	0.5474513710460087	0.5429442373712257	0.7142857142857143	endpoint
N_LP.2160	0.0	0.06883914982896075	0.20185150894064802	1.2490914780857807	0.43669480520385656	0.4570845615412626	0.5633051947961434	0.5429154384587374	0.5714285714285714	baseline
N_LP.2161	0.0	0.26625948964085777	0.2020191104176779	1.4906382882925908	0.40818881846097593	0.39533434346594937	0.5918111815390241	0.6046656565340507	0.5714285714285714	baseline
N_LP.2162	0.0	0.6651946110868917	0.9966660848079779	1.3705568880548942	0.6388030592138743	0.5945054083497464	0.6388030592138743	0.5945054083497464	0.8571428571428571	endpoint
N_LP.2163	0.0	0.19672810629898368	0.8413926137980224	1.8228245297374996	0.5815537557889799	0.7098310904908551	0.5815537557889799	0.7098310904908551	0.5714285714285714	endpoint
N_LP.2164	0.14285714285714285	0.35903405679008676	0.7419329276982481	2.330330450099501	0.49832904836723796	0.6373981314183063	0.501670951632762	0.6373981314183063	0.5714285714285714	endpoint
N_LP.2165	0.0	0.2550463079730125	0.7602639255340051	1.292846510086254	0.362720806910578	0.19260527731757382	0.6372791930894219	0.8073947226824262	0.5714285714285714	baseline
N_LP.2166	0.0	0.4198621044597529	0.9332899913829412	1.6637208200293123	0.2878086924586686	0.13893621464159156	0.7121913075413314	0.8610637853584084	0.5714285714285714	baseline
N_LP.2167	0.0	0.0963231480188784	0.013527501433126149	1.6447027900960098	0.39727682986224855	0.4802689931123839	0.6027231701377515	0.5197310068876161	0.5714285714285714	baseline
N_LP.2168	0.0	0.27534297015245973	0.1868441742321457	1.3641311624314258	0.3428589206423501	0.43150535255252553	0.65714107935765	0.5684946474474745	0.7142857142857143	baseline
N_LP.2169	0.0	0.8775356226050367	1.0160043358500002	1.294274175384001	0.20453941870850625	0.2176517417605678	0.7954605812914938	0.7823482582394322	1.0	baseline
N_LP.217	0.0	0.2844599186326947	0.23584165911693308	1.40927697755796	0.4011593773182686	0.39016300973199214	0.5988406226817313	0.6098369902680079	0.5714285714285714	baseline
N_LP.2170	0.0	0.8382412266234268	0.8660603803981052	1.6353504909666507	0.23064340335636555	0.15929206788154945	0.7693565966436344	0.8407079321184505	0.8571428571428571	baseline
N_LP.2171	0.0	0.32953568637072433	0.7177207998724936	1.3436585642549892	0.3882758637153984	0.31648559770613766	0.6117241362846015	0.6835144022938624	0.5714285714285714	baseline
N_LP.2172	0.0	0.5618574291759038	0.7301964494701988	1.4943855540764606	0.30108036608938127	0.282288025887557	0.6989196339106187	0.7177119741124429	0.8571428571428571	baseline
N_LP.2173	0.0	0.1304064949711772	0.5062866465533611	1.65718432474674	0.40246749005236604	0.34881304231394133	0.597532509947634	0.6511869576860587	0.7142857142857143	baseline
N_LP.2174	0.0	0.59463054750176	1.1406677955302655	1.6097150209511366	0.2976949521428662	0.25181867725111406	0.7023050478571338	0.7481813227488859	0.8571428571428571	baseline
N_LP.2175	0.0	0.07860368234299894	0.3340562406222989	1.8837195723455704	0.506153145418882	0.40528941181195827	0.506153145418882	0.5947105881880417	0.7142857142857143	endpoint
N_LP.2176	0.0	0.5976852094571367	0.9392895221171145	1.763531508170237	0.250786712971188	0.19509898961250075	0.749213287028812	0.8049010103874993	0.8571428571428571	baseline
N_LP.2177	0.0	0.11493953439042029	0.37752858294593994	1.0407754103772033	0.42785267739077504	0.39591170615087007	0.572147322609225	0.6040882938491299	0.5714285714285714	baseline
N_LP.2178	0.0	0.5443783801228255	0.8520712975955468	1.6477412558516569	0.3290753850946217	0.18616461538573026	0.6709246149053782	0.8138353846142697	0.7142857142857143	baseline
N_LP.2179	0.14285714285714285	0.03280243655016278	0.42686242661100127	2.0324319423364527	0.42522582359710814	0.38526957737904416	0.5747741764028919	0.6147304226209558	0.7142857142857143	endpoint
N_LP.218	0.0	1.0512684569224051	0.8856705721439939	1.8467180619861503	0.2049470875809343	0.15370676139817238	0.7950529124190657	0.8462932386018276	0.8571428571428571	baseline
N_LP.2180	0.0	0.08480888893570245	0.06935153416869891	1.1640734038708926	0.49916856993480735	0.47185473522389626	0.5008314300651926	0.5281452647761038	0.5714285714285714	endpoint
N_LP.2181	0.0	0.5224151445924837	0.9378809573745188	1.4143942356229056	0.6255345749993307	0.709661133967158	0.6255345749993307	0.709661133967158	0.7142857142857143	endpoint
N_LP.2182	0.0	0.585896827060704	0.4640375001530565	1.5300324083494157	0.35004046132872524	0.2844885118582733	0.6499595386712748	0.7155114881417267	0.7142857142857143	baseline
N_LP.2183	0.0	0.8335914354566639	0.8430764149696396	1.9304956499320394	0.6947887435321858	0.6899278789916378	0.6947887435321858	0.6899278789916378	0.8571428571428571	endpoint
N_LP.2184	0.0	0.35442002059461564	0.5385048435813615	1.1976868129522946	0.5754024445195123	0.5948084057322661	0.5754024445195123	0.5948084057322661	0.7142857142857143	endpoint
N_LP.2185	0.0	0.5256545607214085	0.4936000208480171	1.3124746514179568	0.30731250076675465	0.34325824886789674	0.6926874992332454	0.6567417511321032	0.7142857142857143	baseline
N_LP.2186	0.0	0.3748131922452635	0.8043869556790444	1.2977215684102583	0.5964938907551015	0.652819725604814	0.5964938907551015	0.652819725604814	0.5714285714285714	endpoint
N_LP.2187	0.0	0.09712827316034486	0.03746486572975574	1.653760428039933	0.4694991726687458	0.4319504948862799	0.5305008273312541	0.5680495051137201	0.5714285714285714	baseline
N_LP.2188	0.0	0.4133768840416195	0.448274762229984	1.822435930527809	0.6007219992793925	0.4947617009519508	0.6007219992793925	0.5052382990480492	0.5714285714285714	endpoint
N_LP.2189	0.0	0.5341779675586179	0.8015024737336129	1.546235479342058	0.6157884579144729	0.6502482710525008	0.6157884579144729	0.6502482710525008	0.7142857142857143	endpoint
N_LP.219	0.0	0.9088600490902581	1.2654120329364285	1.871820744808286	0.2439346301823804	0.12639667098192048	0.7560653698176196	0.8736033290180796	0.8571428571428571	baseline
N_LP.2190	0.0	0.2919207786930165	0.13931498431525027	1.5222328661509101	0.5268080986636273	0.3983052527740234	0.5268080986636273	0.6016947472259766	0.5714285714285714	endpoint
N_LP.2191	0.0	0.07536982239692769	0.4379603160028916	1.0622198349797163	0.5230815429990914	0.4360364108707449	0.5230815429990914	0.5639635891292551	0.5714285714285714	endpoint
N_LP.2192	0.14285714285714285	0.8751403096599157	1.3590431378430503	3.2048800072221924	0.6662303505045728	0.7760595019226261	0.6662303505045728	0.7760595019226261	0.8571428571428571	endpoint
N_LP.2193	0.0	0.511426035701679	0.771075012230921	1.0845911135607627	0.3401947390556141	0.3037159148382734	0.6598052609443859	0.6962840851617266	0.8571428571428571	baseline
N_LP.2194	0.0	0.19288015657561855	0.0799720833465477	1.67930584663984	0.5575682557160714	0.41399485050917006	0.5575682557160714	0.5860051494908299	0.5714285714285714	endpoint
N_LP.2195	0.0	0.09440270231999569	0.4382408477729481	1.2321038389133465	0.4777192208343838	0.5564373207615307	0.5222807791656162	0.5564373207615307	0.5714285714285714	endpoint
N_LP.2196	0.14285714285714285	1.1381306403118125	1.318165026947315	2.3768060030096176	0.7780876107156448	0.8550121635673347	0.7780876107156448	0.8550121635673347	0.8571428571428571	endpoint
N_LP.2197	0.0	0.4388442934938747	0.6567301847549818	1.4949588802701241	0.3028509170565729	0.304608722981449	0.697149082943427	0.6953912770185511	0.8571428571428571	baseline
N_LP.2198	0.0	0.6372963770889771	0.9817925352520742	1.4779993262570013	0.6756054326325055	0.7210721748972065	0.6756054326325055	0.7210721748972065	0.7142857142857143	endpoint
N_LP.2199	0.0	0.2772408396221929	0.2513689445815431	1.5194731431736783	0.5727533008225397	0.6786818311776478	0.5727533008225397	0.6786818311776478	0.5714285714285714	endpoint
N_LP.22	0.0	0.05591971742722024	0.2842153703224023	1.4823181730290595	0.45421266580961095	0.4052094503029363	0.545787334190389	0.5947905496970637	0.5714285714285714	baseline
N_LP.220	0.0	0.11745694934257155	0.383693554586306	1.1409831285872487	0.5056872318487614	0.48488749009229426	0.5056872318487614	0.5151125099077057	0.5714285714285714	endpoint
N_LP.2200	0.0	0.11631033560423666	0.22035453356846232	1.5699546074126198	0.5245400221660936	0.49677259040174315	0.5245400221660936	0.5032274095982568	0.5714285714285714	endpoint
N_LP.2201	0.0	0.12927001939501456	0.13717735965368383	1.3647266058573317	0.44881426362333093	0.3950066472996086	0.551185736376669	0.6049933527003915	0.7142857142857143	baseline
N_LP.2202	0.0	0.42156806958986187	0.38125675126174224	1.664293473863791	0.3287796095227496	0.3101653668385601	0.6712203904772505	0.6898346331614399	0.7142857142857143	baseline
N_LP.2203	0.0	0.526531782555873	0.5617338001424353	1.6351825957891521	0.29110807451579285	0.35617558392296444	0.7088919254842072	0.6438244160770356	0.8571428571428571	baseline
N_LP.2204	0.0	0.08022961628497145	0.09994696123991442	0.696243797679479	0.44528426282796313	0.45729417864752714	0.5547157371720368	0.5427058213524729	0.7142857142857143	baseline
N_LP.2205	0.0	0.0927152920837316	0.37675248082410306	1.009932850418312	0.4840466111832316	0.5586226488718309	0.5159533888167684	0.5586226488718309	0.5714285714285714	endpoint
N_LP.2206	0.0	0.18555828892303036	0.4636053484347489	1.6118425204675344	0.5013474189634527	0.5564100038262888	0.5013474189634527	0.5564100038262888	0.5714285714285714	endpoint
N_LP.2207	0.0	0.5925634030507061	0.458220506128828	1.3920679244216356	0.28839448036439047	0.34436455432552143	0.7116055196356095	0.6556354456744786	0.8571428571428571	baseline
N_LP.2208	0.0	0.40482573974957375	0.7575570689738736	1.6550380297554648	0.330493041896864	0.31393325515627357	0.669506958103136	0.6860667448437264	0.8571428571428571	baseline
N_LP.2209	0.0	0.26899163982953816	0.7740725993204218	1.6679234896379709	0.36015320695776104	0.3078696307651046	0.6398467930422389	0.6921303692348955	0.5714285714285714	baseline
N_LP.221	0.0	0.8346647428777771	1.037610616960113	1.6291537297594403	0.24383579804137814	0.20174879092552933	0.7561642019586219	0.7982512090744707	0.8571428571428571	baseline
N_LP.2210	0.0	0.2744591584841228	0.35388374349935947	1.1327838572679008	0.37151613334031414	0.401012290404715	0.6284838666596859	0.598987709595285	0.7142857142857143	baseline
N_LP.2211	0.0	0.16669545609700126	0.10068221570565333	1.2094589381260483	0.4134687712918172	0.41758780139945023	0.5865312287081828	0.5824121986005497	0.7142857142857143	baseline
N_LP.2212	0.0	0.5100840508852512	0.5713252208679874	1.1286240982200144	0.3127874045498307	0.2802900637004855	0.6872125954501693	0.7197099362995145	0.8571428571428571	baseline
N_LP.2213	0.0	0.1547599488937679	0.7000039164282498	1.6634237238766434	0.458991863511682	0.3191944390128788	0.541008136488318	0.6808055609871212	0.7142857142857143	baseline
N_LP.2214	0.0	0.6859425897751565	0.8115895854304924	1.3533804574940642	0.2504082781985396	0.20585212766440705	0.7495917218014604	0.7941478723355929	0.8571428571428571	baseline
N_LP.2215	0.0	0.5960118853785443	0.9404310977925524	1.3366186124212913	0.28700196935932293	0.22185857345777243	0.7129980306406771	0.7781414265422275	0.7142857142857143	baseline
N_LP.2216	0.0	0.47623129352295085	1.0337946628422654	1.9150804108777042	0.5981808487218706	0.7190304750014359	0.5981808487218706	0.7190304750014359	0.5714285714285714	endpoint
N_LP.2217	0.0	0.4080044828539779	0.2083402108235072	1.776297891554265	0.5630062917051611	0.5328501869747673	0.5630062917051611	0.5328501869747673	0.7142857142857143	endpoint
N_LP.2218	0.0	0.08507257695442681	0.1830788843739128	1.1350651241892227	0.4360997345150795	0.48834725967069337	0.5639002654849206	0.5116527403293066	0.5714285714285714	baseline
N_LP.2219	0.0	0.23368314394380207	0.189788009034839	1.4512734126247675	0.5341463815211086	0.5182913096385393	0.5341463815211086	0.5182913096385393	0.5714285714285714	endpoint
N_LP.222	0.0	0.22913390252208687	0.7090183793989729	1.4491595779943593	0.3659670351528811	0.27895860775539033	0.6340329648471189	0.7210413922446097	0.7142857142857143	baseline
N_LP.2220	0.0	0.6829328814528032	0.7937293115170672	1.1480864444272785	0.27539664176811907	0.30613030216270803	0.7246033582318809	0.693869697837292	0.8571428571428571	baseline
N_LP.2221	0.0	0.06637167866078918	0.03827371519640335	1.196739900583478	0.4169250536365115	0.4856071620836055	0.5830749463634886	0.5143928379163945	0.7142857142857143	baseline
N_LP.2222	0.0	0.15489800096499498	0.1871076866371445	1.3595181049000158	0.43862539509290055	0.5177131196175077	0.5613746049070995	0.5177131196175077	0.5714285714285714	baseline
N_LP.2223	0.0	0.19419117436693273	0.48606666701481815	1.6789166758797203	0.40584339416094106	0.35190459709940003	0.5941566058390589	0.6480954029006	0.7142857142857143	baseline
N_LP.2224	0.0	0.18523667713598924	0.38269586259428	1.304252511110908	0.38540620084155636	0.4554896203776135	0.6145937991584436	0.5445103796223865	0.7142857142857143	baseline
N_LP.2225	0.0	0.4885661088677371	0.54856784415057	1.8348474826187733	0.6122153459025595	0.7332905821244965	0.6122153459025595	0.7332905821244965	0.5714285714285714	endpoint
N_LP.2226	0.0	0.30473188594654516	0.3703575247462619	1.6682677942146569	0.34527832456600505	0.3974586224079806	0.654721675433995	0.6025413775920194	0.7142857142857143	baseline
N_LP.2227	0.0	0.11806087915928988	0.4488088082506231	1.2123833329671216	0.49907702160632705	0.36075962192994976	0.500922978393673	0.6392403780700502	0.5714285714285714	endpoint
N_LP.2228	0.0	0.16652789902566947	0.16312114180795742	1.9501164333299867	0.44525698169948047	0.5067458098775229	0.5547430183005195	0.5067458098775229	0.5714285714285714	baseline
N_LP.2229	0.0	0.060900570267420795	0.031097838386075938	1.5104213448446995	0.4204176836152978	0.42146752898568424	0.5795823163847023	0.5785324710143158	0.5714285714285714	baseline
N_LP.223	0.0	0.227870724678064	0.3632826328539617	1.5631784534638844	0.4373257789068626	0.3157405620129965	0.5626742210931375	0.6842594379870035	0.5714285714285714	baseline
N_LP.2230	0.0	0.3208603675617069	0.6314957215616319	1.2561769079288037	0.38951565995343057	0.2909798803927261	0.6104843400465694	0.7090201196072738	0.7142857142857143	baseline
N_LP.2231	0.0	0.18580964595301794	0.5669226064208391	1.4422682478362536	0.5432886224111644	0.6305737979377766	0.5432886224111644	0.6305737979377766	0.5714285714285714	endpoint
N_LP.2232	0.0	0.719068881963312	1.1129077121471298	1.5043251880129611	0.670742445427484	0.8018587938389526	0.670742445427484	0.8018587938389526	0.7142857142857143	endpoint
N_LP.2233	0.0	0.6103951886358419	0.830358810494751	1.707630852903344	0.6415591739396558	0.6873122592399209	0.6415591739396558	0.6873122592399209	0.7142857142857143	endpoint
N_LP.2234	0.0	0.8925090309295236	1.1525974679950006	1.3691102644451998	0.7172814115691494	0.6798851077701311	0.7172814115691494	0.6798851077701311	0.8571428571428571	endpoint
N_LP.2235	0.14285714285714285	0.5288297523272126	0.5822110431331557	2.05139954646337	0.6123662229507731	0.5152400278159046	0.6123662229507731	0.5152400278159046	0.7142857142857143	endpoint
N_LP.2236	0.0	0.11833525404133564	0.07511434629974234	1.105311654508898	0.5123166794325791	0.41473757926341653	0.5123166794325791	0.5852624207365835	0.5714285714285714	endpoint
N_LP.2237	0.0	0.026159506359183453	0.09602978107953292	0.9061152233662398	0.4606038760207433	0.4757058145498096	0.5393961239792566	0.5242941854501904	0.5714285714285714	baseline
N_LP.2238	0.0	0.13130228898603793	0.28831399432345983	1.5301869720626013	0.43705451030763204	0.3821401975079388	0.562945489692368	0.6178598024920612	0.5714285714285714	baseline
N_LP.2239	0.0	0.04691893917893437	0.2221888551909976	1.1072908602615048	0.44923712810926864	0.42942106328452573	0.5507628718907314	0.5705789367154743	0.5714285714285714	baseline
N_LP.224	0.0	0.10613082144562856	0.12730332767085809	1.520436348415708	0.3965893549636222	0.4456864398907167	0.6034106450363779	0.5543135601092832	0.5714285714285714	baseline
N_LP.2240	0.0	0.5875503035608397	0.959457442336765	1.3335528896006787	0.3036313300970263	0.23990652171069052	0.6963686699029736	0.7600934782893095	0.7142857142857143	baseline
N_LP.2241	0.0	0.05091102264354403	0.501560727966797	1.457660171830022	0.4818836844850151	0.6174148282827185	0.5181163155149848	0.6174148282827185	0.5714285714285714	endpoint
N_LP.2242	0.0	0.01083649316184246	0.12158706393978992	1.7120635203270689	0.45214775939823765	0.48512079709070705	0.5478522406017623	0.514879202909293	0.5714285714285714	baseline
N_LP.2243	0.0	0.6213674996129864	0.7033269025020903	1.4954353342683888	0.29785399463506257	0.2920248913738564	0.7021460053649374	0.7079751086261437	0.8571428571428571	baseline
N_LP.2244	0.0	0.09824385599893315	0.18510769010123407	0.8462075448770784	0.45396805044123223	0.43800671671691366	0.5460319495587678	0.5619932832830863	0.5714285714285714	baseline
N_LP.2245	0.0	0.014520062449176838	0.32722842826507886	1.1117053282361615	0.4666783918766861	0.3440227063851248	0.5333216081233139	0.6559772936148752	0.7142857142857143	baseline
N_LP.2246	0.0	0.31411063090643737	0.8014732814859471	1.4064346940542884	0.38140221152931997	0.25950079700664724	0.61859778847068	0.7404992029933528	0.5714285714285714	baseline
N_LP.2247	0.0	1.0606019024335651	1.232061189596964	1.718053592554766	0.18332150498694322	0.16353867575831313	0.8166784950130568	0.8364613242416868	1.0	baseline
N_LP.2248	0.0	0.3102528444202557	0.08370884824101531	1.6212702963543184	0.5525887846857039	0.495408274275645	0.5525887846857039	0.5045917257243551	0.5714285714285714	endpoint
N_LP.2249	0.14285714285714285	1.0672382805276597	1.0570181991455803	2.0217887139881996	0.7748814394976142	0.9134842636794795	0.7748814394976142	0.9134842636794795	0.8571428571428571	endpoint
N_LP.225	0.0	0.10672743568840466	0.2266031760408058	1.1541573338890354	0.4626637332717668	0.574906472600224	0.5373362667282332	0.574906472600224	0.7142857142857143	endpoint
N_LP.2250	0.0	0.7487703425268976	0.8466377672593928	1.8543456502190603	0.2760218758187111	0.28608930485385925	0.7239781241812888	0.7139106951461407	0.8571428571428571	baseline
N_LP.2251	0.0	0.08364871205267975	0.6902883835261385	1.146455101836882	0.42694615850691225	0.29499419407821686	0.5730538414930877	0.7050058059217832	0.5714285714285714	baseline
N_LP.2252	0.0	0.15511229129558313	0.2490717739581164	1.163512716116375	0.49971608320479033	0.5310798015443299	0.5002839167952097	0.5310798015443299	0.5714285714285714	endpoint
N_LP.2253	0.0	0.19123126928003994	0.09173114664976537	1.441650908506349	0.39026869114719537	0.4742920728029956	0.6097313088528047	0.5257079271970044	0.5714285714285714	baseline
N_LP.2254	0.0	0.2134491411989682	0.14543303791435394	1.4207396424736267	0.5393929710943489	0.500164178910194	0.5393929710943489	0.500164178910194	0.5714285714285714	endpoint
N_LP.2255	0.0	0.22373760595073122	0.13887597209356695	1.1935867738898163	0.382487156900599	0.4444595649394762	0.617512843099401	0.5555404350605238	0.8571428571428571	baseline
N_LP.2256	0.0	0.34650046860097455	0.6878470597065436	1.1293185622249515	0.5715343633897163	0.6385859846821699	0.5715343633897163	0.6385859846821699	0.7142857142857143	endpoint
N_LP.2257	0.0	0.14192161737316494	0.37131694668622467	1.2386023240625725	0.5609238013661076	0.38168694436878775	0.5609238013661076	0.6183130556312122	0.5714285714285714	endpoint
N_LP.2258	0.0	0.15884376306411138	0.1195435037317308	1.0940425299989558	0.4185911979071343	0.4373832228797625	0.5814088020928657	0.5626167771202375	0.7142857142857143	baseline
N_LP.2259	0.0	0.8102591387606531	0.783254505193219	1.3393370608889938	0.23869896355494388	0.24304837369852222	0.7613010364450561	0.7569516263014777	1.0	baseline
N_LP.226	0.0	0.7663309253974079	0.9031627381337761	1.6904407036317795	0.2463905760623247	0.14708978529782657	0.7536094239376753	0.8529102147021734	0.8571428571428571	baseline
N_LP.2260	0.0	0.27614530837083706	0.3357263469892415	1.4089261071554822	0.564267266731424	0.47755349403611025	0.564267266731424	0.5224465059638898	0.5714285714285714	endpoint
N_LP.2261	0.0	0.2874482212238049	0.2041817389852473	1.4418001684156119	0.42249752983147043	0.3769717710472989	0.5775024701685296	0.6230282289527012	0.7142857142857143	baseline
N_LP.2262	0.0	0.10910859210332591	0.02265276185240424	1.2751056761308284	0.45690759003982123	0.42968578287025394	0.5430924099601788	0.5703142171297461	0.7142857142857143	baseline
N_LP.2263	0.0	0.0974088829538976	0.15716890047943358	1.5867432722962422	0.46174215928735507	0.3875679220990541	0.5382578407126449	0.6124320779009459	0.5714285714285714	endpoint
N_LP.2264	0.0	0.6822319936842635	0.9654862820817612	1.6373250642180477	0.7116928890973889	0.7969505450957325	0.7116928890973889	0.7969505450957325	0.7142857142857143	endpoint
N_LP.2265	0.0	0.8840269313139155	0.7386970901050524	1.6210675316302499	0.7258852289512575	0.7209139597339801	0.7258852289512575	0.7209139597339801	1.0	endpoint
N_LP.2266	0.0	0.4973694548258201	0.2142929890026506	1.6392952897045237	0.3290754998094737	0.36631241205307324	0.6709245001905263	0.6336875879469268	0.8571428571428571	baseline
N_LP.2267	0.0	0.49752477883895363	0.7921038639716026	1.6666022449727946	0.3058010076405412	0.2654961680193613	0.6941989923594588	0.7345038319806387	0.7142857142857143	baseline
N_LP.2268	0.0	0.443733272437664	0.8991871290848181	1.2807573802446268	0.359436435615556	0.2627059650162521	0.6405635643844441	0.7372940349837479	0.7142857142857143	baseline
N_LP.2269	0.0	0.25577364052912094	0.03086629485057632	1.350070101237512	0.5784122938496742	0.4648989527308361	0.5784122938496742	0.535101047269164	0.5714285714285714	endpoint
N_LP.227	0.14285714285714285	0.6545283897391158	0.8197572968369256	2.297872405103617	0.6398719089043354	0.7775578547808555	0.6398719089043354	0.7775578547808555	0.7142857142857143	endpoint
N_LP.2270	0.0	0.9124579339119013	1.0136981936800973	1.5552396079223414	0.7279490373132985	0.7070419775991925	0.7279490373132985	0.7070419775991925	1.0	endpoint
N_LP.2271	0.0	0.28992432410504615	0.6114232404266711	1.6706916757670232	0.3581614404960089	0.3063743232001095	0.641838559503991	0.6936256767998905	0.7142857142857143	baseline
N_LP.2272	0.0	0.03634129427446225	0.14939389808700326	1.6517707332478297	0.5044430770306296	0.44906400061244567	0.5044430770306296	0.5509359993875543	0.5714285714285714	endpoint
N_LP.2273	0.0	0.13873742491299043	0.06123144865313306	1.5235074867954526	0.412264666419632	0.4232656377877857	0.587735333580368	0.5767343622122143	0.5714285714285714	baseline
N_LP.2274	0.0	0.21898184488223998	0.30526753314024035	1.1612740684060856	0.5098844031379938	0.47289646203789387	0.5098844031379938	0.5271035379621061	0.5714285714285714	endpoint
N_LP.2275	0.0	0.6672413783908047	1.1333942434418272	1.8666886762667827	0.6485687308784037	0.702463146828264	0.6485687308784037	0.702463146828264	0.5714285714285714	endpoint
N_LP.2276	0.14285714285714285	0.40503012435335745	0.49026946843826436	2.515458267610095	0.5341388282812415	0.5804945515157318	0.5341388282812415	0.5804945515157318	0.5714285714285714	endpoint
N_LP.2277	0.0	0.1061481034020757	0.0233143319875468	1.6039760397924654	0.45863629223308183	0.43645573231182294	0.5413637077669182	0.563544267688177	0.7142857142857143	baseline
N_LP.2278	0.0	0.5423196227182085	0.9831638911861369	1.9497473607016902	0.6248367075010322	0.8360445480624836	0.6248367075010322	0.8360445480624836	0.7142857142857143	endpoint
N_LP.2279	0.14285714285714285	1.0833005969096874	1.0688896045136105	2.486486691024657	0.7470445280156272	0.8063962320469427	0.7470445280156272	0.8063962320469427	0.8571428571428571	endpoint
N_LP.228	0.0	0.8838056415937433	1.257579362615272	1.381264421657237	0.2329026652132801	0.10894221958960168	0.7670973347867199	0.8910577804103983	0.8571428571428571	baseline
N_LP.2280	0.0	0.5139532877637872	0.7942073499476002	1.6174417785877722	0.56921155384105	0.6486745917895542	0.56921155384105	0.6486745917895542	0.5714285714285714	endpoint
N_LP.2281	0.0	0.40927952297108977	0.5592992347084457	1.470872667660177	0.6411554985714806	0.6280666112910921	0.6411554985714806	0.6280666112910921	0.7142857142857143	endpoint
N_LP.2282	0.0	0.12484222505735341	0.21134841831625312	1.5492937364230233	0.3982144461819238	0.4317595254150486	0.6017855538180762	0.5682404745849514	0.7142857142857143	baseline
N_LP.2283	0.0	0.8637133679116603	1.221364338013428	1.4627181786383114	0.18808999910016494	0.07531938272492186	0.811910000899835	0.9246806172750781	0.8571428571428571	baseline
N_LP.2284	0.0	0.13893689218759753	0.29012322941957047	1.52290179808477	0.40680242235327807	0.4034698157145791	0.593197577646722	0.5965301842854209	0.8571428571428571	baseline
N_LP.2285	0.0	0.34827437621687035	0.9574363805470872	1.6778066457179328	0.5442776084600276	0.6827522560870585	0.5442776084600276	0.6827522560870585	0.5714285714285714	endpoint
N_LP.2286	0.0	0.5002426374980775	0.793852476181306	1.4632366719510859	0.6382590911478995	0.6963506486077128	0.6382590911478995	0.6963506486077128	0.7142857142857143	endpoint
N_LP.2287	0.0	0.42160058786674665	0.9208553936412804	1.1542974575214346	0.639312967877537	0.7482253810749601	0.639312967877537	0.7482253810749601	0.5714285714285714	endpoint
N_LP.2288	0.0	0.182028432074695	0.5047632680836663	1.5063574463941543	0.48155442284186095	0.34564865415633417	0.5184455771581391	0.6543513458436658	0.7142857142857143	baseline
N_LP.2289	0.0	0.11727882006346721	0.1159608246919537	1.5620763985869097	0.49834906889724734	0.405986006036635	0.5016509311027526	0.5940139939633651	0.5714285714285714	endpoint
N_LP.229	0.0	0.41263365150450265	0.9952328948426008	1.6728731858979353	0.34532420091293564	0.213193247634569	0.6546757990870644	0.786806752365431	0.7142857142857143	baseline
N_LP.2290	0.0	0.3197164562589977	0.801527730747989	1.5846498448715653	0.3504792696730883	0.3036718499123348	0.6495207303269117	0.6963281500876652	0.7142857142857143	baseline
N_LP.2291	0.0	0.14729824669966726	0.06326671797000738	1.1613063707445284	0.4077926285004866	0.43469407859481635	0.5922073714995134	0.5653059214051837	0.5714285714285714	baseline
N_LP.2292	0.0	0.5802168103761919	0.8581254516112249	1.6189732542483362	0.6812631693815965	0.7137081007810308	0.6812631693815965	0.7137081007810308	0.5714285714285714	endpoint
N_LP.2293	0.0	0.09748909191167399	0.26698756834358245	1.4510669984560238	0.47024953952391463	0.35849816238149335	0.5297504604760854	0.6415018376185067	0.5714285714285714	endpoint
N_LP.2294	0.0	0.2419735759917949	0.07848731815527633	1.6889408351519892	0.48969579561640264	0.4607680237518093	0.5103042043835974	0.5392319762481907	0.5714285714285714	endpoint
N_LP.2295	0.0	0.20288442882034283	0.03816815894227997	1.7415825580463498	0.5148815306617401	0.5628635320966048	0.5148815306617401	0.5628635320966048	0.5714285714285714	endpoint
N_LP.2296	0.14285714285714285	0.48593385215437973	1.0035853483947632	2.3301179048556095	0.5703459206809847	0.7824880639770495	0.5703459206809847	0.7824880639770495	0.5714285714285714	endpoint
N_LP.2297	0.0	0.38460349726660226	0.3563456643800968	1.6970490650644234	0.4154458157195034	0.368933216029153	0.5845541842804967	0.631066783970847	0.7142857142857143	baseline
N_LP.2298	0.0	0.2835805875794561	0.31926361534699327	1.137434859720741	0.5538007539582064	0.5648454312581666	0.5538007539582064	0.5648454312581666	0.5714285714285714	endpoint
N_LP.2299	0.0	0.36494402943084303	0.8669392404064729	1.599205279025089	0.39801856469016145	0.27778188309938423	0.6019814353098385	0.7222181169006158	0.7142857142857143	baseline
N_LP.23	0.0	0.14759384330404898	0.23100153106888682	1.7733065984957088	0.5116326752229517	0.4088514402773809	0.5116326752229517	0.5911485597226191	0.5714285714285714	endpoint
N_LP.230	0.0	0.9856700499801988	1.196245495453092	1.663925127516194	0.16175791632558986	0.16663654175666553	0.8382420836744101	0.8333634582433345	1.0	baseline
N_LP.2300	0.0	0.22762326212756315	0.3326814883100382	1.3254649521820252	0.3948015496552886	0.37535658340528577	0.6051984503447114	0.6246434165947142	0.7142857142857143	baseline
N_LP.2301	0.0	0.06423212309742579	0.3455058419311751	1.1507592535971656	0.5013854058704356	0.5552146333297734	0.5013854058704356	0.5552146333297734	0.5714285714285714	endpoint
N_LP.2302	0.0	0.04111983300075225	0.10797763483074571	1.5978870343152198	0.4215418607571829	0.4115441645136492	0.5784581392428171	0.5884558354863507	0.7142857142857143	endpoint
N_LP.2303	0.0	0.4644649530238629	0.6799336157410898	1.237521170348827	0.5876054110419583	0.5752604630934197	0.5876054110419583	0.5752604630934197	0.8571428571428571	endpoint
N_LP.2304	0.0	0.7627057015960174	0.9140126763534901	1.444517863226724	0.2634493674077626	0.20536120536998156	0.7365506325922374	0.7946387946300184	0.8571428571428571	baseline
N_LP.2305	0.0	0.25919576684094076	0.47774110902183886	1.277699124377868	0.5431741738752721	0.5804075718765529	0.5431741738752721	0.5804075718765529	0.7142857142857143	endpoint
N_LP.2306	0.0	0.23767363498939234	0.1010727663960891	1.505318721179102	0.517374563690779	0.5092597196627231	0.517374563690779	0.5092597196627231	0.5714285714285714	endpoint
N_LP.2307	0.0	0.9270668262426863	1.0343112172200106	1.411999245703648	0.727120376467622	0.7103910920367201	0.727120376467622	0.7103910920367201	1.0	endpoint
N_LP.2308	0.0	0.17338642187588443	0.07538905861939299	1.2065476411669123	0.5270820936939232	0.46891746082886326	0.5270820936939232	0.5310825391711367	0.5714285714285714	endpoint
N_LP.2309	0.0	0.18907580022037207	0.5036857517472106	1.527330698391267	0.4562887623298921	0.41290091250598165	0.5437112376701079	0.5870990874940183	0.7142857142857143	baseline
N_LP.231	0.0	0.2755946105670513	0.40988408342837135	1.3422156840123463	0.4264102517070218	0.333912927339551	0.5735897482929782	0.666087072660449	0.7142857142857143	baseline
N_LP.2310	0.0	0.5902437804187027	0.6359412676538025	1.693578827655108	0.33521426875229704	0.34016780171064215	0.664785731247703	0.6598321982893578	0.8571428571428571	baseline
N_LP.2311	0.0	1.1188930201088454	1.1961480766022459	1.348166475178509	0.140593930792442	0.11564183503067431	0.859406069207558	0.8843581649693257	1.0	baseline
N_LP.2312	0.0	0.3205101993390773	0.0828317221039424	1.2839446528619696	0.5806283458584962	0.56686349462379	0.5806283458584962	0.56686349462379	0.5714285714285714	endpoint
N_LP.2313	0.0	0.7296043054128296	1.0368163069309426	1.8965757733795185	0.2380073030568369	0.10682451927073273	0.7619926969431631	0.8931754807292672	0.8571428571428571	baseline
N_LP.2314	0.0	0.4869016278443233	0.8057775739020212	1.3686859412873138	0.6622480203358734	0.678358559483748	0.6622480203358734	0.678358559483748	0.7142857142857143	endpoint
N_LP.2315	0.0	0.3146743568020933	0.7121579310500106	1.5566107335208406	0.3887359153572651	0.28963999858436873	0.6112640846427349	0.7103600014156313	0.5714285714285714	baseline
N_LP.2316	0.0	0.24938502827326797	0.10713978571819222	1.4751284986532522	0.3696670996064353	0.4359963152190339	0.6303329003935647	0.5640036847809661	0.7142857142857143	baseline
N_LP.2317	0.0	0.03438977904376282	0.255617006138575	1.236823602418176	0.46182387743847214	0.38713943749729596	0.5381761225615278	0.612860562502704	0.5714285714285714	endpoint
N_LP.2318	0.0	0.0739146628487449	0.08068334973009733	0.9829811439565805	0.4484880448515328	0.4706586557327978	0.5515119551484672	0.5293413442672021	0.5714285714285714	baseline
N_LP.2319	0.0	0.13720258996188436	0.08163651320544868	1.5874737622402788	0.5700218664802472	0.504010797655792	0.5700218664802472	0.504010797655792	0.5714285714285714	endpoint
N_LP.232	0.0	0.7149683054016177	0.7921996508950204	1.2068356234035684	0.2575581440835832	0.22899557461681289	0.7424418559164168	0.7710044253831871	0.8571428571428571	baseline
N_LP.2320	0.0	0.765660069950053	0.9994738601275239	1.9540423235556788	0.6847302764576113	0.7384390917118662	0.6847302764576113	0.7384390917118662	0.8571428571428571	endpoint
N_LP.2321	0.0	0.8348053803860197	1.093205268779962	1.661041468215906	0.7062390922069888	0.7619468203534904	0.7062390922069888	0.7619468203534904	0.8571428571428571	endpoint
N_LP.2322	0.0	0.785639381143486	0.7309573306935061	1.7911868260843522	0.6901059552616848	0.6653461758705133	0.6901059552616848	0.6653461758705133	0.7142857142857143	endpoint
N_LP.2323	0.0	0.6433977358468288	0.8356544998990434	1.1163958993364627	0.6914444053569413	0.7016429835996949	0.6914444053569413	0.7016429835996949	0.8571428571428571	endpoint
N_LP.2324	0.0	0.866308352917704	1.0494686692599855	1.8254416614645648	0.7177848480490373	0.7053250652515162	0.7177848480490373	0.7053250652515162	0.8571428571428571	endpoint
N_LP.2325	0.0	0.03650898789063833	0.1511353179598566	1.4650360774973759	0.4927833117625479	0.4638211411922097	0.507216688237452	0.5361788588077903	0.7142857142857143	endpoint
N_LP.2326	0.0	0.7092793241615701	0.6039776463996313	1.4514169925715432	0.6758069305542227	0.6481381747904417	0.6758069305542227	0.6481381747904417	0.8571428571428571	endpoint
N_LP.2327	0.0	0.608936480479635	0.8352833001956073	1.6199577229119684	0.6327409715150111	0.6575353559118922	0.6327409715150111	0.6575353559118922	0.7142857142857143	endpoint
N_LP.2328	0.0	0.023517038934397543	0.048110115719380994	1.1583687985502864	0.4753753512223054	0.4433459785685801	0.5246246487776947	0.55665402143142	0.5714285714285714	endpoint
N_LP.2329	0.0	0.12600797471033906	0.2528000906519055	1.0006309445217663	0.4865298585802303	0.6732363561697905	0.5134701414197698	0.6732363561697905	0.5714285714285714	endpoint
N_LP.233	0.0	0.1991518031804384	0.033794648531233366	1.1434841603514376	0.3887121279243853	0.4713618952130187	0.6112878720756147	0.5286381047869813	0.5714285714285714	baseline
N_LP.2330	0.0	0.06742801506160864	0.27479269627757946	1.154991651019833	0.5042465786625528	0.46823698018435184	0.5042465786625528	0.5317630198156482	0.5714285714285714	endpoint
N_LP.2331	0.0	0.5309584422747035	0.5509088911512522	1.6699738236157633	0.6550622669033056	0.6307417106401292	0.6550622669033056	0.6307417106401292	0.7142857142857143	endpoint
N_LP.2332	0.0	0.35561439437979564	0.3668170538450131	1.5108028700048473	0.5607657536162846	0.5422021974487374	0.5607657536162846	0.5422021974487374	0.5714285714285714	endpoint
N_LP.2333	0.0	0.5733304988375197	0.8396765864135097	1.3362097661427523	0.6549236321260453	0.6037408626560914	0.6549236321260453	0.6037408626560914	0.8571428571428571	endpoint
N_LP.2334	0.0	0.061867807821222955	0.11945126132909742	1.6381445573092555	0.4602049421486161	0.49686470480571293	0.5397950578513839	0.5031352951942871	0.5714285714285714	endpoint
N_LP.2335	0.0	0.35820338284205405	0.6825267287052602	1.8899573223287642	0.5194666678859327	0.6401287280229327	0.5194666678859327	0.6401287280229327	0.5714285714285714	endpoint
N_LP.2336	0.0	0.49986223283494674	0.5209820879394819	1.6068529099421063	0.34638438793640436	0.266825493075682	0.6536156120635956	0.7331745069243181	0.7142857142857143	baseline
N_LP.2337	0.0	0.014000920914040229	0.015516880840172933	1.0848611506542933	0.5176696680626576	0.4390201704807093	0.5176696680626576	0.5609798295192907	0.7142857142857143	endpoint
N_LP.2338	0.0	0.046131361201098474	0.17591104525987208	1.5547177626421556	0.43153982267501406	0.4394039548651773	0.568460177324986	0.5605960451348226	0.7142857142857143	baseline
N_LP.2339	0.0	0.4068412590948724	0.9182058179771767	1.2836451046438733	0.5923615293888236	0.7239311520631387	0.5923615293888236	0.7239311520631387	0.5714285714285714	endpoint
N_LP.234	0.0	0.16221219843818815	0.3892065045954938	1.5101775220846487	0.53867309838499	0.5870726347621448	0.53867309838499	0.5870726347621448	0.5714285714285714	endpoint
N_LP.2340	0.0	0.6657399668978925	0.9844290220103936	1.3257771798334972	0.6899529977960563	0.7678839737448255	0.6899529977960563	0.7678839737448255	0.7142857142857143	endpoint
N_LP.2341	0.0	0.002065442054498799	0.1861171894647893	1.883157193757489	0.44718751535116713	0.37679644787076766	0.5528124846488329	0.6232035521292323	0.5714285714285714	endpoint
N_LP.2342	0.0	0.3229422209192824	0.5077453116205383	1.4457918252366149	0.5743062259196137	0.6190850265933405	0.5743062259196137	0.6190850265933405	0.5714285714285714	endpoint
N_LP.2343	0.0	0.2624954846802244	1.2252965213960847	1.753193355544404	0.5862398644448418	0.79147240432595	0.5862398644448418	0.79147240432595	0.5714285714285714	endpoint
N_LP.2344	0.0	0.29442865855828465	0.8661165431089857	1.3348340922916329	0.368834280635665	0.29051517504495716	0.631165719364335	0.7094848249550428	0.7142857142857143	baseline
N_LP.2345	0.0	0.6061441352948211	0.8290607842025963	1.462878565949455	0.662720221353924	0.6757377003492421	0.662720221353924	0.6757377003492421	0.7142857142857143	endpoint
N_LP.2346	0.0	0.6611314186515954	1.1007678129593792	1.338317254682402	0.28505642861477704	0.18865364540559867	0.714943571385223	0.8113463545944013	0.8571428571428571	baseline
N_LP.2347	0.0	0.6525463881384207	0.916714043399229	1.195180211624458	0.2940321600178105	0.19749551164479293	0.7059678399821895	0.802504488355207	0.8571428571428571	baseline
N_LP.2348	0.0	0.20303653032656485	0.08776319215900448	1.2441287179935425	0.38076248868491547	0.43482623640744755	0.6192375113150845	0.5651737635925524	0.7142857142857143	baseline
N_LP.2349	0.0	0.7364476236769727	0.9158372780291456	1.6187631153960043	0.24161016997081658	0.11643033043182438	0.7583898300291834	0.8835696695681756	0.8571428571428571	baseline
N_LP.235	0.0	0.9659314002920272	1.0366602713008877	1.240474679085128	0.19399205113200274	0.20975991265577698	0.8060079488679972	0.790240087344223	1.0	baseline
N_LP.2350	0.0	0.032430888670533085	0.25469915610100063	1.161251591112139	0.44093088471036646	0.38727977313268014	0.5590691152896335	0.6127202268673199	0.5714285714285714	baseline
N_LP.2351	0.0	0.011421500096960515	0.15685274957507273	1.3538674170678915	0.434519916911096	0.5243235685631584	0.565480083088904	0.5243235685631584	0.5714285714285714	endpoint
N_LP.2352	0.0	0.21285453262427056	0.3042561762355622	1.4641493961348804	0.44902548525065944	0.35333978087841844	0.5509745147493406	0.6466602191215816	0.7142857142857143	baseline
N_LP.2353	0.0	0.3244431113605374	0.06780522943362237	1.160088699979205	0.3900038044225413	0.43366889920977675	0.6099961955774587	0.5663311007902232	0.7142857142857143	baseline
N_LP.2354	0.14285714285714285	0.4564047609862532	0.8343346233196686	2.113760207507081	0.5952138206998983	0.7072831895104366	0.5952138206998983	0.7072831895104366	0.7142857142857143	endpoint
N_LP.2355	0.0	0.7921379976061612	1.1589633750116428	1.896583232048972	0.6957012243456371	0.8631282120882153	0.6957012243456371	0.8631282120882153	0.5714285714285714	endpoint
N_LP.2356	0.0	0.24840024649633158	0.2615107663413161	1.156514929467595	0.5497939925249516	0.5337630986259948	0.5497939925249516	0.5337630986259948	0.5714285714285714	endpoint
N_LP.2357	0.0	0.3158016333639516	0.19739800023308476	1.692002123480332	0.5647210112230656	0.5423129882790796	0.5647210112230656	0.5423129882790796	0.7142857142857143	endpoint
N_LP.2358	0.0	0.381393740017369	0.2905622059952632	1.4930663275038043	0.386552862744741	0.3923164228794429	0.613447137255259	0.6076835771205571	0.8571428571428571	baseline
N_LP.2359	0.0	0.6649456714035337	0.7055890184723767	1.5699460359231074	0.6546577118246301	0.6035698419882409	0.6546577118246301	0.6035698419882409	0.8571428571428571	endpoint
N_LP.236	0.14285714285714285	0.7964444671156018	1.1310108075428276	2.0234198410743582	0.6495164073591333	0.7355951447747106	0.6495164073591333	0.7355951447747106	0.7142857142857143	endpoint
N_LP.2360	0.14285714285714285	0.5804219722162223	0.640419536800529	2.139614651178758	0.5732549529806761	0.654914805793538	0.5732549529806761	0.654914805793538	0.7142857142857143	endpoint
N_LP.2361	0.0	0.21998512533168144	0.6307202122229463	1.5557416550181697	0.4245610688943405	0.3297876429714643	0.5754389311056596	0.6702123570285357	0.5714285714285714	baseline
N_LP.2362	0.0	0.2214803483597543	0.547994334392124	1.1983139041265747	0.5242821705212727	0.598399596247808	0.5242821705212727	0.598399596247808	0.5714285714285714	endpoint
N_LP.2363	0.0	0.18062479296092868	0.21495463774773677	1.431040410330208	0.5609184523656318	0.5237201690911643	0.5609184523656318	0.5237201690911643	0.5714285714285714	endpoint
N_LP.2364	0.0	0.21168030417962533	0.011976570723637975	1.0904710712421386	0.49769249293071577	0.48349006872647793	0.5023075070692842	0.5165099312735221	0.5714285714285714	endpoint
N_LP.2365	0.0	0.5425779186564038	0.4398657979449473	1.4847660748432638	0.6723086432084423	0.5648603883187997	0.6723086432084423	0.5648603883187997	0.7142857142857143	endpoint
N_LP.2366	0.0	0.1184920040882217	0.184027492433917	1.4736256300434452	0.533665896314536	0.43765310251760153	0.533665896314536	0.5623468974823984	0.5714285714285714	endpoint
N_LP.2367	0.0	0.1888225717820154	0.19590398677921103	1.5403707900360053	0.4489065399446225	0.429058674739136	0.5510934600553775	0.5709413252608639	0.5714285714285714	baseline
N_LP.2368	0.0	0.07502045598255327	0.36817924720674605	1.305398082530163	0.4266297306095902	0.39792851302168764	0.5733702693904098	0.6020714869783124	0.5714285714285714	baseline
N_LP.2369	0.0	0.11790715479957867	0.36693875443913293	1.277644450916352	0.5410390259717416	0.5565056652321742	0.5410390259717416	0.5565056652321742	0.7142857142857143	endpoint
N_LP.237	0.0	0.2643503727806464	0.3012403857832137	1.1936690124899114	0.3584501886136338	0.41731021957915165	0.6415498113863662	0.5826897804208484	0.7142857142857143	baseline
N_LP.2370	0.0	0.20673604080313882	0.055785696669626704	1.1387603125277146	0.38411663004811125	0.4176928532361984	0.6158833699518887	0.5823071467638016	0.5714285714285714	baseline
N_LP.2371	0.0	0.44038710457795166	0.4177066387800073	1.4275067975318438	0.3715133446201145	0.4431657499304861	0.6284866553798856	0.5568342500695139	0.5714285714285714	baseline
N_LP.2372	0.0	0.7848912372381509	0.9817511452307242	1.2018536190246984	0.695092661811901	0.736610656903922	0.695092661811901	0.736610656903922	0.8571428571428571	endpoint
N_LP.2373	0.0	0.5907230580722574	1.036920933798017	1.6426589879791231	0.28375171971037594	0.2124869850537587	0.7162482802896241	0.7875130149462413	0.8571428571428571	baseline
N_LP.2374	0.0	0.23033256029367236	0.1770019699881943	1.4749297253223979	0.5139823133546676	0.515533148832343	0.5139823133546676	0.515533148832343	0.5714285714285714	endpoint
N_LP.2375	0.0	0.2296337408453971	0.26992217553869496	1.1425196866992633	0.4065986352391326	0.4301126373420346	0.5934013647608674	0.5698873626579655	0.7142857142857143	baseline
N_LP.2376	0.0	0.11314810784813371	0.06774217500381476	1.1227594153886626	0.5234905418465973	0.463669839127547	0.5234905418465973	0.536330160872453	0.5714285714285714	endpoint
N_LP.2377	0.0	0.15658428221076678	0.13496204971186573	1.604286894277793	0.46848886267366024	0.39422473359432547	0.5315111373263397	0.6057752664056746	0.7142857142857143	baseline
N_LP.2378	0.0	1.2043725924411337	1.1628350658865847	1.8989520164410991	0.1359926892008712	0.1358800232368463	0.8640073107991288	0.8641199767631537	1.0	baseline
N_LP.2379	0.0	0.5462539645309351	0.6254867133552352	1.6477382502536608	0.6541323032064278	0.7208807976774536	0.6541323032064278	0.7208807976774536	0.7142857142857143	endpoint
N_LP.238	0.0	0.08777927126888312	0.12251935479494289	1.3598082905171545	0.41861491432340026	0.3977498926098333	0.5813850856765997	0.6022501073901667	0.7142857142857143	baseline
N_LP.2380	0.0	0.22869893704530112	0.01624418520687799	1.2882584028214559	0.4952002930477228	0.5844814191682937	0.5047997069522772	0.5844814191682937	0.5714285714285714	endpoint
N_LP.2381	0.0	0.43169884618362114	0.7521044391836121	1.2665024395265707	0.6448031392892167	0.7259027490590557	0.6448031392892167	0.7259027490590557	0.7142857142857143	endpoint
N_LP.2382	0.0	0.23651343572698796	0.5449838461884806	1.3788314051852064	0.4493310308318629	0.3347867521490321	0.5506689691681371	0.6652132478509679	0.7142857142857143	baseline
N_LP.2383	0.0	0.6990911831844976	1.0534396581377168	1.3253401749744236	0.24754520942748362	0.1236767430547091	0.7524547905725164	0.8763232569452909	0.8571428571428571	baseline
N_LP.2384	0.0	0.04122802636771437	0.36787083685116134	1.1757226745288043	0.4331877246343148	0.5421415111676544	0.5668122753656852	0.5421415111676544	0.5714285714285714	endpoint
N_LP.2385	0.0	0.4057204527124005	0.5226678374954075	1.2130002630366394	0.31462927745591457	0.2663026088609304	0.6853707225440855	0.7336973911390696	0.5714285714285714	baseline
N_LP.2386	0.0	0.43174269406876314	0.6070246495142508	1.128463826466756	0.3454201667364429	0.3334106006577747	0.6545798332635571	0.6665893993422253	0.8571428571428571	baseline
N_LP.2387	0.0	0.5570959700156327	0.38344598481364095	1.404197287563761	0.2882848031599062	0.31801505998489144	0.7117151968400939	0.6819849400151086	1.0	baseline
N_LP.2388	0.0	0.21684279644938798	0.49654881337816636	1.1307660959508536	0.42412596799971836	0.35030191843745007	0.5758740320002816	0.6496980815625499	0.7142857142857143	baseline
N_LP.2389	0.0	0.06844815552530127	0.0960823550128367	1.1874115375310417	0.4751993735692821	0.44091287682931035	0.5248006264307179	0.5590871231706896	0.5714285714285714	endpoint
N_LP.239	0.0	0.1802067673921566	0.10881020966966148	1.495711675697793	0.4723672259124375	0.4538787186378178	0.5276327740875625	0.5461212813621822	0.5714285714285714	baseline
N_LP.2390	0.0	0.4707223775406549	0.5289728476192501	1.041750662018431	0.33623818978516745	0.36324266504898517	0.6637618102148326	0.6367573349510148	1.0	baseline
N_LP.2391	0.0	0.8262924163650405	0.8171691812761118	1.145014589138439	0.22740257007730671	0.29298267889830976	0.7725974299226933	0.7070173211016902	1.0	baseline
N_LP.2392	0.0	0.4743778103107551	0.662835718501513	1.307194645429126	0.3610105227282923	0.33436622235039504	0.6389894772717077	0.665633777649605	0.7142857142857143	baseline
N_LP.2393	0.0	0.5550363394378773	0.9265755397413864	1.2729518946340952	0.32849153875102444	0.27960076290509406	0.6715084612489756	0.7203992370949059	0.8571428571428571	baseline
N_LP.2394	0.0	0.20496276503824024	0.20786443052717796	1.1962824201932887	0.4014485853686927	0.4681179248352501	0.5985514146313073	0.53188207516475	0.5714285714285714	baseline
N_LP.2395	0.0	1.3239517991410887	1.2877950405497351	1.7141451071677534	0.08839901496628597	0.024048834815499617	0.911600985033714	0.9759511651845004	1.0	baseline
N_LP.2396	0.0	0.11678939811424716	0.4034614815480467	1.0202762254874347	0.5114850721508345	0.56528223336756	0.5114850721508345	0.56528223336756	0.5714285714285714	endpoint
N_LP.2397	0.0	0.5287180222364187	0.35807123134455265	1.6332439345822038	0.6433954001838925	0.5615590026491349	0.6433954001838925	0.5615590026491349	0.5714285714285714	endpoint
N_LP.2398	0.0	0.05154966472744934	0.13961189823311737	1.622648205162335	0.4256532519963446	0.4442608219579214	0.5743467480036555	0.5557391780420786	0.7142857142857143	baseline
N_LP.2399	0.0	0.36651783736671295	0.9729940379338398	1.512939046853076	0.5433139899389484	0.6151685040592261	0.5433139899389484	0.6151685040592261	0.7142857142857143	endpoint
N_LP.24	0.0	0.6209988905525246	0.3303877385484944	1.6159925860670092	0.6609001141079514	0.5468248278009331	0.6609001141079514	0.5468248278009331	0.7142857142857143	endpoint
N_LP.240	0.0	0.27234135458846254	0.520800862802157	1.4515128316026662	0.370164202958804	0.26688170531865146	0.6298357970411961	0.7331182946813486	0.7142857142857143	baseline
N_LP.2400	0.0	0.12784403912584238	0.15122139697282896	1.2081693021052875	0.4289912758933344	0.44112558015866066	0.5710087241066656	0.5588744198413393	0.5714285714285714	baseline
N_LP.2401	0.0	0.4455445320577459	0.7935362619442793	1.423377341955077	0.5891633810428074	0.604096693904504	0.5891633810428074	0.604096693904504	0.5714285714285714	endpoint
N_LP.2402	0.0	0.14961246276532675	0.183671983571263	1.3643638108362885	0.5151641762007247	0.5255464648175354	0.5151641762007247	0.5255464648175354	0.5714285714285714	endpoint
N_LP.2403	0.0	1.0794457799918917	1.1197156763661924	1.6252660361990148	0.7821859666781851	0.7825278106339724	0.7821859666781851	0.7825278106339724	1.0	endpoint
N_LP.2404	0.0	0.2993601914196569	0.6714990116592919	1.2599009161445351	0.5728059473586494	0.6222043668805272	0.5728059473586494	0.6222043668805272	0.7142857142857143	endpoint
N_LP.2405	0.0	0.18056106036689776	0.23455271925725468	1.272058674235113	0.5630793513169167	0.5212634593769753	0.5630793513169167	0.5212634593769753	0.5714285714285714	endpoint
N_LP.2406	0.0	0.07111306131121883	0.4062030307265894	1.5714414123526497	0.4157128913491249	0.44712438441707275	0.5842871086508751	0.5528756155829273	0.8571428571428571	baseline
N_LP.2407	0.0	0.1379701855566637	0.5337388908652434	1.5009698939097516	0.474448947182951	0.2723688320887882	0.5255510528170491	0.7276311679112117	0.7142857142857143	baseline
N_LP.2408	0.0	0.6253400272608746	1.2122728083885745	1.4824637183350697	0.611188224506668	0.7321201934574146	0.611188224506668	0.7321201934574146	0.7142857142857143	endpoint
N_LP.2409	0.0	0.5447238790319417	0.884382044040802	1.4932661805676197	0.6617498666498162	0.7307926606647541	0.6617498666498162	0.7307926606647541	0.7142857142857143	endpoint
N_LP.241	0.0	0.769554098658687	1.1771151348956062	1.7968963377750324	0.6685508611578495	0.6061985071888116	0.6685508611578495	0.6061985071888116	0.7142857142857143	endpoint
N_LP.242	0.0	0.8941153368275075	1.131442242227444	1.2247229495545249	0.18670460906645303	0.17013564680874682	0.813295390933547	0.8298643531912532	1.0	baseline
N_LP.243	0.0	0.1959517648848468	0.3959925307626778	1.5145452245448632	0.40173381211011294	0.3053637205048849	0.5982661878898871	0.6946362794951151	0.5714285714285714	baseline
N_LP.244	0.0	0.1491066506165452	0.05801429365076554	1.951901308879329	0.4441565446655682	0.43509242102455997	0.5558434553344318	0.5649075789754401	0.5714285714285714	baseline
N_LP.246	0.0	0.7810488321584546	1.1956431229216151	1.9000790216147196	0.25887757525662725	0.13570770860956885	0.7411224247433728	0.8642922913904312	0.7142857142857143	baseline
N_LP.247	0.0	0.005553285528754242	0.16117558816138416	1.5312066881201052	0.47007586530374856	0.3860770590940331	0.5299241346962514	0.6139229409059669	0.5714285714285714	endpoint
N_LP.248	0.14285714285714285	1.0642244580529867	1.3400591616292525	2.2665092966788962	0.20413572611724276	0.10077429269376136	0.7958642738827573	0.8992257073062386	0.8571428571428571	baseline
N_LP.249	0.0	0.1488628120818507	0.7972777313683358	1.3729375418754823	0.4052989219537831	0.30432165798436167	0.594701078046217	0.6956783420156383	0.5714285714285714	baseline
N_LP.25	0.0	0.9215177946609019	0.888124085109952	1.6453387875087773	0.7402949866659844	0.7802273003797929	0.7402949866659844	0.7802273003797929	0.8571428571428571	endpoint
N_LP.250	0.0	0.33674955925882805	0.49364054962264614	1.1760746599613954	0.5598878361928572	0.5016979501624182	0.5598878361928572	0.5016979501624182	0.5714285714285714	endpoint
N_LP.251	0.0	0.055395538287674316	0.109476847881353	1.140184787703191	0.45197176061719785	0.5416146284119384	0.5480282393828022	0.5416146284119384	0.5714285714285714	baseline
N_LP.252	0.0	0.7344864597868408	1.3416527887547982	1.7256252761023039	0.7109060997819264	0.869243821715546	0.7109060997819264	0.869243821715546	0.7142857142857143	endpoint
N_LP.253	0.0	0.4300963818122082	0.6130227127937421	1.5749304099544603	0.3089020855167073	0.24251149955303247	0.6910979144832927	0.7574885004469676	0.8571428571428571	baseline
N_LP.254	0.0	0.28617609608864697	0.5888777562690231	1.707932923719459	0.4248324781370017	0.33618518875993136	0.5751675218629984	0.6638148112400686	0.5714285714285714	baseline
N_LP.255	0.0	0.7543308537901842	1.1060194197458315	1.6179386239002134	0.22397150678418645	0.17075206716318947	0.7760284932158136	0.8292479328368105	0.7142857142857143	baseline
N_LP.256	0.0	0.6430077134421586	0.867707187510109	1.1240260877366695	0.6393695189307497	0.6563017909147713	0.6393695189307497	0.6563017909147713	0.8571428571428571	endpoint
N_LP.257	0.0	0.4529191259369149	0.6806316159781712	1.301579604529001	0.6184400904151867	0.6395409037362904	0.6184400904151867	0.6395409037362904	0.7142857142857143	endpoint
N_LP.258	0.0	0.09422643760787139	0.10208547611919527	1.411405682757258	0.44913017908858527	0.6261337209767146	0.5508698209114147	0.6261337209767146	0.5714285714285714	baseline
N_LP.259	0.0	0.44277826029440764	0.7605467922335267	1.5811429072862695	0.32130550953904385	0.31328832223482184	0.6786944904609562	0.6867116777651782	0.8571428571428571	baseline
N_LP.26	0.14285714285714285	0.16538848979802312	0.09506468041031586	2.072392497785373	0.48143501232723335	0.45616546187059326	0.5185649876727667	0.5438345381294067	0.7142857142857143	endpoint
N_LP.260	0.0	0.10241666389786992	0.2931011012151289	1.490844320532102	0.46335066629673793	0.5492579943848932	0.5366493337032621	0.5492579943848932	0.5714285714285714	baseline
N_LP.261	0.0	0.4716631919461593	0.8888272800811751	1.6436759077846157	0.6374510324634344	0.5689796564895226	0.6374510324634344	0.5689796564895226	0.7142857142857143	endpoint
N_LP.262	0.0	0.2850824279472262	0.09795637139995733	1.3312789214010203	0.4188975876253682	0.4196442901468089	0.5811024123746318	0.5803557098531911	0.5714285714285714	baseline
N_LP.263	0.0	0.41042748423852776	0.9749565542140081	1.3213796550970534	0.3560458890612862	0.2688764623130748	0.6439541109387138	0.7311235376869252	0.7142857142857143	baseline
N_LP.264	0.0	0.039488779603578626	0.1776500980576321	1.3476755382873513	0.49169005037830243	0.37331988739269867	0.5083099496216976	0.6266801126073014	0.5714285714285714	baseline
N_LP.265	0.0	0.31099406421442116	0.48818667650090203	1.4372113582682673	0.5988572924405242	0.6138030543274909	0.5988572924405242	0.6138030543274909	0.5714285714285714	endpoint
N_LP.266	0.0	0.4755145592749926	0.3685686509435491	1.5970803256056345	0.5617666227436702	0.5568572609562477	0.5617666227436702	0.5568572609562477	0.7142857142857143	endpoint
N_LP.268	0.0	0.03692511673998674	0.26497668355692106	1.7377417620176228	0.5021003898606547	0.4667361507179902	0.5021003898606547	0.5332638492820099	0.5714285714285714	baseline
N_LP.269	0.0	0.48520105269813757	0.7271103237456465	1.552180658795691	0.28806620300714647	0.20839950572195412	0.7119337969928535	0.7916004942780459	0.8571428571428571	baseline
N_LP.27	0.0	0.640066701306251	0.7588003581012922	1.5890588318371868	0.6665701027411883	0.693678858921092	0.6665701027411883	0.693678858921092	0.5714285714285714	endpoint
N_LP.270	0.0	0.12450661315445358	0.1609501266893759	1.365046599085772	0.46897170615485706	0.5392745874493272	0.5310282938451429	0.5392745874493272	0.5714285714285714	endpoint
N_LP.271	0.0	0.7563647226484794	0.9384831930509661	1.5266289987202173	0.24272637195101596	0.2749044877306496	0.757273628048984	0.7250955122693503	0.8571428571428571	baseline
N_LP.272	0.0	0.8402462242408913	1.203984431375673	1.7976150921639473	0.24475391131672977	0.08957547983056494	0.7552460886832703	0.9104245201694351	0.7142857142857143	baseline
N_LP.273	0.0	0.18894666632811843	0.027504983896470037	1.3488135474196181	0.5146115887249071	0.47141760509424585	0.5146115887249071	0.5285823949057542	0.5714285714285714	endpoint
N_LP.274	0.0	0.048957012727649074	0.1819508073048036	1.3224511993319052	0.50341111223695	0.5261523226600463	0.50341111223695	0.5261523226600463	0.5714285714285714	baseline
N_LP.275	0.0	0.10287683396104273	0.3240710937340015	1.6925399304012332	0.5497572080740646	0.5289432956694768	0.5497572080740646	0.5289432956694768	0.5714285714285714	endpoint
N_LP.276	0.0	0.6007491102723107	0.8198795167694344	1.834310148077175	0.6117003182021888	0.565282143259347	0.6117003182021888	0.565282143259347	0.8571428571428571	endpoint
N_LP.277	0.0	0.09212452422621058	0.1658338175852632	0.6156862412140958	0.49276815044636796	0.5131239930239635	0.5072318495536321	0.5131239930239635	0.5714285714285714	endpoint
N_LP.278	0.0	0.2982376017081574	0.08132694114798683	1.7537596045136676	0.42354261073836424	0.413787698117563	0.5764573892616358	0.586212301882437	0.5714285714285714	baseline
N_LP.279	0.14285714285714285	1.366160145579992	1.1828716510582826	2.102979529239734	0.08878512266955581	0.06508034797180902	0.9112148773304442	0.9349196520281909	1.0	baseline
N_LP.28	0.14285714285714285	0.9706701218469879	1.1729029915307914	2.0259852455732243	0.22422268268970585	0.07892395607882177	0.7757773173102942	0.9210760439211783	0.8571428571428571	baseline
N_LP.280	0.0	0.3869538129727621	0.680321837150597	1.7949527247786587	0.6047057215213024	0.5339236266286318	0.6047057215213024	0.5339236266286318	0.5714285714285714	endpoint
N_LP.281	0.0	0.551138124894794	1.0590582572526617	1.3308068584772752	0.30389769039073045	0.2642964524199895	0.6961023096092696	0.7357035475800104	0.7142857142857143	baseline
N_LP.282	0.0	0.12575794696243167	0.3634635950894223	1.691544022212026	0.44315508215218796	0.5557560156903034	0.5568449178478121	0.5557560156903034	0.5714285714285714	endpoint
N_LP.283	0.0	0.3104274920717753	0.6354146013284104	1.229253494408149	0.3644387125293835	0.27086134398986833	0.6355612874706165	0.7291386560101316	0.7142857142857143	baseline
N_LP.284	0.0	0.16547740631957245	0.4164567732972438	1.0984303846813286	0.4312724583526757	0.3422865530059663	0.5687275416473243	0.6577134469940338	0.7142857142857143	baseline
N_LP.285	0.0	0.6194042484336926	0.7790805087493115	1.6116327881072856	0.29299774724818095	0.20086059669861936	0.707002252751819	0.7991394033013807	0.7142857142857143	baseline
N_LP.286	0.0	0.9659965088657463	1.107501058178805	1.547973478061264	0.20794005953025732	0.14342731878567036	0.7920599404697427	0.8565726812143296	0.8571428571428571	baseline
N_LP.287	0.0	0.7586347812814814	0.4059865119132754	1.6134001322979643	0.25700640631376137	0.37005671083510633	0.7429935936862386	0.6299432891648937	1.0	baseline
N_LP.288	0.0	0.8103312063579688	0.8399800488434259	1.6761353783382753	0.7351426338259718	0.8858742382863267	0.7351426338259718	0.8858742382863267	0.5714285714285714	endpoint
N_LP.289	0.0	0.8445879025310664	1.138160896588778	1.5480659544922495	0.1982010642918643	0.07538954958838004	0.8017989357081357	0.9246104504116199	0.8571428571428571	baseline
N_LP.29	0.0	0.21365734734864736	0.6495203648393255	1.2905772721503692	0.39802910614984405	0.32691317409884596	0.601970893850156	0.673086825901154	0.5714285714285714	baseline
N_LP.290	0.0	0.22528747003483884	0.18488434733412704	1.0383578939998472	0.5216662822704368	0.4544903497340596	0.5216662822704368	0.5455096502659404	0.5714285714285714	endpoint
N_LP.291	0.0	0.31298837886168435	0.05857984904223461	1.5522923191590308	0.5591784766682014	0.4647142409960911	0.5591784766682014	0.5352857590039088	0.5714285714285714	endpoint
N_LP.293	0.14285714285714285	1.1474922632653293	1.1273929464537853	2.5383973074040247	0.785664096138147	0.8655452158824913	0.785664096138147	0.8655452158824913	0.8571428571428571	endpoint
N_LP.294	0.0	0.7787517319250323	0.9784389914172432	1.9687200644040979	0.2806089501557957	0.12521276503606665	0.7193910498442043	0.8747872349639334	0.8571428571428571	baseline
N_LP.295	0.0	0.015958100209758092	0.09600821847830136	1.5293908397960156	0.47560524543931	0.4980614525434121	0.52439475456069	0.5019385474565878	0.5714285714285714	baseline
N_LP.296	0.0	0.1509897378971683	0.7461337185756955	1.6127069899072355	0.465319515716364	0.31639746140722896	0.534680484283636	0.6836025385927711	0.5714285714285714	baseline
N_LP.297	0.0	0.9931750264217735	0.9655560276858046	1.6778757857574929	0.7447602657429663	0.6873628529129876	0.7447602657429663	0.6873628529129876	1.0	endpoint
N_LP.298	0.0	0.3505473745476336	0.38374593305031485	1.2780785075490928	0.5780474441330951	0.5888388915857484	0.5780474441330951	0.5888388915857484	0.7142857142857143	endpoint
N_LP.299	0.14285714285714285	0.2402990132167148	0.3837832822872264	2.2650404667503503	0.35001542860171825	0.39456246370645526	0.6499845713982817	0.6054375362935447	0.5714285714285714	baseline
N_LP.3	0.0	0.3751383482350302	1.0854300953676996	1.3673234306327653	0.3987599723330355	0.2602643028240675	0.6012400276669645	0.7397356971759326	0.5714285714285714	baseline
N_LP.30	0.0	0.20702459714759072	0.5147503326859963	1.5380156341061404	0.5838058297559476	0.6209767908582352	0.5838058297559476	0.6209767908582352	0.5714285714285714	endpoint
N_LP.300	0.0	0.018789445653132945	0.19642245424650198	1.1385842901890724	0.4576125475504232	0.430799188689569	0.5423874524495769	0.569200811310431	0.7142857142857143	baseline
N_LP.302	0.0	0.2125385286248495	0.5502662502169825	1.1410509516618539	0.5499677670315575	0.6250958289455473	0.5499677670315575	0.6250958289455473	0.5714285714285714	endpoint
N_LP.303	0.0	0.7770489399975887	1.372357931696395	1.5194251165622703	0.7113067933928133	0.8997170843260853	0.7113067933928133	0.8997170843260853	0.7142857142857143	endpoint
N_LP.304	0.0	0.025363873727236284	0.40427269124093046	1.9824230088201131	0.4133966518330641	0.44789452909798655	0.5866033481669359	0.5521054709020135	0.5714285714285714	baseline
N_LP.305	0.14285714285714285	0.7151098345887265	1.1193833029530977	2.6072320531330324	0.6471365382334457	0.7842629588568786	0.6471365382334457	0.7842629588568786	0.5714285714285714	endpoint
N_LP.306	0.0	0.4022931123765982	0.4957378049865609	1.4382607721130591	0.567077550155896	0.5842897578506332	0.567077550155896	0.5842897578506332	0.5714285714285714	endpoint
N_LP.307	0.0	1.3336124522582418	1.2983447718384005	1.6564136753302976	0.08446683584125103	0.0257038655368255	0.915533164158749	0.9742961344631745	1.0	baseline
N_LP.308	0.0	0.5096425203434175	1.2306923627161697	1.5400443675516013	0.35678403066271164	0.23805427749186067	0.6432159693372883	0.7619457225081393	0.5714285714285714	baseline
N_LP.309	0.0	0.2936836838237003	0.6231949708067193	1.4213472451176925	0.4113891662278618	0.31366518673367777	0.5886108337721382	0.6863348132663223	0.7142857142857143	baseline
N_LP.31	0.0	0.592492710071209	0.749156741474809	1.7936587743226053	0.27405820964088085	0.16729301134469515	0.7259417903591192	0.8327069886553049	0.7142857142857143	baseline
N_LP.311	0.14285714285714285	0.2473142279047364	0.6466787838641755	2.224043701194233	0.39608213680895854	0.22783700993213055	0.6039178631910415	0.7721629900678695	0.5714285714285714	baseline
N_LP.312	0.0	0.8305062030736468	0.8866085111010132	1.611278515317007	0.2201184978548902	0.1525341658853888	0.7798815021451098	0.8474658341146112	1.0	baseline
N_LP.313	0.0	0.6260297607556478	1.1073977870885923	1.6345632664706082	0.6624971278854339	0.7162349664643407	0.6624971278854339	0.7162349664643407	0.5714285714285714	endpoint
N_LP.314	0.0	0.8906297593301012	1.2795886532923297	1.6324162866628649	0.7091511854349097	0.7759343217705925	0.7091511854349097	0.7759343217705925	0.8571428571428571	endpoint
N_LP.315	0.0	0.996650953645713	1.129487845681694	1.7927746945679794	0.741988940757899	0.8345366575144253	0.741988940757899	0.8345366575144253	0.8571428571428571	endpoint
N_LP.316	0.0	1.0815067201892217	1.4550076167637218	1.664219872942533	0.7829114961061994	0.8975723827802855	0.7829114961061994	0.8975723827802855	0.8571428571428571	endpoint
N_LP.317	0.0	0.029324703087768977	0.16207294666512936	1.263685279137574	0.4658000868030407	0.4381950288105927	0.5341999131969593	0.5618049711894073	0.5714285714285714	endpoint
N_LP.318	0.0	0.6629973887644768	0.9003633966718961	1.6871217490971362	0.6279725293975702	0.700864975151149	0.6279725293975702	0.700864975151149	0.8571428571428571	endpoint
N_LP.319	0.0	0.3287454587916589	0.3816089796717872	1.2759446775223007	0.3626446328647928	0.3254523771248252	0.6373553671352072	0.6745476228751748	0.7142857142857143	baseline
N_LP.32	0.0	0.0952762820498564	0.17785890622634526	1.4036059342524378	0.45812437317567134	0.51395452504391	0.5418756268243287	0.51395452504391	0.5714285714285714	baseline
N_LP.320	0.0	0.5719692094187477	0.6418669411186239	1.3836160314685937	0.6573032567534346	0.6158122375218137	0.6573032567534346	0.6158122375218137	0.7142857142857143	endpoint
N_LP.321	0.0	0.631554921476637	0.9403171807028614	1.2965538265647536	0.2902614369391876	0.23706371089676187	0.7097385630608124	0.7629362891032381	0.7142857142857143	baseline
N_LP.322	0.0	0.038169702781969676	0.3173878502286915	1.2552471762885882	0.464930026688167	0.5268702934729264	0.5350699733118329	0.5268702934729264	0.5714285714285714	baseline
N_LP.324	0.0	0.048226342325940634	0.12618738437483257	1.914217256897968	0.45185817214206114	0.417679046719843	0.5481418278579389	0.582320953280157	0.7142857142857143	endpoint
N_LP.325	0.0	0.3718149846297133	0.23668789122436606	1.673797170969138	0.5773844018805848	0.5219656781387357	0.5773844018805848	0.5219656781387357	0.5714285714285714	endpoint
N_LP.326	0.0	0.7727000192234511	0.9077344970913066	1.9356144169163803	0.23907301082613805	0.14558621792073723	0.7609269891738619	0.8544137820792628	0.8571428571428571	baseline
N_LP.327	0.0	0.07340059650406396	0.5430010334961608	1.815731344742869	0.5134084941504572	0.34319955796635165	0.5134084941504572	0.6568004420336484	0.5714285714285714	endpoint
N_LP.328	0.0	0.3312427701825761	0.17505855105565685	1.1574941476651828	0.37634282864812396	0.41978368723322057	0.623657171351876	0.5802163127667794	0.8571428571428571	baseline
N_LP.329	0.0	0.1620145443662129	0.440069888126512	1.4818979776955015	0.4296260264817557	0.2993925003583701	0.5703739735182443	0.7006074996416298	0.7142857142857143	baseline
N_LP.33	0.0	0.37159560456449675	0.3313246629892716	1.1922308446954446	0.559368872825751	0.5603975626857322	0.559368872825751	0.5603975626857322	0.8571428571428571	endpoint
N_LP.330	0.0	0.7742941715638667	0.48850788722680427	1.733288752922548	0.6951241766953895	0.5827301446096416	0.6951241766953895	0.5827301446096416	0.7142857142857143	endpoint
N_LP.331	0.0	0.1016896452269737	0.017622218061527077	1.2162683405342685	0.500419290977957	0.45260658568465545	0.500419290977957	0.5473934143153445	0.5714285714285714	endpoint
N_LP.332	0.0	0.6296360321220369	0.9901142128534922	1.3721663364720458	0.6457435863945988	0.6983784229401988	0.6457435863945988	0.6983784229401988	0.8571428571428571	endpoint
N_LP.334	0.0	1.2110102873239263	1.3070922033735446	1.9605023101088936	0.15000575929963622	0.12897304472001556	0.8499942407003638	0.8710269552799844	1.0	baseline
N_LP.335	0.0	0.2845246052682138	0.3694878019149824	1.0944266626169077	0.390799759889738	0.40968842979333625	0.6092002401102621	0.5903115702066637	0.7142857142857143	baseline
N_LP.336	0.0	0.9198893673334477	1.225502409780636	1.7105276227532349	0.23628126451857984	0.10836169219572102	0.7637187354814201	0.891638307804279	0.8571428571428571	baseline
N_LP.337	0.0	0.3552333759499064	0.28281690356328365	1.4713073465386977	0.31338477491264155	0.3511101127118706	0.6866152250873585	0.6488898872881295	0.7142857142857143	baseline
N_LP.338	0.0	0.12992363358663975	0.09711738721066838	1.249816743038882	0.510191782845027	0.5081915365798793	0.510191782845027	0.5081915365798793	0.5714285714285714	endpoint
N_LP.339	0.0	0.029134430310810804	0.4578914919992469	1.5024389482135647	0.4717463644694963	0.5761256800811351	0.5282536355305036	0.5761256800811351	0.5714285714285714	baseline
N_LP.34	0.0	0.2180282199568207	0.006721228468678345	1.437038151172374	0.5152515094636699	0.4263384437015125	0.5152515094636699	0.5736615562984875	0.7142857142857143	endpoint
N_LP.340	0.0	0.30133380053140135	0.3495282389091236	1.1612165654827744	0.373269853324821	0.3607613330526261	0.626730146675179	0.639238666947374	0.7142857142857143	baseline
N_LP.341	0.0	0.4173186286047896	0.6631276833300045	1.5186746396252389	0.6002970253340953	0.6771942668574769	0.6002970253340953	0.6771942668574769	0.5714285714285714	endpoint
N_LP.342	0.0	0.3948095870888842	0.38672843929630635	1.1885338085999266	0.3427782109665852	0.3801109425516528	0.6572217890334149	0.6198890574483472	0.8571428571428571	baseline
N_LP.343	0.0	0.6373776388574826	0.8193407421329116	1.5228255246392715	0.2754821262545339	0.3006054915581467	0.7245178737454661	0.6993945084418534	0.8571428571428571	baseline
N_LP.344	0.0	0.36467944218698467	1.1960221432289864	1.3384034090162376	0.35385010454049975	0.21934906232810017	0.6461498954595002	0.7806509376718999	0.7142857142857143	baseline
N_LP.345	0.0	0.7411689490924492	0.7929327272674535	1.381856192748701	0.2196617937179667	0.15100424543449437	0.7803382062820333	0.8489957545655056	1.0	baseline
N_LP.346	0.0	0.030058205667912365	0.42275713675372667	1.4213296411480594	0.4671429800318131	0.3556486488277203	0.5328570199681869	0.6443513511722797	0.5714285714285714	endpoint
N_LP.347	0.0	0.7324685845309328	1.1374008693614106	1.6496787419485046	0.7426604300705827	0.9378608919561371	0.7426604300705827	0.9378608919561371	0.7142857142857143	endpoint
N_LP.348	0.0	0.43307893149622273	0.5900293303347731	1.189797071464894	0.5845375984517682	0.6381731741496773	0.5845375984517682	0.6381731741496773	0.7142857142857143	endpoint
N_LP.349	0.0	1.0062824940686335	1.173082672467042	1.4939830415918864	0.1721250221899078	0.06431408199856643	0.8278749778100922	0.9356859180014335	0.8571428571428571	baseline
N_LP.35	0.0	0.3967335735831007	1.0596343421414514	1.2157397035836672	0.3491405303891982	0.24334563216516117	0.6508594696108019	0.7566543678348389	0.5714285714285714	baseline
N_LP.350	0.0	0.5929187414631097	1.134098411670848	1.6973213000370468	0.6062448716246196	0.6527289412109605	0.6062448716246196	0.6527289412109605	0.7142857142857143	endpoint
N_LP.351	0.0	0.920785117645272	1.2315989187030008	1.3523647313680238	0.1999740129180619	0.18553211642766265	0.8000259870819381	0.8144678835723373	1.0	baseline
N_LP.352	0.0	0.45341420697711976	0.6705064066562496	1.3672344075268552	0.6591668826908302	0.7758573457089302	0.6591668826908302	0.7758573457089302	0.7142857142857143	endpoint
N_LP.353	0.0	0.2828283375989842	0.3437290263059872	1.809365851526288	0.5310267374640197	0.5514989417092929	0.5310267374640197	0.5514989417092929	0.5714285714285714	endpoint
N_LP.354	0.0	0.2913133761731573	0.576410829358986	1.301361922011924	0.5353303657107791	0.5143531981029449	0.5353303657107791	0.5143531981029449	0.5714285714285714	endpoint
N_LP.355	0.0	0.5542203821820816	0.6207799670589969	1.1594375662425034	0.6369425761390463	0.6201038260128464	0.6369425761390463	0.6201038260128464	0.8571428571428571	endpoint
N_LP.356	0.0	0.4296165610938374	0.6287697157389041	1.571706597735662	0.3378657143038421	0.25425162733777007	0.6621342856961578	0.7457483726622299	0.8571428571428571	baseline
N_LP.357	0.0	0.0879808354159622	0.6243316877668099	1.3317315580880178	0.4601632120712201	0.5849203937121392	0.53983678792878	0.5849203937121392	0.5714285714285714	endpoint
N_LP.358	0.0	0.051792665657689634	0.29299234852275696	1.4561747817982758	0.49449328390276825	0.47101963492863635	0.5055067160972317	0.5289803650713636	0.5714285714285714	endpoint
N_LP.359	0.14285714285714285	0.06575133691465461	0.18020570360455943	2.404058732037881	0.4004801528532194	0.4384775257905352	0.5995198471467806	0.5615224742094648	0.5714285714285714	baseline
N_LP.36	0.0	0.227753740594367	0.591856783029885	1.1207403878872921	0.5419441502946691	0.5636001047813181	0.5419441502946691	0.5636001047813181	0.5714285714285714	endpoint
N_LP.360	0.0	0.11014195214714764	0.4739618309911605	1.9351931392865669	0.5164436786093619	0.6000007098586766	0.5164436786093619	0.6000007098586766	0.5714285714285714	endpoint
N_LP.361	0.0	0.17223924159871015	0.047243328085672776	1.3947532004998775	0.5370385450743039	0.46920572341810357	0.5370385450743039	0.5307942765818965	0.5714285714285714	endpoint
N_LP.362	0.0	0.6108457686715398	0.9990235993534216	1.358708845026635	0.3064430514308452	0.18656895125132666	0.6935569485691548	0.8134310487486733	0.8571428571428571	baseline
N_LP.364	0.0	0.5298971260120406	0.3632716920739349	1.4388693030195379	0.3033307705476179	0.3706794624094825	0.6966692294523821	0.6293205375905175	0.8571428571428571	baseline
N_LP.365	0.0	0.6392004490711439	0.9827362341526578	1.6820474185702057	0.2994079276149981	0.1510296570330621	0.7005920723850019	0.848970342966938	0.8571428571428571	baseline
N_LP.366	0.0	0.8500824077710831	0.9120699374018763	1.3637750577424865	0.22876659253442616	0.21770646052765036	0.7712334074655738	0.7822935394723496	0.8571428571428571	baseline
N_LP.367	0.14285714285714285	0.8855843566394644	1.0378859334942707	2.5769603934094056	0.6998479885836412	0.7503537125692474	0.6998479885836412	0.7503537125692474	0.7142857142857143	endpoint
N_LP.368	0.0	0.5480153218772733	0.9447787054351952	1.567302850065337	0.673855241949305	0.8337828120163101	0.673855241949305	0.8337828120163101	0.5714285714285714	endpoint
N_LP.369	0.0	0.5955280439455717	0.5565638597998628	1.7645705455659622	0.3413642569849456	0.2610797771674181	0.6586357430150545	0.738920222832582	0.8571428571428571	baseline
N_LP.37	0.0	0.8733756351160983	1.19827758191169	1.7045160896609348	0.18577422235633448	0.04814179417747667	0.8142257776436655	0.9518582058225233	0.8571428571428571	baseline
N_LP.370	0.0	0.18704936959081628	0.2186418800634536	1.675505089772352	0.41639880471903506	0.3755831978143665	0.583601195280965	0.6244168021856336	0.7142857142857143	baseline
N_LP.371	0.0	0.5902921968222163	0.5320094750924736	1.4859615905871926	0.6437526141747805	0.6256377659705444	0.6437526141747805	0.6256377659705444	0.7142857142857143	endpoint
N_LP.372	0.0	0.80710481813055	1.0367309635378343	1.689757716454091	0.7091192250267813	0.7850851196865996	0.7091192250267813	0.7850851196865996	0.7142857142857143	endpoint
N_LP.373	0.0	0.038548828604296634	0.6083128201794729	1.488346563051076	0.5027839324972683	0.6609117480670864	0.5027839324972683	0.6609117480670864	0.5714285714285714	baseline
N_LP.374	0.0	0.7605450740877492	1.285664555688608	1.4701424673116443	0.23234416118071316	0.09544099935725525	0.7676558388192869	0.9045590006427447	0.8571428571428571	baseline
N_LP.375	0.0	0.41585671649775036	0.6740240201221663	1.435739904959869	0.29937430516091046	0.21935509022009733	0.7006256948390895	0.7806449097799026	0.8571428571428571	baseline
N_LP.376	0.0	0.18068366976344213	0.22924731392869488	1.1609546845852265	0.42256747679211193	0.36872816478479514	0.5774325232078881	0.6312718352152049	0.7142857142857143	baseline
N_LP.377	0.0	0.683163700298233	0.5703212551756012	1.7186558314684672	0.2722248594791373	0.3894450683089205	0.7277751405208627	0.6105549316910794	1.0	baseline
N_LP.378	0.0	0.8400094365639935	1.1198000160180348	1.5284800197498378	0.7595032118381081	0.8468916355610575	0.7595032118381081	0.8468916355610575	0.7142857142857143	endpoint
N_LP.379	0.0	0.05816728411738154	0.3915550415633235	1.6240721084560568	0.4563689315315625	0.36635505029541265	0.5436310684684376	0.6336449497045873	0.5714285714285714	endpoint
N_LP.38	0.0	0.430205064234069	0.38861207217011023	1.5412667622033478	0.5515181620524671	0.5671895175901137	0.5515181620524671	0.5671895175901137	0.7142857142857143	endpoint
N_LP.380	0.0	1.3807450428936854	1.4533761155928246	1.8123181111914812	0.851853163927078	0.8682979784994861	0.851853163927078	0.8682979784994861	1.0	endpoint
N_LP.381	0.0	0.6271315870778252	0.9983991272250009	1.5601853331571354	0.2582572679302066	0.09436660763542223	0.7417427320697934	0.9056333923645777	0.7142857142857143	baseline
N_LP.382	0.0	0.4826343159186472	0.7164505553919358	1.5778186030971828	0.5848978057560357	0.637739440841145	0.5848978057560357	0.637739440841145	0.7142857142857143	endpoint
N_LP.383	0.0	0.09711658831406159	0.19691936243971747	0.9908706257911114	0.4782291906842386	0.45633045587619653	0.5217708093157614	0.5436695441238035	0.5714285714285714	endpoint
N_LP.384	0.0	0.30477157447693326	0.4487409766244353	1.4746651158246482	0.5589052051161912	0.5917060350518024	0.5589052051161912	0.5917060350518024	0.5714285714285714	endpoint
N_LP.385	0.0	0.5150697345747218	0.9409263691009246	1.408604181482796	0.6458648883956369	0.5700861803799613	0.6458648883956369	0.5700861803799613	0.7142857142857143	endpoint
N_LP.386	0.0	0.28168002552475674	0.401389433969886	0.9110572857835968	0.3943841466156505	0.3398001806383469	0.6056158533843494	0.6601998193616532	0.7142857142857143	baseline
N_LP.387	0.0	0.30220213754518976	0.5022633047222383	1.4003590109730377	0.3958932977480361	0.31893777332998613	0.604106702251964	0.6810622266700139	0.7142857142857143	baseline
N_LP.388	0.0	0.21068336956398928	0.2982370256089432	1.3508570597671505	0.5579491041757177	0.5422080556149812	0.5579491041757177	0.5422080556149812	0.5714285714285714	endpoint
N_LP.389	0.0	0.16735535687373773	0.24905021126393206	1.4563227087283819	0.5005934104109235	0.3881434744242933	0.5005934104109235	0.6118565255757067	0.5714285714285714	endpoint
N_LP.39	0.0	0.3258374232829656	0.3463323573744857	1.5781231527081614	0.5435675921063537	0.5478002683349457	0.5435675921063537	0.5478002683349457	0.7142857142857143	endpoint
N_LP.390	0.0	0.5583860180262022	0.6715839143749901	1.767880193515607	0.2777034265010579	0.29515839249667025	0.7222965734989422	0.7048416075033297	0.8571428571428571	baseline
N_LP.391	0.0	0.4046508834800058	0.04062264655226256	1.4753789203717722	0.5872233808013758	0.4611648988496523	0.5872233808013758	0.5388351011503477	0.5714285714285714	endpoint
N_LP.392	0.0	0.6021646057369845	0.9082813601872487	1.529423932149625	0.28893148290840587	0.14742876366782462	0.7110685170915941	0.8525712363321754	0.8571428571428571	baseline
N_LP.393	0.0	0.8902209292456035	1.0313065438964897	1.3654153658533816	0.215902578766745	0.17457286008264083	0.784097421233255	0.8254271399173592	0.8571428571428571	baseline
N_LP.394	0.14285714285714285	0.39923887771922023	0.8183370018108432	2.036006032976585	0.3951859663334186	0.3008220150026496	0.6048140336665814	0.6991779849973504	0.7142857142857143	baseline
N_LP.395	0.0	0.7518008858704814	0.9892715325398108	1.7732981292105083	0.29546238073844594	0.19547331691348535	0.704537619261554	0.8045266830865146	0.7142857142857143	baseline
N_LP.396	0.0	0.0873935416192899	0.35134947866234373	1.9775856709762731	0.4814642884231021	0.3194419765778474	0.5185357115768978	0.6805580234221527	0.5714285714285714	baseline
N_LP.397	0.0	0.41529063446635295	0.8678600498480408	1.576711611132323	0.3670251303616528	0.271653555458158	0.6329748696383473	0.7283464445418419	0.7142857142857143	baseline
N_LP.398	0.0	0.41315753808729394	0.8291627503302882	1.7482384344351496	0.6088413591132886	0.7058864821468958	0.6088413591132886	0.7058864821468958	0.5714285714285714	endpoint
N_LP.399	0.0	0.13513825451164646	0.37560352848031836	1.3394792495795802	0.5383750599370823	0.5833990377992752	0.5383750599370823	0.5833990377992752	0.7142857142857143	endpoint
N_LP.4	0.0	0.18462461682575207	0.32598820478168755	1.2653251159266952	0.4035668621824949	0.4754508410182265	0.5964331378175052	0.5245491589817735	0.5714285714285714	baseline
N_LP.40	0.0	0.31889686242423804	0.8277643295997898	1.704874954935166	0.4049653874053738	0.29878838395242524	0.5950346125946262	0.7012116160475748	0.7142857142857143	baseline
N_LP.400	0.0	0.5281477535560891	0.7260256327301726	1.5613430811642224	0.6116988420562073	0.6649454383481348	0.6116988420562073	0.6649454383481348	0.7142857142857143	endpoint
N_LP.401	0.0	0.2341764520806142	0.5533101198059932	1.3650461333391932	0.5072649687584129	0.572854692990789	0.5072649687584129	0.572854692990789	0.5714285714285714	endpoint
N_LP.402	0.0	0.20551815354881656	0.4258764627353444	1.4433522217569021	0.524460727989951	0.5476830668008021	0.524460727989951	0.5476830668008021	0.5714285714285714	endpoint
N_LP.404	0.0	0.4131692887968573	0.10446527007964182	1.5407836308644536	0.34654321093789014	0.42224074296706127	0.6534567890621099	0.5777592570329387	0.7142857142857143	baseline
N_LP.405	0.0	0.33408289686959913	0.4724241694721711	1.8285792263776235	0.5309066272339729	0.4984540496698741	0.5309066272339729	0.5015459503301258	0.5714285714285714	endpoint
N_LP.406	0.0	0.7712616748438624	1.197070502715847	1.378617193939929	0.27372073456145507	0.22808719409147657	0.7262792654385449	0.7719128059085234	0.8571428571428571	baseline
N_LP.407	0.0	0.15151977802210642	0.18240653058782194	1.5853817051613461	0.5003872201453661	0.45411150136752554	0.5003872201453661	0.5458884986324745	0.5714285714285714	endpoint
N_LP.408	0.0	0.33173609594171916	0.4716687737686312	1.6070663577993989	0.333754806975531	0.28212145057208865	0.666245193024469	0.7178785494279114	0.5714285714285714	baseline
N_LP.409	0.0	0.008276918745019504	0.061555779933910766	1.3657263520787013	0.4863031050886903	0.41681063035886123	0.5136968949113097	0.5831893696411388	0.5714285714285714	baseline
N_LP.41	0.0	1.1045433451448665	1.1977111319629592	1.7471541797517551	0.15197520716074076	0.1585123137981316	0.8480247928392592	0.8414876862018684	1.0	baseline
N_LP.410	0.0	0.565143272022618	0.5280220628114146	1.814864597663523	0.3423907614533883	0.2704666488800332	0.6576092385466117	0.7295333511199669	0.8571428571428571	baseline
N_LP.411	0.0	0.7834082722715027	1.0786130469935193	1.5263490892672822	0.25753918019248057	0.24610666806485684	0.7424608198075194	0.7538933319351432	0.8571428571428571	baseline
N_LP.412	0.0	0.451459768492593	0.6001113284872778	1.6938317257309468	0.3100852287317767	0.2422812595255169	0.6899147712682233	0.7577187404744831	0.5714285714285714	baseline
N_LP.413	0.0	0.2505414556519341	0.2851949319771117	1.1079358515764568	0.5426061477244122	0.5116579952506468	0.5426061477244122	0.5116579952506468	0.5714285714285714	endpoint
N_LP.414	0.0	0.16455675849655416	0.4221887582829596	1.6410603794934286	0.4632722955217933	0.36167127634102014	0.5367277044782067	0.6383287236589799	0.5714285714285714	baseline
N_LP.415	0.0	0.1274676748424553	0.10693945370253523	1.6622449501444674	0.453342569394399	0.4089529689151059	0.546657430605601	0.5910470310848941	0.7142857142857143	baseline
N_LP.416	0.0	0.012517584531038604	0.3521439977485389	1.2662433733923781	0.4331352517784154	0.31919553339354995	0.5668647482215846	0.6808044666064501	0.5714285714285714	endpoint
N_LP.417	0.0	0.352528118614191	0.23374221329374942	1.636697076107419	0.40319769187485355	0.36724987511305657	0.5968023081251465	0.6327501248869434	0.5714285714285714	baseline
N_LP.418	0.0	0.08322041803268246	0.5578080699559244	1.3608850969185537	0.46090601360875744	0.357022429071539	0.5390939863912425	0.642977570928461	0.7142857142857143	baseline
N_LP.419	0.14285714285714285	0.9387030370320788	1.0663763147866092	2.498715260215135	0.7068209837610832	0.7840029783374981	0.7068209837610832	0.7840029783374981	0.7142857142857143	endpoint
N_LP.42	0.0	0.5665591378924452	1.1460084709559537	1.8877365042668857	0.3527795435001208	0.13759483062660985	0.6472204564998791	0.8624051693733902	0.5714285714285714	baseline
N_LP.420	0.0	0.8153064055967184	1.0142043296288206	1.6198128131764895	0.7143396524382979	0.8234284514104264	0.7143396524382979	0.8234284514104264	0.7142857142857143	endpoint
N_LP.421	0.0	1.00223026570975	0.9682598389241367	1.6726458957224504	0.1913725226752372	0.2345400159773722	0.8086274773247628	0.7654599840226278	1.0	baseline
N_LP.422	0.0	0.5565222123932276	0.8693925522577572	1.6580526519735275	0.2672056838589251	0.24166553829846982	0.7327943161410748	0.7583344617015302	0.8571428571428571	baseline
N_LP.423	0.0	0.20015640319432038	0.06017341267085903	1.285232655823167	0.40465491526729197	0.4643704828762686	0.595345084732708	0.5356295171237314	0.5714285714285714	baseline
N_LP.426	0.0	0.23695608093923523	0.39306775330266897	1.3423271227347127	0.5182467514322603	0.5527794969982427	0.5182467514322603	0.5527794969982427	0.7142857142857143	endpoint
N_LP.427	0.0	0.6489943721371922	0.5289039006221075	1.995788107486349	0.6044571861256333	0.6294179946798074	0.6044571861256333	0.6294179946798074	0.8571428571428571	endpoint
N_LP.428	0.0	0.2852849174283557	0.4130914811299631	1.4773340305108376	0.6002507217881907	0.38596648364110314	0.6002507217881907	0.6140335163588968	0.5714285714285714	endpoint
N_LP.429	0.0	0.03344019689433432	0.2687685617822378	1.3152310762676362	0.45662602910368577	0.4673159138800156	0.5433739708963142	0.5326840861199844	0.5714285714285714	baseline
N_LP.43	0.0	0.39158151106946637	0.5861882612327516	1.6941902584535313	0.3493973997462225	0.32365915678447155	0.6506026002537775	0.6763408432155285	0.7142857142857143	baseline
N_LP.430	0.0	0.9548741600775122	1.1210578831597553	1.5614876971158433	0.7722132790773556	0.8631879791200447	0.7722132790773556	0.8631879791200447	0.8571428571428571	endpoint
N_LP.431	0.0	0.12427813177274759	0.31682368138976535	1.5353295662804052	0.42906518772494123	0.39640330439140037	0.5709348122750588	0.6035966956085996	0.7142857142857143	baseline
N_LP.432	0.0	0.4270380455868687	0.5135322159673907	1.8234392517865599	0.35842026943301025	0.26913628737038253	0.6415797305669897	0.7308637126296175	0.7142857142857143	baseline
N_LP.433	0.0	0.304939806910912	0.5551363408787248	1.5207064092639606	0.5032939792147546	0.5971030077590325	0.5032939792147546	0.5971030077590325	0.5714285714285714	endpoint
N_LP.434	0.0	0.05337403155661658	0.002531618353295576	1.3987442795879945	0.494362269339379	0.4826478621469368	0.505637730660621	0.5173521378530632	0.5714285714285714	baseline
N_LP.435	0.0	0.378745501107704	0.03755653132942779	1.1850912259587159	0.3530137460345659	0.44841538259729974	0.6469862539654341	0.5515846174027003	0.8571428571428571	baseline
N_LP.436	0.0	0.06265138128545146	0.03381125023756593	1.1087587565417643	0.4799923473954911	0.43346851923329	0.5200076526045089	0.56653148076671	0.5714285714285714	endpoint
N_LP.437	0.0	0.20732830138276714	0.012825138377449589	1.2822824402985769	0.5380179090678463	0.47735469729172086	0.5380179090678463	0.5226453027082791	0.5714285714285714	endpoint
N_LP.438	0.0	0.43537722774009374	0.6221580258357974	1.3153080460946762	0.3643355308553776	0.31394522235702876	0.6356644691446224	0.6860547776429713	0.8571428571428571	baseline
N_LP.439	0.0	0.44891038879121126	0.370992037890448	1.633247103422125	0.3293819078038181	0.31334926599601975	0.670618092196182	0.6866507340039802	0.8571428571428571	baseline
N_LP.44	0.0	0.768448700265847	0.8197628373267094	1.6309962420927238	0.7102321602555952	0.7046755221794968	0.7102321602555952	0.7046755221794968	0.8571428571428571	endpoint
N_LP.440	0.0	0.10581120343954128	0.26569305194882836	1.2635504430155633	0.4995838778730836	0.4852929972991698	0.5004161221269163	0.5147070027008303	0.5714285714285714	endpoint
N_LP.441	0.0	0.21804385715457555	0.33560568068884916	1.68169340544392	0.4689839666687572	0.3337488555021697	0.5310160333312428	0.6662511444978303	0.7142857142857143	baseline
N_LP.442	0.0	0.19399398981174237	0.3942547188300261	1.6751758403268453	0.43728733009781934	0.3659422803340406	0.5627126699021807	0.6340577196659594	0.5714285714285714	baseline
N_LP.443	0.0	0.3740224574843302	0.6408283575466446	1.5274518478775578	0.35634276676802334	0.22965168967518684	0.6436572332319767	0.7703483103248132	0.7142857142857143	baseline
N_LP.444	0.0	0.13553269041668928	0.29151497389987097	1.7834380374740153	0.5162510975466083	0.4780300807260306	0.5162510975466083	0.5219699192739694	0.5714285714285714	endpoint
N_LP.445	0.0	0.12441278538113296	0.22532041262552865	1.2322222372243414	0.4418558922567533	0.39745909933152807	0.5581441077432467	0.6025409006684719	0.7142857142857143	baseline
N_LP.446	0.0	0.698778596520171	1.191496421021204	1.698144932466318	0.28470548444517	0.13537903038287327	0.71529451555483	0.8646209696171268	0.7142857142857143	baseline
N_LP.447	0.0	0.7207529537534434	1.025340258395109	1.5851997064802783	0.29065201063814455	0.2561679773461994	0.7093479893618555	0.7438320226538007	0.8571428571428571	baseline
N_LP.448	0.0	0.24716254670609034	0.14881069355053783	1.3069708095775605	0.5398487746907058	0.5221517443728623	0.5398487746907058	0.5221517443728623	0.5714285714285714	endpoint
N_LP.449	0.0	0.5577629581938883	0.7153636589354886	1.5088290253244205	0.6689315783131009	0.6751540899861184	0.6689315783131009	0.6751540899861184	0.7142857142857143	endpoint
N_LP.45	0.0	0.2790621247458382	0.5763070002281571	1.776925912018031	0.5126175764464637	0.5354124969752233	0.5126175764464637	0.5354124969752233	0.5714285714285714	endpoint
N_LP.450	0.0	0.1738729495825742	0.36667551006172616	1.3373900580504139	0.3745976565745526	0.38294040297540016	0.6254023434254474	0.6170595970245998	0.5714285714285714	baseline
N_LP.452	0.0	1.0399236832256167	1.177825851695133	1.674207072133982	0.1488344466256851	0.03362551656099957	0.8511655533743149	0.9663744834390005	1.0	baseline
N_LP.454	0.0	0.5379469131216482	0.9926857415810578	1.3259013671605338	0.27257784191320605	0.21388112758130573	0.7274221580867939	0.7861188724186943	0.7142857142857143	baseline
N_LP.455	0.0	0.2879504155967513	0.3123897348489688	1.6436317025685705	0.37509232457605635	0.4141276243351539	0.6249076754239437	0.5858723756648461	0.8571428571428571	baseline
N_LP.456	0.0	0.1872571558391317	0.15007398680166598	1.6195391520681233	0.3977176929952546	0.44176286459433317	0.6022823070047454	0.5582371354056668	0.7142857142857143	baseline
N_LP.457	0.0	0.6037701566289462	0.8260195433892635	1.319298690499828	0.31056128471630456	0.28841887981932873	0.6894387152836954	0.7115811201806712	0.8571428571428571	baseline
N_LP.458	0.0	0.12590744862092737	0.34914053474625223	1.2481866464937648	0.4689264452934897	0.32012714472808407	0.5310735547065103	0.679872855271916	0.5714285714285714	baseline
N_LP.459	0.0	0.06564470232165032	0.4749071176938602	1.5445494778836197	0.46621463135202673	0.4991662813940884	0.5337853686479732	0.5008337186059115	0.5714285714285714	endpoint
N_LP.46	0.0	0.19092778780773215	0.8875956618819648	1.5224265534596657	0.42339160303429235	0.28588177268046083	0.5766083969657076	0.7141182273195392	0.7142857142857143	baseline
N_LP.461	0.0	0.6460944788167063	1.150642467848687	1.5402926636087186	0.2788902420228651	0.065995318727832	0.7211097579771348	0.934004681272168	0.8571428571428571	baseline
N_LP.463	0.0	0.6478726487146089	0.5197880705506147	1.205727309757308	0.6559096849785373	0.5746071647802453	0.6559096849785373	0.5746071647802453	0.8571428571428571	endpoint
N_LP.464	0.0	0.44026429882936086	0.510923836085062	1.4325840326091634	0.35797375618978655	0.3474325054804216	0.6420262438102134	0.6525674945195784	0.8571428571428571	baseline
N_LP.465	0.0	0.17373719262372392	0.19886474989218914	1.347009355633152	0.43476485245272645	0.39581663269670986	0.5652351475472736	0.6041833673032901	0.5714285714285714	baseline
N_LP.466	0.0	0.4044225367393327	0.5661488801994363	1.7975918052081385	0.624595880759811	0.6567098681873078	0.624595880759811	0.6567098681873078	0.5714285714285714	endpoint
N_LP.467	0.0	0.030730458983639138	0.09991499631503131	1.4366770988180797	0.46175793368592444	0.5184894963340914	0.5382420663140756	0.5184894963340914	0.5714285714285714	baseline
N_LP.468	0.0	0.16409108560456034	0.5149365556447314	1.559534734484181	0.48802546517004713	0.5933267063108372	0.5119745348299529	0.5933267063108372	0.5714285714285714	endpoint
N_LP.469	0.0	0.7808801554519084	1.0056236806629866	1.748630950661663	0.22614069780027465	0.12048284433546538	0.7738593021997253	0.8795171556645346	0.8571428571428571	baseline
N_LP.47	0.0	0.287248328840176	0.4493050389049126	1.3897343168418022	0.5558388750962101	0.6033027443530672	0.5558388750962101	0.6033027443530672	0.5714285714285714	endpoint
N_LP.470	0.0	0.4689855188367852	0.8921679413700249	1.870831134120529	0.3342829218182034	0.21933966727421395	0.6657170781817966	0.780660332725786	0.7142857142857143	baseline
N_LP.471	0.0	0.08547816766318629	0.004917785532219515	1.5173168816743152	0.48627660402656236	0.4572292973057052	0.5137233959734376	0.5427707026942947	0.5714285714285714	baseline
N_LP.472	0.0	0.04302209076410557	0.02982177877980664	1.4248484533177723	0.41358728978548276	0.4343155528325724	0.5864127102145172	0.5656844471674276	0.5714285714285714	baseline
N_LP.473	0.14285714285714285	0.31541677938495577	0.7398693913522062	2.0514908061813335	0.5302923416909063	0.5790536168093711	0.5302923416909063	0.5790536168093711	0.7142857142857143	endpoint
N_LP.474	0.0	0.8376790553903232	0.9663202858041547	1.5898095962288263	0.2204141816666962	0.1263184302950156	0.7795858183333038	0.8736815697049845	0.8571428571428571	baseline
N_LP.475	0.0	0.37141853236323874	0.5477996848090275	1.4955922015573668	0.5543216825155552	0.7008495943231074	0.5543216825155552	0.7008495943231074	0.7142857142857143	endpoint
N_LP.476	0.0	0.3414709603100946	0.5863491751995208	1.888125704595789	0.561781551854058	0.6038361340978348	0.561781551854058	0.6038361340978348	0.5714285714285714	endpoint
N_LP.477	0.0	0.5677979839326032	0.7459572289540463	1.588175592624008	0.6594212350649283	0.6591225529794453	0.6594212350649283	0.6591225529794453	0.8571428571428571	endpoint
N_LP.479	0.0	0.1053144319960091	0.14745531356671054	1.164939961180147	0.49258514700378553	0.5091594447165817	0.5074148529962145	0.5091594447165817	0.5714285714285714	endpoint
N_LP.48	0.0	0.16827392916406758	0.011302836937507674	1.4627139215804732	0.5253666736447267	0.46775769683039436	0.5253666736447267	0.5322423031696056	0.7142857142857143	endpoint
N_LP.480	0.14285714285714285	1.245592684025144	1.2968854432321166	2.150862144587731	0.8190595788948711	0.8306899373627131	0.8190595788948711	0.8306899373627131	0.8571428571428571	endpoint
N_LP.481	0.0	0.5145675101952141	0.8454452988271792	1.9619423033346417	0.5815243654512631	0.6597274676547057	0.5815243654512631	0.6597274676547057	0.5714285714285714	endpoint
N_LP.482	0.0	1.0591017518303747	1.129668867900682	1.6390540414594943	0.15431824480792816	0.07802359907492136	0.8456817551920719	0.9219764009250786	1.0	baseline
N_LP.483	0.0	0.2653208786325868	0.39408897573367857	1.3993520129157064	0.5363160743476052	0.7113239391722166	0.5363160743476052	0.7113239391722166	0.5714285714285714	endpoint
N_LP.484	0.0	0.18715390822335007	0.0031352346554651173	1.6346806109483671	0.49863973686718405	0.42670163026559876	0.501360263132816	0.5732983697344012	0.5714285714285714	endpoint
N_LP.485	0.0	0.005053529136997604	0.03817190311102872	1.1991001089718711	0.5052226300924446	0.4602529928012241	0.5052226300924446	0.5397470071987759	0.5714285714285714	endpoint
N_LP.486	0.0	0.7445371979921979	1.3102733298815559	1.3891241118614635	0.22229095273415386	0.12898030576312847	0.7777090472658461	0.8710196942368715	0.8571428571428571	baseline
N_LP.487	0.0	0.40997123968028354	1.012984367069526	1.3370105900846565	0.3832502714481539	0.26078834368303894	0.6167497285518462	0.7392116563169611	0.5714285714285714	baseline
N_LP.488	0.0	0.995152377736706	1.1724529486880981	1.536266490858351	0.7490192392046574	0.7302684444093036	0.7490192392046574	0.7302684444093036	1.0	endpoint
N_LP.489	0.0	0.6330075246943815	0.6976962898078544	1.7952471621111021	0.32510234517665815	0.18644111813563513	0.6748976548233419	0.8135588818643649	0.8571428571428571	baseline
N_LP.49	0.0	0.657674456735048	0.48971780889002353	1.6156799108134525	0.2542185338200999	0.2638285881991634	0.7457814661799	0.7361714118008367	1.0	baseline
N_LP.490	0.0	0.19945669011185307	0.7158132664446635	1.239925262018296	0.4325555080238158	0.327922036959031	0.5674444919761842	0.672077963040969	0.5714285714285714	baseline
N_LP.491	0.0	0.48427983057579205	1.002293156318392	1.7117760815013896	0.3392059523782797	0.11753287771896206	0.6607940476217202	0.882467122281038	0.7142857142857143	baseline
N_LP.492	0.0	0.7498660353466332	1.188297720012638	1.490770477690148	0.2530987692238319	0.1557669552473505	0.7469012307761681	0.8442330447526495	0.8571428571428571	baseline
N_LP.493	0.0	0.6508671227325914	0.9072210128991571	1.450272129682302	0.6842047813125065	0.7269667658930368	0.6842047813125065	0.7269667658930368	0.7142857142857143	endpoint
N_LP.494	0.0	0.1286317844384714	0.0005241008841078656	1.275371732700573	0.4131263777680214	0.42826066291811166	0.5868736222319786	0.5717393370818884	0.7142857142857143	baseline
N_LP.495	0.0	0.18097965060483437	0.31314288801939644	1.3596030016761878	0.5139261238299189	0.554553323925066	0.5139261238299189	0.554553323925066	0.5714285714285714	endpoint
N_LP.496	0.0	0.2563827415296565	0.7472705984636502	1.3964411667617078	0.4055297178971752	0.2780552517546511	0.5944702821028248	0.7219447482453489	0.7142857142857143	baseline
N_LP.497	0.0	0.2799260375812118	0.3973026795747988	1.5330112670871092	0.37279211328111783	0.3654762592083302	0.6272078867188822	0.6345237407916697	0.8571428571428571	baseline
N_LP.498	0.0	0.11754473466609003	0.05649303333988636	1.3404081908217347	0.4407998021422116	0.4895373713560512	0.5592001978577884	0.5104626286439489	0.5714285714285714	baseline
N_LP.499	0.0	0.9386704824330451	1.1593243003556422	1.6764006445431403	0.20666645889733037	0.1699072465329937	0.7933335411026696	0.8300927534670063	0.8571428571428571	baseline
N_LP.5	0.0	0.41164719465896765	0.790899314719725	1.5076247188710907	0.34029104243606384	0.18310282105906428	0.6597089575639361	0.8168971789409357	0.7142857142857143	baseline
N_LP.50	0.0	0.526468646832093	0.8632705471976068	1.140398594390523	0.30499947913479036	0.2766100963508971	0.6950005208652097	0.7233899036491029	0.7142857142857143	baseline
N_LP.500	0.0	1.0092374156763726	0.9669057856607141	1.8704562407421936	0.19296565907117064	0.14023691447698738	0.8070343409288294	0.8597630855230126	1.0	baseline
N_LP.501	0.0	0.18258618001928317	0.08991855416589685	1.0988300087403207	0.5407772439043889	0.4124740745162286	0.5407772439043889	0.5875259254837715	0.5714285714285714	endpoint
N_LP.502	0.0	0.3117597181679625	0.670881275535096	1.9069312861378462	0.6111252029482664	0.6346044232023778	0.6111252029482664	0.6346044232023778	0.8571428571428571	endpoint
N_LP.503	0.0	0.07364764796456126	0.06600302475251434	1.4878192704965962	0.49885231734830776	0.4161306642404558	0.5011476826516923	0.5838693357595441	0.5714285714285714	endpoint
N_LP.504	0.0	0.18333811821035115	0.14325587809738047	1.8957474642094283	0.48542338603352236	0.507616226788242	0.5145766139664776	0.507616226788242	0.5714285714285714	endpoint
N_LP.505	0.0	0.8557524315046716	1.0358913720057743	1.5049867972208446	0.7200521836038052	0.7617152677225806	0.7200521836038052	0.7617152677225806	0.7142857142857143	endpoint
N_LP.506	0.0	0.677513277409191	0.7531183168175735	1.598231578556841	0.2618545842537229	0.2814713713840719	0.7381454157462771	0.718528628615928	0.8571428571428571	baseline
N_LP.507	0.0	0.02459968660852382	0.4417752773756043	1.3704696724081675	0.45141426582329675	0.3586765751487702	0.5485857341767033	0.6413234248512298	0.5714285714285714	baseline
N_LP.508	0.0	0.6216329257025267	0.736573605313258	1.4121948122837182	0.6391770283204098	0.6362420366421113	0.6391770283204098	0.6362420366421113	0.8571428571428571	endpoint
N_LP.509	0.0	0.18806470050995147	0.07718303179871354	1.318019286932034	0.5393071612888121	0.46070122575640343	0.5393071612888121	0.5392987742435966	0.5714285714285714	endpoint
N_LP.51	0.0	0.436230541888102	0.7772318697782326	1.3306143212330521	0.5737622105605419	0.6051649285406321	0.5737622105605419	0.6051649285406321	0.8571428571428571	endpoint
N_LP.510	0.0	0.5961320799990409	1.1976822883059157	1.622215902031316	0.2895135526063957	0.04387126607129924	0.7104864473936043	0.9561287339287008	0.7142857142857143	baseline
N_LP.511	0.0	0.17605015294659518	0.0004257218324967357	1.3255096535567064	0.3890096518239233	0.4261571741225951	0.6109903481760768	0.5738428258774049	0.5714285714285714	baseline
N_LP.512	0.0	0.8098464963087901	1.1438208072009015	1.7720388036095136	0.2684628890549405	0.1293673940906424	0.7315371109450595	0.8706326059093576	0.7142857142857143	baseline
N_LP.513	0.0	0.21581048520611737	0.30561064750532146	1.6161431720089923	0.41322602889592863	0.34130695473609224	0.5867739711040714	0.6586930452639077	0.7142857142857143	baseline
N_LP.514	0.0	0.23318130370837567	0.024292488906684177	1.0608080722089979	0.5433955036610023	0.4299364906423287	0.5433955036610023	0.5700635093576714	0.5714285714285714	endpoint
N_LP.515	0.0	0.22620252238346264	0.06047245070684863	1.2345057835546034	0.4094378654159068	0.4656330887041188	0.5905621345840932	0.5343669112958812	0.7142857142857143	baseline
N_LP.516	0.0	0.6439194500402727	0.8021181609762895	1.6572247129744218	0.6868532572242341	0.6503810850080527	0.6868532572242341	0.6503810850080527	0.7142857142857143	endpoint
N_LP.517	0.0	0.4003333864031156	0.10341803608082249	1.7338655668954839	0.5479919073262222	0.49965987316591914	0.5479919073262222	0.5003401268340808	0.5714285714285714	endpoint
N_LP.518	0.0	0.2425596526049035	0.0879041976863401	1.551878449502326	0.36285448010416266	0.41521331427153624	0.6371455198958373	0.5847866857284638	0.7142857142857143	baseline
N_LP.519	0.0	0.8250148757664313	0.9466769902881519	1.970519098650551	0.7040041366555995	0.7983019578970887	0.7040041366555995	0.7983019578970887	0.7142857142857143	endpoint
N_LP.52	0.0	0.47789481481050167	0.5025382408423367	1.4382410858896455	0.349957511452056	0.2600866574553766	0.650042488547944	0.7399133425446234	0.8571428571428571	baseline
N_LP.520	0.0	0.18551631241707353	0.395367597522752	1.0392155130544716	0.44806048453550223	0.3920635346688786	0.5519395154644977	0.6079364653311214	0.7142857142857143	baseline
N_LP.521	0.0	0.5030817894622841	0.6403567022061795	1.5194827702846245	0.35228296528232567	0.3090305182748904	0.6477170347176744	0.6909694817251095	0.8571428571428571	baseline
N_LP.522	0.0	0.09226718273869097	0.4984468593583928	1.6512277934429533	0.4864941575978218	0.32656805012176604	0.5135058424021782	0.673431949878234	0.5714285714285714	endpoint
N_LP.523	0.0	0.13064655085203555	0.3130400301796692	1.145544770570155	0.5473855297771628	0.4097754857320835	0.5473855297771628	0.5902245142679166	0.5714285714285714	endpoint
N_LP.524	0.0	0.4747802557823429	0.5032527868881888	0.9364134391770981	0.3360558317941183	0.31684611486244413	0.6639441682058818	0.6831538851375558	0.8571428571428571	baseline
N_LP.525	0.0	0.1941896982265372	0.5291139958192198	1.2093935587462301	0.4242362236342508	0.35136573361391416	0.5757637763657493	0.6486342663860858	0.7142857142857143	baseline
N_LP.526	0.0	0.7645577004836726	1.295681180859837	1.6839304406241111	0.24765969659965584	0.03758088741007408	0.7523403034003442	0.962419112589926	0.7142857142857143	baseline
N_LP.527	0.0	0.5909328254973171	1.0942956418152512	1.8195829746107752	0.2932040948008531	0.20500492838444326	0.7067959051991469	0.7949950716155567	0.8571428571428571	baseline
N_LP.528	0.0	0.10163235780509414	0.08475362371990051	1.5391617628398093	0.47226965155684625	0.4164294666442579	0.5277303484431537	0.5835705333557422	0.5714285714285714	endpoint
N_LP.529	0.0	0.30169864684963427	0.5377451799003612	1.635551144534131	0.600278535112273	0.6129584753837813	0.600278535112273	0.6129584753837813	0.7142857142857143	endpoint
N_LP.53	0.0	0.6142946493661137	0.8418362607911184	1.7386502309961898	0.6607488110510913	0.7415664537475861	0.6607488110510913	0.7415664537475861	0.7142857142857143	endpoint
N_LP.530	0.0	0.24781782850380346	0.683147591032558	1.3934690206301932	0.4120029428605644	0.3299846143706912	0.5879970571394356	0.6700153856293087	0.7142857142857143	baseline
N_LP.531	0.0	0.339188962443405	0.09181824659774233	1.6396963017915562	0.35275517182044724	0.4118844847962278	0.6472448281795528	0.5881155152037723	0.7142857142857143	baseline
N_LP.532	0.0	0.5738746182236678	0.6477201997713117	1.2169237865193387	0.33144256988776827	0.2347428865098999	0.6685574301122317	0.7652571134901001	0.8571428571428571	baseline
N_LP.533	0.0	0.5685595976687001	0.6865911729729235	1.0693842855010358	0.30451490794656433	0.3212451943628732	0.6954850920534357	0.6787548056371269	0.8571428571428571	baseline
N_LP.534	0.0	0.13526722589752502	0.08519638843773497	1.360600788002603	0.5305082302224692	0.4972792149639354	0.5305082302224692	0.5027207850360647	0.5714285714285714	endpoint
N_LP.535	0.0	0.4527682584408594	0.6950472302921263	1.739262861174516	0.37303962450002714	0.3274176647083383	0.6269603754999729	0.6725823352916618	0.8571428571428571	baseline
N_LP.536	0.0	0.4583625704528007	0.7499832729279123	1.3673170598031588	0.30265708450594747	0.21582502957990018	0.6973429154940525	0.7841749704200998	0.7142857142857143	baseline
N_LP.537	0.0	0.17551304333821297	0.0958636192892609	1.3961914777824551	0.40218867050129914	0.5864454149939275	0.5978113294987009	0.5864454149939275	0.5714285714285714	baseline
N_LP.539	0.0	0.0783577238487259	0.12712854931176076	1.1884375529154807	0.4456032701598857	0.44763205427470665	0.5543967298401142	0.5523679457252934	0.8571428571428571	baseline
N_LP.54	0.14285714285714285	0.19523548047408634	0.14057524160161342	2.024923197139062	0.43015148050942564	0.39374231703637963	0.5698485194905744	0.6062576829636204	0.5714285714285714	baseline
N_LP.540	0.0	1.1091158150266534	1.1322345861188743	1.7878687025138476	0.8028415888369161	0.8673467592103729	0.8028415888369161	0.8673467592103729	0.8571428571428571	endpoint
N_LP.542	0.0	0.09652041321236304	0.6081314723043306	1.4793879269573487	0.5324635244168917	0.6170528772313926	0.5324635244168917	0.6170528772313926	0.5714285714285714	endpoint
N_LP.543	0.0	0.1940837365682804	0.37343494548631784	1.2369692945346311	0.40461373287915264	0.3407132975364183	0.5953862671208474	0.6592867024635817	0.5714285714285714	baseline
N_LP.544	0.0	1.1671315840664345	1.3201408587487602	1.752280651155096	0.11734945008623543	0.01667290946256637	0.8826505499137646	0.9833270905374336	1.0	baseline
N_LP.545	0.0	0.05239194181815358	0.19125418483806417	1.3475619005517512	0.5034318675556454	0.5172139362706015	0.5034318675556454	0.5172139362706015	0.5714285714285714	endpoint
N_LP.546	0.0	0.6406708976162291	1.0522996509649167	1.642885561695605	0.6935260709790433	0.8317485658464665	0.6935260709790433	0.8317485658464665	0.7142857142857143	endpoint
N_LP.547	0.0	0.3487840483642027	0.9301929802583058	1.7411256666402033	0.5960530055896395	0.7467689519612185	0.5960530055896395	0.7467689519612185	0.5714285714285714	endpoint
N_LP.548	0.0	0.4185425693053544	0.7899253084221715	1.4676724947163782	0.5748372647910606	0.6484091184269468	0.5748372647910606	0.6484091184269468	0.7142857142857143	endpoint
N_LP.549	0.0	0.7133682065861808	1.001105205174978	1.8432587422970372	0.6336712390355056	0.7733684634595195	0.6336712390355056	0.7733684634595195	0.7142857142857143	endpoint
N_LP.55	0.0	0.09684330626471557	0.21537665647407297	1.3111101248014447	0.4642527429292822	0.37328996872968556	0.5357472570707178	0.6267100312703144	0.5714285714285714	endpoint
N_LP.550	0.0	0.6658197875874405	1.1786216500029518	1.60254171164513	0.6888006656235416	0.842781731821879	0.6888006656235416	0.842781731821879	0.7142857142857143	endpoint
N_LP.551	0.0	0.17632596907910356	0.2925201056940213	1.1133642841921958	0.40896893417026997	0.3814970997386733	0.59103106582973	0.6185029002613267	0.5714285714285714	baseline
N_LP.552	0.0	0.0002474897499520048	0.05051264614423466	1.1235113484253287	0.5146404311836468	0.49560553820809805	0.5146404311836468	0.504394461791902	0.5714285714285714	baseline
N_LP.553	0.0	1.0660858547553689	1.1545063423761492	1.773072212638107	0.16839996728163367	0.08921253146997128	0.8316000327183664	0.9107874685300287	1.0	baseline
N_LP.554	0.0	0.4231531456039237	0.510332999118175	1.4809644168283924	0.595931141785745	0.5788107556618189	0.595931141785745	0.5788107556618189	0.7142857142857143	endpoint
N_LP.555	0.0	0.6591798717131897	0.9632828567425125	1.695310424054889	0.3219554321053956	0.25398594235273686	0.6780445678946043	0.7460140576472631	0.7142857142857143	baseline
N_LP.556	0.0	0.2624118560225818	0.19768027697636784	1.7983399103823567	0.39135031942300647	0.4875929809917153	0.6086496805769935	0.5124070190082848	0.5714285714285714	baseline
N_LP.557	0.0	0.6637668273466727	0.8724748276029025	1.3369799926097432	0.27409060719955214	0.2393607089823218	0.7259093928004479	0.7606392910176782	0.8571428571428571	baseline
N_LP.558	0.0	0.5029977759252432	1.0761452222786756	1.781598985272878	0.6486906322078273	0.7980477439599709	0.6486906322078273	0.7980477439599709	0.7142857142857143	endpoint
N_LP.559	0.0	0.47574478584171037	0.6489618040819523	1.650825565049714	0.33365488864907095	0.3165218594156729	0.6663451113509291	0.6834781405843271	0.7142857142857143	baseline
N_LP.56	0.14285714285714285	0.44046594870558103	0.04502227412673348	2.22057748358693	0.5633735253709077	0.46280197228969033	0.5633735253709077	0.5371980277103097	0.5714285714285714	endpoint
N_LP.560	0.0	0.9161534091488891	1.0577373803516277	1.6760115628809902	0.21946942149713136	0.13411164019903807	0.7805305785028687	0.8658883598009619	0.8571428571428571	baseline
N_LP.561	0.0	0.3544299513222707	0.08820559225047561	1.8830020948129547	0.35870199525586927	0.4132287305033567	0.6412980047441308	0.5867712694966434	0.7142857142857143	baseline
N_LP.562	0.14285714285714285	1.3963423829152224	1.4629616949883675	2.8921638414721023	0.8424023170431428	0.9034735250357993	0.8424023170431428	0.9034735250357993	0.8571428571428571	endpoint
N_LP.563	0.0	1.056946935280084	0.9145156415327876	1.833276534381579	0.791470750110297	0.739793795550447	0.791470750110297	0.739793795550447	1.0	endpoint
N_LP.564	0.0	1.0999311255522493	1.2182399858584012	1.2634940256082807	0.16227699554037134	0.2107062465191633	0.8377230044596287	0.7892937534808366	1.0	baseline
N_LP.565	0.0	0.44563543562427654	0.6414441006533181	1.4258650884353619	0.34990634914351765	0.3147698247154675	0.6500936508564823	0.6852301752845325	0.8571428571428571	baseline
N_LP.566	0.0	0.48682799656292414	0.7344816871390589	1.2869733973174815	0.3435557946568584	0.20256587836503426	0.6564442053431416	0.7974341216349657	0.7142857142857143	baseline
N_LP.567	0.0	0.29823692692201587	0.3644245059321923	1.724427739637849	0.37430091510181956	0.3603538358433796	0.6256990848981805	0.6396461641566205	0.7142857142857143	baseline
N_LP.568	0.0	0.8127277388091717	1.0289258865912634	1.1799796520310166	0.24392209153901429	0.19194175369306934	0.7560779084609857	0.8080582463069307	0.8571428571428571	baseline
N_LP.569	0.0	0.37484148823493213	0.3166533068099146	1.5939502598900812	0.5573175408845773	0.567479039597757	0.5573175408845773	0.567479039597757	0.5714285714285714	endpoint
N_LP.57	0.0	0.20907498301801075	0.5794669992847181	1.278879784802221	0.5175899375173165	0.5848806178978737	0.5175899375173165	0.5848806178978737	0.7142857142857143	endpoint
N_LP.570	0.0	1.084617013059378	1.2999355512895934	1.6718931700406787	0.1336035281944122	0.01659850972556755	0.8663964718055878	0.9834014902744325	1.0	baseline
N_LP.571	0.0	0.25324194210469314	0.10056237791394479	1.905710556486826	0.4059446507118215	0.41084667602251934	0.5940553492881785	0.5891533239774807	0.7142857142857143	baseline
N_LP.572	0.0	0.2632579644097311	0.4080364107651019	1.1258956531590516	0.5421439165858202	0.6762550054462922	0.5421439165858202	0.6762550054462922	0.5714285714285714	endpoint
N_LP.573	0.0	0.20210416332198808	0.0002939870486133035	1.398155697177205	0.43553490820158686	0.4262672147599405	0.5644650917984131	0.5737327852400596	0.5714285714285714	baseline
N_LP.574	0.0	0.33905866270498236	0.8366234814532046	1.41078555662679	0.5291983569137101	0.6119333056975964	0.5291983569137101	0.6119333056975964	0.5714285714285714	endpoint
N_LP.576	0.0	0.6290205486009632	0.9983885812734574	1.342620725956256	0.27667211779022066	0.15898664820295208	0.7233278822097793	0.841013351797048	0.7142857142857143	baseline
N_LP.577	0.0	0.49938063914095926	0.874654508079763	1.6145820120926409	0.35229913204309327	0.2823190919624512	0.6477008679569067	0.7176809080375488	0.8571428571428571	baseline
N_LP.578	0.0	0.058564201558031694	0.6316894814780787	1.521436956083889	0.4143667989648759	0.28464659525493097	0.5856332010351242	0.715353404745069	0.5714285714285714	baseline
N_LP.579	0.0	0.5975264684993367	0.4830810925436586	1.575228888334326	0.6733921044030016	0.606972092994353	0.6733921044030016	0.606972092994353	0.8571428571428571	endpoint
N_LP.58	0.0	0.04104118564405122	0.08458598106742124	1.5312510691010643	0.4768227276399883	0.4132894038220756	0.5231772723600117	0.5867105961779244	0.5714285714285714	baseline
N_LP.580	0.0	0.4375641273902046	0.3298697393075197	1.4319786627065958	0.6302703112869532	0.5687919025318441	0.6302703112869532	0.5687919025318441	0.5714285714285714	endpoint
N_LP.581	0.0	0.13757734176103814	0.17151337555003876	1.0667747926209383	0.5108313137448925	0.4816230858574575	0.5108313137448925	0.5183769141425425	0.5714285714285714	endpoint
N_LP.582	0.0	0.04323277161734069	0.4830572770514034	1.1391449558964208	0.46047258495115767	0.34480790926876137	0.5395274150488423	0.6551920907312386	0.7142857142857143	baseline
N_LP.583	0.0	0.012076577197810063	0.048026921754105265	1.496937695474456	0.4744777074730491	0.45991855761889977	0.5255222925269509	0.5400814423811002	0.5714285714285714	baseline
N_LP.584	0.0	0.1611418433792103	0.9244989413195284	1.3925954144062986	0.43416624908720197	0.27792112289725	0.565833750912798	0.72207887710275	0.7142857142857143	baseline
N_LP.585	0.0	0.7080061039886084	0.8896066772719688	1.6727065911737409	0.2864328479611979	0.11652031634600836	0.713567152038802	0.8834796836539917	0.8571428571428571	baseline
N_LP.586	0.0	0.0718978157827799	0.10078419971932322	1.2464178851084387	0.4536628705611176	0.5319625668411807	0.5463371294388824	0.5319625668411807	0.5714285714285714	endpoint
N_LP.587	0.0	0.49554453361297324	0.7506978431369054	1.328045884432565	0.35039336120739056	0.30977696407228006	0.6496066387926094	0.6902230359277199	0.8571428571428571	baseline
N_LP.588	0.0	0.4728172196439152	0.40627108680730684	1.2851023938482082	0.3320638072715586	0.3570335374622978	0.6679361927284414	0.6429664625377022	0.7142857142857143	baseline
N_LP.59	0.0	0.7805210479165385	1.0284648849759148	1.3864610606312857	0.24942091103566502	0.20421867199831079	0.750579088964335	0.7957813280016892	0.8571428571428571	baseline
N_LP.590	0.0	0.008686688282865245	0.12100826463063147	1.3251979230061155	0.4555319148995526	0.407720580924281	0.5444680851004474	0.592279419075719	0.5714285714285714	baseline
N_LP.591	0.0	0.8558610048460108	0.8203037843167645	1.6496630436542972	0.7444460695518027	0.8789481497693621	0.7444460695518027	0.8789481497693621	0.7142857142857143	endpoint
N_LP.592	0.0	0.058814196351286166	0.5167354720470784	1.459251725980883	0.43444668884072524	0.3581523716662601	0.5655533111592748	0.6418476283337399	0.5714285714285714	baseline
N_LP.593	0.0	1.0680965144022443	1.182045037190638	1.6706782665923292	0.16947205291105524	0.14946013412540268	0.8305279470889447	0.8505398658745973	1.0	baseline
N_LP.594	0.0	0.23724566250298268	0.23337366973566603	1.6927680059015522	0.5235507873780542	0.5008108538363105	0.5235507873780542	0.5008108538363105	0.5714285714285714	endpoint
N_LP.595	0.0	0.6423923848248583	1.1623506064910956	1.3826011730987522	0.30609009230004863	0.21482802205493493	0.6939099076999513	0.7851719779450651	0.8571428571428571	baseline
N_LP.596	0.0	0.8363623310266084	1.196962036081392	1.6328618471688419	0.24464505317220095	0.1535922561927294	0.755354946827799	0.8464077438072706	0.8571428571428571	baseline
N_LP.597	0.0	0.39581066766498313	0.15778747899844497	1.8402589305496142	0.5949310539833527	0.4773656001503347	0.5949310539833527	0.5226343998496653	0.5714285714285714	endpoint
N_LP.598	0.0	0.5651169213367735	0.7259356935458878	1.7213589818695871	0.635358014816984	0.7325358701542265	0.635358014816984	0.7325358701542265	0.7142857142857143	endpoint
N_LP.599	0.0	1.193318991880489	0.9925992701740439	1.7093172110270056	0.8252990944345847	0.9360641430820115	0.8252990944345847	0.9360641430820115	1.0	endpoint
N_LP.6	0.0	0.09813069259693281	0.0865723805635867	1.4185965062429415	0.4736343999722251	0.47826250264758235	0.5263656000277749	0.5217374973524176	0.5714285714285714	endpoint
N_LP.600	0.0	0.14866572141340445	0.30712912523763647	1.2315530130935946	0.47631559416965036	0.5451325035221721	0.5236844058303496	0.5451325035221721	0.5714285714285714	endpoint
N_LP.601	0.0	0.26546150101406213	0.97880671116311	1.573511075976153	0.33294840012775434	0.24565728672931456	0.6670515998722457	0.7543427132706855	0.7142857142857143	baseline
N_LP.602	0.0	0.2732344570534477	0.08203034833143454	1.4279392580184314	0.3889107482682165	0.44112774888129924	0.6110892517317835	0.5588722511187008	0.5714285714285714	baseline
N_LP.603	0.0	0.15702406550925954	0.3742305826727307	1.7104354946964755	0.4838284853605933	0.36031162438334907	0.5161715146394067	0.6396883756166509	0.5714285714285714	endpoint
N_LP.604	0.0	0.7394204179265168	1.1427202260735843	1.394960221551919	0.669999644814341	0.7520108492390895	0.669999644814341	0.7520108492390895	0.8571428571428571	endpoint
N_LP.605	0.0	0.32896618316478	0.5239218986087167	1.364459341639377	0.572940261188463	0.6234536486012167	0.572940261188463	0.6234536486012167	0.5714285714285714	endpoint
N_LP.606	0.0	0.8997341251881686	0.935202189585513	1.6448995431494813	0.18307889600085994	0.1365525994071926	0.8169211039991401	0.8634474005928074	1.0	baseline
N_LP.607	0.0	0.5188049307993151	0.8284791696427882	1.3925518497767666	0.27231495425131297	0.21747340605904916	0.727685045748687	0.7825265939409508	0.7142857142857143	baseline
N_LP.608	0.0	1.0679027255074693	1.1950747445389327	1.9622903182951907	0.18508573763561614	0.16675177957371695	0.8149142623643839	0.833248220426283	1.0	baseline
N_LP.609	0.0	0.23503038136230495	0.10599439046059453	1.194839850713123	0.3812017116830376	0.4251504776959494	0.6187982883169624	0.5748495223040506	0.7142857142857143	baseline
N_LP.61	0.0	0.26358138286341015	1.082556962125961	1.6669103947930988	0.35189030217272127	0.24382538484241736	0.6481096978272787	0.7561746151575827	0.5714285714285714	baseline
N_LP.610	0.0	0.1709736626010116	0.4179948210255178	1.157718167743201	0.5053376877253507	0.5366622752958794	0.5053376877253507	0.5366622752958794	0.7142857142857143	endpoint
N_LP.611	0.0	0.9596244200275212	1.1138135701600493	1.8035563610211993	0.21980649480820671	0.08069311435241143	0.7801935051917933	0.9193068856475886	0.8571428571428571	baseline
N_LP.612	0.0	0.22035334830532127	0.3473169647903368	1.5335946475379256	0.43530912412138323	0.37279774977389646	0.5646908758786168	0.6272022502261035	0.7142857142857143	baseline
N_LP.613	0.0	0.0038998960804668137	0.20256477192640016	1.1567178584982645	0.5004907060426247	0.36559187724085257	0.5004907060426247	0.6344081227591474	0.5714285714285714	baseline
N_LP.614	0.0	0.38755644784870186	0.2702692569822334	1.4538000779079068	0.6262161882829103	0.540582363721124	0.6262161882829103	0.540582363721124	0.7142857142857143	endpoint
N_LP.615	0.0	0.0661688331334818	0.22876483932629707	1.0310556082578997	0.4702853210124068	0.4993812911464939	0.5297146789875933	0.5006187088535061	0.5714285714285714	endpoint
N_LP.616	0.0	0.290847533834956	0.20596587737205485	1.666861532312274	0.37015355560238045	0.3947308984307239	0.6298464443976195	0.6052691015692762	0.7142857142857143	baseline
N_LP.617	0.0	0.341784795787253	0.17598150280067262	1.6144063784097735	0.35627148073911324	0.3993153905425207	0.6437285192608868	0.6006846094574794	0.7142857142857143	baseline
N_LP.619	0.0	0.296175108354318	0.2693860704743312	1.269421407970288	0.3662809053950347	0.3850342020959765	0.6337190946049653	0.6149657979040235	0.5714285714285714	baseline
N_LP.62	0.0	0.23756886163445223	0.654929216806493	1.6265846001412838	0.3910920428769623	0.34146184158600806	0.6089079571230377	0.658538158413992	0.7142857142857143	baseline
N_LP.620	0.0	0.0245874531892323	0.22078979559058146	1.104232614376145	0.46317497846624295	0.5233452345068799	0.5368250215337571	0.5233452345068799	0.5714285714285714	endpoint
N_LP.621	0.0	0.7748371512960501	1.023453410218362	1.4878520705267444	0.23406426895416926	0.1563965041033533	0.7659357310458308	0.8436034958966467	0.8571428571428571	baseline
N_LP.622	0.0	0.11151320400590488	0.4185802692137603	1.2552495295687356	0.45374479584530353	0.3622230000274311	0.5462552041546964	0.6377769999725689	0.5714285714285714	baseline
N_LP.623	0.0	0.008026875986198334	0.046796963802518896	1.5997935908534484	0.47628269924187366	0.46582403690819196	0.5237173007581264	0.534175963091808	0.7142857142857143	endpoint
N_LP.624	0.0	0.3611611047031043	0.8816340628950762	1.2702362690588092	0.3414169729869473	0.17197148739386206	0.6585830270130527	0.828028512606138	0.7142857142857143	baseline
N_LP.625	0.0	0.2538727008862832	0.23488789757107362	1.0139166904686887	0.5383943832627701	0.5240300692827721	0.5383943832627701	0.5240300692827721	0.7142857142857143	endpoint
N_LP.626	0.0	0.5022191928158539	0.8675918849530537	1.6370380523980952	0.329668789401573	0.2901969193259495	0.6703312105984269	0.7098030806740505	0.8571428571428571	baseline
N_LP.627	0.0	0.28042977181153117	0.47186546176736255	1.2390605253343712	0.38387974518026796	0.3216183635805269	0.616120254819732	0.678381636419473	0.7142857142857143	baseline
N_LP.628	0.0	1.1790323109900112	1.2428901331476463	1.785155613187525	0.8131190334258575	0.8206495890733586	0.8131190334258575	0.8206495890733586	1.0	endpoint
N_LP.63	0.0	1.305244579972559	1.34261771042102	1.7333429202195765	0.08949150528641373	0.054381066646354954	0.9105084947135863	0.945618933353645	1.0	baseline
N_LP.630	0.0	0.8627489771938406	0.7508826159470829	1.432088928486022	0.21944052517637186	0.20353329814683296	0.7805594748236282	0.796466701853167	1.0	baseline
N_LP.631	0.0	1.1597281988847759	1.2974371871622594	1.6754569969577837	0.1433216217196532	0.07672116352663712	0.8566783782803468	0.9232788364733628	0.8571428571428571	baseline
N_LP.632	0.0	0.1972000683788675	0.13968634684142361	1.6235266180599888	0.3717529957694384	0.507483549668228	0.6282470042305617	0.507483549668228	0.5714285714285714	baseline
N_LP.633	0.0	0.5206602587568886	0.7484166589887153	1.1890263648832822	0.298725397296898	0.3159049932748307	0.701274602703102	0.6840950067251693	0.8571428571428571	baseline
N_LP.634	0.0	0.30887988110917647	0.5803000639119312	1.4869566655665913	0.5756313434819414	0.6349733974920957	0.5756313434819414	0.6349733974920957	0.5714285714285714	endpoint
N_LP.635	0.0	0.5324308116331951	0.8177386074155881	1.5278438552888611	0.6859083353205958	0.7740650905923654	0.6859083353205958	0.7740650905923654	0.7142857142857143	endpoint
N_LP.636	0.0	0.660556154879273	1.0898088178708871	1.6603636084772913	0.2687166611811153	0.25959481349629043	0.7312833388188846	0.7404051865037096	0.7142857142857143	baseline
N_LP.637	0.0	0.930466037158615	1.0883815598620716	1.3479649412327923	0.1922451948417401	0.24256892245175887	0.8077548051582599	0.7574310775482411	1.0	baseline
N_LP.638	0.0	0.30455823940870186	0.3427949166037035	1.6205316646203958	0.37888036046535783	0.38938955607661363	0.6211196395346421	0.6106104439233864	0.7142857142857143	baseline
N_LP.639	0.0	0.2607738468261232	1.1613648977744186	1.4583306383383896	0.4141970756089157	0.20324928676415238	0.5858029243910843	0.7967507132358476	0.5714285714285714	baseline
N_LP.64	0.0	0.6607027044128512	0.9199897496567228	1.8349921494960997	0.3288431599839134	0.2788938303687825	0.6711568400160866	0.7211061696312175	0.7142857142857143	baseline
N_LP.640	0.0	0.06787635875334241	0.13571825357122497	1.3303975412305948	0.4628546740720313	0.44697304873158966	0.5371453259279687	0.5530269512684103	0.5714285714285714	baseline
N_LP.641	0.0	0.2580229875330003	0.4046713463382635	1.035184405714044	0.4189210876011947	0.37267931102277496	0.5810789123988054	0.627320688977225	0.7142857142857143	baseline
N_LP.642	0.0	0.17894185772066745	0.44892531075971265	1.3201338127093705	0.38744978310630857	0.36072815945733094	0.6125502168936914	0.6392718405426691	0.7142857142857143	baseline
N_LP.643	0.0	1.04893569230469	1.1927313041123242	1.7321533410718735	0.17380187344203277	0.1445065207506363	0.8261981265579672	0.8554934792493637	1.0	baseline
N_LP.644	0.0	0.526623690217778	0.23425440524813318	1.4174167709943677	0.6000817029945854	0.5452265301499559	0.6000817029945854	0.5452265301499559	0.5714285714285714	endpoint
N_LP.645	0.0	0.9669099636118127	1.1387076561882166	1.6815048767544871	0.1727270232389008	0.17905996939455399	0.8272729767610992	0.820940030605446	1.0	baseline
N_LP.646	0.0	0.9649206102480147	1.2802842282935574	1.6629849053097712	0.17951409296950244	0.02306146817284443	0.8204859070304975	0.9769385318271556	0.8571428571428571	baseline
N_LP.647	0.0	0.8189262815906326	1.1482003293405347	1.6087143832953184	0.7057952395630006	0.8217453424854656	0.7057952395630006	0.8217453424854656	0.7142857142857143	endpoint
N_LP.648	0.0	0.9507225574264869	1.0189640956631998	1.37790708728542	0.20603943582286918	0.13537361541321544	0.7939605641771308	0.8646263845867845	0.8571428571428571	baseline
N_LP.649	0.0	0.2757206819076265	0.31463284236043415	1.3212662860291016	0.38627980401979495	0.3710949504649359	0.613720195980205	0.6289050495350641	0.7142857142857143	baseline
N_LP.65	0.0	0.443135841681018	0.7629393565302004	1.993914130559617	0.37371121047776856	0.3127722064115152	0.6262887895222314	0.6872277935884847	0.5714285714285714	baseline
N_LP.650	0.0	0.36390919683000783	0.438531519188609	1.3661788280372182	0.3822283096684755	0.2998984415880906	0.6177716903315245	0.7001015584119095	0.7142857142857143	baseline
N_LP.651	0.0	0.15647694472931284	0.21824466619302116	1.6620202921999385	0.41111463273985643	0.36072830235680725	0.5888853672601435	0.6392716976431927	0.5714285714285714	baseline
N_LP.652	0.0	0.22647387797631197	0.6008568532964572	1.0256491948671478	0.4180522598033294	0.3343536322704678	0.5819477401966706	0.6656463677295321	0.5714285714285714	baseline
N_LP.653	0.0	0.40026542023583406	0.47457637444465206	1.49800100662423	0.33932046759847934	0.37497688702016363	0.6606795324015207	0.6250231129798364	0.8571428571428571	baseline
N_LP.654	0.14285714285714285	1.150942675600468	1.522299911640684	2.406984255101113	0.7574945040977923	0.8930739438525219	0.7574945040977923	0.8930739438525219	0.8571428571428571	endpoint
N_LP.655	0.0	0.19478250331758504	0.2570663798017233	1.4535114836452234	0.5441732116460724	0.38691783400478585	0.5441732116460724	0.6130821659952141	0.5714285714285714	endpoint
N_LP.656	0.0	0.19311977735770677	0.38312793717606386	0.984761828601871	0.4250307942361696	0.38317988598231134	0.5749692057638305	0.6168201140176887	0.8571428571428571	baseline
N_LP.657	0.0	0.25232282620995045	0.8267980702315956	1.336816799127528	0.3888936626212804	0.29899682213318246	0.6111063373787196	0.7010031778668175	0.5714285714285714	baseline
N_LP.658	0.0	0.3982265715751199	0.2624166598769255	1.2813874336881639	0.35351331841938854	0.38609979737233	0.6464866815806114	0.61390020262767	0.8571428571428571	baseline
N_LP.659	0.14285714285714285	1.204626233002696	1.3665376483746179	2.2416302586165204	0.1646310683188789	0.062170798899479914	0.8353689316811211	0.93782920110052	0.8571428571428571	baseline
N_LP.66	0.0	0.6911704978425526	0.5011753218031801	1.3319707599782449	0.672945513334236	0.6685429194024068	0.672945513334236	0.6685429194024068	0.8571428571428571	endpoint
N_LP.660	0.0	0.1501604464304704	0.01563996509234818	1.1923862436361716	0.5632977004092555	0.4492670836605858	0.5632977004092555	0.5507329163394141	0.5714285714285714	endpoint
N_LP.661	0.0	0.6006693728030787	0.7258162454670243	1.696828099262007	0.29060458410363516	0.20541578264196045	0.7093954158963649	0.7945842173580395	0.7142857142857143	baseline
N_LP.662	0.0	0.37469964908469544	0.5322122562742152	1.6267045798528537	0.5420734571688538	0.5763287508354054	0.5420734571688538	0.5763287508354054	0.7142857142857143	endpoint
N_LP.663	0.0	0.31517037453008206	0.48939977248307565	1.6151691709060383	0.5707207689820178	0.6281520133092883	0.5707207689820178	0.6281520133092883	0.7142857142857143	endpoint
N_LP.664	0.0	1.0453740078592175	1.288487174783489	1.6421565351065153	0.7663951453355063	0.7234514491477526	0.7663951453355063	0.7234514491477526	0.8571428571428571	endpoint
N_LP.665	0.0	0.7150514719161593	0.9577306945037691	1.6716920217304605	0.6882729074117354	0.6138607781268868	0.6882729074117354	0.6138607781268868	0.7142857142857143	endpoint
N_LP.666	0.0	0.16963362300095827	0.22510606408733855	1.661642530153786	0.4362748177099983	0.5298100052506053	0.5637251822900017	0.5298100052506053	0.5714285714285714	baseline
N_LP.667	0.0	0.549054041383315	0.8916441938948408	1.916169763960055	0.6117928136742349	0.7227601162230731	0.6117928136742349	0.7227601162230731	0.7142857142857143	endpoint
N_LP.668	0.0	0.6360150629599565	1.0503197866669602	1.2960475640809255	0.315878963248974	0.2514260221134298	0.684121036751026	0.7485739778865702	0.8571428571428571	baseline
N_LP.669	0.0	1.0253116988385778	1.1227205785027072	1.7675306718072912	0.1884263418668767	0.23241832322074144	0.8115736581331233	0.7675816767792586	1.0	baseline
N_LP.67	0.14285714285714285	0.16681889732475602	0.48469966207013077	2.5822282853515617	0.43828546325700185	0.3151312603368054	0.5617145367429981	0.6848687396631946	0.5714285714285714	endpoint
N_LP.670	0.0	0.11770439000956727	0.3227475763499065	1.4312651559619305	0.42489790955241824	0.40772887836236976	0.5751020904475818	0.5922711216376302	0.7142857142857143	baseline
N_LP.671	0.0	0.4769268819988753	0.5586853861219517	1.0640142790449805	0.30535586907324347	0.3310865372063561	0.6946441309267566	0.6689134627936439	1.0	baseline
N_LP.672	0.0	0.14359129362819528	0.4948052648717621	1.4233535062609033	0.46308780594799054	0.5904916172238338	0.5369121940520094	0.5904916172238338	0.7142857142857143	endpoint
N_LP.673	0.0	0.5145289289042433	0.7200022347122791	1.1567719784240598	0.6246400199952262	0.536307755253931	0.6246400199952262	0.536307755253931	0.7142857142857143	endpoint
N_LP.674	0.0	0.3186886459518053	0.7882623640287717	1.0800602246435866	0.5358448853873276	0.5467444586661264	0.5358448853873276	0.5467444586661264	0.5714285714285714	endpoint
N_LP.675	0.0	0.1358160985899913	0.2934453903769907	1.185588891269241	0.4554819197365211	0.33686030688920693	0.5445180802634789	0.6631396931107931	0.5714285714285714	baseline
N_LP.676	0.0	0.17015614472766874	0.5888439521128822	1.4413461955388618	0.3654353062155108	0.2269443807209737	0.6345646937844892	0.7730556192790263	0.5714285714285714	baseline
N_LP.677	0.0	0.5290570742075834	0.7398359105159801	1.7928538019814826	0.5855612449267207	0.6327821154869773	0.5855612449267207	0.6327821154869773	0.7142857142857143	endpoint
N_LP.678	0.0	0.2467803221436172	0.2993248103932733	1.4061349044610325	0.38743970226920654	0.3846820576599095	0.6125602977307935	0.6153179423400905	0.7142857142857143	baseline
N_LP.679	0.0	0.012720705162657506	0.1686288408854425	1.6328992642856415	0.4274131493330024	0.37611809247362044	0.5725868506669975	0.6238819075263795	0.5714285714285714	endpoint
N_LP.68	0.0	0.9401355119691731	1.0826820885677404	1.3416902303526486	0.7653578991353385	0.8348724433972254	0.7653578991353385	0.8348724433972254	0.8571428571428571	endpoint
N_LP.680	0.14285714285714285	0.9470430046228889	0.990818311096998	2.019113180999629	0.7212076065418263	0.7349366735068246	0.7212076065418263	0.7349366735068246	0.8571428571428571	endpoint
N_LP.681	0.0	0.3156695887109487	0.9206351649829533	1.2709102280052844	0.5911438346775052	0.751507313452852	0.5911438346775052	0.751507313452852	0.5714285714285714	endpoint
N_LP.682	0.0	0.634240527022604	0.8552154193887107	1.6801993595393776	0.6428183069922124	0.6831180925534516	0.6428183069922124	0.6831180925534516	0.5714285714285714	endpoint
N_LP.683	0.0	0.6121201443685693	0.6852059977473111	1.470257246538913	0.653216356228484	0.6251611912466293	0.653216356228484	0.6251611912466293	0.8571428571428571	endpoint
N_LP.685	0.0	0.800847607844546	0.9239637225299185	1.1973938177928558	0.21999713649214722	0.26496213970553234	0.7800028635078528	0.7350378602944676	0.8571428571428571	baseline
N_LP.686	0.0	0.7287180516446751	0.9534625821818112	1.3103665409044065	0.2583465886185273	0.28044161290181624	0.7416534113814728	0.7195583870981838	0.8571428571428571	baseline
N_LP.687	0.0	0.0564826526438532	0.34959422001097384	1.1495938125691678	0.4607196296701249	0.5527641613241265	0.5392803703298751	0.5527641613241265	0.7142857142857143	endpoint
N_LP.688	0.0	0.6628566293452554	1.0420532506438105	1.582795688266974	0.23184357130176728	0.05830808302423478	0.7681564286982328	0.9416919169757653	0.8571428571428571	baseline
N_LP.689	0.0	0.5236740573224858	1.0518207373859312	1.4916384125802686	0.35287003187659094	0.22398893441756787	0.6471299681234091	0.7760110655824322	0.7142857142857143	baseline
N_LP.69	0.0	0.45538126216239416	1.1410688103483586	1.3318110628089517	0.32131790862439363	0.17380904437322592	0.6786820913756064	0.8261909556267741	0.7142857142857143	baseline
N_LP.690	0.0	0.24018174430659375	0.5869488846462552	1.2507965598692676	0.3775810539826751	0.3120725282708096	0.6224189460173248	0.6879274717291903	0.7142857142857143	baseline
N_LP.691	0.0	0.41967036646769923	0.692119065030548	0.95431623919913	0.5867044424739852	0.6266524545817139	0.5867044424739852	0.6266524545817139	0.7142857142857143	endpoint
N_LP.692	0.0	0.5864791302697351	0.6674491410082121	1.6923123904274426	0.6071848681469293	0.7995326449743407	0.6071848681469293	0.7995326449743407	0.7142857142857143	endpoint
N_LP.693	0.0	0.27731458444856866	0.3041170219632892	1.5350307126355491	0.5607062291102254	0.5431841494052665	0.5607062291102254	0.5431841494052665	0.7142857142857143	endpoint
N_LP.694	0.0	0.5387393961678439	0.9036379469776851	1.6516549249194648	0.31629850920285596	0.14813365793921648	0.683701490797144	0.8518663420607835	0.7142857142857143	baseline
N_LP.695	0.0	0.005062711181985932	0.33414805774498296	1.5170969529625602	0.4557594033431528	0.4773121798618489	0.5442405966568472	0.5226878201381511	0.5714285714285714	baseline
N_LP.696	0.0	0.014949773926023773	0.12748554224605552	1.147531962958371	0.4696793375366342	0.40673023083166404	0.5303206624633658	0.593269769168336	0.5714285714285714	baseline
N_LP.697	0.0	0.13392571007290496	0.3606543731129379	1.5855914814332446	0.3758817907624405	0.3118522718438255	0.6241182092375595	0.6881477281561745	0.5714285714285714	baseline
N_LP.698	0.0	0.43641261632251627	0.5921664897069133	1.385709469809443	0.33743022449661997	0.22570808561266095	0.66256977550338	0.774291914387339	0.7142857142857143	baseline
N_LP.699	0.0	0.5238021057208144	0.34693958561851346	1.2441164302733725	0.33793808522736374	0.31695545704822053	0.6620619147726363	0.6830445429517795	0.8571428571428571	baseline
N_LP.7	0.0	0.2972993351130243	0.6150115845460843	1.4815440172999335	0.571437454226176	0.6503679787975867	0.571437454226176	0.6503679787975867	0.5714285714285714	endpoint
N_LP.70	0.0	1.100669159400917	1.182764680281601	1.673106108178752	0.795846513609259	0.8069226365356283	0.795846513609259	0.8069226365356283	0.8571428571428571	endpoint
N_LP.700	0.0	0.28988457136532025	0.9926514340377771	1.4315510843766681	0.36108999979939155	0.26321949922988136	0.6389100002006085	0.7367805007701187	0.5714285714285714	baseline
N_LP.701	0.0	0.30325756511006885	0.1578832244383343	1.4346903893140064	0.5693970995127471	0.5047968141360015	0.5693970995127471	0.5047968141360015	0.5714285714285714	endpoint
N_LP.703	0.0	0.527964255228297	0.6718828082144745	1.3968916937196925	0.6360396225838275	0.8267036387817284	0.6360396225838275	0.8267036387817284	0.5714285714285714	endpoint
N_LP.704	0.0	0.33180241062575133	0.43048445917349165	1.3867285260653002	0.536296628217085	0.5619504934654459	0.536296628217085	0.5619504934654459	0.5714285714285714	endpoint
N_LP.705	0.0	0.32084939435802007	0.19809314550743112	1.2723618134947132	0.35465040110018986	0.4694251831422067	0.6453495988998101	0.5305748168577933	0.5714285714285714	baseline
N_LP.706	0.0	0.14306125462481153	0.11885926645605031	1.324860983184429	0.5091932120447107	0.46529088372797905	0.5091932120447107	0.534709116272021	0.5714285714285714	endpoint
N_LP.707	0.0	0.12307658088267795	0.29957536844049343	1.4048858290027024	0.4690787403358244	0.37570707475156717	0.5309212596641756	0.6242929252484328	0.7142857142857143	baseline
N_LP.708	0.0	0.02457828747560911	0.27434251871993326	1.8481870096166184	0.4831120926988947	0.5707285874367745	0.5168879073011052	0.5707285874367745	0.5714285714285714	endpoint
N_LP.709	0.0	0.4953090356692722	0.6876659419347928	1.3445242792639627	0.6345184534888506	0.6242990935833259	0.6345184534888506	0.6242990935833259	0.7142857142857143	endpoint
N_LP.71	0.0	0.2639172781733191	0.35575278549992934	1.6437898358654657	0.5112575670330081	0.5652264612791779	0.5112575670330081	0.5652264612791779	0.7142857142857143	endpoint
N_LP.710	0.0	0.2405628050375576	0.11063403076431498	1.6688102592319307	0.3772078183263972	0.44313777041637714	0.6227921816736028	0.5568622295836229	0.5714285714285714	baseline
N_LP.711	0.0	0.32744059730179476	0.7605951541742447	1.4610444487252356	0.4232931395082649	0.3132778897616444	0.5767068604917351	0.6867221102383556	0.7142857142857143	baseline
N_LP.712	0.0	0.2528696034801574	0.2645620181260898	1.2990978998888354	0.3884970315735433	0.4155007511549018	0.6115029684264567	0.5844992488450982	0.7142857142857143	baseline
N_LP.713	0.0	0.19744571673044864	0.8524799736829756	1.4877443312537253	0.5857070867493598	0.7300145728496753	0.5857070867493598	0.7300145728496753	0.5714285714285714	endpoint
N_LP.714	0.0	0.5146616370700542	0.7447554197948035	1.4697680501588444	0.318086680335259	0.3280438575812272	0.681913319664741	0.6719561424187728	0.7142857142857143	baseline
N_LP.715	0.0	0.0532483842492425	0.10284794653922535	1.1173582671423845	0.47725516661715445	0.4077804035938632	0.5227448333828455	0.5922195964061368	0.5714285714285714	baseline
N_LP.716	0.0	1.0348988293271517	1.064786454067467	1.41585234581843	0.7647927754048414	0.767442426526863	0.7647927754048414	0.767442426526863	1.0	endpoint
N_LP.717	0.0	0.6211581590270737	0.8110421504403567	1.284090575874413	0.27799289726432946	0.3022171328254687	0.7220071027356705	0.6977828671745313	0.8571428571428571	baseline
N_LP.718	0.0	0.49650562163516077	0.3580753037784834	1.190755125676025	0.32958344164908665	0.31735576645722346	0.6704165583509134	0.6826442335427765	0.7142857142857143	baseline
N_LP.719	0.0	0.17585660337375403	0.2534792575916029	1.3702659933437868	0.5024863228579848	0.46497823982615266	0.5024863228579848	0.5350217601738474	0.5714285714285714	endpoint
N_LP.72	0.0	0.03500923702449145	0.25281875867611525	1.068638312911804	0.472856752225694	0.6768722464588053	0.527143247774306	0.6768722464588053	0.5714285714285714	endpoint
N_LP.720	0.0	0.6094487637839767	0.8921624200856825	1.6405442381823316	0.6165625924083312	0.5865845748059297	0.6165625924083312	0.5865845748059297	0.8571428571428571	endpoint
N_LP.721	0.0	0.23506130845396908	0.5897071028219935	1.686077970703365	0.3699143956730194	0.2662886243262364	0.6300856043269806	0.7337113756737637	0.7142857142857143	baseline
N_LP.722	0.0	0.5623881117199583	0.7659279561889712	1.4187740103574875	0.3000456179396429	0.22175179768352446	0.6999543820603571	0.7782482023164755	0.8571428571428571	baseline
N_LP.723	0.0	0.47184378605097066	0.7691329454463229	1.3525705893583628	0.3535280208568392	0.30229265749121004	0.6464719791431608	0.69770734250879	0.7142857142857143	baseline
N_LP.724	0.0	0.6531484836408893	0.8166033573727257	1.3059242146318266	0.3033155914008102	0.27432506168628096	0.6966844085991898	0.7256749383137191	0.8571428571428571	baseline
N_LP.725	0.0	0.05580493398742207	0.11219738194884285	1.1427994209068082	0.452819959975506	0.39362194943127493	0.5471800400244939	0.6063780505687251	0.7142857142857143	baseline
N_LP.726	0.0	0.41960463703488976	0.5021576596519609	1.184289854049476	0.34998545152810784	0.3494443480573417	0.6500145484718922	0.6505556519426583	0.8571428571428571	baseline
N_LP.727	0.0	0.463661782575951	0.054011747203485096	1.4061747508359552	0.3555356491069605	0.4686664453809366	0.6444643508930394	0.5313335546190634	0.7142857142857143	baseline
N_LP.728	0.0	0.39517088938502515	0.37282150719273405	1.1158247693239378	0.5811468398063637	0.5826477297865156	0.5811468398063637	0.5826477297865156	0.5714285714285714	endpoint
N_LP.729	0.0	0.2586730846189409	0.196505245161373	1.5541564540847879	0.5877582736242469	0.37949642857872745	0.5877582736242469	0.6205035714212725	0.5714285714285714	endpoint
N_LP.73	0.0	0.6431774218697016	0.46998907692679803	1.4572326244785012	0.28759600018028925	0.35436279694478146	0.7124039998197107	0.6456372030552185	0.8571428571428571	baseline
N_LP.730	0.0	0.48055089267478707	0.809976918039872	1.605893446661725	0.6337928538020771	0.5549600188950826	0.6337928538020771	0.5549600188950826	0.7142857142857143	endpoint
N_LP.731	0.0	0.4044393981776252	0.20051167565257946	1.4813460515911487	0.3358301724923762	0.43409719064293817	0.6641698275076238	0.5659028093570618	0.8571428571428571	baseline
N_LP.732	0.0	0.2122395218450814	0.22053006499456235	1.3190944796175905	0.39829786894595376	0.3621127516089618	0.6017021310540462	0.6378872483910383	0.7142857142857143	baseline
N_LP.733	0.0	0.2015694793342852	0.5873230318267408	1.4150974692475022	0.36536027964471984	0.3233527025370821	0.6346397203552802	0.6766472974629179	0.5714285714285714	baseline
N_LP.734	0.0	0.017039463190171227	0.10507929312413936	1.2217792479741791	0.49036831964740013	0.5458360551875795	0.5096316803525999	0.5458360551875795	0.5714285714285714	endpoint
N_LP.735	0.0	0.22738449132258162	0.6725768515649307	1.0963190356186319	0.43856406464296177	0.3233879285991393	0.5614359353570382	0.6766120714008608	0.7142857142857143	baseline
N_LP.736	0.0	0.09468268790239809	0.1616024372579607	1.2375084855642684	0.4458071803375642	0.4383220937936186	0.5541928196624357	0.5616779062063815	0.5714285714285714	baseline
N_LP.737	0.0	0.05139312871696666	0.1995148150434167	1.4115697915161909	0.4644493242897795	0.378506636436196	0.5355506757102205	0.621493363563804	0.5714285714285714	baseline
N_LP.739	0.0	0.20990215103919058	0.2790253855569456	0.8953326623166517	0.5365691062795538	0.5375412926452504	0.5365691062795538	0.5375412926452504	0.5714285714285714	endpoint
N_LP.74	0.0	0.2957396947966279	0.6230452192118994	1.9400466025265146	0.5263012442651235	0.6502227266643011	0.5263012442651235	0.6502227266643011	0.5714285714285714	endpoint
N_LP.741	0.0	0.5668100820229653	0.7447927177723471	1.515042130596676	0.2991087955708022	0.312346408683948	0.7008912044291977	0.687653591316052	0.8571428571428571	baseline
N_LP.742	0.0	0.3117717463580806	1.0617542147844439	1.7384166476737783	0.5109416781286312	0.6920192853259396	0.5109416781286312	0.6920192853259396	0.5714285714285714	endpoint
N_LP.743	0.0	0.5955088879580405	0.694207388922227	1.6441431825376926	0.6388479247986435	0.6271029407008052	0.6388479247986435	0.6271029407008052	0.7142857142857143	endpoint
N_LP.744	0.0	0.07524470874971086	0.6370831912290743	1.3450996426299777	0.5126391810994779	0.6542277321147829	0.5126391810994779	0.6542277321147829	0.5714285714285714	endpoint
N_LP.745	0.0	0.5715011832164637	1.1867999406197318	1.7342184183826945	0.2800371301459823	0.10325119443058793	0.7199628698540177	0.896748805569412	0.7142857142857143	baseline
N_LP.746	0.0	0.9371439335082205	1.1772644247234776	1.5625442970975196	0.17815873678495223	0.15683660669150148	0.8218412632150478	0.8431633933084985	1.0	baseline
N_LP.747	0.0	0.6249973425461712	0.7642686336780709	1.2474257904342954	0.2983285056392462	0.30936861828090834	0.7016714943607538	0.6906313817190917	0.8571428571428571	baseline
N_LP.748	0.0	0.17266297461243255	0.2776320761688019	1.3245446145518605	0.41703686490781994	0.34230757128073264	0.58296313509218	0.6576924287192674	0.5714285714285714	baseline
N_LP.749	0.0	0.43634968895397147	0.6250255894320023	1.3403007282841688	0.34674786374194905	0.28607596808161223	0.653252136258051	0.7139240319183877	0.7142857142857143	baseline
N_LP.75	0.0	0.4980275206719971	0.7301501165055821	1.1589257554637213	0.34715278619489087	0.298054642263448	0.6528472138051091	0.701945357736552	0.8571428571428571	baseline
N_LP.750	0.0	0.6146819274147727	0.9403634920246946	1.589861138485642	0.29312768820048046	0.1657584283398481	0.7068723117995195	0.8342415716601519	0.8571428571428571	baseline
N_LP.751	0.0	0.3167487823439095	0.9638768107866592	1.552941006826998	0.5897476095414872	0.7273976323642158	0.5897476095414872	0.7273976323642158	0.5714285714285714	endpoint
N_LP.752	0.14285714285714285	0.9384387581786523	1.3823987999812561	2.8047246622793414	0.6989431828780559	0.855053557395452	0.6989431828780559	0.855053557395452	0.7142857142857143	endpoint
N_LP.753	0.0	0.7538322329462664	0.8116735318870366	1.412255780483627	0.2532366734490393	0.17717890135715225	0.7467633265509608	0.8228210986428477	0.8571428571428571	baseline
N_LP.754	0.0	0.7438938312444809	1.1091544727693035	1.5824644478758514	0.7081667699160633	0.7166139127178026	0.7081667699160633	0.7166139127178026	0.7142857142857143	endpoint
N_LP.755	0.0	0.337153880799447	0.09129496723322536	1.02529871981275	0.585560580310358	0.4900587885997779	0.585560580310358	0.5099412114002221	0.5714285714285714	endpoint
N_LP.756	0.0	0.2994531287709857	0.5057591512870285	1.2507884854263935	0.3895756713093796	0.3160209177990323	0.6104243286906204	0.6839790822009677	0.8571428571428571	baseline
N_LP.757	0.0	0.6703336406071275	0.6154475834373347	1.2944138534792735	0.2813081171455131	0.30369415885047923	0.7186918828544868	0.6963058411495208	0.7142857142857143	baseline
N_LP.758	0.0	0.33095749045165956	0.5862553910836993	1.8801108597864455	0.4122620966224445	0.31729056945243256	0.5877379033775555	0.6827094305475674	0.5714285714285714	baseline
N_LP.759	0.0	0.7071700530743922	1.0204950058533964	1.8487162232243837	0.6699228167324119	0.7088836535602167	0.6699228167324119	0.7088836535602167	0.7142857142857143	endpoint
N_LP.76	0.0	0.6872903624672357	0.7980480272296185	1.4733169632802157	0.6782741759588202	0.64950308961518	0.6782741759588202	0.64950308961518	0.8571428571428571	endpoint
N_LP.760	0.0	0.05251904706742879	0.1809195184918479	1.909647608281553	0.4298994932424572	0.3985603875015125	0.5701005067575429	0.6014396124984875	0.7142857142857143	baseline
N_LP.761	0.0	0.8230694497731665	1.0989915623161468	1.6411940885592566	0.7004431712705942	0.6396985223735695	0.7004431712705942	0.6396985223735695	0.7142857142857143	endpoint
N_LP.762	0.0	0.3839781891135536	0.9632549573920764	1.3289841268502902	0.3438087867869643	0.26956080707577856	0.6561912132130356	0.7304391929242214	0.7142857142857143	baseline
N_LP.763	0.0	0.5385673146824116	0.937070178146013	1.5014926998209142	0.31313602837027926	0.15345399399887297	0.6868639716297207	0.8465460060011271	0.8571428571428571	baseline
N_LP.764	0.0	0.7268962916667345	1.117230047378863	1.9614468243368808	0.3101907151701527	0.1804146937377767	0.6898092848298474	0.8195853062622234	0.7142857142857143	baseline
N_LP.765	0.0	0.5682445699009834	0.657570429519851	1.1692599946421347	0.3004194223133238	0.2636555770260462	0.6995805776866761	0.7363444229739537	0.8571428571428571	baseline
N_LP.766	0.0	0.2659039098979764	0.18249108888212642	1.5613146368650181	0.3758892903116264	0.40902980763887814	0.6241107096883736	0.5909701923611219	0.8571428571428571	baseline
N_LP.767	0.0	0.3108392472256235	0.6768548274675119	1.5508734490425764	0.3588973627696719	0.21847703305515187	0.6411026372303281	0.7815229669448481	0.7142857142857143	baseline
N_LP.768	0.0	0.12639836583373273	0.47112089458800926	1.1353643255635424	0.45318913427873514	0.3304099289749095	0.5468108657212649	0.6695900710250905	0.5714285714285714	baseline
N_LP.769	0.0	0.9854893158100825	1.1882696299512119	1.7085235288686802	0.21545180748680015	0.0890405389816525	0.7845481925131998	0.9109594610183475	0.8571428571428571	baseline
N_LP.77	0.0	0.3412978177297813	0.8349786350972098	1.4739149780624117	0.40903438488548377	0.298557339127513	0.5909656151145162	0.7014426608724871	0.7142857142857143	baseline
N_LP.770	0.0	0.2603467388976652	0.2013894999942901	1.4847417549161037	0.5364879261468661	0.5363510888418713	0.5364879261468661	0.5363510888418713	0.5714285714285714	endpoint
N_LP.771	0.0	0.9985097442158949	1.0364904276908475	1.7591823360205385	0.75524661331087	0.8237145924286662	0.75524661331087	0.8237145924286662	0.8571428571428571	endpoint
N_LP.772	0.0	1.2266847611321947	1.290153634058166	1.8206543507706254	0.14302378732559415	0.08460552941347817	0.8569762126744058	0.9153944705865218	1.0	baseline
N_LP.773	0.0	0.4669804072496938	0.6653991683356323	1.3332445812474474	0.375070032753068	0.30226759178461354	0.624929967246932	0.6977324082153864	0.8571428571428571	baseline
N_LP.774	0.0	0.1294030159880666	0.11832094206653619	1.0466007317701485	0.510679681187013	0.44431306870866666	0.510679681187013	0.5556869312913333	0.5714285714285714	endpoint
N_LP.775	0.0	0.751960575431145	0.8619862031562521	1.5736142627316199	0.7092484434856674	0.8869516037707699	0.7092484434856674	0.8869516037707699	0.8571428571428571	endpoint
N_LP.776	0.0	0.3620339792395271	0.3149131497628361	1.3963420304256884	0.39732580120515076	0.33074376287111995	0.6026741987948492	0.66925623712888	0.7142857142857143	baseline
N_LP.777	0.0	0.1583823401897149	0.8286311646270864	1.8442052899951429	0.5322745184751353	0.7109318763004742	0.5322745184751353	0.7109318763004742	0.5714285714285714	endpoint
N_LP.778	0.0	0.17686489773969893	0.37372808560565435	1.130526634836855	0.4512412777981676	0.36908072125348845	0.5487587222018324	0.6309192787465115	0.7142857142857143	baseline
N_LP.779	0.0	0.6084059282791776	0.4858096654117388	1.2935805174303003	0.28714040562033505	0.2843495294580521	0.712859594379665	0.715650470541948	1.0	baseline
N_LP.78	0.0	0.010874079315955973	0.08501102849302934	1.4200417340505527	0.4934111402095907	0.5553095548447745	0.5065888597904094	0.5553095548447745	0.5714285714285714	baseline
N_LP.780	0.0	0.2581915045259968	0.7288405979924578	1.6761122360873206	0.5279762154230965	0.5376591059930539	0.5279762154230965	0.5376591059930539	0.5714285714285714	endpoint
N_LP.781	0.0	0.9397735102581393	1.080737968235419	1.6318242279269792	0.2094684649743507	0.1930360889351194	0.7905315350256493	0.8069639110648806	1.0	baseline
N_LP.782	0.0	0.5493106355243135	0.8263636313941662	1.2650689293838806	0.2683325855971049	0.2993175870799092	0.7316674144028952	0.7006824129200908	0.8571428571428571	baseline
N_LP.783	0.0	0.11634252763664536	0.3585359243836127	1.247246666165836	0.43784428065737385	0.32620752038620404	0.5621557193426261	0.673792479613796	0.7142857142857143	baseline
N_LP.784	0.0	0.3619364686345419	1.0420246573335292	1.5438642246045948	0.32939343149708805	0.12662116778765234	0.6706065685029119	0.8733788322123477	0.7142857142857143	baseline
N_LP.785	0.0	0.4100483212436859	0.5941664350136101	1.2963594381302814	0.3451747195111302	0.3491793263629014	0.6548252804888698	0.6508206736370986	0.8571428571428571	baseline
N_LP.786	0.0	0.3905632899273031	0.8154399065283044	1.1361811837909197	0.345276990156263	0.2723594167182716	0.654723009843737	0.7276405832817284	0.5714285714285714	baseline
N_LP.787	0.0	0.6521461316538203	0.8642704561845114	1.1759271094164614	0.2504245800915346	0.2859743011356057	0.7495754199084654	0.7140256988643943	1.0	baseline
N_LP.788	0.0	0.12628975504363324	0.19661590293620243	1.8338830832562942	0.5109210782668921	0.39616047248919295	0.5109210782668921	0.603839527510807	0.5714285714285714	endpoint
N_LP.789	0.0	0.07897593495053336	0.02888453388396985	1.6598641662328597	0.5054475418174745	0.47330414274847427	0.5054475418174745	0.5266958572515257	0.5714285714285714	endpoint
N_LP.79	0.0	0.820843541345028	1.316312958862263	1.9591553702926134	0.24185647929579218	0.05472856108339777	0.7581435207042078	0.9452714389166023	0.8571428571428571	baseline
N_LP.790	0.0	0.2422483860319969	0.17017724254602254	1.7780834857965626	0.4880967029356457	0.5279219588341854	0.5119032970643542	0.5279219588341854	0.5714285714285714	endpoint
N_LP.791	0.0	0.901047272749965	1.1374049904059178	1.5372041963718075	0.23921799873689414	0.19118983213811974	0.7607820012631059	0.8088101678618802	0.8571428571428571	baseline
N_LP.792	0.0	0.48370058169251556	0.6037515990054287	1.969247278523824	0.3678571885160754	0.24556059824149898	0.6321428114839246	0.754439401758501	0.7142857142857143	baseline
N_LP.793	0.0	0.49883220390575084	0.47051165462140027	1.2355347057872703	0.29406343503297555	0.3548985875623036	0.7059365649670244	0.6451014124376964	0.7142857142857143	baseline
N_LP.794	0.0	0.647607693389797	0.7535345525887157	1.2319081557064497	0.2975276831880466	0.2203540517007003	0.7024723168119533	0.7796459482992997	0.8571428571428571	baseline
N_LP.795	0.0	0.18003249275200692	0.04242847413848383	1.640763429227993	0.44587468775179095	0.4681983605942866	0.554125312248209	0.5318016394057135	0.5714285714285714	baseline
N_LP.796	0.0	0.2983665150345046	0.21777564344493788	1.0263981941729678	0.37233695776481573	0.36501653848382354	0.6276630422351843	0.6349834615161765	0.7142857142857143	baseline
N_LP.797	0.0	0.42874923542572946	0.5982708722598857	1.4591929184685626	0.30643521572783566	0.24285213051039234	0.6935647842721644	0.7571478694896077	0.7142857142857143	baseline
N_LP.798	0.0	0.011071117951937446	0.034495984018712456	1.5912362429245337	0.528300907095017	0.4391231599779975	0.528300907095017	0.5608768400220026	0.5714285714285714	endpoint
N_LP.799	0.0	0.6174963704692137	0.9827149931674463	1.6646900151139457	0.6391196590029603	0.6893388187092939	0.6391196590029603	0.6893388187092939	0.8571428571428571	endpoint
N_LP.8	0.0	0.5096880604870162	0.7134275974704899	1.5627377653600967	0.318594310529628	0.3171420113491662	0.681405689470372	0.6828579886508338	0.8571428571428571	baseline
N_LP.80	0.0	0.6362100103929499	0.6950579188258909	1.6752493507379733	0.6246041107145661	0.6696703557970816	0.6246041107145661	0.6696703557970816	0.7142857142857143	endpoint
N_LP.800	0.0	0.09181477684661879	0.2947618849879739	1.5407362145218455	0.4837733142801269	0.5409359167191369	0.5162266857198732	0.5409359167191369	0.5714285714285714	baseline
N_LP.801	0.0	0.5692380604720847	0.34188131677257416	1.483266617195081	0.6453047323685083	0.5732613341162583	0.6453047323685083	0.5732613341162583	0.7142857142857143	endpoint
N_LP.802	0.0	0.04027959354445211	0.49566382651353036	1.5873496739029458	0.5227027029944035	0.4157246478836829	0.5227027029944035	0.5842753521163171	0.5714285714285714	endpoint
N_LP.803	0.0	0.47602448970891725	0.9402757233826026	1.448130378194052	0.3536500579042899	0.28245783138255953	0.6463499420957102	0.7175421686174405	0.5714285714285714	baseline
N_LP.804	0.0	0.36276930094046334	0.5262905952186782	1.124976424115036	0.5886277122324308	0.6418788538337091	0.5886277122324308	0.6418788538337091	0.5714285714285714	endpoint
N_LP.805	0.0	0.5410990744376095	0.5955442272756102	1.8402421342911075	0.3412771870668739	0.24825985174528967	0.6587228129331262	0.7517401482547104	0.8571428571428571	baseline
N_LP.806	0.0	0.0706290260441538	0.1461413099824243	1.6323593725121335	0.43120145207183364	0.5004277224423073	0.5687985479281663	0.5004277224423073	0.5714285714285714	baseline
N_LP.807	0.0	0.9303038853940567	1.1494474341002494	1.793088269695619	0.22669638361022187	0.16887849281742154	0.7733036163897782	0.8311215071825785	0.8571428571428571	baseline
N_LP.808	0.0	0.06564166783764153	0.21312009801767814	1.329557833218451	0.4307960616772638	0.4797998104385851	0.5692039383227362	0.5202001895614149	0.7142857142857143	baseline
N_LP.809	0.0	0.22521454156700102	0.7957027950927652	1.6309077768784992	0.3770916070738421	0.23922308385471217	0.6229083929261579	0.7607769161452879	0.7142857142857143	baseline
N_LP.81	0.0	0.5099516523795435	0.6520474508730799	1.3539227107258673	0.29216191630616334	0.20342676078919109	0.7078380836938367	0.7965732392108089	0.7142857142857143	baseline
N_LP.810	0.0	0.9973480751526785	1.1435315087419842	1.8741175298012396	0.7527160433081914	0.7657304635577145	0.7527160433081914	0.7657304635577145	0.8571428571428571	endpoint
N_LP.811	0.0	0.03965076328512672	0.31319689042246296	1.5223728078831347	0.4978278936561486	0.511758061538789	0.5021721063438513	0.511758061538789	0.5714285714285714	endpoint
N_LP.812	0.0	1.1737843181974574	1.256408533499276	1.5061706903976686	0.11993998509918936	0.06002400273437753	0.8800600149008106	0.9399759972656224	1.0	baseline
N_LP.814	0.0	0.1761950468831172	0.31064858190873457	1.115945422779233	0.43763733421770573	0.4103388322456863	0.5623626657822942	0.5896611677543138	0.7142857142857143	baseline
N_LP.815	0.0	0.5453327742955422	0.9458246081232528	1.25849271938081	0.32863834408195697	0.20587312235530023	0.6713616559180431	0.7941268776446998	0.7142857142857143	baseline
N_LP.816	0.0	0.1960831711724835	0.5726549811750412	1.571313742247724	0.39339285813570457	0.2557877035070928	0.6066071418642954	0.7442122964929072	0.5714285714285714	baseline
N_LP.817	0.0	0.18241030659948024	0.2843789308160283	1.6884860330714924	0.4967902893818981	0.3402148382398978	0.5032097106181019	0.6597851617601023	0.5714285714285714	endpoint
N_LP.818	0.14285714285714285	0.31714960319228996	0.4686912960773324	2.0295506314552534	0.5469167320792387	0.4978833081127263	0.5469167320792387	0.5021166918872737	0.5714285714285714	endpoint
N_LP.819	0.0	0.389310680183255	0.5368008945389244	1.5470101417614845	0.6100449546692046	0.7791545071927468	0.6100449546692046	0.7791545071927468	0.5714285714285714	endpoint
N_LP.82	0.0	0.605790137740504	0.5381686246540518	1.5524130582049798	0.2650717287887988	0.24580034778724488	0.7349282712112012	0.7541996522127551	0.8571428571428571	baseline
N_LP.820	0.0	0.23001189998272434	0.05507936667360767	1.3039660707969811	0.5569547060759759	0.48923241999638994	0.5569547060759759	0.51076758000361	0.5714285714285714	endpoint
N_LP.821	0.0	0.526450345172096	0.7505128505258503	1.1029385350325034	0.3138218421514126	0.3154528099740513	0.6861781578485874	0.6845471900259488	0.7142857142857143	baseline
N_LP.822	0.0	0.14556199032350123	0.0012303743877274927	1.1606358251367443	0.4221872076492171	0.5494493201410147	0.577812792350783	0.5494493201410147	0.5714285714285714	baseline
N_LP.823	0.0	0.03316422917080449	0.16340755471914625	1.5430256437109529	0.48173658482664233	0.48851766339537256	0.5182634151733576	0.5114823366046275	0.5714285714285714	endpoint
N_LP.824	0.0	0.28936170651981835	0.48025776640249934	1.150516225097362	0.5459191741046446	0.57825143076507	0.5459191741046446	0.57825143076507	0.5714285714285714	endpoint
N_LP.825	0.0	0.48043522163319924	0.46813626769155314	1.4406687495680273	0.5862512657421121	0.5835948180248784	0.5862512657421121	0.5835948180248784	0.7142857142857143	endpoint
N_LP.826	0.0	0.39337782606384936	0.485544089068973	1.4523139559620368	0.6096231639789548	0.5004600334116979	0.6096231639789548	0.5004600334116979	0.5714285714285714	endpoint
N_LP.827	0.0	1.0727045923835536	1.166370532831539	1.467907559148616	0.16141036091549885	0.09173029586842506	0.8385896390845011	0.9082697041315749	1.0	baseline
N_LP.828	0.0	0.021520872057821543	0.5483920035826821	1.6520310642356764	0.5039703704184	0.6244794237233708	0.5039703704184	0.6244794237233708	0.5714285714285714	baseline
N_LP.829	0.0	0.5289643009307771	0.3272459685222315	1.8552138301484793	0.3683705276905852	0.32428332672375315	0.6316294723094148	0.6757166732762468	0.5714285714285714	baseline
N_LP.830	0.0	0.49657485190278966	0.4580810394753726	1.2538305338589513	0.3596030881176638	0.32069648222753866	0.6403969118823363	0.6793035177724613	0.8571428571428571	baseline
N_LP.831	0.14285714285714285	0.343940724217628	0.8117566214616201	2.0018742876559386	0.43056806031561845	0.19424704967354106	0.5694319396843815	0.8057529503264589	0.5714285714285714	baseline
N_LP.832	0.0	0.3275251923534876	0.1802303977841805	1.3443554226359378	0.35901241895079383	0.4157913738912353	0.6409875810492062	0.5842086261087647	0.7142857142857143	baseline
N_LP.833	0.0	0.1692679410870084	0.2953105344391638	1.4219171480337949	0.5564476280331709	0.6208790024409064	0.5564476280331709	0.6208790024409064	0.7142857142857143	endpoint
N_LP.834	0.0	0.08993290284515358	0.24962352110134153	1.4769503641903177	0.4500867576318236	0.5156232753682878	0.5499132423681764	0.5156232753682878	0.7142857142857143	endpoint
N_LP.835	0.0	0.0012020534066908997	0.45097255847105855	1.6179738881229606	0.4706290374860755	0.36017528316680714	0.5293709625139245	0.6398247168331929	0.5714285714285714	baseline
N_LP.836	0.0	0.23167358436287686	0.20813839175152962	1.637587099099379	0.538152361095776	0.5222497917144375	0.538152361095776	0.5222497917144375	0.5714285714285714	endpoint
N_LP.837	0.0	0.21321028939048686	0.4302559583323162	1.525283360016763	0.5676530807875263	0.5618796172890363	0.5676530807875263	0.5618796172890363	0.5714285714285714	endpoint
N_LP.838	0.0	0.4145897737503968	0.3174817548320961	1.503483685566751	0.4003336674256957	0.33970948114235433	0.5996663325743044	0.6602905188576457	0.5714285714285714	baseline
N_LP.839	0.0	0.2193583290891795	0.3441383663312931	1.6233393599298687	0.5328196067344783	0.4788396584757289	0.5328196067344783	0.5211603415242712	0.5714285714285714	endpoint
N_LP.84	0.0	0.08150511786314103	0.046522361319774407	1.2614646419365019	0.44216907822435825	0.4333353500876522	0.5578309217756418	0.5666646499123478	0.5714285714285714	baseline
N_LP.841	0.14285714285714285	1.3032080257105914	1.0573029712114612	2.237378122100578	0.13140099574065794	0.09639589961717265	0.8685990042593421	0.9036041003828273	1.0	baseline
N_LP.842	0.0	0.05499117811243596	0.04305276762000707	1.4768964588971885	0.521620101184465	0.4196396676561251	0.521620101184465	0.5803603323438749	0.5714285714285714	endpoint
N_LP.843	0.0	0.961944491219822	0.9962665484792219	1.716796114429697	0.21918133044219207	0.1940793030117686	0.7808186695578079	0.8059206969882314	1.0	baseline
N_LP.844	0.0	0.8005731976224999	1.0362347469693256	1.6667076833106726	0.20732708477527478	0.16239226420306763	0.7926729152247252	0.8376077357969324	0.8571428571428571	baseline
N_LP.845	0.0	0.35474091078097086	0.5593792558411375	1.2704659526334185	0.597899025253698	0.6330292031517456	0.597899025253698	0.6330292031517456	0.7142857142857143	endpoint
N_LP.846	0.0	0.05450338289248687	0.6801139579542564	1.9286669762084365	0.5200186318456975	0.6753488934039336	0.5200186318456975	0.6753488934039336	0.5714285714285714	baseline
N_LP.847	0.0	0.07909798503474823	0.7802168063058129	1.469274152161031	0.4561047602584006	0.2712601326403922	0.5438952397415995	0.7287398673596077	0.5714285714285714	baseline
N_LP.849	0.0	0.10555513918652869	0.3578089605873371	1.9919413005979307	0.5178457366546599	0.38533488848683994	0.5178457366546599	0.6146651115131601	0.5714285714285714	endpoint
N_LP.85	0.0	0.08417792440128359	0.1846981980740698	1.1838728202208488	0.473432779262041	0.5171933529490808	0.526567220737959	0.5171933529490808	0.5714285714285714	endpoint
N_LP.851	0.0	0.8007114096683858	0.7822054269087002	1.906384641552817	0.26526502982948885	0.2589452178263503	0.7347349701705111	0.7410547821736497	1.0	baseline
N_LP.852	0.0	0.6759940402992222	1.1305727190589625	1.7037447199945748	0.6311578163460158	0.7872847538431192	0.6311578163460158	0.7872847538431192	0.7142857142857143	endpoint
N_LP.853	0.0	0.5285627839972051	0.5692914575673566	1.107755781362195	0.33587521177868374	0.33917985625527364	0.6641247882213163	0.6608201437447263	0.8571428571428571	baseline
N_LP.854	0.0	0.08664126649495332	0.6081569539193148	1.6358864527007912	0.43914921856983724	0.5919441230352482	0.5608507814301628	0.5919441230352482	0.5714285714285714	endpoint
N_LP.855	0.0	1.0449798778984447	1.4883697496098622	1.782023353518938	0.7300875623906935	0.8081530025095331	0.7300875623906935	0.8081530025095331	0.8571428571428571	endpoint
N_LP.856	0.0	0.9539163085665702	1.1092035463831633	1.1954988372910371	0.1902592101816503	0.1831956418688729	0.8097407898183497	0.8168043581311271	1.0	baseline
N_LP.857	0.0	0.0667950719334018	0.362721772359693	1.3988038829686977	0.47436958027475523	0.37076354295570374	0.5256304197252448	0.6292364570442963	0.5714285714285714	baseline
N_LP.858	0.0	0.7923297776318478	0.8317535006107426	1.5854172102787543	0.727927058269337	0.7577815166171594	0.727927058269337	0.7577815166171594	0.8571428571428571	endpoint
N_LP.859	0.0	0.2566586519725059	0.8539196205292127	1.4431957551543366	0.5040257022187032	0.5567831931340375	0.5040257022187032	0.5567831931340375	0.5714285714285714	endpoint
N_LP.86	0.0	0.10678682521206505	0.2215309049028025	1.5167766345056495	0.40848852869741503	0.37146399472571695	0.591511471302585	0.628536005274283	0.7142857142857143	baseline
N_LP.860	0.0	0.0036331626320606253	0.3613723910376823	1.091497321032242	0.4855349111880116	0.4548624973668321	0.5144650888119884	0.545137502633168	0.5714285714285714	baseline
N_LP.861	0.0	0.3223595468762223	0.4396894926212221	1.1947871446042222	0.37821324364332837	0.3972801531685119	0.6217867563566717	0.602719846831488	0.7142857142857143	baseline
N_LP.862	0.0	0.2046904929263412	0.35066446263261336	1.1621549184744338	0.41188625280080704	0.34959579999573875	0.588113747199193	0.6504042000042612	0.7142857142857143	baseline
N_LP.863	0.0	0.1642653435329784	0.17504654803503633	1.0983286931140994	0.4096107456906584	0.43959044126287317	0.5903892543093416	0.5604095587371268	0.7142857142857143	baseline
N_LP.864	0.0	0.5287417861808155	1.0211514966548496	1.2493123658923155	0.32657138872648867	0.2570715627659162	0.6734286112735113	0.7429284372340839	0.7142857142857143	baseline
N_LP.865	0.0	0.4677326927589169	0.8764665802887404	1.5087015086186537	0.314097655939438	0.23103467072340758	0.685902344060562	0.7689653292765924	0.7142857142857143	baseline
N_LP.866	0.0	0.08827905047778291	0.3016254919787852	1.402323966249593	0.4853296269563326	0.4789886917868987	0.5146703730436675	0.5210113082131014	0.5714285714285714	endpoint
N_LP.867	0.0	0.27450759837227073	0.211475470558541	1.6422950037868662	0.34704792961625947	0.4248534658911028	0.6529520703837406	0.5751465341088973	0.5714285714285714	baseline
N_LP.868	0.14285714285714285	1.1800934709918762	1.4868549764837191	2.130094168814073	0.7853112352376748	0.7519052269773491	0.7853112352376748	0.7519052269773491	0.8571428571428571	endpoint
N_LP.869	0.0	0.049169659449846255	0.22851764704793093	0.9418726293051386	0.4815294584591983	0.3912828221688702	0.5184705415408017	0.6087171778311298	0.5714285714285714	baseline
N_LP.87	0.0	0.27042130652969215	0.47787972417703034	1.5687347609612587	0.3795682788241389	0.3742642996639256	0.6204317211758611	0.6257357003360744	0.5714285714285714	baseline
N_LP.870	0.0	0.8670850742375765	1.1987209121962852	1.5919917341854701	0.19842436104239503	0.02981480600970507	0.801575638957605	0.9701851939902949	0.8571428571428571	baseline
N_LP.871	0.0	0.14312397745163635	0.36555912533208806	1.1254242867851711	0.43460044114497076	0.32389771885752183	0.5653995588550292	0.6761022811424782	0.5714285714285714	baseline
N_LP.872	0.0	0.1951710059672115	0.47368681334507223	1.0682458450637942	0.5423251911913692	0.5050291870778346	0.5423251911913692	0.5050291870778346	0.5714285714285714	endpoint
N_LP.873	0.0	0.034461053730482534	0.2989531416311669	1.6406823775326158	0.4268756858741378	0.3497643885062352	0.5731243141258622	0.6502356114937649	0.5714285714285714	baseline
N_LP.874	0.0	0.09540185599980495	0.007972035479188247	1.6384227820473158	0.4169699371595687	0.4280929871390422	0.5830300628404312	0.5719070128609578	0.7142857142857143	baseline
N_LP.875	0.0	0.6050840720641313	0.7453345690187907	1.7058894671544493	0.32041314218418127	0.2806803712610237	0.6795868578158187	0.7193196287389763	0.7142857142857143	baseline
N_LP.876	0.0	0.2709658132273335	0.5255992279047591	1.1933112565564759	0.5686924063148678	0.590731362323274	0.5686924063148678	0.590731362323274	0.5714285714285714	endpoint
N_LP.877	0.0	0.5505091851784307	1.0546921299451693	1.3283809403166673	0.3115610444036503	0.2498362915596517	0.6884389555963497	0.7501637084403483	0.7142857142857143	baseline
N_LP.878	0.0	0.5286956937057856	0.9234333140089483	1.341880140439116	0.3363403280085917	0.25390746770775546	0.6636596719914083	0.7460925322922445	0.8571428571428571	baseline
N_LP.879	0.0	1.084612241595272	1.198509882747704	1.7530207326497056	0.17949030473323563	0.1259776925303365	0.8205096952667643	0.8740223074696635	0.8571428571428571	baseline
N_LP.88	0.0	0.22888637060533584	0.7675596770325614	1.1659095834078728	0.49803835096722116	0.5435790998222668	0.5019616490327788	0.5435790998222668	0.5714285714285714	endpoint
N_LP.880	0.0	0.8791429741927066	1.1466555313185198	1.7367191328117813	0.7253191807771795	0.8212372868483092	0.7253191807771795	0.8212372868483092	0.8571428571428571	endpoint
N_LP.881	0.0	0.35237308084337987	0.6741860272141821	1.2920702726116382	0.5954552501970719	0.6640337276809314	0.5954552501970719	0.6640337276809314	0.7142857142857143	endpoint
N_LP.882	0.0	0.05690003646059162	0.42473814759114387	1.8806020861755632	0.4950531526888832	0.29667834814347355	0.5049468473111167	0.7033216518565264	0.5714285714285714	endpoint
N_LP.883	0.0	0.7125265268286308	0.7099751176075111	1.5417875901952962	0.29115429628913203	0.2106256380361589	0.708845703710868	0.7893743619638411	0.8571428571428571	baseline
N_LP.884	0.0	0.03360837431131511	0.027949205474608933	1.533755845141035	0.47260075515690486	0.4564491920242606	0.5273992448430951	0.5435508079757394	0.5714285714285714	baseline
N_LP.885	0.0	0.7943602042496185	0.6586930913067622	1.6256770002096557	0.24747698064348514	0.25060377417125124	0.7525230193565149	0.7493962258287488	1.0	baseline
N_LP.886	0.0	0.6799707290299655	0.7652935344558633	1.5483947420519935	0.6997371126666222	0.665801258132923	0.6997371126666222	0.665801258132923	0.7142857142857143	endpoint
N_LP.887	0.0	0.43072914539748475	0.5452845682732613	1.2389019186432346	0.3589728174101043	0.3320715416337682	0.6410271825898957	0.6679284583662318	0.8571428571428571	baseline
N_LP.888	0.0	0.6933018310039262	0.9904862282049854	1.9254487201201396	0.32871734942233016	0.1938601411497589	0.6712826505776699	0.8061398588502411	0.7142857142857143	baseline
N_LP.889	0.0	0.14418799508516184	0.07351636666718145	1.6822634164111712	0.5230223971991051	0.46830156691301167	0.5230223971991051	0.5316984330869883	0.5714285714285714	endpoint
N_LP.89	0.0	0.4121847930637471	0.8127096467629338	1.613796854170088	0.3312466259014363	0.14364537946600042	0.6687533740985637	0.8563546205339996	0.7142857142857143	baseline
N_LP.890	0.0	0.3982317816938849	0.5320669182310549	1.4760177127012	0.5517293732457483	0.6122829054583224	0.5517293732457483	0.6122829054583224	0.7142857142857143	endpoint
N_LP.891	0.0	0.7797322888519612	0.912581174511386	1.6136853249385112	0.7370872800269866	0.8937477860921084	0.7370872800269866	0.8937477860921084	0.7142857142857143	endpoint
N_LP.892	0.0	0.34068775880524027	0.5974765210708601	1.3274891696929172	0.5706692992750841	0.640622418115897	0.5706692992750841	0.640622418115897	0.5714285714285714	endpoint
N_LP.893	0.0	0.14051270495198298	0.44419589680658256	1.5164612185491448	0.44344627529834985	0.37735321645649234	0.5565537247016501	0.6226467835435077	0.7142857142857143	baseline
N_LP.894	0.0	0.878265089766014	1.1090452174858285	1.514822121697649	0.7229234248071047	0.7702557272662816	0.7229234248071047	0.7702557272662816	0.8571428571428571	endpoint
N_LP.895	0.0	0.2292354400148549	0.17019518328373756	1.6903971221487335	0.5049463787006101	0.530290328247018	0.5049463787006101	0.530290328247018	0.5714285714285714	endpoint
N_LP.896	0.0	0.7211737215773136	0.9135886008537194	1.6447241706315936	0.2584524853668243	0.23739176504145765	0.7415475146331757	0.7626082349585424	0.8571428571428571	baseline
N_LP.897	0.0	1.0583350087096415	0.9782455476921058	1.5909849732142236	0.15178689199972184	0.08205052349310449	0.8482131080002782	0.9179494765068955	1.0	baseline
N_LP.898	0.0	0.2476088010911352	0.12365521140651764	1.4420882051003738	0.5791789534623482	0.45067640541093484	0.5791789534623482	0.5493235945890651	0.5714285714285714	endpoint
N_LP.899	0.0	0.4946781705499031	1.1314731917148229	1.226819308977717	0.32073366568269623	0.21270560259829668	0.6792663343173038	0.7872943974017033	0.7142857142857143	baseline
N_LP.9	0.0	0.4608706382924949	0.6807904691641039	1.303783195228834	0.6320890219120675	0.6671244077579849	0.6320890219120675	0.6671244077579849	0.7142857142857143	endpoint
N_LP.90	0.0	0.5434935943590931	0.7191036206467195	1.0269315324394825	0.30890127264976736	0.3370733474662757	0.6910987273502327	0.6629266525337243	1.0	baseline
N_LP.900	0.0	0.7498216100487234	1.2144260374434406	1.39342922264284	0.7003174857088279	0.7264427131500358	0.7003174857088279	0.7264427131500358	0.8571428571428571	endpoint
N_LP.901	0.0	0.3380117125172338	0.8285448163185031	1.7916617244172244	0.387291194529046	0.2241337005705442	0.612708805470954	0.7758662994294558	0.7142857142857143	baseline
N_LP.902	0.0	0.46265722807275145	1.1472456257974613	1.8732200808674673	0.3619829783614813	0.1398143342686719	0.6380170216385187	0.860185665731328	0.7142857142857143	baseline
N_LP.903	0.0	0.6851999665883649	1.0140603167784599	1.492926373496309	0.6630846521434707	0.7197569256009327	0.6630846521434707	0.7197569256009327	0.7142857142857143	endpoint
N_LP.904	0.0	0.5330028881119021	0.5070603958959963	1.4224110061821094	0.63236394235561	0.7274830131780944	0.63236394235561	0.7274830131780944	0.7142857142857143	endpoint
N_LP.905	0.0	0.33495756929844756	0.013450057910049445	1.4619564578613342	0.5778185024613858	0.5753346957542793	0.5778185024613858	0.5753346957542793	0.5714285714285714	endpoint
N_LP.906	0.0	0.4245524892823957	0.7387301540632266	1.5561105765987364	0.3328186030837834	0.20116863578747013	0.6671813969162166	0.7988313642125299	0.7142857142857143	baseline
N_LP.907	0.0	0.23613494504691307	0.07243523845115112	1.518177765504965	0.3867038614652052	0.43729732636699536	0.6132961385347948	0.5627026736330046	0.5714285714285714	baseline
N_LP.908	0.0	0.29655873516489745	0.28718203101390316	1.7903982379120769	0.5046165972298574	0.5393008164295394	0.5046165972298574	0.5393008164295394	0.7142857142857143	endpoint
N_LP.909	0.0	0.5652379088818226	0.993273664683271	1.0698181762111008	0.31641028714939007	0.24415908181308774	0.6835897128506099	0.7558409181869122	0.8571428571428571	baseline
N_LP.91	0.0	0.7317854357550858	0.3669492610504763	1.5087668382373587	0.676192957515721	0.6800445847999308	0.676192957515721	0.6800445847999308	0.8571428571428571	endpoint
N_LP.910	0.0	0.3908226129132078	0.7011070437717019	1.1384656065964072	0.36712461408732056	0.3173504223747169	0.6328753859126794	0.6826495776252831	0.8571428571428571	baseline
N_LP.911	0.0	0.6267213812601504	0.7997210825900541	1.8245925999461843	0.29580132530253256	0.18036649338252203	0.7041986746974674	0.819633506617478	0.7142857142857143	baseline
N_LP.912	0.0	0.37500606655238905	1.1480731449679853	1.779655243466623	0.4166698736496245	0.2069675009093329	0.5833301263503755	0.7930324990906671	0.5714285714285714	baseline
N_LP.913	0.0	0.5785667531370652	0.8980967545532476	1.8808149614639895	0.2912124896938434	0.14985241980360778	0.7087875103061566	0.8501475801963922	0.7142857142857143	baseline
N_LP.914	0.0	0.2277347006164113	0.5693481647096345	1.6324174504334554	0.558080335743831	0.6001687340040394	0.558080335743831	0.6001687340040394	0.5714285714285714	endpoint
N_LP.915	0.0	0.8324505603776615	1.1960756835702455	1.3339684066756572	0.21401425902413643	0.12921393428466885	0.7859857409758636	0.8707860657153311	0.8571428571428571	baseline
N_LP.916	0.0	0.0012484539935315095	0.5023161369337241	1.9249616253747206	0.5177306786654766	0.6397168709196078	0.5177306786654766	0.6397168709196078	0.7142857142857143	endpoint
N_LP.917	0.0	0.11476023719753063	0.19554736205365103	1.8443225224154716	0.46140299882145225	0.5084353152932953	0.5385970011785477	0.5084353152932953	0.5714285714285714	endpoint
N_LP.918	0.0	0.23116182471284838	0.045794616967761596	1.641010907826228	0.35640359090854157	0.4695969599179528	0.6435964090914584	0.5304030400820472	0.5714285714285714	baseline
N_LP.919	0.0	0.18522554599419735	0.6187329581225105	1.2652224264958563	0.5016728444213172	0.5943122356887989	0.5016728444213172	0.5943122356887989	0.5714285714285714	endpoint
N_LP.92	0.0	0.5851774670933141	0.8221989822713486	1.386982482562374	0.6481323343012918	0.7519844827599669	0.6481323343012918	0.7519844827599669	0.7142857142857143	endpoint
N_LP.920	0.0	0.8281233918006784	1.1408650379740777	1.5984587122952627	0.18663165055225897	0.16072167336381393	0.8133683494477411	0.8392783266361861	0.8571428571428571	baseline
N_LP.921	0.0	0.5300621428984911	0.30692109934507833	1.3989477474910201	0.3146649556661633	0.37336313594852805	0.6853350443338366	0.6266368640514719	0.7142857142857143	baseline
N_LP.922	0.0	0.20650045869462094	0.27494543971662844	1.3280180117864056	0.40368546526743465	0.531485395262941	0.5963145347325653	0.531485395262941	0.5714285714285714	baseline
N_LP.923	0.0	0.5940261013767891	1.2735570326005894	1.6349400117791608	0.2685874631993864	0.13654379428371038	0.7314125368006136	0.8634562057162896	0.7142857142857143	baseline
N_LP.924	0.0	0.40343204632515495	1.0023299894798126	1.3572846729487456	0.3885086019231746	0.2611316742057723	0.6114913980768254	0.7388683257942277	0.7142857142857143	baseline
N_LP.925	0.0	0.17854350309276742	0.1165596511079998	1.8704492374949524	0.495475445374256	0.5491701538867019	0.504524554625744	0.5491701538867019	0.5714285714285714	endpoint
N_LP.926	0.0	0.038111205881514836	0.47347889576688035	1.8205607490572748	0.499806099122284	0.3645493023999579	0.500193900877716	0.635450697600042	0.7142857142857143	baseline
N_LP.927	0.0	0.3295788209297718	0.9434614938801119	1.935135541377764	0.504480297051933	0.5934286556641395	0.504480297051933	0.5934286556641395	0.5714285714285714	endpoint
N_LP.928	0.0	0.6524188761354363	1.1904950908539118	1.479190452416229	0.3094597066467811	0.1582649588690169	0.690540293353219	0.8417350411309831	0.7142857142857143	baseline
N_LP.929	0.0	0.8087574724970779	1.07290182604412	1.5927848610512267	0.26584327779629574	0.21740296597821226	0.7341567222037042	0.7825970340217877	0.8571428571428571	baseline
N_LP.93	0.0	1.0863563363993491	1.082165533676805	1.96758412222614	0.7483871046957798	0.7270580845133146	0.7483871046957798	0.7270580845133146	0.8571428571428571	endpoint
N_LP.930	0.14285714285714285	0.8699308761549094	0.9441543023581107	2.066711181772329	0.6908875283685781	0.7823228699335253	0.6908875283685781	0.7823228699335253	0.7142857142857143	endpoint
N_LP.931	0.0	0.20065701252876117	0.5555667902154033	1.537875505268008	0.3810677974769736	0.27918870820912506	0.6189322025230264	0.7208112917908749	0.7142857142857143	baseline
N_LP.932	0.14285714285714285	0.746488517351589	0.5014403311548847	2.059569176080465	0.6670817970838208	0.6141088714641183	0.6670817970838208	0.6141088714641183	0.7142857142857143	endpoint
N_LP.933	0.0	0.8922194675481702	1.2243479330318587	1.5209635114544742	0.7056714030808832	0.658771562072297	0.7056714030808832	0.658771562072297	0.8571428571428571	endpoint
N_LP.934	0.0	0.12715812611680852	0.1665325492212967	1.6598635289077113	0.47186753381686924	0.44142705209648553	0.5281324661831308	0.5585729479035144	0.5714285714285714	baseline
N_LP.935	0.0	0.17824521922192912	0.24261366964297298	1.10309707899009	0.5087625624470304	0.5296866812715563	0.5087625624470304	0.5296866812715563	0.7142857142857143	endpoint
N_LP.936	0.0	0.325757541870839	0.07705557609614672	1.6209167029088691	0.38782187461243867	0.4173775806033432	0.6121781253875613	0.5826224193966568	0.7142857142857143	baseline
N_LP.937	0.0	1.1054575782468645	1.1180288576902966	1.663874162169671	0.8019559860859278	0.8688495201275885	0.8019559860859278	0.8688495201275885	0.8571428571428571	endpoint
N_LP.938	0.0	0.6044398047586765	0.8895481922658446	1.6894990691091614	0.6605792147173141	0.6483763907157472	0.6605792147173141	0.6483763907157472	0.8571428571428571	endpoint
N_LP.939	0.0	0.38215017573522364	0.7189937157495215	1.5891780056988702	0.32043427733969315	0.28209531729469445	0.6795657226603069	0.7179046827053055	0.8571428571428571	baseline
N_LP.94	0.0	1.0552510667908812	1.2912823605559183	1.9126338542572878	0.18544392665450626	0.06476402411501898	0.8145560733454937	0.935235975884981	0.8571428571428571	baseline
N_LP.940	0.0	0.07930952997122646	0.07193334472469343	0.9941222366794337	0.5261560343451605	0.4625379788473312	0.5261560343451605	0.5374620211526688	0.5714285714285714	endpoint
N_LP.941	0.0	0.28309271517123863	0.12669688050933864	1.927714748581442	0.5412996338518813	0.44774863002902077	0.5412996338518813	0.5522513699709792	0.5714285714285714	endpoint
N_LP.942	0.0	0.3129181323379192	0.5605467115349035	1.4883337997912796	0.5438911541606258	0.6284768834592797	0.5438911541606258	0.6284768834592797	0.5714285714285714	endpoint
N_LP.943	0.0	0.2220476449937087	0.7086513752239451	1.72543095313564	0.36618871634576744	0.24947381526804063	0.6338112836542326	0.7505261847319593	0.7142857142857143	baseline
N_LP.944	0.0	0.9565108138572284	1.1106473085827282	1.7432304753012082	0.2067626286397683	0.1596892301053476	0.7932373713602316	0.8403107698946524	0.8571428571428571	baseline
N_LP.945	0.0	0.5037919423731987	0.7730189766455695	1.5755977047584377	0.6434414521040723	0.6680076174322185	0.6434414521040723	0.6680076174322185	0.7142857142857143	endpoint
N_LP.946	0.0	0.12429978358325042	0.17569633390846995	1.2704535256091687	0.4970601568264237	0.5152515014629651	0.5029398431735763	0.5152515014629651	0.5714285714285714	endpoint
N_LP.947	0.0	0.04629732592370616	0.36013678393031917	1.1804411450649919	0.45041898711142664	0.49610155787189014	0.5495810128885734	0.5038984421281099	0.5714285714285714	baseline
N_LP.948	0.0	0.0633767818787095	0.013802206687559656	1.34491733798217	0.5070653326938411	0.43270438355180224	0.5070653326938411	0.5672956164481977	0.5714285714285714	endpoint
N_LP.949	0.0	0.45598278771919976	0.4352947641267596	1.3516079698359968	0.3309414370298936	0.36440920206808786	0.6690585629701065	0.6355907979319122	0.8571428571428571	baseline
N_LP.95	0.0	0.14707279981289106	0.2343019619096795	1.6280246486497154	0.44390565862435566	0.38362048753841976	0.5560943413756443	0.6163795124615803	0.7142857142857143	baseline
N_LP.950	0.0	0.3017487971305933	0.6026388023356208	1.6043420926290086	0.38231606751661557	0.334081179320208	0.6176839324833845	0.665918820679792	0.5714285714285714	baseline
N_LP.951	0.0	0.41813763779749685	0.685737384813944	1.498100773535613	0.36263344360277233	0.2747379857058723	0.6373665563972277	0.7252620142941277	0.7142857142857143	baseline
N_LP.952	0.0	0.5336050882921938	0.601933419356849	1.564287911481045	0.3115904226147598	0.24171608509008974	0.6884095773852402	0.7582839149099103	0.8571428571428571	baseline
N_LP.953	0.14285714285714285	0.2783261051593978	0.6272432488493213	2.0840576497631944	0.3512835949489689	0.31257191554094493	0.6487164050510311	0.687428084459055	0.7142857142857143	baseline
N_LP.954	0.0	0.9491826030678693	1.1735117649800166	1.451431126617373	0.20927430145766585	0.20532441948274904	0.7907256985423341	0.794675580517251	1.0	baseline
N_LP.955	0.0	0.3384267068357727	0.11603199241865424	1.32455860712346	0.38712144234812396	0.40848143323579583	0.612878557651876	0.5915185667642042	0.7142857142857143	baseline
N_LP.956	0.0	0.034582858098201816	0.06341432247130077	1.7115161936978518	0.4922450298961709	0.491030408280229	0.5077549701038291	0.508969591719771	0.5714285714285714	baseline
N_LP.957	0.14285714285714285	1.1816202435175822	1.7348896763531894	2.1803927290695304	0.7535312993667178	0.8666859395582083	0.7535312993667178	0.8666859395582083	0.8571428571428571	endpoint
N_LP.958	0.0	0.30553392188525885	0.5027817636840639	1.9268851600506287	0.5886398269351428	0.5843756035090973	0.5886398269351428	0.5843756035090973	0.7142857142857143	endpoint
N_LP.959	0.0	0.11631361769655513	0.25490934140989546	1.4756790042125465	0.47521360977508603	0.4651968939777863	0.5247863902249139	0.5348031060222137	0.5714285714285714	endpoint
N_LP.96	0.0	1.147032140718253	1.2545895592425444	1.703492158476863	0.16331680291222067	0.11827630185109204	0.8366831970877793	0.8817236981489079	1.0	baseline
N_LP.960	0.0	0.009320474423391614	0.19075034117078182	1.6316989205526764	0.4605595896363272	0.39705729365118886	0.5394404103636727	0.6029427063488111	0.5714285714285714	baseline
N_LP.961	0.0	0.17665304870670653	0.30508853058291224	1.5159556102881162	0.4086634173031592	0.37957543735336463	0.5913365826968409	0.6204245626466354	0.7142857142857143	baseline
N_LP.962	0.0	0.7311653650508436	1.0521687465618088	1.2287606500718062	0.28529507247989955	0.23834962870418158	0.7147049275201005	0.7616503712958185	0.7142857142857143	baseline
N_LP.963	0.0	0.17443838868700032	0.2595610518484689	1.7384105171889728	0.49421430439105757	0.582253925695515	0.5057856956089424	0.582253925695515	0.5714285714285714	endpoint
N_LP.964	0.0	0.4267964120777553	0.6654913549911287	1.3119746693456216	0.3230669580678446	0.35594498323954454	0.6769330419321554	0.6440550167604555	0.7142857142857143	baseline
N_LP.965	0.0	0.20342354071379867	0.3599376225428627	1.1422945755511273	0.562881824021077	0.5400683419055352	0.562881824021077	0.5400683419055352	0.7142857142857143	endpoint
N_LP.966	0.0	0.5557865767880418	0.9807745905565679	1.439685289526994	0.32286508733328506	0.16678687809091083	0.677134912666715	0.8332131219090891	0.8571428571428571	baseline
N_LP.967	0.0	0.15737040752333106	0.3129185381514062	1.4523461019815278	0.5305811637927241	0.5352099275584095	0.5305811637927241	0.5352099275584095	0.5714285714285714	endpoint
N_LP.968	0.0	0.4044874781690076	0.9495413525764953	1.525597391666899	0.6367574096901796	0.723740046914525	0.6367574096901796	0.723740046914525	0.7142857142857143	endpoint
N_LP.969	0.0	0.18346263303841998	0.5545574882833709	1.4297351496603927	0.5308223058799897	0.6040279154237221	0.5308223058799897	0.6040279154237221	0.5714285714285714	endpoint
N_LP.97	0.0	0.509199219378744	0.4946271812315845	1.5554563107278592	0.6132340686172285	0.5303470330379264	0.6132340686172285	0.5303470330379264	0.8571428571428571	endpoint
N_LP.970	0.0	0.19704046678557058	0.37010997255628825	1.2773084657969298	0.5239251284345287	0.5571897496062894	0.5239251284345287	0.5571897496062894	0.5714285714285714	endpoint
N_LP.971	0.0	0.034389326418080866	0.04643933659646985	1.3361283076733252	0.48238291448323534	0.467333151001988	0.5176170855167647	0.532666848998012	0.5714285714285714	baseline
N_LP.972	0.0	0.8422737122328978	0.9394953486761595	1.5544412011631503	0.7190231834932712	0.7531061155975014	0.7190231834932712	0.7531061155975014	0.7142857142857143	endpoint
N_LP.973	0.0	0.07563633969480585	0.019163222676552925	1.1127319411072547	0.42018363480775484	0.47321706142059433	0.5798163651922452	0.5267829385794056	0.7142857142857143	baseline
N_LP.974	0.0	0.6858355778599659	0.6583883077772152	1.5540412008552897	0.2852024568537192	0.2630793375515885	0.7147975431462807	0.7369206624484115	0.8571428571428571	baseline
N_LP.975	0.0	0.7588173094238405	1.07819921467131	1.6550737949009637	0.2708463841897366	0.12032400311763455	0.7291536158102634	0.8796759968823654	0.8571428571428571	baseline
N_LP.976	0.14285714285714285	0.43578240466438617	0.09033114653837426	2.1613712903536872	0.372281121984178	0.4900225713344128	0.627718878015822	0.5099774286655872	0.7142857142857143	baseline
N_LP.977	0.0	0.2503299219211806	0.033175822214195134	1.1345822654198998	0.4272476164592159	0.4181327826479036	0.5727523835407842	0.5818672173520965	0.7142857142857143	baseline
N_LP.978	0.0	0.6299681497496279	0.4907979796276723	1.6859977219462197	0.33276136920646365	0.3218327798547426	0.6672386307935363	0.6781672201452573	0.7142857142857143	baseline
N_LP.979	0.0	0.8343189154746813	1.191030216081566	1.6629135310679448	0.18510765460792764	0.03782545812651028	0.8148923453920723	0.9621745418734897	0.8571428571428571	baseline
N_LP.98	0.0	0.6426893598574714	0.5782515105838982	1.3920221059511368	0.6697661054226084	0.6342996660064966	0.6697661054226084	0.6342996660064966	0.7142857142857143	endpoint
N_LP.980	0.0	0.38397980504752166	0.44073177974050237	1.4110886710295418	0.5787452924982468	0.7056265949784553	0.5787452924982468	0.7056265949784553	0.5714285714285714	endpoint
N_LP.981	0.0	0.3723102113965466	0.3605939239210158	1.5692023391463883	0.598447059771931	0.5234319061412241	0.598447059771931	0.5234319061412241	0.7142857142857143	endpoint
N_LP.982	0.0	0.8719984093939191	1.182763844615242	1.6383360027950982	0.2246592212709469	0.2132675614625228	0.7753407787290532	0.7867324385374772	0.8571428571428571	baseline
N_LP.983	0.0	0.14257713395058882	0.005066054762964962	1.7262999983040626	0.5014345667311122	0.44245725482817727	0.5014345667311122	0.5575427451718227	0.5714285714285714	endpoint
N_LP.984	0.0	0.6322502936624039	0.7568675619139403	1.3629604400567743	0.2929445588553092	0.3134553097400827	0.7070554411446908	0.6865446902599173	0.8571428571428571	baseline
N_LP.985	0.0	0.29443762306650945	0.15017174938799613	1.8051718873353946	0.5257015132463139	0.5097454250023828	0.5257015132463139	0.5097454250023828	0.5714285714285714	endpoint
N_LP.986	0.0	0.197656267113068	0.6446993152277984	1.1655210301500059	0.5211230673294703	0.6561531259701299	0.5211230673294703	0.6561531259701299	0.5714285714285714	endpoint
N_LP.987	0.0	0.6622947750192717	0.9926361313562149	1.6417036027891123	0.661892858311769	0.57799239822012	0.661892858311769	0.57799239822012	0.7142857142857143	endpoint
N_LP.988	0.0	0.5065457115376649	0.6165109461330398	1.5119650994087384	0.34505096556428017	0.25362232028611753	0.6549490344357198	0.7463776797138825	0.7142857142857143	baseline
N_LP.989	0.0	0.10217345038768573	0.2933009958633314	1.1558936478503141	0.4351297495546009	0.3407003572459736	0.5648702504453991	0.6592996427540264	0.7142857142857143	baseline
N_LP.99	0.0	0.2556043572306603	0.39437403769922774	1.1995390826241656	0.5236970082161057	0.5514600283196788	0.5236970082161057	0.5514600283196788	0.7142857142857143	endpoint
N_LP.990	0.0	0.3771565487791599	0.4175739784460394	1.1586325028996873	0.372973326340832	0.36919484779040396	0.627026673659168	0.6308051522095961	0.7142857142857143	baseline
N_LP.991	0.0	0.5648042283144766	0.843750521419031	1.5293298495853347	0.3220174068120739	0.16670948337939473	0.6779825931879261	0.8332905166206053	0.7142857142857143	baseline
N_LP.992	0.0	0.31918245241361437	0.4547691982981023	1.8759050337284051	0.5184212464422744	0.5951975456262604	0.5184212464422744	0.5951975456262604	0.5714285714285714	endpoint
N_LP.993	0.0	0.4911590713707546	0.9010545020633636	1.642797222390294	0.31674146917726514	0.1606840842903849	0.6832585308227348	0.8393159157096151	0.8571428571428571	baseline
N_LP.994	0.0	0.13392085741318355	0.4059362179880424	1.296110524257464	0.4220717880345225	0.29500318534589137	0.5779282119654775	0.7049968146541086	0.5714285714285714	baseline
N_LP.995	0.0	0.08353898860456697	0.21890486867319192	0.949787805044088	0.4510139329531838	0.43012947367404863	0.5489860670468162	0.5698705263259514	0.7142857142857143	baseline
N_LP.996	0.0	0.904003441523687	0.8981798889171454	1.4118673227185166	0.22500771675751283	0.2412513282935254	0.7749922832424871	0.7587486717064746	1.0	baseline
N_LP.997	0.0	0.4557550455351523	0.8031797204969736	1.4341213882360304	0.6004024696925266	0.5490252633864158	0.6004024696925266	0.5490252633864158	0.5714285714285714	endpoint
N_LP.998	0.0	0.16898442652146264	0.014810601461910643	1.3532016713709423	0.47381853813693053	0.4392524527690213	0.5261814618630695	0.5607475472309786	0.7142857142857143	baseline
N_LP.999	0.0	0.299777395694775	0.10818462903137317	1.5874107597627332	0.4221375644151654	0.4057946579783694	0.5778624355848345	0.5942053420216307	0.7142857142857143	baseline
P_AQ.1	0.0	0.29606644858805603	0.3012493797868317	1.2597427792710192	0.3720612365237797	0.4123663961227849	0.6279387634762204	0.5876336038772151	0.7142857142857143	baseline
P_AQ.10	0.0	1.0984955889650065	1.1367723309244229	1.6736784573491323	0.1463363075913339	0.07502283270981931	0.8536636924086661	0.9249771672901806	1.0	baseline
P_AQ.100	0.0	0.02464519562302701	0.222115254093321	1.2855870263666402	0.4567355780940998	0.392261722693447	0.5432644219059002	0.6077382773065529	0.7142857142857143	baseline
P_AQ.1000	0.0	0.3127146304247166	0.33787172185441594	1.6585947213833914	0.3699867028830804	0.32032955148571907	0.6300132971169197	0.6796704485142809	0.7142857142857143	baseline
P_AQ.1001	0.0	0.6784501905297188	0.7351798448926331	1.2611603845605506	0.6808649069501778	0.6805056160000922	0.6808649069501778	0.6805056160000922	0.7142857142857143	endpoint
P_AQ.1002	0.0	0.33357865953795124	0.5827982293742312	0.8102833287355056	0.5682304868774708	0.6091950357210364	0.5682304868774708	0.6091950357210364	0.5714285714285714	endpoint
P_AQ.1003	0.0	0.4712905041728713	0.6153977370871642	1.1200019590776527	0.3215592563392932	0.3735780472425081	0.6784407436607067	0.6264219527574919	1.0	baseline
P_AQ.1004	0.0	0.39352424163694183	0.4725287783433804	1.3071077011268066	0.37467963520379544	0.3543538465059305	0.6253203647962046	0.6456461534940695	0.8571428571428571	baseline
P_AQ.1005	0.0	0.03429263822492908	0.2343913555189954	1.1822057204093488	0.47290974079235637	0.5212103898133903	0.5270902592076436	0.5212103898133903	0.5714285714285714	endpoint
P_AQ.1006	0.0	0.9520025688422693	1.132612782189524	1.4140282256082313	0.21761707896900898	0.21271137453000785	0.782382921030991	0.7872886254699921	1.0	baseline
P_AQ.1007	0.0	0.31259995574181815	0.28288336716484036	1.1995572640454395	0.3589864262333225	0.38297051889121564	0.6410135737666776	0.6170294811087844	0.7142857142857143	baseline
P_AQ.1008	0.0	0.2989414752737371	0.34033999666818526	1.8911836989459718	0.3882639906697433	0.322856887367592	0.6117360093302566	0.677143112632408	0.5714285714285714	baseline
P_AQ.1009	0.0	0.3858780567694896	0.6245924051624793	1.6376022908224348	0.5812457337390887	0.5740571253796465	0.5812457337390887	0.5740571253796465	0.5714285714285714	endpoint
P_AQ.101	0.0	0.6849948570811938	1.0973533261283137	1.5503215239035382	0.6486690297688347	0.5940032425436955	0.6486690297688347	0.5940032425436955	0.7142857142857143	endpoint
P_AQ.1010	0.0	0.5439258711671188	0.8066143443780085	1.6354113525743668	0.6355115957337542	0.8741294367135877	0.6355115957337542	0.8741294367135877	0.5714285714285714	endpoint
P_AQ.1011	0.0	0.4910128807953505	0.7896332091978995	1.2632274419394374	0.3165632669420534	0.22296094448405826	0.6834367330579466	0.7770390555159418	0.8571428571428571	baseline
P_AQ.1012	0.0	0.6717137122556583	0.9990158614066376	1.1968871651527357	0.27140788553582323	0.24322295830587407	0.7285921144641767	0.756777041694126	0.8571428571428571	baseline
P_AQ.1013	0.0	0.6015678189480054	0.7697737502740606	1.461790527100681	0.6426426884989567	0.5439176228515342	0.6426426884989567	0.5439176228515342	0.5714285714285714	endpoint
P_AQ.1014	0.0	0.8289233106648887	0.8598225923553634	1.4249105392629022	0.2344507809576242	0.16997403690929797	0.7655492190423758	0.8300259630907021	0.8571428571428571	baseline
P_AQ.1015	0.0	0.04447456587897896	0.19143479213369627	1.1621486900064104	0.4842461472495255	0.5070827667392082	0.5157538527504745	0.5070827667392082	0.5714285714285714	endpoint
P_AQ.1016	0.0	0.20437504087325278	0.0005768837216656962	1.4741798699198987	0.515276394876232	0.4747082477511917	0.515276394876232	0.5252917522488083	0.5714285714285714	endpoint
P_AQ.1017	0.0	1.098265526790169	1.4292658589746183	1.7775694109464084	0.7911185126044823	0.8983630286288949	0.7911185126044823	0.8983630286288949	0.8571428571428571	endpoint
P_AQ.1018	0.0	1.1142424232433765	1.0645949266436066	1.7928572766502922	0.17593332115191693	0.09820817308556971	0.824066678848083	0.9017918269144303	1.0	baseline
P_AQ.1019	0.0	0.9221408997688295	1.1208728550603528	1.4510026353683532	0.19394785476404	0.16434553878200286	0.80605214523596	0.8356544612179971	1.0	baseline
P_AQ.102	0.0	0.465911489629236	0.42636536493118016	1.1642545331859393	0.3256516665995309	0.30568592850420373	0.6743483334004692	0.6943140714957963	0.8571428571428571	baseline
P_AQ.1020	0.14285714285714285	1.0335171344173715	1.1532260791349063	2.34023119769734	0.7166766376912506	0.7840343463964753	0.7166766376912506	0.7840343463964753	0.8571428571428571	endpoint
P_AQ.1021	0.0	0.3522838274583443	0.4662945629005392	1.1803838280181809	0.35846548882831514	0.3767634112065785	0.6415345111716848	0.6232365887934215	0.7142857142857143	baseline
P_AQ.1022	0.0	0.06289239971960077	0.2919488270052108	1.6578552961649562	0.4590145227104266	0.41437267970010266	0.5409854772895735	0.5856273202998974	0.7142857142857143	baseline
P_AQ.1023	0.14285714285714285	1.0652342624243392	1.1253190877762798	2.118940220487618	0.17856877274607502	0.13014258658880518	0.821431227253925	0.8698574134111948	1.0	baseline
P_AQ.1024	0.0	0.23313127096169986	0.5037546889040907	1.5429447319450906	0.3779990856046713	0.34592102936154895	0.6220009143953287	0.6540789706384511	0.7142857142857143	baseline
P_AQ.1025	0.0	0.33295450992407477	1.1379826812631764	1.438364827673648	0.3718509752083898	0.25143900818571074	0.6281490247916102	0.7485609918142893	0.5714285714285714	baseline
P_AQ.1026	0.0	0.5218626131451893	0.5348770117475941	1.7992497178869644	0.6129179764543939	0.6450738048168687	0.6129179764543939	0.6450738048168687	0.7142857142857143	endpoint
P_AQ.1027	0.0	0.39407864566095213	0.37904698830168376	1.195249534902251	0.3585417422890788	0.40716978337849713	0.6414582577109211	0.5928302166215029	0.7142857142857143	baseline
P_AQ.1028	0.0	0.4168434306043874	0.05464651315792053	1.7685620371780522	0.3284644457859915	0.45954150264158	0.6715355542140085	0.54045849735842	0.8571428571428571	baseline
P_AQ.1029	0.0	0.20923390300734693	0.45180323460990995	1.6168849715842522	0.38188361149193023	0.2882833248594716	0.6181163885080698	0.7117166751405284	0.5714285714285714	baseline
P_AQ.103	0.0	0.45748812734003874	1.0163047660195554	1.4283936060339582	0.6357249475425171	0.7564257416913155	0.6357249475425171	0.7564257416913155	0.5714285714285714	endpoint
P_AQ.1030	0.0	0.34273523470980305	0.5165442526283983	1.6863801121362445	0.5420916339336868	0.5887780538891902	0.5420916339336868	0.5887780538891902	0.5714285714285714	endpoint
P_AQ.1031	0.0	0.5320597206471451	0.6705638202775404	1.2455222756717685	0.3363208919556485	0.3236957131098974	0.6636791080443515	0.6763042868901026	0.8571428571428571	baseline
P_AQ.1032	0.0	0.8889221178765517	0.969770023435694	1.7127260162457087	0.7444379143483432	0.7438586469925839	0.7444379143483432	0.7438586469925839	0.7142857142857143	endpoint
P_AQ.1033	0.0	0.5525667589106974	1.0664352780529676	1.564395978429418	0.3482910739169159	0.21481183788552996	0.6517089260830842	0.7851881621144701	0.7142857142857143	baseline
P_AQ.1034	0.0	0.7225271393985658	1.0842735253796079	1.4000033535152618	0.6486252921669503	0.7372379466862868	0.6486252921669503	0.7372379466862868	0.7142857142857143	endpoint
P_AQ.1035	0.0	0.358911095440698	0.2401231650135442	1.6367646637020854	0.586799743352156	0.6033521639216701	0.586799743352156	0.6033521639216701	0.5714285714285714	endpoint
P_AQ.1036	0.0	0.04170488170352676	0.07795636134632498	1.5988838661805824	0.46747139639212565	0.4526036590188408	0.5325286036078744	0.5473963409811592	0.5714285714285714	endpoint
P_AQ.1037	0.0	0.30154745758425605	0.46020357140268914	1.6390782193809768	0.3565675510096371	0.3519908878881894	0.6434324489903629	0.6480091121118106	0.7142857142857143	baseline
P_AQ.1038	0.0	0.6725191608986189	0.5308468397930647	1.689151563071863	0.6934617069482302	0.727044763202693	0.6934617069482302	0.727044763202693	0.7142857142857143	endpoint
P_AQ.1039	0.0	0.25984149165154924	0.685502296386729	1.076525793670071	0.3894459728251891	0.3294766653495501	0.6105540271748109	0.6705233346504499	0.7142857142857143	baseline
P_AQ.104	0.0	0.38463236841535203	0.8756429919255035	1.1012336258512523	0.3815564011579009	0.292339920029216	0.6184435988420991	0.707660079970784	0.5714285714285714	baseline
P_AQ.1040	0.0	0.9736215544118526	1.3105737413422063	1.5673583989777882	0.19300236758427797	0.1904691284562439	0.806997632415722	0.8095308715437561	1.0	baseline
P_AQ.1041	0.0	0.035367030056851885	0.18661863588842997	1.3192237296934708	0.48380605214688127	0.37660986284559245	0.5161939478531188	0.6233901371544075	0.5714285714285714	baseline
P_AQ.1042	0.0	0.6804387381810274	1.3195529353517088	1.7243758707479724	0.6401581898736577	0.6777871807066355	0.6401581898736577	0.6777871807066355	0.5714285714285714	endpoint
P_AQ.1043	0.0	0.020296513852513798	0.11294157725871763	1.68753251244392	0.4913593014205383	0.4529875140889693	0.5086406985794617	0.5470124859110307	0.5714285714285714	endpoint
P_AQ.1044	0.0	0.1321089021993829	0.3676141607658891	1.6433676241748907	0.4982831018728272	0.5812414425258237	0.5017168981271728	0.5812414425258237	0.5714285714285714	endpoint
P_AQ.1045	0.0	0.45235601367560596	0.9106828087274265	1.4260973304553755	0.6171490471787454	0.5654620597855873	0.6171490471787454	0.5654620597855873	0.5714285714285714	endpoint
P_AQ.1046	0.0	0.5469070768724249	0.3529118736818305	1.472930764728871	0.6371872459420735	0.5773657341908813	0.6371872459420735	0.5773657341908813	0.5714285714285714	endpoint
P_AQ.1047	0.0	0.36171330526422923	0.7243991722272417	1.1317301830693078	0.37773232595887535	0.2704489720429099	0.6222676740411246	0.72955102795709	0.7142857142857143	baseline
P_AQ.1048	0.0	0.07949568427724223	0.7000793980511043	1.7039421075795158	0.48380160066190087	0.6619755139769364	0.5161983993380992	0.6619755139769364	0.5714285714285714	baseline
P_AQ.1049	0.0	0.1022437395397039	0.38893276690005585	1.1736728946849015	0.5202574419569185	0.54906202856292	0.5202574419569185	0.54906202856292	0.5714285714285714	endpoint
P_AQ.105	0.0	0.9759203777770828	0.8935249196225252	1.6349200312620478	0.17617713880297417	0.24066033319765137	0.8238228611970259	0.7593396668023487	1.0	baseline
P_AQ.1050	0.0	0.7874701233499691	0.7566703547229986	1.610436384345155	0.25495270375599915	0.27761904794602776	0.7450472962440009	0.7223809520539722	1.0	baseline
P_AQ.1051	0.0	0.8671935774275186	0.9704823467024842	1.6084211461646447	0.21669535167269335	0.1803010425862742	0.7833046483273066	0.8196989574137258	0.8571428571428571	baseline
P_AQ.1052	0.0	0.45314759987382114	0.6486789894504317	1.620149413120773	0.37003519348416347	0.2880113681021923	0.6299648065158365	0.7119886318978077	0.8571428571428571	baseline
P_AQ.1053	0.0	0.3411233893544595	0.27710258980491587	0.9750580315193274	0.5754784351926989	0.5371265136928147	0.5754784351926989	0.5371265136928147	0.5714285714285714	endpoint
P_AQ.1054	0.0	0.3073181131584364	0.32201367761190386	1.6294182834469284	0.4127012481385344	0.40788719249917876	0.5872987518614656	0.5921128075008213	0.7142857142857143	baseline
P_AQ.1055	0.0	0.19018927791623436	0.6018069658383647	1.197479338017896	0.4342453309615915	0.33420836382595437	0.5657546690384085	0.6657916361740457	0.5714285714285714	baseline
P_AQ.1056	0.0	0.7298315436245024	0.6948644084306861	1.6009921539204088	0.7069437910515805	0.7030324771252852	0.7069437910515805	0.7030324771252852	0.8571428571428571	endpoint
P_AQ.1057	0.0	0.7222874415427903	0.9124992149470414	1.6174049075323278	0.6704939449297233	0.7213357995054163	0.6704939449297233	0.7213357995054163	0.7142857142857143	endpoint
P_AQ.1058	0.0	0.03007903436990635	0.1860438759991897	1.47641154656792	0.5157482452625939	0.5053097936433459	0.5157482452625939	0.5053097936433459	0.5714285714285714	endpoint
P_AQ.1059	0.0	0.24117724082694916	0.21474837356721352	1.3747059187791093	0.3612821985735158	0.3663205217836493	0.6387178014264843	0.6336794782163506	0.7142857142857143	baseline
P_AQ.106	0.0	0.33871281736422443	0.8842446916307828	1.1318994487988383	0.5669820824289709	0.5614197763958912	0.5669820824289709	0.5614197763958912	0.5714285714285714	endpoint
P_AQ.1060	0.0	0.5444224094363922	0.8128448389681472	1.1665274144790936	0.6400396712163884	0.7812329130951217	0.6400396712163884	0.7812329130951217	0.5714285714285714	endpoint
P_AQ.1061	0.0	0.3029068676340847	0.4080489332175814	1.5277947920213943	0.5584049677787638	0.5707585985382363	0.5584049677787638	0.5707585985382363	0.5714285714285714	endpoint
P_AQ.1062	0.0	0.4263547395135826	0.24591731546058188	1.480894881639455	0.6238235957048858	0.5101131078403276	0.6238235957048858	0.5101131078403276	0.5714285714285714	endpoint
P_AQ.1063	0.0	0.1862270434338535	0.2666908624919361	1.2298146408457373	0.5221163100529144	0.4859067665345579	0.5221163100529144	0.5140932334654421	0.5714285714285714	endpoint
P_AQ.1064	0.0	0.6236829259158678	1.4854785797695949	1.8162189096985295	0.6779740563758617	0.8889010620961314	0.6779740563758617	0.8889010620961314	0.7142857142857143	endpoint
P_AQ.1065	0.0	0.7782311425201879	0.9151549821571113	1.5629805992292483	0.2543686695274168	0.1445613147789335	0.7456313304725832	0.8554386852210665	0.8571428571428571	baseline
P_AQ.1066	0.0	0.2030920672798801	0.6349986172228996	1.4094177921763595	0.42768608816310133	0.320341013648138	0.5723139118368987	0.6796589863518621	0.7142857142857143	baseline
P_AQ.1068	0.0	0.6512939433422904	0.5977165514604225	1.5456781598471776	0.6787485610065783	0.677087407430488	0.6787485610065783	0.677087407430488	0.8571428571428571	endpoint
P_AQ.1069	0.0	0.08629279296150603	0.08432000718288632	1.6460909355919386	0.4510098756979917	0.46017780689757853	0.5489901243020083	0.5398221931024214	0.5714285714285714	baseline
P_AQ.107	0.0	0.48855537491859824	1.1097860683691696	1.2761804462000206	0.6352372750343541	0.7403639429547602	0.6352372750343541	0.7403639429547602	0.5714285714285714	endpoint
P_AQ.1070	0.14285714285714285	0.9140574554627373	1.3605421671858424	2.0157581632429995	0.24044583971519415	0.12236156308738548	0.7595541602848058	0.8776384369126146	0.7142857142857143	baseline
P_AQ.1071	0.0	0.7093508466453805	0.9612819429787783	1.6635887784849097	0.6938432341805191	0.6847153541029399	0.6938432341805191	0.6847153541029399	0.7142857142857143	endpoint
P_AQ.1072	0.14285714285714285	0.3214064008407326	0.10521033850265715	2.0530549286512527	0.547256249870925	0.42079325796072653	0.547256249870925	0.5792067420392735	0.5714285714285714	endpoint
P_AQ.1073	0.0	0.19943753309959492	0.40073952693307735	0.9113158305008295	0.4066078155216077	0.31662967032434486	0.5933921844783923	0.6833703296756551	0.7142857142857143	baseline
P_AQ.1074	0.0	0.14392592446706728	0.08494292778644508	1.477563549537586	0.4890248502159751	0.504903722443713	0.5109751497840249	0.504903722443713	0.5714285714285714	endpoint
P_AQ.1075	0.0	0.687965640886313	0.7778765802057692	1.6696560776377443	0.6725006005779094	0.6451517737477342	0.6725006005779094	0.6451517737477342	0.7142857142857143	endpoint
P_AQ.1076	0.0	0.4286102758646012	1.1388697761978648	1.7468428437667955	0.36995346372337157	0.24584604264723997	0.6300465362766284	0.75415395735276	0.5714285714285714	baseline
P_AQ.1077	0.0	0.014331184476750096	0.10905140326233058	1.1173184980435453	0.4636877665352273	0.45382668917728053	0.5363122334647727	0.5461733108227195	0.7142857142857143	endpoint
P_AQ.1078	0.0	0.1290534461203361	0.4430002477589526	1.6515267910865803	0.4288392007025176	0.38178838155089867	0.5711607992974824	0.6182116184491013	0.5714285714285714	baseline
P_AQ.1079	0.0	0.5115123588755816	0.9787030484449781	1.5881506360669637	0.5749271644613654	0.5758620850282438	0.5749271644613654	0.5758620850282438	0.5714285714285714	endpoint
P_AQ.108	0.0	1.1161241742542682	1.1373086664717629	1.649015078779746	0.8039372004514052	0.8609615012473689	0.8039372004514052	0.8609615012473689	1.0	endpoint
P_AQ.1080	0.0	0.2716787205857926	0.45030306649851654	1.3677011586646113	0.4223191485623041	0.30739128816024924	0.5776808514376959	0.6926087118397508	0.8571428571428571	baseline
P_AQ.1081	0.0	0.762009393572886	1.1221960206173178	1.6519169538774958	0.2345016470248765	0.2250322532986615	0.7654983529751235	0.7749677467013385	0.7142857142857143	baseline
P_AQ.1082	0.0	0.25891923338005957	0.6762685037896048	1.5328765162443916	0.4165207581295679	0.3228234895956435	0.5834792418704321	0.6771765104043566	0.7142857142857143	baseline
P_AQ.1083	0.0	0.5092881265847379	0.7302211886470238	1.4397150299611716	0.2931262147209049	0.28476186546952104	0.7068737852790952	0.715238134530479	0.8571428571428571	baseline
P_AQ.1084	0.0	0.13417128616379445	0.08696736298594446	1.6757848101512598	0.49759107694527965	0.41292529995875654	0.5024089230547204	0.5870747000412435	0.5714285714285714	endpoint
P_AQ.1085	0.0	0.5799002778758214	0.38788607080537946	1.6027098685467178	0.30247276301171383	0.3669160213924807	0.6975272369882861	0.6330839786075193	0.7142857142857143	baseline
P_AQ.1086	0.0	0.2892897667114451	0.4047696093877457	1.2308582940864254	0.4155538650954661	0.3316917719356272	0.5844461349045339	0.6683082280643728	0.7142857142857143	baseline
P_AQ.1087	0.0	0.15808373204348855	0.470553599786087	1.3719360420784688	0.4243126788859292	0.3542764836355217	0.5756873211140707	0.6457235163644783	0.7142857142857143	baseline
P_AQ.1088	0.0	0.22913309407732313	0.3877052519800217	0.86621184091616	0.5411640043022172	0.5609853433709862	0.5411640043022172	0.5609853433709862	0.5714285714285714	endpoint
P_AQ.1089	0.0	0.34250356840086255	0.25867144190869723	1.5330295821712951	0.5196039355338075	0.5331506092273972	0.5196039355338075	0.5331506092273972	0.5714285714285714	endpoint
P_AQ.109	0.0	0.6055077063402923	1.0979144278358215	1.5063826378003569	0.6108856829001146	0.727307211457456	0.6108856829001146	0.727307211457456	0.7142857142857143	endpoint
P_AQ.1090	0.0	0.27337460156588234	0.3655745460588113	1.6386035754778345	0.5479365276844358	0.5418167975500234	0.5479365276844358	0.5418167975500234	0.5714285714285714	endpoint
P_AQ.1091	0.0	0.3606307056595579	0.863609631943427	1.483931376424477	0.5473508597748392	0.6976110422710134	0.5473508597748392	0.6976110422710134	0.7142857142857143	endpoint
P_AQ.1092	0.0	0.641761192564197	1.0177744186581044	1.5827402123561682	0.6195455973112249	0.7247315585678767	0.6195455973112249	0.7247315585678767	0.7142857142857143	endpoint
P_AQ.1094	0.0	0.5638190025944038	0.8817319826169581	1.7902210147110211	0.623481032907811	0.734108807645728	0.623481032907811	0.734108807645728	0.7142857142857143	endpoint
P_AQ.1095	0.0	0.15956410257711834	0.8510563512227843	1.192614665883835	0.44483317595884947	0.29376390835812627	0.5551668240411505	0.7062360916418737	0.5714285714285714	baseline
P_AQ.1096	0.0	0.1328138334302815	0.33447605857794854	1.524526846409699	0.4674935432840664	0.3750822007191399	0.5325064567159337	0.6249177992808601	0.7142857142857143	baseline
P_AQ.1097	0.0	0.5466163882856876	0.5874348529739307	1.6492857415378235	0.625898251612036	0.6435812818397908	0.625898251612036	0.6435812818397908	0.5714285714285714	endpoint
P_AQ.1098	0.0	0.07527273283050902	0.32485489822628166	1.7605867104554689	0.44790784321386967	0.37655323803004137	0.5520921567861303	0.6234467619699586	0.7142857142857143	baseline
P_AQ.1099	0.0	0.19613705851708024	0.07574168349626557	1.106316530518574	0.5406350479173562	0.4453429792362446	0.5406350479173562	0.5546570207637553	0.5714285714285714	endpoint
P_AQ.11	0.14285714285714285	1.0132027237784436	1.1888629947013039	2.169078739765558	0.7632301723893274	0.8338066124213921	0.7632301723893274	0.8338066124213921	0.8571428571428571	endpoint
P_AQ.1100	0.0	0.46553967016122716	0.7497709417216247	1.2424420109496201	0.3431438921017315	0.30628162110747986	0.6568561078982684	0.6937183788925201	0.8571428571428571	baseline
P_AQ.1101	0.0	0.5259522197949039	0.7894421555806826	1.4874729021410495	0.6310923917888164	0.6305348225698535	0.6310923917888164	0.6305348225698535	0.8571428571428571	endpoint
P_AQ.1102	0.0	0.33125306082775957	0.5225033344360477	1.2433353203750723	0.35423426422686627	0.25162930265042244	0.6457657357731337	0.7483706973495776	0.7142857142857143	baseline
P_AQ.1103	0.0	0.31512617236323576	0.7940977890727902	1.174643744342435	0.32533881332492126	0.18295923968406352	0.6746611866750787	0.8170407603159364	0.5714285714285714	baseline
P_AQ.1104	0.0	0.009476216940621571	0.11185512988119412	1.4358607516039956	0.4291030705172079	0.40442888795552795	0.5708969294827921	0.595571112044472	0.5714285714285714	baseline
P_AQ.1105	0.0	0.5020367039884748	0.8266665274747641	1.7909149660388917	0.33344718012324115	0.25871599868267414	0.6665528198767589	0.7412840013173259	0.8571428571428571	baseline
P_AQ.1106	0.0	0.44104923580981475	1.187171672813407	1.6159210933720263	0.653858129442984	0.7966590230485606	0.653858129442984	0.7966590230485606	0.5714285714285714	endpoint
P_AQ.1107	0.0	0.22609462104783543	0.08821604662235559	1.7234193105540039	0.5343195271685843	0.4127343811764545	0.5343195271685843	0.5872656188235454	0.5714285714285714	endpoint
P_AQ.1108	0.0	0.7835997285286471	0.779264658334133	1.7167476827297548	0.25516128893477386	0.307075785506279	0.7448387110652261	0.692924214493721	0.8571428571428571	baseline
P_AQ.1109	0.0	0.06735515029594573	0.3222103007627137	1.752710276588284	0.42761267348008875	0.528366116652471	0.5723873265199113	0.528366116652471	0.5714285714285714	endpoint
P_AQ.111	0.0	0.9203450032265332	1.256557578467204	1.9428764310949218	0.7366250354916916	0.863352517893025	0.7366250354916916	0.863352517893025	0.7142857142857143	endpoint
P_AQ.1110	0.0	0.23677033307398804	0.53414374242175	1.1372200343875671	0.421962691007427	0.2769445134935177	0.578037308992573	0.7230554865064823	0.5714285714285714	baseline
P_AQ.1111	0.0	0.5912651518865027	0.39722706566346133	1.4809223200465846	0.6613065173852829	0.5630393565966425	0.6613065173852829	0.5630393565966425	0.5714285714285714	endpoint
P_AQ.1112	0.0	0.10112585371382789	0.411325581858608	1.4879974998088406	0.5046334026914246	0.5410303139023457	0.5046334026914246	0.5410303139023457	0.5714285714285714	endpoint
P_AQ.1113	0.14285714285714285	0.4988093001814496	0.4414175280263935	2.2073815259276	0.5961163319236771	0.6011726563662476	0.5961163319236771	0.6011726563662476	0.5714285714285714	endpoint
P_AQ.1114	0.0	0.17382669221294716	0.5588711581378095	1.556480538918382	0.5493282320448332	0.6540018740924892	0.5493282320448332	0.6540018740924892	0.5714285714285714	endpoint
P_AQ.1115	0.0	0.1651121331927332	0.341886064506998	1.628401430401615	0.4833847747662328	0.4784952904475653	0.5166152252337672	0.5215047095524348	0.5714285714285714	endpoint
P_AQ.1116	0.0	0.017398595598846822	0.04322352403110583	0.9961598830537873	0.47313948374992104	0.44183026014602206	0.526860516250079	0.558169739853978	0.7142857142857143	baseline
P_AQ.1117	0.0	0.5417798712798972	0.4177204838114738	1.3139577214777094	0.30442167488813043	0.3623544578100584	0.6955783251118696	0.6376455421899416	0.8571428571428571	baseline
P_AQ.1118	0.0	0.1112281909009828	0.709059673153229	1.2923877007328497	0.4325111553137386	0.2638398028977606	0.5674888446862614	0.7361601971022393	0.5714285714285714	baseline
P_AQ.1119	0.0	0.1774430666096712	0.06339674364681705	1.2393351054261592	0.39269980743492455	0.4910266162360679	0.6073001925650754	0.5089733837639321	0.5714285714285714	baseline
P_AQ.112	0.14285714285714285	0.5801115176698101	0.9948234590406967	2.0811901422667622	0.6374295502854882	0.7369966346683402	0.6374295502854882	0.7369966346683402	0.5714285714285714	endpoint
P_AQ.1120	0.0	0.2701768488786601	0.2061973854655927	1.3958268709523691	0.37208934944983113	0.4147004574126363	0.6279106505501688	0.5852995425873637	0.7142857142857143	baseline
P_AQ.1121	0.14285714285714285	0.044827628355419265	0.30281791537889846	2.8736619981163214	0.3859493961970851	0.33337284994268096	0.6140506038029149	0.6666271500573191	0.7142857142857143	baseline
P_AQ.1122	0.0	0.2959422713294103	0.5148430299429292	1.311767438031751	0.3811122781568402	0.34750480518324517	0.6188877218431599	0.6524951948167548	0.7142857142857143	baseline
P_AQ.1123	0.0	0.467268041035605	0.816169664503402	1.2963154778008177	0.3328928335768722	0.30143315623395445	0.6671071664231278	0.6985668437660455	0.7142857142857143	baseline
P_AQ.1124	0.0	0.6937659719204038	0.9257606609511103	1.3131679633522295	0.28671337114410017	0.18231613979148115	0.7132866288558999	0.8176838602085188	0.8571428571428571	baseline
P_AQ.1125	0.0	0.03463826166337729	0.26049520671591947	1.6135874030195987	0.421127788485833	0.485158177868211	0.578872211514167	0.514841822131789	0.5714285714285714	baseline
P_AQ.1126	0.0	0.5236114570631085	0.9818028700877213	1.5359410775860753	0.6319655398892066	0.6891420586243492	0.6319655398892066	0.6891420586243492	0.7142857142857143	endpoint
P_AQ.1127	0.0	0.03279530593223144	0.3406269383699044	1.1194803905686388	0.4320688588933872	0.48851122658811286	0.5679311411066128	0.5114887734118871	0.5714285714285714	baseline
P_AQ.1128	0.0	0.49216985705481225	0.5911671615056259	1.3949420715922836	0.3524616599399629	0.30387876716779966	0.6475383400600371	0.6961212328322004	0.8571428571428571	baseline
P_AQ.1129	0.0	0.571607512096385	0.20581826629081945	1.9529030310607127	0.6063713424049396	0.5451163791193826	0.6063713424049396	0.5451163791193826	0.7142857142857143	endpoint
P_AQ.113	0.0	0.11311702902413358	0.34585803922584807	1.8440362883085204	0.5303656070147451	0.4791025896501374	0.5303656070147451	0.5208974103498626	0.5714285714285714	endpoint
P_AQ.1130	0.0	0.008260395479638968	0.03257434980881754	0.6943064443480875	0.4626896991470651	0.45937447957522576	0.537310300852935	0.5406255204247743	0.7142857142857143	endpoint
P_AQ.1131	0.0	0.7960037820114951	1.1164201123229074	1.4823065077944828	0.2702065939183074	0.15759277401310623	0.7297934060816926	0.8424072259868938	0.8571428571428571	baseline
P_AQ.1132	0.0	0.1010815101948215	0.06699213593692373	1.5609895609245261	0.42645516929774807	0.4159794330579671	0.5735448307022519	0.5840205669420329	0.5714285714285714	baseline
P_AQ.1133	0.0	0.3670458382551795	0.47275459908429124	1.0683788743713272	0.3597984486604591	0.2701404906865226	0.6402015513395409	0.7298595093134774	0.5714285714285714	baseline
P_AQ.1134	0.0	0.8822569987982921	0.9150679200615656	1.251773768630246	0.20920174190585686	0.2863120046689124	0.7907982580941432	0.7136879953310876	1.0	baseline
P_AQ.1135	0.0	0.7127400699260508	0.8836025001547829	1.5006089851433968	0.24923181924168003	0.11726659957796316	0.75076818075832	0.8827334004220369	0.8571428571428571	baseline
P_AQ.1136	0.0	0.8968925601394362	0.980443868835267	1.6478000411970954	0.728411638173859	0.7395616191415844	0.728411638173859	0.7395616191415844	0.8571428571428571	endpoint
P_AQ.1137	0.0	0.7486824163197339	0.9374719542768617	1.7559686033900308	0.68909606962896	0.7524406584205087	0.68909606962896	0.7524406584205087	0.8571428571428571	endpoint
P_AQ.1138	0.0	0.10321982584017213	0.1644194356367044	1.7438022669116338	0.514193703974572	0.45136134579161963	0.514193703974572	0.5486386542083803	0.5714285714285714	endpoint
P_AQ.1139	0.14285714285714285	0.9067554832230277	0.9324941795308992	2.5395887807332893	0.7229074939577228	0.7440480790928636	0.7229074939577228	0.7440480790928636	0.8571428571428571	endpoint
P_AQ.114	0.0	0.8259875156193824	1.200033248088051	1.737028434945065	0.231243722602571	0.04945453852877163	0.768756277397429	0.9505454614712283	0.8571428571428571	baseline
P_AQ.1140	0.0	0.5717438932569635	0.6137991261670451	1.3647964202410026	0.6673597765153743	0.5979053512966037	0.6673597765153743	0.5979053512966037	0.8571428571428571	endpoint
P_AQ.1141	0.0	0.3103785143356737	0.8378455071441671	1.2078154993330583	0.533747758298194	0.5966354787988936	0.533747758298194	0.5966354787988936	0.7142857142857143	endpoint
P_AQ.1142	0.0	0.05583895331640682	0.8194389283318321	1.4334073766659519	0.46955165142308086	0.551511231865949	0.5304483485769191	0.551511231865949	0.5714285714285714	endpoint
P_AQ.1143	0.0	0.4483145242824501	0.551022436559798	1.329416668584419	0.616626407338872	0.5962155703273532	0.616626407338872	0.5962155703273532	0.7142857142857143	endpoint
P_AQ.1144	0.0	0.729853585482593	1.1004865932506365	1.591649908961035	0.2305294334384357	0.2399576658672736	0.7694705665615643	0.7600423341327264	0.8571428571428571	baseline
P_AQ.1145	0.0	0.04880357516351879	0.37611669691805083	1.0844497044413903	0.47689042891316297	0.5357633398014763	0.523109571086837	0.5357633398014763	0.5714285714285714	endpoint
P_AQ.1146	0.0	0.23883518831502215	0.29117497428833994	1.377706018239612	0.5624804399156057	0.6056573797297068	0.5624804399156057	0.6056573797297068	0.7142857142857143	endpoint
P_AQ.1147	0.0	0.04187193932530658	0.02587080267891267	1.4256441945930463	0.49483658200828995	0.42226672204240523	0.50516341799171	0.5777332779575948	0.5714285714285714	endpoint
P_AQ.1148	0.0	0.1219813151118146	0.047170952517780126	1.487109000060849	0.49645208550898046	0.5735951288539592	0.5035479144910195	0.5735951288539592	0.5714285714285714	endpoint
P_AQ.115	0.0	0.10648133438785909	0.29126542868663424	1.355949212873566	0.5226313870085313	0.5401816730713777	0.5226313870085313	0.5401816730713777	0.5714285714285714	endpoint
P_AQ.1150	0.14285714285714285	0.4810006998162897	0.17631526798245303	2.2012350604862463	0.36879284019492437	0.38044368051681743	0.6312071598050757	0.6195563194831826	0.7142857142857143	baseline
P_AQ.1151	0.0	0.13964838509959895	0.15099100114593142	1.491054140783407	0.46074459108589716	0.3815889810464162	0.5392554089141028	0.6184110189535839	0.7142857142857143	baseline
P_AQ.1152	0.0	0.04415098225694036	0.2621090526152397	1.0219797266544732	0.46973715980571207	0.5049396333138692	0.5302628401942879	0.5049396333138692	0.5714285714285714	endpoint
P_AQ.1153	0.0	0.8163361011390765	0.7975494647398207	1.9468950608077933	0.6497259778280652	0.7064227269102563	0.6497259778280652	0.7064227269102563	0.8571428571428571	endpoint
P_AQ.1154	0.0	0.03893470535224375	0.013634426922191148	1.3224965940788478	0.5208497727673118	0.4486074990687104	0.5208497727673118	0.5513925009312897	0.5714285714285714	endpoint
P_AQ.1155	0.0	0.4147255875142628	0.5649294395234472	1.4935066934826091	0.3659896648372891	0.2358428187657729	0.6340103351627109	0.7641571812342272	0.7142857142857143	baseline
P_AQ.1156	0.0	0.1387135820451097	0.1329917387397264	0.8519438675581636	0.5171439514896929	0.42137283403509973	0.5171439514896929	0.5786271659649003	0.5714285714285714	endpoint
P_AQ.1157	0.0	0.3021241922168603	0.5160495556305711	1.2682102234672339	0.36066957352876844	0.4085488262659074	0.6393304264712316	0.5914511737340926	0.5714285714285714	baseline
P_AQ.1158	0.0	0.5495292470247096	0.7220263390986542	1.131484275147507	0.3138891501734515	0.28235176305522286	0.6861108498265485	0.7176482369447772	0.7142857142857143	baseline
P_AQ.1159	0.0	0.14693927924295822	0.3570642020418042	1.186370998025776	0.530531498449	0.4808159675600537	0.530531498449	0.5191840324399464	0.5714285714285714	endpoint
P_AQ.116	0.0	0.15987123262341177	0.1300035985277135	1.8638325833316551	0.4908057271196866	0.5444378547391586	0.5091942728803134	0.5444378547391586	0.5714285714285714	endpoint
P_AQ.1160	0.0	0.1538138635522816	0.5565691649003021	1.409474396641716	0.48284560630894446	0.5222391757440609	0.5171543936910555	0.5222391757440609	0.5714285714285714	endpoint
P_AQ.1161	0.0	0.6895877803917656	0.7827068501370088	1.352269424629963	0.27600428615197065	0.3132819448719482	0.7239957138480293	0.6867180551280518	1.0	baseline
P_AQ.1162	0.0	0.7408430769717376	0.817826758762087	1.4989103341593508	0.2681655232892907	0.30117979308511306	0.7318344767107092	0.698820206914887	1.0	baseline
P_AQ.1163	0.0	0.07068077388955778	0.2286933717770493	1.4309869744120862	0.5101535949938553	0.5266838420150592	0.5101535949938553	0.5266838420150592	0.5714285714285714	endpoint
P_AQ.1164	0.0	0.5683998331366349	0.6711007650141185	1.366250679988613	0.6747278707365265	0.6648360768814386	0.6747278707365265	0.6648360768814386	0.7142857142857143	endpoint
P_AQ.1165	0.0	0.5185486881086128	0.3769732954147791	1.3157867952132865	0.3065456054328443	0.32803577696183206	0.6934543945671556	0.6719642230381679	0.8571428571428571	baseline
P_AQ.1166	0.0	0.18913261244654098	0.03275736756494154	0.7739649943431804	0.4083760718761512	0.4333500917111789	0.5916239281238488	0.5666499082888211	1.0	baseline
P_AQ.1167	0.0	0.31450236698677286	0.03832911500383585	1.3107052497338934	0.5653085241280845	0.4317874504861396	0.5653085241280845	0.5682125495138604	0.5714285714285714	endpoint
P_AQ.1168	0.0	0.6914985031220908	0.9618543069371319	1.5556039012236909	0.2727097193400889	0.27915855142412727	0.7272902806599111	0.7208414485758727	0.8571428571428571	baseline
P_AQ.1169	0.0	0.21596452992093199	0.31418982442142973	1.0787674226520398	0.39807690366960713	0.4044226333867147	0.6019230963303929	0.5955773666132853	0.5714285714285714	baseline
P_AQ.117	0.0	0.5811971874559312	1.3338578427256087	1.5822510217057435	0.27829909339637593	0.13603308378701404	0.7217009066036241	0.8639669162129859	0.7142857142857143	baseline
P_AQ.1170	0.14285714285714285	0.4743901692821339	0.6748260506451182	2.00373875993441	0.39137033898621304	0.32363349535643116	0.6086296610137869	0.6763665046435688	0.7142857142857143	baseline
P_AQ.1171	0.0	0.602947108756646	0.6915188366685587	1.6849418126999705	0.3073237311321875	0.1887397091618623	0.6926762688678125	0.8112602908381377	0.8571428571428571	baseline
P_AQ.1172	0.0	0.4362272568823454	0.4767477914435119	1.1760244607970403	0.5997845012259256	0.5801932967908401	0.5997845012259256	0.5801932967908401	0.5714285714285714	endpoint
P_AQ.1173	0.0	1.0566653141133793	1.184653256508339	1.655805479327594	0.15923725601593805	0.04867718332400626	0.8407627439840619	0.9513228166759937	1.0	baseline
P_AQ.1174	0.0	0.2811846460388022	0.21860525282137552	1.156379460285759	0.5854472936312902	0.5160186311821906	0.5854472936312902	0.5160186311821906	0.5714285714285714	endpoint
P_AQ.1175	0.0	0.21325188435548917	0.12053132690672576	1.267089847279244	0.5658822623185547	0.6326267011433537	0.5658822623185547	0.6326267011433537	0.5714285714285714	endpoint
P_AQ.1176	0.0	0.794617649841505	0.576507336450871	1.4627031271342104	0.24699603178904367	0.23153475695132192	0.7530039682109564	0.768465243048678	1.0	baseline
P_AQ.1177	0.0	0.7964856909293364	0.8949538231886517	1.9121271301235545	0.6999780117026592	0.7790560963644965	0.6999780117026592	0.7790560963644965	0.7142857142857143	endpoint
P_AQ.1178	0.0	0.3979690413597039	0.6492970777705278	1.3326569240766668	0.33838730846019593	0.2936103796232125	0.6616126915398041	0.7063896203767874	0.7142857142857143	baseline
P_AQ.1179	0.0	0.2280311416065405	0.27504490698111106	1.6161381357549578	0.3628963784738682	0.40768601028462237	0.6371036215261319	0.5923139897153776	0.8571428571428571	baseline
P_AQ.118	0.0	0.11799606426775895	0.20837619147896264	1.6253094339546075	0.5061780766391895	0.5126544811743771	0.5061780766391895	0.5126544811743771	0.5714285714285714	endpoint
P_AQ.1180	0.0	0.5179448271505617	0.39732427027739586	1.6337521427186776	0.33395578828382355	0.30518155887374443	0.6660442117161764	0.6948184411262556	0.8571428571428571	baseline
P_AQ.1181	0.0	0.5483361249986436	1.1290623404481896	1.5500195415373592	0.24205015480440584	0.10294198657985512	0.7579498451955942	0.8970580134201449	0.7142857142857143	baseline
P_AQ.1182	0.0	0.2391004935932897	0.1066381141996944	1.1458229478383979	0.4325820883362233	0.5003544974532346	0.5674179116637768	0.5003544974532346	0.5714285714285714	baseline
P_AQ.1183	0.0	0.012258159157475603	0.5014993070585206	1.081563667861308	0.49591334475177523	0.346530114008015	0.5040866552482248	0.653469885991985	0.5714285714285714	baseline
P_AQ.1184	0.0	0.17307204636183934	0.2321139194722462	0.9218256128042566	0.5153276182148115	0.46247669922291373	0.5153276182148115	0.5375233007770863	0.5714285714285714	endpoint
P_AQ.1185	0.0	0.8423782542663645	0.8143125923035576	1.1621593933990382	0.2225744656818835	0.3016901469182949	0.7774255343181165	0.6983098530817051	1.0	baseline
P_AQ.1186	0.0	0.8058459180851874	1.0704051562168455	1.4003579850977756	0.7268918881153253	0.7874913550463047	0.7268918881153253	0.7874913550463047	0.8571428571428571	endpoint
P_AQ.1187	0.0	0.47705137802860725	1.0080450665050968	1.3292526693032152	0.6605628278347412	0.809075333428938	0.6605628278347412	0.809075333428938	0.5714285714285714	endpoint
P_AQ.1188	0.0	0.31014232904705624	0.2852064543468763	1.9002871240931622	0.42714483402515496	0.3503242334392571	0.5728551659748451	0.6496757665607429	0.5714285714285714	baseline
P_AQ.1189	0.0	0.6562744826773516	0.7389149102999302	1.4586525138275546	0.6520040914092676	0.5980323549888508	0.6520040914092676	0.5980323549888508	0.8571428571428571	endpoint
P_AQ.119	0.0	0.6689112336210904	0.5958344910860122	1.5504475554089847	0.25390518780373333	0.32105411209483575	0.7460948121962667	0.6789458879051642	1.0	baseline
P_AQ.1190	0.0	0.5510121975912053	0.7192292044580162	1.4386518150474767	0.33232007715586004	0.30565997936435285	0.6676799228441399	0.6943400206356471	0.8571428571428571	baseline
P_AQ.1191	0.0	0.6641533645207739	0.7036425884972991	1.495144995484493	0.2643137018578438	0.32556350330383776	0.7356862981421561	0.6744364966961622	1.0	baseline
P_AQ.1192	0.0	0.30630297802944134	0.3302175236629362	1.3729480861986592	0.3533483369557665	0.33552092117799737	0.6466516630442335	0.6644790788220026	0.7142857142857143	baseline
P_AQ.1193	0.0	0.5311174657744869	0.9113195452736628	1.486794056966823	0.3229379412928032	0.2868851163276628	0.6770620587071968	0.7131148836723372	0.7142857142857143	baseline
P_AQ.1194	0.0	0.07056055126228608	0.008565611744961977	1.430196831535527	0.4499324052243686	0.4606834383066855	0.5500675947756314	0.5393165616933144	0.5714285714285714	baseline
P_AQ.1195	0.0	0.2302114886324969	0.11232812713652494	1.0680319248457797	0.3997052771201907	0.39358139501169737	0.6002947228798092	0.6064186049883027	0.7142857142857143	baseline
P_AQ.1196	0.0	0.15985035780382367	0.06312972697616656	1.1571619480937398	0.5314271684984951	0.44289717950286345	0.5314271684984951	0.5571028204971366	0.7142857142857143	endpoint
P_AQ.1197	0.0	0.02797335248804262	0.2208448751769296	1.3266409648981097	0.46384959932697767	0.42971098207685776	0.5361504006730223	0.5702890179231422	0.5714285714285714	baseline
P_AQ.1198	0.0	0.5219415524354062	0.9751061097504554	1.4689878929895037	0.2952801825054861	0.26700431684265047	0.704719817494514	0.7329956831573495	0.8571428571428571	baseline
P_AQ.1199	0.0	0.7924428688219756	0.98322545706047	1.3785030110542662	0.2212783373237573	0.15399941623511149	0.7787216626762428	0.8460005837648885	0.8571428571428571	baseline
P_AQ.12	0.0	0.7219113116261229	0.7046289949494142	1.8118808911291633	0.7285354176322337	0.8382303687467543	0.7285354176322337	0.8382303687467543	0.5714285714285714	endpoint
P_AQ.120	0.0	0.6807263855554698	0.8675043041142466	1.4094210781528576	0.24096170582832507	0.15881718794698518	0.7590382941716749	0.8411828120530148	0.8571428571428571	baseline
P_AQ.1200	0.0	0.8567856369591587	1.0772282843168608	1.6405973502482385	0.7599154683806478	0.9250868574822729	0.7599154683806478	0.9250868574822729	0.7142857142857143	endpoint
P_AQ.1201	0.0	0.5528446555940032	0.5424888002084223	1.256861112902194	0.3040193061864051	0.34327787640722646	0.6959806938135948	0.6567221235927736	0.8571428571428571	baseline
P_AQ.1202	0.0	0.48989439687390324	1.0728385580057147	1.3293153581003836	0.35711017611127643	0.23347155679326564	0.6428898238887235	0.7665284432067343	0.7142857142857143	baseline
P_AQ.1203	0.0	0.5889837518431371	0.6614893564880154	1.3106116065160174	0.292290947052976	0.2938228451491709	0.707709052947024	0.7061771548508291	1.0	baseline
P_AQ.1204	0.0	0.41526811844755224	0.7817767309639955	1.512364224796971	0.5690070065562217	0.6344247294688871	0.5690070065562217	0.6344247294688871	0.7142857142857143	endpoint
P_AQ.1205	0.0	0.08782668752434906	0.31785829728603876	1.1403177463820782	0.45920724283625425	0.3961238977540509	0.5407927571637458	0.6038761022459491	0.5714285714285714	baseline
P_AQ.1206	0.0	0.09208073974221549	0.2938833801015986	1.065689109318492	0.5224973298367924	0.5195796989938376	0.5224973298367924	0.5195796989938376	0.5714285714285714	endpoint
P_AQ.1207	0.0	0.5703590184986883	0.8060182691879715	1.513510153454967	0.6306912063851495	0.651222403071461	0.6306912063851495	0.651222403071461	0.5714285714285714	endpoint
P_AQ.1208	0.0	0.6277174660010393	0.8289266351416171	1.550004956598414	0.6488632572964793	0.65616411777113	0.6488632572964793	0.65616411777113	0.5714285714285714	endpoint
P_AQ.121	0.0	0.3038335828531614	0.5623860756882901	1.132189789307376	0.5642816248498729	0.521329831871305	0.5642816248498729	0.521329831871305	0.5714285714285714	endpoint
P_AQ.1210	0.0	0.16874453380391108	0.1489035345233173	1.7579246670798967	0.42168171720741965	0.4756894606503395	0.5783182827925804	0.5243105393496605	0.5714285714285714	baseline
P_AQ.1211	0.0	0.8870032119756568	0.893433570224063	1.6761251444622949	0.7085016716673145	0.7784904199047642	0.7085016716673145	0.7784904199047642	0.8571428571428571	endpoint
P_AQ.1212	0.0	0.13641002082531417	0.47236107213328815	1.106791915633269	0.4368724077488292	0.3695891089676993	0.5631275922511708	0.6304108910323007	0.5714285714285714	baseline
P_AQ.1213	0.14285714285714285	0.03183342805445279	0.33428059187336095	2.315222739759907	0.42460151893476283	0.39168892036318165	0.5753984810652372	0.6083110796368183	0.5714285714285714	endpoint
P_AQ.1214	0.0	0.24605802749438377	0.09627943407525666	1.8680667966127984	0.429885341349767	0.44027299065555564	0.570114658650233	0.5597270093444444	0.7142857142857143	baseline
P_AQ.1215	0.0	0.19045418708430198	0.17935603962588567	1.2026695998428145	0.5412126551334212	0.5031102873509925	0.5412126551334212	0.5031102873509925	0.5714285714285714	endpoint
P_AQ.1216	0.0	0.35315476714077015	0.5998830363246281	1.808293569653893	0.40410359925043543	0.30966626106574613	0.5958964007495646	0.6903337389342539	0.7142857142857143	baseline
P_AQ.1217	0.0	0.035630535659338027	0.49416291369573756	1.37529870306145	0.4117235745980477	0.34851136812091976	0.5882764254019524	0.6514886318790802	0.5714285714285714	baseline
P_AQ.1218	0.0	0.2947374681268068	0.09348042636878144	1.5307478334158997	0.4040551481932934	0.39942755714246747	0.5959448518067065	0.6005724428575325	0.7142857142857143	baseline
P_AQ.1219	0.0	0.195623466854817	0.1388727018063088	1.671430095703978	0.5162800489965199	0.49772311956632564	0.5162800489965199	0.5022768804336744	0.5714285714285714	endpoint
P_AQ.122	0.0	0.2701743736248124	0.035208828609536225	1.2133166639294766	0.40707184971983396	0.4557029227029511	0.592928150280166	0.5442970772970489	0.5714285714285714	baseline
P_AQ.1220	0.0	0.06113504366258577	0.3445011008341948	1.208321120690521	0.48685879878208616	0.47889511914452726	0.5131412012179138	0.5211048808554728	0.5714285714285714	endpoint
P_AQ.1221	0.0	0.5322051330556578	0.9064889362969272	1.640475745719867	0.6595529423472569	0.7833482385919357	0.6595529423472569	0.7833482385919357	0.7142857142857143	endpoint
P_AQ.1222	0.0	0.5141975393247712	1.147368661500289	1.5042355842864736	0.30417057834420225	0.22702144245017142	0.6958294216557978	0.7729785575498286	0.7142857142857143	baseline
P_AQ.1223	0.0	0.28323548383186464	0.8069998322798551	1.2374537490186948	0.4331854235665626	0.2640271534715958	0.5668145764334374	0.7359728465284042	0.7142857142857143	baseline
P_AQ.1224	0.0	0.07596675688140477	0.3094446465641904	1.5124635247656115	0.41633437538063006	0.39995687180119577	0.5836656246193699	0.6000431281988042	0.5714285714285714	baseline
P_AQ.1225	0.0	0.25496150535135476	0.6034454211918105	1.5976584833340393	0.5597093607989712	0.6705876738948168	0.5597093607989712	0.6705876738948168	0.5714285714285714	endpoint
P_AQ.1226	0.0	0.21222187711254975	0.4190975567860579	1.2444713806647585	0.5333972605572058	0.5619849287575861	0.5333972605572058	0.5619849287575861	0.5714285714285714	endpoint
P_AQ.1227	0.0	0.0010193106279519954	0.07588011841749395	1.2211992838333794	0.4366789322892767	0.417814960929982	0.5633210677107233	0.5821850390700181	0.5714285714285714	baseline
P_AQ.1228	0.0	0.8529509274051801	1.0471901544713085	1.6939230488813763	0.23974381570031186	0.14807699829113802	0.7602561842996881	0.8519230017088619	0.8571428571428571	baseline
P_AQ.1229	0.0	0.864054969043912	1.4519162193623472	1.7187867321564094	0.7399307112082586	0.8481217078919189	0.7399307112082586	0.8481217078919189	0.7142857142857143	endpoint
P_AQ.123	0.0	0.16647636846895209	0.35890484007241547	1.6382742228636462	0.45273227198425864	0.3190458252819174	0.5472677280157414	0.6809541747180826	0.5714285714285714	baseline
P_AQ.1230	0.0	0.03410692385728775	0.8847515813677314	1.5309413554125397	0.4557803722366474	0.2909472527802101	0.5442196277633526	0.7090527472197898	0.5714285714285714	baseline
P_AQ.1231	0.0	0.5341077746117524	0.9241780320541118	1.27626607442062	0.6299693593431834	0.5744611377289652	0.6299693593431834	0.5744611377289652	0.8571428571428571	endpoint
P_AQ.1232	0.14285714285714285	0.6399498080302263	0.9069855371398219	2.0957344746141824	0.5850154967423421	0.7269031737035777	0.5850154967423421	0.7269031737035777	0.7142857142857143	endpoint
P_AQ.1233	0.0	0.23762491482835638	0.3324379989416589	1.2109767030519454	0.5121576085667175	0.5717418271366044	0.5121576085667175	0.5717418271366044	0.5714285714285714	endpoint
P_AQ.1234	0.0	0.4986220514338469	0.8323352338809223	1.84064992827476	0.5929778265674174	0.7448795584060441	0.5929778265674174	0.7448795584060441	0.5714285714285714	endpoint
P_AQ.1235	0.0	0.42570741574572724	0.6971425417653402	1.441575543196362	0.37026722385317284	0.30309904240128444	0.6297327761468272	0.6969009575987155	0.7142857142857143	baseline
P_AQ.1236	0.0	0.1310882699515308	0.4745580983994542	1.3733469991473748	0.43585737014859366	0.3749808294664031	0.5641426298514063	0.6250191705335969	0.5714285714285714	baseline
P_AQ.1237	0.0	0.11389097388491251	0.4658628097416876	1.2352116045372297	0.46688105108385386	0.5139588259050262	0.5331189489161461	0.5139588259050262	0.5714285714285714	endpoint
P_AQ.1238	0.0	0.5314587966984843	0.6872542322595014	1.8215464654070264	0.3452056287404791	0.2738420777835189	0.6547943712595209	0.7261579222164811	0.7142857142857143	baseline
P_AQ.1239	0.0	0.0367374897538106	0.34916252788995494	1.3813730987085786	0.493027900204385	0.37283669773054995	0.5069720997956151	0.62716330226945	0.5714285714285714	baseline
P_AQ.124	0.14285714285714285	0.9230912699916917	1.348032984455788	2.0279152661176707	0.2701121699330729	0.14328144070733895	0.7298878300669271	0.856718559292661	0.7142857142857143	baseline
P_AQ.1240	0.0	0.6823810664594446	0.8676099410330914	1.4494247167689425	0.6428922226372161	0.6645087487999212	0.6428922226372161	0.6645087487999212	0.7142857142857143	endpoint
P_AQ.1241	0.0	0.15820790141985405	0.09588909942513556	1.5593973716458	0.40918574711087985	0.4115612017938397	0.5908142528891202	0.5884387982061603	0.7142857142857143	baseline
P_AQ.1242	0.0	0.020990868357840826	0.05000959660520022	1.4850524591550593	0.47273219985247256	0.41291129831008727	0.5272678001475275	0.5870887016899127	0.7142857142857143	baseline
P_AQ.1243	0.0	0.002245324010526176	0.1260536409278306	1.1877435613072795	0.4463079148591024	0.40266666453674554	0.5536920851408976	0.5973333354632544	0.7142857142857143	endpoint
P_AQ.1244	0.0	0.2547186151638845	0.11684369571005096	1.4347733730162044	0.3704990714381308	0.4440872035917417	0.6295009285618691	0.5559127964082583	0.5714285714285714	baseline
P_AQ.1245	0.0	0.794042928927965	0.8004313928986676	1.1470899577074942	0.24221710046162107	0.232027482838061	0.757782899538379	0.767972517161939	1.0	baseline
P_AQ.1246	0.0	0.15405574257577373	0.1336706031261814	1.2140343546836458	0.547616373393744	0.4147550565197447	0.547616373393744	0.5852449434802554	0.5714285714285714	endpoint
P_AQ.1247	0.0	0.14004451171539103	0.1794649449796013	1.574877613404728	0.5217052304056986	0.4386373197188001	0.5217052304056986	0.5613626802812	0.5714285714285714	endpoint
P_AQ.1249	0.0	0.026347628643718535	0.2510116170728174	1.1444831145183925	0.4448309835312069	0.5497519547294086	0.555169016468793	0.5497519547294086	0.5714285714285714	baseline
P_AQ.125	0.0	0.5665242895038244	0.7133631045817207	1.5457069665783099	0.6680523622226158	0.6312351464569358	0.6680523622226158	0.6312351464569358	0.7142857142857143	endpoint
P_AQ.1250	0.0	0.5884505768523897	1.0044678050900202	1.393793855477171	0.3168886404027914	0.1992419979177639	0.6831113595972086	0.8007580020822361	0.8571428571428571	baseline
P_AQ.1251	0.0	0.21189601048205878	0.18316271113321927	1.9883370983022661	0.5542558137414091	0.380756313299432	0.5542558137414091	0.619243686700568	0.5714285714285714	endpoint
P_AQ.1252	0.0	0.8031943014034482	1.1374112259631086	1.8482054866458966	0.24388450932633624	0.18261062739077574	0.7561154906736638	0.8173893726092243	0.8571428571428571	baseline
P_AQ.1253	0.0	0.35673261107626036	0.43648731311530303	1.1124839231182262	0.3759382554708396	0.33852522309845606	0.6240617445291604	0.6614747769015439	0.8571428571428571	baseline
P_AQ.1254	0.0	0.4948463668912913	0.7781560152784419	1.384696755217799	0.6381440492022401	0.7000445783223196	0.6381440492022401	0.7000445783223196	0.7142857142857143	endpoint
P_AQ.1255	0.0	0.9480418030961729	1.1555310602133233	1.6538462465095214	0.7541776113136132	0.8029416748129384	0.7541776113136132	0.8029416748129384	0.8571428571428571	endpoint
P_AQ.1256	0.0	0.6940509037925059	1.0182650957449773	1.2669849650244296	0.2685357014812823	0.2688220054484924	0.7314642985187176	0.7311779945515076	0.8571428571428571	baseline
P_AQ.1257	0.0	0.7831930372456871	0.856542792545166	1.4587456863546715	0.2674438671492306	0.20318582756635814	0.7325561328507695	0.7968141724336418	0.8571428571428571	baseline
P_AQ.1258	0.0	0.09018931159911929	0.5574424961581025	1.5774231410645438	0.5351543585995407	0.35710128940641256	0.5351543585995407	0.6428987105935875	0.5714285714285714	endpoint
P_AQ.1259	0.0	0.7603436470437759	0.8561126304697962	1.9783826875195218	0.6597963318499792	0.728709142376415	0.6597963318499792	0.728709142376415	0.8571428571428571	endpoint
P_AQ.126	0.0	0.5023510472730195	0.5769528281914179	1.4975571328777961	0.32830665988824903	0.31852833578377293	0.671693340111751	0.6814716642162271	0.7142857142857143	baseline
P_AQ.1260	0.0	0.4722174821946779	1.0751561331556168	1.3534323713439846	0.3170067648651386	0.24062151566178752	0.6829932351348613	0.7593784843382125	0.7142857142857143	baseline
P_AQ.1261	0.0	0.7280876501428389	0.947502127954056	1.3404286421910812	0.29410704054381204	0.22127603499649057	0.705892959456188	0.7787239650035094	0.8571428571428571	baseline
P_AQ.1262	0.0	0.876159782038313	1.05656754764785	1.6741692627462827	0.20802198691361454	0.2015575867026199	0.7919780130863855	0.7984424132973801	1.0	baseline
P_AQ.1263	0.0	0.1840793748242124	0.8347075448000216	1.7852776277328197	0.417574687661236	0.28464035828705403	0.5824253123387639	0.715359641712946	0.5714285714285714	baseline
P_AQ.1264	0.0	0.12498438825272415	0.1478073614438026	1.4823130786231244	0.4105509179791653	0.40362310516567296	0.5894490820208347	0.5963768948343271	0.7142857142857143	baseline
P_AQ.1265	0.0	0.02822648411968281	0.41702648589969127	1.6615851116258882	0.45949233527561767	0.39565189283648633	0.5405076647243823	0.6043481071635137	0.7142857142857143	baseline
P_AQ.1266	0.0	1.1497006498986455	1.1601137011095293	1.8858615458173227	0.17330625884739734	0.1378815043473341	0.8266937411526026	0.862118495652666	1.0	baseline
P_AQ.1267	0.0	0.2716332050599112	0.834561035046802	1.60567517674722	0.3961466802269058	0.2986211885212171	0.6038533197730942	0.7013788114787829	0.7142857142857143	baseline
P_AQ.1268	0.0	0.7104161522319238	0.9925716149061676	1.3761370746406203	0.2636725789188447	0.27446199669878435	0.7363274210811552	0.7255380033012157	0.8571428571428571	baseline
P_AQ.1269	0.0	0.11690342447157091	0.35172067183044753	1.505535179533225	0.4780205429476601	0.3193268402294243	0.52197945705234	0.6806731597705757	0.5714285714285714	endpoint
P_AQ.127	0.0	0.007878608625459258	0.24356274430551964	1.7345784223845628	0.49287085436351913	0.6759340314609062	0.5071291456364808	0.6759340314609062	0.5714285714285714	endpoint
P_AQ.1270	0.0	0.16199656506011387	0.18986265193225998	1.5866683228005802	0.4809345119609684	0.5635233730224786	0.5190654880390315	0.5635233730224786	0.7142857142857143	endpoint
P_AQ.1271	0.0	0.11993770726414045	0.26012460343148597	1.928866395043735	0.4800615291222511	0.4117153624896776	0.5199384708777489	0.5882846375103223	0.7142857142857143	endpoint
P_AQ.1272	0.0	0.15301711481868033	0.41030749717952647	1.7883447845382432	0.4928846686079492	0.5145954086259177	0.5071153313920508	0.5145954086259177	0.5714285714285714	endpoint
P_AQ.1273	0.0	0.15802441444707507	0.17495650175008892	1.6662593706998488	0.4586621492521125	0.3994721091433972	0.5413378507478874	0.6005278908566027	0.5714285714285714	baseline
P_AQ.1274	0.0	0.2751050733260305	0.9132771763849626	1.376206578550579	0.3832463638546632	0.2364261587970067	0.6167536361453367	0.7635738412029933	0.5714285714285714	baseline
P_AQ.1275	0.0	0.3677022317280495	0.6171834361862197	1.0312411890890414	0.3261387617288499	0.2411431142081058	0.6738612382711501	0.7588568857918943	0.7142857142857143	baseline
P_AQ.1276	0.0	0.6632479650607628	0.523771081399926	1.7444796801302498	0.6675948348502603	0.7296533662553317	0.6675948348502603	0.7296533662553317	0.7142857142857143	endpoint
P_AQ.1278	0.0	0.21038566689342467	0.21915243470191972	1.4113011827908268	0.4421245919584957	0.3604467315728891	0.5578754080415043	0.6395532684271109	0.5714285714285714	baseline
P_AQ.1279	0.0	0.20074977090833085	0.4107808927104916	1.4284301290549282	0.550489410146892	0.592898977908231	0.550489410146892	0.592898977908231	0.5714285714285714	endpoint
P_AQ.128	0.0	0.22867755983991897	0.45374904872595934	1.605542523671723	0.5379738682938879	0.6045028862075653	0.5379738682938879	0.6045028862075653	0.7142857142857143	endpoint
P_AQ.1280	0.0	0.2574364452229955	0.7905697697265827	1.315204665057876	0.4003618046490364	0.252859242075139	0.5996381953509635	0.747140757924861	0.5714285714285714	baseline
P_AQ.1281	0.0	0.028593586795652222	0.4485952161607521	1.7242893863415316	0.4924942303815562	0.35763383352049266	0.5075057696184437	0.6423661664795073	0.5714285714285714	endpoint
P_AQ.1282	0.0	0.22452626812535612	0.5877814120856829	1.6061859552438569	0.38470660244657967	0.2508128987852528	0.6152933975534203	0.7491871012147472	0.7142857142857143	baseline
P_AQ.1283	0.0	0.1870472280142864	0.018722051628138923	1.099531097556023	0.5138969291896561	0.42261603963974076	0.5138969291896561	0.5773839603602593	0.7142857142857143	endpoint
P_AQ.1284	0.0	0.8785965168752863	1.0851072183415915	1.6709709446781056	0.22286009125157166	0.11689472409810495	0.7771399087484283	0.883105275901895	0.8571428571428571	baseline
P_AQ.1285	0.0	0.33835982216261434	0.3024765285259409	1.7591034469120204	0.37309932679617436	0.3334998778195399	0.6269006732038256	0.6665001221804601	0.5714285714285714	baseline
P_AQ.1286	0.0	0.6552828826886034	0.760746950447992	1.4869542304716457	0.6592002748392412	0.6874102257356598	0.6592002748392412	0.6874102257356598	0.7142857142857143	endpoint
P_AQ.1287	0.0	0.5520434324540876	0.6015287412257243	1.298228988165217	0.6413819080150616	0.7530292353596488	0.6413819080150616	0.7530292353596488	0.7142857142857143	endpoint
P_AQ.1288	0.0	0.7856986078077616	0.7367046483123326	1.429550376527357	0.7058861531134177	0.6362703047916654	0.7058861531134177	0.6362703047916654	0.8571428571428571	endpoint
P_AQ.1289	0.0	0.5198203488304448	1.0009579473171122	1.4026883681934912	0.6274421522471341	0.5792647709200319	0.6274421522471341	0.5792647709200319	0.7142857142857143	endpoint
P_AQ.129	0.0	0.11201952059838412	0.08321178263799106	1.142679720892892	0.5252601545897044	0.4440163926230021	0.5252601545897044	0.5559836073769979	0.7142857142857143	endpoint
P_AQ.1290	0.0	0.10389262616268462	0.4432096081863843	1.4179169512200915	0.4487961246140367	0.35108602039257436	0.5512038753859634	0.6489139796074257	0.7142857142857143	baseline
P_AQ.1291	0.0	0.045028682920918627	0.014410341672511266	1.1010195420226492	0.45199540607622823	0.47424233672704685	0.5480045939237718	0.5257576632729531	0.7142857142857143	baseline
P_AQ.1292	0.0	0.9954917618830904	1.2713210712271081	1.8383162352267866	0.20174821339061583	0.08079556783797874	0.7982517866093841	0.9192044321620213	0.8571428571428571	baseline
P_AQ.1293	0.0	0.19344975106159165	0.3830445795267488	1.2901331344992466	0.422238018843846	0.31814707479581406	0.5777619811561541	0.681852925204186	0.5714285714285714	baseline
P_AQ.1294	0.0	0.32608171027588034	0.6250831260842241	1.7262649487670902	0.35820176984338864	0.31315527467957	0.6417982301566114	0.68684472532043	0.7142857142857143	baseline
P_AQ.1295	0.0	0.2097874533112527	0.29914929047433764	1.2638540185341325	0.39672404046237514	0.3457386912573312	0.6032759595376249	0.6542613087426687	0.5714285714285714	baseline
P_AQ.1296	0.0	1.0253859784596584	1.2856727865706725	1.6829603358670655	0.7627720981292443	0.8308952848878218	0.7627720981292443	0.8308952848878218	0.7142857142857143	endpoint
P_AQ.1297	0.0	0.08536231444892048	0.24235148367012216	1.79900495468319	0.4442472899721059	0.3644184445414308	0.5557527100278941	0.6355815554585692	0.7142857142857143	baseline
P_AQ.1298	0.0	0.44718245313071775	0.5669151570631579	1.3665261696480706	0.33262188322715386	0.25257801681478687	0.6673781167728461	0.7474219831852131	0.8571428571428571	baseline
P_AQ.1299	0.0	0.17246737877438886	0.5438546893900409	1.385760511553318	0.42675404272970796	0.3958062454411549	0.573245957270292	0.6041937545588452	0.5714285714285714	baseline
P_AQ.13	0.0	0.028923094102743883	0.3667511354161786	1.5153629286686063	0.4027682883510621	0.3255464081827158	0.5972317116489378	0.6744535918172843	0.5714285714285714	baseline
P_AQ.130	0.0	0.8894094403963707	1.2671075390811755	1.7169070490911522	0.7053360311032604	0.7439859870301808	0.7053360311032604	0.7439859870301808	0.7142857142857143	endpoint
P_AQ.1300	0.0	0.4232987382763791	0.5667417532495129	1.1962512597874815	0.33289139298055426	0.30500798291276465	0.6671086070194457	0.6949920170872353	0.7142857142857143	baseline
P_AQ.1301	0.0	0.016901077137387834	0.5533842342129536	1.5277512753754812	0.48884672011672886	0.3416120077018625	0.5111532798832712	0.6583879922981375	0.5714285714285714	baseline
P_AQ.1302	0.0	0.036580971376509876	0.08465023151686962	1.321790664867602	0.5047343515988201	0.45910367768401605	0.5047343515988201	0.540896322315984	0.5714285714285714	endpoint
P_AQ.1303	0.0	0.33983033418540737	0.2456169800741279	0.9693731652516117	0.3634777499328941	0.38866840187509477	0.6365222500671059	0.6113315981249052	0.7142857142857143	baseline
P_AQ.1304	0.0	0.4994783863041478	0.8466214109593497	1.775323652869347	0.5917033264424212	0.6075477925099203	0.5917033264424212	0.6075477925099203	0.7142857142857143	endpoint
P_AQ.1305	0.0	0.21060797413887739	0.48987323310076775	1.1054941082684984	0.5469295033932223	0.5803716476107149	0.5469295033932223	0.5803716476107149	0.5714285714285714	endpoint
P_AQ.1306	0.0	0.36668966503224726	0.4631224125447688	1.1408459578473198	0.34942629727318136	0.2847723528735691	0.6505737027268186	0.7152276471264309	0.7142857142857143	baseline
P_AQ.1307	0.0	0.49646415135350186	0.4269739591444533	1.637946746974645	0.5927945114271459	0.5665537023535946	0.5927945114271459	0.5665537023535946	0.7142857142857143	endpoint
P_AQ.1308	0.0	0.06121576062507587	0.12395889589408314	1.6029641312833642	0.49155113974193065	0.4325172673044072	0.5084488602580693	0.5674827326955928	0.7142857142857143	baseline
P_AQ.1309	0.0	0.4671743114141507	0.47111682847404407	1.1583352339659114	0.6079931912242974	0.498254162409292	0.6079931912242974	0.501745837590708	0.5714285714285714	endpoint
P_AQ.131	0.0	0.206419997937977	0.31702366682279987	1.4328460377894419	0.5471907055704551	0.5640119606577714	0.5471907055704551	0.5640119606577714	0.5714285714285714	endpoint
P_AQ.1310	0.0	0.9835468702248472	1.1924572152384325	1.576225725200658	0.15822680689715232	0.03536447595036404	0.8417731931028477	0.9646355240496359	1.0	baseline
P_AQ.1311	0.0	0.14179858967433057	0.069069097553419	1.376832478138925	0.5107625913931891	0.614511882891222	0.5107625913931891	0.614511882891222	0.5714285714285714	endpoint
P_AQ.1312	0.0	0.937610914781927	1.0633808437754682	1.5623448413377452	0.7194972599973195	0.7316518401302816	0.7194972599973195	0.7316518401302816	0.8571428571428571	endpoint
P_AQ.1313	0.0	0.5583682901670548	0.9295715258456871	1.3502339845613653	0.3357458005426186	0.2760508213644065	0.6642541994573814	0.7239491786355935	0.8571428571428571	baseline
P_AQ.1314	0.0	0.22242517046936272	0.0557686072404639	1.167050676314681	0.4256100182299786	0.41112497379753976	0.5743899817700213	0.5888750262024602	0.7142857142857143	baseline
P_AQ.1315	0.0	0.21807153510304642	0.7294408547221839	1.668736332909844	0.3879733668855136	0.24491063744190558	0.6120266331144864	0.7550893625580944	0.5714285714285714	baseline
P_AQ.1316	0.0	0.9107319543173498	1.144310395819537	1.6234603757841588	0.22995201058500184	0.12714354224462546	0.7700479894149982	0.8728564577553746	0.8571428571428571	baseline
P_AQ.1317	0.0	0.674776758452761	1.050652294844738	1.4256222309760291	0.259792484497311	0.16982051319627942	0.740207515502689	0.8301794868037206	0.8571428571428571	baseline
P_AQ.1318	0.0	0.23054970470418137	0.464427385330849	1.4094978325533267	0.5275884316619285	0.5968650061641801	0.5275884316619285	0.5968650061641801	0.5714285714285714	endpoint
P_AQ.132	0.0	0.37632820512040094	0.13407634326033793	1.1862938065435598	0.3527389553871519	0.45812342641285414	0.6472610446128482	0.5418765735871458	0.7142857142857143	baseline
P_AQ.1320	0.0	0.4300917470566059	0.9963362815784037	1.6423572384774887	0.4134996804191471	0.21289526885939536	0.5865003195808529	0.7871047311406046	0.5714285714285714	baseline
P_AQ.1321	0.0	1.0514580768007986	1.3148009646147043	1.5978174939350074	0.1376392041790871	0.027764125726911032	0.862360795820913	0.972235874273089	1.0	baseline
P_AQ.1322	0.0	0.4229273823330743	0.782329474832691	1.3887889918756746	0.35956999637333126	0.18576100595024658	0.6404300036266688	0.8142389940497534	0.7142857142857143	baseline
P_AQ.1323	0.0	0.4456784534364274	0.6710221596460374	1.5272164283961744	0.6101325279880673	0.6867809300119136	0.6101325279880673	0.6867809300119136	0.5714285714285714	endpoint
P_AQ.1324	0.0	0.12036449744345508	0.004004304652479795	1.6741915286479403	0.5159753650733147	0.48304557334411424	0.5159753650733147	0.5169544266558858	0.5714285714285714	endpoint
P_AQ.1325	0.14285714285714285	0.8156893662301377	0.944297829150675	2.210407621745344	0.6839695434517749	0.730780720363912	0.6839695434517749	0.730780720363912	0.8571428571428571	endpoint
P_AQ.1326	0.0	0.4512601987562794	0.7070617696527053	1.252341784224101	0.3650336652736743	0.23915864272249765	0.6349663347263257	0.7608413572775024	0.8571428571428571	baseline
P_AQ.1327	0.0	0.20843635963484428	0.8998773348324729	1.405141863132644	0.543772663312536	0.6112278996357625	0.543772663312536	0.6112278996357625	0.5714285714285714	endpoint
P_AQ.1328	0.0	1.2019655922746861	1.4634501755894735	1.8345365745266062	0.7895934650234677	0.8130282363729842	0.7895934650234677	0.8130282363729842	1.0	endpoint
P_AQ.1329	0.0	0.046059454600283	0.15494147865093602	1.6638207121422388	0.4992994506895173	0.4499122037081734	0.5007005493104827	0.5500877962918266	0.5714285714285714	endpoint
P_AQ.133	0.0	0.134402822395186	0.060902691596857655	1.1640615136144086	0.44558868682589875	0.4240936126568114	0.5544113131741013	0.5759063873431887	0.5714285714285714	baseline
P_AQ.1330	0.0	0.8526015741693004	1.1467182140442795	1.7797674221613422	0.7153153992419679	0.7739876566235981	0.7153153992419679	0.7739876566235981	0.7142857142857143	endpoint
P_AQ.1331	0.0	0.35309369245461525	0.04117784739910242	1.4582916261377386	0.5987535196241343	0.5611531228342257	0.5987535196241343	0.5611531228342257	0.5714285714285714	endpoint
P_AQ.1332	0.0	0.8367407885232062	1.2365513540014414	1.4508211184117108	0.25448083442673136	0.1695550869687037	0.7455191655732687	0.8304449130312963	0.7142857142857143	baseline
P_AQ.1333	0.0	0.2899227725339912	0.5562171668441718	1.6019425845319908	0.36479094237547	0.3491169421542739	0.63520905762453	0.6508830578457261	0.7142857142857143	baseline
P_AQ.1334	0.0	0.2360838721191661	0.21843785602271706	1.6949831882317272	0.5076161650907126	0.49617807715989404	0.5076161650907126	0.503821922840106	0.5714285714285714	endpoint
P_AQ.1335	0.0	0.5183855632401112	0.7018283664306048	1.1942619132856183	0.3083204598124122	0.2719767957281723	0.6916795401875878	0.7280232042718278	0.8571428571428571	baseline
P_AQ.1336	0.0	0.6148794453930009	0.6805964674251178	1.851706058392891	0.29995373453672336	0.19280385329407923	0.7000462654632766	0.8071961467059208	0.7142857142857143	baseline
P_AQ.1337	0.14285714285714285	0.27080282931972505	0.19753323482150725	2.510484347005162	0.4830404422347853	0.3671525546966689	0.5169595577652146	0.632847445303331	0.5714285714285714	endpoint
P_AQ.1338	0.0	0.5729190215143779	1.0997720293967823	1.4280958113604798	0.33965349635103737	0.20787207205693156	0.6603465036489626	0.7921279279430684	0.7142857142857143	baseline
P_AQ.1339	0.0	0.09355198293360689	0.0068709874047068785	1.2870798727835513	0.4793721781396823	0.4262919916153221	0.5206278218603178	0.573708008384678	0.7142857142857143	baseline
P_AQ.134	0.0	0.6244742516549906	0.7441857612899418	1.4979738910509621	0.2915481484524877	0.24225292805198748	0.7084518515475122	0.7577470719480125	0.7142857142857143	baseline
P_AQ.1340	0.0	0.8903994143405928	1.0177511713719403	1.3233675001495833	0.2297568774677003	0.1443008954257234	0.7702431225322997	0.8556991045742766	0.8571428571428571	baseline
P_AQ.1341	0.0	0.11678126026349743	0.03411771861647884	1.1416580480162035	0.4328368981906962	0.4911779515195321	0.5671631018093037	0.508822048480468	0.5714285714285714	baseline
P_AQ.1342	0.0	0.5597318654609634	0.32511430990989015	1.5505184355951607	0.27537468169422447	0.39416435112897175	0.7246253183057756	0.6058356488710283	0.8571428571428571	baseline
P_AQ.1343	0.0	0.050796488508711914	0.03910121654889031	1.6783926959034727	0.4387440394386076	0.4605987844212743	0.5612559605613924	0.5394012155787258	0.5714285714285714	endpoint
P_AQ.1344	0.0	0.8395846377596204	1.1518152546184186	1.5776056696926024	0.6985126220395419	0.8176666098240768	0.6985126220395419	0.8176666098240768	0.7142857142857143	endpoint
P_AQ.1345	0.0	0.15221162628201793	0.6522755702869564	1.3966545126237504	0.5254110803690379	0.5259526165106824	0.5254110803690379	0.5259526165106824	0.5714285714285714	endpoint
P_AQ.1346	0.0	0.6338761800800495	0.8139902335664255	1.4193687603230931	0.6407198892595255	0.6851060241420875	0.6407198892595255	0.6851060241420875	0.8571428571428571	endpoint
P_AQ.1347	0.0	0.24624588028169883	0.684566840710602	1.1582109106548888	0.37931318007336895	0.3296784586627423	0.6206868199266311	0.6703215413372576	0.7142857142857143	baseline
P_AQ.1348	0.0	0.23282309653865532	0.28090641521338316	1.5696316963021704	0.38436338334122	0.4837127802799473	0.61563661665878	0.5162872197200528	0.5714285714285714	baseline
P_AQ.1349	0.0	0.18860495950910225	0.3595914808418385	1.4091085419724925	0.5201780332194621	0.579851173534654	0.5201780332194621	0.579851173534654	0.5714285714285714	endpoint
P_AQ.135	0.0	0.6605144773496493	1.1302445961757213	1.7212105498839227	0.6617391964204945	0.7379942026594073	0.6617391964204945	0.7379942026594073	0.7142857142857143	endpoint
P_AQ.1350	0.0	0.20761349370850307	0.00837484953123835	1.785979364940541	0.49991227376406194	0.5430616425210668	0.500087726235938	0.5430616425210668	0.5714285714285714	endpoint
P_AQ.1351	0.0	0.09237266873521174	0.1434264866858992	1.527054554807115	0.4029135856623001	0.4432306605846978	0.5970864143376999	0.5567693394153022	0.7142857142857143	baseline
P_AQ.1352	0.0	0.9238341445390762	1.2694147736351977	1.5504728229500164	0.23327100504374593	0.14288816861663237	0.7667289949562541	0.8571118313833677	0.8571428571428571	baseline
P_AQ.1353	0.0	0.9877864158902254	1.230689651389923	1.8131141144852598	0.7642653088433686	0.8166044641626762	0.7642653088433686	0.8166044641626762	1.0	endpoint
P_AQ.1354	0.0	0.7654913360599497	1.2017454236333749	1.5579071814564747	0.20719476981919677	0.04889143550481209	0.7928052301808033	0.9511085644951879	0.7142857142857143	baseline
P_AQ.1355	0.0	0.615105564132837	0.9949271142345951	1.4194237615696648	0.6820076616974647	0.8043684390416641	0.6820076616974647	0.8043684390416641	0.7142857142857143	endpoint
P_AQ.1356	0.0	0.05909007488856593	0.2700189003940056	1.5880865384870115	0.4959770689346811	0.46750708570149474	0.5040229310653189	0.5324929142985053	0.5714285714285714	endpoint
P_AQ.1357	0.0	0.682278061096525	1.1112461017469795	1.5886772134344238	0.6561269501818738	0.8092231094245089	0.6561269501818738	0.8092231094245089	0.7142857142857143	endpoint
P_AQ.1358	0.0	0.03228688183633288	0.05148942387276277	1.0495078945337193	0.5014189943357048	0.4652083575808923	0.5014189943357048	0.5347916424191077	0.7142857142857143	endpoint
P_AQ.1359	0.14285714285714285	0.34296019498170704	0.32461895027193866	2.6929993676626443	0.49373758075352525	0.56683811732528	0.5062624192464747	0.56683811732528	0.5714285714285714	endpoint
P_AQ.136	0.0	0.38459263214007944	0.6920811318538235	1.8497777893593554	0.39335336318172887	0.2687219665159941	0.6066466368182711	0.7312780334840059	0.5714285714285714	baseline
P_AQ.1360	0.0	0.0019258612579333065	0.44824262259464914	1.4957040762746552	0.5172421076974866	0.38065751430182654	0.5172421076974866	0.6193424856981735	0.5714285714285714	baseline
P_AQ.1361	0.0	0.8075964784697266	0.91960111317345	1.7713332627322247	0.7326349072199108	0.9139010285654189	0.7326349072199108	0.9139010285654189	0.7142857142857143	endpoint
P_AQ.1362	0.0	0.1566771564643966	0.008929237769601108	1.4441055907989777	0.5238156513426647	0.5132191299968766	0.5238156513426647	0.5132191299968766	0.5714285714285714	endpoint
P_AQ.1363	0.0	0.007548549586770037	0.48779031657654787	1.7939556540837864	0.42666880447854444	0.3502323410333496	0.5733311955214555	0.6497676589666503	0.5714285714285714	endpoint
P_AQ.1364	0.14285714285714285	0.7293371113926234	1.093498501505754	2.0232163808791426	0.6292729061786121	0.6716227941730725	0.6292729061786121	0.6716227941730725	0.7142857142857143	endpoint
P_AQ.1365	0.0	0.6105963149854193	0.626885403123266	1.1617693887344804	0.31067440390016116	0.2521231742856342	0.6893255960998388	0.7478768257143658	0.8571428571428571	baseline
P_AQ.1366	0.0	0.41002256871702775	0.4729585791865301	1.346800580640999	0.6278271873563932	0.7566818713598884	0.6278271873563932	0.7566818713598884	0.5714285714285714	endpoint
P_AQ.1367	0.0	0.602287170780836	0.7829926896400738	1.6380202188244959	0.32752588352741435	0.22166132580005468	0.6724741164725856	0.7783386741999453	0.8571428571428571	baseline
P_AQ.1368	0.0	1.0491407823573027	1.2372836032468595	1.8584042289975122	0.7558493950530185	0.7895120566514428	0.7558493950530185	0.7895120566514428	0.8571428571428571	endpoint
P_AQ.1369	0.0	0.23706385030521332	0.3279335185733744	1.3390192775445022	0.5623374320879038	0.579384259621166	0.5623374320879038	0.579384259621166	0.5714285714285714	endpoint
P_AQ.137	0.0	0.41837811998580293	0.6146663592411556	1.7579963658621605	0.6082396996885683	0.609944620618215	0.6082396996885683	0.609944620618215	0.7142857142857143	endpoint
P_AQ.1370	0.14285714285714285	0.3680009371613894	0.4551674662997739	2.481794031683795	0.518044955832267	0.5755380625326552	0.518044955832267	0.5755380625326552	0.5714285714285714	endpoint
P_AQ.1371	0.0	0.4703786929949533	0.281958163362334	1.2264352670483223	0.3450967412897653	0.35139253655869573	0.6549032587102347	0.6486074634413043	0.8571428571428571	baseline
P_AQ.1372	0.0	0.26843099265681325	0.19000306066372785	1.4626359158494842	0.5432151461124491	0.5477463293618655	0.5432151461124491	0.5477463293618655	0.7142857142857143	endpoint
P_AQ.1373	0.0	0.5833884465796295	1.1154466529706428	1.3224536829255977	0.30428878177158775	0.22402433507412925	0.6957112182284122	0.7759756649258708	0.7142857142857143	baseline
P_AQ.1374	0.0	0.5388000741444934	0.8520976083132344	1.6693057818439156	0.5966800953178861	0.6382049816197662	0.5966800953178861	0.6382049816197662	0.7142857142857143	endpoint
P_AQ.1375	0.0	0.15178290971706124	0.10812452349098778	1.6578514704328717	0.4245341993761477	0.4796835527230368	0.5754658006238522	0.5203164472769632	0.5714285714285714	baseline
P_AQ.1376	0.0	0.18606457869102214	0.8072059665845123	1.4581715787037313	0.47725523898739963	0.6491709242569262	0.5227447610126004	0.6491709242569262	0.5714285714285714	endpoint
P_AQ.1377	0.0	0.5897324413095816	0.6931574495276316	1.4612846758639098	0.6579931665663127	0.6691571182391384	0.6579931665663127	0.6691571182391384	0.5714285714285714	endpoint
P_AQ.1378	0.0	0.28716489854694044	0.4719811592244205	1.4884435721423572	0.5753803232052476	0.5791650551191004	0.5753803232052476	0.5791650551191004	0.5714285714285714	endpoint
P_AQ.1379	0.0	0.7750070834634483	1.1136247660231868	1.6804087449240948	0.7251409576142663	0.8604221635061103	0.7251409576142663	0.8604221635061103	0.7142857142857143	endpoint
P_AQ.138	0.0	0.32690883654595265	0.7744992341379209	1.4038519718992217	0.36213665948519774	0.18940484368722835	0.6378633405148022	0.8105951563127717	0.7142857142857143	baseline
P_AQ.1380	0.0	0.9662151381519622	1.1117988489289121	1.5501752483067095	0.18511259850296113	0.1429523604054336	0.8148874014970389	0.8570476395945664	1.0	baseline
P_AQ.1381	0.0	0.3175416186393488	0.5137110468921685	1.6426952160123878	0.528240658460641	0.5856110079508512	0.528240658460641	0.5856110079508512	0.7142857142857143	endpoint
P_AQ.1382	0.0	0.09898871948254069	0.005604839401442117	1.5685505507288056	0.4913565167646187	0.42536530755941654	0.5086434832353812	0.5746346924405834	0.5714285714285714	endpoint
P_AQ.1383	0.0	0.2799529344465929	0.19688345864955023	1.8448547471246552	0.5534425885903163	0.4686189523440669	0.5534425885903163	0.5313810476559331	0.5714285714285714	endpoint
P_AQ.1384	0.0	0.12648841579027129	0.3733530756821927	1.3108336821636672	0.4805674785946841	0.483306471823754	0.5194325214053159	0.5166935281762459	0.5714285714285714	endpoint
P_AQ.1385	0.0	1.0959452917239545	1.094002917546265	1.8153921281103298	0.7860660815863227	0.7973484456236626	0.7860660815863227	0.7973484456236626	1.0	endpoint
P_AQ.1386	0.0	0.6098929846180035	0.6128196543945839	1.3145877430427744	0.2688722518023848	0.304600656126026	0.7311277481976153	0.6953993438739741	0.8571428571428571	baseline
P_AQ.1387	0.0	0.3665925713708943	0.8009551565086831	1.0010752754673957	0.37679303867887187	0.30375939424570975	0.6232069613211282	0.6962406057542903	0.7142857142857143	baseline
P_AQ.1388	0.0	1.4842431482536715	1.5920360890619185	1.9772725541956413	0.884901868945921	0.9464798174547747	0.884901868945921	0.9464798174547747	1.0	endpoint
P_AQ.1389	0.0	0.05269408866714826	0.18278529292295218	1.3526053884295202	0.4835677200778547	0.5313268678173545	0.5164322799221452	0.5313268678173545	0.5714285714285714	endpoint
P_AQ.139	0.0	0.10695674946519006	0.06387655241863353	1.6788164046893301	0.4694034048273869	0.40861005897354713	0.530596595172613	0.5913899410264529	0.5714285714285714	baseline
P_AQ.1390	0.0	0.33577069676480537	0.6584488765913901	1.5821525415644357	0.6145504447080443	0.6910541098421361	0.6145504447080443	0.6910541098421361	0.5714285714285714	endpoint
P_AQ.1391	0.0	0.5563330051587122	0.8296556090977377	1.8859717262702025	0.6092383993319134	0.7145798724167404	0.6092383993319134	0.7145798724167404	0.7142857142857143	endpoint
P_AQ.1392	0.0	0.4837583506251959	0.8078631611725995	1.709999351852987	0.645514555238374	0.7001343507472997	0.645514555238374	0.7001343507472997	0.5714285714285714	endpoint
P_AQ.1393	0.0	0.26896348159549827	0.24617765797706087	0.9320886114405407	0.5602530353508662	0.5047823828892216	0.5602530353508662	0.5047823828892216	0.7142857142857143	endpoint
P_AQ.1394	0.0	0.7426085358659364	1.3414780447316141	1.7622530596703352	0.6280269015073955	0.7943468933851435	0.6280269015073955	0.7943468933851435	0.7142857142857143	endpoint
P_AQ.1395	0.0	0.7060954394874955	1.0100091267590825	1.4040812173198778	0.6752184169443581	0.6705601113987638	0.6752184169443581	0.6705601113987638	0.8571428571428571	endpoint
P_AQ.1396	0.0	0.06309706084036316	0.030860021759806424	1.618354746254191	0.4791321385350308	0.43799536061780686	0.5208678614649692	0.5620046393821931	0.7142857142857143	baseline
P_AQ.1397	0.0	0.8750121444885947	1.0324953932021315	1.6277525559409416	0.7463414218303025	0.747095968480353	0.7463414218303025	0.747095968480353	0.8571428571428571	endpoint
P_AQ.1398	0.0	0.3596607190366253	0.478293349425198	1.2352731984356264	0.5964141598722926	0.5767798101628975	0.5964141598722926	0.5767798101628975	0.5714285714285714	endpoint
P_AQ.1399	0.0	0.31296723268932347	0.6585833683891796	1.4627764319908008	0.38391166111979935	0.28253328489207585	0.6160883388802006	0.7174667151079241	0.7142857142857143	baseline
P_AQ.14	0.0	0.07852373775582981	0.010232633824171534	1.5904980569679903	0.4504405840262326	0.4758507487908653	0.5495594159737673	0.5241492512091347	0.7142857142857143	baseline
P_AQ.140	0.0	0.011050653034739908	0.4631273439037741	1.2823495869850436	0.4248462806222367	0.544233780396527	0.5751537193777633	0.544233780396527	0.5714285714285714	endpoint
P_AQ.1400	0.0	0.6085242600492553	0.9973717070962098	1.6731001411917887	0.6389767696272852	0.5999865296945095	0.6389767696272852	0.5999865296945095	0.7142857142857143	endpoint
P_AQ.1401	0.0	0.2083063046742649	0.23496270094281313	1.3103971685319604	0.49806173527667486	0.5280362403553952	0.5019382647233251	0.5280362403553952	0.5714285714285714	endpoint
P_AQ.1402	0.0	0.7656445564547478	0.5137495870426615	1.6634384254182029	0.7151817184079968	0.6372124244487797	0.7151817184079968	0.6372124244487797	0.8571428571428571	endpoint
P_AQ.1403	0.0	0.5503182114692972	0.7067745905683652	1.360568220253089	0.2943825435761139	0.1830631401581476	0.7056174564238862	0.8169368598418524	0.8571428571428571	baseline
P_AQ.1404	0.0	0.6763671447702622	1.1949385839813922	1.7035341435195386	0.25905687507245345	0.1448011942557138	0.7409431249275465	0.8551988057442862	0.7142857142857143	baseline
P_AQ.1405	0.0	0.1479393783890157	0.18182765665606254	0.8444079486118192	0.5344768574160198	0.5261956719600593	0.5344768574160198	0.5261956719600593	0.5714285714285714	endpoint
P_AQ.1406	0.0	0.9703176684017507	1.2542793954333915	1.6177424170074188	0.17052135184483924	0.12837700084207823	0.8294786481551608	0.8716229991579217	1.0	baseline
P_AQ.1407	0.0	0.35522469749197744	0.3079550835887364	1.4760105996117794	0.5751939380728361	0.49026704978164715	0.5751939380728361	0.5097329502183529	0.5714285714285714	endpoint
P_AQ.1408	0.0	0.5926442258303842	0.6972139057258714	1.283333200998031	0.6472566222365632	0.6702525980108953	0.6472566222365632	0.6702525980108953	0.7142857142857143	endpoint
P_AQ.1409	0.0	0.37014402465091795	0.8397432271579907	1.0677895183593957	0.4046474046238022	0.25349175583887684	0.5953525953761978	0.7465082441611232	0.7142857142857143	baseline
P_AQ.141	0.0	0.2525315439631769	0.10773708025940158	1.5973839928981255	0.5607106365325313	0.4795561297751302	0.5607106365325313	0.5204438702248698	0.5714285714285714	endpoint
P_AQ.1410	0.0	0.24991414922491478	0.34054834615370766	1.4245654267700318	0.3918198991011409	0.3533759084317961	0.6081801008988591	0.6466240915682039	0.8571428571428571	baseline
P_AQ.1411	0.0	0.7105203366378096	1.1875683078594572	1.7711565769119608	0.2207680061230711	0.09528302064847968	0.7792319938769289	0.9047169793515203	0.7142857142857143	baseline
P_AQ.1412	0.0	0.07612178753167712	0.11722539238158348	1.5727521014035708	0.5116421536873135	0.4214065537872902	0.5116421536873135	0.5785934462127098	0.5714285714285714	endpoint
P_AQ.1414	0.0	0.033263906360559946	0.3028855145889029	1.307871790797546	0.5042918553866617	0.3799122697732857	0.5042918553866617	0.6200877302267143	0.5714285714285714	endpoint
P_AQ.1415	0.0	0.1452885880843926	0.34614850380184903	0.8596215298886168	0.49949629775377025	0.5273793346630373	0.5005037022462298	0.5273793346630373	0.5714285714285714	endpoint
P_AQ.1416	0.0	0.2605814452734481	0.20782735345254216	1.6068604717035493	0.4963158061854525	0.5380896847720112	0.5036841938145475	0.5380896847720112	0.7142857142857143	endpoint
P_AQ.1417	0.0	0.9830821293545495	1.0264733930634609	1.4970563038557523	0.7582954403760225	0.7660975009814179	0.7582954403760225	0.7660975009814179	1.0	endpoint
P_AQ.1418	0.0	0.41710874940140946	0.6156077739529363	1.0619954077969636	0.3394175211755056	0.3157141724176015	0.6605824788244944	0.6842858275823984	0.8571428571428571	baseline
P_AQ.1419	0.0	0.028518999177334598	0.29634156231434783	1.56929764607766	0.4896113851894435	0.41342509379664527	0.5103886148105565	0.5865749062033547	0.7142857142857143	endpoint
P_AQ.142	0.0	0.721690708809245	0.7392546434150897	1.458585568148156	0.6908026166692878	0.6706659225779695	0.6908026166692878	0.6706659225779695	0.7142857142857143	endpoint
P_AQ.1420	0.0	0.8157644269429812	1.1453159552227532	1.2936877006468335	0.25105366856720185	0.18757846950890683	0.7489463314327982	0.8124215304910931	0.8571428571428571	baseline
P_AQ.1421	0.0	0.47061830694500195	0.6791945087667295	1.1858779954276124	0.3482453441047049	0.25645214691172125	0.6517546558952951	0.7435478530882788	0.7142857142857143	baseline
P_AQ.1422	0.0	0.8419158507591605	0.9111723714629695	1.995280368248869	0.6941626948987111	0.6399486682209629	0.6941626948987111	0.6399486682209629	0.8571428571428571	endpoint
P_AQ.1423	0.0	0.3151821266197348	0.1004305436486837	1.4408617506054657	0.3786870471475852	0.41086683295951715	0.6213129528524148	0.5891331670404829	0.5714285714285714	baseline
P_AQ.1424	0.0	0.3954256638081635	0.3082238375569749	1.351868015377946	0.603469459108371	0.5438398832888648	0.603469459108371	0.5438398832888648	0.7142857142857143	endpoint
P_AQ.1425	0.0	0.5098273145999969	0.3776127928019826	1.5768478125482561	0.345768872625714	0.31129564645282504	0.654231127374286	0.688704353547175	0.7142857142857143	baseline
P_AQ.1426	0.0	0.7433183988404375	1.4524796775585498	1.7694865660364505	0.6305972054206759	0.6808021751047425	0.6305972054206759	0.6808021751047425	0.7142857142857143	endpoint
P_AQ.1427	0.0	0.1382046855274144	0.13721157675300816	1.466898566463726	0.525690618897965	0.48924974918849046	0.525690618897965	0.5107502508115096	0.5714285714285714	endpoint
P_AQ.1428	0.0	0.8408041679892654	0.9487706822564599	1.332169281401145	0.23499813986793164	0.22205507597383334	0.7650018601320684	0.7779449240261667	1.0	baseline
P_AQ.143	0.0	1.173313867064353	1.4776415465567148	1.721639404323458	0.8220188835954174	0.9624397222742279	0.8220188835954174	0.9624397222742279	0.8571428571428571	endpoint
P_AQ.1430	0.0	0.18847837684914645	0.773331084545991	1.6340156772474932	0.3690296924461198	0.26745321049758713	0.6309703075538802	0.7325467895024129	0.7142857142857143	baseline
P_AQ.1431	0.0	0.22017514575266037	0.45688810075978115	1.619847270588726	0.5575937278282664	0.5979493433972273	0.5575937278282664	0.5979493433972273	0.5714285714285714	endpoint
P_AQ.1432	0.0	0.3161196718061779	0.35645488529516045	1.6243026914233925	0.5241798684805014	0.5332713527483912	0.5241798684805014	0.5332713527483912	0.5714285714285714	endpoint
P_AQ.1433	0.0	0.1301640366614341	0.6143548952835931	1.2576433092705368	0.4660399180629552	0.37394512985775435	0.5339600819370448	0.6260548701422457	0.5714285714285714	baseline
P_AQ.1434	0.0	0.7567632069237558	1.1834507608317117	1.3608369172504577	0.2429520182721995	0.11445883724094288	0.7570479817278005	0.8855411627590571	0.7142857142857143	baseline
P_AQ.1435	0.0	0.5548508416019272	0.5588464541519	1.120996477962802	0.649746304027403	0.6017656965674164	0.649746304027403	0.6017656965674164	0.7142857142857143	endpoint
P_AQ.1436	0.0	0.5558483970799052	0.6087001925957236	1.5589429636027243	0.6502524353888453	0.6086576194644852	0.6502524353888453	0.6086576194644852	0.5714285714285714	endpoint
P_AQ.1437	0.0	0.4881512317568231	0.8242627189312124	1.5844338326185599	0.6000626726343532	0.6569492042435335	0.6000626726343532	0.6569492042435335	0.7142857142857143	endpoint
P_AQ.1438	0.0	1.1460698661991273	1.198112277587359	1.7985076011288361	0.1565426336848605	0.08938295083568584	0.8434573663151395	0.9106170491643142	1.0	baseline
P_AQ.1439	0.0	0.5739433626380835	0.5204399852466973	1.268506269066001	0.6205205579569427	0.5982542749159281	0.6205205579569427	0.5982542749159281	0.8571428571428571	endpoint
P_AQ.144	0.0	0.5209171517963317	0.8410645439314525	1.2276952888533545	0.334056646552729	0.29762682777143057	0.665943353447271	0.7023731722285694	0.8571428571428571	baseline
P_AQ.1440	0.0	0.7732640896120383	0.92826698141323	1.5080355698053935	0.6904120918845946	0.716352208918062	0.6904120918845946	0.716352208918062	0.7142857142857143	endpoint
P_AQ.1441	0.0	0.07571388365834084	0.14466300764676368	1.5779825552360038	0.5050885106597391	0.5085570979914379	0.5050885106597391	0.5085570979914379	0.5714285714285714	baseline
P_AQ.1443	0.0	0.011443874922756812	0.04306347845184093	1.7903507388708584	0.4526853427614191	0.46207311687646513	0.547314657238581	0.5379268831235349	0.5714285714285714	endpoint
P_AQ.1444	0.0	0.10033317155012902	0.010827409084612286	1.7856118496525786	0.5442541506750598	0.561815543340232	0.5442541506750598	0.561815543340232	0.5714285714285714	endpoint
P_AQ.1446	0.0	0.45115229270210894	0.6016569812151727	1.5666678789194897	0.6144720059806055	0.5236807879756085	0.6144720059806055	0.5236807879756085	0.7142857142857143	endpoint
P_AQ.1447	0.0	0.7117639567466553	0.986967688596688	1.4539559583295243	0.2749028100507629	0.12882994004020437	0.7250971899492371	0.8711700599597956	0.8571428571428571	baseline
P_AQ.1448	0.0	0.051406286296037794	0.08651484070002634	1.9866381530511559	0.4622913662721064	0.41567024821297066	0.5377086337278936	0.5843297517870294	0.5714285714285714	endpoint
P_AQ.1449	0.14285714285714285	0.3691435444381164	0.32835714953317363	2.1595074617640173	0.5362607081395095	0.5706397597753146	0.5362607081395095	0.5706397597753146	0.7142857142857143	endpoint
P_AQ.145	0.0	0.07343764588675127	0.06430476493866713	1.6700463616744112	0.4856771233132814	0.4100785599413731	0.5143228766867186	0.5899214400586269	0.7142857142857143	baseline
P_AQ.1450	0.0	0.04300901316006889	0.14243028297384697	1.2764011805759432	0.4946162558737276	0.39840317912545936	0.5053837441262724	0.6015968208745406	0.7142857142857143	endpoint
P_AQ.1451	0.0	0.03775040961253822	0.25154590477351924	1.337744843741385	0.46966015457112215	0.3632952455204878	0.5303398454288779	0.6367047544795121	0.5714285714285714	endpoint
P_AQ.1452	0.0	0.5890418167043607	0.7907936665196265	1.5689767598207496	0.32542573146278847	0.2684037634731469	0.6745742685372116	0.7315962365268531	0.7142857142857143	baseline
P_AQ.1453	0.0	0.5159182973505795	0.6263495326305296	1.6534993080148408	0.32943473867843903	0.3304559025700403	0.6705652613215609	0.6695440974299597	0.8571428571428571	baseline
P_AQ.1454	0.0	0.35073430356711455	0.7786471813362983	1.549702786921614	0.3023830587418838	0.18804066019739307	0.6976169412581161	0.8119593398026069	0.7142857142857143	baseline
P_AQ.1455	0.0	0.27275962725291314	0.4053488623217072	1.4965557320038307	0.5133818045352513	0.5914320128728229	0.5133818045352513	0.5914320128728229	0.7142857142857143	endpoint
P_AQ.1456	0.0	0.49449472958348323	1.1605106477266245	1.4517808619043973	0.3341403498901001	0.22302611342787276	0.6658596501098999	0.7769738865721272	0.5714285714285714	baseline
P_AQ.1458	0.0	0.7576654524048289	0.87382154416154	1.4621924845892649	0.2552793485798794	0.27354523542342685	0.7447206514201206	0.7264547645765731	1.0	baseline
P_AQ.1459	0.0	0.4913944831465723	0.644730223328958	1.6136343164785212	0.343019489341513	0.3078494124802723	0.656980510658487	0.6921505875197277	0.7142857142857143	baseline
P_AQ.146	0.0	0.7601316207279964	1.142684934313458	1.6060812645071285	0.7104942204871426	0.8420220352948883	0.7104942204871426	0.8420220352948883	0.7142857142857143	endpoint
P_AQ.1460	0.0	0.8334017159661293	1.209903843522876	1.784487035718181	0.7423581194675591	0.862294353664249	0.7423581194675591	0.862294353664249	0.7142857142857143	endpoint
P_AQ.1461	0.0	0.6824213168211158	1.105899440701555	1.651366500622829	0.2887976270654944	0.15397736577436003	0.7112023729345056	0.84602263422564	0.8571428571428571	baseline
P_AQ.1462	0.0	0.5598965460838478	1.0384948152164974	1.6224380415653392	0.6258856217927157	0.8047418598110057	0.6258856217927157	0.8047418598110057	0.7142857142857143	endpoint
P_AQ.1463	0.0	0.20291175471475703	0.41203437399839915	1.6733758330103496	0.4611725158985929	0.37069086409610397	0.5388274841014071	0.629309135903896	0.7142857142857143	baseline
P_AQ.1464	0.0	0.41455869015609903	0.7198202545432362	1.3223519639469912	0.5815785438149369	0.6763576307371085	0.5815785438149369	0.6763576307371085	0.5714285714285714	endpoint
P_AQ.1465	0.0	0.20795084342384035	0.01399378906986956	1.4280677379185271	0.5280485190910487	0.4803695790936552	0.5280485190910487	0.5196304209063448	0.5714285714285714	endpoint
P_AQ.1466	0.14285714285714285	1.2502004007340217	1.3580369196283326	2.260038102874354	0.8113586395007821	0.84871335515052	0.8113586395007821	0.84871335515052	1.0	endpoint
P_AQ.1467	0.0	0.12696271146237742	0.6868014437519274	1.108106976135919	0.5179059443615047	0.6443343604112285	0.5179059443615047	0.6443343604112285	0.5714285714285714	endpoint
P_AQ.1468	0.0	0.16989629408362728	0.19514116791876707	1.0002453678309273	0.4391210320984132	0.3678945237629967	0.5608789679015869	0.6321054762370033	0.7142857142857143	baseline
P_AQ.1469	0.0	0.3097876459330552	0.4050955655772435	1.3583345862584357	0.4100501465663828	0.44760487551643807	0.5899498534336172	0.5523951244835619	0.5714285714285714	baseline
P_AQ.147	0.0	0.03272877639176823	0.19831981044982294	1.2025532082115518	0.48395573028618377	0.45654457883013794	0.5160442697138162	0.5434554211698621	0.5714285714285714	baseline
P_AQ.1470	0.0	0.39371233577129344	1.0216712150466172	1.2182867190360367	0.6268601280600182	0.7801322455852064	0.6268601280600182	0.7801322455852064	0.5714285714285714	endpoint
P_AQ.1471	0.0	0.3323737452047985	0.6032533821611359	1.5711114558923809	0.4046960998464854	0.22367451513510508	0.5953039001535145	0.7763254848648949	0.7142857142857143	baseline
P_AQ.1472	0.0	0.5005640474086231	0.5791627776168562	1.6596093424110838	0.6451476342891869	0.6383719079315524	0.6451476342891869	0.6383719079315524	0.5714285714285714	endpoint
P_AQ.1473	0.0	0.8041606976446641	0.501882676497063	1.6091779158353767	0.6876742337159875	0.5890549869509842	0.6876742337159875	0.5890549869509842	1.0	endpoint
P_AQ.1474	0.14285714285714285	0.7623733116036	0.9507605233986686	2.718370728988962	0.6436420114697865	0.723329234655186	0.6436420114697865	0.723329234655186	0.7142857142857143	endpoint
P_AQ.1475	0.0	0.6162014555541163	0.6261746615110202	1.7493375395122706	0.29231996560005563	0.23419695935529009	0.7076800343999443	0.7658030406447099	0.8571428571428571	baseline
P_AQ.1476	0.0	0.20842321779433945	0.4718081885021949	1.510857143904425	0.38506068307325697	0.2704926440452094	0.614939316926743	0.7295073559547907	0.7142857142857143	baseline
P_AQ.1477	0.0	1.0526945950830588	1.1978116660975222	1.6726873522998136	0.16277526535900774	0.10018190763931137	0.8372247346409922	0.8998180923606887	0.8571428571428571	baseline
P_AQ.1478	0.0	0.10625378630028395	0.3816825549941214	1.4660976506233896	0.5254636839021904	0.5053645367001547	0.5254636839021904	0.5053645367001547	0.5714285714285714	endpoint
P_AQ.1479	0.0	0.3399406110043595	0.5704762045612659	1.366305474546269	0.5634434539765498	0.6053730016319101	0.5634434539765498	0.6053730016319101	0.7142857142857143	endpoint
P_AQ.148	0.0	0.6458127699072183	1.0252172776717692	1.7457848737644108	0.6772960127884103	0.7494120234348228	0.6772960127884103	0.7494120234348228	0.7142857142857143	endpoint
P_AQ.1480	0.0	1.1030771175187828	1.1469926498816332	1.457642223050146	0.7776353612728805	0.7917885035944332	0.7776353612728805	0.7917885035944332	1.0	endpoint
P_AQ.1481	0.0	0.8398082602242224	1.0462856694069387	1.807575744514496	0.7258037577512485	0.7033467549406394	0.7258037577512485	0.7033467549406394	0.8571428571428571	endpoint
P_AQ.1482	0.0	0.3707938927085404	0.51178566829493	1.5891525076821038	0.6260563574380998	0.5871684261888376	0.6260563574380998	0.5871684261888376	0.5714285714285714	endpoint
P_AQ.1483	0.0	0.1586132993434466	0.028729857506131027	1.3849128110198186	0.560896543289155	0.4742054402975082	0.560896543289155	0.5257945597024918	0.5714285714285714	endpoint
P_AQ.1484	0.0	0.6497632459799219	0.5897277649139719	1.6739853421149264	0.257732185232071	0.25017277916300096	0.742267814767929	0.749827220836999	0.8571428571428571	baseline
P_AQ.1485	0.0	0.6252212770290366	0.7891300823503606	1.5338243966201754	0.6661433979668407	0.6134681562356903	0.6661433979668407	0.6134681562356903	0.7142857142857143	endpoint
P_AQ.1486	0.0	0.7332099519387515	0.8202890774808269	1.8287982713221265	0.6699033610642484	0.6828597240410791	0.6699033610642484	0.6828597240410791	0.7142857142857143	endpoint
P_AQ.1487	0.0	0.2814151246958757	0.42902487875067846	1.4872299698926192	0.5813493524276011	0.5978259182439637	0.5813493524276011	0.5978259182439637	0.5714285714285714	endpoint
P_AQ.1488	0.0	0.31307095351920733	0.19208752392682435	1.6615027369925017	0.3736346715990809	0.37457492438713125	0.6263653284009191	0.6254250756128688	0.5714285714285714	baseline
P_AQ.1489	0.0	0.08905169567931362	0.008477663280095263	1.6691913086671124	0.4479804499974679	0.4570301702299331	0.5520195500025321	0.5429698297700669	0.7142857142857143	baseline
P_AQ.149	0.0	1.2125719007532874	1.4828635684105687	1.8015125382447217	0.8162982029532465	0.8073998084122823	0.8162982029532465	0.8073998084122823	1.0	endpoint
P_AQ.1490	0.0	0.054145656001767746	0.027128887266011176	1.676427216445982	0.46548603339637146	0.4714987353787452	0.5345139666036285	0.5285012646212548	0.7142857142857143	endpoint
P_AQ.1491	0.0	0.21782330454802815	0.626907373277917	1.3975338853454116	0.402423362839953	0.33037061094451387	0.597576637160047	0.6696293890554861	0.7142857142857143	baseline
P_AQ.1492	0.0	0.4182527213364615	0.5087325521739718	1.1622313455049118	0.3503869752636655	0.34457671593814926	0.6496130247363345	0.6554232840618508	0.7142857142857143	baseline
P_AQ.1493	0.0	0.1962575829133308	0.11134346659392245	1.5917754423488186	0.3873344342463298	0.45942331994937136	0.6126655657536701	0.5405766800506286	0.7142857142857143	baseline
P_AQ.1494	0.0	0.3072273614449636	0.49627006651714195	1.6884467899958795	0.37502433270425956	0.27449064468193596	0.6249756672957405	0.725509355318064	0.8571428571428571	baseline
P_AQ.1495	0.0	0.09867916983409433	0.3503479741604614	1.2309349938054066	0.4284193943381466	0.4017750145270739	0.5715806056618534	0.598224985472926	0.7142857142857143	baseline
P_AQ.1496	0.0	0.2771620376206592	0.1341478338949145	1.4976407194689085	0.418499910697666	0.44841297261551377	0.581500089302334	0.5515870273844863	0.5714285714285714	baseline
P_AQ.1497	0.0	0.33181820984587823	0.38437640212364416	1.5207811580077266	0.3937567664258848	0.3308286361808653	0.6062432335741152	0.6691713638191348	0.7142857142857143	baseline
P_AQ.1498	0.0	0.0005074761957488841	0.051412228572695055	1.3609586621658836	0.473586290616571	0.45098354791971107	0.526413709383429	0.5490164520802889	0.5714285714285714	baseline
P_AQ.1499	0.0	0.6512371704814847	1.0635594900486274	1.4152607808400772	0.29783783485806664	0.2333233115030178	0.7021621651419334	0.7666766884969822	0.8571428571428571	baseline
P_AQ.15	0.0	1.0120911455752821	1.1748468958697162	1.752428987172099	0.7972004198614622	0.9045773745083016	0.7972004198614622	0.9045773745083016	0.8571428571428571	endpoint
P_AQ.150	0.0	0.0750983194036059	0.22960588811295932	1.472690206086092	0.4726907913822767	0.5482389586704041	0.5273092086177233	0.5482389586704041	0.7142857142857143	endpoint
P_AQ.1500	0.0	0.21034989730794643	0.4828969121074337	1.3469441011170997	0.433559520870114	0.3523892400701793	0.566440479129886	0.6476107599298206	0.5714285714285714	baseline
P_AQ.1501	0.0	0.4421593327322855	0.4132296867102076	1.597847435910813	0.6347113445653328	0.5664913875193175	0.6347113445653328	0.5664913875193175	0.7142857142857143	endpoint
P_AQ.1502	0.0	0.6813097805835958	1.1578136950128004	1.5158321487338908	0.6534678487934095	0.7946414062170055	0.6534678487934095	0.7946414062170055	0.8571428571428571	endpoint
P_AQ.1503	0.0	0.34449764287695295	0.42786645839567955	1.7276274542394086	0.5568696645552733	0.5611384444418448	0.5568696645552733	0.5611384444418448	0.5714285714285714	endpoint
P_AQ.1504	0.0	0.029029291375441652	0.24135897455196895	1.1786543377714627	0.4674100517638193	0.4567641810664208	0.5325899482361807	0.5432358189335792	0.5714285714285714	baseline
P_AQ.1505	0.0	0.12821983985324065	0.11082007247337458	1.1619247149864178	0.4904996316929016	0.4627972940852642	0.5095003683070984	0.5372027059147357	0.5714285714285714	endpoint
P_AQ.1506	0.0	0.016469512815285473	0.17005045590135096	1.3501760170088013	0.46486197359741965	0.505790168893031	0.5351380264025803	0.505790168893031	0.5714285714285714	baseline
P_AQ.1507	0.0	0.36073156545358714	0.39235788902636215	1.4377080387286756	0.3290703789272437	0.30005559519809105	0.6709296210727562	0.699944404801909	0.8571428571428571	baseline
P_AQ.1508	0.0	0.16018570022983378	0.13549394110088908	1.8801107624446807	0.4461780584623662	0.5185554444940629	0.5538219415376338	0.5185554444940629	0.5714285714285714	baseline
P_AQ.1509	0.0	0.3061101359259822	0.6268207236167656	0.8066670423153284	0.37261250738132606	0.30625082988407354	0.627387492618674	0.6937491701159264	0.8571428571428571	baseline
P_AQ.151	0.14285714285714285	1.0997763393966498	0.8697213903049829	2.4523465514546965	0.7667372837497882	0.801176339926748	0.7667372837497882	0.801176339926748	0.8571428571428571	endpoint
P_AQ.1510	0.0	0.3363762639567028	0.6342555505051269	1.135170970713415	0.3829678870438769	0.31130851438325335	0.6170321129561231	0.6886914856167466	0.7142857142857143	baseline
P_AQ.1511	0.0	0.6204330568304106	0.720402746215686	1.5667852188076652	0.3054097523291825	0.3119269976379032	0.6945902476708175	0.6880730023620968	0.8571428571428571	baseline
P_AQ.1512	0.0	0.09688264387503231	0.3017585955445431	1.8627807778475614	0.45649757699600857	0.33482403014964984	0.5435024230039914	0.6651759698503501	0.5714285714285714	endpoint
P_AQ.1513	0.0	0.47945617639932087	0.9980545301981569	1.845574660274021	0.5598229477863691	0.6218218188250993	0.5598229477863691	0.6218218188250993	0.7142857142857143	endpoint
P_AQ.1514	0.0	0.19728625984784184	0.1432631658674207	1.2123893735190607	0.38493860342866554	0.4043178946709464	0.6150613965713345	0.5956821053290535	0.7142857142857143	baseline
P_AQ.1515	0.0	0.1495921421132936	0.45810587825750365	1.0905107743638291	0.5126346277441778	0.5761719267547729	0.5126346277441778	0.5761719267547729	0.5714285714285714	endpoint
P_AQ.1516	0.0	0.03581733314055348	0.21881172561475623	1.4404654480410004	0.425029407396468	0.4962940436789809	0.574970592603532	0.5037059563210191	0.5714285714285714	baseline
P_AQ.1517	0.0	0.11475299051418471	0.17126388456643662	1.012879333776663	0.5160545239290999	0.45240783492392594	0.5160545239290999	0.547592165076074	0.5714285714285714	endpoint
P_AQ.1519	0.0	0.2856679225933433	0.41628196188751426	1.3626180733097282	0.561062099446975	0.4898701284945974	0.561062099446975	0.5101298715054026	0.5714285714285714	endpoint
P_AQ.152	0.0	0.01544793228589224	0.12155739036872645	1.2556783897779356	0.4503739805516195	0.5147917629284211	0.5496260194483805	0.5147917629284211	0.5714285714285714	baseline
P_AQ.1520	0.0	0.1740220008090503	0.23837171789314443	1.5937850185240938	0.45060031285119656	0.3573528701670206	0.5493996871488034	0.6426471298329794	0.7142857142857143	baseline
P_AQ.1521	0.0	0.20051812600544597	0.17611946573882709	1.3077568000794866	0.406157467901234	0.43935899510913673	0.5938425320987659	0.5606410048908632	0.7142857142857143	baseline
P_AQ.1522	0.0	0.9020736631185019	1.2854371351574903	1.6368862998788636	0.777262981854968	0.8891807097495102	0.777262981854968	0.8891807097495102	0.8571428571428571	endpoint
P_AQ.1523	0.0	0.4465305474112328	0.3149962649761548	1.0148591727508498	0.3422546912498904	0.3672895166438535	0.6577453087501096	0.6327104833561465	0.8571428571428571	baseline
P_AQ.1524	0.0	0.06686099656418489	0.29053242844576044	1.336789631894973	0.46286719812242977	0.5541547393346726	0.5371328018775703	0.5541547393346726	0.7142857142857143	baseline
P_AQ.1525	0.0	0.4136793299015343	0.07661564762110756	1.7125672002386714	0.596798149723096	0.437936494371588	0.596798149723096	0.562063505628412	0.5714285714285714	endpoint
P_AQ.1526	0.0	0.8939129004807415	0.8604861919018622	1.9458356856231556	0.6960643739413594	0.8926520528721605	0.6960643739413594	0.8926520528721605	0.8571428571428571	endpoint
P_AQ.1527	0.14285714285714285	0.6749661046648486	0.8536215507681233	2.061361335978436	0.6052670028419536	0.6571581390467522	0.6052670028419536	0.6571581390467522	0.8571428571428571	endpoint
P_AQ.1528	0.0	0.5909748511759528	0.5188060913849384	1.364184956894608	0.6525162404117172	0.6220720822644992	0.6525162404117172	0.6220720822644992	0.5714285714285714	endpoint
P_AQ.1529	0.0	0.12196733660749513	0.07025458839947639	1.441996626011073	0.5295311849845804	0.5009370140921949	0.5295311849845804	0.5009370140921949	0.5714285714285714	endpoint
P_AQ.153	0.0	0.32309500023531434	1.1226201753621787	1.66726702084179	0.61765296374746	0.8477383850281217	0.61765296374746	0.8477383850281217	0.5714285714285714	endpoint
P_AQ.1530	0.0	0.16554955705881547	0.3897059857124283	1.3417680748493628	0.5164800294262046	0.34679367935868605	0.5164800294262046	0.6532063206413139	0.5714285714285714	endpoint
P_AQ.1531	0.0	0.22838297276873434	0.16208238558337662	1.537503624076178	0.5557074096470486	0.4510040200949022	0.5557074096470486	0.5489959799050979	0.5714285714285714	endpoint
P_AQ.1532	0.0	0.6955996830312562	1.1956416210419414	1.7303324439655212	0.6690213878010675	0.6269122734882001	0.6690213878010675	0.6269122734882001	0.7142857142857143	endpoint
P_AQ.1533	0.0	0.2030522160397237	0.05149090552700596	1.6754931249118368	0.39324050003358185	0.41245182729930735	0.6067594999664181	0.5875481727006926	0.5714285714285714	baseline
P_AQ.1534	0.0	0.5065459549437075	0.7030932521588941	1.2903819209749332	0.6137101827109743	0.6753578170758995	0.6137101827109743	0.6753578170758995	0.7142857142857143	endpoint
P_AQ.1535	0.0	0.40002124786254084	0.6319079732209786	1.115468586853929	0.35711211809025084	0.32960603901927193	0.6428878819097492	0.6703939609807281	0.7142857142857143	baseline
P_AQ.1536	0.0	0.7984908206163481	1.1327382512869628	1.6956252623785362	0.2686599875126897	0.13154861617822233	0.7313400124873103	0.8684513838217777	0.8571428571428571	baseline
P_AQ.1537	0.0	0.3409226708091936	0.4038566802034164	1.7699089652369815	0.5964092072527999	0.7323578504869793	0.5964092072527999	0.7323578504869793	0.5714285714285714	endpoint
P_AQ.1538	0.0	0.7837000124382595	1.0592575865737937	1.757946695691675	0.6929687749786212	0.7437413570141808	0.6929687749786212	0.7437413570141808	0.7142857142857143	endpoint
P_AQ.1539	0.0	0.81376242800708	1.0354908786033254	1.7084294075674098	0.2594887454852575	0.16501017552403172	0.7405112545147425	0.8349898244759683	0.8571428571428571	baseline
P_AQ.154	0.0	0.16266392442297947	0.2987654810215879	1.6765941667608097	0.509501613083365	0.47190232402185855	0.509501613083365	0.5280976759781415	0.5714285714285714	endpoint
P_AQ.1540	0.0	0.70649138745714	0.9826635937765632	1.4630585927727204	0.7016900979414388	0.7332248990758425	0.7016900979414388	0.7332248990758425	0.8571428571428571	endpoint
P_AQ.1541	0.0	0.4880210702149288	0.5933122710135824	1.1339988088365875	0.33754712567839107	0.3217352586262503	0.6624528743216089	0.6782647413737497	0.8571428571428571	baseline
P_AQ.1542	0.0	0.13018064617990285	0.3028020861968245	1.305448537311486	0.5231497626916608	0.5637384021412581	0.5231497626916608	0.5637384021412581	0.7142857142857143	endpoint
P_AQ.1543	0.0	0.6154938317731727	0.520376171710826	1.2422159765625513	0.27958777071516716	0.3278648315758839	0.7204122292848328	0.6721351684241161	1.0	baseline
P_AQ.1544	0.0	0.12118551511602309	0.1072998938200257	1.6542559711227676	0.4744442594600338	0.44262799408322884	0.5255557405399662	0.5573720059167712	0.5714285714285714	endpoint
P_AQ.1545	0.0	1.004699446095864	1.083369451393997	1.6630913592129908	0.7533241159201268	0.7904823644668617	0.7533241159201268	0.7904823644668617	0.8571428571428571	endpoint
P_AQ.1546	0.0	0.14435444126406788	0.11001236501486306	1.0115681130309655	0.4584672576490435	0.40794234494196435	0.5415327423509565	0.5920576550580356	0.5714285714285714	baseline
P_AQ.1547	0.0	0.4546022681706236	0.4905528997061287	1.4483309224815277	0.6498097163303924	0.7628751109938375	0.6498097163303924	0.7628751109938375	0.5714285714285714	endpoint
P_AQ.1548	0.0	0.21056499279969473	0.1188290949738502	1.2999126228982611	0.48180311608795634	0.5140549640403272	0.5181968839120437	0.5140549640403272	0.5714285714285714	endpoint
P_AQ.1549	0.0	0.34136293241649746	0.14328190958389142	1.1927682828160833	0.32486599610104266	0.38398017983018345	0.6751340038989573	0.6160198201698166	0.7142857142857143	baseline
P_AQ.155	0.0	0.6031500241802056	1.141109706544371	1.6493532028654847	0.28607902190399676	0.07447489048456354	0.7139209780960032	0.9255251095154364	0.7142857142857143	baseline
P_AQ.1551	0.0	1.0394997851147871	1.133473035030122	1.6006874705180854	0.7873415420366182	0.7561392071286748	0.7873415420366182	0.7561392071286748	0.8571428571428571	endpoint
P_AQ.1552	0.0	0.241684176766986	0.10062150174508196	1.6041654550191526	0.5411973711344583	0.49743894266779476	0.5411973711344583	0.5025610573322052	0.5714285714285714	endpoint
P_AQ.1553	0.0	0.5493164156466255	0.37512678316090803	1.6671657166679854	0.2881149698398212	0.3207510922920789	0.7118850301601788	0.6792489077079211	0.8571428571428571	baseline
P_AQ.1554	0.0	0.2364390604664813	0.6716652594262578	1.2150556814821458	0.3910975452346335	0.35371821814043763	0.6089024547653665	0.6462817818595623	0.7142857142857143	baseline
P_AQ.1555	0.0	0.018027143739228178	0.27888271822392074	1.4093980505838746	0.4331257326937922	0.4725821023548903	0.5668742673062078	0.5274178976451097	0.5714285714285714	endpoint
P_AQ.1556	0.0	0.6293371118248456	0.9012471260367383	1.5493636085395561	0.2928447717772698	0.23900514827465014	0.7071552282227302	0.7609948517253499	0.8571428571428571	baseline
P_AQ.1557	0.0	0.6352446595313423	0.7608663757681963	1.437164578263175	0.6398108193204799	0.6414823903668496	0.6398108193204799	0.6414823903668496	0.8571428571428571	endpoint
P_AQ.1558	0.0	0.0957733146399752	0.17580285155869346	1.375446186678662	0.45591084199099713	0.40956184163819953	0.5440891580090028	0.5904381583618005	0.7142857142857143	baseline
P_AQ.156	0.0	0.6510671142877943	0.9592148739723578	1.6904012846805825	0.2793820787141711	0.13089485889711294	0.7206179212858289	0.8691051411028871	0.7142857142857143	baseline
P_AQ.1560	0.0	0.3627278199980376	0.2988923384036223	1.3432766292857543	0.6105122753684655	0.5626825421958253	0.6105122753684655	0.5626825421958253	0.7142857142857143	endpoint
P_AQ.1562	0.0	0.41678107148284066	0.3484014645569354	1.485446715847878	0.6313005317497714	0.6316031207501642	0.6313005317497714	0.6316031207501642	0.7142857142857143	endpoint
P_AQ.1563	0.0	0.49093773936386687	1.0585115864474695	1.6746102443338704	0.34046950428886236	0.23734603825074665	0.6595304957111376	0.7626539617492534	0.7142857142857143	baseline
P_AQ.1564	0.0	0.5970301674412019	1.1488030397058793	1.4263042843341618	0.33055379995346446	0.20814598944349144	0.6694462000465355	0.7918540105565086	0.7142857142857143	baseline
P_AQ.1565	0.0	0.2512563071596425	0.24631953366607331	1.2731443913778955	0.40335387290781977	0.3543955384638384	0.5966461270921802	0.6456044615361616	0.7142857142857143	baseline
P_AQ.1566	0.0	1.0685526509386123	1.4870307084861385	1.8576670688904202	0.7932518664730909	0.9138756398173739	0.7932518664730909	0.9138756398173739	0.7142857142857143	endpoint
P_AQ.1567	0.0	0.06636665807525646	0.30265120596268497	1.4456715505774178	0.48543440365733675	0.40363911864072194	0.5145655963426632	0.596360881359278	0.5714285714285714	baseline
P_AQ.1568	0.0	0.3118223725776566	0.5177047366794185	1.0615767630166968	0.5682116017310898	0.5890283895571843	0.5682116017310898	0.5890283895571843	0.5714285714285714	endpoint
P_AQ.1569	0.0	0.8143980401537114	1.1936330963691917	1.6473088115157355	0.18128712075456113	0.12412229997357947	0.8187128792454389	0.8758777000264205	0.8571428571428571	baseline
P_AQ.157	0.0	0.7147906232746853	1.0799104444482195	1.6320206941067545	0.2530629513248631	0.18692454975558093	0.7469370486751369	0.8130754502444191	0.8571428571428571	baseline
P_AQ.1570	0.0	0.47643126321546314	0.40894635736373425	1.3536605667890973	0.33407201605855297	0.3015766308115934	0.665927983941447	0.6984233691884065	0.7142857142857143	baseline
P_AQ.1571	0.0	0.3197611523859062	0.6374380410405306	1.0963558481197986	0.3985149442703693	0.30648022239430434	0.6014850557296307	0.6935197776056956	0.7142857142857143	baseline
P_AQ.1572	0.0	0.21600011413178638	0.2472205954343117	1.5138403738212425	0.4476152753418307	0.5380386817224706	0.5523847246581692	0.5380386817224706	0.5714285714285714	baseline
P_AQ.1573	0.0	0.05724199957648161	0.23008538191089595	1.4377400675360652	0.5490476492456718	0.427717651428481	0.5490476492456718	0.5722823485715189	0.5714285714285714	endpoint
P_AQ.1574	0.0	0.271106090298337	0.19613955083894022	1.2926438555596975	0.3800613403014274	0.44057568870272196	0.6199386596985725	0.5594243112972781	0.7142857142857143	baseline
P_AQ.1575	0.0	0.8911026793038295	1.0541385333218387	1.4793067694523951	0.23826512892110516	0.10659956590787172	0.7617348710788948	0.8934004340921283	0.8571428571428571	baseline
P_AQ.1576	0.0	0.4785617062203582	0.8464005439155978	1.2037050258359927	0.2930330954122703	0.2922645496732374	0.7069669045877297	0.7077354503267625	0.8571428571428571	baseline
P_AQ.1577	0.0	0.4923810160360783	0.7997635849682752	1.1847091849348876	0.33781890470160686	0.29207704854437744	0.6621810952983931	0.7079229514556226	0.7142857142857143	baseline
P_AQ.1578	0.0	0.49143692615246504	0.9555406109166914	1.4885266915932773	0.6450225058025243	0.7525978196980612	0.6450225058025243	0.7525978196980612	0.7142857142857143	endpoint
P_AQ.1579	0.0	0.369738936462071	0.37740288307179215	1.3149207388450228	0.36838783748164106	0.3369329866366313	0.6316121625183589	0.6630670133633687	0.7142857142857143	baseline
P_AQ.158	0.0	0.8418857963379287	1.063800966803216	1.370055247738235	0.24321824458771096	0.18180723361265957	0.7567817554122891	0.8181927663873404	0.8571428571428571	baseline
P_AQ.1580	0.0	0.0900843234007886	0.13883736942591676	1.7193973986777515	0.4415106902664409	0.48978444247560476	0.558489309733559	0.5102155575243952	0.5714285714285714	baseline
P_AQ.1581	0.0	0.45652883936564403	0.12135040071401273	1.661040416660349	0.6352631620228566	0.5474837994575419	0.6352631620228566	0.5474837994575419	0.5714285714285714	endpoint
P_AQ.1582	0.14285714285714285	0.5938157204830298	0.8777508271315123	2.0273357256569855	0.6500436463713867	0.7006831556052384	0.6500436463713867	0.7006831556052384	0.5714285714285714	endpoint
P_AQ.1583	0.0	0.5139524708804247	0.6957488987519774	0.9692331486969269	0.31162059729330904	0.26827121200346343	0.688379402706691	0.7317287879965366	0.8571428571428571	baseline
P_AQ.1584	0.0	0.935376613579332	0.9693698743533603	1.4633889056335696	0.7358630571384133	0.7383276705578117	0.7358630571384133	0.7383276705578117	0.8571428571428571	endpoint
P_AQ.1585	0.14285714285714285	0.18409711668096465	0.09673502983371209	2.071312066186597	0.46241948133790894	0.48204395980933884	0.537580518662091	0.5179560401906611	0.5714285714285714	baseline
P_AQ.1586	0.0	0.6861287069372229	0.7047913454040248	1.5199856056214591	0.7018291327662227	0.6722989486882988	0.7018291327662227	0.6722989486882988	0.7142857142857143	endpoint
P_AQ.1587	0.0	0.8831829664394254	1.1763340160255302	1.4264046798285426	0.6996297696414151	0.7707310014030867	0.6996297696414151	0.7707310014030867	0.8571428571428571	endpoint
P_AQ.1588	0.0	0.6296990666551006	1.0754585972744115	1.5953929466476349	0.6123917574052723	0.8215036206424665	0.6123917574052723	0.8215036206424665	0.7142857142857143	endpoint
P_AQ.1589	0.0	0.10318962911242203	0.16920523218274283	1.6372278010622887	0.511263426018808	0.40289660706535874	0.511263426018808	0.5971033929346412	0.7142857142857143	endpoint
P_AQ.159	0.0	0.2043835215725772	0.5962233128839137	1.3326443709611575	0.3778367762654554	0.34873562367246635	0.6221632237345446	0.6512643763275336	0.5714285714285714	baseline
P_AQ.1590	0.0	0.13304350474292206	0.17946293013882525	1.2680161771635525	0.40626321040282415	0.3727575848395589	0.5937367895971759	0.6272424151604411	0.5714285714285714	baseline
P_AQ.1591	0.0	0.4673810492860055	0.8876000632934778	1.4201947940248265	0.32502674835819073	0.1923170012320591	0.6749732516418092	0.8076829987679409	0.7142857142857143	baseline
P_AQ.1592	0.0	0.24270631824976147	0.6602667132719681	1.6842286396303352	0.5531434673668928	0.6197813737188139	0.5531434673668928	0.6197813737188139	0.5714285714285714	endpoint
P_AQ.1593	0.0	0.2015905241038569	0.25710944453436413	1.6101326549546773	0.3550609738118361	0.350380681250616	0.6449390261881639	0.649619318749384	0.5714285714285714	baseline
P_AQ.1594	0.0	0.30628240311789584	1.1526010927167014	1.8829110292214437	0.32714565687406727	0.07117573072440932	0.6728543431259327	0.9288242692755907	0.5714285714285714	baseline
P_AQ.1595	0.0	0.11988277316485489	0.11563377672093936	1.897959458434838	0.4614827215992256	0.5131920417408313	0.5385172784007743	0.5131920417408313	0.5714285714285714	endpoint
P_AQ.1596	0.0	0.439828528145383	0.4022682054708109	1.389562190398448	0.57234479794208	0.5641268141106125	0.57234479794208	0.5641268141106125	0.7142857142857143	endpoint
P_AQ.1597	0.0	0.5972654003845765	0.7247428289406028	1.4410367066871241	0.30682187288943114	0.17637727293289732	0.6931781271105688	0.8236227270671027	0.8571428571428571	baseline
P_AQ.1598	0.0	0.2605139943507577	0.7268581565000366	1.3848287260414072	0.56984467366326	0.6782582747604876	0.56984467366326	0.6782582747604876	0.7142857142857143	endpoint
P_AQ.1599	0.0	0.5383742332478906	1.2302302384507144	1.6495904882370975	0.5666427853138954	0.7798326687739513	0.5666427853138954	0.7798326687739513	0.7142857142857143	endpoint
P_AQ.16	0.0	0.413102630512812	0.8435331839497882	1.1633892544822189	0.35386881124294806	0.27813509438479733	0.646131188757052	0.7218649056152027	0.7142857142857143	baseline
P_AQ.160	0.0	0.2875366310551679	0.5991394135660845	1.2901095101895568	0.3662690919543657	0.33461622200291785	0.6337309080456344	0.6653837779970821	0.5714285714285714	baseline
P_AQ.1600	0.0	0.38324050795975395	0.7538655129683461	1.4308421785726755	0.35841020411571217	0.31472958504789833	0.6415897958842878	0.6852704149521016	0.8571428571428571	baseline
P_AQ.1601	0.0	0.21465815537486035	0.4998574622098593	1.300237338327387	0.5294305631609513	0.6032475705223449	0.5294305631609513	0.6032475705223449	0.5714285714285714	endpoint
P_AQ.1602	0.0	0.09956613210334374	0.1550358968249291	1.6475252423703624	0.56211052028935	0.6062231140777816	0.56211052028935	0.6062231140777816	0.5714285714285714	endpoint
P_AQ.1603	0.0	0.646081543705957	0.4135197397182018	1.718811383921616	0.28133364400249994	0.3081243555096267	0.7186663559975001	0.6918756444903733	0.8571428571428571	baseline
P_AQ.1604	0.0	0.20627389758786083	0.09835740220275453	1.066199771936904	0.5258053379626468	0.45893163472011417	0.5258053379626468	0.5410683652798858	0.7142857142857143	endpoint
P_AQ.1605	0.0	0.00798419426436763	0.19595276295670458	1.3061866940524096	0.5007182144818841	0.43508062376642237	0.5007182144818841	0.5649193762335776	0.5714285714285714	endpoint
P_AQ.1606	0.0	0.5493442715251174	0.6028507437863256	1.459952040933453	0.3489391494915232	0.32527603577560804	0.6510608505084767	0.674723964224392	0.8571428571428571	baseline
P_AQ.1607	0.0	0.11400661469201447	0.03957340932069009	1.701799939462622	0.5535656078455878	0.4571383529679599	0.5535656078455878	0.5428616470320401	0.5714285714285714	endpoint
P_AQ.1608	0.0	0.8676014546238541	1.1111861352342025	1.1970720939860617	0.20832584849517424	0.19685763006604495	0.7916741515048258	0.803142369933955	1.0	baseline
P_AQ.1609	0.0	0.0336805395023911	0.2228582225901663	1.6510639829874783	0.4315286025218779	0.42927666962839833	0.5684713974781221	0.5707233303716017	0.5714285714285714	baseline
P_AQ.161	0.0	0.41416583454474515	0.021842345134098138	1.6276393515067078	0.5922422207176651	0.4939664729722833	0.5922422207176651	0.5060335270277168	0.5714285714285714	endpoint
P_AQ.1610	0.0	0.3668956226847631	0.6817285232987674	1.15644594522643	0.6013346323599997	0.5304558563708408	0.6013346323599997	0.5304558563708408	0.5714285714285714	endpoint
P_AQ.1611	0.0	0.033327153734607186	0.15896109595107885	1.8887536720236842	0.4751670405802524	0.5342447517692204	0.5248329594197476	0.5342447517692204	0.5714285714285714	endpoint
P_AQ.1612	0.0	0.3705182284744894	0.6258194696940461	1.32922568433448	0.3195896558831635	0.34235124150141644	0.6804103441168365	0.6576487584985835	0.5714285714285714	baseline
P_AQ.1613	0.0	0.012996959804633034	0.17209828339483912	1.3013917868907674	0.4810120363687834	0.4157032304019784	0.5189879636312166	0.5842967695980217	0.7142857142857143	endpoint
P_AQ.1614	0.0	0.15813830296827	0.09989810804263438	1.433850235974058	0.5356216032685926	0.5089424933937711	0.5356216032685926	0.5089424933937711	0.5714285714285714	endpoint
P_AQ.1615	0.0	0.036497046601043914	0.15459882257282562	1.1984833127800743	0.44161331107730656	0.5107004181554629	0.5583866889226934	0.5107004181554629	0.5714285714285714	endpoint
P_AQ.1616	0.0	0.961352837505571	1.1093084974237744	1.5919864490391602	0.18543459284414818	0.08920255347048882	0.8145654071558518	0.9107974465295112	0.8571428571428571	baseline
P_AQ.1617	0.14285714285714285	0.7317482493010933	0.9871893196158161	2.108291475679602	0.6866353654454327	0.8016859050918783	0.6866353654454327	0.8016859050918783	0.7142857142857143	endpoint
P_AQ.1618	0.14285714285714285	0.7703414905663762	0.7260456990837084	2.3062959020120997	0.6612696055046605	0.6330142276030345	0.6612696055046605	0.6330142276030345	0.8571428571428571	endpoint
P_AQ.1619	0.0	0.023610260252059652	0.023034008948871608	1.417997955231277	0.43103058327275073	0.48231970454366335	0.5689694167272492	0.5176802954563366	0.5714285714285714	baseline
P_AQ.162	0.0	0.8902353585234591	1.1714180438759143	1.6026669826796682	0.18692169105411002	0.06507387886316097	0.81307830894589	0.934926121136839	0.8571428571428571	baseline
P_AQ.1620	0.0	0.021218997544056324	0.1995436305519715	1.2450556836913003	0.46508248544627645	0.5199596100692956	0.5349175145537235	0.5199596100692956	0.5714285714285714	endpoint
P_AQ.1621	0.0	0.19488546989382924	0.23485039420323767	1.3445893935225328	0.44571526203861833	0.3920847538283219	0.5542847379613817	0.6079152461716781	0.7142857142857143	baseline
P_AQ.1622	0.14285714285714285	0.8377177290189264	1.1541070963236921	2.1705158018498434	0.6484863124516921	0.7580855345691339	0.6484863124516921	0.7580855345691339	0.7142857142857143	endpoint
P_AQ.1623	0.0	0.12633925500394097	0.17509403757150896	1.649275955621489	0.46722627858118554	0.39945108046104505	0.5327737214188144	0.600548919538955	0.7142857142857143	baseline
P_AQ.1624	0.0	0.1002171952548386	0.03883681072160593	1.4711363215044846	0.5116592112117552	0.4202842707676018	0.5116592112117552	0.5797157292323982	0.5714285714285714	endpoint
P_AQ.1625	0.0	0.34053467737435245	0.5494343951164193	1.4431015916881695	0.6030101981878412	0.5988462729314061	0.6030101981878412	0.5988462729314061	0.5714285714285714	endpoint
P_AQ.1626	0.0	0.0994399725918071	0.041073442284143995	1.1873083250786862	0.5140385530530254	0.5757414659066065	0.5140385530530254	0.5757414659066065	0.5714285714285714	endpoint
P_AQ.1627	0.14285714285714285	0.1308686024810314	0.23796454773585912	2.168783179890792	0.5235223362621534	0.49051337953746316	0.5235223362621534	0.5094866204625368	0.5714285714285714	endpoint
P_AQ.1628	0.0	0.7446110080291629	1.0096443424454922	1.6036817632843163	0.3018172754971273	0.18681644209556855	0.6981827245028727	0.8131835579044314	0.8571428571428571	baseline
P_AQ.1629	0.0	0.4732215191876426	0.5727118656111053	1.3500679920949017	0.6235137114048026	0.6199944514893816	0.6235137114048026	0.6199944514893816	0.5714285714285714	endpoint
P_AQ.163	0.0	0.07410802762099584	0.29687270045328246	1.1540374456323208	0.48607546175124644	0.49613613706193305	0.5139245382487536	0.503863862938067	0.5714285714285714	endpoint
P_AQ.1630	0.0	0.15411286132118868	0.40879391626295625	1.2643218530406546	0.5386970668786951	0.6098380518657348	0.5386970668786951	0.6098380518657348	0.5714285714285714	endpoint
P_AQ.1631	0.0	0.20638767779101855	0.5536538844514662	1.5991906778109164	0.3902212175255172	0.3415707792484071	0.6097787824744828	0.6584292207515929	0.7142857142857143	baseline
P_AQ.1632	0.0	0.4598593089651666	0.9775136113439471	1.5684352658996639	0.6238263375770667	0.6183845126880422	0.6238263375770667	0.6183845126880422	0.5714285714285714	endpoint
P_AQ.1633	0.0	0.6414116396335554	1.1785157998331097	1.3528099835081446	0.283027315761643	0.22312547111569822	0.716972684238357	0.7768745288843018	0.8571428571428571	baseline
P_AQ.1634	0.0	0.7090386503153886	1.1518725069882891	1.5940275089827112	0.657656407277541	0.6560533294433888	0.657656407277541	0.6560533294433888	0.8571428571428571	endpoint
P_AQ.1635	0.0	0.7523764006135412	0.9145566653892513	1.3303897307409651	0.22472277165159496	0.22871611855417526	0.7752772283484051	0.7712838814458247	0.8571428571428571	baseline
P_AQ.1636	0.0	0.45350602598784046	0.45027554178856277	1.8058017521039746	0.6572826302809175	0.5922107252903372	0.6572826302809175	0.5922107252903372	0.7142857142857143	endpoint
P_AQ.1637	0.0	0.5746561197991087	0.39075846328283326	1.7015695347187374	0.339911701816667	0.31561012040385	0.6600882981833329	0.68438987959615	0.8571428571428571	baseline
P_AQ.1638	0.0	0.5471309944751593	0.4381676986092587	1.3431304184498918	0.304169052266868	0.30445960071428796	0.6958309477331319	0.6955403992857121	0.8571428571428571	baseline
P_AQ.1639	0.0	0.657909920966283	0.5456345504389525	1.8266691116563782	0.6692380097043041	0.5950533138793201	0.6692380097043041	0.5950533138793201	0.7142857142857143	endpoint
P_AQ.164	0.0	0.2340661874751712	0.5553671367503771	1.6767639434461643	0.5245757686105449	0.5111357008515824	0.5245757686105449	0.5111357008515824	0.5714285714285714	endpoint
P_AQ.1640	0.0	0.46401461926691895	0.8712884358505791	1.0577527725278495	0.6303591963400489	0.7306741173296146	0.6303591963400489	0.7306741173296146	0.5714285714285714	endpoint
P_AQ.1641	0.0	0.23009355158455486	0.1800601009162343	1.4812072562408838	0.5509042516567526	0.5150297043114579	0.5509042516567526	0.5150297043114579	0.7142857142857143	endpoint
P_AQ.1642	0.0	0.33399998361250155	0.6516275157085786	1.3892819378825791	0.578507664764281	0.682843359164292	0.578507664764281	0.682843359164292	0.5714285714285714	endpoint
P_AQ.1643	0.0	0.6381364761018631	0.8591253573813441	1.2802218237051206	0.2830686180136838	0.24319131311600528	0.7169313819863161	0.7568086868839947	0.7142857142857143	baseline
P_AQ.1644	0.0	0.11121436559031861	0.2599743783525288	1.6197478365181617	0.42576860625625285	0.37420449927310434	0.5742313937437471	0.6257955007268956	0.7142857142857143	baseline
P_AQ.1645	0.0	0.22763857778056268	0.24403783347745944	1.1541326183744867	0.5350978745813123	0.5368543962398175	0.5350978745813123	0.5368543962398175	0.5714285714285714	endpoint
P_AQ.1646	0.0	0.7750655911547002	1.0644006479102006	1.4823747477803975	0.7071329719887733	0.7626117769986277	0.7071329719887733	0.7626117769986277	0.8571428571428571	endpoint
P_AQ.1647	0.14285714285714285	0.4300198033777161	0.6324336075702202	2.3787832041430117	0.5716945469633093	0.7404486197289273	0.5716945469633093	0.7404486197289273	0.5714285714285714	endpoint
P_AQ.1648	0.0	0.0017883110170452568	0.14323445275295624	0.9313157494927177	0.4537466673020497	0.44812224581680177	0.5462533326979503	0.5518777541831983	0.5714285714285714	endpoint
P_AQ.1649	0.14285714285714285	0.5473037631872099	1.0805473705927218	2.0072283174073724	0.3323080956013307	0.11932500567285877	0.6676919043986693	0.8806749943271412	0.7142857142857143	baseline
P_AQ.165	0.0	0.7516619944413804	0.8954900560484619	1.0888109836908795	0.25413949537856023	0.2522306265185661	0.7458605046214397	0.7477693734814339	1.0	baseline
P_AQ.1650	0.0	0.33841250683539215	0.3950095646121508	1.082564329903961	0.39045463341774	0.36582686740369796	0.60954536658226	0.634173132596302	0.7142857142857143	baseline
P_AQ.1651	0.0	0.02213783356462245	0.2752150160350462	1.5904624252249862	0.44067600756411807	0.4683015512025718	0.5593239924358819	0.5316984487974282	0.5714285714285714	baseline
P_AQ.1652	0.0	0.13327461225217024	0.21115338503939346	1.61622406422194	0.4503855734199841	0.36292786928806564	0.5496144265800159	0.6370721307119344	0.7142857142857143	baseline
P_AQ.1653	0.0	0.17241118234593808	0.0043120879392697965	1.2179029490440916	0.4185935564735242	0.4268815664714883	0.5814064435264759	0.5731184335285118	0.5714285714285714	baseline
P_AQ.1654	0.14285714285714285	0.5499476210382412	0.6315701617265562	2.077392880030336	0.3451176553326854	0.3628440670385978	0.6548823446673147	0.6371559329614023	0.7142857142857143	baseline
P_AQ.1655	0.0	0.8183872034292501	1.161148161058203	1.6423204171522774	0.7197428582549296	0.9254864806971315	0.7197428582549296	0.9254864806971315	0.7142857142857143	endpoint
P_AQ.1657	0.0	0.25881007269297285	0.26697216122385375	1.5889469737357862	0.5115941904435686	0.5349412121338	0.5115941904435686	0.5349412121338	0.5714285714285714	endpoint
P_AQ.1658	0.0	0.032917608525192175	0.23794536368724384	1.3783309931603065	0.4730042341865592	0.46931950712038345	0.5269957658134408	0.5306804928796165	0.5714285714285714	endpoint
P_AQ.1659	0.0	0.21732181061602063	0.8440941466268095	1.4918549197112605	0.42508297355513536	0.29647142164167045	0.5749170264448646	0.7035285783583296	0.7142857142857143	baseline
P_AQ.166	0.0	0.05544243232765452	0.05042277532938243	1.471939340004292	0.49953083297832496	0.44406331715539016	0.500469167021675	0.5559366828446098	0.5714285714285714	endpoint
P_AQ.1660	0.0	0.043268358976616884	0.12687902436905238	0.9556935882212148	0.4399215903365718	0.45091287297776395	0.5600784096634281	0.549087127022236	0.7142857142857143	baseline
P_AQ.1661	0.0	0.5322438104480832	0.493847657143405	1.514949172077328	0.29936584769650504	0.2817059819181845	0.7006341523034949	0.7182940180818155	0.8571428571428571	baseline
P_AQ.1662	0.0	0.16517160021266578	0.39828692180466263	1.1863201619294903	0.518473290462165	0.5863967083647337	0.518473290462165	0.5863967083647337	0.5714285714285714	endpoint
P_AQ.1663	0.0	0.16797023609670284	0.3502803445058731	1.7136640817222588	0.38888157022451614	0.37266578799735167	0.6111184297754839	0.6273342120026484	0.5714285714285714	baseline
P_AQ.1664	0.0	0.7049084605427612	0.6964571727065632	1.4397030722794544	0.2679819928424247	0.21507144131388367	0.7320180071575753	0.7849285586861163	1.0	baseline
P_AQ.1665	0.0	0.6021758436742962	0.998641332172563	1.6115556934660586	0.2727828156060549	0.21227277075381404	0.7272171843939451	0.787727229246186	0.8571428571428571	baseline
P_AQ.1666	0.0	0.12993685229808277	0.1375329023651696	1.0911825561480357	0.43126643833258393	0.44725050134484046	0.5687335616674161	0.5527494986551595	0.5714285714285714	baseline
P_AQ.1667	0.0	0.42266113936935434	0.8423595330110831	1.295950283582988	0.34119133276967456	0.29742882907026386	0.6588086672303255	0.7025711709297362	0.7142857142857143	baseline
P_AQ.1668	0.0	0.4826103516993842	0.623062293385696	1.9060762746165771	0.6383926524303865	0.7318083070450979	0.6383926524303865	0.7318083070450979	0.8571428571428571	endpoint
P_AQ.1669	0.0	0.12771937466765212	0.4003464460789719	1.6361271283609855	0.42204649984285364	0.36913707455954403	0.5779535001571463	0.630862925440456	0.5714285714285714	baseline
P_AQ.167	0.0	1.226061201112744	1.4743564998393528	1.953815801770167	0.8134302083800765	0.9084757437823431	0.8134302083800765	0.9084757437823431	0.8571428571428571	endpoint
P_AQ.1670	0.0	1.10578633634103	1.1973033356295129	1.7500071439474623	0.13842393260849725	0.056670479002255456	0.8615760673915027	0.9433295209977446	1.0	baseline
P_AQ.1671	0.0	0.33523316806348064	0.19334644661279612	1.2222509456252932	0.5732386653528575	0.4780475659502258	0.5732386653528575	0.5219524340497742	0.5714285714285714	endpoint
P_AQ.1672	0.0	0.30714811666968694	0.48156737329942567	1.2462413510913521	0.40012720190735473	0.3734072682451187	0.5998727980926453	0.6265927317548813	0.8571428571428571	baseline
P_AQ.1673	0.0	0.0373091909730454	0.2755546276267218	1.6470687654240153	0.4822685520434282	0.5347482323922259	0.5177314479565718	0.5347482323922259	0.5714285714285714	endpoint
P_AQ.1674	0.0	0.1703482327883518	0.6219880811506034	1.9811373199338194	0.38848481888413966	0.31399111733428214	0.6115151811158603	0.6860088826657178	0.5714285714285714	baseline
P_AQ.1675	0.0	0.16629877468806428	0.49440987496403627	1.6210128407460582	0.38354964721333923	0.3914813053572672	0.6164503527866607	0.6085186946427328	0.7142857142857143	baseline
P_AQ.1676	0.0	0.2479982418571401	0.15599881275580285	1.304414098021406	0.3996483054246306	0.4023706647042376	0.6003516945753694	0.5976293352957625	0.5714285714285714	baseline
P_AQ.1677	0.0	1.0509219520395567	1.1459831690252658	1.9023349023522675	0.20581362017445634	0.14088341451449593	0.7941863798255436	0.8591165854855041	1.0	baseline
P_AQ.1678	0.0	0.7586784433218787	0.9409759528889177	1.490143271126688	0.2705528051425167	0.23881860097975055	0.7294471948574833	0.7611813990202494	0.8571428571428571	baseline
P_AQ.1679	0.0	0.11344884298974504	0.3250990524830351	1.8842780564500956	0.45993864152047575	0.37046699699223806	0.5400613584795242	0.6295330030077619	0.5714285714285714	endpoint
P_AQ.168	0.0	0.6061741975680005	0.475604699785205	1.64937385326515	0.672265655597666	0.6104051867536358	0.672265655597666	0.6104051867536358	0.5714285714285714	endpoint
P_AQ.1680	0.0	0.715896528340906	0.710283223191513	1.6837678902356268	0.7033754906388024	0.6169854684275122	0.7033754906388024	0.6169854684275122	0.7142857142857143	endpoint
P_AQ.1681	0.0	0.47641849758053745	0.44553908584065244	1.4525345073076126	0.5806574656613829	0.6118317307515589	0.5806574656613829	0.6118317307515589	0.7142857142857143	endpoint
P_AQ.1682	0.0	0.30767089347602045	0.8916996313026166	1.8056953325931122	0.4099250786642317	0.2756735716503598	0.5900749213357683	0.7243264283496402	0.7142857142857143	baseline
P_AQ.1683	0.0	0.3650168308915798	0.18934389649157748	1.6747742342195306	0.3218079988964959	0.3818516643503183	0.6781920011035041	0.6181483356496817	0.7142857142857143	baseline
P_AQ.1684	0.0	0.1079463416106833	0.20095121573296146	1.229330305205552	0.4840360280408484	0.536232726527797	0.5159639719591516	0.536232726527797	0.5714285714285714	baseline
P_AQ.1685	0.0	0.46209327723469745	0.6041061707187917	1.8024002367757905	0.5589251214066896	0.6451080789258328	0.5589251214066896	0.6451080789258328	0.5714285714285714	endpoint
P_AQ.1686	0.0	0.3445079594629871	0.12313084404810055	1.3975826139094016	0.6037713880260345	0.4846188553602537	0.6037713880260345	0.5153811446397463	0.5714285714285714	endpoint
P_AQ.1687	0.0	0.329687850848404	0.507207937151043	1.305747078939822	0.5566046166889235	0.5800277368744802	0.5566046166889235	0.5800277368744802	0.5714285714285714	endpoint
P_AQ.1688	0.0	0.4345521518897682	0.6957102396911637	1.6702305812407983	0.3765506839901257	0.2713536057465902	0.6234493160098743	0.7286463942534098	0.7142857142857143	baseline
P_AQ.1689	0.0	0.5409662527539939	0.7149765510247001	1.5832325400066993	0.6005569314789108	0.5355393481235025	0.6005569314789108	0.5355393481235025	0.5714285714285714	endpoint
P_AQ.169	0.0	0.500106001731509	0.5812591727682054	1.6780445815103164	0.3409880171429731	0.3855948971885338	0.6590119828570269	0.6144051028114662	0.7142857142857143	baseline
P_AQ.1690	0.0	0.020822493168823848	0.13357015735641817	1.4021891545614034	0.4708537676706651	0.4880521533699282	0.5291462323293349	0.5119478466300718	0.5714285714285714	endpoint
P_AQ.1691	0.0	0.29949936654383474	0.6386802387520216	1.3275554166477324	0.5654363927438927	0.5238739441664989	0.5654363927438927	0.5238739441664989	0.7142857142857143	endpoint
P_AQ.1692	0.0	0.35165580145863096	0.27104698622130163	1.692536405420587	0.5442850283771776	0.4925686801096225	0.5442850283771776	0.5074313198903775	0.5714285714285714	endpoint
P_AQ.1693	0.0	0.2969405725596351	0.16523488888972832	1.4982101504099514	0.33236800591088667	0.3845666191090536	0.6676319940891133	0.6154333808909465	0.7142857142857143	baseline
P_AQ.1694	0.0	0.852545870947601	0.9499200124074435	1.7251881233381587	0.2694307943938488	0.1792976996832078	0.7305692056061512	0.8207023003167921	0.8571428571428571	baseline
P_AQ.1695	0.0	0.13193646766438547	0.14045305032623892	1.5077698379021134	0.4409915298408577	0.38485763273911705	0.5590084701591422	0.6151423672608829	0.7142857142857143	baseline
P_AQ.1696	0.0	0.29460247096165165	0.47108394810031284	1.0689542827425957	0.3622936664524351	0.3541953954788458	0.6377063335475649	0.6458046045211542	0.7142857142857143	baseline
P_AQ.1697	0.0	1.186042552987439	1.3157033612771538	1.4100501016309888	0.8181579629866634	0.8549058014415678	0.8181579629866634	0.8549058014415678	1.0	endpoint
P_AQ.1698	0.0	0.31168786855351355	0.37379116586183336	1.910003276149833	0.40173472716596825	0.3124810351095501	0.5982652728340317	0.6875189648904498	0.5714285714285714	baseline
P_AQ.1699	0.0	0.060561018531930334	0.022866669158945686	1.5548397394407647	0.4400384175841273	0.4503671403723511	0.5599615824158727	0.549632859627649	0.5714285714285714	baseline
P_AQ.17	0.0	1.0357287116493616	1.0881903332553202	1.6685889069793343	0.1635683091226971	0.08878121587443431	0.8364316908773028	0.9112187841255657	1.0	baseline
P_AQ.170	0.0	0.49811408753989117	0.7055162033340967	1.522269222881985	0.6144255939079414	0.6937681284480133	0.6144255939079414	0.6937681284480133	0.7142857142857143	endpoint
P_AQ.1700	0.0	0.15194948096183034	0.4088218668196105	1.1557933986578202	0.5494346223173434	0.5655405476213111	0.5494346223173434	0.5655405476213111	0.5714285714285714	endpoint
P_AQ.1701	0.14285714285714285	0.37013884040986433	0.5580655920610081	2.083808091018762	0.529834734800828	0.6094106696536751	0.529834734800828	0.6094106696536751	0.5714285714285714	endpoint
P_AQ.1702	0.0	0.6504598624244844	0.8020132550392876	1.5283885118750187	0.31650728899660335	0.19253771538108694	0.6834927110033966	0.807462284618913	0.8571428571428571	baseline
P_AQ.1703	0.0	0.48891282011420867	1.0446380431029036	1.2405831089828243	0.2840271623277793	0.15351141724810557	0.7159728376722208	0.8464885827518944	0.7142857142857143	baseline
P_AQ.1704	0.0	0.3641342394339247	0.2600782182488806	1.7761857229577886	0.5638649785964677	0.5428229214008232	0.5638649785964677	0.5428229214008232	0.5714285714285714	endpoint
P_AQ.1705	0.0	0.9037666237584844	1.151379948976297	1.5273812362510892	0.18461467360136266	0.05255784380594532	0.8153853263986374	0.9474421561940547	0.8571428571428571	baseline
P_AQ.1706	0.0	0.8830391454657803	1.1133012431955875	1.6992784083366406	0.7631193575886196	0.9134776334079695	0.7631193575886196	0.9134776334079695	0.7142857142857143	endpoint
P_AQ.1707	0.0	0.1976826453713655	0.5192727006887142	1.5028792589930624	0.4007045162358442	0.2673557092084297	0.5992954837641558	0.7326442907915702	0.5714285714285714	baseline
P_AQ.1708	0.0	0.6293365955316502	0.8020332826690842	1.337548386968672	0.28026686778022475	0.17964929733259727	0.7197331322197753	0.8203507026674027	0.8571428571428571	baseline
P_AQ.1709	0.0	0.38865564415481696	0.5507131527142363	1.4291810251733112	0.3867663341265761	0.33575406139374825	0.6132336658734239	0.6642459386062518	0.8571428571428571	baseline
P_AQ.171	0.0	0.404626444648071	0.7749266132963142	1.4314570788709526	0.32475048159358194	0.2607728053504807	0.675249518406418	0.7392271946495192	0.7142857142857143	baseline
P_AQ.1710	0.0	0.009634093726760551	0.0980939129783222	1.1345579112345128	0.44616246979759655	0.4554730995687253	0.5538375302024034	0.5445269004312747	0.7142857142857143	baseline
P_AQ.1711	0.0	0.1850422306877771	0.24983940364153281	1.4930262553682807	0.515063377838105	0.5494353887320459	0.515063377838105	0.5494353887320459	0.5714285714285714	endpoint
P_AQ.1712	0.0	0.09148180350674798	0.0022067819942377656	1.3134667138057914	0.45197956418647045	0.42655967353105223	0.5480204358135295	0.5734403264689478	0.7142857142857143	baseline
P_AQ.1713	0.0	0.41433396099723013	0.6245568324791426	1.8190916299360729	0.5833459821430693	0.6495286341200995	0.5833459821430693	0.6495286341200995	0.7142857142857143	endpoint
P_AQ.1714	0.0	0.8668290940689289	0.9074926269819894	1.5723995244100741	0.21176909872664412	0.2634488649679769	0.7882309012733559	0.7365511350320231	1.0	baseline
P_AQ.1715	0.0	0.6142897653090925	0.8356969305521748	1.6614674551881818	0.6924910981273388	0.6876389174425546	0.6924910981273388	0.6876389174425546	0.7142857142857143	endpoint
P_AQ.1716	0.0	0.37955900827555045	0.12006340239645309	1.4871047336655197	0.5731001674512771	0.561697061375113	0.5731001674512771	0.561697061375113	0.5714285714285714	endpoint
P_AQ.1717	0.0	0.23964952966089853	0.6013123438614264	1.600710656912032	0.5438046895176093	0.5689688689824038	0.5438046895176093	0.5689688689824038	0.7142857142857143	endpoint
P_AQ.1718	0.0	0.2024132337490062	0.1695863874222067	1.6236466499692275	0.37677702612618064	0.4002931783545296	0.6232229738738193	0.5997068216454704	0.7142857142857143	baseline
P_AQ.1719	0.0	0.4382333947940859	0.4857866276841264	1.4579014547804114	0.6356160300061895	0.6038896678534921	0.6356160300061895	0.6038896678534921	0.7142857142857143	endpoint
P_AQ.172	0.0	0.616995706372732	0.40999246125302935	1.3826740432296944	0.6545154691614119	0.5976781148854807	0.6545154691614119	0.5976781148854807	0.7142857142857143	endpoint
P_AQ.1720	0.0	0.007266247520111929	0.2250215970457845	1.467227788484177	0.5167411193742015	0.42119522164360534	0.5167411193742015	0.5788047783563947	0.5714285714285714	baseline
P_AQ.1721	0.0	1.0312462225997538	1.375780203738128	1.713849055908959	0.8102083776894037	0.9600233193162451	0.8102083776894037	0.9600233193162451	0.8571428571428571	endpoint
P_AQ.1722	0.0	0.35835482265674967	0.7732551628107034	1.226950036162027	0.35182769601038577	0.2701149807777094	0.6481723039896142	0.7298850192222905	0.7142857142857143	baseline
P_AQ.1723	0.0	0.07544455118889373	0.1456438185641301	1.7999855999011851	0.4913265834391813	0.476966709405664	0.5086734165608187	0.523033290594336	0.5714285714285714	endpoint
P_AQ.1724	0.0	1.120130132177142	1.2133260318994195	1.9808971073832469	0.1716234470907064	0.15575839896714552	0.8283765529092936	0.8442416010328545	1.0	baseline
P_AQ.1725	0.0	0.5481867546047484	0.6834071410952877	1.2010937344204997	0.3369590616615467	0.2425797905259399	0.6630409383384532	0.7574202094740601	0.8571428571428571	baseline
P_AQ.1726	0.0	0.25322720210591326	0.031364634921508636	1.438854964358873	0.5138640188043845	0.4577200516002591	0.5138640188043845	0.5422799483997409	0.5714285714285714	endpoint
P_AQ.1727	0.0	0.646447380826895	1.049964092129706	1.546662128975157	0.6941983140387152	0.7038455653517105	0.6941983140387152	0.7038455653517105	0.7142857142857143	endpoint
P_AQ.1728	0.0	0.7908123939716113	0.7241187920078105	1.1324948549225171	0.24759829539023065	0.2259737521641886	0.7524017046097693	0.7740262478358114	1.0	baseline
P_AQ.1729	0.0	0.5803127089432805	0.48892722461678667	1.649751634064932	0.2680437959619398	0.32531430982277504	0.7319562040380603	0.6746856901772249	0.8571428571428571	baseline
P_AQ.173	0.0	0.9671448860286738	1.190492342109397	1.5606135810382975	0.7803446199815741	0.8127395197727885	0.7803446199815741	0.8127395197727885	0.8571428571428571	endpoint
P_AQ.1731	0.0	0.8887442477093188	1.352188086228901	1.5045564610296769	0.7590278253357023	0.8851059758146016	0.7590278253357023	0.8851059758146016	0.7142857142857143	endpoint
P_AQ.1732	0.0	0.17382929370544495	0.17064198796613841	1.1528902587958039	0.42118404103254037	0.41398176949513155	0.5788159589674596	0.5860182305048685	0.8571428571428571	baseline
P_AQ.1733	0.0	1.1199975455527569	1.2091896501358699	1.720971833958523	0.1766254829312271	0.10610870251744994	0.823374517068773	0.89389129748255	0.8571428571428571	baseline
P_AQ.1734	0.0	0.20463846413162518	0.14302636516330922	1.7419268048501333	0.44165147029038054	0.39708464792172604	0.5583485297096195	0.602915352078274	0.7142857142857143	baseline
P_AQ.1735	0.0	0.19975615987447923	0.009268520229298813	1.4848210102848391	0.5736410380220144	0.47946113647077393	0.5736410380220144	0.5205388635292261	0.5714285714285714	endpoint
P_AQ.1736	0.0	0.25669815122769624	0.2095084765223967	1.8244607522108427	0.5313454456495302	0.39418924905193375	0.5313454456495302	0.6058107509480662	0.5714285714285714	endpoint
P_AQ.1737	0.0	0.4206965442755775	0.8113666382673791	1.429891730050991	0.3759576721966681	0.3021675199219273	0.6240423278033319	0.6978324800780726	0.7142857142857143	baseline
P_AQ.1738	0.0	0.5313701755378449	1.054645529565948	1.4410726701275818	0.6548287278720719	0.8400782440757912	0.6548287278720719	0.8400782440757912	0.5714285714285714	endpoint
P_AQ.1739	0.0	0.04700802113464929	0.21455630981213802	1.5273530816967547	0.4719213127677497	0.37355976564816873	0.5280786872322503	0.6264402343518313	0.5714285714285714	baseline
P_AQ.174	0.0	0.6346756114710094	1.3746844953009008	1.928306217676053	0.6412360999139807	0.8748978547704365	0.6412360999139807	0.8748978547704365	0.7142857142857143	endpoint
P_AQ.1741	0.0	0.005289790829590754	0.34900829162431174	1.3731954128000812	0.4778879109615565	0.3766878536340931	0.5221120890384435	0.6233121463659069	0.5714285714285714	endpoint
P_AQ.1742	0.0	0.05016996443036337	0.14181807009904393	1.4195179253298147	0.4931413085819582	0.4770662339876732	0.5068586914180417	0.5229337660123268	0.7142857142857143	endpoint
P_AQ.1743	0.0	0.16380518407801578	0.8363236364854308	1.6496229745768973	0.43460091710362947	0.296941999415818	0.5653990828963705	0.703058000584182	0.7142857142857143	baseline
P_AQ.1744	0.0	0.5377520835926182	0.9825096802232385	1.4468221653334503	0.6272590111164723	0.7472990973827389	0.6272590111164723	0.7472990973827389	0.7142857142857143	endpoint
P_AQ.1745	0.0	0.47563161881698823	0.40116032647265776	1.5862266982754754	0.6013686658397868	0.5464370582465918	0.6013686658397868	0.5464370582465918	0.8571428571428571	endpoint
P_AQ.1746	0.0	0.3422143547553837	0.48578922109296047	1.1060606979837906	0.3562472292734155	0.419200530773969	0.6437527707265844	0.580799469226031	0.7142857142857143	baseline
P_AQ.1747	0.0	0.16224897515474732	0.22608146713467187	1.1015816530419618	0.4285584963007719	0.5261204108392395	0.5714415036992281	0.5261204108392395	0.5714285714285714	baseline
P_AQ.1748	0.0	0.011667370145972562	0.025630197153223844	1.1561163799997811	0.42469190599938805	0.4888858256784141	0.5753080940006119	0.5111141743215859	0.5714285714285714	baseline
P_AQ.1749	0.0	0.5144916462416557	0.6750821757033225	1.325441411042403	0.3050487093287187	0.33172445830247005	0.6949512906712814	0.6682755416975299	0.8571428571428571	baseline
P_AQ.175	0.0	0.013326043830737775	0.07536137279436364	1.1177890283475684	0.4974408787799586	0.41469980989079547	0.5025591212200414	0.5853001901092045	0.7142857142857143	endpoint
P_AQ.1750	0.0	0.691943846427553	1.1309181151742551	1.5833308071660246	0.27968627102564736	0.19379179340362643	0.7203137289743526	0.8062082065963736	0.7142857142857143	baseline
P_AQ.1751	0.0	0.659577549554234	0.6276330829643212	1.5783356511487947	0.6503653166041306	0.6514617174707434	0.6503653166041306	0.6514617174707434	0.8571428571428571	endpoint
P_AQ.1752	0.0	0.45723944050459603	0.7069813136517409	0.9916291419488755	0.5904019268515508	0.6819424668545823	0.5904019268515508	0.6819424668545823	0.7142857142857143	endpoint
P_AQ.1753	0.0	0.7510384302992936	0.7336169937502917	1.3199760548360684	0.2502790869289336	0.28448340843111186	0.7497209130710665	0.7155165915688881	1.0	baseline
P_AQ.1754	0.0	0.013457379081968979	0.6262633294797442	1.5737707037430881	0.444853030305028	0.33046908269036757	0.555146969694972	0.6695309173096324	0.5714285714285714	endpoint
P_AQ.1755	0.0	0.3564722132768229	0.6434927817287233	1.0857602703569673	0.5654111292405893	0.5246097629264282	0.5654111292405893	0.5246097629264282	0.5714285714285714	endpoint
P_AQ.1756	0.0	0.895408295746741	0.9384158494397319	1.6145266206551774	0.7536340974081794	0.9205238572342975	0.7536340974081794	0.9205238572342975	0.8571428571428571	endpoint
P_AQ.1757	0.0	0.11752887841765489	0.1756299131973681	1.5752024604816472	0.42552832692520953	0.39936914720031264	0.5744716730747905	0.6006308527996873	0.5714285714285714	baseline
P_AQ.1759	0.0	0.19822623740437545	0.7023381975696653	1.6584874702463326	0.488420392503869	0.6462738308371835	0.511579607496131	0.6462738308371835	0.5714285714285714	endpoint
P_AQ.176	0.0	0.36652009290586	0.4637509726999862	1.4560033074143817	0.5950430420740563	0.6072039890561433	0.5950430420740563	0.6072039890561433	0.5714285714285714	endpoint
P_AQ.1761	0.14285714285714285	0.8239708999167338	1.2295108769998473	2.3294561654736747	0.7243066112904213	0.8484868850754209	0.7243066112904213	0.8484868850754209	0.7142857142857143	endpoint
P_AQ.1762	0.0	0.31964831679421113	0.7382293937271809	1.0260474359263343	0.3485219772344161	0.3303410331526944	0.6514780227655839	0.6696589668473056	0.7142857142857143	baseline
P_AQ.1763	0.0	0.8572507698042555	1.0304748635036818	1.8226049195014828	0.6935434133007823	0.7475235359099645	0.6935434133007823	0.7475235359099645	0.8571428571428571	endpoint
P_AQ.1764	0.0	0.043980226288449824	0.23520081169180085	1.4838947136233362	0.4441232458624592	0.5280876047953907	0.5558767541375408	0.5280876047953907	0.5714285714285714	endpoint
P_AQ.1765	0.0	0.7480238552282047	0.8935708790097732	1.290863091188728	0.7141730557893652	0.6701089539422765	0.7141730557893652	0.6701089539422765	0.8571428571428571	endpoint
P_AQ.1767	0.0	0.026216540951964233	0.300337089677223	1.6234465483958185	0.4640813695153683	0.5215815045715543	0.5359186304846317	0.5215815045715543	0.5714285714285714	endpoint
P_AQ.1768	0.0	0.24237704256828468	0.17438206121069402	1.8308667117876463	0.5908141441351058	0.6515822784068859	0.5908141441351058	0.6515822784068859	0.5714285714285714	endpoint
P_AQ.1769	0.14285714285714285	0.7609298857914668	1.1044015731052736	2.1150982172138	0.6238735985195961	0.7496124053726605	0.6238735985195961	0.7496124053726605	0.7142857142857143	endpoint
P_AQ.177	0.0	0.30642585117136495	0.33570169536988065	1.6966934040166475	0.4232045801539414	0.32429559131007274	0.5767954198460585	0.6757044086899273	0.7142857142857143	baseline
P_AQ.1770	0.0	0.0392700997615363	0.24656014101105034	1.1947028277782934	0.4746146026819748	0.5762293213330429	0.5253853973180251	0.5762293213330429	0.5714285714285714	endpoint
P_AQ.1771	0.0	0.27867501594495503	0.8993938288984961	1.670620330860184	0.31622050836751725	0.1474241502064903	0.6837794916324827	0.8525758497935096	0.7142857142857143	baseline
P_AQ.1772	0.0	0.27107208227835045	0.18547095395499494	1.351796212174758	0.5282368749306859	0.517360049216451	0.5282368749306859	0.517360049216451	0.5714285714285714	endpoint
P_AQ.1773	0.0	0.0765038518283422	0.1417412931480017	1.2542238658627725	0.43563367262525005	0.5129353598827934	0.5643663273747499	0.5129353598827934	0.5714285714285714	baseline
P_AQ.1774	0.0	0.013687020379876109	0.0163069152799489	1.2503320735352865	0.43951829697927075	0.459429387137877	0.5604817030207292	0.540570612862123	0.5714285714285714	baseline
P_AQ.1775	0.0	0.4524908296768878	0.6198009828507566	1.2336335613670055	0.32234722522920506	0.3145817614406738	0.677652774770795	0.6854182385593262	0.8571428571428571	baseline
P_AQ.1776	0.0	0.03276747525575794	0.3556701215367003	1.4538836754215072	0.4650279121241656	0.35685034569081847	0.5349720878758344	0.6431496543091815	0.5714285714285714	endpoint
P_AQ.1777	0.0	0.05948014736266909	0.16955995246029548	1.387985503647593	0.40294777793631936	0.4407739909781911	0.5970522220636807	0.5592260090218089	0.5714285714285714	baseline
P_AQ.1778	0.0	0.34105227191596804	0.7291026875781103	1.3776434774779236	0.5910064189229914	0.5376991784526327	0.5910064189229914	0.5376991784526327	0.5714285714285714	endpoint
P_AQ.1779	0.0	0.2329197188326589	0.20220505246555429	1.7907578514619864	0.3983695176407777	0.3657034546855294	0.6016304823592222	0.6342965453144707	0.5714285714285714	baseline
P_AQ.178	0.0	0.16299853507539055	0.05370874024080875	1.1479838202415376	0.40100324302670515	0.4264595708518527	0.5989967569732948	0.5735404291481473	0.7142857142857143	baseline
P_AQ.1780	0.0	0.3693097003860886	0.4658697679658435	1.4765888739348108	0.6191208084769506	0.648530543378653	0.6191208084769506	0.648530543378653	0.5714285714285714	endpoint
P_AQ.1781	0.14285714285714285	1.1183871918775896	0.9727124213779176	2.139903342006999	0.7450780827588538	0.7446532660562789	0.7450780827588538	0.7446532660562789	1.0	endpoint
P_AQ.1782	0.14285714285714285	1.022825142821219	0.8578967987859422	2.6887576830151527	0.7259805216246368	0.7479606244440037	0.7259805216246368	0.7479606244440037	1.0	endpoint
P_AQ.1783	0.0	0.28945518911008944	0.9093122658873813	1.7728076902175285	0.3675142895056479	0.1450673188028255	0.6324857104943521	0.8549326811971745	0.5714285714285714	baseline
P_AQ.1784	0.0	0.8277274694876946	1.058302040064337	1.5084854375157686	0.6937860884437226	0.7056441990891414	0.6937860884437226	0.7056441990891414	0.8571428571428571	endpoint
P_AQ.179	0.0	0.13947059426865868	0.10171533570416483	1.4421651195302354	0.5348014837747719	0.4456831880122333	0.5348014837747719	0.5543168119877667	0.5714285714285714	endpoint
P_AQ.18	0.0	0.9459568176747201	1.159420207982371	1.7653972358437273	0.7835062499395606	0.9646174855820321	0.7835062499395606	0.9646174855820321	0.7142857142857143	endpoint
P_AQ.180	0.0	0.13210935945138794	0.13916483333479054	1.423242999561308	0.4443337187927037	0.4801418936741335	0.5556662812072963	0.5198581063258665	0.5714285714285714	baseline
P_AQ.181	0.0	0.34627008903766443	0.7080013285768118	1.5864307499977444	0.5812784724942803	0.5531514844154602	0.5812784724942803	0.5531514844154602	0.7142857142857143	endpoint
P_AQ.182	0.0	1.0077170155908608	1.0490114927052159	1.6402778803915121	0.1620415143628419	0.1051587189310577	0.8379584856371581	0.8948412810689423	1.0	baseline
P_AQ.183	0.0	0.39924445349038223	0.21800237372669287	1.5328744964772454	0.37153445238347077	0.36080345640655975	0.6284655476165293	0.6391965435934402	0.7142857142857143	baseline
P_AQ.184	0.0	1.139976651356093	1.445868925582678	1.8094595720046345	0.7729211985906451	0.8661758122264015	0.7729211985906451	0.8661758122264015	0.8571428571428571	endpoint
P_AQ.185	0.0	0.3263275768915186	0.5771213087338123	0.9629405785284761	0.3982517595274791	0.3379827030238896	0.601748240472521	0.6620172969761104	0.7142857142857143	baseline
P_AQ.186	0.0	1.204874452985942	1.1811456139555907	1.486978736949642	0.8165044953987846	0.7947185861997833	0.8165044953987846	0.7947185861997833	1.0	endpoint
P_AQ.187	0.0	0.774341318738165	0.8939334535029887	1.7275228267134846	0.24491681024111847	0.22015749924587322	0.7550831897588816	0.7798425007541268	0.8571428571428571	baseline
P_AQ.188	0.0	0.16202073024289537	0.4252396502074986	1.6102381226526434	0.4074893923289404	0.3951152124957256	0.5925106076710596	0.6048847875042744	0.7142857142857143	baseline
P_AQ.189	0.0	0.015267705233452793	0.2890564689942979	1.5408374714646096	0.4535118142691009	0.539705163808138	0.5464881857308991	0.539705163808138	0.7142857142857143	endpoint
P_AQ.19	0.0	0.08385619952040069	0.007744137867733357	1.7409072476913572	0.5377449668939305	0.42503821729711533	0.5377449668939305	0.5749617827028847	0.5714285714285714	endpoint
P_AQ.190	0.0	0.04656585551621915	0.32776168677038947	1.6279086017006081	0.42058422983299865	0.5573637664084484	0.5794157701670013	0.5573637664084484	0.5714285714285714	baseline
P_AQ.191	0.0	0.41027682083243516	1.0540151770027282	1.386308952876427	0.6145731890118852	0.6600140758523234	0.6145731890118852	0.6600140758523234	0.7142857142857143	endpoint
P_AQ.192	0.0	0.6246366440728941	1.4255154944669264	1.6768003925400938	0.6865222613093322	0.9215328250681868	0.6865222613093322	0.9215328250681868	0.5714285714285714	endpoint
P_AQ.193	0.0	0.33615085985587684	0.4370197102511861	1.2946896981558462	0.37532678056105245	0.36394336600470334	0.6246732194389475	0.6360566339952967	0.8571428571428571	baseline
P_AQ.194	0.0	0.08208113969519008	0.4251018680682712	1.5520193119484789	0.45949012279297846	0.6042271719935458	0.5405098772070216	0.6042271719935458	0.5714285714285714	endpoint
P_AQ.195	0.0	0.14229211254181076	0.7115578482601835	1.2371330423780602	0.3697316095198096	0.19368808987715716	0.6302683904801905	0.8063119101228429	0.5714285714285714	baseline
P_AQ.196	0.0	0.25740964939772526	0.6923422425445761	1.1894345221541773	0.385960569017991	0.2164247661081346	0.614039430982009	0.7835752338918653	0.7142857142857143	baseline
P_AQ.197	0.0	0.15520738773806456	0.033137105344452925	1.2480240078126381	0.5084749929673583	0.4909131287405047	0.5084749929673583	0.5090868712594954	0.5714285714285714	endpoint
P_AQ.198	0.0	0.056098118834772136	0.06372002753704607	1.125416935529782	0.5272655003660354	0.4647560535407041	0.5272655003660354	0.535243946459296	0.5714285714285714	endpoint
P_AQ.199	0.0	0.0337184484939636	0.13336486384010823	1.471158151692879	0.49512379394947675	0.4697902163073677	0.5048762060505232	0.5302097836926323	0.5714285714285714	endpoint
P_AQ.2	0.14285714285714285	0.7684973933384679	1.148551660183903	2.12767313863711	0.6610071822588273	0.7515350610523508	0.6610071822588273	0.7515350610523508	0.7142857142857143	endpoint
P_AQ.20	0.0	0.1652126981832486	0.11387294190391885	1.158604751898982	0.5415509705699622	0.5019151698507283	0.5415509705699622	0.5019151698507283	0.5714285714285714	endpoint
P_AQ.200	0.0	0.18547508734146634	0.5596213710265223	1.2395928688405082	0.5476529456604958	0.6020060595561298	0.5476529456604958	0.6020060595561298	0.5714285714285714	endpoint
P_AQ.201	0.0	0.10555033696112899	0.23773688056913933	1.1656614793774214	0.43712423762261976	0.3693655062099712	0.5628757623773802	0.6306344937900288	0.7142857142857143	baseline
P_AQ.202	0.0	0.2323494184214452	0.23073525567159564	1.4615556921052513	0.5515784846550963	0.4999924730387409	0.5515784846550963	0.5000075269612592	0.5714285714285714	endpoint
P_AQ.203	0.0	0.679960231009445	1.116698858046479	1.6704018417739437	0.7012560487785635	0.8376842840909927	0.7012560487785635	0.8376842840909927	0.7142857142857143	endpoint
P_AQ.204	0.0	0.0448545566053487	0.07317573557947804	1.2627561894800674	0.45621046896298934	0.4615656660518219	0.5437895310370107	0.5384343339481781	0.5714285714285714	baseline
P_AQ.205	0.0	0.025716124567378134	0.2707162114379607	1.7502611309548888	0.447797283735635	0.49490670459888786	0.552202716264365	0.5050932954011121	0.5714285714285714	endpoint
P_AQ.206	0.0	0.8563380996796296	1.0878500030671516	1.4748148424187026	0.212774572321669	0.11746505717542237	0.787225427678331	0.8825349428245777	0.8571428571428571	baseline
P_AQ.207	0.0	0.24456771980653805	0.7344532940237545	1.7235834350325248	0.4349702960357532	0.3139272656233883	0.5650297039642468	0.6860727343766118	0.5714285714285714	baseline
P_AQ.208	0.0	0.44006042399905615	0.8114300279209968	1.6562848144544404	0.34619505281659146	0.28567607893881497	0.6538049471834085	0.714323921061185	0.7142857142857143	baseline
P_AQ.209	0.0	0.44735780251482415	0.7380673718979934	1.537648976484031	0.30458421613965525	0.3076457003691751	0.6954157838603447	0.692354299630825	0.7142857142857143	baseline
P_AQ.21	0.0	0.14336031857763273	0.2026682736740795	1.2552618604344914	0.5111008256608304	0.5366964323215994	0.5111008256608304	0.5366964323215994	0.5714285714285714	endpoint
P_AQ.210	0.0	0.22407485530681712	0.5272898747452117	1.208295333599978	0.5355773192224685	0.6175393219371875	0.5355773192224685	0.6175393219371875	0.5714285714285714	endpoint
P_AQ.211	0.0	0.23567808803966983	0.6247686515059598	1.3453797889632038	0.43464265532859364	0.33069761303253553	0.5653573446714064	0.6693023869674645	0.7142857142857143	baseline
P_AQ.212	0.0	0.8716684075570347	1.319357494851065	1.7966548868003727	0.676517667903626	0.7641002490146398	0.676517667903626	0.7641002490146398	0.8571428571428571	endpoint
P_AQ.213	0.0	0.5773153707889997	0.5808585677855446	1.1152147656097136	0.2935196818057254	0.2508234990188053	0.7064803181942746	0.7491765009811947	1.0	baseline
P_AQ.214	0.14285714285714285	0.49423114017597075	0.44444688691415163	2.243997523222719	0.5813096526098805	0.5902937879795803	0.5813096526098805	0.5902937879795803	0.7142857142857143	endpoint
P_AQ.215	0.0	0.029653521163959425	0.8498824313290914	1.9097804212556182	0.4468659702803946	0.2962786077136485	0.5531340297196055	0.7037213922863514	0.5714285714285714	baseline
P_AQ.216	0.0	0.4911483974703845	0.9926897645210968	1.4162098911481082	0.32296630971379386	0.2363453389646868	0.6770336902862062	0.7636546610353132	0.7142857142857143	baseline
P_AQ.217	0.0	0.006737595044797563	0.1598627631222282	1.4279426801593276	0.4949346457473292	0.46402962158137395	0.5050653542526709	0.535970378418626	0.5714285714285714	endpoint
P_AQ.218	0.0	0.268417805256584	0.5983704549932738	1.6053343028946871	0.5724037288212597	0.6140252140450503	0.5724037288212597	0.6140252140450503	0.5714285714285714	endpoint
P_AQ.219	0.0	0.16544637750905825	0.32860661864368573	1.1701005548554766	0.4146222233692652	0.39322122407727	0.5853777766307349	0.60677877592273	0.7142857142857143	baseline
P_AQ.22	0.0	0.4488808920752185	0.5833617740008092	1.531606196686701	0.33254381448904624	0.323677907750305	0.6674561855109538	0.676322092249695	0.7142857142857143	baseline
P_AQ.220	0.0	0.32812710487690516	0.23253360320574912	1.5391423926251662	0.3631859673498079	0.359525195513395	0.6368140326501921	0.640474804486605	0.7142857142857143	baseline
P_AQ.221	0.0	0.3655169593714291	0.5961204917830473	1.36798477203959	0.4033058370335953	0.22423682658649832	0.5966941629664047	0.7757631734135016	0.7142857142857143	baseline
P_AQ.222	0.14285714285714285	1.108472706261259	1.3935717289215168	2.248267458998056	0.7669466647627153	0.8942767202623306	0.7669466647627153	0.8942767202623306	0.8571428571428571	endpoint
P_AQ.223	0.0	0.2782499847381154	0.329189687240939	1.6833391707917114	0.4079866596837558	0.3358589576596788	0.5920133403162442	0.6641410423403211	0.5714285714285714	baseline
P_AQ.224	0.14285714285714285	0.8288426407289237	0.9865836432617122	2.3598964501638995	0.6828674379508254	0.734440816345181	0.6828674379508254	0.734440816345181	0.8571428571428571	endpoint
P_AQ.225	0.0	0.38244229687381087	0.3319218017541111	1.2529456173430873	0.3752856727767231	0.40574984569675876	0.6247143272232769	0.5942501543032412	0.5714285714285714	baseline
P_AQ.226	0.0	0.43146505813702135	0.45817512387594994	1.5427330915652788	0.573179598674592	0.49627542703490823	0.573179598674592	0.5037245729650918	0.5714285714285714	endpoint
P_AQ.227	0.0	0.4907706475926048	0.8513603187585969	1.9752035950652314	0.3630911666344612	0.2423867819250225	0.6369088333655388	0.7576132180749775	0.7142857142857143	baseline
P_AQ.228	0.0	0.10275315373197211	0.10045652997738035	1.4720447311975344	0.4291103036903762	0.45456477393660605	0.5708896963096237	0.5454352260633939	0.5714285714285714	baseline
P_AQ.229	0.14285714285714285	0.7263257286607777	1.0407889548231037	2.128162246741057	0.3292725432248026	0.2008904543217158	0.6707274567751974	0.7991095456782842	0.8571428571428571	baseline
P_AQ.23	0.0	0.3539759029882802	0.8909822435837393	1.496546962342196	0.3742885530949294	0.1974061621887097	0.6257114469050706	0.8025938378112902	0.5714285714285714	baseline
P_AQ.230	0.0	1.0236376447171887	1.1534602751504257	1.4674610134632706	0.7814043963652638	0.8270517737613484	0.7814043963652638	0.8270517737613484	1.0	endpoint
P_AQ.231	0.0	0.10150300864973964	0.4624839311913461	1.4703456222970968	0.4608187349449608	0.5771163454262258	0.5391812650550392	0.5771163454262258	0.5714285714285714	endpoint
P_AQ.232	0.0	0.14948815707707674	0.12811437702167675	1.3035313912876971	0.4174274801018439	0.5213100356804818	0.5825725198981562	0.5213100356804818	0.5714285714285714	baseline
P_AQ.233	0.0	0.6591027298389465	1.0563917518205783	1.68932162536312	0.7127255052935004	0.8391261229075653	0.7127255052935004	0.8391261229075653	0.7142857142857143	endpoint
P_AQ.234	0.0	0.51231622765497	0.9268338674943126	1.7682122484239202	0.6320767091028985	0.7489419874736208	0.6320767091028985	0.7489419874736208	0.5714285714285714	endpoint
P_AQ.235	0.0	0.508183332011108	0.9853163067583742	1.5767967368656597	0.6475054232772228	0.6898999652195579	0.6475054232772228	0.6898999652195579	0.7142857142857143	endpoint
P_AQ.236	0.0	0.2303996200777183	0.2695325591158333	1.5218344708489626	0.5842840203197847	0.5354935324488063	0.5842840203197847	0.5354935324488063	0.5714285714285714	endpoint
P_AQ.237	0.0	0.20920721816164622	0.5097139223487042	1.1919543484780164	0.501961381209706	0.5065804821029204	0.501961381209706	0.5065804821029204	0.7142857142857143	endpoint
P_AQ.238	0.0	0.32493053904397595	0.8324614631303707	1.1984903113201828	0.3641402344799359	0.26638065565127145	0.6358597655200642	0.7336193443487286	0.7142857142857143	baseline
P_AQ.239	0.0	0.12707825977785298	0.7186116799205078	1.1963132875470506	0.45753441371081444	0.2452688833362668	0.5424655862891856	0.7547311166637332	0.5714285714285714	baseline
P_AQ.24	0.0	0.5132608061172502	1.0419157425489853	1.2922551209855826	0.3284849137982454	0.2525923703446748	0.6715150862017546	0.7474076296553251	0.7142857142857143	baseline
P_AQ.240	0.0	0.23772671592951242	0.34021047707618357	0.9020460055313436	0.42388616367157467	0.3742054308432729	0.5761138363284253	0.625794569156727	0.7142857142857143	baseline
P_AQ.241	0.0	0.993322091973179	1.1100096089924523	1.713934265771992	0.7691181379429892	0.8678448907068709	0.7691181379429892	0.8678448907068709	0.8571428571428571	endpoint
P_AQ.242	0.0	0.6830093665662552	1.0155599485990778	1.6392875596739358	0.24162172685018266	0.1301311947731018	0.7583782731498173	0.8698688052268981	0.8571428571428571	baseline
P_AQ.243	0.0	0.1495446247368058	0.09212749092459077	1.581123212854592	0.475437064388268	0.41687831602514475	0.5245629356117321	0.5831216839748552	0.5714285714285714	baseline
P_AQ.245	0.0	0.31055510640045025	0.0045089899988138	1.176167626362701	0.35104739280161945	0.4582118060495304	0.6489526071983805	0.5417881939504696	0.8571428571428571	baseline
P_AQ.246	0.0	0.06516105551107951	0.18801813758923866	1.0206395758681335	0.4744465353460384	0.4032714851550329	0.5255534646539616	0.596728514844967	0.7142857142857143	baseline
P_AQ.247	0.0	0.6128327864174119	0.5479317864350701	1.767960115516295	0.6075465255632322	0.6243280667739003	0.6075465255632322	0.6243280667739003	0.7142857142857143	endpoint
P_AQ.248	0.0	0.2178348589224283	0.5175408136062885	1.1494806291634891	0.5031235513013076	0.5053522058629005	0.5031235513013076	0.5053522058629005	0.5714285714285714	endpoint
P_AQ.249	0.0	0.4460467506702739	0.5487366358234539	1.6350763261416443	0.3457434032738809	0.2636540070717998	0.6542565967261191	0.7363459929282001	0.8571428571428571	baseline
P_AQ.25	0.0	0.9062015262648444	1.1397344555316296	1.8566045475944404	0.7407283870960301	0.8324627849486216	0.7407283870960301	0.8324627849486216	0.8571428571428571	endpoint
P_AQ.250	0.0	0.38392313890743274	0.007265832411626744	1.5629217026802547	0.33294923006125765	0.4467567813308629	0.6670507699387423	0.5532432186691372	0.8571428571428571	baseline
P_AQ.251	0.0	0.12048426935039012	0.06526359320371754	1.280178286323903	0.4521678201579243	0.4362008102136505	0.5478321798420758	0.5637991897863495	0.5714285714285714	baseline
P_AQ.252	0.0	0.7701534102919335	0.6366575016878511	1.5196468895213477	0.721292790703001	0.7520732589231116	0.721292790703001	0.7520732589231116	0.7142857142857143	endpoint
P_AQ.253	0.0	1.1900293440600618	1.482628472495193	1.8255155201540418	0.796835738899893	0.8711448786232137	0.796835738899893	0.8711448786232137	1.0	endpoint
P_AQ.254	0.0	0.7856155877493783	0.8365991768477253	1.595053083302704	0.7328791028609455	0.6971692381993485	0.7328791028609455	0.6971692381993485	0.7142857142857143	endpoint
P_AQ.255	0.0	0.3413167702057863	0.7995234078088599	1.334826900530945	0.36253438589332354	0.286346675300301	0.6374656141066765	0.713653324699699	0.7142857142857143	baseline
P_AQ.256	0.0	0.7161955818161093	0.8790354191000315	1.7300164657488108	0.23862568353670416	0.1976977482340201	0.7613743164632958	0.8023022517659799	0.7142857142857143	baseline
P_AQ.257	0.0	0.7544729608857128	1.1869936041500913	1.6854110977440753	0.2515054656130181	0.1109987892818005	0.7484945343869819	0.8890012107181995	0.8571428571428571	baseline
P_AQ.258	0.0	0.5708720393700188	0.8453298296198646	1.31025471849191	0.3158301326989471	0.2835615738953651	0.6841698673010529	0.7164384261046348	0.8571428571428571	baseline
P_AQ.259	0.0	0.5521885078344416	1.0277414127216504	1.6270952882303864	0.33538911212280603	0.22987537930015106	0.6646108878771939	0.7701246206998489	0.7142857142857143	baseline
P_AQ.26	0.0	0.13869060045127574	0.42197381597017286	1.6772690731194442	0.38782844694946256	0.40087181789072546	0.6121715530505374	0.5991281821092745	0.8571428571428571	baseline
P_AQ.260	0.0	0.11170253032175573	0.28004584635570523	1.6468802324483764	0.4985978664593551	0.5362253115705035	0.5014021335406449	0.5362253115705035	0.5714285714285714	endpoint
P_AQ.261	0.0	0.1661350348801338	0.09270519886756508	1.5360093393617624	0.48519104435361565	0.5069999883804561	0.5148089556463844	0.5069999883804561	0.5714285714285714	endpoint
P_AQ.262	0.0	0.5100529576947278	0.4933831656647654	1.4133403981678818	0.6390681922516025	0.6063880293796822	0.6390681922516025	0.6063880293796822	0.7142857142857143	endpoint
P_AQ.263	0.14285714285714285	0.350265368901952	0.38595174414267464	2.163235578401973	0.491838508402476	0.5481373777224847	0.508161491597524	0.5481373777224847	0.5714285714285714	endpoint
P_AQ.264	0.0	0.578920082104751	0.5051480754663839	1.6466931144979937	0.2947404264453573	0.27798948231797993	0.7052595735546427	0.7220105176820201	0.7142857142857143	baseline
P_AQ.265	0.0	0.16852686183669044	0.006547750677965101	1.4849445911641979	0.43724884078103404	0.434734946928488	0.562751159218966	0.565265053071512	0.7142857142857143	baseline
P_AQ.266	0.0	0.3644504419230285	0.9304151202604483	1.6262428428052695	0.5465886033291002	0.5945654571260056	0.5465886033291002	0.5945654571260056	0.5714285714285714	endpoint
P_AQ.267	0.0	0.4765807550067085	0.23261666593817287	1.3103254466504035	0.32598027054368034	0.3594942883989163	0.6740197294563197	0.6405057116010837	0.8571428571428571	baseline
P_AQ.268	0.0	0.6675410328252867	0.9482177428173026	1.6454360317052352	0.6906570836211129	0.6706389925817144	0.6906570836211129	0.6706389925817144	0.7142857142857143	endpoint
P_AQ.269	0.0	0.792362688547866	1.0757734921922832	1.5763438566816124	0.24574557032085548	0.18520553309858054	0.7542544296791445	0.8147944669014194	0.7142857142857143	baseline
P_AQ.27	0.0	0.05761226315600038	0.07302785226837072	1.4445931664092024	0.44239968809625807	0.4150565959367629	0.5576003119037419	0.5849434040632371	0.7142857142857143	baseline
P_AQ.270	0.0	0.18234795095297793	0.9016572889095337	1.6404531915204885	0.4703591466595241	0.5640820935531254	0.529640853340476	0.5640820935531254	0.5714285714285714	endpoint
P_AQ.271	0.0	0.7221618224895598	1.32133528629428	1.9283286627696405	0.7372213179986528	0.8918492843080672	0.7372213179986528	0.8918492843080672	0.7142857142857143	endpoint
P_AQ.272	0.0	0.36290913170712524	0.5779741332036873	1.0325250157612733	0.38278925462738117	0.34436722138028725	0.6172107453726188	0.6556327786197127	0.7142857142857143	baseline
P_AQ.273	0.14285714285714285	0.36647708880313395	0.4282758674964687	2.0790016393193866	0.5603253022855176	0.7272062513508513	0.5603253022855176	0.7272062513508513	0.5714285714285714	endpoint
P_AQ.274	0.14285714285714285	0.43767789713210936	0.7680934313776848	2.0315054537010213	0.5487506390597534	0.636568010687016	0.5487506390597534	0.636568010687016	0.5714285714285714	endpoint
P_AQ.275	0.0	0.7051949473415948	1.174735884169048	1.3645750344675738	0.2782779161632584	0.15625610834999043	0.7217220838367415	0.8437438916500095	0.7142857142857143	baseline
P_AQ.276	0.0	0.4999452760112083	0.7741324084322074	1.5869334909115607	0.5978602829004042	0.5935437530913574	0.5978602829004042	0.5935437530913574	0.8571428571428571	endpoint
P_AQ.277	0.0	0.4645114801734112	0.4796365277252647	1.5916559130368821	0.3195590305304123	0.37388532798448293	0.6804409694695877	0.6261146720155171	0.8571428571428571	baseline
P_AQ.278	0.0	1.0613003165168189	0.9893389405991778	1.91085178476321	0.1915465501438243	0.16428784940082888	0.8084534498561757	0.8357121505991711	1.0	baseline
P_AQ.279	0.0	0.6231380826891096	0.6106610191547586	1.302983017907231	0.6371591490694319	0.6150002241051719	0.6371591490694319	0.6150002241051719	0.7142857142857143	endpoint
P_AQ.28	0.0	0.14681319792755065	0.0916659756307872	1.4163483355710236	0.44712121266441957	0.3999903617690543	0.5528787873355805	0.6000096382309457	0.7142857142857143	baseline
P_AQ.280	0.0	0.19454080017752948	0.3933207906081451	1.4167791228888134	0.5719886163090279	0.5924016351895537	0.5719886163090279	0.5924016351895537	0.5714285714285714	endpoint
P_AQ.281	0.0	1.1072709609594262	1.247419362405555	1.7090547176281952	0.7941922255565074	0.9045400388592928	0.7941922255565074	0.9045400388592928	0.8571428571428571	endpoint
P_AQ.283	0.0	1.207926752547971	1.3457443721534448	1.830659555068878	0.814931479483941	0.8453936503530308	0.814931479483941	0.8453936503530308	1.0	endpoint
P_AQ.284	0.0	0.7573906098012761	0.5295763951522146	1.437700565763936	0.24421355947753806	0.2489974617406596	0.7557864405224619	0.7510025382593404	0.8571428571428571	baseline
P_AQ.285	0.0	1.0744533758957109	1.0283956683885784	1.5472130827116861	0.7831171540264112	0.7596909905490007	0.7831171540264112	0.7596909905490007	1.0	endpoint
P_AQ.286	0.0	0.0977747209520734	0.18827610682996354	1.048959082811347	0.4938117415348118	0.486822534109771	0.5061882584651882	0.5131774658902291	0.7142857142857143	endpoint
P_AQ.287	0.0	0.29905883961982177	0.3440637898363418	1.3406384147092816	0.3714538760445755	0.403130617371588	0.6285461239554244	0.5968693826284119	0.8571428571428571	baseline
P_AQ.288	0.0	0.4360560073071063	0.5333342599414521	1.3270025434994763	0.6191277542962349	0.6444997566812809	0.6191277542962349	0.6444997566812809	0.5714285714285714	endpoint
P_AQ.289	0.0	0.827776981398555	1.1176406412868445	1.4535276887515265	0.22347863039481283	0.21158557190251998	0.7765213696051871	0.7884144280974801	1.0	baseline
P_AQ.29	0.0	0.3549550653030353	0.8885334699489477	1.7669311815577566	0.35135741109572205	0.2856794719175232	0.648642588904278	0.7143205280824768	0.8571428571428571	baseline
P_AQ.290	0.0	0.42914470406974814	1.0731698806798555	1.6539489648247176	0.6390438628517175	0.7088514390411622	0.6390438628517175	0.7088514390411622	0.5714285714285714	endpoint
P_AQ.291	0.0	0.1447007280044407	0.37832062066062094	1.2728654621520559	0.46753534044334494	0.31107609307210937	0.5324646595566551	0.6889239069278906	0.7142857142857143	baseline
P_AQ.292	0.0	0.527738352521961	0.5043566954328464	1.5894671021959283	0.6495556395603697	0.503336406412982	0.6495556395603697	0.503336406412982	0.5714285714285714	endpoint
P_AQ.293	0.0	0.3370122970523529	0.38986639049125893	1.2832669703616457	0.3601970963540474	0.34600888285597636	0.6398029036459526	0.6539911171440236	0.8571428571428571	baseline
P_AQ.294	0.0	0.3897680809498697	0.4393732521331157	1.267487446489062	0.4032755372298938	0.29994959069343924	0.5967244627701063	0.7000504093065607	0.7142857142857143	baseline
P_AQ.295	0.0	0.4958013110950568	0.5744447295289341	1.3357836562376102	0.32981710620175814	0.33839194138309403	0.6701828937982419	0.661608058616906	0.8571428571428571	baseline
P_AQ.296	0.0	0.7069909215310479	0.7712138142551758	1.7031080945974835	0.6948002247552015	0.7330132259928094	0.6948002247552015	0.7330132259928094	0.7142857142857143	endpoint
P_AQ.297	0.0	0.6134257443050476	0.9643730563156185	1.5586790675077362	0.23696431280550775	0.10376168127931247	0.7630356871944922	0.8962383187206875	0.8571428571428571	baseline
P_AQ.298	0.0	0.7193482181143125	0.8647523119986659	1.6576855325428377	0.2924804849126485	0.18308421420790033	0.7075195150873514	0.8169157857920997	0.8571428571428571	baseline
P_AQ.299	0.0	0.8389850642810431	0.6044895068038939	1.4956667280122344	0.724638597745771	0.7999910203299793	0.724638597745771	0.7999910203299793	0.8571428571428571	endpoint
P_AQ.3	0.0	0.2595675267981724	0.2685254981302777	1.614943156395222	0.4324938764644984	0.3540335956326596	0.5675061235355017	0.6459664043673403	0.5714285714285714	baseline
P_AQ.30	0.0	0.14817520444122864	0.21665564007631652	1.5870600406533621	0.4973215492317756	0.49605234535978004	0.5026784507682245	0.50394765464022	0.5714285714285714	endpoint
P_AQ.300	0.0	0.3963434218996063	0.26846008178325825	1.8245516315814516	0.5572674169716241	0.545941759515616	0.5572674169716241	0.545941759515616	0.7142857142857143	endpoint
P_AQ.301	0.0	0.3067638233551803	0.9401874627882135	1.2837784225227724	0.34750679517175703	0.2280587248876867	0.652493204828243	0.7719412751123134	0.7142857142857143	baseline
P_AQ.302	0.0	0.5818893247149337	0.7339860019008955	1.3512184211355986	0.6410105693094467	0.5966000648151256	0.6410105693094467	0.5966000648151256	0.7142857142857143	endpoint
P_AQ.303	0.0	0.29864366592205	0.4687968475277043	1.455589041819469	0.4049242026021435	0.35454508409779795	0.5950757973978564	0.645454915902202	0.5714285714285714	baseline
P_AQ.304	0.0	0.5148641890075886	0.6046478968367761	1.4854900460153169	0.6415288902609071	0.5606410339628579	0.6415288902609071	0.5606410339628579	0.8571428571428571	endpoint
P_AQ.305	0.0	0.3701351186173098	0.44060541686845384	1.1425716592860211	0.5703381085708664	0.5665937815773027	0.5703381085708664	0.5665937815773027	0.7142857142857143	endpoint
P_AQ.306	0.0	0.7228182780734728	0.9434210087984987	1.8303949879250296	0.6773776115478133	0.7060824092485068	0.6773776115478133	0.7060824092485068	0.5714285714285714	endpoint
P_AQ.307	0.0	1.1942835704651729	1.4618296832551478	1.6810315578006736	0.8149432849062627	0.8634218443915085	0.8149432849062627	0.8634218443915085	1.0	endpoint
P_AQ.308	0.0	0.5535618932654047	0.18048030726017691	1.6844873135016207	0.6621473226993092	0.6537288744683343	0.6621473226993092	0.6537288744683343	0.5714285714285714	endpoint
P_AQ.309	0.0	0.5014426429281819	0.7362955779156718	1.2161369250704022	0.33633143694776246	0.2402797462576644	0.6636685630522375	0.7597202537423355	0.8571428571428571	baseline
P_AQ.31	0.0	0.180233284404024	0.39873346778189644	1.1593988190935267	0.5223186747318537	0.5898732422480883	0.5223186747318537	0.5898732422480883	0.5714285714285714	endpoint
P_AQ.310	0.0	0.06977155628225074	0.030995044379158766	1.3655697959331765	0.5094344550292979	0.43096128482702273	0.5094344550292979	0.5690387151729772	0.5714285714285714	endpoint
P_AQ.311	0.0	0.20966209719167508	0.7175999120862757	1.8895929789268113	0.40170036822320637	0.20583876095774534	0.5982996317767937	0.7941612390422547	0.5714285714285714	baseline
P_AQ.312	0.0	0.8585024990971004	1.1317038453786044	1.7434774256087535	0.7139106248417484	0.692793058227796	0.7139106248417484	0.692793058227796	0.8571428571428571	endpoint
P_AQ.313	0.0	0.7147627127374755	0.9670752691168825	1.4050153072372198	0.6979721088293952	0.7359627872544409	0.6979721088293952	0.7359627872544409	0.7142857142857143	endpoint
P_AQ.314	0.0	0.5255624841838201	0.5586011378122199	1.4873059261790917	0.3522747769626823	0.26040975392562055	0.6477252230373177	0.7395902460743795	0.7142857142857143	baseline
P_AQ.315	0.0	0.5734180166427806	0.7838795382170908	1.678292625979239	0.6246648085614199	0.6214841713626298	0.6246648085614199	0.6214841713626298	0.7142857142857143	endpoint
P_AQ.316	0.0	0.587791641969965	0.8680836427843099	1.2784796078554732	0.28349889442139925	0.2934957145723243	0.7165011055786008	0.7065042854276757	0.8571428571428571	baseline
P_AQ.317	0.0	0.838618154801494	1.1146138470408926	1.8756967855880882	0.24040642585169	0.13838402017732787	0.75959357414831	0.8616159798226721	0.8571428571428571	baseline
P_AQ.318	0.0	0.3037276993001427	0.03568543904382735	1.9491572728741988	0.538715144524998	0.4916013274743065	0.538715144524998	0.5083986725256935	0.5714285714285714	endpoint
P_AQ.319	0.0	0.4070885528883448	0.35774168290526775	1.4512829994011527	0.5592878660877452	0.6073104574693052	0.5592878660877452	0.6073104574693052	0.7142857142857143	endpoint
P_AQ.32	0.0	0.11749654460682422	0.34149613944237345	1.2250872801795207	0.4738803705704303	0.5343481799894553	0.5261196294295697	0.5343481799894553	0.5714285714285714	endpoint
P_AQ.320	0.0	0.43562690722441594	0.8774330745044758	1.5542180204898002	0.6291295712087731	0.700584595393676	0.6291295712087731	0.700584595393676	0.5714285714285714	endpoint
P_AQ.321	0.0	0.2864283614693467	0.7938796772275561	1.5373278860671162	0.600522328706841	0.6746680810624694	0.600522328706841	0.6746680810624694	0.5714285714285714	endpoint
P_AQ.322	0.0	0.4020898028011075	0.25807843946217573	1.6765901230727283	0.5420825939082787	0.5750487228049559	0.5420825939082787	0.5750487228049559	0.7142857142857143	endpoint
P_AQ.323	0.0	0.09775632076293828	0.4524640320133231	1.1822727083955127	0.4983066861925295	0.295316294550436	0.5016933138074705	0.704683705449564	0.5714285714285714	baseline
P_AQ.324	0.0	0.34586239959903925	0.4065991350870322	1.5189935083633779	0.5212207480108952	0.5650610675004448	0.5212207480108952	0.5650610675004448	0.5714285714285714	endpoint
P_AQ.325	0.0	0.47556035797626645	0.5009050976909438	1.5253004478331822	0.32552229500910695	0.2730529550636036	0.674477704990893	0.7269470449363964	0.7142857142857143	baseline
P_AQ.326	0.14285714285714285	0.5194318347811712	0.8646460187775642	2.314151095538815	0.5593784687301173	0.6638693815832261	0.5593784687301173	0.6638693815832261	0.5714285714285714	endpoint
P_AQ.327	0.0	0.6896686623442642	0.7856062152716211	1.2451555405593666	0.26590266807808943	0.25799405717077395	0.7340973319219106	0.742005942829226	0.8571428571428571	baseline
P_AQ.328	0.0	0.18805197546167524	0.2931148695512951	1.3152398476329994	0.46359497906611985	0.41412114497248026	0.5364050209338802	0.5858788550275198	0.7142857142857143	baseline
P_AQ.329	0.0	0.37516266161724837	0.785649891232254	1.3391807334768466	0.571223437868617	0.6195950108650937	0.571223437868617	0.6195950108650937	0.7142857142857143	endpoint
P_AQ.33	0.14285714285714285	0.36238728885020494	0.7544812961617428	2.2244119296946248	0.40501634167570366	0.2589719847900976	0.5949836583242963	0.7410280152099025	0.7142857142857143	baseline
P_AQ.330	0.0	0.07362937698975937	0.04014693572147919	1.3105865987126621	0.47108893258937307	0.42008395784417935	0.528911067410627	0.5799160421558207	0.5714285714285714	baseline
P_AQ.331	0.0	0.012894777178178376	0.017027811731051615	1.4787432218933276	0.4944788756588415	0.42361878033358774	0.5055211243411585	0.5763812196664122	0.5714285714285714	endpoint
P_AQ.332	0.0	0.5273362920698015	0.858732911811465	1.4866931267908015	0.6139376472951341	0.5575191263069217	0.6139376472951341	0.5575191263069217	0.7142857142857143	endpoint
P_AQ.333	0.0	0.3983682415783348	0.6751578752279693	1.2425281883180619	0.33440801600786735	0.2996321717340534	0.6655919839921327	0.7003678282659467	0.7142857142857143	baseline
P_AQ.334	0.0	0.37061742330981007	1.082611282736582	1.65883716649202	0.5807772995206611	0.7108881061445086	0.5807772995206611	0.7108881061445086	0.5714285714285714	endpoint
P_AQ.335	0.0	0.87303786536551	0.8091137617877988	1.7977273901652253	0.7418147470428132	0.8722870774999786	0.7418147470428132	0.8722870774999786	0.7142857142857143	endpoint
P_AQ.336	0.0	0.6349711586499799	0.6978178936805163	1.8439712821019774	0.292597031756966	0.29351264507598773	0.7074029682430341	0.7064873549240123	0.8571428571428571	baseline
P_AQ.337	0.14285714285714285	0.8439465579520532	0.9214595472897325	2.7385414407544877	0.6499186635137019	0.7142406853921466	0.6499186635137019	0.7142406853921466	0.7142857142857143	endpoint
P_AQ.338	0.0	1.4591219661356516	1.4835764461367207	1.748772619834041	0.884089234546779	0.8966762372928431	0.884089234546779	0.8966762372928431	1.0	endpoint
P_AQ.339	0.0	0.3288116532990369	0.6002234488050898	0.9884458522739853	0.5570783442728511	0.5536223674764825	0.5570783442728511	0.5536223674764825	0.7142857142857143	endpoint
P_AQ.34	0.0	0.922997924196044	1.108515747013662	1.7354602961123349	0.7360427145783206	0.8495755555914064	0.7360427145783206	0.8495755555914064	0.7142857142857143	endpoint
P_AQ.340	0.0	0.7983725679070235	1.0120956349995731	1.4254434121259751	0.25227408241127064	0.2714768513559761	0.7477259175887294	0.7285231486440239	0.8571428571428571	baseline
P_AQ.341	0.0	0.3087677578049583	0.8482058722910192	1.400754082205311	0.5326825779841643	0.6568439211180724	0.5326825779841643	0.6568439211180724	0.7142857142857143	endpoint
P_AQ.342	0.0	0.06196099565309706	0.6338944688842203	1.672261813929763	0.5307544163357129	0.6355174139677643	0.5307544163357129	0.6355174139677643	0.5714285714285714	endpoint
P_AQ.343	0.0	0.19881289124038132	0.7411048183397194	1.4843230523759239	0.44482463291397484	0.3174822786425385	0.5551753670860251	0.6825177213574616	0.5714285714285714	baseline
P_AQ.344	0.0	0.9948556955215995	1.1979800265927347	1.6145427544634596	0.1620478556019271	0.050949506542887935	0.8379521443980729	0.949050493457112	1.0	baseline
P_AQ.345	0.0	0.24895435362350923	0.8020545056644585	1.5919119788226943	0.37887819717127164	0.3035913081140226	0.6211218028287284	0.6964086918859774	0.5714285714285714	baseline
P_AQ.346	0.0	0.41142680326080566	0.9043392676956362	1.3659603160745646	0.3317611360385199	0.14670284637916806	0.66823886396148	0.8532971536208319	0.7142857142857143	baseline
P_AQ.347	0.14285714285714285	0.16178512174338971	0.19236854100515147	2.5315724957678185	0.45404356801581863	0.5188479732083663	0.5459564319841814	0.5188479732083663	0.5714285714285714	endpoint
P_AQ.348	0.0	0.22838097034152824	0.3686407514683015	1.1095539052577679	0.3826014391883711	0.3467571912599357	0.6173985608116289	0.6532428087400644	0.7142857142857143	baseline
P_AQ.349	0.0	0.5842488262218845	0.5142880810230925	1.1960430465276344	0.28640564360225157	0.2760302266781029	0.7135943563977485	0.723969773321897	0.8571428571428571	baseline
P_AQ.35	0.0	0.36683194507885986	0.17804255487082035	1.443037026207258	0.6074238070845883	0.5045661637569385	0.6074238070845883	0.5045661637569385	0.5714285714285714	endpoint
P_AQ.350	0.0	0.206026986035667	0.20452120474209898	1.1032396688611232	0.5619184979414108	0.5809722439381113	0.5619184979414108	0.5809722439381113	0.5714285714285714	endpoint
P_AQ.351	0.0	0.2941762602731006	0.5178634945177903	1.7855159322308314	0.4977311316812508	0.5890626362575014	0.5022688683187492	0.5890626362575014	0.5714285714285714	endpoint
P_AQ.352	0.0	0.3714132293035065	0.41055419890304873	1.402611926620303	0.34206659831653574	0.36345015438879974	0.6579334016834643	0.6365498456112002	0.8571428571428571	baseline
P_AQ.353	0.0	0.5044654730886421	0.7233623165227958	1.5880669268730236	0.633306376678244	0.5796725950838374	0.633306376678244	0.5796725950838374	0.8571428571428571	endpoint
P_AQ.354	0.0	0.2528621113202675	0.24116386910509935	1.4777787531484308	0.37995533624871985	0.364809029113608	0.6200446637512802	0.635190970886392	0.7142857142857143	baseline
P_AQ.355	0.0	0.7972304528917091	1.1489086974271008	1.5005099844555856	0.2477816691844095	0.07673896247713824	0.7522183308155905	0.9232610375228618	0.8571428571428571	baseline
P_AQ.356	0.0	0.1837895537370317	0.034244587479063504	1.4762804840509562	0.5651696419655967	0.4178012740413552	0.5651696419655967	0.5821987259586447	0.5714285714285714	endpoint
P_AQ.357	0.0	0.05679801970599966	0.07937681772246516	1.6683642467635227	0.4177870814697822	0.438358666343822	0.5822129185302178	0.5616413336561781	0.5714285714285714	baseline
P_AQ.358	0.0	0.6461197039364511	0.49150035974975054	1.8206661182687498	0.2862409592306376	0.3492304129833556	0.7137590407693624	0.6507695870166443	0.8571428571428571	baseline
P_AQ.359	0.0	1.0664866923311096	0.9668281450321048	1.685658044024357	0.7793386830139469	0.7014850418335169	0.7793386830139469	0.7014850418335169	1.0	endpoint
P_AQ.36	0.0	1.2845366119379802	1.476694457182273	1.8388535225807752	0.8458898071118715	0.9141704732362357	0.8458898071118715	0.9141704732362357	1.0	endpoint
P_AQ.360	0.0	1.012019549917437	0.8913066577619215	1.793424280401732	0.7432211941993632	0.7362593891649725	0.7432211941993632	0.7362593891649725	1.0	endpoint
P_AQ.361	0.0	0.1623160214345345	0.5477692235079324	1.4375774953923588	0.4430678965771183	0.3591879748446485	0.5569321034228817	0.6408120251553515	0.7142857142857143	baseline
P_AQ.362	0.0	0.7195412018978082	0.7124558866647432	1.460220323435921	0.7093881993959672	0.7111497748206852	0.7093881993959672	0.7111497748206852	0.8571428571428571	endpoint
P_AQ.363	0.0	0.34570050339572117	0.8390584384370405	1.5245149529534097	0.37238663100720665	0.2590938558052889	0.6276133689927934	0.7409061441947111	0.7142857142857143	baseline
P_AQ.364	0.0	0.2791130135878605	0.4327329589858731	1.1762429458553656	0.5632450124124093	0.5626479310264605	0.5632450124124093	0.5626479310264605	0.5714285714285714	endpoint
P_AQ.365	0.0	0.5028025762917664	0.7294810682955625	1.7631080238671821	0.6256580736282654	0.6319582379991505	0.6256580736282654	0.6319582379991505	0.7142857142857143	endpoint
P_AQ.366	0.0	0.5554377854632259	0.8137627292437015	1.5735697271282683	0.3278537421762839	0.26220077683634824	0.6721462578237161	0.7377992231636518	0.7142857142857143	baseline
P_AQ.367	0.0	0.21857017960536052	0.05082707236449555	1.3685387680038155	0.5721681373508863	0.46153934744012076	0.5721681373508863	0.5384606525598792	0.5714285714285714	endpoint
P_AQ.368	0.0	0.9088011782379278	1.0526151836217457	1.3643085913337052	0.7475946895920446	0.7549224175466341	0.7475946895920446	0.7549224175466341	0.8571428571428571	endpoint
P_AQ.369	0.0	0.16773577415750812	0.26075667393039487	1.2314336031909054	0.5223095243726931	0.5298814577804921	0.5223095243726931	0.5298814577804921	0.5714285714285714	endpoint
P_AQ.37	0.14285714285714285	0.7514027342151073	0.8349770132742198	2.4429714289001043	0.649551053440077	0.7997429208205287	0.649551053440077	0.7997429208205287	0.7142857142857143	endpoint
P_AQ.370	0.0	0.13157325143701346	0.016891084568360804	1.636704739997889	0.5318146056647511	0.47370719931657745	0.5318146056647511	0.5262928006834225	0.5714285714285714	endpoint
P_AQ.371	0.0	0.3042051294358797	0.1155816787479764	1.4773344901757428	0.5817311520308356	0.4507503828135949	0.5817311520308356	0.5492496171864051	0.5714285714285714	endpoint
P_AQ.372	0.0	0.14113121324345396	0.1524859892078985	1.7357149060849464	0.546336299666805	0.45535023655689194	0.546336299666805	0.544649763443108	0.5714285714285714	endpoint
P_AQ.373	0.0	0.2749989773423553	0.3119651851916151	1.6141149088330826	0.3509199395723409	0.4100548190685872	0.6490800604276591	0.5899451809314128	0.7142857142857143	baseline
P_AQ.374	0.0	0.5428446195388711	1.118392206666322	1.4877270604115362	0.6705672414427433	0.7753250728061082	0.6705672414427433	0.7753250728061082	0.5714285714285714	endpoint
P_AQ.375	0.0	0.3860613575817099	0.12618863511793507	1.5840897017403082	0.3842393052292346	0.49300345901876097	0.6157606947707654	0.506996540981239	0.5714285714285714	baseline
P_AQ.376	0.0	0.3082033154401623	0.16246418657755587	1.660072214093421	0.37801681486823396	0.3855975798185075	0.6219831851317661	0.6144024201814925	0.5714285714285714	baseline
P_AQ.377	0.0	0.33694643185011053	0.5248389338401682	1.2595338848719324	0.5453665993631578	0.5912172758418446	0.5453665993631578	0.5912172758418446	0.7142857142857143	endpoint
P_AQ.378	0.0	0.07271491147914087	0.19253000789584243	1.1749378160222494	0.4698264603913471	0.47641129050452513	0.5301735396086529	0.5235887094954749	0.5714285714285714	baseline
P_AQ.38	0.0	0.22748912619555586	0.10969763292364523	1.3960208040417263	0.41573662176506787	0.405231678852344	0.5842633782349321	0.594768321147656	0.5714285714285714	baseline
P_AQ.381	0.0	0.19516757465665366	0.09355355860772992	1.4155474566553448	0.5295248581477644	0.5572683491955948	0.5295248581477644	0.5572683491955948	0.5714285714285714	endpoint
P_AQ.382	0.0	0.6070201489531037	0.30355026371174243	1.5854615033177601	0.6534457859260395	0.5078712057352026	0.6534457859260395	0.5078712057352026	0.7142857142857143	endpoint
P_AQ.383	0.0	0.8541417178734051	1.572593242785711	1.6504384440683688	0.6882389451296163	0.8333778479140693	0.6882389451296163	0.8333778479140693	0.8571428571428571	endpoint
P_AQ.384	0.0	0.06994679850882869	0.12077855464722785	1.4925312493146938	0.5040156261399649	0.407755702670923	0.5040156261399649	0.592244297329077	0.5714285714285714	endpoint
P_AQ.385	0.0	0.6808650668342631	0.7443319581213655	1.3004424529606822	0.29815843794102165	0.3017151027073597	0.7018415620589784	0.6982848972926403	0.8571428571428571	baseline
P_AQ.386	0.0	0.42044337127040027	0.25567339719394977	1.3428927052160584	0.3467244364496143	0.4025962613841503	0.6532755635503857	0.5974037386158497	0.8571428571428571	baseline
P_AQ.387	0.0	0.7329229831108867	0.8190229758906881	1.4683745876817769	0.6649551865211129	0.6824670058384087	0.6649551865211129	0.6824670058384087	0.8571428571428571	endpoint
P_AQ.388	0.0	0.24106939084262086	0.22341551655416958	1.5560387068404704	0.528875632454067	0.5422993980099086	0.528875632454067	0.5422993980099086	0.7142857142857143	endpoint
P_AQ.389	0.0	0.4908420857677344	0.6798014079643268	1.5255197885660239	0.36961961534806714	0.27731459297723937	0.6303803846519329	0.7226854070227606	0.5714285714285714	baseline
P_AQ.39	0.0	0.4195460351699541	0.2722064791059914	1.664703716918152	0.30663209770910255	0.3846029727870874	0.6933679022908974	0.6153970272129126	0.7142857142857143	baseline
P_AQ.390	0.0	0.12199962848786726	0.3835684812783154	1.58526647674871	0.3965730610460751	0.37645760121429284	0.6034269389539249	0.6235423987857072	0.7142857142857143	baseline
P_AQ.391	0.0	0.7822577104011882	0.820707975469601	1.8059689385168332	0.2622572765066496	0.18454711553206724	0.7377427234933505	0.8154528844679327	0.8571428571428571	baseline
P_AQ.392	0.0	1.11893479735025	1.1493580383455992	1.7808871005907694	0.7858737254786804	0.6985128493627301	0.7858737254786804	0.6985128493627301	1.0	endpoint
P_AQ.393	0.0	0.9809747290857634	1.1813570992744469	1.7125728807355918	0.19990390385628956	0.1212011454117782	0.8000960961437105	0.8787988545882218	1.0	baseline
P_AQ.394	0.0	0.30883461118652245	0.06553011828109667	1.4546710037477908	0.5736730518940328	0.4080971574666211	0.5736730518940328	0.5919028425333789	0.5714285714285714	endpoint
P_AQ.395	0.0	0.3932662977743812	1.3607088809710899	1.6611111318145804	0.5819415864241976	0.6342692637975421	0.5819415864241976	0.6342692637975421	0.5714285714285714	endpoint
P_AQ.396	0.0	0.038680491396123	0.07967574390114383	1.4013904986736225	0.4848106966168972	0.49453826674032053	0.5151893033831028	0.5054617332596795	0.5714285714285714	endpoint
P_AQ.397	0.0	0.00991928358299697	0.2854514102444253	1.5224826687907482	0.4383670333773241	0.46986665533353905	0.5616329666226759	0.5301333446664609	0.5714285714285714	baseline
P_AQ.398	0.0	0.9265117517885281	0.7346636345494169	1.6019957112271288	0.20371165807331204	0.20054595154277868	0.796288341926688	0.7994540484572213	1.0	baseline
P_AQ.399	0.0	0.9549390294657004	1.3521215966395521	1.7509055467844654	0.7281220164327226	0.8471158729244258	0.7281220164327226	0.8471158729244258	0.8571428571428571	endpoint
P_AQ.4	0.0	0.44292240251539866	0.7082123890779949	1.4575328564967627	0.5761096165891316	0.6301240516468529	0.5761096165891316	0.6301240516468529	0.8571428571428571	endpoint
P_AQ.40	0.0	0.13510825334615192	0.03741482713564716	1.5121072521132506	0.5206763149298268	0.5564183948312054	0.5206763149298268	0.5564183948312054	0.5714285714285714	endpoint
P_AQ.400	0.0	0.6241269304750144	1.0607622209185528	1.82946325274795	0.665549358473695	0.7061749009260041	0.665549358473695	0.7061749009260041	0.5714285714285714	endpoint
P_AQ.401	0.0	0.35215511190988835	0.40276695733375933	1.411358776361871	0.5780177602646842	0.5642344031642188	0.5780177602646842	0.5642344031642188	0.7142857142857143	endpoint
P_AQ.402	0.14285714285714285	0.6581423010264977	1.0511239754769883	2.2296421359341374	0.3013711250450886	0.10238658007251203	0.6986288749549114	0.897613419927488	0.7142857142857143	baseline
P_AQ.403	0.0	0.7963543763272314	0.9937821431111739	1.2805553694095322	0.24372227093745963	0.21652839378834893	0.7562777290625404	0.7834716062116511	0.8571428571428571	baseline
P_AQ.404	0.0	0.7542061547064353	0.9821361545398	1.601660535877324	0.6802483095827085	0.7405068497122718	0.6802483095827085	0.7405068497122718	0.8571428571428571	endpoint
P_AQ.405	0.0	0.05717230670296585	0.2211731190740813	1.44392557682547	0.3988690712994395	0.5416938198994531	0.6011309287005605	0.5416938198994531	0.5714285714285714	baseline
P_AQ.406	0.0	0.02328612654752273	0.37181133177891706	1.4061985753633122	0.4732697279147038	0.5809733817688665	0.5267302720852962	0.5809733817688665	0.5714285714285714	baseline
P_AQ.407	0.0	0.32389230324134155	0.2755757948049148	1.1444736098024768	0.3955499565632704	0.41790461445555743	0.6044500434367296	0.5820953855444426	0.5714285714285714	baseline
P_AQ.408	0.0	0.43387497742223224	0.41436505723284134	1.2086799449976728	0.342153488503692	0.299895863573024	0.657846511496308	0.700104136426976	0.8571428571428571	baseline
P_AQ.409	0.0	0.03655086471262486	0.036443197498255614	1.6576442308049928	0.471217001167488	0.43213789008447195	0.528782998832512	0.5678621099155281	0.5714285714285714	baseline
P_AQ.41	0.0	0.2759145500424942	0.48479008240970134	1.1417629099768722	0.5103351800631452	0.6128857758119743	0.5103351800631452	0.6128857758119743	0.7142857142857143	endpoint
P_AQ.410	0.0	0.8104232108208169	0.8953951490936939	1.2636633319296477	0.2406329976522408	0.22954420714663937	0.7593670023477592	0.7704557928533606	1.0	baseline
P_AQ.411	0.0	0.34404089311298647	0.5095741298647152	1.540162402463134	0.6225969439026112	0.5864824532746458	0.6225969439026112	0.5864824532746458	0.5714285714285714	endpoint
P_AQ.412	0.0	0.6205387659339712	0.7527841192160358	1.7067826497366176	0.3128853903581289	0.19654654531445695	0.6871146096418711	0.8034534546855431	0.8571428571428571	baseline
P_AQ.413	0.0	0.0076409795415161175	0.20155677951371345	1.5716977292325476	0.46147120881098497	0.5210474662277391	0.5385287911890151	0.5210474662277391	0.5714285714285714	baseline
P_AQ.414	0.0	0.2566422770454612	0.6109505914746104	1.6395998905768236	0.5102652453861447	0.5653086509965574	0.5102652453861447	0.5653086509965574	0.5714285714285714	endpoint
P_AQ.415	0.0	0.33467643182502954	0.7169375178635002	1.6221378807979514	0.5433826125442125	0.6128543104523074	0.5433826125442125	0.6128543104523074	0.7142857142857143	endpoint
P_AQ.416	0.0	0.7365222933885068	1.015650233057376	1.6628832592008977	0.24299433264881998	0.11863937207037366	0.75700566735118	0.8813606279296263	0.8571428571428571	baseline
P_AQ.417	0.0	0.33341760189336067	0.42428700607791886	1.4003207611387605	0.5652254885123532	0.6064329404916531	0.5652254885123532	0.6064329404916531	0.5714285714285714	endpoint
P_AQ.418	0.0	0.4909736584267696	0.8292109535947633	1.5724343395495788	0.5735789966301884	0.6562254499797276	0.5735789966301884	0.6562254499797276	0.7142857142857143	endpoint
P_AQ.419	0.0	0.9246186650161616	0.8487083273692795	1.6193744569232378	0.7342739001596315	0.7717854988067976	0.7342739001596315	0.7717854988067976	0.8571428571428571	endpoint
P_AQ.42	0.0	0.1303389903277728	0.08173850641575756	1.082113803260635	0.4973343450892965	0.452507854807182	0.5026656549107035	0.5474921451928181	0.7142857142857143	endpoint
P_AQ.420	0.0	0.2670746912351803	0.6874178894680743	1.264589530696193	0.4176724424106264	0.3290634401327091	0.5823275575893736	0.670936559867291	0.7142857142857143	baseline
P_AQ.421	0.0	0.06474281831680419	0.24739396696059185	1.1276557328980918	0.4295621869127772	0.4239839023979465	0.5704378130872227	0.5760160976020535	0.5714285714285714	baseline
P_AQ.422	0.0	0.4651974332329617	0.6777919275394958	1.5899448467883477	0.2789214045889275	0.2806363021255678	0.7210785954110726	0.7193636978744322	0.7142857142857143	baseline
P_AQ.423	0.0	0.32381009916730263	1.1749642206576063	1.7130472362793794	0.30354851852855225	0.1766094106863139	0.6964514814714478	0.8233905893136861	0.5714285714285714	baseline
P_AQ.424	0.14285714285714285	0.4557644928927781	1.202639273019146	2.131615338739826	0.6078253569429185	0.8014567487600937	0.6078253569429185	0.8014567487600937	0.5714285714285714	endpoint
P_AQ.425	0.0	0.07369411346442267	0.20585533143845486	1.108778371571608	0.48851307001288097	0.4982050973706651	0.511486929987119	0.5017949026293349	0.5714285714285714	endpoint
P_AQ.426	0.0	0.26684730410579893	0.273027872208497	1.1333793223463047	0.38587723050884154	0.43513176209679444	0.6141227694911584	0.5648682379032055	0.8571428571428571	baseline
P_AQ.427	0.0	0.1319136901411511	0.45112288284846996	1.6044097347755262	0.42300009927939763	0.357247363295359	0.5769999007206024	0.642752636704641	0.7142857142857143	baseline
P_AQ.428	0.0	0.723758942417983	0.9946605436241194	1.678849648926713	0.6689514068569354	0.6257047114979225	0.6689514068569354	0.6257047114979225	0.8571428571428571	endpoint
P_AQ.429	0.0	0.4292921969374685	0.824590042432705	1.551637477639637	0.32249787418625714	0.2527202780225961	0.6775021258137428	0.7472797219774039	0.7142857142857143	baseline
P_AQ.43	0.14285714285714285	0.8937094887702831	1.0095699729201066	2.0749627401427273	0.22309245385256368	0.1152757615765884	0.7769075461474363	0.8847242384234116	0.8571428571428571	baseline
P_AQ.430	0.0	0.8493808717893235	1.0007046100026364	1.3253647521756187	0.22167025345500005	0.22357924411577548	0.778329746545	0.7764207558842245	0.8571428571428571	baseline
P_AQ.431	0.0	0.6468319291624663	0.9214556850820602	1.5825618893661402	0.2726970385693654	0.18718163210351416	0.7273029614306346	0.8128183678964859	0.8571428571428571	baseline
P_AQ.432	0.0	0.3545418010768571	0.7118501895717559	1.605456718267261	0.5635008478616151	0.5350613398400371	0.5635008478616151	0.5350613398400371	0.5714285714285714	endpoint
P_AQ.433	0.0	0.16489736867868268	0.3144275139868439	1.2687521219624902	0.5082469785923645	0.47429698682908106	0.5082469785923645	0.5257030131709189	0.5714285714285714	endpoint
P_AQ.434	0.0	0.6980296757707513	1.0564924091377215	1.5770663498492716	0.2958654466351679	0.1506971573218542	0.7041345533648321	0.8493028426781458	0.8571428571428571	baseline
P_AQ.435	0.0	1.0151224876400298	1.006831887984652	1.3274467661214697	0.17250752064796301	0.1609804035741526	0.827492479352037	0.8390195964258473	1.0	baseline
P_AQ.436	0.0	0.9445701992559058	1.1016782742466809	1.8326104402695118	0.2367152691829367	0.10498365447979172	0.7632847308170633	0.8950163455202083	0.8571428571428571	baseline
P_AQ.437	0.0	0.4141701388886245	0.46014211541776645	1.4950874271161063	0.3742075333538972	0.3780905962282462	0.6257924666461028	0.6219094037717539	0.7142857142857143	baseline
P_AQ.438	0.0	0.08064644937944654	0.4375569740569454	1.5635916292605088	0.4784295471322358	0.37223339087337165	0.5215704528677643	0.6277666091266283	0.7142857142857143	baseline
P_AQ.439	0.0	0.3396514933295536	0.5709660546905061	1.5927961778540365	0.5662807861778152	0.6055249428851487	0.5662807861778152	0.6055249428851487	0.7142857142857143	endpoint
P_AQ.44	0.0	0.8260496031652097	0.8072475814478868	1.6345334059926062	0.2301464563180666	0.22861337806772755	0.7698535436819334	0.7713866219322725	1.0	baseline
P_AQ.440	0.0	0.1232899133404287	0.31092130481025804	1.3128760655881961	0.41776179924953827	0.3979972903318742	0.5822382007504617	0.6020027096681257	0.7142857142857143	baseline
P_AQ.441	0.0	0.1074573528561047	0.46044919527820377	1.3511556869854096	0.43812176167070843	0.3780243540063712	0.5618782383292915	0.6219756459936288	0.7142857142857143	baseline
P_AQ.442	0.0	0.4370089444153093	0.7777483225563234	1.2695424617903353	0.5953848207176687	0.571251167071278	0.5953848207176687	0.571251167071278	0.7142857142857143	endpoint
P_AQ.443	0.0	0.07437020429581374	0.4787199674534572	1.5044590826658828	0.46611444614603637	0.3190654680637894	0.5338855538539636	0.6809345319362106	0.5714285714285714	endpoint
P_AQ.444	0.0	0.20277132624263422	0.3990634238404387	1.9544255722764974	0.5054492761657186	0.5753680022654023	0.5054492761657186	0.5753680022654023	0.5714285714285714	endpoint
P_AQ.445	0.0	0.5626582681604599	1.1148281656594579	1.5164046614285702	0.28306926817283046	0.17806421721560367	0.7169307318271696	0.8219357827843963	0.7142857142857143	baseline
P_AQ.446	0.0	0.21870983136140376	0.6732339561130136	1.4341044538231873	0.42838454323641584	0.2753723362559167	0.5716154567635842	0.7246276637440833	0.7142857142857143	baseline
P_AQ.447	0.0	0.43178928603203814	0.5728402386864465	1.5158137492852763	0.6111104374734447	0.6591996801251228	0.6111104374734447	0.6591996801251228	0.7142857142857143	endpoint
P_AQ.448	0.14285714285714285	0.8486505769534506	0.47628963781172967	2.1251220104850894	0.68932873221827	0.6105901599707237	0.68932873221827	0.6105901599707237	1.0	endpoint
P_AQ.449	0.0	0.5202703051716447	0.911684046489296	1.4309486925696355	0.3028285270986288	0.10681763477781012	0.6971714729013712	0.8931823652221899	0.7142857142857143	baseline
P_AQ.45	0.0	0.9073098530056699	1.3091207434500383	1.580576915477914	0.7267161396803029	0.7679075191159054	0.7267161396803029	0.7679075191159054	0.7142857142857143	endpoint
P_AQ.450	0.0	0.5402834805789717	0.6850118176857712	1.1859926909777627	0.27839969610176873	0.2622739836620345	0.7216003038982313	0.7377260163379655	0.8571428571428571	baseline
P_AQ.451	0.0	0.2319848076124972	0.29257442098134084	1.283773230888782	0.5548537852644044	0.551251498908068	0.5548537852644044	0.551251498908068	0.7142857142857143	endpoint
P_AQ.452	0.0	0.6789725308755411	1.0332587592567744	1.7209049130299656	0.6509785855372304	0.764557158277717	0.6509785855372304	0.764557158277717	0.7142857142857143	endpoint
P_AQ.453	0.0	1.0409105044119114	1.0781532419507664	1.4809912458928247	0.78228985194392	0.7574542278249242	0.78228985194392	0.7574542278249242	1.0	endpoint
P_AQ.454	0.0	1.0055785276495808	1.1514450818529771	1.9220636850532153	0.198099329296035	0.06272985312465151	0.801900670703965	0.9372701468753485	0.8571428571428571	baseline
P_AQ.455	0.0	0.0643507616218111	0.44642285123591624	1.5196583557720962	0.4594432924995915	0.2799383665982213	0.5405567075004085	0.7200616334017786	0.5714285714285714	baseline
P_AQ.456	0.0	0.2714312136431141	0.2506247340938158	1.6743344664338078	0.5857583753772468	0.5265492492484086	0.5857583753772468	0.5265492492484086	0.5714285714285714	endpoint
P_AQ.457	0.0	0.20333710850543105	0.14857325759652726	1.4454483143038228	0.5642169897697796	0.5220876228165099	0.5642169897697796	0.5220876228165099	0.5714285714285714	endpoint
P_AQ.458	0.0	0.3828627102403071	0.6560966302386103	1.2953224038668423	0.3358207792231342	0.25356944035697765	0.6641792207768658	0.7464305596430223	0.7142857142857143	baseline
P_AQ.459	0.0	0.04933439845935518	0.21105054784566535	1.3242836530576738	0.4713330961366609	0.36758567972022305	0.5286669038633391	0.632414320279777	0.5714285714285714	baseline
P_AQ.46	0.0	0.03434017252607948	0.053173989519518204	1.6907905255198719	0.5061580631571269	0.4442463068458674	0.5061580631571269	0.5557536931541326	0.7142857142857143	endpoint
P_AQ.460	0.0	0.0721282649119649	0.7239974999251614	1.5944127306578875	0.5126932038471789	0.699802873201719	0.5126932038471789	0.699802873201719	0.5714285714285714	endpoint
P_AQ.461	0.0	0.48617806101189265	1.0771147471087914	1.366258180150846	0.29319654005430323	0.21105264122019773	0.7068034599456967	0.7889473587798023	0.8571428571428571	baseline
P_AQ.462	0.0	0.22023286605485487	0.04130258877755268	1.2946676238629515	0.37603919024686866	0.4828044194765845	0.6239608097531313	0.5171955805234155	0.5714285714285714	baseline
P_AQ.463	0.0	0.14513039901796146	0.3111769076546876	1.2944933029574337	0.39018060861626874	0.49145695866947325	0.6098193913837313	0.5085430413305267	0.5714285714285714	baseline
P_AQ.464	0.0	0.7544181574606101	1.0739763755610212	1.533067717284097	0.7268505642536178	0.8519918243270737	0.7268505642536178	0.8519918243270737	0.7142857142857143	endpoint
P_AQ.465	0.0	0.26977817024402734	0.46079731274942154	1.4603985796234966	0.41183014984575733	0.27458972088667183	0.5881698501542427	0.7254102791133281	0.7142857142857143	baseline
P_AQ.466	0.0	0.36806036621487515	0.5753696915167567	1.6528122432079604	0.5640845637983553	0.6068908588219801	0.5640845637983553	0.6068908588219801	0.5714285714285714	endpoint
P_AQ.467	0.0	0.936187701313136	0.7695337677557236	1.5661314546610834	0.7633656036798188	0.8610769919470499	0.7633656036798188	0.8610769919470499	0.8571428571428571	endpoint
P_AQ.468	0.0	0.5989041538149006	0.7797303422002452	1.3370736220545072	0.3248435806647615	0.2510702064137106	0.6751564193352385	0.7489297935862894	0.8571428571428571	baseline
P_AQ.469	0.0	0.3520690360053692	0.04264148917472801	1.618271835035713	0.5911145850657279	0.5134042192052344	0.5911145850657279	0.5134042192052344	0.5714285714285714	endpoint
P_AQ.47	0.0	1.1175017776993939	1.1124594612594423	1.6436967621020417	0.15791193165641898	0.0894575775347794	0.842088068343581	0.9105424224652205	1.0	baseline
P_AQ.470	0.0	1.0328553384951487	1.084836841801057	1.6308827810422248	0.7758777736748366	0.8207341448532192	0.7758777736748366	0.8207341448532192	0.8571428571428571	endpoint
P_AQ.471	0.0	0.3589259424079522	0.19958782938684988	1.4661699999338047	0.5866759819574155	0.45673845390332213	0.5866759819574155	0.5432615460966779	0.5714285714285714	endpoint
P_AQ.472	0.0	0.391757015763237	0.5788465090453968	1.6770900944951799	0.5505591366067395	0.6702555063497645	0.5505591366067395	0.6702555063497645	0.7142857142857143	endpoint
P_AQ.473	0.14285714285714285	0.9147295019692646	0.7060991497213802	2.2507847049115823	0.7032327593656966	0.7087844734311602	0.7032327593656966	0.7087844734311602	0.8571428571428571	endpoint
P_AQ.474	0.0	0.09663080741809622	0.8649078571532808	1.8818807611354424	0.4273591534040016	0.2857499345885655	0.5726408465959985	0.7142500654114345	0.5714285714285714	baseline
P_AQ.475	0.14285714285714285	0.7775623435763176	0.7778482396442201	2.5609081267718494	0.6454419451685369	0.7203545917302419	0.6454419451685369	0.7203545917302419	0.7142857142857143	endpoint
P_AQ.476	0.0	0.37842337522972996	0.8891461556835872	1.3060198543321428	0.5836568168430815	0.7304192926729967	0.5836568168430815	0.7304192926729967	0.5714285714285714	endpoint
P_AQ.477	0.0	0.23767522609939323	0.03727973470742847	1.308373990591218	0.582357449619422	0.49203188029290534	0.582357449619422	0.5079681197070947	0.5714285714285714	endpoint
P_AQ.478	0.0	0.9197765587497461	1.1478455853664802	1.360260718256085	0.7466470408069272	0.783016182292639	0.7466470408069272	0.783016182292639	0.8571428571428571	endpoint
P_AQ.479	0.0	0.3232905853302574	0.49532788797573685	1.6211178141391196	0.4163742736297901	0.35048859309571934	0.5836257263702098	0.6495114069042807	0.7142857142857143	baseline
P_AQ.48	0.0	0.361876161478234	0.7904242761985586	1.6764363333040089	0.6210815297654056	0.7040793835394065	0.6210815297654056	0.7040793835394065	0.5714285714285714	endpoint
P_AQ.480	0.0	0.4753533118142119	0.8852935619430111	1.6706819575096654	0.35333086088981824	0.2428832798760641	0.6466691391101818	0.7571167201239359	0.7142857142857143	baseline
P_AQ.481	0.0	1.0715312957688015	1.2481191761444974	1.5583097902104368	0.763063680859645	0.7465909053498355	0.763063680859645	0.7465909053498355	0.8571428571428571	endpoint
P_AQ.482	0.0	0.14651094889519628	0.09852627490611597	1.4370514671763188	0.5259391308460762	0.5615175334339303	0.5259391308460762	0.5615175334339303	0.5714285714285714	endpoint
P_AQ.483	0.0	0.3440745132174709	0.696117261966878	1.4971655503979913	0.41343277863217626	0.24597855585736067	0.5865672213678237	0.7540214441426394	0.5714285714285714	baseline
P_AQ.484	0.0	0.49875687510753597	0.49117113008774343	1.2427200171785986	0.621298759614452	0.6056605315913106	0.621298759614452	0.6056605315913106	0.7142857142857143	endpoint
P_AQ.485	0.0	0.6119517631183362	0.5992338122511867	1.6004539701773615	0.3221647754620936	0.2429735379091462	0.6778352245379065	0.7570264620908538	0.8571428571428571	baseline
P_AQ.486	0.0	0.2396839875239834	0.3188700604811578	1.4563630407700054	0.5648071654294592	0.4749762345923114	0.5648071654294592	0.5250237654076886	0.5714285714285714	endpoint
P_AQ.487	0.0	0.0166130474025127	0.00044625216695969754	1.1367608694416542	0.4913934916666631	0.4439766228737092	0.5086065083333369	0.5560233771262908	0.5714285714285714	baseline
P_AQ.488	0.0	0.6465731597437454	0.77267894030923	1.335459677226444	0.2728252205672516	0.27329579611558374	0.7271747794327483	0.7267042038844163	0.7142857142857143	baseline
P_AQ.489	0.0	0.0036602584122261378	0.21170622215440568	1.2069455139840934	0.4698448872570594	0.466837136763263	0.5301551127429406	0.533162863236737	0.5714285714285714	baseline
P_AQ.49	0.0	0.7881560768563148	1.0665361821247317	1.2813687517994024	0.6947285020012842	0.707420440176845	0.6947285020012842	0.707420440176845	0.8571428571428571	endpoint
P_AQ.490	0.14285714285714285	0.8733386905802359	1.1125609781600339	2.218265451172484	0.7032880369736558	0.7653862668268492	0.7032880369736558	0.7653862668268492	0.5714285714285714	endpoint
P_AQ.491	0.0	0.25906315235115396	0.1492744658259464	1.2935127663593746	0.391378824013864	0.43579899201799344	0.608621175986136	0.5642010079820066	0.7142857142857143	baseline
P_AQ.492	0.0	0.8895172954723404	0.7425654822779565	1.7378833161098368	0.7211113316220434	0.6453088818880531	0.7211113316220434	0.6453088818880531	0.8571428571428571	endpoint
P_AQ.493	0.0	0.0737878228292288	0.1984798646148773	1.633232874217471	0.43934186825579236	0.5043609302691189	0.5606581317442076	0.5043609302691189	0.5714285714285714	baseline
P_AQ.494	0.0	0.44078380303573983	0.6249941483517504	0.7953448678957888	0.3511591401951044	0.31657051503623396	0.6488408598048956	0.6834294849637661	0.8571428571428571	baseline
P_AQ.495	0.0	0.1193236069382726	0.12763544769076363	1.134988380422075	0.451305545462459	0.48610033659028873	0.548694454537541	0.5138996634097113	0.5714285714285714	baseline
P_AQ.496	0.0	0.0019831436138488256	0.3533241114996153	1.3657490511657853	0.4436621223630061	0.36584549252560533	0.5563378776369938	0.6341545074743946	0.7142857142857143	endpoint
P_AQ.497	0.0	1.2490974899147331	1.3699544035921751	1.775459774824889	0.8082971702940185	0.8533543988933626	0.8082971702940185	0.8533543988933626	1.0	endpoint
P_AQ.498	0.0	0.11793943853002783	0.37929100222241546	1.223264333735416	0.5286509485183633	0.5492919808297615	0.5286509485183633	0.5492919808297615	0.5714285714285714	endpoint
P_AQ.499	0.0	0.7997003788277299	1.0735929197152991	1.3823109126581388	0.6716602316292575	0.683918568035848	0.6716602316292575	0.683918568035848	0.8571428571428571	endpoint
P_AQ.5	0.0	0.44818106333612306	0.9594114158944936	1.7939513519447305	0.32242577125410227	0.2407697338783425	0.6775742287458977	0.7592302661216574	0.8571428571428571	baseline
P_AQ.50	0.0	0.2549416021085153	0.4348239435144119	1.0699668606098802	0.36618223349235235	0.3234647928453959	0.6338177665076477	0.676535207154604	0.8571428571428571	baseline
P_AQ.500	0.0	0.3234017740095965	0.16822540478969333	1.3113447646009555	0.5909896951892124	0.5136398980722584	0.5909896951892124	0.5136398980722584	0.5714285714285714	endpoint
P_AQ.501	0.0	0.8458189823986667	1.0663679682625615	1.4180806495535763	0.1946642627733568	0.09765821270065347	0.8053357372266432	0.9023417872993466	1.0	baseline
P_AQ.502	0.0	0.09216236010203602	0.015278425859508366	1.5519320881044079	0.4176899075990233	0.4806466965676793	0.5823100924009768	0.5193533034323208	0.7142857142857143	baseline
P_AQ.503	0.0	0.34303174403316367	0.5311304687554161	1.733594897692766	0.5885586477053957	0.5478400127617086	0.5885586477053957	0.5478400127617086	0.8571428571428571	endpoint
P_AQ.504	0.0	0.23214916779181685	0.5278418282955608	1.6648021342416068	0.511738423497731	0.5921487108250368	0.511738423497731	0.5921487108250368	0.5714285714285714	endpoint
P_AQ.505	0.0	0.1794616859454933	0.035910398558312566	1.2445856101444277	0.5381110482322641	0.45941150133970604	0.5381110482322641	0.540588498660294	0.5714285714285714	endpoint
P_AQ.506	0.0	0.6110085451422007	1.0651980576694626	1.3807784777581793	0.3223805450843821	0.21510670495329495	0.6776194549156179	0.784893295046705	0.7142857142857143	baseline
P_AQ.507	0.14285714285714285	0.533415778382585	0.9476170525691189	2.049146066827787	0.32410440916082806	0.21490065925480575	0.675895590839172	0.7850993407451943	0.8571428571428571	baseline
P_AQ.508	0.0	0.38328790335127455	0.891145059846379	1.707322904613894	0.5656528460051617	0.5624748153655247	0.5656528460051617	0.5624748153655247	0.5714285714285714	endpoint
P_AQ.509	0.0	0.20770561477014063	0.0724622500693649	1.4631946914063811	0.5688016915851295	0.5015332115078839	0.5688016915851295	0.5015332115078839	0.5714285714285714	endpoint
P_AQ.51	0.0	0.34051829735418193	0.011304174585980481	1.3135908041731519	0.5267340873906224	0.4418432589444276	0.5267340873906224	0.5581567410555723	0.5714285714285714	endpoint
P_AQ.510	0.0	0.38582760980507735	0.6460406482521102	1.1805720084645606	0.3535527557017271	0.3206912605989908	0.6464472442982729	0.6793087394010092	0.7142857142857143	baseline
P_AQ.511	0.0	1.0535011587377074	1.16306512956188	1.5701611461740586	0.7675299952790201	0.710266540726204	0.7675299952790201	0.710266540726204	0.8571428571428571	endpoint
P_AQ.512	0.0	0.1860697496965677	0.274927990709533	1.7415534903209273	0.3937006989427627	0.3431463219700156	0.6062993010572373	0.6568536780299844	0.7142857142857143	baseline
P_AQ.513	0.0	0.21402513096863027	0.6955180988675486	1.4575233410880786	0.4491920290854223	0.21489107310495542	0.5508079709145777	0.7851089268950446	0.5714285714285714	baseline
P_AQ.514	0.0	0.40050449547172634	0.16184677599970407	1.5895066276749354	0.5781697718827201	0.5256722469810783	0.5781697718827201	0.5256722469810783	0.5714285714285714	endpoint
P_AQ.515	0.0	0.11120806843113398	0.05321855082273481	1.4396591465041613	0.48715977296380814	0.47622447019293157	0.5128402270361918	0.5237755298070684	0.7142857142857143	endpoint
P_AQ.516	0.0	0.2224699544115847	0.16876774607661332	1.3606655795150204	0.507330740514628	0.5275413125766785	0.507330740514628	0.5275413125766785	0.7142857142857143	endpoint
P_AQ.517	0.0	0.13325781020235475	0.22298678444731163	1.340403653664545	0.4103298262232081	0.35925739656837746	0.5896701737767919	0.6407426034316226	0.7142857142857143	baseline
P_AQ.518	0.0	0.04696752526342315	0.12302511038803507	1.541621804691263	0.49996421556405996	0.40741221319616594	0.50003578443594	0.5925877868038341	0.5714285714285714	endpoint
P_AQ.519	0.0	0.16560842813499668	0.12993194511193026	1.6992053777005076	0.4546950715917873	0.4063561855230257	0.5453049284082128	0.5936438144769742	0.5714285714285714	baseline
P_AQ.52	0.0	0.4286708413541107	0.5458780501085682	1.7038431776271488	0.594647209977834	0.6236526306954987	0.594647209977834	0.6236526306954987	0.5714285714285714	endpoint
P_AQ.520	0.0	0.08074134018163724	0.44261309139230365	1.4950674315380046	0.46672203945566	0.3818718976040301	0.5332779605443401	0.6181281023959699	0.7142857142857143	baseline
P_AQ.521	0.0	0.08112284805805535	0.0916036152925071	1.0697695106120397	0.4548388026152383	0.4122164353440508	0.5451611973847617	0.5877835646559493	0.5714285714285714	baseline
P_AQ.522	0.0	0.5864557988494832	0.9499110734659931	1.6065766008894304	0.6224036285953175	0.6718614643561257	0.6224036285953175	0.6718614643561257	0.7142857142857143	endpoint
P_AQ.523	0.0	0.8577048630227145	0.9588185859968569	1.8539836325496388	0.24431825697582382	0.27051780600714315	0.7556817430241762	0.7294821939928569	0.8571428571428571	baseline
P_AQ.524	0.14285714285714285	0.9065132986269031	0.9319829408824809	2.0548789776350103	0.26299951027306834	0.181369548271063	0.7370004897269317	0.818630451728937	0.8571428571428571	baseline
P_AQ.525	0.0	0.25278704270511315	0.49179039877294234	1.4252181177005325	0.55367053528497	0.6147762695328624	0.55367053528497	0.6147762695328624	0.5714285714285714	endpoint
P_AQ.526	0.0	0.012033902498884095	0.2523070693926296	1.1777390628495759	0.45222480352969185	0.4647990168932567	0.5477751964703081	0.5352009831067432	0.5714285714285714	baseline
P_AQ.527	0.0	0.840019543988802	1.3891610672856256	1.4981498818102925	0.6835351302722685	0.7025904095340364	0.6835351302722685	0.7025904095340364	0.7142857142857143	endpoint
P_AQ.528	0.0	0.13499681577248804	0.4727228979255294	1.6700689746115054	0.5114733971471221	0.6219466543467655	0.5114733971471221	0.6219466543467655	0.5714285714285714	endpoint
P_AQ.529	0.0	0.1549087873970596	0.20973624427142212	1.7415609658040143	0.4623651380528258	0.3787392076400064	0.5376348619471742	0.6212607923599935	0.7142857142857143	baseline
P_AQ.53	0.0	0.0823298873608018	0.3610288289693806	0.9583165763255997	0.48843755983165543	0.490941107110742	0.5115624401683445	0.509058892889258	0.5714285714285714	endpoint
P_AQ.531	0.14285714285714285	0.5943438649757401	1.039386097011548	2.0863095828007654	0.3264135015373036	0.20382211431094252	0.6735864984626965	0.7961778856890575	0.7142857142857143	baseline
P_AQ.532	0.0	0.20106640985857335	0.5427585693137622	1.6494606562136342	0.5002841784006667	0.5376891762094171	0.5002841784006667	0.5376891762094171	0.7142857142857143	endpoint
P_AQ.533	0.0	0.7376105782398962	0.8323052545761278	1.6290216640518458	0.7028704344653068	0.7706623076426617	0.7028704344653068	0.7706623076426617	0.8571428571428571	endpoint
P_AQ.534	0.0	0.42418310444320195	0.46186653842807374	0.993394189449643	0.36929722998245795	0.2808355054002569	0.630702770017542	0.7191644945997431	0.8571428571428571	baseline
P_AQ.535	0.0	0.3130967980418223	0.8696697925730629	1.4213805071862913	0.5510707319165666	0.6649530929602515	0.5510707319165666	0.6649530929602515	0.5714285714285714	endpoint
P_AQ.536	0.0	0.04458568544212855	0.46614347197072836	1.0555142297234659	0.4516481208878501	0.5334256819622624	0.5483518791121499	0.5334256819622624	0.5714285714285714	endpoint
P_AQ.537	0.0	0.34705822280903426	0.2664917649475088	1.3128757034666105	0.39424263974788337	0.3564791503354988	0.6057573602521167	0.6435208496645012	0.7142857142857143	baseline
P_AQ.538	0.0	0.013349949075903431	0.3207992342952491	1.3959512638842688	0.4911079966908259	0.5279284333802382	0.5088920033091742	0.5279284333802382	0.5714285714285714	baseline
P_AQ.539	0.0	0.651846922119631	0.9279401504307963	1.0588349507087307	0.6787762306388931	0.7427234631990237	0.6787762306388931	0.7427234631990237	0.8571428571428571	endpoint
P_AQ.54	0.0	1.4107575859193786	1.4669210305003433	1.8010145076120339	0.868195733844668	0.8658596036245249	0.868195733844668	0.8658596036245249	1.0	endpoint
P_AQ.540	0.0	0.010199491883052787	0.2711229676385256	1.597893966488872	0.43256274956497176	0.36642793644990207	0.5674372504350282	0.6335720635500979	0.5714285714285714	baseline
P_AQ.541	0.0	0.7687060063104008	1.00526567310993	1.7185571759027303	0.27551696774800344	0.12359678472687294	0.7244830322519966	0.876403215273127	0.8571428571428571	baseline
P_AQ.542	0.0	0.11081087581587601	0.308204976782547	1.8204807839365642	0.42869805650615406	0.5438358147068268	0.571301943493846	0.5438358147068268	0.5714285714285714	endpoint
P_AQ.543	0.0	0.5160778079691367	0.7925750867940711	1.3059962356379737	0.5807898714520674	0.6259039170284084	0.5807898714520674	0.6259039170284084	0.7142857142857143	endpoint
P_AQ.544	0.0	0.8030968639492865	0.8574006470139817	1.3720910393288017	0.725046981300714	0.7261066791884986	0.725046981300714	0.7261066791884986	0.8571428571428571	endpoint
P_AQ.545	0.0	0.08164606976604678	0.6110368877552467	1.3903087442914095	0.45694471771147577	0.5285876429261401	0.5430552822885242	0.5285876429261401	0.5714285714285714	endpoint
P_AQ.546	0.0	0.4703152133119462	0.306550209323885	1.641982719627295	0.59611289378949	0.6981057580904848	0.59611289378949	0.6981057580904848	0.5714285714285714	endpoint
P_AQ.547	0.0	0.2979361024245378	0.35087508760910274	1.1845815155797812	0.5898040293961037	0.5766078590466192	0.5898040293961037	0.5766078590466192	0.5714285714285714	endpoint
P_AQ.548	0.0	0.45939932779778214	0.7770941863022968	1.303581949248067	0.37678872447415557	0.2999906260692679	0.6232112755258444	0.700009373930732	0.7142857142857143	baseline
P_AQ.549	0.0	0.2738545845510589	0.479209806020244	1.3729689061170929	0.4199482835893957	0.3634147809623592	0.5800517164106043	0.6365852190376409	0.5714285714285714	baseline
P_AQ.55	0.0	0.058248191384213256	0.042905292835863834	1.2474014658003372	0.4514001098580927	0.4300846838180757	0.5485998901419074	0.5699153161819244	0.5714285714285714	baseline
P_AQ.550	0.0	1.0254636519047244	1.1930252666866783	1.3303793956245222	0.17170121819621703	0.1466068853422474	0.828298781803783	0.8533931146577526	1.0	baseline
P_AQ.551	0.0	0.04381208099774409	0.38058882919297515	1.4125773899012728	0.44098629044394577	0.30443478751410735	0.5590137095560542	0.6955652124858926	0.5714285714285714	baseline
P_AQ.552	0.0	0.102208031308725	0.3132649102976912	1.2043791741374117	0.4394083408029685	0.33125501224112597	0.5605916591970315	0.668744987758874	0.5714285714285714	baseline
P_AQ.553	0.0	0.1466546517576652	0.3329390571326576	1.0906585127014168	0.4186707465574407	0.37531720215246916	0.5813292534425594	0.6246827978475309	0.5714285714285714	baseline
P_AQ.554	0.0	0.7870729746397546	0.805630012951839	1.8225137429509513	0.23463588862137927	0.17916650350289032	0.7653641113786207	0.8208334964971097	0.8571428571428571	baseline
P_AQ.555	0.0	0.7634076235496755	0.9268179607658608	1.3612080751243267	0.22545835184836457	0.1894741082794812	0.7745416481516354	0.8105258917205188	0.8571428571428571	baseline
P_AQ.556	0.0	0.9204123060382953	1.1484678745650283	1.8688674283668874	0.764736701591555	0.8804966046480037	0.764736701591555	0.8804966046480037	0.8571428571428571	endpoint
P_AQ.557	0.0	0.30491506233457244	0.6620421639346526	1.3820540263753336	0.549813898766067	0.5586919028170727	0.549813898766067	0.5586919028170727	0.7142857142857143	endpoint
P_AQ.558	0.0	0.2523305937828776	0.6822424097050158	1.1468139062325897	0.5671284764700375	0.5305344275669882	0.5671284764700375	0.5305344275669882	0.5714285714285714	endpoint
P_AQ.559	0.0	1.0338619158445426	1.0839701288805206	1.3888583204769522	0.16356309793342613	0.13699562230287585	0.8364369020665738	0.8630043776971241	1.0	baseline
P_AQ.56	0.0	0.004329098493322192	0.0017833735019483934	1.4554784396284508	0.44418773934770456	0.42594959455963466	0.5558122606522955	0.5740504054403653	0.5714285714285714	baseline
P_AQ.560	0.0	0.8560131307042885	0.8897513126610532	1.482850385857513	0.7388946691987447	0.7956038014452993	0.7388946691987447	0.7956038014452993	0.8571428571428571	endpoint
P_AQ.561	0.0	0.03908858873838881	0.13451771303486468	1.3354254877236944	0.48321011984197104	0.48836378699263727	0.516789880158029	0.5116362130073627	0.5714285714285714	baseline
P_AQ.562	0.0	0.1527708297126046	0.45826674699140657	1.6874790859823088	0.4312035221340808	0.3784951443194802	0.5687964778659191	0.6215048556805198	0.5714285714285714	baseline
P_AQ.563	0.0	0.3356205862480053	0.40660224142896206	1.5413178784907446	0.5930301733338251	0.5739504426531742	0.5930301733338251	0.5739504426531742	0.7142857142857143	endpoint
P_AQ.564	0.0	0.991675093331731	1.2011371101815607	1.5840415795062748	0.1933974174732144	0.1681880142356611	0.8066025825267856	0.8318119857643389	0.8571428571428571	baseline
P_AQ.565	0.0	0.09096528401438765	0.7758411117513219	1.3248112916004513	0.44544249826808857	0.3075992322190294	0.5545575017319114	0.6924007677809706	0.5714285714285714	baseline
P_AQ.566	0.14285714285714285	0.5547779381269492	1.0272449754692683	2.1251111566325314	0.5897668599656838	0.7481408001751498	0.5897668599656838	0.7481408001751498	0.5714285714285714	endpoint
P_AQ.567	0.0	0.73377975854236	1.1240941474124795	1.2786886380723028	0.24542196525829102	0.17733043045948055	0.754578034741709	0.8226695695405195	0.7142857142857143	baseline
P_AQ.568	0.0	0.4531171530565413	0.8882120032810982	1.2357785012681435	0.6067572375687194	0.7213946758990456	0.6067572375687194	0.7213946758990456	0.5714285714285714	endpoint
P_AQ.569	0.0	0.6016905799456821	0.7122961637578067	1.4207445269327228	0.664347858991743	0.536476417546262	0.664347858991743	0.536476417546262	0.7142857142857143	endpoint
P_AQ.57	0.14285714285714285	0.5429911620461103	0.9630587956047469	2.1109325499271634	0.3563281924361044	0.24809369179884808	0.6436718075638956	0.7519063082011519	0.7142857142857143	baseline
P_AQ.570	0.14285714285714285	0.6013994044572908	0.416386667684162	2.0574961850423015	0.6202475472325516	0.5810652983281973	0.6202475472325516	0.5810652983281973	0.7142857142857143	endpoint
P_AQ.571	0.0	0.400148100663778	0.7666473233315257	1.1148475293084432	0.3726367819584558	0.25576649368919363	0.6273632180415443	0.7442335063108063	0.7142857142857143	baseline
P_AQ.572	0.0	0.4853463510666449	0.4666307794301475	1.4739466285744167	0.6305228338797202	0.6079817048418653	0.6305228338797202	0.6079817048418653	0.7142857142857143	endpoint
P_AQ.573	0.0	0.6217983176051931	0.9611215530401852	1.312050199864687	0.29378752440222483	0.13030344697375829	0.7062124755977752	0.8696965530262417	0.8571428571428571	baseline
P_AQ.574	0.0	0.989599693967059	1.282960385744824	1.7541438175627986	0.19380179429883043	0.09895295516619275	0.8061982057011696	0.9010470448338073	0.8571428571428571	baseline
P_AQ.575	0.0	0.1443434797386597	0.41437154780512697	1.7513328371782475	0.5366228730882502	0.5392018909481255	0.5366228730882502	0.5392018909481255	0.7142857142857143	endpoint
P_AQ.576	0.0	0.20734129965713638	0.4878973901593577	1.6099903696118858	0.3880148462552714	0.3516246867816095	0.6119851537447286	0.6483753132183905	0.8571428571428571	baseline
P_AQ.577	0.0	0.06834418646053297	0.026767395803460447	1.1557682801691658	0.4767688897264794	0.4557845254821763	0.5232311102735205	0.5442154745178237	0.7142857142857143	endpoint
P_AQ.578	0.0	0.41151548591507525	0.43845260988101414	1.2060958785116447	0.3155349207661709	0.2999243934070186	0.6844650792338292	0.7000756065929814	0.7142857142857143	baseline
P_AQ.579	0.14285714285714285	0.30048028783150993	0.44679452641866246	2.160866498658358	0.49237938017741	0.6257896087673162	0.50762061982259	0.6257896087673162	0.7142857142857143	endpoint
P_AQ.58	0.0	0.7886187669426628	0.9598915068296959	1.6641183181252703	0.24178779849262672	0.27945865578642276	0.7582122015073733	0.7205413442135773	1.0	baseline
P_AQ.580	0.0	0.48175966329904796	0.6964681613249736	1.0888615778832116	0.34622632086956	0.22915999213635077	0.65377367913044	0.7708400078636493	0.7142857142857143	baseline
P_AQ.581	0.0	0.11885439891693717	0.3218694440032944	1.38311355360228	0.45669246356234805	0.4493467414437648	0.543307536437652	0.5506532585562351	0.8571428571428571	baseline
P_AQ.582	0.0	0.896497989784038	1.107901283960444	1.46477192043639	0.7314557753166884	0.6301016678498322	0.7314557753166884	0.6301016678498322	1.0	endpoint
P_AQ.583	0.0	0.018241789377496525	0.6750178483451778	1.5250504706163457	0.4582391231039762	0.5294298207496434	0.5417608768960238	0.5294298207496434	0.5714285714285714	endpoint
P_AQ.584	0.0	0.9640479650747535	0.9576559196524297	1.5516386097118757	0.18020187709929045	0.12916798085310716	0.8197981229007095	0.8708320191468928	1.0	baseline
P_AQ.585	0.0	0.6247517118099558	0.5819563899825402	1.4783457925978825	0.25146766518742414	0.2527286413444014	0.7485323348125759	0.7472713586555986	0.8571428571428571	baseline
P_AQ.586	0.14285714285714285	0.4007564557502365	0.04060089784429123	2.1309597928741653	0.5444442718557587	0.5759078025918134	0.5444442718557587	0.5759078025918134	0.5714285714285714	endpoint
P_AQ.587	0.0	0.017710745700052963	0.2191835503388764	1.2588633223934298	0.4352112032695456	0.5473353606012936	0.5647887967304543	0.5473353606012936	0.5714285714285714	baseline
P_AQ.588	0.0	0.12180298545017011	0.08890464480040353	1.776748488246292	0.4797533440742674	0.4559995873028738	0.5202466559257326	0.5440004126971262	0.5714285714285714	endpoint
P_AQ.589	0.0	0.14172051008420347	0.009099484875278759	1.031760954954332	0.5109516399486688	0.4471160400959015	0.5109516399486688	0.5528839599040984	0.5714285714285714	endpoint
P_AQ.59	0.0	0.9781576546013461	1.1408545626788753	1.751040791005441	0.7655526699064131	0.8330869156062656	0.7655526699064131	0.8330869156062656	1.0	endpoint
P_AQ.590	0.0	0.7609336170709141	0.7809527092713623	1.1532554124608432	0.2603320586871397	0.27924940387113506	0.7396679413128603	0.7207505961288649	1.0	baseline
P_AQ.591	0.0	0.5941142588839313	0.5812781029622751	1.3579971063594942	0.6377682709110453	0.676762490338116	0.6377682709110453	0.676762490338116	0.7142857142857143	endpoint
P_AQ.592	0.0	0.23327463305548596	0.25970584630425964	1.600122752273978	0.376173089061008	0.49878237741355164	0.623826910938992	0.5012176225864484	0.5714285714285714	baseline
P_AQ.593	0.0	0.6237570015014384	0.8212390153175543	1.2237019879799844	0.6418058017770989	0.7413237126604347	0.6418058017770989	0.7413237126604347	0.8571428571428571	endpoint
P_AQ.594	0.0	0.44377393972862206	0.6946376474496452	1.5634437106651233	0.6093375824922104	0.6271957546052933	0.6093375824922104	0.6271957546052933	0.7142857142857143	endpoint
P_AQ.595	0.0	0.05225078018515291	0.40813961639503843	1.2469427527960322	0.4675361631712748	0.39163103079180367	0.5324638368287252	0.6083689692081964	0.7142857142857143	baseline
P_AQ.596	0.0	0.7676796381735536	0.7225234739056317	1.416660491842988	0.250070966401175	0.3157512878685909	0.749929033598825	0.6842487121314091	0.8571428571428571	baseline
P_AQ.597	0.0	0.03991304368197016	0.06624383077751819	1.5081602739616105	0.44950320285547724	0.463060992952303	0.5504967971445227	0.5369390070476969	0.5714285714285714	baseline
P_AQ.598	0.0	0.1475518366461071	0.4106873854050652	1.5092659729491074	0.492805923676782	0.6438416887614669	0.507194076323218	0.6438416887614669	0.5714285714285714	endpoint
P_AQ.599	0.0	1.0933893773561534	1.435311262575508	1.7737527187692277	0.7854517356664875	0.9544723677365753	0.7854517356664875	0.9544723677365753	0.8571428571428571	endpoint
P_AQ.6	0.14285714285714285	0.8379819882044242	1.1067867276170735	2.1451393647990606	0.6696892233674735	0.7542055778534165	0.6696892233674735	0.7542055778534165	0.8571428571428571	endpoint
P_AQ.60	0.0	0.022742602184483634	0.09642042831319382	0.9335828471285927	0.4589211593677491	0.45988300725606984	0.5410788406322509	0.5401169927439302	0.7142857142857143	endpoint
P_AQ.600	0.0	0.31350550185038895	0.4470072870618745	1.5120475334164447	0.4041637437775713	0.3612461377270443	0.5958362562224286	0.6387538622729557	0.7142857142857143	baseline
P_AQ.601	0.0	0.22060772744619705	0.45662501741396677	1.3401786515868765	0.41146742110254786	0.3788492926337743	0.5885325788974521	0.6211507073662257	0.5714285714285714	baseline
P_AQ.602	0.0	0.2148674387308898	0.02963340755480161	1.4134972251466829	0.5144087558647217	0.5182335457370928	0.5144087558647217	0.5182335457370928	0.5714285714285714	endpoint
P_AQ.603	0.0	0.5102937922571904	1.1378219738718147	1.7960225845952364	0.34659903920990753	0.15161752568985581	0.6534009607900925	0.8483824743101442	0.7142857142857143	baseline
P_AQ.604	0.0	0.556525103047622	0.7722248064715366	1.4933513055473036	0.5853005041969216	0.6545497651537263	0.5853005041969216	0.6545497651537263	0.8571428571428571	endpoint
P_AQ.605	0.0	0.06613387713457718	0.2162888220313327	1.1546076350655061	0.442099786003521	0.3729899742664733	0.557900213996479	0.6270100257335267	0.5714285714285714	baseline
P_AQ.606	0.0	0.34450607254322196	0.6947993046540787	1.0779260341963295	0.36625262753078147	0.3314706896944992	0.6337473724692185	0.6685293103055008	0.7142857142857143	baseline
P_AQ.607	0.0	0.1725105592050596	0.10719977572329481	1.2431348772801019	0.42206244918558566	0.4098318441864448	0.5779375508144143	0.5901681558135552	0.7142857142857143	baseline
P_AQ.608	0.0	0.5991825152437503	0.419658887986898	1.0256836008358925	0.6530015782472745	0.6959425770393308	0.6530015782472745	0.6959425770393308	0.8571428571428571	endpoint
P_AQ.609	0.0	0.7733550445295789	1.1798127515613324	1.88421216020851	0.6906447581053224	0.8396860095816107	0.6906447581053224	0.8396860095816107	0.7142857142857143	endpoint
P_AQ.61	0.0	0.7663277050499265	1.1384602649251387	1.5799234170994698	0.7250086761805278	0.8029607402964706	0.7250086761805278	0.8029607402964706	0.7142857142857143	endpoint
P_AQ.610	0.0	0.08182511027010919	0.18596376388700545	1.1800861268192733	0.45528566609508875	0.5174663564969478	0.5447143339049112	0.5174663564969478	0.5714285714285714	baseline
P_AQ.611	0.0	0.9192428749455713	1.0443342323790628	1.7981597590846403	0.7307258847174924	0.7875856948689548	0.7307258847174924	0.7875856948689548	0.8571428571428571	endpoint
P_AQ.612	0.0	0.45191108633766147	0.6864691707763201	1.1423101787580867	0.3444754497709625	0.21835631131777622	0.6555245502290374	0.7816436886822238	0.8571428571428571	baseline
P_AQ.613	0.0	0.021443801702492698	0.3229752351316835	1.1518302204418747	0.47042990888476527	0.38601005487554124	0.5295700911152348	0.6139899451244588	0.7142857142857143	baseline
P_AQ.614	0.0	0.07776501553090394	0.16396998394075665	1.3311268417595217	0.45639939979579	0.45129262640746837	0.54360060020421	0.5487073735925316	0.5714285714285714	baseline
P_AQ.615	0.0	0.6332693995693291	0.8199411567597669	1.9770876581071308	0.6817736139221242	0.8788205040693842	0.6817736139221242	0.8788205040693842	0.7142857142857143	endpoint
P_AQ.616	0.0	0.17226347585226162	0.42636438600185655	1.1954687858593362	0.5291836870878467	0.5693247601263648	0.5291836870878467	0.5693247601263648	0.5714285714285714	endpoint
P_AQ.617	0.0	1.1109328887487786	1.209834840053432	1.3931394109454887	0.15264687439341756	0.1510953972066985	0.8473531256065825	0.8489046027933015	1.0	baseline
P_AQ.618	0.0	0.059936859077447426	0.5074246140896256	1.261540679019681	0.5220863853464784	0.5858157184893966	0.5220863853464784	0.5858157184893966	0.5714285714285714	endpoint
P_AQ.619	0.0	0.17388522335814466	0.5290875780857398	1.3190187475031654	0.4401666180248666	0.34969701819237237	0.5598333819751333	0.6503029818076276	0.7142857142857143	baseline
P_AQ.62	0.0	0.009905594686879222	0.13603898182527163	1.517143771011286	0.4538892285323465	0.3929611061222233	0.5461107714676535	0.6070388938777767	0.5714285714285714	baseline
P_AQ.620	0.0	0.16644129920735848	0.23444984091047127	1.1683621797675992	0.5278605828322327	0.46206871738608796	0.5278605828322327	0.537931282613912	0.5714285714285714	endpoint
P_AQ.621	0.0	1.1933646084694192	1.427496869918906	1.674682704410857	0.7908128539465957	0.8381298360316187	0.7908128539465957	0.8381298360316187	0.8571428571428571	endpoint
P_AQ.622	0.0	0.06697708812496568	0.31873644315871047	1.478858577438776	0.49549266230100836	0.3791841502721881	0.5045073376989917	0.6208158497278119	0.5714285714285714	endpoint
P_AQ.623	0.0	0.0532011960802876	0.34057415174662764	1.317688815121396	0.45461180647340804	0.38835250750207745	0.545388193526592	0.6116474924979225	0.5714285714285714	baseline
P_AQ.624	0.0	0.7810233309175721	1.1534598154037483	1.7342143448259661	0.2837543914876676	0.15336451805062634	0.7162456085123323	0.8466354819493737	0.7142857142857143	baseline
P_AQ.625	0.0	0.7001428638432738	0.9388976610936807	1.2796402958350765	0.2759739293076096	0.21271154493570077	0.7240260706923904	0.7872884550642992	0.7142857142857143	baseline
P_AQ.626	0.0	0.4310747881812479	0.14483756319528523	1.6298287488655159	0.328738397108912	0.3964889782244333	0.671261602891088	0.6035110217755667	0.7142857142857143	baseline
P_AQ.627	0.0	0.2773677853014106	0.38719966803181	1.4542206008763998	0.5790842061254603	0.5608762805232104	0.5790842061254603	0.5608762805232104	0.5714285714285714	endpoint
P_AQ.628	0.0	0.4348493291645676	0.4748764003748436	1.1126749913003136	0.3366371672321827	0.32079104674399367	0.6633628327678174	0.6792089532560064	0.8571428571428571	baseline
P_AQ.629	0.0	0.5582458465868831	0.7259128434359673	1.3387332503234806	0.28772768622977096	0.285925369966502	0.712272313770229	0.714074630033498	0.7142857142857143	baseline
P_AQ.63	0.0	0.7498804120007632	1.1271112864972357	1.444257093173693	0.260528817841019	0.16580066417540895	0.739471182158981	0.834199335824591	0.8571428571428571	baseline
P_AQ.630	0.0	0.5598658283281827	0.6810437820988836	1.643907984568682	0.6581921513171567	0.8299283217970966	0.6581921513171567	0.8299283217970966	0.5714285714285714	endpoint
P_AQ.631	0.0	0.3932005986527724	0.175735804957793	1.4626711760078377	0.6025738425401732	0.5380156367116121	0.6025738425401732	0.5380156367116121	0.8571428571428571	endpoint
P_AQ.632	0.0	0.008536104939950162	0.3439895331881627	1.6626239686760365	0.4641091399350952	0.32251775471610805	0.5358908600649048	0.677482245283892	0.5714285714285714	baseline
P_AQ.633	0.0	0.38960321889807054	0.4685701194072528	1.5760846552384085	0.5565613970135218	0.6204014318706452	0.5565613970135218	0.6204014318706452	0.7142857142857143	endpoint
P_AQ.634	0.0	0.35412156815037843	0.543859164531445	1.233501272882657	0.5505170903872137	0.5266094526018923	0.5505170903872137	0.5266094526018923	0.7142857142857143	endpoint
P_AQ.635	0.0	0.02719193689613115	0.42049658846912463	1.5827737947433698	0.5127084172222023	0.44218368148560816	0.5127084172222023	0.5578163185143918	0.5714285714285714	endpoint
P_AQ.636	0.0	0.5050520460274532	0.836385286573024	1.1552212384810465	0.29326426311465353	0.2048264452808237	0.7067357368853464	0.7951735547191763	0.7142857142857143	baseline
P_AQ.637	0.0	0.07184407216342628	0.036050593640267074	1.2174506885060419	0.4668463437481072	0.5279131087992164	0.5331536562518928	0.5279131087992164	0.5714285714285714	baseline
P_AQ.638	0.0	0.1534896628757437	0.5250184602783484	1.6714083169758662	0.4714407262180171	0.538166815233894	0.5285592737819829	0.538166815233894	0.5714285714285714	endpoint
P_AQ.639	0.0	0.10983498324667562	0.16421024634885256	1.526167785886259	0.542688044106672	0.5071510587507844	0.542688044106672	0.5071510587507844	0.5714285714285714	endpoint
P_AQ.64	0.0	1.1457135965795986	1.391203321386436	1.669953140321728	0.8034066880156644	0.9081272213201523	0.8034066880156644	0.9081272213201523	0.8571428571428571	endpoint
P_AQ.640	0.0	0.2756965177197269	0.18440522984779448	1.376794256798821	0.3741033193400285	0.3980274360411679	0.6258966806599715	0.601972563958832	0.5714285714285714	baseline
P_AQ.641	0.0	0.35725963107567427	0.42940756553835707	1.5738971054482063	0.3791683756258869	0.38472054867592914	0.6208316243741131	0.6152794513240709	0.7142857142857143	baseline
P_AQ.642	0.0	0.057928950393344954	0.6002390490434303	1.5940294107430415	0.4868675702573461	0.2760108061392263	0.5131324297426538	0.7239891938607736	0.5714285714285714	baseline
P_AQ.643	0.0	1.048791973316716	1.2906387581796177	1.5623828828184327	0.18399930952723484	0.18924558649013407	0.8160006904727651	0.8107544135098659	1.0	baseline
P_AQ.645	0.0	1.0949059265678298	1.0074345830536946	1.5375397128288626	0.7892689806624473	0.8540745564174769	0.7892689806624473	0.8540745564174769	1.0	endpoint
P_AQ.646	0.0	0.34549447948960565	0.39522179178680494	1.4836036630277742	0.5768251593330156	0.5628376005642041	0.5768251593330156	0.5628376005642041	0.5714285714285714	endpoint
P_AQ.647	0.0	0.048153180908403925	0.013501106381573286	1.1606618904758506	0.47983734516296955	0.4396831215994528	0.5201626548370304	0.5603168784005472	0.5714285714285714	baseline
P_AQ.648	0.0	0.14784360503190608	0.4609916295023443	1.457557629081054	0.5459961940221388	0.6527449304785156	0.5459961940221388	0.6527449304785156	0.5714285714285714	endpoint
P_AQ.649	0.0	0.31355756015057523	0.5173817093825764	1.2036937746718348	0.38934923516041	0.2829432762672812	0.61065076483959	0.7170567237327188	0.7142857142857143	baseline
P_AQ.65	0.14285714285714285	0.5768350254459677	0.946678978976668	2.3107771678608318	0.6914948029588696	0.7570348305777255	0.6914948029588696	0.7570348305777255	0.8571428571428571	endpoint
P_AQ.650	0.0	0.009150360014801382	0.3727892213468275	1.5480380750609557	0.5006330257008952	0.5826390107250057	0.5006330257008952	0.5826390107250057	0.5714285714285714	endpoint
P_AQ.651	0.0	0.8230970518520818	1.3888866194795706	1.7165216425290875	0.7096772531782626	0.8882222541702435	0.7096772531782626	0.8882222541702435	0.7142857142857143	endpoint
P_AQ.652	0.14285714285714285	0.770779390380737	0.6233373606372611	2.0206060516125013	0.278605223548761	0.2971322999119313	0.721394776451239	0.7028677000880688	0.8571428571428571	baseline
P_AQ.653	0.0	0.6431305571715004	0.812979553575605	1.7036660459365955	0.6672058188947133	0.7248561051302246	0.6672058188947133	0.7248561051302246	0.7142857142857143	endpoint
P_AQ.654	0.0	0.622476165332638	1.0366832966263775	1.5458259321085757	0.6613228909793785	0.6291947577024933	0.6613228909793785	0.6291947577024933	0.7142857142857143	endpoint
P_AQ.655	0.0	0.22355620996063097	0.21385575871023488	1.1804524071569498	0.403019883681253	0.4589199637853779	0.5969801163187469	0.5410800362146221	0.5714285714285714	baseline
P_AQ.656	0.0	0.06855510486726538	0.10530089456691316	1.1229889003428402	0.4342730329911539	0.40949186085683764	0.5657269670088461	0.5905081391431624	0.5714285714285714	baseline
P_AQ.657	0.0	0.22060671983682698	0.7405084286878864	1.3720180423183357	0.47832826860382394	0.6108060193731828	0.5216717313961761	0.6108060193731828	0.5714285714285714	endpoint
P_AQ.658	0.0	0.5414565245309649	0.6622761432355644	1.1787118834554646	0.29141039232507004	0.28668651059287403	0.70858960767493	0.713313489407126	1.0	baseline
P_AQ.659	0.0	0.30724206231103085	0.1433566829377772	1.68215991093655	0.6036578181772744	0.5206788433949546	0.6036578181772744	0.5206788433949546	0.5714285714285714	endpoint
P_AQ.66	0.0	0.9069375035983939	1.019275502292762	1.362079458718506	0.1969697284014373	0.11226530958688997	0.8030302715985627	0.88773469041311	0.8571428571428571	baseline
P_AQ.660	0.0	0.37633280877384595	0.8582160200822163	1.5689641548014985	0.37207356220794374	0.27951299581459166	0.6279264377920563	0.7204870041854083	0.7142857142857143	baseline
P_AQ.661	0.0	0.236108173694139	0.4534347558225041	1.2314388738325492	0.5295552711822255	0.6145043917103257	0.5295552711822255	0.6145043917103257	0.7142857142857143	endpoint
P_AQ.662	0.0	0.4159937376239301	0.4188157623382413	1.6406639862206711	0.6265383570215429	0.601888152029307	0.6265383570215429	0.601888152029307	0.5714285714285714	endpoint
P_AQ.663	0.0	0.09571730909029218	0.33114881066835844	1.4588248491373148	0.5546963727751927	0.4059165927017135	0.5546963727751927	0.5940834072982866	0.5714285714285714	endpoint
P_AQ.664	0.0	0.548354051514821	0.5571660969766293	1.2941678053998618	0.648188822235105	0.5975408598330763	0.648188822235105	0.5975408598330763	0.7142857142857143	endpoint
P_AQ.665	0.0	0.7333545772591036	0.9011342996079186	1.3232863323066368	0.2497342286400436	0.26109753957193893	0.7502657713599564	0.7389024604280611	0.8571428571428571	baseline
P_AQ.666	0.0	0.3157479464453505	0.5021062444199245	1.4550544947963866	0.378906258443973	0.3633427766089799	0.6210937415560269	0.6366572233910202	0.8571428571428571	baseline
P_AQ.667	0.0	0.0827727297761276	0.19735506647844756	1.5497075311313953	0.4995793056686289	0.42289201652158726	0.5004206943313712	0.5771079834784127	0.5714285714285714	endpoint
P_AQ.668	0.0	0.43555967368558035	0.8659625313027389	1.8488803325072511	0.3775209160975375	0.2905483979473847	0.6224790839024625	0.7094516020526154	0.7142857142857143	baseline
P_AQ.669	0.0	0.0033869557983034243	0.05513257521550307	1.5329513078963846	0.47857992690245305	0.4622554762615289	0.5214200730975469	0.537744523738471	0.5714285714285714	endpoint
P_AQ.67	0.0	1.2699880293442354	1.2289713165140488	1.878510475113242	0.8436720099954725	0.9144491063293068	0.8436720099954725	0.9144491063293068	1.0	endpoint
P_AQ.670	0.0	0.6562778942609704	1.1966320133975927	1.3608976624558944	0.26634322882871325	0.19960049362665733	0.7336567711712867	0.8003995063733427	0.7142857142857143	baseline
P_AQ.671	0.0	0.9157677676411629	1.1626208385647616	1.682216689372183	0.7784716025602443	0.9467592920242541	0.7784716025602443	0.9467592920242541	0.7142857142857143	endpoint
P_AQ.672	0.0	0.020682435309085517	0.022285429058317513	1.4836645307634224	0.4838835754531273	0.42151075457358544	0.5161164245468727	0.5784892454264146	0.5714285714285714	baseline
P_AQ.673	0.0	0.21697178419593538	0.10399754959559934	1.3735185087620574	0.45756087838413084	0.39616536573297245	0.5424391216158692	0.6038346342670275	0.5714285714285714	baseline
P_AQ.674	0.0	0.004327209197741084	0.30507370948545987	0.9637698115377624	0.4673076269533561	0.37957770344046265	0.532692373046644	0.6204222965595374	0.5714285714285714	endpoint
P_AQ.675	0.0	0.709620446355994	0.6547058047322308	1.779955143645963	0.2884802930644349	0.3051554236622636	0.7115197069355651	0.6948445763377364	0.8571428571428571	baseline
P_AQ.676	0.0	0.45278012869231976	1.0736771657612636	1.6142029538651994	0.28751972257240016	0.1054939509488372	0.7124802774275998	0.8945060490511628	0.7142857142857143	baseline
P_AQ.677	0.0	0.4592877370512363	0.3579253626734999	1.6147234775740191	0.6166408935879871	0.5618384511009799	0.6166408935879871	0.5618384511009799	0.7142857142857143	endpoint
P_AQ.679	0.0	0.5836260108293884	0.9988762754447107	1.416597332047418	0.608857604667647	0.6539302728937191	0.608857604667647	0.6539302728937191	0.7142857142857143	endpoint
P_AQ.68	0.0	0.1460765453094897	0.06110163942082028	1.6659901234715295	0.372529622511703	0.498465184009969	0.627470377488297	0.501534815990031	0.5714285714285714	baseline
P_AQ.680	0.0	0.3331517009848686	1.0905535705167695	1.4704375557772547	0.5506886870816833	0.6171648323290497	0.5506886870816833	0.6171648323290497	0.5714285714285714	endpoint
P_AQ.681	0.0	0.2593537383255154	0.05796994422166087	1.5829055459913226	0.5758436829020169	0.49218721870671417	0.5758436829020169	0.5078127812932858	0.5714285714285714	endpoint
P_AQ.682	0.14285714285714285	0.35103763033277274	0.8497003869651549	2.1414912599430176	0.5420566505995458	0.660645360779094	0.5420566505995458	0.660645360779094	0.5714285714285714	endpoint
P_AQ.683	0.0	0.5370943395598411	0.9253359902029897	1.3152542004318697	0.2955150125631563	0.23683808026094708	0.7044849874368437	0.7631619197390529	0.7142857142857143	baseline
P_AQ.684	0.0	0.6395318532298934	0.8122082080278636	1.9023679832454163	0.32011551514510156	0.299104485677263	0.6798844848548984	0.700895514322737	0.7142857142857143	baseline
P_AQ.685	0.0	0.0601440699101427	0.19385285924916565	1.1409980009640077	0.4768511492042338	0.5144797355466199	0.5231488507957662	0.5144797355466199	0.5714285714285714	endpoint
P_AQ.686	0.0	0.6365814674077424	1.00368737010735	1.2552232169867996	0.3172462463967905	0.22531000241628257	0.6827537536032096	0.7746899975837174	0.8571428571428571	baseline
P_AQ.687	0.0	0.027500393065290087	0.17734814033882806	1.1958686466111832	0.46217262415888943	0.39693944199623293	0.5378273758411105	0.6030605580037671	0.7142857142857143	endpoint
P_AQ.688	0.0	0.008217940158829469	0.48757857022650236	1.3341156628231623	0.5140366636448699	0.6044790047746561	0.5140366636448699	0.6044790047746561	0.5714285714285714	endpoint
P_AQ.689	0.0	0.17625022406066934	0.5786974343693474	1.5306234031323318	0.4323123937892137	0.3256821169500845	0.5676876062107863	0.6743178830499155	0.5714285714285714	baseline
P_AQ.69	0.0	0.4838073434613456	0.7636103425237396	1.608254525904872	0.3642081956101387	0.20960388432299468	0.6357918043898614	0.7903961156770053	0.7142857142857143	baseline
P_AQ.690	0.0	0.2999961140075086	0.44001528711279136	1.1554328423879334	0.36299849040898785	0.3824322870975848	0.6370015095910122	0.6175677129024152	0.7142857142857143	baseline
P_AQ.691	0.0	0.4753646295345084	0.6885630878963217	1.5793166204585507	0.3136381222126759	0.2319313884368693	0.6863618777873242	0.7680686115631307	0.7142857142857143	baseline
P_AQ.692	0.0	0.1519836186348003	0.2883686082540792	1.542841531070187	0.5030340551829792	0.3389773238374918	0.5030340551829792	0.6610226761625082	0.5714285714285714	endpoint
P_AQ.693	0.0	0.8629567461306287	1.0193262262442926	1.73829772461015	0.6939528227171613	0.6920011024605336	0.6939528227171613	0.6920011024605336	0.8571428571428571	endpoint
P_AQ.694	0.0	0.1756425188776172	0.3134435639020777	1.3450643651240084	0.5277271443622509	0.5291224017486794	0.5277271443622509	0.5291224017486794	0.5714285714285714	endpoint
P_AQ.695	0.0	0.7404476658875377	0.9990885123356317	1.5379175142049737	0.7136768809857558	0.7441973071013199	0.7136768809857558	0.7441973071013199	0.7142857142857143	endpoint
P_AQ.696	0.0	0.12219286559588007	0.15072983685893002	1.1468301368815654	0.43945945841744666	0.3816699887397891	0.5605405415825533	0.6183300112602109	0.8571428571428571	baseline
P_AQ.697	0.0	0.544660121333954	0.46374301922365624	1.5019700858736251	0.3382475835212206	0.29160684324873715	0.6617524164787794	0.7083931567512629	0.8571428571428571	baseline
P_AQ.698	0.0	0.13209746440569498	0.6894907947049822	1.600898393768073	0.4516018392442342	0.32080185368467523	0.5483981607557658	0.6791981463153247	0.7142857142857143	baseline
P_AQ.699	0.0	0.2133302459909406	0.7344223630907901	1.6100271009084615	0.3700509733753959	0.2025853889526401	0.6299490266246042	0.7974146110473599	0.5714285714285714	baseline
P_AQ.7	0.0	0.04874789458223446	0.14362439719931647	1.6842562551346991	0.49220087469167634	0.4463687206475442	0.5077991253083236	0.5536312793524558	0.5714285714285714	baseline
P_AQ.70	0.0	0.42921835268615055	0.547705174204825	1.3841431265365076	0.6157010963606905	0.5099642171253722	0.6157010963606905	0.5099642171253722	0.5714285714285714	endpoint
P_AQ.700	0.0	0.6550674773141767	1.1066908071061317	1.5404325345700747	0.25712358665280843	0.08015314938338075	0.7428764133471916	0.9198468506166193	0.7142857142857143	baseline
P_AQ.701	0.0	1.4040290826268438	1.3586564888057935	1.8600387641966658	0.07091001228407298	0.04447041890859092	0.929089987715927	0.9555295810914091	1.0	baseline
P_AQ.702	0.0	0.027541103584854256	0.25052491670603194	1.0138131499995773	0.44659597258989103	0.36550850986721234	0.553404027410109	0.6344914901327876	0.5714285714285714	baseline
P_AQ.703	0.0	0.006669115021429647	0.13630671817966547	1.1299618265430038	0.4711023201753342	0.41817796729984685	0.5288976798246658	0.5818220327001531	0.7142857142857143	baseline
P_AQ.704	0.0	0.17775661479963353	0.6266725400168578	1.0968098590131736	0.42274442255536726	0.33040651602001747	0.5772555774446327	0.6695934839799825	0.5714285714285714	baseline
P_AQ.705	0.0	0.23990981558819088	0.4884233646104735	1.625723239089134	0.5398837788659052	0.6747889095020967	0.5398837788659052	0.6747889095020967	0.5714285714285714	endpoint
P_AQ.706	0.0	0.5453409190695322	0.36817205451039225	1.3122219039255774	0.6370541343377162	0.5520012315860736	0.6370541343377162	0.5520012315860736	0.7142857142857143	endpoint
P_AQ.707	0.0	0.026809282292619	0.4504906802516192	1.668642260976353	0.4294945554153636	0.5763246429536408	0.5705054445846365	0.5763246429536408	0.5714285714285714	endpoint
P_AQ.708	0.0	0.5564541266260427	0.5709264493895332	1.0780508298595135	0.6111965889302533	0.5928791214346492	0.6111965889302533	0.5928791214346492	0.8571428571428571	endpoint
P_AQ.709	0.0	0.49119937936277125	0.7036536602557231	1.665108687405293	0.6473707912176426	0.7078745223536304	0.6473707912176426	0.7078745223536304	0.7142857142857143	endpoint
P_AQ.71	0.0	0.14806018994190012	0.694757294872924	1.6709876309316138	0.4260895130433399	0.2535421454410825	0.57391048695666	0.7464578545589176	0.5714285714285714	baseline
P_AQ.710	0.0	0.3804191877334011	0.5024120365832504	1.3103616484569538	0.3500316853961501	0.3494054548320672	0.64996831460385	0.6505945451679328	0.7142857142857143	baseline
P_AQ.711	0.0	0.13997297253717686	0.5849347330660059	1.6662792772506885	0.46412320239613675	0.5232951658512864	0.5358767976038632	0.5232951658512864	0.5714285714285714	endpoint
P_AQ.714	0.0	0.2944203948735877	0.26719343187457834	1.2586970124001036	0.5421865535131554	0.5276019773774605	0.5421865535131554	0.5276019773774605	0.7142857142857143	endpoint
P_AQ.715	0.0	0.0546565936364703	0.024613664841434617	1.3496756787509065	0.47024550364647544	0.4720413105957475	0.5297544963535246	0.5279586894042525	0.7142857142857143	baseline
P_AQ.716	0.0	0.5102828370294862	0.7827388851497422	1.6632001863268913	0.3004464150254891	0.30850111951585046	0.6995535849745109	0.6914988804841495	0.7142857142857143	baseline
P_AQ.717	0.0	0.29058409263011675	0.2049850253576248	1.6490454914668906	0.571539437168005	0.49774446761052443	0.571539437168005	0.5022555323894755	0.5714285714285714	endpoint
P_AQ.718	0.0	0.4008011306195543	0.6521704012696293	0.9531401632201729	0.3730410192239031	0.3137891823993899	0.6269589807760969	0.6862108176006101	0.8571428571428571	baseline
P_AQ.719	0.0	1.016388782448456	1.2553786696065408	1.4060128418580597	0.19455378616629912	0.1022587026506769	0.8054462138337009	0.8977412973493231	0.8571428571428571	baseline
P_AQ.72	0.0	1.0490388935695836	1.4883207595812635	1.8025481599934063	0.7539192762829894	0.8661904378940902	0.7539192762829894	0.8661904378940902	0.7142857142857143	endpoint
P_AQ.720	0.0	0.11489596705984376	0.10007205600465839	1.2044157502716868	0.47329709631427147	0.508989469489265	0.5267029036857285	0.508989469489265	0.5714285714285714	baseline
P_AQ.721	0.0	0.5475163734017247	0.550429633672344	1.5135972485878069	0.3328246328867146	0.3200179590538694	0.6671753671132854	0.6799820409461306	0.8571428571428571	baseline
P_AQ.722	0.0	0.16627188850430677	0.634124594810647	1.4294015130697044	0.416404127568757	0.3458722172909795	0.583595872431243	0.6541277827090205	0.7142857142857143	baseline
P_AQ.723	0.0	0.018621249005615237	0.341721186039708	1.2827384925493852	0.4329504892095008	0.5650046392357624	0.5670495107904991	0.5650046392357624	0.7142857142857143	endpoint
P_AQ.724	0.0	0.546937014103516	0.8833209582235941	1.5821173978420182	0.6243770338864507	0.7205123571279859	0.6243770338864507	0.7205123571279859	0.7142857142857143	endpoint
P_AQ.725	0.0	0.6766586291396945	1.0881694621758098	1.420545730867171	0.6592144181731248	0.7837861746156789	0.6592144181731248	0.7837861746156789	0.7142857142857143	endpoint
P_AQ.726	0.0	0.48953210970023153	0.47223934061624256	1.1603029511071166	0.3311865122884518	0.3106077832766041	0.6688134877115481	0.6893922167233959	0.8571428571428571	baseline
P_AQ.727	0.0	0.5726824026027912	0.949543601908104	1.7373368414780725	0.3280259411770267	0.2699150535326688	0.6719740588229732	0.7300849464673311	0.7142857142857143	baseline
P_AQ.728	0.0	0.14292478232561076	0.6373650510853421	1.402023282366667	0.46579551631990757	0.3287716734278511	0.5342044836800924	0.6712283265721489	0.5714285714285714	baseline
P_AQ.729	0.0	0.3490276027412428	0.02048433922477398	1.6601834790968766	0.38548144123219313	0.4536715627671954	0.6145185587678068	0.5463284372328046	0.5714285714285714	baseline
P_AQ.73	0.0	0.4261103630504453	0.31696518072122903	1.4515404794771571	0.6105081440747224	0.6322598736033778	0.6105081440747224	0.6322598736033778	0.5714285714285714	endpoint
P_AQ.730	0.0	0.35545795454825513	0.1603058225135433	1.288659345980276	0.36711819436638543	0.4034035314293476	0.6328818056336145	0.5965964685706524	0.8571428571428571	baseline
P_AQ.731	0.0	0.18298781982258425	0.15014969754915466	1.62364053357085	0.5471031097385385	0.5225133535516876	0.5471031097385385	0.5225133535516876	0.5714285714285714	endpoint
P_AQ.732	0.0	0.5671714732184879	0.9950357276341341	1.7119112897889508	0.3155325802562225	0.10806321225421488	0.6844674197437774	0.8919367877457851	0.7142857142857143	baseline
P_AQ.733	0.0	0.26483690281376604	0.1603876439016695	1.2629307876239488	0.42989401642566466	0.43342128090801646	0.5701059835743354	0.5665787190919835	0.7142857142857143	baseline
P_AQ.734	0.0	1.104254168177426	1.3009860555789567	1.7351462201153443	0.12713634292636575	0.10305105220002068	0.8728636570736342	0.8969489477999794	1.0	baseline
P_AQ.735	0.0	0.38351532525531223	0.5305915573786942	1.3036762768742605	0.35955695102416535	0.34509691771406353	0.6404430489758346	0.6549030822859365	0.5714285714285714	baseline
P_AQ.736	0.0	0.3064038947846771	0.8232950119538884	1.5357471834350311	0.558172667589578	0.6549492831929629	0.558172667589578	0.6549492831929629	0.5714285714285714	endpoint
P_AQ.737	0.0	0.7354435200362461	1.27322207742706	1.5622582701943248	0.29462729335198573	0.21510209803503894	0.7053727066480142	0.7848979019649611	0.8571428571428571	baseline
P_AQ.738	0.0	0.27351598537483046	0.20802386337879647	1.2343905010682361	0.392666343875146	0.37474583875613027	0.607333656124854	0.6252541612438698	0.7142857142857143	baseline
P_AQ.739	0.0	0.5422067850977794	0.6550498295906579	1.1802319015148428	0.3181475441320341	0.2531476488524135	0.681852455867966	0.7468523511475865	0.8571428571428571	baseline
P_AQ.74	0.0	0.6807889481695032	0.8218566179063743	1.6306373422408025	0.6877273859829068	0.6704577442996478	0.6877273859829068	0.6704577442996478	0.7142857142857143	endpoint
P_AQ.740	0.0	0.5200749674343887	0.8206004105182338	1.3719530903426596	0.346022223272524	0.2382287123226902	0.6539777767274759	0.7617712876773098	0.7142857142857143	baseline
P_AQ.741	0.0	1.1570270255778856	1.2913971412365046	1.7364266065826433	0.8055323415490496	0.8519269215387073	0.8055323415490496	0.8519269215387073	0.8571428571428571	endpoint
P_AQ.742	0.0	0.34881414785419346	0.6147123896340688	1.5271881352769365	0.5409408457962788	0.6190941399908634	0.5409408457962788	0.6190941399908634	0.7142857142857143	endpoint
P_AQ.743	0.0	0.35918783889719136	0.39751783846132516	1.4141760512513548	0.3449661190079536	0.39159969201526124	0.6550338809920464	0.6084003079847388	0.8571428571428571	baseline
P_AQ.744	0.0	1.228498071325402	1.3393586990986543	1.6740130337400965	0.842950512277148	0.9207723887986413	0.842950512277148	0.9207723887986413	0.8571428571428571	endpoint
P_AQ.745	0.0	0.16131827075093316	0.03347170365715928	1.3367975636080087	0.5124319306910938	0.44125796018903307	0.5124319306910938	0.5587420398109669	0.5714285714285714	endpoint
P_AQ.746	0.0	0.40311467523138866	0.3145018551940675	1.6558419728146396	0.5691835938593408	0.547557258708427	0.5691835938593408	0.547557258708427	0.5714285714285714	endpoint
P_AQ.747	0.0	0.48856085862433085	0.9188738016730555	1.434869974662143	0.6200635055168355	0.6892635477396313	0.6200635055168355	0.6892635477396313	0.5714285714285714	endpoint
P_AQ.748	0.0	0.21173648482095192	0.6298307150750571	1.3632070491702961	0.4338156449979064	0.32613976890144375	0.5661843550020935	0.6738602310985562	0.7142857142857143	baseline
P_AQ.749	0.0	0.5962128869154864	1.1263621539452808	1.576408486140558	0.3109802602192144	0.23144739920403898	0.6890197397807856	0.768552600795961	0.8571428571428571	baseline
P_AQ.75	0.0	0.22046014072481165	0.22304784133842143	1.4242711971633581	0.4361880638393481	0.5290441536554644	0.563811936160652	0.5290441536554644	0.5714285714285714	baseline
P_AQ.750	0.0	0.6342839764952318	1.0798112480781752	1.675647119319883	0.6216892634549852	0.7735761959476318	0.6216892634549852	0.7735761959476318	0.7142857142857143	endpoint
P_AQ.751	0.0	0.8009359869464848	0.8024899082458429	1.746755011461661	0.7264918599359353	0.6986832590549131	0.7264918599359353	0.6986832590549131	0.7142857142857143	endpoint
P_AQ.752	0.0	1.3048401281299546	1.2974362146921736	1.8540717768899686	0.8310659134108606	0.8653988196380193	0.8310659134108606	0.8653988196380193	1.0	endpoint
P_AQ.753	0.0	0.26024484702329687	0.2893993610202986	1.5565358416388073	0.3499293044164222	0.40380947045131466	0.6500706955835778	0.5961905295486853	0.5714285714285714	baseline
P_AQ.754	0.0	0.8613379983260625	0.8506498680416579	1.3713106880602701	0.2291472930972682	0.2821206805351643	0.7708527069027318	0.7178793194648356	1.0	baseline
P_AQ.755	0.0	0.5891717524674123	1.102594441971187	1.5090086205351876	0.6387486488422381	0.730533052655583	0.6387486488422381	0.730533052655583	0.7142857142857143	endpoint
P_AQ.756	0.0	0.6905935490346777	0.9258972934599606	1.6309625746160001	0.7128457968813489	0.8291765796718755	0.7128457968813489	0.8291765796718755	0.8571428571428571	endpoint
P_AQ.757	0.14285714285714285	0.06154138518944267	0.00022207097771627097	2.049281883717233	0.4299533596201881	0.4440503519407564	0.5700466403798119	0.5559496480592436	0.5714285714285714	endpoint
P_AQ.758	0.0	0.5398188611779863	0.6915568848713962	1.7543584252424231	0.6370195584634875	0.5835192318479694	0.6370195584634875	0.5835192318479694	0.7142857142857143	endpoint
P_AQ.759	0.0	0.4836642750052665	0.7876015998312417	1.5276730956588354	0.32271652234163273	0.2692658076605689	0.6772834776583673	0.730734192339431	0.8571428571428571	baseline
P_AQ.76	0.0	0.2585650015178808	0.7005607545374112	1.4592689074757368	0.37970247175430455	0.2927719126635988	0.6202975282456955	0.7072280873364012	0.7142857142857143	baseline
P_AQ.760	0.0	0.2789362923998007	0.8491383108917724	1.5279535551116405	0.4066765533322803	0.2963923807812506	0.5933234466677197	0.7036076192187495	0.5714285714285714	baseline
P_AQ.761	0.0	0.06579868434858992	0.05028964326864436	1.252063762371198	0.4290887269084075	0.4440220223777688	0.5709112730915925	0.5559779776222312	0.5714285714285714	baseline
P_AQ.762	0.0	0.26704810756601544	0.3578029113031195	1.175273645321623	0.4290003860456985	0.328107718028682	0.5709996139543014	0.671892281971318	0.5714285714285714	baseline
P_AQ.763	0.0	0.9067358292224628	1.1700441271539548	1.488223773039302	0.7454994521112663	0.7979443362514268	0.7454994521112663	0.7979443362514268	0.8571428571428571	endpoint
P_AQ.764	0.0	1.0441648702234019	1.3808123974453845	1.6254048714318237	0.7548282061476353	0.85652332289214	0.7548282061476353	0.85652332289214	0.8571428571428571	endpoint
P_AQ.765	0.0	0.4683369201440045	0.6579323366201606	1.6434005699787158	0.6013962249472449	0.660505223149949	0.6013962249472449	0.660505223149949	0.7142857142857143	endpoint
P_AQ.766	0.0	0.2434846720154693	0.4629124437715532	1.6498648568998497	0.5913731976322272	0.5734261807282858	0.5913731976322272	0.5734261807282858	0.7142857142857143	endpoint
P_AQ.767	0.0	0.23355842710996036	0.09803555965449637	1.5028526045201278	0.4374502220826212	0.581656453613147	0.5625497779173788	0.581656453613147	0.5714285714285714	baseline
P_AQ.768	0.0	0.2190774508071678	0.31565209616387035	1.6965214181862547	0.5032043328623546	0.5454422819420431	0.5032043328623546	0.5454422819420431	0.5714285714285714	endpoint
P_AQ.769	0.0	0.6474489704864361	0.8829349417861548	1.6586267574531621	0.6428405943001877	0.6380638404560393	0.6428405943001877	0.6380638404560393	0.8571428571428571	endpoint
P_AQ.77	0.0	0.022535843765156445	0.24279983601096583	1.6795863385710066	0.46914205187261343	0.36427098970853244	0.5308579481273865	0.6357290102914676	0.7142857142857143	baseline
P_AQ.770	0.0	0.09455594695930244	0.10084968234846134	1.1436101957281477	0.5049778106137411	0.5091994739581882	0.5049778106137411	0.5091994739581882	0.5714285714285714	endpoint
P_AQ.771	0.0	0.8607360298456461	1.0429628938251725	1.5103550920702975	0.2559613001983668	0.1796191246576614	0.7440386998016332	0.8203808753423386	0.8571428571428571	baseline
P_AQ.772	0.0	0.09568294670094948	0.2778438373739189	1.5018374613904095	0.47515513467741577	0.556998219235836	0.5248448653225842	0.556998219235836	0.5714285714285714	endpoint
P_AQ.773	0.0	0.44149334446447425	0.7893592687943386	1.3329786677489215	0.6102681549271329	0.7220719554312885	0.6102681549271329	0.7220719554312885	0.7142857142857143	endpoint
P_AQ.774	0.0	0.7410808132611102	1.238741926000627	1.6900347533499362	0.2712612565292835	0.1816113008749776	0.7287387434707164	0.8183886991250224	0.8571428571428571	baseline
P_AQ.775	0.0	0.027913111686501266	0.22435807131593502	1.7780376920299958	0.5150280818732486	0.44145055205840916	0.5150280818732486	0.5585494479415909	0.5714285714285714	endpoint
P_AQ.776	0.0	0.9105957101588006	1.1956368477161308	1.6711878643286757	0.24570172334843435	0.16340409643403866	0.7542982766515657	0.8365959035659614	0.8571428571428571	baseline
P_AQ.777	0.0	0.10670290215653552	0.23335644216746124	1.3782643717823806	0.5015051412061233	0.5110355614419607	0.5015051412061233	0.5110355614419607	0.5714285714285714	endpoint
P_AQ.778	0.0	0.49648711962869446	0.5567517775260687	1.4959139533562011	0.3212710801309256	0.2557304843386804	0.6787289198690745	0.7442695156613196	0.8571428571428571	baseline
P_AQ.779	0.0	0.3195209912669553	0.398064125003905	1.1164006467171999	0.608688258552494	0.5894647089049708	0.608688258552494	0.5894647089049708	0.5714285714285714	endpoint
P_AQ.78	0.0	0.466427590298965	0.5303410615693485	1.7442236672726028	0.32624606292917385	0.26970397287013625	0.6737539370708261	0.7302960271298637	0.7142857142857143	baseline
P_AQ.780	0.0	0.16341412080021625	0.7972755680467095	1.5554928264698735	0.43919792724300766	0.2950335651659241	0.5608020727569923	0.7049664348340758	0.5714285714285714	baseline
P_AQ.781	0.0	0.27434322705915315	0.7993713938487708	1.778478805352048	0.5242488212400419	0.5484429853256789	0.5242488212400419	0.5484429853256789	0.5714285714285714	endpoint
P_AQ.782	0.0	0.261044597972582	0.14998757567265322	1.570871377639673	0.5376570126867698	0.460174695892975	0.5376570126867698	0.539825304107025	0.5714285714285714	endpoint
P_AQ.783	0.0	0.7977396449387827	0.7920685342919659	1.4675050376400962	0.6887968168676643	0.6505979731609371	0.6887968168676643	0.6505979731609371	1.0	endpoint
P_AQ.784	0.0	0.6492123816542374	0.39270783580149216	1.4813553648141486	0.6863012870576587	0.5620644837189669	0.6863012870576587	0.5620644837189669	0.7142857142857143	endpoint
P_AQ.785	0.0	0.3830159885555561	0.7588577917715958	1.1882877545120925	0.37889561182453385	0.3136526676633592	0.6211043881754661	0.6863473323366408	0.7142857142857143	baseline
P_AQ.786	0.0	0.5055401352534806	0.5388210039981128	1.470748587888025	0.6529450581873572	0.6465413392505797	0.6529450581873572	0.6465413392505797	0.5714285714285714	endpoint
P_AQ.787	0.0	0.5194054226930868	0.8511263605817856	1.0177101031961804	0.6213570709873257	0.6609529669521795	0.6213570709873257	0.6609529669521795	0.7142857142857143	endpoint
P_AQ.788	0.0	0.2659201406303009	0.5836303998611425	1.1680259190389177	0.5447324679026346	0.5220310972029576	0.5447324679026346	0.5220310972029576	0.5714285714285714	endpoint
P_AQ.789	0.0	0.01970228848001581	0.09801802737163814	1.4329203584994434	0.4764840903384396	0.49669216691487295	0.5235159096615605	0.503307833085127	0.7142857142857143	endpoint
P_AQ.79	0.0	0.15840360175163296	0.33332043121713917	1.6766412133801418	0.44158377714890856	0.3345004319929893	0.5584162228510914	0.6654995680070107	0.5714285714285714	baseline
P_AQ.791	0.0	0.11330172007422198	0.3543361280185878	1.5532461033230804	0.48639177973636905	0.5776555992250365	0.513608220263631	0.5776555992250365	0.5714285714285714	endpoint
P_AQ.792	0.14285714285714285	0.12721847722558435	0.6748223912730261	2.0721766667923704	0.4145397637861493	0.32304459447175965	0.5854602362138507	0.6769554055282403	0.7142857142857143	baseline
P_AQ.793	0.0	0.5873797924928477	0.7764681868928872	1.621387813129226	0.642295183227122	0.6487538659801079	0.642295183227122	0.6487538659801079	0.5714285714285714	endpoint
P_AQ.794	0.14285714285714285	0.5422578340796819	1.2382953363062335	2.085207848368086	0.6182411146259553	0.7450422863639866	0.6182411146259553	0.7450422863639866	0.5714285714285714	endpoint
P_AQ.795	0.0	0.7671141423134972	1.0903277557576494	1.7236856538287266	0.7315661047836391	0.8081274503661031	0.7315661047836391	0.8081274503661031	0.7142857142857143	endpoint
P_AQ.796	0.0	0.005053766760222368	0.13591567356199863	1.1213013904289382	0.47944512094036745	0.4054412971429741	0.5205548790596326	0.5945587028570258	0.7142857142857143	endpoint
P_AQ.797	0.0	0.012918021860757347	0.3141272607192979	1.5523653394768233	0.4638884422153934	0.3850810748663754	0.5361115577846066	0.6149189251336247	0.5714285714285714	endpoint
P_AQ.798	0.0	0.5080438476534911	0.6698098449240186	1.6233292682514484	0.33429685511191426	0.22544543344568954	0.6657031448880857	0.7745545665543104	0.7142857142857143	baseline
P_AQ.799	0.0	0.19529664538427136	0.6249400470676678	1.1974413651700573	0.4084977329489872	0.31833997374928436	0.5915022670510128	0.6816600262507156	0.5714285714285714	baseline
P_AQ.8	0.0	0.6457700459786605	0.6182748051353709	1.3763208695832794	0.6841080032738288	0.6474625909485714	0.6841080032738288	0.6474625909485714	0.7142857142857143	endpoint
P_AQ.80	0.0	0.3477867643729403	0.7910246122608335	1.384897066606262	0.6144695926418874	0.6479880224531069	0.6144695926418874	0.6479880224531069	0.5714285714285714	endpoint
P_AQ.800	0.0	0.5448027107814114	1.0676145760814724	1.7529164724439752	0.5936986520897347	0.5894563054488473	0.5936986520897347	0.5894563054488473	0.5714285714285714	endpoint
P_AQ.801	0.0	0.2899514166593253	0.8494643206587585	1.2445296892335644	0.5563305789367106	0.602178074948723	0.5563305789367106	0.602178074948723	0.7142857142857143	endpoint
P_AQ.802	0.0	0.4187273035384948	0.7722897959782943	1.6026669774323747	0.6327005861554146	0.6679713519641769	0.6327005861554146	0.6679713519641769	0.5714285714285714	endpoint
P_AQ.803	0.0	0.33645689216094254	0.45149619364234944	1.4154498762037684	0.567138098709293	0.49525424505566473	0.567138098709293	0.5047457549443353	0.5714285714285714	endpoint
P_AQ.804	0.0	0.8336125206647383	1.1776977003579165	1.6894475391116672	0.22711247994544612	0.11290901606039894	0.7728875200545539	0.8870909839396011	0.8571428571428571	baseline
P_AQ.805	0.0	0.6713264551535713	0.6479690464795547	1.6992868531641787	0.638929272323126	0.6528335770485	0.638929272323126	0.6528335770485	0.7142857142857143	endpoint
P_AQ.806	0.0	0.3418927231524891	0.244850248467947	1.2478016380693453	0.35820038118095393	0.388785632100859	0.641799618819046	0.6112143678991411	0.7142857142857143	baseline
P_AQ.807	0.0	0.6649816106762814	0.5816070033740227	1.4810982883133936	0.6847363758509989	0.6354032258267227	0.6847363758509989	0.6354032258267227	0.8571428571428571	endpoint
P_AQ.808	0.0	0.35838087235564503	1.041688018769206	1.6924799908088841	0.588665512848879	0.6319138589893402	0.588665512848879	0.6319138589893402	0.5714285714285714	endpoint
P_AQ.809	0.0	0.5857584086910563	0.8167319647730809	1.398712564522756	0.30379272128300766	0.17551527588229557	0.6962072787169924	0.8244847241177045	0.8571428571428571	baseline
P_AQ.81	0.0	0.943895678453582	1.1607838814038909	1.940512850934479	0.7315322087785502	0.8009024743325381	0.7315322087785502	0.8009024743325381	0.8571428571428571	endpoint
P_AQ.810	0.0	0.3347040275010598	0.8825432504948157	1.7246320252988334	0.626236887826387	0.7343756187192247	0.626236887826387	0.7343756187192247	0.5714285714285714	endpoint
P_AQ.811	0.0	0.6313382917404189	1.0406516434095596	1.1943840913681798	0.27225771614180744	0.2425051111306155	0.7277422838581926	0.7574948888693844	0.7142857142857143	baseline
P_AQ.812	0.0	0.3101513034058897	0.0705064497926394	1.643845410340664	0.5454993322950918	0.43700242222053004	0.5454993322950918	0.56299757777947	0.5714285714285714	endpoint
P_AQ.813	0.0	0.026621082645365612	0.38884968846034623	1.884380771397375	0.45844132047596214	0.3769520814691656	0.5415586795240379	0.6230479185308344	0.5714285714285714	endpoint
P_AQ.814	0.0	0.38905581184453325	0.221508763659801	1.476946664134179	0.5758247948229467	0.5402444359682143	0.5758247948229467	0.5402444359682143	0.5714285714285714	endpoint
P_AQ.815	0.14285714285714285	0.6613977762962547	0.6938342921143077	2.423018662447989	0.6177150144954788	0.7285317917517721	0.6177150144954788	0.7285317917517721	0.7142857142857143	endpoint
P_AQ.816	0.0	0.7488615114207197	1.1622945853752993	1.644975099914114	0.2725187098719095	0.17471208783851133	0.7274812901280905	0.8252879121614887	0.8571428571428571	baseline
P_AQ.817	0.0	0.3628731340480207	0.6607388135257958	1.6492196411346187	0.3059914286775046	0.20019276002079403	0.6940085713224954	0.799807239979206	0.7142857142857143	baseline
P_AQ.818	0.0	0.14136937213011275	0.21353036948567936	1.1737750405190648	0.42256329576090007	0.39357431754750083	0.5774367042391	0.6064256824524992	0.5714285714285714	baseline
P_AQ.819	0.0	0.5191290724209529	0.27104742679601374	1.373248898404275	0.6420579872234777	0.6293067947593115	0.6420579872234777	0.6293067947593115	0.5714285714285714	endpoint
P_AQ.82	0.0	0.2090723929354666	0.08592277254492282	1.1658614966534975	0.3762151919853691	0.41308501369984263	0.6237848080146309	0.5869149863001574	0.5714285714285714	baseline
P_AQ.820	0.0	0.2424147281901306	0.14891710275028164	1.6548190857835525	0.34353088286845085	0.39514729274945115	0.6564691171315491	0.6048527072505488	0.7142857142857143	baseline
P_AQ.821	0.0	0.2495713844678952	0.11376912783976305	1.3486464472748492	0.4266533582564217	0.5289804423839708	0.5733466417435783	0.5289804423839708	0.5714285714285714	baseline
P_AQ.822	0.0	0.17312636494171393	0.14613057967691379	1.4013363212281047	0.39731745984208205	0.4038794784565417	0.6026825401579179	0.5961205215434583	0.5714285714285714	baseline
P_AQ.823	0.0	0.46066104067032293	0.22236992285026638	1.7563340055227064	0.5981800033134153	0.5420170267242037	0.5981800033134153	0.5420170267242037	0.5714285714285714	endpoint
P_AQ.824	0.0	0.23775681040174484	0.6533398412028327	1.2492986908103696	0.5313798364489808	0.6589948359328905	0.5313798364489808	0.6589948359328905	0.5714285714285714	endpoint
P_AQ.825	0.0	0.6539315020821874	0.944941747721855	1.6572287492648985	0.262801878559041	0.09444265565901719	0.737198121440959	0.9055573443409828	0.8571428571428571	baseline
P_AQ.826	0.0	0.36912169144770335	0.8244851086934504	1.2449515461860765	0.3946447509333756	0.24766244797156736	0.6053552490666244	0.7523375520284327	0.5714285714285714	baseline
P_AQ.827	0.0	0.7702469313564855	1.0821756129280726	1.7001760690346306	0.715140143511416	0.8409761183007719	0.715140143511416	0.8409761183007719	0.7142857142857143	endpoint
P_AQ.828	0.0	0.9351186732591523	0.9982249020873029	1.4803548889695592	0.7521569652399863	0.8657276212034369	0.7521569652399863	0.8657276212034369	0.7142857142857143	endpoint
P_AQ.829	0.0	0.3481172514679351	0.5211159075374238	1.683600699181934	0.4400255440168168	0.34123248771425624	0.5599744559831832	0.6587675122857437	0.7142857142857143	baseline
P_AQ.83	0.0	0.018128100673472758	0.05303506420276643	1.7167075057381989	0.4443553889452619	0.4695126662539791	0.5556446110547382	0.530487333746021	0.7142857142857143	endpoint
P_AQ.830	0.0	0.5255618578900514	0.40285934929400175	1.64712803578319	0.2911897907465598	0.3280738118813706	0.7088102092534402	0.6719261881186294	0.8571428571428571	baseline
P_AQ.831	0.0	0.5713708848310366	0.8501439332593103	1.6248812965039832	0.6267992058151173	0.6746601798155387	0.6267992058151173	0.6746601798155387	0.5714285714285714	endpoint
P_AQ.832	0.0	0.8675022237960945	1.198850508699796	1.8896125522130591	0.24594172573704848	0.20208431130338605	0.7540582742629516	0.7979156886966139	0.8571428571428571	baseline
P_AQ.833	0.0	0.52424032791141	0.5306448528681085	1.0894500934202134	0.3226566460539031	0.33867876781208045	0.6773433539460969	0.6613212321879196	0.8571428571428571	baseline
P_AQ.834	0.0	0.3550813496707713	0.47439696252149705	1.084553055660117	0.35688424226625765	0.3188784336860456	0.6431157577337423	0.6811215663139544	0.7142857142857143	baseline
P_AQ.835	0.0	0.23035816708142395	0.5436854341745505	1.1618314377811452	0.41122367194319265	0.27516288010350787	0.5887763280568074	0.7248371198964921	0.7142857142857143	baseline
P_AQ.836	0.0	1.0471916841743896	1.0696600455911451	1.9106126746920573	0.7842393611582822	0.8895017470411288	0.7842393611582822	0.8895017470411288	0.8571428571428571	endpoint
P_AQ.837	0.0	0.48278803784543556	0.8954101492068105	1.5227770001082213	0.29865870203547146	0.1506857485279021	0.7013412979645286	0.8493142514720979	0.7142857142857143	baseline
P_AQ.838	0.0	0.3189563391085243	0.4463301594563955	1.3870015201691335	0.3903736657931108	0.386360715724999	0.6096263342068893	0.6136392842750009	0.7142857142857143	baseline
P_AQ.839	0.0	0.20249517008538137	0.1903210305957412	1.1083613848113192	0.4297773473195841	0.4029594294444616	0.5702226526804159	0.5970405705555384	0.8571428571428571	baseline
P_AQ.84	0.0	1.2456682246225814	1.4885051873991118	1.8198046746996492	0.8538947134466616	0.9676108263026475	0.8538947134466616	0.9676108263026475	1.0	endpoint
P_AQ.840	0.0	0.696743238662098	0.9210560834943199	1.7699452771500153	0.6374785878778965	0.714115539370839	0.6374785878778965	0.714115539370839	0.8571428571428571	endpoint
P_AQ.841	0.0	0.9024058799130926	0.9784014758661261	1.405674490367261	0.2067857801371698	0.1741235718775926	0.7932142198628302	0.8258764281224074	1.0	baseline
P_AQ.842	0.0	0.24208115175627606	0.15998324616916695	1.4868239623673254	0.5539177619447846	0.397628299844032	0.5539177619447846	0.6023717001559681	0.5714285714285714	endpoint
P_AQ.843	0.0	0.269072573736522	0.7054783285162145	1.328987734753619	0.5057180765591073	0.661292931281143	0.5057180765591073	0.661292931281143	0.7142857142857143	endpoint
P_AQ.844	0.0	0.13679015051618498	0.26071703446608346	1.6337436863202626	0.45684394805373246	0.41155537155600397	0.5431560519462675	0.588444628443996	0.7142857142857143	baseline
P_AQ.845	0.0	0.8532841767644087	1.1919991255621543	1.5988075956798382	0.20114960827639755	0.027415607728679833	0.7988503917236025	0.9725843922713202	0.7142857142857143	baseline
P_AQ.846	0.0	0.17135379488413083	0.28637923184965325	1.6463916200883904	0.41075775544929893	0.5593032735825809	0.5892422445507011	0.5593032735825809	0.5714285714285714	baseline
P_AQ.847	0.0	0.2482815379131782	0.6612927236710183	1.8051047517862924	0.5060718129567272	0.5375646807883218	0.5060718129567272	0.5375646807883218	0.5714285714285714	endpoint
P_AQ.848	0.14285714285714285	0.5764074106918475	0.9413771064592696	2.0868218037694133	0.6722684340255596	0.9215662262373677	0.6722684340255596	0.9215662262373677	0.7142857142857143	endpoint
P_AQ.849	0.0	0.7583344919932985	0.9595408427340316	1.5991033210994485	0.22213598715309676	0.09016738137934947	0.7778640128469032	0.9098326186206506	1.0	baseline
P_AQ.85	0.0	0.3824490331026347	0.5787551629827323	1.6398041478742742	0.35623752963848737	0.2306983549943755	0.6437624703615126	0.7693016450056245	0.7142857142857143	baseline
P_AQ.850	0.0	0.5562641960238269	0.9376362539184672	1.6999435418600826	0.6746830439761353	0.7807299342618765	0.6746830439761353	0.7807299342618765	0.8571428571428571	endpoint
P_AQ.851	0.0	1.1472716903027986	1.1560206503310408	1.636863768901486	0.13411882640060996	0.0882046211257164	0.8658811735993901	0.9117953788742836	1.0	baseline
P_AQ.852	0.0	0.2960631317433555	0.6647206360011635	1.3758810351230002	0.5830791914673544	0.5278554177667749	0.5830791914673544	0.5278554177667749	0.5714285714285714	endpoint
P_AQ.853	0.0	0.4781171305336353	0.9607038071897447	1.964893504658746	0.33081717792729315	0.20682259952321722	0.6691828220727069	0.7931774004767828	0.7142857142857143	baseline
P_AQ.854	0.0	0.6800250515574275	0.7315300145751167	1.5559516818165713	0.6350166327491603	0.5924263461917703	0.6350166327491603	0.5924263461917703	0.7142857142857143	endpoint
P_AQ.855	0.0	0.47920159696676295	0.7356017649047342	1.6721972149941018	0.3008225207203286	0.22162944455979144	0.6991774792796714	0.7783705554402085	0.7142857142857143	baseline
P_AQ.856	0.0	0.10152628371696856	0.02974186849703813	1.244967940990445	0.42909522501596215	0.4499385702824371	0.5709047749840379	0.5500614297175629	0.7142857142857143	baseline
P_AQ.857	0.0	0.014070769187876832	0.11148998962672324	1.6665231926149755	0.5129719706325725	0.5014011274995341	0.5129719706325725	0.5014011274995341	0.5714285714285714	baseline
P_AQ.858	0.0	0.0890467590732665	0.3866436317075842	1.3329733064262224	0.4400740050560236	0.39214724776852794	0.5599259949439763	0.6078527522314721	0.7142857142857143	baseline
P_AQ.859	0.0	0.7557882662371945	0.9380368557340302	1.376237093242267	0.22401625914989767	0.25427613659113746	0.7759837408501024	0.7457238634088625	1.0	baseline
P_AQ.86	0.0	0.7059805690582527	0.9187127568490221	1.4427919925989454	0.2645032871102828	0.16015736891803584	0.7354967128897172	0.8398426310819642	0.8571428571428571	baseline
P_AQ.860	0.0	0.046457694251507066	0.8642491546935903	1.5343337681685234	0.5091360393734558	0.6929170788592964	0.5091360393734558	0.6929170788592964	0.5714285714285714	endpoint
P_AQ.861	0.0	0.32305887556364465	0.34899257133537226	1.278845970701295	0.3680944815770503	0.3834225375066534	0.6319055184229496	0.6165774624933467	0.7142857142857143	baseline
P_AQ.862	0.0	0.8609721010779392	0.8362262514883546	1.7634274026802104	0.2577363545747516	0.22886201395417766	0.7422636454252485	0.7711379860458223	0.8571428571428571	baseline
P_AQ.863	0.0	0.729575455893263	0.89272615506829	1.4731322067083905	0.7153805279069605	0.8402341287236443	0.7153805279069605	0.8402341287236443	0.8571428571428571	endpoint
P_AQ.864	0.0	0.1497751577035236	0.3018911810867574	0.8644250177629939	0.5051242088063643	0.522063551186053	0.5051242088063643	0.522063551186053	0.5714285714285714	endpoint
P_AQ.865	0.0	0.04799355459373901	0.5339626374865677	1.511658869347263	0.4445401327335824	0.5925354885605362	0.5554598672664176	0.5925354885605362	0.5714285714285714	baseline
P_AQ.866	0.0	1.228899922608465	1.129271881338279	1.7506974403345923	0.13605311553061133	0.1457936087826308	0.8639468844693887	0.8542063912173692	1.0	baseline
P_AQ.867	0.0	0.421311417374386	0.44144913791211543	1.6570022155637403	0.30559193973622795	0.3627471621839609	0.6944080602637721	0.6372528378160391	0.8571428571428571	baseline
P_AQ.868	0.0	0.1528859874466822	0.240835798659911	1.571923360009459	0.4384845970504715	0.38939942557633506	0.5615154029495285	0.6106005744236649	0.7142857142857143	baseline
P_AQ.869	0.0	0.25413635651358013	0.1268959154603021	1.4339745008410252	0.5425961069915541	0.511434070115061	0.5425961069915541	0.511434070115061	0.5714285714285714	endpoint
P_AQ.87	0.0	0.023126226053151993	0.09741478165902587	1.4855971418077347	0.5212975201756626	0.4120854582469213	0.5212975201756626	0.5879145417530787	0.5714285714285714	baseline
P_AQ.870	0.0	0.022349584954964054	0.016517938075074786	1.787891764633382	0.49506157471092366	0.4386909411807878	0.5049384252890763	0.5613090588192122	0.5714285714285714	endpoint
P_AQ.871	0.0	0.4770240091040469	0.9905049342139954	1.3661845027376034	0.6312481214754594	0.7494582822941238	0.6312481214754594	0.7494582822941238	0.5714285714285714	endpoint
P_AQ.872	0.0	0.24803464145941514	0.5347668174073441	1.1630824549189744	0.3809045810750523	0.3444585369927823	0.6190954189249477	0.6555414630072177	0.7142857142857143	baseline
P_AQ.873	0.0	0.5377035599737404	0.49753488009749763	1.4017343712273178	0.6314481987487376	0.6311790351155654	0.6314481987487376	0.6311790351155654	0.7142857142857143	endpoint
P_AQ.874	0.0	0.6958827403893485	0.9693653622077492	1.440305088676536	0.6586665399261439	0.6728983719872758	0.6586665399261439	0.6728983719872758	0.8571428571428571	endpoint
P_AQ.875	0.0	0.9387509770396907	1.1246881446563257	1.7798120468603595	0.18451734840321135	0.09341589214341318	0.8154826515967887	0.9065841078565868	1.0	baseline
P_AQ.876	0.0	0.3025313799842306	0.6069997690289854	0.7777289986999608	0.5837844971610673	0.6511147743621014	0.5837844971610673	0.6511147743621014	0.7142857142857143	endpoint
P_AQ.877	0.0	0.163985794182419	0.20229382083124792	1.5999433280202981	0.45198612651642395	0.5189915370243864	0.548013873483576	0.5189915370243864	0.5714285714285714	endpoint
P_AQ.878	0.0	0.6127728817262567	1.0183910928004762	1.4688095623428226	0.6512061724136375	0.7131220433239706	0.6512061724136375	0.7131220433239706	0.7142857142857143	endpoint
P_AQ.879	0.0	0.04173900551089292	0.6204370722260788	1.76853310066084	0.47405554847742526	0.33135989434819085	0.5259444515225747	0.6686401056518092	0.5714285714285714	baseline
P_AQ.88	0.0	0.6295318896405229	0.6918950784551843	1.5512370984529116	0.6826594822045262	0.7034992288469994	0.6826594822045262	0.7034992288469994	0.8571428571428571	endpoint
P_AQ.880	0.0	0.4435724089663587	1.0103183150616597	1.5051687719534814	0.6052459508709706	0.6563566089613758	0.6052459508709706	0.6563566089613758	0.5714285714285714	endpoint
P_AQ.881	0.0	0.14719312855895397	0.08941789155401207	1.1620076845536285	0.37269711768542013	0.4561587856990953	0.6273028823145799	0.5438412143009047	0.5714285714285714	baseline
P_AQ.883	0.0	0.14816999401558428	0.46741290216037723	1.5297691697346778	0.42246057815257065	0.3603248611035772	0.5775394218474293	0.6396751388964228	0.7142857142857143	baseline
P_AQ.884	0.0	0.13024307173101626	0.5627732553801974	1.673454931435068	0.4136921488249659	0.31724191826167136	0.5863078511750341	0.6827580817383286	0.5714285714285714	baseline
P_AQ.885	0.0	0.5329619506939854	0.8612767984746769	1.448475069118846	0.6288911972422745	0.6002790271859292	0.6288911972422745	0.6002790271859292	0.7142857142857143	endpoint
P_AQ.886	0.0	0.2482289016826044	0.6280089620947105	1.3307618616462342	0.5649363247392329	0.5559457267475201	0.5649363247392329	0.5559457267475201	0.7142857142857143	endpoint
P_AQ.887	0.0	0.24910172544043174	0.2066450020081863	1.561935106786144	0.5336380774428408	0.512085124820291	0.5336380774428408	0.512085124820291	0.5714285714285714	endpoint
P_AQ.888	0.0	0.26934176048123565	0.5203461550086901	1.6873997902232512	0.3646932541949603	0.27299111367989143	0.6353067458050397	0.7270088863201085	0.5714285714285714	baseline
P_AQ.889	0.0	0.40159159992930654	0.9131531222015171	1.5024567616692819	0.38349529248257236	0.25292893637239505	0.6165047075174277	0.747071063627605	0.7142857142857143	baseline
P_AQ.89	0.14285714285714285	1.3531248062672787	1.2937273904822055	2.06164418757976	0.10440656995979895	0.09022478304526334	0.8955934300402011	0.9097752169547366	1.0	baseline
P_AQ.890	0.0	0.2941535260697359	0.14201620606046808	1.682641445544006	0.5835142458291032	0.48074615812837196	0.5835142458291032	0.519253841871628	0.5714285714285714	endpoint
P_AQ.891	0.0	0.42671804689241644	0.8460228266449227	1.157864194332806	0.37803252883623395	0.2646919664150496	0.621967471163766	0.7353080335849504	0.7142857142857143	baseline
P_AQ.892	0.0	0.4176531981674468	0.7266934514110384	1.3655309417912262	0.6126680458225645	0.6908136882316795	0.6126680458225645	0.6908136882316795	0.7142857142857143	endpoint
P_AQ.893	0.0	0.8263364189842727	0.8686403716972009	1.0732681739223118	0.23039972702814002	0.2686151183220213	0.76960027297186	0.7313848816779787	1.0	baseline
P_AQ.894	0.0	0.6912035135224074	0.7651915578295242	1.6104267624722326	0.2805537745512125	0.26223484470784003	0.7194462254487874	0.73776515529216	0.8571428571428571	baseline
P_AQ.895	0.0	0.4938471026407972	0.3274997894921886	1.5411204213503924	0.5733004592768793	0.5704082225575777	0.5733004592768793	0.5704082225575777	0.7142857142857143	endpoint
P_AQ.896	0.0	0.2594393970316102	0.28769425805908755	1.4506124189492349	0.5424130880673842	0.5049466591798513	0.5424130880673842	0.5049466591798513	0.5714285714285714	endpoint
P_AQ.897	0.0	0.33208970717160347	0.26550046485349427	1.9180146171402404	0.5603882216304846	0.6823418239589477	0.5603882216304846	0.6823418239589477	0.5714285714285714	endpoint
P_AQ.898	0.0	0.48909550764131093	1.021271488094961	1.5669690049801102	0.32472010329027284	0.17211309628815616	0.6752798967097271	0.8278869037118438	0.7142857142857143	baseline
P_AQ.899	0.0	0.40889115094370526	0.14486559083333186	1.7668627062586164	0.3766146768694073	0.4461009745831256	0.6233853231305927	0.5538990254168744	0.7142857142857143	baseline
P_AQ.9	0.0	0.2132375120970003	0.5994062258331784	1.6649152765567248	0.42660084542013604	0.26098939190659337	0.573399154579864	0.7390106080934067	0.5714285714285714	baseline
P_AQ.90	0.0	0.022881346167286543	0.17217633436949886	1.4194321502651133	0.5234681879176517	0.44020959398161696	0.5234681879176517	0.559790406018383	0.5714285714285714	endpoint
P_AQ.900	0.0	0.293898755926484	0.8383711123171652	1.4898252149558726	0.3947419139436238	0.22197815364508267	0.6052580860563762	0.7780218463549173	0.7142857142857143	baseline
P_AQ.901	0.0	0.5798211540871162	1.1622869524020627	1.3241209928937614	0.3014905130581829	0.2239703531129862	0.6985094869418171	0.7760296468870138	0.7142857142857143	baseline
P_AQ.902	0.0	0.24284740608498792	0.3333631144528991	1.1631156701562297	0.5088332078236462	0.5318254859331359	0.5088332078236462	0.5318254859331359	0.7142857142857143	endpoint
P_AQ.903	0.0	0.04269699522488091	0.05563196007090646	1.164100239214701	0.4678809753299383	0.4667497689548295	0.5321190246700618	0.5332502310451706	0.5714285714285714	baseline
P_AQ.904	0.0	0.7796069082861291	1.1429051220645707	1.3853114074320376	0.2712411659763565	0.18650495890123106	0.7287588340236435	0.8134950410987689	0.8571428571428571	baseline
P_AQ.905	0.0	0.4648289350859403	0.4562115054490332	1.158392382009814	0.34366947207604787	0.3020518152637365	0.6563305279239522	0.6979481847362635	0.7142857142857143	baseline
P_AQ.906	0.0	0.17446547211601396	0.01125634528611076	1.4853120624575065	0.5297944272398508	0.47121095224001247	0.5297944272398508	0.5287890477599875	0.7142857142857143	endpoint
P_AQ.907	0.0	1.006931796973409	1.246567963456155	1.6717240655224808	0.20209077451273055	0.1881385589900258	0.7979092254872695	0.8118614410099743	0.8571428571428571	baseline
P_AQ.908	0.0	0.2758117773609957	0.46091999438285186	0.609414850337222	0.3849499431520921	0.37428583759572465	0.6150500568479079	0.6257141624042754	0.8571428571428571	baseline
P_AQ.909	0.0	0.49317343134867275	0.8962340179833349	1.668747683213546	0.6771922624822285	0.7064162543924736	0.6771922624822285	0.7064162543924736	0.5714285714285714	endpoint
P_AQ.91	0.0	1.2424154173175743	1.2959447456472608	1.8275000913562705	0.8106917553310229	0.8306863303470786	0.8106917553310229	0.8306863303470786	1.0	endpoint
P_AQ.910	0.0	0.6048443421438287	0.8957102098608896	1.9344164045622119	0.6048653512565269	0.7219868718510465	0.6048653512565269	0.7219868718510465	0.7142857142857143	endpoint
P_AQ.911	0.0	0.6876493905717542	1.1491139559603647	1.5921171829202105	0.6803238294337149	0.8207969840452858	0.6803238294337149	0.8207969840452858	0.7142857142857143	endpoint
P_AQ.912	0.0	0.11925229109509407	0.4106017495164787	1.2950386099846176	0.46135419516459925	0.3634428840883417	0.5386458048354008	0.6365571159116583	0.7142857142857143	baseline
P_AQ.913	0.0	0.8679388111392105	0.9437642836947715	1.728911675459569	0.21677402040394345	0.1043959469443045	0.7832259795960566	0.8956040530556955	1.0	baseline
P_AQ.914	0.14285714285714285	0.8549044678630949	0.8479574315245954	2.109072779162681	0.6909144232169838	0.7230009794181118	0.6909144232169838	0.7230009794181118	0.8571428571428571	endpoint
P_AQ.915	0.0	0.21825953173731732	0.29727693448732906	1.1453404054933594	0.4072911819335041	0.3975042532768195	0.5927088180664959	0.6024957467231805	0.7142857142857143	baseline
P_AQ.916	0.0	0.31431250480682177	0.9427849500953362	1.9382144566271355	0.33492810005406126	0.22735725181284294	0.6650718999459387	0.7726427481871571	0.7142857142857143	baseline
P_AQ.917	0.0	0.6466220108630291	0.5322145309139243	1.5708816040084657	0.3008275723663073	0.24899822721319967	0.6991724276336927	0.7510017727868004	0.8571428571428571	baseline
P_AQ.918	0.0	0.5308953314279168	0.7989801963260892	1.6724427375684274	0.314178756053995	0.30406135783533406	0.685821243946005	0.6959386421646659	0.7142857142857143	baseline
P_AQ.919	0.0	0.19215444341755486	0.4554329710916275	1.4509071267943268	0.5496779880460568	0.5069159291737786	0.5496779880460568	0.5069159291737786	0.5714285714285714	endpoint
P_AQ.92	0.0	0.07705697655316476	0.21528619785561826	1.3464174261806632	0.4772748002426242	0.4952004987882574	0.5227251997573759	0.5047995012117426	0.5714285714285714	endpoint
P_AQ.920	0.0	0.5924998102135163	0.9270542583570667	1.508837666035519	0.3279501175975608	0.2190734748487708	0.6720498824024392	0.7809265251512292	0.7142857142857143	baseline
P_AQ.921	0.0	0.14902887088696956	0.2671524109862912	1.6599159824227816	0.39934284672197834	0.5112883120874757	0.6006571532780216	0.5112883120874757	0.5714285714285714	baseline
P_AQ.922	0.14285714285714285	0.7235894139613406	1.1448602674158965	2.1419002632667907	0.6794748754517829	0.8722890869103548	0.6794748754517829	0.8722890869103548	0.5714285714285714	endpoint
P_AQ.923	0.0	0.8299631516000325	0.6881594655950098	1.7160291196939155	0.6941601253334536	0.6418758850636368	0.6941601253334536	0.6418758850636368	0.8571428571428571	endpoint
P_AQ.924	0.0	0.12719905909752188	0.1599496259987633	1.5445543395798669	0.4099388656155809	0.401766601007514	0.5900611343844191	0.598233398992486	0.5714285714285714	baseline
P_AQ.925	0.0	0.6525495068239086	0.7710860672446588	1.1854098097033008	0.27595185483386236	0.22266484182943827	0.7240481451661376	0.7773351581705618	1.0	baseline
P_AQ.926	0.14285714285714285	0.9299482128168641	1.1008645949928164	2.0542398549409397	0.7240868405641055	0.7403074028249973	0.7240868405641055	0.7403074028249973	0.7142857142857143	endpoint
P_AQ.927	0.0	0.22807416472890277	0.07742540428668794	1.6648274644955476	0.4005835940165633	0.40440748882016303	0.5994164059834367	0.595592511179837	0.5714285714285714	baseline
P_AQ.928	0.0	0.1356070572045399	0.29934688313538177	1.6013547226228817	0.4562048001170687	0.41277679622236274	0.5437951998829313	0.5872232037776373	0.7142857142857143	baseline
P_AQ.929	0.0	0.3738583107337931	0.5886091042146062	1.40618624116461	0.5653975366189015	0.5162182660142327	0.5653975366189015	0.5162182660142327	0.5714285714285714	endpoint
P_AQ.93	0.0	0.6238584512971265	1.1071297452425455	1.630825768067284	0.2766648052635225	0.25694651230477045	0.7233351947364774	0.7430534876952295	0.8571428571428571	baseline
P_AQ.930	0.0	1.2272591712712235	1.262287729549856	1.509315764103466	0.12057487289831866	0.10112644953495319	0.8794251271016813	0.8988735504650468	1.0	baseline
P_AQ.931	0.0	0.2692176723762772	0.04766662756538038	1.497595355384482	0.3832592324474694	0.4876333691566198	0.6167407675525306	0.5123666308433802	0.8571428571428571	baseline
P_AQ.932	0.0	0.4251357343221807	0.351134155349619	1.4066881754268241	0.3423384056108057	0.35523187537019946	0.6576615943891944	0.6447681246298005	0.8571428571428571	baseline
P_AQ.933	0.0	0.49825554246339515	0.2551686923732978	1.506854814767561	0.31488240696613806	0.35110282278709826	0.685117593033862	0.6488971772129017	1.0	baseline
P_AQ.934	0.0	0.08720418716903176	0.217752087658632	1.566318506776823	0.47639628070178375	0.45951569704926065	0.5236037192982163	0.5404843029507393	0.5714285714285714	endpoint
P_AQ.935	0.0	0.49351066296120305	0.516513887087803	1.4864402823673728	0.615160906333748	0.5630399140675555	0.615160906333748	0.5630399140675555	0.7142857142857143	endpoint
P_AQ.936	0.0	0.6642990467314833	0.5993856222743471	1.7680195870703797	0.3119364245719147	0.32403729545337234	0.6880635754280853	0.6759627045466277	0.8571428571428571	baseline
P_AQ.937	0.0	1.0421600494455965	1.2580457418406983	1.5131439128809534	0.19472123534146288	0.15094063399038188	0.8052787646585371	0.8490593660096182	0.8571428571428571	baseline
P_AQ.938	0.0	0.10028803021657821	0.18798917845882726	1.1814030247347804	0.48240039321675177	0.5178207631702794	0.5175996067832482	0.5178207631702794	0.7142857142857143	endpoint
P_AQ.939	0.0	0.43709975088157765	0.8447510849415206	1.4048835016841899	0.3688800734313459	0.29706317025240386	0.6311199265686541	0.7029368297475962	0.7142857142857143	baseline
P_AQ.94	0.0	0.48399248413760343	0.33229111582766335	1.719187417439185	0.6131378909489854	0.5490315946074261	0.6131378909489854	0.5490315946074261	0.5714285714285714	endpoint
P_AQ.940	0.0	0.10299592173924943	0.3985461268305256	1.361799164401329	0.5203590086429861	0.5828395312796875	0.5203590086429861	0.5828395312796875	0.5714285714285714	endpoint
P_AQ.941	0.0	0.4180702065505149	0.9467050890519838	1.3777673578512868	0.35648250718419056	0.21556709326081022	0.6435174928158094	0.7844329067391898	0.7142857142857143	baseline
P_AQ.942	0.0	0.5867643924512522	0.6675966485002515	1.4401421773542542	0.2911765637365238	0.22134872631605726	0.7088234362634762	0.7786512736839427	0.7142857142857143	baseline
P_AQ.943	0.0	0.04224187496897047	0.006372943507185897	1.1707599061369225	0.41421008099112255	0.4867190927274734	0.5857899190088774	0.5132809072725266	0.5714285714285714	baseline
P_AQ.944	0.0	0.7173824198886845	0.6514754528197024	1.6063556476922636	0.2723735550249053	0.3266142488902321	0.7276264449750947	0.6733857511097678	1.0	baseline
P_AQ.945	0.0	0.3378650061901314	0.3794813936083544	1.6287516123415886	0.5579527691492389	0.5844462875655141	0.5579527691492389	0.5844462875655141	0.5714285714285714	endpoint
P_AQ.946	0.0	0.4761400037489389	0.7253945134296113	1.163576908315967	0.3098342304686685	0.28606534930050886	0.6901657695313315	0.7139346506994911	0.7142857142857143	baseline
P_AQ.947	0.0	0.3211635912823139	0.5741804000207397	1.3374039402590596	0.5632762384553979	0.5931795681711516	0.5632762384553979	0.5931795681711516	0.5714285714285714	endpoint
P_AQ.948	0.0	0.13263794240406687	0.08059825277656066	1.6660471250794193	0.383456138194353	0.4160593731410115	0.616543861805647	0.5839406268589885	0.5714285714285714	baseline
P_AQ.949	0.0	0.26240956078727784	0.08570864744657164	1.7311489066617731	0.37906756977441264	0.4141578277850064	0.6209324302255874	0.5858421722149936	0.7142857142857143	baseline
P_AQ.95	0.0	0.42536480669027066	0.7039777352388005	1.628389769233895	0.6312561351861714	0.646782381092272	0.6312561351861714	0.646782381092272	0.5714285714285714	endpoint
P_AQ.950	0.0	0.7257439403312756	0.9151369624298942	1.3977755354348722	0.2724187296191081	0.26806917873156	0.7275812703808919	0.73193082126844	0.8571428571428571	baseline
P_AQ.951	0.0	1.066840604972514	1.0844297514051704	1.9728444708494777	0.7752042693817666	0.8368232064828215	0.7752042693817666	0.8368232064828215	1.0	endpoint
P_AQ.952	0.0	0.20582771308586859	0.009907401946387716	1.8677355703037042	0.42325728551658404	0.44973595167232294	0.576742714483416	0.5502640483276771	0.5714285714285714	baseline
P_AQ.953	0.0	0.12639154464076352	0.2150712377848789	1.2976690524491556	0.44099044853500324	0.36171263340137383	0.5590095514649968	0.6382873665986262	0.5714285714285714	baseline
P_AQ.954	0.0	0.12754374987957498	0.28250025256834643	1.4393561172394183	0.4257054622996563	0.3407975648951456	0.5742945377003437	0.6592024351048544	0.7142857142857143	baseline
P_AQ.955	0.0	0.8103945598026562	0.5215167366440623	1.559340388647696	0.7136428763728067	0.681346402767335	0.7136428763728067	0.681346402767335	0.8571428571428571	endpoint
P_AQ.956	0.0	0.05941688976011667	0.47875794258215293	1.492073116410923	0.44178991863788514	0.5806269197498272	0.5582100813621149	0.5806269197498272	0.5714285714285714	endpoint
P_AQ.957	0.0	1.1644768938499566	1.353937028700153	1.7340835219879425	0.789690188325002	0.8232886699709223	0.789690188325002	0.8232886699709223	0.8571428571428571	endpoint
P_AQ.958	0.0	0.9299190175237344	1.0335869398475406	1.5046756429720611	0.17777332461630443	0.11683788987217059	0.8222266753836955	0.8831621101278294	1.0	baseline
P_AQ.959	0.0	0.37914095400197606	0.41368978844701176	1.8830811067359072	0.4026417599174642	0.3702438056407172	0.5973582400825358	0.6297561943592829	0.7142857142857143	baseline
P_AQ.96	0.0	0.5585521814357076	1.0746036469620475	1.3037540748356433	0.2576719213500687	0.1917585151570638	0.7423280786499313	0.8082414848429362	0.7142857142857143	baseline
P_AQ.960	0.0	0.14269823051591196	0.27161728371089366	1.3600829163872794	0.5426084627076656	0.6648267428352829	0.5426084627076656	0.6648267428352829	0.5714285714285714	endpoint
P_AQ.961	0.0	0.5598936370895036	1.0472316057654367	1.6257357284900786	0.6186325513520922	0.7852245257208266	0.6186325513520922	0.7852245257208266	0.5714285714285714	endpoint
P_AQ.962	0.0	0.1068131051156416	0.08853777756048078	1.1630534473802607	0.5416072170629055	0.49644995446575335	0.5416072170629055	0.5035500455342466	0.5714285714285714	endpoint
P_AQ.963	0.0	0.10075129738568392	0.03832097854243013	1.18566160925234	0.4297389963484465	0.4495543136326072	0.5702610036515535	0.5504456863673928	0.5714285714285714	baseline
P_AQ.964	0.0	0.3740973130922381	0.20388645656064483	1.5906058812170074	0.34007127204100723	0.3950488336367533	0.6599287279589927	0.6049511663632468	0.7142857142857143	baseline
P_AQ.965	0.0	0.8780076403723692	1.1747801443050143	1.6613112175104694	0.22743178335787767	0.23146833786973858	0.7725682166421224	0.7685316621302614	1.0	baseline
P_AQ.966	0.0	0.5311108535199819	0.47893974788408383	1.0411288972873507	0.6121606886678671	0.6540619715360654	0.6121606886678671	0.6540619715360654	0.7142857142857143	endpoint
P_AQ.967	0.0	0.21534192394870622	0.10308326290162624	1.5500441812948744	0.40058521854218104	0.4295413553603997	0.599414781457819	0.5704586446396003	0.8571428571428571	baseline
P_AQ.968	0.0	0.25247962890699877	0.07588360617479924	1.4265656862343334	0.5481389259016182	0.4742852776751829	0.5481389259016182	0.5257147223248171	0.5714285714285714	endpoint
P_AQ.969	0.0	0.1151943437587143	0.06154088151453149	1.1900171017815764	0.4324636064575154	0.41681290826817563	0.5675363935424846	0.5831870917318244	0.5714285714285714	baseline
P_AQ.97	0.0	0.7876260161405847	0.8041412919355914	1.210781658257835	0.26391512128605366	0.2410985453425122	0.7360848787139463	0.7589014546574878	1.0	baseline
P_AQ.970	0.0	0.43252638665164433	0.7414209077908878	1.6358908987912002	0.38105929385745796	0.3118179715089731	0.618940706142542	0.6881820284910269	0.5714285714285714	baseline
P_AQ.971	0.0	0.5318547960287615	0.492474762629544	1.7340397505969825	0.3509767358138536	0.27813922000680225	0.6490232641861464	0.7218607799931978	0.7142857142857143	baseline
P_AQ.972	0.0	0.584259935869449	0.4528906193923325	1.342844260367992	0.2864855865536044	0.37965486425923495	0.7135144134463955	0.620345135740765	0.8571428571428571	baseline
P_AQ.973	0.0	0.07472976961105013	0.0602326430022752	1.227281020232709	0.490376501727592	0.5650229523705556	0.5096234982724079	0.5650229523705556	0.5714285714285714	endpoint
P_AQ.974	0.0	0.2858044780401575	0.17800570665684765	1.5405125335879462	0.5772473980003842	0.48505026339562746	0.5772473980003842	0.5149497366043725	0.5714285714285714	endpoint
P_AQ.975	0.0	0.0982440333069944	0.008480454694440708	1.4856662960758062	0.45336715265637373	0.44133432153335717	0.5466328473436263	0.5586656784666428	0.5714285714285714	baseline
P_AQ.976	0.0	1.1918871438777325	1.318751009750788	1.9541667872038029	0.1250515724600197	0.05580468124100218	0.8749484275399804	0.9441953187589979	1.0	baseline
P_AQ.977	0.0	1.2308453738257408	1.179065093491563	1.6760416566302885	0.8286359997679965	0.8783401303963235	0.8286359997679965	0.8783401303963235	1.0	endpoint
P_AQ.978	0.0	0.3399450643366581	0.7373992013506008	1.0678316974035946	0.4148572252222696	0.2756255084798538	0.5851427747777305	0.7243744915201462	0.7142857142857143	baseline
P_AQ.979	0.0	0.5468628091510614	0.8207236475027644	1.3517705372061761	0.33561787576463725	0.21954190417092528	0.6643821242353627	0.7804580958290748	0.5714285714285714	baseline
P_AQ.98	0.0	0.7970119802561009	1.111175247824147	1.7961300475385615	0.6977888150500487	0.7008434355777711	0.6977888150500487	0.7008434355777711	0.7142857142857143	endpoint
P_AQ.980	0.0	0.24175982638130056	0.3740910626530479	1.6273878782510416	0.39822048780551605	0.3307676556450178	0.601779512194484	0.6692323443549821	0.8571428571428571	baseline
P_AQ.981	0.0	0.24875129747624206	0.9342203245505012	1.42589248162617	0.6018426049911881	0.7342581548098561	0.6018426049911881	0.7342581548098561	0.5714285714285714	endpoint
P_AQ.982	0.0	0.31371164101740645	0.44014326069168624	1.8042677682157744	0.5380159215396191	0.5722970920568661	0.5380159215396191	0.5722970920568661	0.5714285714285714	endpoint
P_AQ.983	0.0	0.8031703034433821	1.2117441846393509	1.6573828754726738	0.20416577803220118	0.15472257107894305	0.7958342219677988	0.845277428921057	0.8571428571428571	baseline
P_AQ.984	0.0	0.9170663594544267	1.0056572982843108	1.355318249101814	0.21266159771415344	0.21899947307362957	0.7873384022858465	0.7810005269263705	1.0	baseline
P_AQ.985	0.0	0.17458576792448374	0.25231316023911304	1.6893310726757853	0.4524778546565811	0.4229227507739428	0.5475221453434189	0.5770772492260572	0.7142857142857143	baseline
P_AQ.987	0.0	0.5196350417515123	0.7172262524756312	1.488646023381908	0.3483947228739326	0.3226332815633209	0.6516052771260674	0.6773667184366792	0.7142857142857143	baseline
P_AQ.988	0.0	0.7014191565359583	0.7705494405387876	1.3048069638468087	0.6386305741396044	0.6257220820819299	0.6386305741396044	0.6257220820819299	0.7142857142857143	endpoint
P_AQ.989	0.0	0.7645630499419678	1.007988133329376	1.135121423497139	0.688851744153875	0.7541797657862441	0.688851744153875	0.7541797657862441	0.7142857142857143	endpoint
P_AQ.99	0.0	0.10208637964838359	0.2104731486826401	1.5558512078830313	0.4967177098886025	0.3940417544994435	0.5032822901113976	0.6059582455005565	0.5714285714285714	endpoint
P_AQ.990	0.0	0.7491678514716594	0.7391452932747641	1.6683062530090065	0.6896672823016889	0.6367967924124728	0.6896672823016889	0.6367967924124728	0.7142857142857143	endpoint
P_AQ.991	0.0	0.6801055982461494	1.0714256576435672	1.6385624859809718	0.708007100027317	0.7822102338714624	0.708007100027317	0.7822102338714624	0.8571428571428571	endpoint
P_AQ.992	0.0	0.08239518416162027	0.03031539176375728	1.174263111901983	0.42997635743811446	0.5255847302380088	0.5700236425618855	0.5255847302380088	0.5714285714285714	baseline
P_AQ.993	0.0	0.6080153950146844	0.45199176651474626	1.5430746985956016	0.6555589322232855	0.6185192935359181	0.6555589322232855	0.6185192935359181	0.8571428571428571	endpoint
P_AQ.994	0.0	0.7423396770503461	0.575222085748173	1.5646723035387815	0.6949838161422247	0.7806187326611671	0.6949838161422247	0.7806187326611671	0.8571428571428571	endpoint
P_AQ.995	0.0	0.20601749948097833	0.7452887640874757	1.503955993047659	0.5601557637464284	0.6381220410174407	0.5601557637464284	0.6381220410174407	0.5714285714285714	endpoint
P_AQ.996	0.0	0.18445798040888847	0.6254045489542056	1.1282735615786144	0.42813554568460993	0.3319482062301168	0.5718644543153901	0.6680517937698832	0.7142857142857143	baseline
P_AQ.997	0.0	0.32082676969446566	1.090417588873297	1.6960647685153827	0.5414953870912985	0.6767489531459673	0.5414953870912985	0.6767489531459673	0.5714285714285714	endpoint
P_AQ.998	0.0	1.241949111634063	1.2747535266930217	1.6426583628568105	0.11650352640437601	0.024880414135707095	0.883496473595624	0.9751195858642929	1.0	baseline
P_AQ.999	0.0	0.16234307525415245	0.29773397264570883	1.3529147848577774	0.38660515189268146	0.4717446104767182	0.6133948481073186	0.5282553895232818	0.5714285714285714	baseline
P_LP.1	0.0	0.40367835421024933	0.633774394321192	1.5752299671494985	0.3964736397289524	0.34063523224766734	0.6035263602710477	0.6593647677523327	0.5714285714285714	baseline
P_LP.10	0.0	0.763629272390011	0.7752181418075516	1.3121203147874758	0.23550957658576951	0.2368551606901344	0.7644904234142305	0.7631448393098657	1.0	baseline
P_LP.100	0.0	0.7415652180008285	0.4952886795577217	1.6130784491605719	0.22363283812378923	0.28155889323235417	0.7763671618762108	0.7184411067676458	1.0	baseline
P_LP.1000	0.0	0.04256400204422902	0.033063671033641	1.6655455187930743	0.4718645679472221	0.470218504032555	0.5281354320527779	0.529781495967445	0.5714285714285714	baseline
P_LP.1001	0.0	0.07630192365372869	0.23162037124186854	1.2666091035481177	0.49026581949088854	0.42738652875670025	0.5097341805091115	0.5726134712432998	0.5714285714285714	baseline
P_LP.1002	0.0	0.8741530296189097	1.1796119374770855	1.6176829080194872	0.24966665185929154	0.10720073603038098	0.7503333481407084	0.8927992639696191	0.8571428571428571	baseline
P_LP.1003	0.0	0.15629957137565847	0.26223795724083826	1.6737172603012929	0.42488959899570145	0.38612712029759394	0.5751104010042986	0.613872879702406	0.5714285714285714	baseline
P_LP.1004	0.0	0.533504418814387	0.4066683216844162	1.542138066480421	0.31857213053898586	0.29473077421644905	0.6814278694610141	0.7052692257835509	0.8571428571428571	baseline
P_LP.1005	0.0	0.21501359978845527	0.5488836541364406	1.3690537057595011	0.5484188919488456	0.598675444611247	0.5484188919488456	0.598675444611247	0.5714285714285714	endpoint
P_LP.1006	0.0	0.1325508342076445	0.036064188092795414	1.2505852155573687	0.528832980348078	0.5775047344318006	0.528832980348078	0.5775047344318006	0.5714285714285714	endpoint
P_LP.1007	0.0	0.5958103665887178	1.1368798590488884	1.3364450589396273	0.30483409126161903	0.2321070344897194	0.695165908738381	0.7678929655102806	0.8571428571428571	baseline
P_LP.1008	0.0	0.8769709286090556	1.1805138837862748	1.8043394919896187	0.7565347371493362	0.8380564632132859	0.7565347371493362	0.8380564632132859	0.7142857142857143	endpoint
P_LP.1009	0.0	0.37606699417349276	0.3688185647173593	1.5814076643382977	0.5781313746809474	0.5569111715045681	0.5781313746809474	0.5569111715045681	0.5714285714285714	endpoint
P_LP.101	0.0	0.2789008898125877	0.27238806370148766	1.2700508853187822	0.578790413783423	0.6860806074736311	0.578790413783423	0.6860806074736311	0.5714285714285714	endpoint
P_LP.1010	0.0	0.6087458343862157	0.8137974748276117	1.5133099265144063	0.668252880029889	0.6850757131353866	0.668252880029889	0.6850757131353866	0.7142857142857143	endpoint
P_LP.1011	0.0	0.7364991459540746	0.6583658152594151	1.547366101241793	0.679733793866555	0.6193713184721755	0.679733793866555	0.6193713184721755	0.8571428571428571	endpoint
P_LP.1012	0.0	0.3637964261723375	0.38155178860977707	1.0623604105059212	0.3922293277641505	0.3186380262533219	0.6077706722358496	0.6813619737466781	0.8571428571428571	baseline
P_LP.1013	0.0	0.46291705891346074	0.45703163767481536	1.6011695972061644	0.32759432960606516	0.3349789000977066	0.6724056703939348	0.6650210999022934	0.7142857142857143	baseline
P_LP.1014	0.0	0.03785356097032851	0.6785319067873699	1.341223156899751	0.5519088308057117	0.6528881093577193	0.5519088308057117	0.6528881093577193	0.5714285714285714	endpoint
P_LP.1015	0.0	0.7813433267370481	1.032895371741233	1.4989762089661525	0.26220926352203483	0.2030221821576097	0.7377907364779652	0.7969778178423903	1.0	baseline
P_LP.1016	0.0	0.15227437874955166	0.5169531632692478	1.4537560878291544	0.535008777659426	0.5343925744404856	0.535008777659426	0.5343925744404856	0.5714285714285714	endpoint
P_LP.1017	0.0	0.4242164747173266	0.3522338928689312	1.111908833397589	0.3418264268389895	0.39892556490613107	0.6581735731610105	0.6010744350938689	0.8571428571428571	baseline
P_LP.1018	0.0	0.8365449916906501	1.1086972539962168	1.7891293236757198	0.6887945181205266	0.817358157136448	0.6887945181205266	0.817358157136448	0.7142857142857143	endpoint
P_LP.1019	0.0	0.4274770613653997	0.42991447921483483	1.1663900589618406	0.33254692458159224	0.3604900442100712	0.6674530754184078	0.6395099557899289	0.5714285714285714	baseline
P_LP.102	0.0	0.9832575440572976	1.1355952194283334	1.669055873232718	0.7925305182961961	0.8450793912425882	0.7925305182961961	0.8450793912425882	0.8571428571428571	endpoint
P_LP.1020	0.0	0.5915050721154957	0.938660021364238	1.5299091149957342	0.614206395694579	0.6912641746433421	0.614206395694579	0.6912641746433421	0.7142857142857143	endpoint
P_LP.1021	0.0	0.8050268501615616	1.0254479776918974	1.8971366274752934	0.6494366530460346	0.7473707326019298	0.6494366530460346	0.7473707326019298	0.7142857142857143	endpoint
P_LP.1022	0.0	0.0956876655327256	0.441425269563007	1.5766790517355251	0.41690828336092606	0.4348167395742947	0.5830917166390739	0.5651832604257053	0.5714285714285714	baseline
P_LP.1023	0.0	0.5001355570265329	0.9266843858447309	1.8016020969176625	0.5835271912843508	0.6264452078480346	0.5835271912843508	0.6264452078480346	0.5714285714285714	endpoint
P_LP.1024	0.0	0.0006338479545665418	0.36381514365114537	1.711268351029438	0.48605747911393643	0.581422771604662	0.5139425208860635	0.581422771604662	0.5714285714285714	endpoint
P_LP.1025	0.0	0.04307845951096288	0.5710730788551641	1.3399754442805556	0.40416477191784556	0.38918042471527764	0.5958352280821544	0.6108195752847223	0.5714285714285714	baseline
P_LP.1027	0.0	0.5551325445268548	0.7574790420359215	1.1502666794193175	0.30228703020763187	0.22921927518203944	0.6977129697923681	0.7707807248179606	0.8571428571428571	baseline
P_LP.1028	0.0	0.5488677695076568	1.0095662588364085	1.6566707217046113	0.29010531310955023	0.24802751993541927	0.7098946868904498	0.7519724800645807	0.7142857142857143	baseline
P_LP.1029	0.0	0.19920143344866534	0.11850986138810006	1.3903315021962384	0.4453549620414516	0.4051476747827494	0.5546450379585484	0.5948523252172506	0.7142857142857143	baseline
P_LP.103	0.14285714285714285	0.16957321986814064	0.28090215442602745	2.3902370642248876	0.5603031076385523	0.5494907938569763	0.5603031076385523	0.5494907938569763	0.7142857142857143	endpoint
P_LP.1030	0.0	0.21381746240658556	0.14037861747308444	1.2645317556154185	0.3807510040744919	0.3938154796241298	0.6192489959255081	0.6061845203758702	0.5714285714285714	baseline
P_LP.1031	0.0	0.7057805927997828	0.9521962671599529	1.6614775483519424	0.7006935946298469	0.6827554230523722	0.7006935946298469	0.6827554230523722	0.7142857142857143	endpoint
P_LP.1032	0.0	0.017029884136529314	0.02213387322749056	1.5719225529906828	0.5250422380230646	0.4296064468546851	0.5250422380230646	0.5703935531453149	0.5714285714285714	endpoint
P_LP.1033	0.0	0.00303053764391577	0.14231522104659106	1.7320059827224703	0.47359556363508354	0.4435307671233654	0.5264044363649165	0.5564692328766345	0.5714285714285714	baseline
P_LP.1034	0.0	0.33788822063447693	0.45694296443332466	1.292493113765643	0.5755355456528729	0.5487464977773095	0.5755355456528729	0.5487464977773095	0.5714285714285714	endpoint
P_LP.1035	0.0	0.2727431102353445	0.3857038967234148	1.443621504307706	0.5420840442515256	0.5295309103784331	0.5420840442515256	0.5295309103784331	0.5714285714285714	endpoint
P_LP.1036	0.0	0.09352182136618595	0.02783487822764816	1.1501852499198035	0.4222261654477341	0.47243884993966384	0.5777738345522658	0.5275611500603361	0.7142857142857143	baseline
P_LP.1037	0.0	0.055153492530591555	0.2907610533532055	1.6078077273017148	0.43830079068486005	0.531259265550376	0.56169920931514	0.531259265550376	0.5714285714285714	endpoint
P_LP.1038	0.0	0.13338717603669364	0.14206437910319958	1.2771272347128761	0.47885905747246776	0.5079965306904486	0.5211409425275322	0.5079965306904486	0.5714285714285714	endpoint
P_LP.1039	0.0	0.10735978533485693	0.3234166190475792	1.7197888106800774	0.4259062930556165	0.3257082033096607	0.5740937069443834	0.6742917966903392	0.5714285714285714	baseline
P_LP.104	0.0	0.9798814986933438	1.198541914193226	1.8328468495732337	0.7948252795395321	0.861883786559131	0.7948252795395321	0.861883786559131	0.8571428571428571	endpoint
P_LP.1040	0.0	0.4520732399432928	0.8050696195033489	1.697041535042225	0.5870567986639854	0.7218551024469988	0.5870567986639854	0.7218551024469988	0.5714285714285714	endpoint
P_LP.1041	0.0	0.09463049663907173	0.47853620320192847	1.724851573479144	0.4805931219733713	0.5390236287948295	0.5194068780266288	0.5390236287948295	0.5714285714285714	endpoint
P_LP.1043	0.0	0.1792043269222419	0.579453323671487	1.6957286941074137	0.5300188242905441	0.6384503723127899	0.5300188242905441	0.6384503723127899	0.5714285714285714	endpoint
P_LP.1044	0.0	0.3409377595445272	0.648582591785193	1.3187865412708446	0.414891197079104	0.25986672132442623	0.585108802920896	0.7401332786755738	0.7142857142857143	baseline
P_LP.1045	0.0	0.33736480572225525	0.5771058809705292	1.205550329575432	0.5598930914771103	0.6105461358310807	0.5598930914771103	0.6105461358310807	0.7142857142857143	endpoint
P_LP.1046	0.0	0.09218599847889695	0.146380613691753	0.7605392587204477	0.4233620297414176	0.39158217500221015	0.5766379702585824	0.6084178249977898	0.5714285714285714	baseline
P_LP.1047	0.0	0.42986923953602385	0.43405273500695424	1.700713273285788	0.35788362309995847	0.31570219298337054	0.6421163769000415	0.6842978070166295	0.8571428571428571	baseline
P_LP.1048	0.0	0.6037570417065928	1.0345106154878083	1.2153390889045819	0.2898622623931194	0.24040173224740055	0.7101377376068806	0.7595982677525994	0.8571428571428571	baseline
P_LP.1049	0.0	0.5513667551701121	0.9525880742060674	1.1702131146754402	0.32230090099896336	0.2718618307955243	0.6776990990010366	0.7281381692044757	0.8571428571428571	baseline
P_LP.105	0.0	0.841520297766688	1.1306421349798748	1.5586477208202003	0.25101707507134097	0.19221088261430613	0.748982924928659	0.8077891173856939	0.8571428571428571	baseline
P_LP.1050	0.0	0.2522394441435051	0.20630817377542052	1.4351252649833084	0.42787158075511217	0.36928351101789453	0.5721284192448879	0.6307164889821055	0.7142857142857143	baseline
P_LP.1051	0.0	1.2405273798220848	1.1930788321185901	1.8263088611730767	0.12078048668798355	0.08338575768328288	0.8792195133120164	0.9166142423167172	1.0	baseline
P_LP.1052	0.0	0.14553227552577455	0.2380882732553208	1.3020678147267024	0.5599166771271166	0.5224262380144347	0.5599166771271166	0.5224262380144347	0.5714285714285714	endpoint
P_LP.1054	0.0	0.12698785089146442	0.10039001468825692	1.456109006204981	0.4555776058018646	0.44658573514976485	0.5444223941981354	0.5534142648502351	0.5714285714285714	baseline
P_LP.1055	0.0	0.07379701463749004	0.022849677137472036	1.6964062759481726	0.5608263807479924	0.4355107194426002	0.5608263807479924	0.5644892805573998	0.5714285714285714	endpoint
P_LP.1056	0.0	0.4142495705769802	1.039140658695876	1.4385231600659476	0.5793627524659133	0.5851027562582363	0.5793627524659133	0.5851027562582363	0.5714285714285714	endpoint
P_LP.1057	0.0	1.0262302578566722	1.2358679951392235	1.7978788970169963	0.20820654822305426	0.037669149768578526	0.7917934517769457	0.9623308502314215	0.8571428571428571	baseline
P_LP.1058	0.0	0.38840538865201785	0.26442699013376253	1.6457121901164031	0.5963987763249582	0.5714648649649692	0.5963987763249582	0.5714648649649692	0.5714285714285714	endpoint
P_LP.1059	0.0	0.5074925838311118	0.5555977190047661	1.3828701749133985	0.6267849868819244	0.5972025346773722	0.6267849868819244	0.5972025346773722	0.7142857142857143	endpoint
P_LP.106	0.0	0.4691962874830416	0.5209594711338772	1.1158130004370856	0.33894372703574127	0.3465696255507531	0.6610562729642587	0.6534303744492469	0.8571428571428571	baseline
P_LP.1060	0.0	0.6705274312810686	0.8795728902994305	1.7617694958333703	0.6478686584257316	0.6148990110879538	0.6478686584257316	0.6148990110879538	0.5714285714285714	endpoint
P_LP.1061	0.0	0.5074106852477854	0.6292980010507342	1.6482349341571443	0.5830192501709527	0.6519113424626487	0.5830192501709527	0.6519113424626487	0.8571428571428571	endpoint
P_LP.1062	0.0	0.5097054096586532	0.5462913152741466	1.323987094802811	0.29600526671127564	0.34269648691443244	0.7039947332887244	0.6573035130855676	0.8571428571428571	baseline
P_LP.1063	0.0	0.23991616036669638	0.7431540480197979	1.227836565000801	0.4344351420473573	0.3125969547987758	0.5655648579526427	0.6874030452012242	0.7142857142857143	baseline
P_LP.1064	0.0	0.7872473116811998	1.1180938078155012	1.6655068833895887	0.23904435913844116	0.1715728594660686	0.7609556408615589	0.8284271405339314	0.8571428571428571	baseline
P_LP.1065	0.0	0.04155841399652333	0.2694100301962677	1.4823614153428395	0.4787436369162366	0.3850305387493905	0.5212563630837634	0.6149694612506095	0.7142857142857143	baseline
P_LP.1066	0.0	0.6945064547508466	0.5564829297785017	1.5882557043269183	0.31245707036813253	0.26110639356191223	0.6875429296318675	0.7388936064380878	0.8571428571428571	baseline
P_LP.1067	0.0	0.5038451294590887	0.7713280677925037	1.6515562539603628	0.3255206588289636	0.19044778193235146	0.6744793411710364	0.8095522180676485	0.7142857142857143	baseline
P_LP.1068	0.0	0.4308820527511525	0.9953921411463187	1.3636785408499874	0.3670326260767478	0.2740307494080228	0.6329673739232522	0.7259692505919773	0.7142857142857143	baseline
P_LP.1069	0.0	0.5347860568199118	0.650285516218575	1.0614335372922603	0.31449242934858657	0.28022383942730184	0.6855075706514134	0.7197761605726982	0.8571428571428571	baseline
P_LP.107	0.0	0.49686451492058825	0.4477163234528236	1.2537547795033406	0.3159842376058415	0.33031233288966927	0.6840157623941585	0.6696876671103307	1.0	baseline
P_LP.1070	0.14285714285714285	1.1463223489136085	0.7964758162591502	2.228412674854946	0.7812265592635066	0.7669377371374317	0.7812265592635066	0.7669377371374317	1.0	endpoint
P_LP.1071	0.0	0.2048061597143782	0.32580385858879807	1.4853629800542725	0.4575931141611573	0.4070695875645525	0.5424068858388427	0.5929304124354475	0.5714285714285714	baseline
P_LP.1072	0.0	0.30389867875551463	0.8882648705831709	1.3048650371099524	0.33898717697725606	0.277528214338355	0.6610128230227439	0.7224717856616449	0.7142857142857143	baseline
P_LP.1073	0.0	0.6488620794402244	1.127328772290818	1.5408512455635484	0.679916508478547	0.8356795114840084	0.679916508478547	0.8356795114840084	0.7142857142857143	endpoint
P_LP.1074	0.0	0.3232188605049789	0.20842616311612475	1.3249089011221336	0.38032298605925746	0.3684954206540488	0.6196770139407426	0.6315045793459513	0.8571428571428571	baseline
P_LP.1075	0.0	0.10160234123840794	0.38097390936692416	1.2475395488836059	0.4444329488173026	0.36797286349917946	0.5555670511826973	0.6320271365008205	0.7142857142857143	baseline
P_LP.1076	0.0	0.8572674268369561	0.7664804170975252	1.6345849390009901	0.2125051541245442	0.31200834088337687	0.7874948458754558	0.6879916591166231	1.0	baseline
P_LP.1077	0.0	0.27397147118054155	0.05085424950019636	1.1910183967654004	0.4182589447186252	0.4126493046680393	0.5817410552813749	0.5873506953319607	0.7142857142857143	baseline
P_LP.1078	0.0	0.3083071062929451	0.4307195280727267	1.0793168997918678	0.3547429204252345	0.2857814732784233	0.6452570795747655	0.7142185267215767	0.7142857142857143	baseline
P_LP.1079	0.0	0.25205424250793834	0.25848291352777114	1.2909904377950838	0.36834116731727146	0.35911311416310576	0.6316588326827286	0.6408868858368942	0.7142857142857143	baseline
P_LP.108	0.0	0.2538533247559892	0.4636528308684291	1.3157426122814029	0.385461966256227	0.355660699869502	0.614538033743773	0.644339300130498	0.7142857142857143	baseline
P_LP.1080	0.0	0.1880058995902558	0.34576004526478743	0.9626055835711386	0.5449445574287244	0.5747045843205634	0.5449445574287244	0.5747045843205634	0.7142857142857143	endpoint
P_LP.1081	0.0	0.34998604834443825	0.5351221623210581	1.2353294770866714	0.3755766809295456	0.36467140510781276	0.6244233190704545	0.6353285948921872	0.7142857142857143	baseline
P_LP.1082	0.0	0.3177660022634292	0.647053366804858	1.6028463475295218	0.3525321130180254	0.3272903683271901	0.6474678869819745	0.6727096316728098	0.7142857142857143	baseline
P_LP.1083	0.14285714285714285	1.348203730316884	1.4225034083705992	2.2712293950722695	0.8277625359179639	0.8310640340098929	0.8277625359179639	0.8310640340098929	1.0	endpoint
P_LP.1084	0.0	0.5458004621525632	0.5475336110002259	1.9022425298490986	0.34972900759426134	0.35923880037254147	0.6502709924057386	0.6407611996274585	0.7142857142857143	baseline
P_LP.1085	0.0	0.13091875357768454	0.28103927288391933	1.4781973966621191	0.44962703687914457	0.3745822774752335	0.5503729631208554	0.6254177225247666	0.8571428571428571	baseline
P_LP.1086	0.14285714285714285	0.04865856507213594	0.351057369431668	2.2450303635917406	0.4363322407485683	0.4016219861946869	0.5636677592514316	0.5983780138053131	0.7142857142857143	endpoint
P_LP.1087	0.0	0.46165596838491	0.118922727867274	1.9729609126177288	0.37655950766432505	0.40501189059663056	0.6234404923356749	0.5949881094033694	0.7142857142857143	baseline
P_LP.1088	0.0	0.5248459460648285	1.1296471627259004	1.7749180101035182	0.2681354465846438	0.13449549435292474	0.7318645534153563	0.8655045056470753	0.7142857142857143	baseline
P_LP.1089	0.14285714285714285	1.1437116765244397	1.189105387064996	2.0347064665940313	0.16517560063827916	0.11512370549589115	0.8348243993617208	0.8848762945041089	0.8571428571428571	baseline
P_LP.109	0.0	0.11838967824777212	0.009751016757465775	1.370296479063933	0.4730145405700369	0.47851153665309915	0.5269854594299631	0.5214884633469008	0.5714285714285714	endpoint
P_LP.1090	0.0	0.802846067036181	1.023795053357795	1.690647937461436	0.2667640698119218	0.16772889187554074	0.7332359301880782	0.8322711081244593	0.8571428571428571	baseline
P_LP.1092	0.0	0.21504925267694816	0.6727317032088423	1.4105987255864516	0.533845751709774	0.5290802782131132	0.533845751709774	0.5290802782131132	0.5714285714285714	endpoint
P_LP.1093	0.0	0.5094251403581199	1.008278284988909	1.2394666287500082	0.32400361279689466	0.27206050905309415	0.6759963872031054	0.7279394909469059	0.7142857142857143	baseline
P_LP.1094	0.0	0.6020658891479763	1.0253396840140536	1.6550009078364523	0.24373183184200103	0.11038432739335907	0.756268168157999	0.8896156726066409	0.7142857142857143	baseline
P_LP.1095	0.0	0.29485519509697056	0.46146961887702415	1.3363760749713893	0.551849539869968	0.4967791422719502	0.551849539869968	0.5032208577280498	0.5714285714285714	endpoint
P_LP.1096	0.0	0.5232606786086215	0.8345645925389578	1.3187749464591356	0.3064988440476363	0.2986206445947568	0.6935011559523637	0.7013793554052432	0.7142857142857143	baseline
P_LP.1097	0.0	0.04909448418442362	0.18992861346865372	1.5599813720320113	0.4797681227395172	0.43638013278152815	0.5202318772604828	0.5636198672184718	0.5714285714285714	endpoint
P_LP.1098	0.0	0.9518452978906272	0.8281926528116911	1.6732083802173483	0.7516946808334819	0.6786005378594941	0.7516946808334819	0.6786005378594941	1.0	endpoint
P_LP.1099	0.0	0.45639355070941495	0.5006630452725983	1.5513687214964578	0.3326757063305163	0.2731280346554982	0.6673242936694836	0.7268719653445018	0.8571428571428571	baseline
P_LP.11	0.0	0.02652466638099069	0.10496502539816205	1.3106850374442454	0.48733659309726024	0.454708188695868	0.5126634069027398	0.5452918113041321	0.7142857142857143	endpoint
P_LP.110	0.0	0.5598932681985146	0.9023773452248027	1.451215238269801	0.6746752379666787	0.7408986874258516	0.6746752379666787	0.7408986874258516	0.7142857142857143	endpoint
P_LP.1100	0.0	0.30685562191630095	0.5241567197805365	1.4945492101489535	0.3750266896687244	0.3277833251127332	0.6249733103312756	0.6722166748872668	0.8571428571428571	baseline
P_LP.1101	0.0	1.0676128455663445	1.1599154269310399	1.4802824176428726	0.7820251173895868	0.7310353611987832	0.7820251173895868	0.7310353611987832	1.0	endpoint
P_LP.1102	0.0	0.3622152475776244	0.2882282901214967	1.4963837330643508	0.3438356114869675	0.3390208475841319	0.6561643885130325	0.6609791524158681	0.7142857142857143	baseline
P_LP.1103	0.0	0.052394376799239716	0.3952579568621212	1.387122047488404	0.4404730995522871	0.32686892210369717	0.5595269004477129	0.6731310778963029	0.5714285714285714	baseline
P_LP.1104	0.0	0.6388177463593294	1.070457373133232	1.7124581640695695	0.2796399995429485	0.04773908968833606	0.7203600004570515	0.9522609103116639	0.8571428571428571	baseline
P_LP.1105	0.0	0.8302290253460692	1.1406192513698887	1.2162097602567628	0.7141418650706101	0.6519038614491608	0.7141418650706101	0.6519038614491608	0.8571428571428571	endpoint
P_LP.1106	0.0	0.7690677831605789	0.9903126137515132	1.6671947521370147	0.7238958374713159	0.7547435520254834	0.7238958374713159	0.7547435520254834	0.8571428571428571	endpoint
P_LP.1107	0.0	0.26007292327228415	0.43947155182094744	1.2075158169432871	0.3811997440065233	0.35902880566163037	0.6188002559934767	0.6409711943383696	0.5714285714285714	baseline
P_LP.1108	0.0	0.5517996122779649	0.525585008805072	1.705444306977365	0.6273145337783399	0.6254928268413095	0.6273145337783399	0.6254928268413095	0.7142857142857143	endpoint
P_LP.1109	0.0	0.21195108523650913	0.2933993789581645	1.6335942536393366	0.5241384015839411	0.5406170426692931	0.5241384015839411	0.5406170426692931	0.5714285714285714	endpoint
P_LP.111	0.0	0.07446423977491512	0.08593028822031806	1.7071654799597589	0.4825313065059938	0.5211650335835254	0.5174686934940063	0.5211650335835254	0.5714285714285714	endpoint
P_LP.1110	0.0	0.06042941805521499	0.31675544688372076	1.584491491108203	0.4604991605507337	0.526674135197055	0.5395008394492663	0.526674135197055	0.5714285714285714	endpoint
P_LP.1111	0.0	0.38835549854206464	0.6609596970532914	1.5612453848158672	0.3701832135585423	0.32516414551149625	0.6298167864414577	0.6748358544885038	0.7142857142857143	baseline
P_LP.1112	0.0	0.5434642237469912	0.5759700427559803	1.6451106564569027	0.6319369640874789	0.6304173523022802	0.6319369640874789	0.6304173523022802	0.7142857142857143	endpoint
P_LP.1113	0.0	0.5093742690881435	0.46341485752195016	1.6656879039832788	0.6361682822207494	0.5423994756168277	0.6361682822207494	0.5423994756168277	0.5714285714285714	endpoint
P_LP.1114	0.0	0.005294610018260386	0.036507453283538646	1.2754510191556587	0.5109113483636379	0.6030501122809765	0.5109113483636379	0.6030501122809765	0.5714285714285714	baseline
P_LP.1115	0.0	0.23346496126739055	0.38883899334691036	1.1056991466023174	0.5525693331239278	0.4856742072990703	0.5525693331239278	0.5143257927009297	0.5714285714285714	endpoint
P_LP.1116	0.0	0.5916818557805821	0.8711938758774193	1.5043109063820133	0.6822037084333841	0.8241142455347864	0.6822037084333841	0.8241142455347864	0.7142857142857143	endpoint
P_LP.1117	0.0	0.9087473316503633	1.1944955358486558	1.455892125800572	0.20692064181882183	0.19593253605072034	0.7930793581811781	0.8040674639492796	0.8571428571428571	baseline
P_LP.1118	0.0	0.28101538809396065	0.5738464014505732	1.1912411869358528	0.36749504852529963	0.32699217878113546	0.6325049514747003	0.6730078212188646	0.7142857142857143	baseline
P_LP.1119	0.0	0.9404988400372221	1.048114762601388	1.4900575523073718	0.7195498824003084	0.7249967849191584	0.7195498824003084	0.7249967849191584	0.8571428571428571	endpoint
P_LP.112	0.0	0.47127971474137	0.3847270599259527	1.586406826178296	0.6321372839768824	0.5858629234317683	0.6321372839768824	0.5858629234317683	0.5714285714285714	endpoint
P_LP.1120	0.14285714285714285	1.3315302839652288	1.2379619893346363	2.01140376711571	0.09060062818379665	0.05193158264706175	0.9093993718162033	0.9480684173529382	1.0	baseline
P_LP.1121	0.0	0.14344912204112864	0.293361271041807	1.1782848604761715	0.42642313211403443	0.38136848888863006	0.5735768678859656	0.6186315111113699	0.7142857142857143	baseline
P_LP.1122	0.0	0.7511257588821385	1.1984357811592758	1.7197239259904098	0.27465459152183863	0.16328328839175163	0.7253454084781614	0.8367167116082483	0.8571428571428571	baseline
P_LP.1123	0.0	0.570057422504896	0.6536009685110848	1.4139281185509305	0.6437879962406325	0.6311565628800981	0.6437879962406325	0.6311565628800981	0.5714285714285714	endpoint
P_LP.1124	0.0	0.9112273827075662	1.1676696350737026	1.8365327227106043	0.24271825947746484	0.09334415992241125	0.7572817405225352	0.9066558400775887	0.8571428571428571	baseline
P_LP.1125	0.0	0.5883647300717975	1.0400275926921931	1.306618166310894	0.6178481070883463	0.7398222192606481	0.6178481070883463	0.7398222192606481	0.7142857142857143	endpoint
P_LP.1126	0.0	0.05561044874524192	0.5160537667903273	1.4620745453125983	0.5000074788142428	0.3660295251754422	0.5000074788142428	0.6339704748245578	0.5714285714285714	baseline
P_LP.1127	0.0	0.9329945506251154	1.0687613402978782	1.327296383763548	0.19017532878760995	0.21399305884429523	0.80982467121239	0.7860069411557048	1.0	baseline
P_LP.1128	0.0	0.6798998479727482	0.9166324836727924	1.8031847883240313	0.6483594000935483	0.7016838402230482	0.6483594000935483	0.7016838402230482	0.7142857142857143	endpoint
P_LP.1129	0.0	0.2530755906274055	0.3773373198487822	1.541406196047929	0.5825863728040837	0.5864542873704773	0.5825863728040837	0.5864542873704773	0.5714285714285714	endpoint
P_LP.113	0.0	0.272592055760765	0.3571717265566285	1.8252211934664888	0.4471667844721697	0.46447417256617957	0.5528332155278304	0.5355258274338204	0.7142857142857143	baseline
P_LP.1130	0.0	0.59197370088257	0.9677222862120118	1.0965912381323282	0.2812413115042092	0.26471823837654307	0.7187586884957908	0.7352817616234569	0.8571428571428571	baseline
P_LP.1131	0.0	0.1277594610322518	0.04115436868217861	1.243044545802051	0.46222583065007944	0.44483353439531387	0.5377741693499205	0.5551664656046862	0.8571428571428571	baseline
P_LP.1132	0.0	1.1949902557499235	1.1960697371309197	1.5406953835578676	0.1320133271316997	0.12687302397500708	0.8679866728683003	0.8731269760249929	1.0	baseline
P_LP.1133	0.0	1.0855984146460074	1.3227756009507734	1.6870440677371765	0.789087229369523	0.780194108183063	0.789087229369523	0.780194108183063	0.8571428571428571	endpoint
P_LP.1134	0.0	1.1197451340348619	1.2455766564820314	1.6693292613792499	0.16847044653163948	0.17098843301087643	0.8315295534683605	0.8290115669891236	0.8571428571428571	baseline
P_LP.1135	0.0	0.07163310793514087	0.0953502343360362	1.6365024825863828	0.4705898371275497	0.476731399980449	0.5294101628724504	0.523268600019551	0.7142857142857143	baseline
P_LP.1136	0.0	0.2564674634423564	0.8866700193274261	1.643602985983225	0.5127793718252261	0.6686203239892885	0.5127793718252261	0.6686203239892885	0.5714285714285714	endpoint
P_LP.1137	0.0	0.5183362143274131	0.8080215602824588	1.3883873212103623	0.6477946405751763	0.7467091542024096	0.6477946405751763	0.7467091542024096	0.7142857142857143	endpoint
P_LP.1138	0.0	0.10788456006402246	0.45781144575809873	1.662853175838557	0.4262523149342528	0.3785933603512115	0.5737476850657472	0.6214066396487885	0.5714285714285714	baseline
P_LP.1139	0.0	0.3052278030594096	0.3643026173160665	1.151209565179509	0.4213579594810278	0.33338418809604	0.5786420405189723	0.66661581190396	0.7142857142857143	baseline
P_LP.114	0.0	1.0838862621478074	0.7049401823326861	1.7677200042142598	0.7741199105318761	0.6964996524781437	0.7741199105318761	0.6964996524781437	1.0	endpoint
P_LP.1140	0.0	0.0035438983169093297	0.13693604732562403	0.9967318746725887	0.5041963359726698	0.444983457775527	0.5041963359726698	0.555016542224473	0.5714285714285714	endpoint
P_LP.1141	0.0	0.37596751685047824	0.2634350171575391	1.254528350906848	0.3751594338908083	0.3467112017172896	0.6248405661091917	0.6532887982827105	0.8571428571428571	baseline
P_LP.1142	0.0	0.8045356799426368	0.8430957806462377	1.6384740446218227	0.7156970847452069	0.8726318145813503	0.7156970847452069	0.8726318145813503	0.7142857142857143	endpoint
P_LP.1143	0.0	0.6853140950072082	0.7544133391212007	1.4778366614314888	0.6812195362164821	0.6346105963560682	0.6812195362164821	0.6346105963560682	0.8571428571428571	endpoint
P_LP.1144	0.0	1.168779219709213	1.2876599946247198	1.6027058235695915	0.14881271988452113	0.17878254065566973	0.8511872801154788	0.8212174593443302	1.0	baseline
P_LP.1145	0.0	0.7563609309393359	1.1445170252107701	1.680895375430476	0.2977186835246292	0.16922001998275887	0.7022813164753707	0.8307799800172411	0.8571428571428571	baseline
P_LP.1146	0.0	0.11995389401485047	0.13821073974495873	1.0625740049504455	0.5241679868328709	0.5192891385888756	0.5241679868328709	0.5192891385888756	0.5714285714285714	endpoint
P_LP.1147	0.0	0.04605253563218496	0.13687203091379205	1.4320321574882924	0.4657635997438848	0.41250334105951253	0.5342364002561152	0.5874966589404875	0.5714285714285714	baseline
P_LP.1148	0.0	1.1815248850447069	1.449656047732598	1.731980504364214	0.7855148774256141	0.8561745392842013	0.7855148774256141	0.8561745392842013	0.8571428571428571	endpoint
P_LP.1149	0.0	0.15448761273719616	0.8135575667176969	1.379317978282471	0.4286912244689995	0.2577352869254725	0.5713087755310005	0.7422647130745275	0.5714285714285714	baseline
P_LP.115	0.0	0.3596845448872844	0.3254837211615894	1.4049801891228124	0.5818726811058916	0.5293814631188554	0.5818726811058916	0.5293814631188554	0.5714285714285714	endpoint
P_LP.1150	0.0	0.703124207352726	0.9980246083896204	1.4161894752893671	0.6903338490555726	0.7199244111045305	0.6903338490555726	0.7199244111045305	0.8571428571428571	endpoint
P_LP.1151	0.0	0.4937983296792933	0.782293436510715	1.1633624567171479	0.6082992633951166	0.6932290337002073	0.6082992633951166	0.6932290337002073	0.7142857142857143	endpoint
P_LP.1152	0.0	0.3002427881251872	0.6192126841206844	1.6192592037971605	0.5579729983771433	0.6605545810642784	0.5579729983771433	0.6605545810642784	0.5714285714285714	endpoint
P_LP.1153	0.0	0.519024491592409	0.5891955813901583	1.5784648919264717	0.6121489033506887	0.5163079360514938	0.6121489033506887	0.5163079360514938	0.7142857142857143	endpoint
P_LP.1154	0.0	0.28031461870163604	0.216262400638569	1.3272882975814833	0.41485882735751195	0.40005595796882987	0.585141172642488	0.5999440420311701	0.7142857142857143	baseline
P_LP.1155	0.0	0.2468837479720147	0.5258406701871193	1.4285895620911722	0.5312792308787485	0.6239718288423035	0.5312792308787485	0.6239718288423035	0.5714285714285714	endpoint
P_LP.1156	0.0	1.1595515702326544	1.1312975361853035	1.5492541720552986	0.8026218299572998	0.8130462565380152	0.8026218299572998	0.8130462565380152	1.0	endpoint
P_LP.1157	0.0	0.4170299617790784	0.7543133050284244	1.529938901845915	0.5797274763186478	0.6565200810727194	0.5797274763186478	0.6565200810727194	0.7142857142857143	endpoint
P_LP.1158	0.0	0.47470843818891867	0.7258408920349587	1.4393927745066273	0.6180455351091501	0.6021435557335736	0.6180455351091501	0.6021435557335736	0.5714285714285714	endpoint
P_LP.1159	0.0	0.6323241478517303	1.0550571282555714	1.516231027073144	0.29698402633965515	0.13778755273819213	0.7030159736603449	0.8622124472618079	0.7142857142857143	baseline
P_LP.116	0.0	0.4690585045763434	0.560698390637094	1.2790084679568012	0.6417183116588989	0.5619864927721178	0.6417183116588989	0.5619864927721178	0.7142857142857143	endpoint
P_LP.1160	0.0	1.2237343498032913	1.2228752837088641	1.689911753155258	0.12865735792989197	0.11280887738758189	0.871342642070108	0.8871911226124181	1.0	baseline
P_LP.1161	0.0	0.4405019169282961	0.9159695763235375	1.4695069644099514	0.6142025760810836	0.6749407246583914	0.6142025760810836	0.6749407246583914	0.5714285714285714	endpoint
P_LP.1162	0.0	0.984863725066966	1.2890986987598934	1.741626127739907	0.7563793362601511	0.925714897911438	0.7563793362601511	0.925714897911438	0.8571428571428571	endpoint
P_LP.1163	0.14285714285714285	1.1573299695877923	1.0213979893953293	2.094836777252582	0.16042820060636442	0.1152266861524176	0.8395717993936356	0.8847733138475824	1.0	baseline
P_LP.1164	0.0	0.6564822210892322	0.7853764445191997	1.3972230538933854	0.6303791883292599	0.6608628663244127	0.6303791883292599	0.6608628663244127	0.7142857142857143	endpoint
P_LP.1165	0.0	0.06757734894698705	0.01802010058327539	1.0778722495492985	0.5058919057796564	0.4234670632982761	0.5058919057796564	0.5765329367017239	0.5714285714285714	endpoint
P_LP.1166	0.0	0.8473007905086806	1.3501216526441937	1.5380445751120457	0.25827114186400396	0.17851683499310164	0.741728858135996	0.8214831650068983	0.8571428571428571	baseline
P_LP.1167	0.0	0.03292551263897806	0.04783469829011311	1.6507520541528915	0.47260222973807275	0.4638484574346389	0.5273977702619272	0.5361515425653611	0.5714285714285714	endpoint
P_LP.1168	0.0	0.15070545847107195	0.0044863383937635585	1.4157968549247917	0.4716433831135727	0.44771880840086625	0.5283566168864273	0.5522811915991337	0.5714285714285714	endpoint
P_LP.1169	0.0	0.020560194701209494	0.007294978299189511	1.6149881535720239	0.48644605239353816	0.4487638854474971	0.5135539476064619	0.5512361145525029	0.5714285714285714	endpoint
P_LP.117	0.0	1.3436384608688725	1.2328729309315796	1.7969293792144385	0.0993406960526888	0.08972339949315447	0.9006593039473112	0.9102766005068456	1.0	baseline
P_LP.1170	0.0	0.4352122484622016	0.3715914051740008	1.463516054070951	0.5716626888282768	0.5575093192062484	0.5716626888282768	0.5575093192062484	0.7142857142857143	endpoint
P_LP.1171	0.0	0.6797075149768822	0.5429739588998314	1.3255330093907336	0.6477552400978608	0.6282052636947227	0.6477552400978608	0.6282052636947227	0.8571428571428571	endpoint
P_LP.1172	0.0	0.04237466240770101	0.06726557588290126	1.342900453569523	0.4401975651182429	0.4637985486884747	0.5598024348817572	0.5362014513115253	0.5714285714285714	endpoint
P_LP.1173	0.0	0.43433842766163966	0.6299697610448595	1.9737972033062576	0.5863810134897074	0.6979955119054174	0.5863810134897074	0.6979955119054174	0.5714285714285714	endpoint
P_LP.1174	0.0	0.47356788104715797	0.7110469259838416	1.8072080110956632	0.36264938427231597	0.3399093217597519	0.637350615727684	0.660090678240248	0.7142857142857143	baseline
P_LP.1175	0.0	0.23850334345497132	0.4931882436736231	0.9226300686469251	0.5507745561938232	0.5813998944782213	0.5507745561938232	0.5813998944782213	0.7142857142857143	endpoint
P_LP.1176	0.0	0.06586140806883563	0.513896476689167	1.5958246982552708	0.4059814946118558	0.3327973881253174	0.5940185053881442	0.6672026118746825	0.5714285714285714	baseline
P_LP.1177	0.0	0.4236372050667173	0.47896519394150966	1.0995010060550219	0.33285665135108744	0.3529903842052546	0.6671433486489126	0.6470096157947454	0.7142857142857143	baseline
P_LP.1178	0.0	1.064600596846455	1.1827154963072448	1.7071755948383625	0.15468348164841839	0.10152483743175816	0.8453165183515816	0.8984751625682419	1.0	baseline
P_LP.1179	0.0	0.7927952650562755	1.1117425025844745	1.6398120687184257	0.22582395521657203	0.12361621072297754	0.7741760447834279	0.8763837892770224	0.8571428571428571	baseline
P_LP.118	0.0	0.6433158215906485	0.4092807424458748	1.338798021214355	0.29914358433976285	0.2937587090653886	0.7008564156602372	0.7062412909346114	0.7142857142857143	baseline
P_LP.1180	0.14285714285714285	0.7758311142098101	1.151491528787918	2.0347623325150828	0.28682548487210086	0.11511516381783242	0.7131745151278992	0.8848848361821676	0.7142857142857143	baseline
P_LP.1181	0.0	0.29079741726245195	0.021235290625321458	1.681532321738641	0.5562353315914915	0.4218364855269097	0.5562353315914915	0.5781635144730903	0.5714285714285714	endpoint
P_LP.1182	0.0	0.12991566873249924	0.12306237836276436	1.3394826754803664	0.5188011407859425	0.47735184724880175	0.5188011407859425	0.5226481527511982	0.5714285714285714	endpoint
P_LP.1183	0.0	0.752732668887844	0.8963858586764064	1.602836957869428	0.22974781991602802	0.2823516752967014	0.770252180083972	0.7176483247032985	1.0	baseline
P_LP.1184	0.0	0.411598266618852	0.951663195400608	1.4803160718551236	0.40272939612312436	0.2146286047412274	0.5972706038768756	0.7853713952587726	0.7142857142857143	baseline
P_LP.1185	0.0	0.9407070629555536	1.1280723932111043	1.5314601678339956	0.7742230723653655	0.8054806480991682	0.7742230723653655	0.8054806480991682	0.8571428571428571	endpoint
P_LP.1186	0.0	0.7408336323247997	0.8614490793553161	1.6261965295599394	0.26976640781232125	0.12655330846882104	0.7302335921876788	0.8734466915311789	0.7142857142857143	baseline
P_LP.1187	0.0	0.9408663400336857	1.1097487690593348	1.4642770125867957	0.7418820163902448	0.7816610727584896	0.7418820163902448	0.7816610727584896	0.8571428571428571	endpoint
P_LP.1188	0.0	0.7464224253650203	0.7863775695155742	1.9456884636002012	0.6591980362284157	0.7237103250323141	0.6591980362284157	0.7237103250323141	0.5714285714285714	endpoint
P_LP.1189	0.0	0.4816880226728452	0.1546259561173968	1.805603275504235	0.5995557823045673	0.4498639615624965	0.5995557823045673	0.5501360384375036	0.5714285714285714	endpoint
P_LP.119	0.0	1.038195410558742	1.0513025033557868	1.716621022173945	0.1871025824716956	0.15640765733912573	0.8128974175283044	0.8435923426608742	1.0	baseline
P_LP.1190	0.0	0.28985999929541156	0.8156600726839144	1.2661936471942778	0.5488021693629455	0.5722599400363403	0.5488021693629455	0.5722599400363403	0.5714285714285714	endpoint
P_LP.1191	0.0	0.4489138666848283	0.6115472913754645	1.5276584866752931	0.6079980081450035	0.609271785918772	0.6079980081450035	0.609271785918772	0.5714285714285714	endpoint
P_LP.1192	0.0	0.1723436151715862	0.3896876339383167	1.7922862129103665	0.39372140578095305	0.3666405695249691	0.606278594219047	0.633359430475031	0.5714285714285714	baseline
P_LP.1193	0.0	0.17449687363798455	0.5443942389440111	1.170402805048846	0.38661392887934404	0.26508214148285625	0.613386071120656	0.7349178585171438	0.5714285714285714	baseline
P_LP.1194	0.14285714285714285	0.9448514032921469	1.1879189578312803	2.086427869055803	0.24480640153423247	0.14762412814143755	0.7551935984657675	0.8523758718585625	0.8571428571428571	baseline
P_LP.1195	0.0	0.2797287869331838	0.4534694389585747	1.2438380501843107	0.5492644594173194	0.5243723299180555	0.5492644594173194	0.5243723299180555	0.5714285714285714	endpoint
P_LP.1196	0.0	0.009715830998345767	0.3307901957168893	1.5812924587913095	0.5165398523655103	0.3654521843734355	0.5165398523655103	0.6345478156265645	0.5714285714285714	endpoint
P_LP.1197	0.0	0.5559610172376835	0.7463148644567864	1.451857399760212	0.6292959265610673	0.638343387895198	0.6292959265610673	0.638343387895198	0.7142857142857143	endpoint
P_LP.1198	0.14285714285714285	1.4670642460978953	1.6307263594882533	2.2170012564296995	0.8600366575802908	0.9066803083673606	0.8600366575802908	0.9066803083673606	1.0	endpoint
P_LP.1199	0.0	0.31527592557712897	0.2893117027278457	1.8604000863332026	0.4014655396963409	0.3386847956789533	0.5985344603036591	0.6613152043210466	0.7142857142857143	baseline
P_LP.12	0.0	0.9785723092030223	1.1130403041514978	1.6105487648083345	0.7641117701658106	0.865720460298011	0.7641117701658106	0.865720460298011	1.0	endpoint
P_LP.120	0.0	0.024623402306603696	0.08329301753667982	1.0697092202980443	0.4219424379311056	0.416729846553163	0.5780575620688944	0.583270153446837	0.5714285714285714	baseline
P_LP.1200	0.0	0.9461728835042741	1.0120791839707033	1.3770284122650875	0.7494340917550311	0.7552845880754018	0.7494340917550311	0.7552845880754018	0.8571428571428571	endpoint
P_LP.1201	0.0	0.2794724614535754	0.38243285466856225	1.3708224568418774	0.5739303567066644	0.5598479997756701	0.5739303567066644	0.5598479997756701	0.7142857142857143	endpoint
P_LP.1202	0.0	0.6265176209645269	0.9549134118195535	1.5870431959937907	0.6439483427398238	0.6471788019263516	0.6439483427398238	0.6471788019263516	0.7142857142857143	endpoint
P_LP.1203	0.0	0.8047357774920008	0.8366555270227194	1.4042691196647183	0.23536694509499373	0.14352099430899962	0.7646330549050062	0.8564790056910003	0.8571428571428571	baseline
P_LP.1204	0.0	0.8236885994528146	0.9667550189600109	1.9694143713241794	0.6895684994736201	0.802984796587872	0.6895684994736201	0.802984796587872	0.8571428571428571	endpoint
P_LP.1205	0.0	1.4697674408316832	1.4727969858826415	1.7014669690485085	0.8897700050118773	0.9506007074400878	0.8897700050118773	0.9506007074400878	1.0	endpoint
P_LP.1206	0.0	0.5626519535286355	0.4088121312264304	1.236627511267072	0.3037516688250176	0.3284132194631302	0.6962483311749824	0.6715867805368698	0.8571428571428571	baseline
P_LP.1207	0.0	0.4996708030673903	0.74255589646487	1.5437890769807308	0.3738075841608296	0.23973439830654833	0.6261924158391704	0.7602656016934517	0.7142857142857143	baseline
P_LP.1208	0.0	0.16058963005646798	0.006338677313849532	1.6996063022833068	0.42078372667579306	0.465536944122271	0.579216273324207	0.534463055877729	0.7142857142857143	baseline
P_LP.1209	0.0	0.22244646108512772	0.18972432885013063	1.3830512922954148	0.5478718141323747	0.5182775727659275	0.5478718141323747	0.5182775727659275	0.5714285714285714	endpoint
P_LP.121	0.0	0.5758403138065853	0.8828394351900523	1.207646208809288	0.6711829680184378	0.7745484096343969	0.6711829680184378	0.7745484096343969	0.7142857142857143	endpoint
P_LP.1210	0.0	0.40574506133452204	0.737270028360782	1.7873578406737842	0.5793544316082683	0.6426219983120939	0.5793544316082683	0.6426219983120939	0.5714285714285714	endpoint
P_LP.1211	0.0	1.2821406182523771	1.4781821572620577	1.9292304821798838	0.8197278462430252	0.8869243819273692	0.8197278462430252	0.8869243819273692	1.0	endpoint
P_LP.1212	0.0	0.5658219901468549	0.7347570271821283	1.2791665098778617	0.2789648970061615	0.33156331383619475	0.7210351029938384	0.6684366861638052	0.8571428571428571	baseline
P_LP.1213	0.0	0.023377824023431755	0.802747440067529	1.6172916987313948	0.43663368503894906	0.30418494217887077	0.5633663149610509	0.6958150578211293	0.5714285714285714	endpoint
P_LP.1214	0.0	0.20015175460699866	0.4138420303061265	1.7696023684802784	0.4783277156450017	0.5567883605025257	0.5216722843549984	0.5567883605025257	0.5714285714285714	baseline
P_LP.1215	0.0	0.41892789191649643	0.9824433531947914	1.436825701997494	0.33188995876905986	0.25081510926813466	0.6681100412309402	0.7491848907318653	0.5714285714285714	baseline
P_LP.1217	0.14285714285714285	0.3169036872117994	0.5585281986601244	2.055539418462619	0.525679591360115	0.6278130317258558	0.525679591360115	0.6278130317258558	0.5714285714285714	endpoint
P_LP.1218	0.0	0.5742411731498887	1.0266189852490568	1.5610217776190178	0.6652691216625756	0.7176473342010827	0.6652691216625756	0.7176473342010827	0.7142857142857143	endpoint
P_LP.1219	0.0	0.07267824108166278	0.4592898349125117	1.5534324321561974	0.4746892779383693	0.3095029587149727	0.5253107220616307	0.6904970412850273	0.5714285714285714	baseline
P_LP.122	0.0	0.8403643385742886	0.9058447891520298	1.7910839278625288	0.6931161615898745	0.7202275821622363	0.6931161615898745	0.7202275821622363	0.7142857142857143	endpoint
P_LP.1220	0.0	0.15741875300173053	0.005868538761770594	1.3010840092911227	0.3801958860448951	0.44605344138531056	0.6198041139551049	0.5539465586146894	0.7142857142857143	baseline
P_LP.1221	0.14285714285714285	0.3645375639909088	0.7161561199766039	2.051073958670658	0.5297615853437073	0.6318376462275971	0.5297615853437073	0.6318376462275971	0.5714285714285714	endpoint
P_LP.1222	0.0	0.38263486424017623	0.42911610060993916	1.1922359799169013	0.34564877455888526	0.3451496014943756	0.6543512254411148	0.6548503985056244	0.7142857142857143	baseline
P_LP.1223	0.0	1.081620019281633	1.137622869308718	1.6552940436281756	0.7816814242584148	0.8182666105610474	0.7816814242584148	0.8182666105610474	1.0	endpoint
P_LP.1224	0.0	0.39603505052903315	0.32123763239996117	1.4340798241093702	0.6025273958241782	0.7032757634120321	0.6025273958241782	0.7032757634120321	0.5714285714285714	endpoint
P_LP.1225	0.0	0.1651907002957118	0.6866452892242502	1.2690610664063997	0.38456313346467935	0.32923010282657383	0.6154368665353207	0.6707698971734262	0.5714285714285714	baseline
P_LP.1226	0.0	0.46097435194197256	0.9192010512803688	1.5283403287227595	0.3940973505352705	0.2337262800553197	0.6059026494647295	0.7662737199446803	0.5714285714285714	baseline
P_LP.1227	0.0	0.38450172775449837	0.42245386652168443	1.6375508553288836	0.3240719303761285	0.3051860856381652	0.6759280696238714	0.6948139143618348	0.7142857142857143	baseline
P_LP.1228	0.0	0.8408457684638607	1.0888807233081845	1.3908027577472957	0.22311939471122583	0.1063663125090784	0.7768806052887742	0.8936336874909216	0.8571428571428571	baseline
P_LP.1229	0.0	0.09407431931690345	0.36879668679014865	1.3461490436935764	0.4894295749145096	0.3619589408146835	0.5105704250854903	0.6380410591853165	0.5714285714285714	baseline
P_LP.123	0.0	0.6832590272912649	0.9125787391261457	1.9141407186168398	0.6236009380085769	0.7346552099803381	0.6236009380085769	0.7346552099803381	0.8571428571428571	endpoint
P_LP.1230	0.0	0.15870645489492638	0.24305424979668558	1.090344660451898	0.42577727058468184	0.3641873176969405	0.5742227294153182	0.6358126823030594	0.7142857142857143	baseline
P_LP.1231	0.14285714285714285	0.35081220382971207	0.6841127481923002	2.023991381764312	0.4192812665626381	0.29721383372874366	0.5807187334373619	0.7027861662712563	0.5714285714285714	baseline
P_LP.1232	0.0	0.8878352977595626	1.1817052768052134	1.5709310806207597	0.2442141740101155	0.19694292813624734	0.7557858259898845	0.8030570718637526	0.8571428571428571	baseline
P_LP.1233	0.0	0.26093827527476987	0.05240670444435888	1.6662606206077444	0.5533584737956723	0.41820948776414846	0.5533584737956723	0.5817905122358515	0.5714285714285714	endpoint
P_LP.1234	0.0	0.04728566302116694	0.15102067826432297	1.1945344831895155	0.42841891684938194	0.4447732200808174	0.5715810831506181	0.5552267799191826	0.5714285714285714	baseline
P_LP.1235	0.0	0.8595137422251342	1.0096380106180123	1.5554811357896958	0.7525324655428367	0.859968883407395	0.7525324655428367	0.859968883407395	0.8571428571428571	endpoint
P_LP.1236	0.0	0.02954398087267149	0.0049498110492699286	1.5471461807483327	0.4476218074307214	0.4424954852461252	0.5523781925692786	0.5575045147538749	0.5714285714285714	baseline
P_LP.1237	0.0	0.6300230359727529	1.17365978296211	1.5000164783062164	0.33706063646680035	0.196875686939645	0.6629393635331997	0.803124313060355	0.7142857142857143	baseline
P_LP.1238	0.0	0.8670551712454287	0.9481269480041055	1.659981720911518	0.24037386251072793	0.24486775308406322	0.7596261374892721	0.7551322469159367	1.0	baseline
P_LP.1239	0.0	1.0560163136156726	1.163099122259388	1.823199919529766	0.7998316828940676	0.9893226272290095	0.7998316828940676	0.9893226272290095	0.8571428571428571	endpoint
P_LP.124	0.0	0.09998933071332046	0.3563353444416882	0.8292993864159406	0.5158614364377282	0.5542183337325369	0.5158614364377282	0.5542183337325369	0.7142857142857143	endpoint
P_LP.1240	0.0	0.5864442785232409	1.194293223055423	1.4222370091365977	0.2866608587099248	0.208767859711799	0.7133391412900751	0.791232140288201	0.7142857142857143	baseline
P_LP.1241	0.0	0.4524916318680611	0.9618039824530245	1.713333315325283	0.3653334708031783	0.20632833041858553	0.6346665291968216	0.7936716695814144	0.7142857142857143	baseline
P_LP.1242	0.0	0.9125340160712498	1.2159486413514555	1.8378157544117748	0.2339266258492727	0.1287029303624292	0.7660733741507273	0.8712970696375708	0.8571428571428571	baseline
P_LP.1243	0.0	0.7704504416246809	1.1508721141617981	1.3374938797674716	0.24266079125796997	0.23613771816763404	0.7573392087420301	0.7638622818323659	0.8571428571428571	baseline
P_LP.1244	0.0	0.7612904017693518	0.7248151692544574	1.2228067682352008	0.2430220052858251	0.2411016443763317	0.7569779947141749	0.7588983556236684	1.0	baseline
P_LP.1245	0.0	0.5765093372210657	0.7239666895026672	1.2134556903036684	0.32134187078147863	0.2664765507188044	0.6786581292185214	0.7335234492811956	0.8571428571428571	baseline
P_LP.1246	0.0	0.08785340641663815	0.2986793904232226	1.431505460375044	0.4590909201272466	0.5210673209731215	0.5409090798727534	0.5210673209731215	0.5714285714285714	endpoint
P_LP.1247	0.0	0.4275305163957344	0.5815494312414982	0.8532186601411007	0.3589886887863492	0.30363220111608114	0.6410113112136508	0.6963677988839189	0.8571428571428571	baseline
P_LP.1248	0.0	0.1579270341303637	0.4190145220214233	1.4786206658050975	0.4590616546814446	0.3621566044930998	0.5409383453185554	0.6378433955069003	0.7142857142857143	baseline
P_LP.1249	0.0	0.9948673694233009	1.2646581957813752	1.8300784865252666	0.19633575650321747	0.08257258693802516	0.8036642434967826	0.9174274130619748	0.8571428571428571	baseline
P_LP.125	0.0	0.3037686385521653	0.1905857636330236	1.336098463400578	0.3837142458266685	0.37230633370937555	0.6162857541733315	0.6276936662906245	0.8571428571428571	baseline
P_LP.1250	0.0	0.4771539202217528	0.9568887950658814	1.5467440607823424	0.3279372878004624	0.23047680509327553	0.6720627121995376	0.7695231949067245	0.7142857142857143	baseline
P_LP.1251	0.0	0.0794828020002478	0.4385476521704556	0.8764196423778384	0.45331564928403434	0.3591700662588687	0.5466843507159657	0.6408299337411313	0.5714285714285714	baseline
P_LP.1252	0.0	0.9474514073417085	1.415383176820161	1.8328152620491327	0.7565400919900566	0.8727195540889258	0.7565400919900566	0.8727195540889258	0.7142857142857143	endpoint
P_LP.1253	0.0	0.013856665238341013	0.2472350228230373	1.4003603536736295	0.4821888842091257	0.5031721347881463	0.5178111157908742	0.5031721347881463	0.5714285714285714	baseline
P_LP.1254	0.0	0.12587497303437284	0.4518871753831484	1.4409961782461351	0.5172577644418889	0.5927407619171915	0.5172577644418889	0.5927407619171915	0.5714285714285714	endpoint
P_LP.1255	0.0	0.04468396245414642	0.3081579625201573	1.3081447710113694	0.49910019481017465	0.4626770081476626	0.5008998051898254	0.5373229918523375	0.5714285714285714	baseline
P_LP.1256	0.0	0.76865409559142	0.7173961463736489	1.4058095372774453	0.7128631002996102	0.6800617757358026	0.7128631002996102	0.6800617757358026	0.8571428571428571	endpoint
P_LP.1257	0.0	0.3557421384267289	0.7948521329216278	1.6082695628779669	0.4135304386280962	0.20151916625824332	0.5864695613719038	0.7984808337417567	0.7142857142857143	baseline
P_LP.1258	0.0	0.7185613495792754	0.9805561547628651	1.2592077095227339	0.2500362067508849	0.17256852862855437	0.7499637932491151	0.8274314713714457	1.0	baseline
P_LP.1259	0.0	1.2999699805957765	1.388809841803008	1.6946058484221578	0.11372356708959662	0.10133528032425163	0.8862764329104034	0.8986647196757483	1.0	baseline
P_LP.126	0.0	0.25624435854639455	0.38242075036547213	1.1754360494398084	0.40595624877110403	0.30375314129633657	0.594043751228896	0.6962468587036634	0.7142857142857143	baseline
P_LP.1260	0.0	0.42505762233536654	0.4106749449773495	1.6074722460500341	0.6049237381540384	0.5791868178552061	0.6049237381540384	0.5791868178552061	0.5714285714285714	endpoint
P_LP.1261	0.0	0.45397237457489575	0.49070798551117856	1.452901806162706	0.5912014098717921	0.6144839548189852	0.5912014098717921	0.6144839548189852	0.7142857142857143	endpoint
P_LP.1262	0.0	0.3548916295681675	0.38511482079718345	1.3472941189646754	0.38796700765549547	0.3779607135793704	0.6120329923445045	0.6220392864206297	0.7142857142857143	baseline
P_LP.1263	0.0	0.11966354853378851	0.7399327120041029	1.53240454114948	0.4576859129907714	0.2584478753908015	0.5423140870092287	0.7415521246091985	0.5714285714285714	baseline
P_LP.1264	0.0	0.6244928988335304	0.9048709215786142	1.1996563540836602	0.6286675026567993	0.646073030237818	0.6286675026567993	0.646073030237818	0.8571428571428571	endpoint
P_LP.1265	0.0	1.0503333391368688	1.1807201239802863	1.3616252771666773	0.1789160756807429	0.18816656942874413	0.8210839243192571	0.8118334305712559	0.8571428571428571	baseline
P_LP.1266	0.0	0.3369050225095644	0.7075681307698581	1.4773506147830642	0.5993541800893192	0.6681769110416258	0.5993541800893192	0.6681769110416258	0.5714285714285714	endpoint
P_LP.1267	0.0	1.031619318534498	1.0308228183841193	1.2864605687468962	0.17937712408851209	0.19983999312163164	0.820622875911488	0.8001600068783683	1.0	baseline
P_LP.1268	0.0	0.640928111619518	0.6758193075329464	1.322497697295239	0.297071427089068	0.2955918289526956	0.702928572910932	0.7044081710473045	0.7142857142857143	baseline
P_LP.1269	0.0	0.26405694182446554	0.8001131769231461	1.5655680987765377	0.5677009231333693	0.649948576675155	0.5677009231333693	0.649948576675155	0.5714285714285714	endpoint
P_LP.127	0.0	0.6595962364410043	0.7712918004214522	1.5746168504441804	0.29022210860116626	0.2211585603477929	0.7097778913988337	0.7788414396522071	0.7142857142857143	baseline
P_LP.1270	0.0	0.13176571115998953	0.08164528188532118	1.5439537962365304	0.49560508304687984	0.4878046537522013	0.5043949169531201	0.5121953462477987	0.7142857142857143	endpoint
P_LP.1271	0.0	0.2857551560287866	0.4674988567290141	1.6348687223476392	0.547865632456359	0.52756225565292	0.547865632456359	0.52756225565292	0.5714285714285714	endpoint
P_LP.1272	0.0	1.0277896647356914	1.2030613036325768	1.6762648779891371	0.16875982242275717	0.12309737965420274	0.8312401775772429	0.8769026203457972	0.8571428571428571	baseline
P_LP.1273	0.0	0.635034338499693	0.5015622061338025	1.3389058526168922	0.2720213072225962	0.36397053409825586	0.7279786927774038	0.6360294659017441	0.8571428571428571	baseline
P_LP.1274	0.0	0.15230463775868167	0.24894805424730188	1.5452786624299555	0.4074608395883167	0.4236486599801833	0.5925391604116833	0.5763513400198167	0.7142857142857143	baseline
P_LP.1275	0.0	0.7294588235128111	1.0080176465168045	1.2502276487543043	0.23451137645000936	0.23537497304884547	0.7654886235499907	0.7646250269511545	0.8571428571428571	baseline
P_LP.1276	0.0	0.33548147580864734	0.3493686557295396	1.1243285334225461	0.368877594156798	0.37280518160029524	0.631122405843202	0.6271948183997047	0.7142857142857143	baseline
P_LP.1277	0.0	0.15152920836155528	0.23451436420479013	1.6916963495324213	0.4468582130954713	0.3595748724300546	0.5531417869045288	0.6404251275699454	0.7142857142857143	baseline
P_LP.1278	0.0	0.34477628085062495	0.04579674785279582	1.4186915289222795	0.5966227434402848	0.4846336443168377	0.5966227434402848	0.5153663556831622	0.5714285714285714	endpoint
P_LP.1279	0.0	0.3559464368919111	0.9743120676124578	1.5952894514244869	0.3616688932483988	0.15534948963085715	0.6383311067516012	0.8446505103691428	0.7142857142857143	baseline
P_LP.128	0.0	0.378721711610308	0.6965934027140046	1.1601724472558177	0.5436586450018255	0.6700850260060234	0.5436586450018255	0.6700850260060234	0.7142857142857143	endpoint
P_LP.1280	0.0	0.142784044729487	0.17438229248417766	1.2219039524705955	0.4100126209976381	0.43973373220848916	0.589987379002362	0.5602662677915109	0.7142857142857143	baseline
P_LP.1281	0.0	0.2592291838582753	0.9476081499674225	1.3789184260964547	0.5657615197308985	0.7224170752638285	0.5657615197308985	0.7224170752638285	0.5714285714285714	endpoint
P_LP.1282	0.0	0.7346438839112504	0.35556266028172656	1.8165151959517303	0.6449417205570419	0.6249639588315459	0.6449417205570419	0.6249639588315459	0.7142857142857143	endpoint
P_LP.1283	0.0	0.871085048644917	1.159578269091673	1.4423764130102608	0.2361551645064731	0.16256161987397863	0.7638448354935269	0.8374383801260213	0.8571428571428571	baseline
P_LP.1284	0.0	0.4964894142655448	0.6112892940751886	1.7087024512017	0.6309557694552318	0.6470479411973352	0.6309557694552318	0.6470479411973352	0.5714285714285714	endpoint
P_LP.1285	0.0	0.7448051084884024	1.0323316997447134	1.523438030151554	0.27957440291814356	0.25487025606273805	0.7204255970818565	0.745129743937262	0.7142857142857143	baseline
P_LP.1286	0.0	0.5809111455034401	1.1599694345509182	1.6450431644614438	0.64458432084579	0.6777428495704145	0.64458432084579	0.6777428495704145	0.7142857142857143	endpoint
P_LP.1287	0.0	0.43111000148539513	0.9346392221839139	1.803683806388439	0.5521550041660571	0.6281602896826325	0.5521550041660571	0.6281602896826325	0.7142857142857143	endpoint
P_LP.1288	0.0	0.18576474762156403	0.8459000419122378	1.4991667819003454	0.3944751391657538	0.27055889184853144	0.6055248608342463	0.7294411081514686	0.5714285714285714	baseline
P_LP.1289	0.0	0.14029613183362688	0.6417818181030354	0.9577024214902752	0.44539361174669356	0.36429079252466884	0.5546063882533064	0.6357092074753312	0.5714285714285714	baseline
P_LP.129	0.14285714285714285	1.184561398733376	1.5513912073224558	2.212719337614631	0.7715149136419698	0.8247520796631531	0.7715149136419698	0.8247520796631531	0.8571428571428571	endpoint
P_LP.1290	0.0	0.7957859931030123	1.0396529103448828	1.5404093779188721	0.22852503667920868	0.20724432786327637	0.7714749633207914	0.7927556721367236	0.8571428571428571	baseline
P_LP.1291	0.0	1.0459237472231437	1.1982849947398426	1.78101695162201	0.15753333905895742	0.09315597419097613	0.8424666609410426	0.9068440258090239	1.0	baseline
P_LP.1292	0.0	0.010489499548594097	0.01157332859882182	1.1963376186384544	0.48713918479256757	0.4279917814084824	0.5128608152074324	0.5720082185915176	0.5714285714285714	endpoint
P_LP.1293	0.14285714285714285	0.8984753495287929	1.293578602121701	2.2997729974277985	0.2143479751714829	0.07459608278974479	0.785652024828517	0.9254039172102552	0.7142857142857143	baseline
P_LP.1294	0.0	0.3069237780495419	0.8358201435109618	1.4338427014255957	0.5469520642180956	0.5599561648395696	0.5469520642180956	0.5599561648395696	0.5714285714285714	endpoint
P_LP.1296	0.0	0.8591509885753316	0.8961756301934358	1.6562911111895382	0.21152420039792405	0.2613554076748746	0.7884757996020759	0.7386445923251255	1.0	baseline
P_LP.1297	0.0	0.42657885940813645	0.38411416681835164	1.2083172337944257	0.33424504991222037	0.3892330397853215	0.6657549500877796	0.6107669602146786	0.8571428571428571	baseline
P_LP.1298	0.0	0.3758192308758309	0.8702504765753231	1.2077875519517427	0.3439011236152414	0.28386932076680177	0.6560988763847586	0.7161306792331983	0.7142857142857143	baseline
P_LP.1299	0.14285714285714285	0.5336574654626772	0.6588560882427713	2.6097093606145045	0.6088136454317828	0.6327865909852041	0.6088136454317828	0.6327865909852041	0.5714285714285714	endpoint
P_LP.13	0.0	0.5790328966202294	0.6550516759002553	1.708591335111205	0.6380957142289237	0.6595578268582486	0.6380957142289237	0.6595578268582486	0.7142857142857143	endpoint
P_LP.130	0.0	0.14173074829607155	0.2836644837939026	1.2984519691791152	0.4474840280976503	0.4161597500091445	0.5525159719023497	0.5838402499908555	0.8571428571428571	baseline
P_LP.1300	0.0	0.06906844115002568	0.11896881749268733	1.518054543716121	0.5224060104371763	0.44441212629526217	0.5224060104371763	0.5555878737047378	0.5714285714285714	endpoint
P_LP.1301	0.0	0.20605665821214172	0.4147785602439752	1.7122447491849857	0.5715339030834868	0.48964026433787605	0.5715339030834868	0.5103597356621239	0.5714285714285714	endpoint
P_LP.1302	0.0	0.5867768653661577	1.1459378609801625	1.7742600329290976	0.599727160370872	0.6130236346172931	0.599727160370872	0.6130236346172931	0.7142857142857143	endpoint
P_LP.1303	0.0	0.357268890472505	0.08666077839580298	1.4134252245837444	0.3924670950716084	0.4129721755282888	0.6075329049283916	0.5870278244717112	0.7142857142857143	baseline
P_LP.1304	0.0	0.3759406165634969	0.7934953695778661	1.4754842819216363	0.6035745172230144	0.6962542089960638	0.6035745172230144	0.6962542089960638	0.5714285714285714	endpoint
P_LP.1305	0.0	0.6218429069725575	0.9248602201291919	1.2125887857748878	0.2811731866910644	0.27132321530385356	0.7188268133089356	0.7286767846961464	0.8571428571428571	baseline
P_LP.1306	0.0	0.9317793049969103	1.0539960450708414	1.6980958129950694	0.767946331270881	0.7907632872358877	0.767946331270881	0.7907632872358877	0.8571428571428571	endpoint
P_LP.1307	0.0	0.12089797569565698	0.06783500891815417	1.3119496340233716	0.48210044975836625	0.49198402370793987	0.5178995502416337	0.5080159762920602	0.5714285714285714	endpoint
P_LP.1308	0.0	0.7176775722737155	0.940383964472127	1.7626216024138324	0.6788369526314854	0.5700032488605392	0.6788369526314854	0.5700032488605392	0.5714285714285714	endpoint
P_LP.1309	0.0	0.2995097311523181	0.49541537515004597	1.2107340816026142	0.5906482667765702	0.615755224586275	0.5906482667765702	0.615755224586275	0.7142857142857143	endpoint
P_LP.131	0.0	0.71378366225715	0.7898749023062126	1.5426973226213327	0.28139990991928093	0.29942764475087824	0.718600090080719	0.7005723552491218	0.8571428571428571	baseline
P_LP.1310	0.0	1.2910739417782184	1.2736857203612182	1.7118568984665712	0.10918318244170126	0.13026772876006443	0.8908168175582988	0.8697322712399356	1.0	baseline
P_LP.1311	0.0	0.5227059219520245	0.5886251088358505	1.2951193894540283	0.3000566478802905	0.28039973667415224	0.6999433521197095	0.7196002633258478	0.7142857142857143	baseline
P_LP.1312	0.0	0.38695477802200395	0.00646826084921254	1.7150673588340477	0.4031992378964424	0.4787461977706029	0.5968007621035576	0.5212538022293971	0.5714285714285714	baseline
P_LP.1313	0.0	0.05403482302002138	0.01794712823718986	1.4727146469191519	0.4920490431885424	0.4338537644179127	0.5079509568114575	0.5661462355820873	0.7142857142857143	endpoint
P_LP.1314	0.0	0.6913827922717751	1.1783223189770904	1.5976196358313028	0.22819447984060628	0.1464179193030476	0.7718055201593937	0.8535820806969524	0.8571428571428571	baseline
P_LP.1316	0.0	0.07640059104184986	0.2947993753168773	1.4090647794319797	0.4587076664286355	0.47129592216830274	0.5412923335713645	0.5287040778316973	0.5714285714285714	baseline
P_LP.1317	0.0	0.7619658239919994	0.5384684084678296	1.6765554673669614	0.701730332176509	0.6223572842087535	0.701730332176509	0.6223572842087535	0.8571428571428571	endpoint
P_LP.1318	0.0	0.20217054349777824	0.30142017578324565	1.661410809156365	0.5451109601289862	0.5423722205377612	0.5451109601289862	0.5423722205377612	0.5714285714285714	endpoint
P_LP.1319	0.0	0.755495366553547	1.0130249771847954	1.6737072806512023	0.24414941382953084	0.24488355694379818	0.7558505861704692	0.7551164430562018	0.8571428571428571	baseline
P_LP.132	0.0	0.576578754765556	0.6442148881695505	1.2068436793859711	0.3104399492864152	0.3277243604680664	0.6895600507135848	0.6722756395319336	0.7142857142857143	baseline
P_LP.1320	0.0	0.9024725766870387	0.8684460525094352	1.5368535613497891	0.7406733155038446	0.7817704236828672	0.7406733155038446	0.7817704236828672	0.8571428571428571	endpoint
P_LP.1321	0.0	0.4534115994104245	1.1266926581919747	1.6679999385114834	0.2693841287722924	0.09135373791196919	0.7306158712277075	0.9086462620880308	0.7142857142857143	baseline
P_LP.1322	0.0	0.3508359305734639	0.27588949540907537	0.9300264821637588	0.5554637497015317	0.5368648291003763	0.5554637497015317	0.5368648291003763	0.7142857142857143	endpoint
P_LP.1323	0.0	0.5994694080162014	0.6992486094462579	1.260967948380994	0.6326872299761881	0.6190192702519381	0.6326872299761881	0.6190192702519381	0.8571428571428571	endpoint
P_LP.1324	0.0	0.45032373961307276	0.5203184911246789	1.2930486458210064	0.33586333752906267	0.31665651060048494	0.6641366624709373	0.6833434893995151	0.8571428571428571	baseline
P_LP.1325	0.0	0.3027145744780581	0.544111181168451	1.6647198215841512	0.5981682631746902	0.6230715400206335	0.5981682631746902	0.6230715400206335	0.5714285714285714	endpoint
P_LP.1326	0.0	0.41056238568918324	0.5702409412861734	1.6340246859521605	0.3291112486429112	0.3390346839553201	0.6708887513570888	0.6609653160446799	0.7142857142857143	baseline
P_LP.1327	0.0	0.6449555744047489	1.0063575200351698	1.5461869913804493	0.6747202844658854	0.7537394050891075	0.6747202844658854	0.7537394050891075	0.7142857142857143	endpoint
P_LP.1328	0.0	0.2841103771140504	0.28056542015196095	1.6615935553231214	0.6041828824907186	0.5154487466789571	0.6041828824907186	0.5154487466789571	0.5714285714285714	endpoint
P_LP.1329	0.0	0.19015051524019805	0.3862978731327396	1.496070796495905	0.36962157890592096	0.49975418104111374	0.630378421094079	0.5002458189588863	0.5714285714285714	baseline
P_LP.133	0.0	0.4450947484594409	0.6281169194885623	1.5751378106474538	0.6346476545061236	0.736525035675765	0.6346476545061236	0.736525035675765	0.7142857142857143	endpoint
P_LP.1330	0.0	0.3298077669083333	0.5266582766682082	1.7210436534905584	0.5177239088692599	0.5594239973375473	0.5177239088692599	0.5594239973375473	0.5714285714285714	endpoint
P_LP.1331	0.0	0.317548080370429	0.34900380391938896	1.344645185484054	0.3642709109075462	0.32934245936650286	0.6357290890924538	0.6706575406334971	0.8571428571428571	baseline
P_LP.1332	0.0	0.886207829331509	1.0518596945354122	1.6954909546910995	0.7231130708284799	0.722027837812795	0.7231130708284799	0.722027837812795	0.8571428571428571	endpoint
P_LP.1333	0.0	0.01245212651101906	0.23473289794474075	1.3798056980853817	0.41700553830032827	0.5333920889049263	0.5829944616996717	0.5333920889049263	0.5714285714285714	baseline
P_LP.1334	0.0	0.5048922380456552	0.35683793088436927	1.2573768130240655	0.33092954387850926	0.3855971231432472	0.6690704561214907	0.6144028768567529	0.7142857142857143	baseline
P_LP.1335	0.0	0.11490221797401305	0.2689665408585442	1.5303049470174837	0.521591249277208	0.46734618409664014	0.521591249277208	0.5326538159033598	0.5714285714285714	endpoint
P_LP.1336	0.0	0.3836762385812638	0.6659968284067415	1.1882823716034419	0.39496962439187505	0.2827662100004309	0.605030375608125	0.7172337899995691	0.8571428571428571	baseline
P_LP.1337	0.14285714285714285	0.6865058415534138	0.676434471745549	2.015288099721936	0.6574363386380816	0.6781580715630361	0.6574363386380816	0.6781580715630361	0.7142857142857143	endpoint
P_LP.1339	0.0	0.20221412811933634	0.07934630592600148	1.3868220084767582	0.5531189373858654	0.41409052939823293	0.5531189373858654	0.5859094706017671	0.5714285714285714	endpoint
P_LP.134	0.0	0.060429361002095665	0.22600321573029716	1.5008868289457757	0.4596444465664642	0.36195511116154055	0.5403555534335358	0.6380448888384594	0.7142857142857143	baseline
P_LP.1340	0.14285714285714285	0.9777551314507616	1.1514513112795786	2.080222976259212	0.22738497682436418	0.13982440516501987	0.7726150231756358	0.8601755948349801	0.8571428571428571	baseline
P_LP.1341	0.0	0.36762688652629005	0.5401985449030031	1.3697711015210337	0.6075918762063	0.7128956777439629	0.6075918762063	0.7128956777439629	0.7142857142857143	endpoint
P_LP.1342	0.0	0.28478645913037814	0.5471180717649666	0.975442103632406	0.5573003076520964	0.6447536568125871	0.5573003076520964	0.6447536568125871	0.7142857142857143	endpoint
P_LP.1343	0.0	0.8212448837775669	1.1867237958020218	1.7289563283189715	0.6915427537723584	0.8250560808699082	0.6915427537723584	0.8250560808699082	0.7142857142857143	endpoint
P_LP.1344	0.0	0.8774407935036973	1.0000997928337905	1.3575167381381636	0.22692461082806334	0.2381620750111423	0.7730753891719366	0.7618379249888577	1.0	baseline
P_LP.1345	0.0	0.2650365137251643	0.04625495334154509	1.4086642665676676	0.5611991577658353	0.46737292552990845	0.5611991577658353	0.5326270744700916	0.5714285714285714	endpoint
P_LP.1346	0.0	0.14930059074528396	0.7296892641101784	1.4267172223468447	0.37591716697332195	0.1745367358642669	0.6240828330266781	0.8254632641357331	0.7142857142857143	baseline
P_LP.1347	0.0	0.6554449597136494	0.25159669290427267	1.7674360276054168	0.6506979570373949	0.5817820303676802	0.6506979570373949	0.5817820303676802	0.8571428571428571	endpoint
P_LP.1348	0.0	0.4453808978027673	0.7501146907838506	1.2034736102524688	0.6347270265086804	0.6610930986519497	0.6347270265086804	0.6610930986519497	0.5714285714285714	endpoint
P_LP.1349	0.0	1.02996526644312	1.2141952462018735	1.6364573960475293	0.19628664520101863	0.17030827640533522	0.8037133547989814	0.8296917235946648	0.8571428571428571	baseline
P_LP.135	0.0	0.4435605272410953	0.6013848874992048	1.403830255131558	0.6190802776561751	0.6443731737340616	0.6190802776561751	0.6443731737340616	0.5714285714285714	endpoint
P_LP.1350	0.14285714285714285	1.0739840614554053	1.1926988887701442	2.0502936390399302	0.13911613111185392	0.039634107082389784	0.860883868888146	0.9603658929176102	0.8571428571428571	baseline
P_LP.1351	0.0	0.07733086469796094	0.01412832067537154	1.0440257722507813	0.44301926185259816	0.4283824295773398	0.5569807381474019	0.5716175704226603	0.7142857142857143	baseline
P_LP.1352	0.0	0.17438301020696234	0.3064580190903215	1.0618093613320168	0.4235627730997797	0.3466594201297592	0.5764372269002203	0.6533405798702407	0.7142857142857143	baseline
P_LP.1353	0.0	0.04890984920060807	0.17293656713071676	0.9222607784954151	0.45973939871239666	0.45014283490509316	0.5402606012876033	0.5498571650949069	0.5714285714285714	baseline
P_LP.1355	0.0	0.027368634288677546	0.3600631823913753	1.698676849436944	0.42614691962522944	0.3257052333369081	0.5738530803747706	0.6742947666630918	0.5714285714285714	endpoint
P_LP.1356	0.0	0.2224777644567458	0.20329613436923133	1.3580933945234217	0.5412771542181644	0.5109837438903474	0.5412771542181644	0.5109837438903474	0.5714285714285714	endpoint
P_LP.1358	0.0	0.5293888995255986	0.5806150180163456	1.3031776643819293	0.3149833090747044	0.33744852871224756	0.6850166909252956	0.6625514712877525	0.8571428571428571	baseline
P_LP.1359	0.0	0.7971678000557031	1.311459998321418	1.74037318784713	0.6722936485311116	0.7602545718319488	0.6722936485311116	0.7602545718319488	0.7142857142857143	endpoint
P_LP.136	0.0	0.8648079540781292	1.4542878127374392	1.7966375636924705	0.7101341471334521	0.7009210327875667	0.7101341471334521	0.7009210327875667	0.7142857142857143	endpoint
P_LP.1360	0.0	0.3497819744439283	0.5199660554429575	1.6527818692114484	0.582132913530293	0.6094327608158572	0.582132913530293	0.6094327608158572	0.7142857142857143	endpoint
P_LP.1361	0.0	0.10762177827426345	0.18003090377210773	1.4752536721280092	0.5112801202942094	0.526828132938642	0.5112801202942094	0.526828132938642	0.5714285714285714	endpoint
P_LP.1362	0.0	0.05669064563122258	0.37030414231792697	1.6961328599572993	0.49253069816616496	0.3696042286208493	0.507469301833835	0.6303957713791507	0.5714285714285714	baseline
P_LP.1363	0.0	0.41696899371165486	0.5050049079313002	0.8293899190718751	0.58214597333062	0.6102102065108975	0.58214597333062	0.6102102065108975	0.7142857142857143	endpoint
P_LP.1364	0.0	0.24043298878349859	0.5834457598519324	1.4292327120637327	0.4261304339391134	0.2842125139414807	0.5738695660608866	0.7157874860585193	0.7142857142857143	baseline
P_LP.1365	0.0	0.4107331851590826	1.3540347870303129	1.6467821747054758	0.5467868131333986	0.6546934533478586	0.5467868131333986	0.6546934533478586	0.5714285714285714	endpoint
P_LP.1366	0.14285714285714285	0.08876965491275186	0.06676995221633128	2.2047347781723374	0.3850590465790341	0.49175427330278093	0.6149409534209659	0.5082457266972191	0.5714285714285714	baseline
P_LP.1367	0.0	0.6907247407631283	0.9760076360050577	1.2913260745788542	0.2932539285161217	0.19879042277079279	0.7067460714838782	0.8012095772292072	0.8571428571428571	baseline
P_LP.1368	0.0	0.01658119636882316	0.39532426287576306	1.6731646438177388	0.46873442617508626	0.5626288904583956	0.5312655738249137	0.5626288904583956	0.5714285714285714	endpoint
P_LP.1369	0.0	1.167259035093122	1.1289909854994344	1.5979214815948424	0.13995603322562863	0.13265270553824546	0.8600439667743713	0.8673472944617545	1.0	baseline
P_LP.137	0.0	0.3909935932499941	0.6111235769580947	1.9386502811432922	0.596115455159597	0.6470031879100474	0.596115455159597	0.6470031879100474	0.7142857142857143	endpoint
P_LP.1370	0.0	0.9231125863193032	1.1297805971169221	1.6946672020193638	0.23092476480039625	0.19960250233356286	0.7690752351996037	0.8003974976664372	0.8571428571428571	baseline
P_LP.1371	0.0	1.2775777984207741	1.381543489182248	1.7349483636336698	0.8432904350306274	0.8550614999821802	0.8432904350306274	0.8550614999821802	1.0	endpoint
P_LP.1372	0.0	0.584467846909906	0.8684726877538979	1.6453871367612234	0.28967694718839726	0.17464908903655713	0.7103230528116027	0.8253509109634429	0.8571428571428571	baseline
P_LP.1373	0.0	0.3221030128965397	0.2697619847673549	0.9055505648574185	0.3775499026645149	0.35540363522573293	0.6224500973354852	0.6445963647742671	0.8571428571428571	baseline
P_LP.1374	0.0	0.2889204250095653	0.34596825963570466	0.8113736972387613	0.5458577393283037	0.5546244270242299	0.5458577393283037	0.5546244270242299	0.7142857142857143	endpoint
P_LP.1375	0.0	0.4579373628449206	0.5271587808962359	1.2960758882148957	0.32118408449731806	0.3427367725693558	0.6788159155026819	0.6572632274306442	0.7142857142857143	baseline
P_LP.1376	0.0	0.6256991991100593	0.9136457473769162	1.2653829789059612	0.3075883433532515	0.2464440804874292	0.6924116566467484	0.7535559195125708	0.8571428571428571	baseline
P_LP.1377	0.0	0.05828314073779054	0.29700433124563996	1.4047060072082043	0.4830536874278116	0.4222362658343645	0.5169463125721885	0.5777637341656354	0.5714285714285714	endpoint
P_LP.1378	0.0	0.7815749781861836	1.1313797438664999	1.6132248484675358	0.22809274984244685	0.14467128404454463	0.7719072501575531	0.8553287159554553	0.8571428571428571	baseline
P_LP.1379	0.0	0.15707379731940999	0.1893243747010729	1.5895194701231894	0.4384825016821527	0.42560446542596236	0.5615174983178473	0.5743955345740377	0.7142857142857143	baseline
P_LP.138	0.0	1.0750901218700546	1.3815381234085033	1.6193212250023752	0.7899029870564823	0.8443705025022173	0.7899029870564823	0.8443705025022173	0.8571428571428571	endpoint
P_LP.1380	0.0	0.18464464578745812	0.4359115544038594	1.6731866308379526	0.5812782289511019	0.5874866742112688	0.5812782289511019	0.5874866742112688	0.5714285714285714	endpoint
P_LP.1381	0.14285714285714285	0.9383662052777545	1.07893933368982	2.2014380711393935	0.7032347856039616	0.71721121434592	0.7032347856039616	0.71721121434592	0.8571428571428571	endpoint
P_LP.1382	0.14285714285714285	0.8921921806286071	0.7525442597985752	2.0063161829064793	0.7276174151044642	0.7260664035127452	0.7276174151044642	0.7260664035127452	0.8571428571428571	endpoint
P_LP.1383	0.0	0.030183951721838236	0.1643896519143209	1.198608945131536	0.4373424824927567	0.5115873364219515	0.5626575175072432	0.5115873364219515	0.5714285714285714	baseline
P_LP.1384	0.0	0.13647201010644297	0.7390381043019506	1.672259808078163	0.5571645773090583	0.7210408489478893	0.5571645773090583	0.7210408489478893	0.5714285714285714	endpoint
P_LP.1385	0.0	0.5722295615996743	0.8854064183324976	1.4700613895588608	0.6244501178144776	0.6066867765075077	0.6244501178144776	0.6066867765075077	0.8571428571428571	endpoint
P_LP.1386	0.14285714285714285	0.03534459006382838	1.1030762893386832	2.0140749906807747	0.5743099063268853	0.8244929588401612	0.5743099063268853	0.8244929588401612	0.5714285714285714	endpoint
P_LP.1387	0.14285714285714285	0.5806208307353854	0.6613811620034479	2.084263302749275	0.6023900733443066	0.6335698159938657	0.6023900733443066	0.6335698159938657	0.7142857142857143	endpoint
P_LP.1388	0.0	0.4281194408486018	0.7099139700035755	1.6877375829014847	0.5844522633754424	0.5347652995369153	0.5844522633754424	0.5347652995369153	0.7142857142857143	endpoint
P_LP.1389	0.0	0.7789478188255936	1.1617251252994731	1.8754847406995092	0.22560407169423896	0.07277770439756812	0.7743959283057611	0.9272222956024319	0.8571428571428571	baseline
P_LP.139	0.0	0.6637657914280667	1.1374272842094257	1.3891828310317011	0.6960495126972974	0.8325526590104464	0.6960495126972974	0.8325526590104464	0.7142857142857143	endpoint
P_LP.1390	0.0	0.4472534144588999	0.8632438228569645	1.9380755073124312	0.36257681805404246	0.18471260909459003	0.6374231819459575	0.8152873909054099	0.7142857142857143	baseline
P_LP.1391	0.0	0.5381464690853176	0.8435258805296078	1.5338549595384179	0.6276950342100847	0.7056960780832352	0.6276950342100847	0.7056960780832352	0.7142857142857143	endpoint
P_LP.1392	0.0	0.42063853981459615	1.1158836975303277	1.466533089580917	0.6509381796202625	0.8584621947133556	0.6509381796202625	0.8584621947133556	0.5714285714285714	endpoint
P_LP.1393	0.0	0.3274656047642658	0.431116414704661	1.2411513953792308	0.3899198561096521	0.33804533744229603	0.6100801438903479	0.661954662557704	0.7142857142857143	baseline
P_LP.1394	0.0	0.17151878818163807	0.06782275352856913	1.5824476954998794	0.5268922186902033	0.53504214253052	0.5268922186902033	0.53504214253052	0.5714285714285714	endpoint
P_LP.1395	0.0	0.5919514217679238	0.715659436398116	1.3504542947555083	0.2901959673265907	0.31680077201685514	0.7098040326734093	0.6831992279831449	0.7142857142857143	baseline
P_LP.1396	0.0	0.061631090958083626	0.06581508799082346	1.4720689176923463	0.476563050741538	0.4161593990269506	0.5234369492584621	0.5838406009730495	0.5714285714285714	endpoint
P_LP.1397	0.0	0.5934897333846704	0.9447114663367375	1.2858623180071669	0.30548026283471	0.23227886932974692	0.69451973716529	0.767721130670253	0.7142857142857143	baseline
P_LP.1398	0.0	0.14729977386286136	0.5322307149623974	1.7530150142338257	0.5085603354560694	0.5921618841308838	0.5085603354560694	0.5921618841308838	0.5714285714285714	endpoint
P_LP.1399	0.0	0.7178285822763953	0.7239759414752188	1.465715507266079	0.22856122092622083	0.2060210247537407	0.7714387790737791	0.7939789752462593	0.8571428571428571	baseline
P_LP.14	0.0	0.11742975570406196	0.06106215886489883	1.607166500247988	0.4421912064664933	0.4641787655735047	0.5578087935335068	0.5358212344264953	0.5714285714285714	baseline
P_LP.140	0.0	0.8939746750858315	1.4715754053310621	1.6540938190821557	0.7245253640541944	0.8284860568349491	0.7245253640541944	0.8284860568349491	0.8571428571428571	endpoint
P_LP.1400	0.14285714285714285	0.397596041453685	0.15188926960642452	2.172249502278426	0.3748342077426476	0.4940769722224133	0.6251657922573524	0.5059230277775867	0.5714285714285714	baseline
P_LP.1401	0.0	0.5298738151949772	0.6450866320933291	1.5627163505419839	0.35627577552007655	0.3295448024995843	0.6437242244799235	0.6704551975004157	0.7142857142857143	baseline
P_LP.1402	0.0	0.6553089049141574	0.7867428012612983	1.7240605551742556	0.6758147289539044	0.7678161223843293	0.6758147289539044	0.7678161223843293	0.7142857142857143	endpoint
P_LP.1403	0.0	0.4896156402220983	0.5186704231459905	0.6374110029668795	0.6083086975455793	0.5893039329854433	0.6083086975455793	0.5893039329854433	1.0	endpoint
P_LP.1404	0.0	0.3169018596258117	0.048057822094230866	1.6733303938240272	0.3573913404657649	0.46698401682141527	0.6426086595342351	0.5330159831785848	1.0	baseline
P_LP.1405	0.0	0.30882603569398653	0.34708080016554615	1.5024199094659698	0.575159663934702	0.5766585707370863	0.575159663934702	0.5766585707370863	0.7142857142857143	endpoint
P_LP.1406	0.0	0.39774603952489657	0.9504206874700799	1.4553556539084114	0.5365952805938831	0.5715378240541242	0.5365952805938831	0.5715378240541242	0.7142857142857143	endpoint
P_LP.1407	0.0	0.018528846640567007	0.15288244751571234	1.6025223152883032	0.47148102124203334	0.5232513554339543	0.5285189787579667	0.5232513554339543	0.5714285714285714	endpoint
P_LP.1408	0.0	0.24351720954978964	0.9644317760337775	1.3851753952666659	0.41114246300905266	0.1785455668724999	0.5888575369909473	0.8214544331275001	0.5714285714285714	baseline
P_LP.1409	0.14285714285714285	0.07452374731976603	0.014757920989073582	2.0851490769216574	0.47448157472492897	0.4502341718676921	0.5255184252750711	0.5497658281323079	0.5714285714285714	baseline
P_LP.141	0.0	0.08831705640393331	0.045882326877883	1.6799080111706393	0.4962076808417461	0.5427021902726994	0.5037923191582538	0.5427021902726994	0.5714285714285714	endpoint
P_LP.1410	0.14285714285714285	0.6456818517019942	0.9869371074789561	2.150537286041891	0.6071405157407187	0.7484947609773979	0.6071405157407187	0.7484947609773979	0.7142857142857143	endpoint
P_LP.1411	0.0	0.12750698887813822	0.2573760874983431	1.316055442782047	0.43761035182821495	0.4196856554970169	0.562389648171785	0.580314344502983	0.5714285714285714	baseline
P_LP.1412	0.0	0.3137341590162288	0.16503462702288044	1.1846335213702834	0.3694405254053898	0.4126769321069597	0.6305594745946101	0.5873230678930403	0.7142857142857143	baseline
P_LP.1413	0.0	0.30974861167643525	0.6667044393068932	1.5726441262227986	0.5407495494810891	0.6412394249815759	0.5407495494810891	0.6412394249815759	0.7142857142857143	endpoint
P_LP.1414	0.0	0.39745343278045414	1.1074147791325104	1.4091925244831998	0.6155097543106196	0.7810307593451634	0.6155097543106196	0.7810307593451634	0.5714285714285714	endpoint
P_LP.1415	0.0	0.5145645541221784	0.48851003427878786	1.4951294246343465	0.632748742943395	0.5852579389985971	0.632748742943395	0.5852579389985971	0.7142857142857143	endpoint
P_LP.1416	0.0	1.1206384213129323	1.2114664878895534	1.5979642623125097	0.7848962742000606	0.8220582961022663	0.7848962742000606	0.8220582961022663	1.0	endpoint
P_LP.1417	0.0	0.7450617587242476	0.7963767840328704	1.706528876285485	0.2813170123460324	0.1695152614377429	0.7186829876539675	0.8304847385622571	0.7142857142857143	baseline
P_LP.1418	0.0	0.6014461706478019	0.8511365189666859	1.3837616498209335	0.2930360587918974	0.29608686268096934	0.7069639412081026	0.7039131373190306	0.8571428571428571	baseline
P_LP.1419	0.0	0.9929568123620724	1.3963630591944132	1.8595142661663226	0.7694709916333282	0.9033614968549166	0.7694709916333282	0.9033614968549166	0.8571428571428571	endpoint
P_LP.142	0.0	0.8311568042356736	0.8924232189169725	1.6664683979831179	0.7250032180342835	0.7376249584906838	0.7250032180342835	0.7376249584906838	0.7142857142857143	endpoint
P_LP.1420	0.0	0.25025715969717566	0.3079810376877428	1.2932095543418483	0.5740775921150381	0.6585904064746363	0.5740775921150381	0.6585904064746363	0.7142857142857143	endpoint
P_LP.1421	0.0	0.2939055753942893	0.636810570820814	1.342286875713521	0.34848128042131554	0.3261097401373076	0.6515187195786845	0.6738902598626924	0.5714285714285714	baseline
P_LP.1422	0.0	0.3113890061828104	0.5754131700742544	1.5878988440044357	0.5837376877639597	0.6014770563097228	0.5837376877639597	0.6014770563097228	0.5714285714285714	endpoint
P_LP.1423	0.0	0.25363132436350566	0.8651016175023142	1.3144612527399098	0.36964797427629836	0.24833628259721308	0.6303520257237016	0.7516637174027869	0.7142857142857143	baseline
P_LP.1424	0.0	0.7519270600715566	0.5338256434954893	1.7566136656958835	0.7001332702395258	0.5609274536220341	0.7001332702395258	0.5609274536220341	0.7142857142857143	endpoint
P_LP.1425	0.0	0.49223743641656525	0.9507624369186904	1.2280868073498254	0.33611785657070686	0.2678074073036768	0.6638821434292932	0.7321925926963232	0.7142857142857143	baseline
P_LP.1426	0.0	0.7741065404031978	1.0917710279013424	1.1577158806912176	0.24080565940423487	0.2510242396256552	0.7591943405957651	0.7489757603743448	0.8571428571428571	baseline
P_LP.1428	0.0	0.698044900330735	0.8331389526637825	1.7500374428896548	0.2925921042105263	0.2976289885658553	0.7074078957894737	0.7023710114341447	0.8571428571428571	baseline
P_LP.1429	0.0	0.018562025417884178	0.2638376164199837	1.610118001741765	0.48286147136459695	0.5389468608671134	0.5171385286354031	0.5389468608671134	0.5714285714285714	endpoint
P_LP.143	0.0	0.19977690225103345	0.6515021516756013	1.2413154287256363	0.503783094641032	0.617890712334909	0.503783094641032	0.617890712334909	0.7142857142857143	endpoint
P_LP.1430	0.0	0.23407059219332504	0.2579304856321294	1.2897531147628722	0.3775627323200773	0.39338268978537316	0.6224372676799227	0.6066173102146268	0.8571428571428571	baseline
P_LP.1431	0.0	0.25090317810158463	0.6751687101640177	1.3188759669188785	0.5532866601871035	0.5554616445637512	0.5532866601871035	0.5554616445637512	0.5714285714285714	endpoint
P_LP.1432	0.0	0.22194496740633834	0.6613974038800511	1.3418394363347035	0.4339226694497591	0.3346764906830212	0.5660773305502409	0.6653235093169788	0.7142857142857143	baseline
P_LP.1433	0.0	0.4047977652598031	0.7950156860239893	1.9715095848383708	0.289974408251921	0.18182600887217065	0.710025591748079	0.8181739911278294	0.7142857142857143	baseline
P_LP.1434	0.0	0.17305482109952244	0.40672350411281494	1.0914916115016187	0.49458413160762776	0.5545803427304346	0.5054158683923722	0.5545803427304346	0.7142857142857143	endpoint
P_LP.1435	0.0	0.7174081546162656	0.8696468013139729	1.4671413830067737	0.6675898101050358	0.724742838630805	0.6675898101050358	0.724742838630805	0.8571428571428571	endpoint
P_LP.1436	0.0	0.5370052023562496	0.5833749234551635	1.185609502542425	0.6452576678142492	0.6031945386389815	0.6452576678142492	0.6031945386389815	0.7142857142857143	endpoint
P_LP.1437	0.0	1.0251285678334925	1.2995817196492934	1.6001895634654257	0.7771706793252411	0.8315262658506507	0.7771706793252411	0.8315262658506507	0.8571428571428571	endpoint
P_LP.1438	0.0	0.5098125986432173	0.33865092999904384	1.9562542147934585	0.5923142213595677	0.5734196808996104	0.5923142213595677	0.5734196808996104	0.5714285714285714	endpoint
P_LP.1439	0.0	0.5913389697096686	0.6112986228154909	1.7121876560212153	0.330846356506357	0.3297202546974857	0.6691536434936429	0.6702797453025142	0.7142857142857143	baseline
P_LP.144	0.0	0.2491168482841482	0.5984962716242478	1.3112227604186233	0.555797096025054	0.6207911470213513	0.555797096025054	0.6207911470213513	0.7142857142857143	endpoint
P_LP.1440	0.0	0.7670661458947527	0.6311559026603711	1.945889401197339	0.28495119480418757	0.3412000843526766	0.7150488051958124	0.6587999156473234	0.8571428571428571	baseline
P_LP.1441	0.0	0.33559491711189554	0.08828043837760902	1.290353549136506	0.35748096798915413	0.41272453593211494	0.6425190320108458	0.587275464067885	0.7142857142857143	baseline
P_LP.1442	0.0	0.8340561952377546	1.2313504251911944	1.5025900326039832	0.23143362891726663	0.19648220068068353	0.7685663710827334	0.8035177993193164	0.8571428571428571	baseline
P_LP.1443	0.0	0.38006502037279954	0.88992026442526	1.4093923351773696	0.3168224937792209	0.15238859583578804	0.6831775062207791	0.847611404164212	0.8571428571428571	baseline
P_LP.1444	0.0	0.5457509670356088	0.4380091745043833	1.4688278458664061	0.6488846787165322	0.5642845026029196	0.6488846787165322	0.5642845026029196	0.5714285714285714	endpoint
P_LP.1445	0.0	0.7983625893221661	1.0275951748354715	1.5332664899551278	0.26749607880716725	0.210540980326455	0.7325039211928328	0.789459019673545	0.8571428571428571	baseline
P_LP.1446	0.0	0.08385097543800026	0.03800614628823994	1.3955807688316861	0.4414337101379967	0.4204112760694216	0.5585662898620033	0.5795887239305784	0.5714285714285714	baseline
P_LP.1447	0.0	0.9092094173711278	1.05740877902418	1.6462968383513261	0.7300799045254578	0.6888727448235746	0.7300799045254578	0.6888727448235746	0.8571428571428571	endpoint
P_LP.1448	0.0	0.785863800087231	0.8879756456529919	1.6891364045339679	0.7161491156210562	0.6689019692545326	0.7161491156210562	0.6689019692545326	0.8571428571428571	endpoint
P_LP.145	0.0	1.0203806990173188	1.3031011876962468	1.9244741631033937	0.7541235187244621	0.8726893838206181	0.7541235187244621	0.8726893838206181	0.8571428571428571	endpoint
P_LP.1450	0.0	0.2707674339122106	0.5432753572303182	1.1893451046888315	0.41422489044584804	0.28389935163158375	0.5857751095541519	0.7161006483684162	0.7142857142857143	baseline
P_LP.1451	0.0	0.24381086843022676	0.17463699062893792	1.5020610640387162	0.4125548327774965	0.38727663586526617	0.5874451672225035	0.6127233641347338	0.5714285714285714	baseline
P_LP.1452	0.0	0.28919899385336073	0.7421505461857238	1.6975345734684035	0.5351017366323493	0.6414423677736009	0.5351017366323493	0.6414423677736009	0.7142857142857143	endpoint
P_LP.1453	0.0	0.4108609361070289	0.5391065298720026	1.3426600394046644	0.34650672069324295	0.36105666161899225	0.653493279306757	0.6389433383810077	0.8571428571428571	baseline
P_LP.1454	0.0	0.11137866447047473	0.30178077543340753	1.2351837692837144	0.45226687594948084	0.40046576639722276	0.5477331240505192	0.5995342336027772	0.7142857142857143	baseline
P_LP.1455	0.14285714285714285	0.3959648313782476	0.3815727365439216	2.127140595421932	0.526867128267334	0.5467791012563177	0.526867128267334	0.5467791012563177	0.7142857142857143	endpoint
P_LP.1456	0.0	0.4389078192470987	0.6192446625944122	1.6357024857361695	0.35577079721813487	0.2481461288218449	0.6442292027818651	0.751853871178155	0.7142857142857143	baseline
P_LP.1457	0.0	0.45604409074945895	0.7245736893434085	1.9326104959859354	0.3635607237539088	0.3351478712186979	0.6364392762460912	0.6648521287813021	0.5714285714285714	baseline
P_LP.1458	0.0	0.04945756626699908	0.34096806103275146	1.3859152173440543	0.5201047870609096	0.5341843811240948	0.5201047870609096	0.5341843811240948	0.5714285714285714	endpoint
P_LP.1459	0.0	0.021437204561437846	0.03431833980461867	1.3405356460883182	0.4682256704208668	0.41777839761424984	0.5317743295791332	0.5822216023857502	0.5714285714285714	endpoint
P_LP.146	0.0	0.17672817742621216	0.11782462894372124	1.1170323073291852	0.4030847126671286	0.4811043883925863	0.5969152873328714	0.5188956116074137	0.7142857142857143	baseline
P_LP.1460	0.0	0.5932641528329162	0.2871169451893595	1.603968413537388	0.2872508969080488	0.4075168050720021	0.7127491030919513	0.5924831949279978	1.0	baseline
P_LP.1461	0.0	0.14987808457473745	0.027869199749273717	1.4749735706724703	0.4139458802591697	0.4713390376906478	0.5860541197408303	0.5286609623093522	0.7142857142857143	baseline
P_LP.1462	0.0	0.7808313128414623	0.6713025533199353	1.7324423005696685	0.27544111774096475	0.2706321475991884	0.7245588822590352	0.7293678524008116	0.8571428571428571	baseline
P_LP.1463	0.0	0.12143597345509995	0.1414115723017605	1.4083606154214867	0.44157798954431976	0.4468460636996926	0.5584220104556803	0.5531539363003074	0.7142857142857143	baseline
P_LP.1464	0.0	1.2458277322047409	1.1973910900350233	1.9711402235092212	0.11647818864987124	0.11683071776880752	0.8835218113501287	0.8831692822311925	1.0	baseline
P_LP.1465	0.0	0.03993465536148493	0.3367197871025393	1.4608095526168903	0.49130126365199006	0.3239798005721751	0.50869873634801	0.6760201994278249	0.5714285714285714	endpoint
P_LP.1466	0.0	0.3662406178634679	0.7901657873523947	1.4085091329582802	0.39495704664804204	0.21102433670090262	0.6050429533519579	0.7889756632990974	0.7142857142857143	baseline
P_LP.1467	0.0	0.6307501267245404	0.6866950073264142	1.682757348556544	0.6700348384766708	0.6674118819142265	0.6700348384766708	0.6674118819142265	0.7142857142857143	endpoint
P_LP.1468	0.0	1.1766902933380259	1.2305034307647817	1.7690272425646978	0.14010986504644377	0.04969509357683627	0.8598901349535563	0.9503049064231637	0.8571428571428571	baseline
P_LP.1469	0.0	0.07126267580499726	0.9362820496503879	1.8144045025258433	0.3648359203851753	0.09766487423810966	0.6351640796148247	0.9023351257618903	0.5714285714285714	baseline
P_LP.147	0.0	0.000447941990997006	0.09914298122315202	1.626568214475958	0.47518615410803555	0.459175304883195	0.5248138458919644	0.540824695116805	0.5714285714285714	endpoint
P_LP.1470	0.0	0.634260738664542	0.5523033444433115	1.2898740398131725	0.6578990606080846	0.6277760078134175	0.6578990606080846	0.6277760078134175	0.8571428571428571	endpoint
P_LP.1472	0.0	0.31983119096983453	0.14826281882089024	1.8032558420732592	0.5206420749511634	0.5047014198931892	0.5206420749511634	0.5047014198931892	0.5714285714285714	endpoint
P_LP.1473	0.0	1.0109119814185228	1.1130508720405345	1.5207814080407829	0.762682702899691	0.7718213911566109	0.762682702899691	0.7718213911566109	1.0	endpoint
P_LP.1474	0.0	0.6612922832544568	0.8246550805956364	1.4696356970469586	0.6859243022754277	0.7046691484026747	0.6859243022754277	0.7046691484026747	0.7142857142857143	endpoint
P_LP.1475	0.0	0.10348026537333214	0.05434781821441927	1.5270247957254661	0.5072830577429767	0.4619973841274656	0.5072830577429767	0.5380026158725344	0.5714285714285714	endpoint
P_LP.1476	0.0	0.8536615040595187	1.1618301769629797	1.7208858513040113	0.24522780541043784	0.1209489500122863	0.7547721945895621	0.8790510499877137	0.8571428571428571	baseline
P_LP.1477	0.0	0.45703984624425004	0.6220497026979438	1.5715731577665186	0.5764221077826195	0.6115373303281499	0.5764221077826195	0.6115373303281499	0.7142857142857143	endpoint
P_LP.1478	0.0	0.5805422918214422	0.8233528114598678	1.301085670644632	0.6436530282328018	0.6989661638602805	0.6436530282328018	0.6989661638602805	0.7142857142857143	endpoint
P_LP.1479	0.0	0.04266480968508452	0.29095926668620126	0.9788546771430741	0.4725820281388301	0.41319119314458574	0.5274179718611699	0.5868088068554143	0.7142857142857143	baseline
P_LP.148	0.0	0.47660825611666263	0.8046139060947767	1.5388899778819094	0.6467140508803174	0.6509194586469064	0.6467140508803174	0.6509194586469064	0.7142857142857143	endpoint
P_LP.1480	0.0	0.4146336245251793	0.6694100685164058	1.3553984749151347	0.3419249401293111	0.3238721171844697	0.6580750598706889	0.6761278828155304	0.7142857142857143	baseline
P_LP.1481	0.0	0.8624110997282995	1.1509136602757426	1.775055291198572	0.7573698075908002	0.9790082119207334	0.7573698075908002	0.9790082119207334	0.8571428571428571	endpoint
P_LP.1482	0.0	0.16768349720476125	0.15810656135771675	1.1464364640586757	0.42676111834631764	0.39212504894709727	0.5732388816536824	0.6078749510529027	0.8571428571428571	baseline
P_LP.1483	0.0	1.030227322533152	1.1488905199254162	1.7197760183478907	0.19942971311135502	0.144106358726951	0.800570286888645	0.855893641273049	0.8571428571428571	baseline
P_LP.1484	0.0	0.9346866666002679	1.0688911232372504	1.8052379047216436	0.22563535259989656	0.24677333307479243	0.7743646474001035	0.7532266669252076	0.8571428571428571	baseline
P_LP.1485	0.0	0.06709211494548249	0.0696593881055804	1.3852499525043238	0.48221257524752	0.4500301116478497	0.5177874247524801	0.5499698883521503	0.5714285714285714	baseline
P_LP.1486	0.0	0.15238658673141475	0.8526426969845846	1.5631124797987048	0.4477555410600896	0.2958565740276049	0.5522444589399105	0.7041434259723951	0.5714285714285714	baseline
P_LP.1487	0.0	0.3200028280998405	0.24081048583891634	1.622203303977909	0.39608450147478685	0.3537288576028138	0.6039154985252131	0.6462711423971862	0.5714285714285714	baseline
P_LP.1488	0.0	0.15977335444717664	0.16554125567792743	1.5710930857965075	0.43347666396343243	0.40091166297653424	0.5665233360365676	0.5990883370234658	0.5714285714285714	baseline
P_LP.1489	0.14285714285714285	1.2317880917092785	1.6029636616909353	2.2633981356651445	0.7876682561094294	0.8433482943478792	0.7876682561094294	0.8433482943478792	0.8571428571428571	endpoint
P_LP.149	0.0	0.03099612223436513	0.15329405645394115	1.953057234838095	0.44534220643012173	0.38900972691799646	0.5546577935698782	0.6109902730820036	0.7142857142857143	endpoint
P_LP.1490	0.0	0.28521631671294123	0.3150619065615429	1.4482118190660869	0.5498709174551426	0.5595085185231142	0.5498709174551426	0.5595085185231142	0.7142857142857143	endpoint
P_LP.1491	0.0	0.02245830319164182	0.39444228575505097	1.1712552072737674	0.45451391361436805	0.5077590764753325	0.5454860863856319	0.5077590764753325	0.5714285714285714	endpoint
P_LP.1492	0.0	0.233857975645892	0.5431939632673475	1.1611693976993345	0.419898190472143	0.39899393490031626	0.580101809527857	0.6010060650996838	0.8571428571428571	baseline
P_LP.1493	0.0	0.4257942828256086	0.20475017579049795	1.3708255207671076	0.613557979345277	0.5216088872834265	0.613557979345277	0.5216088872834265	0.7142857142857143	endpoint
P_LP.1494	0.0	0.2929764204694321	0.35384090119473577	1.0974786187591086	0.5303325477705177	0.5536802409289778	0.5303325477705177	0.5536802409289778	0.7142857142857143	endpoint
P_LP.1495	0.0	0.5993838693123035	0.6884962079807605	1.1984138844248833	0.2876337623562072	0.21486612057595367	0.7123662376437928	0.7851338794240463	0.7142857142857143	baseline
P_LP.1496	0.0	0.1692529163215144	0.5920916258880407	1.1965315314199108	0.41727073631898565	0.34295732912739174	0.5827292636810144	0.6570426708726083	0.7142857142857143	baseline
P_LP.1497	0.0	0.18371064385109812	0.048244981930667966	1.6478010939490821	0.4151478428245644	0.45999027359753464	0.5848521571754356	0.5400097264024654	0.5714285714285714	baseline
P_LP.1498	0.0	0.46176088761717754	0.8079679314556591	1.4522710929238247	0.3161510817895649	0.2892006996554676	0.683848918210435	0.7107993003445324	0.8571428571428571	baseline
P_LP.15	0.0	0.6926635240046035	0.9681572262836026	1.503332724042728	0.2849625711055726	0.2205052573700737	0.7150374288944275	0.7794947426299264	0.8571428571428571	baseline
P_LP.150	0.0	0.6197921896958825	0.7211700300619419	1.500099449570115	0.30920321782805793	0.3159582240716584	0.6907967821719421	0.6840417759283416	0.8571428571428571	baseline
P_LP.1500	0.0	0.6805005622193371	0.9706294034184139	1.1782662479334962	0.6986883689256361	0.7633455331743751	0.6986883689256361	0.7633455331743751	0.7142857142857143	endpoint
P_LP.1501	0.0	0.13456547467280605	0.5660471952049716	1.564962291690534	0.46891904033782533	0.35524511302734724	0.5310809596621746	0.6447548869726527	0.5714285714285714	baseline
P_LP.1502	0.0	0.16397726092106726	0.25814279004131	1.3614944371482947	0.4466259621761086	0.41225056769694124	0.5533740378238914	0.5877494323030588	0.5714285714285714	baseline
P_LP.1503	0.0	0.3997358231967084	0.8352817549204407	1.4936333905478807	0.35825076830526903	0.2899392562958402	0.641749231694731	0.7100607437041597	0.7142857142857143	baseline
P_LP.1504	0.0	0.274883142206442	0.5409486088678701	1.3598719520969322	0.43845468904573714	0.34351336556290685	0.5615453109542629	0.6564866344370932	0.5714285714285714	baseline
P_LP.1505	0.0	0.2869645471198526	0.8066136120418818	1.7907384885092172	0.328155784243806	0.1788430158654927	0.671844215756194	0.8211569841345073	0.7142857142857143	baseline
P_LP.1506	0.0	0.6068217497409713	0.9352355260913927	1.2625108125348594	0.3029018091185266	0.17268372137492835	0.6970981908814734	0.8273162786250716	0.8571428571428571	baseline
P_LP.1507	0.0	0.9794542626222051	0.8558862203463442	1.5209667048300803	0.7538456193141311	0.779502734946122	0.7538456193141311	0.779502734946122	1.0	endpoint
P_LP.1508	0.0	0.4500677257397752	0.8256903828195546	1.3774290994333431	0.32677559230320724	0.2995545720632815	0.6732244076967928	0.7004454279367185	0.8571428571428571	baseline
P_LP.1509	0.0	0.4103936596789003	0.22725979136691682	1.2071451870226415	0.5869102053637787	0.6107899832179511	0.5869102053637787	0.6107899832179511	0.5714285714285714	endpoint
P_LP.151	0.0	0.23189303353933374	0.3825096720483074	1.1416564830583948	0.4045275474004347	0.3786642556903514	0.5954724525995654	0.6213357443096486	0.8571428571428571	baseline
P_LP.1510	0.0	0.03138881245081415	0.016173045357791512	1.257382373562047	0.48044774152872216	0.4334397680648987	0.5195522584712778	0.5665602319351013	0.5714285714285714	baseline
P_LP.1511	0.0	0.6562140046198238	0.4451479372636272	1.8202095937696317	0.31564519828479337	0.2903476587426496	0.6843548017152066	0.7096523412573503	0.7142857142857143	baseline
P_LP.1512	0.0	0.5649124474149778	0.6922092832089034	1.806229907070173	0.6117687206236794	0.7036161424376024	0.6117687206236794	0.7036161424376024	0.7142857142857143	endpoint
P_LP.1513	0.0	1.0520581208134858	1.1239448880961835	1.770088239165227	0.8044844881146392	0.9583218187311761	0.8044844881146392	0.9583218187311761	0.8571428571428571	endpoint
P_LP.1514	0.0	0.7339620892240786	0.641575639359181	1.5825127856025842	0.6858521084186199	0.684775685577184	0.6858521084186199	0.684775685577184	1.0	endpoint
P_LP.1515	0.0	0.48512696000545846	0.7772075624554106	1.3120989241831915	0.3191766975746937	0.2666210806656043	0.6808233024253063	0.7333789193343957	0.7142857142857143	baseline
P_LP.1516	0.0	0.043186293697512194	0.36288705019502	1.4673334710995063	0.509769835429522	0.5854403109933315	0.509769835429522	0.5854403109933315	0.5714285714285714	baseline
P_LP.1517	0.0	0.4932302748922525	0.44965082836284137	1.3461923069751842	0.31405381511998315	0.38035374094850594	0.6859461848800168	0.6196462590514941	0.7142857142857143	baseline
P_LP.1518	0.0	0.3988084559338137	0.15515902711327564	1.4845038002113087	0.6145149004914433	0.5108212635714111	0.6145149004914433	0.5108212635714111	0.5714285714285714	endpoint
P_LP.1519	0.0	0.4830866319202554	0.5591955146975749	1.0732746596681038	0.3334116154654502	0.3362357366110761	0.6665883845345498	0.6637642633889239	0.7142857142857143	baseline
P_LP.152	0.0	0.08318414831053081	0.02178820115248168	1.6631316838960106	0.4765629284542753	0.476080092394383	0.5234370715457247	0.523919907605617	0.5714285714285714	baseline
P_LP.1520	0.0	0.4776110112090402	0.004039890064142502	1.9272300501870818	0.5783003121130258	0.5088399048327557	0.5783003121130258	0.5088399048327557	0.5714285714285714	endpoint
P_LP.1521	0.0	0.02795243409255734	0.5376651047902538	1.5003628997586687	0.44658193116549905	0.5821391795565004	0.553418068834501	0.5821391795565004	0.5714285714285714	endpoint
P_LP.1522	0.0	0.30960479303892974	0.2582711887563601	1.1139333731851995	0.3568056094168422	0.36152021690887126	0.6431943905831579	0.6384797830911287	0.8571428571428571	baseline
P_LP.1523	0.0	0.3861287229199742	0.3877213482325348	1.051348722615531	0.5629741831170751	0.5587981867467241	0.5629741831170751	0.5587981867467241	0.7142857142857143	endpoint
P_LP.1524	0.0	0.09540394162406203	0.4683868711943822	1.8460561628044996	0.42404826534581674	0.2831394280316676	0.5759517346541833	0.7168605719683324	0.5714285714285714	baseline
P_LP.1525	0.0	0.09585423271104825	0.042788140098635234	1.998129028911954	0.4668372479394619	0.49351947103364163	0.5331627520605381	0.5064805289663583	0.5714285714285714	baseline
P_LP.1526	0.0	0.24979754944400115	0.4477238722030278	1.245052077557488	0.3934566614980176	0.35776705856046603	0.6065433385019824	0.642232941439534	0.5714285714285714	baseline
P_LP.1527	0.0	0.4303746413147631	0.5747426693492469	1.1819229579730495	0.3662876333598729	0.24551092631438612	0.6337123666401271	0.7544890736856139	0.8571428571428571	baseline
P_LP.1528	0.0	1.248830430262217	1.2346354064306164	1.6303137656709061	0.8250080863677971	0.8501722484873189	0.8250080863677971	0.8501722484873189	1.0	endpoint
P_LP.1529	0.0	0.8737750697821252	0.7586533636551849	1.5380329862910362	0.7183277897615318	0.6904950957154434	0.7183277897615318	0.6904950957154434	0.7142857142857143	endpoint
P_LP.153	0.0	0.05954717196001452	0.037208212662400195	1.1696397855463754	0.45467857809863466	0.4658317938637781	0.5453214219013653	0.5341682061362218	0.7142857142857143	baseline
P_LP.1530	0.0	0.74112053599816	0.7393464805317779	1.1687114843096875	0.2650040489892001	0.24753090831036548	0.7349959510108	0.7524690916896345	0.8571428571428571	baseline
P_LP.1531	0.0	0.35126734709830015	0.21783496092053245	1.4802491042673407	0.5588280534566036	0.5711560287253192	0.5588280534566036	0.5711560287253192	0.7142857142857143	endpoint
P_LP.1532	0.0	0.30508349292022513	0.4428708012488165	1.385650290346281	0.6078971935564198	0.5657924774226327	0.6078971935564198	0.5657924774226327	0.7142857142857143	endpoint
P_LP.1533	0.0	0.7034364991418673	1.1590764874536876	1.5835396210122257	0.6829923225107813	0.7273829197391724	0.6829923225107813	0.7273829197391724	0.5714285714285714	endpoint
P_LP.1534	0.0	0.420676826167122	0.5309641297207578	1.546225126245119	0.5707108169700184	0.6187477167733237	0.5707108169700184	0.6187477167733237	0.7142857142857143	endpoint
P_LP.1535	0.0	0.23411751964676686	0.27002361552699705	1.1589093903300773	0.5496639157855087	0.5355994614657569	0.5496639157855087	0.5355994614657569	0.5714285714285714	endpoint
P_LP.1536	0.0	0.5128445142996411	0.7696049762022646	0.8756552831871215	0.6356618428273222	0.699063721390839	0.6356618428273222	0.699063721390839	0.7142857142857143	endpoint
P_LP.1537	0.0	1.1362096547169527	1.1856363606725813	1.3850999804406288	0.1530990318409842	0.18477965391352924	0.8469009681590158	0.8152203460864708	1.0	baseline
P_LP.1538	0.0	0.047707838323308	0.11549156879120602	1.1517149633650094	0.487510056865443	0.406140335665652	0.512489943134557	0.593859664334348	0.7142857142857143	baseline
P_LP.1539	0.0	0.47706380075742133	0.612778962674696	1.1160203880258175	0.5918131246730677	0.6184944314316189	0.5918131246730677	0.6184944314316189	0.8571428571428571	endpoint
P_LP.154	0.0	1.194137454223674	1.2689160456297477	1.904565530564242	0.13312655357549572	0.09836555824720417	0.8668734464245043	0.9016344417527958	1.0	baseline
P_LP.1540	0.0	0.2990686996252173	0.3361242948392729	1.1243667210388524	0.5452929522501669	0.477614338686214	0.5452929522501669	0.522385661313786	0.5714285714285714	endpoint
P_LP.1541	0.0	0.08359731970496012	0.030907109068452586	1.5985471829532734	0.52571929034891	0.45754980914007565	0.52571929034891	0.5424501908599244	0.5714285714285714	endpoint
P_LP.1542	0.0	0.32944398024031835	0.4347501006601958	1.2864268956915421	0.34319927895020647	0.42888072037638947	0.6568007210497935	0.5711192796236105	0.8571428571428571	baseline
P_LP.1543	0.0	0.061408994132240095	0.2533621643240797	1.2316895291578849	0.4677174576056436	0.42269646318463233	0.5322825423943565	0.5773035368153676	0.5714285714285714	baseline
P_LP.1544	0.0	0.16632024146738825	0.34483908567445726	1.1675085904584594	0.38688787176135236	0.38883751119861554	0.6131121282386476	0.6111624888013845	0.7142857142857143	baseline
P_LP.1545	0.0	0.02915004775093883	0.18699522803986965	0.9543402934391061	0.4663741936698323	0.5056226758197209	0.5336258063301678	0.5056226758197209	0.5714285714285714	endpoint
P_LP.1546	0.0	0.2718034902508881	0.25076552835836685	0.8281984661227468	0.5591668552378255	0.5265955538906758	0.5591668552378255	0.5265955538906758	0.7142857142857143	endpoint
P_LP.1547	0.0	0.5980297571490053	0.8955634294204483	1.3685074331622604	0.6807962671484218	0.7792829269664199	0.6807962671484218	0.7792829269664199	0.5714285714285714	endpoint
P_LP.1548	0.0	0.14106553136297803	0.42891685440240895	1.33780966435615	0.46875853076092217	0.31210994289875116	0.5312414692390779	0.6878900571012488	0.7142857142857143	baseline
P_LP.1549	0.0	0.13470398900519728	0.5182578429459513	1.484228743286638	0.486815773657003	0.5891759592463067	0.513184226342997	0.5891759592463067	0.5714285714285714	endpoint
P_LP.155	0.0	0.7931694519528615	0.7348431254218881	1.815581919524727	0.6827691276919923	0.7038175497607418	0.6827691276919923	0.7038175497607418	1.0	endpoint
P_LP.1550	0.0	0.11163888220213791	0.4599544766629924	1.2989560149693544	0.47795630979423537	0.4965474830285018	0.5220436902057646	0.5034525169714982	0.5714285714285714	endpoint
P_LP.1551	0.0	0.5574845864421462	0.7079320669400357	0.9657671217764022	0.6219072328432415	0.5967772263201768	0.6219072328432415	0.5967772263201768	1.0	endpoint
P_LP.1552	0.0	0.024732665170431996	0.13400472292531088	1.4802604740009286	0.5061659768419019	0.4467110566826705	0.5061659768419019	0.5532889433173295	0.5714285714285714	endpoint
P_LP.1553	0.0	0.575524524147711	0.45325421808025756	1.5540030027686447	0.3055319485960325	0.2773964584410581	0.6944680514039675	0.7226035415589419	0.7142857142857143	baseline
P_LP.1554	0.0	0.1719861116024012	0.1979735484353891	1.544915351505587	0.4064598717286368	0.4707575864872342	0.5935401282713633	0.5292424135127658	0.7142857142857143	baseline
P_LP.1555	0.0	0.3047349392716585	0.776154418268125	1.305890084313324	0.37290352560663365	0.3099214982911945	0.6270964743933664	0.6900785017088056	0.7142857142857143	baseline
P_LP.1556	0.14285714285714285	1.109527930945229	1.1906828615179652	2.2428480621132842	0.7573296987047559	0.8746470407420103	0.7573296987047559	0.8746470407420103	0.8571428571428571	endpoint
P_LP.1557	0.0	0.17956783796602319	0.39011631182952844	1.5480445166822476	0.5348497635949715	0.5494291394180854	0.5348497635949715	0.5494291394180854	0.5714285714285714	endpoint
P_LP.1558	0.0	0.06262993310021389	0.08887468688828992	1.034879526313555	0.47277296444597894	0.40191636101471284	0.5272270355540211	0.5980836389852872	0.5714285714285714	endpoint
P_LP.1559	0.0	0.6032646716958647	1.1256960904941902	1.607439318158418	0.2979679356430695	0.2029861986707414	0.7020320643569304	0.7970138013292586	0.8571428571428571	baseline
P_LP.156	0.0	0.9699138154527979	1.0856068218040202	1.710522709953941	0.7220448615681158	0.7726180879553677	0.7220448615681158	0.7726180879553677	1.0	endpoint
P_LP.1560	0.0	0.7937310118249672	1.1987344855588047	1.8447723338224025	0.7156208298764415	0.8764400166352478	0.7156208298764415	0.8764400166352478	0.7142857142857143	endpoint
P_LP.1561	0.0	0.5510704221195554	1.2618139920990947	1.7377861681154503	0.626766950497729	0.8198115075737636	0.626766950497729	0.8198115075737636	0.5714285714285714	endpoint
P_LP.1562	0.0	0.33737342664541625	0.34177344845542784	1.752814407700851	0.5677331274163289	0.5426439210939947	0.5677331274163289	0.5426439210939947	0.7142857142857143	endpoint
P_LP.1563	0.0	0.19456495962013975	0.11155374114985268	1.1965346476833567	0.4090763272232258	0.46294949374806615	0.5909236727767742	0.5370505062519338	0.5714285714285714	baseline
P_LP.1564	0.0	0.11080216466779018	0.3581447949570224	1.7129639515534487	0.4909789317071515	0.5793128709174387	0.5090210682928484	0.5793128709174387	0.5714285714285714	baseline
P_LP.1565	0.0	0.7097291281811066	1.0489181938688557	1.2860153005277006	0.2783692986308501	0.254501850523737	0.7216307013691499	0.7454981494762629	0.7142857142857143	baseline
P_LP.1566	0.0	0.3276181042693386	0.27240003001428	1.7971937012868624	0.5407038665668471	0.6860848196421303	0.5407038665668471	0.6860848196421303	0.5714285714285714	endpoint
P_LP.1567	0.0	0.6979512484173884	0.8692074293103128	1.1463750942606517	0.2861296238563274	0.2661992794970627	0.7138703761436727	0.7338007205029373	0.8571428571428571	baseline
P_LP.1568	0.0	0.733252689850125	1.1362596166540884	1.2961793557952292	0.20860589770749313	0.17552073221566705	0.7913941022925068	0.8244792677843329	0.8571428571428571	baseline
P_LP.1569	0.0	0.5060749018611354	0.6304655100260248	1.841137196844857	0.6120227751964237	0.5226179446806591	0.6120227751964237	0.5226179446806591	0.5714285714285714	endpoint
P_LP.157	0.0	0.5206727130033177	1.0779846175520895	1.5376347834619133	0.3353225923284621	0.24481171544488695	0.6646774076715378	0.755188284555113	0.7142857142857143	baseline
P_LP.1570	0.0	0.020275109553465658	0.2832396914221487	1.297846042785352	0.4121359385908218	0.4904984120190951	0.5878640614091781	0.5095015879809048	0.5714285714285714	baseline
P_LP.1571	0.0	0.2914035497592508	0.2675725503792715	1.1733938967662858	0.36749390844742813	0.4403396218803658	0.6325060915525719	0.5596603781196342	0.8571428571428571	baseline
P_LP.1573	0.0	1.1175767096271938	1.4367554767717101	1.6895326085590727	0.1694221134248639	0.09395639811869991	0.8305778865751361	0.9060436018813001	0.8571428571428571	baseline
P_LP.1574	0.0	0.27698694638625593	0.2227251938064487	1.3639645780642595	0.584211664805897	0.4602760652821053	0.584211664805897	0.5397239347178947	0.5714285714285714	endpoint
P_LP.1575	0.0	0.06139078275434538	0.05252422767188455	1.4825469242546752	0.5040891992697772	0.5159243723745659	0.5040891992697772	0.5159243723745659	0.5714285714285714	endpoint
P_LP.1576	0.0	0.5717936144213749	0.7263213190920066	1.61873816379392	0.31346895725925766	0.2858150577144825	0.6865310427407423	0.7141849422855175	0.8571428571428571	baseline
P_LP.1577	0.0	0.13829316641903452	0.16241659103528683	1.5616658969712998	0.4894584882124503	0.4510551187848	0.5105415117875497	0.5489448812152	0.5714285714285714	endpoint
P_LP.1578	0.0	0.6654632295535476	0.8293804052153873	1.4035093893062942	0.6791967056220665	0.6874103143485643	0.6791967056220665	0.6874103143485643	0.8571428571428571	endpoint
P_LP.1579	0.0	0.032954965223571574	0.012443456022502464	1.346209853115995	0.41925239782349183	0.48532463643880913	0.5807476021765081	0.5146753635611909	0.5714285714285714	baseline
P_LP.158	0.0	0.4017055536785333	0.06535679016720572	1.7549816666436624	0.5641110469356928	0.46561803238063654	0.5641110469356928	0.5343819676193635	0.5714285714285714	endpoint
P_LP.1580	0.0	0.2236343859677851	0.5502382551390541	1.3039787659388207	0.38900509145551204	0.3420930154418717	0.6109949085444879	0.6579069845581282	0.7142857142857143	baseline
P_LP.1581	0.0	1.4033038282668246	1.4365873394661157	1.9386170288982212	0.8641327777059871	0.8955427509745987	0.8641327777059871	0.8955427509745987	1.0	endpoint
P_LP.1582	0.0	0.5523245615977919	0.7756710605039695	1.1626790466791557	0.2891337553038108	0.31493499123445395	0.7108662446961892	0.6850650087655461	0.8571428571428571	baseline
P_LP.1583	0.0	1.0773855363566756	1.1219729790105737	1.5275566523195376	0.7660479517670824	0.7446276609583548	0.7660479517670824	0.7446276609583548	1.0	endpoint
P_LP.1584	0.0	0.17008355825794322	0.5043135497651855	1.3150252838268375	0.4287575879865339	0.29529236857604657	0.571242412013466	0.7047076314239534	0.5714285714285714	baseline
P_LP.1585	0.14285714285714285	0.7650812422476443	1.0345119455495646	2.040296250221487	0.692815830905919	0.7381754808903189	0.692815830905919	0.7381754808903189	0.7142857142857143	endpoint
P_LP.1586	0.0	0.21613399690244756	0.6847588087188184	1.1963995695259146	0.4370789950983768	0.3296370479776682	0.5629210049016232	0.6703629520223318	0.5714285714285714	baseline
P_LP.1588	0.0	0.390912356251084	0.4821158420337192	1.3567697842360813	0.599312463930351	0.5663280434973329	0.599312463930351	0.5663280434973329	0.5714285714285714	endpoint
P_LP.1589	0.0	0.6167127551570025	0.8874894078286164	1.233583513820972	0.3062381473329109	0.2859046934430501	0.6937618526670891	0.71409530655695	0.8571428571428571	baseline
P_LP.159	0.0	0.07452748971568966	0.20061992950205668	1.9038838831636842	0.48637689650455646	0.37814318463057883	0.5136231034954435	0.6218568153694212	0.5714285714285714	endpoint
P_LP.1590	0.0	0.6522340450275129	1.037484736422665	1.5523791968304155	0.6617036260777754	0.7686305178205908	0.6617036260777754	0.7686305178205908	0.7142857142857143	endpoint
P_LP.1591	0.0	0.07305055178908701	0.12368200427203113	1.366107744111749	0.4926950910969255	0.5040311473845496	0.5073049089030746	0.5040311473845496	0.5714285714285714	endpoint
P_LP.1592	0.0	0.3040233611289977	0.7277365751788408	1.4070607391292462	0.5503042519645874	0.580970015844489	0.5503042519645874	0.580970015844489	0.5714285714285714	endpoint
P_LP.1593	0.0	0.455920531629669	0.493116002920319	1.2899509761442816	0.3400793636873421	0.38992744142923863	0.659920636312658	0.6100725585707614	1.0	baseline
P_LP.1594	0.0	0.4512621024584625	0.5759927316429309	1.4715695066195478	0.33003076720002905	0.25276083780473413	0.6699692327999709	0.7472391621952659	0.8571428571428571	baseline
P_LP.1595	0.0	0.026781226280046946	0.2407406083559388	1.2075711671509488	0.4754789596898171	0.5469781833055333	0.5245210403101829	0.5469781833055333	0.5714285714285714	endpoint
P_LP.1596	0.0	0.5560091718267183	1.0589022565769526	1.5914330472773806	0.32483479871840065	0.19599880636563008	0.6751652012815994	0.80400119363437	0.7142857142857143	baseline
P_LP.1597	0.0	0.2188210531979728	0.023094246240184586	1.1748019956442857	0.5684031536754585	0.44389363224663936	0.5684031536754585	0.5561063677533606	0.7142857142857143	endpoint
P_LP.1598	0.0	0.08568053983965261	0.12854593851887428	1.7006306801127216	0.4562616330276879	0.4938805966224485	0.5437383669723121	0.5061194033775516	0.5714285714285714	endpoint
P_LP.1599	0.0	0.10753133087699254	0.14188859552200864	1.1954739322460946	0.42025512880191235	0.38441235667791807	0.5797448711980877	0.6155876433220819	0.7142857142857143	baseline
P_LP.160	0.0	0.11445612232854109	0.252570734065395	1.507577571434077	0.39625422811450933	0.3876052004318082	0.6037457718854906	0.6123947995681918	0.5714285714285714	baseline
P_LP.1600	0.0	0.07457649349721802	0.22941017619911622	1.284860045283504	0.5011382380249788	0.4278633045055252	0.5011382380249788	0.5721366954944749	0.5714285714285714	endpoint
P_LP.1601	0.0	0.531286218738633	0.7062581784457364	1.4745771031911583	0.3376301764990592	0.2784516132068332	0.6623698235009408	0.7215483867931668	0.7142857142857143	baseline
P_LP.1602	0.0	0.6043881562065408	0.9522991751710582	1.3744589827809417	0.688561237923162	0.7238064922175291	0.688561237923162	0.7238064922175291	0.7142857142857143	endpoint
P_LP.1603	0.0	0.5359874851099694	0.5787151692357131	1.8906351908737469	0.6153651407751844	0.6613857044195607	0.6153651407751844	0.6613857044195607	0.7142857142857143	endpoint
P_LP.1604	0.0	0.283475620024961	0.22341070273910404	1.6842754089340681	0.5086500104870085	0.6252641194222106	0.5086500104870085	0.6252641194222106	0.5714285714285714	endpoint
P_LP.1605	0.0	0.6571356318713109	0.986119792132736	1.4524550739684299	0.6667947961443456	0.7239087876754731	0.6667947961443456	0.7239087876754731	0.5714285714285714	endpoint
P_LP.1606	0.14285714285714285	0.5060155489256702	0.5868861842981672	2.1707771053989378	0.3787733771151164	0.32347067684951325	0.6212266228848836	0.6765293231504867	0.7142857142857143	baseline
P_LP.1607	0.0	0.6615591084541762	0.7854581529975524	1.8247748039286433	0.6597930822443265	0.7024461170209825	0.6597930822443265	0.7024461170209825	0.7142857142857143	endpoint
P_LP.1608	0.0	0.3669015450941	0.7840444219326426	1.4933953298808222	0.5556150405617195	0.54609955202578	0.5556150405617195	0.54609955202578	0.5714285714285714	endpoint
P_LP.161	0.0	0.40316104158067245	0.49929943794989623	0.7093579725343458	0.5981214895280839	0.630371173009302	0.5981214895280839	0.630371173009302	0.8571428571428571	endpoint
P_LP.1610	0.0	0.9473205258040084	1.5609291877362108	1.8466075775413244	0.689034382842588	0.7656337048126327	0.689034382842588	0.7656337048126327	0.8571428571428571	endpoint
P_LP.1611	0.0	0.3428371949679759	0.6100736146054222	1.4419543483411172	0.5969987650120139	0.6089538893838635	0.5969987650120139	0.6089538893838635	0.7142857142857143	endpoint
P_LP.1612	0.0	0.12376112635144132	0.009254298621983044	1.2838507463485866	0.5364809140920183	0.47535458077738546	0.5364809140920183	0.5246454192226145	0.5714285714285714	endpoint
P_LP.1613	0.0	0.5069700629990186	0.5247439645687566	1.164388329060588	0.31544509869849907	0.34599099149393636	0.6845549013015009	0.6540090085060637	0.8571428571428571	baseline
P_LP.1614	0.0	0.019456437531082966	0.7566871029914304	1.8217589642131784	0.4750090514941802	0.3141209212557392	0.5249909485058197	0.6858790787442608	0.7142857142857143	endpoint
P_LP.1615	0.0	0.5817079813600712	0.9024092948202409	1.0233240820163838	0.31981859805077695	0.27831159519221055	0.680181401949223	0.7216884048077894	0.8571428571428571	baseline
P_LP.1616	0.0	0.5350418007001386	0.754658079009492	1.0995662876172323	0.2903588121612161	0.2081766135661534	0.7096411878387838	0.7918233864338466	0.8571428571428571	baseline
P_LP.1617	0.0	0.5844831734016928	0.37451850866704606	1.3319954169858008	0.2855792308952414	0.38552493763250806	0.7144207691047586	0.6144750623674919	1.0	baseline
P_LP.1619	0.0	0.07416220266387792	0.4251925287419454	1.299841095907937	0.5126734116441177	0.3612120117349806	0.5126734116441177	0.6387879882650194	0.5714285714285714	endpoint
P_LP.162	0.0	0.6807068815987762	0.8170527768885789	1.4463592676695505	0.6653275828444475	0.7028144525706099	0.6653275828444475	0.7028144525706099	0.7142857142857143	endpoint
P_LP.1620	0.0	0.10996123869180689	0.3297528316094482	1.1177197444403282	0.4581141940322176	0.4062177285509402	0.5418858059677825	0.5937822714490598	0.5714285714285714	baseline
P_LP.1621	0.0	0.05185866854433918	0.1611701284307589	1.463549589878496	0.4832714528825943	0.5060198502077764	0.5167285471174057	0.5060198502077764	0.5714285714285714	endpoint
P_LP.1622	0.0	0.22323614786584503	0.4284526919817267	1.1553307681724887	0.4214321289705742	0.3887003391906247	0.5785678710294258	0.6112996608093753	0.7142857142857143	baseline
P_LP.1623	0.0	0.3499629076905491	0.6306473790030575	1.6166040620909543	0.4097483659723567	0.3297987788823122	0.5902516340276434	0.6702012211176878	0.7142857142857143	baseline
P_LP.1624	0.0	0.729011938327961	0.8819565073529722	1.487764116761492	0.2949065340177263	0.17916103398046115	0.7050934659822736	0.8208389660195389	0.8571428571428571	baseline
P_LP.1625	0.0	0.7451415179285305	0.9183456085913804	1.833327154941118	0.27980757710232407	0.28581085907476	0.7201924228976759	0.71418914092524	1.0	baseline
P_LP.1626	0.0	1.12925876859144	1.1976365005642935	1.6608709928828114	0.13687425762045208	0.08178437357202574	0.863125742379548	0.9182156264279743	1.0	baseline
P_LP.1627	0.0	0.09194326788910133	0.21548235474857474	1.5582401278438636	0.4754024922398076	0.42526191706157274	0.5245975077601924	0.5747380829384272	0.5714285714285714	endpoint
P_LP.1628	0.0	0.45925918613118516	0.47670404436413394	1.3743025193135294	0.32757997042742293	0.28787743365231405	0.6724200295725771	0.712122566347686	1.0	baseline
P_LP.1629	0.0	0.48306678187572555	0.5094248315185078	1.3938100440895538	0.6022240889881545	0.6900714037187895	0.6022240889881545	0.6900714037187895	0.7142857142857143	endpoint
P_LP.163	0.0	0.8881178937681782	0.8695590479743521	1.7324704503206234	0.7128897638839993	0.6950231068223706	0.7128897638839993	0.6950231068223706	1.0	endpoint
P_LP.1630	0.0	0.5759430656282766	0.749938941066524	1.3297390419947415	0.6586643346629083	0.6610385847696152	0.6586643346629083	0.6610385847696152	0.8571428571428571	endpoint
P_LP.1631	0.0	0.55012706056056	1.0324771500330918	1.28695817428389	0.3266538285429461	0.24288800613546369	0.6733461714570539	0.7571119938645363	0.8571428571428571	baseline
P_LP.1632	0.0	0.19677612482752327	0.20566167931109325	1.8653271563207336	0.5286321768721477	0.43298624938968056	0.5286321768721477	0.5670137506103194	0.5714285714285714	endpoint
P_LP.1633	0.14285714285714285	0.26008018158135193	0.34232080704990764	2.1677261487682236	0.5540530870025492	0.7106970873958752	0.5540530870025492	0.7106970873958752	0.5714285714285714	endpoint
P_LP.1634	0.0	0.48542047421712126	0.8129863641090314	1.725449432423288	0.3747786680808138	0.30191987025604383	0.6252213319191862	0.6980801297439562	0.5714285714285714	baseline
P_LP.1635	0.0	0.8506629845782143	0.915107396663091	1.333103064042869	0.23181305819570408	0.263893020083978	0.7681869418042959	0.736106979916022	1.0	baseline
P_LP.1636	0.0	0.6855293227733125	1.1281126178607959	1.3113012598135716	0.3150659899487448	0.23113552924978711	0.6849340100512552	0.7688644707502129	0.7142857142857143	baseline
P_LP.1637	0.14285714285714285	0.18751736169361916	0.4971717680905939	2.5809512277150857	0.38735119045540367	0.2742109557343593	0.6126488095445963	0.7257890442656407	0.5714285714285714	baseline
P_LP.1638	0.0	0.4726782933590342	0.6555772868882025	1.7875014876942985	0.6023447011350311	0.7659425176622583	0.6023447011350311	0.7659425176622583	0.5714285714285714	endpoint
P_LP.1639	0.0	0.789514363520401	0.9087616490557604	1.6534669310759391	0.6834301006591633	0.7103020632381454	0.6834301006591633	0.7103020632381454	0.8571428571428571	endpoint
P_LP.164	0.14285714285714285	0.3477720882458212	0.2799091961180676	2.0165646053258324	0.5280584145228697	0.5575559865615668	0.5280584145228697	0.5575559865615668	0.5714285714285714	endpoint
P_LP.1640	0.0	0.37501705881499936	0.6280079662922089	1.5777148707984292	0.361646700918478	0.36913921874561495	0.6383532990815219	0.630860781254385	0.7142857142857143	baseline
P_LP.1641	0.0	0.21459503814622202	0.07440796724839915	1.2022356255927067	0.5334459426836101	0.451503021468618	0.5334459426836101	0.548496978531382	0.5714285714285714	endpoint
P_LP.1642	0.0	0.08563307998420713	0.0574655141358357	1.6743128448263394	0.430057105118301	0.48974715160201954	0.569942894881699	0.5102528483979805	0.5714285714285714	baseline
P_LP.1643	0.0	0.25807388258595115	0.22433983268680538	1.4580599998005426	0.559481295458229	0.39192159343746996	0.559481295458229	0.60807840656253	0.5714285714285714	endpoint
P_LP.1645	0.0	0.8104536437719924	1.070166287852622	1.479028201523294	0.2435384095609779	0.15829995907917038	0.7564615904390222	0.8417000409208296	0.8571428571428571	baseline
P_LP.1646	0.0	0.07847634541546857	0.34928511230137976	1.546946693974843	0.4857544490601557	0.5367641562789266	0.5142455509398443	0.5367641562789266	0.5714285714285714	endpoint
P_LP.1647	0.0	0.3736809605587709	1.0058899525654377	1.435047862914511	0.38809352174875933	0.2715053666517489	0.6119064782512407	0.7284946333482512	0.5714285714285714	baseline
P_LP.1649	0.0	0.5524748401529063	0.7867194021968135	1.682649915571629	0.6110692844054882	0.702860918669102	0.6110692844054882	0.702860918669102	0.5714285714285714	endpoint
P_LP.165	0.0	0.36511919151420585	0.7799312751076204	1.5622354148296265	0.5759968708465025	0.6684782279355003	0.5759968708465025	0.6684782279355003	0.7142857142857143	endpoint
P_LP.1650	0.0	0.1408142121711767	0.015170195542014854	1.1280959234836347	0.4770749316972588	0.5053246895411829	0.5229250683027412	0.5053246895411829	0.5714285714285714	endpoint
P_LP.1651	0.0	0.21480902659547363	0.2923778931975096	0.9270543255502713	0.5176013863915613	0.5548414250321497	0.5176013863915613	0.5548414250321497	0.8571428571428571	endpoint
P_LP.1652	0.0	0.503506560092262	1.110587987623125	1.3613373639898696	0.29589810578324827	0.1820406443437844	0.7041018942167517	0.8179593556562156	0.7142857142857143	baseline
P_LP.1653	0.0	0.6227879390524604	0.7434975474394483	1.4529544666575502	0.3075116752580112	0.19780585673542642	0.6924883247419888	0.8021941432645736	0.8571428571428571	baseline
P_LP.1654	0.0	0.16825198819014517	0.26597962178549317	1.4699340149573514	0.4800469728849812	0.35664758479539915	0.5199530271150188	0.6433524152046008	0.5714285714285714	baseline
P_LP.1655	0.0	0.21690731094202573	0.31356388696268633	0.8834171126492639	0.40380767226385933	0.33116227593984354	0.5961923277361407	0.6688377240601564	0.7142857142857143	baseline
P_LP.1656	0.0	0.6946101770042704	1.2313282097335607	1.6348229839132336	0.25916209787861566	0.0817575535082327	0.7408379021213843	0.9182424464917673	0.7142857142857143	baseline
P_LP.1657	0.0	0.3029757016065678	0.16529287652197616	1.369481560030971	0.5483889254789724	0.526602895120513	0.5483889254789724	0.526602895120513	0.5714285714285714	endpoint
P_LP.1658	0.0	0.26065245046311836	0.581677251583217	1.3424367652225007	0.5261680373212647	0.515158413202126	0.5261680373212647	0.515158413202126	0.5714285714285714	endpoint
P_LP.1659	0.0	0.960664533301868	0.9544353437056934	1.4851902942920643	0.19467476164194283	0.25778726970817084	0.8053252383580571	0.7422127302918291	1.0	baseline
P_LP.166	0.0	0.06368635409096157	0.07922941661722915	1.327269231904162	0.4817419074902392	0.46025978659137085	0.5182580925097608	0.5397402134086291	0.5714285714285714	baseline
P_LP.1660	0.0	0.6333504120415459	0.6984333828346747	1.5409917380591083	0.6809475742870946	0.6738252718208932	0.6809475742870946	0.6738252718208932	0.8571428571428571	endpoint
P_LP.1661	0.0	0.3967446038503324	0.08254911414859555	1.6706898834947772	0.5870328749911566	0.4951581003861666	0.5870328749911566	0.5048418996138334	0.5714285714285714	endpoint
P_LP.1662	0.0	0.7921699074553892	0.936850680157105	1.6110627415687042	0.7311209417644323	0.7522363327971822	0.7311209417644323	0.7522363327971822	0.8571428571428571	endpoint
P_LP.1663	0.0	0.4941899704056306	0.37501695479757996	1.830374359844974	0.34187660034340867	0.38068772637080095	0.6581233996565914	0.619312273629199	0.8571428571428571	baseline
P_LP.1664	0.0	0.6794311791196032	0.5135420315895459	1.4752679123169343	0.26047345009272593	0.2691332427699169	0.7395265499072741	0.7308667572300831	0.8571428571428571	baseline
P_LP.1665	0.0	0.4096386209675998	0.4557631448258775	1.1976133823246435	0.5565228472190767	0.6093326080325815	0.5565228472190767	0.6093326080325815	0.7142857142857143	endpoint
P_LP.1666	0.0	0.6603353818681538	1.4370773364204394	1.630268569137113	0.6722178477626818	0.7893800092501588	0.6722178477626818	0.7893800092501588	0.5714285714285714	endpoint
P_LP.1667	0.14285714285714285	0.9761852785592312	1.1192702886480197	2.0167166628814486	0.7448255916116907	0.7345702553785284	0.7448255916116907	0.7345702553785284	0.8571428571428571	endpoint
P_LP.1668	0.0	1.4459928770481045	1.3470793554720641	1.9602655361863368	0.07742348455246524	0.08010081629412247	0.9225765154475347	0.9198991837058775	1.0	baseline
P_LP.1669	0.0	0.6980771844027502	1.184068433953269	1.3886649390865182	0.2772346066988865	0.17779281436170985	0.7227653933011136	0.8222071856382902	0.8571428571428571	baseline
P_LP.167	0.0	1.2993175004420419	1.651542486276734	1.7892831040722157	0.8181693831178735	0.9458961876340395	0.8181693831178735	0.9458961876340395	0.8571428571428571	endpoint
P_LP.1670	0.0	0.21508070338482652	0.31411572192639653	1.6424700023798602	0.5525950020476873	0.5359478903065227	0.5525950020476873	0.5359478903065227	0.7142857142857143	endpoint
P_LP.1671	0.0	0.3875010979505827	0.48125359582706934	1.2904874571374592	0.6020207060243201	0.6230865690896003	0.6020207060243201	0.6230865690896003	0.7142857142857143	endpoint
P_LP.1672	0.0	0.655960733044345	0.6292200404680944	0.9965747861755483	0.2810814119539749	0.3381282854630927	0.7189185880460252	0.6618717145369073	1.0	baseline
P_LP.1673	0.0	0.476464756806623	0.7414702059851517	1.273005517403345	0.3700332002740114	0.31740345846382456	0.6299667997259886	0.6825965415361754	0.7142857142857143	baseline
P_LP.1674	0.0	0.6676594132145784	0.9725705195967594	1.3108150699291263	0.23624263102949405	0.14477525519521006	0.763757368970506	0.8552247448047899	0.7142857142857143	baseline
P_LP.1675	0.0	0.5174082183056706	1.0137661842547492	1.5784099717023552	0.37118087820196066	0.18488963229524344	0.6288191217980393	0.8151103677047565	0.7142857142857143	baseline
P_LP.1676	0.0	0.32376494759545593	0.05867018700396829	1.253688000058382	0.36551646955864964	0.44799380151803914	0.6344835304413503	0.5520061984819609	0.7142857142857143	baseline
P_LP.1677	0.0	0.23179005207873285	0.5483844663411597	0.9695513565625683	0.5515046449711939	0.5985206070095217	0.5515046449711939	0.5985206070095217	0.5714285714285714	endpoint
P_LP.1679	0.0	0.050680272034962184	0.05362471731817139	1.48867044413267	0.468936294350583	0.48891862799057123	0.531063705649417	0.5110813720094287	0.5714285714285714	endpoint
P_LP.168	0.0	0.7422881179193254	0.871073981787084	1.0538776832146035	0.23632881310331183	0.283579445115704	0.7636711868966881	0.716420554884296	1.0	baseline
P_LP.1680	0.0	0.27489840867366494	0.14095503413452531	1.5724193273501026	0.3280725662644325	0.4721445282039816	0.6719274337355675	0.5278554717960184	0.5714285714285714	baseline
P_LP.1681	0.0	0.23113065275077657	0.5088722118749636	1.73083998533103	0.4418698737045557	0.30112394468295595	0.5581301262954443	0.6988760553170441	0.7142857142857143	baseline
P_LP.1682	0.0	0.2231056280650933	0.6287747400115871	1.5415894295927155	0.48175098662381133	0.603987669362296	0.5182490133761887	0.603987669362296	0.5714285714285714	endpoint
P_LP.1683	0.0	0.5217126499730924	0.8500397928508303	1.2786176546842882	0.32514258383079925	0.2307266901693258	0.6748574161692007	0.7692733098306742	0.7142857142857143	baseline
P_LP.1684	0.0	0.1590176047225116	0.6358923763064604	1.3994167705582767	0.41711951611076536	0.32899683956866727	0.5828804838892346	0.6710031604313327	0.5714285714285714	baseline
P_LP.1685	0.0	0.19198311236448057	0.5603777025165031	1.1039260841008152	0.562417374365097	0.6022406577476823	0.562417374365097	0.6022406577476823	0.5714285714285714	endpoint
P_LP.1686	0.0	0.21040330914232921	0.1263022926055503	1.264505015198761	0.5473774369091046	0.4930457502470722	0.5473774369091046	0.5069542497529278	0.5714285714285714	endpoint
P_LP.1687	0.0	0.7969596586382928	0.7791540097990157	1.6478456780030655	0.6957374933804187	0.6454273365098934	0.6957374933804187	0.6454273365098934	0.7142857142857143	endpoint
P_LP.1688	0.0	0.37887080524852734	0.7027101774788369	1.4458689532487992	0.5714654833820493	0.5336638681921974	0.5714654833820493	0.5336638681921974	0.5714285714285714	endpoint
P_LP.1689	0.0	0.2721414952563131	0.007112332819306683	1.6447292423493254	0.3797166976312387	0.4251348177866073	0.6202833023687613	0.5748651822133928	0.5714285714285714	baseline
P_LP.169	0.0	0.9548462113479379	1.0583857607635851	1.6428112455952415	0.7426244828931319	0.7958358413650805	0.7426244828931319	0.7958358413650805	0.7142857142857143	endpoint
P_LP.1690	0.0	0.22325066839719615	0.43893918375328794	1.4478735175289643	0.5496368875922072	0.6229637971021785	0.5496368875922072	0.6229637971021785	0.5714285714285714	endpoint
P_LP.1691	0.0	0.7319843099326733	0.6772902498296424	1.5106217940676783	0.26277837020599304	0.20546032293819255	0.737221629794007	0.7945396770618074	0.8571428571428571	baseline
P_LP.1692	0.0	0.6994224845436806	0.9577422426623683	1.6445708273753252	0.6676028588821951	0.7591071831922136	0.6676028588821951	0.7591071831922136	0.7142857142857143	endpoint
P_LP.1693	0.14285714285714285	1.5082622936005465	1.6302535384286219	2.0077738732712	0.8910836797206888	0.9519895788716431	0.8910836797206888	0.9519895788716431	1.0	endpoint
P_LP.1694	0.0	0.5528371639384904	0.6623659625964641	1.8253535044449887	0.6147903073817804	0.5994151564294289	0.6147903073817804	0.5994151564294289	0.7142857142857143	endpoint
P_LP.1695	0.0	0.21790249973402812	0.42871752239800087	1.1349404157606608	0.4158240848073033	0.30701056219433215	0.5841759151926966	0.6929894378056678	0.5714285714285714	baseline
P_LP.1696	0.0	0.044051555962679435	0.15122474880682324	1.373506244853032	0.4980225323649975	0.4938584235620488	0.5019774676350025	0.5061415764379512	0.5714285714285714	baseline
P_LP.1697	0.0	1.075952367407255	1.151815797750752	1.564550166013512	0.16805842085043168	0.16631611192097825	0.8319415791495683	0.8336838880790217	1.0	baseline
P_LP.1698	0.0	0.16675642738643304	0.4685958730399447	1.255471233936186	0.4422737658189758	0.3508286853006325	0.5577262341810242	0.6491713146993675	0.7142857142857143	baseline
P_LP.1699	0.0	0.5287134219012045	0.6959910162260012	1.8911041546953404	0.6311200655867345	0.6443050680864524	0.6311200655867345	0.6443050680864524	0.5714285714285714	endpoint
P_LP.17	0.0	1.2776245392341445	1.6096121224391515	1.8679197188217844	0.8283555990788558	0.9276912051454964	0.8283555990788558	0.9276912051454964	0.8571428571428571	endpoint
P_LP.170	0.14285714285714285	1.56217596815515	1.4859629489052697	2.0130076612509185	0.9016899263103533	0.8893378205750057	0.9016899263103533	0.8893378205750057	1.0	endpoint
P_LP.1700	0.0	0.1646378653932604	0.12804735369862472	1.2831973125503933	0.5672974198333357	0.5165444315632834	0.5672974198333357	0.5165444315632834	0.5714285714285714	endpoint
P_LP.1701	0.0	0.5181705730319326	1.1229264325223287	1.5107604185598713	0.5862405955777111	0.6233507773126329	0.5862405955777111	0.6233507773126329	0.7142857142857143	endpoint
P_LP.1702	0.0	0.3521608138588238	0.7103743581015	1.2223369279675231	0.5603056240120327	0.5348356910536126	0.5603056240120327	0.5348356910536126	0.7142857142857143	endpoint
P_LP.1703	0.0	0.3711644502917822	0.039424378968721904	1.7247309021793602	0.5835251208099032	0.4322500966994048	0.5835251208099032	0.5677499033005953	0.5714285714285714	endpoint
P_LP.1704	0.14285714285714285	0.9054918717125331	0.9428036970925668	2.3113234388156045	0.6991691054468134	0.698479950288352	0.6991691054468134	0.698479950288352	1.0	endpoint
P_LP.1705	0.0	0.12564355352127451	0.07453226805972635	1.2195876166389108	0.42589499703854	0.46491947967455466	0.57410500296146	0.5350805203254454	0.7142857142857143	baseline
P_LP.1706	0.0	0.9243542109336006	1.0967314515873403	1.7352146283140484	0.20810558776354757	0.16091482136103713	0.7918944122364524	0.8390851786389628	0.8571428571428571	baseline
P_LP.1707	0.0	1.1235575488236023	1.1596415352945983	1.8011385423458377	0.7983624030934627	0.8162313310383741	0.7983624030934627	0.8162313310383741	0.8571428571428571	endpoint
P_LP.1708	0.0	0.11150482663416963	0.11361243228650035	1.2349311204039746	0.4672841089913735	0.5018589736031038	0.5327158910086265	0.5018589736031038	0.5714285714285714	endpoint
P_LP.1709	0.0	0.3819012508360266	0.44308345105786767	1.1787439269971884	0.5876675362245625	0.5729313399111995	0.5876675362245625	0.5729313399111995	0.5714285714285714	endpoint
P_LP.171	0.0	0.08797940165118771	0.012900346836257688	1.1956241058890473	0.49787877353959564	0.4784803314557516	0.5021212264604044	0.5215196685442485	0.5714285714285714	endpoint
P_LP.1710	0.0	0.4346143109070241	0.3094875982241574	0.806924544095848	0.595846434288954	0.5612078374595423	0.595846434288954	0.5612078374595423	0.8571428571428571	endpoint
P_LP.1711	0.0	0.8251387614515497	1.0371509399340264	1.471785512909072	0.2511610854169708	0.18323292759683862	0.7488389145830292	0.8167670724031614	0.8571428571428571	baseline
P_LP.1712	0.0	0.019005243159545753	0.5987887381760527	1.6019124854627778	0.44219400073580056	0.5177746917281034	0.5578059992641995	0.5177746917281034	0.5714285714285714	endpoint
P_LP.1713	0.0	0.23705805343440073	0.004427222301077618	1.5455106385527155	0.5358794276367707	0.476395861244954	0.5358794276367707	0.5236041387550461	0.7142857142857143	endpoint
P_LP.1714	0.0	1.0458624981787086	0.965208664652725	1.825313488817734	0.1994706284920643	0.14713906244775107	0.8005293715079357	0.8528609375522489	1.0	baseline
P_LP.1715	0.14285714285714285	0.7999153137232075	0.9812862808176556	2.1603550776252813	0.6636313761723617	0.7327976854352076	0.6636313761723617	0.7327976854352076	0.8571428571428571	endpoint
P_LP.1716	0.0	0.29568213902045776	0.38315795278253056	1.3339034492856627	0.6150246450043244	0.725071852775812	0.6150246450043244	0.725071852775812	0.5714285714285714	endpoint
P_LP.1717	0.0	0.08450787935993243	0.23356091015234304	1.4205738468142346	0.4811190522074826	0.36730950237934834	0.5188809477925174	0.6326904976206517	0.7142857142857143	baseline
P_LP.1718	0.14285714285714285	0.24308709769170633	0.20020908988512115	2.4764621347199633	0.4783813347912319	0.4341624634143783	0.5216186652087681	0.5658375365856216	0.5714285714285714	endpoint
P_LP.1719	0.0	0.07974220087852484	0.5477292885305195	1.1680511387497141	0.5291296671744885	0.5983173845712686	0.5291296671744885	0.5983173845712686	0.5714285714285714	endpoint
P_LP.172	0.0	0.0147453169579697	0.21700882387509604	1.1085538892313829	0.45668656820080855	0.5270997065750646	0.5433134317991914	0.5270997065750646	0.5714285714285714	baseline
P_LP.1720	0.0	0.08343491667074811	0.13064287270375022	1.6366084327027763	0.43771722998427026	0.4689459116519743	0.5622827700157298	0.5310540883480257	0.5714285714285714	baseline
P_LP.1721	0.0	0.9383859352783858	0.7532496588870953	1.6255283393442348	0.22056720946201164	0.23980285691365005	0.7794327905379883	0.7601971430863499	1.0	baseline
P_LP.1722	0.0	0.09779448173420875	0.0691355793872965	1.6048954425241346	0.4714153398892838	0.43679282156520777	0.5285846601107163	0.5632071784347923	0.5714285714285714	endpoint
P_LP.1724	0.0	0.041116647458449354	0.23158740561611713	1.4154149945600356	0.48862060590538847	0.4616310623669294	0.5113793940946115	0.5383689376330706	0.5714285714285714	endpoint
P_LP.1725	0.14285714285714285	0.3555035050780749	0.5923164189885681	2.1646579774374985	0.5274358744575944	0.538826169890978	0.5274358744575944	0.538826169890978	0.7142857142857143	endpoint
P_LP.1726	0.0	1.0524428453769796	1.282320090368095	1.6812266688291564	0.19634622124263013	0.11468239420536837	0.8036537787573699	0.8853176057946316	0.8571428571428571	baseline
P_LP.1727	0.0	1.233894510213816	1.3544323220275867	1.607361983143228	0.8361511711100951	0.9269932590510158	0.8361511711100951	0.9269932590510158	1.0	endpoint
P_LP.1728	0.0	0.15484724470561065	0.5100634102566245	1.137482191907032	0.4093250059475931	0.2621269229498199	0.590674994052407	0.7378730770501801	0.7142857142857143	baseline
P_LP.1729	0.0	0.09396927536327224	0.2514236601850115	1.5084983627218016	0.49998950099333583	0.5315871424329343	0.5000104990066642	0.5315871424329343	0.5714285714285714	endpoint
P_LP.173	0.0	0.215095990449598	0.3497114409079378	1.8225943241648093	0.38271993985694314	0.5368963944858908	0.6172800601430568	0.5368963944858908	0.5714285714285714	baseline
P_LP.1730	0.0	0.2652902686686188	0.49422708514132535	1.4765675240253981	0.5308397627226563	0.536220123918019	0.5308397627226563	0.536220123918019	0.7142857142857143	endpoint
P_LP.1731	0.0	0.809531925491716	1.1837804126181457	1.3373163069040894	0.2509439555331817	0.22175189873473572	0.7490560444668183	0.7782481012652642	0.8571428571428571	baseline
P_LP.1732	0.0	0.8447556583835043	0.98165938849863	1.550038729328147	0.7341796310226997	0.7619943368677967	0.7341796310226997	0.7619943368677967	0.7142857142857143	endpoint
P_LP.1733	0.0	0.6398489077185944	1.1979398788410958	1.3416300585293517	0.3003326815910582	0.24093182975369765	0.6996673184089418	0.7590681702463024	0.7142857142857143	baseline
P_LP.1734	0.0	0.7097244566541215	0.7353790738583137	1.3939549492681886	0.6642517935908179	0.6859760296065077	0.6642517935908179	0.6859760296065077	1.0	endpoint
P_LP.1735	0.0	0.8796753564683397	0.9018879698392528	1.432366655642659	0.2224083970616406	0.2580336009338075	0.7775916029383594	0.7419663990661924	1.0	baseline
P_LP.1736	0.0	1.0487811537759957	0.984567153107987	1.4953021066644798	0.17144011249768124	0.1547894076753755	0.8285598875023188	0.8452105923246245	1.0	baseline
P_LP.1737	0.0	0.2541244823236258	0.150568552706669	1.6237167993269774	0.5527265156053769	0.6431998708836042	0.5527265156053769	0.6431998708836042	0.5714285714285714	endpoint
P_LP.1738	0.0	0.01855068674375512	0.17445712263952287	1.0456540909415484	0.4839618916382761	0.514984183027589	0.5160381083617239	0.514984183027589	0.5714285714285714	baseline
P_LP.1739	0.0	0.45015536982852794	0.9234630926897359	1.5041870471918475	0.34383832923512375	0.2790280677214771	0.6561616707648763	0.7209719322785229	0.7142857142857143	baseline
P_LP.174	0.0	0.24226438683140608	0.2908503554631196	1.698643666841202	0.5510173641324748	0.5651400935562741	0.5510173641324748	0.5651400935562741	0.5714285714285714	endpoint
P_LP.1741	0.0	0.113473116438259	0.40194969424847166	1.6286043845579405	0.4679934833808838	0.30374684920853484	0.5320065166191161	0.6962531507914651	0.5714285714285714	baseline
P_LP.1742	0.0	0.4980737119549115	0.02555453972774034	1.8592285493258276	0.6130763309217871	0.4301294532142191	0.6130763309217871	0.569870546785781	0.5714285714285714	endpoint
P_LP.1743	0.0	0.44486397844667663	0.765250938179664	1.3579468573797937	0.3271866478806359	0.3208293898989966	0.6728133521193641	0.6791706101010033	0.8571428571428571	baseline
P_LP.1744	0.0	0.46686267558328354	0.532458340050147	1.4832728823966175	0.34304932556368994	0.267662028589296	0.6569506744363101	0.732337971410704	0.7142857142857143	baseline
P_LP.1746	0.0	0.8515311304699438	0.8540125415443417	1.2961524946098928	0.2104395434767656	0.2513309798910496	0.7895604565232344	0.7486690201089504	1.0	baseline
P_LP.1747	0.0	0.07118834278396133	0.15471700123792717	1.447851204237249	0.5072248172243873	0.4439758618750708	0.5072248172243873	0.5560241381249291	0.5714285714285714	baseline
P_LP.1748	0.0	0.6188161300318217	0.6111470114599414	1.358878517953353	0.3108760350350477	0.3203316171222103	0.6891239649649523	0.6796683828777896	0.8571428571428571	baseline
P_LP.175	0.0	0.506927162060898	0.39954934630441746	1.4086898022319512	0.6210879711448608	0.5846939761598453	0.6210879711448608	0.5846939761598453	0.5714285714285714	endpoint
P_LP.1750	0.0	0.44600522445690427	0.7246926638591294	1.4836164479022589	0.6307363653899216	0.663680619661474	0.6307363653899216	0.663680619661474	0.7142857142857143	endpoint
P_LP.1751	0.0	0.8159099803493187	1.1314154893837247	1.734313378417893	0.24074390775416937	0.06257402524461858	0.7592560922458307	0.9374259747553815	0.8571428571428571	baseline
P_LP.1752	0.0	0.4178889014813584	0.7349864728983292	1.2990674769425121	0.37847268122531863	0.27392668697280104	0.6215273187746814	0.726073313027199	0.7142857142857143	baseline
P_LP.1753	0.0	0.6553568824009103	0.5939691182242911	1.5226704151412611	0.30261776157625586	0.28316165555404743	0.6973822384237441	0.7168383444459525	0.7142857142857143	baseline
P_LP.1754	0.14285714285714285	0.27286150107969404	0.04814222773828135	2.256412463040956	0.5017649361464807	0.4433559390444573	0.5017649361464807	0.5566440609555428	0.5714285714285714	endpoint
P_LP.1755	0.0	0.04053005141229876	0.12490735440168599	1.4724368420408058	0.5016549896344338	0.4384714907184882	0.5016549896344338	0.5615285092815119	0.7142857142857143	endpoint
P_LP.1756	0.0	0.3739980322981173	0.08241510509571887	1.4757162104470796	0.5854866607183266	0.4458092166058456	0.5854866607183266	0.5541907833941544	0.5714285714285714	endpoint
P_LP.1757	0.0	0.12886782236395064	0.12303655018845581	1.3801324451808918	0.5357644458516589	0.46399773459740445	0.5357644458516589	0.5360022654025955	0.7142857142857143	endpoint
P_LP.1758	0.0	0.29359227015052847	0.6482319779939079	1.002224142878514	0.3833359635472719	0.31748343607596297	0.616664036452728	0.682516563924037	0.7142857142857143	baseline
P_LP.1759	0.0	1.156401135913765	1.0494615461964207	1.6299986586764468	0.8014368242294315	0.7766604800401237	0.8014368242294315	0.7766604800401237	1.0	endpoint
P_LP.176	0.0	0.10901003214975624	0.3735247641247939	0.9230477406495023	0.4583479209132747	0.39677539631381337	0.5416520790867253	0.6032246036861866	0.7142857142857143	baseline
P_LP.1760	0.0	0.04889529435874703	0.16153209822421824	1.0926583572908055	0.46930704469980705	0.44250573235885077	0.5306929553001929	0.5574942676411492	0.5714285714285714	endpoint
P_LP.1761	0.0	0.047296822514162305	0.3214277719598942	1.6855382415413869	0.4477636014355842	0.328723063473669	0.5522363985644159	0.671276936526331	0.5714285714285714	baseline
P_LP.1762	0.0	1.04482839407801	1.1076938726349201	1.664080256473566	0.77624635061816	0.8569573774513815	0.77624635061816	0.8569573774513815	0.8571428571428571	endpoint
P_LP.1763	0.14285714285714285	0.429305222309866	0.11214215684155576	2.1327702001070996	0.534566204135129	0.5122491007199992	0.534566204135129	0.5122491007199992	0.5714285714285714	endpoint
P_LP.1764	0.0	0.8747802195255903	1.024381745471465	1.3962446989181974	0.7115632487502451	0.7461649962054542	0.7115632487502451	0.7461649962054542	0.8571428571428571	endpoint
P_LP.1765	0.0	0.09053615013380789	0.09464035555803382	1.3517187701723539	0.46743984463911337	0.5075225935574844	0.5325601553608866	0.5075225935574844	0.5714285714285714	baseline
P_LP.1766	0.0	0.9257220187974714	1.1308675128352685	1.7480523941471846	0.7197560532651777	0.8544347968458844	0.7197560532651777	0.8544347968458844	0.7142857142857143	endpoint
P_LP.1767	0.0	0.5544446473716513	0.8215131798870403	1.6760612220265727	0.6602426480764807	0.6545649124467079	0.6602426480764807	0.6545649124467079	0.5714285714285714	endpoint
P_LP.1768	0.0	0.44635791916690754	0.6686197321728823	1.2438255619836818	0.3363540907201918	0.27888746867128167	0.6636459092798082	0.7211125313287183	0.8571428571428571	baseline
P_LP.1769	0.0	0.13394474835585077	0.20043593824261605	1.3125205125117652	0.4391185861096309	0.5241651421184955	0.560881413890369	0.5241651421184955	0.5714285714285714	baseline
P_LP.177	0.0	0.2797329305440969	0.7311920708758417	1.545940924829455	0.430485188283216	0.2844996706397359	0.569514811716784	0.7155003293602641	0.7142857142857143	baseline
P_LP.1770	0.0	0.788699154578009	1.4843368564254162	1.7686990046096518	0.7137881467862007	0.8522170345789364	0.7137881467862007	0.8522170345789364	0.7142857142857143	endpoint
P_LP.1771	0.14285714285714285	0.6111037720813558	0.6706602302508242	2.0254388371627283	0.6139160115433009	0.6174394379962881	0.6139160115433009	0.6174394379962881	0.7142857142857143	endpoint
P_LP.1772	0.0	0.47345764724784345	0.6199456279490716	1.1727075629426134	0.32505640305029443	0.31454269882750996	0.6749435969497055	0.68545730117249	0.7142857142857143	baseline
P_LP.1773	0.14285714285714285	1.2029154026905189	1.5073868171881326	2.03277639812433	0.8557447671963677	0.9366496303208751	0.8557447671963677	0.9366496303208751	0.8571428571428571	endpoint
P_LP.1774	0.0	0.7976203095427227	1.1378069828556052	1.5776334075059757	0.6881599387395424	0.66743616472412	0.6881599387395424	0.66743616472412	0.7142857142857143	endpoint
P_LP.1775	0.0	0.03332442735494913	0.20179505204353257	1.066045710787477	0.43723522660314407	0.5208814280719397	0.5627647733968559	0.5208814280719397	0.5714285714285714	baseline
P_LP.1776	0.0	0.8085019511811795	1.2639285529965185	1.617618535606344	0.7412064612750041	0.8075399882598654	0.7412064612750041	0.8075399882598654	0.8571428571428571	endpoint
P_LP.1777	0.0	1.099838370971284	1.1825502028561417	1.8238128997102419	0.1738258192552801	0.1473684965788505	0.8261741807447199	0.8526315034211495	1.0	baseline
P_LP.1778	0.0	0.7797819088158525	1.1162812966904296	1.2072864406082637	0.7336304294960028	0.8028982028403355	0.7336304294960028	0.8028982028403355	0.8571428571428571	endpoint
P_LP.1779	0.0	0.7577938273269573	1.0504645845388232	1.543233420215864	0.269284285756023	0.2530100430475845	0.7307157142439771	0.7469899569524154	0.7142857142857143	baseline
P_LP.178	0.0	0.531542995154125	0.7633873512305548	1.4398030270995223	0.6600550219609237	0.6652100000095353	0.6600550219609237	0.6652100000095353	0.7142857142857143	endpoint
P_LP.1780	0.0	1.1219319673497956	1.1976329957846206	1.545131421969232	0.1564346864234644	0.06468857174344146	0.8435653135765356	0.9353114282565586	1.0	baseline
P_LP.1781	0.0	0.19084745368196718	0.4979833870610695	1.964058181265199	0.5691592782503194	0.6637638850052687	0.5691592782503194	0.6637638850052687	0.7142857142857143	endpoint
P_LP.1783	0.0	0.5331865137387317	1.145544651175152	1.457312363124545	0.6176571940760631	0.6352291900170931	0.6176571940760631	0.6352291900170931	0.5714285714285714	endpoint
P_LP.1784	0.0	0.36893786694787245	0.40751547218505496	1.325487722674752	0.5757037975818379	0.6048113781389225	0.5757037975818379	0.6048113781389225	0.7142857142857143	endpoint
P_LP.1785	0.0	0.16590830873158588	0.023420895590995607	1.1585006263428048	0.537243001518287	0.4426860307850881	0.537243001518287	0.5573139692149118	0.5714285714285714	endpoint
P_LP.1786	0.0	0.3995738114180699	1.1139358174773717	1.6458935648497284	0.584087683470537	0.5965386397921094	0.584087683470537	0.5965386397921094	0.7142857142857143	endpoint
P_LP.1788	0.0	0.5979675796681343	0.935639773168669	1.5320250746266328	0.3059712867819578	0.27551786058570665	0.6940287132180423	0.7244821394142933	0.8571428571428571	baseline
P_LP.1789	0.0	0.17932887785164403	0.43108383171595505	1.2393535102675115	0.5465729067630296	0.6657857625617881	0.5465729067630296	0.6657857625617881	0.5714285714285714	endpoint
P_LP.179	0.0	0.1562823455038636	0.3279068069957392	0.963942250142823	0.5129103833876283	0.551965900635458	0.5129103833876283	0.551965900635458	0.5714285714285714	endpoint
P_LP.1790	0.0	0.1636076988544389	0.40991184482901327	1.6330868942152723	0.4943135087387071	0.592664284291852	0.5056864912612928	0.592664284291852	0.5714285714285714	endpoint
P_LP.1791	0.0	0.909794151690656	1.0971246023510806	1.708799973189733	0.20599822221089056	0.16495351750809087	0.7940017777891094	0.8350464824919092	0.8571428571428571	baseline
P_LP.1792	0.14285714285714285	0.7209255090516472	0.8266261191545027	2.2430596221643313	0.2860151222645628	0.1406987398040869	0.7139848777354372	0.8593012601959131	0.8571428571428571	baseline
P_LP.1793	0.0	0.1259462931539156	0.27896667461057995	1.5647860890650314	0.5052590563842777	0.5149528492877615	0.5052590563842777	0.5149528492877615	0.5714285714285714	endpoint
P_LP.1794	0.0	0.07738624086421662	0.01341636895047502	0.883982882902668	0.5075793414621868	0.47445675313812985	0.5075793414621868	0.5255432468618702	0.5714285714285714	endpoint
P_LP.1795	0.0	0.03757052418317451	0.23571837290866493	1.1577224381571696	0.46332590105158994	0.3665999525872825	0.53667409894841	0.6334000474127175	0.7142857142857143	endpoint
P_LP.1796	0.0	0.21724529088302352	0.2936136014575464	1.0801205073516906	0.4038781962050525	0.3367977166159084	0.5961218037949475	0.6632022833840916	0.7142857142857143	baseline
P_LP.1797	0.0	0.2729600435793674	0.39529928188256386	1.4425167832424457	0.5150756733245563	0.5410400322948274	0.5150756733245563	0.5410400322948274	0.5714285714285714	endpoint
P_LP.1798	0.0	0.299521280456393	0.8894938166931095	1.5216489558239992	0.5921518742738204	0.8436752225700329	0.5921518742738204	0.8436752225700329	0.5714285714285714	endpoint
P_LP.1799	0.0	0.6829714119864649	0.9382034325864791	1.1590207347937551	0.29978281804669094	0.2536739023232429	0.7002171819533091	0.7463260976767572	0.8571428571428571	baseline
P_LP.18	0.0	0.3792363977814462	0.4738090547304962	1.770795161004875	0.5712049262342777	0.49866579314070825	0.5712049262342777	0.5013342068592918	0.5714285714285714	endpoint
P_LP.180	0.0	0.48143022269377544	0.9704355747423649	1.4750897872266258	0.6307592833389951	0.744038384664555	0.6307592833389951	0.744038384664555	0.7142857142857143	endpoint
P_LP.1800	0.0	0.8175106272210775	1.065553916107197	1.3649301933993898	0.24384944561943903	0.22788062737179296	0.756150554380561	0.7721193726282071	0.8571428571428571	baseline
P_LP.1801	0.0	0.0684986829870413	0.11290455729463758	1.3857025613708853	0.4628288379342139	0.39690917263496667	0.5371711620657861	0.6030908273650333	0.7142857142857143	baseline
P_LP.1802	0.0	0.20187847802312345	0.47220344666602687	1.0815928427425785	0.5269609682566263	0.5298386495221101	0.5269609682566263	0.5298386495221101	0.5714285714285714	endpoint
P_LP.1803	0.0	0.3840368294418475	0.2551058167522258	1.6564149291512016	0.624813035282706	0.679997218424839	0.624813035282706	0.679997218424839	0.5714285714285714	endpoint
P_LP.1804	0.0	0.6085258262216476	0.482377097574574	1.568777417583022	0.26190965848877473	0.27879995274645114	0.7380903415112252	0.7212000472535489	0.8571428571428571	baseline
P_LP.1805	0.0	0.0931080380460857	0.4715029903945801	1.3283110638295434	0.45123866330952644	0.5902916414550312	0.5487613366904736	0.5902916414550312	0.5714285714285714	baseline
P_LP.1806	0.0	0.43528514966449566	0.31382278044889717	1.3271915683370188	0.3827261925214295	0.39721372267699506	0.6172738074785705	0.6027862773230049	0.7142857142857143	baseline
P_LP.1807	0.0	0.09520993398233059	0.08791682442698938	1.8393866250456465	0.5001727611848681	0.47303761242720826	0.5001727611848681	0.5269623875727918	0.5714285714285714	endpoint
P_LP.1808	0.0	0.3394644044825917	0.5268760521400067	1.4797193804590885	0.5712051968322234	0.5067795268602983	0.5712051968322234	0.5067795268602983	0.5714285714285714	endpoint
P_LP.1809	0.0	0.08941401473121677	0.33325298103062095	1.3858204202690108	0.39689417126283594	0.42887593447304023	0.603105828737164	0.5711240655269598	0.7142857142857143	baseline
P_LP.181	0.0	0.6811269826915495	0.8972462074626162	1.4200325329942116	0.6667876851763427	0.6709017832814916	0.6667876851763427	0.6709017832814916	0.7142857142857143	endpoint
P_LP.1810	0.0	0.08455838936063254	0.6977650910061479	1.271560046270683	0.4138632268789072	0.29509735248822005	0.5861367731210928	0.7049026475117799	0.5714285714285714	baseline
P_LP.1811	0.0	0.6721791268983525	1.0258695254010077	1.2185548587173953	0.7000469104011667	0.8029864163053136	0.7000469104011667	0.8029864163053136	0.8571428571428571	endpoint
P_LP.1812	0.0	0.34669973921897845	0.2585578842974551	1.242785599735915	0.5815555195487233	0.5321490103681384	0.5815555195487233	0.5321490103681384	0.5714285714285714	endpoint
P_LP.1813	0.0	0.28659971297395387	0.17006551778951662	1.2785545523188129	0.5822123267148758	0.4811739906964821	0.5822123267148758	0.518826009303518	0.5714285714285714	endpoint
P_LP.1814	0.0	0.467430868489679	0.9366452493831697	1.7548365805686257	0.3693047239491536	0.23261488665407665	0.6306952760508464	0.7673851133459233	0.7142857142857143	baseline
P_LP.1815	0.0	0.6493612719809871	0.7349828317767021	1.1913046834235106	0.2815452593235718	0.3138463013983214	0.7184547406764282	0.6861536986016785	0.8571428571428571	baseline
P_LP.1816	0.0	0.6222932613271004	0.1751575215278749	1.6697300291357287	0.6821313058553888	0.58399889068445	0.6821313058553888	0.58399889068445	0.7142857142857143	endpoint
P_LP.1817	0.0	0.6621820845260225	0.547573983004508	1.6501393289526978	0.6565840199089167	0.6497982670723177	0.6565840199089167	0.6497982670723177	0.7142857142857143	endpoint
P_LP.1818	0.0	0.4915561340614937	0.7293252577742917	1.485252848408758	0.3366100350563356	0.22588610269246404	0.6633899649436644	0.774113897307536	0.7142857142857143	baseline
P_LP.1819	0.0	0.18481484132240003	0.44067478291794976	1.1628545726064603	0.5035477927827293	0.5300959265140345	0.5035477927827293	0.5300959265140345	0.5714285714285714	endpoint
P_LP.182	0.0	1.1228754428490226	1.4116673394952286	1.6544505189903402	0.7955624295876167	0.8662928781935552	0.7955624295876167	0.8662928781935552	0.8571428571428571	endpoint
P_LP.1820	0.0	0.2018663381863454	0.38360775989945445	0.984873462273356	0.40931908099407394	0.3783677079230994	0.5906809190059261	0.6216322920769006	0.7142857142857143	baseline
P_LP.1821	0.0	0.4325651430490394	0.9740112287689293	1.5965552893037513	0.3455846265522414	0.19740271126615072	0.6544153734477586	0.8025972887338493	0.7142857142857143	baseline
P_LP.1822	0.0	0.1395286204817423	0.020330748019928027	1.206994425335254	0.5234525150627326	0.4817365663007772	0.5234525150627326	0.5182634336992228	0.5714285714285714	endpoint
P_LP.1823	0.0	0.17505973811054862	0.07585112039277939	1.233758639841512	0.4173650246827565	0.41462492942275825	0.5826349753172435	0.5853750705772418	0.7142857142857143	baseline
P_LP.1824	0.0	0.684309725738401	0.6816153049972767	1.8783254600921004	0.6126265756104018	0.667999134214961	0.6126265756104018	0.667999134214961	0.8571428571428571	endpoint
P_LP.1825	0.14285714285714285	0.8941624434114791	1.0289833192131679	2.7031152714424387	0.7013439991326932	0.7830310178836692	0.7013439991326932	0.7830310178836692	0.8571428571428571	endpoint
P_LP.1826	0.0	0.6189074648783646	0.8021847886014292	1.6610049952821382	0.2963679907297449	0.3043063154372883	0.703632009270255	0.6956936845627117	0.8571428571428571	baseline
P_LP.1827	0.0	1.0278501389967576	1.4495465267217125	1.9427522178517678	0.7502114917980826	0.8827702027689625	0.7502114917980826	0.8827702027689625	0.8571428571428571	endpoint
P_LP.1828	0.0	0.2136535400456204	0.13953708558464328	1.4866528873198381	0.5563657428747321	0.447556933021059	0.5563657428747321	0.5524430669789411	0.5714285714285714	endpoint
P_LP.183	0.0	1.0426913050188182	1.152289246146539	1.6771573835626032	0.7974024810262056	0.9093121396325893	0.7974024810262056	0.9093121396325893	0.8571428571428571	endpoint
P_LP.1830	0.0	0.35316525953738004	0.7487152991028785	1.1910937094042864	0.359931625108793	0.31584057164628426	0.640068374891207	0.6841594283537158	0.7142857142857143	baseline
P_LP.1831	0.0	0.16323841942074344	0.5658031295778371	1.560383619065107	0.396599427499028	0.3077374951954644	0.603400572500972	0.6922625048045357	0.7142857142857143	baseline
P_LP.1832	0.0	0.478064430590435	0.9993414577911512	1.1265817233795317	0.35271089015492446	0.24195593769291496	0.6472891098450755	0.758044062307085	0.7142857142857143	baseline
P_LP.1833	0.0	0.9297045845468521	0.9512586218832898	1.5867755172212838	0.7541058606156307	0.6825531574060081	0.7541058606156307	0.6825531574060081	1.0	endpoint
P_LP.1834	0.0	0.4369317550267418	0.28721722442140524	1.6447388699652978	0.37062701896923583	0.3596700884417197	0.6293729810307642	0.6403299115582803	0.8571428571428571	baseline
P_LP.1835	0.0	0.053791887320227674	0.6582514695327377	1.1799233915374197	0.48168534741720676	0.5317711896419719	0.5183146525827933	0.5317711896419719	0.5714285714285714	endpoint
P_LP.1836	0.0	0.9937281695996062	1.0675300797281655	1.8060149043121159	0.7643752000077951	0.7806586888737809	0.7643752000077951	0.7806586888737809	0.8571428571428571	endpoint
P_LP.1837	0.0	0.1629601789241513	0.11198025411647869	1.407913674938094	0.41768026222622556	0.442788642318238	0.5823197377737744	0.557211357681762	0.7142857142857143	baseline
P_LP.1838	0.0	0.25875101034715703	0.6702271797012586	1.6267087133800122	0.37165055693757737	0.3237471841206667	0.6283494430624226	0.6762528158793333	0.5714285714285714	baseline
P_LP.1839	0.0	0.22971990662150704	0.3267196292066111	1.6086749770390445	0.4007808994841561	0.47617640256037014	0.5992191005158439	0.5238235974396299	0.5714285714285714	baseline
P_LP.184	0.0	0.12093421681620334	0.018246541687467054	1.55307372334966	0.464010364948349	0.4986317241163382	0.535989635051651	0.5013682758836617	0.5714285714285714	endpoint
P_LP.1840	0.0	0.35803186732298437	0.6031219192742237	1.4944302859522938	0.3548893556267763	0.2687332190619538	0.6451106443732237	0.7312667809380462	0.7142857142857143	baseline
P_LP.1841	0.0	1.007116065906867	1.1486473697436244	1.8359521486455006	0.74567223373763	0.7069320771122248	0.74567223373763	0.7069320771122248	0.8571428571428571	endpoint
P_LP.1842	0.0	0.21680147917912532	0.5690665587976264	1.5654788320670878	0.6059771277331013	0.604935759032256	0.6059771277331013	0.604935759032256	0.5714285714285714	endpoint
P_LP.1843	0.14285714285714285	0.9966473684871524	1.005493038846901	2.235219641136761	0.7282928173331172	0.6266633027420556	0.7282928173331172	0.6266633027420556	0.8571428571428571	endpoint
P_LP.1844	0.0	0.005700453312964696	0.2662335668934968	0.9891035881298147	0.4713619872598199	0.3686729524670911	0.5286380127401801	0.6313270475329089	0.5714285714285714	baseline
P_LP.1845	0.0	0.20540099301949638	0.11218017420505988	1.3315843828341407	0.40383619404741816	0.40907036098462246	0.5961638059525818	0.5909296390153775	0.5714285714285714	baseline
P_LP.1846	0.0	0.2173806799066165	0.04055575748703299	1.6240227318337035	0.3815947565639354	0.44026621685853407	0.6184052434360646	0.5597337831414659	0.7142857142857143	baseline
P_LP.1847	0.0	0.4917917399839696	1.1311233781499108	1.4435797641326478	0.3082385125570942	0.18246715616559586	0.6917614874429058	0.8175328438344042	0.7142857142857143	baseline
P_LP.1848	0.0	0.04065815728635828	0.1439532033025259	1.1347216761551155	0.47045067132088614	0.42691818469622395	0.5295493286791139	0.573081815303776	0.7142857142857143	baseline
P_LP.1849	0.0	0.0750289696620731	0.37738406384752393	1.5777413066467634	0.39174831396470233	0.38004846886251537	0.6082516860352977	0.6199515311374846	0.5714285714285714	baseline
P_LP.185	0.14285714285714285	1.1648716266615426	1.383586193005075	2.206886942185568	0.8061787759920154	0.8575826945365489	0.8061787759920154	0.8575826945365489	0.8571428571428571	endpoint
P_LP.1850	0.0	0.32712286168470583	0.5653612200635696	1.8103901143961076	0.5887783636947809	0.6300602867024662	0.5887783636947809	0.6300602867024662	0.5714285714285714	endpoint
P_LP.1851	0.0	0.09413485082289359	0.07002603171755532	1.3185142472066003	0.5146836440758026	0.5008752904572021	0.5146836440758026	0.5008752904572021	0.5714285714285714	endpoint
P_LP.1853	0.0	0.29879586551670684	0.35091936196256673	1.432149600316064	0.5599953412313542	0.5766243332519704	0.5599953412313542	0.5766243332519704	0.5714285714285714	endpoint
P_LP.1854	0.0	1.0917310674995822	1.1516148244423519	1.8347087866172727	0.7714119123004165	0.8228683070800594	0.7714119123004165	0.8228683070800594	1.0	endpoint
P_LP.1855	0.0	1.4258094134172343	1.6303494189903385	1.967046194470182	0.8798143618993329	0.9803153040309368	0.8798143618993329	0.9803153040309368	1.0	endpoint
P_LP.1856	0.0	0.24996281979886653	0.24040096714365505	1.7250182330515003	0.5113259410397041	0.4757183934004477	0.5113259410397041	0.5242816065995524	0.5714285714285714	endpoint
P_LP.1857	0.0	0.915128424548554	1.3220399494562018	1.697155119444485	0.23672190792915865	0.1112463630756057	0.7632780920708413	0.8887536369243942	0.7142857142857143	baseline
P_LP.1858	0.0	1.1477264203436246	1.4619651738970532	1.8464282416184146	0.8017749080344964	0.9536011675239427	0.8017749080344964	0.9536011675239427	1.0	endpoint
P_LP.1859	0.0	0.15688906763338087	0.6772444919491104	1.3287949212734154	0.5521268372661007	0.6792367067373349	0.5521268372661007	0.6792367067373349	0.5714285714285714	endpoint
P_LP.186	0.0	0.8351825569786769	1.1969581360802768	1.6735861683793012	0.2434565389866516	0.17493043929946214	0.7565434610133484	0.8250695607005378	0.8571428571428571	baseline
P_LP.1860	0.0	0.37206780887818514	0.34384226714678634	1.1551010366791348	0.3568749024035801	0.3891067103418603	0.6431250975964199	0.6108932896581397	0.8571428571428571	baseline
P_LP.1861	0.0	0.006515205511362484	0.2772307350119971	1.2408316610940544	0.4880737078051416	0.5492052638030849	0.5119262921948584	0.5492052638030849	0.5714285714285714	endpoint
P_LP.1862	0.0	0.01591662023099823	0.298012133489392	1.4762202382305454	0.5186365188615216	0.5416370492586439	0.5186365188615216	0.5416370492586439	0.5714285714285714	endpoint
P_LP.1863	0.0	0.5634425633519095	0.7573828305564857	1.2572676538727219	0.3203116286733609	0.31042143030535596	0.6796883713266391	0.689578569694644	0.8571428571428571	baseline
P_LP.1864	0.0	0.19844930744131603	0.3415128564225254	1.5682857885107517	0.34893377395018454	0.3224930908300184	0.6510662260498155	0.6775069091699816	0.7142857142857143	baseline
P_LP.1865	0.0	0.11670938841369836	0.540729771457621	1.7403898098921742	0.584818287769532	0.5961462809364269	0.584818287769532	0.5961462809364269	0.5714285714285714	endpoint
P_LP.1866	0.0	0.4892942856494481	0.287597095435748	1.3354670229590804	0.3076124685143809	0.40461867550985253	0.6923875314856192	0.5953813244901475	0.8571428571428571	baseline
P_LP.1867	0.0	0.22271964130954366	0.02666257967757175	0.878269375253533	0.5396057260880822	0.4891646291750793	0.5396057260880822	0.5108353708249207	0.5714285714285714	endpoint
P_LP.1868	0.0	0.3537198499378539	0.42382959701640427	1.1594903887915518	0.3738489676229918	0.3714259047985107	0.6261510323770082	0.6285740952014893	0.8571428571428571	baseline
P_LP.1869	0.0	0.052646882714180436	0.1449976085894461	1.4560225432091884	0.43614931796017736	0.4738771430821957	0.5638506820398226	0.5261228569178042	0.5714285714285714	baseline
P_LP.187	0.0	0.42503778756320526	0.9300990816352467	1.244092982868068	0.35058574476362786	0.2637005539060989	0.6494142552363722	0.7362994460939011	0.7142857142857143	baseline
P_LP.1870	0.0	0.252415267140121	0.02473254721033333	1.387321233554384	0.4085771325000239	0.4388210382866062	0.5914228674999761	0.5611789617133938	0.7142857142857143	baseline
P_LP.1871	0.0	0.4998626943124535	0.7005624960825129	1.8523877435172695	0.3086381025624648	0.22024824241289248	0.6913618974375352	0.7797517575871076	0.8571428571428571	baseline
P_LP.1872	0.0	0.37488298647276774	0.7992061642806048	1.3201919391193555	0.36156190923798104	0.30494885413344824	0.638438090762019	0.6950511458665518	0.7142857142857143	baseline
P_LP.1873	0.0	0.2672304882675059	0.7672195498110865	1.5313050112862971	0.5373992281030008	0.5775513244692396	0.5373992281030008	0.5775513244692396	0.5714285714285714	endpoint
P_LP.1874	0.0	0.635661041506898	0.9464217025103011	1.5523271262519118	0.2428055660943284	0.1328627081033746	0.7571944339056715	0.8671372918966254	1.0	baseline
P_LP.1875	0.0	0.4152913188265008	0.38229329616736946	1.68603510514566	0.33722257159611413	0.41281615262281357	0.6627774284038859	0.5871838473771864	0.7142857142857143	baseline
P_LP.1876	0.0	0.7094893867758169	1.0956998659846116	1.2534913012836972	0.2870496827451871	0.24716924350623223	0.7129503172548128	0.7528307564937677	0.8571428571428571	baseline
P_LP.1877	0.0	0.2559573918305809	0.7290197466269537	1.6855167902535553	0.4437043814679392	0.2043622100714723	0.5562956185320608	0.7956377899285277	0.5714285714285714	baseline
P_LP.1878	0.14285714285714285	0.040213981956459914	0.18541787666506362	2.0440937965370973	0.40697330345211863	0.4859359709603995	0.5930266965478814	0.5140640290396006	0.5714285714285714	endpoint
P_LP.1879	0.0	0.00899844686501351	0.14423234902721446	1.5529843949766384	0.4742502932599364	0.43164266941837337	0.5257497067400636	0.5683573305816266	0.7142857142857143	endpoint
P_LP.188	0.0	0.5145417882954765	0.5238474432120899	1.2350165448369361	0.30646931825655377	0.31491424363064896	0.6935306817434462	0.6850857563693511	1.0	baseline
P_LP.1880	0.0	1.0503735498080016	1.1734396324881393	1.6074729784871835	0.7750040801236776	0.830046084756818	0.7750040801236776	0.830046084756818	0.8571428571428571	endpoint
P_LP.1881	0.0	0.2517620388850326	0.41601562431787453	1.0003724083047127	0.39908135382270654	0.3459834664837091	0.6009186461772935	0.6540165335162909	0.8571428571428571	baseline
P_LP.1882	0.0	0.3294561401263304	0.7775490504841625	1.481300282578129	0.612813412172316	0.669602662589657	0.612813412172316	0.669602662589657	0.5714285714285714	endpoint
P_LP.1883	0.0	0.3066160915657238	0.028849568542493282	1.5459999704092324	0.3632815119822978	0.4194746959505009	0.6367184880177021	0.5805253040494991	0.5714285714285714	baseline
P_LP.1884	0.0	0.387635789560646	0.6418156381039264	1.718263483808913	0.35609260422798433	0.36427888780975215	0.6439073957720156	0.6357211121902479	0.7142857142857143	baseline
P_LP.1885	0.0	0.00012807345826594738	0.049527361044082556	1.0807880615796026	0.49407548231695303	0.48803476024677767	0.5059245176830469	0.5119652397532224	0.5714285714285714	baseline
P_LP.1886	0.0	0.41371774534268735	0.2760284576486958	1.3691971657148296	0.6397788085889308	0.6368719348078613	0.6397788085889308	0.6368719348078613	0.7142857142857143	endpoint
P_LP.1887	0.0	0.7712650485950646	0.9545123675286631	1.7942867726758454	0.2766069663619057	0.275846716989125	0.7233930336380943	0.724153283010875	0.7142857142857143	baseline
P_LP.1888	0.0	0.4854531636804383	0.2837508012985972	1.6311939929048538	0.6243852395412771	0.6900803161727078	0.6243852395412771	0.6900803161727078	0.5714285714285714	endpoint
P_LP.1889	0.0	0.5401515257947525	0.9656861577040965	1.6110425379079123	0.2694813109065706	0.12888760218415055	0.7305186890934294	0.8711123978158495	0.7142857142857143	baseline
P_LP.189	0.0	0.8676400862121073	0.9051412864567366	1.6853063792520104	0.7162665114073233	0.6579240168001179	0.7162665114073233	0.6579240168001179	1.0	endpoint
P_LP.1890	0.0	0.29065338850216305	0.04853469129847775	1.2531075967033087	0.39065677210725874	0.5610535433149803	0.6093432278927413	0.5610535433149803	0.5714285714285714	baseline
P_LP.1891	0.0	0.42487882484176787	0.8504325304346361	1.3125901580211101	0.6129889827518301	0.703773557100645	0.6129889827518301	0.703773557100645	0.5714285714285714	endpoint
P_LP.1892	0.0	0.7228077985718991	0.91361460706016	1.232458866662782	0.2648692391091525	0.22350176104331376	0.7351307608908475	0.7764982389566862	0.8571428571428571	baseline
P_LP.1893	0.0	0.4044979595815594	0.632739705294352	1.40603857777064	0.3358928701569618	0.27674222221600514	0.6641071298430382	0.7232577777839948	0.7142857142857143	baseline
P_LP.1894	0.0	0.17998024167582055	0.5081804431767415	1.3983059820092991	0.46632220592957024	0.3485234883110534	0.5336777940704298	0.6514765116889466	0.5714285714285714	baseline
P_LP.1895	0.14285714285714285	1.4281727251136824	1.454579252343293	2.525647769928026	0.8461343338367342	0.8747854159442146	0.8461343338367342	0.8747854159442146	1.0	endpoint
P_LP.1896	0.0	0.3816711716654454	1.0312290285429022	1.6036979001418692	0.35168745144377755	0.26855143126550624	0.6483125485562224	0.7314485687344938	0.5714285714285714	baseline
P_LP.1897	0.0	0.8636967703439913	1.1335763719507461	1.801649204912032	0.6980349285907952	0.7613384059601158	0.6980349285907952	0.7613384059601158	0.8571428571428571	endpoint
P_LP.1898	0.0	0.6538488619866537	1.082346054799338	1.45459858264138	0.6553411070978684	0.6376196500837723	0.6553411070978684	0.6376196500837723	0.7142857142857143	endpoint
P_LP.1899	0.0	0.21090548386197483	0.07457443591928449	1.7370061083542274	0.5136996837816017	0.46126394317714636	0.5136996837816017	0.5387360568228536	0.5714285714285714	endpoint
P_LP.19	0.0	0.3459053395652895	0.6869445570484121	1.6278922809059844	0.553049473482196	0.531253367271833	0.553049473482196	0.531253367271833	0.5714285714285714	endpoint
P_LP.190	0.0	0.5281805019530559	0.8945395863261695	1.6424027497561606	0.5938528480460308	0.8316444152988824	0.5938528480460308	0.8316444152988824	0.5714285714285714	endpoint
P_LP.1900	0.0	0.09259839645585123	0.27946857530448166	1.7802140013632015	0.4565318994308961	0.5376368960285111	0.5434681005691039	0.5376368960285111	0.5714285714285714	endpoint
P_LP.1901	0.0	1.3442299268152769	1.310831302927191	1.6317039573545902	0.09306407576852574	0.06355281735754763	0.9069359242314743	0.9364471826424524	1.0	baseline
P_LP.1902	0.0	0.17584766058239384	0.13130000324951127	1.3491533698569746	0.537676033485132	0.4502829628553351	0.537676033485132	0.5497170371446649	0.5714285714285714	endpoint
P_LP.1903	0.0	0.13319433373058245	0.3784055396928995	1.641816980915954	0.37964210113329233	0.4863587713414118	0.6203578988667077	0.5136412286585882	0.5714285714285714	baseline
P_LP.1904	0.0	0.7284235994445954	0.9917836018706261	1.6491105788075748	0.6704810272053052	0.6912950680997887	0.6704810272053052	0.6912950680997887	0.7142857142857143	endpoint
P_LP.1905	0.0	0.6740238948472121	0.9535196459659956	1.4287588937139029	0.283688631480061	0.22088884313044277	0.7163113685199389	0.7791111568695572	0.7142857142857143	baseline
P_LP.1906	0.0	0.4388438684546166	0.6233790503778628	1.4772384108602308	0.3732479135551454	0.31705684656430005	0.6267520864448546	0.6829431534357	0.8571428571428571	baseline
P_LP.1907	0.0	0.3981464915046581	0.7696896509181916	1.6508744368741621	0.34935549833421625	0.3113160558911451	0.6506445016657838	0.6886839441088549	0.8571428571428571	baseline
P_LP.1908	0.0	0.07729012728146786	0.07525287352441093	1.2645706044208358	0.43537815538168595	0.4935841802026924	0.564621844618314	0.5064158197973077	0.5714285714285714	baseline
P_LP.1909	0.0	0.5314027102179198	0.9680799895911667	1.1997829840362928	0.585950599748322	0.6096643315410748	0.585950599748322	0.6096643315410748	0.7142857142857143	endpoint
P_LP.191	0.0	0.8018878960658151	1.017111663854232	1.665622678549974	0.20077593117885245	0.16074759421384968	0.7992240688211476	0.8392524057861503	1.0	baseline
P_LP.1910	0.0	0.31053796480099355	0.0031815945527614493	1.746031836888858	0.3989971521878249	0.4274363640267035	0.6010028478121752	0.5725636359732965	0.7142857142857143	baseline
P_LP.1911	0.0	0.2982312778066742	0.19081505899612883	1.802993884900349	0.5340503466984167	0.5327680303704034	0.5340503466984167	0.5327680303704034	0.7142857142857143	endpoint
P_LP.1912	0.0	0.2303974001225185	0.6806740240688515	1.6620004526136132	0.36792762226362946	0.3267020118276483	0.6320723777363706	0.6732979881723518	0.7142857142857143	baseline
P_LP.1913	0.0	0.4116046626752971	0.6546047614076065	0.8204317720235753	0.36547203936361516	0.3261357900015042	0.6345279606363848	0.6738642099984957	0.8571428571428571	baseline
P_LP.1914	0.14285714285714285	0.782513241018005	1.4877139432311708	2.287278465814658	0.6516235622344089	0.7194579493402562	0.6516235622344089	0.7194579493402562	0.7142857142857143	endpoint
P_LP.1915	0.0	0.40554348026070375	0.8637353948505084	1.7849370410445187	0.3391350347183204	0.2212177967453832	0.6608649652816796	0.7787822032546168	0.7142857142857143	baseline
P_LP.1916	0.0	0.3142192890702842	0.734389522627713	1.6873560195440245	0.4284903857487201	0.3139370160172614	0.5715096142512799	0.6860629839827386	0.5714285714285714	baseline
P_LP.1917	0.0	0.21392374311637857	0.026924370609804398	1.1917536108443212	0.394570684758388	0.43677460403871043	0.6054293152416119	0.5632253959612896	0.7142857142857143	baseline
P_LP.1918	0.0	0.4936274967833138	1.1373587913881673	1.6230567493654549	0.3137517649961952	0.07563834582652533	0.6862482350038048	0.9243616541734747	0.7142857142857143	baseline
P_LP.1919	0.0	1.1360065291734405	1.2348484905774824	1.7791212760146558	0.8148376521467732	0.905435929659134	0.8148376521467732	0.905435929659134	1.0	endpoint
P_LP.192	0.0	0.2756677813359065	0.21999607003020166	1.2787493192869803	0.41364521336975046	0.39258573754317105	0.5863547866302495	0.607414262456829	0.7142857142857143	baseline
P_LP.1920	0.0	0.23954492824199372	0.5055355619926593	1.6134935126881444	0.5047222407505318	0.6341560379666163	0.5047222407505318	0.6341560379666163	0.5714285714285714	endpoint
P_LP.1921	0.0	0.574067367034387	0.5585619837343574	1.9012415974808043	0.6385514164277267	0.6328084920144265	0.6385514164277267	0.6328084920144265	0.5714285714285714	endpoint
P_LP.1922	0.0	0.4594492468126769	0.5043517554519266	1.5349812795943167	0.3112731379089754	0.36372856386612257	0.6887268620910246	0.6362714361338775	0.8571428571428571	baseline
P_LP.1923	0.0	0.8276005608835181	0.8285923511150214	1.4531452443271884	0.25454561386116004	0.2113340832184059	0.74545438613884	0.7886659167815941	0.8571428571428571	baseline
P_LP.1924	0.0	0.033276860578164105	0.14811769366261443	1.2734576954318901	0.5064855544664804	0.4419637610800645	0.5064855544664804	0.5580362389199355	0.5714285714285714	baseline
P_LP.1925	0.0	0.24866207199970053	0.18251497622739776	1.661602033226871	0.5027828160118563	0.5139621323255382	0.5027828160118563	0.5139621323255382	0.5714285714285714	endpoint
P_LP.1926	0.0	0.30744113317029603	0.5004668395287013	1.1105205984397566	0.3790559393353031	0.28814562814786476	0.6209440606646969	0.7118543718521353	0.8571428571428571	baseline
P_LP.1927	0.0	0.1589776264803473	0.3784793470776723	1.7402408885340273	0.45422291040693236	0.32972803879979873	0.5457770895930676	0.6702719612002013	0.5714285714285714	baseline
P_LP.1928	0.0	0.01766774780870554	0.03251746673967304	1.0094290482719424	0.478553755092055	0.4308351623450454	0.521446244907945	0.5691648376549546	0.7142857142857143	endpoint
P_LP.1929	0.0	0.22720777468185865	0.31418329045783105	1.3450762480560592	0.3726385721794957	0.329143866156473	0.6273614278205043	0.670856133843527	0.7142857142857143	baseline
P_LP.193	0.0	0.562624107589544	0.9544088309458333	1.4363098434185007	0.6180138208499347	0.739710229058228	0.6180138208499347	0.739710229058228	0.7142857142857143	endpoint
P_LP.1930	0.0	0.23069283486620268	0.6209372597242535	1.2517944405632497	0.42077468384444117	0.3434044152119907	0.5792253161555588	0.6565955847880093	0.7142857142857143	baseline
P_LP.1931	0.0	0.7575842270959746	0.9346422036081838	1.5153524982473894	0.255413474485247	0.228418682024724	0.744586525514753	0.771581317975276	0.8571428571428571	baseline
P_LP.1932	0.0	1.1717544592260711	1.1666172448017225	1.8560930761050292	0.1558435433490575	0.14243298546131822	0.8441564566509425	0.8575670145386818	1.0	baseline
P_LP.1933	0.0	0.026329299571830358	0.45307353991009824	1.1156563915894702	0.4320433982973113	0.43071652271737193	0.5679566017026887	0.5692834772826281	0.5714285714285714	baseline
P_LP.1934	0.0	0.014858278300930403	0.38569603697812915	1.7415678825235636	0.46137444285987256	0.3549067474268465	0.5386255571401275	0.6450932525731534	0.7142857142857143	endpoint
P_LP.1935	0.0	0.14601513175647945	0.010955498330209843	1.2712296646630032	0.4138220419019632	0.44413867255075395	0.5861779580980369	0.5558613274492461	0.7142857142857143	baseline
P_LP.1936	0.0	0.3412468068118888	0.31426531134638036	1.0856615013847026	0.3742928351234554	0.39709421352346824	0.6257071648765447	0.6029057864765317	0.5714285714285714	baseline
P_LP.1937	0.0	0.03868227579203899	0.23073050446617083	1.10417190244519	0.44610816258858627	0.4275784877875238	0.5538918374114137	0.5724215122124763	0.5714285714285714	baseline
P_LP.1939	0.0	0.8162155389224831	1.285124174541489	1.5808292626588971	0.23117918995754083	0.1443017561378072	0.7688208100424592	0.8556982438621927	0.8571428571428571	baseline
P_LP.194	0.0	0.4938322011361877	0.4574349163613255	1.4223156308108476	0.6063118208306945	0.6205089856107494	0.6063118208306945	0.6205089856107494	0.7142857142857143	endpoint
P_LP.1940	0.0	0.3723021951925081	1.0895756792538782	1.524164839087969	0.6104929300715956	0.8037608262371522	0.6104929300715956	0.8037608262371522	0.5714285714285714	endpoint
P_LP.1941	0.0	0.3156279695332419	0.5233308595479942	1.440681378428929	0.5608916396772079	0.5751136087423867	0.5608916396772079	0.5751136087423867	0.7142857142857143	endpoint
P_LP.1942	0.0	0.6786926819907182	0.6947520091665964	1.7827646322426187	0.6589313710657194	0.7229534190352706	0.6589313710657194	0.7229534190352706	0.8571428571428571	endpoint
P_LP.1944	0.0	0.7325349476429869	1.0595258504213727	1.4901609112616507	0.6543661500829993	0.6540619665037569	0.6543661500829993	0.6540619665037569	0.7142857142857143	endpoint
P_LP.1945	0.0	1.0189874139568607	1.3118179550791182	1.5754308795712495	0.20420832512345963	0.05650595093451464	0.7957916748765403	0.9434940490654854	0.8571428571428571	baseline
P_LP.1946	0.0	0.4040809854642083	0.52196435794474	1.7916281802692342	0.4064264413934147	0.27245891651753945	0.5935735586065853	0.7275410834824605	0.5714285714285714	baseline
P_LP.1947	0.0	0.176131662126855	0.27165464699678726	0.9277334748067023	0.5026165247066969	0.5957999346515064	0.5026165247066969	0.5957999346515064	0.5714285714285714	endpoint
P_LP.1948	0.14285714285714285	0.10243937140551998	0.00813000301105808	2.0017375727914937	0.45452572440067335	0.44679719535424667	0.5454742755993267	0.5532028046457533	0.8571428571428571	endpoint
P_LP.1949	0.0	0.39018687722376505	0.8445556042360709	1.123199010332294	0.3664400215189269	0.28295566594593585	0.633559978481073	0.7170443340540642	0.7142857142857143	baseline
P_LP.195	0.0	0.6649025556744975	0.7413351147752457	1.0650261020217116	0.6781827260087552	0.6879348618420869	0.6781827260087552	0.6879348618420869	0.8571428571428571	endpoint
P_LP.1950	0.0	1.059888162910758	1.3770854636029937	1.7002216779754837	0.7411609916459101	0.8270480962966283	0.7411609916459101	0.8270480962966283	1.0	endpoint
P_LP.1951	0.0	0.21062906812508103	0.6979090017470492	1.3329777205189903	0.44405746167558496	0.29348804058402406	0.555942538324415	0.7065119594159759	0.5714285714285714	baseline
P_LP.1952	0.0	0.23960374790793523	0.4716316115802075	1.5752425923486943	0.5082294549277326	0.5064193364897901	0.5082294549277326	0.5064193364897901	0.5714285714285714	endpoint
P_LP.1953	0.0	0.43047352768786523	0.6222410592423968	1.6719763006631467	0.3647960344211315	0.3310840718785107	0.6352039655788685	0.6689159281214894	0.7142857142857143	baseline
P_LP.1954	0.14285714285714285	0.3242144004907552	0.1473290978394044	2.297473879805512	0.5309785169375669	0.39122925008296766	0.5309785169375669	0.6087707499170323	0.5714285714285714	endpoint
P_LP.1955	0.0	0.5249235955418767	0.9535381890155652	1.5340334308819705	0.6380558053510708	0.5772157332772077	0.6380558053510708	0.5772157332772077	0.7142857142857143	endpoint
P_LP.1956	0.0	0.8104213317652306	1.1640688487462165	1.5359903913972306	0.708629848025885	0.6275535060851462	0.708629848025885	0.6275535060851462	0.7142857142857143	endpoint
P_LP.1957	0.0	0.0002635858716680341	0.05787985192230732	1.5294754800601413	0.4416234606816695	0.463159005006277	0.5583765393183304	0.536840994993723	0.5714285714285714	baseline
P_LP.1958	0.0	0.37804781633477946	0.03230061923687164	1.2814216018516422	0.3339805416084554	0.421283628557494	0.6660194583915446	0.578716371442506	0.5714285714285714	baseline
P_LP.1959	0.0	0.20077213057919732	0.2846636887074266	1.0452546924696569	0.5427156304891736	0.538757568202237	0.5427156304891736	0.538757568202237	0.5714285714285714	endpoint
P_LP.196	0.0	0.46737149996750943	1.1623311023561425	1.8480638538265053	0.6794189260960548	0.8989863314104115	0.6794189260960548	0.8989863314104115	0.7142857142857143	endpoint
P_LP.1960	0.0	0.17281048591620488	0.8745038866466553	1.4860451836729638	0.40534079790328237	0.2925140847146575	0.5946592020967176	0.7074859152853425	0.5714285714285714	baseline
P_LP.1961	0.0	0.26160856608398697	0.2457019764041372	1.0154185935393287	0.5558661740377847	0.46378912433634045	0.5558661740377847	0.5362108756636595	0.5714285714285714	endpoint
P_LP.1962	0.0	0.45412026197292377	0.5130408770189794	1.2698306345926311	0.3222334830058192	0.3477803472274666	0.6777665169941808	0.6522196527725335	0.7142857142857143	baseline
P_LP.1963	0.0	0.09553862908287367	0.19411112919391446	1.2718372412593988	0.5406035752249619	0.5192238783988676	0.5406035752249619	0.5192238783988676	0.5714285714285714	endpoint
P_LP.1964	0.14285714285714285	0.5255335344823215	0.7383960195640189	2.148033801562801	0.5612250524026067	0.6366351616388961	0.5612250524026067	0.6366351616388961	0.5714285714285714	endpoint
P_LP.1965	0.0	1.0298322337981272	1.3756137800431254	1.6668626685295043	0.18480832639061798	0.11778094744004575	0.815191673609382	0.8822190525599543	0.8571428571428571	baseline
P_LP.1966	0.0	0.016390556439180606	0.7502883493337715	1.3694368376816344	0.5116182222527038	0.3133305420172311	0.5116182222527038	0.6866694579827689	0.5714285714285714	baseline
P_LP.1967	0.0	0.7224688231558167	0.9597565731312486	1.304407263137351	0.2794045943718459	0.19596859331689506	0.720595405628154	0.8040314066831049	0.8571428571428571	baseline
P_LP.1968	0.0	0.15534784710756044	0.25871789383898064	0.609335689584087	0.5091859058431238	0.5193872788247103	0.5091859058431238	0.5193872788247103	0.5714285714285714	endpoint
P_LP.1969	0.0	0.5025961642222975	0.6639172259537209	1.66816871277983	0.6076588277301525	0.6852455578758067	0.6076588277301525	0.6852455578758067	0.7142857142857143	endpoint
P_LP.197	0.0	0.16530392689441692	0.4118179704675351	1.1689190289589926	0.41681608490339317	0.3632569287220543	0.5831839150966068	0.6367430712779457	0.7142857142857143	baseline
P_LP.1970	0.0	0.38049733191657514	0.7576321697109432	1.3675995310640046	0.3024897069166118	0.19342159286819788	0.6975102930833882	0.8065784071318021	0.7142857142857143	baseline
P_LP.1971	0.0	0.37357206838774165	0.10972146620509898	1.1547586426056957	0.3674441353185457	0.4094462876995252	0.6325558646814543	0.5905537123004748	1.0	baseline
P_LP.1972	0.0	0.5019305012356103	0.9724661188861833	1.808746508811067	0.6335972230989503	0.6871279664471439	0.6335972230989503	0.6871279664471439	0.5714285714285714	endpoint
P_LP.1973	0.0	0.3925461585660405	1.0183651911098253	1.5504298229658933	0.5667418124622737	0.5819262695504547	0.5667418124622737	0.5819262695504547	0.5714285714285714	endpoint
P_LP.1974	0.0	0.7127498227309967	1.1404768819104707	1.5603309512646215	0.30163829604985787	0.23176501799227167	0.6983617039501422	0.7682349820077283	0.8571428571428571	baseline
P_LP.1975	0.0	0.6638580224323939	0.8696905974740251	1.5940200787008494	0.3080360800240804	0.24709699034645777	0.6919639199759196	0.7529030096535423	0.8571428571428571	baseline
P_LP.1976	0.0	0.146133698471616	0.0447633975056947	1.3196999928281408	0.47159325194105434	0.5180174750316342	0.5284067480589456	0.5180174750316342	0.5714285714285714	endpoint
P_LP.1977	0.0	1.1328663174017577	1.3791474117228057	1.9539370333396846	0.19751758322222582	0.08158736419051602	0.8024824167777742	0.918412635809484	0.8571428571428571	baseline
P_LP.1978	0.14285714285714285	1.2283868404577352	1.6509832694860052	2.108240622344119	0.7807041891771223	0.8895150778343769	0.7807041891771223	0.8895150778343769	0.8571428571428571	endpoint
P_LP.1979	0.0	0.220442130075194	0.5295360429850713	1.436757056447934	0.5549695656653367	0.6430864643074279	0.5549695656653367	0.6430864643074279	0.5714285714285714	endpoint
P_LP.198	0.0	0.10275320843101965	0.058868552555802596	1.6084388382704695	0.4965953712630888	0.46348417044742135	0.5034046287369112	0.5365158295525787	0.5714285714285714	endpoint
P_LP.1980	0.0	0.1969699604632357	0.14623386343984857	1.2836105034252772	0.5075973062230005	0.44858084383095614	0.5075973062230005	0.5514191561690438	0.5714285714285714	endpoint
P_LP.1981	0.14285714285714285	1.5328905402713775	1.6767249712321843	2.1431612380935325	0.8891018166001101	0.9231268448228386	0.8891018166001101	0.9231268448228386	1.0	endpoint
P_LP.1982	0.0	0.35180750988362325	0.42699832039004326	1.3967330591832514	0.5788334768952682	0.7138453725026359	0.5788334768952682	0.7138453725026359	0.5714285714285714	endpoint
P_LP.1983	0.0	0.21092630774905627	0.0794065211158584	1.6788027739151046	0.5512065046005131	0.41408132273420023	0.5512065046005131	0.5859186772657998	0.5714285714285714	endpoint
P_LP.1984	0.0	0.2091296832303903	0.007429713894501628	1.6773773284657867	0.5782637764495677	0.4488140197056314	0.5782637764495677	0.5511859802943686	0.5714285714285714	endpoint
P_LP.1985	0.0	0.7749411689982635	0.7786887296468986	1.549805494462138	0.2205491833452474	0.1880269957227407	0.7794508166547526	0.8119730042772593	0.8571428571428571	baseline
P_LP.1987	0.0	1.0339588769345907	1.14102834207675	1.6015157031005876	0.7671292505020981	0.8228244008162805	0.7671292505020981	0.8228244008162805	1.0	endpoint
P_LP.1988	0.0	0.8069062883801867	0.9477205906450447	1.7676701897205305	0.7188002814503841	0.7986902749528769	0.7188002814503841	0.7986902749528769	0.8571428571428571	endpoint
P_LP.199	0.0	0.6316724933246214	0.7039910110777591	1.4665824770002631	0.3140411056413563	0.2401208281340965	0.6859588943586437	0.7598791718659035	0.8571428571428571	baseline
P_LP.1990	0.0	0.6569013828112388	0.9993336465256314	1.4803974379621383	0.28474133108842353	0.22662003292581878	0.7152586689115765	0.7733799670741812	0.8571428571428571	baseline
P_LP.1991	0.0	0.5190286795635973	0.7445155061253282	1.4066630781040514	0.3459501219616737	0.31238879324681523	0.6540498780383264	0.6876112067531848	0.8571428571428571	baseline
P_LP.1992	0.0	0.5894923949406489	0.8628888646613712	1.675882889138288	0.6359563528419111	0.5793521052310846	0.6359563528419111	0.5793521052310846	0.7142857142857143	endpoint
P_LP.1993	0.0	0.5236982246616835	0.9303190085235871	1.539311732812852	0.28760327363959176	0.26272506501673	0.7123967263604083	0.73727493498327	0.7142857142857143	baseline
P_LP.1994	0.0	0.05377348609148676	0.13965623519530504	1.158807499302643	0.48155841279875833	0.3902200108918146	0.5184415872012417	0.6097799891081854	0.7142857142857143	baseline
P_LP.1995	0.0	0.1567796702927517	0.33824536607879446	1.3675607740964828	0.47278481003424455	0.40438574793261345	0.5272151899657554	0.5956142520673866	0.5714285714285714	baseline
P_LP.1996	0.14285714285714285	0.7913604170717073	1.0650716479207227	2.0256690590938415	0.696316707222676	0.7359390413013326	0.696316707222676	0.7359390413013326	0.8571428571428571	endpoint
P_LP.1997	0.0	0.6424557142399355	0.9395441647480569	1.2702423625674433	0.2644130012760212	0.2594777896760815	0.7355869987239788	0.7405222103239185	0.8571428571428571	baseline
P_LP.1998	0.14285714285714285	1.0441795939127783	1.4570745152180686	2.1483237222872478	0.7467690444564562	0.8504885213031355	0.7467690444564562	0.8504885213031355	0.8571428571428571	endpoint
P_LP.2	0.0	0.4829027304104284	0.9081282947577674	1.2310039087697906	0.5941533926980929	0.7272117849132892	0.5941533926980929	0.7272117849132892	0.5714285714285714	endpoint
P_LP.20	0.0	0.30436814413283325	0.4730026391087134	1.2282402344648995	0.37269536917271323	0.2817077134730744	0.6273046308272867	0.7182922865269257	0.7142857142857143	baseline
P_LP.200	0.0	0.4639815013654675	0.6974107505183754	1.9625284165425276	0.6100975539233996	0.6793176416685213	0.6100975539233996	0.6793176416685213	0.5714285714285714	endpoint
P_LP.2000	0.0	0.5831665674851733	0.7069842305382423	1.4582678405515297	0.32080053800184993	0.1886628181177326	0.6791994619981501	0.8113371818822674	0.7142857142857143	baseline
P_LP.2001	0.0	0.6902739344114306	1.0595393895797105	1.4218799076373105	0.6697081424563864	0.6436220714925692	0.6697081424563864	0.6436220714925692	0.7142857142857143	endpoint
P_LP.2002	0.0	0.3896327154953926	0.01598192426619294	1.4708850212321798	0.5846239414261822	0.48062862962335257	0.5846239414261822	0.5193713703766474	0.5714285714285714	endpoint
P_LP.2003	0.0	0.5207508899780344	0.7704086239706103	1.216200990976228	0.27841388601610495	0.19075017008284403	0.721586113983895	0.809249829917156	0.8571428571428571	baseline
P_LP.2004	0.0	0.21914043492339608	0.13692967778128287	1.4450257492258016	0.5450391176479524	0.47803336859721945	0.5450391176479524	0.5219666314027805	0.5714285714285714	endpoint
P_LP.2005	0.0	0.2450267789322884	0.36450108916635626	1.5015985199421733	0.533379667137967	0.5640010865170565	0.533379667137967	0.5640010865170565	0.5714285714285714	endpoint
P_LP.2006	0.14285714285714285	0.5191000094027609	0.6258998500237635	2.2824838232681173	0.5574740272553037	0.6246625766011321	0.5574740272553037	0.6246625766011321	0.5714285714285714	endpoint
P_LP.2007	0.0	0.6134243899914987	0.8875958371436226	1.2676247995160839	0.28302666621440226	0.14061223313434223	0.7169733337855977	0.8593877668656578	0.8571428571428571	baseline
P_LP.2008	0.0	0.9457391423854852	1.225044305068985	1.873454628156455	0.7409842462191827	0.8814861397670207	0.7409842462191827	0.8814861397670207	0.7142857142857143	endpoint
P_LP.2009	0.0	0.31654315801671107	0.28317663232580614	1.8214733978500588	0.3887511880609487	0.3405877660569315	0.6112488119390513	0.6594122339430686	0.5714285714285714	baseline
P_LP.201	0.0	0.4236548445008778	0.8244037932675663	1.47673873980449	0.6115823215815437	0.6551884657225072	0.6115823215815437	0.6551884657225072	0.5714285714285714	endpoint
P_LP.2010	0.14285714285714285	0.7586327477689778	1.1599897039315246	2.0493516926407356	0.2900779036612025	0.1128845084392122	0.7099220963387975	0.8871154915607878	0.7142857142857143	baseline
P_LP.2011	0.0	0.18468901452680583	0.20229910147821534	1.6129956914325103	0.4255519840574885	0.39423152739155476	0.5744480159425115	0.6057684726084452	0.7142857142857143	baseline
P_LP.2012	0.0	0.6151163725258233	1.0084457185182354	1.4531396797035327	0.626915258762436	0.6447038963109278	0.626915258762436	0.6447038963109278	0.7142857142857143	endpoint
P_LP.2013	0.0	0.36331157040576095	0.8175260028228281	1.4689189823488256	0.3738869164805444	0.262905601679406	0.6261130835194556	0.737094398320594	0.7142857142857143	baseline
P_LP.2014	0.0	1.0077403450736264	1.2002468970686073	1.6266529109745873	0.16488213680723926	0.04938427331131442	0.8351178631927607	0.9506157266886855	0.8571428571428571	baseline
P_LP.2015	0.0	0.2639387744871511	0.645285621782463	1.5586556936978984	0.4145810544688651	0.3076994225034685	0.5854189455311349	0.6923005774965315	0.5714285714285714	baseline
P_LP.2016	0.0	0.5285724155846565	0.4090690557718579	1.568744351242169	0.630954679442656	0.5766308368687357	0.630954679442656	0.5766308368687357	0.7142857142857143	endpoint
P_LP.2017	0.0	0.3279225314778524	0.8243490904290316	1.3236821472189153	0.5339768035760675	0.552261976202759	0.5339768035760675	0.552261976202759	0.5714285714285714	endpoint
P_LP.2018	0.0	0.4106370129156624	0.6480275838289066	1.5333880683384953	0.37348907213726473	0.32714141440282873	0.6265109278627352	0.6728585855971713	0.7142857142857143	baseline
P_LP.2019	0.0	0.1501352977924284	0.007207261397524371	1.321055161730247	0.44385058007653866	0.4788345325169961	0.5561494199234613	0.521165467483004	0.7142857142857143	baseline
P_LP.202	0.0	0.4735093734206498	0.6504834741156641	1.510107224681419	0.6234140617724527	0.608891340098057	0.6234140617724527	0.608891340098057	0.7142857142857143	endpoint
P_LP.2020	0.0	0.7889324335899925	1.060701422360533	1.3520852569053814	0.23110097200892885	0.1447225920669654	0.7688990279910711	0.8552774079330346	0.8571428571428571	baseline
P_LP.2021	0.0	0.7116024793525745	0.6487418028623574	1.7505865501548918	0.6881541379413724	0.6574826257504274	0.6881541379413724	0.6574826257504274	0.7142857142857143	endpoint
P_LP.2022	0.0	0.15109171842312225	0.2389614176139354	1.5770096757249432	0.5175073614909601	0.38968601101433775	0.5175073614909601	0.6103139889856622	0.5714285714285714	endpoint
P_LP.2023	0.0	0.175776254525475	0.42399503237384634	1.1898246596662625	0.5060901074423624	0.4983439903082293	0.5060901074423624	0.5016560096917707	0.5714285714285714	endpoint
P_LP.2024	0.0	0.1933185960175001	0.3435682807774962	1.5527569652077025	0.48787458277748297	0.5571166711100479	0.512125417222517	0.5571166711100479	0.5714285714285714	baseline
P_LP.2025	0.0	0.8417720504102271	1.0169300442006024	1.5049545102668072	0.24009809442273683	0.25798220011514134	0.7599019055772631	0.7420177998848587	0.8571428571428571	baseline
P_LP.2026	0.0	0.11762371940615998	0.2552871994254103	1.5303758312888343	0.5189632698062047	0.5280826482824605	0.5189632698062047	0.5280826482824605	0.5714285714285714	endpoint
P_LP.2027	0.0	0.35597629794542435	0.6201862447631672	1.042452779608222	0.39985684643675384	0.2723611049468747	0.6001431535632462	0.7276388950531253	0.7142857142857143	baseline
P_LP.2028	0.0	0.06348754393406739	0.2035545712309561	1.6533820879188605	0.5495629111525219	0.4269925707065961	0.5495629111525219	0.573007429293404	0.5714285714285714	endpoint
P_LP.2029	0.0	0.8589465788955272	1.0262119488986134	1.250853669234655	0.23131986915947972	0.1476530503390506	0.7686801308405202	0.8523469496609494	0.8571428571428571	baseline
P_LP.203	0.0	0.5133203212471826	1.126290703630682	1.4813199132391024	0.313367088032068	0.21909200031625675	0.686632911967932	0.7809079996837432	0.5714285714285714	baseline
P_LP.2030	0.0	0.9315250646297358	1.159146918347268	1.4865833329713884	0.20966586155499903	0.1460203209474813	0.790334138445001	0.8539796790525187	0.8571428571428571	baseline
P_LP.2031	0.0	0.582668600649385	1.0394405294980675	1.645738276435467	0.6296089830419429	0.5916266233243668	0.6296089830419429	0.5916266233243668	0.7142857142857143	endpoint
P_LP.2032	0.0	0.05860621786161387	0.07119063975119291	1.0368480280837344	0.45282434544187833	0.4195598861179167	0.5471756545581217	0.5804401138820833	0.7142857142857143	endpoint
P_LP.2033	0.0	0.0651001023003915	0.28936009979377064	1.733017480884692	0.4960899156710439	0.34895817590036193	0.5039100843289561	0.6510418240996381	0.5714285714285714	endpoint
P_LP.2034	0.0	1.1931658119557278	1.170844836196987	1.693852537755826	0.8290615598104629	0.899652112019541	0.8290615598104629	0.899652112019541	0.8571428571428571	endpoint
P_LP.2035	0.0	0.24959461684305495	0.17743344116058477	1.4531680759378092	0.5506013624184091	0.48345936625104696	0.5506013624184091	0.5165406337489531	0.5714285714285714	endpoint
P_LP.2036	0.0	0.7069906699108416	0.972881936913731	1.5490368929416543	0.27885678264693786	0.19901732749062612	0.7211432173530621	0.8009826725093738	0.8571428571428571	baseline
P_LP.2037	0.0	0.33013900649495875	0.6100249942961381	1.7258510475838107	0.39500568295188526	0.2844184163650799	0.6049943170481147	0.7155815836349201	0.7142857142857143	baseline
P_LP.2038	0.0	0.5989212560056031	0.6696929075022142	1.5676958589077643	0.6634607653763994	0.6598740282736082	0.6634607653763994	0.6598740282736082	0.8571428571428571	endpoint
P_LP.2039	0.14285714285714285	1.1661434779021504	1.0758142157477106	2.020894335017393	0.8015149897275059	0.846353098213317	0.8015149897275059	0.846353098213317	1.0	endpoint
P_LP.204	0.14285714285714285	0.08316624848481717	0.12286604147047991	2.019449875074917	0.4833478704830779	0.40371500732992927	0.5166521295169221	0.5962849926700707	0.5714285714285714	endpoint
P_LP.2040	0.0	0.1462307058541809	0.3657811780162919	1.7555664657855763	0.4940769127281284	0.3418230487011875	0.5059230872718716	0.6581769512988125	0.5714285714285714	endpoint
P_LP.2041	0.14285714285714285	0.7960741614846417	0.4435700882722651	2.072114022931104	0.6829986596380617	0.5903215696967946	0.6829986596380617	0.5903215696967946	0.8571428571428571	endpoint
P_LP.2042	0.0	0.43845999219078163	0.3877518517530441	1.5214797024887114	0.3776348987882573	0.393706377414418	0.6223651012117427	0.606293622585582	0.8571428571428571	baseline
P_LP.2043	0.0	0.41050784483925684	0.460686462512487	1.259753122681471	0.33996554732947676	0.35167958518844755	0.6600344526705233	0.6483204148115524	0.8571428571428571	baseline
P_LP.2044	0.0	0.2032230258209052	0.20582060952823156	1.2234837035818058	0.4426052313047986	0.394753109308677	0.5573947686952014	0.605246890691323	0.5714285714285714	baseline
P_LP.2045	0.0	0.3476092567927148	0.7458279145607812	1.3831384930898225	0.34403305507335463	0.3276663370578028	0.6559669449266454	0.6723336629421972	0.8571428571428571	baseline
P_LP.2046	0.0	0.2930646488719345	0.15358735718847666	1.1622093763988273	0.38609355963563274	0.40273936670934485	0.6139064403643673	0.5972606332906552	0.7142857142857143	baseline
P_LP.2047	0.0	0.051825343088806895	0.26728276596218825	1.3629728830510932	0.47503702317109087	0.3566660683098993	0.5249629768289091	0.6433339316901008	0.5714285714285714	baseline
P_LP.2048	0.0	0.20975331249440074	0.23930255051955499	1.5911709960577705	0.45057999553148476	0.3896338531442056	0.5494200044685152	0.6103661468557944	0.5714285714285714	baseline
P_LP.2049	0.0	0.004693907425896922	0.10635181983675115	1.1046368299335723	0.4723229407278159	0.4295751217712278	0.5276770592721841	0.5704248782287722	0.7142857142857143	endpoint
P_LP.205	0.0	0.7488513313840117	1.1964579036681244	1.9715378893164701	0.2855907780650401	0.1247819307676232	0.7144092219349599	0.8752180692323768	0.7142857142857143	baseline
P_LP.2050	0.0	0.3766668588266043	0.5446647714914272	1.1656879959560467	0.3605428946128855	0.3984762071610062	0.6394571053871145	0.6015237928389938	0.7142857142857143	baseline
P_LP.2051	0.0	0.787972453571243	1.2580710319204524	1.5150039216353488	0.2681356606905159	0.15053939923528373	0.7318643393094841	0.8494606007647163	0.8571428571428571	baseline
P_LP.2052	0.0	0.9048868470689605	1.002548354079679	1.4113053619766545	0.20004859131131325	0.26108456933782886	0.7999514086886867	0.7389154306621711	1.0	baseline
P_LP.2053	0.0	0.724659121174218	0.6896702846838503	1.629650307828917	0.7096463125527129	0.6261242120235139	0.7096463125527129	0.6261242120235139	0.8571428571428571	endpoint
P_LP.2054	0.0	0.028714278062589194	0.09459579410620704	1.0106167223753744	0.480616758024167	0.4828470544322159	0.5193832419758331	0.5171529455677841	0.5714285714285714	endpoint
P_LP.2055	0.0	0.326579803548628	0.1005102737050791	1.5191460152954985	0.35905307895061794	0.4110674078860599	0.6409469210493821	0.5889325921139401	0.7142857142857143	baseline
P_LP.2056	0.0	0.21639706646760912	0.3179546800159362	0.9647968004894418	0.4356656985317204	0.40876278563954077	0.5643343014682796	0.5912372143604592	0.5714285714285714	baseline
P_LP.2057	0.0	0.9823574347721744	1.355438667887428	1.6445762111099107	0.7796451494618569	0.84885192161918	0.7796451494618569	0.84885192161918	0.7142857142857143	endpoint
P_LP.2058	0.14285714285714285	0.4371279191066783	0.3628967092194273	2.0019424602811675	0.5893141822276478	0.6098949316823485	0.5893141822276478	0.6098949316823485	0.7142857142857143	endpoint
P_LP.2059	0.0	0.4380093925421263	0.811382520740662	0.9487302134975433	0.36024426190940156	0.29904105962534183	0.6397557380905985	0.7009589403746581	0.8571428571428571	baseline
P_LP.206	0.0	0.4840631178307744	0.7800182142765946	1.5877924600092785	0.3371631983475005	0.2954293473597551	0.6628368016524995	0.7045706526402449	0.7142857142857143	baseline
P_LP.2060	0.0	0.5115693661824715	0.2046520684005645	1.9673024452209347	0.6136242325419289	0.4966512873483077	0.6136242325419289	0.5033487126516922	0.5714285714285714	endpoint
P_LP.2061	0.0	1.1256010161375676	1.0865889582387187	1.8357307056120598	0.8106269898275251	0.9110266530352069	0.8106269898275251	0.9110266530352069	0.8571428571428571	endpoint
P_LP.2063	0.0	0.782023382227133	1.2595909883910832	1.806174673581764	0.667551727936601	0.6355122668708242	0.667551727936601	0.6355122668708242	0.7142857142857143	endpoint
P_LP.2064	0.14285714285714285	0.3796836104119276	0.17913405245855285	2.2267373615764834	0.5647153281580063	0.530340819928484	0.5647153281580063	0.530340819928484	0.5714285714285714	endpoint
P_LP.2065	0.0	0.37714925851410946	0.5933782013651153	1.6240359867515983	0.36928922502704925	0.34934936144158935	0.6307107749729508	0.6506506385584107	0.7142857142857143	baseline
P_LP.2066	0.0	0.37293575197530276	0.3743991460900387	1.3780612325436332	0.37236676331854257	0.3936550550953415	0.6276332366814574	0.6063449449046585	0.7142857142857143	baseline
P_LP.2067	0.0	0.0655066855601967	0.18536308737699658	1.708735807123204	0.5040114173682664	0.5053477100587774	0.5040114173682664	0.5053477100587774	0.5714285714285714	endpoint
P_LP.2068	0.0	0.054999790253998294	0.33482034632502067	1.5835869034498404	0.4431398245481385	0.5379813440388775	0.5568601754518615	0.5379813440388775	0.5714285714285714	endpoint
P_LP.2069	0.0	0.663532905624704	1.0871162585331093	1.5348240924794652	0.7097407296322763	0.8016559158601669	0.7097407296322763	0.8016559158601669	0.7142857142857143	endpoint
P_LP.207	0.0	1.0082106030283626	1.462094097795378	1.8125151411537663	0.755625054118877	0.904352313240433	0.755625054118877	0.904352313240433	0.8571428571428571	endpoint
P_LP.2070	0.0	0.7905179745526372	1.0672657706519202	1.652561404000265	0.24572787693874812	0.12086596752794733	0.7542721230612519	0.8791340324720527	0.8571428571428571	baseline
P_LP.2071	0.0	0.019818407338941975	0.21667488245004052	1.3418196858094353	0.44747496172680085	0.49043077300231486	0.5525250382731992	0.5095692269976851	0.5714285714285714	baseline
P_LP.2072	0.0	0.044212981431874764	0.4732263905833856	1.6440036567706424	0.4878062111908089	0.3875553121999536	0.5121937888091911	0.6124446878000465	0.5714285714285714	endpoint
P_LP.2073	0.0	0.09115184136061975	0.19043552997827481	1.441466463316606	0.4641636500041426	0.49554096148211263	0.5358363499958574	0.5044590385178873	0.5714285714285714	endpoint
P_LP.2074	0.0	0.4203658810621045	0.7860401862564548	1.502963564094021	0.3144911638990253	0.20819819932526382	0.6855088361009747	0.7918018006747362	0.7142857142857143	baseline
P_LP.2075	0.0	0.6318729820357822	1.4847049657242142	1.7653303955114747	0.6220215727159359	0.6650241925912158	0.6220215727159359	0.6650241925912158	0.7142857142857143	endpoint
P_LP.2076	0.0	0.4088861162278154	0.3260967204642556	1.6528569898511276	0.34399205553697765	0.3465304021634418	0.6560079444630224	0.6534695978365582	0.8571428571428571	baseline
P_LP.2077	0.0	0.3147194812279815	0.06143270088522606	1.3621335962076029	0.39252111291230046	0.49855458991496115	0.6074788870876995	0.5014454100850388	0.5714285714285714	baseline
P_LP.2078	0.0	0.437987340110306	0.6701692164778975	1.4216490187032185	0.6121360635662524	0.7236961611348958	0.6121360635662524	0.7236961611348958	0.5714285714285714	endpoint
P_LP.2079	0.0	1.5728476510065321	1.6547923871070433	1.8981741513640769	0.9121421326646374	0.9745537285747463	0.9121421326646374	0.9745537285747463	1.0	endpoint
P_LP.208	0.0	1.0216984339304382	1.2499055932501737	1.6130665222736884	0.14729684236740118	0.04072868447881276	0.8527031576325989	0.9592713155211873	1.0	baseline
P_LP.2080	0.0	0.19650467475884528	0.4182340738673242	1.1400789737233823	0.5154758498795504	0.5507397189991223	0.5154758498795504	0.5507397189991223	0.5714285714285714	endpoint
P_LP.2081	0.14285714285714285	0.8342413696478078	0.7536215141145755	2.28782059220558	0.6667490921325783	0.694446126220282	0.6667490921325783	0.694446126220282	0.8571428571428571	endpoint
P_LP.2082	0.0	0.5052665714131409	0.3795687177347434	1.3988694007734777	0.28667504657672443	0.3192902217653458	0.7133249534232755	0.6807097782346542	0.8571428571428571	baseline
P_LP.2084	0.0	0.4660581233627102	1.0383776900940345	1.6160671858143785	0.6599673924865354	0.7092386220223411	0.6599673924865354	0.7092386220223411	0.7142857142857143	endpoint
P_LP.2085	0.0	0.6001328863032447	1.1027052381246747	1.6183627290475606	0.6147512427164387	0.6650313427891568	0.6147512427164387	0.6650313427891568	0.7142857142857143	endpoint
P_LP.2086	0.0	0.3523549690294425	0.371244056875767	1.1581568930207475	0.37257501695136186	0.40846632131385224	0.6274249830486381	0.5915336786861478	0.7142857142857143	baseline
P_LP.2087	0.0	0.5717595756603465	0.5516558666497804	1.536496528866441	0.6472736090533411	0.6611464989124181	0.6472736090533411	0.6611464989124181	0.7142857142857143	endpoint
P_LP.2088	0.0	0.498503269686343	0.6193080658821487	0.9896378778709171	0.6064844138715397	0.6459841431550961	0.6064844138715397	0.6459841431550961	0.7142857142857143	endpoint
P_LP.2089	0.0	0.4235831602771255	0.311817210826657	1.8281367620973275	0.382738351125953	0.3317040583040166	0.617261648874047	0.6682959416959834	0.7142857142857143	baseline
P_LP.209	0.0	0.42819118614149154	1.1608724169693694	1.682444399509013	0.3669021818364207	0.21577184391876206	0.6330978181635794	0.784228156081238	0.5714285714285714	baseline
P_LP.2090	0.0	0.07001895598017636	0.19829823855093612	1.5971248289796924	0.4279450965596107	0.37533380305545483	0.5720549034403892	0.6246661969445452	0.8571428571428571	baseline
P_LP.2091	0.0	0.5642066544068686	0.6673614706319625	1.1850541353280752	0.6400241438175908	0.6354247825102153	0.6400241438175908	0.6354247825102153	0.7142857142857143	endpoint
P_LP.2092	0.0	0.022550182452006684	0.471583752319102	1.1682703018489031	0.45804441915519883	0.5068771986946353	0.5419555808448011	0.5068771986946353	0.5714285714285714	endpoint
P_LP.2093	0.0	0.3593099826361712	0.4585795767329072	1.6129962597403087	0.371206551746905	0.33859905316702604	0.628793448253095	0.661400946832974	0.5714285714285714	baseline
P_LP.2094	0.0	0.19364864831490558	0.052066928303490176	1.672430915625981	0.5427058858517592	0.41826143819032396	0.5427058858517592	0.581738561809676	0.5714285714285714	endpoint
P_LP.2095	0.0	0.43775921334502266	0.5229971430554229	1.3701439102049089	0.319562368918877	0.26620046517146195	0.680437631081123	0.733799534828538	0.8571428571428571	baseline
P_LP.2096	0.0	0.3197811950074742	0.4182389200701628	1.6650541374706243	0.5527050479778198	0.4901693396497312	0.5527050479778198	0.5098306603502688	0.5714285714285714	endpoint
P_LP.2097	0.0	0.12425329271648851	0.324738029028878	1.3068156005509362	0.4719857684724235	0.5509237478840834	0.5280142315275764	0.5509237478840834	0.7142857142857143	endpoint
P_LP.2098	0.0	0.361060100028209	0.27130428949752855	1.3743859438719126	0.547497415884396	0.5358757240939367	0.547497415884396	0.5358757240939367	0.5714285714285714	endpoint
P_LP.2099	0.0	0.6195773896444505	1.017640150039961	1.118400969547159	0.2764068939350148	0.26745176126153997	0.7235931060649852	0.7325482387384601	0.8571428571428571	baseline
P_LP.21	0.0	0.9837951010823944	1.0638645054812568	1.4028069325148573	0.7676783081534836	0.8414346888512648	0.7676783081534836	0.8414346888512648	1.0	endpoint
P_LP.210	0.0	1.016353551171022	0.9852143591346593	1.7253779034725982	0.1957719623011327	0.26681073610583234	0.8042280376988673	0.7331892638941677	1.0	baseline
P_LP.2100	0.0	0.2036090291486394	0.8390950550180851	1.598089552661747	0.3981487417055211	0.2963441584467386	0.6018512582944788	0.7036558415532614	0.7142857142857143	baseline
P_LP.2101	0.0	0.1645673641878391	0.7219481518762176	1.5194586839571549	0.4988758041431879	0.5366052782810347	0.5011241958568121	0.5366052782810347	0.5714285714285714	endpoint
P_LP.2102	0.0	0.7999979037066384	1.0312194561720862	1.6515681724571836	0.2632330022043438	0.19890873464503303	0.7367669977956561	0.801091265354967	0.8571428571428571	baseline
P_LP.2103	0.0	0.8918478315226789	1.1398194996977178	1.4882614881573941	0.7264945731054342	0.7454256513535656	0.7264945731054342	0.7454256513535656	0.8571428571428571	endpoint
P_LP.2104	0.0	0.16226681544626853	0.07075186710675582	1.3066340401275391	0.4106951293484254	0.40647748031781966	0.5893048706515747	0.5935225196821803	0.5714285714285714	baseline
P_LP.2105	0.0	0.09130658134783752	0.5805493555746825	1.205433025346231	0.534435070411388	0.6025850167569695	0.534435070411388	0.6025850167569695	0.5714285714285714	endpoint
P_LP.2106	0.0	0.22663148763981306	0.641774112879694	1.4236929660642839	0.41843580032307015	0.30883201637627256	0.5815641996769298	0.6911679836237274	0.5714285714285714	baseline
P_LP.2107	0.0	0.39403311267266067	0.6081746199472726	1.3952015622005463	0.3337031018291912	0.30771942062151175	0.6662968981708088	0.6922805793784883	0.7142857142857143	baseline
P_LP.2108	0.0	0.09910257846851978	0.11770194184850381	1.9173057871355654	0.46020257419671384	0.4898456144262431	0.5397974258032862	0.5101543855737569	0.5714285714285714	endpoint
P_LP.2109	0.0	0.05670032181669297	0.23154076000579665	1.420489139676495	0.5282859884663865	0.5202728814148202	0.5282859884663865	0.5202728814148202	0.5714285714285714	endpoint
P_LP.211	0.0	0.12341224537831996	0.06423981279022531	1.337982028025245	0.5175055125202528	0.4441317026336403	0.5175055125202528	0.5558682973663597	0.7142857142857143	endpoint
P_LP.2110	0.0	0.5997766391778265	0.5720928786132817	1.4598147691483987	0.6692859534558219	0.6354985048401016	0.6692859534558219	0.6354985048401016	0.7142857142857143	endpoint
P_LP.2111	0.0	0.25595338349278923	0.34260766691824796	0.8879215626898149	0.5577709534606676	0.5735316043860762	0.5577709534606676	0.5735316043860762	0.7142857142857143	endpoint
P_LP.2112	0.0	0.4814701184995493	0.5820608981562804	1.6774207617840913	0.33682737775723304	0.3142222751157662	0.663172622242767	0.6857777248842338	0.8571428571428571	baseline
P_LP.2113	0.0	0.09971077793477875	0.2033322760694121	1.7615126420363445	0.5114970080275641	0.3951335656389006	0.5114970080275641	0.6048664343610994	0.5714285714285714	endpoint
P_LP.2114	0.0	0.48904000787647134	1.1197549386531989	1.5930781725774878	0.6265084175863116	0.7189006091232898	0.6265084175863116	0.7189006091232898	0.5714285714285714	endpoint
P_LP.2115	0.0	0.41902012321399695	0.9049135957663794	1.4562479913137611	0.3538509367741965	0.23758472637904535	0.6461490632258036	0.7624152736209546	0.7142857142857143	baseline
P_LP.2116	0.0	0.4868888548420061	1.0597884821878818	1.5168272285851745	0.6310953503057386	0.7059648493226409	0.6310953503057386	0.7059648493226409	0.5714285714285714	endpoint
P_LP.2117	0.0	0.08223558569701292	0.47480341496169737	1.590194964347494	0.4339103386280507	0.42306755876560026	0.5660896613719493	0.5769324412343997	0.7142857142857143	baseline
P_LP.2118	0.0	0.1805542574186582	0.24839451494151008	1.2584577165187947	0.49432935308631887	0.5384754897052936	0.5056706469136811	0.5384754897052936	0.5714285714285714	endpoint
P_LP.2119	0.14285714285714285	0.8300337242756511	0.5742380145476832	2.1185670284249865	0.6917544860748777	0.6597197836336185	0.6917544860748777	0.6597197836336185	0.8571428571428571	endpoint
P_LP.212	0.0	0.11515860742318816	0.1104565582565342	1.723461305022929	0.4916577727125116	0.44955429518155865	0.5083422272874885	0.5504457048184414	0.5714285714285714	endpoint
P_LP.2120	0.0	0.4810656567576849	0.5455533339967259	1.1186908530381463	0.3310468302203718	0.34280932132880165	0.6689531697796283	0.6571906786711983	0.8571428571428571	baseline
P_LP.2121	0.0	0.2559749705484716	0.5737494518851274	1.1166109695565152	0.4197860581044287	0.29598080656034526	0.5802139418955713	0.7040191934396547	0.5714285714285714	baseline
P_LP.2122	0.0	0.03829047490579491	0.15540818600807627	1.19352509403454	0.45994174210525074	0.47728852177419867	0.5400582578947493	0.5227114782258013	0.7142857142857143	endpoint
P_LP.2123	0.0	0.0820467258121158	0.4835119941660444	1.313050219235033	0.4716167135870521	0.3492770955937295	0.5283832864129479	0.6507229044062706	0.5714285714285714	baseline
P_LP.2124	0.0	0.579048455786599	0.9741944466428527	1.5896148529652874	0.6520576028802111	0.6336027828487766	0.6520576028802111	0.6336027828487766	0.5714285714285714	endpoint
P_LP.2125	0.0	0.3420558701766105	0.304202802207718	1.1344203285896948	0.5953087587004516	0.5227805676553072	0.5953087587004516	0.5227805676553072	0.5714285714285714	endpoint
P_LP.2126	0.0	0.10307702300305113	0.2438090080996626	1.8697978752779056	0.5123691975219741	0.5243076824135893	0.5123691975219741	0.5243076824135893	0.5714285714285714	baseline
P_LP.2127	0.0	0.38905634693054436	0.20346752758691913	1.942788727054835	0.5299600782222912	0.5369122774956193	0.5299600782222912	0.5369122774956193	0.5714285714285714	endpoint
P_LP.2128	0.0	0.247839908880311	0.7303292180772144	1.51796573266735	0.5111002584141742	0.653366548843606	0.5111002584141742	0.653366548843606	0.5714285714285714	endpoint
P_LP.2129	0.0	0.42749356239703734	0.6385112498166823	1.5442092774010963	0.5771394105202248	0.6156609912551004	0.5771394105202248	0.6156609912551004	0.7142857142857143	endpoint
P_LP.213	0.0	0.11617073525443138	0.10581026158701937	1.1481736982178792	0.53831697555777	0.5105391196850164	0.53831697555777	0.5105391196850164	0.5714285714285714	endpoint
P_LP.2130	0.0	0.06680313210141224	0.17188783362874036	1.0090333131713847	0.495363411727678	0.48173923491278486	0.504636588272322	0.5182607650872151	0.5714285714285714	endpoint
P_LP.2131	0.0	0.7361429796373712	1.048852650139158	1.5320855446643398	0.2839055851980318	0.2163885927168947	0.7160944148019682	0.7836114072831053	0.8571428571428571	baseline
P_LP.2132	0.0	0.255707507917626	0.16868577535938128	1.4733267515960558	0.5574644199252596	0.4996010338218641	0.5574644199252596	0.5003989661781358	0.5714285714285714	endpoint
P_LP.2133	0.0	0.5458876287564055	0.5264371857230934	1.1976690934729501	0.30492995226046027	0.36378964939919956	0.6950700477395397	0.6362103506008004	0.8571428571428571	baseline
P_LP.2134	0.0	0.4517735788359968	0.4576549022948477	1.3187886438168819	0.3079467940470518	0.28646826007023846	0.6920532059529483	0.7135317399297616	0.7142857142857143	baseline
P_LP.2135	0.14285714285714285	0.11692948171571803	0.20059267594629665	2.0063235442022	0.3925913725672081	0.39555243964689435	0.6074086274327919	0.6044475603531057	0.7142857142857143	baseline
P_LP.2136	0.0	0.2608035252818888	0.02729958831899685	1.7411749285313807	0.42315137037148404	0.48026027270991	0.576848629628516	0.51973972729009	0.7142857142857143	baseline
P_LP.2137	0.0	0.3645522206559452	0.4047776538761491	0.993024248112438	0.5605009992523685	0.5259470794402464	0.5605009992523685	0.5259470794402464	0.5714285714285714	endpoint
P_LP.2138	0.0	0.544995081292491	0.6803473063347013	1.5862301942074672	0.6480986409478646	0.6394527168379759	0.6480986409478646	0.6394527168379759	0.7142857142857143	endpoint
P_LP.2139	0.0	0.6155016535842263	0.5568868081035198	1.5193318471468367	0.26108221016328703	0.2609735654142667	0.738917789836713	0.7390264345857334	0.8571428571428571	baseline
P_LP.214	0.0	0.10341205130627669	0.2769978093442394	1.597003437361924	0.5312360436326979	0.41759786232114754	0.5312360436326979	0.5824021376788524	0.5714285714285714	endpoint
P_LP.2140	0.0	1.030393166373501	1.1762618686563375	1.6392844978460177	0.142735091784958	0.047918150540239006	0.857264908215042	0.952081849459761	1.0	baseline
P_LP.2141	0.0	0.31015156594530985	0.3511476454307576	1.425742737365739	0.3708600972621096	0.38713383210923064	0.6291399027378903	0.6128661678907694	0.5714285714285714	baseline
P_LP.2142	0.0	0.628948352401867	0.9556809003441302	1.30571958008511	0.3021263965665439	0.28010244084096847	0.6978736034334561	0.7198975591590315	0.8571428571428571	baseline
P_LP.2143	0.0	0.7572999847147572	1.1575982788217067	1.3520254294863514	0.26119890147316466	0.15324852396441263	0.7388010985268354	0.8467514760355874	0.7142857142857143	baseline
P_LP.2144	0.14285714285714285	1.0774539232010354	1.239181719847441	2.8091123147246617	0.713699765501055	0.8133518729920718	0.713699765501055	0.8133518729920718	0.8571428571428571	endpoint
P_LP.2145	0.0	0.20031869571481814	0.22383081403596103	1.4859745342954647	0.5281266592425599	0.5256349076163445	0.5281266592425599	0.5256349076163445	0.5714285714285714	endpoint
P_LP.2146	0.0	0.021025778744200974	0.21499137716581637	1.7088637424541984	0.45894683862485974	0.45909359534935235	0.5410531613751403	0.5409064046506477	0.5714285714285714	baseline
P_LP.2147	0.0	0.22255784950809337	0.4405058725269346	1.747105794675364	0.3454639360515684	0.2992491131134421	0.6545360639484317	0.700750886886558	0.5714285714285714	baseline
P_LP.2148	0.0	0.5551538218188989	0.7002060383387531	1.3853009003451342	0.5953907403338107	0.7761832797854443	0.5953907403338107	0.7761832797854443	0.7142857142857143	endpoint
P_LP.2149	0.0	0.22885269631212246	0.1667660407168846	1.5052478173965986	0.5079448352956787	0.6224638426089115	0.5079448352956787	0.6224638426089115	0.5714285714285714	endpoint
P_LP.215	0.0	0.46476019609349173	0.3406520713216089	1.6212214542961008	0.5925912623675382	0.5739601057759466	0.5925912623675382	0.5739601057759466	0.7142857142857143	endpoint
P_LP.2150	0.0	0.38176503844930504	0.6847768195303507	1.3603525696357393	0.5967268695044475	0.5309219287911557	0.5967268695044475	0.5309219287911557	0.7142857142857143	endpoint
P_LP.2151	0.0	0.32439361752492973	0.4298296917855909	1.5640779668560718	0.5614865510911036	0.5648711967929977	0.5614865510911036	0.5648711967929977	0.5714285714285714	endpoint
P_LP.2152	0.0	0.5698163519711519	1.1254924290242247	1.449609003426495	0.6727071398033022	0.7231569822071134	0.6727071398033022	0.7231569822071134	0.7142857142857143	endpoint
P_LP.2153	0.0	0.4414879027085665	0.5742553214427402	1.5302690418454215	0.574617262153323	0.5852097781523957	0.574617262153323	0.5852097781523957	0.8571428571428571	endpoint
P_LP.2154	0.0	0.8039971204864241	1.1007790134908308	1.276767194097106	0.2646137821805846	0.20193101489477752	0.7353862178194154	0.7980689851052225	0.8571428571428571	baseline
P_LP.2155	0.0	0.2902386914056524	0.4198681466728252	1.6069530383481891	0.491431697439866	0.5822102926903243	0.508568302560134	0.5822102926903243	0.7142857142857143	endpoint
P_LP.2156	0.0	0.3497227291580763	0.31598637164417825	1.18341564385763	0.530733870427828	0.6070833004476099	0.530733870427828	0.6070833004476099	0.8571428571428571	endpoint
P_LP.2157	0.0	0.32733628790666913	0.32405058349780674	1.537818626277041	0.4242068697263818	0.40744779809721327	0.5757931302736182	0.5925522019027867	0.5714285714285714	baseline
P_LP.2158	0.0	0.518874717185767	0.8987079470905531	1.3208501461100841	0.36887628879290235	0.19739616091956302	0.6311237112070976	0.802603839080437	0.7142857142857143	baseline
P_LP.2159	0.0	0.08222032223974406	0.49323531659267317	1.4328761948761175	0.45077896218736174	0.5016359916371561	0.5492210378126383	0.5016359916371561	0.5714285714285714	endpoint
P_LP.216	0.0	0.2876069079803595	0.08054297302290382	1.2751973232421447	0.3866665151726778	0.4599764306762479	0.6133334848273222	0.5400235693237521	0.7142857142857143	baseline
P_LP.2160	0.0	1.0645625774033607	1.1405523796897314	1.790857318058142	0.8006525443375007	0.8636685292795734	0.8006525443375007	0.8636685292795734	0.8571428571428571	endpoint
P_LP.2161	0.0	0.1304615033436207	0.13865357819773563	1.5720848174345203	0.4332356491144846	0.43639923521276225	0.5667643508855154	0.5636007647872378	0.5714285714285714	baseline
P_LP.2162	0.0	0.8859615053841009	0.8148192183615885	1.3989791181917495	0.7396875282344676	0.7937777768829882	0.7396875282344676	0.7937777768829882	1.0	endpoint
P_LP.2163	0.0	0.22290038488281114	0.5290092629417724	1.8444579740112668	0.5399893608351839	0.40398698070473854	0.5399893608351839	0.5960130192952615	0.5714285714285714	endpoint
P_LP.2164	0.0	0.12825367246067404	0.09917540384792632	1.3352726434495612	0.5303672935650751	0.46962379532571663	0.5303672935650751	0.5303762046742834	0.5714285714285714	endpoint
P_LP.2165	0.0	1.1908106067368784	1.3179733085492322	1.6946190936708847	0.13901891373103895	0.11179342592022318	0.8609810862689611	0.8882065740797769	1.0	baseline
P_LP.2166	0.0	0.6084274180217	0.9935086864865884	1.6779919310353673	0.32360869383484686	0.18641275331603033	0.6763913061651532	0.8135872466839696	0.7142857142857143	baseline
P_LP.2167	0.0	0.12964402254475113	0.06379263008402379	1.4944911284350797	0.3896832069608074	0.5038784201618025	0.6103167930391926	0.5038784201618025	0.5714285714285714	baseline
P_LP.2168	0.0	0.38731932553261167	0.3353886946351854	1.4697177013064107	0.6164108727464559	0.6245297276810524	0.6164108727464559	0.6245297276810524	0.7142857142857143	endpoint
P_LP.2169	0.0	0.21599322498352036	0.26251983866049206	1.1477483464660432	0.4305613891635236	0.3469950709243755	0.5694386108364764	0.6530049290756246	0.7142857142857143	baseline
P_LP.217	0.0	0.28437920281360834	0.5209123594891523	1.6669693761145346	0.4972688721521258	0.5897203270276232	0.5027311278478742	0.5897203270276232	0.5714285714285714	endpoint
P_LP.2170	0.0	0.3482472322285739	0.6700104877854277	1.351158527568261	0.36436286659904465	0.33281850555082937	0.6356371334009554	0.6671814944491706	0.7142857142857143	baseline
P_LP.2171	0.0	0.21691994793146513	0.5751619082675469	1.2460840247799452	0.5582497138764776	0.6314400028211998	0.5582497138764776	0.6314400028211998	0.7142857142857143	endpoint
P_LP.2172	0.0	0.33868982636120243	0.29637403547203495	1.022867981310959	0.3654897388077479	0.3809078491400103	0.6345102611922522	0.6190921508599897	0.7142857142857143	baseline
P_LP.2173	0.0	0.07106820566910695	0.08610978807421545	1.4231770294412547	0.44190334286610805	0.4130564197661328	0.5580966571338919	0.5869435802338672	0.5714285714285714	baseline
P_LP.2174	0.0	0.5258259868070808	0.73331150149057	1.7950752535442691	0.6047125045606122	0.6276346405142237	0.6047125045606122	0.6276346405142237	0.7142857142857143	endpoint
P_LP.2175	0.0	0.32269052668456294	0.08718420341200846	1.355697007459557	0.5851596299102025	0.45546594240809396	0.5851596299102025	0.544534057591906	0.5714285714285714	endpoint
P_LP.2176	0.0	0.2520755913912656	0.7118230816991975	1.0718999543040975	0.3714334206689558	0.3237988351652126	0.6285665793310442	0.6762011648347874	0.5714285714285714	baseline
P_LP.2177	0.0	0.4929721762829261	0.9568168159728149	1.224467027659467	0.31098671713277276	0.2501728961859292	0.6890132828672273	0.7498271038140708	0.7142857142857143	baseline
P_LP.2178	0.0	0.3672448082614051	0.8889703626699968	1.392553190083533	0.3578110355623209	0.2801969353229347	0.642188964437679	0.7198030646770652	0.8571428571428571	baseline
P_LP.2179	0.0	0.16003214912305985	0.36276726348387095	1.2658716127379006	0.4618755588643489	0.37075658754299523	0.5381244411356512	0.6292434124570048	0.5714285714285714	baseline
P_LP.218	0.0	0.0629549059665899	0.15394427789065032	1.1729965934388085	0.4462518358870652	0.44671260644924476	0.5537481641129348	0.5532873935507552	0.5714285714285714	endpoint
P_LP.2180	0.0	0.32065176599229767	0.1663629785658178	1.287384012044386	0.5605950302902292	0.44146363130089095	0.5605950302902292	0.558536368699109	0.5714285714285714	endpoint
P_LP.2181	0.0	0.16193875521051634	0.155543824302713	1.1683313919729366	0.4028783477000251	0.40244023063662626	0.5971216522999749	0.5975597693633737	0.7142857142857143	baseline
P_LP.2182	0.0	0.1336310867166524	0.8185297627903082	1.291711829744559	0.42761544845386024	0.30107230655361084	0.5723845515461398	0.6989276934463892	0.5714285714285714	baseline
P_LP.2183	0.0	0.6941018448104096	0.46276165566438754	1.5962943021891942	0.6445695662764173	0.6161097815660802	0.6445695662764173	0.6161097815660802	0.8571428571428571	endpoint
P_LP.2184	0.0	0.634028043231621	0.8996763067404394	1.1600007402150752	0.6604213138405282	0.6950335895635307	0.6604213138405282	0.6950335895635307	0.7142857142857143	endpoint
P_LP.2185	0.0	0.07605390336725995	0.2779169081730051	1.9773245490624416	0.480330016877667	0.40691040244950094	0.519669983122333	0.5930895975504991	0.7142857142857143	baseline
P_LP.2186	0.0	0.315891337844584	0.7500092448991812	1.3393741069774943	0.3363376614819781	0.31556144606504016	0.6636623385180219	0.6844385539349598	0.5714285714285714	baseline
P_LP.2187	0.0	0.2783484856479092	0.7329114552313671	1.3516790235786458	0.40057247676390456	0.22013460685115924	0.5994275232360955	0.7798653931488407	0.7142857142857143	baseline
P_LP.2188	0.0	0.1687756769630975	0.02042074075059197	1.2609844862508892	0.4661759468294715	0.48747896860119255	0.5338240531705285	0.5125210313988074	0.5714285714285714	baseline
P_LP.2189	0.0	0.07755709284039969	0.0957531387188275	0.9474700484124112	0.4658119599022988	0.4581238467174344	0.5341880400977013	0.5418761532825656	0.5714285714285714	baseline
P_LP.219	0.0	0.6594458943805155	0.7831750373885914	1.4835227567595553	0.6848470219154653	0.6713477259262508	0.6848470219154653	0.6713477259262508	0.8571428571428571	endpoint
P_LP.2190	0.0	0.1520283073020329	0.28188850466781085	1.1951060346388762	0.5110889149883854	0.5368313279748987	0.5110889149883854	0.5368313279748987	0.5714285714285714	endpoint
P_LP.2191	0.0	0.06042096540614904	0.17549806161452108	1.2509438659613503	0.47843520340292234	0.48285905204029567	0.5215647965970777	0.5171409479597043	0.7142857142857143	endpoint
P_LP.2192	0.0	0.26775975224860765	0.2295029401656819	1.4640068118012635	0.5095518785297078	0.5759942875889521	0.5095518785297078	0.5759942875889521	0.5714285714285714	endpoint
P_LP.2193	0.0	0.08533181027792702	0.2941729388376803	1.4678545611212659	0.48146707763695457	0.41389290186878713	0.5185329223630455	0.5861070981312129	0.7142857142857143	baseline
P_LP.2194	0.0	0.03369528140856548	0.10856398134295696	1.4372942516417815	0.47130200962447066	0.40962326255045567	0.5286979903755293	0.5903767374495443	0.7142857142857143	endpoint
P_LP.2195	0.0	0.355721374944005	0.5241882146016217	1.3289699922780092	0.37837892189802774	0.2658310197173861	0.6216210781019722	0.7341689802826139	0.8571428571428571	baseline
P_LP.2196	0.0	0.2135017442620641	0.2324937393565213	1.4818029121381862	0.5687571270348808	0.46176963720608927	0.5687571270348808	0.5382303627939107	0.5714285714285714	endpoint
P_LP.2198	0.0	0.5756761640517649	0.5236101262764287	1.4683239465290723	0.675677530386749	0.6233694518869607	0.675677530386749	0.6233694518869607	0.7142857142857143	endpoint
P_LP.2199	0.0	0.5167953628697562	0.5424965257690197	1.2818335106674488	0.31410206599782764	0.34327669519961	0.6858979340021724	0.65672330480039	0.8571428571428571	baseline
P_LP.22	0.0	0.4372689645539135	0.6672669444115781	1.3227154369923617	0.3670415122274321	0.3334103333855674	0.6329584877725679	0.6665896666144326	0.8571428571428571	baseline
P_LP.220	0.0	0.8059122148148382	1.2112959963234216	1.5796300331084259	0.1979249819451995	0.11238870262265466	0.8020750180548005	0.8876112973773453	0.8571428571428571	baseline
P_LP.2200	0.0	0.3019372123036058	0.8307115639574681	1.339338684275501	0.5510959218215649	0.6310018453644767	0.5510959218215649	0.6310018453644767	0.5714285714285714	endpoint
P_LP.2201	0.0	0.44010817715164546	0.8012377213050477	1.468209037345628	0.6169319505009102	0.5487283394017148	0.6169319505009102	0.5487283394017148	0.5714285714285714	endpoint
P_LP.2202	0.0	0.9753182450162636	1.1827263957172716	1.4622842840276207	0.19837040565711384	0.20264478999761257	0.8016295943428862	0.7973552100023874	1.0	baseline
P_LP.2203	0.0	0.020669816197000528	0.013561859309762411	0.9822278953584684	0.4371882138478479	0.42421662324889975	0.5628117861521521	0.5757833767511003	0.5714285714285714	baseline
P_LP.2204	0.0	0.8652322063098035	1.334143948521782	1.5007032552033115	0.7011586214115176	0.8422467455568629	0.7011586214115176	0.8422467455568629	0.8571428571428571	endpoint
P_LP.2205	0.0	0.8497402925955686	1.0792082666235803	1.5959613817564573	0.22451806432980526	0.18220609121445866	0.7754819356701947	0.8177939087855414	1.0	baseline
P_LP.2206	0.0	0.2261086520676287	0.008772129422847628	1.7111645459646083	0.4390648936254435	0.4620948914656786	0.5609351063745565	0.5379051085343214	0.7142857142857143	baseline
P_LP.2208	0.0	0.02582201773320188	0.32893418642170974	1.294613840871273	0.5243288700840772	0.39313276167137484	0.5243288700840772	0.6068672383286251	0.5714285714285714	baseline
P_LP.2209	0.0	0.2926619403592793	0.7050947548729554	1.2478111148141722	0.5587328146808416	0.629451526211804	0.5587328146808416	0.629451526211804	0.7142857142857143	endpoint
P_LP.221	0.0	0.9529823274691209	0.8650156436258789	1.7515443989111752	0.7492598839769886	0.7286111114187751	0.7492598839769886	0.7286111114187751	0.8571428571428571	endpoint
P_LP.2210	0.0	1.0640049981560749	1.3548326057545697	1.4831429759752228	0.8076715521521171	0.8486639338357537	0.8076715521521171	0.8486639338357537	0.8571428571428571	endpoint
P_LP.2211	0.0	0.3782607622688306	0.9000642319110661	1.5356679664316781	0.3754831533232266	0.22961636907356833	0.6245168466767734	0.7703836309264317	0.7142857142857143	baseline
P_LP.2212	0.0	0.2889159962012947	0.024853668207839182	1.545227862226257	0.5746485138080987	0.4886761175710711	0.5746485138080987	0.5113238824289289	0.5714285714285714	endpoint
P_LP.2213	0.0	0.23468916612365906	0.3132131418021926	1.0338318007697016	0.39202962176728334	0.3783332164773702	0.6079703782327166	0.6216667835226297	0.7142857142857143	baseline
P_LP.2214	0.0	0.033299299540591173	0.0383275334589714	1.4381660642503613	0.5363418106237455	0.4403116263864918	0.5363418106237455	0.5596883736135082	0.5714285714285714	endpoint
P_LP.2215	0.0	0.36290609438135607	0.5268839100346517	1.7958063297752305	0.6087531900405205	0.6420996225034137	0.6087531900405205	0.6420996225034137	0.5714285714285714	endpoint
P_LP.2216	0.0	0.2953151836647587	0.5516719991173092	1.2872115880351536	0.4000080142209992	0.3124060585501475	0.5999919857790008	0.6875939414498524	0.5714285714285714	baseline
P_LP.2217	0.0	0.34652831738274337	0.23693865039075526	1.7824417900511678	0.5093894469547195	0.5459514329006513	0.5093894469547195	0.5459514329006513	0.5714285714285714	endpoint
P_LP.2218	0.0	0.9198351623133006	1.2628759706007076	1.5292315241609438	0.20275282890378918	0.1054677617194573	0.7972471710962108	0.8945322382805427	0.8571428571428571	baseline
P_LP.2219	0.0	0.7996877240462715	1.0235782812692604	1.3848974912054763	0.23681519562972156	0.18743633361195094	0.7631848043702785	0.8125636663880491	0.8571428571428571	baseline
P_LP.222	0.0	0.4218271122483546	0.6307307380894358	1.6955677153335074	0.3891937135908616	0.23941481845353177	0.6108062864091384	0.7605851815464683	0.7142857142857143	baseline
P_LP.2220	0.0	0.02853411476837733	0.20299759465024034	1.5854674301850922	0.4858230387441721	0.3963504527602284	0.5141769612558279	0.6036495472397716	0.7142857142857143	endpoint
P_LP.2221	0.0	0.18840082168325864	0.31682277887070626	1.4995505155109958	0.3781742690318258	0.40958055584993713	0.6218257309681742	0.5904194441500629	0.7142857142857143	baseline
P_LP.2222	0.0	0.06635120646961809	0.05564868891562141	1.3964122777040233	0.5061312975935389	0.48963485583049704	0.5061312975935389	0.510365144169503	0.5714285714285714	endpoint
P_LP.2223	0.0	0.06954908563077046	0.49373099643370594	1.6596884628333732	0.4447752223526251	0.35073275148763133	0.5552247776473749	0.6492672485123687	0.5714285714285714	baseline
P_LP.2224	0.0	0.15424303559666927	0.384621640741905	1.0515302406450993	0.44909669002912816	0.37193965005685486	0.5509033099708718	0.6280603499431452	0.7142857142857143	baseline
P_LP.2225	0.0	0.5403189329261676	0.810163515767401	1.5978171130596721	0.28310991372343436	0.24070792587056902	0.7168900862765657	0.759292074129431	0.7142857142857143	baseline
P_LP.2226	0.0	0.6045223051862417	0.8022592879958091	1.6609901787243546	0.6492251327924751	0.761443303570625	0.6492251327924751	0.761443303570625	0.7142857142857143	endpoint
P_LP.2227	0.0	0.013166054607879911	0.3577420766778234	1.229928158753858	0.5140720885708882	0.3378343446799267	0.5140720885708882	0.6621656553200733	0.5714285714285714	endpoint
P_LP.2228	0.0	0.31510541666246705	0.493820294465826	1.451771110649673	0.5675023415306865	0.5017254324370187	0.5675023415306865	0.5017254324370187	0.5714285714285714	endpoint
P_LP.2229	0.0	0.45907166122448395	0.26839574516534087	1.5734542205994722	0.3178264361342649	0.4094816717961347	0.6821735638657351	0.5905183282038653	1.0	baseline
P_LP.223	0.0	0.5274712971048005	0.6718611639039151	1.6434649556986245	0.6097286746562667	0.665086158081015	0.6097286746562667	0.665086158081015	0.7142857142857143	endpoint
P_LP.2230	0.0	0.8277584685906448	1.2991144050281191	1.791392767860182	0.24383329178319016	0.09091773844212392	0.7561667082168099	0.9090822615578761	0.8571428571428571	baseline
P_LP.2231	0.0	0.4028800939743632	0.8847976717915681	1.8622057942689287	0.5520799514727113	0.7028689392666356	0.5520799514727113	0.7028689392666356	0.5714285714285714	endpoint
P_LP.2232	0.0	0.8754262126851652	0.7413595853888997	1.8233174964642291	0.7439554860306965	0.6623935771941124	0.7439554860306965	0.6623935771941124	0.7142857142857143	endpoint
P_LP.2233	0.0	1.1950567094911213	1.284566332796883	1.906461087405758	0.8335074377416126	0.9307489760735775	0.8335074377416126	0.9307489760735775	0.8571428571428571	endpoint
P_LP.2234	0.0	0.4830534853752744	0.5132172418298958	1.3524329582630161	0.33672919802193496	0.34336558815552853	0.6632708019780651	0.6566344118444715	0.8571428571428571	baseline
P_LP.2235	0.0	0.741752482080168	1.1565379961935254	1.5345522051310632	0.6854884834020993	0.8083792630475346	0.6854884834020993	0.8083792630475346	0.7142857142857143	endpoint
P_LP.2236	0.0	1.2004531351714713	1.3725743080659505	1.6331907434820552	0.8043554063428123	0.8373213377410728	0.8043554063428123	0.8373213377410728	1.0	endpoint
P_LP.2237	0.0	0.9629672610754605	1.1931775264301658	1.7552773807755901	0.19634538108110047	0.0987084267697549	0.8036546189188996	0.9012915732302451	0.8571428571428571	baseline
P_LP.2238	0.0	0.4304995778088552	0.7148157211122387	1.9497120639271888	0.552752568979395	0.7243255175858951	0.552752568979395	0.7243255175858951	0.5714285714285714	endpoint
P_LP.2239	0.0	0.5794341731457946	0.8080521917473288	1.5515272762648822	0.3035695731384632	0.1889998899523952	0.6964304268615368	0.8110001100476047	0.7142857142857143	baseline
P_LP.224	0.0	0.8545810186053876	1.1491815983514744	1.3511082674326709	0.7477893476428922	0.8098486677057242	0.7477893476428922	0.8098486677057242	0.7142857142857143	endpoint
P_LP.2240	0.0	0.4786511467965625	0.8468968770450631	1.781051707857982	0.6474528604602092	0.8883089770710316	0.6474528604602092	0.8883089770710316	0.5714285714285714	endpoint
P_LP.2241	0.0	0.9211759397500477	1.0001612972327925	1.7696095115726114	0.7173898669145528	0.6967885506693974	0.7173898669145528	0.6967885506693974	1.0	endpoint
P_LP.2242	0.0	0.732546998092427	0.8605920606796555	1.8368192212683256	0.6463303605288359	0.7070646490820097	0.6463303605288359	0.7070646490820097	0.8571428571428571	endpoint
P_LP.2243	0.0	0.014496657106242403	0.4149258903901455	1.3448193464522091	0.4769131763990822	0.35361386531508165	0.5230868236009178	0.6463861346849183	0.7142857142857143	baseline
P_LP.2244	0.0	0.4487687678215283	0.6027938293433979	1.2680161670592363	0.3446235866005745	0.32823680960066437	0.6553764133994255	0.6717631903993356	0.8571428571428571	baseline
P_LP.2245	0.0	0.5563367223944301	0.7153438225406424	1.6720984537985857	0.30095970382652987	0.2650609130190218	0.6990402961734701	0.7349390869809782	0.8571428571428571	baseline
P_LP.2246	0.0	0.304455032597759	0.3511339269924406	0.8202481442572042	0.387324860249738	0.3725352786159697	0.612675139750262	0.6274647213840303	0.7142857142857143	baseline
P_LP.2247	0.0	0.2016605316546721	0.2538302676049696	1.4413698164957414	0.5828624889920845	0.5321062875909784	0.5828624889920845	0.5321062875909784	0.5714285714285714	endpoint
P_LP.2248	0.0	0.39604273032078147	1.02186179468356	1.6201624540773223	0.33255799038606704	0.2007151003026602	0.667442009613933	0.7992848996973398	0.5714285714285714	baseline
P_LP.2249	0.0	0.08912139063405641	0.25520603293220645	1.2625022829683035	0.45018843974505585	0.4222987101269295	0.5498115602549442	0.5777012898730705	0.5714285714285714	baseline
P_LP.225	0.0	0.3343916569297204	0.04120121495556875	1.444553670544248	0.5701255170010665	0.5756964896444131	0.5701255170010665	0.5756964896444131	0.5714285714285714	endpoint
P_LP.2250	0.0	0.473457048915591	0.8195446928827316	1.2944142876405222	0.3339279172873938	0.24855291185402037	0.6660720827126062	0.7514470881459796	0.7142857142857143	baseline
P_LP.2251	0.0	0.15618318317153648	0.11824303864250611	1.649344331328239	0.38956804851639165	0.5485775977611961	0.6104319514836083	0.5485775977611961	0.5714285714285714	baseline
P_LP.2252	0.0	0.10677760443006211	0.03857643103705385	1.1942091301242181	0.4450693532081864	0.44250955226044864	0.5549306467918136	0.5574904477395514	0.7142857142857143	baseline
P_LP.2253	0.0	0.5692847018870303	0.8420633570536181	1.1200907046439064	0.6457313695903962	0.7313916310114131	0.6457313695903962	0.7313916310114131	0.7142857142857143	endpoint
P_LP.2254	0.0	0.6493361098871516	0.8361838624948167	1.4438084950175982	0.29159812477080915	0.24804732554801423	0.7084018752291908	0.7519526744519858	0.8571428571428571	baseline
P_LP.2255	0.0	0.0806303255155405	0.08491520297068447	0.8244300109357902	0.4852210174686697	0.46631771416685375	0.5147789825313303	0.5336822858331463	0.5714285714285714	endpoint
P_LP.2256	0.0	0.6977928370072994	0.776818021640276	1.5061717511473962	0.669937469833639	0.7148466381458224	0.669937469833639	0.7148466381458224	0.8571428571428571	endpoint
P_LP.2257	0.0	0.153845912589831	0.14236962362216415	1.6554209515116183	0.543998869874459	0.4044545137411619	0.543998869874459	0.5955454862588381	0.5714285714285714	endpoint
P_LP.2258	0.0	0.29119243957526797	0.3220973539540584	1.357577624848774	0.5590671721005764	0.527574317287703	0.5590671721005764	0.527574317287703	0.5714285714285714	endpoint
P_LP.2259	0.0	0.2007164703192911	0.0654050615197489	1.6357751050203526	0.47902501922734225	0.4703862778497037	0.5209749807726578	0.5296137221502963	0.5714285714285714	endpoint
P_LP.226	0.0	0.18686723109339506	0.5949534229647572	1.2675036290572859	0.35836725995181345	0.24845415640927007	0.6416327400481865	0.75154584359073	0.5714285714285714	baseline
P_LP.2260	0.0	1.1930401834043736	1.4611983593343731	1.8822051770023267	0.8262619594684193	0.8833737783681028	0.8262619594684193	0.8833737783681028	0.8571428571428571	endpoint
P_LP.2261	0.0	0.47954090912442165	0.9316988902794086	1.170905080905452	0.6388438952963724	0.7387168416293707	0.6388438952963724	0.7387168416293707	0.8571428571428571	endpoint
P_LP.2262	0.0	0.8264041475921184	1.122673897041911	1.9617582397827351	0.24906472695409776	0.08019329256933289	0.7509352730459022	0.9198067074306671	0.8571428571428571	baseline
P_LP.2263	0.0	0.82632260623779	0.9387974530105474	1.6356069941594953	0.23625672941525178	0.13537018343816606	0.7637432705847482	0.8646298165618339	0.8571428571428571	baseline
P_LP.2264	0.0	0.002343936213335951	0.3755792441243087	1.1362362550507612	0.5229158976913881	0.5449200454040216	0.5229158976913881	0.5449200454040216	0.5714285714285714	baseline
P_LP.2265	0.0	0.6322829880040153	1.0102277945402451	1.5741140759251533	0.3060160398238315	0.19475507369547837	0.6939839601761685	0.8052449263045216	0.7142857142857143	baseline
P_LP.2266	0.0	0.21202401177427133	0.15294441216046098	1.718337487030141	0.5179117954249134	0.529166319646024	0.5179117954249134	0.529166319646024	0.5714285714285714	endpoint
P_LP.2267	0.0	0.6074955478704178	0.1490352206819618	1.5092964042849317	0.6634747062836991	0.5165618303512334	0.6634747062836991	0.5165618303512334	0.5714285714285714	endpoint
P_LP.2268	0.0	0.43979794877235806	0.900573826619817	1.7271418400167655	0.3480902260665694	0.19472052689176036	0.6519097739334305	0.8052794731082397	0.7142857142857143	baseline
P_LP.2269	0.0	0.005077434164441254	0.038797852533453296	1.585464471108433	0.44882108020707295	0.5610604579206483	0.5511789197929271	0.5610604579206483	0.5714285714285714	endpoint
P_LP.227	0.0	0.03354940348441563	0.3508207141615067	1.6129156310148836	0.5132294036661491	0.3835027329950342	0.5132294036661491	0.6164972670049658	0.7142857142857143	endpoint
P_LP.2270	0.0	0.5073632516779336	0.5744684476692423	1.5836409749061846	0.35012546456241733	0.2322934145001935	0.6498745354375827	0.7677065854998065	0.7142857142857143	baseline
P_LP.2271	0.0	0.8442448810920133	1.1982088109870193	1.2924023417983321	0.2510963385444388	0.14383218771940712	0.7489036614555612	0.8561678122805929	0.8571428571428571	baseline
P_LP.2272	0.0	0.11315898479827335	0.0080573420317702	1.2137903151890435	0.4776765052949391	0.48414012983534765	0.5223234947050609	0.5158598701646524	0.5714285714285714	endpoint
P_LP.2273	0.0	0.07552781614496472	0.061422690815800436	1.7264236212961572	0.46966518444558664	0.468904463037548	0.5303348155544134	0.5310955369624519	0.7142857142857143	endpoint
P_LP.2274	0.0	0.26408271141829665	0.5856378667572125	1.4301192349891396	0.4523462070344616	0.25151787139145104	0.5476537929655384	0.748482128608549	0.5714285714285714	baseline
P_LP.2275	0.14285714285714285	1.0825115770177394	1.1289784816340724	2.031875767985858	0.7964658101574615	0.8321505343088894	0.7964658101574615	0.8321505343088894	0.8571428571428571	endpoint
P_LP.2276	0.14285714285714285	0.6922449738079096	0.8007253208690996	2.0856342884763017	0.6303415375649661	0.7074672075389753	0.6303415375649661	0.7074672075389753	0.8571428571428571	endpoint
P_LP.2277	0.0	0.5974225640843694	1.1500774207508215	1.445544054311831	0.6631436200056294	0.8223626833021054	0.6631436200056294	0.8223626833021054	0.7142857142857143	endpoint
P_LP.2278	0.0	0.49875275642292655	0.6030382335737615	1.520097051670091	0.6177980950577189	0.6074362409434518	0.6177980950577189	0.6074362409434518	0.7142857142857143	endpoint
P_LP.2279	0.0	1.171101247296912	1.257931884560677	1.681875201227195	0.822281933603155	0.9401170154196681	0.822281933603155	0.9401170154196681	0.8571428571428571	endpoint
P_LP.228	0.0	0.2934128460525328	0.626031757713948	1.1079092887780861	0.3606380438570928	0.3128990888093362	0.6393619561429071	0.6871009111906639	0.7142857142857143	baseline
P_LP.2280	0.0	0.34238200954252485	0.177129948116424	1.7713863477234333	0.3931099742229968	0.37830796155933183	0.6068900257770031	0.6216920384406681	0.8571428571428571	baseline
P_LP.2281	0.0	0.3918608171426085	0.6560439699487507	1.596874677997038	0.35305105123233754	0.3358313152220366	0.6469489487676625	0.6641686847779634	0.7142857142857143	baseline
P_LP.2282	0.0	0.09521526176360377	0.7381914798388962	1.7489140240661745	0.43956735285810217	0.2850698954493262	0.5604326471418979	0.7149301045506737	0.5714285714285714	baseline
P_LP.2283	0.0	0.5802825200574304	1.183776486575026	1.4229081133658035	0.2894162475879644	0.17580395687505723	0.7105837524120355	0.8241960431249428	0.7142857142857143	baseline
P_LP.2284	0.0	0.11500192582165096	0.055208865909662334	1.417290267918284	0.5330108979432138	0.4654414179991247	0.5330108979432138	0.5345585820008754	0.5714285714285714	endpoint
P_LP.2285	0.0	0.19394472741357194	0.45336701811114694	1.645058044468781	0.45326752740745013	0.3595286394039228	0.5467324725925499	0.6404713605960772	0.7142857142857143	baseline
P_LP.2286	0.0	0.04279606317080347	0.06881746364004149	1.7070139896914613	0.47987053967360244	0.4517201233171887	0.5201294603263975	0.5482798766828113	0.7142857142857143	baseline
P_LP.2287	0.0	0.97340729090892	1.1520203814517742	1.5719752119934254	0.7389959685120331	0.7158622994498793	0.7389959685120331	0.7158622994498793	0.8571428571428571	endpoint
P_LP.2288	0.0	0.3269714761897828	0.6020940525186732	1.447880794810735	0.37986872465718846	0.3474692077085462	0.6201312753428115	0.6525307922914538	0.7142857142857143	baseline
P_LP.2289	0.0	0.7603613852184515	0.8198697155513558	1.5688483600280252	0.25047463805766884	0.2393398657776574	0.7495253619423312	0.7606601342223426	0.8571428571428571	baseline
P_LP.229	0.0	0.6005468542168326	0.5988267160494718	1.7271379392391637	0.2825613574728115	0.24718030160236037	0.7174386425271885	0.7528196983976396	0.8571428571428571	baseline
P_LP.2290	0.0	0.47752129712832303	0.7641774351346587	1.448517775120457	0.32088793051505915	0.2887601417899578	0.6791120694849409	0.7112398582100422	0.7142857142857143	baseline
P_LP.2291	0.0	0.4404594528449553	0.7357196722151674	1.289967993803293	0.3025523921915192	0.18337957127403284	0.6974476078084808	0.8166204287259672	0.8571428571428571	baseline
P_LP.2292	0.0	0.4641518716324505	0.774466578990455	1.4770610749191773	0.5868494069533765	0.6186624618083253	0.5868494069533765	0.6186624618083253	0.7142857142857143	endpoint
P_LP.2293	0.0	0.17549469441250704	0.4294231211663268	1.5545755066807854	0.3949547943460231	0.384717193068831	0.6050452056539769	0.615282806931169	0.5714285714285714	baseline
P_LP.2294	0.0	0.46909958240480204	1.0059820666671828	1.5417459070365687	0.3243631110305279	0.19560775643297226	0.6756368889694722	0.8043922435670278	0.7142857142857143	baseline
P_LP.2295	0.0	0.6551708265446157	0.738032362933694	1.6841209842545901	0.3143788747127098	0.17143232185185295	0.6856211252872901	0.828567678148147	0.7142857142857143	baseline
P_LP.2296	0.0	0.7018388046497066	0.8791970060659808	1.4304935827755736	0.2581779998174007	0.16876968177321852	0.7418220001825993	0.8312303182267815	1.0	baseline
P_LP.2297	0.0	0.31204627324319484	0.6479057676672707	1.746920263681851	0.3650936235090684	0.21838441549761445	0.6349063764909316	0.7816155845023856	0.7142857142857143	baseline
P_LP.2298	0.0	0.6683873858731769	0.8174874465748468	1.800029094716775	0.6479547578416679	0.6204617438606763	0.6479547578416679	0.6204617438606763	0.8571428571428571	endpoint
P_LP.2299	0.0	0.075740854855292	0.08312595083720341	1.3113327358874218	0.4218354617387364	0.4026392986425393	0.5781645382612637	0.5973607013574607	0.7142857142857143	baseline
P_LP.23	0.0	0.3020349665450995	0.4003130104056957	1.2616044195273879	0.5765455491464394	0.5757789682878508	0.5765455491464394	0.5757789682878508	0.5714285714285714	endpoint
P_LP.230	0.0	0.6108150231490018	0.6301989955916496	1.9191647912895713	0.3061647617237142	0.23686253627336193	0.6938352382762858	0.763137463726638	0.5714285714285714	baseline
P_LP.2300	0.0	0.43397311244693776	1.0919568962250161	1.5716810982905889	0.33243628065415065	0.23355352231751256	0.6675637193458493	0.7664464776824874	0.5714285714285714	baseline
P_LP.2301	0.0	0.5879988177840154	0.6607011660602562	1.0182991988456718	0.639699679427466	0.6198750923949753	0.639699679427466	0.6198750923949753	0.8571428571428571	endpoint
P_LP.2302	0.0	0.03516494064327131	0.23891846385382504	1.6475021957269742	0.47434104634281454	0.3842539037279776	0.5256589536571854	0.6157460962720225	0.5714285714285714	endpoint
P_LP.2303	0.0	0.11470572207459681	0.047594298444135846	1.5769770093710695	0.4421944908544173	0.41894528558091676	0.5578055091455827	0.5810547144190832	0.5714285714285714	baseline
P_LP.2304	0.0	0.4767537953149419	0.49603320947670937	1.2918027887883523	0.3171904529008776	0.3466267019105392	0.6828095470991224	0.6533732980894609	0.8571428571428571	baseline
P_LP.2305	0.0	0.08077693392523307	0.02747158263803414	1.1972050750254524	0.41057242800546045	0.47454524790245867	0.5894275719945395	0.5254547520975413	0.5714285714285714	baseline
P_LP.2306	0.0	0.04258037255673835	0.41105313802250226	1.6220147464720782	0.4455857363069101	0.38867990328213037	0.5544142636930899	0.6113200967178696	0.5714285714285714	baseline
P_LP.2307	0.0	0.880966950637676	1.041563401975042	1.4760917349641711	0.2111461193090603	0.15893340364652483	0.7888538806909398	0.8410665963534751	1.0	baseline
P_LP.2309	0.0	0.10297738452683795	0.15021678290577473	1.4233782906287746	0.4995831930467397	0.47501732874333713	0.5004168069532603	0.5249826712566629	0.5714285714285714	endpoint
P_LP.231	0.0	1.1925954129696597	1.2020130636909399	1.5144894034317993	0.8039858872377584	0.8007771751145789	0.8039858872377584	0.8007771751145789	1.0	endpoint
P_LP.2310	0.0	0.14339993431519238	0.31948470318514494	1.3807038599169719	0.4982063951514801	0.4988081591065034	0.5017936048485199	0.5011918408934966	0.5714285714285714	endpoint
P_LP.2311	0.0	0.7351310036121392	0.8174398963624494	1.7461204513520132	0.7031814062205255	0.7831250301692403	0.7031814062205255	0.7831250301692403	0.7142857142857143	endpoint
P_LP.2312	0.0	0.10493117318171404	0.00577519633965398	1.275342212357104	0.45964251693356584	0.47832592737748514	0.5403574830664342	0.5216740726225149	0.7142857142857143	baseline
P_LP.2313	0.0	0.6811020011088271	0.8740424656323538	1.5096785657674023	0.2575277893208137	0.18432886787851052	0.7424722106791863	0.8156711321214895	0.8571428571428571	baseline
P_LP.2314	0.0	0.6118782655149714	0.532669774626406	1.6190683901134064	0.6743895413252037	0.6442525059214963	0.6743895413252037	0.6442525059214963	0.5714285714285714	endpoint
P_LP.2315	0.0	0.08736397866675445	0.006607752613759304	1.164132237886114	0.4356800300076738	0.42723256450769787	0.5643199699923263	0.5727674354923021	0.5714285714285714	baseline
P_LP.2316	0.0	1.0310920366962881	1.442152338059918	1.8352181686954965	0.7548236817831259	0.7884470783479847	0.7548236817831259	0.7884470783479847	0.8571428571428571	endpoint
P_LP.2317	0.0	0.12242279911451448	0.5396092328319327	1.2732353259628009	0.4375907781793459	0.2883612149402353	0.5624092218206541	0.7116387850597647	0.7142857142857143	baseline
P_LP.2318	0.0	0.5459870137013197	0.7369023912774492	1.3534887555564021	0.6490699224217878	0.7586711436168615	0.6490699224217878	0.7586711436168615	0.7142857142857143	endpoint
P_LP.2319	0.0	0.20026057617714854	0.43750869974771117	1.1543503050727173	0.4397160215290739	0.38297299958895525	0.5602839784709261	0.6170270004110447	0.5714285714285714	baseline
P_LP.232	0.0	0.0029478243712571317	0.13627167458335104	1.3394352237991527	0.4730414710076652	0.4053868659968351	0.5269585289923349	0.5946131340031648	0.5714285714285714	baseline
P_LP.2320	0.0	0.3127168017895508	0.5128671580107276	1.270259144823592	0.5379088839076943	0.5046376224334514	0.5379088839076943	0.5046376224334514	0.5714285714285714	endpoint
P_LP.2321	0.0	0.3355529271701708	0.272376236876261	1.5546939549086798	0.624384633609071	0.5293235934698819	0.624384633609071	0.5293235934698819	0.7142857142857143	endpoint
P_LP.2322	0.0	0.2624706502499026	0.7290307313807934	1.4947739250223164	0.5210945985322711	0.6434970820998875	0.5210945985322711	0.6434970820998875	0.7142857142857143	endpoint
P_LP.2323	0.0	0.38070114208832356	0.861160246836095	1.655803772301554	0.5303675812030285	0.5578902562181564	0.5303675812030285	0.5578902562181564	0.5714285714285714	endpoint
P_LP.2324	0.0	0.06538286448004503	0.19582432941398512	1.3518311856843295	0.43641764818591283	0.4010751851723623	0.5635823518140872	0.5989248148276377	0.7142857142857143	baseline
P_LP.2325	0.0	0.09871134507363753	0.18554157932867651	1.6403154297592786	0.46077303234245504	0.45459083790290433	0.539226967657545	0.5454091620970957	0.5714285714285714	endpoint
P_LP.2326	0.0	0.5959595389721277	1.1083246809383145	1.6467948520493954	0.6500738503167957	0.7843340264803019	0.6500738503167957	0.7843340264803019	0.5714285714285714	endpoint
P_LP.2327	0.0	0.442667971029352	0.6470052667159157	1.336382959753063	0.6314276971311098	0.5576842800083813	0.6314276971311098	0.5576842800083813	0.7142857142857143	endpoint
P_LP.2328	0.0	0.7506418091452159	1.0134439138739306	1.580793628835508	0.2769721640135293	0.18452518056061906	0.7230278359864707	0.8154748194393809	0.8571428571428571	baseline
P_LP.2329	0.0	0.5023453563925171	0.7065285776551712	1.3758807198831444	0.6334920682562888	0.6297608255801629	0.6334920682562888	0.6297608255801629	0.7142857142857143	endpoint
P_LP.233	0.0	0.22690814326345168	0.41715329638936793	1.5314562035978072	0.43708396644225356	0.36251745423467746	0.5629160335577464	0.6374825457653226	0.5714285714285714	baseline
P_LP.2330	0.0	0.3865422494382	0.8024298928403649	1.4119870415076299	0.3856035348795603	0.2642072663962903	0.6143964651204397	0.7357927336037098	0.5714285714285714	baseline
P_LP.2331	0.0	0.09120524418375528	0.30420157182393326	1.4618156684104162	0.5118309586908489	0.472733480774621	0.5118309586908489	0.5272665192253789	0.5714285714285714	endpoint
P_LP.2332	0.0	0.1749215282572029	0.2857177971200922	1.085780568952727	0.5131068535115398	0.5380907117836407	0.5131068535115398	0.5380907117836407	0.7142857142857143	endpoint
P_LP.2333	0.0	0.025844252245855452	0.0289307076377714	1.5805811477894534	0.4431565974690748	0.41944952830209725	0.5568434025309252	0.5805504716979027	0.7142857142857143	baseline
P_LP.2334	0.0	0.4052111970197681	0.4884117503970381	1.4038398843472126	0.6221219316620352	0.6195583070841565	0.6221219316620352	0.6195583070841565	0.5714285714285714	endpoint
P_LP.2335	0.0	0.46994894810405935	0.7909500735526234	1.2384179411930736	0.3452461450134218	0.22003358510026882	0.6547538549865781	0.7799664148997312	0.8571428571428571	baseline
P_LP.2336	0.0	0.15376040355891574	0.21563634726467074	1.526244189628029	0.49320672546481187	0.5371243502618444	0.5067932745351882	0.5371243502618444	0.7142857142857143	endpoint
P_LP.2337	0.0	0.3376642351000797	0.7034101532604972	1.5941482654419357	0.38451978354540517	0.29200240881337475	0.6154802164545948	0.7079975911866252	0.5714285714285714	baseline
P_LP.2338	0.0	0.17649296351226296	0.3350724921333978	1.676293931861473	0.4101286800317737	0.32449075697929747	0.5898713199682263	0.6755092430207026	0.5714285714285714	baseline
P_LP.2339	0.0	0.12459555376167476	0.6231992914703589	1.6310731249121069	0.4298752577223443	0.3136640199024866	0.5701247422776556	0.6863359800975134	0.5714285714285714	baseline
P_LP.234	0.0	0.3865111052219463	0.2588148791461626	1.4796841062204797	0.3655245171627662	0.3590039367811035	0.6344754828372339	0.6409960632188965	0.7142857142857143	baseline
P_LP.2340	0.0	0.2492197030253443	0.30627646899843286	1.6597736473225975	0.5502173310400039	0.47874401290994323	0.5502173310400039	0.5212559870900568	0.5714285714285714	endpoint
P_LP.2341	0.0	1.0621928984833644	1.1737991419456313	1.8864562759606154	0.1658763863213937	0.12867083203399116	0.8341236136786063	0.8713291679660089	1.0	baseline
P_LP.2342	0.0	0.6820273865757883	0.5860010030761185	1.3030042780206605	0.27595793757266107	0.3470920518916488	0.7240420624273389	0.6529079481083512	1.0	baseline
P_LP.2343	0.0	0.5095794582508671	0.6221939215060208	1.5928109562169406	0.6051915504157862	0.6499928266306368	0.6051915504157862	0.6499928266306368	0.7142857142857143	endpoint
P_LP.2344	0.0	0.27482342604370574	0.5493627565559392	1.4003099585342893	0.3721284317943129	0.3588442233215727	0.6278715682056871	0.6411557766784273	0.7142857142857143	baseline
P_LP.2345	0.0	0.1608731892911018	0.3848954128603344	1.4480113486493087	0.469069715835371	0.31753836977731675	0.5309302841646291	0.6824616302226832	0.7142857142857143	baseline
P_LP.2346	0.0	0.4122339324347191	0.2136073582994524	1.494314728350425	0.5723884468083965	0.5886430553557158	0.5723884468083965	0.5886430553557158	0.5714285714285714	endpoint
P_LP.2347	0.0	0.04363566887629222	0.01860818679026642	1.751282920879634	0.47767590287688194	0.44636029045426967	0.522324097123118	0.5536397095457304	0.7142857142857143	endpoint
P_LP.2348	0.0	0.17748752812694063	0.16349284513899037	1.3179899867942264	0.3970609270473265	0.39035359934695407	0.6029390729526736	0.609646400653046	0.7142857142857143	baseline
P_LP.2349	0.0	0.5914417082214609	0.8581273118525649	1.4355952894309965	0.2767952065092848	0.17151752995871292	0.7232047934907152	0.8284824700412871	0.7142857142857143	baseline
P_LP.235	0.0	0.22802393398213625	0.8574775298756391	1.7464187908718949	0.5779704083619297	0.6623230195662783	0.5779704083619297	0.6623230195662783	0.5714285714285714	endpoint
P_LP.2350	0.0	0.04205579926704101	0.2678242772426309	1.342020385831642	0.5007957770352804	0.5351250276998833	0.5007957770352804	0.5351250276998833	0.5714285714285714	baseline
P_LP.2351	0.0	0.030855965201067655	0.5497698065105817	1.6266368176861772	0.49821261402214123	0.28898685375147903	0.5017873859778588	0.711013146248521	0.5714285714285714	endpoint
P_LP.2352	0.0	0.12116975277783203	0.7798285731951351	1.4303998736246382	0.5530405025059396	0.6925633768385517	0.5530405025059396	0.6925633768385517	0.5714285714285714	endpoint
P_LP.2353	0.0	0.7742380059636174	0.6994301085789771	1.443155615352482	0.23613153334602585	0.2140936974228639	0.7638684666539741	0.7859063025771361	1.0	baseline
P_LP.2354	0.0	0.16293416530023533	0.08142689281603496	1.5802606570087805	0.39499263136872137	0.4137724159034005	0.6050073686312787	0.5862275840965995	0.5714285714285714	baseline
P_LP.2355	0.0	0.025171388075417602	0.18473187202371608	1.428127950461123	0.4897452810350537	0.4857231866847364	0.5102547189649462	0.5142768133152635	0.5714285714285714	endpoint
P_LP.2356	0.0	0.5971913709632198	0.8907091674917381	1.253896590242991	0.2897162775423574	0.2852101378519247	0.7102837224576426	0.7147898621480753	0.8571428571428571	baseline
P_LP.2357	0.0	0.20255751222160848	0.23809701142247947	1.2371597035673707	0.4251186388481044	0.5040058952247365	0.5748813611518956	0.5040058952247365	0.5714285714285714	baseline
P_LP.2358	0.0	0.2928035881159864	0.3506325741989623	1.28142524870535	0.5571438879338103	0.5766554236790086	0.5571438879338103	0.5766554236790086	0.7142857142857143	endpoint
P_LP.2359	0.0	0.24416106992439685	0.03825111102675599	1.3998974654710032	0.527093951344991	0.4856022859890972	0.527093951344991	0.5143977140109028	0.5714285714285714	endpoint
P_LP.236	0.0	0.09984977470168357	0.07882582548979498	0.41907845233620905	0.5051860486317644	0.5231868453036302	0.5051860486317644	0.5231868453036302	0.5714285714285714	endpoint
P_LP.2360	0.0	0.9444015467908555	0.8729045385553851	1.501478411627537	0.7556974049691733	0.8326354354944473	0.7556974049691733	0.8326354354944473	1.0	endpoint
P_LP.2361	0.0	0.43508514109507307	0.4090969009119804	1.3394033994102061	0.35589248747982877	0.36704778894013523	0.6441075125201712	0.6329522110598648	0.8571428571428571	baseline
P_LP.2362	0.0	0.5065434828061915	0.8115445314433967	1.6735056971563627	0.29195028613161905	0.17669910711651096	0.708049713868381	0.8233008928834891	0.7142857142857143	baseline
P_LP.2363	0.0	0.27504712738993964	0.27496856507720935	1.379767082235929	0.5602861143218776	0.5562217280116228	0.5602861143218776	0.5562217280116228	0.5714285714285714	endpoint
P_LP.2364	0.0	0.6154857595047626	0.7744000160599281	1.486211877945056	0.626709012675956	0.6910973497841917	0.626709012675956	0.6910973497841917	0.7142857142857143	endpoint
P_LP.2365	0.14285714285714285	0.8349480637539897	1.066364564418754	2.135473411674439	0.685450765034971	0.6257100413150386	0.685450765034971	0.6257100413150386	0.8571428571428571	endpoint
P_LP.2366	0.0	0.13156923879205396	0.7622267822288722	1.4690128467152572	0.4279813331221054	0.3129259205134553	0.5720186668778946	0.6870740794865446	0.5714285714285714	baseline
P_LP.2367	0.0	0.47798949347278924	0.6645296903217821	1.2763386803751915	0.6271513281306559	0.6614259535012214	0.6271513281306559	0.6614259535012214	0.7142857142857143	endpoint
P_LP.2368	0.0	0.6196787926827609	0.8972937248122382	1.2581293476514415	0.2967708459011761	0.2890296087236539	0.7032291540988239	0.7109703912763461	0.8571428571428571	baseline
P_LP.2369	0.0	0.3210218296385619	0.14742256667431802	1.3032293859823723	0.4005884985101829	0.44554939246130737	0.5994115014898171	0.5544506075386926	0.5714285714285714	baseline
P_LP.237	0.0	0.7300705171317977	0.8508376444623136	1.568306496090871	0.29827276691771687	0.18643441369904795	0.7017272330822831	0.8135655863009521	0.8571428571428571	baseline
P_LP.2370	0.0	0.28435523633894655	0.42840455695272356	1.394275414433726	0.4234067229222512	0.3339946197558328	0.5765932770777489	0.6660053802441672	0.7142857142857143	baseline
P_LP.2371	0.0	0.33212336604023485	0.7053046744183886	1.639851968251141	0.3842767702525801	0.3183087067810691	0.6157232297474199	0.681691293218931	0.5714285714285714	baseline
P_LP.2372	0.0	0.4043196173392341	0.6605386419572995	1.1493696440895005	0.5880422088509757	0.6442005377335035	0.5880422088509757	0.6442005377335035	0.7142857142857143	endpoint
P_LP.2373	0.0	0.015630604800736858	0.15809975573979324	1.8640847654791943	0.47631440814144466	0.387221556776658	0.5236855918585553	0.6127784432233421	0.5714285714285714	baseline
P_LP.2374	0.0	0.7373694573463236	0.7414536730477254	1.7244604600660933	0.6477026856194482	0.6821999155313838	0.6477026856194482	0.6821999155313838	0.8571428571428571	endpoint
P_LP.2375	0.0	0.5701919679103177	0.17153153053907258	1.5613286658932424	0.2994368339641071	0.396278934551954	0.7005631660358929	0.603721065448046	0.8571428571428571	baseline
P_LP.2376	0.0	0.8508335854000465	1.3358461260307564	1.844270115419658	0.7024372358224918	0.7082038612867297	0.7024372358224918	0.7082038612867297	0.7142857142857143	endpoint
P_LP.2377	0.0	0.5331281877413425	0.7040030042085862	1.1926989843604185	0.2870428685066933	0.2402664253174293	0.7129571314933068	0.7597335746825706	0.7142857142857143	baseline
P_LP.2378	0.0	0.6473026438378512	0.9675125293604198	1.5360526465729476	0.6487214584588327	0.6610786310678431	0.6487214584588327	0.6610786310678431	0.7142857142857143	endpoint
P_LP.2379	0.0	0.5119798737907134	0.4428720003619956	1.459481687508004	0.34386471605966	0.2984709372174971	0.65613528394034	0.7015290627825028	0.7142857142857143	baseline
P_LP.238	0.0	0.413594637482488	0.9437316641431922	1.6010779777007622	0.3445380490626806	0.28192943172833157	0.6554619509373194	0.7180705682716684	0.7142857142857143	baseline
P_LP.2380	0.0	0.1625128951419496	0.48745027620470255	1.5070079252056712	0.44858554235987586	0.2772263589614284	0.5514144576401241	0.7227736410385717	0.5714285714285714	baseline
P_LP.2381	0.0	0.14478958937456549	0.3411409104124057	1.1982994344677633	0.4960011849599088	0.5740921208426554	0.5039988150400911	0.5740921208426554	0.5714285714285714	endpoint
P_LP.2382	0.0	0.02636691446740144	0.25954309598109426	1.624055653036635	0.4344630860540886	0.38653915391057697	0.5655369139459114	0.6134608460894231	0.5714285714285714	baseline
P_LP.2383	0.0	0.5109610882346975	0.8148795975274735	1.7304441507988777	0.5868078302860656	0.5877790578845303	0.5868078302860656	0.5877790578845303	0.5714285714285714	endpoint
P_LP.2384	0.0	0.7438271084808659	0.966410317333223	1.651002289260538	0.2876375489603324	0.24003349149012196	0.7123624510396676	0.759966508509878	0.8571428571428571	baseline
P_LP.2385	0.0	1.0635280711322508	0.8678342408883246	1.7728354568967186	0.7989422120617548	0.8956789753292798	0.7989422120617548	0.8956789753292798	1.0	endpoint
P_LP.2386	0.0	0.6593345611136303	0.40241767165111175	1.7923211102235275	0.6389597307472658	0.622247731694667	0.6389597307472658	0.622247731694667	0.8571428571428571	endpoint
P_LP.2387	0.0	0.1694674290917606	0.25524179866658286	1.390762806793861	0.5144065045761476	0.46524772537555864	0.5144065045761476	0.5347522746244413	0.5714285714285714	endpoint
P_LP.2389	0.0	0.09166810266043648	0.28244251635894446	1.1967808126390482	0.48378956912799387	0.5216372353752894	0.5162104308720061	0.5216372353752894	0.7142857142857143	endpoint
P_LP.239	0.0	0.5234580964232102	0.635257757312378	1.5676534909399318	0.3045871109054867	0.33299966682086984	0.6954128890945133	0.6670003331791301	0.7142857142857143	baseline
P_LP.2390	0.0	0.013042721053145618	0.016969985328785974	1.6108334271357134	0.44504816947037174	0.4736901791131986	0.5549518305296283	0.5263098208868013	0.5714285714285714	endpoint
P_LP.2391	0.0	0.6652644701602242	1.0972266120965926	1.485916105256086	0.6589552027953773	0.7782793600069993	0.6589552027953773	0.7782793600069993	0.7142857142857143	endpoint
P_LP.2392	0.0	0.17918792277612577	0.5001077779297061	1.7860566211570372	0.45162629256622294	0.3497577668536358	0.5483737074337771	0.6502422331463642	0.5714285714285714	baseline
P_LP.2393	0.0	0.608122952040793	0.2969773657288113	1.3499199522259069	0.30844783196816955	0.374512560003403	0.6915521680318304	0.6254874399965971	1.0	baseline
P_LP.2394	0.0	0.5320130060008442	1.0121080910417009	1.5289260186225824	0.5906518407059999	0.5993720117757724	0.5906518407059999	0.5993720117757724	0.5714285714285714	endpoint
P_LP.2395	0.0	0.7119236829503955	0.9850655263555226	1.7038807610080802	0.6708010892652332	0.7034135033348099	0.6708010892652332	0.7034135033348099	0.8571428571428571	endpoint
P_LP.2396	0.0	0.34108040088545255	0.461858963733058	0.8486482771606925	0.36678844876397554	0.3572353187819227	0.6332115512360245	0.6427646812180773	0.7142857142857143	baseline
P_LP.2397	0.0	0.3576037949873863	0.7112403833282933	1.4112881428935524	0.6079481027147847	0.7222275571817227	0.6079481027147847	0.7222275571817227	0.7142857142857143	endpoint
P_LP.2398	0.0	0.9739608122428043	1.1981035348849423	1.6754253822753886	0.7992015681243654	0.9392365746969144	0.7992015681243654	0.9392365746969144	0.8571428571428571	endpoint
P_LP.2399	0.0	0.3537061885909171	0.7854533046252904	1.3286555694247197	0.5917513942648353	0.6467861989404805	0.5917513942648353	0.6467861989404805	0.5714285714285714	endpoint
P_LP.24	0.0	0.9844051426638635	1.0753231431177648	1.6140275909873147	0.1857171400460619	0.09341446655104671	0.8142828599539381	0.9065855334489533	1.0	baseline
P_LP.240	0.0	0.0951543319455374	0.5844077104982085	1.5073743639120651	0.455448402299161	0.32688116734743683	0.544551597700839	0.6731188326525632	0.7142857142857143	baseline
P_LP.2400	0.0	0.49849512705687676	0.7280891876508904	1.645879700111841	0.598622051470856	0.5377185205783972	0.598622051470856	0.5377185205783972	0.7142857142857143	endpoint
P_LP.2401	0.0	0.014797358932370155	0.3314040212552484	1.5114606262876087	0.45762851701346224	0.5488402335868553	0.5423714829865378	0.5488402335868553	0.5714285714285714	endpoint
P_LP.2402	0.0	0.40733239920328373	0.8329693343379032	1.6155804187864091	0.30196595875811527	0.257013873209988	0.6980340412418847	0.742986126790012	0.7142857142857143	baseline
P_LP.2403	0.0	0.5800706230725214	0.9970215127109946	1.8043589305192151	0.6043973936665098	0.5786629056599316	0.6043973936665098	0.5786629056599316	0.5714285714285714	endpoint
P_LP.2404	0.0	0.8283489768000292	0.9287215941537799	1.6157045793614087	0.7377904152215231	0.7585475457135691	0.7377904152215231	0.7585475457135691	0.8571428571428571	endpoint
P_LP.2405	0.0	0.04845076105208853	0.5655888287909266	1.3951075213838116	0.4173385821692743	0.39111089283551503	0.5826614178307257	0.608889107164485	0.5714285714285714	baseline
P_LP.2406	0.0	0.27066946556354016	0.5699122081629263	1.5889347278768544	0.5745533642873265	0.6002904075371942	0.5745533642873265	0.6002904075371942	0.7142857142857143	endpoint
P_LP.2407	0.0	0.346313817755801	0.4477675147058707	1.815887001366983	0.5748736700802634	0.6126609149601113	0.5748736700802634	0.6126609149601113	0.5714285714285714	endpoint
P_LP.2408	0.0	0.19635477238111235	0.483610972893509	1.4849040143581043	0.5300220948683191	0.5646845751105031	0.5300220948683191	0.5646845751105031	0.7142857142857143	endpoint
P_LP.2409	0.0	0.6269309734552058	0.9040959545712471	1.5431109546082171	0.29330892349707793	0.19128416115910685	0.7066910765029221	0.8087158388408932	0.8571428571428571	baseline
P_LP.241	0.0	0.496665081031572	0.6350497462143371	1.7708194446049859	0.5533586321290448	0.6254023621631409	0.5533586321290448	0.6254023621631409	0.7142857142857143	endpoint
P_LP.2410	0.0	0.21962606463532827	0.6257142046259432	1.3441065930016196	0.4355858055757174	0.3092720086408214	0.5644141944242826	0.6907279913591786	0.5714285714285714	baseline
P_LP.2411	0.0	0.25212973991596804	0.8007832477558878	1.5948318498802334	0.5559806348172242	0.5486588521960977	0.5559806348172242	0.5486588521960977	0.5714285714285714	endpoint
P_LP.2412	0.0	0.4614751015071286	0.641173613674805	1.61802985977846	0.3680799668827651	0.31045242567660597	0.6319200331172349	0.6895475743233941	0.8571428571428571	baseline
P_LP.2413	0.0	0.28700265285287324	0.5864815675443885	1.1664852351537753	0.33537123248026784	0.251240393731013	0.6646287675197322	0.748759606268987	0.5714285714285714	baseline
P_LP.2414	0.0	0.027600836754783937	0.19702719024319465	1.5771263152255652	0.4339826784113626	0.5351730107715259	0.5660173215886374	0.5351730107715259	0.5714285714285714	baseline
P_LP.2415	0.0	0.2943051066376433	0.45756461631859935	1.3989323185365667	0.4156461003585589	0.37864660555743673	0.584353899641441	0.6213533944425633	0.8571428571428571	baseline
P_LP.2416	0.0	0.5142126652532152	0.5825173759929093	1.590822561981439	0.6057657093173129	0.6022991025984463	0.6057657093173129	0.6022991025984463	0.8571428571428571	endpoint
P_LP.2417	0.0	0.41587789831456934	0.84334232329456	1.319445216051869	0.568008397638723	0.7214831552631468	0.568008397638723	0.7214831552631468	0.7142857142857143	endpoint
P_LP.2418	0.0	1.0730459292953891	1.4684203071686908	1.8135483090618143	0.7442402844092866	0.8650529495977607	0.7442402844092866	0.8650529495977607	0.8571428571428571	endpoint
P_LP.2419	0.0	0.16752632089898098	0.2541657168156573	1.5031459819107444	0.5287936078456771	0.4650831967226274	0.5287936078456771	0.5349168032773726	0.5714285714285714	endpoint
P_LP.242	0.0	0.34939873306470576	0.5298221729136052	1.332864389349616	0.3844861185199503	0.33888128825811686	0.6155138814800497	0.6611187117418831	0.7142857142857143	baseline
P_LP.2420	0.0	0.5763784013773984	0.35219713572952654	1.7548327705134716	0.6086846103274249	0.6945292454882133	0.6086846103274249	0.6945292454882133	0.5714285714285714	endpoint
P_LP.2421	0.0	0.8169172208794713	1.248554355591706	1.4639504283610671	0.7057258651202599	0.8156986459694485	0.7057258651202599	0.8156986459694485	0.7142857142857143	endpoint
P_LP.2422	0.0	0.4804528604352502	0.6903581526287134	1.2690101363176145	0.30106901286078236	0.24725076812821717	0.6989309871392176	0.7527492318717828	0.8571428571428571	baseline
P_LP.2423	0.0	0.18620642797017226	0.15436986703595967	1.8656638281461353	0.5688712439692166	0.6445379419127774	0.5688712439692166	0.6445379419127774	0.5714285714285714	endpoint
P_LP.2424	0.0	0.9939353222239954	1.1974163085860927	1.8672293016677934	0.18614555672311842	0.055188598989008936	0.8138544432768816	0.944811401010991	0.8571428571428571	baseline
P_LP.2425	0.0	0.051968273867500005	0.29439027779365207	1.2632420617582412	0.4289181311330868	0.4024616318206144	0.5710818688669133	0.5975383681793855	0.5714285714285714	baseline
P_LP.2426	0.0	0.12273318965280497	0.00886217479048107	1.313977813129274	0.45721089592270403	0.4493470292949676	0.542789104077296	0.5506529707050324	0.5714285714285714	baseline
P_LP.2428	0.0	0.48706002824205136	0.8233158117029125	1.2423854354929438	0.3384514736231399	0.30039042633437074	0.6615485263768601	0.6996095736656293	0.8571428571428571	baseline
P_LP.2429	0.14285714285714285	1.3138498413838993	1.465615560868491	2.216464364475862	0.8389538657471804	0.9585345703478725	0.8389538657471804	0.9585345703478725	0.8571428571428571	endpoint
P_LP.243	0.0	0.21954655562163497	0.6344630815406836	1.726988515783986	0.5546061174677476	0.6533062154551615	0.5546061174677476	0.6533062154551615	0.5714285714285714	endpoint
P_LP.2430	0.0	0.4703812355725096	0.8522153960876757	1.315735795060382	0.2903126514230859	0.2902177088817699	0.7096873485769142	0.7097822911182301	0.5714285714285714	baseline
P_LP.2431	0.0	0.6020891024912574	1.147696177736964	1.6837413549162141	0.5990061459936962	0.8215795363020518	0.5990061459936962	0.8215795363020518	0.7142857142857143	endpoint
P_LP.2432	0.0	0.41295827038932015	0.3967768274618499	1.3593555804510022	0.5759462545703966	0.5746159828017003	0.5759462545703966	0.5746159828017003	0.5714285714285714	endpoint
P_LP.2433	0.0	0.14906465600534116	0.12158911028385004	1.2421007080628095	0.5169983345067317	0.4092152204087401	0.5169983345067317	0.59078477959126	0.7142857142857143	endpoint
P_LP.2434	0.0	0.6469049166783739	0.8962858163276651	1.4794858920032559	0.6749176744368734	0.7950806782654056	0.6749176744368734	0.7950806782654056	0.8571428571428571	endpoint
P_LP.2435	0.0	0.38812571747768404	0.24837088183932166	1.3811256413682118	0.3918296611238739	0.42377316564673895	0.6081703388761261	0.576226834353261	0.7142857142857143	baseline
P_LP.2436	0.0	0.35187367689233134	0.7772049880496239	1.982854887242971	0.554079741824886	0.709668163815875	0.554079741824886	0.709668163815875	0.5714285714285714	endpoint
P_LP.2437	0.0	0.575931388961594	0.7267998945024742	1.6762673682465838	0.29929651118274553	0.21578177155761816	0.7007034888172545	0.7842182284423819	0.8571428571428571	baseline
P_LP.2438	0.0	0.2550517415018	0.466839849405432	1.409515643127804	0.42124840259466484	0.3132770560337081	0.5787515974053352	0.6867229439662919	0.7142857142857143	baseline
P_LP.2439	0.0	0.3719915430606475	0.3399865386318627	1.670064239546356	0.5472176329173991	0.6172381325385572	0.5472176329173991	0.6172381325385572	0.5714285714285714	endpoint
P_LP.244	0.0	0.06320329988816831	0.2686988527686943	1.488255825422669	0.4154347524898362	0.5324934942231848	0.5845652475101638	0.5324934942231848	0.5714285714285714	baseline
P_LP.2440	0.0	0.6726495877086938	0.9997825695905566	1.223257716083454	0.7018982607314209	0.751963784976285	0.7018982607314209	0.751963784976285	0.8571428571428571	endpoint
P_LP.2441	0.0	0.8695776761458144	0.9881730218433606	1.7313746310069846	0.7360555607735363	0.7008189354984976	0.7360555607735363	0.7008189354984976	0.8571428571428571	endpoint
P_LP.2442	0.0	0.7414866137976046	1.0135888450773367	1.2829872713856028	0.6674595229162651	0.7541125321280654	0.6674595229162651	0.7541125321280654	0.8571428571428571	endpoint
P_LP.2443	0.0	0.0335980269849954	0.08888848986636688	1.0708202701449434	0.5261578869138378	0.4148895986895993	0.5261578869138378	0.5851104013104007	0.5714285714285714	endpoint
P_LP.2444	0.0	0.3442773274987564	0.0914639424158311	1.6086552053215026	0.6282653761024177	0.5066647767405456	0.6282653761024177	0.5066647767405456	0.5714285714285714	endpoint
P_LP.2445	0.14285714285714285	1.4401923008365698	1.337659934008062	2.074222894355536	0.8731450291032602	0.9172891241923193	0.8731450291032602	0.9172891241923193	1.0	endpoint
P_LP.2446	0.0	0.5395330980173234	0.6203679712430014	1.6848128936100883	0.3188868358934266	0.3144286415044115	0.6811131641065734	0.6855713584955885	0.8571428571428571	baseline
P_LP.2447	0.0	0.2993253581429393	0.001990469373019169	1.028130596689943	0.5495066345839491	0.4472267756149413	0.5495066345839491	0.5527732243850587	0.5714285714285714	endpoint
P_LP.2448	0.0	0.5875879359727731	1.1022742661125644	1.2824212392752674	0.2990808373258762	0.2564582586110095	0.7009191626741238	0.7435417413889904	0.7142857142857143	baseline
P_LP.2449	0.0	0.12381027744778872	0.0012838995831594628	1.4829912404471273	0.4825701899906024	0.44454563794057056	0.5174298100093976	0.5554543620594294	0.5714285714285714	endpoint
P_LP.2450	0.0	0.2403900285454202	0.41775876126027295	1.7216666708055197	0.48989158352799406	0.5947834094101861	0.510108416472006	0.5947834094101861	0.7142857142857143	endpoint
P_LP.2451	0.0	0.4788226603317999	0.8589822461102052	1.3977455544962527	0.6241917440646514	0.6694551869779349	0.6241917440646514	0.6694551869779349	0.7142857142857143	endpoint
P_LP.2452	0.0	0.1663199950629138	0.06527819029937863	1.5497967802271324	0.5259861897839347	0.49959309635009475	0.5259861897839347	0.5004069036499053	0.5714285714285714	endpoint
P_LP.2453	0.0	0.6012943839061791	1.032142911392681	1.6718645771470035	0.3009568965841995	0.10827410871161847	0.6990431034158004	0.8917258912883815	0.7142857142857143	baseline
P_LP.2454	0.0	0.7645873996406362	0.8502903146508661	1.2408176542316347	0.2539485353826817	0.281804810745739	0.7460514646173183	0.7181951892542611	1.0	baseline
P_LP.2456	0.0	1.1163940259016059	1.2076837723066325	1.7832298515784017	0.762195190706187	0.8620231581823753	0.762195190706187	0.8620231581823753	0.8571428571428571	endpoint
P_LP.2457	0.0	0.12193053903428089	0.2682767334911237	1.6325424460689428	0.5253352379613363	0.3992170090720753	0.5253352379613363	0.6007829909279248	0.7142857142857143	endpoint
P_LP.2458	0.0	0.02284901055268678	0.5810849627036633	1.9841101064027562	0.4501415172884354	0.6086636162734969	0.5498584827115647	0.6086636162734969	0.5714285714285714	endpoint
P_LP.2459	0.0	0.5380226484375032	1.0567914153891804	1.5179114150968347	0.5870650295792951	0.7053183322779507	0.5870650295792951	0.7053183322779507	0.7142857142857143	endpoint
P_LP.246	0.0	0.40650405082493324	0.7529025979719252	1.1850592569037133	0.32105071692865056	0.23815224914333322	0.6789492830713495	0.7618477508566668	0.7142857142857143	baseline
P_LP.2460	0.0	0.03908942928415852	0.00044744389379056717	1.2918613279638191	0.45963022958924143	0.4442705430594539	0.5403697704107586	0.5557294569405461	0.5714285714285714	baseline
P_LP.2461	0.0	0.7557391410311161	1.1400362079500324	1.6617675964334917	0.692977680567291	0.7574864716695123	0.692977680567291	0.7574864716695123	0.8571428571428571	endpoint
P_LP.2462	0.0	0.5376609060169234	1.0716738132365824	1.527213290933057	0.28537923058240466	0.19254974114940931	0.7146207694175953	0.8074502588505907	0.7142857142857143	baseline
P_LP.2463	0.0	0.2693670270680877	0.8676923622785716	1.6096770711832178	0.40892250405410585	0.29355553981189325	0.5910774959458942	0.7064444601881068	0.5714285714285714	baseline
P_LP.2464	0.0	0.8223786783514511	0.7545433730061327	1.4760556246259284	0.7166427436584419	0.6922788148738672	0.7166427436584419	0.6922788148738672	0.8571428571428571	endpoint
P_LP.2465	0.0	0.2424118001433209	0.7059106556488753	1.4184890278706834	0.42958482222996	0.32507424358075404	0.57041517777004	0.6749257564192459	0.7142857142857143	baseline
P_LP.2466	0.0	0.8429995626729481	0.8981015658385837	1.4280541770903195	0.24408222759539414	0.20787843777193676	0.7559177724046059	0.7921215622280633	0.8571428571428571	baseline
P_LP.2467	0.0	0.5485597324773858	0.2987846574912367	1.7402295577026263	0.3213457050073575	0.33487359955226786	0.6786542949926425	0.6651264004477322	0.8571428571428571	baseline
P_LP.2468	0.0	0.9378387927509897	1.428029011855104	1.6303532961796765	0.7538037593253508	0.9337624645310788	0.7538037593253508	0.9337624645310788	0.8571428571428571	endpoint
P_LP.2469	0.0	0.08275877766758047	0.08310857484975498	1.3990346038893196	0.5380806169471021	0.45952001490332367	0.5380806169471021	0.5404799850966764	0.5714285714285714	endpoint
P_LP.247	0.14285714285714285	0.3927004664632311	0.6360221598761223	2.1715645033134363	0.548950927753171	0.698878341869124	0.548950927753171	0.698878341869124	0.5714285714285714	endpoint
P_LP.2470	0.0	0.14201872014485573	0.05745237520268307	1.7712318136826128	0.4555433783117893	0.4462437518450203	0.5444566216882107	0.5537562481549797	0.5714285714285714	endpoint
P_LP.2471	0.0	0.6608856413602108	1.0827996010749519	1.6367570005973713	0.2915338211351801	0.192534208121491	0.7084661788648199	0.807465791878509	0.7142857142857143	baseline
P_LP.2472	0.0	0.05869949270371918	0.18859857425194576	1.1427881968174658	0.49250229344766694	0.3758731403723922	0.5074977065523331	0.6241268596276077	0.7142857142857143	endpoint
P_LP.2473	0.0	0.04433607895120194	0.06428789099582245	1.34411710698934	0.4349704152648401	0.4634829216219616	0.5650295847351599	0.5365170783780384	0.7142857142857143	baseline
P_LP.2474	0.0	0.048104981974062135	0.19215769330364574	1.680815132218193	0.46915787520054736	0.38092625836726335	0.5308421247994526	0.6190737416327367	0.5714285714285714	endpoint
P_LP.2475	0.0	0.024934861515767088	0.29060718668087754	1.1559886247841318	0.4978420188376945	0.35834646157013095	0.5021579811623055	0.641653538429869	0.7142857142857143	endpoint
P_LP.2476	0.0	1.3136325459861222	1.3932037676691433	1.7340700041325416	0.8381603808263568	0.8686040621572804	0.8381603808263568	0.8686040621572804	1.0	endpoint
P_LP.2477	0.0	0.7344417949684036	1.1121209440033137	1.766664383097771	0.7142117158850285	0.8598626008964104	0.7142117158850285	0.8598626008964104	0.7142857142857143	endpoint
P_LP.2478	0.0	0.39316937204801405	0.002563547550045368	1.4818829641527143	0.5394853577674654	0.49595402712183684	0.5394853577674654	0.5040459728781632	0.5714285714285714	endpoint
P_LP.2479	0.14285714285714285	0.22499662186134387	0.05548850185748336	2.1498567414970897	0.5100475220946165	0.4177382931458652	0.5100475220946165	0.5822617068541348	0.5714285714285714	endpoint
P_LP.248	0.0	0.35082332186542464	0.2536495460624792	1.2305872839733476	0.5895992580499686	0.5404308533648521	0.5895992580499686	0.5404308533648521	0.7142857142857143	endpoint
P_LP.2480	0.0	0.24097929486193767	0.5329232746093473	1.5500086203420465	0.48825511280656997	0.5612678714361679	0.51174488719343	0.5612678714361679	0.7142857142857143	endpoint
P_LP.2481	0.0	0.32429978712076135	0.4409823559277484	1.4766655226757932	0.3769885222578095	0.29163973485095324	0.6230114777421905	0.7083602651490468	0.7142857142857143	baseline
P_LP.2482	0.14285714285714285	1.2032181447318628	1.315527517154777	2.0679700709471436	0.7914881350315169	0.8372333370649158	0.7914881350315169	0.8372333370649158	0.8571428571428571	endpoint
P_LP.2483	0.0	1.3523076996055672	1.3792315537026845	1.7957017529010904	0.8611735657002063	0.858576815878192	0.8611735657002063	0.858576815878192	1.0	endpoint
P_LP.2484	0.0	0.5160253388784598	0.5998114672424212	1.5315618059486977	0.5990215441527813	0.641390338936621	0.5990215441527813	0.641390338936621	0.7142857142857143	endpoint
P_LP.2485	0.0	0.5544644774335316	0.8420886589527021	1.7920029566075488	0.3017000790753207	0.17772300246182957	0.6982999209246793	0.8222769975381704	0.8571428571428571	baseline
P_LP.2486	0.0	0.7985122568816715	0.8593887099034976	1.8198650149215843	0.6803115080116762	0.6627352928142477	0.6803115080116762	0.6627352928142477	0.8571428571428571	endpoint
P_LP.2487	0.0	0.01578517690631911	0.2864083446590596	1.3241329575881016	0.45812045439709115	0.5959941866956368	0.5418795456029089	0.5959941866956368	0.5714285714285714	baseline
P_LP.2488	0.0	1.0221505847364987	1.3249973118944016	1.4852151489204828	0.7769778220254006	0.8397907339830559	0.7769778220254006	0.8397907339830559	0.8571428571428571	endpoint
P_LP.2489	0.0	0.5566631923924786	1.0965653185652182	1.371194325076411	0.6293078795462366	0.6062943216727354	0.6293078795462366	0.6062943216727354	0.7142857142857143	endpoint
P_LP.249	0.0	0.672821659885286	0.7951525810602089	1.498529240042231	0.2992982619292972	0.24797152017557006	0.7007017380707028	0.7520284798244299	0.8571428571428571	baseline
P_LP.2490	0.0	0.06047261332274138	0.005851366036719654	1.3591307559875039	0.5326113469161031	0.47861312332220207	0.5326113469161031	0.5213868766777979	0.5714285714285714	endpoint
P_LP.2491	0.0	0.6481447075999297	0.5106779964601733	1.3690669645598006	0.6897119544721063	0.7143297512006951	0.6897119544721063	0.7143297512006951	0.8571428571428571	endpoint
P_LP.2492	0.0	0.129930318734926	0.15483552615351653	1.6567512719530422	0.4760432701606709	0.49504594177437244	0.5239567298393291	0.5049540582256276	0.5714285714285714	endpoint
P_LP.2493	0.0	0.2553630898326348	0.21705579962645988	0.7551374621137535	0.5548835230237862	0.5102486583521079	0.5548835230237862	0.5102486583521079	0.5714285714285714	endpoint
P_LP.2494	0.0	0.07699462602058572	0.3745620553854737	1.200430175680369	0.4633872953477307	0.3689532105772875	0.5366127046522693	0.6310467894227125	0.5714285714285714	baseline
P_LP.2495	0.0	0.2840600526662981	0.5252714784239033	1.1779371558890923	0.3877771171216843	0.3769790932989026	0.6122228828783157	0.6230209067010974	0.7142857142857143	baseline
P_LP.2496	0.0	0.043868864484327794	0.2806413515960119	1.4692183682850675	0.4315354916850743	0.3598179681648903	0.5684645083149257	0.6401820318351097	0.5714285714285714	baseline
P_LP.2497	0.0	1.0997875047398291	1.2565465912965603	1.624262641282853	0.788032219896286	0.8519421899071933	0.788032219896286	0.8519421899071933	1.0	endpoint
P_LP.2498	0.0	0.580673025486117	0.8315178566657262	1.5067786359143702	0.6236042806743087	0.7883287553138685	0.6236042806743087	0.7883287553138685	0.5714285714285714	endpoint
P_LP.2499	0.0	0.04681369301707049	0.2984176693644375	1.6587430501554985	0.46624070390994304	0.5209759151295049	0.533759296090057	0.5209759151295049	0.5714285714285714	endpoint
P_LP.25	0.0	0.17625709524433095	0.03160436483405763	1.4086882789873494	0.5373562571002091	0.42139008309800496	0.5373562571002091	0.578609916901995	0.5714285714285714	endpoint
P_LP.250	0.14285714285714285	1.4718080900118775	1.3571715709269292	2.052460331270368	0.06049247982265414	0.014165847238375547	0.9395075201773458	0.9858341527616244	1.0	baseline
P_LP.2500	0.0	0.19728169575533583	0.4273927527874148	1.0614417476152536	0.5230498120045542	0.6050795956281417	0.5230498120045542	0.6050795956281417	0.5714285714285714	endpoint
P_LP.2501	0.14285714285714285	0.7125482675073603	1.3495518958494324	2.161587379682481	0.6344010247560262	0.6971026164838681	0.6344010247560262	0.6971026164838681	0.7142857142857143	endpoint
P_LP.2502	0.0	0.8794363387072348	0.9943412767006479	1.937724205681253	0.7122629053230964	0.895350154190331	0.7122629053230964	0.895350154190331	0.8571428571428571	endpoint
P_LP.2503	0.0	0.6407088848341524	1.2874756423776716	1.6435593604361753	0.3328954800246691	0.15813848760840224	0.6671045199753309	0.8418615123915978	0.7142857142857143	baseline
P_LP.2504	0.0	0.012696783518790365	0.027340249932040248	1.5198892609674732	0.4655902539140721	0.4460417812658181	0.5344097460859278	0.5539582187341818	0.7142857142857143	baseline
P_LP.2505	0.0	0.24184896138031028	0.015880323975033455	1.5850324334771493	0.5359149190420449	0.45435598285773016	0.5359149190420449	0.5456440171422698	0.5714285714285714	endpoint
P_LP.2506	0.0	0.4283456913582623	0.7754924380539959	1.7683610984379665	0.6061810010348027	0.6689647444767226	0.6061810010348027	0.6689647444767226	0.5714285714285714	endpoint
P_LP.2507	0.0	1.3048910495593193	1.4790055475359747	1.689134524173052	0.8561783709908036	0.9523573890632856	0.8561783709908036	0.9523573890632856	1.0	endpoint
P_LP.2508	0.0	0.025520570324546837	0.1300470531460856	1.0142295701389135	0.4725455068317583	0.4492975790753378	0.5274544931682417	0.5507024209246623	0.5714285714285714	endpoint
P_LP.2509	0.0	0.05257217108229758	0.43831786858231003	1.5592941005992125	0.44440174241131986	0.3227941005903458	0.5555982575886802	0.6772058994096541	0.5714285714285714	baseline
P_LP.251	0.0	0.006864215119663778	0.3167812162606783	1.4961321429072412	0.5012181224149558	0.38099325917486365	0.5012181224149558	0.6190067408251363	0.5714285714285714	baseline
P_LP.2510	0.0	0.6611932811443975	0.9055230856063342	1.556398809725357	0.2817728682101272	0.28777137205255554	0.7182271317898727	0.7122286279474445	0.8571428571428571	baseline
P_LP.2511	0.0	0.8436940659460062	1.1137463618512569	1.4284974460647168	0.230260059637325	0.16920028158756364	0.769739940362675	0.8307997184124364	0.8571428571428571	baseline
P_LP.2512	0.0	0.9087501999072618	1.1265703429696978	1.3831523526857685	0.22067253411583634	0.19364416238379398	0.7793274658841637	0.806355837616206	0.8571428571428571	baseline
P_LP.2513	0.0	1.378521452320206	1.5417008750908308	1.7648046186952195	0.8678226385200644	0.9451245951780385	0.8678226385200644	0.9451245951780385	1.0	endpoint
P_LP.2514	0.0	0.0809320114090074	0.1068247933110245	1.428157653681863	0.453141702026421	0.5297129553737292	0.546858297973579	0.5297129553737292	0.5714285714285714	baseline
P_LP.2515	0.0	0.13570460386965025	0.43035813327731703	1.4825653934221117	0.44994062564042725	0.34150743055643235	0.5500593743595728	0.6584925694435677	0.7142857142857143	baseline
P_LP.2516	0.0	0.12092539541820746	0.3076556122831387	1.384059745856349	0.49686501531772614	0.47326158988029393	0.5031349846822739	0.5267384101197061	0.5714285714285714	endpoint
P_LP.2517	0.0	0.192929530854364	0.17361614748559231	1.4293321290335768	0.5397830173206574	0.48227532168244036	0.5397830173206574	0.5177246783175596	0.5714285714285714	endpoint
P_LP.2518	0.0	0.10653712783653638	0.13032486718749928	1.6533385226689226	0.475038643183174	0.44923764997629134	0.524961356816826	0.5507623500237087	0.5714285714285714	endpoint
P_LP.2519	0.0	0.6899966130756109	0.9168748617115741	1.6416084188685367	0.6910984434605095	0.7456666537689632	0.6910984434605095	0.7456666537689632	0.7142857142857143	endpoint
P_LP.252	0.0	0.678394315072559	0.7212108647599822	1.6659420304464083	0.2783179828311778	0.20693040759364983	0.7216820171688222	0.7930695924063502	0.8571428571428571	baseline
P_LP.2520	0.14285714285714285	0.767577530454467	1.1554424061051165	2.1590829618625937	0.67188071845494	0.6204179912168715	0.67188071845494	0.6204179912168715	0.5714285714285714	endpoint
P_LP.2521	0.0	0.8166591614725861	1.023215871943351	1.5292160644666617	0.713651922779776	0.7571423496166427	0.713651922779776	0.7571423496166427	0.8571428571428571	endpoint
P_LP.2522	0.0	0.013705378881785064	0.30876473523260545	1.2839089941181763	0.4768668243139936	0.3944081918045204	0.5231331756860065	0.6055918081954796	0.5714285714285714	endpoint
P_LP.2523	0.0	0.2001990161905299	0.21124460689760957	1.1872305590955288	0.4158164845398748	0.515840840584621	0.5841835154601251	0.515840840584621	0.5714285714285714	baseline
P_LP.2524	0.0	0.9151991165108725	0.9223454210405656	1.164626349394624	0.20593740025076682	0.20215163727916324	0.7940625997492332	0.7978483627208368	1.0	baseline
P_LP.2525	0.0	0.5246568479070692	0.6450210923638513	1.5900434162494728	0.2943093977754212	0.32260328587194165	0.7056906022245788	0.6773967141280584	0.8571428571428571	baseline
P_LP.2526	0.0	0.28898412493094766	0.528101456327018	1.1538879151878607	0.5390037885057548	0.624582372963451	0.5390037885057548	0.624582372963451	0.5714285714285714	endpoint
P_LP.2527	0.0	0.3079554125541478	0.6030928118716942	1.4798956177555216	0.4145898027164468	0.3190939421314357	0.5854101972835533	0.6809060578685643	0.7142857142857143	baseline
P_LP.2528	0.0	0.9349345926086686	1.1953399280133525	1.7371333870572727	0.21043395007183457	0.1641406979448643	0.7895660499281654	0.8358593020551357	0.8571428571428571	baseline
P_LP.2529	0.0	0.1903410736650238	0.32740705528061853	1.2770260602295378	0.42934175599332314	0.44620524276795565	0.5706582440066769	0.5537947572320443	0.7142857142857143	baseline
P_LP.253	0.0	0.6040638199012065	1.1380886335861642	1.8963892985113735	0.2508253471375148	0.19857676502649516	0.7491746528624852	0.8014232349735049	0.8571428571428571	baseline
P_LP.2530	0.0	0.22901617153795703	0.15843969073216754	1.3097702635105593	0.42802308554560514	0.43943528195580606	0.5719769144543949	0.5605647180441939	0.7142857142857143	baseline
P_LP.2531	0.0	0.20711408630011216	0.26048606769016447	1.6409021930235186	0.4281239697166194	0.34762590409473954	0.5718760302833805	0.6523740959052604	0.7142857142857143	baseline
P_LP.2532	0.0	0.44951672474927085	0.33840074315052865	1.515126333233429	0.605875399010542	0.5098319370855912	0.605875399010542	0.5098319370855912	0.5714285714285714	endpoint
P_LP.2533	0.0	0.36150610889758056	0.716972104304752	1.4531473963493526	0.37365650274216483	0.2883398910124958	0.6263434972578352	0.7116601089875042	0.7142857142857143	baseline
P_LP.2534	0.14285714285714285	0.658194263089115	0.7631293655501168	2.028457314796021	0.6566185746465457	0.7363653545546534	0.6566185746465457	0.7363653545546534	0.8571428571428571	endpoint
P_LP.2535	0.0	1.0574817715063445	1.232764041801118	1.5757188165602776	0.775973714357794	0.8148823714290538	0.775973714357794	0.8148823714290538	1.0	endpoint
P_LP.2536	0.0	1.2032582703224708	1.1902034628981792	1.790403889472267	0.8189297655039587	0.7975994208509479	0.8189297655039587	0.7975994208509479	1.0	endpoint
P_LP.2537	0.0	0.016884886381102637	0.6734045492756378	1.9377730173392804	0.4211027850639432	0.3001056720062637	0.5788972149360567	0.6998943279937363	0.5714285714285714	endpoint
P_LP.2538	0.0	0.4759885299534748	0.3198245999119377	1.8505872797319551	0.5664424884922249	0.5683354737052142	0.5664424884922249	0.5683354737052142	0.8571428571428571	endpoint
P_LP.2539	0.0	0.2045457529550851	0.47854645391925954	1.5676774592561942	0.3916766279376881	0.35272872311146813	0.6083233720623119	0.6472712768885318	0.7142857142857143	baseline
P_LP.254	0.0	0.4435484146887081	0.7545952205958489	1.1882148965124077	0.5842337314839694	0.6401295981265911	0.5842337314839694	0.6401295981265911	0.7142857142857143	endpoint
P_LP.2540	0.0	0.276265659026455	0.6589028390002103	1.8181456844898038	0.4096622300415049	0.2240453639854251	0.5903377699584951	0.7759546360145749	0.5714285714285714	baseline
P_LP.2541	0.0	0.055621083122216745	0.278720327987401	1.4709901306905648	0.4479576064653489	0.5357893729755712	0.5520423935346511	0.5357893729755712	0.5714285714285714	baseline
P_LP.2542	0.0	0.21956495897155337	0.34415187612185727	1.4011123665341185	0.40149213851826593	0.3179927460228598	0.5985078614817341	0.6820072539771402	0.7142857142857143	baseline
P_LP.2543	0.0	0.3678090396432619	0.4093685291638738	1.269473731688051	0.37079566760483934	0.30711018903871223	0.6292043323951606	0.6928898109612878	0.7142857142857143	baseline
P_LP.2544	0.0	0.312220787672707	0.21217645092947682	1.158061188399997	0.5749365986586665	0.5392641947577097	0.5749365986586665	0.5392641947577097	0.5714285714285714	endpoint
P_LP.2545	0.0	0.031512581027233574	0.1259274392316052	1.3102701625833466	0.47690389977031783	0.46231068654039204	0.5230961002296821	0.5376893134596079	0.5714285714285714	endpoint
P_LP.2546	0.14285714285714285	1.362725422489188	1.6281146015799768	2.012569128298448	0.8641626038026496	0.9445417163635946	0.8641626038026496	0.9445417163635946	0.8571428571428571	endpoint
P_LP.2547	0.0	0.2963826720634368	0.3434861115714628	1.461549172870316	0.5893297732334151	0.6249984035487826	0.5893297732334151	0.6249984035487826	0.5714285714285714	endpoint
P_LP.2548	0.0	0.4070031075526188	1.1727062251529337	1.6130105433900455	0.36859954594087047	0.24692012825754378	0.6314004540591296	0.7530798717424563	0.5714285714285714	baseline
P_LP.2549	0.0	0.7858553862609241	0.8439458074034472	1.867436580438168	0.6905384979449529	0.706748212011377	0.6905384979449529	0.706748212011377	0.7142857142857143	endpoint
P_LP.255	0.0	0.039312317618852975	0.02580929835425919	1.0701532045793591	0.4646892447838799	0.47178339260553825	0.53531075521612	0.5282166073944617	0.5714285714285714	endpoint
P_LP.2550	0.0	0.39440795990740857	0.528854060798904	1.456861143539251	0.3835445362999407	0.3074330450254273	0.6164554637000593	0.6925669549745728	0.7142857142857143	baseline
P_LP.2551	0.0	0.24412532211113844	0.34063032648895747	1.52702291944253	0.438062343362788	0.3741412375309721	0.5619376566372121	0.6258587624690279	0.7142857142857143	baseline
P_LP.2552	0.0	0.3423817683041993	0.5899278322912982	1.688685213014092	0.5396202462656295	0.6046081098202104	0.5396202462656295	0.6046081098202104	0.5714285714285714	endpoint
P_LP.2553	0.0	0.04914275797251367	0.055502691967694265	1.6380050787626637	0.46353666767885987	0.46697521343151466	0.5364633323211401	0.5330247865684854	0.5714285714285714	baseline
P_LP.2554	0.0	0.8833182828152122	1.286272224517829	1.8090065070512316	0.695125558928634	0.8615360663781702	0.695125558928634	0.8615360663781702	0.8571428571428571	endpoint
P_LP.2555	0.0	0.08580760374173527	0.3150632089335153	1.322927380392618	0.5045699102089511	0.5719005391972615	0.5045699102089511	0.5719005391972615	0.7142857142857143	endpoint
P_LP.2556	0.0	0.19841285301641068	0.6941950780641514	1.659735719743241	0.5141711966881138	0.6724313713886265	0.5141711966881138	0.6724313713886265	0.5714285714285714	endpoint
P_LP.2557	0.0	0.4605883868056871	0.8240207500379705	1.4848014941377319	0.3384082945609669	0.20060030612992552	0.6615917054390331	0.7993996938700745	0.8571428571428571	baseline
P_LP.2558	0.0	0.5224536638577316	0.45156426428857743	1.5961792700707138	0.3294246298470555	0.35021847559295816	0.6705753701529444	0.6497815244070418	0.8571428571428571	baseline
P_LP.2559	0.0	0.5185275337714262	0.2971169165777715	1.4671694435650373	0.6454859071727054	0.5291238337221172	0.6454859071727054	0.5291238337221172	0.7142857142857143	endpoint
P_LP.256	0.0	0.5624816124479718	0.7319275626765221	1.3088456650585747	0.2949593774701693	0.23338723894904226	0.7050406225298307	0.7666127610509578	0.8571428571428571	baseline
P_LP.2560	0.0	0.3460362588080195	0.5214833931243386	1.5274111224890046	0.34380728684793105	0.34113324517170096	0.656192713152069	0.658866754828299	0.5714285714285714	baseline
P_LP.2561	0.0	0.07824223825420122	0.1535157903739475	1.4871156706337625	0.4447307682167879	0.5021052667488336	0.5552692317832121	0.5021052667488336	0.5714285714285714	baseline
P_LP.2562	0.0	0.4837440694540142	0.8664706386919184	1.2945952528356162	0.35009715321443824	0.25046144478621285	0.6499028467855618	0.7495385552137872	0.7142857142857143	baseline
P_LP.2563	0.0	0.6488894208614988	0.6402200685921299	1.7957847458146994	0.6307768013720022	0.6154569797880616	0.6307768013720022	0.6154569797880616	0.7142857142857143	endpoint
P_LP.2564	0.14285714285714285	0.9107037317073104	1.1491779450549464	2.3526119469239557	0.6714365704470754	0.7859273139163556	0.6714365704470754	0.7859273139163556	0.7142857142857143	endpoint
P_LP.2565	0.0	0.22362971926826983	0.27133809082316424	1.645195893785073	0.561702278757332	0.46770878469314914	0.561702278757332	0.5322912153068509	0.5714285714285714	endpoint
P_LP.2566	0.0	1.2104991480586043	1.4829746416916774	1.6752959201151558	0.8497492668251125	0.941173529285329	0.8497492668251125	0.941173529285329	0.8571428571428571	endpoint
P_LP.2567	0.0	0.40391038056159595	0.7955865720829483	1.3751342015599832	0.37763517619479037	0.2556618815545158	0.6223648238052096	0.7443381184454843	0.7142857142857143	baseline
P_LP.2568	0.0	0.37587874356035517	0.8906043632168124	1.1528816201767373	0.33747866545195937	0.2852327458732492	0.6625213345480406	0.7147672541267508	0.5714285714285714	baseline
P_LP.2569	0.0	0.44126457024611826	0.36618988697631205	0.9943320515177931	0.5738577198225604	0.5720143839601687	0.5738577198225604	0.5720143839601687	0.7142857142857143	endpoint
P_LP.257	0.14285714285714285	0.43573424532184285	0.3246616336878206	2.1112684813630365	0.39936930154479855	0.38358362775582605	0.6006306984552015	0.616416372244174	0.7142857142857143	baseline
P_LP.2570	0.0	0.06562322529778598	0.040721167608122256	1.2395953356101495	0.45491310022449155	0.4307309444521429	0.5450868997755085	0.5692690555478571	0.5714285714285714	endpoint
P_LP.2571	0.0	1.2403908824706253	1.3081729966726852	1.7366063387825978	0.11960698863187957	0.10158116767648381	0.8803930113681204	0.8984188323235162	1.0	baseline
P_LP.2572	0.0	0.7772319609501619	1.0689390879862677	1.3182317504046948	0.6994421444203389	0.7168482737098306	0.6994421444203389	0.7168482737098306	0.8571428571428571	endpoint
P_LP.2573	0.0	0.47850591894362104	0.6921640583691173	1.2977647000885342	0.629191603081564	0.6600933482036543	0.629191603081564	0.6600933482036543	0.5714285714285714	endpoint
P_LP.2574	0.0	0.6863128140324962	0.6973583178841973	1.6239683295042413	0.2812196314896495	0.22581295845240615	0.7187803685103504	0.7741870415475939	0.8571428571428571	baseline
P_LP.2575	0.0	0.7644269624240257	0.8108181167538293	1.4466288011873045	0.24643858508105781	0.26299599395707485	0.7535614149189422	0.7370040060429252	1.0	baseline
P_LP.2576	0.0	0.6939762921121273	1.1315530509543383	1.7337314615569008	0.6662795022327331	0.77940729113256	0.6662795022327331	0.77940729113256	0.7142857142857143	endpoint
P_LP.2577	0.0	0.05519506156869457	0.22475613199224997	1.7174258775394904	0.5296396067762912	0.5180415421334584	0.5296396067762912	0.5180415421334584	0.7142857142857143	endpoint
P_LP.2578	0.0	0.9030640953892597	1.0698761301773514	1.7204355559203606	0.21767337039856752	0.16317448299403986	0.7823266296014325	0.8368255170059602	0.8571428571428571	baseline
P_LP.2579	0.0	0.3317968003872502	0.2843113598002103	1.6601653831746273	0.36271010924618113	0.3402357973541516	0.6372898907538189	0.6597642026458483	0.7142857142857143	baseline
P_LP.258	0.0	0.7336819543912575	1.086828006915838	1.6530235823468067	0.6765004046474503	0.7183554803248174	0.6765004046474503	0.7183554803248174	0.7142857142857143	endpoint
P_LP.2580	0.0	0.11786895504484847	0.29671695230123146	1.3176166406165712	0.4754188695775569	0.39970110814758647	0.524581130422443	0.6002988918524135	0.7142857142857143	baseline
P_LP.2581	0.0	0.41133198834337387	0.677687265660619	1.337802572592299	0.32049275867974397	0.2212445182777938	0.6795072413202561	0.7787554817222062	0.7142857142857143	baseline
P_LP.2582	0.0	0.9694001275269528	1.1624663048449722	1.6101325363074934	0.7829917063383629	0.8807069185430952	0.7829917063383629	0.8807069185430952	0.8571428571428571	endpoint
P_LP.2583	0.0	0.07107654890543333	0.14665900812014954	0.5478083359592009	0.44814072480310674	0.41550554612151286	0.5518592751968933	0.5844944538784871	0.7142857142857143	baseline
P_LP.2584	0.0	0.2102014846585794	0.989597190757744	1.4390903660454433	0.541547390141159	0.6908234229393302	0.541547390141159	0.6908234229393302	0.5714285714285714	endpoint
P_LP.2585	0.14285714285714285	1.0234883605130323	1.2669958199114704	2.4173104801212215	0.7302511065830536	0.841637134344631	0.7302511065830536	0.841637134344631	0.7142857142857143	endpoint
P_LP.2586	0.0	0.5697489705752946	0.8610214747753492	1.4514497903194252	0.2959285183932168	0.2660051449092567	0.7040714816067832	0.7339948550907434	0.8571428571428571	baseline
P_LP.2587	0.0	0.3047094373510144	0.44517210977014443	1.561933491466603	0.37694932486700583	0.29034016093727016	0.6230506751329942	0.7096598390627298	0.7142857142857143	baseline
P_LP.2588	0.0	0.9782239532422269	0.952767230103344	1.541553533313661	0.21039070932502235	0.1905248357462822	0.7896092906749776	0.8094751642537178	1.0	baseline
P_LP.2589	0.0	0.18858529838464724	0.7300241668166128	1.149567944583097	0.3935955887559052	0.2787675049273759	0.6064044112440947	0.7212324950726241	0.5714285714285714	baseline
P_LP.259	0.0	0.23470607842095267	0.3228515928097167	1.1813540810711327	0.5169467120625304	0.5469953328439271	0.5169467120625304	0.5469953328439271	0.5714285714285714	endpoint
P_LP.2590	0.0	0.2397792408063824	0.1671306898430537	1.6096344831935472	0.4913805736485576	0.513403749891515	0.5086194263514424	0.513403749891515	0.5714285714285714	endpoint
P_LP.2591	0.0	0.015178854513427043	0.44644122727499963	1.158238270870963	0.4692460363788172	0.41927412975424583	0.5307539636211829	0.5807258702457542	0.5714285714285714	baseline
P_LP.2592	0.0	0.3533069360398176	0.5085106675467546	1.9631959284488707	0.5525068598610082	0.6113631863242869	0.5525068598610082	0.6113631863242869	0.5714285714285714	endpoint
P_LP.2593	0.0	0.10071052989460898	0.3545582665643253	1.3722161480705164	0.5321799301397492	0.4422484088361684	0.5321799301397492	0.5577515911638316	0.7142857142857143	endpoint
P_LP.2594	0.14285714285714285	0.8584897347948904	1.47220624231931	2.5961704673096566	0.6839857290400297	0.8231664470125265	0.6839857290400297	0.8231664470125265	0.7142857142857143	endpoint
P_LP.2595	0.0	0.2393416191573761	0.6105292698170051	1.4697517556848911	0.42181700338312905	0.31708566474484784	0.578182996616871	0.6829143352551521	0.5714285714285714	baseline
P_LP.2596	0.0	0.2515243130764571	0.38815148708591457	1.4664532331854998	0.5498075952972487	0.5904781702242818	0.5498075952972487	0.5904781702242818	0.5714285714285714	endpoint
P_LP.2597	0.0	0.4625019132764182	0.9163641161249368	1.1688547832254854	0.32331682977890813	0.26986742728167395	0.6766831702210918	0.7301325727183261	0.8571428571428571	baseline
P_LP.2598	0.0	0.05452827500044825	0.17309719052577952	1.1136342580675913	0.5115333496945559	0.42813748994213	0.5115333496945559	0.57186251005787	0.5714285714285714	endpoint
P_LP.2599	0.0	0.346964117036065	0.626012598656882	1.5268512817980722	0.559991852665066	0.6307402412917785	0.559991852665066	0.6307402412917785	0.5714285714285714	endpoint
P_LP.26	0.0	0.42075377607137326	0.2813372560783434	1.4873181016264887	0.3818735656479047	0.4806471772015345	0.6181264343520954	0.5193528227984655	0.7142857142857143	baseline
P_LP.2600	0.0	0.2986664750722442	0.46649675122062195	1.380068233868018	0.5444554134980842	0.5731207524059146	0.5444554134980842	0.5731207524059146	0.5714285714285714	endpoint
P_LP.2601	0.0	0.004347437543940196	0.15962458876639285	1.1374080761386371	0.47086624997270643	0.47636671055002344	0.5291337500272936	0.5236332894499766	0.5714285714285714	endpoint
P_LP.2602	0.0	0.5999496549422213	0.9641092914713889	1.4352776833864835	0.6818559926575709	0.7612011883588268	0.6818559926575709	0.7612011883588268	0.7142857142857143	endpoint
P_LP.2603	0.0	0.6850392023245819	0.49244662487814717	1.6251668448185241	0.264040782306266	0.2756765962202454	0.735959217693734	0.7243234037797546	1.0	baseline
P_LP.2604	0.0	1.0082429458612634	1.148330327973623	1.8258024610924686	0.7954008115999447	0.9145600536879567	0.7954008115999447	0.9145600536879567	0.8571428571428571	endpoint
P_LP.2605	0.14285714285714285	0.7964681390762405	0.6487822375994549	2.2469460602919717	0.6687265746223103	0.6874572149504051	0.6687265746223103	0.6874572149504051	0.8571428571428571	endpoint
P_LP.2606	0.0	0.046472302835411136	0.1746681809643674	0.999990958553756	0.5032333541710912	0.4085920647463628	0.5032333541710912	0.5914079352536372	0.5714285714285714	endpoint
P_LP.2607	0.0	0.06610142487214052	0.27501361298304317	1.6698657986179917	0.5307502043512375	0.5366758867258453	0.5307502043512375	0.5366758867258453	0.7142857142857143	endpoint
P_LP.2608	0.0	0.7686773675057912	1.2232511151825225	1.7384439213277356	0.7190995584630681	0.8724361660561823	0.7190995584630681	0.8724361660561823	0.7142857142857143	endpoint
P_LP.2609	0.0	0.46441371906554135	0.6833937075184136	1.67190773038125	0.35945730008208987	0.3217340741665538	0.6405426999179101	0.6782659258334462	0.7142857142857143	baseline
P_LP.261	0.0	1.100570732683088	1.4844736636003988	1.8046369376542521	0.7730216195252891	0.8524850587562753	0.7730216195252891	0.8524850587562753	0.8571428571428571	endpoint
P_LP.2610	0.14285714285714285	0.383927271089922	0.665791101954679	2.496069541542665	0.30008375931240205	0.19831283562757288	0.699916240687598	0.8016871643724272	0.7142857142857143	baseline
P_LP.2611	0.0	1.3914924274243403	1.5451012482883655	1.8509672516518452	0.8550259693139094	0.907681282761295	0.8550259693139094	0.907681282761295	1.0	endpoint
P_LP.2612	0.0	0.4151348000380549	0.1473024549857444	1.464963684887473	0.5940831532075713	0.6047000107496101	0.5940831532075713	0.6047000107496101	0.5714285714285714	endpoint
P_LP.2613	0.0	0.4316643025934845	0.5044116992045014	1.7174904312850265	0.5831714666004892	0.5033448162718127	0.5831714666004892	0.5033448162718127	0.5714285714285714	endpoint
P_LP.2614	0.14285714285714285	1.2135204861892637	1.2252133095969304	2.049717833125817	0.11828337743835204	0.041173279742043024	0.881716622561648	0.958826720257957	1.0	baseline
P_LP.2615	0.0	0.5385154946447516	0.9522619399527311	1.4974782121583803	0.612212623938393	0.731495016014607	0.612212623938393	0.731495016014607	0.5714285714285714	endpoint
P_LP.2616	0.0	0.9655571557686101	1.0956289710764768	1.4540620260976724	0.1891209119600728	0.13590930204672383	0.8108790880399273	0.8640906979532762	1.0	baseline
P_LP.2617	0.0	1.1600706694995733	1.239189850637247	1.8410101355824584	0.15127243373622465	0.12441945660957619	0.8487275662637753	0.8755805433904238	1.0	baseline
P_LP.2618	0.0	1.23477127878891	1.3164414912879863	1.7062258459429915	0.8319178551327283	0.8374801633896458	0.8319178551327283	0.8374801633896458	1.0	endpoint
P_LP.2619	0.0	0.6220645811296449	0.45061725094331473	1.7244301870046637	0.33424175510828585	0.36027123692308466	0.6657582448917141	0.6397287630769153	0.7142857142857143	baseline
P_LP.262	0.14285714285714285	0.7161313624255702	1.0245300859649584	2.124003235787756	0.675744976028051	0.7509739474421979	0.675744976028051	0.7509739474421979	0.8571428571428571	endpoint
P_LP.2621	0.14285714285714285	1.2172408772022982	1.4872254421115194	2.175807635427843	0.8039821728355416	0.9467087009721943	0.8039821728355416	0.9467087009721943	1.0	endpoint
P_LP.2622	0.0	0.4572376237147531	0.7358541453493281	1.2817558589654885	0.357689608599571	0.3137130810041092	0.642310391400429	0.6862869189958908	0.7142857142857143	baseline
P_LP.2623	0.0	0.20804053913677428	0.06478273983346049	1.429897548819744	0.43806705690847325	0.5626888163207074	0.5619329430915267	0.5626888163207074	0.5714285714285714	baseline
P_LP.2624	0.0	0.043414890427039374	0.21445576525688403	1.6727859696677037	0.42537329637715005	0.3765858904315713	0.57462670362285	0.6234141095684287	0.7142857142857143	baseline
P_LP.2625	0.0	0.3575038850264095	0.3233198436906206	1.3977565844367963	0.3595902424994879	0.3946489616728164	0.6404097575005121	0.6053510383271836	0.7142857142857143	baseline
P_LP.2626	0.0	0.01912991744293102	0.0831448891579084	1.500477262575152	0.483981819915869	0.40263342437200145	0.516018180084131	0.5973665756279986	0.7142857142857143	endpoint
P_LP.2627	0.0	0.5785683193792224	0.8994902131646644	1.186450495012608	0.2888285292043777	0.24910380146617023	0.7111714707956223	0.7508961985338298	0.8571428571428571	baseline
P_LP.2628	0.0	0.08980148215077013	0.06538456797008126	1.2371222739044976	0.5151480325723047	0.49210447851294453	0.5151480325723047	0.5078955214870555	0.7142857142857143	endpoint
P_LP.2629	0.0	1.4630669969031034	1.5218675655927538	1.9976064775195521	0.8768716932292545	0.9082677539698915	0.8768716932292545	0.9082677539698915	1.0	endpoint
P_LP.263	0.0	0.5504514189345976	1.0338385250327797	1.3103654856643887	0.28631485055641254	0.1951970759732562	0.7136851494435874	0.8048029240267438	0.8571428571428571	baseline
P_LP.2630	0.0	0.0763591535464416	0.5362484988875508	1.8940958815999953	0.511259809679643	0.3616731863312547	0.511259809679643	0.6383268136687452	0.5714285714285714	baseline
P_LP.2631	0.0	0.0914161734748996	0.1817574748647941	0.6368581881404398	0.4997977088583604	0.4946092564545673	0.5002022911416396	0.5053907435454327	0.5714285714285714	endpoint
P_LP.2632	0.0	0.3429744031709248	0.4432531505849373	1.0943615516704606	0.34533764556309354	0.3622599735408475	0.6546623544369065	0.6377400264591525	0.8571428571428571	baseline
P_LP.2633	0.0	0.6088826396666827	0.814104399465698	1.2586338300653557	0.27308610283864104	0.16401834034512142	0.7269138971613589	0.8359816596548786	0.8571428571428571	baseline
P_LP.2634	0.0	0.7506937697099946	1.1435110097024614	1.4586375015056499	0.7172979119072255	0.8758813799208601	0.7172979119072255	0.8758813799208601	0.7142857142857143	endpoint
P_LP.2635	0.0	0.758083617018511	0.9405267545778258	1.6364727391055844	0.6699084330009237	0.7259142808552654	0.6699084330009237	0.7259142808552654	0.7142857142857143	endpoint
P_LP.2637	0.0	0.8315556185009315	1.0301422207538133	1.6040154353927436	0.2180040742787426	0.16154866245612617	0.7819959257212574	0.8384513375438738	1.0	baseline
P_LP.2638	0.0	0.5951307047553476	1.0787517420405326	1.842538174701356	0.3448846191577532	0.2022496232555511	0.6551153808422467	0.7977503767444489	0.7142857142857143	baseline
P_LP.2639	0.14285714285714285	0.9539306406727113	1.1107462010550362	2.1399001960912414	0.7268059565902406	0.7268483304805979	0.7268059565902406	0.7268483304805979	0.8571428571428571	endpoint
P_LP.264	0.0	0.1467263575511022	0.14358721486679385	1.5362532500627746	0.5230568014206777	0.4729609755525445	0.5230568014206777	0.5270390244474554	0.5714285714285714	endpoint
P_LP.2640	0.0	1.0777631156314549	1.030432274144524	1.9178564677574805	0.7677928105603337	0.7194549231031275	0.7677928105603337	0.7194549231031275	1.0	endpoint
P_LP.2641	0.0	0.23404761809331598	0.27711236348165685	1.598056595027555	0.42199691687759977	0.3429377223233971	0.5780030831224002	0.6570622776766029	0.7142857142857143	baseline
P_LP.2642	0.0	0.7185272805522863	0.7722291788874434	1.6006356881395871	0.690729202729826	0.7311062288714297	0.690729202729826	0.7311062288714297	0.8571428571428571	endpoint
P_LP.2643	0.0	0.007341638134728022	0.11206601333612756	1.5876573621048427	0.4724246505483478	0.4072669378068656	0.5275753494516522	0.5927330621931344	0.5714285714285714	endpoint
P_LP.2644	0.0	0.3573386664403607	0.7091832509921182	1.621689075349506	0.3572658532620013	0.2904433357021919	0.6427341467379988	0.7095566642978082	0.7142857142857143	baseline
P_LP.2645	0.0	0.31838930056232984	0.22038459097883983	1.6618339562401614	0.3843229379501097	0.37164295124299923	0.6156770620498904	0.6283570487570007	0.5714285714285714	baseline
P_LP.2646	0.0	0.6977410212242507	0.7733272189212441	1.6493082945098356	0.6371379842157199	0.6783949710617629	0.6371379842157199	0.6783949710617629	0.8571428571428571	endpoint
P_LP.2647	0.0	0.7219567630499178	0.8074074225950565	1.913658514470778	0.6541978955371144	0.5879794675134407	0.6541978955371144	0.5879794675134407	0.8571428571428571	endpoint
P_LP.2648	0.0	0.09440243356154798	0.12642109279223013	1.5016764221343615	0.4652363335033568	0.38921005215444915	0.5347636664966432	0.6107899478455509	0.7142857142857143	baseline
P_LP.265	0.0	0.4045524865440546	0.26385077779069355	1.5329716063789471	0.5766740927194295	0.5308990515926086	0.5766740927194295	0.5308990515926086	0.5714285714285714	endpoint
P_LP.2650	0.14285714285714285	0.9466822130229561	1.4669438629415552	2.0965305268610375	0.7593079076988911	0.8985426014416027	0.7593079076988911	0.8985426014416027	0.8571428571428571	endpoint
P_LP.2651	0.0	0.7661358539293593	0.957344886015175	1.6041493601845598	0.7045707035661817	0.8783745839947144	0.7045707035661817	0.8783745839947144	0.7142857142857143	endpoint
P_LP.2652	0.0	0.22654951702250337	0.7310062577058782	1.3133615876746765	0.4340825377174898	0.3196607057564903	0.5659174622825103	0.6803392942435097	0.5714285714285714	baseline
P_LP.2653	0.0	0.8341194169932216	1.344370513474184	1.515496996608045	0.26198439217763175	0.16307201275958344	0.7380156078223683	0.8369279872404165	0.8571428571428571	baseline
P_LP.2654	0.0	0.7399583920397719	0.7948622281754829	1.661665744602477	0.2673017955708387	0.27536846604607856	0.7326982044291612	0.7246315339539214	1.0	baseline
P_LP.2655	0.0	0.5456147720600174	0.6340546810029606	1.8265191886959258	0.5884191156838581	0.6488164367374787	0.5884191156838581	0.6488164367374787	0.7142857142857143	endpoint
P_LP.2656	0.0	0.697456503193244	0.9790834968420029	1.4941708751168201	0.665289347883439	0.7472911200693934	0.665289347883439	0.7472911200693934	0.8571428571428571	endpoint
P_LP.2657	0.0	0.7574890150469337	1.0709196885822552	1.2716033918180265	0.2429498452139001	0.20959584960520106	0.7570501547860999	0.7904041503947989	0.8571428571428571	baseline
P_LP.2658	0.0	0.14309012154040332	0.07370181757008627	1.1914200589618784	0.43715320703974436	0.42065219181083385	0.5628467929602556	0.5793478081891661	0.5714285714285714	baseline
P_LP.2659	0.0	0.18754265082812108	0.00891118544964316	1.451952685603687	0.5097303988857367	0.4311872911756947	0.5097303988857367	0.5688127088243053	0.5714285714285714	endpoint
P_LP.266	0.0	0.2085766193209556	0.5872697930977794	1.5585244325018637	0.47251814576971707	0.6034911965487515	0.5274818542302829	0.6034911965487515	0.5714285714285714	endpoint
P_LP.2660	0.0	0.6784457681561691	0.9577218942742279	1.1909628818691587	0.2573185057840959	0.25084491306698325	0.7426814942159041	0.7491550869330168	0.8571428571428571	baseline
P_LP.2661	0.0	0.6321573349075003	1.0751679153328222	1.625410863066223	0.235749359275005	0.15609872711979136	0.7642506407249949	0.8439012728802087	0.8571428571428571	baseline
P_LP.2662	0.0	0.03894708067416875	0.3294001939241084	1.5963131668637598	0.4483631115350581	0.39300691246521646	0.5516368884649419	0.6069930875347835	0.5714285714285714	baseline
P_LP.2663	0.14285714285714285	1.1172778250614244	1.0382723497150124	2.076609138254401	0.16596252818200377	0.10871695296440682	0.8340374718179963	0.8912830470355931	1.0	baseline
P_LP.2664	0.0	0.05061379878272666	0.1872889185225576	1.4399517217261986	0.48317639170693527	0.5177522143427276	0.5168236082930647	0.5177522143427276	0.5714285714285714	baseline
P_LP.2665	0.0	1.0255165149785685	1.1405245078509105	1.5931770950873232	0.16420308936432373	0.11418581110756476	0.8357969106356763	0.8858141888924352	1.0	baseline
P_LP.2666	0.14285714285714285	0.7717847044126331	1.1262578209912733	2.003058419222617	0.28605624527940016	0.11996256658944543	0.7139437547205998	0.8800374334105545	0.7142857142857143	baseline
P_LP.2667	0.0	0.8622009066391524	0.9092664014466184	1.3851277645679885	0.7310232920816564	0.7650846692160331	0.7310232920816564	0.7650846692160331	0.8571428571428571	endpoint
P_LP.2669	0.0	0.36435258574233986	0.3471346830754402	0.9376427716662441	0.5827834073612265	0.5752160783075885	0.5827834073612265	0.5752160783075885	0.5714285714285714	endpoint
P_LP.267	0.0	0.5204165725526341	0.471677837646646	1.5776375902753939	0.6118537439912496	0.5825295007076012	0.6118537439912496	0.5825295007076012	0.7142857142857143	endpoint
P_LP.2670	0.0	0.17252575649615517	0.15285438369322707	1.24608471092779	0.5379284358169202	0.5254876955043422	0.5379284358169202	0.5254876955043422	0.5714285714285714	endpoint
P_LP.2671	0.0	0.21404732990252814	0.5168973732955643	1.146622535076155	0.5277567315335451	0.5431231691626811	0.5277567315335451	0.5431231691626811	0.5714285714285714	endpoint
P_LP.2672	0.0	0.10633430494138987	0.38081135692913326	1.144988697421626	0.5180448292351544	0.5693652333908344	0.5180448292351544	0.5693652333908344	0.5714285714285714	endpoint
P_LP.2673	0.0	0.3216358016123652	0.8575398450542594	1.6383784890603352	0.31730175421028267	0.2883434911004095	0.6826982457897173	0.7116565088995905	0.7142857142857143	baseline
P_LP.2674	0.0	0.09367838948989017	0.46579048049028654	1.2370349172224935	0.47014321611994997	0.3768721501476986	0.5298567838800501	0.6231278498523014	0.5714285714285714	baseline
P_LP.2675	0.0	0.167553787112223	0.461657998235009	1.654698083795041	0.3995967626059688	0.612223397801257	0.6004032373940311	0.612223397801257	0.5714285714285714	baseline
P_LP.2676	0.0	0.49633203437653156	0.5461859810004857	0.8907429552660527	0.3129058114601125	0.2957078893483518	0.6870941885398876	0.7042921106516482	1.0	baseline
P_LP.2677	0.0	0.17196150305566152	1.1295221628345957	1.7580492184890637	0.5133828801178273	0.5989217302638424	0.5133828801178273	0.5989217302638424	0.5714285714285714	endpoint
P_LP.2678	0.0	0.10666574984372408	0.5314433111343357	1.636378342759484	0.4715799393982091	0.5074778426708277	0.5284200606017909	0.5074778426708277	0.5714285714285714	endpoint
P_LP.2679	0.0	0.0711583230290368	0.2958379713159497	1.946352725056024	0.5066451799700059	0.5561288980948751	0.5066451799700059	0.5561288980948751	0.5714285714285714	endpoint
P_LP.268	0.0	1.1735484015569084	1.3787214220512238	1.6143666781927402	0.8146912363217391	0.8480309793948554	0.8146912363217391	0.8480309793948554	1.0	endpoint
P_LP.2680	0.0	0.5637295468513858	0.44594702420415294	1.4074433707166547	0.5901773578008609	0.6398437501039891	0.5901773578008609	0.6398437501039891	0.8571428571428571	endpoint
P_LP.2681	0.0	0.7311370388127602	1.269848545728233	1.8038535302429048	0.6619918265742342	0.7512782909671147	0.6619918265742342	0.7512782909671147	0.7142857142857143	endpoint
P_LP.2682	0.0	0.07292338536313071	0.059079947129374456	1.4019336581064747	0.4701388514594053	0.44674859057735056	0.5298611485405946	0.5532514094226495	0.5714285714285714	baseline
P_LP.2683	0.0	0.5265178729533436	0.7279138516721224	1.5242420150995775	0.6516933648019314	0.6343739840734338	0.6516933648019314	0.6343739840734338	0.7142857142857143	endpoint
P_LP.2684	0.0	0.37149733212066316	0.6530192983274796	1.249760451143078	0.35400933510034854	0.34933828525593963	0.6459906648996514	0.6506617147440603	0.7142857142857143	baseline
P_LP.2685	0.0	0.6404782610158236	0.8002240254678231	1.5012598442489595	0.27275932835724015	0.3047292845839973	0.7272406716427599	0.6952707154160027	0.8571428571428571	baseline
P_LP.2686	0.0	0.5527187384931498	0.842961968725656	1.5010925438618676	0.2911079953414756	0.2022693144256151	0.7088920046585244	0.7977306855743849	0.7142857142857143	baseline
P_LP.2687	0.0	0.2873481819768878	0.3370024969324494	1.6397242936013348	0.3959161675896106	0.37469591830129	0.6040838324103894	0.62530408169871	0.5714285714285714	baseline
P_LP.2689	0.0	0.2993489822004292	0.5319664504636932	1.6943820360157977	0.5814963008738774	0.5934280822571395	0.5814963008738774	0.5934280822571395	0.5714285714285714	endpoint
P_LP.269	0.0	0.046827098998409804	0.07204327927982392	1.3090255760359313	0.5207477457317119	0.41924262437186627	0.5207477457317119	0.5807573756281337	0.5714285714285714	endpoint
P_LP.2690	0.0	0.17475628068603424	0.06437224177974084	1.4777964637020855	0.5375731341111815	0.5057541384248697	0.5375731341111815	0.5057541384248697	0.5714285714285714	endpoint
P_LP.2691	0.0	1.2162135547515958	1.3758813735415825	1.955225243470553	0.8402636532083563	0.951072473919084	0.8402636532083563	0.951072473919084	0.8571428571428571	endpoint
P_LP.2692	0.0	0.15217557271147436	0.5042580413524616	1.3601680346807845	0.43846815698328706	0.3139904476587725	0.5615318430167129	0.6860095523412275	0.7142857142857143	baseline
P_LP.2693	0.0	0.5929956976898134	0.9455599062171164	1.4256575667771085	0.6264985100389537	0.621800076933302	0.6264985100389537	0.621800076933302	0.5714285714285714	endpoint
P_LP.2694	0.0	0.20654745891145995	0.22686389657737438	1.2221526099715587	0.4271874783685864	0.42841257927534904	0.5728125216314136	0.571587420724651	0.7142857142857143	baseline
P_LP.2695	0.0	0.11902806343195906	0.10229102623947682	1.1515438229439592	0.5137024958035697	0.46015176253111645	0.5137024958035697	0.5398482374688836	0.5714285714285714	endpoint
P_LP.2696	0.0	0.542568976127477	1.0556240613118686	1.529538672542469	0.6554732049393429	0.8762932538648236	0.6554732049393429	0.8762932538648236	0.5714285714285714	endpoint
P_LP.2697	0.0	0.13729255408956967	0.45514647274187703	1.8228531335103724	0.4682697673734567	0.4958123582721936	0.5317302326265433	0.5041876417278064	0.5714285714285714	endpoint
P_LP.2698	0.0	0.5377347922792196	1.0139041195793075	1.2863482857216004	0.27037717557904806	0.16685500862810218	0.7296228244209519	0.8331449913718978	0.7142857142857143	baseline
P_LP.2699	0.0	0.24403479342829848	0.2796425157800958	1.4963723470531947	0.506833250573823	0.5333560256111491	0.506833250573823	0.5333560256111491	0.7142857142857143	endpoint
P_LP.27	0.0	0.8211895570649386	1.148601609116281	1.7392284138544825	0.6776789751442663	0.6921434011597783	0.6776789751442663	0.6921434011597783	0.8571428571428571	endpoint
P_LP.270	0.0	0.011685509700958021	0.2711758062259616	1.403488582054525	0.4763533469280133	0.36143862799983467	0.5236466530719868	0.6385613720001653	0.7142857142857143	endpoint
P_LP.2700	0.0	0.5125230363016365	0.5403745138957161	1.1617894832421136	0.317045762792208	0.33538324917418744	0.682954237207792	0.6646167508258125	0.8571428571428571	baseline
P_LP.2701	0.0	1.1739988252280058	1.2836545524693035	1.8259372822311435	0.8193231011172962	0.8718754053414537	0.8193231011172962	0.8718754053414537	1.0	endpoint
P_LP.2702	0.0	0.08728297746992965	0.23905855821347483	1.2349478653093415	0.4644614470373431	0.5350016395809114	0.5355385529626568	0.5350016395809114	0.5714285714285714	endpoint
P_LP.2703	0.0	0.34038401235603516	0.41142768511149	1.1228262339424129	0.5985232653911278	0.5560394811765313	0.5985232653911278	0.5560394811765313	0.7142857142857143	endpoint
P_LP.2704	0.0	0.19149637244982962	0.4975477048089538	1.2804061407449927	0.4471856730061588	0.36906860222524224	0.5528143269938413	0.6309313977747577	0.7142857142857143	baseline
P_LP.2705	0.0	0.12376986815789014	0.07491132921454055	1.1913625636010203	0.3956120520198444	0.414768619771647	0.6043879479801556	0.5852313802283531	0.5714285714285714	baseline
P_LP.2706	0.0	0.08670177132031454	0.2105955913216802	1.4790308874997695	0.42340231397569605	0.4584214971043276	0.576597686024304	0.5415785028956723	0.5714285714285714	baseline
P_LP.2707	0.0	0.4991279151178313	0.816260358024559	1.214208811288954	0.310868812060003	0.2615262713879782	0.6891311879399971	0.7384737286120218	0.7142857142857143	baseline
P_LP.2708	0.0	0.5566153304482798	0.6365700462922689	1.1864241106758682	0.30662883760207266	0.34496950769389956	0.6933711623979273	0.6550304923061004	0.8571428571428571	baseline
P_LP.2709	0.0	0.21596054962784259	0.16815625894022107	1.721875260726838	0.4497234169413264	0.4365521796789947	0.5502765830586736	0.5634478203210054	0.5714285714285714	baseline
P_LP.271	0.0	0.7346028499412213	0.8072956284027075	1.8118981102051568	0.7021913923783297	0.7464390395666815	0.7021913923783297	0.7464390395666815	0.7142857142857143	endpoint
P_LP.2710	0.0	0.9272523990600549	1.0452716620519142	1.6070786367730863	0.18457457798739504	0.10420184515681445	0.8154254220126049	0.8957981548431856	1.0	baseline
P_LP.2711	0.0	0.259909779129504	0.1327007269691475	1.6233983720703111	0.5772910529963946	0.6038731204880691	0.5772910529963946	0.6038731204880691	0.5714285714285714	endpoint
P_LP.2712	0.0	0.7120235125390701	1.1308624782277208	1.6830597785862464	0.6539983712787655	0.6835554392963554	0.6539983712787655	0.6835554392963554	0.5714285714285714	endpoint
P_LP.2713	0.0	0.771566039396418	1.0382893526283916	1.4295828335216456	0.7285840585234932	0.7623628623561137	0.7285840585234932	0.7623628623561137	0.7142857142857143	endpoint
P_LP.2714	0.0	0.05878967398540908	0.04243054810709356	1.7007402100267557	0.5074475045758543	0.4327097280540219	0.5074475045758543	0.567290271945978	0.5714285714285714	endpoint
P_LP.2715	0.0	0.21279076462195629	0.18604686424141598	1.3200487715859972	0.5073086758431684	0.505310776421215	0.5073086758431684	0.505310776421215	0.5714285714285714	endpoint
P_LP.2716	0.0	0.5849013064324772	1.1165015206090207	1.5586518920455352	0.6079188615744541	0.6544731975817271	0.6079188615744541	0.6544731975817271	0.7142857142857143	endpoint
P_LP.2717	0.0	0.39255570866104855	0.5509737221327234	1.662278596498778	0.5505385673886366	0.6307592187864801	0.5505385673886366	0.6307592187864801	0.5714285714285714	endpoint
P_LP.2718	0.0	0.6174057824760265	0.7945422367341343	1.0694709878452728	0.29891042487605113	0.285481230096498	0.7010895751239489	0.714518769903502	0.8571428571428571	baseline
P_LP.2719	0.0	0.03141387225515065	0.4520115607260639	1.2629791960109993	0.48353240028267075	0.37984449180149443	0.5164675997173293	0.6201555081985055	0.5714285714285714	endpoint
P_LP.272	0.0	0.12338467915498316	0.4022424010691294	1.672452421226982	0.49922591209552614	0.549915966846637	0.5007740879044739	0.549915966846637	0.5714285714285714	endpoint
P_LP.2720	0.0	0.2731816331210249	0.8248590786816842	1.6117974129512733	0.5790581919707233	0.6552866783417767	0.5790581919707233	0.6552866783417767	0.5714285714285714	endpoint
P_LP.2721	0.0	0.4802528020299682	1.1589416505313226	1.5572604290166134	0.36996065080895135	0.2077060546006557	0.6300393491910486	0.7922939453993443	0.7142857142857143	baseline
P_LP.2722	0.0	0.22005370284296058	0.2888451732485152	1.4430620571944162	0.5443030956394862	0.5599692215896033	0.5443030956394862	0.5599692215896033	0.5714285714285714	endpoint
P_LP.2723	0.0	0.8322921763446874	1.3175132740541633	1.679037160669499	0.24453316843167042	0.11515470745021168	0.7554668315683296	0.8848452925497883	0.8571428571428571	baseline
P_LP.2724	0.0	0.21779033617239688	0.6447181613361384	1.635532957385929	0.48789620972044906	0.5247971186149979	0.5121037902795509	0.5247971186149979	0.5714285714285714	endpoint
P_LP.2725	0.0	0.3453576810963619	0.8287688845706848	1.3962363403196687	0.5757213927316375	0.6567833237067016	0.5757213927316375	0.6567833237067016	0.5714285714285714	endpoint
P_LP.2726	0.0	0.8307828094854263	1.0298733070129698	1.4968609182550752	0.7462182051512828	0.7769233589817679	0.7462182051512828	0.7769233589817679	0.8571428571428571	endpoint
P_LP.2727	0.0	0.9279454391065746	0.779290516581146	1.4015268939440981	0.7449143712764512	0.7345219316335179	0.7449143712764512	0.7345219316335179	1.0	endpoint
P_LP.2728	0.0	0.0851882973909187	0.10282025848713185	1.4458419241239437	0.5500903453026856	0.4103076964069264	0.5500903453026856	0.5896923035930737	0.5714285714285714	endpoint
P_LP.2729	0.0	0.5593847452521172	0.809276438831869	1.6612523218883897	0.3675187116943933	0.19470594384491977	0.6324812883056067	0.8052940561550802	0.7142857142857143	baseline
P_LP.273	0.0	0.20815429332820143	0.5283386927340772	1.3567043748715033	0.3993872809176935	0.3392819144325547	0.6006127190823065	0.6607180855674453	0.5714285714285714	baseline
P_LP.2730	0.0	0.0255665649703577	0.045504653336168356	1.800618842247928	0.479842892638234	0.48277579589595615	0.520157107361766	0.5172242041040438	0.7142857142857143	baseline
P_LP.2731	0.0	0.05705769567998651	0.04780774188857143	0.8025322971957621	0.4935843570132379	0.4194545252935267	0.5064156429867621	0.5805454747064733	0.5714285714285714	endpoint
P_LP.2732	0.0	0.37152897016327013	0.6864093846539241	1.486209128014121	0.6050484710817019	0.6698708001230844	0.6050484710817019	0.6698708001230844	0.5714285714285714	endpoint
P_LP.2733	0.0	0.6654336223587356	0.6624789536831358	1.2753478505707065	0.2786992774574174	0.24374370778446694	0.7213007225425826	0.756256292215533	0.8571428571428571	baseline
P_LP.2734	0.0	0.4313750392547146	0.6245706865771513	1.1516612113160163	0.6192247335212865	0.6120811483865273	0.6192247335212865	0.6120811483865273	0.7142857142857143	endpoint
P_LP.2735	0.0	0.3558624321945099	0.5544142646778726	1.5278827438442486	0.5659205605911024	0.6003909241971015	0.5659205605911024	0.6003909241971015	0.5714285714285714	endpoint
P_LP.2736	0.0	0.0031962661896360245	4.206236946181223e-05	1.2190453384021853	0.48564293164206257	0.47734181301376694	0.5143570683579375	0.522658186986233	0.5714285714285714	endpoint
P_LP.2737	0.0	0.267746185239403	0.010126334664385592	1.179063431725362	0.3819163058400298	0.4332639719417484	0.6180836941599702	0.5667360280582516	0.7142857142857143	baseline
P_LP.2738	0.0	0.0766254603513598	0.25742365517205607	1.4407689339294973	0.4999468130872569	0.4757839039044825	0.5000531869127431	0.5242160960955176	0.5714285714285714	endpoint
P_LP.2739	0.0	0.1949507835366033	0.7265358257998703	1.2976057378196562	0.44506795056909276	0.3151378151558252	0.5549320494309072	0.6848621848441748	0.5714285714285714	baseline
P_LP.274	0.0	0.21986584793521416	0.053793686279806865	1.3790400968875094	0.42898077391381106	0.4179974237349762	0.5710192260861889	0.5820025762650238	0.5714285714285714	baseline
P_LP.2740	0.0	0.3151570534611591	0.21229819319035953	1.6765877792479527	0.5460613778593303	0.5392970722689282	0.5460613778593303	0.5392970722689282	0.5714285714285714	endpoint
P_LP.2741	0.0	0.6238475123754311	0.912544362295149	1.6595183353890501	0.6339182237786217	0.6737356220349972	0.6339182237786217	0.6737356220349972	0.7142857142857143	endpoint
P_LP.2742	0.0	1.198723657456149	1.3307084063278278	1.7719416112896018	0.8276040545312402	0.9411976054711586	0.8276040545312402	0.9411976054711586	1.0	endpoint
P_LP.2743	0.0	0.3065845513331204	0.868810263682198	1.5512469573615932	0.536986792734028	0.5590599134942346	0.536986792734028	0.5590599134942346	0.5714285714285714	endpoint
P_LP.2744	0.0	0.6063865214154033	0.7904718866343817	1.700875181463117	0.30709188218585964	0.18323540030132587	0.6929081178141403	0.8167645996986741	0.8571428571428571	baseline
P_LP.2745	0.0	0.12563466515377358	0.4235374973661955	1.5827975738760762	0.5496403893688472	0.6036450796042713	0.5496403893688472	0.6036450796042713	0.5714285714285714	endpoint
P_LP.2746	0.0	0.282792917368443	0.6188361518860116	1.092726245230849	0.3976863501173269	0.31484232207621116	0.6023136498826731	0.6851576779237889	0.7142857142857143	baseline
P_LP.2747	0.0	0.1996623148673017	0.5157256760263996	1.3233149843907561	0.5702386858502252	0.6137360698197188	0.5702386858502252	0.6137360698197188	0.5714285714285714	endpoint
P_LP.2748	0.0	0.27366278224453777	0.2021449855749438	1.0946484470256874	0.40181053588430865	0.3953150976529616	0.5981894641156913	0.6046849023470384	0.8571428571428571	baseline
P_LP.2749	0.0	0.78181672331357	1.127979715849949	1.4766763229866162	0.7148965400304601	0.6683430689797153	0.7148965400304601	0.6683430689797153	0.8571428571428571	endpoint
P_LP.275	0.0	0.35843099313003784	0.16529702658595644	1.3126708693998295	0.5460035204595551	0.507555442765387	0.5460035204595551	0.507555442765387	0.5714285714285714	endpoint
P_LP.2750	0.0	0.6972162126683313	1.161766617827505	1.475796859308571	0.705427490002997	0.7748236414238479	0.705427490002997	0.7748236414238479	0.7142857142857143	endpoint
P_LP.2751	0.0	0.8672890356597229	0.9144080544301207	1.2837297462037673	0.714662805424034	0.7241333128602849	0.714662805424034	0.7241333128602849	0.8571428571428571	endpoint
P_LP.2752	0.0	0.3669201991493823	0.734694885141889	1.6330633096092846	0.34890941294293004	0.283553706481577	0.65109058705707	0.716446293518423	0.7142857142857143	baseline
P_LP.2753	0.0	0.04635719053123587	0.26776354661208657	0.7689749246843058	0.46832301446809754	0.3464163576246575	0.5316769855319025	0.6535836423753425	0.7142857142857143	baseline
P_LP.2754	0.0	0.47486811109717175	0.5044020136011793	1.1543018132149738	0.3310331686943288	0.3685430016987455	0.6689668313056711	0.6314569983012546	0.8571428571428571	baseline
P_LP.2755	0.0	0.4686845991377308	0.7080116076181417	1.6978335439732655	0.3763033325772242	0.2907597477508321	0.6236966674227757	0.7092402522491679	0.8571428571428571	baseline
P_LP.2756	0.0	0.061811545742464134	0.48649210934273246	1.56807756637397	0.5451735377191248	0.37240646526147714	0.5451735377191248	0.6275935347385229	0.5714285714285714	endpoint
P_LP.2757	0.0	0.002702795703795026	0.30454724274742284	1.3573298641787817	0.4949295320567123	0.3930724337062873	0.5050704679432877	0.6069275662937127	0.5714285714285714	endpoint
P_LP.2758	0.0	0.8547364095069678	0.5960013048514397	1.7209231040438775	0.7200886751415074	0.7661946704237816	0.7200886751415074	0.7661946704237816	0.8571428571428571	endpoint
P_LP.2759	0.0	0.11909722208164275	0.34077427190064685	1.409226029964633	0.4705784155963162	0.3741192288476545	0.5294215844036838	0.6258807711523455	0.5714285714285714	endpoint
P_LP.276	0.0	0.039292677402749145	0.1882213084679039	1.6541385335957866	0.4597223635786099	0.3700409192714145	0.5402776364213902	0.6299590807285855	0.7142857142857143	baseline
P_LP.2760	0.0	0.4770035203505266	0.4435699298423785	1.4382385728740064	0.5989617005900552	0.6461232466149189	0.5989617005900552	0.6461232466149189	0.5714285714285714	endpoint
P_LP.2761	0.0	0.11533527154333426	0.009042196865820216	1.533267697812343	0.4074713293646752	0.4312279281737769	0.5925286706353248	0.568772071826223	0.5714285714285714	baseline
P_LP.2762	0.0	0.42212085899250396	0.8138798910884618	1.1341285117076059	0.5867899353336359	0.6529182853787152	0.5867899353336359	0.6529182853787152	0.7142857142857143	endpoint
P_LP.2763	0.0	0.18528882952261203	0.09385873040676797	1.9429213539160837	0.4982960657723861	0.4405728934342307	0.501703934227614	0.5594271065657693	0.5714285714285714	endpoint
P_LP.2764	0.0	0.5484685124965756	0.5220557696056519	1.5421370230025484	0.6642020328615708	0.6229496849259196	0.6642020328615708	0.6229496849259196	0.8571428571428571	endpoint
P_LP.2765	0.0	0.1366838580334739	0.13289662193485188	1.4244093657092392	0.52603912672713	0.39203846202816167	0.52603912672713	0.6079615379718384	0.5714285714285714	endpoint
P_LP.2766	0.0	0.8616397269525392	1.3580228784903787	1.776665044707445	0.7397240547756477	0.8934392038512672	0.7397240547756477	0.8934392038512672	0.8571428571428571	endpoint
P_LP.2767	0.0	0.2748729076201967	0.24698327246642462	1.21079220442738	0.5582021709477593	0.4917154882797826	0.5582021709477593	0.5082845117202174	0.5714285714285714	endpoint
P_LP.2768	0.0	0.41120429552812154	1.0455754975254121	1.6051985548687144	0.35267617358871217	0.13108292007031516	0.6473238264112878	0.8689170799296848	0.7142857142857143	baseline
P_LP.2769	0.0	0.572346449039676	0.4612228214215237	1.0483978711895856	0.316796363012349	0.357407114309888	0.6832036369876511	0.642592885690112	0.8571428571428571	baseline
P_LP.277	0.2857142857142857	1.5305942902864786	1.6881585479269328	2.4690431784400904	0.8833074508138241	0.9292419245105702	0.8833074508138241	0.9292419245105702	1.0	endpoint
P_LP.2770	0.0	0.35875055047895643	0.4902606838362338	1.1876491300772505	0.574713612290781	0.6240194080870823	0.574713612290781	0.6240194080870823	0.7142857142857143	endpoint
P_LP.2771	0.0	0.5692276764811506	0.8438703784060886	1.3268049508732331	0.6337470677405389	0.6901741498250186	0.6337470677405389	0.6901741498250186	0.7142857142857143	endpoint
P_LP.2772	0.0	0.4411026528595147	0.7303506912560225	1.1665242476908477	0.6242094661037828	0.6549627198319563	0.6242094661037828	0.6549627198319563	0.5714285714285714	endpoint
P_LP.2773	0.0	0.024265769513709907	0.1953886938063621	1.1481423298001494	0.49017430521037075	0.4853171205800217	0.5098256947896292	0.5146828794199783	0.5714285714285714	endpoint
P_LP.2774	0.0	0.49825230380440916	0.9654300940524093	1.2880126642938152	0.33716550051503724	0.26634064768041577	0.6628344994849628	0.7336593523195842	0.7142857142857143	baseline
P_LP.2775	0.0	0.19198612970989037	0.5910235899695497	1.835707214021777	0.5149917764354036	0.5165874313230249	0.5149917764354036	0.5165874313230249	0.5714285714285714	endpoint
P_LP.2776	0.0	0.7355610837646861	1.1675620357083532	1.5019698932640646	0.27994234292234416	0.15335105545417826	0.7200576570776558	0.8466489445458217	0.7142857142857143	baseline
P_LP.2777	0.0	0.022252251361085305	0.008914302037137884	1.0151203603743482	0.45194533733616643	0.4311882578758781	0.5480546626638336	0.5688117421241219	0.5714285714285714	endpoint
P_LP.2778	0.0	0.6917818333404814	0.5672228468876448	1.5289369555734147	0.674828791628774	0.6473027745510759	0.674828791628774	0.6473027745510759	0.8571428571428571	endpoint
P_LP.2779	0.0	0.16753817998031903	0.12026497713116953	1.2177250142375373	0.4305783321393144	0.40129963727813	0.5694216678606856	0.59870036272187	0.8571428571428571	baseline
P_LP.278	0.0	0.8080664242237408	0.9183267785696517	1.7966583783843024	0.6606872638446255	0.7009242152715063	0.6606872638446255	0.7009242152715063	0.8571428571428571	endpoint
P_LP.2780	0.0	0.5145494005548755	0.2544539291712052	1.438249566372875	0.6317020426610253	0.5581400966797609	0.6317020426610253	0.5581400966797609	0.7142857142857143	endpoint
P_LP.2781	0.0	0.49166939799659853	1.0350675704488	1.4550914694971453	0.3363192121558998	0.2394135758690656	0.6636807878441002	0.7605864241309344	0.7142857142857143	baseline
P_LP.2782	0.0	0.11687028284225794	0.4438450711298014	1.680801064302084	0.5187854726848806	0.5694604740566487	0.5187854726848806	0.5694604740566487	0.5714285714285714	endpoint
P_LP.2783	0.0	0.32136597438588366	0.2780537043565756	1.6306915140879086	0.5730608476866278	0.53557013273272	0.5730608476866278	0.53557013273272	0.5714285714285714	endpoint
P_LP.2784	0.0	1.0128432955620386	1.1437711855280568	1.7065507746591952	0.7707378570753939	0.8454822088045173	0.7707378570753939	0.8454822088045173	0.8571428571428571	endpoint
P_LP.2785	0.0	0.3543009692895995	0.0281681773282041	1.6580231462110906	0.5303658192387531	0.4825849165456776	0.5303658192387531	0.5174150834543224	0.5714285714285714	endpoint
P_LP.2786	0.0	0.17754101074707887	0.03134477397330398	1.3298786709564645	0.5386106336159547	0.42142977351244354	0.5386106336159547	0.5785702264875565	0.5714285714285714	endpoint
P_LP.2787	0.0	0.17386287016958965	0.10880353703160127	1.2396780765377373	0.41976897546336145	0.4249053438903999	0.5802310245366386	0.5750946561096001	0.8571428571428571	baseline
P_LP.2788	0.0	0.5017443820038382	0.650999054812737	1.1899098569971451	0.33088693108230244	0.24403781485190906	0.6691130689176976	0.7559621851480909	0.8571428571428571	baseline
P_LP.2789	0.0	0.6716415197806721	0.6340479647648823	1.5933621833090272	0.6899333103650523	0.6393483184040718	0.6899333103650523	0.6393483184040718	0.8571428571428571	endpoint
P_LP.279	0.0	0.6875079413694604	0.6948310836697911	1.7273382635146752	0.6346975425385916	0.6726405419265243	0.6346975425385916	0.6726405419265243	0.8571428571428571	endpoint
P_LP.2790	0.0	0.851840914778447	1.086718208702664	1.771086125288292	0.7104808170928453	0.7117740382296738	0.7104808170928453	0.7117740382296738	0.7142857142857143	endpoint
P_LP.2791	0.0	0.25336559900593186	0.32730534141476425	1.1445296119366812	0.5385953053854443	0.570355710235229	0.5385953053854443	0.570355710235229	0.5714285714285714	endpoint
P_LP.2792	0.0	0.7740738313684651	0.9871191549748312	1.162630693359804	0.25026275172532214	0.2606995772682319	0.7497372482746778	0.7393004227317681	1.0	baseline
P_LP.2793	0.0	0.5901817945128214	0.7817336407667944	1.7333933075585624	0.31263726099476274	0.30871796741124485	0.6873627390052373	0.6912820325887552	0.7142857142857143	baseline
P_LP.2794	0.0	0.6299046004320672	0.6434010875102131	1.7599394188872326	0.6750093949052623	0.6161431783575809	0.6750093949052623	0.6161431783575809	0.5714285714285714	endpoint
P_LP.2795	0.0	0.228257200319753	0.5677310174147788	1.1691232393345907	0.3995020794882818	0.35488188463372583	0.6004979205117182	0.6451181153662742	0.5714285714285714	baseline
P_LP.2796	0.0	0.20805836167357805	0.6796067020477918	1.524818622586166	0.4398200796127542	0.3307484428856242	0.5601799203872457	0.6692515571143758	0.5714285714285714	baseline
P_LP.2797	0.0	0.0038981615010389345	0.010984125918712166	1.8661924218117656	0.4140380931847333	0.4789978228696363	0.5859619068152667	0.5210021771303637	0.7142857142857143	baseline
P_LP.2798	0.0	0.2621854074919446	0.16936757291251156	1.4878940900707283	0.46157529064106734	0.3884215095076598	0.5384247093589327	0.6115784904923403	0.5714285714285714	baseline
P_LP.2799	0.0	0.5729512251966182	0.9625733601224987	1.3164601750662472	0.3063534728906415	0.22201322692003247	0.6936465271093585	0.7779867730799676	0.7142857142857143	baseline
P_LP.28	0.0	1.2439805544891234	1.2847330823355996	1.639490566824954	0.8291265822707065	0.9240904798040793	0.8291265822707065	0.9240904798040793	1.0	endpoint
P_LP.280	0.0	0.28116379598112246	0.6148108885332636	1.3535435627268382	0.5462026744182793	0.6463233725321438	0.5462026744182793	0.6463233725321438	0.5714285714285714	endpoint
P_LP.2800	0.0	0.14120153436974248	0.033919323422255135	1.8321159000131149	0.5395959755754387	0.4728039818176156	0.5395959755754387	0.5271960181823844	0.5714285714285714	endpoint
P_LP.2801	0.0	0.3867124099803963	0.27668914268307904	1.278185526006356	0.5742320351741859	0.5324501299767133	0.5742320351741859	0.5324501299767133	0.5714285714285714	endpoint
P_LP.2802	0.0	0.6883952826098055	0.8912554798985245	1.6897612541920835	0.2936931100109889	0.28509228919974716	0.706306889989011	0.7149077108002528	0.8571428571428571	baseline
P_LP.2803	0.0	0.25901412831566484	0.778353431206792	1.5250147388032893	0.38373377699698397	0.2507066474740984	0.616266223003016	0.7492933525259016	0.5714285714285714	baseline
P_LP.2804	0.0	0.626254171986412	0.7918830171552763	1.4465762533814097	0.6426555618541084	0.6198649597603895	0.6426555618541084	0.6198649597603895	0.7142857142857143	endpoint
P_LP.2805	0.0	0.4864493880428248	0.7908710783348893	1.6761230394536824	0.6397236619078263	0.7403275689420721	0.6397236619078263	0.7403275689420721	0.7142857142857143	endpoint
P_LP.2806	0.0	0.5228101518331107	1.001229871447123	1.6993108762828708	0.6277619512052598	0.7704409089479635	0.6277619512052598	0.7704409089479635	0.7142857142857143	endpoint
P_LP.2807	0.0	0.11983435609718125	0.5003180853200259	1.5570437350625894	0.41672641145367034	0.36470084667484337	0.5832735885463296	0.6352991533251566	0.7142857142857143	baseline
P_LP.2808	0.0	0.18768209802885666	0.191533334912701	1.4747486932065317	0.5377043343244667	0.4555069535999445	0.5377043343244667	0.5444930464000555	0.5714285714285714	endpoint
P_LP.2809	0.0	0.32676661184037087	0.16347675518433794	1.6617197500516232	0.6031286563958054	0.5126155355487224	0.6031286563958054	0.5126155355487224	0.5714285714285714	endpoint
P_LP.281	0.0	0.025468030537520368	0.2788297475047238	1.459739225555265	0.478574987898097	0.4172026828589865	0.5214250121019031	0.5827973171410135	0.7142857142857143	endpoint
P_LP.2810	0.0	0.6051783106251072	1.1779516700234975	1.9207296297391803	0.21745076324426124	0.08811953431127689	0.7825492367557387	0.9118804656887232	0.7142857142857143	baseline
P_LP.2811	0.14285714285714285	0.9802940005986347	1.223999725658406	2.0442746998896855	0.7581791980883187	0.9009531320954407	0.7581791980883187	0.9009531320954407	0.8571428571428571	endpoint
P_LP.2812	0.0	0.4482312226351386	0.8581051516266882	1.5748869315984504	0.33278004449034	0.29107620311389	0.6672199555096601	0.70892379688611	0.8571428571428571	baseline
P_LP.2813	0.0	0.07289089323288135	0.1763380932553554	1.4812411822231717	0.4758449594381084	0.39926086927436005	0.5241550405618915	0.60073913072564	0.7142857142857143	baseline
P_LP.2814	0.0	0.19439031138186544	0.3341669213857623	1.5889453779203528	0.5104392821800712	0.5246532601552284	0.5104392821800712	0.5246532601552284	0.5714285714285714	endpoint
P_LP.2815	0.0	0.4518338954225865	0.6298752187789467	1.7366510520990766	0.6011475167699533	0.5920227513929194	0.6011475167699533	0.5920227513929194	0.7142857142857143	endpoint
P_LP.2816	0.0	0.1438174160659814	0.05512681092883001	1.3577986768042007	0.5042746241469754	0.44552241050169106	0.5042746241469754	0.5544775894983089	0.5714285714285714	endpoint
P_LP.2817	0.0	0.00693715981597985	0.01827565577314626	1.1905958326732187	0.45136797871352685	0.4357422317590347	0.5486320212864731	0.5642577682409653	0.7142857142857143	endpoint
P_LP.2818	0.0	0.2185972475661706	0.23163867051865544	1.5970558156185666	0.536892452879254	0.5086620852030507	0.536892452879254	0.5086620852030507	0.5714285714285714	endpoint
P_LP.2819	0.0	0.21733788307613897	0.06895606523630823	1.488017070931791	0.5113864894487389	0.42039135708362535	0.5113864894487389	0.5796086429163747	0.5714285714285714	endpoint
P_LP.282	0.0	0.10067580806307494	0.3046346264296284	1.3257042784227597	0.4270695620124751	0.4727996931086172	0.5729304379875249	0.5272003068913829	0.5714285714285714	baseline
P_LP.2820	0.0	0.8236248698926468	1.0889307635572638	1.6564271804818766	0.7255649122039493	0.8022526731663214	0.7255649122039493	0.8022526731663214	0.7142857142857143	endpoint
P_LP.2821	0.0	0.6070188893234569	0.7035767951874999	1.5333492079871456	0.29813663678205327	0.21272992851783049	0.7018633632179467	0.7872700714821695	0.8571428571428571	baseline
P_LP.2822	0.0	0.3879347495960837	0.5901221007009019	1.4820837059749754	0.6154324921992881	0.7085538429029683	0.6154324921992881	0.7085538429029683	0.5714285714285714	endpoint
P_LP.2823	0.0	0.3934515976725596	0.7547589872944737	1.5957931370953395	0.35028539750203996	0.31082260554776925	0.6497146024979601	0.6891773944522308	0.7142857142857143	baseline
P_LP.2824	0.0	0.2610939365098817	0.2788937213578495	1.0082109598120836	0.5520855887774193	0.46886401067605077	0.5520855887774193	0.5311359893239492	0.5714285714285714	endpoint
P_LP.2825	0.0	0.6409758517489598	0.6343531125628111	1.477495567055375	0.6514683778950096	0.6109664346018286	0.6514683778950096	0.6109664346018286	0.8571428571428571	endpoint
P_LP.2826	0.0	0.4695489131477606	0.38074199364580436	1.3377969796768103	0.5756270645392103	0.5741024869974259	0.5756270645392103	0.5741024869974259	0.5714285714285714	endpoint
P_LP.2827	0.0	1.216131704580852	1.3880136682464002	1.5875049459042248	0.8446192163763495	0.9130580194925358	0.8446192163763495	0.9130580194925358	0.8571428571428571	endpoint
P_LP.2828	0.0	0.24622560896530135	0.4037992336245064	1.3177971760434108	0.4167257772775594	0.39024469083904756	0.5832742227224406	0.6097553091609524	0.7142857142857143	baseline
P_LP.2829	0.0	0.7942192929528363	1.1435985173966117	1.6875672970153759	0.69522459505918	0.6567076660310195	0.69522459505918	0.6567076660310195	0.5714285714285714	endpoint
P_LP.283	0.0	1.2269200180048767	1.4639545351128216	1.79948405102724	0.8293537174549309	0.903781305928043	0.8293537174549309	0.903781305928043	1.0	endpoint
P_LP.2830	0.0	0.14599425615494344	0.20843192842566247	1.1759847679943438	0.38917152959295703	0.3637720081457324	0.610828470407043	0.6362279918542676	0.7142857142857143	baseline
P_LP.2831	0.0	0.04875996060373831	0.130917220209898	0.9488193729812169	0.46770919470634514	0.49476293545897837	0.5322908052936548	0.5052370645410216	0.5714285714285714	baseline
P_LP.2832	0.0	0.4871983012124041	0.7495317523275846	1.6050646508866322	0.6155168594580037	0.7045673188735249	0.6155168594580037	0.7045673188735249	0.7142857142857143	endpoint
P_LP.2833	0.0	0.16299700834160194	0.2848069016751728	1.3714517719322925	0.5524593191324462	0.4697681125260281	0.5524593191324462	0.5302318874739719	0.5714285714285714	endpoint
P_LP.2834	0.0	0.997758114040434	1.1052561886639443	1.645927181565278	0.7765240015358533	0.7960743910216577	0.7765240015358533	0.7960743910216577	1.0	endpoint
P_LP.2835	0.0	0.2634464097261266	0.3153103206331825	1.2051959847019866	0.5655387810724387	0.5671163549985747	0.5655387810724387	0.5671163549985747	0.5714285714285714	endpoint
P_LP.2836	0.0	0.06695355498478962	0.37372391678757916	1.1140981236836498	0.47619898044088266	0.36908135864926056	0.5238010195591174	0.6309186413507395	0.5714285714285714	baseline
P_LP.2837	0.0	0.0642265500798423	0.09642271043413868	1.1757249372578034	0.47483190793049596	0.458331533843526	0.5251680920695041	0.541668466156474	0.5714285714285714	baseline
P_LP.2838	0.0	0.628287597835112	0.9536157676565521	1.5724656744030099	0.6597665832293007	0.5784480299410176	0.6597665832293007	0.5784480299410176	0.7142857142857143	endpoint
P_LP.2839	0.0	0.2568579226893174	0.46826028582941415	1.4607719308372378	0.541458913271595	0.5393855237517262	0.541458913271595	0.5393855237517262	0.7142857142857143	endpoint
P_LP.284	0.0	1.1004773398820284	1.036880114733015	1.7876053769153848	0.8039051156890801	0.7803164015006955	0.8039051156890801	0.7803164015006955	1.0	endpoint
P_LP.2840	0.0	0.1349375472833411	0.2739300761611296	1.1160649075664097	0.5160650894575282	0.5148825256154437	0.5160650894575282	0.5148825256154437	0.5714285714285714	endpoint
P_LP.2841	0.0	0.17593687696786495	0.45025554750376917	1.4170349127950033	0.39947206184107087	0.34804897187277584	0.6005279381589291	0.6519510281272242	0.7142857142857143	baseline
P_LP.2842	0.0	0.31760885620167406	0.47513496594040805	1.7371821783989674	0.5210535405520356	0.4988685197131206	0.5210535405520356	0.5011314802868794	0.5714285714285714	endpoint
P_LP.2843	0.0	0.577358604702747	0.2833791356499822	1.3050700207468449	0.30006286350286715	0.34060589625451243	0.6999371364971329	0.6593941037454876	1.0	baseline
P_LP.2844	0.0	0.2947596008268271	1.109615767548433	1.6963837918626936	0.5230245750837892	0.6855926281534359	0.5230245750837892	0.6855926281534359	0.5714285714285714	endpoint
P_LP.2845	0.0	0.641041282689164	1.053572681664802	1.4521296372778822	0.668977085936011	0.7046239979988377	0.668977085936011	0.7046239979988377	0.7142857142857143	endpoint
P_LP.2846	0.0	0.34804671880387633	0.4677525067729979	1.51152793926018	0.5649555076054336	0.5508229853685704	0.5649555076054336	0.5508229853685704	0.5714285714285714	endpoint
P_LP.2847	0.0	0.017486044517193315	0.22487623766278103	1.3646262261694249	0.4449704806614589	0.49817512833294775	0.555029519338541	0.5018248716670523	0.5714285714285714	endpoint
P_LP.2848	0.0	0.4145722930387641	0.7140666720925576	0.8925500665341456	0.35353623037626386	0.2760198159109618	0.6464637696237361	0.7239801840890382	0.8571428571428571	baseline
P_LP.2849	0.0	0.4565970520233183	0.9136921458605142	1.5642482188253382	0.3074657942214215	0.2802523280161218	0.6925342057785785	0.7197476719838782	0.7142857142857143	baseline
P_LP.285	0.0	0.09848487659344521	0.5424130400350382	1.5111706615258398	0.5188607062337464	0.5410244881035616	0.5188607062337464	0.5410244881035616	0.5714285714285714	endpoint
P_LP.2850	0.0	0.6114517236450994	1.1778651421006279	1.230224535835465	0.2897542623191941	0.1638718886048585	0.7102457376808059	0.8361281113951415	0.8571428571428571	baseline
P_LP.2851	0.0	0.7797385674509527	1.1590127952436051	1.6095530962046753	0.746720916116155	0.8831826924787161	0.746720916116155	0.8831826924787161	0.7142857142857143	endpoint
P_LP.2852	0.0	0.8926665908096295	1.0471135933364715	1.6112926436640076	0.1941718963619314	0.18158911157725655	0.8058281036380686	0.8184108884227435	0.8571428571428571	baseline
P_LP.2853	0.0	0.5577562808407148	0.7893278556721374	1.1744769460669273	0.5968911964590126	0.6325483690452786	0.5968911964590126	0.6325483690452786	0.7142857142857143	endpoint
P_LP.2854	0.0	0.06569631529830297	0.0812071289176626	1.594448609991512	0.47072760497046134	0.503894838853677	0.5292723950295386	0.503894838853677	0.5714285714285714	baseline
P_LP.2855	0.0	0.19292258084259392	0.4011220548806143	1.264072349422253	0.520195998728555	0.6005688587836285	0.520195998728555	0.6005688587836285	0.7142857142857143	endpoint
P_LP.2856	0.0	0.4802298645820855	0.7131010182047165	1.3492502721198356	0.593423458663146	0.6585700789495844	0.593423458663146	0.6585700789495844	0.7142857142857143	endpoint
P_LP.2857	0.0	0.6106918468708574	0.38336907251965047	1.4954257853204491	0.6622228087342491	0.5473362870629503	0.6622228087342491	0.5473362870629503	0.7142857142857143	endpoint
P_LP.2858	0.0	0.07752868608668013	0.37553841381077874	1.653291056637719	0.49395567405274604	0.4580090581379159	0.506044325947254	0.5419909418620841	0.7142857142857143	endpoint
P_LP.2859	0.0	0.5607181376646982	0.37754336369969244	1.4617226517742292	0.6185709082918346	0.5682904505656721	0.6185709082918346	0.5682904505656721	0.8571428571428571	endpoint
P_LP.286	0.0	0.5742606866207982	0.8228002497695807	1.15102234841144	0.3247437585620987	0.2560731634368729	0.6752562414379013	0.7439268365631271	0.8571428571428571	baseline
P_LP.2860	0.0	0.7093549778428215	1.3582307006997036	1.5569094561163592	0.6377466529086065	0.7857479383253142	0.6377466529086065	0.7857479383253142	0.7142857142857143	endpoint
P_LP.2861	0.0	0.5609139225172795	0.811818749585925	1.5363788102984357	0.30203016163197055	0.262725764729161	0.6979698383680295	0.737274235270839	0.7142857142857143	baseline
P_LP.2862	0.0	0.39927575105883434	0.874503728021696	1.6694131017078144	0.5794243122879765	0.7162616330244942	0.5794243122879765	0.7162616330244942	0.7142857142857143	endpoint
P_LP.2863	0.0	0.5061913753505883	0.9156093450478672	1.6874469804632406	0.3466899487990566	0.21472947857441166	0.6533100512009433	0.7852705214255884	0.7142857142857143	baseline
P_LP.2864	0.0	0.2493300759266124	0.29409048059842335	1.1164759121887218	0.39024490319021865	0.38125699563562937	0.6097550968097813	0.6187430043643707	0.7142857142857143	baseline
P_LP.2865	0.0	0.2040829428432601	0.09471343412248819	1.6436708511949352	0.5593080719188104	0.4407035742471092	0.5593080719188104	0.5592964257528907	0.5714285714285714	endpoint
P_LP.2866	0.0	0.747114018784891	0.9758858501354	1.5954737884590273	0.697416782667702	0.7631406535863561	0.697416782667702	0.7631406535863561	0.7142857142857143	endpoint
P_LP.2867	0.0	0.6260816187280079	0.9230626646951939	1.396503429433922	0.6317648144831093	0.7312449358634917	0.6317648144831093	0.7312449358634917	0.7142857142857143	endpoint
P_LP.2868	0.0	0.2507716092162795	0.4088248961695794	1.986842525165496	0.4989815964570306	0.48872997268178775	0.5010184035429694	0.5112700273182123	0.5714285714285714	endpoint
P_LP.2869	0.0	0.13559113316932359	0.28918249498939785	1.6659315109076271	0.5322693029142911	0.5392301871444705	0.5322693029142911	0.5392301871444705	0.5714285714285714	endpoint
P_LP.287	0.0	0.036297935181824066	0.060975501574613025	1.57832869428534	0.4485340287408802	0.4355451779875558	0.5514659712591198	0.5644548220124441	0.5714285714285714	baseline
P_LP.2870	0.0	0.4906302039452605	0.5219829625639556	1.720298300696253	0.3730036605320202	0.2848014926380788	0.6269963394679798	0.7151985073619211	0.8571428571428571	baseline
P_LP.2871	0.0	0.47427348425135246	0.4842791978569803	1.544814525759317	0.5984854700474767	0.7505840730910228	0.5984854700474767	0.7505840730910228	0.7142857142857143	endpoint
P_LP.2872	0.0	0.5473240208927371	0.3667857256772176	1.7919361796425117	0.5895170834039215	0.5647524614163346	0.5895170834039215	0.5647524614163346	0.7142857142857143	endpoint
P_LP.2873	0.0	0.2594316302966306	0.07433941507608001	1.7783917429770777	0.5527672424360852	0.4988599681191758	0.5527672424360852	0.5011400318808241	0.5714285714285714	endpoint
P_LP.2874	0.0	0.6620173090517972	0.7570845104174885	1.26497381861935	0.285727645855375	0.25392191547127496	0.714272354144625	0.746078084528725	0.8571428571428571	baseline
P_LP.2875	0.0	0.6367710292890738	0.22284035250498027	1.8505523685629914	0.608154321108037	0.630799249801498	0.608154321108037	0.630799249801498	0.7142857142857143	endpoint
P_LP.2876	0.0	0.20070303071554088	0.4105967849551363	1.120707145303018	0.5539432953931654	0.514058330404368	0.5539432953931654	0.514058330404368	0.5714285714285714	endpoint
P_LP.2877	0.0	1.4063537748662347	1.3241891797505527	1.97388592407723	0.08523717589237596	0.12435586389421353	0.914762824107624	0.8756441361057865	1.0	baseline
P_LP.2878	0.0	0.056552542392538825	0.3837638371870891	0.9956100453468243	0.46401617872318146	0.5856027971110208	0.5359838212768185	0.5856027971110208	0.5714285714285714	endpoint
P_LP.2879	0.0	0.3703659861935552	0.26697138672886056	1.2572984156960092	0.3589773626788766	0.41157922692080506	0.6410226373211234	0.5884207730791949	0.8571428571428571	baseline
P_LP.288	0.0	0.5015405933597111	0.19546888492420686	1.6772772161196274	0.6268556720315146	0.5195167688417968	0.6268556720315146	0.5195167688417968	0.5714285714285714	endpoint
P_LP.2880	0.0	0.69758288411938	0.9032587056320176	1.670967478202282	0.7055506934612278	0.6721987789138115	0.7055506934612278	0.6721987789138115	0.7142857142857143	endpoint
P_LP.2881	0.0	0.1418794804490571	0.20291481023979346	1.4208815743606888	0.4862577299641978	0.3773884405936282	0.5137422700358022	0.6226115594063718	0.5714285714285714	endpoint
P_LP.2882	0.0	0.73233391955722	1.0157319139310959	1.6718222409908035	0.2702229388903225	0.11006785523393008	0.7297770611096774	0.88993214476607	0.8571428571428571	baseline
P_LP.2883	0.0	0.0951833164980717	0.08270831861832847	1.1935666136289547	0.48830782342414064	0.47132463073022196	0.5116921765758593	0.5286753692697781	0.7142857142857143	endpoint
P_LP.2884	0.0	0.09255669882093998	0.12072092885142466	1.4800816146482496	0.5297215703206125	0.4838262786069878	0.5297215703206125	0.5161737213930122	0.5714285714285714	endpoint
P_LP.2885	0.0	0.5747337634403167	1.1513820157570342	1.4958167566452427	0.6539681903786457	0.6390367176775568	0.6539681903786457	0.6390367176775568	0.7142857142857143	endpoint
P_LP.2886	0.0	0.7046930724449915	1.121160042753961	1.7394980144303924	0.667460465701968	0.6921846220200185	0.667460465701968	0.6921846220200185	0.7142857142857143	endpoint
P_LP.2887	0.0	0.4088162672152448	0.11723061959439654	1.53372262985281	0.6264657149755996	0.5642940662057485	0.6264657149755996	0.5642940662057485	0.7142857142857143	endpoint
P_LP.2888	0.0	0.6906955269830052	1.0367371419220748	1.5174401750162978	0.6655743150800196	0.7404038673622746	0.6655743150800196	0.7404038673622746	0.7142857142857143	endpoint
P_LP.2889	0.0	0.39732613634643704	0.29108691740138604	1.1173523773901644	0.3873127655585944	0.33813416125800577	0.6126872344414056	0.6618658387419942	0.7142857142857143	baseline
P_LP.289	0.0	0.8556294468028093	1.2767547418148586	1.543870814461848	0.7240604851311037	0.8267624262491678	0.7240604851311037	0.8267624262491678	0.7142857142857143	endpoint
P_LP.2890	0.0	0.35171194137065476	0.40619006570586924	1.4794127203184455	0.5448532957560533	0.564972824446437	0.5448532957560533	0.564972824446437	0.7142857142857143	endpoint
P_LP.2891	0.0	0.2534923063486738	0.5995796656232956	1.5482658460666587	0.4262135663472751	0.29453176162161465	0.573786433652725	0.7054682383783853	0.7142857142857143	baseline
P_LP.2892	0.0	0.3841588185661552	0.5053263741689048	1.4801409732987072	0.3898003147271135	0.3683436017845584	0.6101996852728865	0.6316563982154416	0.8571428571428571	baseline
P_LP.2893	0.0	0.7295320166235847	0.7953469387632067	1.1349520623582303	0.7035061239552106	0.6967542406713545	0.7035061239552106	0.6967542406713545	0.8571428571428571	endpoint
P_LP.2894	0.0	0.3769722608991719	0.6703486241277664	1.6633648511971848	0.35581147689428916	0.22049512109934485	0.6441885231057108	0.7795048789006551	0.7142857142857143	baseline
P_LP.2895	0.0	0.8070763287388233	1.1510379338017358	1.7602638498947878	0.691982297670169	0.8570690104992893	0.691982297670169	0.8570690104992893	0.7142857142857143	endpoint
P_LP.2896	0.0	0.5638740694303965	0.8271079085912312	1.227250019966745	0.2968293260015047	0.27168281446503845	0.7031706739984953	0.7283171855349615	1.0	baseline
P_LP.2897	0.0	1.118590723126896	1.195361752298906	1.620753507984519	0.1341111014315922	0.08700971422674782	0.8658888985684078	0.9129902857732521	1.0	baseline
P_LP.2898	0.0	0.22891057414384566	0.7675279709106158	1.3652580751445835	0.4480469137114809	0.3117823661417773	0.5519530862885191	0.6882176338582227	0.5714285714285714	baseline
P_LP.2899	0.14285714285714285	0.08347408420055104	0.5491160501214124	2.0601012015829214	0.5482479323298002	0.6302575389922219	0.5482479323298002	0.6302575389922219	0.7142857142857143	endpoint
P_LP.29	0.0	0.5094221068837105	0.49500938443396714	1.6880636523892372	0.3465451447730478	0.28059596837889694	0.6534548552269521	0.719404031621103	0.7142857142857143	baseline
P_LP.290	0.0	0.19780259166676753	0.0649779142211326	1.257324959751594	0.40491390487607887	0.42187160177642474	0.5950860951239212	0.5781283982235752	0.7142857142857143	baseline
P_LP.2900	0.0	0.47279893412476814	0.6957346892534072	1.1620524719170442	0.30347471722974345	0.2835295671794169	0.6965252827702566	0.7164704328205831	0.8571428571428571	baseline
P_LP.2901	0.0	0.15579644097310913	0.24564804697120982	1.2295087803833795	0.39510715892376896	0.4690600335380014	0.6048928410762311	0.5309399664619986	0.5714285714285714	baseline
P_LP.2902	0.0	0.2743024228143726	0.042532940003639115	1.472933743254089	0.5323542126926887	0.4681758255735655	0.5323542126926887	0.5318241744264345	0.5714285714285714	endpoint
P_LP.2903	0.0	0.19828074715098415	0.2539159637706803	1.1846268888335003	0.49591844916525446	0.4946351168672164	0.5040815508347456	0.5053648831327836	0.5714285714285714	endpoint
P_LP.2904	0.0	0.7343111248717796	1.1879378785998052	1.4412911093567227	0.6946622800555692	0.8415381857003059	0.6946622800555692	0.8415381857003059	0.7142857142857143	endpoint
P_LP.2905	0.0	0.11526957201408382	0.4370738588490649	1.6433702621866935	0.36959161976157257	0.3257037321329031	0.6304083802384275	0.674296267867097	0.5714285714285714	baseline
P_LP.2906	0.0	0.0833818082721178	0.235132190300136	1.6313710144601479	0.44965461261177025	0.42662897110732734	0.5503453873882298	0.5733710288926727	0.5714285714285714	endpoint
P_LP.2907	0.0	0.3284225831300696	0.4590212239364239	1.7583884768439288	0.5624084028361918	0.5708020003705888	0.5624084028361918	0.5708020003705888	0.7142857142857143	endpoint
P_LP.2908	0.0	0.06592309812623909	0.016695430507132	1.5548138375427112	0.504408803102107	0.43983720690307354	0.504408803102107	0.5601627930969264	0.5714285714285714	endpoint
P_LP.2909	0.0	0.0005080765051173727	0.1255045893111623	1.468305319197239	0.4781055711701736	0.4480706181945069	0.5218944288298264	0.5519293818054931	0.5714285714285714	baseline
P_LP.291	0.0	0.11185939338296753	0.3108041603135728	1.4069493117931815	0.42663808897513483	0.3370581252404547	0.5733619110248651	0.6629418747595452	0.7142857142857143	baseline
P_LP.2910	0.0	0.3846453695566971	0.994572466205897	1.6033170382478514	0.5750511418181602	0.6038611257196472	0.5750511418181602	0.6038611257196472	0.5714285714285714	endpoint
P_LP.2911	0.0	0.9148505541358168	1.0980949003240428	1.7917630620282219	0.751830803274475	0.7252304182643919	0.751830803274475	0.7252304182643919	0.8571428571428571	endpoint
P_LP.2912	0.0	0.17995619648191846	0.37863138825904186	1.2492587619639124	0.5091613069592669	0.584216736543501	0.5091613069592669	0.584216736543501	0.5714285714285714	endpoint
P_LP.2913	0.0	0.7450998834876995	1.2749099930546988	1.7862529704603003	0.6515220623898793	0.6993332696129917	0.6515220623898793	0.6993332696129917	0.7142857142857143	endpoint
P_LP.2914	0.0	0.45913880439097515	0.859787301337923	1.618237683353269	0.371918484394319	0.2918804975285035	0.6280815156056809	0.7081195024714966	0.7142857142857143	baseline
P_LP.2915	0.0	0.0007291983293079404	0.07818266719689505	1.0402043834549688	0.4545664040794394	0.41695819717274446	0.5454335959205606	0.5830418028272555	0.5714285714285714	baseline
P_LP.2916	0.0	0.42891024698143365	0.7745924383735947	1.6473366884970033	0.6198844843376106	0.6988725834665865	0.6198844843376106	0.6988725834665865	0.7142857142857143	endpoint
P_LP.2917	0.0	0.4582011427187869	0.5965470878941378	1.8546676927457661	0.38896377231872953	0.24338681232674927	0.6110362276812704	0.7566131876732507	0.5714285714285714	baseline
P_LP.2918	0.0	0.5998463756145809	0.7480107464036807	1.5699210377519435	0.2996635753121472	0.2799576472754787	0.7003364246878527	0.7200423527245212	0.7142857142857143	baseline
P_LP.2919	0.0	1.3277756802579288	1.3319800456620607	1.9299070603505628	0.10757163203386642	0.11522399754307928	0.8924283679661336	0.8847760024569207	1.0	baseline
P_LP.292	0.0	0.2771950445593565	0.08047687716412476	1.3194945812259573	0.401182281462711	0.5186415185043916	0.5988177185372889	0.5186415185043916	0.5714285714285714	baseline
P_LP.2920	0.0	0.38300559926626665	0.4435314061660359	1.4048772978005752	0.5852270314373601	0.562557206141224	0.5852270314373601	0.562557206141224	0.5714285714285714	endpoint
P_LP.2921	0.0	0.21192799143388832	0.43625584220240804	1.8168460785838083	0.40975599356617687	0.41041854796616944	0.5902440064338231	0.5895814520338305	0.7142857142857143	baseline
P_LP.2922	0.0	0.3888335046749381	0.8514751900491628	1.4669040050490652	0.586475288353798	0.5932276139686871	0.586475288353798	0.5932276139686871	0.7142857142857143	endpoint
P_LP.2923	0.0	0.11512479501199782	0.29482868835785303	1.1665877987836815	0.45531191407112903	0.3471596577719872	0.544688085928871	0.6528403422280128	0.5714285714285714	baseline
P_LP.2924	0.0	0.007492059471063549	0.3623473256072312	1.295301946855253	0.4224215864203097	0.5116538063396372	0.5775784135796903	0.5116538063396372	0.5714285714285714	baseline
P_LP.2925	0.0	0.2871009811567438	0.06794057453002748	1.6078515512901324	0.5536580892351233	0.4615823190120143	0.5536580892351233	0.5384176809879857	0.7142857142857143	endpoint
P_LP.2926	0.0	0.8449795710942027	0.9095181524580144	1.8297399015835472	0.6903016515568633	0.6765891532079871	0.6903016515568633	0.6765891532079871	0.7142857142857143	endpoint
P_LP.2927	0.0	0.5049005717131879	0.6757968531297001	0.8758127528689009	0.6336900584099142	0.6380412615346082	0.6336900584099142	0.6380412615346082	0.8571428571428571	endpoint
P_LP.2928	0.14285714285714285	0.44565038084232234	0.40103525798138967	2.4448165241966238	0.5807552948394392	0.6830920355098652	0.5807552948394392	0.6830920355098652	0.7142857142857143	endpoint
P_LP.2929	0.0	0.272694907221655	0.5365288885753675	1.53635601229108	0.5623067766686509	0.6205778635402215	0.5623067766686509	0.6205778635402215	0.5714285714285714	endpoint
P_LP.293	0.0	0.31220746918088266	0.6480573209829211	1.48646284912639	0.4352274699981798	0.2655796583802298	0.5647725300018203	0.7344203416197702	0.7142857142857143	baseline
P_LP.2930	0.0	0.05122936152298373	0.331583174426835	1.4409334227532813	0.4623958970736806	0.49025741025072594	0.5376041029263194	0.509742589749274	0.5714285714285714	endpoint
P_LP.2931	0.0	0.3314582522943356	0.4219821575957165	1.6499241701942877	0.5445609298742488	0.49074166584141576	0.5445609298742488	0.5092583341585842	0.5714285714285714	endpoint
P_LP.2933	0.0	0.7485258407066894	1.1398639683299134	1.6012833344707864	0.6895096903562993	0.8196389896124405	0.6895096903562993	0.8196389896124405	0.7142857142857143	endpoint
P_LP.2934	0.0	0.04368426948693361	0.05800600636433547	0.6782858281402653	0.4670034937136904	0.48998197162430385	0.5329965062863096	0.5100180283756961	0.7142857142857143	endpoint
P_LP.2935	0.0	0.4763913132406333	0.4681254851885137	1.1170567033028795	0.5972635031762834	0.6094633770415748	0.5972635031762834	0.6094633770415748	0.7142857142857143	endpoint
P_LP.2936	0.0	0.09550021414522823	0.04990683013164383	1.3919562791120401	0.48839102214366464	0.4605368248842218	0.5116089778563353	0.5394631751157781	0.5714285714285714	baseline
P_LP.2937	0.0	0.4754646540446234	0.6600170979964968	1.5459487831923695	0.5933856286113277	0.6197275275615387	0.5933856286113277	0.6197275275615387	0.5714285714285714	endpoint
P_LP.2938	0.0	0.0829402500706323	0.0873715105299239	0.9670671242405932	0.47898694392039304	0.4785598538258094	0.5210130560796069	0.5214401461741907	0.5714285714285714	baseline
P_LP.2939	0.0	0.7686619820649945	0.8854457363932376	1.86553949684481	0.6759401430803544	0.7415311068121095	0.6759401430803544	0.7415311068121095	0.7142857142857143	endpoint
P_LP.294	0.0	0.4518122766955735	0.5060186176734404	1.8704419787348436	0.35604268908364395	0.40093042285593633	0.6439573109163561	0.5990695771440637	0.7142857142857143	baseline
P_LP.2940	0.0	0.4612149808702248	0.5527429843095482	1.336169767483587	0.3245090830664409	0.33269133229423714	0.6754909169335591	0.6673086677057629	0.8571428571428571	baseline
P_LP.2941	0.0	0.1468049979097387	0.013497169467956607	1.5629186346864754	0.41202370337705885	0.4410272594956892	0.5879762966229412	0.5589727405043108	0.5714285714285714	baseline
P_LP.2942	0.0	0.5717230882130763	0.780082795725708	1.33292162761984	0.3071171431789127	0.19983663991927592	0.6928828568210873	0.8001633600807241	0.8571428571428571	baseline
P_LP.2943	0.0	0.5282436928235117	0.7352041630838384	1.4269845393010043	0.3189452113657844	0.2621457020054367	0.6810547886342155	0.7378542979945633	0.8571428571428571	baseline
P_LP.2944	0.0	0.4863333393583184	0.5414454258911419	1.4254144886719469	0.3306058752316357	0.3605521229337728	0.6693941247683644	0.6394478770662272	0.8571428571428571	baseline
P_LP.2945	0.14285714285714285	0.3090762221432148	0.08031285435284999	2.1501634239621055	0.52576847725741	0.4604131143985006	0.52576847725741	0.5395868856014994	0.5714285714285714	endpoint
P_LP.2946	0.0	0.6295157385347858	0.9104924049021568	1.5132675560116045	0.6232002116168104	0.6632667142390232	0.6232002116168104	0.6632667142390232	0.8571428571428571	endpoint
P_LP.2947	0.0	0.0765197477109634	0.09967193503020338	1.4095172213348457	0.4357439512474041	0.41553489766858986	0.5642560487525958	0.5844651023314101	0.5714285714285714	endpoint
P_LP.2948	0.0	0.8083648359375957	1.1032466596335564	1.4716421745622332	0.24118864373929183	0.1598932476655096	0.7588113562607082	0.8401067523344904	0.8571428571428571	baseline
P_LP.2949	0.0	0.42876790881487736	0.5340458209456886	1.6225910467785212	0.3230231170399893	0.34456877449609336	0.6769768829600107	0.6554312255039066	0.8571428571428571	baseline
P_LP.295	0.0	1.3780127790902994	1.6308284321281274	1.795358637037027	0.8768293445281453	0.9236120763770609	0.8768293445281453	0.9236120763770609	1.0	endpoint
P_LP.2950	0.0	0.23927507152604824	0.12446224545784691	1.8709036625949047	0.39096464163148914	0.5023699830069353	0.6090353583685109	0.5023699830069353	0.5714285714285714	baseline
P_LP.2951	0.0	0.07867564891989438	0.19091034624819123	1.5538540499285363	0.4605033812150451	0.3970328295085907	0.5394966187849549	0.6029671704914092	0.5714285714285714	baseline
P_LP.2952	0.0	0.41869367604839586	0.7432683919918717	1.154890851878121	0.5858919841857742	0.6668986063355278	0.5858919841857742	0.6668986063355278	0.7142857142857143	endpoint
P_LP.2953	0.0	0.08166024835466047	0.05986482745319251	1.574889221563029	0.45445080536492627	0.46381182692455497	0.5455491946350737	0.536188173075445	0.5714285714285714	endpoint
P_LP.2954	0.0	0.5681209938839634	0.4591774285526678	1.2117329656942903	0.3160651152224158	0.37829869519399006	0.6839348847775841	0.6217013048060099	1.0	baseline
P_LP.2955	0.0	0.13195784873184516	0.106668543437101	1.6632964075985528	0.4719095757864113	0.3953368793706236	0.5280904242135886	0.6046631206293764	0.5714285714285714	endpoint
P_LP.2956	0.14285714285714285	0.40136148882018935	0.29977071585696025	2.1913571315471376	0.5507201354849937	0.5420164046589363	0.5507201354849937	0.5420164046589363	0.5714285714285714	endpoint
P_LP.2957	0.0	0.4833623367815913	0.8880056070092798	1.2985969922041676	0.32743511511720874	0.22767192859540145	0.6725648848827912	0.7723280714045986	0.7142857142857143	baseline
P_LP.2958	0.0	0.21895273978656357	0.30674024611233713	1.5685497087668099	0.4449958109239826	0.3793228965909234	0.5550041890760173	0.6206771034090766	0.5714285714285714	baseline
P_LP.2959	0.0	0.12321513474230494	0.03775734946887751	0.8561639415113741	0.5168447655342591	0.4854957734271084	0.5168447655342591	0.5145042265728916	0.5714285714285714	endpoint
P_LP.296	0.0	0.592117299480865	0.6566371798561882	1.4949584857763683	0.6421353577392745	0.6910428918609477	0.6421353577392745	0.6910428918609477	0.7142857142857143	endpoint
P_LP.2960	0.0	0.882760077625335	0.9863029182421238	1.5508881177039482	0.7418632987363633	0.7483234928935178	0.7418632987363633	0.7483234928935178	0.8571428571428571	endpoint
P_LP.2961	0.0	0.13052285765266672	0.3327966782759377	1.3215781619604747	0.5414121605893761	0.40556112031245795	0.5414121605893761	0.594438879687542	0.5714285714285714	endpoint
P_LP.2962	0.0	0.4237663740622141	0.6529388088744251	0.9822951177405668	0.3672079768461874	0.2909924545255001	0.6327920231538127	0.7090075454745	0.8571428571428571	baseline
P_LP.2963	0.0	0.12098407248458629	0.7343519179585583	1.4792800882576347	0.4652466864880684	0.2836463276250959	0.5347533135119316	0.7163536723749041	0.5714285714285714	baseline
P_LP.2964	0.0	0.19792812744927243	0.09298350198956477	1.3334071547065423	0.5529092473836423	0.4052944939438748	0.5529092473836423	0.5947055060561253	0.5714285714285714	endpoint
P_LP.2965	0.0	0.021047390590572115	0.015939593520775407	1.1726597665460003	0.4759388798454503	0.46919260097643234	0.5240611201545498	0.5308073990235677	0.5714285714285714	endpoint
P_LP.2966	0.0	0.339575449769337	0.44298992483506155	1.5422094892655236	0.591318483556534	0.5729111647528761	0.591318483556534	0.5729111647528761	0.5714285714285714	endpoint
P_LP.2967	0.0	0.11437047327981256	0.516416278629873	1.5177182646983751	0.40760363601201577	0.3659513253557819	0.5923963639879842	0.6340486746442181	0.5714285714285714	baseline
P_LP.2968	0.0	0.14662904980836985	0.12754998702540948	1.05406205769218	0.4317133827699764	0.4009615362193821	0.5682866172300236	0.5990384637806179	0.7142857142857143	baseline
P_LP.2969	0.0	0.1826873252918748	0.05161605429267117	1.5573525147908989	0.41061148764141564	0.41833037504078563	0.5893885123585844	0.5816696249592144	0.5714285714285714	baseline
P_LP.297	0.0	0.3496106558405884	0.8141661467495417	1.3257509661692963	0.3262541464064415	0.14310342508392335	0.6737458535935585	0.8568965749160766	0.7142857142857143	baseline
P_LP.2970	0.0	0.5086738095792027	0.6565416817435715	1.1809319519571817	0.340124136699896	0.2587474657261543	0.6598758633001041	0.7412525342738456	0.8571428571428571	baseline
P_LP.2971	0.0	0.5358863991281845	0.693682382317726	1.5265961392582044	0.6044202072487544	0.6596327685541402	0.6044202072487544	0.6596327685541402	0.5714285714285714	endpoint
P_LP.2972	0.0	0.11778272932887299	0.12169205316853234	1.173226458159795	0.5273429384345454	0.4448284982440835	0.5273429384345454	0.5551715017559165	0.5714285714285714	endpoint
P_LP.2973	0.0	0.5847536385637575	0.7249263187287928	0.8633836848327958	0.2972732137399948	0.3186934244542816	0.7027267862600052	0.6813065755457184	1.0	baseline
P_LP.2974	0.0	0.024012589599840928	0.36803502358113654	1.5548425664869727	0.4928366178822565	0.38257325502971534	0.5071633821177435	0.6174267449702846	0.5714285714285714	endpoint
P_LP.2975	0.0	0.19434562753898746	0.71455344372229	1.29123442263552	0.3944376809668837	0.2912695585267029	0.6055623190331163	0.7087304414732971	0.5714285714285714	baseline
P_LP.2976	0.0	0.3870519398464653	0.18214284305259446	1.3536858875358273	0.5519886340059316	0.5040268157064208	0.5519886340059316	0.5040268157064208	0.7142857142857143	endpoint
P_LP.2977	0.0	0.6089182520101798	1.1902901904614571	1.672100847383862	0.2993744732017917	0.07661740041735955	0.7006255267982082	0.9233825995826405	0.7142857142857143	baseline
P_LP.2978	0.0	0.2916743777951015	1.0691365567819995	1.5541915702280644	0.3384039986650729	0.2096075743405847	0.6615960013349271	0.7903924256594153	0.7142857142857143	baseline
P_LP.2979	0.0	0.8202058788781271	1.3782408121866017	1.6288660976687162	0.711944033317127	0.6369498266410569	0.711944033317127	0.6369498266410569	0.8571428571428571	endpoint
P_LP.298	0.0	0.8462793815737399	1.0720031865377326	1.4579315431467978	0.24609615762826514	0.21900342674269369	0.7539038423717348	0.7809965732573063	0.8571428571428571	baseline
P_LP.2980	0.0	0.3091711127534348	0.07042911261161841	1.8434236757727638	0.5616970234055741	0.45026886407255	0.5616970234055741	0.5497311359274499	0.5714285714285714	endpoint
P_LP.2981	0.0	0.045531554866545816	0.0020891705028181664	1.625864599320765	0.4646966100417072	0.48252837542094534	0.5353033899582929	0.5174716245790547	0.5714285714285714	endpoint
P_LP.2982	0.0	0.8918787878610838	0.7830615223782972	1.6624211493486227	0.7273895772108376	0.6897009650470597	0.7273895772108376	0.6897009650470597	0.8571428571428571	endpoint
P_LP.2983	0.0	0.10585086664937891	0.05661920336193094	1.2756075332106331	0.41793718781344485	0.5535618678592494	0.5820628121865552	0.5535618678592494	0.5714285714285714	baseline
P_LP.2984	0.0	0.09078669366682576	0.9356783401363542	1.4755722342343127	0.39896097523543034	0.2755095410507596	0.6010390247645696	0.7244904589492405	0.5714285714285714	baseline
P_LP.2985	0.0	0.5855447889820732	0.9884103544852187	1.5638633228330974	0.6311427655140759	0.5985341507482628	0.6311427655140759	0.5985341507482628	0.7142857142857143	endpoint
P_LP.2986	0.0	0.43132551547175385	0.7837771434333212	1.205993876569729	0.6105923654758063	0.6715344866139752	0.6105923654758063	0.6715344866139752	0.5714285714285714	endpoint
P_LP.2987	0.0	0.23780525599018368	0.42105841958052465	1.4669613537680934	0.39462080977765573	0.3668105527268426	0.6053791902223442	0.6331894472731574	0.7142857142857143	baseline
P_LP.2988	0.0	0.28925679971141127	0.6251292852847908	1.674665941520121	0.39915697389528765	0.28941080736329655	0.6008430261047124	0.7105891926367034	0.7142857142857143	baseline
P_LP.2989	0.0	1.1085308139177485	1.1671149066984385	1.8285021212611592	0.14385648500366185	0.08291263508521514	0.8561435149963381	0.9170873649147848	1.0	baseline
P_LP.299	0.0	0.1031833005998084	0.29625105354047226	1.4209484631514075	0.44649301949541276	0.5619692412263031	0.5535069805045872	0.5619692412263031	0.5714285714285714	endpoint
P_LP.2990	0.0	0.2177774856444039	0.10429461657680064	1.7139082718324732	0.5317936243057106	0.5101298071302354	0.5317936243057106	0.5101298071302354	0.5714285714285714	endpoint
P_LP.2991	0.0	0.40085869201043334	0.5374016023666587	1.6124203314500798	0.6100822404611586	0.6394666547471916	0.6100822404611586	0.6394666547471916	0.8571428571428571	endpoint
P_LP.2992	0.0	0.23951788653217423	0.6663211970881426	1.3294093487236194	0.520631878754063	0.573700725957819	0.520631878754063	0.573700725957819	0.7142857142857143	endpoint
P_LP.2993	0.0	0.24699864986402414	0.4405582877184006	1.125949225550725	0.5066075790834056	0.5549999896212428	0.5066075790834056	0.5549999896212428	0.7142857142857143	endpoint
P_LP.2994	0.0	0.1612229987425661	0.5467136074341238	1.3807573213521427	0.4980427104197915	0.5739969337848418	0.5019572895802085	0.5739969337848418	0.5714285714285714	endpoint
P_LP.2995	0.0	0.024300093521202073	0.28064672694382103	1.5644576949888793	0.42869086255934974	0.39696518888315346	0.5713091374406503	0.6030348111168465	0.7142857142857143	baseline
P_LP.2996	0.0	0.10802297054442007	0.43480513523662173	1.6290248213637688	0.46549218435122947	0.29355577936603167	0.5345078156487706	0.7064442206339683	0.5714285714285714	baseline
P_LP.2997	0.0	0.4479342626867072	0.8820228629804793	1.4696820270147475	0.602540624386128	0.667617855245868	0.602540624386128	0.667617855245868	0.7142857142857143	endpoint
P_LP.2998	0.0	0.348503541528875	0.3418630371334117	1.6429094055399134	0.34739143917533116	0.3188444084540733	0.6526085608246688	0.6811555915459266	0.7142857142857143	baseline
P_LP.2999	0.0	0.07575312524533039	0.347889059059587	1.8040372225878738	0.467581122811937	0.47941312453838436	0.532418877188063	0.5205868754616156	0.5714285714285714	endpoint
P_LP.3	0.0	0.5217570285896903	0.7537652659649478	1.4401443314791111	0.3369574244320381	0.3109745416031867	0.6630425755679619	0.6890254583968133	0.7142857142857143	baseline
P_LP.30	0.0	0.19988011231855016	1.0613553413899903	1.5053036635247636	0.5517611335272956	0.7618003583613223	0.5517611335272956	0.7618003583613223	0.5714285714285714	endpoint
P_LP.300	0.0	0.5544066073558925	1.175794268215429	1.35593446436685	0.32803285403029775	0.19945806025485419	0.6719671459697023	0.8005419397451459	0.7142857142857143	baseline
P_LP.3000	0.0	0.28251897526096453	0.13893859572858924	1.223205044851955	0.5679722176697022	0.44737952578547846	0.5679722176697022	0.5526204742145215	0.5714285714285714	endpoint
P_LP.3001	0.0	0.33805781326224693	0.2777443419492761	1.7094042541347232	0.5551389564903112	0.5145737072903489	0.5551389564903112	0.5145737072903489	0.5714285714285714	endpoint
P_LP.3002	0.0	0.7739000268786256	1.0178015899601707	1.604984004371073	0.684971961003427	0.6094063126588145	0.684971961003427	0.6094063126588145	0.7142857142857143	endpoint
P_LP.3003	0.14285714285714285	0.5310709196817393	0.8765192271107028	2.610342751853276	0.599251196021375	0.7861867296935425	0.599251196021375	0.7861867296935425	0.5714285714285714	endpoint
P_LP.3004	0.0	0.11752901822207765	0.052721873857747015	1.6025415042895126	0.5077158463673296	0.45310446443091645	0.5077158463673296	0.5468955355690835	0.5714285714285714	endpoint
P_LP.3005	0.0	0.15847988951166087	0.051325822447972486	1.5209588547901776	0.42459100012570933	0.4183747503403086	0.5754089998742906	0.5816252496596914	0.5714285714285714	baseline
P_LP.3006	0.0	0.9334584295286773	0.9337667145530413	1.323265372386399	0.2160690297751115	0.255917316482508	0.7839309702248884	0.7440826835174921	1.0	baseline
P_LP.3007	0.0	0.597787525941972	0.6735171330425874	1.5827297229987372	0.323262782514917	0.35311989166148644	0.676737217485083	0.6468801083385136	0.8571428571428571	baseline
P_LP.3008	0.0	0.5680860955805996	0.657892242604424	1.662560616800505	0.6111083471395385	0.6324876262499162	0.6111083471395385	0.6324876262499162	0.7142857142857143	endpoint
P_LP.3009	0.0	0.23123370123561887	0.46480799160761516	1.4995847255587222	0.4861288642379124	0.5969901805634819	0.5138711357620875	0.5969901805634819	0.5714285714285714	endpoint
P_LP.301	0.0	0.04350756115659234	0.2999283036380339	1.4237222978047968	0.4706801908448816	0.5287768836850942	0.5293198091551183	0.5287768836850942	0.5714285714285714	endpoint
P_LP.3010	0.0	0.8394528856288032	1.0047666703010085	1.3690078798604999	0.7140644434993231	0.6056345319984996	0.7140644434993231	0.6056345319984996	0.8571428571428571	endpoint
P_LP.3011	0.0	0.34873447998654733	1.0416898902488743	1.346815939378804	0.5735631602291287	0.5985499305796632	0.5735631602291287	0.5985499305796632	0.7142857142857143	endpoint
P_LP.3012	0.0	0.47590892380118693	0.4546981634163049	1.645981009465591	0.3323086225094739	0.2768591755646105	0.6676913774905261	0.7231408244353895	0.8571428571428571	baseline
P_LP.3013	0.0	0.12116815391350647	0.3924949928879936	1.7301205694137434	0.4398405501191351	0.4320767217918926	0.5601594498808649	0.5679232782081074	0.5714285714285714	endpoint
P_LP.3014	0.0	0.5521340167614845	0.8030205577427855	1.619582612822489	0.5921543644039753	0.6343703128980324	0.5921543644039753	0.6343703128980324	0.7142857142857143	endpoint
P_LP.3015	0.0	0.42512697864379695	0.9170386950016759	1.2891988010908364	0.5607692261326178	0.581977665050701	0.5607692261326178	0.581977665050701	0.7142857142857143	endpoint
P_LP.3016	0.0	0.9000279715458225	1.298566326619228	1.713985621495731	0.21210234661121402	0.10761574448160613	0.787897653388786	0.8923842555183938	0.8571428571428571	baseline
P_LP.3017	0.14285714285714285	0.7242483961645555	1.0096809861442793	2.0798287086188907	0.6727742007859495	0.7442198372016827	0.6727742007859495	0.7442198372016827	0.8571428571428571	endpoint
P_LP.3018	0.0	0.5572747751522642	0.47796941113125024	1.4073248514441312	0.654946619073943	0.5910998787534018	0.654946619073943	0.5910998787534018	0.7142857142857143	endpoint
P_LP.3019	0.0	0.4032984359583421	0.7067743953481942	1.5027536976278024	0.587198886622745	0.5557885973128521	0.587198886622745	0.5557885973128521	0.5714285714285714	endpoint
P_LP.302	0.0	0.0214766460282751	0.046824759611735906	1.6638942071686937	0.49135624111952325	0.4286262751575055	0.5086437588804767	0.5713737248424945	0.5714285714285714	baseline
P_LP.3020	0.0	0.3579304245095364	0.5659449460328355	1.6689321041866818	0.34657559557126827	0.3262326430979793	0.6534244044287317	0.6737673569020207	0.5714285714285714	baseline
P_LP.3021	0.0	0.3970727318252129	0.5227453750428904	1.1817037478950847	0.366946735489666	0.34629656791655744	0.633053264510334	0.6537034320834425	0.5714285714285714	baseline
P_LP.3022	0.0	0.8572058834306672	0.9568690496169404	1.3293382646562006	0.7301417027746799	0.7588200060708468	0.7301417027746799	0.7588200060708468	0.8571428571428571	endpoint
P_LP.3023	0.0	0.9001205019037967	1.0267008392402786	1.4341112999954193	0.23273708462952122	0.21596098192821417	0.7672629153704787	0.7840390180717858	1.0	baseline
P_LP.3024	0.0	0.17209044513335764	0.37013462084837573	1.1715961102729513	0.4991117480320345	0.5658538514011131	0.5008882519679655	0.5658538514011131	0.5714285714285714	endpoint
P_LP.3025	0.0	0.5471115194539994	0.9158851446526882	1.196419101082522	0.3350136180726813	0.24791297453767833	0.6649863819273187	0.7520870254623216	0.8571428571428571	baseline
P_LP.3026	0.0	0.38096190630693744	0.5270126457334516	1.0514760900608322	0.36206273045318105	0.2806601602577463	0.637937269546819	0.7193398397422537	0.8571428571428571	baseline
P_LP.3027	0.0	0.017247992365100266	0.3081439303442323	1.5450039649188143	0.47519653791086097	0.5240030230809385	0.5248034620891391	0.5240030230809385	0.5714285714285714	endpoint
P_LP.3028	0.0	0.15165506842449508	0.5281371364386491	1.6471355964297119	0.4918836430073486	0.592240309227638	0.5081163569926515	0.592240309227638	0.5714285714285714	endpoint
P_LP.3029	0.0	0.5323838247053196	0.8324756327247632	1.6341754322364987	0.5913145232149046	0.5639964126003173	0.5913145232149046	0.5639964126003173	0.7142857142857143	endpoint
P_LP.303	0.0	0.7053422024443338	1.1028995921470548	1.596738317709394	0.2914796076412922	0.1501404732027238	0.7085203923587078	0.8498595267972762	0.7142857142857143	baseline
P_LP.3030	0.0	0.7287711123897797	0.6785745254712165	1.7556286289104035	0.6630356438706084	0.6239887668941568	0.6630356438706084	0.6239887668941568	0.8571428571428571	endpoint
P_LP.3031	0.0	0.35614941143401546	0.23432650865437843	1.7204742519163834	0.5808598059581349	0.5433114837855659	0.5808598059581349	0.5433114837855659	0.7142857142857143	endpoint
P_LP.3032	0.0	0.541585624278472	0.802363328772147	1.7482544398188917	0.6511364041091128	0.7446037622422204	0.6511364041091128	0.7446037622422204	0.5714285714285714	endpoint
P_LP.3033	0.0	0.19424729157214266	0.2756510452147803	1.6719852185897508	0.42541387653167295	0.353466831633787	0.574586123468327	0.646533168366213	0.5714285714285714	baseline
P_LP.3034	0.0	0.12099905562310072	0.3743185120331719	1.81901457643375	0.4473932534370647	0.31231746336917304	0.5526067465629353	0.687682536630827	0.5714285714285714	endpoint
P_LP.3035	0.14285714285714285	0.6429257836875552	0.920831013572532	2.3360926087136162	0.616929962003483	0.7097422460594965	0.616929962003483	0.7097422460594965	0.7142857142857143	endpoint
P_LP.3036	0.0	0.07304012694042752	0.49088751751854176	1.7301347499023394	0.512091789899525	0.5832434703534441	0.512091789899525	0.5832434703534441	0.5714285714285714	endpoint
P_LP.3037	0.0	0.47430840226295234	0.6313428353764124	1.5290171649922577	0.6162484529175002	0.52275208425188	0.6162484529175002	0.52275208425188	0.7142857142857143	endpoint
P_LP.3038	0.14285714285714285	0.47898979343208425	0.2042055763230673	2.729629840648562	0.568130437248285	0.4268167613609835	0.568130437248285	0.5731832386390165	0.5714285714285714	endpoint
P_LP.3039	0.0	1.1808362640962253	1.1572672517857314	1.6086003786207768	0.13282846835586373	0.0700276320425171	0.8671715316441363	0.929972367957483	1.0	baseline
P_LP.304	0.0	0.4091255623588169	0.27096823153742494	1.1920079915261752	0.6087273940161818	0.5124718997239067	0.6087273940161818	0.5124718997239067	0.7142857142857143	endpoint
P_LP.3040	0.0	0.2800324971468072	0.11277071881884862	1.1867124328494971	0.3741864015506617	0.408980069052165	0.6258135984493383	0.591019930947835	0.7142857142857143	baseline
P_LP.3041	0.0	0.5770647774995297	1.1207558138523999	1.8308839619424169	0.6384295052463053	0.5975813902256516	0.6384295052463053	0.5975813902256516	0.7142857142857143	endpoint
P_LP.3042	0.0	0.2530887215279169	0.7461280802022857	1.2123877126367828	0.565282326102374	0.6383030954318245	0.565282326102374	0.6383030954318245	0.5714285714285714	endpoint
P_LP.3043	0.0	0.4062941573200991	0.42796641259697926	1.7268450120700845	0.3948582032012475	0.3032856007647366	0.6051417967987525	0.6967143992352633	0.7142857142857143	baseline
P_LP.3044	0.0	0.3058040493603689	0.34237881295899814	1.4178450326633292	0.363484337306131	0.3222244892444561	0.636515662693869	0.6777755107555439	0.7142857142857143	baseline
P_LP.3045	0.0	0.204272815295945	0.02710996538561069	1.4406290108130082	0.40153160427075624	0.45047955513056015	0.5984683957292438	0.5495204448694399	0.8571428571428571	baseline
P_LP.3046	0.0	0.008211196540715893	0.26582302445058464	1.1000479828468772	0.4847449944888843	0.3855789777207256	0.5152550055111157	0.6144210222792744	0.5714285714285714	endpoint
P_LP.3047	0.0	0.5414209970208866	0.32715008732865836	1.4432640353676007	0.6605915728171609	0.5677799373267491	0.6605915728171609	0.5677799373267491	0.5714285714285714	endpoint
P_LP.3048	0.0	0.07911888281903677	0.11675592471284765	1.2365184401910263	0.5005192806485458	0.47703582892916435	0.5005192806485458	0.5229641710708357	0.5714285714285714	endpoint
P_LP.3049	0.0	0.14036156992484394	0.06020039855382403	1.1481303562573038	0.446082477673364	0.46436466157348333	0.5539175223266359	0.5356353384265167	0.7142857142857143	baseline
P_LP.305	0.0	0.6254768846428842	0.8059527053878446	1.751747438925986	0.673661394859029	0.6512082598717448	0.673661394859029	0.6512082598717448	0.5714285714285714	endpoint
P_LP.3050	0.0	0.5168907475733978	0.5282498071651801	1.6577557532400657	0.34176765746752935	0.31209868449722855	0.6582323425324706	0.6879013155027714	0.8571428571428571	baseline
P_LP.3051	0.0	0.22130381979162245	0.04152710925619054	1.4279871977155332	0.58962647924037	0.4931789191548714	0.58962647924037	0.5068210808451286	0.5714285714285714	endpoint
P_LP.3052	0.0	0.09388041609931255	0.06613410747076841	1.0974247630974943	0.43261258405269026	0.4489366434099176	0.5673874159473098	0.5510633565900824	0.5714285714285714	baseline
P_LP.3053	0.0	0.46535726661243787	0.5074538827151044	1.4773110196702202	0.3285584800436382	0.35492546539361197	0.6714415199563618	0.645074534606388	0.8571428571428571	baseline
P_LP.3054	0.0	0.46555466114073013	0.7135715531457739	1.2536310814843536	0.33240498404903407	0.26072976747988186	0.6675950159509659	0.7392702325201181	0.8571428571428571	baseline
P_LP.3055	0.0	0.49607565997708036	0.6123916538221439	1.4797909033214571	0.6447445015614585	0.6094539289106836	0.6447445015614585	0.6094539289106836	0.7142857142857143	endpoint
P_LP.3056	0.0	0.2350181560274384	0.37872742994018443	0.98831792690715	0.39515396597973407	0.39565309495939094	0.6048460340202659	0.6043469050406091	0.7142857142857143	baseline
P_LP.3057	0.0	0.22722630027563975	0.06779799458915328	1.5705644224510256	0.5384257401099602	0.42082226780642057	0.5384257401099602	0.5791777321935794	0.5714285714285714	endpoint
P_LP.3058	0.0	0.7531271197055464	0.7437510767157166	1.156885120524712	0.6790083679610494	0.6585403908910795	0.6790083679610494	0.6585403908910795	0.8571428571428571	endpoint
P_LP.3059	0.0	0.29776978478250593	0.7754510447427233	1.3208409695268866	0.31957923991423814	0.31723892988853614	0.6804207600857619	0.6827610701114639	0.5714285714285714	baseline
P_LP.306	0.0	0.7191558191274249	1.1257674403931102	1.2305491274828144	0.22907101528978707	0.17794130673400718	0.770928984710213	0.8220586932659928	0.8571428571428571	baseline
P_LP.3060	0.0	0.260340823262294	0.4272875518142713	1.396618126112668	0.35821866368884697	0.3851778708177621	0.6417813363111531	0.6148221291822379	0.7142857142857143	baseline
P_LP.3061	0.0	0.24292664425615415	0.752636457357267	1.0430244481225923	0.5243118193950141	0.5715091889958541	0.5243118193950141	0.5715091889958541	0.5714285714285714	endpoint
P_LP.3062	0.0	0.13818494510253046	0.34060536716572776	1.8194144086853103	0.5384190501588801	0.5098830763908555	0.5384190501588801	0.5098830763908555	0.5714285714285714	endpoint
P_LP.3063	0.0	0.4539146738989487	0.5057402938122347	1.737652122801154	0.6317318833531015	0.768221107220834	0.6317318833531015	0.768221107220834	0.5714285714285714	endpoint
P_LP.3064	0.0	0.5679743860949749	0.3124315129882027	1.5172299425161768	0.635667079523633	0.5893722932759439	0.635667079523633	0.5893722932759439	0.8571428571428571	endpoint
P_LP.3065	0.0	0.1426445790480063	0.5879941837314697	1.499870812707148	0.5577135761899548	0.6108067119658378	0.5577135761899548	0.6108067119658378	0.5714285714285714	endpoint
P_LP.3066	0.0	0.7305545744271154	0.8053739941151576	1.5046287543820678	0.7083849975723512	0.7264465302686919	0.7083849975723512	0.7264465302686919	0.7142857142857143	endpoint
P_LP.3067	0.0	0.4003867634826913	0.3915827813624705	1.5547445906715673	0.5925055017552212	0.56253622368163	0.5925055017552212	0.56253622368163	0.7142857142857143	endpoint
P_LP.3068	0.0	0.5445917284698487	0.7527506955257853	1.8207165417615963	0.6265004889433567	0.7046026131638802	0.6265004889433567	0.7046026131638802	0.7142857142857143	endpoint
P_LP.3069	0.0	0.3179622780449532	0.5083596235291954	1.6168786670193627	0.5620113548133313	0.635206853304106	0.5620113548133313	0.635206853304106	0.5714285714285714	endpoint
P_LP.307	0.0	0.5921426294543675	0.5106390108739157	1.4770213327754094	0.6474470427356976	0.6185453596947369	0.6474470427356976	0.6185453596947369	0.7142857142857143	endpoint
P_LP.3070	0.0	0.5497296715831853	1.0198732475867358	1.245348498563211	0.6298749499798346	0.7573894398509134	0.6298749499798346	0.7573894398509134	0.7142857142857143	endpoint
P_LP.3071	0.0	0.31187944809615425	0.12530043441132183	1.6468051573624582	0.5743379198065357	0.4070643251649613	0.5743379198065357	0.5929356748350387	0.5714285714285714	endpoint
P_LP.3072	0.0	0.19188002189577408	0.25446900890079904	1.6067643610980424	0.511208319004656	0.6797730606564117	0.511208319004656	0.6797730606564117	0.5714285714285714	endpoint
P_LP.3073	0.0	0.2125418049243228	0.16688089608505147	1.6476832268581538	0.406328900650447	0.41351142141016	0.593671099349553	0.5864885785898399	0.8571428571428571	baseline
P_LP.3074	0.0	0.11356257464846177	0.08129000760583716	1.4714964836186137	0.5490999139284353	0.43865118549935106	0.5490999139284353	0.5613488145006489	0.5714285714285714	endpoint
P_LP.3075	0.0	0.11020075736015462	0.34521379630729465	1.4731621541689608	0.5198293663165984	0.6047113319231812	0.5198293663165984	0.6047113319231812	0.5714285714285714	endpoint
P_LP.3076	0.0	0.49847861681277117	1.134783325292147	1.5628442821622508	0.6207021170488876	0.7221424815168196	0.6207021170488876	0.7221424815168196	0.7142857142857143	endpoint
P_LP.3077	0.0	0.41448397096116857	0.6719689214192786	1.276734243292942	0.36465538599972114	0.3234808787105592	0.6353446140002789	0.6765191212894408	0.7142857142857143	baseline
P_LP.3078	0.0	0.4268165211840291	0.5664205294491015	1.3913771195879947	0.5636857739522457	0.6131556897186573	0.5636857739522457	0.6131556897186573	0.7142857142857143	endpoint
P_LP.3079	0.0	0.06495992931571445	0.3560022356788053	1.4363192927246993	0.5098964349509982	0.38582280959178983	0.5098964349509982	0.6141771904082102	0.5714285714285714	endpoint
P_LP.308	0.0	0.31729777306994883	0.1515671999607729	1.414230720622701	0.3646001545703327	0.40304824074815293	0.6353998454296673	0.5969517592518471	0.8571428571428571	baseline
P_LP.3080	0.0	0.2649427519371	0.6129005188888579	0.9326234008541545	0.3905707022859334	0.2836278411883361	0.6094292977140666	0.7163721588116638	0.5714285714285714	baseline
P_LP.3081	0.0	0.2840594244820931	0.14196611774018655	1.6252675499951148	0.38992151190001667	0.40451620819233636	0.6100784880999833	0.5954837918076636	0.5714285714285714	baseline
P_LP.3082	0.0	0.13004560517233862	0.48604137002795605	1.3889492267014736	0.5490865503659534	0.6039734479217992	0.5490865503659534	0.6039734479217992	0.5714285714285714	endpoint
P_LP.3083	0.0	0.7874266255520207	1.05608855085631	1.5068466143660426	0.25324749881688174	0.15229906578347915	0.7467525011831182	0.8477009342165208	0.8571428571428571	baseline
P_LP.3084	0.0	0.16347148673872214	0.13814617512259614	1.308071862210326	0.5323454496377554	0.47127327895249116	0.5323454496377554	0.5287267210475088	0.5714285714285714	endpoint
P_LP.3085	0.0	0.20160662050584993	0.028992769900880164	1.6433956496565372	0.4575268631178511	0.4345881985947944	0.5424731368821489	0.5654118014052056	0.5714285714285714	baseline
P_LP.3086	0.0	0.5722798223570174	0.7245784228374432	1.4941556104111902	0.3012407968086898	0.2036741730440583	0.6987592031913101	0.7963258269559417	0.8571428571428571	baseline
P_LP.3087	0.0	0.05165052600494856	0.1883350260288852	1.1987272920458307	0.4763223033614437	0.4311027356114812	0.5236776966385563	0.5688972643885188	0.5714285714285714	baseline
P_LP.3088	0.0	0.23518680173001788	0.39970759968033415	0.8289451918683552	0.5559088916825375	0.5842369925854426	0.5559088916825375	0.5842369925854426	0.7142857142857143	endpoint
P_LP.3089	0.0	0.3357027315443752	0.33159470706323285	1.6997599616233607	0.36282818481208184	0.325569493087574	0.6371718151879182	0.674430506912426	0.5714285714285714	baseline
P_LP.309	0.0	0.20728767007555296	0.7842243714060622	1.1192109478848737	0.4021981995484291	0.2729988927936051	0.5978018004515708	0.7270011072063949	0.5714285714285714	baseline
P_LP.3090	0.0	0.22557961394692733	0.34674267831833155	1.1823305683773662	0.5117666152959423	0.5359755464927867	0.5117666152959423	0.5359755464927867	0.7142857142857143	endpoint
P_LP.3091	0.0	0.7959927170261771	1.180414829635096	1.6481360625301023	0.22459996267605445	0.16732955983990278	0.7754000373239456	0.8326704401600973	0.8571428571428571	baseline
P_LP.3092	0.14285714285714285	0.6382534445495374	0.16482089973409522	2.8445367144857023	0.6183184767672064	0.5129054898341331	0.6183184767672064	0.5129054898341331	0.5714285714285714	endpoint
P_LP.3093	0.0	0.36374144402032904	0.2862213321862683	1.845608115139859	0.568920183483229	0.47969925370698546	0.568920183483229	0.5203007462930145	0.5714285714285714	endpoint
P_LP.3094	0.0	0.09272570694266079	0.11554418721394018	1.0859017311485977	0.4960734882461356	0.6308712169704358	0.5039265117538644	0.6308712169704358	0.5714285714285714	endpoint
P_LP.3095	0.0	0.41977612198902436	0.6204979426630216	1.3026927903851493	0.6018803459205521	0.5210939431097508	0.6018803459205521	0.5210939431097508	0.5714285714285714	endpoint
P_LP.3096	0.0	0.27881150120759707	0.4456061472879941	1.7276476037918194	0.438465530531907	0.351890038502951	0.561534469468093	0.648109961497049	0.5714285714285714	baseline
P_LP.3097	0.0	0.38857544152453155	0.634549527996118	1.2036245250961919	0.37815782477374854	0.31331338598033015	0.6218421752262515	0.6866866140196699	0.7142857142857143	baseline
P_LP.3098	0.0	1.1480379300059724	1.3897841402481257	1.763721846939474	0.7791919705228547	0.8153698146488089	0.7791919705228547	0.8153698146488089	0.8571428571428571	endpoint
P_LP.3099	0.0	0.6287528130926273	0.9934809195715644	1.4841421155643577	0.675060289425771	0.797504970174464	0.675060289425771	0.797504970174464	0.7142857142857143	endpoint
P_LP.31	0.0	0.23765049159156612	0.17104698139343563	1.5785507542150181	0.581902312382815	0.5281568390516682	0.581902312382815	0.5281568390516682	0.5714285714285714	endpoint
P_LP.310	0.0	0.9492545673961342	1.0046035969759355	1.542129205683726	0.19039143069461867	0.1594914818923237	0.8096085693053814	0.8405085181076764	0.8571428571428571	baseline
P_LP.3100	0.0	0.6693495432074601	1.1449424194866469	1.553695093727749	0.6137470057735879	0.7325653066239295	0.6137470057735879	0.7325653066239295	0.7142857142857143	endpoint
P_LP.3101	0.0	0.08189833446603846	0.2032026741478453	1.5128827683058845	0.4917843151774238	0.5211850755192756	0.5082156848225762	0.5211850755192756	0.5714285714285714	endpoint
P_LP.3102	0.0	0.2581592849415203	0.5590089140196722	1.6242478661296982	0.5395689561282582	0.5116925141719423	0.5395689561282582	0.5116925141719423	0.5714285714285714	endpoint
P_LP.3103	0.0	0.0042163978342809804	0.2792378929997405	1.5458349158004316	0.448555856646959	0.3835278974523016	0.551444143353041	0.6164721025476985	0.7142857142857143	baseline
P_LP.3104	0.0	0.2899692730603544	0.395131107457003	1.1521707977861761	0.537528215284518	0.5740747357818776	0.537528215284518	0.5740747357818776	0.7142857142857143	endpoint
P_LP.3105	0.0	0.15450815055052106	0.7126166559068152	1.4529736665800657	0.3865533857298421	0.207384462681435	0.6134466142701579	0.792615537318565	0.5714285714285714	baseline
P_LP.3106	0.14285714285714285	0.7062699099957731	0.5589553476722673	2.4172996460835083	0.6365010685807252	0.6828995683819954	0.6365010685807252	0.6828995683819954	0.7142857142857143	endpoint
P_LP.3107	0.0	1.151040474741291	1.1741995721603453	1.7964835989013315	0.8067229765166859	0.8302960149281807	0.8067229765166859	0.8302960149281807	1.0	endpoint
P_LP.3108	0.0	0.3353257996155737	0.6024937069539643	1.4872487736696007	0.39863152837520255	0.27310413073267187	0.6013684716247975	0.7268958692673282	0.7142857142857143	baseline
P_LP.3109	0.0	0.039097864195071094	0.20435831603992033	1.6748910786014088	0.46671367863659785	0.37691369810394926	0.5332863213634021	0.6230863018960507	0.7142857142857143	baseline
P_LP.311	0.0	0.7599839456549239	0.8740880002065883	1.6745312622050157	0.6680363721600113	0.6659061736667917	0.6680363721600113	0.6659061736667917	0.8571428571428571	endpoint
P_LP.3110	0.0	0.22618037180997805	0.10800736894113587	1.9603854155675593	0.49555336319943777	0.4097083663820998	0.5044466368005622	0.5902916336179003	0.5714285714285714	endpoint
P_LP.3111	0.0	0.04051338225466307	0.02109401290950878	0.9628415613448269	0.48427868941780317	0.47280055792595477	0.5157213105821968	0.5271994420740452	0.7142857142857143	baseline
P_LP.3112	0.0	0.4293391443603197	0.7551546842451353	1.0586421482000234	0.5974253090891117	0.6873846830856558	0.5974253090891117	0.6873846830856558	0.5714285714285714	endpoint
P_LP.3113	0.0	0.33008020736139176	0.22676664384200204	1.453817401461292	0.5834187150462117	0.5262682148254922	0.5834187150462117	0.5262682148254922	0.5714285714285714	endpoint
P_LP.3114	0.0	0.032663758868383304	0.04859971856355328	1.1955474469103682	0.47106476537365666	0.46592008422399694	0.5289352346263434	0.534079915776003	0.5714285714285714	endpoint
P_LP.3115	0.0	0.32193750905172386	0.15196184089343856	1.2233688889741074	0.341507213548555	0.3941459344131177	0.6584927864514449	0.6058540655868823	0.8571428571428571	baseline
P_LP.3116	0.0	0.4397296944835403	0.5465199691160113	1.778943452011034	0.35510252348387616	0.3978231735047997	0.6448974765161238	0.6021768264952003	0.7142857142857143	baseline
P_LP.3117	0.0	0.03827941330138932	0.2599587658672806	1.4375767286183485	0.4524919684672315	0.49869334916945673	0.5475080315327685	0.5013066508305433	0.5714285714285714	endpoint
P_LP.3118	0.0	0.6763105093344114	0.8864461491198907	1.2186502013994382	0.27701888133550445	0.23989547626137678	0.7229811186644955	0.7601045237386233	0.8571428571428571	baseline
P_LP.3119	0.0	0.144957666784958	0.4700893510709399	1.164890871873842	0.443991208923587	0.3543474654253015	0.556008791076413	0.6456525345746985	0.5714285714285714	baseline
P_LP.312	0.0	0.5271112371020356	0.661487569451358	1.3757490619257446	0.3410283263803174	0.32077635238765934	0.6589716736196827	0.6792236476123407	0.8571428571428571	baseline
P_LP.3120	0.0	0.406102930355195	0.6592739387297791	1.3755224309757015	0.30619927179509837	0.2785042376429586	0.6938007282049017	0.7214957623570414	0.7142857142857143	baseline
P_LP.3121	0.0	0.49002639340944926	0.5186159053710491	1.397666420758284	0.34597142480720233	0.2984771601096709	0.6540285751927977	0.701522839890329	0.7142857142857143	baseline
P_LP.3122	0.0	0.6347734484253639	0.34759570476535806	1.7326629290417122	0.6265206333172155	0.5844303996680137	0.6265206333172155	0.5844303996680137	0.7142857142857143	endpoint
P_LP.3123	0.0	0.050932529785255524	0.003104006849922241	1.7293013223343396	0.4111415685201063	0.44489448920820107	0.5888584314798937	0.5551055107917989	0.7142857142857143	baseline
P_LP.3124	0.0	0.6866157173196843	1.1697449117164267	1.6406942880185191	0.24589365472148375	0.08281963374218689	0.7541063452785163	0.9171803662578131	0.7142857142857143	baseline
P_LP.3125	0.0	0.0030583418562279024	0.07027127327936247	1.5361315542875547	0.42822968258954397	0.4369664646631219	0.571770317410456	0.563033535336878	0.5714285714285714	endpoint
P_LP.3126	0.0	0.8308513237897464	0.7152427392593811	1.5664586467733081	0.7245023574125876	0.6635111787364522	0.7245023574125876	0.6635111787364522	0.8571428571428571	endpoint
P_LP.3127	0.0	0.4270289073966262	0.4103573250923641	1.1811066823370622	0.3690269378726204	0.38883000167815046	0.6309730621273796	0.6111699983218495	0.7142857142857143	baseline
P_LP.3128	0.0	0.24274660888553126	0.4062188698321025	1.4400202926133054	0.44032169871860793	0.4383987016490715	0.5596783012813921	0.5616012983509284	0.7142857142857143	baseline
P_LP.3129	0.0	0.05844486306663409	0.07195410165917818	1.5152759984123263	0.47390183083114873	0.5013959817986979	0.5260981691688513	0.5013959817986979	0.5714285714285714	endpoint
P_LP.313	0.0	1.2005201935836616	1.3064012927878452	1.7122842788677175	0.13320105881193345	0.0809557177888104	0.8667989411880666	0.9190442822111896	1.0	baseline
P_LP.3130	0.0	0.5779114686788441	0.9825189796997579	1.7135417206318766	0.34524309801935255	0.16422852310499303	0.6547569019806474	0.835771476895007	0.7142857142857143	baseline
P_LP.3131	0.0	0.024985107164004056	0.24472556570796386	1.3906838464042648	0.5066388169543811	0.5040554692282263	0.5066388169543811	0.5040554692282263	0.5714285714285714	baseline
P_LP.3132	0.0	0.2553691623853424	0.15439679861051217	0.9500242110935984	0.5537708895653173	0.47433152670982376	0.5537708895653173	0.5256684732901762	0.5714285714285714	endpoint
P_LP.3133	0.0	0.28498470173270707	0.04239859584533166	1.7684904484397959	0.5553234338077238	0.4152720713809202	0.5553234338077238	0.5847279286190799	0.5714285714285714	endpoint
P_LP.3134	0.0	0.5466394745215027	0.9778951554469056	1.6696332810336658	0.2932361019651329	0.15650817005700898	0.7067638980348672	0.843491829942991	0.8571428571428571	baseline
P_LP.3135	0.0	0.3953368516729336	0.6539746935498952	1.4705183793345364	0.5479003530292549	0.6772156195474359	0.5479003530292549	0.6772156195474359	0.7142857142857143	endpoint
P_LP.3136	0.0	0.0741026755447298	0.025188846747680207	1.1180564494544198	0.47978406725689965	0.4887666353265647	0.5202159327431004	0.5112333646734353	0.7142857142857143	endpoint
P_LP.3137	0.0	0.22120219297955027	0.5690606448808904	1.262333790398059	0.5514503424042385	0.6957992520235372	0.5514503424042385	0.6957992520235372	0.5714285714285714	endpoint
P_LP.3138	0.0	0.21281726212879196	0.05949834165141403	1.5640592919279934	0.5049606031079591	0.4171252045232868	0.5049606031079591	0.5828747954767133	0.5714285714285714	endpoint
P_LP.3139	0.0	0.35738665466458397	0.4488431438755784	1.4893461792112774	0.5615511838254188	0.5580153118731004	0.5615511838254188	0.5580153118731004	0.5714285714285714	endpoint
P_LP.314	0.14285714285714285	0.7873185579940633	1.196841546519346	2.0796722438007955	0.2688171561554151	0.22815776287079528	0.7311828438445849	0.7718422371292047	0.7142857142857143	baseline
P_LP.3140	0.0	0.08825023153753346	0.2635949784832748	1.4058468862141897	0.5069764312890253	0.5342126977724371	0.5069764312890253	0.5342126977724371	0.5714285714285714	endpoint
P_LP.3141	0.0	0.1883172268340076	0.6628949232489084	1.2167868039926573	0.5496973163597111	0.6867230632863142	0.5496973163597111	0.6867230632863142	0.7142857142857143	endpoint
P_LP.3142	0.0	0.3538554490777486	0.27273331429169634	1.6121871347080705	0.5804953628774914	0.5361839884566512	0.5804953628774914	0.5361839884566512	0.5714285714285714	endpoint
P_LP.3143	0.0	0.07497244913231303	0.239485537813636	1.1805665150086593	0.416135609224736	0.4172891140075985	0.583864390775264	0.5827108859924015	0.5714285714285714	baseline
P_LP.3144	0.0	0.10157741237791143	0.308501449246029	1.449370382657953	0.5115137999888781	0.4850424779451324	0.5115137999888781	0.5149575220548677	0.5714285714285714	endpoint
P_LP.3145	0.0	0.2288246873869845	0.6862472583888883	1.9059964731044616	0.42193611680443643	0.3064014720294226	0.5780638831955636	0.6935985279705774	0.7142857142857143	baseline
P_LP.3146	0.0	0.1579250354371797	0.2728073274370306	1.2264752992342514	0.43646971382366	0.3631104371170968	0.56353028617634	0.6368895628829032	0.7142857142857143	baseline
P_LP.3147	0.0	0.062400899447140494	0.005082782750004764	1.4651715467465538	0.4959160857057182	0.4485000012333041	0.5040839142942818	0.551499998766696	0.7142857142857143	endpoint
P_LP.3148	0.0	0.22723350074262788	0.08618070427578037	1.5453573049983866	0.40503800393205674	0.4551546779880583	0.5949619960679433	0.5448453220119417	0.5714285714285714	baseline
P_LP.3149	0.0	0.6104724261294967	0.8733392782178494	1.1620833875788636	0.3108383956465349	0.2910186483883904	0.6891616043534651	0.7089813516116096	0.8571428571428571	baseline
P_LP.315	0.0	1.080982310801234	1.3690494695323	1.6652907977135123	0.19292367132365215	0.032238531836214425	0.8070763286763478	0.9677614681637856	0.8571428571428571	baseline
P_LP.3150	0.0	0.9676520705749877	0.8651371334445686	1.3669069107647942	0.7601022665007952	0.7156016638417527	0.7601022665007952	0.7156016638417527	1.0	endpoint
P_LP.3151	0.0	0.2505019068056861	0.4569811396162719	1.3439104773764996	0.4325975649005674	0.2866772471453812	0.5674024350994327	0.7133227528546189	0.5714285714285714	baseline
P_LP.3152	0.0	0.2209552442535223	0.29152687160477353	0.9389842652176827	0.4032196155212227	0.4032349185036066	0.5967803844787773	0.5967650814963934	0.8571428571428571	baseline
P_LP.3153	0.0	0.2043072920099537	0.6217128238242713	1.7048551903086326	0.39430296545266447	0.27070866846688557	0.6056970345473356	0.7292913315331144	0.7142857142857143	baseline
P_LP.3154	0.0	0.21106865371836794	0.260741646878825	1.6564516888124516	0.5526160176870475	0.5092998272947571	0.5526160176870475	0.5092998272947571	0.5714285714285714	endpoint
P_LP.3155	0.0	0.4670861873828748	0.5415050167019181	1.430850478801474	0.6326632831274008	0.5941625049227854	0.6326632831274008	0.5941625049227854	0.7142857142857143	endpoint
P_LP.3156	0.0	0.00818680904220743	0.043094579851116636	1.1156973387483955	0.4634555555605261	0.4872759043176639	0.5365444444394739	0.5127240956823361	0.5714285714285714	endpoint
P_LP.3157	0.0	0.0455374543744829	0.07263757803625412	1.5084021352949915	0.4529986679397358	0.4457113066216113	0.5470013320602642	0.5542886933783887	0.7142857142857143	baseline
P_LP.3158	0.0	0.13185483142418153	0.39321738747716556	1.5019025653651306	0.4686035792691286	0.33968324666383914	0.5313964207308715	0.6603167533361609	0.7142857142857143	baseline
P_LP.3159	0.0	0.035493148784518765	0.45049145870890056	1.4755618623793039	0.49441819240174156	0.2959650376046956	0.5055818075982584	0.7040349623953044	0.5714285714285714	baseline
P_LP.316	0.0	0.531173860196896	0.8740138280766687	1.1702695783970354	0.6699390422096382	0.7235675045982086	0.6699390422096382	0.7235675045982086	0.7142857142857143	endpoint
P_LP.3160	0.0	0.016505596302305907	0.8149055328516689	1.461253455970459	0.49247665857615364	0.30162643695661373	0.5075233414238464	0.6983735630433863	0.5714285714285714	endpoint
P_LP.3161	0.0	0.4415004317257641	0.7573864400197182	1.649635071464201	0.6167764670075068	0.6790318263894259	0.6167764670075068	0.6790318263894259	0.5714285714285714	endpoint
P_LP.3162	0.0	0.14618520485126146	0.3237269186042983	1.5653095863285278	0.5213792105839903	0.5288365397508415	0.5213792105839903	0.5288365397508415	0.5714285714285714	endpoint
P_LP.3163	0.0	0.07463958796546957	0.11921279680243176	1.2665780919524263	0.4704657730276485	0.44444942976538465	0.5295342269723515	0.5555505702346153	0.5714285714285714	endpoint
P_LP.3164	0.0	0.016461804956183705	0.24766179405635375	1.2850152830181978	0.4582537270460178	0.5307756454809565	0.5417462729539821	0.5307756454809565	0.5714285714285714	endpoint
P_LP.3165	0.0	0.7127289127589543	0.763878533997921	1.402301679587142	0.26715353923826834	0.24491935029314116	0.7328464607617317	0.7550806497068588	1.0	baseline
P_LP.3166	0.0	0.12296119031656176	0.12908718300735	1.4352708767063165	0.46858408424271764	0.4327404476639839	0.5314159157572824	0.5672595523360161	0.5714285714285714	endpoint
P_LP.3167	0.0	0.20843001419306167	0.36923470509399386	1.670964048345218	0.38442404255400414	0.3822492710482154	0.6155759574459958	0.6177507289517846	0.7142857142857143	baseline
P_LP.3168	0.0	0.2322854695022228	0.2914976406928231	1.5300555717560254	0.3577118886583718	0.3816534305876434	0.6422881113416282	0.6183465694123567	0.7142857142857143	baseline
P_LP.3169	0.0	0.35002025753757	0.4680813146041526	1.33252957976868	0.5723040534963503	0.5348283703954649	0.5723040534963503	0.5348283703954649	0.5714285714285714	endpoint
P_LP.317	0.0	0.11031611189206933	0.3199453371412871	1.591861404526861	0.5309771118562654	0.5463684052670438	0.5309771118562654	0.5463684052670438	0.5714285714285714	endpoint
P_LP.3170	0.0	0.2699640083724425	0.17656921417116234	1.0712627724585717	0.35554165615294275	0.4342801910697766	0.6444583438470572	0.5657198089302233	0.8571428571428571	baseline
P_LP.3171	0.0	0.463622814650867	0.5435695514743512	0.9424024422719269	0.3353589320749822	0.3431126338192355	0.6646410679250179	0.6568873661807645	0.8571428571428571	baseline
P_LP.3172	0.0	0.5285370686531995	1.0729556634182276	1.5610601483520463	0.6717524607329909	0.7897424373280433	0.6717524607329909	0.7897424373280433	0.5714285714285714	endpoint
P_LP.3173	0.14285714285714285	0.5449145963013432	1.0059025708414775	2.3893682424230187	0.5734391291605236	0.7188327437128766	0.5734391291605236	0.7188327437128766	0.7142857142857143	endpoint
P_LP.3174	0.0	0.30096445291296536	0.7540875286562638	1.074917231773657	0.5469368985625321	0.5415192616951431	0.5469368985625321	0.5415192616951431	0.5714285714285714	endpoint
P_LP.3175	0.0	0.3784966298192976	0.29705711920773753	1.2948952226382073	0.3331957050345849	0.3355164055608891	0.6668042949654152	0.664483594439111	0.8571428571428571	baseline
P_LP.3176	0.0	0.3857503991716422	0.8362347898629501	1.430071869784582	0.6195008672237471	0.7218820710393599	0.6195008672237471	0.7218820710393599	0.5714285714285714	endpoint
P_LP.3177	0.14285714285714285	0.4692274365778933	0.5887661416876833	2.958104425224712	0.5545765552517464	0.604357513878799	0.5545765552517464	0.604357513878799	0.5714285714285714	endpoint
P_LP.3178	0.0	0.2705459613436619	0.1889651389438183	1.8065449339464923	0.5153335269418717	0.4870362574440143	0.5153335269418717	0.5129637425559856	0.5714285714285714	endpoint
P_LP.3179	0.14285714285714285	0.08187138682528827	0.37402183899954244	2.230745575053515	0.41129317482725475	0.3211144880900568	0.5887068251727452	0.6788855119099432	0.5714285714285714	baseline
P_LP.318	0.0	0.1384972072695307	0.0545359748929901	1.1981181961244358	0.5080289914748234	0.4345605998631956	0.5080289914748234	0.5654394001368044	0.5714285714285714	endpoint
P_LP.3180	0.0	0.13882093301143278	0.11445651865099332	1.148489713830912	0.4702336811722014	0.5020410570395063	0.5297663188277986	0.5020410570395063	0.5714285714285714	endpoint
P_LP.3181	0.0	0.2245787124257898	0.6806264532354824	1.204549948857068	0.5215415611421116	0.5455246062792373	0.5215415611421116	0.5455246062792373	0.5714285714285714	endpoint
P_LP.3182	0.0	0.26715895833327513	0.49575274756831755	1.5785787324255707	0.5105647524313748	0.6071673412551811	0.5105647524313748	0.6071673412551811	0.5714285714285714	endpoint
P_LP.3183	0.0	0.13292589932319301	0.17746337245779473	1.669230414483463	0.46909870581355756	0.4390690921277742	0.5309012941864424	0.5609309078722258	0.5714285714285714	endpoint
P_LP.3184	0.0	0.20610638731880068	0.3376001998197824	1.7450802941247814	0.53313275888116	0.573135922465967	0.53313275888116	0.573135922465967	0.5714285714285714	endpoint
P_LP.3185	0.0	0.4046280781647882	0.6631338305182128	1.3031873809527512	0.36562498129968135	0.28372309616769903	0.6343750187003186	0.7162769038323009	0.7142857142857143	baseline
P_LP.3186	0.0	0.48811453809079147	0.34504574437332547	1.5937612932906386	0.30354865726716224	0.37932691622949744	0.6964513427328378	0.6206730837705026	0.7142857142857143	baseline
P_LP.3187	0.0	0.8723472137381881	1.3662626013689834	1.8938851083805621	0.7098931612413958	0.8509347689943829	0.7098931612413958	0.8509347689943829	0.7142857142857143	endpoint
P_LP.3188	0.0	0.1967234959865733	0.3886883322291361	1.3906948828771815	0.44466976537662956	0.36679335879833336	0.5553302346233704	0.6332066412016666	0.5714285714285714	baseline
P_LP.3189	0.0	0.6763664420997612	1.107493710577013	1.755050369160939	0.6313800948462586	0.6945625154595604	0.6313800948462586	0.6945625154595604	0.7142857142857143	endpoint
P_LP.319	0.0	0.09187044668692536	0.09431848062591643	1.541342630347784	0.4838707585875922	0.39916761025971675	0.5161292414124078	0.6008323897402832	0.5714285714285714	endpoint
P_LP.3190	0.0	0.10234035421896252	0.35877094736460075	1.6553325494573956	0.4518042493045054	0.5547437337017477	0.5481957506954946	0.5547437337017477	0.5714285714285714	baseline
P_LP.3191	0.0	0.30149840811465	0.6599810774088133	1.0351398076494223	0.37881980685173483	0.26743315010048996	0.6211801931482652	0.73256684989951	0.7142857142857143	baseline
P_LP.3192	0.0	0.2011136690845272	0.3119275253769057	1.6546639806943264	0.3865404942698594	0.3785297821368104	0.6134595057301406	0.6214702178631897	0.5714285714285714	baseline
P_LP.3193	0.0	0.3810146080930955	0.7404853261578885	1.3251933202703905	0.38388099391386277	0.29630531411139477	0.6161190060861372	0.7036946858886053	0.8571428571428571	baseline
P_LP.3194	0.0	0.02928782978567896	0.325423723921023	1.5932064979691907	0.5146154130573602	0.40715158892071207	0.5146154130573602	0.592848411079288	0.5714285714285714	endpoint
P_LP.3195	0.0	0.16081566857768972	0.10916416027791627	1.6162864542805162	0.5544594475308662	0.4538023656178203	0.5544594475308662	0.5461976343821797	0.5714285714285714	endpoint
P_LP.3196	0.0	0.36695337005773265	0.7575621818611256	1.3397279715990364	0.5533904726986111	0.6260367514051223	0.5533904726986111	0.6260367514051223	0.5714285714285714	endpoint
P_LP.3197	0.0	0.24395643721900345	0.14266585213458238	1.304290874827563	0.40045149461701685	0.41497385612455506	0.5995485053829832	0.5850261438754449	0.5714285714285714	baseline
P_LP.3198	0.0	0.2988504383857204	0.2595608762982365	1.1067227808595974	0.3879909624872475	0.34791287909215995	0.6120090375127525	0.65208712090784	0.7142857142857143	baseline
P_LP.3199	0.0	0.8295553327405635	0.8157334364212707	1.4490795153561322	0.20244330309898537	0.24011524714852817	0.7975566969010146	0.7598847528514718	1.0	baseline
P_LP.32	0.0	0.009826379336308129	0.36464710530300765	1.726164963654108	0.5259595990708589	0.324391148315788	0.5259595990708589	0.675608851684212	0.5714285714285714	endpoint
P_LP.320	0.0	0.5259587224455947	0.853223888468963	1.722611440076889	0.3290783892322981	0.12857028778663296	0.6709216107677018	0.8714297122133671	0.7142857142857143	baseline
P_LP.3200	0.0	0.2448041705777484	0.506001830054926	1.455212151854808	0.5294420710546427	0.5967219314254796	0.5294420710546427	0.5967219314254796	0.7142857142857143	endpoint
P_LP.3201	0.0	0.03753050645841227	0.27025056361744976	1.4976205544184287	0.47265225969602437	0.41905335519470405	0.5273477403039757	0.580946644805296	0.7142857142857143	baseline
P_LP.3202	0.0	0.5003740543884124	0.7461560325081764	1.4051253008291975	0.6077676608951444	0.6470031595953943	0.6077676608951444	0.6470031595953943	0.7142857142857143	endpoint
P_LP.3203	0.0	0.6504045636179535	1.0462180712183518	1.5005328033392926	0.6676729912741198	0.6556477877221104	0.6676729912741198	0.6556477877221104	0.8571428571428571	endpoint
P_LP.3204	0.0	0.28482063631671484	0.327702460075995	0.9835211118634491	0.5519488288331483	0.47632667350756613	0.5519488288331483	0.5236733264924338	0.5714285714285714	endpoint
P_LP.3205	0.0	0.41013750365035173	0.6229797319393044	1.4442790906092804	0.3467981212389107	0.33097113174884046	0.6532018787610894	0.6690288682511596	0.8571428571428571	baseline
P_LP.3206	0.0	0.08462405058426467	0.15237750062353858	0.8718113625330434	0.48574368302792326	0.5027481693194068	0.5142563169720767	0.5027481693194068	0.7142857142857143	endpoint
P_LP.3207	0.0	0.020127017261417666	0.43472812102693126	1.458371983582079	0.5245367054353001	0.37629374684642203	0.5245367054353001	0.623706253153578	0.5714285714285714	endpoint
P_LP.3208	0.0	0.05666517247626527	0.22805725238343796	1.489695647126529	0.49977146476263806	0.35768464358387564	0.5002285352373619	0.6423153564161244	0.5714285714285714	endpoint
P_LP.3209	0.0	0.45526701110229695	0.8577497902095672	1.4970170244167467	0.5750763477522292	0.7134462373951197	0.5750763477522292	0.7134462373951197	0.7142857142857143	endpoint
P_LP.321	0.0	0.6151055126577277	0.2353174447416363	1.770325334376586	0.6602041249253509	0.5825893854348816	0.6602041249253509	0.5825893854348816	0.7142857142857143	endpoint
P_LP.3210	0.0	0.7038550882758738	0.7426735864794167	1.7614862191706546	0.7155041957258436	0.8516221488873148	0.7155041957258436	0.8516221488873148	0.7142857142857143	endpoint
P_LP.3211	0.0	0.7707970147372499	0.636568765563382	1.4793070738591079	0.6878949615098523	0.6386925690326647	0.6878949615098523	0.6386925690326647	0.7142857142857143	endpoint
P_LP.3212	0.0	0.1238753897584944	0.20160425247282354	1.0952365898495084	0.40041391421742745	0.5192342666076604	0.5995860857825726	0.5192342666076604	0.5714285714285714	baseline
P_LP.3213	0.0	0.03432280352185346	0.13522888937655403	1.5712746597132012	0.5103084327639105	0.5404919351277361	0.5103084327639105	0.5404919351277361	0.5714285714285714	endpoint
P_LP.3214	0.0	0.2123796114815389	0.1818362933549165	0.9050573057844902	0.41244652742276505	0.4806617487521536	0.5875534725772349	0.5193382512478464	0.7142857142857143	baseline
P_LP.3215	0.0	0.9451571295348378	1.060037268487911	1.3885683857145794	0.7236254426556437	0.8393155318068652	0.7236254426556437	0.8393155318068652	0.8571428571428571	endpoint
P_LP.3216	0.0	0.8149028687429689	0.8192647320844084	1.9807449164965159	0.688651499311967	0.7202562530874848	0.688651499311967	0.7202562530874848	0.8571428571428571	endpoint
P_LP.3217	0.0	0.37438132638912297	0.49824794949814694	1.9928203281652492	0.4038443734055671	0.35004212725453326	0.5961556265944329	0.6499578727454667	0.7142857142857143	baseline
P_LP.3218	0.0	0.2798322066062813	0.5870604085961855	1.417432702937407	0.5650822269278631	0.5667336560554732	0.5650822269278631	0.5667336560554732	0.7142857142857143	endpoint
P_LP.3219	0.0	0.029787496272464718	0.292363103241491	1.189726043792119	0.41398758449481426	0.5335113744617179	0.5860124155051858	0.5335113744617179	0.5714285714285714	baseline
P_LP.322	0.0	0.6849599532013716	0.7973343756336899	1.67611066350571	0.24241186325721212	0.26663739051674423	0.7575881367427879	0.7333626094832557	1.0	baseline
P_LP.3220	0.0	0.4634963324303751	0.5180023739508732	1.5846127492869382	0.33244020486250875	0.2533040814220838	0.6675597951374912	0.7466959185779162	0.7142857142857143	baseline
P_LP.3221	0.0	0.10465094923443681	0.21345432051945326	1.5807540098969006	0.519553869602147	0.4681924164474114	0.519553869602147	0.5318075835525886	0.5714285714285714	endpoint
P_LP.3222	0.0	0.24741219520581753	0.0701779148573268	1.640175179314883	0.49989876080602463	0.40665550828774716	0.5001012391939754	0.5933444917122528	0.5714285714285714	endpoint
P_LP.3223	0.0	0.5892114807482313	1.1131968917286315	1.2737442238601178	0.3036814535216031	0.20258311974097282	0.696318546478397	0.7974168802590271	0.8571428571428571	baseline
P_LP.3224	0.0	0.19473451724194346	0.04434468600760928	1.6478275345885167	0.510319326725346	0.4373004560659041	0.510319326725346	0.5626995439340958	0.5714285714285714	endpoint
P_LP.3225	0.0	0.45160666103612146	0.7082997686691468	1.363332264408358	0.5991901399668291	0.5735676776692541	0.5991901399668291	0.5735676776692541	0.5714285714285714	endpoint
P_LP.3226	0.0	0.15175779926797636	0.5950763777636806	1.5845448980354164	0.4364106088161565	0.3352374440844965	0.5635893911838434	0.6647625559155035	0.5714285714285714	baseline
P_LP.3227	0.0	1.0378786067453165	1.0888274727690455	1.566592990744125	0.18265444928002791	0.13941078090986755	0.8173455507199721	0.8605892190901324	0.8571428571428571	baseline
P_LP.3228	0.0	1.1429407799450424	1.1967457880974142	1.6213695056179258	0.8111923209028378	0.8532890487884254	0.8111923209028378	0.8532890487884254	0.8571428571428571	endpoint
P_LP.3229	0.0	0.47344402283876047	1.0498106023841451	1.4944431043606905	0.6168235115303045	0.613749507056718	0.6168235115303045	0.613749507056718	0.7142857142857143	endpoint
P_LP.323	0.0	0.13305172036445848	0.33370955442609657	1.0347456052472996	0.41964998913465884	0.35836025142733735	0.5803500108653412	0.6416397485726626	0.7142857142857143	baseline
P_LP.3230	0.0	0.4144444028216775	0.35492940300921977	1.40678571490955	0.5904749901674651	0.5778158180760643	0.5904749901674651	0.5778158180760643	0.8571428571428571	endpoint
P_LP.3231	0.0	0.32565871050878775	0.49095702898160754	1.334933194729458	0.3905208852909266	0.3511568801241067	0.6094791147090735	0.6488431198758933	0.8571428571428571	baseline
P_LP.3232	0.0	0.06438304736859665	0.08222771740019728	1.668104988103358	0.4642561097502007	0.4711665698351301	0.5357438902497993	0.5288334301648698	0.5714285714285714	baseline
P_LP.3233	0.0	0.7338571670426831	0.7620446944676214	1.5383597747906284	0.6898709122377925	0.687760692313615	0.6898709122377925	0.687760692313615	0.7142857142857143	endpoint
P_LP.3234	0.0	0.2570857417858308	0.5191562085612714	1.0962257794241237	0.4100378961645495	0.4000071952571255	0.5899621038354506	0.5999928047428744	0.8571428571428571	baseline
P_LP.3235	0.0	0.4097465542215808	0.4797314276366732	1.4762296602590985	0.541998954999064	0.6018982240049261	0.541998954999064	0.6018982240049261	0.5714285714285714	endpoint
P_LP.3236	0.14285714285714285	1.3286899298298813	1.3841028520634695	2.616488426610296	0.8257709028634945	0.8542943526149345	0.8257709028634945	0.8542943526149345	1.0	endpoint
P_LP.3237	0.0	0.6956513971887651	0.9515185024864606	1.020200593816863	0.2929346589860149	0.27209255516494574	0.7070653410139851	0.7279074448350542	0.8571428571428571	baseline
P_LP.3238	0.0	0.49108976439669555	0.5442568860369223	1.4476693883133067	0.6213737359871884	0.6141750605932895	0.6213737359871884	0.6141750605932895	0.7142857142857143	endpoint
P_LP.3239	0.0	0.3271398921284702	0.3132132213384174	1.5285576734350494	0.5781250141291924	0.5449161761691573	0.5781250141291924	0.5449161761691573	0.5714285714285714	endpoint
P_LP.324	0.0	0.2911600812047886	0.3191181201425527	1.302259217980331	0.5275008613062399	0.5461899608327819	0.5275008613062399	0.5461899608327819	0.7142857142857143	endpoint
P_LP.3240	0.0	0.06705106576303685	0.02016208765122987	0.967824559394241	0.5069788546449897	0.4231395619594294	0.5069788546449897	0.5768604380405706	0.7142857142857143	endpoint
P_LP.3241	0.0	0.7376481067665034	0.9211641417475477	1.3984497649681453	0.2876258429767774	0.19237995162975285	0.7123741570232226	0.8076200483702471	0.8571428571428571	baseline
P_LP.3242	0.0	1.0261011724815263	1.014964643471598	1.6084897318152993	0.19069046275000198	0.22444703616195755	0.809309537249998	0.7755529638380425	1.0	baseline
P_LP.3243	0.0	1.1614039912307155	1.1235074884141882	1.5482491489987658	0.1398197056245826	0.11515719626456217	0.8601802943754174	0.8848428037354379	1.0	baseline
P_LP.3244	0.0	0.6660454504558224	0.9923997882738287	1.661017962636585	0.2573745851838101	0.11904174749382194	0.7426254148161899	0.8809582525061781	0.7142857142857143	baseline
P_LP.3245	0.0	0.5326155098121831	0.8740947206579491	1.5433742200430727	0.578985159030747	0.6621980706526116	0.578985159030747	0.6621980706526116	0.5714285714285714	endpoint
P_LP.3246	0.0	0.3684539058768627	0.5822524920542197	1.2402121358060612	0.38321791874793626	0.3371981654174577	0.6167820812520637	0.6628018345825424	0.8571428571428571	baseline
P_LP.3247	0.0	0.2575513777771609	0.43594032599102045	1.6472178700827151	0.5214084358735666	0.5636427891131861	0.5214084358735666	0.5636427891131861	0.5714285714285714	endpoint
P_LP.3248	0.0	0.8273101931105739	1.144892604013963	1.6637312485859255	0.6997594846636028	0.7618158548194415	0.6997594846636028	0.7618158548194415	0.7142857142857143	endpoint
P_LP.3249	0.0	0.4178487320404431	0.5108638043485298	1.026758313162321	0.36277873410488487	0.297464835597381	0.6372212658951151	0.702535164402619	0.8571428571428571	baseline
P_LP.325	0.0	0.2739013451229066	0.31719889246000704	1.0547039284543205	0.5433414384891365	0.5505698260932763	0.5433414384891365	0.5505698260932763	0.5714285714285714	endpoint
P_LP.3250	0.0	0.25909119803934944	0.4518071523404737	1.6209600264810287	0.4496713711957376	0.38870465422233036	0.5503286288042624	0.6112953457776696	0.7142857142857143	baseline
P_LP.3251	0.0	0.08553896728298012	0.3148338356840477	1.5468672976873812	0.5447610838764887	0.5311441713269868	0.5447610838764887	0.5311441713269868	0.5714285714285714	endpoint
P_LP.3252	0.0	0.7231908433513125	0.8396409933093589	1.3504107610130263	0.2666917339359439	0.2978444830232416	0.7333082660640561	0.7021555169767584	0.8571428571428571	baseline
P_LP.3253	0.0	0.2753444026709008	0.39353803241370633	1.6516949029757793	0.5079657962262225	0.5882423999152144	0.5079657962262225	0.5882423999152144	0.5714285714285714	endpoint
P_LP.3254	0.0	0.34699511305723696	0.17752532451236006	1.251023734579437	0.5672265962176898	0.5025081988447935	0.5672265962176898	0.5025081988447935	0.5714285714285714	endpoint
P_LP.3255	0.0	0.29676159794989515	0.2761109516852643	1.197084968139932	0.38206565082493543	0.48366668712054495	0.6179343491750646	0.516333312879455	0.7142857142857143	baseline
P_LP.3256	0.0	0.13623926665275551	0.05616150008702687	1.2511218960844996	0.5302101142270599	0.422139987586903	0.5302101142270599	0.577860012413097	0.7142857142857143	endpoint
P_LP.3257	0.0	0.22987768501044173	0.46969458878974785	1.6412907853755692	0.5400237540305475	0.5757418692989531	0.5400237540305475	0.5757418692989531	0.5714285714285714	endpoint
P_LP.3258	0.0	0.33875163467678704	0.49020118246803496	0.8819012393188524	0.3836919881316532	0.4149839354146152	0.6163080118683468	0.5850160645853848	0.7142857142857143	baseline
P_LP.3259	0.0	0.7904118763699295	1.0254443346547135	1.223881318712591	0.7070485840448768	0.7464945891208036	0.7070485840448768	0.7464945891208036	0.8571428571428571	endpoint
P_LP.326	0.0	0.20781150399586532	0.16649184684684598	1.7251464135127765	0.5343192712550003	0.450275831205251	0.5343192712550003	0.549724168794749	0.5714285714285714	endpoint
P_LP.3260	0.0	0.008692154106547032	0.030131902199734644	1.2657920444626902	0.4696020206138738	0.4308293138064664	0.5303979793861262	0.5691706861935336	0.5714285714285714	endpoint
P_LP.3261	0.0	0.8057833525535871	1.0057014991059803	1.813199578200647	0.7222719478433579	0.725878551618938	0.7222719478433579	0.725878551618938	0.8571428571428571	endpoint
P_LP.3262	0.0	0.29062343336062557	0.39557700963161946	1.5867413081547497	0.5908328916428633	0.619873800519707	0.5908328916428633	0.619873800519707	0.5714285714285714	endpoint
P_LP.3263	0.14285714285714285	0.48221860263099403	0.22902278373037654	2.0168049048155634	0.3688871610965682	0.40218909943459624	0.6311128389034317	0.5978109005654038	0.8571428571428571	baseline
P_LP.3264	0.0	0.47872627989217104	0.7473528623054132	1.8530094342569712	0.6241241779315194	0.6899139882470379	0.6241241779315194	0.6899139882470379	0.7142857142857143	endpoint
P_LP.3265	0.0	0.1009091730842262	0.15791937092382816	1.4020374633895685	0.47611123286354917	0.39218661243552977	0.5238887671364508	0.6078133875644702	0.5714285714285714	baseline
P_LP.3266	0.0	0.06214562223297363	0.20550664472628685	1.651319656585949	0.42212461419660147	0.45764341732586183	0.5778753858033985	0.5423565826741381	0.5714285714285714	baseline
P_LP.3267	0.0	0.8642294596642419	1.0264163991938873	1.4553639737050117	0.7167544602446617	0.6987659372123796	0.7167544602446617	0.6987659372123796	0.8571428571428571	endpoint
P_LP.3268	0.0	0.09813816391208767	0.0711835976588229	1.4270814577754312	0.4294118682800306	0.4505028895362155	0.5705881317199695	0.5494971104637845	0.5714285714285714	baseline
P_LP.3269	0.0	0.7785134803213304	0.8603680254346283	1.7467041830444665	0.7125641308548577	0.6952913744930865	0.7125641308548577	0.6952913744930865	0.8571428571428571	endpoint
P_LP.327	0.0	0.8896881892950422	1.4334547855686621	1.7899524527240058	0.7528075959908512	0.8942566251249643	0.7528075959908512	0.8942566251249643	0.7142857142857143	endpoint
P_LP.3270	0.0	0.5424882977269998	0.3066963728884118	1.5109822052643767	0.618354081242264	0.6981572079876183	0.618354081242264	0.6981572079876183	0.5714285714285714	endpoint
P_LP.3271	0.0	0.3378892982570327	0.16782338172644432	1.7272302545466993	0.5773509255636371	0.4204704724598316	0.5773509255636371	0.5795295275401684	0.5714285714285714	endpoint
P_LP.3272	0.0	0.43460563247121253	0.4470373944680645	1.5922313989273882	0.5943608380349122	0.5770828863797981	0.5943608380349122	0.5770828863797981	0.7142857142857143	endpoint
P_LP.3273	0.0	0.5892969511931445	0.8909932294221675	0.9907974662614519	0.31398732788440453	0.2747332569996284	0.6860126721155955	0.7252667430003716	0.8571428571428571	baseline
P_LP.3274	0.0	0.05431200607912477	0.38119387525211107	1.5850579457316705	0.5249990294094216	0.367939231586561	0.5249990294094216	0.632060768413439	0.5714285714285714	endpoint
P_LP.3275	0.0	0.7572852098435983	0.6664623466231788	1.6421209701763186	0.6694500294046237	0.6619478834273617	0.6694500294046237	0.6619478834273617	0.7142857142857143	endpoint
P_LP.3276	0.0	0.24602692863554543	0.3678384156089636	1.4983493659445677	0.5512177379584442	0.582919805513262	0.5512177379584442	0.582919805513262	0.5714285714285714	endpoint
P_LP.3277	0.0	1.0667905645534184	1.1676952660932927	1.3408353379889772	0.1593981060910655	0.12564964289674688	0.8406018939089345	0.8743503571032532	1.0	baseline
P_LP.3278	0.0	0.4339468521844446	0.5699072843348411	1.3815002537500598	0.313318948908703	0.2516499215865299	0.6866810510912971	0.7483500784134701	0.8571428571428571	baseline
P_LP.3279	0.0	0.49570604441033383	0.6186573586439377	1.0944446428961838	0.6096396036698355	0.6424841638967858	0.6096396036698355	0.6424841638967858	0.7142857142857143	endpoint
P_LP.328	0.0	0.40357500456895173	0.40333121624491836	1.7629171955167655	0.35608793443791903	0.2959724899274125	0.6439120655620809	0.7040275100725875	0.7142857142857143	baseline
P_LP.3280	0.0	0.9485686814197332	1.3327791911810452	1.8089277934780297	0.7824999942125286	0.8418922952789653	0.7824999942125286	0.8418922952789653	0.7142857142857143	endpoint
P_LP.3281	0.0	0.04716401519768816	0.06028805012351499	0.605414144272734	0.4585605682464871	0.46498571711489717	0.541439431753513	0.5350142828851028	0.7142857142857143	baseline
P_LP.3282	0.0	0.9007634474542437	0.9289803921314498	1.6190633979198377	0.7314535095404304	0.7165734939849217	0.7314535095404304	0.7165734939849217	0.8571428571428571	endpoint
P_LP.3283	0.0	0.3464801382723686	1.0439713288507364	1.185942119696375	0.5462262043999976	0.5858413465919091	0.5462262043999976	0.5858413465919091	0.5714285714285714	endpoint
P_LP.3284	0.0	0.2994977620097781	0.33901152000965046	1.0209963714793209	0.581380044117408	0.5556180363615015	0.581380044117408	0.5556180363615015	0.5714285714285714	endpoint
P_LP.3285	0.0	0.06290710053450539	0.09044989758363392	1.2719444841860905	0.48464918039368116	0.4527166452786331	0.5153508196063188	0.5472833547213669	0.7142857142857143	endpoint
P_LP.3286	0.0	0.17199048188341415	0.4744002639551967	0.9298724269679712	0.49185750807545103	0.5451090037365036	0.508142491924549	0.5451090037365036	0.5714285714285714	endpoint
P_LP.3287	0.0	0.17533360439223286	0.5659396165931836	1.899242928280815	0.49415648125981815	0.6302505106755645	0.5058435187401819	0.6302505106755645	0.5714285714285714	endpoint
P_LP.3288	0.0	0.07574896220220094	0.0665246740354265	1.1951943719188995	0.4662401829766856	0.46300041040098894	0.5337598170233144	0.5369995895990111	0.5714285714285714	baseline
P_LP.3289	0.0	0.35276620651263746	0.8765812878782009	1.7941341606836843	0.5494463217725274	0.610029330536357	0.5494463217725274	0.610029330536357	0.7142857142857143	endpoint
P_LP.329	0.0	0.522040093108612	0.30873827419580757	1.8734345516029536	0.6074720934407235	0.6454675413639223	0.6074720934407235	0.6454675413639223	0.5714285714285714	endpoint
P_LP.3290	0.0	0.9568697053091153	1.1478615320033032	1.6582586134337416	0.7235364377716963	0.7987671494702807	0.7235364377716963	0.7987671494702807	0.8571428571428571	endpoint
P_LP.3291	0.0	0.2255138786402743	0.17027060011841397	1.5721971565563542	0.5143570403035306	0.5140810806446027	0.5143570403035306	0.5140810806446027	0.5714285714285714	endpoint
P_LP.3292	0.0	0.08759148324527145	0.19989448549998923	1.439727238528536	0.5310922918193547	0.378381769810932	0.5310922918193547	0.621618230189068	0.5714285714285714	endpoint
P_LP.3293	0.0	0.12015904912080302	0.6682342853551002	1.107880658363522	0.3983802456894712	0.26441667457291773	0.6016197543105288	0.7355833254270823	0.5714285714285714	baseline
P_LP.3294	0.14285714285714285	1.5463630635491925	1.5113018021349536	2.8073629865454905	0.8906889869599979	0.9235286318100429	0.8906889869599979	0.9235286318100429	1.0	endpoint
P_LP.3295	0.0	0.06576293123388854	0.29265963127875494	1.2505057062266343	0.4982266467733948	0.519200117732768	0.5017733532266052	0.519200117732768	0.5714285714285714	endpoint
P_LP.3296	0.0	0.2001639452914113	0.40500552095185	1.6252168989882299	0.5103969312270914	0.48814600533853075	0.5103969312270914	0.5118539946614693	0.5714285714285714	endpoint
P_LP.3297	0.0	0.10751403318178974	0.1539176762947437	1.5208093432713308	0.4511153003150473	0.4026888622263031	0.5488846996849527	0.5973111377736968	0.5714285714285714	baseline
P_LP.33	0.0	1.3184280979079177	1.3479068553010305	1.7428528329251154	0.8605739646600894	0.9475970389566771	0.8605739646600894	0.9475970389566771	0.8571428571428571	endpoint
P_LP.331	0.0	0.12223484188936005	0.13893293445016228	1.4800247430034337	0.49643490405858476	0.4715173152221416	0.5035650959414153	0.5284826847778584	0.5714285714285714	endpoint
P_LP.332	0.0	1.3722637139037954	1.3523409003064364	1.8331138651344192	0.8468944716186211	0.8584086142569077	0.8468944716186211	0.8584086142569077	1.0	endpoint
P_LP.333	0.0	0.22225626172688853	0.315688167399168	1.340872087510387	0.41824077726111825	0.3779547948665137	0.5817592227388817	0.6220452051334864	0.8571428571428571	baseline
P_LP.334	0.14285714285714285	1.4979986118236657	1.4841305400242453	2.8156996126087575	0.8805333183083555	0.9431302925349537	0.8805333183083555	0.9431302925349537	1.0	endpoint
P_LP.335	0.0	0.6766505145044903	0.9115026488888138	1.3726643249790573	0.6577616894418864	0.6665313959848702	0.6577616894418864	0.6665313959848702	0.8571428571428571	endpoint
P_LP.336	0.0	0.8353645484277331	1.2677566761824823	1.8177041215697083	0.730159881213188	0.8872887538028433	0.730159881213188	0.8872887538028433	0.7142857142857143	endpoint
P_LP.337	0.0	0.09965923751206551	0.05411571282387158	1.572402381564859	0.5180588112432575	0.46567722926056393	0.5180588112432575	0.534322770739436	0.5714285714285714	endpoint
P_LP.338	0.0	0.2542288884535042	0.776275121300142	1.225483425126866	0.40477845677481944	0.30989546064412615	0.5952215432251806	0.6901045393558738	0.5714285714285714	baseline
P_LP.339	0.0	0.8188515295708801	0.7635776879643237	1.6252986146073587	0.2352931645455805	0.16656880236693997	0.7647068354544195	0.8334311976330601	0.8571428571428571	baseline
P_LP.34	0.0	0.6318556117624021	0.8857245731711363	1.8883977179314366	0.3397737318098084	0.26096038763904006	0.6602262681901916	0.7390396123609599	0.7142857142857143	baseline
P_LP.340	0.0	0.32845692785504266	0.6920949047134201	1.1973642276421983	0.3835092343468419	0.29687856979521776	0.6164907656531581	0.7031214302047822	0.5714285714285714	baseline
P_LP.341	0.0	0.4898125040079401	0.4313069072154602	1.483384539152845	0.6293138648602508	0.5685511582156035	0.6293138648602508	0.5685511582156035	0.5714285714285714	endpoint
P_LP.342	0.0	0.09688972444261508	0.34435392199155407	1.2869187820902732	0.5038874461465508	0.3216118517788809	0.5038874461465508	0.6783881482211191	0.5714285714285714	endpoint
P_LP.343	0.0	0.23985567528719245	0.20899987593756036	1.6200847406121772	0.5654279284518318	0.45817751854230176	0.5654279284518318	0.5418224814576982	0.5714285714285714	endpoint
P_LP.344	0.0	1.311231757486579	1.25010841747325	1.7348431609392552	0.8534657569218347	0.9339016747440266	0.8534657569218347	0.9339016747440266	1.0	endpoint
P_LP.345	0.0	0.2939565156040321	0.5238445453870105	1.1643199538060307	0.39600277414070295	0.3404955963434164	0.603997225859297	0.6595044036565836	0.7142857142857143	baseline
P_LP.346	0.0	0.5729613236493175	0.5450480557590692	1.7336595236993508	0.6156998121114956	0.6488583856084932	0.6156998121114956	0.6488583856084932	0.7142857142857143	endpoint
P_LP.347	0.0	0.6860719746431428	1.1215859631601328	1.5485662621474792	0.26516731022429574	0.14329944542104417	0.7348326897757043	0.8567005545789559	0.7142857142857143	baseline
P_LP.348	0.0	0.19490561797704364	0.11893558878074297	1.3201850361016356	0.39828347653141905	0.5465692273404067	0.601716523468581	0.5465692273404067	0.5714285714285714	baseline
P_LP.349	0.0	0.891974330073882	1.0402932257420974	1.75608606736777	0.23175930908677314	0.1320760849513413	0.7682406909132269	0.8679239150486587	0.8571428571428571	baseline
P_LP.35	0.0	0.5758478750771615	0.6937685212013873	1.7986144025647735	0.6076698025128835	0.7885046359942759	0.6076698025128835	0.7885046359942759	0.5714285714285714	endpoint
P_LP.350	0.0	0.8068419701287469	1.1569635976145969	1.6667764942095185	0.7163186023909603	0.7269271343375534	0.7163186023909603	0.7269271343375534	0.7142857142857143	endpoint
P_LP.351	0.0	0.44924618461200927	0.6317984183942642	0.9524529201944911	0.5893842483575785	0.571848544388551	0.5893842483575785	0.571848544388551	0.7142857142857143	endpoint
P_LP.352	0.0	0.9081811070574365	0.9285449047524603	1.6276614063495713	0.7598097075761162	0.8519433479994323	0.7598097075761162	0.8519433479994323	0.8571428571428571	endpoint
P_LP.353	0.0	0.5053266073307512	0.42563163795401726	1.6960942134268555	0.5972475151357456	0.5604452499351983	0.5972475151357456	0.5604452499351983	0.7142857142857143	endpoint
P_LP.354	0.0	0.1513911058191109	0.678440879852087	1.7273273940152816	0.5083475172369627	0.6903237823631526	0.5083475172369627	0.6903237823631526	0.5714285714285714	endpoint
P_LP.355	0.0	0.6451324970230145	1.062837701673981	1.2938152303275894	0.6423913344080828	0.7066226165674747	0.6423913344080828	0.7066226165674747	0.7142857142857143	endpoint
P_LP.356	0.14285714285714285	1.0387597579713805	1.160294068825889	2.064963958071797	0.7637819596643595	0.8253138640177328	0.7637819596643595	0.8253138640177328	0.8571428571428571	endpoint
P_LP.357	0.0	0.40799712321599013	0.23626213191750753	1.6369979441169915	0.602863613340305	0.5339611071406849	0.602863613340305	0.5339611071406849	0.5714285714285714	endpoint
P_LP.358	0.0	0.42911616034878486	0.47999208670921295	1.1747981964761853	0.32586861348645163	0.3523383179397151	0.6741313865135483	0.647661682060285	0.8571428571428571	baseline
P_LP.359	0.0	0.46127972030665304	0.8626400768275722	1.5800001491730302	0.35543211275044007	0.17325291278656713	0.6445678872495599	0.8267470872134328	0.7142857142857143	baseline
P_LP.36	0.0	0.23982984435488564	0.9089744294512335	1.6414931131818575	0.4178088449275501	0.28724367524852945	0.5821911550724499	0.7127563247514705	0.7142857142857143	baseline
P_LP.360	0.0	0.2860185896501792	0.46549148195365114	1.5998477430174392	0.3434671627137721	0.29103180603761153	0.6565328372862279	0.7089681939623884	0.5714285714285714	baseline
P_LP.361	0.0	0.011232693112310827	0.11194661129854157	0.8612063356291397	0.43849355058925793	0.39369973323617324	0.561506449410742	0.6063002667638268	0.5714285714285714	baseline
P_LP.362	0.0	0.7289239046086161	0.7001302412670722	1.635336135113964	0.7023460577625636	0.754890016240928	0.7023460577625636	0.754890016240928	0.7142857142857143	endpoint
P_LP.363	0.0	0.09263009213072929	0.1939049320575758	1.843715247456228	0.4590424019736529	0.43552237487504086	0.540957598026347	0.5644776251249591	0.5714285714285714	endpoint
P_LP.364	0.0	0.7973295949470582	0.8689737766129694	1.6910866746295894	0.701405679608252	0.7693890862596433	0.701405679608252	0.7693890862596433	0.7142857142857143	endpoint
P_LP.365	0.0	0.31025084764266425	0.5685305991090838	1.3990997406017252	0.4193804614219548	0.33929618849998466	0.5806195385780453	0.6607038115000153	0.7142857142857143	baseline
P_LP.366	0.0	0.2759542862294027	0.789063232865912	1.6860418634831276	0.4173859480188772	0.27544420822910265	0.5826140519811228	0.7245557917708974	0.7142857142857143	baseline
P_LP.367	0.0	0.4569557535005114	0.5190776687125629	1.4837855870066403	0.6062260022670546	0.5893245537804888	0.6062260022670546	0.5893245537804888	0.7142857142857143	endpoint
P_LP.368	0.0	1.0029826515806293	1.2712700471994451	1.7607028299268275	0.7352172718726911	0.7752354630398152	0.7352172718726911	0.7752354630398152	0.8571428571428571	endpoint
P_LP.369	0.0	0.09722252600100874	0.004831693546664776	0.8419516848033447	0.4506895939427703	0.4783931630446708	0.5493104060572297	0.5216068369553293	0.5714285714285714	baseline
P_LP.37	0.0	0.00935696988278989	0.08000371319109485	0.9680434810737379	0.4659887296779783	0.4162805975396549	0.5340112703220217	0.5837194024603451	0.5714285714285714	endpoint
P_LP.370	0.0	0.7268600134244859	1.4310123588288055	1.7093905307708261	0.6519558539217606	0.6503541063193692	0.6519558539217606	0.6503541063193692	0.7142857142857143	endpoint
P_LP.371	0.0	0.8118285234917685	1.1278816675217065	1.5115646047765252	0.7076745313058072	0.8034204561727012	0.7076745313058072	0.8034204561727012	0.8571428571428571	endpoint
P_LP.372	0.0	0.5774026175475957	0.8921484121642224	1.8355519955053183	0.6447569612962786	0.7051489850148831	0.6447569612962786	0.7051489850148831	0.5714285714285714	endpoint
P_LP.373	0.0	0.6092618193536748	0.6877979125042781	1.6761892290623828	0.2972718319078231	0.3210606886681048	0.7027281680921769	0.6789393113318952	0.7142857142857143	baseline
P_LP.374	0.0	0.3294074186848012	0.8380261394832812	1.314608685749353	0.3572487073250651	0.2952123585063873	0.6427512926749349	0.7047876414936127	0.7142857142857143	baseline
P_LP.375	0.0	0.7508975152909374	1.0960559966809325	1.3331321671504743	0.2624619987145017	0.12237344048131728	0.7375380012854983	0.8776265595186827	0.8571428571428571	baseline
P_LP.376	0.0	0.18884878557952517	0.20267544282846722	1.5013393918310136	0.5437648277153728	0.5214637137327677	0.5437648277153728	0.5214637137327677	0.5714285714285714	endpoint
P_LP.377	0.0	0.8140455425702916	1.2326096806306377	1.8060541307855709	0.6778432353124989	0.8349423986578577	0.6778432353124989	0.8349423986578577	0.7142857142857143	endpoint
P_LP.378	0.14285714285714285	0.09305145901164072	0.34337768242006367	2.0988272738612466	0.44045772127963984	0.35101886686711364	0.5595422787203601	0.6489811331328863	0.5714285714285714	endpoint
P_LP.379	0.0	0.34958637459225883	0.4090030025196548	1.5113745192042531	0.5445817636125516	0.5421489716284572	0.5445817636125516	0.5421489716284572	0.7142857142857143	endpoint
P_LP.38	0.0	0.7424698601492503	0.9938040915892243	1.2320910579337212	0.240121947213273	0.22595013658720806	0.759878052786727	0.7740498634127919	0.8571428571428571	baseline
P_LP.380	0.0	0.6609160734683636	0.9947600671542633	1.7763647843148138	0.33277957810672054	0.15462312549339108	0.6672204218932795	0.8453768745066089	0.7142857142857143	baseline
P_LP.381	0.0	0.7098040111517315	1.027205690216055	1.838797439423784	0.27368958711336283	0.16034027502510415	0.7263104128866371	0.8396597249748958	0.8571428571428571	baseline
P_LP.382	0.0	0.07973460932263943	0.18257940035609174	1.5728099916294196	0.46411599430098305	0.5139861041341055	0.535884005699017	0.5139861041341055	0.5714285714285714	baseline
P_LP.383	0.0	0.158381125735859	0.12835458985829168	1.5407532550977434	0.4265070222112316	0.4065973568938206	0.5734929777887684	0.5934026431061794	0.5714285714285714	baseline
P_LP.384	0.0	0.5110134729277217	0.9808415882096899	1.1887223816123764	0.35137107106601073	0.25518000386969275	0.6486289289339893	0.7448199961303072	0.7142857142857143	baseline
P_LP.385	0.0	0.15846444130384155	0.3570663272085172	1.4039752417646065	0.4622727196835251	0.3716282381195979	0.5377272803164749	0.6283717618804021	0.7142857142857143	baseline
P_LP.386	0.0	0.8420578066030914	1.053139366002573	1.3093320285532308	0.7426588512578949	0.7961419620195838	0.7426588512578949	0.7961419620195838	0.8571428571428571	endpoint
P_LP.387	0.0	0.6855257914625472	1.1293138456109497	1.5018667193683874	0.3118778621817095	0.23373914914599	0.6881221378182905	0.76626085085401	0.8571428571428571	baseline
P_LP.388	0.0	0.5059571422623488	0.5621934761711097	1.5011492042058996	0.6005847849703236	0.7880927519403949	0.6005847849703236	0.7880927519403949	0.7142857142857143	endpoint
P_LP.389	0.0	0.20445879083459526	0.05095081143316203	1.2615306155852204	0.41847762213719714	0.41843208803915377	0.5815223778628029	0.5815679119608462	0.5714285714285714	baseline
P_LP.39	0.0	1.0323280787904041	1.2684139114478716	1.587832523058889	0.7865895892082401	0.8916239024673103	0.7865895892082401	0.8916239024673103	0.8571428571428571	endpoint
P_LP.390	0.0	0.49067997657601026	1.0644969486857192	1.568526473438269	0.36507553902183565	0.22560016118773224	0.6349244609781644	0.7743998388122677	0.7142857142857143	baseline
P_LP.391	0.0	0.2346884890207496	0.05261009604254141	1.5475529143979758	0.5246264840959266	0.46775638304583134	0.5246264840959266	0.5322436169541687	0.5714285714285714	endpoint
P_LP.392	0.0	0.3104368605114161	0.8118123076177103	1.47715123882152	0.5317936030303757	0.6520728391155284	0.5317936030303757	0.6520728391155284	0.5714285714285714	endpoint
P_LP.393	0.0	0.6420348357023105	0.7459750067414677	1.299495385101341	0.2857508284156654	0.3164316981836888	0.7142491715843347	0.6835683018163112	0.8571428571428571	baseline
P_LP.394	0.0	0.6353160680992992	1.014542811172983	1.5548469121383326	0.6668227553762424	0.7199765500629196	0.6668227553762424	0.7199765500629196	0.7142857142857143	endpoint
P_LP.395	0.0	0.16155399452643565	0.09076680197793197	1.3970802237860849	0.3847559548738791	0.42192860019163453	0.615244045126121	0.5780713998083655	0.7142857142857143	baseline
P_LP.396	0.0	0.4162053371407631	0.6312145743664455	1.3699673668919805	0.38549150390311976	0.3297120569577608	0.6145084960968803	0.6702879430422393	0.7142857142857143	baseline
P_LP.397	0.14285714285714285	0.2897614163216507	0.9518380319612872	2.1392287726308714	0.3080004796177128	0.17916835554073737	0.6919995203822872	0.8208316444592626	0.7142857142857143	baseline
P_LP.398	0.0	0.4547650467942865	0.6979974863931002	1.7155053333795225	0.3364627108189304	0.21191902295738435	0.6635372891810696	0.7880809770426156	0.7142857142857143	baseline
P_LP.399	0.0	0.524264790722868	0.34483000413065157	1.4904897323391695	0.6580316867623512	0.6047813144358491	0.6580316867623512	0.6047813144358491	0.7142857142857143	endpoint
P_LP.4	0.0	0.3206607963354913	0.18921405496300014	1.5419442185792147	0.561513583278636	0.46270211458362837	0.561513583278636	0.5372978854163717	0.5714285714285714	endpoint
P_LP.40	0.0	0.1262363102731824	0.011944121187482757	1.6738544811425864	0.39702442789947207	0.4747743414125033	0.6029755721005279	0.5252256585874967	0.5714285714285714	baseline
P_LP.400	0.0	0.5402886973148164	0.9527335365226999	1.9014437985142336	0.34524682787457966	0.13549903962715304	0.6547531721254203	0.864500960372847	0.5714285714285714	baseline
P_LP.401	0.0	0.07555446791272764	0.37606001756523866	1.3891775117354082	0.48815637351955354	0.4837203525161918	0.5118436264804465	0.5162796474838083	0.5714285714285714	endpoint
P_LP.402	0.0	0.4596371814275817	0.8130653570846208	1.4168858055166211	0.6212236965113032	0.6009289693837683	0.6212236965113032	0.6009289693837683	0.5714285714285714	endpoint
P_LP.403	0.0	0.7122021131896095	0.9460852526074859	1.8021842987606282	0.6350656345894768	0.7017691066103392	0.6350656345894768	0.7017691066103392	0.8571428571428571	endpoint
P_LP.404	0.0	0.2663116497700699	0.08202509904683589	1.3674942256896379	0.5458298165529107	0.45386569625923845	0.5458298165529107	0.5461343037407616	0.5714285714285714	endpoint
P_LP.405	0.0	0.044669745033906194	0.5177217723350431	1.4058343880877482	0.5276838514713695	0.589009681367454	0.5276838514713695	0.589009681367454	0.5714285714285714	endpoint
P_LP.406	0.0	0.16620338199138554	0.46978823636081984	1.6542490417530056	0.45063253409871884	0.3550939526869977	0.5493674659012812	0.6449060473130023	0.5714285714285714	endpoint
P_LP.407	0.0	0.12983754688086882	0.13322602986940096	1.150222656162407	0.4432894273440428	0.3870993031600193	0.5567105726559571	0.6129006968399807	0.7142857142857143	baseline
P_LP.408	0.0	0.7783986219392975	1.1614117678485043	1.5043170013520393	0.7008015398796276	0.7436756524790084	0.7008015398796276	0.7436756524790084	0.8571428571428571	endpoint
P_LP.409	0.0	0.24915291902959427	0.015642819006979225	1.3984938404703566	0.5307398733844343	0.42357115312352783	0.5307398733844343	0.5764288468764722	0.5714285714285714	endpoint
P_LP.41	0.0	0.4616329765565591	0.6577682303960444	1.659728676561709	0.2993202446596094	0.201298095111282	0.7006797553403906	0.7987019048887181	0.7142857142857143	baseline
P_LP.410	0.0	0.44451065923462424	0.4952332175088119	1.8862084757003128	0.548099787703653	0.7146160704669025	0.548099787703653	0.7146160704669025	0.7142857142857143	endpoint
P_LP.411	0.0	0.0082004597866388	0.1501406338082383	1.3041836612442086	0.4582693328617215	0.44141744925005694	0.5417306671382784	0.5585825507499431	0.5714285714285714	baseline
P_LP.412	0.0	0.24174662443776526	0.7747636197936827	1.2980463105330842	0.39800838861523674	0.2917528235108156	0.6019916113847632	0.7082471764891844	0.5714285714285714	baseline
P_LP.413	0.0	0.27241131679425645	0.02693158852004835	1.721587302769284	0.5794550477230337	0.4715412959924146	0.5794550477230337	0.5284587040075854	0.5714285714285714	endpoint
P_LP.414	0.0	0.7521144497984938	1.1762361801600183	1.615446627147027	0.2252077218728297	0.16409672551512003	0.7747922781271703	0.83590327448488	0.8571428571428571	baseline
P_LP.415	0.0	0.44339055150707046	0.7844441193391294	1.0902302573867084	0.3529812472207117	0.27792237152955923	0.6470187527792883	0.7220776284704408	0.7142857142857143	baseline
P_LP.416	0.0	1.0004461197957237	1.4241150973927785	1.8340909995464505	0.7476606201671376	0.8729476725155945	0.7476606201671376	0.8729476725155945	0.8571428571428571	endpoint
P_LP.417	0.0	0.23434864240451755	0.3912518951858849	1.3644957179256305	0.5592688239925737	0.5876250095216917	0.5592688239925737	0.5876250095216917	0.5714285714285714	endpoint
P_LP.418	0.0	0.009466716894293443	0.16750666896826047	1.2264790346056835	0.42685750662180333	0.5109607895623596	0.5731424933781967	0.5109607895623596	0.5714285714285714	baseline
P_LP.419	0.0	0.8266099496943713	1.132230935848521	1.2968137675150215	0.25637402770375445	0.19634920551438179	0.7436259722962455	0.8036507944856182	0.8571428571428571	baseline
P_LP.42	0.0	0.7081159880980868	1.2716246161694498	1.9039301537402997	0.31190711690982215	0.13511888576088216	0.6880928830901778	0.8648811142391178	0.7142857142857143	baseline
P_LP.420	0.0	0.14899278281171532	0.33300509158016384	1.469603059949767	0.41792176259223274	0.3480570326736574	0.5820782374077673	0.6519429673263426	0.7142857142857143	baseline
P_LP.421	0.14285714285714285	0.7651641632743597	0.8208475740513773	2.0382316272421046	0.28920257504287716	0.30071792239203	0.7107974249571228	0.69928207760797	0.8571428571428571	baseline
P_LP.422	0.0	0.26425646151672055	0.29610437922518607	1.0059786797725017	0.5309317548714866	0.5249320823080385	0.5309317548714866	0.5249320823080385	0.5714285714285714	endpoint
P_LP.423	0.0	0.3146815495216206	0.7406948825954265	1.786825769241338	0.38419794580485905	0.281933357211247	0.615802054195141	0.718066642788753	0.5714285714285714	baseline
P_LP.424	0.0	0.021260443870651624	0.32211997548622184	1.6342527934565667	0.5032007291359183	0.475473133724533	0.5032007291359183	0.524526866275467	0.5714285714285714	endpoint
P_LP.425	0.0	0.8102966279505318	1.0761485536612034	1.5686657237209307	0.6973007675623731	0.7830370429574253	0.6973007675623731	0.7830370429574253	0.7142857142857143	endpoint
P_LP.426	0.0	0.3008018448882603	0.7493071971298907	1.1986956884128719	0.3785040417668993	0.31571288941933234	0.6214959582331008	0.6842871105806676	0.7142857142857143	baseline
P_LP.427	0.0	0.32139285759448716	0.301871712386121	1.426964487858395	0.34051284014026184	0.41223214865353225	0.6594871598597382	0.5877678513464677	0.7142857142857143	baseline
P_LP.428	0.0	0.05715934848358136	0.5042159955032187	1.99878985184655	0.4104956257407383	0.3457964496734601	0.5895043742592617	0.6542035503265399	0.7142857142857143	baseline
P_LP.429	0.0	0.41104229958580135	0.6682317966095918	1.5852770828468834	0.6042517623932956	0.6624257381292298	0.6042517623932956	0.6624257381292298	0.5714285714285714	endpoint
P_LP.43	0.0	0.549819552533645	0.7082882153638398	1.4924785367591142	0.6490784280450733	0.7434157895915118	0.6490784280450733	0.7434157895915118	0.7142857142857143	endpoint
P_LP.430	0.0	0.09211274600407078	0.03770255712661229	1.6309994044848066	0.49732333036616894	0.46007835214533427	0.5026766696338311	0.5399216478546658	0.5714285714285714	endpoint
P_LP.431	0.0	0.08369110567790108	0.28049500844280817	1.4715424408003188	0.42982654439259765	0.3518737412820994	0.5701734556074023	0.6481262587179006	0.5714285714285714	baseline
P_LP.432	0.0	0.16773690847546938	0.5116849696138498	1.1466324990310734	0.5119443046080189	0.5709273925425338	0.5119443046080189	0.5709273925425338	0.5714285714285714	endpoint
P_LP.433	0.0	0.37042462023521916	0.3519067210390688	1.3779709219409102	0.41067106401680104	0.3283877433545497	0.589328935983199	0.6716122566454503	0.7142857142857143	baseline
P_LP.434	0.0	0.22310291832478565	0.7692589224018131	1.4962488413515658	0.5005181094078367	0.6432928019497152	0.5005181094078367	0.6432928019497152	0.5714285714285714	endpoint
P_LP.435	0.0	0.23589291571094048	0.00874171440975229	1.6741368740971612	0.39027127681070173	0.42488569179497715	0.6097287231892983	0.5751143082050229	0.7142857142857143	baseline
P_LP.436	0.0	0.2287251349800045	0.2131714013795664	0.8519558350524881	0.40571142383992637	0.4005737428738842	0.5942885761600736	0.5994262571261157	0.5714285714285714	baseline
P_LP.437	0.0	0.8156344111140454	1.1676430865755267	1.8995773723444447	0.26704992841867065	0.1539268748026075	0.7329500715813293	0.8460731251973925	0.8571428571428571	baseline
P_LP.438	0.0	0.7082248577461862	0.5867339551428292	1.5925077583728353	0.6551633079425346	0.6370893859010176	0.6551633079425346	0.6370893859010176	0.8571428571428571	endpoint
P_LP.439	0.0	0.09798277245751982	0.04682724588527255	1.4197565189821102	0.5262940920429237	0.5215475008048945	0.5262940920429237	0.5215475008048945	0.5714285714285714	endpoint
P_LP.44	0.0	0.5169562642847455	1.1054572333021682	1.369960676810483	0.3552081502016152	0.2167607038717528	0.6447918497983848	0.7832392961282472	0.5714285714285714	baseline
P_LP.440	0.0	0.2745388488117306	0.40697926962141096	1.6823126344684765	0.5607075353320446	0.6129737493266448	0.5607075353320446	0.6129737493266448	0.7142857142857143	endpoint
P_LP.441	0.0	0.5207554442058813	0.5504304254278074	1.3220457043230962	0.31358031106534023	0.27577059600606535	0.6864196889346598	0.7242294039939347	0.8571428571428571	baseline
P_LP.442	0.14285714285714285	1.1694435501680438	1.4116152930087085	2.324347768624966	0.7885402005387421	0.7816058330013658	0.7885402005387421	0.7816058330013658	1.0	endpoint
P_LP.443	0.0	0.8336662157754058	0.8454409356972139	1.497263987741052	0.6905736189217003	0.6844421508316659	0.6905736189217003	0.6844421508316659	0.8571428571428571	endpoint
P_LP.444	0.0	0.10212399339096948	0.35198724956340377	1.3589774598641509	0.48860541524881096	0.4800397216345706	0.511394584751189	0.5199602783654294	0.5714285714285714	endpoint
P_LP.445	0.0	0.24946840695429723	0.39995922771348386	1.046959545323503	0.42484453998530974	0.3666979512839428	0.5751554600146902	0.6333020487160572	0.7142857142857143	baseline
P_LP.446	0.0	0.8226823620172073	1.004812391396714	1.5055524423013276	0.24594643541502956	0.272590430455854	0.7540535645849704	0.727409569544146	0.8571428571428571	baseline
P_LP.447	0.0	0.14519260151043736	0.37946988361656364	1.143287399306842	0.48786011962581427	0.4842417075298629	0.5121398803741857	0.5157582924701372	0.5714285714285714	endpoint
P_LP.448	0.0	0.31552742759776925	0.056141591703983834	1.6111729867075382	0.5941047086890594	0.46578961706289546	0.5941047086890594	0.5342103829371045	0.5714285714285714	endpoint
P_LP.449	0.0	0.8521079226513452	0.937334515311966	1.6187733563258644	0.2130352430128391	0.24829587908732442	0.786964756987161	0.7517041209126756	0.8571428571428571	baseline
P_LP.45	0.0	0.6015699987437807	0.9010598177868329	1.6937482253596943	0.6874325778014861	0.7404653769008318	0.6874325778014861	0.7404653769008318	0.7142857142857143	endpoint
P_LP.450	0.0	0.23407600030549683	0.11138786543237783	1.1314412443949264	0.5461777480738109	0.4874961867475938	0.5461777480738109	0.5125038132524062	0.5714285714285714	endpoint
P_LP.451	0.0	0.25176497112791424	1.0427607452276249	1.5711829899495788	0.387076970921171	0.22314532566335105	0.612923029078829	0.7768546743366489	0.5714285714285714	baseline
P_LP.452	0.0	0.14950866260196616	0.1285158871493654	1.6727905101346168	0.49670532783480137	0.4065726951768713	0.5032946721651986	0.5934273048231287	0.5714285714285714	endpoint
P_LP.453	0.0	0.1539544553526603	0.5910477870452722	1.1633092504990024	0.5249883820240487	0.6659745930744367	0.5249883820240487	0.6659745930744367	0.5714285714285714	endpoint
P_LP.454	0.0	0.7827487563155179	1.0564443520541766	1.602207956710611	0.26742564327273305	0.13604382321174366	0.7325743567272669	0.8639561767882563	0.8571428571428571	baseline
P_LP.455	0.0	0.1737091162976545	0.34358415994261554	1.3736782064808306	0.5501873888697678	0.5571218934751968	0.5501873888697678	0.5571218934751968	0.5714285714285714	endpoint
P_LP.456	0.0	0.20407320347053606	0.027837154903344884	1.6507972599783278	0.38702016424694413	0.47265474690678627	0.6129798357530558	0.5273452530932137	0.5714285714285714	baseline
P_LP.457	0.0	0.1467022500405493	0.4767841206798889	1.1576207238176226	0.5258200139568122	0.6107236991865013	0.5258200139568122	0.6107236991865013	0.5714285714285714	endpoint
P_LP.458	0.0	0.13665247059175614	0.32925584185245055	1.2012064949796961	0.44425043140852755	0.37588035118057245	0.5557495685914724	0.6241196488194276	0.5714285714285714	baseline
P_LP.459	0.0	0.3609211197926365	0.2652888371502587	1.3906816825859643	0.5943678713202816	0.510710270504454	0.5943678713202816	0.510710270504454	0.5714285714285714	endpoint
P_LP.46	0.0	0.13587122992177267	0.4171755757309269	1.6609928193140413	0.48967848165478955	0.521938497413771	0.5103215183452104	0.521938497413771	0.5714285714285714	endpoint
P_LP.460	0.14285714285714285	0.8138830334556569	1.1116249205190343	2.266263526857236	0.27185424501066446	0.18176061198139112	0.7281457549893355	0.8182393880186088	0.8571428571428571	baseline
P_LP.461	0.0	0.6849652441139912	0.4699467526643599	1.606543814570174	0.2831830491955913	0.29256539853881963	0.7168169508044087	0.7074346014611803	1.0	baseline
P_LP.462	0.0	1.0585004811385215	1.2754032067580154	1.4190910832988195	0.7686112747846604	0.8263974329537307	0.7686112747846604	0.8263974329537307	0.8571428571428571	endpoint
P_LP.463	0.14285714285714285	1.1475326505294265	1.5050769541416513	2.1933675223098694	0.7742083105469078	0.9391154960043558	0.7742083105469078	0.9391154960043558	0.8571428571428571	endpoint
P_LP.464	0.0	0.5060631403820058	0.7761446269306455	1.2367659320857742	0.34563513808501306	0.2691375620724451	0.6543648619149869	0.7308624379275549	0.8571428571428571	baseline
P_LP.465	0.0	0.2980546084138727	0.051181314553832666	1.157740562376572	0.36753814376217225	0.4883915454661268	0.6324618562378277	0.5116084545338733	0.8571428571428571	baseline
P_LP.466	0.0	0.13803673682647552	0.337673115008354	1.1585692654708635	0.49121785302194365	0.4803597510091417	0.5087821469780563	0.5196402489908583	0.5714285714285714	endpoint
P_LP.467	0.0	0.6107740067293472	0.8286251524849837	1.2860865154170722	0.2968257730008804	0.2533340861029326	0.7031742269991196	0.7466659138970674	0.8571428571428571	baseline
P_LP.468	0.0	0.38316129348702976	0.5265301891241381	1.0642525437025274	0.5727684813641835	0.6241580391724126	0.5727684813641835	0.6241580391724126	0.7142857142857143	endpoint
P_LP.469	0.0	0.12185713542391682	0.028780034354477273	1.8182702241254136	0.4306955379142569	0.4373501920770199	0.569304462085743	0.56264980792298	0.7142857142857143	baseline
P_LP.47	0.0	0.3273704015854741	0.37363105772353605	1.6357441431373165	0.5244673972232143	0.546888879468014	0.5244673972232143	0.546888879468014	0.7142857142857143	endpoint
P_LP.470	0.0	0.05788765502739867	0.35309406793639614	1.1412964976197224	0.5144814368115057	0.571656696133687	0.5144814368115057	0.571656696133687	0.5714285714285714	endpoint
P_LP.471	0.0	0.5753430560093233	0.45159081528960965	1.625314284002267	0.3300828338656819	0.35472502143871965	0.6699171661343182	0.6452749785612804	0.8571428571428571	baseline
P_LP.472	0.0	0.6230851796594435	1.1554416173440498	1.667787528447441	0.310178106075213	0.1712241578697541	0.689821893924787	0.8287758421302459	0.7142857142857143	baseline
P_LP.473	0.0	0.026243645608211425	0.03618936695466144	1.3677213219068336	0.47988790922424174	0.47374488023243794	0.5201120907757583	0.526255119767562	0.7142857142857143	endpoint
P_LP.474	0.0	0.8289161545081404	1.4793358481622219	1.663339756892468	0.7080411776600298	0.8814711407768818	0.7080411776600298	0.8814711407768818	0.7142857142857143	endpoint
P_LP.475	0.0	0.49423778780330446	0.9443459243148871	1.5609192358674864	0.3113638671790155	0.2818355137810013	0.6886361328209845	0.7181644862189986	0.7142857142857143	baseline
P_LP.476	0.0	0.19587246954802465	0.5393827987806454	1.4165878787952908	0.4406665893181049	0.3609970658307259	0.5593334106818951	0.6390029341692741	0.7142857142857143	baseline
P_LP.477	0.0	0.8874504886243154	1.243999510162955	1.5757196442433878	0.20553112650413308	0.1523088364965109	0.7944688734958669	0.8476911635034892	0.8571428571428571	baseline
P_LP.478	0.0	0.6081297245381887	0.8585463032355134	1.687229617926502	0.6725675329987336	0.7104209187046082	0.6725675329987336	0.7104209187046082	0.8571428571428571	endpoint
P_LP.479	0.14285714285714285	0.694415258861537	0.9437729263775907	2.253752202281367	0.6057060952906406	0.7211618283708279	0.6057060952906406	0.7211618283708279	0.7142857142857143	endpoint
P_LP.48	0.0	0.17094651681296819	0.6307605135741384	1.3882041031052672	0.377800891435421	0.3116220489160758	0.622199108564579	0.6883779510839242	0.7142857142857143	baseline
P_LP.480	0.0	0.2712693635155873	0.06674020960373686	1.4428537547534563	0.5397527824896253	0.47088307796058065	0.5397527824896253	0.5291169220394194	0.5714285714285714	endpoint
P_LP.481	0.0	0.91793653244056	1.1548037946341465	1.5793410911589914	0.7614649161502729	0.790332855112469	0.7614649161502729	0.790332855112469	0.8571428571428571	endpoint
P_LP.482	0.0	1.2457763353313764	1.5303870593674134	1.6961451640812932	0.8347110926946081	0.8992746961644071	0.8347110926946081	0.8992746961644071	0.8571428571428571	endpoint
P_LP.483	0.0	0.5463723349301525	0.1591450507375981	1.8307458549575106	0.5695967845512443	0.4777866904779583	0.5695967845512443	0.5222133095220417	0.5714285714285714	endpoint
P_LP.484	0.0	0.6404080282383101	0.8452060585838567	1.2712679165655214	0.2842050243313246	0.29268501114490775	0.7157949756686754	0.7073149888550923	0.8571428571428571	baseline
P_LP.485	0.0	0.0081215175897697	0.14558227960175024	1.2982538299598403	0.5072461284377877	0.3832666532175273	0.5072461284377877	0.6167333467824727	0.5714285714285714	endpoint
P_LP.486	0.0	1.3052145053667412	1.3953453211860645	1.705868235081554	0.8476253180609953	0.8626368910315014	0.8476253180609953	0.8626368910315014	1.0	endpoint
P_LP.487	0.0	0.4814381297172708	0.8555897970898717	1.2941607796553882	0.33803097720188663	0.2852105043247328	0.6619690227981134	0.7147894956752672	0.7142857142857143	baseline
P_LP.488	0.0	0.6048155642642185	1.025673358926405	1.7877035118336537	0.3151759071524914	0.1528894789654576	0.6848240928475087	0.8471105210345424	0.7142857142857143	baseline
P_LP.489	0.0	0.11805587064427006	0.39984294725170194	1.5294845995527186	0.3827503671248928	0.34118635802237246	0.6172496328751071	0.6588136419776276	0.7142857142857143	baseline
P_LP.49	0.0	0.10911907178534934	0.2590526627725489	1.3584189585113249	0.43884309601075316	0.34965762210252155	0.5611569039892468	0.6503423778974784	0.7142857142857143	baseline
P_LP.490	0.0	0.34443251070005687	0.7349066174614742	1.5292228969093176	0.5203148422293278	0.5850896524629979	0.5203148422293278	0.5850896524629979	0.7142857142857143	endpoint
P_LP.491	0.0	0.6427430414072041	0.7726121220719881	1.6211346541520426	0.2753812339618431	0.29370529912990995	0.7246187660381569	0.70629470087009	0.8571428571428571	baseline
P_LP.492	0.0	0.8114618434316361	1.1622229996787408	1.7949577891523685	0.6846755695989327	0.7461750396046388	0.6846755695989327	0.7461750396046388	0.7142857142857143	endpoint
P_LP.493	0.0	0.2829893649970971	0.2225882830528538	1.6512034026006208	0.57075601669192	0.5420759967150531	0.57075601669192	0.5420759967150531	0.5714285714285714	endpoint
P_LP.494	0.0	0.42357876417571916	0.16905827274145532	1.823608884684693	0.393429292612224	0.4408822116189009	0.606570707387776	0.5591177883810992	0.5714285714285714	baseline
P_LP.495	0.0	0.32861269678039273	1.0253953032618686	1.6137737154240805	0.6036827451690386	0.8083534422835557	0.6036827451690386	0.8083534422835557	0.7142857142857143	endpoint
P_LP.496	0.0	0.1584241912016106	0.3946052506865121	1.3886174736229024	0.3879905223579479	0.36588868540154773	0.6120094776420522	0.6341113145984523	0.5714285714285714	baseline
P_LP.497	0.0	0.8392043926625485	1.1892467513820588	1.8120868193342126	0.2480830652551011	0.08645368812217295	0.7519169347448988	0.9135463118778271	0.8571428571428571	baseline
P_LP.498	0.0	0.20063107076610204	0.16675742929164925	1.4510328509264026	0.42853904524679065	0.4369299452727189	0.5714609547532093	0.5630700547272811	0.8571428571428571	baseline
P_LP.499	0.0	1.096439084462923	1.1631914375505754	1.6454953104035661	0.8066406715117944	0.9263438870548739	0.8066406715117944	0.9263438870548739	1.0	endpoint
P_LP.5	0.14285714285714285	0.49607997266211495	0.4644713693180017	2.7806567073515884	0.5697269866729175	0.577545068811606	0.5697269866729175	0.577545068811606	0.7142857142857143	endpoint
P_LP.50	0.0	0.7143231436364221	1.0588062697394527	1.4199439337381243	0.7185319196134369	0.8526299377742053	0.7185319196134369	0.8526299377742053	0.7142857142857143	endpoint
P_LP.500	0.0	0.1166238988740422	0.12453294268744151	1.4170157375287569	0.49996327388939477	0.5042147089220445	0.5000367261106052	0.5042147089220445	0.5714285714285714	endpoint
P_LP.501	0.0	0.6321780869708832	0.48306311394507573	1.768139927754161	0.6397029840679531	0.6598806600813402	0.6397029840679531	0.6598806600813402	0.8571428571428571	endpoint
P_LP.502	0.0	0.46766982588389094	0.871774668643815	1.657523930681157	0.667545692871724	0.6988294763756716	0.667545692871724	0.6988294763756716	0.7142857142857143	endpoint
P_LP.503	0.0	0.6502194701360251	1.1610874534204487	1.632565596951387	0.6782421329154572	0.7746395902231622	0.6782421329154572	0.7746395902231622	0.7142857142857143	endpoint
P_LP.504	0.0	0.10480261918476942	0.2589327420302725	1.2101095448406338	0.5465701785780602	0.41203723458491526	0.5465701785780602	0.5879627654150847	0.5714285714285714	endpoint
P_LP.505	0.0	0.24979904405550452	0.8492745098366401	1.3939759352431358	0.41448357771138195	0.2941482811147081	0.585516422288618	0.705851718885292	0.5714285714285714	baseline
P_LP.506	0.0	0.2193496239321346	0.4241192567972857	1.1934879021933706	0.5203138818576388	0.5599761409677583	0.5203138818576388	0.5599761409677583	0.5714285714285714	endpoint
P_LP.507	0.0	0.10960646925131924	0.06976026679238702	1.1644599947293026	0.4468222058455182	0.4287711079216433	0.5531777941544818	0.5712288920783567	0.7142857142857143	baseline
P_LP.508	0.0	0.3818989285159474	0.6854322809154957	1.4617099662982191	0.6084361953911686	0.6498335184664705	0.6084361953911686	0.6498335184664705	0.5714285714285714	endpoint
P_LP.509	0.0	0.49846289042843317	0.6683233626379393	1.2673632470097698	0.660206288615082	0.6215193266868458	0.660206288615082	0.6215193266868458	0.7142857142857143	endpoint
P_LP.51	0.0	0.46558808948092123	0.43012888764213464	0.8758871811075886	0.32170221878747984	0.371162428019739	0.6782977812125202	0.628837571980261	1.0	baseline
P_LP.510	0.0	0.12698598716234752	0.017989350389387298	1.1436072453765505	0.42605933392168993	0.45929941175552697	0.5739406660783101	0.5407005882444731	0.5714285714285714	baseline
P_LP.511	0.0	0.17240043972012398	0.24158554561690423	1.1556639032696245	0.40500969490840166	0.3646703474699071	0.5949903050915983	0.6353296525300929	0.7142857142857143	baseline
P_LP.512	0.0	0.3695398458396495	0.24834318918362008	1.833265368893421	0.38546380086145343	0.3941746161253857	0.6145361991385465	0.6058253838746144	0.7142857142857143	baseline
P_LP.513	0.0	0.325496494822707	0.6575202131130362	1.3513645105848455	0.5965934314117669	0.6603696833136627	0.5965934314117669	0.6603696833136627	0.5714285714285714	endpoint
P_LP.514	0.0	0.7151338409059838	0.7051770948056063	1.5603039289977898	0.2595009431644912	0.31840348052857065	0.7404990568355088	0.6815965194714293	1.0	baseline
P_LP.515	0.0	0.019882711621872367	0.02971992174722135	1.3949408361428937	0.4868632298092922	0.4376417254661775	0.5131367701907078	0.5623582745338225	0.5714285714285714	endpoint
P_LP.516	0.0	0.2487725310982772	0.5702022211472804	1.4977786096814176	0.5910055743794435	0.6582180905758658	0.5910055743794435	0.6582180905758658	0.5714285714285714	endpoint
P_LP.517	0.0	1.088120344286527	1.1615382275345383	1.8482566330377719	0.7643339519008554	0.8421564658488706	0.7643339519008554	0.8421564658488706	0.8571428571428571	endpoint
P_LP.518	0.0	0.4461998292188607	0.6948837634340311	1.196163481023459	0.3415085220235537	0.3199772901261247	0.6584914779764464	0.6800227098738754	0.7142857142857143	baseline
P_LP.519	0.0	0.033955954056381285	0.05538452229093157	1.4573860684126518	0.4803202519858875	0.4346903393994693	0.5196797480141124	0.5653096606005307	0.5714285714285714	endpoint
P_LP.52	0.0	0.394613947944655	0.2501885682522939	1.517614379841756	0.5823238422093039	0.5391430455325501	0.5823238422093039	0.5391430455325501	0.5714285714285714	endpoint
P_LP.520	0.0	0.015577968099886121	0.15476450311824916	1.9323185297201984	0.4365090324636008	0.4950225836052647	0.5634909675363993	0.5049774163947354	0.5714285714285714	baseline
P_LP.521	0.0	0.5438057081666127	0.5674341669583434	1.1888495026005699	0.3180373593116138	0.3287238560961889	0.6819626406883862	0.6712761439038111	0.8571428571428571	baseline
P_LP.522	0.0	0.01641277733658419	0.2111067437225271	1.730352540771123	0.47546151615169574	0.42661435575447315	0.5245384838483043	0.5733856442455268	0.7142857142857143	endpoint
P_LP.523	0.0	0.8013265363165872	1.103863678071587	1.5941146291772563	0.6923509416651104	0.8212278663504757	0.6923509416651104	0.8212278663504757	0.7142857142857143	endpoint
P_LP.524	0.0	0.12996279496742305	0.06348930031631478	1.2211276107540847	0.5194826237144573	0.430774968600029	0.5194826237144573	0.5692250313999709	0.7142857142857143	endpoint
P_LP.525	0.0	0.5128242624712914	0.5777623834423009	1.2424819757644994	0.300833719520169	0.26348465997386106	0.699166280479831	0.7365153400261389	0.8571428571428571	baseline
P_LP.526	0.0	0.8038809954100051	1.139742094124107	1.2704155816235507	0.2574301277990392	0.23148960288531178	0.7425698722009608	0.7685103971146883	0.8571428571428571	baseline
P_LP.527	0.0	0.3074869941687199	0.4812068195615753	1.6217075967941292	0.5288470744785879	0.572121349645394	0.5288470744785879	0.572121349645394	0.7142857142857143	endpoint
P_LP.528	0.0	0.987904818465028	1.0221329470942364	1.4735481814271714	0.7675117028812863	0.790587824426378	0.7675117028812863	0.790587824426378	0.8571428571428571	endpoint
P_LP.529	0.0	0.3972024602116106	0.9808251396860672	1.6379787759569595	0.5384198188814077	0.5884828157362285	0.5384198188814077	0.5884828157362285	0.7142857142857143	endpoint
P_LP.53	0.0	0.013887840557592433	0.7265170032632196	1.498257981847067	0.4880199297090457	0.26086181311869416	0.5119800702909543	0.7391381868813058	0.5714285714285714	baseline
P_LP.530	0.0	0.8196706302465646	1.2089039737612517	1.7407907116017476	0.7077095822540898	0.6338014125298282	0.7077095822540898	0.6338014125298282	0.8571428571428571	endpoint
P_LP.531	0.14285714285714285	0.21525843882769213	0.7161396213179502	2.3722591289184662	0.34309720130573024	0.20629171257740966	0.6569027986942697	0.7937082874225904	0.5714285714285714	baseline
P_LP.532	0.0	0.5682810507479606	0.7041779399356883	1.647823265929621	0.2994142275257274	0.2735421806542216	0.7005857724742726	0.7264578193457785	0.8571428571428571	baseline
P_LP.533	0.0	0.1413583111773731	0.08015490458081587	1.3779314444138229	0.42013344286177834	0.5036106769103369	0.5798665571382217	0.5036106769103369	0.5714285714285714	baseline
P_LP.534	0.0	0.5111493138243729	0.7305716723941048	1.2933151124074562	0.3167418427955065	0.32384665214735486	0.6832581572044936	0.6761533478526451	0.8571428571428571	baseline
P_LP.535	0.0	0.06377498932486002	0.0911696344621877	1.4761067846479317	0.5049884570274827	0.4573430586358854	0.5049884570274827	0.5426569413641146	0.5714285714285714	endpoint
P_LP.536	0.0	0.7479342088336882	0.9804596264008765	1.6664171219065151	0.2271676868755948	0.2531998074257934	0.7728323131244053	0.7468001925742066	1.0	baseline
P_LP.538	0.0	0.2985156114261463	0.5331468973799607	0.9178858666228504	0.39245146238560874	0.2840228348484184	0.6075485376143912	0.7159771651515816	0.8571428571428571	baseline
P_LP.539	0.0	0.6913044666105229	0.7261175986061014	1.6715350876995354	0.27501999141895117	0.3152017604372653	0.7249800085810488	0.6847982395627348	1.0	baseline
P_LP.54	0.0	0.09027405823522759	0.0513460437479589	1.640504484570171	0.488012192983596	0.4124967603899425	0.511987807016404	0.5875032396100575	0.7142857142857143	endpoint
P_LP.540	0.0	0.36317626527180674	0.4461415108768034	1.6311118594071845	0.4119693809043099	0.38111075896723545	0.5880306190956901	0.6188892410327645	0.5714285714285714	baseline
P_LP.541	0.0	0.7414476124331134	1.1568525936440304	1.9178748777347168	0.6535103332180275	0.691842817962068	0.6535103332180275	0.691842817962068	0.7142857142857143	endpoint
P_LP.542	0.0	0.11822093493808697	0.18815320344658248	1.466129012003091	0.38373994252298205	0.3700620440229941	0.616260057477018	0.629937955977006	0.7142857142857143	baseline
P_LP.543	0.0	0.34834351070193614	0.3838582702716011	1.6894684718989428	0.5636139373474897	0.585628299551775	0.5636139373474897	0.585628299551775	0.7142857142857143	endpoint
P_LP.544	0.0	0.49869863790290425	0.5744421343729927	1.8515555372478218	0.3545076529823018	0.33839233817215875	0.6454923470176982	0.6616076618278413	0.7142857142857143	baseline
P_LP.545	0.14285714285714285	1.2769940932083639	1.318575136466828	2.210270759033083	0.13982874642813023	0.08828062054563152	0.8601712535718697	0.9117193794543685	0.8571428571428571	baseline
P_LP.546	0.0	0.21589196143995856	0.15873627531848478	1.0548439314387277	0.43812468769987817	0.39256887119143097	0.5618753123001219	0.607431128808569	0.7142857142857143	baseline
P_LP.547	0.0	0.8637426638529666	0.9297214454475572	1.9127570800421083	0.24539403808128377	0.1808046752678349	0.7546059619187162	0.819195324732165	0.8571428571428571	baseline
P_LP.548	0.0	0.5626583215823668	0.7691635564549184	1.1948781014640197	0.2773172724564886	0.20255250909958478	0.7226827275435115	0.7974474909004152	0.8571428571428571	baseline
P_LP.549	0.14285714285714285	0.3439598076574392	0.6940454181907795	2.228317057444077	0.5095962655003327	0.6270680009261338	0.5095962655003327	0.6270680009261338	0.5714285714285714	endpoint
P_LP.55	0.0	0.7999652590265252	1.029672622520456	1.6714914760972948	0.20178774876248165	0.1090403405950098	0.7982122512375184	0.8909596594049902	1.0	baseline
P_LP.550	0.0	0.08787068010691132	0.1760681587685367	1.0995815889961162	0.4433117808183945	0.4830358842403468	0.5566882191816055	0.5169641157596532	0.5714285714285714	baseline
P_LP.551	0.0	0.5207716016381613	0.7157302675614469	1.8807757856345415	0.3325175118102895	0.20873287514087507	0.6674824881897106	0.791267124859125	0.7142857142857143	baseline
P_LP.552	0.0	0.4425820076046927	0.688704018081587	1.1484354787772413	0.31331104039923435	0.21762131117183886	0.6866889596007657	0.7823786888281612	0.8571428571428571	baseline
P_LP.553	0.0	0.1396511267843106	0.01480662790979691	1.533591581673396	0.5483862139795378	0.4330159339836106	0.5483862139795378	0.5669840660163894	0.5714285714285714	endpoint
P_LP.554	0.0	0.06427396516737481	0.015449100085509714	1.6509013856677675	0.4494543652038541	0.4369546452179295	0.5505456347961459	0.5630453547820705	0.5714285714285714	baseline
P_LP.555	0.0	0.8444999472634136	1.2718606269747754	1.803936199639926	0.7594544297317121	0.8624149383874415	0.7594544297317121	0.8624149383874415	0.7142857142857143	endpoint
P_LP.556	0.0	0.08838066146528822	0.2967589609202381	1.1235205078909272	0.4918758946200728	0.3537895890219523	0.5081241053799272	0.6462104109780478	0.5714285714285714	endpoint
P_LP.557	0.0	0.4470335531672854	0.7967406411045851	1.9102131387193113	0.5930768159560603	0.6755554921521029	0.5930768159560603	0.6755554921521029	0.7142857142857143	endpoint
P_LP.558	0.0	0.269718977111916	0.4792668633696236	1.469884839114353	0.5224176773871898	0.5738452524383069	0.5224176773871898	0.5738452524383069	0.7142857142857143	endpoint
P_LP.559	0.0	0.19762390916616512	0.7575734090306532	1.3714413269592627	0.5475646787843235	0.6865531844519314	0.5475646787843235	0.6865531844519314	0.5714285714285714	endpoint
P_LP.56	0.0	0.4324865464182373	0.887067108701004	1.6019485912462497	0.6201674792677814	0.7938664696260881	0.6201674792677814	0.7938664696260881	0.5714285714285714	endpoint
P_LP.560	0.0	0.5114251086004399	0.8194417578065121	1.557431746934433	0.5994818467632245	0.5515116644814207	0.5994818467632245	0.5515116644814207	0.7142857142857143	endpoint
P_LP.561	0.0	0.47536073811652135	0.9112195501040534	1.4805144750037895	0.6131021404363237	0.6384267264559822	0.6131021404363237	0.6384267264559822	0.5714285714285714	endpoint
P_LP.562	0.0	0.7900944413967492	1.050744492251464	1.5488682537495584	0.6865981508567998	0.7040139106086842	0.6865981508567998	0.7040139106086842	0.8571428571428571	endpoint
P_LP.563	0.0	0.3726630113090251	0.4179510288758691	1.5003455443868747	0.5481721551530924	0.5675098593749456	0.5481721551530924	0.5675098593749456	0.7142857142857143	endpoint
P_LP.564	0.0	0.5053624555265074	0.9296586702836521	1.742519597006859	0.3143519472219545	0.14674004760004059	0.6856480527780455	0.8532599523999594	0.7142857142857143	baseline
P_LP.565	0.0	0.8786095970272721	1.0062624860238318	1.4639939283793089	0.731856828089942	0.6268487325896349	0.731856828089942	0.6268487325896349	0.8571428571428571	endpoint
P_LP.566	0.0	0.6921162184665494	0.33187266125284504	1.9009186219984813	0.29379107996648923	0.32820137544702294	0.7062089200335108	0.671798624552977	0.8571428571428571	baseline
P_LP.567	0.0	0.7611848651842397	1.1301924974591562	1.3538694861142668	0.2098493688446135	0.2014406772574761	0.7901506311553865	0.7985593227425238	0.8571428571428571	baseline
P_LP.568	0.0	0.5949107254051981	1.099970839321847	1.6210773271364183	0.3196871318025799	0.1276576053845454	0.6803128681974201	0.8723423946154546	0.7142857142857143	baseline
P_LP.569	0.0	0.22298237478893287	0.02191603457023895	1.1688424555505132	0.41620611132581564	0.4728099494216109	0.5837938886741844	0.5271900505783891	0.7142857142857143	baseline
P_LP.57	0.0	0.07425478124276608	0.3051510443072419	1.586878149453612	0.4824956708248785	0.5444819491110992	0.5175043291751216	0.5444819491110992	0.5714285714285714	endpoint
P_LP.570	0.0	0.2927837673209101	0.2389719244977758	1.6170619033345757	0.5211196495463662	0.673464625570482	0.5211196495463662	0.673464625570482	0.5714285714285714	endpoint
P_LP.571	0.0	0.7707094509206686	1.0686750352076864	1.6558420583549869	0.28396376871859125	0.1813714977537844	0.7160362312814088	0.8186285022462156	0.8571428571428571	baseline
P_LP.572	0.0	0.62140998267698	0.9544277913115488	1.5244557383617896	0.2839445772135236	0.22421300560018242	0.7160554227864764	0.7757869943998176	0.8571428571428571	baseline
P_LP.573	0.0	0.08559088990564494	0.27370376343755726	1.32891818889571	0.4630335242142622	0.4183084426877863	0.5369664757857378	0.5816915573122137	0.7142857142857143	baseline
P_LP.574	0.0	1.0205233995155143	0.981486909064822	1.6603715677762618	0.16871362205055096	0.12398653996011103	0.831286377949449	0.876013460039889	1.0	baseline
P_LP.575	0.0	0.6196272537208503	1.0572648751599172	1.8669006422948173	0.6135805832003234	0.6985634296088754	0.6135805832003234	0.6985634296088754	0.5714285714285714	endpoint
P_LP.576	0.0	0.18811850996352217	0.24274098284438714	1.7143558575156046	0.5095156592231677	0.536371846366865	0.5095156592231677	0.536371846366865	0.5714285714285714	endpoint
P_LP.577	0.0	0.06201197399224613	0.19800180839868556	1.4838716492056012	0.48516615916412753	0.3959485730331838	0.5148338408358725	0.6040514269668162	0.5714285714285714	baseline
P_LP.578	0.0	0.1604860895495	0.3329396388026949	1.0184412949878696	0.5275201485872808	0.5699341926102814	0.5275201485872808	0.5699341926102814	0.5714285714285714	endpoint
P_LP.579	0.0	0.21775542361486264	0.15191410990770796	1.76678965987984	0.5362595637121698	0.44944933101793977	0.5362595637121698	0.5505506689820603	0.5714285714285714	endpoint
P_LP.58	0.0	0.14943307212588258	0.47998041352659704	1.3994469251548287	0.39310106777617115	0.32986182770240324	0.6068989322238288	0.6701381722975968	0.7142857142857143	baseline
P_LP.580	0.0	0.8149470932051397	0.7576262541441457	1.7122137067423568	0.7211669536851766	0.6932927177391802	0.7211669536851766	0.6932927177391802	0.7142857142857143	endpoint
P_LP.581	0.0	0.11920758739305236	0.31416435150244304	1.898634785430163	0.4812847471985028	0.32915091322132634	0.5187152528014972	0.6708490867786736	0.5714285714285714	baseline
P_LP.582	0.0	0.34416551069053253	0.3170112717738046	1.62428943632196	0.39567075162975945	0.4544557008117086	0.6043292483702405	0.5455442991882914	0.7142857142857143	baseline
P_LP.583	0.0	0.07002452428831882	0.15877482243507762	1.4352409018341001	0.4266717086068584	0.43908571472021274	0.5733282913931417	0.5609142852797873	0.5714285714285714	baseline
P_LP.584	0.0	0.2839282893724497	0.50424267280474	1.4881583509463332	0.411514063980997	0.34912555780446675	0.588485936019003	0.6508744421955333	0.7142857142857143	baseline
P_LP.585	0.0	0.19763904389108777	0.3610696280527674	1.3652408409073244	0.39427108806686506	0.33908640862265443	0.6057289119331349	0.6609135913773456	0.5714285714285714	baseline
P_LP.586	0.0	0.1314515923123845	0.21704283593943688	1.3889530701566215	0.42175179185405687	0.4233499525142302	0.5782482081459431	0.5766500474857699	0.7142857142857143	baseline
P_LP.587	0.0	0.4604878222230466	0.2377415673927995	1.7320868892794656	0.5616011250182581	0.5223122128374349	0.5616011250182581	0.5223122128374349	0.5714285714285714	endpoint
P_LP.588	0.0	0.18742774736786702	0.26041032602105846	1.3877140285941936	0.419678726768142	0.34764939757456	0.580321273231858	0.65235060242544	0.7142857142857143	baseline
P_LP.589	0.0	0.03862785662669039	0.23163577938154167	1.189652823760525	0.43162672894416876	0.46163845852406715	0.5683732710558312	0.5383615414759328	0.5714285714285714	baseline
P_LP.59	0.0	0.8336609457553185	1.2170178027972647	1.308433037366071	0.24401708309690992	0.15329838658547515	0.75598291690309	0.8467016134145249	0.8571428571428571	baseline
P_LP.590	0.0	0.026792749151194624	0.6396852989057303	1.901872967201583	0.437795148157693	0.23374266571047228	0.5622048518423071	0.7662573342895277	0.5714285714285714	endpoint
P_LP.591	0.0	0.037282760908522276	0.4483270087094551	1.4185907259048705	0.5133955021573674	0.3806393108164785	0.5133955021573674	0.6193606891835215	0.5714285714285714	endpoint
P_LP.592	0.0	0.12941448580657985	0.1475627916801545	1.478406772562565	0.4170777711077825	0.39114229409105317	0.5829222288922176	0.6088577059089468	0.5714285714285714	baseline
P_LP.594	0.0	1.028840541033238	1.4111960409817048	1.858666677167244	0.7749163259613175	0.9439701106496636	0.7749163259613175	0.9439701106496636	0.7142857142857143	endpoint
P_LP.595	0.0	0.15094142608464364	0.7830978430655191	1.2341842502596114	0.3994302251282007	0.30842368633652434	0.6005697748717993	0.6915763136634756	0.5714285714285714	baseline
P_LP.596	0.0	0.3602867737865753	0.9529449976861737	1.5529602977230186	0.36542455409133223	0.2384311810375855	0.6345754459086678	0.7615688189624145	0.5714285714285714	baseline
P_LP.597	0.0	0.3146411024442293	0.2523203784129838	1.1641467326012562	0.5768112600767731	0.5271069154563456	0.5768112600767731	0.5271069154563456	0.5714285714285714	endpoint
P_LP.598	0.0	0.655738518015091	0.8621017374347153	1.3150809811679658	0.6902090569395324	0.6958291356537432	0.6902090569395324	0.6958291356537432	0.7142857142857143	endpoint
P_LP.599	0.14285714285714285	0.6058551220895749	0.42658908662455913	2.119078277063138	0.6354025072423983	0.5607422304650175	0.6354025072423983	0.5607422304650175	0.7142857142857143	endpoint
P_LP.6	0.0	0.22500939562742475	0.15536774075963306	1.8198030083866814	0.49704486086615696	0.44997737749628186	0.502955139133843	0.5500226225037181	0.5714285714285714	endpoint
P_LP.60	0.14285714285714285	0.8180991953667319	0.9797319535324776	2.162667381396562	0.6883648660293549	0.8371591520794508	0.6883648660293549	0.8371591520794508	0.7142857142857143	endpoint
P_LP.600	0.0	0.13104744223750422	0.2751707841601286	1.6173075695800923	0.5423792533769738	0.5446366816145629	0.5423792533769738	0.5446366816145629	0.5714285714285714	endpoint
P_LP.601	0.14285714285714285	0.9628325604212923	1.2937241274455114	2.0895828532633804	0.23453290536489954	0.16040053938706086	0.7654670946351004	0.8395994606129391	0.8571428571428571	baseline
P_LP.602	0.0	0.5001862256841351	0.35391946582298933	1.4835917886577348	0.6093766979178624	0.5536971886230692	0.6093766979178624	0.5536971886230692	0.7142857142857143	endpoint
P_LP.603	0.0	0.778466042901341	1.1363947888565797	1.840570578362821	0.25559976005141277	0.08030926861279694	0.7444002399485872	0.919690731387203	0.8571428571428571	baseline
P_LP.604	0.0	1.1219716904807762	1.1355168523014274	1.5303557381801132	0.799452032266748	0.7817374435170454	0.799452032266748	0.7817374435170454	1.0	endpoint
P_LP.605	0.0	1.1913318903010635	1.47559438771504	1.789773218896418	0.8249281763631754	0.9639519267924701	0.8249281763631754	0.9639519267924701	1.0	endpoint
P_LP.606	0.0	0.6403749041433952	1.0317625333045206	1.1949279313691636	0.2836127850259232	0.22941434527090176	0.7163872149740769	0.7705856547290982	0.7142857142857143	baseline
P_LP.607	0.0	0.883659156496394	0.8992284461104153	1.7087571835648017	0.23327091886809967	0.18540906485464864	0.7667290811319003	0.8145909351453513	0.8571428571428571	baseline
P_LP.608	0.0	0.8048190122882145	0.8101341543195131	1.3485299211129436	0.23756584496729574	0.3023559618360135	0.7624341550327043	0.6976440381639866	1.0	baseline
P_LP.609	0.0	0.079615859994419	0.6076173157896132	1.4663960640802125	0.4299499559058476	0.37631677270196184	0.5700500440941524	0.6236832272980382	0.5714285714285714	baseline
P_LP.61	0.14285714285714285	0.4923421036167192	0.8253475339876982	2.2251144743971434	0.5818101422091754	0.7048561512068015	0.5818101422091754	0.7048561512068015	0.7142857142857143	endpoint
P_LP.610	0.0	0.9842585122272135	1.3433886804745996	1.818193493302907	0.19365446653987056	0.052707504630958586	0.8063455334601295	0.9472924953690414	0.8571428571428571	baseline
P_LP.611	0.0	0.04823360909337666	0.05023660985494946	1.2895684615180405	0.48904004352579467	0.41854128663169915	0.5109599564742053	0.5814587133683009	0.5714285714285714	endpoint
P_LP.612	0.0	0.35910335865055043	1.028158315479832	1.9756043835888812	0.5919806036918732	0.6576118791535355	0.5919806036918732	0.6576118791535355	0.7142857142857143	endpoint
P_LP.613	0.0	0.25706983929027866	0.4150658462099145	0.8907994012054444	0.5383548924093189	0.48968418922420454	0.5383548924093189	0.5103158107757955	0.5714285714285714	endpoint
P_LP.614	0.0	0.2841420415864587	0.15020574679508578	1.4812121704542913	0.5788805250900569	0.5097527588072778	0.5788805250900569	0.5097527588072778	0.5714285714285714	endpoint
P_LP.615	0.0	0.37945889854740306	0.5533039227103115	1.4518880830885519	0.5558568781395773	0.5108202435967009	0.5558568781395773	0.5108202435967009	0.5714285714285714	endpoint
P_LP.616	0.0	0.7908258246493716	1.0609176112333167	1.7026231581875144	0.6676073958247876	0.7073603681448605	0.6676073958247876	0.7073603681448605	0.7142857142857143	endpoint
P_LP.617	0.0	0.931576556453323	1.2161797757310842	1.4036690408942423	0.18813132464803456	0.09610480946645049	0.8118686753519655	0.9038951905335495	1.0	baseline
P_LP.618	0.0	0.01304838594481494	0.2309955409689631	1.0298253931161778	0.45364547107467995	0.5379602530962447	0.54635452892532	0.5379602530962447	0.5714285714285714	endpoint
P_LP.619	0.0	0.755327702351665	1.053822682355895	1.3410500985489533	0.2552976125544623	0.1687389390827732	0.7447023874455376	0.8312610609172268	0.8571428571428571	baseline
P_LP.62	0.0	0.41019351952925287	0.6196103986335353	1.1975493532717194	0.31116732364512945	0.24034493092786224	0.6888326763548706	0.7596550690721378	0.7142857142857143	baseline
P_LP.620	0.14285714285714285	0.02648380589940242	0.1411660622605481	2.1723403388106144	0.4614935301514555	0.4905503066889063	0.5385064698485444	0.5094496933110937	0.5714285714285714	endpoint
P_LP.621	0.0	0.6332755838994569	1.1937423765109783	1.534520407977533	0.25451379444840866	0.12937517811674068	0.7454862055515914	0.8706248218832593	0.8571428571428571	baseline
P_LP.622	0.0	0.5326363369400732	0.5732457257977438	1.5991985625773935	0.5956682611933035	0.6208208193854438	0.5956682611933035	0.6208208193854438	0.7142857142857143	endpoint
P_LP.623	0.0	1.0265785119044226	1.177406959320267	1.5111986061775458	0.1814368959927965	0.19516598387756612	0.8185631040072034	0.8048340161224339	1.0	baseline
P_LP.624	0.0	0.5113800641092565	0.6382913593678483	1.3789657252466008	0.6109866253928764	0.6150409252015273	0.6109866253928764	0.6150409252015273	0.7142857142857143	endpoint
P_LP.625	0.0	0.7921422408503923	0.706353717105476	1.5993432638788214	0.7121496508219706	0.6727208801751093	0.7121496508219706	0.6727208801751093	0.8571428571428571	endpoint
P_LP.626	0.0	0.269432192508371	0.36806729492065116	1.893845226977202	0.45472960710168037	0.6482591777177521	0.5452703928983196	0.6482591777177521	0.5714285714285714	baseline
P_LP.627	0.0	0.24867427541197734	0.4335241534930476	1.9024768678876505	0.5020979589256832	0.5708692407902858	0.5020979589256832	0.5708692407902858	0.5714285714285714	endpoint
P_LP.628	0.0	0.8280932290938511	0.9628521530168689	1.3007108069233586	0.2211388370735637	0.18738049701490628	0.7788611629264364	0.8126195029850938	0.8571428571428571	baseline
P_LP.629	0.0	0.1314724636968863	0.03167206769306666	0.9968412841882469	0.426272812839779	0.41859921581361054	0.573727187160221	0.5814007841863895	0.7142857142857143	baseline
P_LP.63	0.0	0.12024096193496678	0.008243805168436784	1.5169309655299397	0.43226059796433836	0.4747597875760603	0.5677394020356616	0.5252402124239397	0.8571428571428571	baseline
P_LP.630	0.0	0.8888470343825167	1.015165906499605	1.5006221675149651	0.7352971835579707	0.6963390192367216	0.7352971835579707	0.6963390192367216	1.0	endpoint
P_LP.631	0.0	0.40742672437625654	0.11996432567658924	1.5383099261565472	0.333332983595965	0.4514725907129897	0.6666670164040349	0.5485274092870103	0.5714285714285714	baseline
P_LP.632	0.0	0.3927083409287343	0.14760153836202886	1.2227735578777579	0.36267482125935163	0.4047979923057928	0.6373251787406484	0.5952020076942073	0.8571428571428571	baseline
P_LP.633	0.0	0.30159043072791425	0.42540929690851514	1.3973111737544384	0.5706297502951239	0.5691187315592636	0.5706297502951239	0.5691187315592636	0.5714285714285714	endpoint
P_LP.634	0.0	0.47817666047905283	0.5177489275453668	1.6200735053978872	0.3053288915838078	0.36566385086945147	0.6946711084161922	0.6343361491305486	0.8571428571428571	baseline
P_LP.635	0.0	0.19552967651824296	0.1795140057306543	1.3591464443239158	0.37632860245747884	0.43862673650063666	0.6236713975425212	0.5613732634993633	0.7142857142857143	baseline
P_LP.636	0.14285714285714285	0.015781635947433457	0.03777574819950067	2.2605047569454686	0.5322871317291439	0.4854997423386301	0.5322871317291439	0.51450025766137	0.5714285714285714	endpoint
P_LP.637	0.0	0.5873934084581792	0.7551853699180261	1.0790418613602464	0.2866148832489565	0.24458365041054644	0.7133851167510434	0.7554163495894536	1.0	baseline
P_LP.638	0.0	0.441183667278228	0.6334108552141227	1.3150869240962024	0.3707622354575704	0.3049280915023887	0.6292377645424296	0.6950719084976114	0.7142857142857143	baseline
P_LP.639	0.0	0.7107071449894361	1.1915364695331176	1.5208556872728545	0.226684859014451	0.1907785741043121	0.773315140985549	0.8092214258956879	0.7142857142857143	baseline
P_LP.64	0.0	0.387872239592026	0.028205409933533016	1.2380032612497958	0.5848991810356915	0.46893331204597316	0.5848991810356915	0.5310666879540269	0.5714285714285714	endpoint
P_LP.640	0.0	0.11954352947775115	0.29863394270568266	1.6888086566408271	0.43028730672750654	0.4038326931674941	0.5697126932724934	0.596167306832506	0.5714285714285714	baseline
P_LP.641	0.0	0.2262659922732695	0.39505081065879516	1.463402533872494	0.503570597744327	0.48662396956269405	0.503570597744327	0.513376030437306	0.5714285714285714	endpoint
P_LP.642	0.0	0.11776693175223163	0.15539007145280287	1.4934152350197039	0.5269993603764681	0.44998079177082156	0.5269993603764681	0.5500192082291784	0.5714285714285714	endpoint
P_LP.643	0.0	0.5644227827367323	0.8934261071415732	1.474423875022493	0.32628541931021404	0.20078869461620186	0.673714580689786	0.7992113053837981	0.7142857142857143	baseline
P_LP.644	0.0	0.44053316771759554	0.7547943459398306	1.865708112780224	0.6047665002431243	0.7269036462559767	0.6047665002431243	0.7269036462559767	0.5714285714285714	endpoint
P_LP.645	0.0	0.39868082671396615	0.6972794506866715	1.6844448161986691	0.3316510721839173	0.21480100922039955	0.6683489278160827	0.7851989907796004	0.8571428571428571	baseline
P_LP.646	0.0	0.3217555022888977	0.9971482297888832	1.2121173501825973	0.32113124384625547	0.19248291554883504	0.6788687561537445	0.807517084451165	0.5714285714285714	baseline
P_LP.647	0.0	0.4379653958691407	0.22318345966831427	1.517651967680198	0.3255511948541507	0.38110447995076707	0.6744488051458493	0.618895520049233	1.0	baseline
P_LP.648	0.0	0.3933196873466097	0.4735981958075438	1.206103243879048	0.3243522070920379	0.3149991757113487	0.6756477929079621	0.6850008242886513	0.7142857142857143	baseline
P_LP.649	0.0	0.4903599554576702	0.9128513611459663	1.5517511730211815	0.3168040903564267	0.14390337550995905	0.6831959096435734	0.856096624490041	0.7142857142857143	baseline
P_LP.65	0.0	0.17225181406264986	0.24243879372662416	1.5706067462301352	0.5274024277439208	0.6755383983778291	0.5274024277439208	0.6755383983778291	0.5714285714285714	endpoint
P_LP.650	0.0	0.40470705293418935	0.4312220363117121	1.3429589756753515	0.5946323092118855	0.5771741729454051	0.5946323092118855	0.5771741729454051	0.7142857142857143	endpoint
P_LP.651	0.0	0.5195771093990907	0.7461537600212019	1.1359049883373897	0.29769900667871735	0.3163931381348462	0.7023009933212827	0.6836068618651538	0.8571428571428571	baseline
P_LP.652	0.0	0.04438877758041544	0.34054453146736136	1.4780879996531824	0.4910852941752439	0.3899972913201484	0.5089147058247561	0.6100027086798516	0.5714285714285714	endpoint
P_LP.653	0.0	0.6553361361302432	1.0754094166745032	1.5394356592163265	0.2791316534412317	0.19084865030742618	0.7208683465587683	0.8091513496925739	0.8571428571428571	baseline
P_LP.654	0.0	0.11148766522595963	0.04812289336594175	1.295729991046117	0.5051771886708032	0.555744204127086	0.5051771886708032	0.555744204127086	0.5714285714285714	endpoint
P_LP.655	0.0	0.3181986312574377	0.4709545042314576	0.8259694902819396	0.37832826933992564	0.32967415873170625	0.6216717306600743	0.6703258412682938	0.7142857142857143	baseline
P_LP.656	0.0	0.25798384025856114	0.489427849725383	1.8441998786655212	0.4414739394365821	0.4179197254689594	0.5585260605634179	0.5820802745310406	0.7142857142857143	baseline
P_LP.657	0.0	0.24044822689623666	0.33014230630619085	1.5422006230487695	0.4263188618805112	0.32601999739094517	0.5736811381194888	0.6739800026090548	0.7142857142857143	baseline
P_LP.658	0.0	0.5729529493424627	0.5634778777541927	1.0885412689433402	0.30451438058648	0.2597886167068867	0.6954856194135199	0.7402113832931133	0.7142857142857143	baseline
P_LP.659	0.0	0.48327059913557624	0.9872608405503202	1.4357822400812745	0.6443160266762475	0.6903194334279454	0.6443160266762475	0.6903194334279454	0.7142857142857143	endpoint
P_LP.66	0.14285714285714285	1.0787111766642845	0.9140265433230034	2.179288236064267	0.7414439691096323	0.7594268050152303	0.7414439691096323	0.7594268050152303	0.8571428571428571	endpoint
P_LP.660	0.0	0.797610576016772	1.0278950269733065	1.3868704799259415	0.2442354857187023	0.2345374911792044	0.7557645142812977	0.7654625088207956	0.8571428571428571	baseline
P_LP.661	0.0	0.12887090401070728	0.2870441144035327	1.6815858226256024	0.509579249127399	0.5594828306522924	0.509579249127399	0.5594828306522924	0.5714285714285714	endpoint
P_LP.662	0.14285714285714285	0.8845004931061051	1.1874412543049493	2.3347321582680376	0.6834325075782076	0.7831935650479739	0.6834325075782076	0.7831935650479739	0.7142857142857143	endpoint
P_LP.664	0.0	0.4353184294198124	0.8656719113366816	1.2947233819073074	0.37081549807576286	0.29110535215709377	0.6291845019242371	0.7088946478429062	0.7142857142857143	baseline
P_LP.665	0.0	0.31550116689857355	0.08254930390065415	1.6211640849830484	0.3630801667673622	0.5166046745138538	0.6369198332326378	0.5166046745138538	0.5714285714285714	baseline
P_LP.666	0.0	0.6859094828379767	0.7568579293184862	1.4138759008615251	0.6815059956246555	0.5419428449835735	0.6815059956246555	0.5419428449835735	0.7142857142857143	endpoint
P_LP.667	0.0	0.4377015427967809	0.227162687086028	1.4772371218134124	0.3542639649028369	0.3694137601854179	0.645736035097163	0.6305862398145821	0.8571428571428571	baseline
P_LP.668	0.0	0.4398734349113476	1.0282580887172248	1.4443225479200708	0.3623235450232967	0.2648659063406646	0.6376764549767033	0.7351340936593354	0.7142857142857143	baseline
P_LP.669	0.0	0.6203261309800693	0.7044318439354507	1.5923346823658604	0.3379173638847424	0.23087816869534777	0.6620826361152576	0.7691218313046522	0.8571428571428571	baseline
P_LP.67	0.0	0.44128501995089386	0.7751085838297698	1.146387582854412	0.5747835345501849	0.6141751201161485	0.5747835345501849	0.6141751201161485	0.7142857142857143	endpoint
P_LP.670	0.0	0.22587253773756785	0.8756332982250571	1.3646200952953476	0.39638793724036153	0.28846225303622886	0.6036120627596384	0.7115377469637711	0.7142857142857143	baseline
P_LP.671	0.0	0.3409138215550592	0.6650633292876176	1.146089600739728	0.3551299817090524	0.356095649231356	0.6448700182909476	0.6439043507686439	0.7142857142857143	baseline
P_LP.672	0.0	0.5286043237905222	0.5713727986240341	1.4605938834811896	0.6229798463999013	0.5239184471476898	0.6229798463999013	0.5239184471476898	0.8571428571428571	endpoint
P_LP.673	0.14285714285714285	0.20173040835271713	0.9951802930843726	2.0547191060283483	0.3532720500184334	0.2470723586425102	0.6467279499815666	0.7529276413574898	0.5714285714285714	baseline
P_LP.674	0.0	0.0754108470452215	0.15995061187961135	1.5104483171748628	0.38819533382288374	0.4300371698546745	0.6118046661771163	0.5699628301453254	0.7142857142857143	baseline
P_LP.675	0.0	0.9180154416396855	1.1648168854589316	1.5608112359533308	0.21646178058739013	0.14065800136624418	0.7835382194126099	0.8593419986337558	0.8571428571428571	baseline
P_LP.676	0.0	0.21539374168173012	0.43113935316788754	1.2148950978567599	0.5790606633124437	0.5801129140055902	0.5790606633124437	0.5801129140055902	0.5714285714285714	endpoint
P_LP.677	0.0	0.7824219594870022	1.1540324980182992	1.4725961105684762	0.6998904755117054	0.7485685902455084	0.6998904755117054	0.7485685902455084	0.7142857142857143	endpoint
P_LP.678	0.0	0.8809685295964292	0.8886431955571007	1.3171781861544276	0.2029412880137815	0.15840865244402724	0.7970587119862185	0.8415913475559728	1.0	baseline
P_LP.679	0.0	0.29636171191836036	0.07992349544566382	1.6465643872975646	0.5476583163385033	0.6183326548928474	0.5476583163385033	0.6183326548928474	0.5714285714285714	endpoint
P_LP.68	0.0	1.0087230770558278	1.0536680732294181	1.767712754598305	0.7675418609559159	0.7046445755423448	0.7675418609559159	0.7046445755423448	1.0	endpoint
P_LP.681	0.0	0.5493127999611993	0.37706369091579856	1.6528228690543383	0.3264117206410796	0.31548788204450756	0.6735882793589204	0.6845121179554925	0.7142857142857143	baseline
P_LP.682	0.0	1.142967209818422	1.3810208382620042	1.8263215648630022	0.7768862737466247	0.7752599993666446	0.7768862737466247	0.7752599993666446	1.0	endpoint
P_LP.683	0.0	0.28631920772264785	0.5193425697051753	1.8265443123832061	0.40464808243472966	0.3653200758091493	0.5953519175652704	0.6346799241908507	0.5714285714285714	baseline
P_LP.684	0.0	0.2575072110180466	0.5947740695629832	1.78213681800492	0.41772766628983377	0.3352836658110204	0.5822723337101663	0.6647163341889796	0.5714285714285714	baseline
P_LP.685	0.0	0.22604097796579434	0.5533742613445356	1.3732853703758898	0.36535649154797484	0.3777320135489407	0.6346435084520252	0.6222679864510593	0.7142857142857143	baseline
P_LP.686	0.0	0.3801539060638101	0.3944781758821171	1.183127068616611	0.33694846496951547	0.3922553976766821	0.6630515350304845	0.607744602323318	0.8571428571428571	baseline
P_LP.687	0.0	0.8097090746693437	1.0882489626465066	1.644645285118096	0.6751859575329104	0.7965754662334493	0.6751859575329104	0.7965754662334493	0.8571428571428571	endpoint
P_LP.688	0.0	0.5097326710811486	0.6776665338626396	1.3196388131960892	0.3097303897945129	0.3311669693601793	0.690269610205487	0.6688330306398207	0.7142857142857143	baseline
P_LP.689	0.0	0.9839524115876879	1.1563212195559736	1.6824878422594787	0.7819184565516263	0.9502957275069376	0.7819184565516263	0.9502957275069376	0.8571428571428571	endpoint
P_LP.69	0.0	0.3913311249181312	0.5533806924310057	1.6215049529328782	0.5891976491925774	0.5806898094326133	0.5891976491925774	0.5806898094326133	0.5714285714285714	endpoint
P_LP.690	0.0	0.21687797205409476	0.590970552749715	1.4615566920306289	0.5565925674999268	0.6117299193138366	0.5565925674999268	0.6117299193138366	0.5714285714285714	endpoint
P_LP.691	0.0	0.4643351865963394	0.29398992590714473	1.5825745325909177	0.33765128024520596	0.3446488296971634	0.662348719754794	0.6553511703028366	1.0	baseline
P_LP.692	0.0	0.397124991644851	0.67361234775631	1.9638106838787603	0.38991591715369095	0.3320415245823799	0.610084082846309	0.6679584754176201	0.7142857142857143	baseline
P_LP.693	0.0	0.14907870886994795	0.5945506986133599	1.3045514703570489	0.44942551264417074	0.33531781834450464	0.5505744873558293	0.6646821816554953	0.5714285714285714	baseline
P_LP.694	0.0	0.857384973146168	0.7706083247955186	1.5807480524962154	0.22605271712376077	0.2151165562688314	0.7739472828762393	0.7848834437311686	1.0	baseline
P_LP.696	0.0	0.8894074418539597	0.7719204148296728	1.6162387694308382	0.22147340974942104	0.28080528326668575	0.7785265902505789	0.7191947167333143	1.0	baseline
P_LP.697	0.0	0.7884791125376113	0.893145185327597	1.600523418107876	0.22099123522011885	0.1692500593692047	0.7790087647798811	0.8307499406307953	1.0	baseline
P_LP.698	0.0	0.6292341049013483	0.9315317539446585	1.6835750312385458	0.2479982859830639	0.13948158307964437	0.7520017140169362	0.8605184169203557	0.8571428571428571	baseline
P_LP.699	0.0	1.1314994765143758	1.1605183858443584	1.5858116298052107	0.7896402407207411	0.8457796337657686	0.7896402407207411	0.8457796337657686	1.0	endpoint
P_LP.7	0.0	0.4513963628631906	0.8327174563560258	1.1603076251261442	0.6202684698962663	0.7116787335918192	0.6202684698962663	0.7116787335918192	0.7142857142857143	endpoint
P_LP.70	0.0	1.2262777540189922	1.3450095917173204	1.665810208428362	0.8302793073798581	0.8451952167782257	0.8302793073798581	0.8451952167782257	1.0	endpoint
P_LP.700	0.0	0.6858638894152899	0.7708863448204081	1.1196219992469918	0.26847796740491703	0.2857737672754838	0.731522032595083	0.7142262327245161	0.8571428571428571	baseline
P_LP.701	0.0	0.22918196712021524	0.3163134266553556	1.488693072133657	0.5345146495106199	0.47458533540649583	0.5345146495106199	0.5254146645935042	0.5714285714285714	endpoint
P_LP.702	0.0	0.43676912602701723	0.5712145594244746	1.4519286126286421	0.5760969416013213	0.7036248871705548	0.5760969416013213	0.7036248871705548	0.7142857142857143	endpoint
P_LP.703	0.0	0.09076728304859762	0.2056193487866952	1.8095699696833483	0.41685867250016295	0.4264349603356345	0.583141327499837	0.5735650396643655	0.7142857142857143	baseline
P_LP.704	0.0	0.5062073355770405	0.45586585101875704	1.5243074615028611	0.5899727799680338	0.6137524707758237	0.5899727799680338	0.6137524707758237	0.8571428571428571	endpoint
P_LP.705	0.0	0.22790182860063357	0.40089525138315374	1.6128576772643726	0.5766911286832027	0.4875175614011664	0.5766911286832027	0.5124824385988336	0.5714285714285714	endpoint
P_LP.706	0.0	0.3091062909579979	0.5523905756685782	1.7807312206151416	0.5332628610940142	0.5965107006373339	0.5332628610940142	0.5965107006373339	0.5714285714285714	endpoint
P_LP.707	0.0	0.5602987503128117	0.5332130851788157	1.4685685307783305	0.6634736876799036	0.6259628108960246	0.6634736876799036	0.6259628108960246	0.5714285714285714	endpoint
P_LP.708	0.0	0.3147307996613451	0.8125250863428993	1.5663500799853025	0.5443912859477126	0.5634604678516275	0.5443912859477126	0.5634604678516275	0.5714285714285714	endpoint
P_LP.709	0.0	0.13393883444474255	0.03554878770373822	1.4652058679483253	0.5197112978808321	0.4237961744986733	0.5197112978808321	0.5762038255013266	0.5714285714285714	endpoint
P_LP.71	0.0	1.0100783672815032	1.2170917523772002	1.662378563965108	0.2116220079822461	0.18047155700854356	0.7883779920177539	0.8195284429914564	0.8571428571428571	baseline
P_LP.710	0.0	0.9683672425392981	1.2348089565895453	1.769807983979821	0.7584933514864193	0.8502293259403688	0.7584933514864193	0.8502293259403688	0.7142857142857143	endpoint
P_LP.711	0.0	0.15584543395593473	0.47905194691228903	1.4658692225777101	0.44881653619574186	0.3740114317669383	0.5511834638042581	0.6259885682330617	0.5714285714285714	baseline
P_LP.712	0.0	0.3645698337428396	0.5589029434562448	1.0578275877838494	0.38142922615619146	0.326732227814721	0.6185707738438085	0.673267772185279	0.8571428571428571	baseline
P_LP.713	0.0	1.0414253312298702	1.0567911603913513	1.6302486831952767	0.7646990202103696	0.7717272932164013	0.7646990202103696	0.7717272932164013	1.0	endpoint
P_LP.714	0.0	0.1135773953859371	0.06844955062988105	1.8141899403725437	0.43798700426495835	0.40719161068130616	0.5620129957350417	0.5928083893186938	0.5714285714285714	baseline
P_LP.715	0.0	0.3710996441131809	0.42479145121364775	1.3708265713881385	0.37244170409210725	0.38800549235888115	0.6275582959078927	0.6119945076411188	0.8571428571428571	baseline
P_LP.716	0.0	1.0194125102504143	1.1527214094579743	1.793674820296626	0.7815551222100527	0.9777416530509618	0.7815551222100527	0.9777416530509618	0.8571428571428571	endpoint
P_LP.717	0.0	0.25856946931945657	0.030968540209340756	1.3230986762355081	0.404556567271882	0.4365114633116204	0.595443432728118	0.5634885366883796	0.7142857142857143	baseline
P_LP.718	0.0	0.5726300342951325	0.5303226898655413	1.7326062030140392	0.6403253312424232	0.6214411245382858	0.6403253312424232	0.6214411245382858	0.7142857142857143	endpoint
P_LP.719	0.0	0.1679571922396696	0.2354262224559761	1.4315628705698646	0.38254160990254915	0.35844887028664923	0.6174583900974508	0.6415511297133507	0.7142857142857143	baseline
P_LP.72	0.0	0.25210773548534166	0.6076979646654955	1.2393005387840899	0.5296354175324535	0.5367340891098541	0.5296354175324535	0.5367340891098541	0.7142857142857143	endpoint
P_LP.720	0.0	0.03701399452811711	0.26683874098183996	1.4313805831145836	0.5013390113484376	0.38535458101568454	0.5013390113484376	0.6146454189843155	0.7142857142857143	endpoint
P_LP.721	0.0	0.5809569401609511	0.7440248366397547	1.53810707199018	0.651565895577484	0.7122827515001711	0.651565895577484	0.7122827515001711	0.7142857142857143	endpoint
P_LP.723	0.0	0.3836945843665487	0.5122035217969133	1.8024746700123295	0.39317094108767037	0.33392386175321975	0.6068290589123296	0.6660761382467802	0.5714285714285714	baseline
P_LP.724	0.0	0.5872878522501833	0.9497204824295714	1.4661970038878724	0.6204874635512823	0.6308351732581092	0.6204874635512823	0.6308351732581092	0.8571428571428571	endpoint
P_LP.726	0.0	0.006817375201842819	0.4165885473063386	1.202429472119546	0.5046078708195931	0.5944673833883302	0.5046078708195931	0.5944673833883302	0.5714285714285714	endpoint
P_LP.727	0.0	0.009977241658613412	0.09930443786581246	1.1668211035802467	0.4293994683213064	0.5364496600278544	0.5706005316786936	0.5364496600278544	0.5714285714285714	baseline
P_LP.728	0.0	1.0073489838216727	1.1794407624142893	1.4241381406085885	0.17933913657080117	0.22292594133721866	0.8206608634291989	0.7770740586627813	1.0	baseline
P_LP.729	0.0	0.004424773621042512	0.09379486395358683	1.0291204322712701	0.48474564985881086	0.4749707914411359	0.5152543501411891	0.5250292085588641	0.7142857142857143	endpoint
P_LP.73	0.0	0.9951987008340691	1.0074517715365863	1.6746162015054193	0.7744553636523958	0.8365940558903413	0.7744553636523958	0.8365940558903413	0.8571428571428571	endpoint
P_LP.730	0.0	0.07509922270079113	0.04257550083544057	0.8340671556459718	0.47078576028523544	0.46816664449585055	0.5292142397147646	0.5318333555041495	0.5714285714285714	endpoint
P_LP.731	0.0	1.1316816503995817	1.0288401101862374	1.7093161324793456	0.779470178547386	0.7513162526754852	0.779470178547386	0.7513162526754852	1.0	endpoint
P_LP.732	0.0	0.5260411382648217	0.3501204585139376	1.5909712048211542	0.6411694209261295	0.5592715617735587	0.6411694209261295	0.5592715617735587	0.5714285714285714	endpoint
P_LP.733	0.0	0.8801297683097032	1.2229297995290893	1.812918924867185	0.6772499895130029	0.7411571387971385	0.6772499895130029	0.7411571387971385	0.7142857142857143	endpoint
P_LP.734	0.0	0.6210714637373597	0.695466984331343	1.4830977678261188	0.6312005617325883	0.6728496779502432	0.6312005617325883	0.6728496779502432	0.7142857142857143	endpoint
P_LP.735	0.0	0.0035638295569964396	0.12162654627716152	0.637749532290223	0.4870608770665408	0.43283275617810024	0.5129391229334592	0.5671672438218998	0.5714285714285714	baseline
P_LP.736	0.0	0.18467874338693013	0.02432544726369257	1.568519461056111	0.5409033013767595	0.4825982892195403	0.5409033013767595	0.5174017107804597	0.5714285714285714	endpoint
P_LP.737	0.0	0.6354994053363908	0.8086939572445119	1.3405223675231894	0.2966050999452237	0.2214695057249745	0.7033949000547763	0.7785304942750255	0.7142857142857143	baseline
P_LP.738	0.0	0.3634011515053598	0.9219318286638769	1.4504964424967783	0.34311946484926176	0.23298881088552992	0.6568805351507383	0.7670111891144701	0.7142857142857143	baseline
P_LP.739	0.0	0.0710342568228258	0.19191309929429815	1.3730985716269357	0.4531671996265426	0.5045306199565669	0.5468328003734574	0.5045306199565669	0.5714285714285714	baseline
P_LP.74	0.0	0.3440162305134863	0.5436868666674869	1.2272994166221534	0.5700305667921429	0.5552487274198877	0.5700305667921429	0.5552487274198877	0.7142857142857143	endpoint
P_LP.740	0.0	1.1725952493079894	1.3400347053916544	1.5447454460048406	0.13654297249816885	0.04644560366917226	0.8634570275018312	0.9535543963308277	1.0	baseline
P_LP.741	0.0	1.292763934469163	1.2514133931921185	1.6671931329344396	0.10133409067879894	0.03980366593472495	0.898665909321201	0.960196334065275	1.0	baseline
P_LP.742	0.0	0.6700979971614025	1.1177907114093388	1.3432315882963408	0.2434605362461664	0.19673461205989926	0.7565394637538336	0.8032653879401007	0.8571428571428571	baseline
P_LP.743	0.0	0.3622492287200617	0.3054490342073509	1.7581280799785652	0.5786930576750516	0.39762231412064086	0.5786930576750516	0.6023776858793591	0.5714285714285714	endpoint
P_LP.744	0.0	0.2574478642164218	0.23604052377405857	1.0260143913653015	0.5125147899572853	0.5457088863297073	0.5125147899572853	0.5457088863297073	0.5714285714285714	endpoint
P_LP.745	0.0	0.05434009491214072	0.5637898610330543	1.607152849344493	0.5180580274362295	0.39174413345460235	0.5180580274362295	0.6082558665453976	0.5714285714285714	endpoint
P_LP.746	0.14285714285714285	0.6580283226468904	1.017551504154671	2.1745857308533796	0.2908021778192826	0.10946942549928018	0.7091978221807174	0.8905305745007198	0.7142857142857143	baseline
P_LP.747	0.0	0.00608512387595171	0.058618838896041484	1.487772622915113	0.46733263897612404	0.43518485359811904	0.5326673610238759	0.5648151464018809	0.5714285714285714	baseline
P_LP.748	0.0	0.5009919640510329	1.0355810991413625	1.279651127407611	0.624272810506671	0.6218758543259832	0.624272810506671	0.6218758543259832	0.7142857142857143	endpoint
P_LP.749	0.0	0.2590003258716672	0.5689376038903818	1.1761953856815137	0.3744094771270698	0.35462160390768127	0.6255905228729302	0.6453783960923187	0.7142857142857143	baseline
P_LP.75	0.0	0.7368951896417719	1.0510531081526153	1.7549914482510465	0.6746580591306309	0.694553506685808	0.6746580591306309	0.694553506685808	0.7142857142857143	endpoint
P_LP.750	0.0	0.6911320881050385	0.9676137427867707	1.4506424263672149	0.28614623031352576	0.27827795649431775	0.7138537696864742	0.7217220435056823	0.8571428571428571	baseline
P_LP.751	0.0	0.3813748700488233	1.0887768268381781	1.3631241468054875	0.35897225792243476	0.18330238710521132	0.6410277420775652	0.8166976128947887	0.7142857142857143	baseline
P_LP.752	0.0	0.3570185320643455	0.4396464597121304	1.1844663207572474	0.5853505875232184	0.5698434482833923	0.5853505875232184	0.5698434482833923	0.5714285714285714	endpoint
P_LP.753	0.0	0.41573834016419314	0.8012538841308013	1.1519772992923025	0.5777893980146337	0.7076410422674475	0.5777893980146337	0.7076410422674475	0.5714285714285714	endpoint
P_LP.754	0.0	0.676191359166903	0.7920895832548747	1.7685149262350366	0.3049921224544719	0.18273362468220178	0.6950078775455282	0.8172663753177982	0.8571428571428571	baseline
P_LP.755	0.0	0.6034777676529723	0.525840472659245	1.5223040898548676	0.6753569785761641	0.6417113660919999	0.6753569785761641	0.6417113660919999	0.7142857142857143	endpoint
P_LP.756	0.0	0.11172411035884879	0.10905333984722591	1.9135397910428085	0.44631639225070685	0.4608433943827899	0.5536836077492931	0.5391566056172101	0.7142857142857143	endpoint
P_LP.757	0.0	0.2046396949114128	0.43515015710519483	1.3486994657852571	0.5348184961746388	0.5872362646533916	0.5348184961746388	0.5872362646533916	0.5714285714285714	endpoint
P_LP.758	0.0	0.39321078806658244	0.1302050848568638	1.665959085335852	0.5981134089613158	0.5054382841169739	0.5981134089613158	0.5054382841169739	0.5714285714285714	endpoint
P_LP.759	0.0	0.6254369546409629	0.7110353596493895	1.4715540277658115	0.6888545631826126	0.6489715084065701	0.6888545631826126	0.6489715084065701	0.7142857142857143	endpoint
P_LP.76	0.0	1.3070523659476667	1.1518621734112822	1.950180528912799	0.8406180988289753	0.8229496556034385	0.8406180988289753	0.8229496556034385	1.0	endpoint
P_LP.760	0.0	0.41983437388701705	0.8094787846755406	1.3959833773465076	0.5744649129907501	0.749622714121435	0.5744649129907501	0.749622714121435	0.5714285714285714	endpoint
P_LP.761	0.0	0.606818686716886	0.5663404870331058	1.270337893310079	0.30293453029805734	0.32294906448349253	0.6970654697019427	0.6770509355165075	1.0	baseline
P_LP.762	0.0	0.1427819739366278	0.17519456981712286	0.9496649841602737	0.510392647337447	0.5260113786901274	0.510392647337447	0.5260113786901274	0.5714285714285714	endpoint
P_LP.763	0.0	0.4926543335771663	0.8580679353977974	1.4188615054133775	0.36047254683289726	0.1712789138941287	0.6395274531671027	0.8287210861058714	0.7142857142857143	baseline
P_LP.764	0.0	0.6052754018928009	0.9971191490337452	1.1365145710995692	0.29559374643093456	0.2349630313108064	0.7044062535690654	0.7650369686891936	0.8571428571428571	baseline
P_LP.765	0.0	0.2161770480649771	0.2325566129031062	1.4023021822214772	0.4028539168041441	0.39066528028688813	0.5971460831958559	0.6093347197131118	0.5714285714285714	baseline
P_LP.766	0.0	0.7278512413460875	0.8824133996767521	1.6445525415175388	0.6642647734305959	0.677667835265519	0.6642647734305959	0.677667835265519	0.7142857142857143	endpoint
P_LP.767	0.0	0.34658532380915114	0.40101808834558594	1.4627858044988984	0.3540707924509782	0.33738880451877484	0.6459292075490217	0.6626111954812252	0.7142857142857143	baseline
P_LP.768	0.0	1.0588919417436524	1.1624928441931288	1.8829433659347539	0.7503848223264379	0.7395072614608813	0.7503848223264379	0.7395072614608813	0.8571428571428571	endpoint
P_LP.769	0.0	0.3667240346722548	0.35693152548067253	1.325912170299476	0.32813975205417617	0.31771054253591113	0.6718602479458238	0.6822894574640889	0.8571428571428571	baseline
P_LP.77	0.0	0.19109062282816744	0.5258644692665355	1.4720126147707913	0.47178256210283986	0.3399500990811833	0.5282174378971601	0.6600499009188168	0.5714285714285714	baseline
P_LP.770	0.0	0.6163570270057546	0.816769874450687	1.0943812745673132	0.6799124918237247	0.6535417027491119	0.6799124918237247	0.6535417027491119	0.8571428571428571	endpoint
P_LP.771	0.0	0.8417770644249147	0.7348680833242492	1.7036434172622166	0.21831196209293968	0.21598767887827697	0.7816880379070603	0.784012321121723	0.8571428571428571	baseline
P_LP.772	0.0	0.6803187896389867	0.6420792993797517	1.6872618785765428	0.2982932427793545	0.33884372640695026	0.7017067572206455	0.6611562735930497	0.8571428571428571	baseline
P_LP.773	0.0	0.27975077103491747	0.23796477370600144	1.5626237080548335	0.5306528792898452	0.528683837269699	0.5306528792898452	0.528683837269699	0.5714285714285714	endpoint
P_LP.774	0.0	0.2447194424845584	0.38064007830680435	1.2515204481134516	0.5180087285659822	0.551253497891804	0.5180087285659822	0.551253497891804	0.5714285714285714	endpoint
P_LP.775	0.0	0.09829188818611168	0.35045070432943953	1.270574413597237	0.5092030097207433	0.4668399872159532	0.5092030097207433	0.5331600127840468	0.5714285714285714	endpoint
P_LP.776	0.0	0.24889920368832844	0.3476284847800474	1.0443111470334274	0.5379817284825891	0.5613168518555871	0.5379817284825891	0.5613168518555871	0.5714285714285714	endpoint
P_LP.777	0.0	1.0594235734385886	1.2281198948475924	1.4485961760378119	0.7679603398798401	0.8020750670747785	0.7679603398798401	0.8020750670747785	1.0	endpoint
P_LP.778	0.0	0.32803170621445094	0.3294030545193485	1.162168910456025	0.5894882676966586	0.5305971582604723	0.5894882676966586	0.5305971582604723	0.5714285714285714	endpoint
P_LP.779	0.0	0.060910082531783837	0.04991838719347126	1.6738174056361732	0.4419034666418978	0.4665826620535016	0.5580965333581023	0.5334173379464984	0.5714285714285714	endpoint
P_LP.78	0.0	0.6471330855290444	0.7727608633840886	1.6599164784089373	0.6829505456850657	0.6982702121630037	0.6829505456850657	0.6982702121630037	0.8571428571428571	endpoint
P_LP.780	0.0	0.22352077377816987	0.25811346161560716	1.425375346856712	0.5367792772821781	0.5290121538989545	0.5367792772821781	0.5290121538989545	0.7142857142857143	endpoint
P_LP.781	0.0	0.4261813833021421	0.9427691866664424	1.7194583918636646	0.5508007346684372	0.6067547782886166	0.5508007346684372	0.6067547782886166	0.5714285714285714	endpoint
P_LP.782	0.0	0.29302670730513114	0.29779248697790756	1.465736598096784	0.5598165301519481	0.4942387650855339	0.5598165301519481	0.5057612349144661	0.5714285714285714	endpoint
P_LP.783	0.0	0.692721775686984	0.8989168338634935	1.6408483843404735	0.6517867465795868	0.8116560905345893	0.6517867465795868	0.8116560905345893	0.7142857142857143	endpoint
P_LP.784	0.14285714285714285	0.6801647567822217	0.8701755333281588	2.0197078776506716	0.31825725765086854	0.2014526294985225	0.6817427423491315	0.7985473705014775	0.7142857142857143	baseline
P_LP.785	0.0	0.005973081518860509	0.18446121595102488	1.4503355907956414	0.4763130214653491	0.4095831550926741	0.523686978534651	0.5904168449073259	0.5714285714285714	endpoint
P_LP.786	0.0	1.1467566863021552	1.2446194457559407	1.7288359570017207	0.15013651432913283	0.1044122806722073	0.8498634856708671	0.8955877193277927	1.0	baseline
P_LP.787	0.14285714285714285	0.9622596351917199	0.9226132066530377	2.1486641988950943	0.7406123032036335	0.7547445110257656	0.7406123032036335	0.7547445110257656	0.8571428571428571	endpoint
P_LP.788	0.0	0.5825624803435698	0.8417179652403355	1.4895806818096455	0.3324259728713163	0.27675046143569154	0.6675740271286836	0.7232495385643085	0.8571428571428571	baseline
P_LP.789	0.0	0.2956102127605112	0.17754264510071385	1.32633823371356	0.5616922902382646	0.48212896663377797	0.5616922902382646	0.517871033366222	0.5714285714285714	endpoint
P_LP.79	0.0	0.3110382812319538	0.23538773521730033	1.4644140075872252	0.5673247558761736	0.47105088497097547	0.5673247558761736	0.5289491150290245	0.5714285714285714	endpoint
P_LP.790	0.0	0.24425911329676664	0.4451684216479626	1.669594073758521	0.4260517022303751	0.2804051318700713	0.5739482977696249	0.7195948681299287	0.7142857142857143	baseline
P_LP.791	0.0	0.5163123690962841	0.6100344670599723	1.9814374399159367	0.3540743893103771	0.2434942785756714	0.645925610689623	0.7565057214243286	0.7142857142857143	baseline
P_LP.792	0.14285714285714285	0.6657682497700836	0.5714172832967089	2.0042339286432713	0.605034423638194	0.6360703923091714	0.605034423638194	0.6360703923091714	0.7142857142857143	endpoint
P_LP.793	0.0	0.8159139538822353	1.3185797043665748	1.6409659099222578	0.24093736134221364	0.14190769760813698	0.7590626386577863	0.858092302391863	0.8571428571428571	baseline
P_LP.794	0.0	0.6407846768103618	0.6600355988436059	1.4841933318363634	0.6310127277937557	0.6042344546359192	0.6310127277937557	0.6042344546359192	0.8571428571428571	endpoint
P_LP.795	0.0	0.7674208156489797	1.1209469232875575	1.634667098350028	0.7229552572553473	0.8323629273971291	0.7229552572553473	0.8323629273971291	0.5714285714285714	endpoint
P_LP.796	0.0	0.31773948617747555	0.34683313839126384	1.2909517875816978	0.396874937193566	0.3667879166218672	0.603125062806434	0.6332120833781327	0.8571428571428571	baseline
P_LP.797	0.0	0.892620753687032	1.1624910523742342	1.4759782183900134	0.7543905342983359	0.8312216149034497	0.7543905342983359	0.8312216149034497	0.7142857142857143	endpoint
P_LP.798	0.0	0.7426468326964738	0.5489016044171173	1.6044671227758476	0.2470616497371725	0.2418066742762106	0.7529383502628275	0.7581933257237894	0.8571428571428571	baseline
P_LP.799	0.0	0.11173005734098676	0.14644214934352415	1.9142886390904867	0.4838915351913898	0.44861268992066283	0.5161084648086103	0.5513873100793372	0.5714285714285714	endpoint
P_LP.8	0.0	0.291676817235302	0.729406583703527	1.8477572926525747	0.36210221187017233	0.3247795257639882	0.6378977881298277	0.6752204742360117	0.7142857142857143	baseline
P_LP.80	0.0	0.8392309993202868	1.2030252182218644	1.9202043759503975	0.6803212005708795	0.711129461537236	0.6803212005708795	0.711129461537236	0.7142857142857143	endpoint
P_LP.800	0.0	0.2911947576138703	0.7270908664715668	1.7272604688678879	0.5383088424413065	0.6623767482925202	0.5383088424413065	0.6623767482925202	0.5714285714285714	endpoint
P_LP.801	0.0	0.8256337980429461	1.3237801598643917	1.5864478249905873	0.21214635380611088	0.07393113855182828	0.7878536461938891	0.9260688614481717	0.8571428571428571	baseline
P_LP.802	0.0	0.05262555896802108	0.22928956984624604	0.9826085159039923	0.45266952919226344	0.4090634777647623	0.5473304708077366	0.5909365222352376	0.5714285714285714	baseline
P_LP.803	0.0	0.29037473705255057	0.27326913182404106	1.1750984192244884	0.37654185229232073	0.41840219993951694	0.6234581477076793	0.5815978000604831	0.7142857142857143	baseline
P_LP.804	0.0	1.1232253219845896	1.0491420708987562	1.685275643750781	0.14664238168662674	0.12150765510387998	0.8533576183133733	0.87849234489612	1.0	baseline
P_LP.805	0.0	0.35023016386579364	0.18897389594589661	1.2456388897346644	0.3853635113348376	0.38197335071986643	0.6146364886651624	0.6180266492801336	0.7142857142857143	baseline
P_LP.806	0.0	0.07081925644078002	0.3157634262959768	1.4813109241714921	0.48162603125146636	0.32855590766032877	0.5183739687485336	0.6714440923396712	0.5714285714285714	baseline
P_LP.807	0.0	0.14712180697757163	0.42662651482267866	1.6554129904541526	0.5713532176168735	0.6047944833545263	0.5713532176168735	0.6047944833545263	0.5714285714285714	endpoint
P_LP.808	0.0	0.03693831885955453	0.23778406145622152	1.1298448538595993	0.49670156409940985	0.5223261883527835	0.5032984359005901	0.5223261883527835	0.5714285714285714	endpoint
P_LP.809	0.0	0.6097802806423014	0.7869651989176134	1.2777575564803774	0.6484548320146909	0.6471123396291633	0.6484548320146909	0.6471123396291633	0.8571428571428571	endpoint
P_LP.81	0.0	0.8379897906309084	1.0851578132053623	1.4431703208883873	0.2600807381257152	0.194650927307804	0.7399192618742848	0.805349072692196	0.8571428571428571	baseline
P_LP.810	0.0	1.1977537097797415	1.2383188227530926	1.6672867203135557	0.12732087984218823	0.1596667841568587	0.8726791201578118	0.8403332158431414	1.0	baseline
P_LP.811	0.0	0.8879666923565609	1.334053061373205	1.977740415235595	0.2621393964442339	0.07576749898531367	0.7378606035557661	0.9242325010146863	0.8571428571428571	baseline
P_LP.812	0.0	0.48139829047514865	0.9959008377811144	1.7830888607387136	0.34368661339651746	0.14568032158559144	0.6563133866034825	0.8543196784144086	0.7142857142857143	baseline
P_LP.813	0.0	0.5679427906875875	1.1060249605158385	1.690140667559278	0.2876409277737011	0.1127594967518089	0.7123590722262989	0.8872405032481911	0.7142857142857143	baseline
P_LP.814	0.0	0.0864451847651575	0.15666186136892574	1.3527187033640138	0.43444636569311906	0.4022692871974511	0.565553634306881	0.5977307128025489	0.5714285714285714	baseline
P_LP.815	0.14285714285714285	0.040475851794986854	0.06032851892208888	2.237357623816321	0.4300674433827062	0.46567195868101774	0.5699325566172938	0.5343280413189823	0.5714285714285714	baseline
P_LP.816	0.0	0.791639406567863	1.006481603806498	1.4229481277846239	0.26523064038728567	0.20865913248706844	0.7347693596127143	0.7913408675129315	0.8571428571428571	baseline
P_LP.817	0.0	0.17892909337173374	0.225805312523616	1.6459875079345305	0.4376496674331371	0.358383148175576	0.5623503325668628	0.6416168518244241	0.7142857142857143	baseline
P_LP.818	0.0	0.376896125374783	0.9823680530636874	1.5349321548467534	0.3965764057755977	0.25044860875161407	0.6034235942244023	0.749551391248386	0.7142857142857143	baseline
P_LP.819	0.0	0.5919314581885583	0.37094265139035004	1.5317306669258872	0.6312189285045712	0.5573693722490703	0.6312189285045712	0.5573693722490703	0.7142857142857143	endpoint
P_LP.82	0.0	0.9123907503482582	1.138047045851241	1.3702186630642308	0.18428118643962418	0.1746250970359027	0.8157188135603758	0.8253749029640973	1.0	baseline
P_LP.820	0.0	0.3796836919279856	0.6705305967472578	1.6474117350260846	0.5668682967442077	0.5678052926655227	0.5668682967442077	0.5678052926655227	0.5714285714285714	endpoint
P_LP.821	0.0	0.15625194791634428	0.03642142810407609	1.1823749029045827	0.5287314542347135	0.48520759301915617	0.5287314542347135	0.5147924069808438	0.5714285714285714	endpoint
P_LP.822	0.0	0.48700923295767484	1.3948619867824061	1.7219698082681807	0.6205586760118175	0.6590853007385559	0.6205586760118175	0.6590853007385559	0.5714285714285714	endpoint
P_LP.823	0.0	0.6472947018420532	1.01305035758687	1.4611499987604868	0.660329439510815	0.624876372040492	0.660329439510815	0.624876372040492	0.5714285714285714	endpoint
P_LP.824	0.0	0.6470474246685304	0.9256833325151714	1.3631853796742102	0.6447644094338162	0.6062142473404143	0.6447644094338162	0.6062142473404143	0.8571428571428571	endpoint
P_LP.825	0.0	0.46799574029834884	0.3760248617056991	1.6593789112555783	0.33682021348525026	0.3117881894295924	0.6631797865147497	0.6882118105704076	0.8571428571428571	baseline
P_LP.826	0.14285714285714285	1.1553244648300958	1.321247698925181	2.1110630847839014	0.775475761763064	0.8388369722138876	0.775475761763064	0.8388369722138876	0.8571428571428571	endpoint
P_LP.827	0.0	0.2836602606754521	0.45798123342955416	1.0876028696249236	0.38863175525089677	0.29104131744600137	0.6113682447491032	0.7089586825539986	0.7142857142857143	baseline
P_LP.828	0.0	0.036254805850874816	0.23881649982436337	1.4518565117792808	0.4788703709862942	0.4087433002160838	0.5211296290137057	0.5912566997839162	0.7142857142857143	endpoint
P_LP.829	0.0	0.7181025207731093	0.8008570979656889	1.4006900009281802	0.6666041991360413	0.6501090527893731	0.6666041991360413	0.6501090527893731	0.8571428571428571	endpoint
P_LP.83	0.0	0.488854149949213	0.9583678109030325	1.7975066547048226	0.3628189858353932	0.27703457734488457	0.6371810141646068	0.7229654226551154	0.7142857142857143	baseline
P_LP.830	0.14285714285714285	1.0564008343299256	1.0305096961219442	2.0827375123863323	0.7403037176470165	0.7480657581855771	0.7403037176470165	0.7480657581855771	0.8571428571428571	endpoint
P_LP.831	0.0	0.26292822729707305	0.6903024579130688	1.3135959095353682	0.5215218417292992	0.5939025997869888	0.5215218417292992	0.5939025997869888	0.5714285714285714	endpoint
P_LP.832	0.0	0.36998506045947355	0.630934524918609	1.3280258641844154	0.31024772397402456	0.3681090636534699	0.6897522760259754	0.6318909363465302	0.5714285714285714	baseline
P_LP.833	0.0	0.11077594359109691	0.1990987962710793	1.3081100005960635	0.4428016294242421	0.3666669503159189	0.5571983705757579	0.6333330496840811	0.7142857142857143	baseline
P_LP.834	0.0	0.1553797264449732	0.1785645682729294	1.6914567156158222	0.43595647954122946	0.3853967870059652	0.5640435204587706	0.6146032129940349	0.5714285714285714	baseline
P_LP.835	0.0	0.6830583824602809	0.9175072158834178	1.2871229821016923	0.2633327174656034	0.19969709956827753	0.7366672825343966	0.8003029004317225	0.8571428571428571	baseline
P_LP.836	0.0	1.0698460181390883	1.259617369401662	1.8539210956396062	0.13489595764858398	0.036583144703614984	0.865104042351416	0.963416855296385	0.8571428571428571	baseline
P_LP.837	0.0	0.9797022317360662	1.0104377017953876	1.790256822175317	0.7459649926739192	0.833257269429526	0.7459649926739192	0.833257269429526	0.8571428571428571	endpoint
P_LP.838	0.0	0.35514598737122227	0.5314641755139559	1.8111724695839975	0.5885586823119937	0.6438039101590327	0.5885586823119937	0.6438039101590327	0.5714285714285714	endpoint
P_LP.839	0.0	0.46908056308199697	1.15565207900678	1.6051276344352632	0.6400709414241479	0.8236035543450341	0.6400709414241479	0.8236035543450341	0.5714285714285714	endpoint
P_LP.84	0.0	1.0561934743985661	1.1888545877776533	1.5222863905773618	0.15688801700048294	0.1489684498321945	0.8431119829995171	0.8510315501678055	1.0	baseline
P_LP.841	0.0	0.7842080379148152	1.123262310361014	1.2672653807966028	0.2679142964904628	0.2324624078834022	0.7320857035095372	0.7675375921165978	0.8571428571428571	baseline
P_LP.842	0.14285714285714285	0.778403275156924	1.3121797401518507	2.047031101904868	0.30427465689787353	0.1823905312525415	0.6957253431021264	0.8176094687474584	0.8571428571428571	baseline
P_LP.843	0.0	0.045009848923300635	0.2577666933231774	1.4882450351518997	0.5175188213943828	0.38681075884111193	0.5175188213943828	0.6131892411588881	0.5714285714285714	endpoint
P_LP.844	0.0	0.07176956922335301	0.20373246576022772	1.631209909660273	0.48595524016207614	0.43340241276782826	0.5140447598379239	0.5665975872321718	0.5714285714285714	baseline
P_LP.845	0.0	0.21604529969672517	0.2943252658770565	1.0173874241761427	0.5130159697056945	0.5436990992910742	0.5130159697056945	0.5436990992910742	0.7142857142857143	endpoint
P_LP.846	0.0	0.8603102684957544	1.0835026359538147	1.5476343362418064	0.25759454962665296	0.20145144658380731	0.742405450373347	0.7985485534161927	1.0	baseline
P_LP.847	0.0	0.5119504438324938	0.5124907342890526	1.370265277702625	0.5904695947645129	0.635730399007437	0.5904695947645129	0.635730399007437	0.7142857142857143	endpoint
P_LP.848	0.0	0.6268261234521252	0.48305928401979586	1.5626210927091273	0.664339470427791	0.6981598487052907	0.664339470427791	0.6981598487052907	0.8571428571428571	endpoint
P_LP.849	0.0	0.22078953038575838	0.4223551918193553	1.1146628724008822	0.38765032731371857	0.3862418627209933	0.6123496726862814	0.6137581372790066	0.7142857142857143	baseline
P_LP.85	0.0	1.1460106589687986	1.3755851120457196	1.9161854486377543	0.8107857804705488	0.8907038868611888	0.8107857804705488	0.8907038868611888	0.8571428571428571	endpoint
P_LP.850	0.0	0.19948647591648966	0.10080226848751685	1.5379943607857862	0.44711585297698486	0.45560616444228785	0.5528841470230151	0.5443938355577121	0.5714285714285714	baseline
P_LP.851	0.0	0.30601071119557627	0.25626028958578584	1.913735402479499	0.4137195764579226	0.359844094269833	0.5862804235420773	0.640155905730167	0.5714285714285714	baseline
P_LP.852	0.0	0.16550777006832743	0.022752356487670888	1.1884379348060146	0.4157576450245627	0.4354805326148051	0.5842423549754373	0.5645194673851949	0.7142857142857143	baseline
P_LP.853	0.0	0.2637612745769666	0.5784203202824616	1.3338475521679762	0.5350070854090956	0.6021257485131772	0.5350070854090956	0.6021257485131772	0.5714285714285714	endpoint
P_LP.854	0.0	0.49331176642730057	0.3445689062633476	1.2904242370604089	0.31399451879057516	0.3735390442831394	0.6860054812094248	0.6264609557168606	0.7142857142857143	baseline
P_LP.855	0.0	0.02604704055526636	0.21043659501361328	1.1395635533128836	0.48065542884731066	0.5000785344115809	0.5193445711526894	0.5000785344115809	0.5714285714285714	baseline
P_LP.856	0.0	0.03089843809062107	0.2380228271027328	1.7720358542714065	0.4687061564383917	0.3786471467607944	0.5312938435616084	0.6213528532392056	0.7142857142857143	baseline
P_LP.857	0.0	0.8837805738868562	0.9171630876017545	1.3234335000488597	0.2241119687394125	0.22387452491677864	0.7758880312605875	0.7761254750832214	1.0	baseline
P_LP.858	0.0	0.16574098453277877	0.8195306903193633	1.4937376980442727	0.5361313924332977	0.6028092997167029	0.5361313924332977	0.6028092997167029	0.5714285714285714	endpoint
P_LP.859	0.0	0.1759150014655551	0.26008615249843153	1.209702680453836	0.39996601324839437	0.37305608647230626	0.6000339867516056	0.6269439135276937	0.5714285714285714	baseline
P_LP.86	0.0	0.4321318918810713	0.729392631733195	1.1801997276835432	0.34431235791741166	0.28031514002874386	0.6556876420825883	0.7196848599712562	0.8571428571428571	baseline
P_LP.860	0.0	0.2908185172517467	0.06098099947895792	1.466872924262801	0.3679579963795524	0.4355460185953544	0.6320420036204476	0.5644539814046456	0.5714285714285714	baseline
P_LP.861	0.0	0.8120772318872482	1.3586728576445646	1.983190958423466	0.7056592285515705	0.8613476695790732	0.7056592285515705	0.8613476695790732	0.7142857142857143	endpoint
P_LP.862	0.0	1.1497483454171136	1.1543248645226822	1.4997778032086926	0.8167191509060227	0.8193276686120206	0.8167191509060227	0.8193276686120206	1.0	endpoint
P_LP.863	0.0	0.6366392984041905	0.9410255372689581	1.5749798076014674	0.6361775237357984	0.7203096457962368	0.6361775237357984	0.7203096457962368	0.7142857142857143	endpoint
P_LP.864	0.0	0.06341813750106585	0.02854339069617633	1.0011214918316726	0.5131925857883	0.43058643668924573	0.5131925857883	0.5694135633107542	0.5714285714285714	endpoint
P_LP.865	0.0	0.4771600616317445	0.6082265886089963	1.1415994662747462	0.6006755429114767	0.5192177016784741	0.6006755429114767	0.5192177016784741	0.5714285714285714	endpoint
P_LP.866	0.0	0.19136955696051455	0.3596586505019878	1.3826281165342884	0.4092620827912873	0.39976654712988446	0.5907379172087127	0.6002334528701155	0.8571428571428571	baseline
P_LP.867	0.0	0.6528978326408357	1.1076874290644259	1.6413780441411574	0.260211697989753	0.13416778930869008	0.7397883020102469	0.8658322106913099	0.8571428571428571	baseline
P_LP.868	0.0	0.4207010679088222	0.5522442286381279	1.5341552788265447	0.5905044834098456	0.5964791311542423	0.5905044834098456	0.5964791311542423	0.5714285714285714	endpoint
P_LP.869	0.0	0.24018043364642722	0.07130177998590358	1.5732064114009512	0.5258292427096618	0.5012198168993799	0.5258292427096618	0.5012198168993799	0.5714285714285714	endpoint
P_LP.87	0.14285714285714285	0.20327891068602938	0.619413050729532	2.0782986535805925	0.4004882322586584	0.28452749365106855	0.5995117677413415	0.7154725063489314	0.7142857142857143	baseline
P_LP.870	0.0	0.5630284800535097	0.9742211880538475	1.3954799136949958	0.33510499183589343	0.21886763400342837	0.6648950081641065	0.7811323659965717	0.8571428571428571	baseline
P_LP.871	0.0	0.42498326465461506	0.6592439717143658	1.214598704537278	0.3120282490083966	0.22731017820458815	0.6879717509916035	0.7726898217954119	0.7142857142857143	baseline
P_LP.872	0.0	0.1767127668894209	0.3945390035541991	1.4403446265632727	0.49393341833502047	0.4865457162835337	0.5060665816649795	0.5134542837164663	0.5714285714285714	endpoint
P_LP.873	0.0	0.1461157402135136	0.43624916713460293	1.2824811164095322	0.4064471250798845	0.38324470167549884	0.5935528749201155	0.6167552983245012	0.5714285714285714	baseline
P_LP.874	0.0	0.2687737532513348	0.20583956321138935	1.7943824804604758	0.3886616324504693	0.42637548959666627	0.6113383675495307	0.5736245104033337	0.7142857142857143	baseline
P_LP.875	0.0	0.55480753194921	0.5465979195948749	1.6424371070314383	0.6248459020420151	0.5952611285933274	0.6248459020420151	0.5952611285933274	0.7142857142857143	endpoint
P_LP.876	0.0	0.21097239381207625	0.1384830728992708	1.0403078070985932	0.5435182952949821	0.4713777775885957	0.5435182952949821	0.5286222224114043	0.5714285714285714	endpoint
P_LP.877	0.0	0.6782022223372197	0.8163558773079289	1.8234145433062456	0.2990624871021573	0.20219673713838215	0.7009375128978427	0.7978032628616178	0.7142857142857143	baseline
P_LP.878	0.0	0.44197715140091054	0.862489064750171	1.1049183974411863	0.33421610547873815	0.27687735239248973	0.6657838945212619	0.7231226476075103	0.8571428571428571	baseline
P_LP.879	0.0	0.21579845729936245	0.10188519191941658	1.6366211879834944	0.5206095937697772	0.5683822507084121	0.5206095937697772	0.5683822507084121	0.5714285714285714	endpoint
P_LP.88	0.0	0.36554903700442765	0.3422321488779269	1.8711462402174386	0.555312996235778	0.5743868188762888	0.555312996235778	0.5743868188762888	0.5714285714285714	endpoint
P_LP.880	0.0	0.04770396620979948	0.1693680872914121	1.1289172884070005	0.47370231969971693	0.47604672757547817	0.526297680300283	0.5239532724245218	0.5714285714285714	endpoint
P_LP.881	0.0	0.12016997967431846	0.5957665936282658	1.219373789211426	0.42284810165368114	0.31886365989576687	0.5771518983463189	0.6811363401042332	0.5714285714285714	baseline
P_LP.882	0.0	1.0067017058231238	1.236994989341646	1.7738202737841204	0.744534733517836	0.7531230928729774	0.744534733517836	0.7531230928729774	0.8571428571428571	endpoint
P_LP.883	0.0	0.4320279960428905	1.0832091086184172	1.170565948463306	0.6318070228513625	0.7799698636654748	0.6318070228513625	0.7799698636654748	0.5714285714285714	endpoint
P_LP.884	0.0	0.4943457328912749	0.45131041056449545	1.7647640454825222	0.6135336991471124	0.5331029099894575	0.6135336991471124	0.5331029099894575	0.5714285714285714	endpoint
P_LP.885	0.0	0.04842070575191842	0.2791021251078745	1.4879597901272301	0.5110438174463242	0.38354865582522724	0.5110438174463242	0.6164513441747728	0.5714285714285714	endpoint
P_LP.886	0.0	0.5384237076903454	0.8140502375530602	1.5163265185611865	0.27270248668252484	0.2122811298081247	0.7272975133174752	0.7877188701918754	0.7142857142857143	baseline
P_LP.887	0.0	1.0407521313515102	0.8697281254300174	1.9148409964475723	0.18755024809896456	0.25732786995234613	0.8124497519010354	0.7426721300476539	1.0	baseline
P_LP.888	0.0	1.1078733572642547	1.3359096379954345	1.740440587311786	0.7840485864663223	0.7998492042623634	0.7840485864663223	0.7998492042623634	0.8571428571428571	endpoint
P_LP.889	0.0	0.7685919224517684	0.6755972384347227	1.423661496644097	0.7097703384669652	0.6644148370212589	0.7097703384669652	0.6644148370212589	1.0	endpoint
P_LP.89	0.14285714285714285	0.9061710665033148	1.4872104087119546	2.103560910376711	0.7474555802690376	0.9100545988552196	0.7474555802690376	0.9100545988552196	0.7142857142857143	endpoint
P_LP.890	0.0	0.8982951703155353	0.8524467807215742	1.5851117347182822	0.7398587059361341	0.7285346708815211	0.7398587059361341	0.7285346708815211	1.0	endpoint
P_LP.891	0.0	0.1822204861084264	0.11004934683890195	1.757554134434222	0.5515801035561818	0.45569869655831685	0.5515801035561818	0.5443013034416831	0.7142857142857143	endpoint
P_LP.892	0.0	0.7152279061213153	1.434471862955391	1.6697774112699073	0.6858898857735004	0.9256215601177857	0.6858898857735004	0.9256215601177857	0.7142857142857143	endpoint
P_LP.893	0.0	1.0304444095289298	1.2520520259007395	1.4168361075987679	0.18381812189519706	0.2072624868220165	0.8161818781048029	0.7927375131779835	1.0	baseline
P_LP.894	0.0	0.466604191685598	0.5572597779395547	1.4297438255645587	0.6155208078756977	0.6093413173724791	0.6155208078756977	0.6093413173724791	0.8571428571428571	endpoint
P_LP.895	0.0	0.6418175182844709	0.762545556271144	1.2362577463617064	0.29512458321423585	0.2306039175575086	0.7048754167857642	0.7693960824424915	1.0	baseline
P_LP.896	0.14285714285714285	1.0952147314520415	1.4370889640728048	2.0506105738023477	0.7791257652392856	0.8904199044817369	0.7791257652392856	0.8904199044817369	0.8571428571428571	endpoint
P_LP.897	0.14285714285714285	1.0981936857878165	1.1304646747598086	2.05424507350555	0.7598231378699559	0.7029517004554029	0.7598231378699559	0.7029517004554029	0.8571428571428571	endpoint
P_LP.898	0.0	0.9405305841817108	1.1373406643906139	1.2504970676669205	0.18063725025608662	0.16241559410603365	0.8193627497439133	0.8375844058939663	1.0	baseline
P_LP.899	0.0	0.47862213436784157	0.8731755256286665	1.5343226084948478	0.5582958271852636	0.6069478529203306	0.5582958271852636	0.6069478529203306	0.7142857142857143	endpoint
P_LP.9	0.0	1.1744678790083773	1.1485851438805836	1.7466433093050069	0.8207380437237373	0.9241246000662109	0.8207380437237373	0.9241246000662109	1.0	endpoint
P_LP.90	0.0	0.2452107536969151	0.6127289357799565	1.2568762549811727	0.4234695910663544	0.3031877500862717	0.5765304089336456	0.6968122499137284	0.7142857142857143	baseline
P_LP.900	0.0	0.12962710082091997	0.2980575401590388	1.64675253051058	0.4020852764992676	0.3860674711154092	0.5979147235007324	0.6139325288845908	0.7142857142857143	baseline
P_LP.901	0.0	0.47620152154571166	1.0266294807159855	1.5665021814760414	0.3075851426147783	0.242753995825857	0.6924148573852217	0.757246004174143	0.7142857142857143	baseline
P_LP.902	0.0	0.39392021337298794	0.14784562482231317	1.7062400551659598	0.5943517609481775	0.5010618871552558	0.5943517609481775	0.5010618871552558	0.5714285714285714	endpoint
P_LP.903	0.0	1.060135928801878	1.2261114528684713	1.6124098759224428	0.786221154121176	0.8336134555806324	0.786221154121176	0.8336134555806324	1.0	endpoint
P_LP.904	0.0	0.3791468799375474	0.3603333737200611	1.248894923169546	0.35124211287605406	0.31197171367644705	0.6487578871239459	0.688028286323553	0.7142857142857143	baseline
P_LP.905	0.0	0.6714919828808219	0.8482074273996071	1.6186967323902248	0.6892894836699895	0.7230831984601843	0.6892894836699895	0.7230831984601843	0.7142857142857143	endpoint
P_LP.906	0.0	0.39566792961735636	0.5765003980820436	1.4630380873108069	0.6177500344737855	0.6017115894335107	0.6177500344737855	0.6017115894335107	0.5714285714285714	endpoint
P_LP.907	0.0	0.30963568415636594	0.17922749701659518	1.5852654444938703	0.5903119520617851	0.5303660554094343	0.5903119520617851	0.5303660554094343	0.5714285714285714	endpoint
P_LP.908	0.0	0.7988413781302733	1.1868486855598925	1.534622934418538	0.6806124663281174	0.7391995999013328	0.6806124663281174	0.7391995999013328	0.8571428571428571	endpoint
P_LP.909	0.0	0.09711048509217424	0.1415892617893509	1.4644790897205817	0.47903066925750404	0.5403596757144197	0.520969330742496	0.5403596757144197	0.5714285714285714	endpoint
P_LP.91	0.0	0.9262184430349997	1.2112298013630063	1.769381270036242	0.7146935567211135	0.8225710488967993	0.7146935567211135	0.8225710488967993	0.8571428571428571	endpoint
P_LP.910	0.0	1.0917884067020789	1.2962818669359917	1.3555464070176302	0.1673490104938534	0.11750622263097857	0.8326509895061466	0.8824937773690215	0.8571428571428571	baseline
P_LP.911	0.0	0.8645295168542292	0.8395199693936345	1.9248752584115174	0.23823057693416194	0.18142378589113284	0.7617694230658381	0.8185762141088672	0.8571428571428571	baseline
P_LP.912	0.0	0.13578220218500295	0.3616269484564211	1.586700262452779	0.5412558664801558	0.5412167338601613	0.5412558664801558	0.5412167338601613	0.5714285714285714	endpoint
P_LP.914	0.0	0.2750283849607173	0.6398387294337462	1.415781737731012	0.5857721591888855	0.6896265585650977	0.5857721591888855	0.6896265585650977	0.5714285714285714	endpoint
P_LP.915	0.0	0.3178964807898859	0.5199003282783694	1.379707461292377	0.543792673602994	0.5895020151008377	0.543792673602994	0.5895020151008377	0.5714285714285714	endpoint
P_LP.916	0.0	0.8458249278737897	0.9300025181518058	1.3247712093930395	0.22662559355317638	0.2305976821651443	0.7733744064468236	0.7694023178348557	1.0	baseline
P_LP.917	0.14285714285714285	0.5554253556681009	0.6327490724748756	2.261668460461011	0.6010869468115355	0.6246887413424032	0.6010869468115355	0.6246887413424032	0.7142857142857143	endpoint
P_LP.918	0.0	0.37285999678618226	0.38703414220282184	1.0896243980185973	0.5841785424114606	0.5608405738550027	0.5841785424114606	0.5608405738550027	0.5714285714285714	endpoint
P_LP.919	0.0	0.5283896590375621	0.1963038208359767	1.6584156481729557	0.31172170972541074	0.37339793238931895	0.6882782902745892	0.626602067610681	0.7142857142857143	baseline
P_LP.92	0.0	0.3675788579563518	0.6211394470135131	1.2889861674911116	0.3548794965896206	0.3142202980490174	0.6451205034103794	0.6857797019509826	0.7142857142857143	baseline
P_LP.920	0.0	1.0323093838791821	1.2259855530974981	1.7153953495623524	0.19674913133218702	0.04091930306798627	0.803250868667813	0.9590806969320137	0.8571428571428571	baseline
P_LP.921	0.0	0.8034008145536692	1.0564446290205198	1.261954922527588	0.21075775261232882	0.1795244540071067	0.7892422473876712	0.8204755459928933	0.8571428571428571	baseline
P_LP.922	0.0	0.19275570153888663	0.28244850653153913	1.6601694899378208	0.3982005943075317	0.4056866065811627	0.6017994056924683	0.5943133934188374	0.7142857142857143	baseline
P_LP.923	0.0	0.1250176681006762	0.382757573833294	1.275047114816388	0.45315602135100136	0.3682013304078333	0.5468439786489987	0.6317986695921667	0.7142857142857143	baseline
P_LP.924	0.0	0.22897396713431536	0.8199173682210953	1.334694869196666	0.46349462654532225	0.2605386653349034	0.5365053734546777	0.7394613346650967	0.5714285714285714	baseline
P_LP.925	0.0	0.666103731423072	1.0362367700602386	1.4994354134099421	0.3046747178621437	0.2531076050913926	0.6953252821378564	0.7468923949086075	0.8571428571428571	baseline
P_LP.926	0.0	0.7796608929575609	0.9126580693118893	1.7590220713493658	0.27773708286530707	0.15023993524508705	0.7222629171346929	0.849760064754913	0.7142857142857143	baseline
P_LP.927	0.0	0.15300837423988803	0.11088342941712671	1.4232402261996038	0.4334166629704369	0.4092686281266347	0.5665833370295631	0.5907313718733653	0.5714285714285714	baseline
P_LP.928	0.0	0.6006689479842569	0.7763123272822732	1.6336200619116863	0.639806459141451	0.6759963024344409	0.639806459141451	0.6759963024344409	0.7142857142857143	endpoint
P_LP.929	0.0	0.11668313569821387	0.13799242452362143	1.497040955189259	0.5044030097843019	0.444698174317455	0.5044030097843019	0.555301825682545	0.5714285714285714	endpoint
P_LP.93	0.0	0.20603472632634506	0.20583089596842014	1.1000472169572475	0.4267708122575548	0.3841028897083138	0.5732291877424451	0.6158971102916861	0.7142857142857143	baseline
P_LP.930	0.0	0.18471812620266043	0.00592025990963856	1.460851953956916	0.5255923533215896	0.44217632247723504	0.5255923533215896	0.557823677522765	0.5714285714285714	endpoint
P_LP.931	0.0	0.40518416728465984	1.069328930846536	1.6616851326389983	0.38440586444093094	0.21132795316106268	0.6155941355590691	0.7886720468389373	0.7142857142857143	baseline
P_LP.932	0.0	0.32278704034299854	0.34844573822745367	1.587950240744362	0.5915039278961683	0.7128530766812662	0.5915039278961683	0.7128530766812662	0.5714285714285714	endpoint
P_LP.933	0.0	0.22109232130691242	0.4715117591652186	1.465438528418644	0.560397632096042	0.5366413196065433	0.560397632096042	0.5366413196065433	0.5714285714285714	endpoint
P_LP.934	0.0	1.0497897205491922	1.1561058920587806	1.8378527004466634	0.7749194609283843	0.7323658720152658	0.7749194609283843	0.7323658720152658	0.8571428571428571	endpoint
P_LP.935	0.0	0.39359468510151324	0.2697095300725944	1.3371316370899193	0.3541554565836327	0.38767749680737146	0.6458445434163673	0.6123225031926285	0.8571428571428571	baseline
P_LP.936	0.0	0.9004165308221571	1.1086250345987783	1.3083738242165703	0.19113169356782986	0.15431484449145771	0.8088683064321701	0.8456851555085423	1.0	baseline
P_LP.937	0.0	0.1459961697687112	0.6954391817052641	1.4869293205535672	0.4139998111343031	0.30792832390799657	0.5860001888656969	0.6920716760920034	0.7142857142857143	baseline
P_LP.938	0.14285714285714285	0.6797432007558953	1.3097768718934208	2.0339918893422517	0.3143312935737978	0.19800566524321847	0.6856687064262021	0.8019943347567815	0.7142857142857143	baseline
P_LP.939	0.0	0.0181338216556522	0.4691236695941942	1.5108919690366678	0.4487750940440972	0.5021580891123262	0.5512249059559028	0.5021580891123262	0.5714285714285714	baseline
P_LP.94	0.14285714285714285	0.6641190034602633	1.0415920476220075	2.0643522428275722	0.6292955840296381	0.6193036726509104	0.6292955840296381	0.6193036726509104	0.7142857142857143	endpoint
P_LP.940	0.0	0.638035238054269	0.8035142182567568	1.3036496377026665	0.27460570505993365	0.3073606309074585	0.7253942949400664	0.6926393690925414	0.8571428571428571	baseline
P_LP.941	0.0	0.6935613383957585	0.7880714753808472	1.3276956111472151	0.2662173046833573	0.18494118334196072	0.7337826953166426	0.8150588166580393	0.8571428571428571	baseline
P_LP.942	0.0	0.399858555817188	1.085754203234726	1.7118364408217883	0.5345763995132335	0.6084418619916376	0.5345763995132335	0.6084418619916376	0.5714285714285714	endpoint
P_LP.943	0.0	0.1703059835337366	0.3897924703373187	1.3171645663927936	0.4881623526381525	0.5614355910079649	0.5118376473618476	0.5614355910079649	0.5714285714285714	endpoint
P_LP.944	0.0	0.36583651568705805	0.4720979723664644	1.5206008166086378	0.401420882038019	0.35404035518483284	0.598579117961981	0.6459596448151672	0.7142857142857143	baseline
P_LP.945	0.0	0.9075950387754335	1.1612187294923002	1.5752546136340295	0.16645729963336112	0.05655355301851056	0.8335427003666389	0.9434464469814894	0.8571428571428571	baseline
P_LP.946	0.0	0.627182494426113	0.7738179814301034	1.6709971572444617	0.3161625855359157	0.2810173659320897	0.6838374144640843	0.7189826340679103	0.8571428571428571	baseline
P_LP.947	0.0	0.09991241559016366	0.45060267915369834	1.0313014318519167	0.44967862333468933	0.3573269003799005	0.5503213766653107	0.6426730996200996	0.5714285714285714	baseline
P_LP.948	0.0	0.10736573220934541	0.58936938982821	1.2460124292796688	0.4675439318405981	0.336110019935962	0.5324560681594019	0.663889980064038	0.5714285714285714	baseline
P_LP.949	0.0	0.567971155520307	1.0215068591853804	1.2908017459934993	0.288574095372331	0.20609774479791382	0.711425904627669	0.7939022552020862	0.8571428571428571	baseline
P_LP.95	0.0	0.03567895263361146	0.42285122620078747	1.4960833824979527	0.4368912686683862	0.3674703049674793	0.5631087313316139	0.6325296950325208	0.5714285714285714	endpoint
P_LP.951	0.0	0.9129439456935459	0.9531764948305476	1.5651986311826045	0.23007426114708354	0.18690959393409198	0.7699257388529165	0.813090406065908	0.8571428571428571	baseline
P_LP.952	0.0	0.018494808466485484	0.22462104252272755	1.6717596736996923	0.4598911523625429	0.5179971136932784	0.5401088476374571	0.5179971136932784	0.5714285714285714	baseline
P_LP.953	0.0	0.5162749047837879	1.0053964196293066	1.7859240936613014	0.33362478264805057	0.23629765069537026	0.6663752173519495	0.7637023493046298	0.7142857142857143	baseline
P_LP.954	0.0	0.8042621211092609	1.1262725785355718	1.8542101100487984	0.6588259965514697	0.7097236470958388	0.6588259965514697	0.7097236470958388	0.8571428571428571	endpoint
P_LP.955	0.0	0.596845125170051	0.6486476271177247	1.6212444421498917	0.6564484041328486	0.6170211213760964	0.6564484041328486	0.6170211213760964	0.8571428571428571	endpoint
P_LP.956	0.0	0.6424330538272149	1.2836300611980025	1.6851121124984716	0.33598721778735025	0.21531946498370386	0.6640127822126498	0.7846805350162962	0.7142857142857143	baseline
P_LP.957	0.0	0.22739059649403326	0.544819386096124	1.2753730176930913	0.4029605896747332	0.359824303726816	0.5970394103252668	0.6401756962731839	0.7142857142857143	baseline
P_LP.958	0.0	0.32347485082244304	0.9815742235080966	1.5581318042648404	0.5240522480351639	0.5766838548005759	0.5240522480351639	0.5766838548005759	0.7142857142857143	endpoint
P_LP.959	0.0	0.13740506596066582	0.3405436780349237	1.485935557377744	0.40841753438006406	0.3227937096724639	0.591582465619936	0.6772062903275361	0.5714285714285714	baseline
P_LP.96	0.0	0.5703209576650028	0.9061961550931589	1.3649388330787273	0.6418140974695948	0.7486440482077122	0.6418140974695948	0.7486440482077122	0.7142857142857143	endpoint
P_LP.960	0.0	0.6099761143566695	0.7812778522934114	1.4813335601244804	0.32893759589622196	0.2347199812482814	0.671062404103778	0.7652800187517186	0.7142857142857143	baseline
P_LP.961	0.0	0.2317199375512971	0.12921997408970964	1.326712982919507	0.5326669752105838	0.615033369263822	0.5326669752105838	0.615033369263822	0.5714285714285714	endpoint
P_LP.962	0.0	0.19493830146450675	0.01601487899623411	1.6102717960020598	0.44301649799073434	0.47389621139908356	0.5569835020092657	0.5261037886009164	0.5714285714285714	baseline
P_LP.963	0.0	0.4674632295228581	1.212208263165135	1.6238965544898145	0.5512172218846433	0.6745096166618747	0.5512172218846433	0.6745096166618747	0.7142857142857143	endpoint
P_LP.964	0.0	0.27485327147778954	0.03806578641230234	1.40821774098051	0.41441272085518077	0.48435826761877304	0.5855872791448192	0.515641732381227	0.7142857142857143	baseline
P_LP.965	0.0	0.06073168069223394	0.819080346681449	1.4243236851457846	0.5186672173092987	0.6824848010564298	0.5186672173092987	0.6824848010564298	0.5714285714285714	endpoint
P_LP.966	0.0	0.6373535505811333	0.8594000993984315	1.6707395688236226	0.6228102311599037	0.7267642622774649	0.6228102311599037	0.7267642622774649	0.5714285714285714	endpoint
P_LP.967	0.0	0.12223862761095251	0.192473943409017	1.5839119680014648	0.43112513273078984	0.4083110765528248	0.5688748672692101	0.5916889234471752	0.7142857142857143	baseline
P_LP.968	0.0	0.7836237555076301	0.8383088748371503	1.3399307750009433	0.2315448435191441	0.2748571433636628	0.7684551564808559	0.7251428566363372	1.0	baseline
P_LP.969	0.0	0.032598123349709754	0.07748092094535945	1.2468206631587833	0.4874365565729312	0.41437573937347716	0.5125634434270687	0.5856242606265228	0.7142857142857143	baseline
P_LP.97	0.14285714285714285	0.48870066782953253	0.8255752654045228	2.005923554223948	0.6247104849844636	0.7156398969289961	0.6247104849844636	0.7156398969289961	0.5714285714285714	endpoint
P_LP.970	0.0	0.19821387073058153	0.8759459372825639	1.2213857702222204	0.5027269310008581	0.560150929725217	0.5027269310008581	0.560150929725217	0.5714285714285714	endpoint
P_LP.971	0.0	0.5852757650701462	0.5338334222110991	1.864569228009624	0.6623756141324162	0.6515253673212469	0.6623756141324162	0.6515253673212469	0.7142857142857143	endpoint
P_LP.972	0.0	0.1873489732994575	0.4136632068030384	1.256003709787205	0.48791352215820966	0.5567328931962092	0.5120864778417904	0.5567328931962092	0.5714285714285714	endpoint
P_LP.973	0.0	0.08181913131256995	0.11828222431731703	1.6475495824914637	0.4981057111395903	0.410482363840655	0.5018942888604097	0.589517636159345	0.7142857142857143	endpoint
P_LP.974	0.0	0.7719349841862442	0.9082881472628298	1.7236516222631373	0.27336172884245463	0.1976427403160049	0.7266382711575454	0.8023572596839951	0.8571428571428571	baseline
P_LP.975	0.0	0.2752032765117881	0.3657693750895688	1.3308381126636009	0.38232488903727957	0.31496922664079696	0.6176751109627204	0.685030773359203	0.8571428571428571	baseline
P_LP.976	0.0	0.26178103640588163	0.6527306838510394	1.2974910761903116	0.5855811126510524	0.6889264066895864	0.5855811126510524	0.6889264066895864	0.5714285714285714	endpoint
P_LP.977	0.0	0.34318127429224315	0.6744600781786976	1.3487549626888913	0.39526861686150117	0.2998206176373028	0.6047313831384988	0.7001793823626972	0.7142857142857143	baseline
P_LP.978	0.0	0.7488961102450766	1.189695603300158	1.6950707534105838	0.2914752443782798	0.1732339271643274	0.7085247556217202	0.8267660728356726	0.7142857142857143	baseline
P_LP.979	0.0	0.17416516902400833	0.6691630490540192	1.2466406577122804	0.5300185029882475	0.6362732361070287	0.5300185029882475	0.6362732361070287	0.5714285714285714	endpoint
P_LP.98	0.0	0.6441826349194182	0.6584826389448465	1.9073739562953993	0.32281328885802424	0.2578722867679007	0.6771867111419758	0.7421277132320994	0.8571428571428571	baseline
P_LP.980	0.0	0.4138169977474076	0.4483647905626896	1.4746580292161133	0.6043953352294781	0.5219100918043319	0.6043953352294781	0.5219100918043319	0.7142857142857143	endpoint
P_LP.981	0.0	0.26484674287212634	0.8026552920122819	1.578382647882341	0.3890189528399504	0.3076629748402063	0.6109810471600496	0.6923370251597937	0.7142857142857143	baseline
P_LP.982	0.0	0.7407010936625712	0.8462443414642425	1.403420050636175	0.24544367501598457	0.23469906088533124	0.7545563249840155	0.7653009391146688	1.0	baseline
P_LP.983	0.0	0.7206892877977593	0.9530868582757108	1.9878817885069346	0.6759378240798657	0.724050815023489	0.6759378240798657	0.724050815023489	0.7142857142857143	endpoint
P_LP.984	0.0	0.2539220724525345	0.47928740674133674	1.2712791820304323	0.5341625757211352	0.5770881459280414	0.5341625757211352	0.5770881459280414	0.5714285714285714	endpoint
P_LP.985	0.0	0.5026632237965841	0.5739084737026442	1.6612816657035416	0.2928640732851838	0.3535493047977795	0.7071359267148162	0.6464506952022204	0.7142857142857143	baseline
P_LP.986	0.0	0.05779951968391761	0.12404091218817702	1.3104975874585534	0.5053936485850932	0.4451876294849786	0.5053936485850932	0.5548123705150214	0.5714285714285714	endpoint
P_LP.987	0.0	0.603172718924944	0.7529573792462211	1.7498090157837758	0.7009445770362513	0.8095793944214268	0.7009445770362513	0.8095793944214268	0.7142857142857143	endpoint
P_LP.988	0.0	0.2800783083471731	0.6002994763508658	1.6393012470597348	0.36499662322979615	0.3788926683267143	0.6350033767702039	0.6211073316732857	0.7142857142857143	baseline
P_LP.99	0.0	0.5530457670916753	1.0251442798839412	1.394288016336274	0.6662833749482654	0.7464015184136833	0.6662833749482654	0.7464015184136833	0.5714285714285714	endpoint
P_LP.990	0.0	0.792048953893902	1.0641245961975165	1.653160092298432	0.6713685638205634	0.7013342049630046	0.6713685638205634	0.7013342049630046	0.8571428571428571	endpoint
P_LP.991	0.0	0.11806263590734496	0.33896315810606337	1.4546072008168793	0.5073052138209306	0.33264464297462115	0.5073052138209306	0.6673553570253788	0.5714285714285714	endpoint
P_LP.992	0.0	0.6419745586176404	1.1334953657101867	1.171403972744903	0.26657893854098674	0.17585431615681826	0.7334210614590133	0.8241456838431818	0.7142857142857143	baseline
P_LP.993	0.0	0.4248016690270121	0.5317957896155787	1.1222051660772807	0.6191326873817437	0.5920680635160053	0.6191326873817437	0.5920680635160053	0.7142857142857143	endpoint
P_LP.994	0.0	0.18400720466862072	0.538824611510427	1.6715202620658067	0.4860631036308221	0.5086064142629559	0.5139368963691779	0.5086064142629559	0.5714285714285714	endpoint
P_LP.995	0.0	0.3710517507659034	0.2954408828832579	1.1222576172372756	0.3601368856389952	0.336117796818409	0.6398631143610047	0.663882203181591	0.8571428571428571	baseline
P_LP.997	0.0	0.14137593803404222	0.4285528891043715	1.4862287149042657	0.4836680490441781	0.3662299015530088	0.516331950955822	0.6337700984469912	0.5714285714285714	baseline
P_LP.998	0.0	0.016281431414299323	0.414424521264057	1.410209841246634	0.5112604230013796	0.38795263996894946	0.5112604230013796	0.6120473600310505	0.5714285714285714	endpoint
P_LP.999	0.0	0.09196162211461337	0.045475773293478766	1.534924192786813	0.4402658387405167	0.4192691996855351	0.5597341612594833	0.5807308003144649	0.7142857142857143	baseline
