0.0
-0.08725041419297236
0.0
0.0
0.0
0.0
1.8290313542012626
1.7323891564135308
4.325546668112149
0.0
0.0
0.0
0.0
0.0
0.0
0.0
0.0
0.0
0.0
0.0
0.0
0.0
0.0
0.0
0.0
0.0
1.873921934844169
0.0
0.0
0.0
0.0
0.0
0.0
0.0
0.0
0.0
0.0
0.0
0.0
0.0
6.055324159659959
0.0
-1.1618461673276719
0.0
0.0
2.959450069499909
0.0
0.0
0.0
0.0
0.0
0.0
0.0
0.0
0.0
0.0
0.0
-0.5436958273940931
0.0
0.0
5.02112746143159
0.0
0.0
0.0
0.0
0.0
1.4122666769389673
0.0
0.0
0.0
0.0
0.0
0.0
0.0
0.0
0.0
0.0
0.0
0.0
0.0
0.0
0.0
0.0
6.328293456673248
0.0
0.0
0.0
0.0
0.0
0.0
0.0
0.0
0.0
-1.8665916354870067
0.0
0.0
0.0
0.0
1.0764391339722925
0.0
0.0
1.073257294059344
0.0
-2.097187611832553
0.0
0.0
0.0
0.0
0.0
0.0
0.0
0.0
1.1494766966668526
-0.35500069745269597
0.0
0.0
0.0
0.0
0.0
0.0
0.9306193421118274
0.0
0.0
0.0
0.0
0.0
0.0
0.0
