-11.066290734417485
0.0
0.0
0.0
2.363472394110836
-12.393437653495848
-2.5303435410148083
0.0
0.0
-0.19028393137796323
-2.973453072587572
0.0
0.0
0.0
0.0
4.743004795651088
21.118061555581033
0.0
16.660896723325205
0.0
2.4936740791849665
0.14557341849730449
-0.13634914097008516
-4.210511687167982
-2.8929010059787537
0.0
-1.9594322152384518
0.0
0.0
0.0
0.0
25.95550652559466
-1.313898318567299
2.91778049272445
-5.374673891912392
0.0
-0.2183265789357578
0.0
0.0
0.0
0.0
0.0
0.0
0.0
0.0
0.0
0.0
0.0
0.0
0.0
3.25457661430525
0.0
0.0
15.23680060280116
0.0
-4.70634914619331
0.0
0.0
0.0
0.0
0.0
-0.23885562093664828
5.919076835671193
0.0
0.0
-7.046345982074935
0.0
0.0
0.0
0.0
0.0
0.0
0.0
9.496977615356586
0.0
-0.5126535743431406
0.0
-5.417525403778325
0.0
7.562423207836593
-1.8902034462305575
0.0
0.0
-3.7418614058765596
-4.98531254027991
0.0
15.302639457137067
-0.9518799424806915
0.0
0.0
0.0
0.0
0.0
-13.705688219191371
3.1164228023733314
0.0
4.201439531645555
-2.524625762317497
0.8121417463435993
2.3924519579429813
0.0
0.0
0.0
0.0
-4.8253683990812775
0.0
1.9334458488677537
-1.9630206702307913
-12.152128038681433
0.0
0.0
4.409161614285157
0.0
0.0
0.0
0.0
4.215665747528682
13.890187529712097
0.0
0.0
0.0
0.0
-9.215327777853254
0.0
0.0
0.0
-8.173122395490463
0.0
