0.0
0.0
0.0
0.0
0.0
0.0
0.0
0.0
-8.129431191662194
-7.2171920178179105
-0.8626409491508312
0.0
0.0
0.0
0.0
-5.996955159160276
0.0
0.0
0.0
0.0
0.0
2.9636648261556178
0.0
0.0
0.0
0.0
0.2407806312151914
13.177932712704218
0.0
0.0
0.0
0.0
0.0
0.0
0.0
0.0
0.0
0.0
0.0
-5.334947732962191
0.0
0.0
4.079970683221341
0.0
0.0
0.0
0.0
0.0
0.0
0.0
0.0
0.0
1.0220170043062349
0.0
0.0
0.0
0.0
0.0
0.0
0.0
0.0
0.0
-1.5924462389900782
-4.466967360640959
0.0
0.0
-3.548724254311667
0.0
-0.4672608769393548
0.0
0.0
0.0
0.0
1.5511508951263036
0.0
0.0
0.0
0.0
0.0
0.0
1.1261881415920592
0.0
0.0
-16.727022083084908
0.0
0.0
0.0
0.0
1.8488418531264477
0.0
0.0
0.0
0.0
0.0
0.0
0.0
0.0
0.0
0.0
0.0
0.0
3.159871310689195
0.0
0.0
0.0
0.0
0.0
0.0
22.59911622356608
0.0
0.0
0.0
0.0
0.0
0.0
0.0
-20.305157164635027
0.0
0.0
0.18216561235114834
0.0
0.0
0.0
0.0
0.0
0.0
0.0
0.0
