-5.09890904603539
-0.6588300028043057
-5.168219051720982
4.3407347796261275
-0.47486995505169827
-0.7099543912619262
-3.646854981176918
0.05264586841960447
2.7776707005511576
-4.578982307879652
1.7877502214077492
1.6613727722967728
0.7663108211317305
7.383457754732476
0.8716573447656214
3.6424936436248596
-7.234541933549375
-5.8500766948937
3.2452357040852684
-5.256828124625267
3.2490400619640862
-0.1214300076310925
-1.25062658327182
-2.7033780082449823
4.72962055070763
-0.8084318853534626
5.477983959510124
4.646841844723487
1.9804587746944067
0.768067577398678
0.5615827334957821
4.579701126475112
-1.8834917569207312
4.652679830492622
-1.6621640469989263
2.41479291713477
1.0882094994162657
2.483073163576749
-3.783012682586534
3.294786140282437
2.2212855661362094
-2.3712749233037607
-1.777880167985448
1.1473004119053916
0.2267332627612711
-1.795001138334477
-5.172010813333693
-4.0514931049194
0.4329504612168245
-0.6277302174114552
2.2809461602085572
-2.4897297189493686
-1.5490893292421901
0.5741725642063042
3.1335222429043275
-2.2957446732464444
-4.595749407033213
-0.7704225610714076
2.2381272385267748
3.4507815042264443
-1.7473150105279958
2.166603369854519
-0.3902028225984596
-1.7676256669232009
-4.225993736321852
-3.086721234932984
-1.4425442945994562
-4.1344534697585615
1.296916844632515
0.3275159049725999
1.7167984950084414
-1.2205399189426185
-4.683562934348543
0.6051604004206217
2.1843959516559686
2.977841231266063
0.23625439727904715
4.653169067937177
-5.299165856699496
2.711145303951496
-0.28503075615461776
-0.9406946154665766
-2.5535775730482055
3.328393803469303
5.391483100452079
3.669246411016935
3.731637587994665
0.4206476427736031
-0.03330143342059404
4.086030402402091
-3.2134349959696213
2.762591233935944
-1.3825528534471605
-1.137197184652438
4.917050140179412
2.7847656122533437
-4.611535199561665
-2.2986340302479302
-0.12606532485906902
2.026158163358375
1.3615218392970656
0.3449134679475177
3.2261879691589144
4.320743439358173
4.78230598827826
-4.618541648709182
-1.3805032454899104
-0.1111701008353521
-1.8902159758113215
0.8886706909738955
3.776316483340509
-5.403303501376872
-2.614834663742917
-0.16621619435352172
2.415300813561986
-3.1023119564019552
-4.202348671681968
-6.751173725343863
1.3625043955371852
2.5096065881380785
1.2771167546748907
-2.8582865929234433
-2.5605505958749792
0.8884173328042209
-2.876093363002271
6.599877426847889
-0.2526897718809181
2.1880163888965285
