emb_1	p_0.5_q_1.895944090041435_g_1	p_0.8055551041134607_q_0.1_g_1	p_1.0795506927238254_q_8.383911078685804_g_1	p_19.0_q_8.483911078685804_g_2	p_19.0_q_9.122152261131532_g_1	p_7.305688086564288_q_7.517332462471247_g_2
p_0.5_q_1.895944090041435_g_1	0.0	1.5795464936345263e-34	1.1093803217516093e-49	5.755769158263224e-44	8.317748426379656e-43	3.884849312473403e-43
p_0.8055551041134607_q_0.1_g_1	1.5795464936345263e-34	0.0	3.441149500404611e-38	5.48546804075682e-36	1.0967449573743445e-32	4.583347124331297e-35
p_1.0795506927238254_q_8.383911078685804_g_1	1.1093803217516093e-49	3.441149500404611e-38	0.0	5.440093661680149e-51	5.000231982912979e-49	2.900300751336609e-47
p_19.0_q_8.483911078685804_g_2	5.755769158263224e-44	5.48546804075682e-36	5.440093661680149e-51	0.0	3.560419599150921e-56	1.1758603605715263e-49
p_19.0_q_9.122152261131532_g_1	8.317748426379656e-43	1.0967449573743445e-32	5.000231982912979e-49	3.560419599150921e-56	0.0	1.492397137570183e-53
p_7.305688086564288_q_7.517332462471247_g_2	3.884849312473403e-43	4.583347124331297e-35	2.900300751336609e-47	1.1758603605715263e-49	1.492397137570183e-53	0.0
