	p_0.8055551041134607_q_0.1_g_1	p_1.0795506927238254_q_8.383911078685804_g_1	p_0.5_q_1.895944090041435_g_1	p_19.0_q_8.483911078685804_g_2	p_7.305688086564288_q_7.517332462471247_g_2	p_19.0_q_9.122152261131532_g_1
p_0.8055551041134607_q_0.1_g_1	1.0	0.28192226992157565	0.16640924639485288	0.13170786472017917	0.267383287743195	0.20949742028685445
p_1.0795506927238254_q_8.383911078685804_g_1	0.28192226992157565	1.0	0.13949096286330356	0.09535110318698978	0.12554292216535784	0.17267597717208635
p_0.5_q_1.895944090041435_g_1	0.16640924639485288	0.13949096286330356	1.0	0.050327320857903514	0.07300086841746053	0.10135180058367814
p_19.0_q_8.483911078685804_g_2	0.13170786472017917	0.09535110318698978	0.050327320857903514	1.0	-0.0007337694665686328	0.07762498860108483
p_7.305688086564288_q_7.517332462471247_g_2	0.267383287743195	0.12554292216535784	0.07300086841746053	-0.0007337694665686328	1.0	0.06724530450978751
p_19.0_q_9.122152261131532_g_1	0.20949742028685445	0.17267597717208635	0.10135180058367814	0.07762498860108483	0.06724530450978751	1.0
