	p_0.8055551041134607_q_0.1_g_1	p_1.0795506927238254_q_8.383911078685804_g_1	p_0.5_q_1.895944090041435_g_1	p_19.0_q_8.483911078685804_g_2	p_7.305688086564288_q_7.517332462471247_g_2	p_19.0_q_9.122152261131532_g_1
p_0.8055551041134607_q_0.1_g_1	1.0	0.35830031905782656	0.2570219510918523	0.4147112840581321	0.38221091738232577	0.34058350310732577
p_1.0795506927238254_q_8.383911078685804_g_1	0.35830031905782656	1.0	0.21527157684601403	0.2853345363068624	0.27490595300593285	0.2395513853486516
p_0.5_q_1.895944090041435_g_1	0.2570219510918523	0.21527157684601403	1.0	0.2069164537375771	0.24013866956047267	0.1943764035894339
p_19.0_q_8.483911078685804_g_2	0.4147112840581321	0.2853345363068624	0.2069164537375771	1.0	0.2957964464115634	0.28350168200495085
p_7.305688086564288_q_7.517332462471247_g_2	0.38221091738232577	0.27490595300593285	0.24013866956047267	0.2957964464115634	1.0	0.2516322698053955
p_19.0_q_9.122152261131532_g_1	0.34058350310732577	0.2395513853486516	0.1943764035894339	0.28350168200495085	0.2516322698053955	1.0
