emb_1	p_0.5_q_1.895944090041435_g_1	p_0.8055551041134607_q_0.1_g_1	p_1.0795506927238254_q_8.383911078685804_g_1	p_19.0_q_8.483911078685804_g_2	p_19.0_q_9.122152261131532_g_1	p_7.305688086564288_q_7.517332462471247_g_2
p_0.5_q_1.895944090041435_g_1	0.0	7.420514421952404e-32	2.725641579783603e-45	1.918864822544243e-48	2.9962150002611096e-47	1.1881115671439861e-40
p_0.8055551041134607_q_0.1_g_1	7.420514421952404e-32	0.0	4.245992001117131e-33	5.594363742136262e-32	9.486503517716923e-30	6.315152536718465e-33
p_1.0795506927238254_q_8.383911078685804_g_1	2.725641579783603e-45	4.245992001117131e-33	0.0	6.589040951525095e-43	7.02207999184035e-43	5.919364470843089e-39
p_19.0_q_8.483911078685804_g_2	1.918864822544243e-48	5.594363742136262e-32	6.589040951525095e-43	0.0	7.038387944024536e-61	5.657624225813037e-48
p_19.0_q_9.122152261131532_g_1	2.9962150002611096e-47	9.486503517716923e-30	7.02207999184035e-43	7.038387944024536e-61	0.0	1.1930811343171377e-49
p_7.305688086564288_q_7.517332462471247_g_2	1.1881115671439861e-40	6.315152536718465e-33	5.919364470843089e-39	5.657624225813037e-48	1.1930811343171377e-49	0.0
