	p_0.8055551041134607_q_0.1_g_1	p_1.0795506927238254_q_8.383911078685804_g_1	p_0.5_q_1.895944090041435_g_1	p_19.0_q_8.483911078685804_g_2	p_7.305688086564288_q_7.517332462471247_g_2	p_19.0_q_9.122152261131532_g_1
p_0.8055551041134607_q_0.1_g_1	1.0	0.8581873783708646	0.8545639885089427	0.8577332962654064	0.8393383375034751	0.8518209619127051
p_1.0795506927238254_q_8.383911078685804_g_1	0.8581873783708646	1.0	0.9225094986562876	0.9352423315726068	0.9211472523399129	0.9280511537392271
p_0.5_q_1.895944090041435_g_1	0.8545639885089427	0.9225094986562876	1.0	0.9212213881938652	0.9176165322954314	0.9173941247335743
p_19.0_q_8.483911078685804_g_2	0.8577332962654064	0.9352423315726068	0.9212213881938652	1.0	0.925187656380317	0.953637290334538
p_7.305688086564288_q_7.517332462471247_g_2	0.8393383375034751	0.9211472523399129	0.9176165322954314	0.925187656380317	1.0	0.941126864980076
p_19.0_q_9.122152261131532_g_1	0.8518209619127051	0.9280511537392271	0.9173941247335743	0.953637290334538	0.941126864980076	1.0
