emb_1	p_0.5_q_1.895944090041435_g_1	p_0.8055551041134607_q_0.1_g_1	p_1.0795506927238254_q_8.383911078685804_g_1	p_19.0_q_8.483911078685804_g_2	p_19.0_q_9.122152261131532_g_1	p_7.305688086564288_q_7.517332462471247_g_2
p_0.5_q_1.895944090041435_g_1	0.0	1.4932757620125291e-30	3.4677492206446143e-41	2.1526531642603892e-41	1.3490225883780867e-42	5.26108378162333e-35
p_0.8055551041134607_q_0.1_g_1	1.4932757620125291e-30	0.0	4.3230563360583536e-38	2.1948160447486513e-35	7.580033329488949e-33	5.8769028934680055e-33
p_1.0795506927238254_q_8.383911078685804_g_1	3.4677492206446143e-41	4.3230563360583536e-38	0.0	2.245248650367237e-46	8.528346045494831e-49	3.7974221121529524e-42
p_19.0_q_8.483911078685804_g_2	2.1526531642603892e-41	2.1948160447486513e-35	2.245248650367237e-46	0.0	6.1479501203709356e-52	2.0278092000996489e-44
p_19.0_q_9.122152261131532_g_1	1.3490225883780867e-42	7.580033329488949e-33	8.528346045494831e-49	6.1479501203709356e-52	0.0	7.735908263446455e-42
p_7.305688086564288_q_7.517332462471247_g_2	5.26108378162333e-35	5.8769028934680055e-33	3.7974221121529524e-42	2.0278092000996489e-44	7.735908263446455e-42	0.0
