	p_0.8055551041134607_q_0.1_g_1	p_1.0795506927238254_q_8.383911078685804_g_1	p_0.5_q_1.895944090041435_g_1	p_19.0_q_8.483911078685804_g_2	p_7.305688086564288_q_7.517332462471247_g_2	p_19.0_q_9.122152261131532_g_1
p_0.8055551041134607_q_0.1_g_1	1.0	0.3240158942515132	0.48673676200382665	0.40809240664890833	0.4181063919331867	0.3219831205841427
p_1.0795506927238254_q_8.383911078685804_g_1	0.3240158942515132	1.0	0.32022754277934223	0.19520783493590518	0.26586067232185506	0.17226788172322172
p_0.5_q_1.895944090041435_g_1	0.48673676200382665	0.32022754277934223	1.0	0.3149252801744819	0.38075111755168195	0.2702465163582496
p_19.0_q_8.483911078685804_g_2	0.40809240664890833	0.19520783493590518	0.3149252801744819	1.0	0.2739914383163683	0.22090016621577097
p_7.305688086564288_q_7.517332462471247_g_2	0.4181063919331867	0.26586067232185506	0.38075111755168195	0.2739914383163683	1.0	0.24576685221994118
p_19.0_q_9.122152261131532_g_1	0.3219831205841427	0.17226788172322172	0.2702465163582496	0.22090016621577097	0.24576685221994118	1.0
