	p_0.8055551041134607_q_0.1_g_1	p_1.0795506927238254_q_8.383911078685804_g_1	p_0.5_q_1.895944090041435_g_1	p_19.0_q_8.483911078685804_g_2	p_7.305688086564288_q_7.517332462471247_g_2	p_19.0_q_9.122152261131532_g_1
p_0.8055551041134607_q_0.1_g_1	1.0	0.29207225609336074	0.44828758304212574	0.32342245665271274	0.36524568476730995	0.32057901928780946
p_1.0795506927238254_q_8.383911078685804_g_1	0.29207225609336074	1.0	0.22022482956632003	0.1743045068357966	0.2019249034896298	0.16550785460593992
p_0.5_q_1.895944090041435_g_1	0.44828758304212574	0.22022482956632003	1.0	0.24248222225342217	0.2919046165618325	0.25868005958334667
p_19.0_q_8.483911078685804_g_2	0.32342245665271274	0.1743045068357966	0.24248222225342217	1.0	0.22834676854451022	0.186931028481473
p_7.305688086564288_q_7.517332462471247_g_2	0.36524568476730995	0.2019249034896298	0.2919046165618325	0.22834676854451022	1.0	0.2256607210044753
p_19.0_q_9.122152261131532_g_1	0.32057901928780946	0.16550785460593992	0.25868005958334667	0.186931028481473	0.2256607210044753	1.0
