	dairy	meat
N_AQ.1	0.40314960352407203	0.596850396475928
N_AQ.10	0.10322267791008288	0.8967773220899171
N_AQ.100	0.8589503144854237	0.14104968551457633
N_AQ.1000	0.5444654573751047	0.4555345426248954
N_AQ.1001	0.6997899083572988	0.3002100916427012
N_AQ.1002	0.18097269882598954	0.8190273011740105
N_AQ.1003	0.5224279924399646	0.4775720075600354
N_AQ.1005	0.34358483484775704	0.656415165152243
N_AQ.1007	0.7753738986827569	0.22462610131724317
N_AQ.1008	0.30499106749661464	0.6950089325033854
N_AQ.1009	0.6422267358541542	0.3577732641458458
N_AQ.101	0.17155533698773573	0.8284446630122643
N_AQ.1011	0.39113016697421	0.60886983302579
N_AQ.1013	0.2541852712867	0.7458147287133
N_AQ.1014	0.4651188195105257	0.5348811804894743
N_AQ.1015	0.7996383473546123	0.2003616526453877
N_AQ.1017	0.060795681262854506	0.9392043187371455
N_AQ.1019	0.34170050078644276	0.6582994992135572
N_AQ.1020	0.46599717925226625	0.5340028207477338
N_AQ.1021	0.558329482992564	0.4416705170074359
N_AQ.1023	0.08373359380902634	0.9162664061909737
N_AQ.1024	0.6705296995629824	0.3294703004370177
N_AQ.1025	0.6531866296281219	0.3468133703718781
N_AQ.1026	0.14728464203398017	0.8527153579660198
N_AQ.1027	0.8551118755301477	0.1448881244698523
N_AQ.103	0.9245405875486425	0.07545941245135747
N_AQ.1030	0.018309067725824968	0.981690932274175
N_AQ.1031	0.3759867952904339	0.6240132047095661
N_AQ.1032	0.12306077455903419	0.8769392254409658
N_AQ.1033	0.3918161070978389	0.6081838929021611
N_AQ.1034	0.23124494642317128	0.7687550535768287
N_AQ.1035	0.15946493757797686	0.8405350624220231
N_AQ.1036	0.5311508935557196	0.4688491064442804
N_AQ.1037	0.304947144509528	0.695052855490472
N_AQ.1038	0.13147529496622057	0.8685247050337794
N_AQ.1039	0.8281919393665678	0.17180806063343218
N_AQ.104	0.8375951749531396	0.16240482504686032
N_AQ.1043	0.4651428045783218	0.5348571954216782
N_AQ.1044	0.2326040716326	0.7673959283674
N_AQ.1045	0.6824286531190666	0.31757134688093336
N_AQ.1046	0.15346848257940537	0.8465315174205946
N_AQ.1048	0.0983378940234716	0.9016621059765284
N_AQ.1049	0.8869270188177718	0.1130729811822282
N_AQ.105	0.48707434415317463	0.5129256558468254
N_AQ.1050	0.7293134431134222	0.27068655688657783
N_AQ.1051	0.05168416183319369	0.9483158381668063
N_AQ.1052	0.19513510214104024	0.8048648978589598
N_AQ.1055	0.2766971588512911	0.7233028411487089
N_AQ.1056	0.29592460861403025	0.7040753913859698
N_AQ.1057	0.2850988593624575	0.7149011406375425
N_AQ.1059	0.7747042864180023	0.22529571358199776
N_AQ.106	0.17449578485261952	0.8255042151473805
N_AQ.1060	0.5255830027603328	0.4744169972396673
N_AQ.1062	0.8026363449039151	0.19736365509608486
N_AQ.1063	0.28703218330204083	0.7129678166979592
N_AQ.1064	0.7389992654605101	0.2610007345394899
N_AQ.1065	0.9428722315025012	0.057127768497498815
N_AQ.1067	0.49862966356757055	0.5013703364324295
N_AQ.1068	0.37826451777396264	0.6217354822260374
N_AQ.1069	0.09976498726135719	0.9002350127386428
N_AQ.107	0.5402111655451425	0.45978883445485746
N_AQ.1070	0.7479344915256888	0.2520655084743112
N_AQ.1071	0.3007877252255877	0.6992122747744123
N_AQ.1072	0.8049690605235975	0.19503093947640252
N_AQ.1073	0.5773350710042768	0.4226649289957232
N_AQ.1074	0.8522043025115191	0.14779569748848084
N_AQ.1075	0.38591909867507357	0.6140809013249264
N_AQ.1076	0.6732760449839417	0.3267239550160584
N_AQ.1078	0.18387083615729494	0.8161291638427051
N_AQ.1079	0.1334995696444432	0.8665004303555568
N_AQ.108	0.15894820522432052	0.8410517947756795
N_AQ.1080	0.5052466683436159	0.4947533316563841
N_AQ.1081	0.5700713346036801	0.42992866539631996
N_AQ.1082	0.5836976032139577	0.4163023967860423
N_AQ.1083	0.38270842444256337	0.6172915755574366
N_AQ.1085	0.22919898394865212	0.7708010160513479
N_AQ.1086	0.4274475246085545	0.5725524753914455
N_AQ.1087	0.6841832228895598	0.3158167771104402
N_AQ.1088	0.21671797292489103	0.783282027075109
N_AQ.1089	0.15595244906735406	0.8440475509326459
N_AQ.109	0.1883447216792784	0.8116552783207216
N_AQ.1090	0.48270877384672195	0.517291226153278
N_AQ.1091	0.17658020760440585	0.8234197923955942
N_AQ.1092	0.39677718313468135	0.6032228168653186
N_AQ.1093	0.7333062028378832	0.2666937971621169
N_AQ.1094	0.8147229820547515	0.18527701794524848
N_AQ.1095	0.1984300396973273	0.8015699603026727
N_AQ.1096	0.05197639214643268	0.9480236078535673
N_AQ.1097	0.06718863152254029	0.9328113684774597
N_AQ.1098	0.3608522006579895	0.6391477993420105
N_AQ.1099	0.1728446388105438	0.8271553611894562
N_AQ.11	0.2836203078146732	0.7163796921853268
N_AQ.110	0.16805130751082586	0.8319486924891741
N_AQ.1101	0.7221110512076448	0.27788894879235515
N_AQ.1103	0.14493671442264244	0.8550632855773576
N_AQ.1104	0.4202595480175023	0.5797404519824977
N_AQ.1106	0.655568932436004	0.344431067563996
N_AQ.1108	0.19134896135004176	0.8086510386499582
N_AQ.1109	0.41319764408678605	0.586802355913214
N_AQ.111	0.442126787844883	0.557873212155117
N_AQ.1110	0.091247227070818	0.908752772929182
N_AQ.1111	0.3164651763331302	0.6835348236668698
N_AQ.1112	0.62399080492057	0.37600919507943
N_AQ.1113	0.029142919862320316	0.9708570801376797
N_AQ.1114	0.5186087090618925	0.48139129093810745
N_AQ.1115	0.12791236529633743	0.8720876347036626
N_AQ.1116	0.8793998675023708	0.12060013249762926
N_AQ.1118	0.3397699308873051	0.6602300691126949
N_AQ.1119	0.475592537331451	0.524407462668549
N_AQ.112	0.08368721501889442	0.9163127849811056
N_AQ.1120	0.8005042814404177	0.19949571855958229
N_AQ.1121	0.08553091887805475	0.9144690811219452
N_AQ.1122	0.09391164128721374	0.9060883587127863
N_AQ.1123	0.4517622619779822	0.5482377380220178
N_AQ.1124	0.41247455705397684	0.5875254429460232
N_AQ.1125	0.5488279693867882	0.45117203061321176
N_AQ.1126	0.7540476476568845	0.2459523523431155
N_AQ.1129	0.776997952165346	0.22300204783465405
N_AQ.113	0.27177278677134775	0.7282272132286522
N_AQ.1130	0.20796743765166625	0.7920325623483337
N_AQ.1132	0.2548893734955261	0.7451106265044739
N_AQ.1133	0.3124994541160183	0.6875005458839817
N_AQ.1134	0.49854990456696713	0.5014500954330329
N_AQ.1136	0.2161551652537841	0.7838448347462159
N_AQ.1138	0.1654230494149066	0.8345769505850934
N_AQ.114	0.34086881950507386	0.6591311804949261
N_AQ.1140	0.516474348335431	0.483525651664569
N_AQ.1141	0.5838305367310457	0.4161694632689543
N_AQ.1142	0.6099704158953606	0.3900295841046394
N_AQ.1143	0.048175324051507706	0.9518246759484923
N_AQ.1145	0.2234732268461619	0.7765267731538381
N_AQ.1146	0.3435377127980793	0.6564622872019207
N_AQ.1147	0.23893864429739842	0.7610613557026016
N_AQ.1148	0.6257524270727342	0.3742475729272659
N_AQ.115	0.763219373524775	0.23678062647522505
N_AQ.1150	0.13923529358730202	0.860764706412698
N_AQ.1151	0.03172854932174851	0.9682714506782515
N_AQ.1153	0.08878607681005479	0.9112139231899452
N_AQ.1155	0.43197354470552884	0.5680264552944712
N_AQ.1157	0.19914876170897955	0.8008512382910205
N_AQ.1159	0.5084245099018325	0.4915754900981675
N_AQ.116	0.069761502616146	0.930238497383854
N_AQ.1161	0.8293853760676066	0.17061462393239332
N_AQ.1163	0.21698485735196782	0.7830151426480322
N_AQ.1164	0.09041895713655967	0.9095810428634403
N_AQ.1166	0.6672109975891374	0.3327890024108627
N_AQ.1167	0.3648670855061502	0.6351329144938498
N_AQ.1168	0.492040520138989	0.507959479861011
N_AQ.1169	0.28046642017504153	0.7195335798249585
N_AQ.117	0.5106494593010391	0.48935054069896095
N_AQ.1171	0.23504986725050925	0.7649501327494908
N_AQ.1172	0.21661518675398972	0.7833848132460103
N_AQ.1173	0.1164861342015241	0.8835138657984759
N_AQ.1174	0.9285047075136021	0.07149529248639785
N_AQ.1175	0.13913722590813127	0.8608627740918687
N_AQ.1176	0.931413661645223	0.06858633835477705
N_AQ.1177	0.6680766472027841	0.33192335279721585
N_AQ.1178	0.7202668283063283	0.27973317169367173
N_AQ.118	0.19213845116921224	0.8078615488307878
N_AQ.1181	0.6306454624613596	0.3693545375386405
N_AQ.1182	0.0836722310975837	0.9163277689024163
N_AQ.1183	0.793971026781023	0.20602897321897692
N_AQ.1184	0.34714346551561204	0.652856534484388
N_AQ.1186	0.31482760447242986	0.6851723955275701
N_AQ.1187	0.9196599177384814	0.08034008226151855
N_AQ.1188	0.2839615378711886	0.7160384621288114
N_AQ.1189	0.5569317353582275	0.4430682646417725
N_AQ.119	0.27267436163188885	0.7273256383681111
N_AQ.1191	0.7911349725962812	0.2088650274037188
N_AQ.1192	0.34058271634649095	0.659417283653509
N_AQ.1193	0.5281736447729166	0.4718263552270834
N_AQ.1194	0.42885895604884305	0.571141043951157
N_AQ.1195	0.0182125351006297	0.9817874648993703
N_AQ.1196	0.3087763303255756	0.6912236696744244
N_AQ.1197	0.6472066009369539	0.3527933990630461
N_AQ.1198	0.4767832256895417	0.5232167743104583
N_AQ.1199	0.26293885263685357	0.7370611473631464
N_AQ.12	0.7653305083224752	0.23466949167752482
N_AQ.1200	0.2890085063288399	0.7109914936711601
N_AQ.1201	0.2807255192978446	0.7192744807021554
N_AQ.1202	0.1578242506499249	0.8421757493500751
N_AQ.1203	0.5626421834382089	0.437357816561791
N_AQ.1205	0.32204700017022436	0.6779529998297756
N_AQ.1207	0.08260487051222032	0.9173951294877797
N_AQ.1208	0.42688333738631556	0.5731166626136844
N_AQ.1209	0.27334345868789434	0.7266565413121057
N_AQ.121	0.28674295824121054	0.7132570417587895
N_AQ.1210	0.27568581544701853	0.7243141845529815
N_AQ.1212	0.4242468461743307	0.5757531538256693
N_AQ.1213	0.8460567631548255	0.15394323684517452
N_AQ.1214	0.09392462832547666	0.9060753716745233
N_AQ.1215	0.342722753691279	0.657277246308721
N_AQ.1216	0.5884213522055479	0.411578647794452
N_AQ.1217	0.04322879573270555	0.9567712042672945
N_AQ.1218	0.5340541292482378	0.4659458707517622
N_AQ.1219	0.029840228633679855	0.9701597713663201
N_AQ.122	0.19795592511022553	0.8020440748897745
N_AQ.1220	0.23574000880329393	0.7642599911967061
N_AQ.1221	0.2844355839445465	0.7155644160554535
N_AQ.1222	0.3624704066760398	0.6375295933239602
N_AQ.1225	0.5527992640994961	0.44720073590050385
N_AQ.1226	0.2818666189455409	0.7181333810544591
N_AQ.1228	0.13599205409529358	0.8640079459047064
N_AQ.1229	0.42948757228931733	0.5705124277106827
N_AQ.123	0.48602858232754886	0.5139714176724511
N_AQ.1230	0.24100143933899065	0.7589985606610093
N_AQ.1231	0.06653631492613288	0.9334636850738671
N_AQ.1232	0.03387814427497182	0.9661218557250282
N_AQ.1233	0.09234205511235472	0.9076579448876453
N_AQ.1234	0.3297508379767643	0.6702491620232357
N_AQ.1235	0.7624915075816878	0.23750849241831218
N_AQ.1236	0.0261926322301802	0.9738073677698198
N_AQ.1237	0.3345008327500677	0.6654991672499323
N_AQ.124	0.8211693252018268	0.1788306747981731
N_AQ.1240	0.16334561477984233	0.8366543852201577
N_AQ.1242	0.06737440106833215	0.9326255989316679
N_AQ.1243	0.6035857080599139	0.3964142919400861
N_AQ.1244	0.038195369840865134	0.9618046301591349
N_AQ.1246	0.4947908370071141	0.5052091629928859
N_AQ.1247	0.16620422183127626	0.8337957781687237
N_AQ.1248	0.6373799064569288	0.36262009354307123
N_AQ.1249	0.7809661626793736	0.21903383732062637
N_AQ.1250	0.05685909564768976	0.9431409043523102
N_AQ.1252	0.4437035583405685	0.5562964416594315
N_AQ.1254	0.9214323801238014	0.07856761987619863
N_AQ.1255	0.70952621341701	0.29047378658298995
N_AQ.1257	0.7636872832723206	0.23631271672767937
N_AQ.1258	0.3318361876983722	0.6681638123016278
N_AQ.1259	0.2594876382185829	0.7405123617814171
N_AQ.126	0.8980034897212186	0.10199651027878148
N_AQ.1260	0.11769947568717298	0.882300524312827
N_AQ.1261	0.7057228537103839	0.29427714628961604
N_AQ.1262	0.6216551430268631	0.37834485697313686
N_AQ.1263	0.2849489493313939	0.7150510506686061
N_AQ.1264	0.13898135969778935	0.8610186403022106
N_AQ.1265	0.5114419388547446	0.48855806114525535
N_AQ.1267	0.3831629517262899	0.6168370482737101
N_AQ.1268	0.8855739147732348	0.11442608522676519
N_AQ.1269	0.18565721624167486	0.8143427837583251
N_AQ.1270	0.14565845970787283	0.8543415402921272
N_AQ.1271	0.7463688294012214	0.25363117059877865
N_AQ.1272	0.3311738937629308	0.6688261062370692
N_AQ.1273	0.7217487665357072	0.27825123346429276
N_AQ.1274	0.31007012632352837	0.6899298736764716
N_AQ.1275	0.5148304114859706	0.48516958851402936
N_AQ.1276	0.6091363520749864	0.39086364792501355
N_AQ.1277	0.3086134168293302	0.6913865831706698
N_AQ.1278	0.39841717604239046	0.6015828239576095
N_AQ.1279	0.9036805532731137	0.09631944672688626
N_AQ.128	0.455777815912921	0.544222184087079
N_AQ.1280	0.47805145204044996	0.52194854795955
N_AQ.1282	0.5324306037253601	0.46756939627463984
N_AQ.1283	0.4238994597594302	0.5761005402405698
N_AQ.1284	0.13505184863535624	0.8649481513646438
N_AQ.1285	0.4797835138386022	0.5202164861613978
N_AQ.1287	0.585683048880528	0.4143169511194719
N_AQ.1288	0.764917209151304	0.23508279084869596
N_AQ.1289	0.2677311666598292	0.7322688333401708
N_AQ.129	0.7115637448877884	0.2884362551122116
N_AQ.1290	0.6651019410726906	0.33489805892730945
N_AQ.1291	0.7492686210011048	0.25073137899889514
N_AQ.1292	0.43299811469311456	0.5670018853068854
N_AQ.1293	0.6911251207916236	0.3088748792083765
N_AQ.1294	0.47859995009508616	0.5214000499049138
N_AQ.1296	0.3118343211735365	0.6881656788264635
N_AQ.1297	0.5042210552663017	0.4957789447336983
N_AQ.1298	0.04818501114156415	0.9518149888584359
N_AQ.1299	0.935065552292972	0.0649344477070281
N_AQ.13	0.8966352642465432	0.1033647357534569
N_AQ.130	0.17284238118600037	0.8271576188139996
N_AQ.1300	0.010426734126789294	0.9895732658732107
N_AQ.1301	0.16623893399345357	0.8337610660065464
N_AQ.1302	0.7753447388843406	0.2246552611156593
N_AQ.1304	0.1993512519970153	0.8006487480029847
N_AQ.1305	0.22933460150586638	0.7706653984941336
N_AQ.1306	0.3399848168055257	0.6600151831944743
N_AQ.1307	0.26245158646655786	0.7375484135334421
N_AQ.1308	0.15562692326347183	0.8443730767365282
N_AQ.131	0.9106719481713601	0.08932805182863994
N_AQ.1310	0.35463888657611486	0.6453611134238851
N_AQ.1311	0.26216671337953046	0.7378332866204695
N_AQ.1312	0.1605986140650293	0.8394013859349707
N_AQ.1313	0.3947981075322411	0.6052018924677589
N_AQ.1314	0.2737780933961802	0.7262219066038198
N_AQ.1315	0.3731209005990983	0.6268790994009017
N_AQ.1316	0.40736157664747785	0.5926384233525221
N_AQ.1317	0.44439972985462517	0.5556002701453748
N_AQ.1318	0.06246323901643813	0.9375367609835619
N_AQ.1319	0.4968846481305791	0.5031153518694209
N_AQ.132	0.5687154114816375	0.43128458851836243
N_AQ.1323	0.0839247305528047	0.9160752694471953
N_AQ.1325	0.14493828950617516	0.8550617104938248
N_AQ.1326	0.23728881080291775	0.7627111891970823
N_AQ.1327	0.29136080575256773	0.7086391942474323
N_AQ.1329	0.3564690491447441	0.6435309508552559
N_AQ.1330	0.48445030299359926	0.5155496970064007
N_AQ.1331	0.26616134763221366	0.7338386523677863
N_AQ.1332	0.11379651341065533	0.8862034865893447
N_AQ.1333	0.09320662802411528	0.9067933719758847
N_AQ.1335	0.8413299544998047	0.15867004550019528
N_AQ.1337	0.525384227013272	0.474615772986728
N_AQ.1338	0.49419188483390286	0.5058081151660971
N_AQ.1339	0.1829234783275615	0.8170765216724385
N_AQ.134	0.7772932510182529	0.22270674898174714
N_AQ.1340	0.9613298395434607	0.03867016045653929
N_AQ.1342	0.7760552351543555	0.2239447648456445
N_AQ.1343	0.045384438858973586	0.9546155611410264
N_AQ.1344	0.43538800584931714	0.5646119941506829
N_AQ.1346	0.06085157236132821	0.9391484276386718
N_AQ.1347	0.7902706460449602	0.20972935395503975
N_AQ.1349	0.5088409503140949	0.4911590496859051
N_AQ.135	0.35640260544791824	0.6435973945520818
N_AQ.1350	0.4573435419545251	0.5426564580454749
N_AQ.1351	0.09125575381334639	0.9087442461866536
N_AQ.1352	0.21425944691761134	0.7857405530823887
N_AQ.1353	0.1836691438556447	0.8163308561443553
N_AQ.1354	0.1527703423942257	0.8472296576057743
N_AQ.1355	0.21188613492026653	0.7881138650797335
N_AQ.1356	0.14329434491005089	0.8567056550899491
N_AQ.1357	0.28364343370053613	0.7163565662994639
N_AQ.1358	0.8517071708882034	0.14829282911179661
N_AQ.136	0.9245548575696408	0.0754451424303592
N_AQ.1360	0.6917975265134927	0.3082024734865073
N_AQ.1361	0.9123950248740226	0.08760497512597738
N_AQ.1362	0.1671214921836479	0.8328785078163521
N_AQ.1363	0.33972977158180095	0.660270228418199
N_AQ.1364	0.35843668168883513	0.6415633183111649
N_AQ.1366	0.18675226919493948	0.8132477308050605
N_AQ.1367	0.1278306639948228	0.8721693360051772
N_AQ.1368	0.5106403343623769	0.4893596656376232
N_AQ.1369	0.7418068294110307	0.25819317058896935
N_AQ.137	0.7695116599644557	0.2304883400355443
N_AQ.1370	0.28662283578215575	0.7133771642178443
N_AQ.1371	0.2911286256428758	0.7088713743571242
N_AQ.1374	0.0713065502219653	0.9286934497780347
N_AQ.1375	0.3707793897569406	0.6292206102430594
N_AQ.1377	0.5853279027519	0.4146720972481
N_AQ.1378	0.29976746370696516	0.7002325362930348
N_AQ.1379	0.6820831395053989	0.3179168604946011
N_AQ.138	0.08434463319761654	0.9156553668023835
N_AQ.1380	0.3053107106775692	0.6946892893224308
N_AQ.1382	0.46548178438014565	0.5345182156198544
N_AQ.1383	0.023877697177978607	0.9761223028220214
N_AQ.1385	0.7816858421072472	0.21831415789275274
N_AQ.1386	0.6488648929927898	0.35113510700721023
N_AQ.1388	0.03969373905350371	0.9603062609464963
N_AQ.139	0.6435115813998834	0.3564884186001166
N_AQ.1391	0.2846133453234809	0.7153866546765191
N_AQ.1392	0.12892944183847355	0.8710705581615265
N_AQ.1393	0.4873462219178707	0.5126537780821293
N_AQ.1394	0.568000707206409	0.43199929279359095
N_AQ.1395	0.9387963627945316	0.06120363720546837
N_AQ.1397	0.05420850620781159	0.9457914937921884
N_AQ.1398	0.447357080747679	0.552642919252321
N_AQ.1399	0.06761753935015724	0.9323824606498428
N_AQ.14	0.5635183463706159	0.436481653629384
N_AQ.140	0.15080195015116282	0.8491980498488372
N_AQ.1400	0.39081971017118267	0.6091802898288173
N_AQ.1401	0.39767471364056217	0.6023252863594378
N_AQ.1402	0.8650170227922896	0.13498297720771033
N_AQ.1405	0.07958066021389587	0.9204193397861041
N_AQ.1406	0.31246385662591003	0.68753614337409
N_AQ.1407	0.7522550536859397	0.24774494631406027
N_AQ.1408	0.754496758169138	0.24550324183086197
N_AQ.1411	0.11228185816107361	0.8877181418389264
N_AQ.1412	0.07585755400655136	0.9241424459934486
N_AQ.1413	0.5147505700337915	0.4852494299662084
N_AQ.1414	0.5042505786006202	0.4957494213993798
N_AQ.1415	0.26333991867413176	0.7366600813258682
N_AQ.1416	0.5007645759325562	0.4992354240674438
N_AQ.1417	0.3043698102656688	0.6956301897343312
N_AQ.1418	0.8525939067552605	0.14740609324473952
N_AQ.1419	0.9674117147218688	0.03258828527813115
N_AQ.1420	0.08805383970884406	0.9119461602911559
N_AQ.1422	0.03381090972005851	0.9661890902799415
N_AQ.1423	0.5202567115624361	0.4797432884375638
N_AQ.1424	0.8105766825512052	0.18942331744879481
N_AQ.1425	0.43479869570961716	0.5652013042903828
N_AQ.1427	0.25805474615830715	0.7419452538416929
N_AQ.1428	0.1277701487065661	0.8722298512934339
N_AQ.1429	0.12094266415289101	0.879057335847109
N_AQ.143	0.1506914356552641	0.8493085643447359
N_AQ.1430	0.6211567809208449	0.378843219079155
N_AQ.1431	0.24451967246688455	0.7554803275331154
N_AQ.1432	0.05775089858440552	0.9422491014155945
N_AQ.1433	0.07195942515045217	0.9280405748495478
N_AQ.1434	0.19080092939263416	0.8091990706073658
N_AQ.1435	0.1761311400393889	0.8238688599606111
N_AQ.1437	0.7767719369970363	0.22322806300296374
N_AQ.1438	0.12126373023705972	0.8787362697629403
N_AQ.144	0.07198988197727707	0.9280101180227229
N_AQ.1440	0.5448195291819288	0.4551804708180712
N_AQ.1441	0.23088737329644837	0.7691126267035516
N_AQ.1442	0.15869406722517565	0.8413059327748243
N_AQ.1444	0.723257129641631	0.27674287035836903
N_AQ.1445	0.2929074823864275	0.7070925176135725
N_AQ.1446	0.8013410359707861	0.19865896402921387
N_AQ.1447	0.5423463742242952	0.4576536257757048
N_AQ.1448	0.05976601539401538	0.9402339846059846
N_AQ.1449	0.7365056524310021	0.2634943475689979
N_AQ.145	0.6656942723973256	0.33430572760267446
N_AQ.1450	0.5166763502197651	0.48332364978023495
N_AQ.1451	0.07975592235492834	0.9202440776450717
N_AQ.1455	0.8590579670047388	0.14094203299526117
N_AQ.1456	0.4432489380421615	0.5567510619578385
N_AQ.1457	0.09523549812800802	0.904764501871992
N_AQ.1459	0.7121859504045336	0.28781404959546636
N_AQ.146	0.21146097806106323	0.7885390219389368
N_AQ.1460	0.6323991451137821	0.36760085488621785
N_AQ.1461	0.4431241422558809	0.5568758577441191
N_AQ.1462	0.6458381645786131	0.35416183542138685
N_AQ.1463	0.5200705384242059	0.47992946157579414
N_AQ.1464	0.01689770742390606	0.9831022925760939
N_AQ.1465	0.3994433038520523	0.6005566961479477
N_AQ.1466	0.6665687962152376	0.3334312037847624
N_AQ.1467	0.7352167919938172	0.2647832080061828
N_AQ.1470	0.0716601735608916	0.9283398264391084
N_AQ.1471	0.07970214860308023	0.9202978513969198
N_AQ.1473	0.35296392642667074	0.6470360735733293
N_AQ.1474	0.12321253126847964	0.8767874687315204
N_AQ.1475	0.6440903469382822	0.3559096530617179
N_AQ.1477	0.8447577927098959	0.15524220729010413
N_AQ.1479	0.0911475641788132	0.9088524358211868
N_AQ.148	0.012423550940239947	0.98757644905976
N_AQ.1481	0.23047347546701724	0.7695265245329828
N_AQ.1482	0.8156356121847921	0.18436438781520795
N_AQ.1483	0.08517567263115422	0.9148243273688458
N_AQ.1485	0.7861320785219207	0.2138679214780793
N_AQ.1486	0.0710897120557753	0.9289102879442247
N_AQ.1487	0.2937008303432266	0.7062991696567734
N_AQ.1488	0.32196927191129454	0.6780307280887055
N_AQ.1489	0.43825445782217043	0.5617455421778296
N_AQ.1490	0.5419046939928631	0.4580953060071369
N_AQ.1492	0.09913032880269879	0.9008696711973012
N_AQ.1493	0.5986266904256031	0.4013733095743969
N_AQ.1494	0.23413633971639114	0.7658636602836089
N_AQ.1495	0.4650362608767251	0.5349637391232749
N_AQ.1496	0.5722910095583188	0.4277089904416812
N_AQ.1497	0.21313029356507796	0.786869706434922
N_AQ.1500	0.8927294711568485	0.1072705288431515
N_AQ.1501	0.23291236706772112	0.7670876329322789
N_AQ.1502	0.6439868801072075	0.35601311989279244
N_AQ.1503	0.7408187788873493	0.2591812211126507
N_AQ.1504	0.37669047841457215	0.6233095215854279
N_AQ.1505	0.232691849520287	0.767308150479713
N_AQ.1506	0.20489810162151834	0.7951018983784817
N_AQ.1507	0.005227901683970804	0.9947720983160292
N_AQ.1508	0.8445772893432091	0.15542271065679092
N_AQ.1509	0.6713492733342348	0.32865072666576517
N_AQ.151	0.12624108623048358	0.8737589137695164
N_AQ.1511	0.5828522255376608	0.4171477744623392
N_AQ.1514	0.5078632811381341	0.4921367188618659
N_AQ.1515	0.19786178748928118	0.8021382125107188
N_AQ.1516	0.8136918649192488	0.18630813508075114
N_AQ.1518	0.20158210406301735	0.7984178959369826
N_AQ.1519	0.9029356727380434	0.09706432726195655
N_AQ.152	0.9689654842318935	0.031034515768106407
N_AQ.1521	0.37008149842244265	0.6299185015775574
N_AQ.1523	0.6825383156666274	0.3174616843333726
N_AQ.1524	0.22661336368024299	0.773386636319757
N_AQ.1525	0.1116072723053031	0.8883927276946969
N_AQ.1526	0.016373429860669253	0.9836265701393307
N_AQ.1528	0.6708059579383577	0.32919404206164227
N_AQ.1529	0.3861104573120959	0.6138895426879041
N_AQ.153	0.8913129922738935	0.10868700772610655
N_AQ.1530	0.407707775018072	0.592292224981928
N_AQ.1532	0.08536085575119123	0.9146391442488088
N_AQ.1533	0.09765732443951758	0.9023426755604824
N_AQ.1534	0.10972142256673878	0.8902785774332612
N_AQ.1535	0.08081162288902355	0.9191883771109765
N_AQ.1536	0.17380884241687633	0.8261911575831237
N_AQ.1538	0.530803877859514	0.469196122140486
N_AQ.154	0.470455019637281	0.529544980362719
N_AQ.1540	0.6985142103753259	0.30148578962467415
N_AQ.1541	0.9623176962992863	0.037682303700713723
N_AQ.1542	0.24812707534207978	0.7518729246579202
N_AQ.1543	0.47830860403454156	0.5216913959654584
N_AQ.1544	0.016127490376923292	0.9838725096230767
N_AQ.1546	0.2801893027285627	0.7198106972714373
N_AQ.1547	0.1651768402239815	0.8348231597760185
N_AQ.1548	0.25156311104467677	0.7484368889553232
N_AQ.1549	0.6954230607653126	0.3045769392346874
N_AQ.155	0.3291558242742416	0.6708441757257584
N_AQ.1550	0.8475065086558151	0.1524934913441849
N_AQ.1552	0.6010091932583395	0.3989908067416606
N_AQ.1554	0.0227922885885401	0.9772077114114599
N_AQ.1555	0.5928897069660324	0.4071102930339676
N_AQ.156	0.19733682248585815	0.8026631775141418
N_AQ.157	0.5192296606919746	0.48077033930802543
N_AQ.158	0.313847056509463	0.686152943490537
N_AQ.159	0.13744740393118748	0.8625525960688125
N_AQ.16	0.7635226964281481	0.23647730357185187
N_AQ.160	0.8973465181370804	0.10265348186291952
N_AQ.163	0.32451311847656916	0.6754868815234308
N_AQ.164	0.9756251341592153	0.02437486584078474
N_AQ.165	0.5548736450921627	0.4451263549078373
N_AQ.167	0.6709560164500074	0.32904398354999265
N_AQ.168	0.7378795087634602	0.26212049123653985
N_AQ.169	0.254105798368114	0.745894201631886
N_AQ.17	0.4287555262399769	0.5712444737600231
N_AQ.170	0.4170266120602618	0.5829733879397382
N_AQ.171	0.36197793362280006	0.6380220663771999
N_AQ.172	0.40993574727213444	0.5900642527278656
N_AQ.173	0.525324012312141	0.47467598768785907
N_AQ.174	0.21746449257377576	0.7825355074262242
N_AQ.175	0.31150674206580686	0.6884932579341931
N_AQ.176	0.8267753114966325	0.1732246885033675
N_AQ.177	0.30186285376563726	0.6981371462343627
N_AQ.178	0.7713199539925921	0.22868004600740785
N_AQ.179	0.9056289714374188	0.09437102856258123
N_AQ.180	0.5027012986715584	0.4972987013284416
N_AQ.182	0.12249728673949045	0.8775027132605095
N_AQ.183	0.8247268943606139	0.1752731056393862
N_AQ.184	0.17511725952225532	0.8248827404777447
N_AQ.185	0.3703689182054736	0.6296310817945264
N_AQ.186	0.8642322100168023	0.1357677899831977
N_AQ.187	0.4002190993354039	0.5997809006645961
N_AQ.188	0.6162080625439319	0.38379193745606816
N_AQ.189	0.4709851171758419	0.5290148828241581
N_AQ.19	0.7436090687317258	0.25639093126827417
N_AQ.190	0.8371050213885493	0.16289497861145072
N_AQ.191	0.7317786971785507	0.26822130282144924
N_AQ.194	0.38612734695399	0.61387265304601
N_AQ.195	0.5689188209029223	0.4310811790970777
N_AQ.196	0.17138130371169125	0.8286186962883088
N_AQ.197	0.4463632916759598	0.5536367083240402
N_AQ.199	0.755382654078787	0.24461734592121295
N_AQ.2	0.5085982054357707	0.4914017945642293
N_AQ.20	0.07486389777909119	0.9251361022209088
N_AQ.200	0.22148132498190642	0.7785186750180936
N_AQ.201	0.5558220018442811	0.4441779981557189
N_AQ.202	0.3891098966788572	0.6108901033211428
N_AQ.204	0.5364763690838309	0.4635236309161691
N_AQ.205	0.7311733094583281	0.2688266905416718
N_AQ.206	0.48724235471426847	0.5127576452857315
N_AQ.207	0.601925845103153	0.39807415489684705
N_AQ.208	0.5246160237527709	0.47538397624722906
N_AQ.209	0.38882597282382136	0.6111740271761786
N_AQ.21	0.7638713839089276	0.2361286160910724
N_AQ.210	0.6070358825698619	0.3929641174301382
N_AQ.211	0.6848377971278847	0.3151622028721152
N_AQ.213	0.7887353075753666	0.21126469242463342
N_AQ.215	0.283702667315771	0.716297332684229
N_AQ.216	0.4137966677229732	0.5862033322770268
N_AQ.217	0.0219389563372151	0.9780610436627849
N_AQ.218	0.7050619189967375	0.29493808100326246
N_AQ.219	0.9459742862120941	0.05402571378790589
N_AQ.22	0.35469078947708166	0.6453092105229183
N_AQ.220	0.4053884068185416	0.5946115931814584
N_AQ.221	0.7385759261757148	0.26142407382428523
N_AQ.222	0.6267673267748791	0.3732326732251209
N_AQ.223	0.2086825154779457	0.7913174845220543
N_AQ.224	0.23679044401929938	0.7632095559807006
N_AQ.227	0.14362691293456387	0.8563730870654361
N_AQ.229	0.6019199292028731	0.39808007079712693
N_AQ.23	0.401430601356893	0.598569398643107
N_AQ.230	0.1072835087775903	0.8927164912224097
N_AQ.231	0.45683574212018585	0.5431642578798141
N_AQ.232	0.9245518042659702	0.07544819573402978
N_AQ.233	0.35691717563158687	0.6430828243684131
N_AQ.234	0.86708766323717	0.13291233676283004
N_AQ.235	0.833120299157689	0.16687970084231096
N_AQ.236	0.5750270719580222	0.4249729280419778
N_AQ.238	0.20361322896730327	0.7963867710326967
N_AQ.239	0.10119626204425136	0.8988037379557486
N_AQ.24	0.8053286137379345	0.19467138626206548
N_AQ.240	0.8611163972295051	0.13888360277049494
N_AQ.241	0.23797642265973007	0.7620235773402699
N_AQ.242	0.8787377983251327	0.12126220167486731
N_AQ.243	0.5510107461493612	0.44898925385063887
N_AQ.244	0.14373672724073372	0.8562632727592663
N_AQ.246	0.2046818799607576	0.7953181200392424
N_AQ.247	0.6622926257872577	0.33770737421274233
N_AQ.248	0.9088886779710941	0.09111132202890597
N_AQ.249	0.11999487103514028	0.8800051289648597
N_AQ.25	0.6750316512759647	0.3249683487240353
N_AQ.250	0.28641584556836996	0.71358415443163
N_AQ.251	0.21911453717642715	0.7808854628235729
N_AQ.252	0.7029098462816136	0.29709015371838643
N_AQ.254	0.48545825719115343	0.5145417428088466
N_AQ.255	0.6759282153057836	0.3240717846942164
N_AQ.256	0.017853692196846183	0.9821463078031538
N_AQ.257	0.584846464779714	0.41515353522028603
N_AQ.258	0.19705675352270713	0.8029432464772929
N_AQ.259	0.10400761518929891	0.8959923848107011
N_AQ.26	0.15484705327555837	0.8451529467244416
N_AQ.260	0.8886250708977131	0.11137492910228682
N_AQ.261	0.3263732135134627	0.6736267864865373
N_AQ.263	0.8468522726863832	0.15314772731361675
N_AQ.264	0.21173787327293936	0.7882621267270606
N_AQ.265	0.1040205682525116	0.8959794317474884
N_AQ.266	0.32222389846301147	0.6777761015369885
N_AQ.267	0.10516860491467372	0.8948313950853263
N_AQ.268	0.2867248481997844	0.7132751518002156
N_AQ.269	0.14079740073120262	0.8592025992687974
N_AQ.27	0.1808538103537881	0.8191461896462119
N_AQ.270	0.05353405982664594	0.9464659401733541
N_AQ.271	0.58111775359062	0.41888224640938004
N_AQ.272	0.4295280528009606	0.5704719471990394
N_AQ.273	0.3254924974735599	0.6745075025264401
N_AQ.274	0.07588215407282028	0.9241178459271797
N_AQ.276	0.02887777724477436	0.9711222227552256
N_AQ.278	0.6541255514503022	0.34587444854969784
N_AQ.279	0.6221316405310556	0.37786835946894437
N_AQ.28	0.4281751396011044	0.5718248603988956
N_AQ.281	0.6488390420353105	0.35116095796468944
N_AQ.282	0.49559522317702653	0.5044047768229735
N_AQ.283	0.2631456993255059	0.7368543006744941
N_AQ.284	0.12456030970004739	0.8754396902999526
N_AQ.285	0.4772633487084428	0.5227366512915572
N_AQ.286	0.17028537927894372	0.8297146207210563
N_AQ.287	0.5121417123304395	0.48785828766956046
N_AQ.288	0.14355968598430202	0.856440314015698
N_AQ.289	0.24890430185441903	0.751095698145581
N_AQ.29	0.2621618749586567	0.7378381250413433
N_AQ.290	0.37685664374878525	0.6231433562512148
N_AQ.291	0.13422125675792007	0.8657787432420799
N_AQ.292	0.48210213922305223	0.5178978607769478
N_AQ.293	0.20305007164451605	0.796949928355484
N_AQ.294	0.7302026578077007	0.26979734219229934
N_AQ.295	0.5582458232707344	0.4417541767292656
N_AQ.296	0.13291454527375302	0.867085454726247
N_AQ.297	0.5566292730897378	0.4433707269102622
N_AQ.298	0.43886882956051065	0.5611311704394893
N_AQ.299	0.051606830182942764	0.9483931698170572
N_AQ.3	0.8550113840493007	0.1449886159506993
N_AQ.30	0.23551786047932965	0.7644821395206703
N_AQ.300	0.9356681734037076	0.0643318265962925
N_AQ.301	0.9243153928251702	0.0756846071748298
N_AQ.302	0.3614791797661785	0.6385208202338215
N_AQ.303	0.1098416068238508	0.8901583931761492
N_AQ.304	0.8485042100327834	0.1514957899672166
N_AQ.305	0.6290393281727152	0.37096067182728476
N_AQ.307	0.13447552624344927	0.8655244737565507
N_AQ.308	0.8753573381757703	0.1246426618242297
N_AQ.309	0.8387246323898008	0.16127536761019928
N_AQ.31	0.8773063652458145	0.12269363475418552
N_AQ.310	0.1933907517560568	0.8066092482439432
N_AQ.311	0.04598471460716724	0.9540152853928328
N_AQ.312	0.20595428802253457	0.7940457119774654
N_AQ.313	0.028487730392326216	0.9715122696076738
N_AQ.315	0.10606170041883711	0.8939382995811629
N_AQ.316	0.17022541036572292	0.8297745896342771
N_AQ.317	0.7898429918430498	0.2101570081569502
N_AQ.318	0.2446280091179035	0.7553719908820965
N_AQ.319	0.7816872001082759	0.21831279989172414
N_AQ.32	0.9048801359299694	0.09511986407003055
N_AQ.320	0.19928137029882775	0.8007186297011722
N_AQ.322	0.4247776503274764	0.5752223496725236
N_AQ.323	0.1558207736647892	0.8441792263352108
N_AQ.324	0.17815907051923974	0.8218409294807603
N_AQ.325	0.3056030906114936	0.6943969093885064
N_AQ.326	0.5108126788390538	0.4891873211609462
N_AQ.328	0.12695130162029977	0.8730486983797002
N_AQ.329	0.487699091323329	0.512300908676671
N_AQ.33	0.7631557907035251	0.23684420929647493
N_AQ.332	0.24355869743587932	0.7564413025641207
N_AQ.333	0.3071637444060722	0.6928362555939278
N_AQ.334	0.6085472594946951	0.3914527405053049
N_AQ.335	0.5337424565929797	0.4662575434070203
N_AQ.336	0.8473027374532546	0.1526972625467454
N_AQ.337	0.8258366308237213	0.17416336917627875
N_AQ.338	0.20469525942223876	0.7953047405777612
N_AQ.339	0.32630175290090524	0.6736982470990948
N_AQ.34	0.601048362710311	0.39895163728968897
N_AQ.340	0.15335046439367173	0.8466495356063283
N_AQ.341	0.5902366704413372	0.4097633295586628
N_AQ.342	0.676858845259924	0.323141154740076
N_AQ.343	0.4366706068549582	0.5633293931450418
N_AQ.344	0.6482290124129237	0.3517709875870763
N_AQ.345	0.23919328636344228	0.7608067136365577
N_AQ.346	0.2851497101269491	0.7148502898730509
N_AQ.347	0.45776528937867456	0.5422347106213254
N_AQ.348	0.6584425948662338	0.3415574051337662
N_AQ.349	0.509102155586601	0.490897844413399
N_AQ.35	0.6497232735221574	0.3502767264778425
N_AQ.350	0.04215671578217495	0.957843284217825
N_AQ.351	0.7917874010380569	0.20821259896194308
N_AQ.352	0.549580314610858	0.45041968538914195
N_AQ.353	0.5248062620084342	0.47519373799156583
N_AQ.354	0.04999635478065256	0.9500036452193474
N_AQ.355	0.4162013651226565	0.5837986348773435
N_AQ.356	0.4394351131567882	0.5605648868432118
N_AQ.357	0.836895918163275	0.16310408183672498
N_AQ.358	0.27920993838852326	0.7207900616114767
N_AQ.359	0.4335282966499049	0.5664717033500951
N_AQ.360	0.08878776548654843	0.9112122345134516
N_AQ.361	0.7680971381090329	0.23190286189096715
N_AQ.362	0.43202019400248903	0.567979805997511
N_AQ.363	0.1627051053757288	0.8372948946242712
N_AQ.364	0.04022643488853361	0.9597735651114664
N_AQ.365	0.30503762766930886	0.6949623723306911
N_AQ.366	0.3735017026361469	0.6264982973638531
N_AQ.367	0.6913657580375259	0.3086342419624742
N_AQ.368	0.052365955661749286	0.9476340443382507
N_AQ.37	0.8746202077729313	0.12537979222706871
N_AQ.370	0.6809242253664574	0.3190757746335426
N_AQ.371	0.18910631420312274	0.8108936857968773
N_AQ.372	0.5884713203791561	0.411528679620844
N_AQ.373	0.09814203573630587	0.9018579642636941
N_AQ.375	0.6205021077746087	0.3794978922253914
N_AQ.376	0.7537960121260008	0.24620398787399922
N_AQ.377	0.21982332745993227	0.7801766725400677
N_AQ.378	0.4873863968684783	0.5126136031315217
N_AQ.379	0.7884236444071628	0.21157635559283713
N_AQ.38	0.16561318308077533	0.8343868169192247
N_AQ.380	0.05693140345008396	0.943068596549916
N_AQ.381	0.7337633238074082	0.26623667619259184
N_AQ.382	0.0753032672205095	0.9246967327794905
N_AQ.384	0.08982639418686644	0.9101736058131336
N_AQ.386	0.6459545775274923	0.3540454224725077
N_AQ.387	0.35196499392499003	0.64803500607501
N_AQ.389	0.41189772889095055	0.5881022711090494
N_AQ.39	0.11964022528183882	0.8803597747181612
N_AQ.391	0.7084045898829137	0.2915954101170864
N_AQ.392	0.7735839825285469	0.22641601747145307
N_AQ.394	0.790414992134779	0.20958500786522105
N_AQ.396	0.6016317776890686	0.3983682223109314
N_AQ.397	0.526659710229977	0.4733402897700229
N_AQ.398	0.23493995306403181	0.7650600469359682
N_AQ.399	0.24661883041097699	0.753381169589023
N_AQ.4	0.7352601721112062	0.2647398278887938
N_AQ.40	0.8112381500065214	0.18876184999347856
N_AQ.400	0.6737514079046594	0.3262485920953406
N_AQ.401	0.519725497979685	0.48027450202031496
N_AQ.402	0.5856396053695545	0.4143603946304455
N_AQ.403	0.46954928850968536	0.5304507114903146
N_AQ.404	0.22486239642099493	0.7751376035790051
N_AQ.405	0.34168246866462215	0.6583175313353778
N_AQ.406	0.6564184884622157	0.34358151153778427
N_AQ.408	0.511240228207716	0.488759771792284
N_AQ.409	0.17439336632649338	0.8256066336735066
N_AQ.41	0.6977346858977094	0.3022653141022906
N_AQ.410	0.6807945822760544	0.31920541772394556
N_AQ.411	0.38343542272601694	0.6165645772739831
N_AQ.412	0.8426198186969999	0.1573801813030001
N_AQ.414	0.19569190034186446	0.8043080996581355
N_AQ.415	0.45673306748489073	0.5432669325151093
N_AQ.416	0.0652825003235985	0.9347174996764015
N_AQ.417	0.5050402014507187	0.49495979854928135
N_AQ.418	0.5729075780941983	0.4270924219058017
N_AQ.419	0.1937772753272129	0.8062227246727871
N_AQ.42	0.14333356263496844	0.8566664373650316
N_AQ.420	0.21359891986864088	0.7864010801313591
N_AQ.421	0.7707328000635345	0.22926719993646544
N_AQ.422	0.24306087722737557	0.7569391227726244
N_AQ.423	0.062048027467756284	0.9379519725322437
N_AQ.424	0.041597563877728616	0.9584024361222714
N_AQ.425	0.4139036436364463	0.5860963563635537
N_AQ.426	0.39254485333113454	0.6074551466688655
N_AQ.427	0.1355155708117628	0.8644844291882372
N_AQ.43	0.11942747394637043	0.8805725260536296
N_AQ.430	0.9037334138458826	0.09626658615411743
N_AQ.432	0.6442103045867558	0.35578969541324423
N_AQ.433	0.27751500716151	0.72248499283849
N_AQ.436	0.40871882433896867	0.5912811756610313
N_AQ.438	0.5405492634221141	0.4594507365778859
N_AQ.439	0.3610630503516501	0.6389369496483499
N_AQ.44	0.041456161992380225	0.9585438380076198
N_AQ.440	0.64630441852329	0.35369558147671
N_AQ.441	0.8012300826226068	0.19876991737739325
N_AQ.442	0.5342190441984052	0.4657809558015948
N_AQ.444	0.2547771851437075	0.7452228148562925
N_AQ.445	0.5819616358845672	0.4180383641154328
N_AQ.446	0.5991934979446314	0.40080650205536866
N_AQ.447	0.22810240741922727	0.7718975925807727
N_AQ.448	0.40714220152564984	0.5928577984743502
N_AQ.449	0.08462992641408973	0.9153700735859103
N_AQ.45	0.043847298748858954	0.956152701251141
N_AQ.450	0.39824803167763945	0.6017519683223606
N_AQ.451	0.047356209302315544	0.9526437906976845
N_AQ.452	0.5863345435062126	0.41366545649378733
N_AQ.453	0.9096829483823536	0.09031705161764633
N_AQ.454	0.10438649372246533	0.8956135062775347
N_AQ.456	0.5412445158331269	0.458755484166873
N_AQ.457	0.3655873582340865	0.6344126417659135
N_AQ.458	0.6291590688171291	0.37084093118287087
N_AQ.459	0.8266541262915609	0.17334587370843912
N_AQ.46	0.3653185587463883	0.6346814412536117
N_AQ.461	0.11139062393954613	0.8886093760604539
N_AQ.462	0.3948691513655026	0.6051308486344974
N_AQ.464	0.6949916755335175	0.30500832446648246
N_AQ.465	0.6792213687142281	0.3207786312857719
N_AQ.466	0.5770555225487477	0.42294447745125224
N_AQ.467	0.45139379249034717	0.5486062075096528
N_AQ.468	0.6312584410132396	0.3687415589867604
N_AQ.47	0.5467063345977707	0.45329366540222926
N_AQ.470	0.26737143294651444	0.7326285670534856
N_AQ.471	0.7567529395550443	0.24324706044495573
N_AQ.472	0.5825373421550903	0.4174626578449097
N_AQ.473	0.150066009718678	0.849933990281322
N_AQ.475	0.6913452133558606	0.30865478664413937
N_AQ.476	0.2063456843864191	0.7936543156135809
N_AQ.477	0.5446415876131505	0.45535841238684943
N_AQ.478	0.3381496095804657	0.6618503904195343
N_AQ.479	0.6586537057492057	0.3413462942507944
N_AQ.48	0.21004136851260924	0.7899586314873908
N_AQ.480	0.6802243056352288	0.31977569436477116
N_AQ.481	0.7235797181567942	0.2764202818432058
N_AQ.482	0.22682796435324104	0.773172035646759
N_AQ.483	0.10557468940280867	0.8944253105971913
N_AQ.484	0.17581801569334887	0.8241819843066511
N_AQ.485	0.36487409322962716	0.6351259067703728
N_AQ.486	0.06335988490964317	0.9366401150903568
N_AQ.487	0.4596485812972618	0.5403514187027382
N_AQ.488	0.6175607520097912	0.38243924799020873
N_AQ.489	0.694917265273365	0.30508273472663505
N_AQ.49	0.35013003372221374	0.6498699662777863
N_AQ.490	0.4787411287234239	0.5212588712765761
N_AQ.491	0.16843536713936702	0.831564632860633
N_AQ.492	0.7288152776428696	0.2711847223571304
N_AQ.493	0.3016989536012441	0.6983010463987559
N_AQ.494	0.032366040780062444	0.9676339592199376
N_AQ.495	0.11811222593900494	0.8818877740609951
N_AQ.496	0.39645959437204936	0.6035404056279506
N_AQ.497	0.1935498516894385	0.8064501483105615
N_AQ.498	0.3345555992385155	0.6654444007614845
N_AQ.499	0.06856928014459929	0.9314307198554007
N_AQ.5	0.47959360592729283	0.5204063940727072
N_AQ.50	0.48434633912424363	0.5156536608757564
N_AQ.500	0.23058554068724468	0.7694144593127553
N_AQ.502	0.5154808633159624	0.48451913668403757
N_AQ.503	0.5528637428717276	0.4471362571282725
N_AQ.504	0.3998943173648254	0.6001056826351746
N_AQ.505	0.25358431435728657	0.7464156856427134
N_AQ.506	0.06794055176548153	0.9320594482345185
N_AQ.509	0.8947939812664426	0.10520601873355737
N_AQ.510	0.0644235682430212	0.9355764317569788
N_AQ.511	0.35623224832922395	0.643767751670776
N_AQ.512	0.5547384682682894	0.4452615317317105
N_AQ.513	0.25900254648634635	0.7409974535136536
N_AQ.514	0.20453460660181122	0.7954653933981888
N_AQ.515	0.7974098037119349	0.20259019628806507
N_AQ.516	0.7227409089020795	0.2772590910979205
N_AQ.518	0.6226097262555633	0.3773902737444367
N_AQ.519	0.3884487555201407	0.6115512444798593
N_AQ.52	0.26219994444139005	0.73780005555861
N_AQ.520	0.3896499216076107	0.6103500783923893
N_AQ.521	0.24870151906704796	0.751298480932952
N_AQ.522	0.5505073407464798	0.4494926592535203
N_AQ.523	0.18537592416562854	0.8146240758343715
N_AQ.524	0.3867020259001547	0.6132979740998453
N_AQ.525	0.6481830512314644	0.35181694876853564
N_AQ.526	0.23286569295166581	0.7671343070483342
N_AQ.527	0.4201431991777784	0.5798568008222216
N_AQ.528	0.19969914495361474	0.8003008550463853
N_AQ.529	0.9361010551001958	0.06389894489980419
N_AQ.53	0.0950411139575662	0.9049588860424338
N_AQ.531	0.6820516276386464	0.31794837236135365
N_AQ.532	0.8044370554392515	0.19556294456074846
N_AQ.533	0.26533753984560315	0.7346624601543968
N_AQ.534	0.03909158565947757	0.9609084143405224
N_AQ.536	0.23954004640872217	0.7604599535912778
N_AQ.537	0.35120382134066164	0.6487961786593384
N_AQ.538	0.15182681293432498	0.848173187065675
N_AQ.539	0.44277830690659004	0.55722169309341
N_AQ.54	0.6586388022665439	0.34136119773345613
N_AQ.540	0.38088642265674655	0.6191135773432535
N_AQ.542	0.04301474160343233	0.9569852583965677
N_AQ.543	0.044060448668601926	0.9559395513313981
N_AQ.544	0.5983871349935551	0.4016128650064449
N_AQ.545	0.10441598899787519	0.8955840110021248
N_AQ.547	0.17244048563632786	0.8275595143636721
N_AQ.548	0.4594383251506501	0.5405616748493499
N_AQ.549	0.2154685723207228	0.7845314276792772
N_AQ.55	0.454916534211938	0.545083465788062
N_AQ.550	0.35246782073128846	0.6475321792687115
N_AQ.552	0.1683762321997363	0.8316237678002637
N_AQ.553	0.311444828028002	0.688555171971998
N_AQ.554	0.2003613930383683	0.7996386069616317
N_AQ.555	0.5889464226728173	0.41105357732718273
N_AQ.556	0.5438248098680285	0.45617519013197155
N_AQ.557	0.7962876861335589	0.20371231386644104
N_AQ.558	0.8198002817677896	0.18019971823221043
N_AQ.56	0.33621099542988775	0.6637890045701123
N_AQ.560	0.2244653697854735	0.7755346302145265
N_AQ.561	0.8374879100165635	0.16251208998343647
N_AQ.563	0.5919040524501411	0.4080959475498589
N_AQ.564	0.22322396831948899	0.776776031680511
N_AQ.566	0.8948441103661828	0.10515588963381717
N_AQ.567	0.5610308966739426	0.43896910332605743
N_AQ.569	0.06803401898110062	0.9319659810188994
N_AQ.57	0.35243526478835785	0.6475647352116422
N_AQ.570	0.26550205200944255	0.7344979479905575
N_AQ.572	0.33933180511021455	0.6606681948897855
N_AQ.573	0.6800009481645759	0.31999905183542415
N_AQ.574	0.1502265055995533	0.8497734944004467
N_AQ.575	0.24323658548513538	0.7567634145148646
N_AQ.576	0.8747426185329269	0.1252573814670731
N_AQ.577	0.09654933089520601	0.903450669104794
N_AQ.578	0.26999984568420576	0.7300001543157942
N_AQ.579	0.20657656073162134	0.7934234392683787
N_AQ.58	0.7611178064140542	0.2388821935859457
N_AQ.580	0.77335588114736	0.22664411885264002
N_AQ.581	0.49492294853683194	0.5050770514631681
N_AQ.582	0.3495188703765758	0.6504811296234242
N_AQ.583	0.0755309875101201	0.9244690124898799
N_AQ.584	0.9607123960363141	0.039287603963685934
N_AQ.585	0.15038993337111228	0.8496100666288877
N_AQ.586	0.1401671995686269	0.8598328004313731
N_AQ.587	0.5585674635515704	0.4414325364484296
N_AQ.588	0.1660268578907136	0.8339731421092864
N_AQ.59	0.4991569113318022	0.5008430886681978
N_AQ.590	0.7836737550505093	0.21632624494949076
N_AQ.591	0.31448652634250873	0.6855134736574913
N_AQ.593	0.6969362415534346	0.3030637584465654
N_AQ.594	0.5129172328211999	0.48708276717880006
N_AQ.595	0.59308097209792	0.40691902790207995
N_AQ.596	0.02589061012519922	0.9741093898748008
N_AQ.597	0.6640553585517828	0.33594464144821723
N_AQ.598	0.7935992856970389	0.2064007143029612
N_AQ.599	0.3707560415354003	0.6292439584645997
N_AQ.6	0.9631241119674165	0.036875888032583425
N_AQ.60	0.22683537324143654	0.7731646267585635
N_AQ.600	0.8022142220900459	0.19778577790995405
N_AQ.601	0.18867774457599684	0.8113222554240032
N_AQ.602	0.07959771369368074	0.9204022863063193
N_AQ.603	0.9630266274525572	0.03697337254744285
N_AQ.604	0.30799775590790246	0.6920022440920975
N_AQ.606	0.2197896769582648	0.7802103230417352
N_AQ.607	0.44175829986793547	0.5582417001320645
N_AQ.608	0.7751713999438116	0.22482860005618843
N_AQ.609	0.5883895147903843	0.41161048520961574
N_AQ.61	0.08709530360161455	0.9129046963983855
N_AQ.611	0.26913426372589866	0.7308657362741013
N_AQ.612	0.17692010259721258	0.8230798974027874
N_AQ.613	0.04218501889379522	0.9578149811062048
N_AQ.614	0.9427232211972049	0.05727677880279511
N_AQ.615	0.37266849645897904	0.627331503541021
N_AQ.617	0.08397261886828589	0.9160273811317141
N_AQ.619	0.7669424503904322	0.2330575496095678
N_AQ.62	0.648442280299888	0.35155771970011196
N_AQ.621	0.3266021201587098	0.6733978798412902
N_AQ.622	0.7645347344748783	0.2354652655251217
N_AQ.623	0.880661497576853	0.11933850242314706
N_AQ.624	0.26735799519465275	0.7326420048053472
N_AQ.625	0.045491913634405745	0.9545080863655943
N_AQ.626	0.0017355018196477667	0.9982644981803522
N_AQ.627	0.3353536391512003	0.6646463608487997
N_AQ.628	0.41619583589462883	0.5838041641053712
N_AQ.629	0.35735786958578375	0.6426421304142163
N_AQ.63	0.04032388960557354	0.9596761103944265
N_AQ.630	0.09267743793836847	0.9073225620616315
N_AQ.631	0.3963853803006313	0.6036146196993687
N_AQ.632	0.07971936541959257	0.9202806345804074
N_AQ.633	0.475709712885966	0.524290287114034
N_AQ.635	0.7828028589345339	0.2171971410654661
N_AQ.636	0.14920597897736954	0.8507940210226305
N_AQ.637	0.1716605622149029	0.8283394377850971
N_AQ.639	0.018104840610193462	0.9818951593898065
N_AQ.64	0.5222675826691673	0.4777324173308327
N_AQ.642	0.5879406717570941	0.4120593282429059
N_AQ.643	0.8906380021636425	0.10936199783635747
N_AQ.644	0.771922220404082	0.22807777959591802
N_AQ.645	0.2781662613564101	0.7218337386435899
N_AQ.647	0.6233595683662074	0.3766404316337926
N_AQ.648	0.1626725966442134	0.8373274033557866
N_AQ.649	0.21353601671492672	0.7864639832850733
N_AQ.650	0.34566842505460826	0.6543315749453917
N_AQ.651	0.49340578878498986	0.5065942112150101
N_AQ.652	0.11779771046172294	0.8822022895382771
N_AQ.653	0.8340502504686184	0.1659497495313816
N_AQ.654	0.22323041191835247	0.7767695880816475
N_AQ.655	0.6750060325388294	0.32499396746117054
N_AQ.656	0.48849447519075284	0.5115055248092472
N_AQ.658	0.7461119493406694	0.25388805065933057
N_AQ.659	0.5407737322685464	0.45922626773145364
N_AQ.66	0.3702253925692327	0.6297746074307673
N_AQ.660	0.7541706480545024	0.24582935194549763
N_AQ.661	0.49928456162560353	0.5007154383743965
N_AQ.662	0.18920466139792902	0.810795338602071
N_AQ.663	0.21830583888483635	0.7816941611151637
N_AQ.664	0.5861964279919452	0.4138035720080549
N_AQ.665	0.1163012243371121	0.8836987756628879
N_AQ.667	0.1925131007818327	0.8074868992181673
N_AQ.668	0.750505691930784	0.24949430806921605
N_AQ.669	0.7328768668833813	0.2671231331166187
N_AQ.67	0.9204097504648427	0.07959024953515728
N_AQ.670	0.2529095162809002	0.7470904837190998
N_AQ.673	0.10895913467940521	0.8910408653205948
N_AQ.674	0.246806960930802	0.753193039069198
N_AQ.675	0.3867906135029737	0.6132093864970263
N_AQ.676	0.9521150118589822	0.04788498814101781
N_AQ.677	0.19763027635129515	0.8023697236487048
N_AQ.678	0.9329432346583556	0.06705676534164441
N_AQ.679	0.25069816907447995	0.74930183092552
N_AQ.68	0.7609656883443107	0.23903431165568936
N_AQ.680	0.33309845901306456	0.6669015409869354
N_AQ.681	0.12608009190198377	0.8739199080980162
N_AQ.683	0.7736670994997285	0.22633290050027158
N_AQ.684	0.059671952617176616	0.9403280473828234
N_AQ.685	0.04142611723977574	0.9585738827602243
N_AQ.686	0.7245987144157662	0.2754012855842338
N_AQ.687	0.5490209392611789	0.4509790607388211
N_AQ.688	0.5640239210995117	0.43597607890048823
N_AQ.689	0.525348605046096	0.47465139495390396
N_AQ.69	0.12584027968490308	0.8741597203150969
N_AQ.690	0.7786907081358807	0.22130929186411935
N_AQ.691	0.1389143201339551	0.8610856798660449
N_AQ.692	0.2069648228325882	0.7930351771674118
N_AQ.693	0.9480457599775491	0.05195424002245086
N_AQ.694	0.4100454160053084	0.5899545839946916
N_AQ.695	0.43748919618684645	0.5625108038131535
N_AQ.696	0.5654049444739149	0.43459505552608513
N_AQ.697	0.25715078366052213	0.7428492163394779
N_AQ.698	0.24434927309686272	0.7556507269031373
N_AQ.7	0.36571404419953113	0.6342859558004689
N_AQ.70	0.24367560598765237	0.7563243940123476
N_AQ.700	0.9609674363589251	0.03903256364107483
N_AQ.701	0.9019232210912242	0.09807677890877581
N_AQ.702	0.09093029068138836	0.9090697093186116
N_AQ.703	0.5509263220888848	0.4490736779111152
N_AQ.704	0.5092458257687202	0.4907541742312798
N_AQ.705	0.9024313226405359	0.0975686773594641
N_AQ.706	0.08151676519875639	0.9184832348012436
N_AQ.708	0.18849347371206437	0.8115065262879356
N_AQ.709	0.279225443872838	0.720774556127162
N_AQ.71	0.1902311638957559	0.8097688361042441
N_AQ.712	0.3263327202252748	0.6736672797747252
N_AQ.713	0.07875439650758553	0.9212456034924145
N_AQ.714	0.34505625505195303	0.654943744948047
N_AQ.716	0.9027171266825637	0.09728287331743632
N_AQ.717	0.5289235593851529	0.47107644061484705
N_AQ.718	0.6754339997999421	0.3245660002000578
N_AQ.719	0.2479518434988256	0.7520481565011744
N_AQ.72	0.2102519792460581	0.7897480207539419
N_AQ.720	0.11307963712175118	0.8869203628782488
N_AQ.722	0.44843352631750366	0.5515664736824963
N_AQ.724	0.20541094755377798	0.794589052446222
N_AQ.725	0.716629243256946	0.283370756743054
N_AQ.726	0.46975904073444197	0.530240959265558
N_AQ.727	0.4438287410226278	0.5561712589773722
N_AQ.728	0.42550498548912763	0.5744950145108724
N_AQ.729	0.191017974260834	0.808982025739166
N_AQ.73	0.5372892094485235	0.46271079055147646
N_AQ.730	0.31893239849782595	0.681067601502174
N_AQ.731	0.6974260224998092	0.3025739775001907
N_AQ.732	0.09425718910766967	0.9057428108923303
N_AQ.733	0.4741590721969746	0.5258409278030254
N_AQ.734	0.04303050990568025	0.9569694900943198
N_AQ.735	0.6770588205273372	0.32294117947266276
N_AQ.736	0.5652361865676887	0.43476381343231135
N_AQ.737	0.395850339488536	0.604149660511464
N_AQ.738	0.4656942902760661	0.5343057097239339
N_AQ.739	0.3808284522910115	0.6191715477089885
N_AQ.74	0.5813297994628935	0.41867020053710646
N_AQ.740	0.3258192386150828	0.6741807613849172
N_AQ.741	0.07266648137654841	0.9273335186234516
N_AQ.744	0.2549350226473721	0.7450649773526279
N_AQ.745	0.05879622651869165	0.9412037734813083
N_AQ.748	0.36156330546162596	0.638436694538374
N_AQ.749	0.9097673965322064	0.09023260346779366
N_AQ.75	0.10580070556021426	0.8941992944397857
N_AQ.750	0.8097118361964687	0.1902881638035313
N_AQ.751	0.627679100527149	0.37232089947285096
N_AQ.752	0.20392155997560324	0.7960784400243968
N_AQ.754	0.6003510416046636	0.3996489583953364
N_AQ.755	0.8067286441870118	0.19327135581298813
N_AQ.756	0.36934623223077934	0.6306537677692207
N_AQ.758	0.09011168903044209	0.9098883109695579
N_AQ.759	0.5912011001426006	0.40879889985739937
N_AQ.76	0.6288226055045762	0.3711773944954238
N_AQ.760	0.271222156896207	0.728777843103793
N_AQ.761	0.08947874282349033	0.9105212571765097
N_AQ.762	0.5797011317920814	0.4202988682079186
N_AQ.765	0.36610240548837014	0.6338975945116299
N_AQ.766	0.5519437411341072	0.44805625886589284
N_AQ.768	0.33320589545991264	0.6667941045400874
N_AQ.769	0.20159916454330418	0.7984008354566958
N_AQ.77	0.24833589908848086	0.7516641009115191
N_AQ.771	0.24232554728606925	0.7576744527139307
N_AQ.772	0.7929551546043107	0.20704484539568935
N_AQ.774	0.37787297721064506	0.6221270227893549
N_AQ.775	0.1051179133470056	0.8948820866529944
N_AQ.776	0.9637189754522072	0.03628102454779283
N_AQ.777	0.7209108066382865	0.2790891933617135
N_AQ.779	0.7392222981694613	0.2607777018305387
N_AQ.781	0.09941036510608237	0.9005896348939176
N_AQ.782	0.36811763600323466	0.6318823639967653
N_AQ.784	0.729466124426355	0.2705338755736451
N_AQ.785	0.920306565011537	0.07969343498846301
N_AQ.786	0.6707925663781289	0.3292074336218711
N_AQ.787	0.30531283315399127	0.6946871668460087
N_AQ.788	0.1818538732883208	0.8181461267116792
N_AQ.789	0.6285063590383825	0.3714936409616175
N_AQ.79	0.10129167205772238	0.8987083279422776
N_AQ.790	0.2423618326701803	0.7576381673298197
N_AQ.791	0.7388132113744352	0.2611867886255648
N_AQ.792	0.32219929772405576	0.6778007022759442
N_AQ.793	0.9499768075592614	0.05002319244073857
N_AQ.794	0.884955608089397	0.11504439191060305
N_AQ.795	0.6772681335184456	0.3227318664815544
N_AQ.796	0.4869021609921276	0.5130978390078724
N_AQ.797	0.11290448364560524	0.8870955163543948
N_AQ.798	0.3683719763331318	0.6316280236668682
N_AQ.799	0.7180849009108189	0.2819150990891811
N_AQ.8	0.4544972217893324	0.5455027782106676
N_AQ.80	0.6326414496224286	0.3673585503775713
N_AQ.801	0.7375161115437892	0.2624838884562108
N_AQ.803	0.3300309652257555	0.6699690347742445
N_AQ.804	0.12382934949785818	0.8761706505021418
N_AQ.805	0.25180030025637024	0.7481996997436298
N_AQ.806	0.5448107572909004	0.4551892427090995
N_AQ.807	0.28071097661088273	0.7192890233891173
N_AQ.808	0.3544215992606592	0.6455784007393408
N_AQ.809	0.08906640451657433	0.9109335954834257
N_AQ.810	0.27301681688216317	0.7269831831178368
N_AQ.811	0.5845221497209119	0.41547785027908807
N_AQ.812	0.4775819456272997	0.5224180543727003
N_AQ.813	0.0816333089958099	0.9183666910041901
N_AQ.815	0.19096659054374132	0.8090334094562587
N_AQ.816	0.9677621973135268	0.03223780268647323
N_AQ.817	0.12464411910567719	0.8753558808943228
N_AQ.818	0.35576315811764914	0.6442368418823509
N_AQ.819	0.3911484974162436	0.6088515025837564
N_AQ.821	0.4237869165197278	0.5762130834802722
N_AQ.823	0.1111771941245785	0.8888228058754215
N_AQ.824	0.8978250135637753	0.10217498643622473
N_AQ.825	0.4743552291722416	0.5256447708277584
N_AQ.826	0.5859193662650213	0.4140806337349787
N_AQ.829	0.16972167285849205	0.830278327141508
N_AQ.83	0.22368866057068915	0.7763113394293109
N_AQ.830	0.8120646644103692	0.1879353355896308
N_AQ.831	0.27944386048513403	0.720556139514866
N_AQ.832	0.2523745945815439	0.7476254054184561
N_AQ.833	0.49095981496120655	0.5090401850387934
N_AQ.834	0.07422413007356254	0.9257758699264375
N_AQ.835	0.1380128891877136	0.8619871108122864
N_AQ.836	0.5558747061265875	0.4441252938734125
N_AQ.837	0.9323203810694094	0.06767961893059057
N_AQ.838	0.29646227503039724	0.7035377249696028
N_AQ.839	0.6559621419263537	0.34403785807364623
N_AQ.84	0.15403775055564417	0.8459622494443558
N_AQ.841	0.2908579698370547	0.7091420301629453
N_AQ.842	0.24469382006638363	0.7553061799336164
N_AQ.843	0.2234998819878108	0.7765001180121892
N_AQ.844	0.09092845102255942	0.9090715489774406
N_AQ.845	0.4023321668086258	0.5976678331913742
N_AQ.846	0.2574235429316163	0.7425764570683837
N_AQ.847	0.876492523922296	0.123507476077704
N_AQ.849	0.3236105160248175	0.6763894839751825
N_AQ.85	0.4095588827440775	0.5904411172559225
N_AQ.850	0.23279951377139974	0.7672004862286003
N_AQ.851	0.7514677489561443	0.24853225104385565
N_AQ.852	0.35996253763424846	0.6400374623657515
N_AQ.853	0.8189551702724931	0.18104482972750696
N_AQ.854	0.281109234572013	0.718890765427987
N_AQ.855	0.31498220259386744	0.6850177974061326
N_AQ.856	0.4955875324937259	0.5044124675062741
N_AQ.857	0.8003219467253434	0.19967805327465663
N_AQ.858	0.19416833017560875	0.8058316698243913
N_AQ.859	0.21512906695628098	0.784870933043719
N_AQ.86	0.5277316616449099	0.47226833835509013
N_AQ.860	0.48919119526495636	0.5108088047350436
N_AQ.861	0.28549207658380227	0.7145079234161977
N_AQ.862	0.48224964160955475	0.5177503583904453
N_AQ.863	0.42850796394770363	0.5714920360522964
N_AQ.864	0.5394138610603108	0.4605861389396892
N_AQ.866	0.2664053212961933	0.7335946787038067
N_AQ.867	0.1623968764292495	0.8376031235707505
N_AQ.868	0.5765078906665952	0.42349210933340475
N_AQ.869	0.7230043647408566	0.27699563525914345
N_AQ.87	0.7239992586605677	0.2760007413394323
N_AQ.871	0.6135798455533108	0.38642015444668915
N_AQ.872	0.2062016612791462	0.7937983387208538
N_AQ.873	0.30889995259431313	0.6911000474056869
N_AQ.875	0.05798398224131096	0.942016017758689
N_AQ.877	0.37568640858100455	0.6243135914189955
N_AQ.878	0.32897474178427355	0.6710252582157265
N_AQ.879	0.3340483741151017	0.6659516258848983
N_AQ.88	0.5464020330149464	0.4535979669850536
N_AQ.880	0.4570152333177723	0.5429847666822277
N_AQ.881	0.1539195296696112	0.8460804703303888
N_AQ.883	0.7483243492657474	0.2516756507342526
N_AQ.884	0.11436169345518732	0.8856383065448127
N_AQ.885	0.1013310338310871	0.8986689661689129
N_AQ.886	0.2241537448309474	0.7758462551690526
N_AQ.887	0.8903000788366795	0.10969992116332056
N_AQ.888	0.20979998203221817	0.7902000179677818
N_AQ.889	0.38016755337287156	0.6198324466271284
N_AQ.89	0.276880404990719	0.723119595009281
N_AQ.890	0.04009062201943725	0.9599093779805628
N_AQ.892	0.1264711538917931	0.8735288461082069
N_AQ.893	0.23287545740260873	0.7671245425973913
N_AQ.894	0.20798099718350727	0.7920190028164927
N_AQ.895	0.42153289187632137	0.5784671081236786
N_AQ.896	0.7822186088404197	0.2177813911595803
N_AQ.897	0.6027724028439319	0.39722759715606815
N_AQ.898	0.5970075539678938	0.40299244603210616
N_AQ.9	0.9373197553078669	0.06268024469213312
N_AQ.90	0.10880654479248064	0.8911934552075194
N_AQ.900	0.7886248413843947	0.21137515861560527
N_AQ.904	0.09812429786216681	0.9018757021378332
N_AQ.905	0.08690534261136673	0.9130946573886333
N_AQ.907	0.6711338307276302	0.3288661692723697
N_AQ.908	0.18785021570326965	0.8121497842967303
N_AQ.909	0.07422782545180417	0.9257721745481958
N_AQ.91	0.32793409626318437	0.6720659037368156
N_AQ.910	0.27956865842790657	0.7204313415720934
N_AQ.911	0.133726059834251	0.866273940165749
N_AQ.912	0.4422367553174261	0.5577632446825739
N_AQ.913	0.5415516161098511	0.45844838389014886
N_AQ.914	0.2917543538494418	0.7082456461505582
N_AQ.915	0.08233694956819226	0.9176630504318077
N_AQ.916	0.2951694850519686	0.7048305149480314
N_AQ.917	0.9199493310160809	0.08005066898391905
N_AQ.918	0.057101866189297246	0.9428981338107028
N_AQ.92	0.1554610819251656	0.8445389180748344
N_AQ.920	0.15873071987893317	0.8412692801210668
N_AQ.921	0.16444745115555381	0.8355525488444462
N_AQ.922	0.705397220787632	0.294602779212368
N_AQ.923	0.09746212124697984	0.9025378787530202
N_AQ.924	0.1022683422518258	0.8977316577481742
N_AQ.925	0.1677390031688739	0.8322609968311261
N_AQ.926	0.6813030875337269	0.318696912466273
N_AQ.927	0.041742469490247736	0.9582575305097523
N_AQ.928	0.2618599093784788	0.7381400906215212
N_AQ.929	0.8528147660341037	0.1471852339658963
N_AQ.93	0.06068090657124037	0.9393190934287596
N_AQ.930	0.1386942616406135	0.8613057383593865
N_AQ.931	0.5664897011830886	0.4335102988169114
N_AQ.932	0.4192714455496622	0.5807285544503378
N_AQ.933	0.9870319854943892	0.012968014505610853
N_AQ.934	0.8781436459799526	0.1218563540200474
N_AQ.936	0.7085597438063789	0.29144025619362113
N_AQ.937	0.519054475852506	0.480945524147494
N_AQ.938	0.16951894925420563	0.8304810507457944
N_AQ.939	0.16310384269872724	0.8368961573012728
N_AQ.94	0.44797199186470615	0.5520280081352938
N_AQ.940	0.8940571849436314	0.10594281505636859
N_AQ.942	0.910677896976439	0.08932210302356103
N_AQ.943	0.05426652196522508	0.9457334780347749
N_AQ.944	0.09040160150714449	0.9095983984928555
N_AQ.945	0.03099369208548497	0.969006307914515
N_AQ.946	0.4048461945324171	0.5951538054675829
N_AQ.947	0.7141933265952771	0.2858066734047229
N_AQ.948	0.43589404235664875	0.5641059576433513
N_AQ.949	0.7441899993081292	0.25581000069187076
N_AQ.950	0.0739382386036398	0.9260617613963602
N_AQ.953	0.07516603438882297	0.924833965611177
N_AQ.954	0.757681431881903	0.242318568118097
N_AQ.955	0.23391174474991128	0.7660882552500887
N_AQ.956	0.6621838580992481	0.337816141900752
N_AQ.957	0.37119440165823947	0.6288055983417605
N_AQ.958	0.1995498879492552	0.8004501120507448
N_AQ.959	0.915945459751143	0.08405454024885695
N_AQ.96	0.12413637462232319	0.8758636253776768
N_AQ.960	0.6782487493033137	0.3217512506966863
N_AQ.961	0.7263912254935901	0.27360877450640986
N_AQ.962	0.7971181481862781	0.20288185181372181
N_AQ.963	0.1312472479127741	0.8687527520872259
N_AQ.964	0.32559857923637037	0.6744014207636296
N_AQ.965	0.8716976433696907	0.12830235663030934
N_AQ.966	0.2450617169603142	0.7549382830396858
N_AQ.967	0.010514295822172559	0.9894857041778274
N_AQ.968	0.5307222788906821	0.46927772110931787
N_AQ.969	0.7228156231676087	0.2771843768323913
N_AQ.97	0.3074140854555313	0.6925859145444687
N_AQ.970	0.504470370211932	0.49552962978806797
N_AQ.971	0.1336798771107458	0.8663201228892542
N_AQ.972	0.16311863204101085	0.8368813679589892
N_AQ.973	0.9339436622862827	0.06605633771371727
N_AQ.974	0.8193261953329006	0.18067380466709934
N_AQ.975	0.16683059793712396	0.833169402062876
N_AQ.977	0.2223731028212479	0.7776268971787521
N_AQ.978	0.4895964900433788	0.5104035099566212
N_AQ.98	0.18717237194923397	0.812827628050766
N_AQ.980	0.16460254300308153	0.8353974569969185
N_AQ.981	0.874327568719431	0.125672431280569
N_AQ.982	0.7501311406298845	0.24986885937011555
N_AQ.983	0.7894632105838397	0.21053678941616022
N_AQ.984	0.3828412740486672	0.6171587259513328
N_AQ.985	0.11679081492247956	0.8832091850775204
N_AQ.986	0.1520944344897035	0.8479055655102965
N_AQ.987	0.4587785569053243	0.5412214430946757
N_AQ.988	0.10848788945101329	0.8915121105489867
N_AQ.989	0.18531079703553055	0.8146892029644694
N_AQ.99	0.39333868821328244	0.6066613117867176
N_AQ.990	0.46028686174759614	0.5397131382524039
N_AQ.991	0.2662444382971252	0.7337555617028748
N_AQ.992	0.44164953268857865	0.5583504673114214
N_AQ.994	0.3445007460200935	0.6554992539799065
N_AQ.995	0.058722878370198295	0.9412771216298017
N_AQ.997	0.5545082240745436	0.44549177592545636
N_AQ.998	0.48502317632391967	0.5149768236760803
N_AQ.1004	0.1400911306115098	0.8599088693884902
N_AQ.1006	0.5077319847917213	0.4922680152082787
N_AQ.1012	0.3551871175875072	0.6448128824124928
N_AQ.102	0.622624765065855	0.37737523493414504
N_AQ.1022	0.5029504909840896	0.4970495090159104
N_AQ.1028	0.2565450251740914	0.7434549748259086
N_AQ.1029	0.5518842858689466	0.4481157141310535
N_AQ.1041	0.421255313461791	0.578744686538209
N_AQ.1047	0.2934175791570437	0.7065824208429563
N_AQ.1053	0.1261936474302836	0.8738063525697164
N_AQ.1054	0.05631558856034602	0.943684411439654
N_AQ.1058	0.9138469198886048	0.08615308011139526
N_AQ.1066	0.1667976266248301	0.8332023733751699
N_AQ.1077	0.35904408223628215	0.6409559177637179
N_AQ.1100	0.5043198964025983	0.4956801035974016
N_AQ.1105	0.0336090215853474	0.9663909784146526
N_AQ.1128	0.0389792295932998	0.9610207704067002
N_AQ.1135	0.6300186135173682	0.36998138648263185
N_AQ.1137	0.7028939595700292	0.2971060404299708
N_AQ.1139	0.23256067469211106	0.7674393253078889
N_AQ.1156	0.1947534255052491	0.8052465744947509
N_AQ.1162	0.12248340794563484	0.8775165920543652
N_AQ.1170	0.4810022544753031	0.5189977455246969
N_AQ.1179	0.030866471712779897	0.9691335282872201
N_AQ.120	0.20678807065099258	0.7932119293490074
N_AQ.1211	0.09777717059423963	0.9022228294057604
N_AQ.1223	0.6317230462402903	0.36827695375970976
N_AQ.1224	0.1661960781852302	0.8338039218147698
N_AQ.1227	0.6545530799422834	0.3454469200577166
N_AQ.1238	0.2601861955808391	0.7398138044191609
N_AQ.1239	0.43382387139575984	0.5661761286042402
N_AQ.1241	0.26472755480443155	0.7352724451955684
N_AQ.1245	0.06218740755806029	0.9378125924419397
N_AQ.125	0.5723003677362102	0.4276996322637898
N_AQ.1251	0.37554367353272367	0.6244563264672763
N_AQ.1256	0.19472989337515811	0.8052701066248419
N_AQ.1286	0.04043856851070682	0.9595614314892932
N_AQ.1295	0.3484578964198881	0.6515421035801119
N_AQ.1303	0.5998024700524205	0.40019752994757946
N_AQ.1309	0.5861515555651546	0.4138484444348454
N_AQ.1321	0.573241162769571	0.4267588372304289
N_AQ.1324	0.1265707232260339	0.8734292767739661
N_AQ.133	0.7761532641232205	0.22384673587677945
N_AQ.1334	0.04316419216364087	0.9568358078363591
N_AQ.1341	0.3859911632466354	0.6140088367533646
N_AQ.1345	0.21326604479767697	0.786733955202323
N_AQ.1348	0.30152296618168406	0.6984770338183159
N_AQ.1365	0.08146154111250459	0.9185384588874954
N_AQ.1373	0.29750645234904416	0.7024935476509558
N_AQ.1376	0.024762571515972165	0.9752374284840278
N_AQ.1384	0.43847736479325583	0.5615226352067442
N_AQ.1387	0.4155873031752365	0.5844126968247635
N_AQ.1403	0.4119037965860689	0.5880962034139311
N_AQ.1404	0.4445852060822858	0.5554147939177142
N_AQ.142	0.6761534190342918	0.3238465809657082
N_AQ.1421	0.8546245087253135	0.1453754912746865
N_AQ.1426	0.5965324990416179	0.4034675009583821
N_AQ.1443	0.744548981335448	0.25545101866455205
N_AQ.1452	0.5456291911754835	0.4543708088245165
N_AQ.1454	0.5816383298350601	0.41836167016493986
N_AQ.1478	0.22600745560980384	0.7739925443901962
N_AQ.1484	0.15708755123522578	0.8429124487647742
N_AQ.1498	0.42070496998994833	0.5792950300100517
N_AQ.1499	0.2467610219249876	0.7532389780750124
N_AQ.150	0.25845884683657794	0.7415411531634221
N_AQ.1512	0.8847428097612211	0.11525719023877888
N_AQ.1517	0.3292256270102455	0.6707743729897545
N_AQ.1520	0.21892455123352406	0.7810754487664759
N_AQ.1531	0.05208414579573195	0.947915854204268
N_AQ.1539	0.16414005869228365	0.8358599413077163
N_AQ.1551	0.23270002412641377	0.7672999758735862
N_AQ.1553	0.24590124272918323	0.7540987572708168
N_AQ.1556	0.026674063181722052	0.973325936818278
N_AQ.181	0.5967672454797242	0.40323275452027585
N_AQ.193	0.15435411954984501	0.845645880450155
N_AQ.198	0.2950851077971506	0.7049148922028494
N_AQ.203	0.5606148088519114	0.43938519114808855
N_AQ.212	0.3209187954552748	0.6790812045447252
N_AQ.214	0.7618177439553627	0.23818225604463725
N_AQ.225	0.19739997570075563	0.8026000242992444
N_AQ.237	0.21866877253080885	0.7813312274691911
N_AQ.245	0.016362374940507518	0.9836376250594925
N_AQ.262	0.08981208714192512	0.9101879128580749
N_AQ.275	0.09691643781475179	0.9030835621852482
N_AQ.277	0.2835517659135989	0.7164482340864011
N_AQ.280	0.4404465679564906	0.5595534320435094
N_AQ.306	0.40059226317141217	0.5994077368285878
N_AQ.314	0.4456898949220559	0.5543101050779441
N_AQ.321	0.5831976730344695	0.4168023269655306
N_AQ.327	0.12026991850384228	0.8797300814961577
N_AQ.330	0.6420409289701496	0.3579590710298503
N_AQ.331	0.6701758427283089	0.3298241572716912
N_AQ.374	0.5757830602952819	0.4242169397047181
N_AQ.390	0.161518590884694	0.838481409115306
N_AQ.393	0.1732360909535594	0.8267639090464406
N_AQ.413	0.025243070244019172	0.9747569297559808
N_AQ.428	0.38052005286566104	0.619479947134339
N_AQ.434	0.8762847977588044	0.12371520224119553
N_AQ.435	0.1297793493429057	0.8702206506570943
N_AQ.463	0.048546528848941506	0.9514534711510585
N_AQ.474	0.09217247991402677	0.9078275200859732
N_AQ.507	0.5943976581260487	0.4056023418739513
N_AQ.508	0.10612988139721502	0.893870118602785
N_AQ.51	0.9757967342990108	0.024203265700989157
N_AQ.517	0.23745214941873838	0.7625478505812616
N_AQ.530	0.032759743078477954	0.967240256921522
N_AQ.551	0.8274128635197251	0.17258713648027488
N_AQ.559	0.36925892700042984	0.6307410729995702
N_AQ.571	0.4378964489487882	0.5621035510512118
N_AQ.589	0.05846633862968065	0.9415336613703194
N_AQ.592	0.5316245439379179	0.4683754560620821
N_AQ.605	0.01517573078322676	0.9848242692167732
N_AQ.641	0.8857854116629291	0.1142145883370709
N_AQ.657	0.4962263148781032	0.5037736851218968
N_AQ.671	0.5640188635740779	0.435981136425922
N_AQ.682	0.17705067747305037	0.8229493225269496
N_AQ.699	0.4335839682589495	0.5664160317410505
N_AQ.710	0.7110576728654406	0.28894232713455936
N_AQ.721	0.9715782149061375	0.02842178509386254
N_AQ.723	0.21503942205778315	0.7849605779422169
N_AQ.742	0.7339815624616776	0.26601843753832244
N_AQ.746	0.34499448890008744	0.6550055110999126
N_AQ.753	0.08813160304148171	0.9118683969585183
N_AQ.757	0.8450566523451224	0.15494334765487758
N_AQ.763	0.30824470370167634	0.6917552962983237
N_AQ.764	0.4461059565118848	0.5538940434881152
N_AQ.767	0.33975816062972075	0.6602418393702792
N_AQ.770	0.6054294806923182	0.3945705193076819
N_AQ.773	0.38288783891607114	0.6171121610839289
N_AQ.78	0.194509090064389	0.805490909935611
N_AQ.783	0.5226386241418082	0.4773613758581919
N_AQ.802	0.5499755447524857	0.4500244552475144
N_AQ.828	0.24136603449939253	0.7586339655006075
N_AQ.865	0.9360254639376191	0.06397453606238085
N_AQ.870	0.18130468865561844	0.8186953113443816
N_AQ.874	0.509621941108279	0.4903780588917211
N_AQ.882	0.5379194487961758	0.46208055120382424
N_AQ.899	0.0844375666715621	0.9155624333284379
N_AQ.901	0.026468773843092874	0.9735312261569071
N_AQ.919	0.6453545421895591	0.3546454578104409
N_AQ.935	0.12415036623695686	0.8758496337630431
N_AQ.952	0.6627415523420312	0.33725844765796875
N_AQ.976	0.116094604959746	0.883905395040254
N_AQ.979	0.33451610907938045	0.6654838909206195
N_AQ.999	0.19601765510223135	0.8039823448977687
N_AQ.1010	0.4813844432874267	0.5186155567125733
N_AQ.1084	0.494321513684464	0.505678486315536
N_AQ.1117	0.47030501111885625	0.5296949888811437
N_AQ.1152	0.2233597372210766	0.7766402627789234
N_AQ.1165	0.30447266846642795	0.695527331533572
N_AQ.1180	0.5063689379783819	0.4936310620216181
N_AQ.1253	0.3670762990177122	0.6329237009822878
N_AQ.1322	0.12160910563262317	0.8783908943673768
N_AQ.1453	0.11993762293486177	0.8800623770651382
N_AQ.15	0.7752992392997122	0.22470076070028772
N_AQ.1510	0.051947420567772906	0.9480525794322271
N_AQ.1513	0.04453716636391436	0.9554628336360856
N_AQ.1537	0.08317711631874969	0.9168228836812503
N_AQ.383	0.1823613093120262	0.8176386906879738
N_AQ.395	0.5352540360132716	0.46474596398672835
N_AQ.429	0.36485018198349584	0.6351498180165042
N_AQ.620	0.24168759612184287	0.7583124038781571
N_AQ.634	0.24489919346889288	0.7551008065311071
N_AQ.640	0.3221629522896652	0.6778370477103348
N_AQ.814	0.48362398061212364	0.5163760193878764
N_AQ.82	0.005044503124583266	0.9949554968754167
N_AQ.827	0.09612940120340352	0.9038705987965965
N_AQ.902	0.30823588073917185	0.6917641192608281
N_AQ.941	0.2537305199251342	0.7462694800748658
N_AQ.996	0.8437892225322376	0.1562107774677623
N_AQ.1016	0.6202234626247871	0.37977653737521283
N_AQ.1040	0.20241335572131847	0.7975866442786815
N_AQ.1127	0.18460350104485979	0.8153964989551402
N_AQ.1144	0.5524428445749388	0.4475571554250613
N_AQ.1149	0.2256282293137457	0.7743717706862543
N_AQ.1160	0.20874918113920793	0.7912508188607921
N_AQ.1266	0.8540197866675946	0.14598021333240538
N_AQ.127	0.8452219568316818	0.15477804316831825
N_AQ.1328	0.049202094446977984	0.950797905553022
N_AQ.1359	0.5897086467597412	0.4102913532402588
N_AQ.1372	0.9066534750842499	0.09334652491575011
N_AQ.1389	0.1893947221949358	0.8106052778050642
N_AQ.1390	0.19094151252792002	0.80905848747208
N_AQ.141	0.036729313959027454	0.9632706860409725
N_AQ.1458	0.0682590377148472	0.9317409622851528
N_AQ.1468	0.7775135072164803	0.22248649278351976
N_AQ.147	0.23355156243302944	0.7664484375669706
N_AQ.1472	0.036525182642232146	0.9634748173577679
N_AQ.1527	0.8114218556618358	0.18857814433816428
N_AQ.1545	0.17163234953079953	0.8283676504692005
N_AQ.161	0.028362657592683083	0.9716373424073169
N_AQ.226	0.7591779314937157	0.24082206850628426
N_AQ.253	0.05338826089139315	0.9466117391086069
N_AQ.36	0.015635015066551405	0.9843649849334486
N_AQ.369	0.35382601231037514	0.6461739876896249
N_AQ.385	0.1913887593645447	0.8086112406354553
N_AQ.388	0.34137679098753326	0.6586232090124667
N_AQ.431	0.06689261845595196	0.933107381544048
N_AQ.437	0.39709368877902207	0.6029063112209779
N_AQ.443	0.5173959271598094	0.48260407284019063
N_AQ.455	0.19774161873436114	0.8022583812656389
N_AQ.469	0.10908616829544038	0.8909138317045596
N_AQ.501	0.05052645135070011	0.9494735486492999
N_AQ.535	0.3712016723694096	0.6287983276305904
N_AQ.541	0.10925800085542592	0.8907419991445741
N_AQ.562	0.37867854558296465	0.6213214544170353
N_AQ.565	0.2119835242551198	0.7880164757448802
N_AQ.568	0.21681546635378124	0.7831845336462188
N_AQ.616	0.3663091536147942	0.6336908463852058
N_AQ.618	0.1662408800479781	0.8337591199520219
N_AQ.638	0.5087344834007741	0.4912655165992259
N_AQ.646	0.7820432634125679	0.21795673658743206
N_AQ.666	0.04450062652962805	0.955499373470372
N_AQ.672	0.1344274266251364	0.8655725733748636
N_AQ.707	0.37484690924425523	0.6251530907557448
N_AQ.711	0.09604781897888182	0.9039521810211182
N_AQ.747	0.7710048696676234	0.2289951303323766
N_AQ.778	0.5029547460703689	0.497045253929631
N_AQ.780	0.1261769409077832	0.8738230590922168
N_AQ.800	0.3788673966590308	0.6211326033409692
N_AQ.81	0.7387031679981413	0.26129683200185877
N_AQ.820	0.06301295908804283	0.9369870409119572
N_AQ.822	0.34200659606305184	0.6579934039369482
N_AQ.876	0.7616842616038062	0.23831573839619383
N_AQ.891	0.029509981532732543	0.9704900184672675
N_AQ.903	0.523299689076263	0.476700310923737
N_AQ.906	0.22667933981038746	0.7733206601896125
N_AQ.993	0.2691531822116867	0.7308468177883133
N_AQ.1018	0.6222165553163919	0.3777834446836081
N_AQ.1206	0.30036338785006	0.69963661214994
N_AQ.1439	0.1092142510219205	0.8907857489780795
N_AQ.848	0.7327659875435235	0.2672340124564765
N_AQ.460	0.6268756087601803	0.3731243912398197
N_AQ.1185	0.4315382800654296	0.5684617199345704
N_AQ.610	0.5263997056148572	0.47360029438514284
N_AQ.715	0.15293102212005594	0.8470689778799441
N_AQ.1190	0.869342016879942	0.1306579831200581
N_AQ.1204	0.1678560073719887	0.8321439926280113
N_AQ.840	0.4116988436315556	0.5883011563684444
P_AQ.1	0.059445146417053896	0.9405548535829461
P_AQ.10	0.1496992766327533	0.8503007233672467
P_AQ.1001	0.5520607291784948	0.4479392708215052
P_AQ.1002	0.1958081776478211	0.8041918223521789
P_AQ.1003	0.10999789669286386	0.8900021033071361
P_AQ.1004	0.6299432377581753	0.3700567622418247
P_AQ.1005	0.6899338486479841	0.3100661513520159
P_AQ.1006	0.20032908970349694	0.7996709102965031
P_AQ.1008	0.1551948104906692	0.8448051895093308
P_AQ.101	0.26407857866172313	0.7359214213382769
P_AQ.1010	0.5197848785904592	0.4802151214095408
P_AQ.1011	0.42696910416898337	0.5730308958310166
P_AQ.1012	0.38681380727794856	0.6131861927220514
P_AQ.1013	0.9275967471987232	0.0724032528012768
P_AQ.1015	0.12308824943327201	0.876911750566728
P_AQ.1016	0.22722926977716118	0.7727707302228388
P_AQ.1017	0.30432134437343483	0.6956786556265652
P_AQ.1019	0.2692592769712403	0.7307407230287597
P_AQ.102	0.19725623539294124	0.8027437646070588
P_AQ.1020	0.3950018873756066	0.6049981126243934
P_AQ.1024	0.07673833016548737	0.9232616698345126
P_AQ.1025	0.2854445374769833	0.7145554625230167
P_AQ.1026	0.9196691425951258	0.08033085740487422
P_AQ.1027	0.11074472433405225	0.8892552756659478
P_AQ.1028	0.7554763943620779	0.2445236056379221
P_AQ.1029	0.09092153218434451	0.9090784678156555
P_AQ.103	0.9814239649442487	0.018576035055751346
P_AQ.1030	0.1741641449085889	0.8258358550914111
P_AQ.1031	0.07838836554931705	0.921611634450683
P_AQ.1032	0.28978087659514884	0.7102191234048512
P_AQ.1034	0.3438503159319767	0.6561496840680233
P_AQ.1035	0.1546000508335893	0.8453999491664107
P_AQ.1036	0.4647349366400244	0.5352650633599756
P_AQ.1037	0.215127945406681	0.784872054593319
P_AQ.1038	0.4402100697117399	0.5597899302882601
P_AQ.1039	0.24081512675503824	0.7591848732449618
P_AQ.104	0.3202701616113137	0.6797298383886863
P_AQ.1041	0.8981906709874368	0.10180932901256326
P_AQ.1042	0.620076891643057	0.379923108356943
P_AQ.1043	0.786221810222199	0.213778189777801
P_AQ.1044	0.3696457367568311	0.6303542632431689
P_AQ.1045	0.2717320171745067	0.7282679828254933
P_AQ.1046	0.6838073915135565	0.3161926084864434
P_AQ.1048	0.3935767289690947	0.6064232710309053
P_AQ.1049	0.7990265000007076	0.20097349999929234
P_AQ.105	0.09415899192694477	0.9058410080730552
P_AQ.1051	0.06190413189443078	0.9380958681055692
P_AQ.1052	0.5115348429787073	0.4884651570212927
P_AQ.1053	0.4289013505268572	0.5710986494731428
P_AQ.1056	0.33856299741241014	0.6614370025875899
P_AQ.1057	0.04727969989537528	0.9527203001046247
P_AQ.1058	0.6909356028631689	0.3090643971368311
P_AQ.1059	0.20601151721823197	0.793988482781768
P_AQ.106	0.627718852677049	0.372281147322951
P_AQ.1060	0.07328488514184017	0.9267151148581598
P_AQ.1061	0.5135642901044942	0.4864357098955058
P_AQ.1062	0.16264507847502585	0.8373549215249741
P_AQ.1063	0.24737270304338876	0.7526272969566112
P_AQ.1064	0.4507234185841398	0.5492765814158602
P_AQ.1065	0.12590242717190092	0.8740975728280991
P_AQ.1066	0.7296129759458029	0.2703870240541971
P_AQ.1068	0.502271905458636	0.4977280945413641
P_AQ.1069	0.11247865102352261	0.8875213489764774
P_AQ.107	0.44403655733228453	0.5559634426677155
P_AQ.1070	0.5822683397072177	0.41773166029278225
P_AQ.1071	0.3939979269273526	0.6060020730726474
P_AQ.1072	0.7881432455572046	0.2118567544427954
P_AQ.1073	0.22969620579176242	0.7703037942082376
P_AQ.1074	0.4502947565066231	0.5497052434933769
P_AQ.1075	0.5576340838267764	0.4423659161732237
P_AQ.1076	0.05108672793215763	0.9489132720678424
P_AQ.1077	0.40253684461162587	0.5974631553883741
P_AQ.1078	0.6995992624053082	0.3004007375946917
P_AQ.1079	0.6444056025944384	0.35559439740556165
P_AQ.108	0.28414619937219454	0.7158538006278055
P_AQ.1080	0.6135254406725033	0.38647455932749675
P_AQ.1081	0.4845407426588967	0.5154592573411033
P_AQ.1082	0.7473354979725673	0.2526645020274327
P_AQ.1084	0.5082502674836838	0.49174973251631615
P_AQ.1085	0.3974146473897262	0.6025853526102738
P_AQ.1087	0.8893048591076359	0.11069514089236406
P_AQ.1088	0.3641585475242747	0.6358414524757253
P_AQ.1089	0.5131841919737874	0.48681580802621255
P_AQ.1090	0.8577553798889799	0.14224462011102018
P_AQ.1091	0.07935903381105858	0.9206409661889414
P_AQ.1092	0.06137498544478559	0.9386250145552144
P_AQ.1094	0.10849316490934557	0.8915068350906544
P_AQ.1095	0.1688627622673059	0.8311372377326941
P_AQ.1096	0.6060188772131245	0.3939811227868755
P_AQ.1097	0.275545952085787	0.724454047914213
P_AQ.1098	0.5363971833294944	0.4636028166705056
P_AQ.11	0.4867389580350706	0.5132610419649294
P_AQ.1100	0.8451790482488706	0.15482095175112937
P_AQ.1101	0.7816728487645774	0.21832715123542257
P_AQ.1102	0.7525898790763368	0.2474101209236632
P_AQ.1104	0.17979226178846663	0.8202077382115334
P_AQ.1105	0.41767659331871276	0.5823234066812872
P_AQ.1106	0.23301760096909852	0.7669823990309015
P_AQ.1107	0.6327229086131567	0.3672770913868432
P_AQ.1109	0.3533048771928645	0.6466951228071355
P_AQ.111	0.08589365725968345	0.9141063427403165
P_AQ.1110	0.20446781753567433	0.7955321824643257
P_AQ.1111	0.31151096731510075	0.6884890326848992
P_AQ.1112	0.5644719589295002	0.43552804107049986
P_AQ.1113	0.5773833093084348	0.4226166906915652
P_AQ.1115	0.7790810254847106	0.22091897451528938
P_AQ.1116	0.5688292735122493	0.4311707264877506
P_AQ.1117	0.1125250315746138	0.8874749684253862
P_AQ.1118	0.5384318029735404	0.4615681970264596
P_AQ.1119	0.2504787140591769	0.7495212859408231
P_AQ.1120	0.7208381352182323	0.2791618647817677
P_AQ.1121	0.23722763688499882	0.7627723631150012
P_AQ.1122	0.5604019429560945	0.43959805704390553
P_AQ.1123	0.6710900076665287	0.3289099923334713
P_AQ.1125	0.38381418036856374	0.6161858196314363
P_AQ.1126	0.10373937218465157	0.8962606278153484
P_AQ.1128	0.05119759608689556	0.9488024039131044
P_AQ.1129	0.7743140458687818	0.22568595413121814
P_AQ.113	0.3154422242172973	0.6845577757827027
P_AQ.1130	0.14639351296481873	0.8536064870351813
P_AQ.1131	0.18421835823891974	0.8157816417610803
P_AQ.1133	0.29622124501382807	0.7037787549861719
P_AQ.1134	0.09141017119077222	0.9085898288092278
P_AQ.1135	0.027050512436915808	0.9729494875630842
P_AQ.1136	0.7947318707604845	0.2052681292395155
P_AQ.1137	0.7242506228763446	0.2757493771236554
P_AQ.1138	0.7074032814546414	0.29259671854535857
P_AQ.1139	0.40790817114934375	0.5920918288506563
P_AQ.114	0.15335037532642004	0.84664962467358
P_AQ.1140	0.6661711988604613	0.3338288011395387
P_AQ.1141	0.8435470418528573	0.15645295814714266
P_AQ.1142	0.6576101081599095	0.34238989184009055
P_AQ.1143	0.07017829138563403	0.929821708614366
P_AQ.1145	0.20406880456573762	0.7959311954342624
P_AQ.1146	0.0431511161586674	0.9568488838413326
P_AQ.1147	0.07483908207835532	0.9251609179216447
P_AQ.1148	0.2430359074159164	0.7569640925840836
P_AQ.115	0.6744999092659857	0.3255000907340143
P_AQ.1150	0.034808196796283775	0.9651918032037162
P_AQ.1151	0.2578339422139174	0.7421660577860826
P_AQ.1152	0.17908335534705	0.82091664465295
P_AQ.1153	0.9429584131810487	0.05704158681895135
P_AQ.1155	0.4156912544210417	0.5843087455789583
P_AQ.1156	0.06087324639603475	0.9391267536039652
P_AQ.1158	0.49884093646692995	0.50115906353307
P_AQ.1159	0.11015924579254288	0.8898407542074571
P_AQ.116	0.23752321361246098	0.762476786387539
P_AQ.1160	0.09137273600686469	0.9086272639931353
P_AQ.1161	0.8028822611950241	0.1971177388049758
P_AQ.1162	0.6462477488766781	0.35375225112332187
P_AQ.1164	0.19942998371150344	0.8005700162884966
P_AQ.1165	0.7224787847525096	0.27752121524749046
P_AQ.1166	0.36931052700503153	0.6306894729949685
P_AQ.1167	0.5903210221509838	0.40967897784901613
P_AQ.1168	0.7299487877945998	0.2700512122054002
P_AQ.1169	0.7574773272384205	0.2425226727615795
P_AQ.117	0.8717724084833129	0.1282275915166871
P_AQ.1170	0.20560026544680976	0.7943997345531902
P_AQ.1171	0.8622071222639272	0.13779287773607282
P_AQ.1172	0.10844006341857926	0.8915599365814207
P_AQ.1174	0.21786987020944093	0.7821301297905591
P_AQ.1175	0.24153810086973249	0.7584618991302675
P_AQ.1177	0.741939413714293	0.2580605862857071
P_AQ.1178	0.2677921015595881	0.7322078984404119
P_AQ.118	0.5349999609996592	0.46500003900034087
P_AQ.1180	0.0963358102555062	0.9036641897444938
P_AQ.1181	0.6845445304294981	0.3154554695705019
P_AQ.1182	0.2502255631317455	0.7497744368682545
P_AQ.1184	0.20647338712168994	0.7935266128783101
P_AQ.1185	0.060191836493666884	0.9398081635063331
P_AQ.1186	0.8447799085708465	0.15522009142915355
P_AQ.1188	0.5850885049755628	0.4149114950244373
P_AQ.1189	0.7090484790061382	0.29095152099386185
P_AQ.119	0.48712870201764225	0.5128712979823578
P_AQ.1190	0.430058250793649	0.569941749206351
P_AQ.1192	0.5463293532696585	0.45367064673034146
P_AQ.1194	0.34959391923699246	0.6504060807630075
P_AQ.1195	0.31445350067198485	0.6855464993280151
P_AQ.1196	0.3233578780061608	0.6766421219938392
P_AQ.1197	0.017491796185986952	0.982508203814013
P_AQ.1198	0.10701567221129449	0.8929843277887055
P_AQ.1199	0.3111188412033342	0.6888811587966658
P_AQ.12	0.6025002241113397	0.3974997758886603
P_AQ.120	0.13847361448754414	0.8615263855124559
P_AQ.1200	0.6465458122728388	0.3534541877271612
P_AQ.1202	0.05140135404941615	0.9485986459505839
P_AQ.1203	0.5893116177237436	0.4106883822762563
P_AQ.1204	0.6417906065568286	0.35820939344317143
P_AQ.1205	0.8359306803975195	0.1640693196024805
P_AQ.1206	0.7312562931235733	0.2687437068764266
P_AQ.1207	0.29716650515965104	0.702833494840349
P_AQ.1208	0.4712366362549041	0.5287633637450959
P_AQ.121	0.7312477345076335	0.2687522654923665
P_AQ.1211	0.834644521950586	0.16535547804941397
P_AQ.1212	0.2964738804549426	0.7035261195450574
P_AQ.1213	0.5851365481551136	0.41486345184488643
P_AQ.1214	0.4031214395764403	0.5968785604235597
P_AQ.1215	0.33588128868537104	0.664118711314629
P_AQ.1216	0.24911237504555894	0.7508876249544411
P_AQ.1217	0.8078680628909636	0.19213193710903642
P_AQ.1219	0.2298867295023691	0.7701132704976309
P_AQ.122	0.13738293849559446	0.8626170615044055
P_AQ.1220	0.7538906642401006	0.2461093357598993
P_AQ.1221	0.43263641911201023	0.5673635808879898
P_AQ.1222	0.9383642857157685	0.06163571428423155
P_AQ.1223	0.33398605434160633	0.6660139456583937
P_AQ.1224	0.35359382984881027	0.6464061701511897
P_AQ.1225	0.6911173932167322	0.30888260678326784
P_AQ.1228	0.27693313504286654	0.7230668649571335
P_AQ.1229	0.1071571501153259	0.8928428498846741
P_AQ.123	0.7861133224690149	0.2138866775309851
P_AQ.1230	0.8036027135338066	0.1963972864661933
P_AQ.1231	0.5957995385459385	0.4042004614540615
P_AQ.1232	0.34658113607992114	0.6534188639200789
P_AQ.1234	0.9565289386086848	0.043471061391315145
P_AQ.1236	0.6558047089639405	0.34419529103605956
P_AQ.1238	0.512781237413269	0.487218762586731
P_AQ.124	0.2948399603631938	0.7051600396368062
P_AQ.1240	0.3720759371452035	0.6279240628547965
P_AQ.1242	0.2136478229498895	0.7863521770501105
P_AQ.1244	0.6895028086125825	0.3104971913874175
P_AQ.1246	0.3830985836816806	0.6169014163183194
P_AQ.1247	0.26568939620256615	0.7343106037974338
P_AQ.1249	0.8418317029160848	0.1581682970839152
P_AQ.1250	0.8034257429929392	0.19657425700706074
P_AQ.1251	0.3635099080691585	0.6364900919308415
P_AQ.1252	0.11977217970675069	0.8802278202932493
P_AQ.1254	0.198835982364586	0.801164017635414
P_AQ.1255	0.8008482865361272	0.19915171346387284
P_AQ.1256	0.6458948108338207	0.3541051891661793
P_AQ.1257	0.1015770282236198	0.8984229717763802
P_AQ.1258	0.2599853222488364	0.7400146777511636
P_AQ.1259	0.7820306901535552	0.21796930984644475
P_AQ.126	0.27538613045131266	0.7246138695486873
P_AQ.1262	0.2036753303873945	0.7963246696126055
P_AQ.1263	0.42261658474277997	0.57738341525722
P_AQ.1264	0.1559656619875297	0.8440343380124703
P_AQ.1265	0.7350914530559747	0.26490854694402527
P_AQ.1266	0.5333531567195743	0.4666468432804257
P_AQ.1267	0.015197784907452383	0.9848022150925476
P_AQ.1268	0.4352280050917652	0.5647719949082348
P_AQ.1269	0.07600373903970759	0.9239962609602924
P_AQ.127	0.09895059565334441	0.9010494043466556
P_AQ.1270	0.8885574909287243	0.11144250907127573
P_AQ.1271	0.7060522336119481	0.2939477663880518
P_AQ.1272	0.09698286121970412	0.9030171387802959
P_AQ.1273	0.24286560486187303	0.757134395138127
P_AQ.1274	0.09884218876784723	0.9011578112321528
P_AQ.1275	0.21531911814478955	0.7846808818552105
P_AQ.1276	0.30088275679225773	0.6991172432077423
P_AQ.1278	0.057869958428828916	0.9421300415711711
P_AQ.1279	0.44071696007719985	0.5592830399228002
P_AQ.128	0.6386305651532064	0.3613694348467936
P_AQ.1280	0.45025815729250607	0.5497418427074939
P_AQ.1281	0.20669736647979087	0.7933026335202091
P_AQ.1282	0.65027687951921	0.34972312048078996
P_AQ.1285	0.07810688388988785	0.9218931161101122
P_AQ.1288	0.5891361031053802	0.4108638968946198
P_AQ.1289	0.03763336354190561	0.9623666364580944
P_AQ.129	0.5032227499120018	0.4967772500879982
P_AQ.1290	0.2047516488603982	0.7952483511396018
P_AQ.1292	0.03147703868525553	0.9685229613147445
P_AQ.1293	0.7214428855825881	0.278557114417412
P_AQ.1294	0.7931503626937803	0.20684963730621972
P_AQ.1295	0.27121771759994195	0.728782282400058
P_AQ.1296	0.7149642704402744	0.28503572955972556
P_AQ.1297	0.732796367047562	0.267203632952438
P_AQ.1298	0.06621239868320838	0.9337876013167916
P_AQ.1299	0.509242771799008	0.49075722820099194
P_AQ.13	0.20583540304231207	0.7941645969576879
P_AQ.130	0.5300124948115754	0.4699875051884246
P_AQ.1300	0.11727530041303147	0.8827246995869685
P_AQ.1301	0.29688170534568004	0.70311829465432
P_AQ.1302	0.2584052790267827	0.7415947209732173
P_AQ.1304	0.3135096304700864	0.6864903695299136
P_AQ.1305	0.11531666014415132	0.8846833398558487
P_AQ.1307	0.258972786744717	0.741027213255283
P_AQ.1308	0.33968143365737136	0.6603185663426286
P_AQ.1309	0.008373153211302942	0.9916268467886971
P_AQ.131	0.6397839517987292	0.3602160482012709
P_AQ.1310	0.170325916068378	0.829674083931622
P_AQ.1311	0.8375766972070733	0.1624233027929267
P_AQ.1312	0.052891848418932796	0.9471081515810672
P_AQ.1314	0.6208503132076448	0.37914968679235517
P_AQ.1315	0.0397632566869337	0.9602367433130663
P_AQ.1317	0.2739922907519562	0.7260077092480438
P_AQ.1318	0.900547676167708	0.09945232383229201
P_AQ.132	0.013585816562204922	0.9864141834377951
P_AQ.1320	0.8261551361735442	0.1738448638264558
P_AQ.1322	0.06984106248659994	0.9301589375134001
P_AQ.1323	0.33527916751412834	0.6647208324858717
P_AQ.1324	0.14420066696236467	0.8557993330376353
P_AQ.1325	0.2873453037055441	0.7126546962944559
P_AQ.1326	0.11379869872919168	0.8862013012708083
P_AQ.1327	0.5751413823270067	0.42485861767299327
P_AQ.1328	0.2952224100377674	0.7047775899622326
P_AQ.1329	0.10262075557740913	0.8973792444225909
P_AQ.133	0.7191867769450331	0.28081322305496687
P_AQ.1330	0.1938926650124878	0.8061073349875122
P_AQ.1331	0.7706504160702524	0.22934958392974758
P_AQ.1333	0.06887571389941372	0.9311242861005863
P_AQ.1334	0.4356394704422506	0.5643605295577494
P_AQ.1336	0.15422988458885223	0.8457701154111478
P_AQ.1337	0.8766909169252901	0.12330908307470992
P_AQ.1338	0.09742391491401337	0.9025760850859866
P_AQ.1339	0.08758019205423362	0.9124198079457664
P_AQ.134	0.3448834576865105	0.6551165423134895
P_AQ.1341	0.33588154120415836	0.6641184587958416
P_AQ.1342	0.0767609518021195	0.9232390481978805
P_AQ.1343	0.5220111686053294	0.47798883139467063
P_AQ.1344	0.849597467274215	0.15040253272578502
P_AQ.1345	0.6189725969771005	0.3810274030228995
P_AQ.1347	0.7106140675588931	0.2893859324411069
P_AQ.1348	0.7531265142466756	0.24687348575332438
P_AQ.1349	0.4104058217358645	0.5895941782641355
P_AQ.135	0.5189656535704708	0.4810343464295293
P_AQ.1351	0.21444449801266874	0.7855555019873313
P_AQ.1354	0.1723313041627773	0.8276686958372227
P_AQ.1355	0.9083490178585496	0.09165098214145036
P_AQ.1356	0.526768234789484	0.47323176521051596
P_AQ.1357	0.5781452651797512	0.42185473482024877
P_AQ.1358	0.633895162391152	0.36610483760884804
P_AQ.1359	0.5135383823454145	0.48646161765458557
P_AQ.136	0.6237533634791107	0.3762466365208893
P_AQ.1361	0.9066460943940924	0.09335390560590758
P_AQ.1363	0.9172285078602438	0.08277149213975624
P_AQ.1364	0.252852054815758	0.747147945184242
P_AQ.1365	0.32551574599452915	0.6744842540054709
P_AQ.1366	0.4554175473261898	0.5445824526738102
P_AQ.1367	0.9590221191058874	0.04097788089411258
P_AQ.1368	0.12392513717006681	0.8760748628299332
P_AQ.1369	0.3723111576243373	0.6276888423756627
P_AQ.137	0.04225273176137834	0.9577472682386217
P_AQ.1370	0.2030338138075245	0.7969661861924755
P_AQ.1372	0.832398124613509	0.16760187538649096
P_AQ.1374	0.7805966526967307	0.2194033473032692
P_AQ.1375	0.37915604405796244	0.6208439559420376
P_AQ.1376	0.7751209852023544	0.2248790147976456
P_AQ.1377	0.16248859863056397	0.837511401369436
P_AQ.1379	0.7758719030642993	0.22412809693570068
P_AQ.138	0.19494819552308285	0.8050518044769172
P_AQ.1381	0.7793794989884435	0.22062050101155647
P_AQ.1382	0.09673565427301789	0.9032643457269821
P_AQ.1383	0.38308552442149924	0.6169144755785008
P_AQ.1384	0.43117681452160794	0.5688231854783921
P_AQ.1385	0.4702315335939572	0.5297684664060428
P_AQ.1386	0.8784574541134342	0.12154254588656573
P_AQ.1387	0.24125948187287138	0.7587405181271286
P_AQ.1388	0.8957154767370565	0.10428452326294352
P_AQ.1389	0.4276726300344932	0.5723273699655068
P_AQ.139	0.13263619161596063	0.8673638083840394
P_AQ.1390	0.6695041489678635	0.3304958510321365
P_AQ.1391	0.7615703988348568	0.23842960116514328
P_AQ.1392	0.8404675143829934	0.15953248561700661
P_AQ.1393	0.2714816536296114	0.7285183463703886
P_AQ.1394	0.2218158198750836	0.7781841801249164
P_AQ.1395	0.6779350365825819	0.3220649634174181
P_AQ.1396	0.08347693684574042	0.9165230631542596
P_AQ.1397	0.3962571901501576	0.6037428098498424
P_AQ.1398	0.39692842289823904	0.603071577101761
P_AQ.1399	0.7758794419788286	0.22412055802117137
P_AQ.14	0.15867711049772926	0.8413228895022707
P_AQ.140	0.043985534863445586	0.9560144651365544
P_AQ.1400	0.20812416165941894	0.7918758383405811
P_AQ.1402	0.7653445439531736	0.2346554560468264
P_AQ.1405	0.24156931516334612	0.7584306848366539
P_AQ.1408	0.8407127172336838	0.15928728276631623
P_AQ.1409	0.501826314844779	0.4981736851552209
P_AQ.141	0.5802989755439025	0.4197010244560975
P_AQ.1411	0.21122182483102026	0.7887781751689797
P_AQ.1412	0.6479903035412224	0.3520096964587776
P_AQ.1414	0.3265686298214797	0.6734313701785203
P_AQ.1415	0.48509103600108305	0.514908963998917
P_AQ.1416	0.8741097026484315	0.1258902973515685
P_AQ.1417	0.4177769864136681	0.5822230135863319
P_AQ.1418	0.29310040276879656	0.7068995972312034
P_AQ.1419	0.04511319746277587	0.9548868025372241
P_AQ.142	0.956083409808025	0.04391659019197501
P_AQ.1422	0.16536768998902573	0.8346323100109743
P_AQ.1423	0.8100967873638167	0.1899032126361832
P_AQ.1424	0.28030692847231586	0.7196930715276841
P_AQ.1425	0.12948764983839767	0.8705123501616023
P_AQ.1426	0.6451421103547454	0.3548578896452545
P_AQ.1427	0.2047908408723912	0.7952091591276088
P_AQ.1428	0.3032613499122889	0.6967386500877111
P_AQ.143	0.20054781809781375	0.7994521819021863
P_AQ.1431	0.3073142554332082	0.6926857445667918
P_AQ.1432	0.11694007703162823	0.8830599229683718
P_AQ.1433	0.46734188139689714	0.5326581186031029
P_AQ.1436	0.6774337685336	0.3225662314664
P_AQ.1437	0.41402827634833406	0.5859717236516659
P_AQ.1439	0.11675288655689509	0.8832471134431049
P_AQ.144	0.30686390351531534	0.6931360964846847
P_AQ.1440	0.8336171516398041	0.16638284836019593
P_AQ.1441	0.6592646301535894	0.3407353698464107
P_AQ.1443	0.576365269990958	0.423634730009042
P_AQ.1444	0.7493217815788153	0.25067821842118465
P_AQ.1446	0.48148919779698196	0.518510802203018
P_AQ.1448	0.47702478374780954	0.5229752162521905
P_AQ.1449	0.561460516914637	0.43853948308536295
P_AQ.145	0.4296694086840456	0.5703305913159544
P_AQ.1450	0.2319990541424758	0.7680009458575242
P_AQ.1451	0.4819352619807523	0.5180647380192477
P_AQ.1452	0.11971926411064693	0.8802807358893531
P_AQ.1453	0.6528134907192167	0.34718650928078326
P_AQ.1454	0.25747674423756695	0.742523255762433
P_AQ.1455	0.9711562586252844	0.028843741374715553
P_AQ.1456	0.6294331157538133	0.37056688424618667
P_AQ.1458	0.3011072209307014	0.6988927790692986
P_AQ.146	0.9437324486537451	0.056267551346254975
P_AQ.1460	0.3323263580330088	0.6676736419669912
P_AQ.1461	0.025611101808330483	0.9743888981916695
P_AQ.1462	0.1539054471502742	0.8460945528497258
P_AQ.1464	0.09748830219399418	0.9025116978060058
P_AQ.1465	0.40326716673259233	0.5967328332674077
P_AQ.1466	0.5795297887166844	0.4204702112833157
P_AQ.1467	0.6785736802441724	0.3214263197558276
P_AQ.1470	0.7640783015115444	0.23592169848845562
P_AQ.1471	0.7036785816645365	0.29632141833546355
P_AQ.1472	0.5452902748092439	0.45470972519075614
P_AQ.1473	0.05687905076104005	0.94312094923896
P_AQ.1474	0.4095578419824576	0.5904421580175424
P_AQ.1475	0.05165050806253979	0.9483494919374602
P_AQ.1476	0.31868816321371085	0.6813118367862891
P_AQ.1479	0.13428932892037682	0.8657106710796232
P_AQ.148	0.16745390721469566	0.8325460927853043
P_AQ.1480	0.3798367972476925	0.6201632027523075
P_AQ.1481	0.22133504982862928	0.7786649501713707
P_AQ.1482	0.37554266660802194	0.6244573333919781
P_AQ.1483	0.7553316034910224	0.24466839650897765
P_AQ.1484	0.3920656479970307	0.6079343520029693
P_AQ.1485	0.28479825004207204	0.715201749957928
P_AQ.1486	0.583900583299569	0.416099416700431
P_AQ.1487	0.7620890032731111	0.2379109967268888
P_AQ.1488	0.5316348289428051	0.4683651710571949
P_AQ.1489	0.2251928215229042	0.7748071784770958
P_AQ.149	0.30323350798989535	0.6967664920101047
P_AQ.1490	0.16485733722288276	0.8351426627771172
P_AQ.1491	0.7315982161578269	0.26840178384217306
P_AQ.1492	0.2869481605332428	0.7130518394667572
P_AQ.1493	0.12002159660021094	0.879978403399789
P_AQ.1494	0.3618366717001493	0.6381633282998507
P_AQ.1495	0.13834073590354634	0.8616592640964537
P_AQ.1496	0.6491902328306871	0.35080976716931295
P_AQ.1497	0.882371670450301	0.11762832954969905
P_AQ.1498	0.7589729001384105	0.24102709986158957
P_AQ.15	0.14385430740829164	0.8561456925917084
P_AQ.150	0.7998812886690156	0.2001187113309844
P_AQ.1500	0.5476864139907578	0.4523135860092422
P_AQ.1501	0.7404166959467867	0.2595833040532133
P_AQ.1502	0.45617031698796484	0.5438296830120352
P_AQ.1503	0.6909329268864839	0.30906707311351606
P_AQ.1504	0.749873843583048	0.250126156416952
P_AQ.1505	0.49680073246393874	0.5031992675360613
P_AQ.1506	0.07879858945419915	0.9212014105458008
P_AQ.1507	0.6259736097977177	0.37402639020228234
P_AQ.1508	0.14223536601606224	0.8577646339839378
P_AQ.1509	0.15002746758578656	0.8499725324142134
P_AQ.151	0.9310211938443825	0.06897880615561743
P_AQ.1510	0.22709570985787586	0.7729042901421241
P_AQ.1512	0.37569315242500867	0.6243068475749913
P_AQ.1513	0.6579918205793005	0.34200817942069944
P_AQ.1514	0.6886223394354768	0.3113776605645232
P_AQ.1515	0.627668900497609	0.37233109950239096
P_AQ.1516	0.5958461016773984	0.4041538983226017
P_AQ.1517	0.07795011251392725	0.9220498874860728
P_AQ.1519	0.8675312957906262	0.13246870420937382
P_AQ.152	0.6037698760302338	0.3962301239697662
P_AQ.1520	0.42470358061174884	0.5752964193882512
P_AQ.1522	0.6523659932437105	0.34763400675628947
P_AQ.1525	0.7870441860044681	0.21295581399553182
P_AQ.1526	0.6983502787044271	0.30164972129557294
P_AQ.1527	0.34497542805064363	0.6550245719493564
P_AQ.1528	0.956867859510202	0.043132140489797965
P_AQ.153	0.31432621103978553	0.6856737889602145
P_AQ.1530	0.5522225109258833	0.44777748907411674
P_AQ.1532	0.5227205352856511	0.4772794647143489
P_AQ.1533	0.3828801812606817	0.6171198187393183
P_AQ.1534	0.6861644787566921	0.3138355212433079
P_AQ.1537	0.1346327786266096	0.8653672213733904
P_AQ.1538	0.7849580401887446	0.21504195981125543
P_AQ.1539	0.3970727313034004	0.6029272686965996
P_AQ.1541	0.16138206904346442	0.8386179309565356
P_AQ.1542	0.5954220822502172	0.4045779177497828
P_AQ.1543	0.16858625832096563	0.8314137416790344
P_AQ.1544	0.5450229716862364	0.45497702831376363
P_AQ.1545	0.15723343423690217	0.8427665657630978
P_AQ.1547	0.6080101460044971	0.39198985399550285
P_AQ.1548	0.3333075614414963	0.6666924385585037
P_AQ.1549	0.5016616385753754	0.4983383614246246
P_AQ.155	0.4327133714709054	0.5672866285290946
P_AQ.1551	0.6166562924903856	0.3833437075096144
P_AQ.1552	0.16797134573578343	0.8320286542642166
P_AQ.1553	0.32330606607424306	0.6766939339257569
P_AQ.1554	0.14495790553267285	0.8550420944673272
P_AQ.1555	0.11384560059406967	0.8861543994059303
P_AQ.1556	0.40250934344150424	0.5974906565584958
P_AQ.1557	0.17449432538909848	0.8255056746109015
P_AQ.1558	0.4052672333397501	0.5947327666602499
P_AQ.1560	0.418011642328342	0.581988357671658
P_AQ.1562	0.09149030674994507	0.9085096932500549
P_AQ.1563	0.45388357981285576	0.5461164201871442
P_AQ.1565	0.2841466988400311	0.7158533011599689
P_AQ.1566	0.11698333958532692	0.8830166604146731
P_AQ.1567	0.43529577296916167	0.5647042270308383
P_AQ.1568	0.6344671988385457	0.3655328011614542
P_AQ.1569	0.318531770111266	0.681468229888734
P_AQ.157	0.5917291594276266	0.40827084057237334
P_AQ.1570	0.13359565711830323	0.8664043428816968
P_AQ.1571	0.8391051138031836	0.16089488619681636
P_AQ.1573	0.1281909915824715	0.8718090084175285
P_AQ.1574	0.28414542083506233	0.7158545791649377
P_AQ.1576	0.55394267947904	0.44605732052096003
P_AQ.1578	0.40026840186222457	0.5997315981377754
P_AQ.1579	0.3518095903478403	0.6481904096521597
P_AQ.158	0.016739313510924614	0.9832606864890754
P_AQ.1580	0.3747027120107149	0.6252972879892851
P_AQ.1581	0.5295894928112216	0.4704105071887784
P_AQ.1582	0.5019503217619926	0.4980496782380074
P_AQ.1583	0.2623947465351284	0.7376052534648716
P_AQ.1584	0.7267347122991137	0.27326528770088626
P_AQ.1585	0.5757839647331469	0.4242160352668532
P_AQ.1586	0.45164470735620155	0.5483552926437985
P_AQ.1588	0.8025752037023071	0.1974247962976929
P_AQ.1589	0.6625016323586841	0.33749836764131586
P_AQ.159	0.7992239726146555	0.20077602738534447
P_AQ.1590	0.2280259156534682	0.7719740843465318
P_AQ.1591	0.4987493401860703	0.5012506598139297
P_AQ.1592	0.4200826448040734	0.5799173551959266
P_AQ.1593	0.14194051067515823	0.8580594893248418
P_AQ.1594	0.03234802792624836	0.9676519720737516
P_AQ.1595	0.2215499170347054	0.7784500829652946
P_AQ.1596	0.4661569819212322	0.5338430180787678
P_AQ.1598	0.6202622608513415	0.37973773914865844
P_AQ.1599	0.9125405157044919	0.08745948429550814
P_AQ.16	0.443518632221655	0.556481367778345
P_AQ.160	0.6569665861823955	0.34303341381760455
P_AQ.1602	0.6943830969002796	0.30561690309972045
P_AQ.1603	0.03508006794483909	0.9649199320551609
P_AQ.1604	0.059408663526149375	0.9405913364738506
P_AQ.1605	0.06581723996556099	0.934182760034439
P_AQ.1606	0.4525686877660069	0.5474313122339931
P_AQ.1607	0.7054680498823931	0.29453195011760686
P_AQ.1609	0.6570675719590342	0.34293242804096574
P_AQ.161	0.6710127074305507	0.3289872925694493
P_AQ.1610	0.4935512804709329	0.5064487195290671
P_AQ.1611	0.8758056485757287	0.12419435142427128
P_AQ.1613	0.4117884063948547	0.5882115936051453
P_AQ.1614	0.01963420327377785	0.9803657967262221
P_AQ.1615	0.07366236017051764	0.9263376398294824
P_AQ.1617	0.8349552548800374	0.16504474511996256
P_AQ.1618	0.27410692274937465	0.7258930772506254
P_AQ.1619	0.09432176567229034	0.9056782343277097
P_AQ.162	0.08142841360551278	0.9185715863944872
P_AQ.1620	0.41085973211484095	0.589140267885159
P_AQ.1621	0.3060241174210201	0.6939758825789799
P_AQ.1622	0.5423556668685305	0.45764433313146946
P_AQ.1623	0.26484671891637657	0.7351532810836234
P_AQ.1625	0.7023638824571652	0.2976361175428348
P_AQ.1626	0.3626942648850272	0.6373057351149728
P_AQ.1627	0.5466139559912382	0.45338604400876176
P_AQ.1628	0.26062119790092575	0.7393788020990743
P_AQ.1629	0.4221146880881461	0.5778853119118539
P_AQ.163	0.2408714035567745	0.7591285964432255
P_AQ.1630	0.10647194105992774	0.8935280589400723
P_AQ.1631	0.9009093315843473	0.09909066841565269
P_AQ.1632	0.09064323500921545	0.9093567649907845
P_AQ.1634	0.636255365340265	0.36374463465973506
P_AQ.1635	0.051843461080682274	0.9481565389193177
P_AQ.1636	0.5798705942844806	0.4201294057155194
P_AQ.1637	0.8535951355321318	0.14640486446786813
P_AQ.1638	0.05636369547320408	0.9436363045267959
P_AQ.1639	0.6120234482479742	0.38797655175202583
P_AQ.164	0.7119239238435553	0.28807607615644476
P_AQ.1640	0.32384034703379705	0.676159652966203
P_AQ.1641	0.9012593875523005	0.09874061244769944
P_AQ.1642	0.553410693162806	0.446589306837194
P_AQ.1644	0.6312375836078672	0.36876241639213275
P_AQ.1645	0.20497504181774984	0.7950249581822502
P_AQ.1646	0.7276678223160111	0.27233217768398893
P_AQ.1647	0.736117931156709	0.263882068843291
P_AQ.1648	0.011042035559442942	0.9889579644405571
P_AQ.1649	0.41520376582150254	0.5847962341784975
P_AQ.165	0.12996396191151682	0.8700360380884832
P_AQ.1650	0.354762176508429	0.645237823491571
P_AQ.1651	0.48011568027456	0.51988431972544
P_AQ.1652	0.6639279640999305	0.33607203590006957
P_AQ.1654	0.5088593201459792	0.4911406798540207
P_AQ.1657	0.05863924698838818	0.9413607530116118
P_AQ.1659	0.7532784439523525	0.2467215560476474
P_AQ.166	0.34186386723745676	0.6581361327625432
P_AQ.1660	0.06620523711245618	0.9337947628875438
P_AQ.1661	0.5742372597547554	0.4257627402452447
P_AQ.1662	0.6822637991064705	0.3177362008935295
P_AQ.1663	0.3129310751660177	0.6870689248339823
P_AQ.1665	0.10022101706565278	0.8997789829343472
P_AQ.1666	0.2666723521792085	0.7333276478207915
P_AQ.1667	0.07584916446239753	0.9241508355376025
P_AQ.1668	0.14246209900217377	0.8575379009978262
P_AQ.1669	0.06294411209890838	0.9370558879010916
P_AQ.167	0.9563423633569814	0.043657636643018624
P_AQ.1670	0.045481028949749036	0.954518971050251
P_AQ.1671	0.7041228152202104	0.2958771847797896
P_AQ.1673	0.41233451345191363	0.5876654865480864
P_AQ.1674	0.49787736265998384	0.5021226373400162
P_AQ.1675	0.5961092013193555	0.4038907986806445
P_AQ.1676	0.2942266022364981	0.7057733977635019
P_AQ.1677	0.3053589160417809	0.6946410839582191
P_AQ.168	0.47966322972208	0.52033677027792
P_AQ.1680	0.7926225801342801	0.20737741986571992
P_AQ.1681	0.41849748767338424	0.5815025123266158
P_AQ.1682	0.17831883667892456	0.8216811633210754
P_AQ.1683	0.030391307516039356	0.9696086924839606
P_AQ.1685	0.3956571958461004	0.6043428041538996
P_AQ.1687	0.8667498158998077	0.13325018410019235
P_AQ.1688	0.6555849600745918	0.34441503992540823
P_AQ.1689	0.3229203684273392	0.6770796315726608
P_AQ.169	0.1548179950343308	0.8451820049656692
P_AQ.1690	0.5946905514633591	0.40530944853664086
P_AQ.1691	0.2555635606093869	0.7444364393906131
P_AQ.1695	0.6897156552438508	0.31028434475614913
P_AQ.1696	0.06314721589579664	0.9368527841042034
P_AQ.1697	0.32475875599315274	0.6752412440068473
P_AQ.1698	0.7135366959164818	0.28646330408351817
P_AQ.1699	0.21537871141981646	0.7846212885801835
P_AQ.17	0.6676827073764391	0.3323172926235609
P_AQ.170	0.0564913489250799	0.9435086510749201
P_AQ.1700	0.0944484681504898	0.9055515318495102
P_AQ.1701	0.18493630167700514	0.8150636983229949
P_AQ.1703	0.5458767602031536	0.4541232397968465
P_AQ.1704	0.8357562232300398	0.1642437767699602
P_AQ.1705	0.8344684564074003	0.16553154359259972
P_AQ.1706	0.5675100514269403	0.43248994857305967
P_AQ.1707	0.7568372740814101	0.24316272591858992
P_AQ.1708	0.4626698625861778	0.5373301374138222
P_AQ.1709	0.39215974505143036	0.6078402549485696
P_AQ.171	0.5120257391261044	0.4879742608738956
P_AQ.1710	0.19503023984143075	0.8049697601585692
P_AQ.1711	0.5744081483516766	0.42559185164832336
P_AQ.1712	0.49833673752633345	0.5016632624736665
P_AQ.1713	0.30659480451849697	0.693405195481503
P_AQ.1716	0.4817415891629495	0.5182584108370505
P_AQ.1717	0.12695680429252076	0.8730431957074792
P_AQ.1719	0.2238505753587754	0.7761494246412246
P_AQ.172	0.4874390847655573	0.5125609152344427
P_AQ.1720	0.4620117582653632	0.5379882417346368
P_AQ.1721	0.7173895542235273	0.2826104457764727
P_AQ.1722	0.32207426440563514	0.6779257355943649
P_AQ.1723	0.6664345534074102	0.3335654465925898
P_AQ.1724	0.19502248671643208	0.8049775132835679
P_AQ.1725	0.6718884836437251	0.32811151635627495
P_AQ.1726	0.6934730916542233	0.3065269083457767
P_AQ.1727	0.36528649147823355	0.6347135085217664
P_AQ.1732	0.2351132720610838	0.7648867279389162
P_AQ.1733	0.03220559595103245	0.9677944040489675
P_AQ.1735	0.40206838000967837	0.5979316199903216
P_AQ.1736	0.8505385034645399	0.14946149653546012
P_AQ.1738	0.9283481265616664	0.07165187343833353
P_AQ.1739	0.1739414408810177	0.8260585591189823
P_AQ.174	0.8494815018119214	0.1505184981880786
P_AQ.1741	0.014242675297363672	0.9857573247026363
P_AQ.1742	0.6665347873966071	0.3334652126033929
P_AQ.1743	0.6261071087208545	0.37389289127914543
P_AQ.1744	0.18908403603304336	0.8109159639669566
P_AQ.1745	0.5366923335405409	0.4633076664594591
P_AQ.1746	0.5769322881882153	0.4230677118117847
P_AQ.1747	0.218968550413716	0.781031449586284
P_AQ.1749	0.7905379388729697	0.20946206112703022
P_AQ.175	0.21549911462951454	0.7845008853704855
P_AQ.1750	0.13382786353615994	0.8661721364638401
P_AQ.1751	0.07985619802225452	0.9201438019777455
P_AQ.1752	0.4665952216385635	0.5334047783614365
P_AQ.1754	0.5860197701222145	0.41398022987778554
P_AQ.1755	0.1900700915555389	0.8099299084444611
P_AQ.1756	0.40411052177925266	0.5958894782207473
P_AQ.1757	0.08032258998336606	0.919677410016634
P_AQ.1759	0.7183175632272116	0.28168243677278837
P_AQ.1761	0.22428929765506656	0.7757107023449334
P_AQ.1762	0.317202539122994	0.682797460877006
P_AQ.1763	0.7684348201746131	0.23156517982538694
P_AQ.1764	0.8791550673900675	0.12084493260993243
P_AQ.1765	0.3495363754249393	0.6504636245750607
P_AQ.1767	0.44664620892219487	0.5533537910778051
P_AQ.1768	0.34001405071319135	0.6599859492868086
P_AQ.1769	0.8166992222928304	0.18330077770716957
P_AQ.177	0.38139347033729754	0.6186065296627025
P_AQ.1770	0.6592824851693715	0.34071751483062857
P_AQ.1771	0.7837823446593314	0.2162176553406686
P_AQ.1772	0.33249763799239307	0.6675023620076069
P_AQ.1773	0.279289834570818	0.720710165429182
P_AQ.1774	0.14600463083293214	0.8539953691670679
P_AQ.1778	0.38358902289451424	0.6164109771054858
P_AQ.1779	0.15734019813857336	0.8426598018614266
P_AQ.178	0.47333686429160937	0.5266631357083906
P_AQ.1780	0.16669635283956996	0.83330364716043
P_AQ.1781	0.38282783788433805	0.617172162115662
P_AQ.1782	0.26582315922635147	0.7341768407736485
P_AQ.1783	0.7275416475435832	0.2724583524564168
P_AQ.179	0.6838985536073383	0.31610144639266174
P_AQ.18	0.41774996805026454	0.5822500319497355
P_AQ.180	0.4403727634536856	0.5596272365463144
P_AQ.181	0.4085600817498284	0.5914399182501716
P_AQ.182	0.02248002997635845	0.9775199700236415
P_AQ.183	0.3290451632002851	0.6709548367997149
P_AQ.184	0.6228123725965209	0.3771876274034791
P_AQ.185	0.04548723906972685	0.9545127609302732
P_AQ.186	0.5409607914360604	0.4590392085639397
P_AQ.187	0.26057130578899	0.73942869421101
P_AQ.188	0.7604616931075516	0.23953830689244837
P_AQ.189	0.8469594991338407	0.15304050086615928
P_AQ.19	0.44482146785946786	0.5551785321405321
P_AQ.190	0.5828453060001053	0.41715469399989463
P_AQ.191	0.7026921850085441	0.2973078149914559
P_AQ.192	0.5446114124441171	0.45538858755588285
P_AQ.193	0.6145871099760567	0.38541289002394336
P_AQ.194	0.733517010914496	0.2664829890855041
P_AQ.195	0.6174330277340812	0.3825669722659189
P_AQ.196	0.2573723300014249	0.7426276699985751
P_AQ.197	0.611432706020028	0.38856729397997203
P_AQ.198	0.4577959956986495	0.5422040043013505
P_AQ.199	0.3829419956294293	0.6170580043705707
P_AQ.2	0.10848538671182095	0.891514613288179
P_AQ.20	0.059864918473414686	0.9401350815265853
P_AQ.201	0.43670239607627737	0.5632976039237226
P_AQ.202	0.7025351032772609	0.2974648967227391
P_AQ.204	0.16257176263634954	0.8374282373636505
P_AQ.205	0.423235986164586	0.576764013835414
P_AQ.206	0.1799960154146677	0.8200039845853323
P_AQ.207	0.3777693297483935	0.6222306702516065
P_AQ.208	0.9099876817155119	0.09001231828448802
P_AQ.209	0.10945410569333358	0.8905458943066664
P_AQ.21	0.5200888795101062	0.47991112048989387
P_AQ.210	0.7758611592338587	0.22413884076614138
P_AQ.212	0.2904318442612349	0.7095681557387651
P_AQ.213	0.7511914012957066	0.24880859870429334
P_AQ.215	0.01988825726020005	0.9801117427398
P_AQ.216	0.1469707174117283	0.8530292825882717
P_AQ.217	0.22157137398889548	0.7784286260111045
P_AQ.218	0.8074347866026774	0.19256521339732255
P_AQ.219	0.17137056344646462	0.8286294365535354
P_AQ.22	0.6708123043155352	0.32918769568446477
P_AQ.220	0.671724624973153	0.32827537502684695
P_AQ.221	0.6973425082582503	0.3026574917417497
P_AQ.222	0.6490375907426775	0.3509624092573225
P_AQ.223	0.3249644834857479	0.6750355165142521
P_AQ.224	0.6082304476388437	0.3917695523611563
P_AQ.225	0.32226943740800396	0.677730562591996
P_AQ.226	0.6752924963917124	0.3247075036082876
P_AQ.227	0.022907457963538214	0.9770925420364618
P_AQ.228	0.48331293597893143	0.5166870640210686
P_AQ.229	0.6102485376727415	0.38975146232725855
P_AQ.23	0.17521897128537722	0.8247810287146228
P_AQ.230	0.7215933112783732	0.2784066887216267
P_AQ.231	0.3674812511169069	0.6325187488830931
P_AQ.232	0.4841969296968631	0.5158030703031369
P_AQ.233	0.655227826816938	0.344772173183062
P_AQ.234	0.10150477555649506	0.8984952244435049
P_AQ.235	0.7554009494235578	0.24459905057644218
P_AQ.236	0.9066811829033627	0.09331881709663728
P_AQ.237	0.25421079316908635	0.7457892068309137
P_AQ.238	0.4361981040841365	0.5638018959158635
P_AQ.239	0.15287906906303694	0.8471209309369631
P_AQ.24	0.6046250903374415	0.39537490966255856
P_AQ.241	0.49695980581268884	0.5030401941873112
P_AQ.242	0.07579933118934201	0.924200668810658
P_AQ.247	0.24480684035802913	0.7551931596419709
P_AQ.248	0.2623700669551682	0.7376299330448318
P_AQ.249	0.10279987563327897	0.897200124366721
P_AQ.25	0.703217717163139	0.29678228283686103
P_AQ.250	0.6948471552475477	0.3051528447524523
P_AQ.251	0.025435359215443154	0.9745646407845568
P_AQ.252	0.950566159265049	0.04943384073495103
P_AQ.253	0.5055159964366873	0.49448400356331274
P_AQ.254	0.9113622226772681	0.08863777732273197
P_AQ.255	0.28637139186443084	0.7136286081355692
P_AQ.256	0.008688863938949076	0.9913111360610509
P_AQ.257	0.25277652623667146	0.7472234737633285
P_AQ.259	0.5649588028343194	0.43504119716568057
P_AQ.26	0.08296883224115104	0.917031167758849
P_AQ.260	0.37706397479644416	0.6229360252035558
P_AQ.261	0.32687275590122644	0.6731272440987736
P_AQ.262	0.07302889417056613	0.9269711058294339
P_AQ.263	0.9630618894122811	0.03693811058771884
P_AQ.264	0.043423518083408386	0.9565764819165916
P_AQ.265	0.22145666962621569	0.7785433303737843
P_AQ.266	0.3549369770064039	0.6450630229935961
P_AQ.267	0.20165460330636942	0.7983453966936306
P_AQ.268	0.8720124569053356	0.1279875430946644
P_AQ.27	0.6088422507710627	0.39115774922893726
P_AQ.270	0.4436101203606876	0.5563898796393124
P_AQ.271	0.37411259952145093	0.6258874004785491
P_AQ.272	0.19448065599984854	0.8055193440001515
P_AQ.273	0.18774536147440612	0.8122546385255939
P_AQ.275	0.3217752952357755	0.6782247047642245
P_AQ.276	0.41716272348475836	0.5828372765152416
P_AQ.277	0.4621983611250181	0.5378016388749819
P_AQ.278	0.17266435686248505	0.827335643137515
P_AQ.28	0.38526004284013626	0.6147399571598637
P_AQ.280	0.2794599513351379	0.7205400486648621
P_AQ.281	0.8791428421373831	0.12085715786261686
P_AQ.283	0.9245082671083348	0.07549173289166526
P_AQ.284	0.33464776118857587	0.6653522388114241
P_AQ.286	0.6867124272299993	0.31328757277000074
P_AQ.287	0.19871585392770863	0.8012841460722914
P_AQ.288	0.2992288302390762	0.7007711697609238
P_AQ.289	0.023682282499768115	0.9763177175002319
P_AQ.29	0.618759777676127	0.381240222323873
P_AQ.290	0.9097282444506787	0.09027175554932136
P_AQ.291	0.39162769440246203	0.608372305597538
P_AQ.292	0.2987773742892318	0.7012226257107682
P_AQ.293	0.19707995038197446	0.8029200496180255
P_AQ.294	0.08177492972356848	0.9182250702764315
P_AQ.295	0.5620113612300942	0.4379886387699058
P_AQ.296	0.7546436367348481	0.24535636326515187
P_AQ.297	0.11368197521508616	0.8863180247849138
P_AQ.298	0.10293140709307547	0.8970685929069245
P_AQ.299	0.6199348825646327	0.38006511743536725
P_AQ.3	0.6193177451611196	0.38068225483888046
P_AQ.30	0.2500958164298812	0.7499041835701188
P_AQ.300	0.827007517497007	0.17299248250299307
P_AQ.301	0.3782162172051291	0.6217837827948709
P_AQ.303	0.018736144090901075	0.9812638559090989
P_AQ.304	0.7611484645032267	0.23885153549677324
P_AQ.305	0.3145115852942181	0.6854884147057819
P_AQ.306	0.698091683805125	0.30190831619487496
P_AQ.307	0.33982397622913807	0.6601760237708619
P_AQ.308	0.8159024010824764	0.18409759891752367
P_AQ.309	0.45995761444615424	0.5400423855538458
P_AQ.31	0.18079906776953703	0.819200932230463
P_AQ.310	0.750972049176669	0.24902795082333096
P_AQ.311	0.14976252484236618	0.8502374751576338
P_AQ.312	0.6775443352528965	0.3224556647471035
P_AQ.313	0.7896755250070262	0.2103244749929738
P_AQ.314	0.5752668436523275	0.4247331563476725
P_AQ.315	0.694622204038879	0.305377795961121
P_AQ.318	0.5567030057694651	0.44329699423053487
P_AQ.319	0.8182868593254347	0.1817131406745654
P_AQ.32	0.055503673402782394	0.9444963265972176
P_AQ.320	0.4537020623666137	0.5462979376333863
P_AQ.322	0.49353032450957834	0.5064696754904217
P_AQ.323	0.4983910764964352	0.5016089235035648
P_AQ.324	0.4480494547052398	0.5519505452947602
P_AQ.325	0.012481364652301652	0.9875186353476983
P_AQ.327	0.028026984847147385	0.9719730151528526
P_AQ.328	0.5893242782964383	0.41067572170356165
P_AQ.329	0.9134660089384691	0.08653399106153091
P_AQ.33	0.5816339976060889	0.41836600239391114
P_AQ.330	0.49145002801174853	0.5085499719882515
P_AQ.331	0.4982186885314315	0.5017813114685685
P_AQ.332	0.2571039149359654	0.7428960850640346
P_AQ.334	0.7586030210962299	0.24139697890377007
P_AQ.335	0.7779854698493089	0.22201453015069111
P_AQ.337	0.7133985646410244	0.28660143535897564
P_AQ.338	0.595130378032741	0.404869621967259
P_AQ.34	0.4150061137137545	0.5849938862862455
P_AQ.340	0.4242269362437643	0.5757730637562357
P_AQ.341	0.08564264087230256	0.9143573591276974
P_AQ.342	0.5317541083189721	0.46824589168102787
P_AQ.343	0.0315491645484105	0.9684508354515895
P_AQ.344	0.03597468427215145	0.9640253157278486
P_AQ.345	0.2796223085751456	0.7203776914248544
P_AQ.346	0.13842536456543098	0.861574635434569
P_AQ.347	0.32749094720151817	0.6725090527984818
P_AQ.348	0.10774913813298903	0.892250861867011
P_AQ.349	0.3702872202207722	0.6297127797792278
P_AQ.35	0.8568124666927921	0.14318753330720793
P_AQ.350	0.6060724785417317	0.3939275214582683
P_AQ.351	0.3400283019551398	0.6599716980448602
P_AQ.352	0.3062008969673937	0.6937991030326063
P_AQ.353	0.5435484318614312	0.45645156813856885
P_AQ.354	0.3656771119604785	0.6343228880395215
P_AQ.355	0.232675566184248	0.767324433815752
P_AQ.356	0.36723201321144106	0.632767986788559
P_AQ.357	0.9499989562043036	0.05000104379569637
P_AQ.358	0.1758410555150437	0.8241589444849563
P_AQ.359	0.5942930773484383	0.40570692265156166
P_AQ.36	0.6827038670690475	0.3172961329309525
P_AQ.360	0.8766335062585195	0.12336649374148047
P_AQ.361	0.35985251703504517	0.6401474829649548
P_AQ.362	0.658749200542134	0.341250799457866
P_AQ.363	0.3481554695669047	0.6518445304330953
P_AQ.364	0.1993158517478787	0.8006841482521213
P_AQ.365	0.7747253093577849	0.22527469064221506
P_AQ.366	0.005940376114205281	0.9940596238857947
P_AQ.367	0.5520671383101029	0.4479328616898971
P_AQ.368	0.6809435061267516	0.3190564938732484
P_AQ.369	0.14090885640080808	0.8590911435991919
P_AQ.37	0.7062686186418798	0.29373138135812016
P_AQ.370	0.6297764484319629	0.3702235515680371
P_AQ.371	0.2669050638166054	0.7330949361833946
P_AQ.372	0.12864921188982115	0.8713507881101789
P_AQ.373	0.10847541934968863	0.8915245806503114
P_AQ.374	0.7100918268395577	0.28990817316044226
P_AQ.375	0.2874424889049708	0.7125575110950292
P_AQ.376	0.035520427377387365	0.9644795726226126
P_AQ.377	0.5684240622092858	0.4315759377907142
P_AQ.378	0.5506398775559727	0.44936012244402734
P_AQ.38	0.9717544195770419	0.028245580422958064
P_AQ.381	0.834908498495642	0.165091501504358
P_AQ.383	0.3676313040048367	0.6323686959951633
P_AQ.384	0.2702196308933923	0.7297803691066077
P_AQ.385	0.2526636640476616	0.7473363359523384
P_AQ.386	0.6797858419616278	0.3202141580383722
P_AQ.387	0.9105123820404031	0.08948761795959687
P_AQ.388	0.5410654423821892	0.4589345576178107
P_AQ.389	0.28573955466832635	0.7142604453316737
P_AQ.39	0.26260630547065844	0.7373936945293416
P_AQ.391	0.6880788788084545	0.31192112119154547
P_AQ.392	0.899506031038205	0.10049396896179491
P_AQ.393	0.4608937376290906	0.5391062623709094
P_AQ.394	0.09067166748550692	0.9093283325144931
P_AQ.395	0.4758038105769765	0.5241961894230235
P_AQ.396	0.6659863162907784	0.3340136837092215
P_AQ.397	0.6920223818291003	0.30797761817089975
P_AQ.398	0.03823759892859524	0.9617624010714048
P_AQ.399	0.6532169044008219	0.3467830955991781
P_AQ.4	0.11953187061088189	0.8804681293891181
P_AQ.40	0.04118925903847259	0.9588107409615274
P_AQ.400	0.7116279576692868	0.2883720423307133
P_AQ.401	0.3329312212540284	0.6670687787459716
P_AQ.404	0.32432924160577137	0.6756707583942286
P_AQ.405	0.5980247444425271	0.401975255557473
P_AQ.406	0.510069102382547	0.48993089761745295
P_AQ.408	0.16063873522527838	0.8393612647747216
P_AQ.409	0.4212934557300835	0.5787065442699165
P_AQ.41	0.5053199762262317	0.49468002377376824
P_AQ.411	0.14314188926699145	0.8568581107330085
P_AQ.412	0.4928764943688537	0.5071235056311463
P_AQ.413	0.46430482798984196	0.535695172010158
P_AQ.414	0.7908617587219446	0.2091382412780553
P_AQ.415	0.33666876083682973	0.6633312391631703
P_AQ.416	0.8179494103156328	0.1820505896843672
P_AQ.417	0.7112853007697892	0.28871469923021076
P_AQ.418	0.8403630375396498	0.15963696246035022
P_AQ.419	0.18950557234042842	0.8104944276595716
P_AQ.42	0.46746373362636506	0.5325362663736349
P_AQ.420	0.1788356786383306	0.8211643213616694
P_AQ.421	0.85563489626264	0.14436510373736
P_AQ.422	0.2417288949743145	0.7582711050256855
P_AQ.424	0.4960284335127475	0.5039715664872525
P_AQ.425	0.33985021186837494	0.6601497881316251
P_AQ.426	0.18309443550742655	0.8169055644925735
P_AQ.427	0.13374526952454968	0.8662547304754503
P_AQ.428	0.44794808204332726	0.5520519179566727
P_AQ.429	0.5118130924153073	0.4881869075846927
P_AQ.43	0.2887631470701578	0.7112368529298422
P_AQ.430	0.2808008961005064	0.7191991038994936
P_AQ.431	0.426857232507201	0.573142767492799
P_AQ.432	0.3855808427335847	0.6144191572664153
P_AQ.433	0.3417941313774273	0.6582058686225727
P_AQ.434	0.37463759887939363	0.6253624011206064
P_AQ.435	0.6520722494844327	0.3479277505155673
P_AQ.438	0.7668736853284682	0.23312631467153178
P_AQ.439	0.5105799084319662	0.48942009156803384
P_AQ.44	0.5180114135757159	0.4819885864242841
P_AQ.440	0.19033250332836338	0.8096674966716366
P_AQ.441	0.5850291458307186	0.4149708541692814
P_AQ.442	0.7051355766497169	0.29486442335028307
P_AQ.444	0.06865461766831882	0.9313453823316812
P_AQ.445	0.859087643911342	0.140912356088658
P_AQ.446	0.708475500072969	0.29152449992703094
P_AQ.447	0.5382258081434808	0.4617741918565193
P_AQ.448	0.7423313704779231	0.25766862952207686
P_AQ.45	0.8796464272515538	0.12035357274844619
P_AQ.450	0.026791847997245988	0.973208152002754
P_AQ.451	0.2790941385848291	0.7209058614151709
P_AQ.452	0.3222357191304034	0.6777642808695966
P_AQ.453	0.3186598980066885	0.6813401019933115
P_AQ.455	0.18431592559901877	0.8156840744009812
P_AQ.456	0.38797450624247976	0.6120254937575202
P_AQ.457	0.3029111126096683	0.6970888873903317
P_AQ.458	0.6260342727512678	0.3739657272487322
P_AQ.459	0.49324493040610984	0.5067550695938902
P_AQ.46	0.6029288319003987	0.3970711680996013
P_AQ.460	0.28038565601334553	0.7196143439866545
P_AQ.462	0.6127041722668986	0.38729582773310145
P_AQ.464	0.0752485597469511	0.9247514402530489
P_AQ.465	0.2604606268836509	0.7395393731163491
P_AQ.466	0.15936925635774346	0.8406307436422565
P_AQ.467	0.8392184082508121	0.16078159174918796
P_AQ.468	0.01764760326819992	0.9823523967318001
P_AQ.470	0.8099561705580204	0.1900438294419796
P_AQ.471	0.7721935308048966	0.22780646919510336
P_AQ.472	0.16394471060062543	0.8360552893993746
P_AQ.473	0.36418436982454583	0.6358156301754542
P_AQ.474	0.08562948582787777	0.9143705141721222
P_AQ.475	0.6497634106840993	0.3502365893159008
P_AQ.476	0.3180704089684201	0.6819295910315799
P_AQ.477	0.33757988993786925	0.6624201100621308
P_AQ.478	0.6843657203234406	0.31563427967655944
P_AQ.479	0.2197541328264242	0.7802458671735758
P_AQ.48	0.24013203160375696	0.759867968396243
P_AQ.480	0.05164251392766195	0.948357486072338
P_AQ.481	0.6093979653273833	0.3906020346726167
P_AQ.482	0.6232350711318492	0.37676492886815083
P_AQ.484	0.7717004475486148	0.22829955245138525
P_AQ.485	0.2881447349189583	0.7118552650810417
P_AQ.486	0.8167098701588646	0.18329012984113532
P_AQ.487	0.10553156551382548	0.8944684344861745
P_AQ.488	0.4025261326025926	0.5974738673974074
P_AQ.489	0.8182814467385754	0.18171855326142464
P_AQ.49	0.8467593560738746	0.15324064392612533
P_AQ.490	0.3084954244376755	0.6915045755623245
P_AQ.491	0.5796865852055466	0.42031341479445333
P_AQ.492	0.8995068342628644	0.10049316573713563
P_AQ.493	0.5790355704977939	0.4209644295022062
P_AQ.494	0.6474352516033134	0.3525647483966866
P_AQ.495	0.2682584559209402	0.7317415440790598
P_AQ.496	0.43637169166952827	0.5636283083304717
P_AQ.497	0.26202878501272386	0.7379712149872761
P_AQ.498	0.23621566653483672	0.7637843334651633
P_AQ.499	0.7788312844471179	0.22116871555288214
P_AQ.5	0.29892197989738123	0.7010780201026188
P_AQ.50	0.3651367852262508	0.6348632147737492
P_AQ.500	0.697227229246554	0.30277277075344594
P_AQ.501	0.9838669883450767	0.0161330116549233
P_AQ.502	0.7172492468257142	0.2827507531742858
P_AQ.503	0.6664136196361101	0.3335863803638898
P_AQ.504	0.696520529866826	0.30347947013317395
P_AQ.505	0.28106764347905133	0.7189323565209487
P_AQ.506	0.05812495856447841	0.9418750414355216
P_AQ.507	0.03149964512634629	0.9685003548736537
P_AQ.508	0.72708078433991	0.27291921566009003
P_AQ.509	0.1847828519069058	0.8152171480930942
P_AQ.51	0.2940828105722424	0.7059171894277576
P_AQ.510	0.6262037444602215	0.3737962555397784
P_AQ.511	0.6524585946823757	0.34754140531762434
P_AQ.512	0.542356071269569	0.45764392873043097
P_AQ.514	0.6784979296910745	0.3215020703089255
P_AQ.515	0.8528682182132683	0.14713178178673175
P_AQ.516	0.21755509589219535	0.7824449041078047
P_AQ.517	0.16097839231503963	0.8390216076849604
P_AQ.518	0.7639342675616038	0.23606573243839624
P_AQ.519	0.4866194566783598	0.5133805433216402
P_AQ.52	0.8855764588145594	0.1144235411854406
P_AQ.520	0.6864028613982136	0.31359713860178645
P_AQ.521	0.7433576342890702	0.2566423657109298
P_AQ.522	0.8528984301880425	0.1471015698119576
P_AQ.523	0.5193201120922322	0.48067988790776783
P_AQ.524	0.4519535228377224	0.5480464771622776
P_AQ.525	0.8339787187761507	0.16602128122384924
P_AQ.526	0.2230894805260749	0.7769105194739251
P_AQ.527	0.9515656982646512	0.048434301735348795
P_AQ.528	0.7477845048981353	0.2522154951018647
P_AQ.529	0.6056200908370146	0.39437990916298543
P_AQ.53	0.7583631466864796	0.24163685331352036
P_AQ.531	0.3683453669096244	0.6316546330903756
P_AQ.532	0.33835506187185704	0.661644938128143
P_AQ.533	0.05779758059332929	0.9422024194066707
P_AQ.534	0.5032092530244306	0.49679074697556935
P_AQ.535	0.3192774234390747	0.6807225765609253
P_AQ.536	0.6288521307246481	0.3711478692753519
P_AQ.537	0.2580927799969398	0.7419072200030602
P_AQ.538	0.12132127623438349	0.8786787237656165
P_AQ.539	0.3801567440584821	0.6198432559415179
P_AQ.54	0.36754273575186014	0.6324572642481399
P_AQ.540	0.14890647733270168	0.8510935226672983
P_AQ.541	0.6194227781884555	0.3805772218115445
P_AQ.542	0.23042649870757026	0.7695735012924297
P_AQ.544	0.3409812762449237	0.6590187237550763
P_AQ.545	0.6231020301516388	0.37689796984836127
P_AQ.546	0.26624686390920205	0.733753136090798
P_AQ.547	0.5199725280329912	0.4800274719670088
P_AQ.549	0.2137517226946436	0.7862482773053564
P_AQ.55	0.9193382335446143	0.08066176645538567
P_AQ.550	0.11878064889734397	0.881219351102656
P_AQ.551	0.7298182916746601	0.27018170832533994
P_AQ.552	0.34796292866904344	0.6520370713309566
P_AQ.553	0.24512956483160608	0.7548704351683939
P_AQ.554	0.5789360548556984	0.42106394514430157
P_AQ.555	0.05226695927919034	0.9477330407208097
P_AQ.557	0.8588028676270955	0.14119713237290454
P_AQ.558	0.2930241586380278	0.7069758413619722
P_AQ.559	0.3304436503743252	0.6695563496256748
P_AQ.56	0.018625346814765353	0.9813746531852346
P_AQ.560	0.44576168022046114	0.5542383197795389
P_AQ.561	0.4122666497039549	0.5877333502960451
P_AQ.562	0.2889340543830071	0.7110659456169929
P_AQ.563	0.36289498606428994	0.6371050139357101
P_AQ.564	0.09693176223372235	0.9030682377662776
P_AQ.565	0.3126901547279217	0.6873098452720783
P_AQ.566	0.2707808594891742	0.7292191405108258
P_AQ.567	0.512979025966311	0.48702097403368905
P_AQ.568	0.6312212282229728	0.3687787717770273
P_AQ.57	0.8405442053228525	0.1594557946771475
P_AQ.570	0.45929142792034683	0.5407085720796532
P_AQ.571	0.028475561995374044	0.971524438004626
P_AQ.572	0.7308167066193199	0.2691832933806801
P_AQ.574	0.17895399320766958	0.8210460067923304
P_AQ.576	0.931830153439902	0.06816984656009795
P_AQ.577	0.4161320038944326	0.5838679961055674
P_AQ.578	0.7209365896182711	0.2790634103817289
P_AQ.579	0.5919488997552831	0.40805110024471686
P_AQ.58	0.2036090301532122	0.7963909698467878
P_AQ.580	0.4417278226165764	0.5582721773834236
P_AQ.581	0.049863804534436396	0.9501361954655636
P_AQ.582	0.7908374708712884	0.20916252912871158
P_AQ.583	0.8512603332317579	0.14873966676824216
P_AQ.584	0.7003374488030838	0.2996625511969162
P_AQ.585	0.49153613869462687	0.5084638613053731
P_AQ.586	0.6196740194994934	0.3803259805005066
P_AQ.587	0.4288834205690346	0.5711165794309654
P_AQ.588	0.0390348653107061	0.9609651346892939
P_AQ.589	0.8048895885617713	0.19511041143822871
P_AQ.59	0.8215671980520951	0.17843280194790495
P_AQ.591	0.11375900750895251	0.8862409924910475
P_AQ.592	0.5220204424411006	0.4779795575588995
P_AQ.593	0.15538334187814884	0.8446166581218512
P_AQ.594	0.35153945603726267	0.6484605439627373
P_AQ.595	0.0873639983870046	0.9126360016129954
P_AQ.596	0.11370410187854296	0.886295898121457
P_AQ.597	0.40783612278629156	0.5921638772137084
P_AQ.598	0.46291874298399427	0.5370812570160057
P_AQ.599	0.636756952977287	0.3632430470227131
P_AQ.6	0.4440020117687734	0.5559979882312266
P_AQ.60	0.7752229940377777	0.22477700596222233
P_AQ.600	0.30641308872853623	0.6935869112714638
P_AQ.601	0.2056246823539768	0.7943753176460232
P_AQ.602	0.31612700629810186	0.6838729937018981
P_AQ.603	0.27202031595776077	0.7279796840422392
P_AQ.604	0.2627352149933725	0.7372647850066275
P_AQ.605	0.7114748953362786	0.2885251046637214
P_AQ.606	0.5755640570384926	0.4244359429615074
P_AQ.607	0.14352040561637291	0.8564795943836271
P_AQ.608	0.36571614728444335	0.6342838527155567
P_AQ.609	0.6802471088652723	0.3197528911347277
P_AQ.61	0.07067320362636809	0.9293267963736319
P_AQ.610	0.18798195035984777	0.8120180496401522
P_AQ.611	0.7828581527271067	0.21714184727289335
P_AQ.612	0.34395869833390613	0.6560413016660939
P_AQ.614	0.3963349360836471	0.6036650639163529
P_AQ.615	0.7742793247764332	0.22572067522356679
P_AQ.616	0.5425679327323927	0.45743206726760727
P_AQ.617	0.49058262595626556	0.5094173740437344
P_AQ.618	0.6323826623818548	0.3676173376181452
P_AQ.619	0.5692950838808217	0.4307049161191783
P_AQ.62	0.15924659458373336	0.8407534054162666
P_AQ.620	0.15935015767764282	0.8406498423223572
P_AQ.621	0.802143116543115	0.19785688345688496
P_AQ.622	0.8511754786994811	0.14882452130051896
P_AQ.623	0.823895272145357	0.176104727854643
P_AQ.624	0.5600225105123537	0.4399774894876462
P_AQ.625	0.48248106166284	0.51751893833716
P_AQ.626	0.06673419622628862	0.9332658037737114
P_AQ.627	0.47634874274602845	0.5236512572539715
P_AQ.628	0.32515399571061454	0.6748460042893855
P_AQ.629	0.3230322920727672	0.6769677079272328
P_AQ.63	0.349077683479195	0.650922316520805
P_AQ.630	0.6312057850615544	0.3687942149384455
P_AQ.631	0.6626710075326243	0.33732899246737563
P_AQ.632	0.20836447293795068	0.7916355270620493
P_AQ.633	0.5879725829112121	0.4120274170887879
P_AQ.634	0.6821248201328556	0.3178751798671445
P_AQ.635	0.4072155653481285	0.5927844346518715
P_AQ.636	0.06785348548421954	0.9321465145157805
P_AQ.637	0.2967470523424631	0.7032529476575369
P_AQ.638	0.2243412978339	0.7756587021661
P_AQ.639	0.28818085578993136	0.7118191442100686
P_AQ.64	0.04389708948801685	0.9561029105119832
P_AQ.640	0.03431124336468694	0.9656887566353131
P_AQ.641	0.29100678948409575	0.7089932105159042
P_AQ.642	0.4326236605255426	0.5673763394744574
P_AQ.645	0.7570530988706065	0.24294690112939352
P_AQ.646	0.5114695473950646	0.4885304526049354
P_AQ.647	0.25590737638474237	0.7440926236152576
P_AQ.648	0.8276164492514213	0.17238355074857875
P_AQ.65	0.23114061915703432	0.7688593808429657
P_AQ.650	0.4318192640725491	0.5681807359274509
P_AQ.651	0.6464728139910992	0.35352718600890076
P_AQ.652	0.041847692918466906	0.9581523070815331
P_AQ.653	0.08561563932794869	0.9143843606720513
P_AQ.654	0.15862631658521398	0.841373683414786
P_AQ.655	0.12902191325350876	0.8709780867464912
P_AQ.656	0.6216445754932456	0.37835542450675436
P_AQ.657	0.5795377648003632	0.4204622351996367
P_AQ.658	0.09414890787968522	0.9058510921203148
P_AQ.659	0.6460686986223063	0.3539313013776937
P_AQ.66	0.49460654698364015	0.5053934530163599
P_AQ.660	0.4420175311067486	0.5579824688932514
P_AQ.661	0.49142798200017357	0.5085720179998264
P_AQ.662	0.24680137268920144	0.7531986273107986
P_AQ.663	0.2503944378062064	0.7496055621937936
P_AQ.665	0.6704012971025506	0.32959870289744947
P_AQ.666	0.6022198429402068	0.39778015705979325
P_AQ.667	0.48988069057241146	0.5101193094275885
P_AQ.668	0.7434057260254457	0.25659427397455425
P_AQ.669	0.1860900878495917	0.8139099121504083
P_AQ.67	0.3534827686509109	0.6465172313490891
P_AQ.670	0.24910591274361116	0.7508940872563888
P_AQ.671	0.6103591207303114	0.3896408792696886
P_AQ.672	0.9221417898205146	0.07785821017948535
P_AQ.673	0.14408882752837882	0.8559111724716212
P_AQ.674	0.5193534191702502	0.4806465808297498
P_AQ.675	0.2495564904229961	0.7504435095770039
P_AQ.677	0.2733545290196635	0.7266454709803365
P_AQ.679	0.40578031530599623	0.5942196846940038
P_AQ.68	0.7755161160814511	0.22448388391854887
P_AQ.680	0.7860894252531587	0.21391057474684128
P_AQ.681	0.27822023554452	0.72177976445548
P_AQ.682	0.36618098979502156	0.6338190102049784
P_AQ.683	0.10416211466669412	0.8958378853333059
P_AQ.684	0.1652226874745366	0.8347773125254634
P_AQ.685	0.07573399537042702	0.924266004629573
P_AQ.686	0.20971579671813723	0.7902842032818628
P_AQ.687	0.5692232023271776	0.4307767976728224
P_AQ.688	0.7807220598525983	0.2192779401474017
P_AQ.689	0.6747781716317158	0.3252218283682841
P_AQ.69	0.045267076187474165	0.9547329238125258
P_AQ.690	0.3864784454466741	0.6135215545533259
P_AQ.691	0.08811814851472666	0.9118818514852733
P_AQ.692	0.25444897604020134	0.7455510239597987
P_AQ.694	0.35044880424718616	0.6495511957528138
P_AQ.695	0.381327504917529	0.618672495082471
P_AQ.696	0.23770516029399413	0.7622948397060059
P_AQ.697	0.36012250704506865	0.6398774929549313
P_AQ.698	0.39078009868838437	0.6092199013116156
P_AQ.699	0.3274504414494477	0.6725495585505523
P_AQ.7	0.3921441052931923	0.6078558947068077
P_AQ.70	0.5495008393407654	0.4504991606592346
P_AQ.700	0.3527605221399346	0.6472394778600654
P_AQ.702	0.0855779563323954	0.9144220436676046
P_AQ.703	0.6084640744684314	0.3915359255315686
P_AQ.704	0.512465938127111	0.48753406187288895
P_AQ.705	0.6898175408758638	0.31018245912413617
P_AQ.706	0.705188262884363	0.294811737115637
P_AQ.707	0.5997818920461133	0.40021810795388674
P_AQ.708	0.9134241636124751	0.08657583638752489
P_AQ.709	0.311935084700141	0.688064915299859
P_AQ.71	0.7115578383864922	0.28844216161350783
P_AQ.710	0.4424458881398907	0.5575541118601093
P_AQ.711	0.8302355088273305	0.1697644911726695
P_AQ.714	0.579213230063379	0.420786769936621
P_AQ.715	0.19498551609048476	0.8050144839095152
P_AQ.716	0.14032571257549653	0.8596742874245035
P_AQ.717	0.25529762368630915	0.7447023763136909
P_AQ.718	0.7787489228968822	0.2212510771031177
P_AQ.719	0.6710756580549524	0.3289243419450476
P_AQ.72	0.11908391113811723	0.8809160888618828
P_AQ.720	0.20930707248768832	0.7906929275123117
P_AQ.721	0.08574273940400456	0.9142572605959954
P_AQ.722	0.7529822742202393	0.2470177257797607
P_AQ.723	0.04991595552341099	0.950084044476589
P_AQ.724	0.590424134064747	0.40957586593525297
P_AQ.725	0.11704150604144825	0.8829584939585517
P_AQ.729	0.264386159691508	0.735613840308492
P_AQ.73	0.5497204939520317	0.45027950604796835
P_AQ.730	0.29180850896397104	0.708191491036029
P_AQ.731	0.3736984839629969	0.6263015160370031
P_AQ.732	0.6675330747255666	0.3324669252744334
P_AQ.733	0.16254373056395	0.83745626943605
P_AQ.734	0.04468784271310611	0.9553121572868939
P_AQ.735	0.2780289027860239	0.7219710972139761
P_AQ.736	0.08570007711734329	0.9142999228826567
P_AQ.737	0.19507929135767454	0.8049207086423255
P_AQ.738	0.41608281113575374	0.5839171888642463
P_AQ.739	0.48794286959553557	0.5120571304044644
P_AQ.74	0.12679762103414904	0.873202378965851
P_AQ.740	0.6096901672002458	0.3903098327997542
P_AQ.741	0.18731412324487307	0.8126858767551269
P_AQ.743	0.07130123759094986	0.9286987624090501
P_AQ.744	0.20222677497204633	0.7977732250279537
P_AQ.745	0.6123100761863696	0.3876899238136304
P_AQ.746	0.2530120333889704	0.7469879666110296
P_AQ.747	0.20753222562829543	0.7924677743717046
P_AQ.75	0.3601466028312771	0.6398533971687229
P_AQ.750	0.39344354391367586	0.6065564560863241
P_AQ.751	0.508854739821073	0.49114526017892696
P_AQ.752	0.7268751632341004	0.27312483676589955
P_AQ.753	0.4044006298582319	0.5955993701417681
P_AQ.755	0.07647676902056322	0.9235232309794368
P_AQ.756	0.39431075247935465	0.6056892475206453
P_AQ.757	0.2789408415613305	0.7210591584386695
P_AQ.758	0.7679409112089634	0.23205908879103665
P_AQ.759	0.5045176853511337	0.4954823146488663
P_AQ.76	0.8141338205905678	0.18586617940943215
P_AQ.760	0.21586199774629444	0.7841380022537056
P_AQ.761	0.25725493743023353	0.7427450625697665
P_AQ.762	0.24771861079871038	0.7522813892012896
P_AQ.763	0.20074477859034812	0.7992552214096519
P_AQ.764	0.9631279104676229	0.036872089532377125
P_AQ.765	0.384898092139234	0.615101907860766
P_AQ.766	0.47657187495873576	0.5234281250412642
P_AQ.767	0.06930426733961026	0.9306957326603897
P_AQ.768	0.3458401660134651	0.6541598339865349
P_AQ.769	0.23272053103003876	0.7672794689699612
P_AQ.77	0.8519031320259263	0.1480968679740737
P_AQ.770	0.1726457310983912	0.8273542689016088
P_AQ.772	0.40982783276443024	0.5901721672355698
P_AQ.773	0.8069920026935322	0.19300799730646775
P_AQ.774	0.5384511217622374	0.46154887823776264
P_AQ.775	0.12075108426288872	0.8792489157371113
P_AQ.776	0.16563232430196984	0.8343676756980302
P_AQ.777	0.40720158481770286	0.5927984151822971
P_AQ.778	0.23427012020019433	0.7657298797998057
P_AQ.779	0.6030664739555787	0.39693352604442134
P_AQ.78	0.30123746022098574	0.6987625397790143
P_AQ.780	0.1304575731605312	0.8695424268394688
P_AQ.781	0.6912500189541138	0.3087499810458863
P_AQ.782	0.37354580070487076	0.6264541992951292
P_AQ.784	0.46060464856284955	0.5393953514371504
P_AQ.785	0.6119945494821295	0.38800545051787055
P_AQ.787	0.2995563658395378	0.7004436341604622
P_AQ.788	0.38769545173223097	0.612304548267769
P_AQ.789	0.4359049022243954	0.5640950977756046
P_AQ.79	0.9089618412173242	0.09103815878267582
P_AQ.791	0.5137869011061937	0.48621309889380626
P_AQ.792	0.2689943242420426	0.7310056757579574
P_AQ.793	0.5433297330937565	0.4566702669062435
P_AQ.794	0.5466077692538246	0.4533922307461754
P_AQ.795	0.7064039312583381	0.29359606874166194
P_AQ.796	0.26779236153936337	0.7322076384606366
P_AQ.797	0.18072189470210942	0.8192781052978906
P_AQ.798	0.5056809661306679	0.49431903386933207
P_AQ.799	0.282979112014909	0.717020887985091
P_AQ.8	0.6789779530985263	0.3210220469014737
P_AQ.80	0.05375628039372626	0.9462437196062737
P_AQ.801	0.2167457194647021	0.7832542805352979
P_AQ.803	0.04100267653758638	0.9589973234624136
P_AQ.804	0.9073231257786444	0.09267687422135563
P_AQ.805	0.7464670136722433	0.2535329863277567
P_AQ.806	0.1827670467682252	0.8172329532317748
P_AQ.807	0.3234760672059088	0.6765239327940912
P_AQ.808	0.6106808209950909	0.38931917900490903
P_AQ.809	0.4747726902646935	0.5252273097353065
P_AQ.81	0.4039821159146848	0.5960178840853152
P_AQ.811	0.9062792126441771	0.09372078735582287
P_AQ.812	0.6886376322004165	0.3113623677995835
P_AQ.813	0.8072366515547228	0.19276334844527723
P_AQ.814	0.5876752277443638	0.4123247722556363
P_AQ.815	0.16376842313433215	0.8362315768656678
P_AQ.816	0.3548616947725116	0.6451383052274884
P_AQ.817	0.7508868287798061	0.24911317122019394
P_AQ.818	0.25327415692687083	0.7467258430731292
P_AQ.819	0.9347462223192328	0.06525377768076722
P_AQ.82	0.34459053554647257	0.6554094644535274
P_AQ.820	0.453112254686723	0.546887745313277
P_AQ.821	0.4025450029279951	0.5974549970720049
P_AQ.823	0.8382602462598371	0.16173975374016292
P_AQ.824	0.5622638292806588	0.4377361707193413
P_AQ.825	0.03492920844792091	0.9650707915520791
P_AQ.826	0.2474711230374237	0.7525288769625763
P_AQ.827	0.8916275267992475	0.10837247320075251
P_AQ.828	0.6586507398156164	0.3413492601843836
P_AQ.829	0.7577328845934179	0.2422671154065821
P_AQ.83	0.82944725422583	0.17055274577416998
P_AQ.830	0.27387889183262826	0.7261211081673717
P_AQ.831	0.5347941062951904	0.4652058937048095
P_AQ.833	0.8526549995993193	0.1473450004006807
P_AQ.834	0.24075431723634388	0.7592456827636561
P_AQ.835	0.5681481836661837	0.43185181633381636
P_AQ.836	0.5545650560695892	0.44543494393041083
P_AQ.837	0.41019949631378116	0.5898005036862188
P_AQ.838	0.5292373056108917	0.4707626943891083
P_AQ.839	0.636507580227704	0.363492419772296
P_AQ.84	0.8722510448273885	0.12774895517261153
P_AQ.840	0.6328026070604984	0.36719739293950165
P_AQ.841	0.3373070873579104	0.6626929126420896
P_AQ.842	0.7811458855429118	0.21885411445708822
P_AQ.843	0.18176332770619819	0.8182366722938018
P_AQ.844	0.039788291932914444	0.9602117080670856
P_AQ.845	0.10545595919659856	0.8945440408034014
P_AQ.846	0.5946377024196693	0.4053622975803307
P_AQ.847	0.3304467679182289	0.6695532320817711
P_AQ.848	0.8717135753117505	0.1282864246882495
P_AQ.849	0.059701120552630216	0.9402988794473698
P_AQ.85	0.17002479814208604	0.829975201857914
P_AQ.850	0.8378571790536444	0.16214282094635563
P_AQ.852	0.4371758776846183	0.5628241223153817
P_AQ.853	0.24423580175687698	0.755764198243123
P_AQ.854	0.3869149313163194	0.6130850686836806
P_AQ.855	0.4937767842139067	0.5062232157860933
P_AQ.856	0.8304915522655207	0.16950844773447923
P_AQ.857	0.8855463581636237	0.11445364183637628
P_AQ.858	0.31640374739841093	0.6835962526015891
P_AQ.859	0.6191352041300312	0.3808647958699688
P_AQ.86	0.805245241094311	0.1947547589056891
P_AQ.860	0.6005635874085022	0.39943641259149776
P_AQ.862	0.7239029561881046	0.27609704381189537
P_AQ.863	0.537009009542228	0.462990990457772
P_AQ.865	0.01392465549536992	0.9860753445046301
P_AQ.866	0.5100812829698536	0.4899187170301464
P_AQ.867	0.03872562085111875	0.9612743791488813
P_AQ.868	0.19931608658588318	0.8006839134141168
P_AQ.869	0.21982999917553792	0.7801700008244621
P_AQ.87	0.9245669745470256	0.07543302545297437
P_AQ.870	0.860820345269369	0.13917965473063096
P_AQ.871	0.3876953000870107	0.6123046999129893
P_AQ.873	0.20382742484441552	0.7961725751555845
P_AQ.874	0.34329742989037926	0.6567025701096207
P_AQ.875	0.07118032851207656	0.9288196714879234
P_AQ.876	0.7823218811517711	0.2176781188482288
P_AQ.877	0.10078533011712809	0.8992146698828719
P_AQ.878	0.814636743674362	0.18536325632563802
P_AQ.879	0.23029254537737565	0.7697074546226244
P_AQ.88	0.713444732037696	0.286555267962304
P_AQ.880	0.10210611169110184	0.8978938883088982
P_AQ.881	0.8667731380756173	0.1332268619243827
P_AQ.883	0.7290565534195197	0.27094344658048025
P_AQ.884	0.6116426245527967	0.3883573754472033
P_AQ.885	0.9070931967921679	0.09290680320783204
P_AQ.886	0.2242847870530189	0.7757152129469811
P_AQ.887	0.48640374501947237	0.5135962549805276
P_AQ.888	0.8010130117866376	0.1989869882133624
P_AQ.89	0.05429193345459249	0.9457080665454075
P_AQ.890	0.4474826302388807	0.5525173697611193
P_AQ.891	0.13284868002292416	0.8671513199770758
P_AQ.892	0.5774417290173903	0.42255827098260973
P_AQ.894	0.05321944199642614	0.9467805580035739
P_AQ.895	0.1437011436770308	0.8562988563229692
P_AQ.896	0.114171123556427	0.885828876443573
P_AQ.897	0.3601558999249964	0.6398441000750036
P_AQ.898	0.31059088021298586	0.6894091197870141
P_AQ.9	0.5455403157031322	0.4544596842968678
P_AQ.90	0.7658989597236384	0.23410104027636155
P_AQ.900	0.175605754525751	0.824394245474249
P_AQ.901	0.418141643020296	0.581858356979704
P_AQ.902	0.19348004124224483	0.8065199587577552
P_AQ.903	0.8416857722563601	0.15831422774363993
P_AQ.904	0.29034413825760086	0.7096558617423991
P_AQ.905	0.1930592528171008	0.8069407471828992
P_AQ.906	0.5451685691211243	0.4548314308788757
P_AQ.907	0.7822247510909737	0.21777524890902636
P_AQ.908	0.7452228182032885	0.25477718179671155
P_AQ.909	0.32855941743391204	0.671440582566088
P_AQ.91	0.7136611977514753	0.2863388022485247
P_AQ.910	0.16244655979743927	0.8375534402025607
P_AQ.911	0.8970318498845892	0.10296815011541083
P_AQ.912	0.1472095876509122	0.8527904123490878
P_AQ.913	0.3227275738378448	0.6772724261621552
P_AQ.914	0.9199802391715571	0.08001976082844287
P_AQ.915	0.49380603812838075	0.5061939618716192
P_AQ.917	0.5056322313551156	0.49436776864488435
P_AQ.918	0.1269697241918355	0.8730302758081645
P_AQ.919	0.40091609106606274	0.5990839089339373
P_AQ.92	0.7419473429318911	0.25805265706810887
P_AQ.920	0.489949493629137	0.510050506370863
P_AQ.921	0.17269757436581368	0.8273024256341863
P_AQ.922	0.17398855233746502	0.826011447662535
P_AQ.924	0.2650038836252947	0.7349961163747053
P_AQ.925	0.2218419645642531	0.7781580354357469
P_AQ.926	0.17992485490370713	0.8200751450962929
P_AQ.927	0.10083912169118636	0.8991608783088136
P_AQ.928	0.32735980760964833	0.6726401923903517
P_AQ.929	0.24229260164217603	0.757707398357824
P_AQ.93	0.35702734806423164	0.6429726519357684
P_AQ.930	0.011232172590574518	0.9887678274094255
P_AQ.931	0.06936645461271107	0.9306335453872889
P_AQ.932	0.848637947315074	0.15136205268492597
P_AQ.933	0.9799551220857189	0.020044877914281087
P_AQ.934	0.3765650037511169	0.6234349962488831
P_AQ.935	0.2932697610180418	0.7067302389819582
P_AQ.937	0.13632099404196474	0.8636790059580353
P_AQ.938	0.8794038404006018	0.12059615959939815
P_AQ.939	0.4911974049440292	0.5088025950559708
P_AQ.94	0.8635489892729474	0.1364510107270526
P_AQ.940	0.6238180036180794	0.3761819963819207
P_AQ.943	0.17513520299394103	0.824864797006059
P_AQ.944	0.21808375771285804	0.781916242287142
P_AQ.945	0.3179985703202528	0.6820014296797472
P_AQ.946	0.5244944758017183	0.47550552419828174
P_AQ.947	0.22456553273308721	0.7754344672669128
P_AQ.948	0.18081092519642394	0.8191890748035761
P_AQ.949	0.1904128795780451	0.8095871204219549
P_AQ.95	0.1418471972335893	0.8581528027664107
P_AQ.950	0.2786401720943573	0.7213598279056427
P_AQ.951	0.032089618716413026	0.967910381283587
P_AQ.952	0.15325430781990745	0.8467456921800925
P_AQ.953	0.7891535940276106	0.21084640597238938
P_AQ.954	0.4657295983980001	0.5342704016019999
P_AQ.955	0.4848927488771624	0.5151072511228376
P_AQ.957	0.32431383300900596	0.675686166990994
P_AQ.958	0.0846459582719179	0.9153540417280821
P_AQ.959	0.051362339464721796	0.9486376605352782
P_AQ.96	0.022603530422084517	0.9773964695779155
P_AQ.960	0.2463381343665232	0.7536618656334768
P_AQ.961	0.3707205672209406	0.6292794327790594
P_AQ.963	0.2905479657446949	0.7094520342553051
P_AQ.964	0.3699690791343011	0.6300309208656989
P_AQ.965	0.03678481877089956	0.9632151812291004
P_AQ.968	0.24678032156828666	0.7532196784317133
P_AQ.969	0.5149439320362117	0.4850560679637883
P_AQ.97	0.09448750645017467	0.9055124935498253
P_AQ.970	0.15878248535043749	0.8412175146495625
P_AQ.971	0.31628429645155554	0.6837157035484445
P_AQ.972	0.07515455140400273	0.9248454485959973
P_AQ.973	0.4782350009072449	0.5217649990927551
P_AQ.974	0.46377307427537173	0.5362269257246283
P_AQ.975	0.45688188414474395	0.543118115855256
P_AQ.977	0.8515368263311733	0.1484631736688267
P_AQ.978	0.8586611497162682	0.1413388502837319
P_AQ.979	0.6251288314351553	0.37487116856484465
P_AQ.98	0.6540660539627432	0.34593394603725675
P_AQ.980	0.9139680279291104	0.08603197207088963
P_AQ.981	0.8684504370765176	0.13154956292348244
P_AQ.982	0.4164925015749066	0.5835074984250934
P_AQ.983	0.7717807638926192	0.2282192361073808
P_AQ.985	0.07857307364017696	0.921426926359823
P_AQ.987	0.5221286445676057	0.4778713554323943
P_AQ.989	0.4885120073948225	0.5114879926051775
P_AQ.99	0.5357943450037325	0.46420565499626754
P_AQ.990	0.9106616264588908	0.08933837354110914
P_AQ.991	0.535570693345528	0.464429306654472
P_AQ.992	0.24677357763208496	0.753226422367915
P_AQ.993	0.5336283123212443	0.4663716876787557
P_AQ.994	0.42545107981369024	0.5745489201863098
P_AQ.995	0.01934577464332543	0.9806542253566746
P_AQ.996	0.3928254701599213	0.6071745298400787
P_AQ.997	0.21535828171879623	0.7846417182812038
P_AQ.999	0.06556926106280225	0.9344307389371977
P_AQ.100	0.5152946553814443	0.48470534461855574
P_AQ.1000	0.14979412103638368	0.8502058789636163
P_AQ.1021	0.2707812957813156	0.7292187042186844
P_AQ.1022	0.5403245505593799	0.45967544944062005
P_AQ.1033	0.2272104009172332	0.7727895990827668
P_AQ.1040	0.072655518395779	0.927344481604221
P_AQ.1083	0.17307438432487687	0.8269256156751231
P_AQ.1086	0.0647759511911814	0.9352240488088186
P_AQ.109	0.8989759849288201	0.10102401507117985
P_AQ.1103	0.45011637003409743	0.5498836299659026
P_AQ.1114	0.45118413751334685	0.5488158624866531
P_AQ.112	0.8761499198097269	0.12385008019027305
P_AQ.1124	0.5368032487668692	0.46319675123313075
P_AQ.1127	0.5318659729089101	0.4681340270910899
P_AQ.1144	0.3906713658041301	0.6093286341958699
P_AQ.1154	0.3038247158624683	0.6961752841375317
P_AQ.1173	0.11608204648411402	0.883917953515886
P_AQ.1176	0.35653073311682226	0.6434692668831777
P_AQ.1191	0.2845510893462435	0.7154489106537565
P_AQ.1193	0.23381181729680278	0.7661881827031972
P_AQ.1201	0.04167784740238789	0.9583221525976121
P_AQ.1235	0.28735471311300764	0.7126452868869924
P_AQ.1237	0.8285076779469689	0.17149232205303108
P_AQ.1241	0.7955141549869086	0.20448584501309144
P_AQ.1243	0.7154907666992107	0.2845092333007893
P_AQ.125	0.7141324455468504	0.2858675544531496
P_AQ.1253	0.34815693099729983	0.6518430690027002
P_AQ.1284	0.16002235278444954	0.8399776472155505
P_AQ.1303	0.07656023521089217	0.9234397647891078
P_AQ.1306	0.37422361094724643	0.6257763890527536
P_AQ.1313	0.4002876663267615	0.5997123336732385
P_AQ.1321	0.14833840646732965	0.8516615935326703
P_AQ.1335	0.020923583485150443	0.9790764165148496
P_AQ.1352	0.09598192303505382	0.9040180769649462
P_AQ.1353	0.354189812493099	0.645810187506901
P_AQ.1360	0.7285177224717504	0.2714822775282496
P_AQ.1362	0.11216256524903156	0.8878374347509684
P_AQ.1373	0.04061460393991678	0.9593853960600832
P_AQ.1378	0.7862163878306758	0.21378361216932415
P_AQ.1380	0.06112956669591996	0.93887043330408
P_AQ.1407	0.3104861002390753	0.6895138997609247
P_AQ.1410	0.11473721502597001	0.88526278497403
P_AQ.1420	0.03926143974424434	0.9607385602557557
P_AQ.1430	0.02814629080825859	0.9718537091917414
P_AQ.1459	0.11882615089657145	0.8811738491034286
P_AQ.1463	0.31481654022777816	0.6851834597722218
P_AQ.1468	0.7273229521391904	0.27267704786080954
P_AQ.1477	0.05333587783169591	0.9466641221683041
P_AQ.1478	0.1422574328331243	0.8577425671668757
P_AQ.1499	0.3338710312941736	0.6661289687058264
P_AQ.1521	0.5790916929095011	0.42090830709049887
P_AQ.1529	0.21352913183458588	0.7864708681654141
P_AQ.1536	0.10186191801086608	0.8981380819891339
P_AQ.154	0.5759666737848883	0.42403332621511164
P_AQ.1546	0.22384429955486207	0.7761557004451379
P_AQ.156	0.06720123978573211	0.9327987602142679
P_AQ.1572	0.43873958529987767	0.5612604147001223
P_AQ.1575	0.2844902641961885	0.7155097358038115
P_AQ.1600	0.48772836584884305	0.512271634151157
P_AQ.1616	0.7322996460570423	0.2677003539429577
P_AQ.1624	0.07585961429869204	0.924140385701308
P_AQ.1633	0.28334850324985217	0.7166514967501478
P_AQ.1643	0.0684025678295056	0.9315974321704944
P_AQ.1653	0.6045043270145439	0.39549567298545607
P_AQ.1672	0.29718978880376323	0.7028102111962368
P_AQ.1679	0.2519760646811864	0.7480239353188136
P_AQ.1692	0.7584228937653111	0.24157710623468884
P_AQ.1693	0.5020956251938322	0.4979043748061678
P_AQ.1694	0.03091612231804075	0.9690838776819592
P_AQ.1714	0.6551237923860049	0.3448762076139951
P_AQ.1728	0.08489668752651858	0.9151033124734814
P_AQ.173	0.06457394000274896	0.935426059997251
P_AQ.1731	0.8330405973779575	0.16695940262204242
P_AQ.1734	0.18782870145565567	0.8121712985443443
P_AQ.1737	0.7177304025020128	0.2822695974979872
P_AQ.1753	0.26461178865597446	0.7353882113440255
P_AQ.176	0.6528762462010138	0.3471237537989862
P_AQ.1777	0.3700478038528656	0.6299521961471344
P_AQ.200	0.19547529559064936	0.8045247044093506
P_AQ.203	0.4159272256303056	0.5840727743696944
P_AQ.211	0.6788670522722966	0.3211329477277034
P_AQ.214	0.4801964789334495	0.5198035210665505
P_AQ.243	0.8451932980303459	0.1548067019696541
P_AQ.245	0.3951469051022797	0.6048530948977203
P_AQ.246	0.5442324087179373	0.45576759128206273
P_AQ.274	0.8700185596607971	0.12998144033920286
P_AQ.279	0.17575918205545393	0.8242408179445461
P_AQ.326	0.0793966532144097	0.9206033467855903
P_AQ.402	0.10994763580106581	0.8900523641989342
P_AQ.403	0.22753429263786495	0.772465707362135
P_AQ.407	0.1518474380458673	0.8481525619541327
P_AQ.423	0.009578242403793458	0.9904217575962065
P_AQ.437	0.28471343797464654	0.7152865620253535
P_AQ.443	0.5299816060453859	0.47001839395461414
P_AQ.449	0.2224643868896422	0.7775356131103578
P_AQ.463	0.3511976263667853	0.6488023736332147
P_AQ.47	0.45781729314275854	0.5421827068572415
P_AQ.483	0.5643334102319153	0.4356665897680847
P_AQ.513	0.15745949558518935	0.8425405044148107
P_AQ.548	0.3260264604537497	0.6739735395462503
P_AQ.556	0.7687081173419152	0.23129188265808473
P_AQ.573	0.5460592585438511	0.4539407414561489
P_AQ.575	0.8752994024425643	0.12470059755743564
P_AQ.590	0.14878931372990012	0.8512106862700999
P_AQ.643	0.07379957734737896	0.926200422652621
P_AQ.676	0.12007631803926888	0.8799236819607311
P_AQ.726	0.8380720834789506	0.16192791652104943
P_AQ.727	0.5354564257386769	0.4645435742613231
P_AQ.728	0.18510880436681498	0.814891195633185
P_AQ.742	0.6637141526233079	0.3362858473766921
P_AQ.748	0.9563151659911422	0.04368483400885776
P_AQ.771	0.4836985204973596	0.5163014795026404
P_AQ.786	0.3103639592611803	0.6896360407388197
P_AQ.800	0.7345736059644574	0.2654263940355425
P_AQ.810	0.17466995788393702	0.825330042116063
P_AQ.822	0.32666598641100386	0.6733340135889961
P_AQ.832	0.19589851682441006	0.8041014831755899
P_AQ.861	0.4045319298920469	0.5954680701079531
P_AQ.872	0.8118297736040313	0.18817022639596873
P_AQ.889	0.37046484863760887	0.6295351513623911
P_AQ.936	0.2932036640821881	0.7067963359178119
P_AQ.941	0.13083272133516277	0.8691672786648372
P_AQ.942	0.027949592510754684	0.9720504074892453
P_AQ.956	0.27969923262361707	0.7203007673763829
P_AQ.962	0.1801376122602948	0.8198623877397052
P_AQ.967	0.07047287452661732	0.9295271254733827
P_AQ.984	0.29529384680098225	0.7047061531990177
P_AQ.998	0.06594029282496672	0.9340597071750333
P_AQ.1047	0.2889463600541702	0.7110536399458298
P_AQ.1050	0.46308052581216785	0.5369194741878321
P_AQ.1054	0.4266140813818241	0.5733859186181759
P_AQ.1157	0.3148370152596557	0.6851629847403443
P_AQ.1163	0.15442192173428548	0.8455780782657145
P_AQ.1179	0.426772971758859	0.573227028241141
P_AQ.1183	0.5106092571097582	0.48939074289024176
P_AQ.1187	0.40322277167407394	0.5967772283259261
P_AQ.1210	0.3466861150819158	0.6533138849180842
P_AQ.1233	0.36168380765360975	0.6383161923463903
P_AQ.1239	0.768279755574197	0.23172024442580297
P_AQ.1260	0.08389779517068807	0.9161022048293119
P_AQ.1286	0.23795570886033546	0.7620442911396645
P_AQ.1287	0.6364091483281268	0.3635908516718732
P_AQ.1346	0.20518709213984365	0.7948129078601563
P_AQ.1403	0.2745696617512946	0.7254303382487054
P_AQ.1435	0.7927250965497776	0.20727490345022231
P_AQ.1524	0.1416617233491626	0.8583382766508374
P_AQ.1531	0.6886399049292249	0.3113600950707751
P_AQ.1535	0.5952764717028209	0.40472352829717906
P_AQ.1564	0.6899006722129721	0.3100993277870279
P_AQ.1587	0.7617260425340798	0.2382739574659202
P_AQ.1655	0.964991900635163	0.03500809936483694
P_AQ.1664	0.24212429325329643	0.7578757067467036
P_AQ.1715	0.31735207202198257	0.6826479279780174
P_AQ.1784	0.1984862996843515	0.8015137003156485
P_AQ.302	0.8519380710500919	0.14806192894990808
P_AQ.321	0.6701453116286606	0.3298546883713394
P_AQ.336	0.2553117854734883	0.7446882145265117
P_AQ.339	0.8941760544581319	0.10582394554186814
P_AQ.454	0.1067765233743293	0.8932234766256707
P_AQ.461	0.07766730214648165	0.9223326978535183
P_AQ.469	0.5806713723892785	0.41932862761072154
P_AQ.569	0.592673831778789	0.40732616822121104
P_AQ.649	0.39487184875255865	0.6051281512474413
P_AQ.864	0.0831058886978836	0.9168941113021164
P_AQ.923	0.43619709993474975	0.5638029000652502
P_AQ.988	0.10235750181293202	0.897642498187068
P_AQ.1007	0.40648104504318117	0.5935189549568188
P_AQ.1014	0.40644174572244807	0.5935582542775519
P_AQ.1018	0.4947004154241782	0.5052995845758218
P_AQ.1023	0.1423760368027146	0.8576239631972854
P_AQ.1055	0.02662578540978755	0.9733742145902124
P_AQ.1099	0.03132241366849142	0.9686775863315086
P_AQ.1108	0.03622440980009589	0.9637755901999041
P_AQ.1132	0.2519859510298418	0.7480140489701582
P_AQ.1227	0.9655269420420651	0.034473057957934906
P_AQ.1245	0.05182170962338184	0.9481782903766182
P_AQ.1261	0.016963587934377578	0.9830364120656224
P_AQ.1283	0.30050658800499996	0.699493411995
P_AQ.1316	0.15255411696950205	0.847445883030498
P_AQ.1332	0.5295618565596749	0.47043814344032503
P_AQ.1340	0.38586226229169274	0.6141377377083073
P_AQ.1350	0.6079030369111489	0.39209696308885117
P_AQ.1401	0.9259754563952391	0.07402454360476085
P_AQ.1404	0.09074647688783988	0.9092535231121601
P_AQ.1406	0.2623899905798558	0.7376100094201442
P_AQ.1434	0.07845779150877685	0.9215422084912231
P_AQ.1438	0.0818945423924875	0.9181054576075125
P_AQ.1447	0.3698593005853492	0.6301406994146508
P_AQ.1469	0.251272354697759	0.748727645302241
P_AQ.147	0.2774027352978905	0.7225972647021095
P_AQ.1511	0.47351288214329534	0.5264871178567047
P_AQ.1523	0.17045491285683656	0.8295450871431634
P_AQ.1577	0.26693083986137933	0.7330691601386207
P_AQ.1597	0.026738273693876935	0.9732617263061231
P_AQ.1601	0.5059366600844479	0.494063339915552
P_AQ.1608	0.08319693749213719	0.9168030625078628
P_AQ.1612	0.07591038923874716	0.9240896107612528
P_AQ.1658	0.40392129564758006	0.5960787043524199
P_AQ.1684	0.30894321319059626	0.6910567868094037
P_AQ.1686	0.5913771982037253	0.4086228017962747
P_AQ.1702	0.16686677685701135	0.8331332231429887
P_AQ.240	0.43531703439999114	0.5646829656000089
P_AQ.258	0.007289663343969188	0.9927103366560308
P_AQ.269	0.04692135960104249	0.9530786403989575
P_AQ.285	0.05951798485521753	0.9404820151447825
P_AQ.316	0.0494856074204445	0.9505143925795555
P_AQ.317	0.6594639693456859	0.3405360306543142
P_AQ.333	0.01832361835037477	0.9816763816496252
P_AQ.390	0.6171172600817626	0.3828827399182374
P_AQ.410	0.103975347530751	0.896024652469249
P_AQ.436	0.14977911951883294	0.8502208804811671
P_AQ.613	0.3720501446476766	0.6279498553523234
P_AQ.701	0.29794535958327106	0.7020546404167289
P_AQ.749	0.010151973815460291	0.9898480261845397
P_AQ.754	0.11425424035439569	0.8857457596456043
P_AQ.802	0.6990147584914355	0.3009852415085646
P_AQ.851	0.13281802478972515	0.8671819752102748
P_AQ.899	0.2159988617212869	0.7840011382787131
P_AQ.916	0.2196466562241891	0.7803533437758109
P_AQ.966	0.8174197263294014	0.18258027367059862
P_AQ.976	0.1665856950223762	0.8334143049776238
P_AQ.1218	0.12938748851242798	0.870612511487572
P_AQ.1226	0.5598733626866212	0.44012663731337875
P_AQ.1291	0.691798457575409	0.3082015424245909
P_AQ.1371	0.12206987397727997	0.87793012602272
P_AQ.1421	0.5025774776797002	0.4974225223202998
P_AQ.1718	0.09817252943636412	0.9018274705636359
P_AQ.1729	0.34735925633544473	0.6526407436645553
P_AQ.1748	0.72189723270073	0.27810276729927
P_AQ.664	0.6824998681183183	0.3175001318816817
P_AQ.693	0.7126661057411106	0.28733389425888944
P_AQ.783	0.6607443615444546	0.3392556384555454
P_AQ.1009	0.9493134753191043	0.050686524680895774
P_AQ.1678	0.43427752673082265	0.5657224732691774
P_AQ.543	0.7763511760680435	0.22364882393195648
P_AQ.893	0.4270377780669169	0.5729622219330831
P_AQ.1540	0.2955008748464991	0.7044991251535009
P_AQ.1775	0.08476383944440491	0.9152361605555951
P_AQ.382	0.4133020127406378	0.5866979872593622
P_AQ.1776	0.9383491116143098	0.06165088838569019
N_LP.1	0.8436498567789474	0.15635014322105253
N_LP.10	0.8112435574808449	0.18875644251915516
N_LP.100	0.7336432610880265	0.26635673891197353
N_LP.1001	0.403497151992636	0.596502848007364
N_LP.1002	0.37231583221395004	0.62768416778605
N_LP.1003	0.5089657749687183	0.4910342250312817
N_LP.1004	0.1306350140039052	0.8693649859960948
N_LP.1005	0.06526095118616437	0.9347390488138356
N_LP.1006	0.2948907479335702	0.7051092520664298
N_LP.1009	0.16026937379048334	0.8397306262095167
N_LP.101	0.08972641872742293	0.9102735812725771
N_LP.1010	0.04887937931248132	0.9511206206875187
N_LP.1011	0.1592969142183861	0.8407030857816139
N_LP.1012	0.8278508115235547	0.17214918847644534
N_LP.1013	0.10270603889131902	0.897293961108681
N_LP.1014	0.5261404342084753	0.47385956579152466
N_LP.1015	0.23933347514585956	0.7606665248541404
N_LP.1016	0.22171928309827893	0.7782807169017211
N_LP.1017	0.43785965721335174	0.5621403427866483
N_LP.1018	0.901996037764061	0.09800396223593902
N_LP.1019	0.9286729645160021	0.0713270354839979
N_LP.102	0.02775802983950726	0.9722419701604927
N_LP.1020	0.4171943411302347	0.5828056588697653
N_LP.1021	0.21326620957787135	0.7867337904221287
N_LP.1022	0.26036835830232286	0.7396316416976771
N_LP.1023	0.42837216256789945	0.5716278374321005
N_LP.1024	0.27208300437901456	0.7279169956209854
N_LP.1025	0.9173236694332256	0.08267633056677437
N_LP.1026	0.08915662232473065	0.9108433776752694
N_LP.1028	0.02862534609583034	0.9713746539041697
N_LP.1029	0.5366257961202742	0.46337420387972583
N_LP.1031	0.7283764268636361	0.2716235731363638
N_LP.1032	0.5144371829428701	0.4855628170571299
N_LP.1033	0.026601035781248172	0.9733989642187518
N_LP.1034	0.1321534817116321	0.8678465182883679
N_LP.1035	0.7166107166498034	0.28338928335019664
N_LP.1038	0.31080605977625286	0.6891939402237471
N_LP.1039	0.25504584730742086	0.7449541526925791
N_LP.104	0.058111270805305426	0.9418887291946946
N_LP.1040	0.16495659384481742	0.8350434061551826
N_LP.1041	0.36476098467595996	0.63523901532404
N_LP.1042	0.46725787884012326	0.5327421211598767
N_LP.1043	0.7865905858267024	0.2134094141732976
N_LP.1044	0.6688177318822995	0.33118226811770046
N_LP.1046	0.47253751629303786	0.5274624837069621
N_LP.105	0.4091519406473486	0.5908480593526514
N_LP.1050	0.015364467427494755	0.9846355325725052
N_LP.1051	0.25935002296901866	0.7406499770309813
N_LP.1052	0.5092777354792085	0.4907222645207915
N_LP.1053	0.25915928212415507	0.7408407178758449
N_LP.1054	0.5910842456114047	0.40891575438859534
N_LP.1055	0.21071877223132685	0.7892812277686732
N_LP.1056	0.18767424022279688	0.8123257597772031
N_LP.1057	0.6702822107013049	0.32971778929869516
N_LP.1058	0.5832567032615026	0.4167432967384974
N_LP.1059	0.5791085313188706	0.42089146868112937
N_LP.106	0.4923760807188411	0.5076239192811589
N_LP.1060	0.1496422173003007	0.8503577826996993
N_LP.1061	0.3948940849437924	0.6051059150562076
N_LP.1062	0.494261230193648	0.505738769806352
N_LP.1063	0.014359087544675297	0.9856409124553247
N_LP.1064	0.4073561534743242	0.5926438465256758
N_LP.1065	0.21940274473670507	0.7805972552632949
N_LP.1066	0.29900656363703304	0.700993436362967
N_LP.1067	0.21579517184717623	0.7842048281528238
N_LP.1068	0.5998577401904894	0.4001422598095105
N_LP.1069	0.15039199505121614	0.8496080049487839
N_LP.107	0.0890754713626335	0.9109245286373665
N_LP.1070	0.5628225562998734	0.4371774437001266
N_LP.1071	0.4066781174938702	0.5933218825061298
N_LP.1072	0.7713024005255971	0.22869759947440294
N_LP.1073	0.2937048378461432	0.7062951621538568
N_LP.1074	0.8201670803819294	0.17983291961807057
N_LP.1075	0.4830499615894439	0.5169500384105561
N_LP.1076	0.42519879188138276	0.5748012081186172
N_LP.1077	0.8243684990058163	0.17563150099418368
N_LP.1078	0.9835808325183135	0.016419167481686533
N_LP.1079	0.1245502178640634	0.8754497821359366
N_LP.108	0.4420435605274834	0.5579564394725166
N_LP.1080	0.042111043311341634	0.9578889566886584
N_LP.1081	0.12352339573611659	0.8764766042638834
N_LP.1082	0.478447574758895	0.521552425241105
N_LP.1083	0.792685329660376	0.207314670339624
N_LP.1084	0.8046987543419787	0.19530124565802134
N_LP.1085	0.2677805541778929	0.7322194458221071
N_LP.1087	0.3381041745696842	0.6618958254303158
N_LP.1089	0.7867907849066091	0.21320921509339086
N_LP.109	0.1261812870868707	0.8738187129131293
N_LP.1090	0.473850999286471	0.526149000713529
N_LP.1091	0.6887871404385617	0.31121285956143835
N_LP.1092	0.47583730274278613	0.5241626972572139
N_LP.1093	0.29377773811729024	0.7062222618827098
N_LP.1094	0.7454149622622528	0.2545850377377472
N_LP.1095	0.621795541329362	0.378204458670638
N_LP.1096	0.493930533898004	0.506069466101996
N_LP.1097	0.3431727873035584	0.6568272126964416
N_LP.1098	0.31648873363174557	0.6835112663682544
N_LP.1099	0.5130080496053024	0.4869919503946976
N_LP.11	0.3080741666155685	0.6919258333844315
N_LP.110	0.41058745868524116	0.5894125413147588
N_LP.1100	0.1906285431305833	0.8093714568694167
N_LP.1103	0.6718348814203932	0.3281651185796068
N_LP.1104	0.8737952611971502	0.12620473880284974
N_LP.1105	0.5172309951150568	0.48276900488494323
N_LP.1106	0.33748163211795823	0.6625183678820418
N_LP.1107	0.5300544735188042	0.4699455264811958
N_LP.1108	0.06920116118917008	0.9307988388108299
N_LP.1109	0.7633064381356149	0.236693561864385
N_LP.111	0.07709516358168189	0.9229048364183181
N_LP.1110	0.9005860662530898	0.09941393374691017
N_LP.1112	0.2790079117504304	0.7209920882495696
N_LP.1113	0.8324080853424303	0.16759191465756967
N_LP.1114	0.449941869101538	0.550058130898462
N_LP.1115	0.32589897880227203	0.674101021197728
N_LP.1116	0.08872707949442515	0.9112729205055748
N_LP.1117	0.1757648557757998	0.8242351442242002
N_LP.1118	0.6363825618031869	0.36361743819681314
N_LP.112	0.32143592507186447	0.6785640749281355
N_LP.1120	0.8392227995888274	0.1607772004111726
N_LP.1121	0.05763296600808765	0.9423670339919124
N_LP.1122	0.28115810471933744	0.7188418952806626
N_LP.1123	0.24455087507700446	0.7554491249229955
N_LP.1125	0.7516622251480989	0.24833777485190112
N_LP.1126	0.8723777785167603	0.12762222148323968
N_LP.1127	0.1832846531843535	0.8167153468156465
N_LP.1128	0.14037859786286666	0.8596214021371333
N_LP.1129	0.7499222072366137	0.25007779276338626
N_LP.113	0.6625745625834601	0.33742543741653985
N_LP.1130	0.24343000129024328	0.7565699987097567
N_LP.1131	0.11242991032990901	0.887570089670091
N_LP.1132	0.4039398296589578	0.5960601703410422
N_LP.1133	0.5382986961517077	0.46170130384829233
N_LP.1136	0.3044725426312106	0.6955274573687894
N_LP.1137	0.3064135947793637	0.6935864052206363
N_LP.1139	0.7422534196159138	0.2577465803840862
N_LP.114	0.3336095393373161	0.6663904606626839
N_LP.1140	0.5612563292964932	0.43874367070350684
N_LP.1141	0.16558018411369924	0.8344198158863008
N_LP.1142	0.27610242020387976	0.7238975797961202
N_LP.1143	0.36524957951988035	0.6347504204801196
N_LP.1144	0.18089270645022437	0.8191072935497756
N_LP.1145	0.410824751871228	0.589175248128772
N_LP.1146	0.07886593143357179	0.9211340685664282
N_LP.1147	0.8750318731754142	0.12496812682458579
N_LP.1148	0.21412175808843603	0.785878241911564
N_LP.1149	0.09192325287788383	0.9080767471221162
N_LP.115	0.2490922658300062	0.7509077341699938
N_LP.1150	0.8192050867681854	0.1807949132318146
N_LP.1151	0.9114278322777689	0.08857216772223112
N_LP.1152	0.28326748123373524	0.7167325187662648
N_LP.1153	0.35895755783763983	0.6410424421623602
N_LP.1154	0.07853638656029116	0.9214636134397088
N_LP.1155	0.9257997806059538	0.07420021939404618
N_LP.1157	0.7299496720234246	0.2700503279765754
N_LP.1158	0.589604953494734	0.41039504650526604
N_LP.1159	0.1908092626362935	0.8091907373637065
N_LP.116	0.6055497073894227	0.39445029261057724
N_LP.1160	0.18573253566670722	0.8142674643332928
N_LP.1161	0.2674491754894862	0.7325508245105138
N_LP.1162	0.6170712595277492	0.38292874047225084
N_LP.1163	0.7747388931928373	0.2252611068071627
N_LP.1164	0.08939177246486596	0.910608227535134
N_LP.1165	0.08484221805547887	0.9151577819445211
N_LP.1166	0.07538659142254756	0.9246134085774524
N_LP.1167	0.6298519017398913	0.37014809826010875
N_LP.1168	0.15979337988009001	0.84020662011991
N_LP.1169	0.423294278431517	0.576705721568483
N_LP.117	0.703898634698958	0.296101365301042
N_LP.1171	0.3148545618038383	0.6851454381961617
N_LP.1172	0.09946291461031609	0.9005370853896839
N_LP.1173	0.012890457966873159	0.9871095420331268
N_LP.1174	0.17534978131458412	0.8246502186854159
N_LP.1175	0.0791809505646821	0.9208190494353179
N_LP.1176	0.5237132328695082	0.47628676713049184
N_LP.1177	0.40206987192765475	0.5979301280723452
N_LP.1178	0.47485081735832413	0.5251491826416759
N_LP.1179	0.2515253796663719	0.7484746203336281
N_LP.118	0.05676491266786621	0.9432350873321338
N_LP.1180	0.12044183999535951	0.8795581600046405
N_LP.1181	0.3564216806095917	0.6435783193904083
N_LP.1182	0.07902529862355956	0.9209747013764404
N_LP.1183	0.6467169813333415	0.3532830186666585
N_LP.1184	0.16592210014273456	0.8340778998572654
N_LP.1185	0.2685772603535299	0.7314227396464701
N_LP.1186	0.6005324352675858	0.3994675647324142
N_LP.1187	0.11341987713517687	0.8865801228648231
N_LP.1188	0.8933048121138512	0.10669518788614889
N_LP.1189	0.36546737982530575	0.6345326201746943
N_LP.119	0.8597006109686365	0.14029938903136346
N_LP.1190	0.1457873086011512	0.8542126913988488
N_LP.1191	0.6090259440888799	0.39097405591112006
N_LP.1192	0.0768241913202391	0.9231758086797609
N_LP.1194	0.5820724028761944	0.41792759712380556
N_LP.1195	0.32529711917303683	0.6747028808269632
N_LP.1196	0.7822968640213073	0.21770313597869276
N_LP.1197	0.6407500994896176	0.35924990051038236
N_LP.1198	0.1554339904447808	0.8445660095552192
N_LP.1199	0.3249115903198363	0.6750884096801637
N_LP.12	0.191173303232138	0.808826696767862
N_LP.120	0.049108295406443014	0.950891704593557
N_LP.1201	0.010735091680612374	0.9892649083193876
N_LP.1202	0.5906426687018689	0.4093573312981311
N_LP.1203	0.24379578530229917	0.7562042146977008
N_LP.1204	0.5638886262589975	0.43611137374100256
N_LP.1205	0.6245004961458426	0.3754995038541574
N_LP.1206	0.28753460749128634	0.7124653925087137
N_LP.1207	0.4733938626300833	0.5266061373699167
N_LP.1208	0.09553517939671496	0.904464820603285
N_LP.1209	0.16380265482790513	0.8361973451720949
N_LP.121	0.39628733691762197	0.603712663082378
N_LP.1210	0.35735307781929526	0.6426469221807047
N_LP.1211	0.3762346856479434	0.6237653143520566
N_LP.1212	0.5243601678938608	0.47563983210613925
N_LP.1213	0.39304810258988543	0.6069518974101146
N_LP.1214	0.47098745803492104	0.529012541965079
N_LP.1215	0.3810060406263882	0.6189939593736118
N_LP.1216	0.10837609770461487	0.8916239022953851
N_LP.1217	0.2786788065608351	0.7213211934391649
N_LP.1218	0.12296830752269916	0.8770316924773008
N_LP.1219	0.4109231638257902	0.5890768361742098
N_LP.122	0.5150278474713188	0.48497215252868126
N_LP.1220	0.19156428269941272	0.8084357173005873
N_LP.1221	0.2493085255231947	0.7506914744768053
N_LP.1222	0.6078501752388896	0.3921498247611104
N_LP.1224	0.3766721854498052	0.6233278145501948
N_LP.1225	0.6206309728242747	0.37936902717572524
N_LP.1226	0.03728423115956159	0.9627157688404384
N_LP.1227	0.05307956825106863	0.9469204317489314
N_LP.1228	0.22794160310470768	0.7720583968952923
N_LP.1229	0.32111033381053034	0.6788896661894697
N_LP.123	0.8868747390714999	0.11312526092850005
N_LP.1231	0.4471024161000079	0.5528975838999921
N_LP.1232	0.21969423701698876	0.7803057629830112
N_LP.1234	0.2387549672721222	0.7612450327278778
N_LP.1235	0.8206383492048802	0.17936165079511976
N_LP.1236	0.03277803090047737	0.9672219690995226
N_LP.1237	0.5111039761800407	0.4888960238199594
N_LP.1238	0.7165827610953801	0.28341723890461984
N_LP.1239	0.1535324861711087	0.8464675138288913
N_LP.124	0.5988081899726474	0.40119181002735266
N_LP.1240	0.303022444208492	0.696977555791508
N_LP.1242	0.14148340504629953	0.8585165949537005
N_LP.1243	0.07419776382222032	0.9258022361777797
N_LP.1244	0.21811651190678594	0.7818834880932141
N_LP.1245	0.034579769098630475	0.9654202309013695
N_LP.1246	0.08819184642321498	0.911808153576785
N_LP.1247	0.27537976479934234	0.7246202352006577
N_LP.1248	0.2899547275609289	0.7100452724390711
N_LP.1249	0.1968244630207595	0.8031755369792405
N_LP.125	0.07515012309347358	0.9248498769065264
N_LP.1252	0.13808210657874664	0.8619178934212534
N_LP.1253	0.8425871682017338	0.1574128317982661
N_LP.1254	0.14958701762261206	0.8504129823773879
N_LP.1255	0.6090331802062297	0.3909668197937704
N_LP.1256	0.35685187855824196	0.643148121441758
N_LP.1257	0.5031801303624945	0.4968198696375054
N_LP.1258	0.838762542277498	0.16123745772250203
N_LP.1259	0.11759200420838922	0.8824079957916108
N_LP.126	0.334167771043151	0.665832228956849
N_LP.1260	0.0547950168758935	0.9452049831241065
N_LP.1261	0.7913033571216577	0.2086966428783424
N_LP.1262	0.06495634890821111	0.9350436510917889
N_LP.1263	0.10632662153406147	0.8936733784659385
N_LP.1264	0.9213330880231642	0.0786669119768358
N_LP.1266	0.09874327050173215	0.9012567294982679
N_LP.1267	0.3247813277900057	0.6752186722099943
N_LP.1268	0.18846251153828975	0.8115374884617103
N_LP.1269	0.8393856338401647	0.16061436615983526
N_LP.127	0.5410245286976796	0.45897547130232047
N_LP.1270	0.491704456708846	0.508295543291154
N_LP.1271	0.33108068704186655	0.6689193129581334
N_LP.1272	0.05595176208354635	0.9440482379164536
N_LP.1273	0.009722485322914975	0.990277514677085
N_LP.1274	0.502532435816666	0.49746756418333404
N_LP.1276	0.0995876389746162	0.9004123610253838
N_LP.1277	0.6653707996733857	0.3346292003266143
N_LP.1278	0.04868818680637854	0.9513118131936215
N_LP.1279	0.9626546537735283	0.03734534622647169
N_LP.128	0.3546289994239137	0.6453710005760863
N_LP.1280	0.8539506757837527	0.1460493242162473
N_LP.1281	0.15614134663993173	0.8438586533600683
N_LP.1282	0.9245311234167751	0.07546887658322483
N_LP.1283	0.4117283438194186	0.5882716561805814
N_LP.1284	0.31852619414303973	0.6814738058569603
N_LP.1285	0.7529558619368901	0.2470441380631099
N_LP.1288	0.15052725606195372	0.8494727439380463
N_LP.1289	0.2543650125361223	0.7456349874638777
N_LP.1290	0.11686686985454797	0.883133130145452
N_LP.1291	0.2772979435390255	0.7227020564609745
N_LP.1292	0.2606759009803624	0.7393240990196376
N_LP.1293	0.34544778083662064	0.6545522191633794
N_LP.1294	0.31073152156956274	0.6892684784304373
N_LP.1295	0.8407504826676003	0.15924951733239964
N_LP.1296	0.9604703750864814	0.03952962491351858
N_LP.1297	0.5832293700404789	0.416770629959521
N_LP.1298	0.16786323903795508	0.8321367609620449
N_LP.1299	0.45692458584446827	0.5430754141555317
N_LP.13	0.8000770773469175	0.1999229226530826
N_LP.130	0.053247169365582936	0.9467528306344171
N_LP.1300	0.9479580343320436	0.05204196566795642
N_LP.1301	0.200981617082036	0.799018382917964
N_LP.1302	0.042135092030703536	0.9578649079692965
N_LP.1303	0.3321205566890496	0.6678794433109504
N_LP.1304	0.25183699566000173	0.7481630043399983
N_LP.1305	0.452608011442051	0.547391988557949
N_LP.1306	0.8108021904463578	0.1891978095536422
N_LP.1307	0.6684898399054254	0.33151016009457457
N_LP.1308	0.47405416909795306	0.5259458309020469
N_LP.1309	0.25980995538732454	0.7401900446126755
N_LP.131	0.5482476412378825	0.4517523587621175
N_LP.1310	0.021042876607139438	0.9789571233928606
N_LP.1311	0.3854029403991537	0.6145970596008463
N_LP.1312	0.5956275515312088	0.40437244846879117
N_LP.1313	0.6501698205812212	0.34983017941877875
N_LP.1314	0.7675224211021642	0.2324775788978358
N_LP.1315	0.17278804672262738	0.8272119532773726
N_LP.1316	0.14560296042027387	0.8543970395797261
N_LP.1317	0.239879893326301	0.760120106673699
N_LP.1318	0.16717810428877322	0.8328218957112268
N_LP.1319	0.9519871187201685	0.04801288127983146
N_LP.132	0.31029429140070064	0.6897057085992994
N_LP.1320	0.4133533726692623	0.5866466273307377
N_LP.1321	0.17077681960935787	0.8292231803906421
N_LP.1322	0.1980448224020689	0.8019551775979311
N_LP.1323	0.24777989710432025	0.7522201028956798
N_LP.1324	0.6902865304433247	0.30971346955667534
N_LP.1325	0.6069795597852833	0.3930204402147167
N_LP.1326	0.2695267258284578	0.7304732741715422
N_LP.1327	0.6558399658155358	0.34416003418446417
N_LP.1328	0.6866281393247475	0.3133718606752525
N_LP.1329	0.42157416261303504	0.578425837386965
N_LP.133	0.7982663371834955	0.20173366281650454
N_LP.1330	0.5987178033622291	0.40128219663777087
N_LP.1331	0.5310983688008466	0.4689016311991534
N_LP.1332	0.0959939406066006	0.9040060593933994
N_LP.1333	0.20825563460447216	0.7917443653955278
N_LP.1334	0.42310231902027196	0.576897680979728
N_LP.1335	0.23936947207238135	0.7606305279276186
N_LP.1336	0.9023350528420043	0.09766494715799565
N_LP.1337	0.45138454474378065	0.5486154552562194
N_LP.1338	0.18615384321851303	0.813846156781487
N_LP.1339	0.841846849579487	0.158153150420513
N_LP.134	0.11951656455868376	0.8804834354413162
N_LP.1340	0.05134671551660186	0.9486532844833981
N_LP.1341	0.014978690731461963	0.985021309268538
N_LP.1342	0.5651179953158785	0.43488200468412147
N_LP.1343	0.04033324004015304	0.959666759959847
N_LP.1344	0.5489700500457534	0.4510299499542466
N_LP.1345	0.351195070619551	0.648804929380449
N_LP.1346	0.09274692734529244	0.9072530726547076
N_LP.1347	0.09605902764805296	0.903940972351947
N_LP.1348	0.6308583463544064	0.36914165364559365
N_LP.1349	0.8585480291643135	0.1414519708356865
N_LP.135	0.6282486888633787	0.37175131113662124
N_LP.1350	0.3373782053188925	0.6626217946811075
N_LP.1351	0.13489877883007817	0.8651012211699218
N_LP.1352	0.23079513131166285	0.7692048686883372
N_LP.1353	0.8915015601477327	0.1084984398522672
N_LP.1354	0.0941993167505526	0.9058006832494474
N_LP.1355	0.8690733616660962	0.1309266383339038
N_LP.1356	0.30038363133278767	0.6996163686672123
N_LP.1357	0.7408566563644472	0.25914334363555275
N_LP.1358	0.8599363770731019	0.14006362292689814
N_LP.1359	0.578162598029383	0.42183740197061703
N_LP.136	0.38036541822932246	0.6196345817706775
N_LP.1360	0.21990282479691603	0.780097175203084
N_LP.1361	0.553881452115975	0.44611854788402505
N_LP.1362	0.6091741451364348	0.39082585486356525
N_LP.1363	0.14279373307603294	0.8572062669239671
N_LP.1364	0.47015887230912545	0.5298411276908745
N_LP.1365	0.2627578557635152	0.7372421442364848
N_LP.1366	0.3171666466689381	0.6828333533310619
N_LP.1367	0.275514946354804	0.724485053645196
N_LP.1368	0.6809617712838238	0.3190382287161762
N_LP.1369	0.6494742997065506	0.3505257002934495
N_LP.137	0.5234926508986337	0.4765073491013662
N_LP.1370	0.49302380016729475	0.5069761998327053
N_LP.1371	0.5742734976730396	0.4257265023269604
N_LP.1372	0.6213764176500942	0.3786235823499058
N_LP.1373	0.2322575305797866	0.7677424694202134
N_LP.1374	0.9343566560072365	0.06564334399276349
N_LP.1375	0.5514218113259185	0.4485781886740815
N_LP.1376	0.24164962929239686	0.7583503707076031
N_LP.1377	0.20182815643213559	0.7981718435678644
N_LP.1378	0.1309862796756439	0.8690137203243561
N_LP.1379	0.5143394992060972	0.4856605007939027
N_LP.138	0.10278605701524712	0.8972139429847529
N_LP.1380	0.8320226232112007	0.16797737678879926
N_LP.1381	0.3261868774634855	0.6738131225365145
N_LP.1383	0.720915670046691	0.279084329953309
N_LP.1384	0.6665419566056656	0.3334580433943343
N_LP.1385	0.5052530927486869	0.49474690725131315
N_LP.1386	0.32750089303072516	0.6724991069692748
N_LP.1387	0.1692672618827039	0.8307327381172961
N_LP.1388	0.08327465235057918	0.9167253476494208
N_LP.1389	0.11985763633092994	0.8801423636690701
N_LP.139	0.21570516453962685	0.7842948354603732
N_LP.1391	0.480833815581467	0.519166184418533
N_LP.1392	0.16782970945335896	0.832170290546641
N_LP.1393	0.631645679633932	0.36835432036606797
N_LP.1394	0.1317394346496058	0.8682605653503942
N_LP.1395	0.7182363198622417	0.2817636801377583
N_LP.1396	0.2132289712507357	0.7867710287492643
N_LP.1397	0.4149279905516008	0.5850720094483992
N_LP.1398	0.3695611590828942	0.6304388409171058
N_LP.14	0.3912433854911185	0.6087566145088815
N_LP.140	0.6577170913517669	0.3422829086482331
N_LP.1400	0.11143580995241698	0.888564190047583
N_LP.1401	0.6368394566629325	0.36316054333706743
N_LP.1402	0.5590039610588313	0.44099603894116873
N_LP.1403	0.0838963729009824	0.9161036270990176
N_LP.1404	0.5491024228795109	0.45089757712048906
N_LP.1406	0.22944089782725585	0.7705591021727441
N_LP.1407	0.9459021672410097	0.05409783275899032
N_LP.1408	0.48535875200306466	0.5146412479969353
N_LP.141	0.376952887814895	0.623047112185105
N_LP.1410	0.3922449701609355	0.6077550298390645
N_LP.1411	0.34727253127670765	0.6527274687232923
N_LP.1412	0.7406316340467394	0.25936836595326057
N_LP.1413	0.08473954863206301	0.915260451367937
N_LP.1415	0.6365460064359671	0.36345399356403285
N_LP.1416	0.7252646204998223	0.2747353795001776
N_LP.1417	0.2508938543694623	0.7491061456305377
N_LP.1418	0.028698436422256002	0.971301563577744
N_LP.1419	0.44716156539966323	0.5528384346003368
N_LP.142	0.8272893494586601	0.17271065054133997
N_LP.1420	0.020580328214277466	0.9794196717857225
N_LP.1421	0.18670202417945747	0.8132979758205425
N_LP.1422	0.685345131890569	0.314654868109431
N_LP.1423	0.44805014395852816	0.5519498560414718
N_LP.1424	0.48797924703024265	0.5120207529697574
N_LP.1425	0.7320132664269698	0.26798673357303016
N_LP.1426	0.18242202964167253	0.8175779703583275
N_LP.1427	0.5727775046089644	0.42722249539103563
N_LP.1428	0.7630469388959289	0.23695306110407113
N_LP.1429	0.14756711966805747	0.8524328803319425
N_LP.143	0.1427032084763371	0.8572967915236629
N_LP.1430	0.12389206242549611	0.8761079375745039
N_LP.1431	0.18929989623982957	0.8107001037601704
N_LP.1432	0.8498629598933183	0.15013704010668177
N_LP.1433	0.3827025980049026	0.6172974019950974
N_LP.1434	0.5224014238386139	0.4775985761613861
N_LP.1435	0.46298650483146	0.53701349516854
N_LP.1437	0.26199096520772114	0.7380090347922789
N_LP.1438	0.11301242185178983	0.8869875781482102
N_LP.144	0.060202679493031375	0.9397973205069686
N_LP.1440	0.125904854021738	0.874095145978262
N_LP.1441	0.33378175312204705	0.666218246877953
N_LP.1442	0.21487829105554523	0.7851217089444548
N_LP.1443	0.6989225890615229	0.301077410938477
N_LP.1444	0.6688789085007353	0.3311210914992647
N_LP.1445	0.8209494585413075	0.17905054145869245
N_LP.1446	0.2609734293059961	0.7390265706940039
N_LP.1447	0.22466855319944268	0.7753314468005573
N_LP.1448	0.5096237036474418	0.4903762963525582
N_LP.1449	0.33819018817675583	0.6618098118232442
N_LP.145	0.7839185094390013	0.2160814905609987
N_LP.1451	0.29185299048863755	0.7081470095113624
N_LP.1452	0.09899816476798551	0.9010018352320145
N_LP.1453	0.6273205101436334	0.37267948985636656
N_LP.1455	0.9064897602767281	0.09351023972327188
N_LP.1456	0.4913566079377407	0.5086433920622593
N_LP.1457	0.4928510311849422	0.5071489688150578
N_LP.1458	0.683867461416835	0.316132538583165
N_LP.1459	0.10272837998766338	0.8972716200123366
N_LP.146	0.9411680237083709	0.05883197629162908
N_LP.1460	0.14934162327319778	0.8506583767268022
N_LP.1461	0.40509207140546766	0.5949079285945323
N_LP.1462	0.8996997539411454	0.10030024605885458
N_LP.1463	0.778455725048103	0.221544274951897
N_LP.1465	0.21503998014721992	0.7849600198527801
N_LP.1466	0.14865362170439433	0.8513463782956057
N_LP.1467	0.21092702185399248	0.7890729781460075
N_LP.1468	0.5039822989612004	0.49601770103879955
N_LP.1469	0.17361026004744962	0.8263897399525504
N_LP.147	0.8017809703032825	0.19821902969671748
N_LP.1470	0.5975035404315628	0.40249645956843716
N_LP.1471	0.28395431118792835	0.7160456888120716
N_LP.1472	0.2568888217660059	0.7431111782339941
N_LP.1473	0.34572783505900606	0.6542721649409939
N_LP.1474	0.1087685094274834	0.8912314905725166
N_LP.1475	0.20633329509728393	0.7936667049027161
N_LP.1476	0.6343049083350718	0.3656950916649282
N_LP.1477	0.43779069854573194	0.5622093014542681
N_LP.1478	0.11612706068684497	0.883872939313155
N_LP.1479	0.41188524004540095	0.588114759954599
N_LP.148	0.22133807117072246	0.7786619288292775
N_LP.1480	0.3011468382160841	0.6988531617839159
N_LP.1481	0.4447795058450277	0.5552204941549723
N_LP.1482	0.8613303235239775	0.1386696764760225
N_LP.1483	0.1683250549458959	0.8316749450541041
N_LP.1484	0.3440280078290623	0.6559719921709377
N_LP.1485	0.5668037312614438	0.43319626873855627
N_LP.1486	0.30214971212598674	0.6978502878740133
N_LP.1487	0.3766214590097061	0.6233785409902939
N_LP.1488	0.10567147970971791	0.8943285202902821
N_LP.149	0.5415104311570351	0.4584895688429648
N_LP.1490	0.2905338258831346	0.7094661741168654
N_LP.1491	0.12333812086757434	0.8766618791324257
N_LP.1492	0.6267468563829144	0.37325314361708567
N_LP.1493	0.18111286748498867	0.8188871325150113
N_LP.1494	0.0676554212678474	0.9323445787321526
N_LP.1495	0.22106228572826692	0.7789377142717331
N_LP.1496	0.7996985973919143	0.2003014026080857
N_LP.1497	0.879936551588818	0.12006344841118202
N_LP.1498	0.6847711691395904	0.31522883086040965
N_LP.1499	0.48907075457691007	0.5109292454230899
N_LP.15	0.12480754095168878	0.8751924590483112
N_LP.150	0.5017481931420373	0.49825180685796266
N_LP.1500	0.833768016596195	0.16623198340380493
N_LP.1501	0.6295351683312529	0.37046483166874705
N_LP.1502	0.20954828327179342	0.7904517167282066
N_LP.1503	0.2389865653531532	0.7610134346468468
N_LP.1504	0.3984953569098332	0.6015046430901668
N_LP.1505	0.15842313369729277	0.8415768663027072
N_LP.1506	0.6968012561164239	0.30319874388357615
N_LP.1507	0.8405941350977628	0.15940586490223718
N_LP.1508	0.8610280915639799	0.1389719084360201
N_LP.1509	0.8430988099719395	0.15690119002806044
N_LP.151	0.17924389778267846	0.8207561022173215
N_LP.1510	0.37866216577760037	0.6213378342223996
N_LP.1511	0.9309251917514363	0.06907480824856377
N_LP.1512	0.1943100801393195	0.8056899198606805
N_LP.1513	0.12536590071712184	0.8746340992828782
N_LP.1514	0.28088225893984475	0.7191177410601552
N_LP.1515	0.15295850133022648	0.8470414986697735
N_LP.1516	0.09071792685951152	0.9092820731404885
N_LP.1517	0.7451800455137434	0.2548199544862566
N_LP.1518	0.5222892585204746	0.47771074147952547
N_LP.1519	0.7730463863018687	0.22695361369813125
N_LP.152	0.17904777639415448	0.8209522236058455
N_LP.1520	0.6199014152265614	0.3800985847734386
N_LP.1521	0.7696206817626419	0.23037931823735808
N_LP.1523	0.7744132005196971	0.22558679948030289
N_LP.1524	0.028543596939958338	0.9714564030600417
N_LP.1525	0.6175319821615466	0.38246801783845347
N_LP.1526	0.5672785928191061	0.4327214071808939
N_LP.1527	0.3103264745922947	0.6896735254077053
N_LP.1528	0.5100630946918191	0.4899369053081809
N_LP.1529	0.631948336259296	0.36805166374070397
N_LP.153	0.24198591847137962	0.7580140815286204
N_LP.1530	0.02384564370494746	0.9761543562950525
N_LP.1531	0.7606609246225562	0.2393390753774438
N_LP.1532	0.25034968595575036	0.7496503140442496
N_LP.1533	0.07450142925885772	0.9254985707411423
N_LP.1534	0.49159756894925766	0.5084024310507423
N_LP.1535	0.36249694674626853	0.6375030532537315
N_LP.1536	0.22057366444770765	0.7794263355522923
N_LP.1537	0.21740106644588286	0.7825989335541171
N_LP.1538	0.556232994599215	0.443767005400785
N_LP.1539	0.5326326957848171	0.46736730421518285
N_LP.154	0.15919060405699215	0.8408093959430079
N_LP.1540	0.3873216434145421	0.6126783565854579
N_LP.1541	0.46443535985068596	0.535564640149314
N_LP.1542	0.06945848386812337	0.9305415161318766
N_LP.1543	0.3162181297619313	0.6837818702380687
N_LP.1544	0.30707304179919015	0.6929269582008099
N_LP.1545	0.1317175375477756	0.8682824624522244
N_LP.1546	0.35078531644115307	0.6492146835588469
N_LP.1547	0.07157694112468116	0.9284230588753188
N_LP.1548	0.19370036107845345	0.8062996389215465
N_LP.1549	0.21701786986025395	0.782982130139746
N_LP.155	0.1136548745013326	0.8863451254986674
N_LP.1550	0.5620352564794936	0.4379647435205064
N_LP.1551	0.7946245929168786	0.20537540708312138
N_LP.1552	0.3017649690661899	0.6982350309338101
N_LP.1553	0.47085195570881644	0.5291480442911836
N_LP.1554	0.45941421670772864	0.5405857832922714
N_LP.1555	0.120761685241358	0.879238314758642
N_LP.1556	0.6565263274266946	0.3434736725733054
N_LP.1557	0.0369619926966227	0.9630380073033773
N_LP.1558	0.5188981476349839	0.4811018523650162
N_LP.1559	0.44085427742176564	0.5591457225782344
N_LP.156	0.6211166033185256	0.3788833966814744
N_LP.1560	0.07376863011104473	0.9262313698889553
N_LP.1561	0.5955567827340913	0.4044432172659087
N_LP.1562	0.6024276074318637	0.3975723925681362
N_LP.1563	0.3198793916592323	0.6801206083407677
N_LP.1564	0.6173885926942202	0.3826114073057798
N_LP.1565	0.06831442750719796	0.931685572492802
N_LP.1566	0.6542160051668651	0.345783994833135
N_LP.1567	0.2723004954228694	0.7276995045771306
N_LP.1568	0.4315504687758973	0.5684495312241027
N_LP.1569	0.7405747312741318	0.2594252687258683
N_LP.157	0.9097798171273515	0.0902201828726485
N_LP.1570	0.04332469134027905	0.956675308659721
N_LP.1571	0.09214618204103786	0.9078538179589621
N_LP.1572	0.7158808882154128	0.28411911178458715
N_LP.1573	0.37359486028253297	0.626405139717467
N_LP.1574	0.8024391283206112	0.1975608716793888
N_LP.1575	0.801342448291815	0.198657551708185
N_LP.1576	0.5646824229196856	0.43531757708031443
N_LP.1577	0.14891249340072865	0.8510875065992713
N_LP.1578	0.5692420523371402	0.4307579476628598
N_LP.1579	0.09774937331244515	0.9022506266875548
N_LP.158	0.0767242762842868	0.9232757237157132
N_LP.1580	0.6023294748238393	0.3976705251761608
N_LP.1581	0.22272133841737018	0.7772786615826298
N_LP.1582	0.032239544252797736	0.9677604557472023
N_LP.1583	0.5116740696940936	0.48832593030590643
N_LP.1584	0.5569912573234592	0.44300874267654083
N_LP.1585	0.25990445663362927	0.7400955433663707
N_LP.1586	0.6983339193194551	0.30166608068054496
N_LP.1587	0.4170634002546908	0.5829365997453092
N_LP.159	0.28236627823863114	0.7176337217613689
N_LP.1590	0.22428102300844432	0.7757189769915557
N_LP.1591	0.12545390885736818	0.8745460911426318
N_LP.1592	0.4198297343568089	0.5801702656431911
N_LP.1593	0.3433614419667975	0.6566385580332025
N_LP.1594	0.2563477939144363	0.7436522060855637
N_LP.1595	0.35071567248540225	0.6492843275145977
N_LP.1596	0.5442070881131069	0.455792911886893
N_LP.1597	0.020768531989834083	0.9792314680101659
N_LP.1598	0.1697660757056475	0.8302339242943525
N_LP.1599	0.9133218519337176	0.08667814806628235
N_LP.16	0.38611273389425227	0.6138872661057477
N_LP.160	0.09950905231189211	0.9004909476881079
N_LP.1600	0.36953878173098986	0.6304612182690101
N_LP.1601	0.37080346829056066	0.6291965317094393
N_LP.1602	0.10848818389579085	0.8915118161042092
N_LP.1603	0.3368880228768367	0.6631119771231633
N_LP.1604	0.07413794738805723	0.9258620526119428
N_LP.1605	0.4204148142688673	0.5795851857311327
N_LP.1606	0.5917308206920109	0.40826917930798906
N_LP.1607	0.3602845160988728	0.6397154839011272
N_LP.1608	0.4621767668088357	0.5378232331911643
N_LP.1609	0.6251536312425927	0.3748463687574073
N_LP.161	0.31979834839815424	0.6802016516018458
N_LP.1611	0.16780200526449585	0.8321979947355042
N_LP.1612	0.22121253404477859	0.7787874659552214
N_LP.1613	0.12121836700716826	0.8787816329928317
N_LP.1614	0.7610583106441434	0.2389416893558566
N_LP.1615	0.6631927587490655	0.33680724125093453
N_LP.1616	0.48763078169041985	0.5123692183095802
N_LP.1617	0.3887779481179413	0.6112220518820587
N_LP.1618	0.4313058833677239	0.5686941166322761
N_LP.1619	0.6271407829898292	0.37285921701017083
N_LP.162	0.05371110074916208	0.9462888992508379
N_LP.1620	0.1819536296180404	0.8180463703819596
N_LP.1621	0.07824930335599067	0.9217506966440093
N_LP.1622	0.3591146642384352	0.6408853357615648
N_LP.1623	0.5074360601417375	0.4925639398582625
N_LP.1624	0.04680009103094063	0.9531999089690594
N_LP.1625	0.3192588656639943	0.6807411343360057
N_LP.1626	0.30255750235468337	0.6974424976453166
N_LP.1627	0.41159493839601125	0.5884050616039888
N_LP.1629	0.5177621844299387	0.48223781557006135
N_LP.163	0.7270588507652569	0.27294114923474305
N_LP.1630	0.08620922745494075	0.9137907725450592
N_LP.1631	0.4548128523314736	0.5451871476685264
N_LP.1632	0.22913831868549228	0.7708616813145077
N_LP.1633	0.1139655962586763	0.8860344037413237
N_LP.1634	0.07494048527765229	0.9250595147223477
N_LP.1635	0.42108450952815346	0.5789154904718465
N_LP.1636	0.1686320284721804	0.8313679715278196
N_LP.1637	0.3876491818729969	0.6123508181270031
N_LP.1638	0.12778337557352404	0.872216624426476
N_LP.1639	0.11731096396558172	0.8826890360344183
N_LP.164	0.34002608166828885	0.6599739183317112
N_LP.1640	0.49238765134519813	0.5076123486548019
N_LP.1641	0.959229066005185	0.04077093399481504
N_LP.1642	0.523526496415885	0.476473503584115
N_LP.1643	0.256733331458186	0.743266668541814
N_LP.1644	0.4772272964228079	0.5227727035771921
N_LP.1645	0.43009780358273453	0.5699021964172655
N_LP.1646	0.4904396066649842	0.5095603933350158
N_LP.1647	0.7419427022738659	0.25805729772613406
N_LP.1648	0.9079461004682146	0.09205389953178539
N_LP.1649	0.8809506196919089	0.1190493803080911
N_LP.1650	0.8942286133735793	0.10577138662642077
N_LP.1651	0.5443501041912071	0.4556498958087929
N_LP.1652	0.5510837128304599	0.44891628716954013
N_LP.1653	0.6112601479154576	0.3887398520845424
N_LP.1654	0.6221230715959749	0.37787692840402504
N_LP.1655	0.8525094721714219	0.14749052782857805
N_LP.1657	0.5242016442763251	0.47579835572367485
N_LP.1658	0.3648404526834734	0.6351595473165266
N_LP.1659	0.17991518279747598	0.820084817202524
N_LP.166	0.37717002022578505	0.622829979774215
N_LP.1660	0.04970973004431234	0.9502902699556877
N_LP.1661	0.7197491678488313	0.2802508321511688
N_LP.1662	0.5632254251555325	0.43677457484446747
N_LP.1663	0.7832581079571674	0.21674189204283253
N_LP.1664	0.1602700913236189	0.8397299086763811
N_LP.1665	0.14694858855580506	0.8530514114441949
N_LP.1666	0.9048491185842696	0.09515088141573036
N_LP.1667	0.7186072583902083	0.28139274160979166
N_LP.1668	0.25337822196088033	0.7466217780391197
N_LP.1669	0.02267207906188473	0.9773279209381153
N_LP.1670	0.6214319877351725	0.3785680122648275
N_LP.1671	0.28715844913347455	0.7128415508665255
N_LP.1672	0.3213089501427222	0.6786910498572778
N_LP.1673	0.08635112247853949	0.9136488775214605
N_LP.1674	0.18347209835031808	0.8165279016496819
N_LP.1675	0.6831020509876735	0.31689794901232643
N_LP.1676	0.24207503376006068	0.7579249662399393
N_LP.1677	0.7779966513770057	0.2220033486229943
N_LP.1678	0.9756992744176736	0.024300725582326394
N_LP.1679	0.5879596114453253	0.41204038855467473
N_LP.168	0.8918327991107732	0.10816720088922686
N_LP.1680	0.7993338604436725	0.2006661395563275
N_LP.1681	0.8120676788685954	0.18793232113140457
N_LP.1682	0.8080384821284902	0.19196151787150986
N_LP.1683	0.055768247134473814	0.9442317528655262
N_LP.1684	0.2107381311941654	0.7892618688058346
N_LP.1685	0.5521491030423922	0.4478508969576079
N_LP.1686	0.25685049265201787	0.7431495073479821
N_LP.1687	0.3275860176926634	0.6724139823073366
N_LP.1688	0.26780444690184624	0.7321955530981538
N_LP.1689	0.2917224504692899	0.7082775495307101
N_LP.169	0.19139662288961667	0.8086033771103833
N_LP.1690	0.22682893450690444	0.7731710654930956
N_LP.1692	0.05141905141205905	0.948580948587941
N_LP.1693	0.49011548132549365	0.5098845186745063
N_LP.1694	0.9500556226779845	0.049944377322015523
N_LP.1695	0.38642829093734843	0.6135717090626516
N_LP.1696	0.05025739677435437	0.9497426032256456
N_LP.1697	0.5308092608390129	0.46919073916098714
N_LP.1698	0.2845601643769756	0.7154398356230244
N_LP.1699	0.3729108958323005	0.6270891041676995
N_LP.17	0.5303291328027963	0.46967086719720375
N_LP.170	0.13132553015541015	0.8686744698445898
N_LP.1700	0.37862739111001853	0.6213726088899815
N_LP.1701	0.84312489381225	0.15687510618775005
N_LP.1702	0.18075444558706577	0.8192455544129342
N_LP.1703	0.7756255421240383	0.2243744578759616
N_LP.1704	0.667272947919348	0.33272705208065195
N_LP.1705	0.1789684649404798	0.8210315350595202
N_LP.1706	0.30162670730024366	0.6983732926997563
N_LP.1707	0.08792705618931318	0.9120729438106868
N_LP.1708	0.8490531945352607	0.15094680546473924
N_LP.1709	0.3994922344172047	0.6005077655827953
N_LP.171	0.30506474981401976	0.6949352501859802
N_LP.1710	0.3720446833877822	0.6279553166122178
N_LP.1711	0.46086492734186624	0.5391350726581338
N_LP.1712	0.12108147066445007	0.8789185293355499
N_LP.1713	0.17913294703129723	0.8208670529687028
N_LP.1714	0.18032702455052863	0.8196729754494714
N_LP.1715	0.6892452294732421	0.3107547705267579
N_LP.1716	0.24415715675972172	0.7558428432402783
N_LP.1717	0.3560240503260039	0.6439759496739961
N_LP.1718	0.18282235371747357	0.8171776462825264
N_LP.1719	0.46135639046921406	0.5386436095307859
N_LP.172	0.5391449238115983	0.4608550761884017
N_LP.1720	0.22021811808211011	0.7797818819178899
N_LP.1721	0.23216461589749104	0.767835384102509
N_LP.1722	0.3591104528940152	0.6408895471059848
N_LP.1723	0.5382949374425815	0.4617050625574185
N_LP.1724	0.3420085010924444	0.6579914989075556
N_LP.1725	0.17374365159091065	0.8262563484090893
N_LP.1726	0.5573436639875856	0.4426563360124144
N_LP.1727	0.6531998076804579	0.346800192319542
N_LP.1728	0.3023254200434935	0.6976745799565065
N_LP.1729	0.5820484438101511	0.4179515561898489
N_LP.173	0.14432658039856583	0.8556734196014342
N_LP.1730	0.21581213358502338	0.7841878664149766
N_LP.1731	0.02583912423636381	0.9741608757636362
N_LP.1733	0.6295525868815435	0.3704474131184566
N_LP.1734	0.966181343981391	0.033818656018609054
N_LP.1735	0.5627537092397934	0.4372462907602066
N_LP.1736	0.23618852916840816	0.7638114708315918
N_LP.1737	0.6617431900004673	0.3382568099995326
N_LP.1738	0.07142634948670401	0.928573650513296
N_LP.1739	0.8946425632697985	0.10535743673020145
N_LP.174	0.1802167418688294	0.8197832581311706
N_LP.1740	0.7586077367334874	0.2413922632665127
N_LP.1741	0.12353230800097714	0.8764676919990229
N_LP.1742	0.22943274174435624	0.7705672582556438
N_LP.1743	0.3687863502334099	0.6312136497665901
N_LP.1744	0.4975369316100313	0.5024630683899687
N_LP.1745	0.36015983130731355	0.6398401686926865
N_LP.1746	0.8378043542979221	0.16219564570207787
N_LP.1747	0.008657435078113007	0.991342564921887
N_LP.1748	0.1156830056820981	0.8843169943179019
N_LP.1749	0.42939599018918617	0.5706040098108138
N_LP.175	0.6685645951942967	0.33143540480570327
N_LP.1750	0.1338975699086955	0.8661024300913045
N_LP.1751	0.2980423154020392	0.7019576845979608
N_LP.1752	0.5454412091612815	0.45455879083871853
N_LP.1754	0.8003900500946155	0.19960994990538444
N_LP.1755	0.7845420784569213	0.2154579215430787
N_LP.1756	0.10853087016905894	0.8914691298309411
N_LP.1757	0.2381645805416559	0.7618354194583441
N_LP.1758	0.8459736687002476	0.15402633129975238
N_LP.1759	0.32435186592503684	0.6756481340749632
N_LP.176	0.16130483237865856	0.8386951676213414
N_LP.1760	0.4737497182711581	0.5262502817288419
N_LP.1761	0.183989912936402	0.816010087063598
N_LP.1762	0.3641301414013023	0.6358698585986977
N_LP.1763	0.21610927210298336	0.7838907278970166
N_LP.1764	0.6873371319397191	0.3126628680602809
N_LP.1765	0.85377138927303	0.14622861072697
N_LP.1766	0.1031596630470285	0.8968403369529715
N_LP.1767	0.062328313987341954	0.937671686012658
N_LP.1768	0.9313429343157918	0.06865706568420817
N_LP.1769	0.40269059303212373	0.5973094069678763
N_LP.177	0.06622942330774861	0.9337705766922514
N_LP.1770	0.30976548790827474	0.6902345120917253
N_LP.1771	0.10960470761229424	0.8903952923877058
N_LP.1772	0.5414055016838355	0.45859449831616456
N_LP.1773	0.2453199347133006	0.7546800652866994
N_LP.1774	0.6459950084519785	0.3540049915480214
N_LP.1775	0.26227294651505795	0.737727053484942
N_LP.1776	0.31786993238890093	0.6821300676110991
N_LP.1777	0.0560558338257342	0.9439441661742658
N_LP.1778	0.7891157248364555	0.21088427516354452
N_LP.1779	0.21077437072333705	0.789225629276663
N_LP.178	0.61180848464675	0.38819151535324997
N_LP.1780	0.2285751162466938	0.7714248837533062
N_LP.1781	0.26298447198533015	0.7370155280146699
N_LP.1782	0.779431890504271	0.22056810949572908
N_LP.1783	0.6651870856614953	0.3348129143385047
N_LP.1784	0.33788533105721374	0.6621146689427863
N_LP.1785	0.6735476766209889	0.32645232337901103
N_LP.1786	0.1878288161270023	0.8121711838729977
N_LP.1787	0.8594799275848206	0.14052007241517944
N_LP.1788	0.2953518562620592	0.7046481437379408
N_LP.1789	0.4622008312004048	0.5377991687995952
N_LP.179	0.19871457467382037	0.8012854253261796
N_LP.1790	0.7411284152150983	0.25887158478490174
N_LP.1791	0.025707374707798603	0.9742926252922014
N_LP.1792	0.21049440963295307	0.7895055903670469
N_LP.1793	0.2569205870701624	0.7430794129298376
N_LP.1795	0.15708805093412648	0.8429119490658735
N_LP.1796	0.8189712400680785	0.18102875993192147
N_LP.1797	0.40764821336686086	0.5923517866331391
N_LP.1798	0.10177169228530292	0.8982283077146971
N_LP.1799	0.42089545470574874	0.5791045452942513
N_LP.18	0.02591943612718084	0.9740805638728192
N_LP.180	0.03835843121408311	0.9616415687859169
N_LP.1801	0.41331715438136496	0.586682845618635
N_LP.1802	0.8317681842127786	0.16823181578722138
N_LP.1803	0.1931905814989594	0.8068094185010406
N_LP.1804	0.6642338191935832	0.33576618080641685
N_LP.1805	0.9361627728652564	0.06383722713474356
N_LP.1807	0.5437883814702045	0.4562116185297956
N_LP.1808	0.6777387361312432	0.3222612638687567
N_LP.1809	0.44972263175883354	0.5502773682411665
N_LP.181	0.15753487236288566	0.8424651276371143
N_LP.1810	0.44353977682740886	0.5564602231725911
N_LP.1811	0.0993408898255429	0.9006591101744571
N_LP.1812	0.40844542406349327	0.5915545759365067
N_LP.1813	0.2241352367859082	0.7758647632140918
N_LP.1814	0.04918120652404301	0.950818793475957
N_LP.1815	0.4352255017036045	0.5647744982963955
N_LP.1817	0.23010712017967272	0.7698928798203273
N_LP.1819	0.4353978485149492	0.5646021514850508
N_LP.182	0.47600014174139393	0.5239998582586061
N_LP.1820	0.822495729438594	0.17750427056140608
N_LP.1821	0.08784777166642344	0.9121522283335766
N_LP.1822	0.07193747045958399	0.928062529540416
N_LP.1823	0.19454269140804092	0.8054573085919591
N_LP.1824	0.26282022465146304	0.737179775348537
N_LP.1825	0.1906598905023521	0.8093401094976479
N_LP.1826	0.03481853168984628	0.9651814683101537
N_LP.1827	0.4445664148056073	0.5554335851943927
N_LP.1828	0.4889644731778866	0.5110355268221134
N_LP.1829	0.24698583162758125	0.7530141683724187
N_LP.183	0.2235741657284145	0.7764258342715855
N_LP.1830	0.16020044025925007	0.8397995597407499
N_LP.1831	0.4070667129927903	0.5929332870072097
N_LP.1832	0.5442430513848283	0.4557569486151717
N_LP.1833	0.27457145224912594	0.7254285477508741
N_LP.1834	0.22680196408318254	0.7731980359168175
N_LP.1835	0.386845237964628	0.613154762035372
N_LP.1836	0.4967071834614464	0.5032928165385536
N_LP.1837	0.04227366593517412	0.9577263340648259
N_LP.1838	0.31633379311939425	0.6836662068806058
N_LP.1839	0.6838960252940272	0.31610397470597285
N_LP.184	0.12753208513077496	0.872467914869225
N_LP.1840	0.38994028012127313	0.6100597198787269
N_LP.1841	0.23111814961191457	0.7688818503880854
N_LP.1842	0.5568166620602027	0.44318333793979725
N_LP.1843	0.04708495216742037	0.9529150478325796
N_LP.1844	0.4138298910383117	0.5861701089616883
N_LP.1845	0.4564128551920086	0.5435871448079914
N_LP.1846	0.23404988717126485	0.7659501128287352
N_LP.1847	0.3068267605583007	0.6931732394416993
N_LP.1848	0.6248214113595855	0.37517858864041453
N_LP.1849	0.29469253319475086	0.7053074668052491
N_LP.185	0.06708059396657151	0.9329194060334285
N_LP.1850	0.049292123307184466	0.9507078766928155
N_LP.1851	0.10551054782933322	0.8944894521706668
N_LP.1853	0.7190947012366249	0.28090529876337506
N_LP.1854	0.39341447492628956	0.6065855250737104
N_LP.1855	0.3706256931209404	0.6293743068790596
N_LP.1856	0.07799275330894073	0.9220072466910593
N_LP.1857	0.629686854347038	0.370313145652962
N_LP.1858	0.3717776969868871	0.6282223030131129
N_LP.186	0.21394715479693016	0.7860528452030698
N_LP.1860	0.1862930088053646	0.8137069911946354
N_LP.1861	0.6330352480628383	0.36696475193716177
N_LP.1862	0.6851516347879667	0.31484836521203335
N_LP.1863	0.4314911480226854	0.5685088519773146
N_LP.1864	0.6850780640493408	0.31492193595065915
N_LP.1865	0.34708980700299097	0.652910192997009
N_LP.1866	0.938374202764666	0.061625797235334026
N_LP.1867	0.18482752602580332	0.8151724739741967
N_LP.1868	0.35329807918625167	0.6467019208137483
N_LP.1869	0.3628065512681854	0.6371934487318146
N_LP.187	0.6567108668597434	0.3432891331402566
N_LP.1870	0.3065209676286028	0.6934790323713972
N_LP.1871	0.30492753022722874	0.6950724697727713
N_LP.1872	0.8099162400782576	0.19008375992174242
N_LP.1873	0.613822633090967	0.38617736690903304
N_LP.1874	0.07630789165337382	0.9236921083466262
N_LP.1875	0.38164622123522807	0.6183537787647719
N_LP.1876	0.9334390967544228	0.06656090324557715
N_LP.1877	0.5132211480027504	0.4867788519972495
N_LP.1878	0.14029844596529883	0.8597015540347012
N_LP.1879	0.15794005385989807	0.8420599461401019
N_LP.188	0.5822281780681218	0.4177718219318782
N_LP.1880	0.21921523992589176	0.7807847600741082
N_LP.1881	0.9613132866861251	0.03868671331387488
N_LP.1882	0.43372995233296274	0.5662700476670373
N_LP.1883	0.3632692477133497	0.6367307522866503
N_LP.1884	0.088135869284931	0.911864130715069
N_LP.1885	0.8716211216027464	0.1283788783972536
N_LP.1886	0.06214973102844723	0.9378502689715528
N_LP.1887	0.29087187181171537	0.7091281281882846
N_LP.1888	0.2529794431712393	0.7470205568287607
N_LP.1889	0.12811839851199458	0.8718816014880054
N_LP.189	0.11915645492487414	0.8808435450751259
N_LP.1890	0.2760418522270459	0.7239581477729541
N_LP.1891	0.9167601395670077	0.0832398604329922
N_LP.1892	0.2868869974166539	0.7131130025833461
N_LP.1893	0.16083228666667304	0.839167713333327
N_LP.1894	0.2550156525060163	0.7449843474939837
N_LP.1895	0.8593312320849007	0.14066876791509927
N_LP.1896	0.32967376894635636	0.6703262310536436
N_LP.1897	0.18919733939437244	0.8108026606056276
N_LP.1898	0.19906081134340192	0.8009391886565981
N_LP.1899	0.3634008968331297	0.6365991031668703
N_LP.19	0.3394239751010508	0.6605760248989492
N_LP.190	0.3971737121090453	0.6028262878909547
N_LP.1900	0.39409556839444826	0.6059044316055517
N_LP.1901	0.3110133633624469	0.6889866366375531
N_LP.1902	0.10393332543498568	0.8960666745650143
N_LP.1903	0.8212899482263692	0.17871005177363072
N_LP.1904	0.11223373092064837	0.8877662690793516
N_LP.1905	0.4173301236278497	0.5826698763721503
N_LP.1907	0.03831405862595816	0.9616859413740418
N_LP.1908	0.30673119489321055	0.6932688051067895
N_LP.1909	0.8971868214062054	0.10281317859379455
N_LP.191	0.4886783370285275	0.5113216629714725
N_LP.1911	0.5408015035598766	0.4591984964401234
N_LP.1913	0.14406772259912626	0.8559322774008737
N_LP.1914	0.3039325872513672	0.6960674127486328
N_LP.1915	0.47382438479591116	0.5261756152040888
N_LP.1916	0.16021428625992384	0.8397857137400762
N_LP.1917	0.37154903996815125	0.6284509600318487
N_LP.1918	0.29583132350820596	0.704168676491794
N_LP.1919	0.3348095916250524	0.6651904083749476
N_LP.192	0.4239181630871378	0.5760818369128622
N_LP.1920	0.47862003171858636	0.5213799682814136
N_LP.1921	0.5697846156131465	0.4302153843868534
N_LP.1922	0.8476002066896415	0.15239979331035852
N_LP.1923	0.4947590535210157	0.5052409464789843
N_LP.1924	0.022171442640186223	0.9778285573598138
N_LP.1925	0.04051179359370394	0.9594882064062961
N_LP.1926	0.06307543967678908	0.9369245603232109
N_LP.1927	0.7833103352268456	0.21668966477315446
N_LP.1928	0.1294020680729857	0.8705979319270143
N_LP.1929	0.4835965552034196	0.5164034447965804
N_LP.193	0.8896686729046348	0.11033132709536522
N_LP.1930	0.22286316101273318	0.7771368389872668
N_LP.1931	0.4962314883120852	0.5037685116879148
N_LP.1932	0.32670071363206366	0.6732992863679363
N_LP.1933	0.49938672694245423	0.5006132730575458
N_LP.1934	0.5540048033141536	0.4459951966858465
N_LP.1935	0.5337986670098337	0.4662013329901663
N_LP.1936	0.06917299609203775	0.9308270039079622
N_LP.1937	0.06906624925682436	0.9309337507431756
N_LP.1938	0.33577562906845826	0.6642243709315417
N_LP.1939	0.7407152623523077	0.25928473764769233
N_LP.194	0.330301142576071	0.669698857423929
N_LP.1940	0.46405987707445373	0.5359401229255463
N_LP.1941	0.7630098990762332	0.2369901009237668
N_LP.1942	0.1243641615741733	0.8756358384258267
N_LP.1943	0.6770426245873686	0.3229573754126314
N_LP.1945	0.20963438313028193	0.7903656168697181
N_LP.1946	0.34597526450836324	0.6540247354916368
N_LP.1947	0.3306792171676708	0.6693207828323292
N_LP.1948	0.15511673476568844	0.8448832652343116
N_LP.1949	0.8537390289171245	0.14626097108287553
N_LP.195	0.34246893115606614	0.6575310688439339
N_LP.1951	0.1667033194279155	0.8332966805720845
N_LP.1952	0.24236669830221325	0.7576333016977868
N_LP.1953	0.30265117844629597	0.697348821553704
N_LP.1954	0.7125035149563279	0.28749648504367215
N_LP.1955	0.5174971130322628	0.4825028869677373
N_LP.1956	0.502739856696726	0.4972601433032739
N_LP.1957	0.8603011866190406	0.1396988133809593
N_LP.1958	0.04292131730939108	0.9570786826906089
N_LP.1959	0.759140958165418	0.24085904183458196
N_LP.196	0.8691925174197512	0.13080748258024874
N_LP.1960	0.1395593874572727	0.8604406125427273
N_LP.1961	0.10185764960263188	0.8981423503973681
N_LP.1962	0.42037679721918586	0.5796232027808141
N_LP.1963	0.0782627601282655	0.9217372398717345
N_LP.1964	0.7908043933655752	0.20919560663442482
N_LP.1965	0.07255178206416668	0.9274482179358333
N_LP.1966	0.47779327292627294	0.5222067270737271
N_LP.1967	0.35829185019250986	0.6417081498074901
N_LP.1968	0.1979754926625913	0.8020245073374087
N_LP.1969	0.23366889908166688	0.7663311009183331
N_LP.197	0.3214440124828122	0.6785559875171878
N_LP.1970	0.20061096979599646	0.7993890302040035
N_LP.1971	0.5858316657827586	0.4141683342172414
N_LP.1972	0.7511788114559469	0.24882118854405313
N_LP.1973	0.14857426098436455	0.8514257390156355
N_LP.1974	0.48361713277648744	0.5163828672235126
N_LP.1975	0.5361992988590818	0.46380070114091826
N_LP.1976	0.046633737513841034	0.953366262486159
N_LP.1977	0.2749766544819917	0.7250233455180083
N_LP.1978	0.48607502443616435	0.5139249755638357
N_LP.1979	0.7454437204897291	0.2545562795102709
N_LP.198	0.08453250908668541	0.9154674909133146
N_LP.1980	0.08735496210545113	0.9126450378945489
N_LP.1981	0.6461148262382439	0.35388517376175604
N_LP.1982	0.08209904519527078	0.9179009548047292
N_LP.1983	0.9319611079418522	0.06803889205814778
N_LP.1984	0.7438375497505378	0.25616245024946216
N_LP.1985	0.37847961784174944	0.6215203821582506
N_LP.1986	0.26369466922900364	0.7363053307709964
N_LP.1987	0.22687656325915728	0.7731234367408427
N_LP.1988	0.46356085057519303	0.536439149424807
N_LP.1989	0.42672554851672195	0.573274451483278
N_LP.199	0.8476138428526308	0.1523861571473692
N_LP.1990	0.6879028942189847	0.3120971057810153
N_LP.1991	0.17004509687641034	0.8299549031235897
N_LP.1992	0.4577465701381278	0.5422534298618722
N_LP.1993	0.7511423025901205	0.2488576974098795
N_LP.1994	0.6995997907964009	0.30040020920359917
N_LP.1995	0.2670287835222198	0.7329712164777802
N_LP.1996	0.4413581130027411	0.5586418869972589
N_LP.1997	0.2981023781525789	0.7018976218474211
N_LP.1998	0.6961378998621541	0.3038621001378458
N_LP.1999	0.8158788756413096	0.18412112435869038
N_LP.2	0.3458677016649885	0.6541322983350115
N_LP.20	0.7364554213458305	0.2635445786541695
N_LP.200	0.6064639790961139	0.3935360209038861
N_LP.2001	0.33818135710308017	0.6618186428969198
N_LP.2002	0.2560600857518943	0.7439399142481057
N_LP.2003	0.10972227096193599	0.890277729038064
N_LP.2004	0.9076662770896406	0.09233372291035935
N_LP.2005	0.5875785757093803	0.4124214242906197
N_LP.2006	0.48583383663697066	0.5141661633630293
N_LP.2007	0.8327332666200189	0.16726673337998116
N_LP.2008	0.15319342107566603	0.846806578924334
N_LP.201	0.7362386827048994	0.26376131729510055
N_LP.2010	0.39884187533200743	0.6011581246679926
N_LP.2011	0.5131910550707737	0.4868089449292264
N_LP.2012	0.8471509679597202	0.15284903204027975
N_LP.2013	0.25573916281401343	0.7442608371859866
N_LP.2014	0.44556249727697006	0.5544375027230299
N_LP.2015	0.34598063251303246	0.6540193674869675
N_LP.2016	0.5996667732802811	0.40033322671971894
N_LP.2017	0.7078020868174053	0.29219791318259475
N_LP.2018	0.46043307457590044	0.5395669254240996
N_LP.2019	0.6209136074809598	0.3790863925190402
N_LP.202	0.23952973521836485	0.7604702647816352
N_LP.2020	0.2620230700428898	0.7379769299571102
N_LP.2021	0.23349391471506387	0.7665060852849361
N_LP.2023	0.6333893271671398	0.36661067283286014
N_LP.2024	0.3466139780410149	0.6533860219589851
N_LP.2025	0.35021730497947656	0.6497826950205234
N_LP.2026	0.28825889771698865	0.7117411022830114
N_LP.2027	0.6690906209450712	0.3309093790549288
N_LP.2028	0.5276615654790886	0.47233843452091145
N_LP.2029	0.1076658534739221	0.8923341465260779
N_LP.203	0.14116042673235163	0.8588395732676484
N_LP.2030	0.3099465595092379	0.6900534404907621
N_LP.2031	0.17833981968148327	0.8216601803185167
N_LP.2032	0.04693346825099198	0.953066531749008
N_LP.2033	0.7282544240320685	0.27174557596793153
N_LP.2034	0.6453257204346597	0.35467427956534026
N_LP.2035	0.678266169575989	0.32173383042401105
N_LP.2036	0.32148849562752835	0.6785115043724717
N_LP.2037	0.16936378355277015	0.8306362164472298
N_LP.2038	0.536058500770404	0.46394149922959604
N_LP.2039	0.10242582392143129	0.8975741760785687
N_LP.204	0.7874227472776261	0.21257725272237396
N_LP.2040	0.08084860206108457	0.9191513979389154
N_LP.2041	0.02572943099621161	0.9742705690037884
N_LP.2042	0.227891445624133	0.772108554375867
N_LP.2043	0.5113616376128322	0.48863836238716785
N_LP.2045	0.37742316319471947	0.6225768368052805
N_LP.2046	0.06511073508610854	0.9348892649138915
N_LP.2047	0.1414044867952462	0.8585955132047538
N_LP.2048	0.5193279958865209	0.48067200411347916
N_LP.2049	0.29287516272186853	0.7071248372781315
N_LP.205	0.29490584339901293	0.7050941566009871
N_LP.2051	0.7542302977797875	0.24576970222021252
N_LP.2052	0.31035214664232313	0.6896478533576769
N_LP.2053	0.1840747716654635	0.8159252283345365
N_LP.2054	0.8179367758437338	0.18206322415626622
N_LP.2055	0.436373263161713	0.563626736838287
N_LP.2056	0.33907934472014367	0.6609206552798563
N_LP.2057	0.11036532129402354	0.8896346787059765
N_LP.2058	0.9282590171535545	0.07174098284644545
N_LP.2059	0.3346460395857316	0.6653539604142684
N_LP.206	0.1427040656966415	0.8572959343033585
N_LP.2060	0.031974592321203366	0.9680254076787966
N_LP.2061	0.19349830497173393	0.8065016950282661
N_LP.2062	0.1950156036359506	0.8049843963640494
N_LP.2063	0.044126254157692	0.955873745842308
N_LP.2064	0.26238301734489455	0.7376169826551054
N_LP.2065	0.4752920161686428	0.5247079838313572
N_LP.2066	0.40654009043972117	0.5934599095602788
N_LP.2067	0.2557144550429995	0.7442855449570005
N_LP.2068	0.517578144406408	0.48242185559359196
N_LP.2069	0.41401326048089526	0.5859867395191047
N_LP.207	0.09221653026980492	0.9077834697301951
N_LP.2070	0.5825386241403396	0.4174613758596604
N_LP.2071	0.3283951724077874	0.6716048275922126
N_LP.2072	0.2636731642657323	0.7363268357342677
N_LP.2073	0.7403896565784798	0.2596103434215202
N_LP.2074	0.7840337836388666	0.21596621636113342
N_LP.2075	0.28327728728647017	0.7167227127135298
N_LP.2076	0.1968389848442672	0.8031610151557328
N_LP.2077	0.6976089729439726	0.3023910270560274
N_LP.2078	0.14949858697836316	0.8505014130216368
N_LP.2079	0.6763400415056653	0.3236599584943347
N_LP.208	0.25999134731749773	0.7400086526825023
N_LP.2080	0.15166736335467512	0.8483326366453249
N_LP.2081	0.2966838615613857	0.7033161384386143
N_LP.2082	0.07683807018416366	0.9231619298158363
N_LP.2083	0.4902933573577911	0.5097066426422089
N_LP.2084	0.25043976485186326	0.7495602351481367
N_LP.2085	0.8475144604057131	0.1524855395942869
N_LP.2086	0.18158398018165578	0.8184160198183442
N_LP.2087	0.21336537885493323	0.7866346211450668
N_LP.2088	0.09714446370440943	0.9028555362955906
N_LP.2089	0.8913557600745643	0.10864423992543575
N_LP.209	0.5208806093885334	0.4791193906114666
N_LP.2091	0.7119192024926566	0.28808079750734344
N_LP.2092	0.6626813963098572	0.33731860369014277
N_LP.2094	0.29999451659447973	0.7000054834055203
N_LP.2095	0.112822768109058	0.887177231890942
N_LP.2096	0.2987910351594574	0.7012089648405426
N_LP.2097	0.6778273963452313	0.3221726036547688
N_LP.2099	0.09877152198102579	0.9012284780189742
N_LP.21	0.6261653352744112	0.3738346647255888
N_LP.210	0.9060056542398766	0.09399434576012348
N_LP.2100	0.642611773135007	0.35738822686499305
N_LP.2101	0.4746486672617114	0.5253513327382886
N_LP.2102	0.7340314511726562	0.2659685488273438
N_LP.2103	0.549260497865925	0.450739502134075
N_LP.2104	0.2065493679408278	0.7934506320591722
N_LP.2105	0.22833797297704617	0.7716620270229538
N_LP.2106	0.23126126536669167	0.7687387346333083
N_LP.2107	0.2825379505172251	0.7174620494827749
N_LP.2108	0.6477216160833325	0.35227838391666755
N_LP.2109	0.07355568602548268	0.9264443139745173
N_LP.211	0.7420164518829492	0.2579835481170508
N_LP.2110	0.7403561235841256	0.25964387641587433
N_LP.2111	0.14166453647843524	0.8583354635215648
N_LP.2112	0.4263916561857275	0.5736083438142725
N_LP.2113	0.49996814695114844	0.5000318530488516
N_LP.2114	0.25448470280522295	0.745515297194777
N_LP.2115	0.20855622589310674	0.7914437741068933
N_LP.2116	0.11122835238439444	0.8887716476156056
N_LP.2117	0.6291683060588439	0.3708316939411561
N_LP.2118	0.12911937202443824	0.8708806279755618
N_LP.2119	0.24023527729356065	0.7597647227064394
N_LP.212	0.126039821262805	0.873960178737195
N_LP.2120	0.18516931633569578	0.8148306836643042
N_LP.2121	0.02358701034596189	0.9764129896540381
N_LP.2122	0.1568458102603797	0.8431541897396203
N_LP.2124	0.0934186759509561	0.9065813240490439
N_LP.2125	0.8255657939531207	0.17443420604687926
N_LP.2126	0.7219041221101419	0.2780958778898581
N_LP.2127	0.30851007625176863	0.6914899237482314
N_LP.2128	0.250534022672932	0.749465977327068
N_LP.2129	0.5194357340232723	0.4805642659767278
N_LP.213	0.6317095014400709	0.3682904985599292
N_LP.2131	0.22545091599271738	0.7745490840072826
N_LP.2132	0.605206291426126	0.39479370857387397
N_LP.2133	0.25188490504509287	0.7481150949549071
N_LP.2134	0.17064144918555701	0.829358550814443
N_LP.2135	0.5939683419351871	0.4060316580648129
N_LP.2137	0.7154573711622527	0.2845426288377472
N_LP.2138	0.12822474482418222	0.8717752551758178
N_LP.2139	0.22064670999716718	0.7793532900028328
N_LP.214	0.6551831738891173	0.3448168261108827
N_LP.2140	0.19141692264176124	0.8085830773582388
N_LP.2142	0.27948638259201564	0.7205136174079844
N_LP.2143	0.5342058450438867	0.46579415495611337
N_LP.2144	0.05540557036904281	0.9445944296309572
N_LP.2145	0.9856991713096743	0.014300828690325652
N_LP.2146	0.5535891864318387	0.4464108135681613
N_LP.2147	0.3397102959768944	0.6602897040231056
N_LP.2148	0.8827055273171063	0.11729447268289367
N_LP.2149	0.2709164082930825	0.7290835917069175
N_LP.215	0.22063933489459564	0.7793606651054044
N_LP.2150	0.5859161645788455	0.4140838354211544
N_LP.2151	0.012270907652514373	0.9877290923474856
N_LP.2152	0.16406170237216422	0.8359382976278358
N_LP.2153	0.49670962146855346	0.5032903785314465
N_LP.2154	0.25350972260133897	0.746490277398661
N_LP.2155	0.05741458710720826	0.9425854128927917
N_LP.2156	0.8056670847233592	0.1943329152766408
N_LP.2157	0.0066754592227308285	0.9933245407772692
N_LP.2158	0.14809777696714765	0.8519022230328523
N_LP.2159	0.14456360046786831	0.8554363995321317
N_LP.2160	0.7520926287182144	0.2479073712817856
N_LP.2161	0.9042417473758423	0.09575825262415774
N_LP.2162	0.05636798623991435	0.9436320137600857
N_LP.2163	0.38412443448270006	0.6158755655172999
N_LP.2164	0.5142930513413957	0.48570694865860425
N_LP.2165	0.34939385566448455	0.6506061443355154
N_LP.2166	0.7531868543199243	0.24681314568007567
N_LP.2167	0.5110840746184995	0.4889159253815005
N_LP.2168	0.8300586929646457	0.16994130703535426
N_LP.2169	0.48174080662067364	0.5182591933793264
N_LP.217	0.10364445780875375	0.8963555421912462
N_LP.2170	0.9236583935901553	0.0763416064098447
N_LP.2171	0.10432343690252355	0.8956765630974765
N_LP.2172	0.26565643103001135	0.7343435689699886
N_LP.2173	0.8450300627979939	0.15496993720200614
N_LP.2174	0.5783567556040128	0.4216432443959872
N_LP.2175	0.24176402601337466	0.7582359739866253
N_LP.2176	0.37728187662072243	0.6227181233792776
N_LP.2177	0.35074399031387327	0.6492560096861267
N_LP.2178	0.3165393701092345	0.6834606298907655
N_LP.2179	0.8938457961054704	0.10615420389452958
N_LP.218	0.6387398570249172	0.36126014297508285
N_LP.2180	0.9279118696146675	0.0720881303853325
N_LP.2181	0.20590911893213026	0.7940908810678697
N_LP.2182	0.4439153544675507	0.5560846455324493
N_LP.2183	0.6588982138183301	0.3411017861816699
N_LP.2184	0.5407708131570297	0.45922918684297026
N_LP.2185	0.20147237111778682	0.7985276288822132
N_LP.2186	0.5766267495281574	0.4233732504718426
N_LP.2187	0.15948089127891785	0.8405191087210822
N_LP.2188	0.24228370217591044	0.7577162978240896
N_LP.2189	0.7247994581508344	0.2752005418491656
N_LP.219	0.11172342205598906	0.8882765779440109
N_LP.2190	0.2905301222337404	0.7094698777662596
N_LP.2192	0.23234781438985774	0.7676521856101423
N_LP.2193	0.6011394789783082	0.3988605210216917
N_LP.2194	0.5436896167197289	0.456310383280271
N_LP.2195	0.8859020504292272	0.11409794957077274
N_LP.2196	0.1788281542403498	0.8211718457596502
N_LP.2197	0.4639771254185566	0.5360228745814434
N_LP.2198	0.3779878122526724	0.6220121877473276
N_LP.2199	0.772479433037964	0.227520566962036
N_LP.22	0.6507594108182813	0.34924058918171874
N_LP.220	0.8285676033219092	0.17143239667809085
N_LP.2200	0.15750246719834315	0.8424975328016568
N_LP.2201	0.47707337215846146	0.5229266278415385
N_LP.2202	0.3045399338563459	0.6954600661436541
N_LP.2203	0.35399277146902386	0.6460072285309761
N_LP.2204	0.35373822770655594	0.6462617722934441
N_LP.2205	0.38632037043773515	0.6136796295622649
N_LP.2206	0.15530778102605236	0.8446922189739476
N_LP.2207	0.09884227850294336	0.9011577214970566
N_LP.2208	0.5160622759218976	0.4839377240781025
N_LP.2209	0.6228112747548279	0.3771887252451721
N_LP.221	0.8476658105848289	0.1523341894151711
N_LP.2210	0.10203065842331827	0.8979693415766817
N_LP.2211	0.3984189205478841	0.6015810794521159
N_LP.2212	0.2171911695259181	0.7828088304740819
N_LP.2213	0.7548538131427562	0.24514618685724376
N_LP.2214	0.44019205715554033	0.5598079428444597
N_LP.2215	0.7148794833711514	0.2851205166288486
N_LP.2216	0.09099330910270709	0.9090066908972929
N_LP.2217	0.3786062372520711	0.6213937627479289
N_LP.2218	0.1430090143362106	0.8569909856637894
N_LP.2219	0.4895936110647857	0.5104063889352143
N_LP.222	0.21662770539748177	0.7833722946025182
N_LP.2220	0.5183924304312302	0.48160756956876977
N_LP.2221	0.1931634500413767	0.8068365499586233
N_LP.2222	0.2842957181012271	0.7157042818987729
N_LP.2223	0.4460021347707498	0.5539978652292502
N_LP.2224	0.23403466232489212	0.7659653376751079
N_LP.2225	0.1061688701712884	0.8938311298287116
N_LP.2226	0.14663617592540412	0.8533638240745959
N_LP.2227	0.5222066291441865	0.4777933708558136
N_LP.2228	0.6014397727538006	0.3985602272461994
N_LP.2229	0.20308609184481308	0.7969139081551869
N_LP.223	0.9475865790636266	0.052413420936373405
N_LP.2230	0.6268308997600622	0.3731691002399377
N_LP.2231	0.15507441440296288	0.8449255855970371
N_LP.2232	0.4033502222720866	0.5966497777279134
N_LP.2233	0.29704419904911106	0.7029558009508889
N_LP.2234	0.5243635160383179	0.4756364839616821
N_LP.2235	0.15968723128036855	0.8403127687196315
N_LP.2236	0.4158172010388115	0.5841827989611885
N_LP.2237	0.6053999782111796	0.3946000217888204
N_LP.2238	0.9438000496440523	0.05619995035594776
N_LP.224	0.1628710199913892	0.8371289800086108
N_LP.2240	0.09987949035794597	0.900120509642054
N_LP.2241	0.4791766722157328	0.5208233277842672
N_LP.2242	0.45843033554089085	0.5415696644591091
N_LP.2243	0.06533429764717202	0.934665702352828
N_LP.2244	0.23137089078444373	0.7686291092155563
N_LP.2245	0.3823308411089764	0.6176691588910236
N_LP.2246	0.5295392168060509	0.47046078319394913
N_LP.2247	0.033043159807087163	0.9669568401929128
N_LP.2248	0.3119455073534313	0.6880544926465687
N_LP.2249	0.49136688172494447	0.5086331182750555
N_LP.225	0.26844219298777505	0.731557807012225
N_LP.2250	0.4711830669350714	0.5288169330649286
N_LP.2251	0.6002522094180014	0.39974779058199855
N_LP.2252	0.27921708396079037	0.7207829160392096
N_LP.2253	0.24968124177686402	0.750318758223136
N_LP.2254	0.19050836000907678	0.8094916399909232
N_LP.2255	0.7305445279953706	0.2694554720046293
N_LP.2256	0.4595185545071341	0.5404814454928659
N_LP.2257	0.5310568085564423	0.46894319144355767
N_LP.2258	0.7329461347358851	0.2670538652641149
N_LP.2259	0.13049363216399812	0.8695063678360019
N_LP.226	0.13198855247241015	0.8680114475275899
N_LP.2260	0.10399960969191702	0.896000390308083
N_LP.2261	0.2697025057866913	0.7302974942133087
N_LP.2262	0.03991923996173874	0.9600807600382613
N_LP.2263	0.2907972341880778	0.7092027658119222
N_LP.2264	0.5310162770754376	0.46898372292456236
N_LP.2265	0.38753063831556467	0.6124693616844353
N_LP.2266	0.7423021701136681	0.257697829886332
N_LP.2267	0.2258847492023578	0.7741152507976422
N_LP.2268	0.6318988723171716	0.36810112768282843
N_LP.2269	0.05917650065906965	0.9408234993409303
N_LP.227	0.7489757740953187	0.2510242259046814
N_LP.2270	0.8295685061869849	0.17043149381301512
N_LP.2271	0.05991626139669237	0.9400837386033076
N_LP.2272	0.3761396786170149	0.6238603213829851
N_LP.2273	0.5421281428213236	0.45787185717867646
N_LP.2274	0.35379956280075087	0.6462004371992491
N_LP.2275	0.3189445269610385	0.6810554730389615
N_LP.2276	0.23821953321874811	0.7617804667812519
N_LP.2277	0.5814524517132739	0.41854754828672613
N_LP.2278	0.7222384319276689	0.2777615680723311
N_LP.2279	0.2226960307594802	0.7773039692405198
N_LP.228	0.1465230415721629	0.8534769584278371
N_LP.2280	0.5060429742207364	0.49395702577926365
N_LP.2281	0.3061639303542384	0.6938360696457616
N_LP.2282	0.04903086116464905	0.950969138835351
N_LP.2283	0.18695191393088495	0.813048086069115
N_LP.2284	0.8609400107530272	0.13905998924697285
N_LP.2285	0.9173494422251738	0.08265055777482616
N_LP.2286	0.04978912028524751	0.9502108797147525
N_LP.2287	0.5134116951942902	0.4865883048057098
N_LP.2288	0.07597979377860586	0.9240202062213941
N_LP.2289	0.36127466210896997	0.63872533789103
N_LP.229	0.15746088466253505	0.842539115337465
N_LP.2290	0.7859590808196977	0.21404091918030235
N_LP.2291	0.569499440532347	0.43050055946765303
N_LP.2292	0.1922032709393836	0.8077967290606164
N_LP.2293	0.12589949251801313	0.8741005074819869
N_LP.2294	0.46647638413186365	0.5335236158681363
N_LP.2295	0.046476943931428316	0.9535230560685717
N_LP.2297	0.18702964617591733	0.8129703538240827
N_LP.2298	0.7168341266637266	0.28316587333627335
N_LP.2299	0.5399249414798519	0.460075058520148
N_LP.23	0.0699103752366822	0.9300896247633178
N_LP.230	0.12132238002739282	0.8786776199726072
N_LP.2300	0.29557932326856595	0.704420676731434
N_LP.2301	0.1015952621004963	0.8984047378995037
N_LP.2302	0.32728353919229924	0.6727164608077008
N_LP.2303	0.42232091695001184	0.5776790830499882
N_LP.2304	0.5315092960180967	0.46849070398190334
N_LP.2305	0.681924279318821	0.31807572068117895
N_LP.2306	0.03419722572373529	0.9658027742762647
N_LP.2307	0.1329238659631793	0.8670761340368207
N_LP.2308	0.48958060244127766	0.5104193975587223
N_LP.2309	0.3128356243051176	0.6871643756948824
N_LP.231	0.5523663532005652	0.4476336467994348
N_LP.2311	0.7866241479587218	0.21337585204127815
N_LP.2312	0.5604474450000947	0.43955255499990536
N_LP.2313	0.280175328742559	0.719824671257441
N_LP.2314	0.6801911309032189	0.319808869096781
N_LP.2315	0.1835757223851574	0.8164242776148426
N_LP.2316	0.37880566144445393	0.6211943385555461
N_LP.2317	0.4668442081957902	0.5331557918042098
N_LP.2318	0.8371620786117868	0.16283792138821318
N_LP.2319	0.2290508505172425	0.7709491494827575
N_LP.232	0.14388740356705088	0.8561125964329491
N_LP.2320	0.7537413433578969	0.2462586566421031
N_LP.2321	0.526861727653791	0.473138272346209
N_LP.2322	0.8325793419205796	0.1674206580794204
N_LP.2323	0.7388171131874082	0.2611828868125919
N_LP.2324	0.8176369543002784	0.18236304569972156
N_LP.2325	0.1582227025655315	0.8417772974344685
N_LP.2326	0.6283803293855702	0.3716196706144298
N_LP.2328	0.23771093177898994	0.7622890682210101
N_LP.2329	0.31905428410809267	0.6809457158919073
N_LP.233	0.4786185381575816	0.5213814618424184
N_LP.2330	0.06836122146594814	0.9316387785340519
N_LP.2331	0.6339899464395027	0.3660100535604973
N_LP.2332	0.46770896330234	0.53229103669766
N_LP.2333	0.5056886649781569	0.49431133502184316
N_LP.2334	0.5143656345026368	0.4856343654973632
N_LP.2335	0.6430477962057773	0.35695220379422266
N_LP.2336	0.23691032105713705	0.763089678942863
N_LP.2337	0.3840255819422338	0.6159744180577662
N_LP.2338	0.25435168510106854	0.7456483148989315
N_LP.2339	0.5377859002496983	0.46221409975030175
N_LP.234	0.673586634932727	0.32641336506727303
N_LP.2340	0.5072638009660062	0.4927361990339938
N_LP.2341	0.362174464684768	0.637825535315232
N_LP.2342	0.3815615621198579	0.6184384378801421
N_LP.2343	0.5275824876648934	0.4724175123351066
N_LP.2344	0.1749226580067218	0.8250773419932782
N_LP.2345	0.44752085738548997	0.55247914261451
N_LP.2346	0.4363592081443768	0.5636407918556232
N_LP.2347	0.6672951669341793	0.3327048330658207
N_LP.2348	0.09522455342873459	0.9047754465712654
N_LP.2349	0.20622435371234626	0.7937756462876537
N_LP.235	0.1675492421009953	0.8324507578990047
N_LP.2350	0.6542141200579734	0.34578587994202664
N_LP.2351	0.38361829083341425	0.6163817091665857
N_LP.2352	0.36404845271227637	0.6359515472877236
N_LP.2353	0.027952619462474737	0.9720473805375253
N_LP.2354	0.8552098047121729	0.14479019528782708
N_LP.2355	0.6612394884503667	0.3387605115496332
N_LP.2356	0.07372101098941697	0.926278989010583
N_LP.2357	0.21188372639573905	0.788116273604261
N_LP.2358	0.19781763477980174	0.8021823652201983
N_LP.2359	0.47967047622336767	0.5203295237766323
N_LP.236	0.19636820998625448	0.8036317900137455
N_LP.2360	0.08176029915961514	0.9182397008403849
N_LP.2361	0.053125143494386795	0.9468748565056132
N_LP.2362	0.5559909665705702	0.44400903342942977
N_LP.2363	0.4545396158018973	0.5454603841981027
N_LP.2364	0.5541586028962813	0.4458413971037187
N_LP.2367	0.5575740497809545	0.44242595021904546
N_LP.2368	0.22878484668841292	0.7712151533115871
N_LP.237	0.24007149030312958	0.7599285096968704
N_LP.2370	0.7044207967633962	0.29557920323660386
N_LP.2371	0.578515521190851	0.421484478809149
N_LP.2372	0.15049968731562524	0.8495003126843748
N_LP.2373	0.17878967887233377	0.8212103211276662
N_LP.2375	0.03613877408885724	0.9638612259111428
N_LP.2376	0.36306947444359505	0.636930525556405
N_LP.2377	0.5054936177820193	0.49450638221798077
N_LP.2378	0.4199683190608483	0.5800316809391517
N_LP.2379	0.8093148798729617	0.1906851201270383
N_LP.238	0.19022677829347112	0.8097732217065289
N_LP.2380	0.5611191317191933	0.4388808682808068
N_LP.2381	0.287758736590476	0.712241263409524
N_LP.2384	0.5686316388378473	0.4313683611621527
N_LP.2385	0.4570756488589084	0.5429243511410916
N_LP.2386	0.3278637510522092	0.6721362489477908
N_LP.2387	0.33138583464463023	0.6686141653553698
N_LP.2388	0.3498340019199482	0.6501659980800518
N_LP.2389	0.8687414651567554	0.1312585348432446
N_LP.239	0.9458479530244002	0.054152046975599784
N_LP.2391	0.06867855720671534	0.9313214427932847
N_LP.2392	0.26714317791768905	0.732856822082311
N_LP.2393	0.5838727794311658	0.4161272205688342
N_LP.2394	0.21903557454983935	0.7809644254501606
N_LP.2395	0.01311057729916465	0.9868894227008354
N_LP.2396	0.4750145339316806	0.5249854660683194
N_LP.2398	0.6927593360697017	0.30724066393029825
N_LP.2399	0.20720705700091513	0.7927929429990849
N_LP.24	0.7856153155613423	0.21438468443865766
N_LP.240	0.44066679607797254	0.5593332039220275
N_LP.2400	0.42658760899425097	0.573412391005749
N_LP.2402	0.7695067062830516	0.23049329371694843
N_LP.2405	0.34841627834250544	0.6515837216574946
N_LP.2407	0.6632358131447177	0.3367641868552823
N_LP.241	0.9198916014897525	0.08010839851024755
N_LP.242	0.4880750824870842	0.5119249175129158
N_LP.243	0.43759690778987725	0.5624030922101227
N_LP.244	0.2498694773085579	0.7501305226914421
N_LP.246	0.7802740225492886	0.21972597745071137
N_LP.247	0.32328411448664196	0.676715885513358
N_LP.248	0.11959368039624474	0.8804063196037553
N_LP.249	0.34032742681458694	0.6596725731854131
N_LP.25	0.23583948238359576	0.7641605176164042
N_LP.250	0.3045843335703532	0.6954156664296468
N_LP.251	0.18868231849054806	0.8113176815094519
N_LP.252	0.4102280381112311	0.5897719618887689
N_LP.253	0.3165796876692839	0.6834203123307161
N_LP.254	0.21055405631429258	0.7894459436857074
N_LP.255	0.06715931090255034	0.9328406890974497
N_LP.256	0.4091803951242068	0.5908196048757932
N_LP.257	0.24296231169109972	0.7570376883089003
N_LP.258	0.23429814049140874	0.7657018595085913
N_LP.259	0.01311409949411857	0.9868859005058814
N_LP.26	0.7267949341457858	0.2732050658542142
N_LP.260	0.31813061425376166	0.6818693857462383
N_LP.262	0.46270281123256374	0.5372971887674363
N_LP.263	0.33681179795370275	0.6631882020462972
N_LP.264	0.11324030043113453	0.8867596995688655
N_LP.265	0.3731580997441122	0.6268419002558878
N_LP.266	0.4191694943305997	0.5808305056694003
N_LP.268	0.3498103061733746	0.6501896938266254
N_LP.269	0.3516201670302117	0.6483798329697883
N_LP.27	0.19173127220553687	0.8082687277944631
N_LP.270	0.3529303690975686	0.6470696309024314
N_LP.271	0.6270349072407231	0.372965092759277
N_LP.272	0.1624491209697947	0.8375508790302053
N_LP.273	0.44135992869741003	0.55864007130259
N_LP.274	0.1313462057197322	0.8686537942802678
N_LP.275	0.4522104802525728	0.5477895197474272
N_LP.276	0.9422707252903155	0.05772927470968442
N_LP.277	0.026794200771490195	0.9732057992285098
N_LP.278	0.13577115558764086	0.8642288444123591
N_LP.279	0.08409669400987951	0.9159033059901205
N_LP.28	0.09201937321877818	0.9079806267812218
N_LP.280	0.5665583499661053	0.4334416500338946
N_LP.281	0.11679499797415283	0.8832050020258472
N_LP.282	0.7625951760717729	0.23740482392822718
N_LP.283	0.4160740557750875	0.5839259442249125
N_LP.284	0.5172781612449516	0.48272183875504837
N_LP.285	0.04345780007158917	0.9565421999284108
N_LP.286	0.48612830645275895	0.513871693547241
N_LP.287	0.5285347129761235	0.47146528702387647
N_LP.288	0.29715537511590995	0.70284462488409
N_LP.29	0.6802231284623153	0.31977687153768475
N_LP.290	0.4233741970462077	0.5766258029537923
N_LP.291	0.5780245616009929	0.42197543839900714
N_LP.293	0.1567915448913071	0.8432084551086929
N_LP.294	0.3059044960334888	0.6940955039665112
N_LP.295	0.09349319140446877	0.9065068085955312
N_LP.296	0.7510702247313953	0.2489297752686047
N_LP.298	0.25562469735904836	0.7443753026409516
N_LP.299	0.26196679377550025	0.7380332062244997
N_LP.3	0.12096930272919748	0.8790306972708025
N_LP.30	0.312661538507356	0.687338461492644
N_LP.300	0.576479516737652	0.423520483262348
N_LP.302	0.95620624776249	0.043793752237510086
N_LP.303	0.4964783882869108	0.5035216117130892
N_LP.304	0.397923688774951	0.602076311225049
N_LP.305	0.843109712447225	0.156890287552775
N_LP.306	0.5334431952351737	0.4665568047648263
N_LP.307	0.04269186291774951	0.9573081370822505
N_LP.308	0.31797241784325925	0.6820275821567408
N_LP.309	0.17546384954965688	0.8245361504503431
N_LP.31	0.2071695252290665	0.7928304747709335
N_LP.311	0.3193225685032095	0.6806774314967905
N_LP.312	0.4128142878885951	0.5871857121114049
N_LP.313	0.4316393102130265	0.5683606897869735
N_LP.315	0.7353252747539691	0.2646747252460309
N_LP.317	0.23215739400273172	0.7678426059972683
N_LP.318	0.5376130386419882	0.4623869613580119
N_LP.319	0.6403597939952697	0.3596402060047304
N_LP.32	0.6917269242630264	0.30827307573697366
N_LP.320	0.668797653643279	0.33120234635672097
N_LP.321	0.5455415686242402	0.45445843137575986
N_LP.322	0.0926933507096882	0.9073066492903118
N_LP.324	0.1445561365158089	0.8554438634841911
N_LP.325	0.5230326356751998	0.4769673643248003
N_LP.326	0.28821418706439184	0.7117858129356082
N_LP.327	0.11887394141169672	0.8811260585883033
N_LP.328	0.7403900495942064	0.25960995040579365
N_LP.329	0.2951617365377428	0.7048382634622572
N_LP.33	0.40878722137770807	0.5912127786222919
N_LP.330	0.21058248581715744	0.7894175141828426
N_LP.331	0.8224118408444528	0.17758815915554715
N_LP.332	0.2225924026934044	0.7774075973065956
N_LP.334	0.21501388739102978	0.7849861126089702
N_LP.335	0.9433000778794071	0.05669992212059297
N_LP.336	0.22520419541910164	0.7747958045808984
N_LP.337	0.22315558973838034	0.7768444102616197
N_LP.338	0.7990431171094947	0.20095688289050523
N_LP.339	0.6179140009004696	0.3820859990995304
N_LP.34	0.14904547920368116	0.8509545207963188
N_LP.340	0.4119186551484789	0.5880813448515211
N_LP.341	0.29161536215189154	0.7083846378481085
N_LP.342	0.5376291143500036	0.46237088564999645
N_LP.343	0.22972583066220653	0.7702741693377935
N_LP.344	0.30624513756463945	0.6937548624353606
N_LP.345	0.7071473478645898	0.2928526521354103
N_LP.347	0.4573238830922449	0.5426761169077551
N_LP.348	0.7702108784590529	0.2297891215409471
N_LP.349	0.03365626192207172	0.9663437380779283
N_LP.35	0.07001418055435804	0.929985819445642
N_LP.350	0.5855458539000571	0.41445414609994286
N_LP.351	0.04678083610313444	0.9532191638968656
N_LP.352	0.531197496120779	0.468802503879221
N_LP.353	0.3102394444510168	0.6897605555489832
N_LP.354	0.7564662300847573	0.24353376991524264
N_LP.355	0.3395795619401659	0.6604204380598341
N_LP.356	0.9062244656670698	0.09377553433293015
N_LP.357	0.2882839439831223	0.7117160560168777
N_LP.358	0.9231550466023438	0.07684495339765615
N_LP.359	0.7688110511194683	0.2311889488805317
N_LP.36	0.6780969817326055	0.3219030182673946
N_LP.360	0.3256179893392698	0.6743820106607302
N_LP.361	0.4578936723494892	0.5421063276505108
N_LP.362	0.23081462229092664	0.7691853777090734
N_LP.364	0.10171443153837567	0.8982855684616243
N_LP.365	0.2907589625806922	0.7092410374193078
N_LP.366	0.12946221748258446	0.8705377825174155
N_LP.367	0.4952171277121308	0.5047828722878692
N_LP.368	0.6695726413019822	0.3304273586980177
N_LP.369	0.8034340138235958	0.19656598617640414
N_LP.37	0.16902040133293217	0.8309795986670678
N_LP.370	0.4014274949903427	0.5985725050096573
N_LP.371	0.1745777195943894	0.8254222804056106
N_LP.372	0.19971071296942244	0.8002892870305776
N_LP.373	0.02785482784817317	0.9721451721518268
N_LP.374	0.09244242804616987	0.9075575719538301
N_LP.375	0.5964831375208824	0.40351686247911756
N_LP.376	0.1629047178169899	0.8370952821830101
N_LP.377	0.7407395569070867	0.2592604430929133
N_LP.378	0.3678627494833735	0.6321372505166265
N_LP.379	0.2261807333232776	0.7738192666767224
N_LP.38	0.35976978629781287	0.6402302137021871
N_LP.380	0.10006543941739876	0.8999345605826012
N_LP.381	0.4297835780470888	0.5702164219529112
N_LP.382	0.20410746878402775	0.7958925312159723
N_LP.383	0.01836693176655324	0.9816330682334468
N_LP.384	0.6790243483453673	0.32097565165463265
N_LP.385	0.7019765641636491	0.2980234358363509
N_LP.386	0.2764697871034686	0.7235302128965314
N_LP.387	0.13392259230354464	0.8660774076964554
N_LP.388	0.37011126051000864	0.6298887394899914
N_LP.389	0.09843608072386645	0.9015639192761336
N_LP.39	0.314228409672593	0.685771590327407
N_LP.390	0.22124668131254632	0.7787533186874537
N_LP.391	0.48503369353094017	0.5149663064690598
N_LP.392	0.904547296888933	0.095452703111067
N_LP.393	0.6510182536619373	0.34898174633806267
N_LP.394	0.8100489810464432	0.18995101895355684
N_LP.395	0.025165012298557388	0.9748349877014426
N_LP.396	0.02097135096982572	0.9790286490301743
N_LP.397	0.6220889823762045	0.37791101762379553
N_LP.398	0.5718364790494979	0.4281635209505021
N_LP.399	0.28907713545211833	0.7109228645478817
N_LP.4	0.3168098097324239	0.6831901902675761
N_LP.40	0.012502914064385418	0.9874970859356146
N_LP.400	0.18038795400552843	0.8196120459944716
N_LP.402	0.43624203185685917	0.5637579681431408
N_LP.404	0.11921568289982076	0.8807843171001792
N_LP.405	0.3928509909589841	0.6071490090410159
N_LP.406	0.5881684871853685	0.41183151281463143
N_LP.407	0.4846323813293184	0.5153676186706816
N_LP.408	0.3271170449419992	0.6728829550580008
N_LP.409	0.7804677022740323	0.21953229772596775
N_LP.41	0.5092968734377898	0.49070312656221016
N_LP.410	0.3801009817035963	0.6198990182964037
N_LP.411	0.26864264816637096	0.731357351833629
N_LP.412	0.21582048791857722	0.7841795120814228
N_LP.414	0.3782287375386507	0.6217712624613493
N_LP.415	0.029612700924911084	0.9703872990750889
N_LP.416	0.2953433922624249	0.7046566077375751
N_LP.417	0.164888988144114	0.835111011855886
N_LP.418	0.4426782265295094	0.5573217734704906
N_LP.419	0.5878528427580125	0.41214715724198747
N_LP.42	0.22089675374650997	0.77910324625349
N_LP.420	0.731851951417557	0.268148048582443
N_LP.421	0.278973653823707	0.721026346176293
N_LP.422	0.17894676133075993	0.8210532386692401
N_LP.423	0.8142525442880835	0.18574745571191648
N_LP.426	0.24285235670766547	0.7571476432923345
N_LP.427	0.3576501075417723	0.6423498924582277
N_LP.428	0.6641416799464671	0.3358583200535329
N_LP.429	0.21448694110565658	0.7855130588943434
N_LP.43	0.1210589861242034	0.8789410138757966
N_LP.430	0.5772719034870202	0.4227280965129799
N_LP.431	0.23431878942400675	0.7656812105759933
N_LP.432	0.17234284781267006	0.8276571521873299
N_LP.433	0.09821293636057749	0.9017870636394225
N_LP.434	0.11287542413914353	0.8871245758608565
N_LP.435	0.5116450210058214	0.4883549789941786
N_LP.436	0.2431330512670643	0.7568669487329357
N_LP.437	0.6451794229275869	0.35482057707241305
N_LP.438	0.5784994960897296	0.42150050391027033
N_LP.439	0.15742338750708185	0.8425766124929182
N_LP.44	0.32617796723895287	0.6738220327610471
N_LP.440	0.19255078469072195	0.807449215309278
N_LP.441	0.4876834953877588	0.5123165046122412
N_LP.442	0.8477686967161613	0.15223130328383874
N_LP.443	0.05669896912298844	0.9433010308770116
N_LP.444	0.30510904445363496	0.694890955546365
N_LP.445	0.4754824659786835	0.5245175340213165
N_LP.446	0.2562746741170965	0.7437253258829035
N_LP.447	0.35506131628657256	0.6449386837134274
N_LP.448	0.4959484968835557	0.5040515031164443
N_LP.45	0.5921238440795937	0.4078761559204062
N_LP.450	0.31616008330087353	0.6838399166991265
N_LP.452	0.7037411479053404	0.29625885209465963
N_LP.454	0.5424640584171576	0.45753594158284244
N_LP.455	0.5693643799320847	0.4306356200679154
N_LP.456	0.5001693817711724	0.4998306182288276
N_LP.457	0.6746594007403846	0.3253405992596155
N_LP.458	0.2692551036975015	0.7307448963024985
N_LP.459	0.12230214796780536	0.8776978520321946
N_LP.46	0.03579369794808973	0.9642063020519103
N_LP.461	0.8802341029531225	0.11976589704687744
N_LP.463	0.400872448639525	0.599127551360475
N_LP.464	0.4917941765843459	0.5082058234156541
N_LP.465	0.4152998183174318	0.5847001816825682
N_LP.466	0.6280339131505679	0.37196608684943205
N_LP.467	0.37887394791734064	0.6211260520826594
N_LP.468	0.572150129492678	0.42784987050732204
N_LP.469	0.44118691349144246	0.5588130865085575
N_LP.47	0.2954183550608297	0.7045816449391703
N_LP.470	0.697050975044154	0.3029490249558459
N_LP.471	0.6209792289774083	0.3790207710225917
N_LP.472	0.7698141672207065	0.23018583277929353
N_LP.473	0.11929571240209991	0.8807042875979001
N_LP.474	0.5191503190236599	0.48084968097634
N_LP.476	0.37875366974968105	0.621246330250319
N_LP.477	0.6164370715676873	0.38356292843231266
N_LP.479	0.28932345508769375	0.7106765449123063
N_LP.48	0.7123106845443573	0.2876893154556427
N_LP.480	0.3113970743329113	0.6886029256670887
N_LP.482	0.057102514895141954	0.942897485104858
N_LP.483	0.6829531122382531	0.317046887761747
N_LP.485	0.41705846065607566	0.5829415393439243
N_LP.486	0.10525535770712591	0.8947446422928741
N_LP.487	0.21772906454202845	0.7822709354579716
N_LP.488	0.2851272357310165	0.7148727642689835
N_LP.489	0.6510256367061931	0.3489743632938069
N_LP.49	0.5368363884906291	0.46316361150937096
N_LP.490	0.3628079858923533	0.6371920141076467
N_LP.491	0.33613105633845985	0.6638689436615401
N_LP.492	0.0743072376372722	0.9256927623627278
N_LP.493	0.8349340206716097	0.16506597932839032
N_LP.494	0.5549505963098873	0.44504940369011275
N_LP.495	0.2467615863142486	0.7532384136857514
N_LP.496	0.5412034969880226	0.4587965030119774
N_LP.497	0.8342215223876772	0.1657784776123228
N_LP.498	0.1124030133257049	0.8875969866742951
N_LP.499	0.08399881842805279	0.9160011815719472
N_LP.5	0.5890793678869948	0.4109206321130052
N_LP.50	0.33647779370780595	0.663522206292194
N_LP.500	0.2565514378340228	0.7434485621659772
N_LP.501	0.33997578624406144	0.6600242137559386
N_LP.502	0.4318116234721545	0.5681883765278455
N_LP.503	0.31928639920220137	0.6807136007977986
N_LP.504	0.32296553952098817	0.6770344604790118
N_LP.505	0.6806015728561199	0.31939842714388006
N_LP.506	0.29710284041626056	0.7028971595837394
N_LP.507	0.196937927662455	0.803062072337545
N_LP.508	0.4077307097879319	0.5922692902120681
N_LP.509	0.2751071224513112	0.7248928775486888
N_LP.51	0.8349795108306393	0.1650204891693607
N_LP.510	0.43453193522791433	0.5654680647720857
N_LP.511	0.21362172680922453	0.7863782731907755
N_LP.512	0.35888979926136133	0.6411102007386387
N_LP.513	0.41239533104444714	0.5876046689555529
N_LP.514	0.5237461650112429	0.476253834988757
N_LP.515	0.26110335178205524	0.7388966482179448
N_LP.516	0.06409495074569393	0.9359050492543061
N_LP.517	0.5392549467166573	0.4607450532833427
N_LP.518	0.3700736681082656	0.6299263318917344
N_LP.519	0.7390874980844577	0.26091250191554227
N_LP.52	0.11008827951207101	0.889911720487929
N_LP.520	0.94374017325899	0.056259826741009995
N_LP.521	0.1870720316606469	0.8129279683393531
N_LP.522	0.6202588820540238	0.3797411179459762
N_LP.523	0.034160071426041605	0.9658399285739584
N_LP.524	0.6862661897739142	0.31373381022608576
N_LP.525	0.049788865389507775	0.9502111346104922
N_LP.526	0.5112850579458641	0.48871494205413585
N_LP.527	0.6040615147102004	0.39593848528979964
N_LP.528	0.5730557306768251	0.4269442693231748
N_LP.529	0.24279544787765994	0.7572045521223401
N_LP.53	0.7235470811658309	0.2764529188341691
N_LP.530	0.04919579454640899	0.950804205453591
N_LP.531	0.4144590444161176	0.5855409555838824
N_LP.533	0.2571535284770262	0.7428464715229738
N_LP.534	0.6465867149668545	0.3534132850331455
N_LP.535	0.5577913268101239	0.4422086731898761
N_LP.536	0.6605083083811674	0.3394916916188327
N_LP.537	0.08611500551214046	0.9138849944878595
N_LP.539	0.44928307846462323	0.5507169215353768
N_LP.54	0.6678398956208854	0.3321601043791146
N_LP.540	0.22804308385826522	0.7719569161417348
N_LP.542	0.3922429904599648	0.6077570095400352
N_LP.543	0.8854606727169376	0.11453932728306242
N_LP.544	0.05272296589564873	0.9472770341043513
N_LP.545	0.17973180956673862	0.8202681904332614
N_LP.546	0.3327079003173027	0.6672920996826973
N_LP.547	0.2721902367819935	0.7278097632180065
N_LP.548	0.2747793109648976	0.7252206890351024
N_LP.549	0.12341548684717107	0.8765845131528289
N_LP.55	0.6810397388465381	0.31896026115346193
N_LP.550	0.5419089802875083	0.4580910197124916
N_LP.551	0.758372572597868	0.24162742740213197
N_LP.552	0.3736726540394668	0.6263273459605332
N_LP.553	0.42494558125180215	0.5750544187481978
N_LP.554	0.7509191980423355	0.24908080195766444
N_LP.555	0.10043015250264409	0.8995698474973559
N_LP.556	0.8400918033640873	0.15990819663591274
N_LP.558	0.22670175354749622	0.7732982464525038
N_LP.559	0.539562863840839	0.46043713615916104
N_LP.56	0.17004742969379139	0.8299525703062086
N_LP.560	0.362154801340153	0.637845198659847
N_LP.561	0.2021348531309859	0.7978651468690141
N_LP.562	0.22064319174321623	0.7793568082567838
N_LP.565	0.7159493466540241	0.2840506533459759
N_LP.566	0.66306726723574	0.33693273276426
N_LP.567	0.33788016704258683	0.6621198329574132
N_LP.568	0.7967774705595563	0.2032225294404437
N_LP.57	0.7370340234470543	0.2629659765529457
N_LP.570	0.6197816255147278	0.3802183744852722
N_LP.571	0.38323149760799735	0.6167685023920026
N_LP.572	0.41207544315338573	0.5879245568466143
N_LP.573	0.8478247260362269	0.1521752739637731
N_LP.574	0.29571201833245264	0.7042879816675474
N_LP.576	0.44918166161106887	0.5508183383889311
N_LP.577	0.34878739664180003	0.6512126033582
N_LP.578	0.26148069323524603	0.738519306764754
N_LP.579	0.32313131662035943	0.6768686833796406
N_LP.58	0.28051664885412453	0.7194833511458755
N_LP.580	0.6005160391331523	0.3994839608668477
N_LP.581	0.5053973696103773	0.49460263038962277
N_LP.582	0.21576795816302996	0.78423204183697
N_LP.583	0.10550014906762362	0.8944998509323764
N_LP.584	0.06341114919565982	0.9365888508043402
N_LP.585	0.07647446261744795	0.923525537382552
N_LP.586	0.1514276545431249	0.8485723454568751
N_LP.587	0.0659036066492592	0.9340963933507408
N_LP.588	0.21211550619907305	0.787884493800927
N_LP.59	0.47481190779614	0.52518809220386
N_LP.590	0.45384815863650685	0.5461518413634932
N_LP.591	0.6992103534705654	0.3007896465294347
N_LP.592	0.14593735630728544	0.8540626436927146
N_LP.593	0.6518011007443334	0.34819889925566655
N_LP.594	0.10400229334075373	0.8959977066592463
N_LP.595	0.5273646652614103	0.47263533473858965
N_LP.596	0.3351880884935784	0.6648119115064216
N_LP.597	0.5356226599867934	0.46437734001320663
N_LP.598	0.24098671605742383	0.7590132839425762
N_LP.599	0.08470224037491547	0.9152977596250845
N_LP.6	0.5070649300706508	0.4929350699293492
N_LP.600	0.4235043126071373	0.5764956873928627
N_LP.601	0.8449024849796805	0.15509751502031954
N_LP.602	0.7293807672794048	0.27061923272059524
N_LP.603	0.24139744079540915	0.7586025592045909
N_LP.604	0.7188122166321009	0.2811877833678991
N_LP.605	0.051685903629272945	0.948314096370727
N_LP.606	0.468816840202525	0.531183159797475
N_LP.607	0.46179787533875016	0.5382021246612498
N_LP.608	0.42164941595419336	0.5783505840458066
N_LP.609	0.10308956643766365	0.8969104335623364
N_LP.61	0.004265462633490147	0.9957345373665099
N_LP.610	0.38984213794514144	0.6101578620548586
N_LP.611	0.3523441765768184	0.6476558234231816
N_LP.612	0.40905170049593187	0.5909482995040681
N_LP.613	0.3031956919797263	0.6968043080202737
N_LP.614	0.15936481716321838	0.8406351828367816
N_LP.615	0.9172462312151115	0.08275376878488855
N_LP.616	0.6074341377784443	0.39256586222155565
N_LP.617	0.23078008276142892	0.7692199172385711
N_LP.619	0.16173973929835128	0.8382602607016487
N_LP.62	0.43981324488663653	0.5601867551133635
N_LP.620	0.03113146216137097	0.968868537838629
N_LP.621	0.29645538786722136	0.7035446121327786
N_LP.622	0.12217722911180828	0.8778227708881917
N_LP.623	0.5805988346242931	0.41940116537570693
N_LP.624	0.05466014459424695	0.945339855405753
N_LP.625	0.5224583351064911	0.4775416648935089
N_LP.626	0.29444587491696284	0.7055541250830372
N_LP.627	0.8598341266273131	0.1401658733726869
N_LP.628	0.5210057182946443	0.47899428170535574
N_LP.63	0.4323362168818067	0.5676637831181933
N_LP.630	0.1318758899218676	0.8681241100781324
N_LP.631	0.24983625111694874	0.7501637488830513
N_LP.632	0.44466991138911127	0.5553300886108887
N_LP.633	0.9441038077792083	0.0558961922207917
N_LP.634	0.42241235679521694	0.5775876432047831
N_LP.636	0.1471624901900408	0.8528375098099592
N_LP.638	0.0715108293976795	0.9284891706023205
N_LP.639	0.7801831769226263	0.2198168230773737
N_LP.64	0.905536977943768	0.09446302205623204
N_LP.640	0.07267771683403623	0.9273222831659638
N_LP.641	0.3057479917980188	0.6942520082019812
N_LP.642	0.7840288463002097	0.21597115369979025
N_LP.643	0.4588550283596209	0.5411449716403791
N_LP.646	0.2557314164013599	0.7442685835986401
N_LP.647	0.07970968856969363	0.9202903114303064
N_LP.648	0.5681631624998551	0.43183683750014495
N_LP.649	0.3693484333273601	0.6306515666726399
N_LP.65	0.2161904546456287	0.7838095453543713
N_LP.650	0.3662119486493244	0.6337880513506756
N_LP.651	0.6945718179199305	0.3054281820800695
N_LP.652	0.15138894534154557	0.8486110546584544
N_LP.653	0.31826560732071474	0.6817343926792853
N_LP.654	0.2700000864074703	0.7299999135925297
N_LP.655	0.8706932720589565	0.12930672794104345
N_LP.656	0.17455050556879803	0.825449494431202
N_LP.657	0.07355648887238786	0.9264435111276121
N_LP.658	0.2723420857000116	0.7276579142999884
N_LP.66	0.25838895489464964	0.7416110451053504
N_LP.660	0.42522636967811733	0.5747736303218827
N_LP.661	0.16880886187754718	0.8311911381224528
N_LP.662	0.1094198325953959	0.8905801674046041
N_LP.663	0.3181635255256463	0.6818364744743537
N_LP.664	0.8234398562288748	0.17656014377112514
N_LP.665	0.27122899223404573	0.7287710077659543
N_LP.666	0.241310984125516	0.758689015874484
N_LP.667	0.09563327720160664	0.9043667227983934
N_LP.668	0.28139602335604974	0.7186039766439503
N_LP.669	0.3679218864457451	0.6320781135542549
N_LP.67	0.6270740349265893	0.37292596507341064
N_LP.670	0.6542581384045092	0.34574186159549086
N_LP.671	0.5307144244713022	0.46928557552869776
N_LP.672	0.3199522109746189	0.6800477890253811
N_LP.673	0.472662425970106	0.527337574029894
N_LP.674	0.035035460050824696	0.9649645399491753
N_LP.675	0.5779731819029464	0.42202681809705356
N_LP.676	0.6890982733749198	0.3109017266250802
N_LP.677	0.8095495415895884	0.19045045841041167
N_LP.678	0.0460193717204852	0.9539806282795148
N_LP.679	0.367211795199173	0.632788204800827
N_LP.68	0.3605633276090793	0.6394366723909207
N_LP.681	0.47447652803726614	0.5255234719627339
N_LP.682	0.2896059582037258	0.7103940417962742
N_LP.683	0.22717878510159772	0.7728212148984023
N_LP.685	0.2282105534275196	0.7717894465724804
N_LP.686	0.7746600133655432	0.2253399866344567
N_LP.687	0.5268941973961665	0.47310580260383345
N_LP.688	0.9123998182828487	0.08760018171715131
N_LP.689	0.46981220387121303	0.530187796128787
N_LP.69	0.4410873442608536	0.5589126557391464
N_LP.690	0.38795022950225166	0.6120497704977483
N_LP.691	0.2768269768098911	0.7231730231901089
N_LP.693	0.6048031310394502	0.3951968689605498
N_LP.694	0.35280212377213716	0.6471978762278628
N_LP.695	0.6305054718652963	0.36949452813470374
N_LP.696	0.6866474826305418	0.3133525173694582
N_LP.697	0.19318018080184463	0.8068198191981554
N_LP.698	0.43540168515594135	0.5645983148440586
N_LP.699	0.13281551471397812	0.8671844852860219
N_LP.7	0.5393196433724048	0.46068035662759527
N_LP.70	0.2402305131603194	0.7597694868396806
N_LP.700	0.1278752350306659	0.8721247649693341
N_LP.701	0.6108779564435959	0.3891220435564041
N_LP.703	0.1448540204669685	0.8551459795330315
N_LP.704	0.2066591419225562	0.7933408580774438
N_LP.705	0.07723874648603335	0.9227612535139667
N_LP.707	0.9606005068816538	0.039399493118346195
N_LP.709	0.33998873829078746	0.6600112617092125
N_LP.71	0.4329686087864635	0.5670313912135365
N_LP.710	0.2413569647014313	0.7586430352985687
N_LP.711	0.5910654888071336	0.4089345111928664
N_LP.712	0.6321057928151983	0.3678942071848017
N_LP.713	0.8553294617095359	0.14467053829046406
N_LP.714	0.23390025986955165	0.7660997401304483
N_LP.715	0.681458811728898	0.31854118827110206
N_LP.716	0.37274956573106244	0.6272504342689376
N_LP.717	0.5119276310002443	0.4880723689997557
N_LP.718	0.43893617879250935	0.5610638212074907
N_LP.719	0.2436589941329783	0.7563410058670217
N_LP.72	0.8308806666708226	0.1691193333291774
N_LP.721	0.33350435977405546	0.6664956402259445
N_LP.722	0.30537677755502046	0.6946232224449795
N_LP.723	0.09251442262095144	0.9074855773790486
N_LP.724	0.19014270063407912	0.8098572993659209
N_LP.725	0.3905139465081191	0.6094860534918809
N_LP.726	0.12439316357988384	0.8756068364201162
N_LP.727	0.08403070726652817	0.9159692927334718
N_LP.728	0.4231340225623397	0.5768659774376603
N_LP.729	0.5702309510463416	0.4297690489536584
N_LP.73	0.12593179111658037	0.8740682088834196
N_LP.730	0.39249395509194895	0.607506044908051
N_LP.731	0.06415708343599402	0.935842916564006
N_LP.732	0.12109458783461335	0.8789054121653866
N_LP.733	0.7472770568042024	0.2527229431957975
N_LP.735	0.0564111048765874	0.9435888951234126
N_LP.736	0.6869554379441467	0.3130445620558533
N_LP.737	0.39864535165753956	0.6013546483424604
N_LP.739	0.600723302700526	0.399276697299474
N_LP.74	0.682052954124422	0.317947045875578
N_LP.741	0.13063015201944173	0.8693698479805583
N_LP.742	0.577558134764161	0.42244186523583904
N_LP.743	0.0819576875810204	0.9180423124189796
N_LP.744	0.8539610796991729	0.14603892030082713
N_LP.745	0.10104858053465271	0.8989514194653473
N_LP.746	0.0939498633755318	0.9060501366244682
N_LP.747	0.15848076400074096	0.841519235999259
N_LP.748	0.8649223235419002	0.1350776764580998
N_LP.749	0.8384233663921502	0.16157663360784977
N_LP.75	0.3644345740372096	0.6355654259627904
N_LP.750	0.6073225165465783	0.3926774834534216
N_LP.751	0.6576688406002884	0.34233115939971165
N_LP.752	0.6194377817932797	0.38056221820672037
N_LP.753	0.1378241196833908	0.8621758803166092
N_LP.754	0.9186528472659834	0.08134715273401658
N_LP.755	0.6196230614056931	0.3803769385943069
N_LP.756	0.06380308018888414	0.9361969198111159
N_LP.757	0.5318150988323992	0.4681849011676008
N_LP.758	0.1089100287235073	0.8910899712764927
N_LP.759	0.6641465669046316	0.3358534330953684
N_LP.760	0.36566993517238144	0.6343300648276186
N_LP.761	0.34698030686680315	0.6530196931331969
N_LP.762	0.811005412917652	0.1889945870823479
N_LP.763	0.8262174785612274	0.17378252143877257
N_LP.765	0.1073478960740688	0.8926521039259312
N_LP.766	0.3427969757588414	0.6572030242411586
N_LP.767	0.13212200677418395	0.867877993225816
N_LP.768	0.29634324603083195	0.703656753969168
N_LP.769	0.3228662928471099	0.6771337071528901
N_LP.77	0.27895282586641157	0.7210471741335884
N_LP.770	0.49544792342415267	0.5045520765758473
N_LP.771	0.940596405194787	0.059403594805212935
N_LP.772	0.3988527153388749	0.6011472846611251
N_LP.773	0.6458552603003682	0.3541447396996318
N_LP.774	0.4588507611157392	0.5411492388842608
N_LP.775	0.9511319776963435	0.04886802230365652
N_LP.776	0.48153864166778326	0.5184613583322167
N_LP.777	0.19856896562897108	0.8014310343710289
N_LP.778	0.8294333249817605	0.17056667501823955
N_LP.779	0.7756696989981411	0.22433030100185897
N_LP.78	0.20876223433437113	0.7912377656656289
N_LP.780	0.6879625764835067	0.3120374235164934
N_LP.781	0.01970099774192202	0.980299002258078
N_LP.782	0.45214087267384884	0.5478591273261512
N_LP.783	0.32485744853635534	0.6751425514636447
N_LP.784	0.13081083319891929	0.8691891668010807
N_LP.785	0.619723988077305	0.380276011922695
N_LP.786	0.3902647157064615	0.6097352842935385
N_LP.787	0.74246878877202	0.2575312112279799
N_LP.788	0.09642085968850456	0.9035791403114954
N_LP.789	0.8374624685855806	0.16253753141441937
N_LP.79	0.031083675085567863	0.9689163249144321
N_LP.790	0.08843437297365286	0.9115656270263471
N_LP.792	0.12817225930486575	0.8718277406951342
N_LP.793	0.09285209462878652	0.9071479053712135
N_LP.794	0.2515725780861898	0.7484274219138102
N_LP.795	0.5488455667559604	0.45115443324403964
N_LP.796	0.21725241606107004	0.78274758393893
N_LP.797	0.36118316388987237	0.6388168361101276
N_LP.798	0.11164952036939257	0.8883504796306074
N_LP.799	0.34047942801688147	0.6595205719831185
N_LP.8	0.24626904624699242	0.7537309537530076
N_LP.80	0.48546275097851366	0.5145372490214863
N_LP.800	0.0848227733568796	0.9151772266431204
N_LP.802	0.8468669009308094	0.15313309906919056
N_LP.803	0.7088663227777663	0.29113367722223377
N_LP.804	0.9381866270644895	0.061813372935510494
N_LP.805	0.5684184258598388	0.43158157414016113
N_LP.806	0.6158170415161697	0.38418295848383033
N_LP.807	0.8142949857816786	0.1857050142183214
N_LP.809	0.32081495165160534	0.6791850483483947
N_LP.81	0.15463736042437803	0.845362639575622
N_LP.811	0.7674161716141539	0.23258382838584613
N_LP.812	0.20740200816818932	0.7925979918318107
N_LP.814	0.6686864787004952	0.33131352129950475
N_LP.815	0.6960432460237929	0.30395675397620714
N_LP.816	0.6649011159728171	0.33509888402718285
N_LP.817	0.06836151245522959	0.9316384875447704
N_LP.818	0.44650557163031046	0.5534944283696895
N_LP.819	0.5571383186064451	0.44286168139355486
N_LP.82	0.21776489905041108	0.7822351009495889
N_LP.820	0.492252525312184	0.507747474687816
N_LP.821	0.050636387034592056	0.9493636129654079
N_LP.822	0.05216502561810732	0.9478349743818927
N_LP.823	0.25713508446554556	0.7428649155344544
N_LP.824	0.5025894964637765	0.4974105035362235
N_LP.825	0.18652452688310028	0.8134754731168997
N_LP.826	0.38808458200685614	0.6119154179931439
N_LP.827	0.42556877213944433	0.5744312278605557
N_LP.828	0.2590211609645696	0.7409788390354304
N_LP.829	0.29693885173754886	0.7030611482624511
N_LP.830	0.7756770984020457	0.2243229015979543
N_LP.831	0.2631839989030764	0.7368160010969236
N_LP.832	0.24188184081489916	0.7581181591851008
N_LP.833	0.6426679535171996	0.35733204648280037
N_LP.834	0.24272204754714444	0.7572779524528556
N_LP.835	0.8304933161925555	0.1695066838074445
N_LP.836	0.10010693830618111	0.8998930616938189
N_LP.838	0.1258336739198357	0.8741663260801643
N_LP.839	0.22974971468036665	0.7702502853196334
N_LP.84	0.7062553034873317	0.2937446965126683
N_LP.841	0.09154383708464153	0.9084561629153585
N_LP.842	0.17584241418734337	0.8241575858126566
N_LP.844	0.0495031487924118	0.9504968512075882
N_LP.845	0.2632953453459236	0.7367046546540764
N_LP.846	0.6180402554499136	0.38195974455008636
N_LP.847	0.1685318969574009	0.8314681030425991
N_LP.849	0.1477937460927533	0.8522062539072467
N_LP.85	0.7878737385461624	0.21212626145383762
N_LP.851	0.2733476254910193	0.7266523745089807
N_LP.852	0.6231652537119797	0.3768347462880203
N_LP.853	0.190073535331874	0.809926464668126
N_LP.854	0.10013535621064606	0.8998646437893539
N_LP.855	0.9161638083422182	0.08383619165778178
N_LP.856	0.08615823580662907	0.9138417641933709
N_LP.857	0.6360331651840128	0.36396683481598724
N_LP.858	0.5241172517214434	0.47588274827855664
N_LP.859	0.15965468021890838	0.8403453197810916
N_LP.86	0.41185653776936626	0.5881434622306337
N_LP.860	0.6204564293123054	0.3795435706876946
N_LP.861	0.47844152550972063	0.5215584744902794
N_LP.862	0.0466308022998021	0.9533691977001979
N_LP.863	0.3312493001309109	0.6687506998690891
N_LP.864	0.14865452440886728	0.8513454755911327
N_LP.866	0.9311529374541214	0.06884706254587858
N_LP.867	0.14328376327507286	0.8567162367249271
N_LP.868	0.38595939740265917	0.6140406025973408
N_LP.869	0.5897246344609413	0.41027536553905875
N_LP.87	0.268140615900369	0.731859384099631
N_LP.870	0.15665851462438352	0.8433414853756165
N_LP.871	0.055060878083942666	0.9449391219160573
N_LP.872	0.5594005912427973	0.4405994087572027
N_LP.873	0.693703497763946	0.306296502236054
N_LP.874	0.3665586818436576	0.6334413181563424
N_LP.875	0.4746409671191819	0.5253590328808181
N_LP.876	0.7667178537662935	0.23328214623370647
N_LP.877	0.08015438344349302	0.919845616556507
N_LP.878	0.16905248587525257	0.8309475141247474
N_LP.879	0.03470249808424897	0.965297501915751
N_LP.88	0.6801107674800233	0.31988923251997675
N_LP.880	0.20166947585126616	0.7983305241487338
N_LP.881	0.5348373385542161	0.4651626614457839
N_LP.882	0.47888143458751853	0.5211185654124815
N_LP.883	0.2473269301430634	0.7526730698569366
N_LP.884	0.929960224156373	0.07003977584362699
N_LP.885	0.7258842903407667	0.27411570965923326
N_LP.886	0.16169563361656147	0.8383043663834385
N_LP.887	0.12309739781095785	0.8769026021890421
N_LP.888	0.6778923589647996	0.32210764103520034
N_LP.889	0.467227027746827	0.532772972253173
N_LP.89	0.6863098443074656	0.3136901556925344
N_LP.890	0.6751398328080276	0.32486016719197236
N_LP.891	0.22846855779402808	0.7715314422059719
N_LP.892	0.09422801940066905	0.905771980599331
N_LP.893	0.2991587143886515	0.7008412856113485
N_LP.894	0.6409188106240796	0.3590811893759204
N_LP.895	0.3599018425449394	0.6400981574550606
N_LP.896	0.5049960064287458	0.4950039935712542
N_LP.897	0.32124125260321934	0.6787587473967807
N_LP.898	0.716386589864167	0.28361341013583297
N_LP.899	0.08300660771795088	0.9169933922820491
N_LP.9	0.18785170213051616	0.8121482978694838
N_LP.90	0.3491888152116158	0.6508111847883842
N_LP.900	0.12680101114510367	0.8731989888548963
N_LP.901	0.31361114274283086	0.6863888572571691
N_LP.902	0.5203189774652117	0.47968102253478834
N_LP.903	0.2194430096122496	0.7805569903877504
N_LP.904	0.7463597155662401	0.25364028443375985
N_LP.905	0.5233793023834785	0.4766206976165215
N_LP.906	0.21520604929583886	0.7847939507041611
N_LP.907	0.5426449860599751	0.45735501394002487
N_LP.908	0.3805424527409601	0.6194575472590399
N_LP.909	0.09326339947033635	0.9067366005296636
N_LP.91	0.5916222506176062	0.4083777493823938
N_LP.910	0.2884252127062241	0.7115747872937759
N_LP.911	0.06007084305719468	0.9399291569428053
N_LP.912	0.4033842032323074	0.5966157967676926
N_LP.913	0.41021652815441734	0.5897834718455827
N_LP.914	0.7069957048949671	0.2930042951050329
N_LP.915	0.4266260604843135	0.5733739395156865
N_LP.916	0.7235485038893297	0.27645149611067027
N_LP.917	0.8220812768243504	0.17791872317564955
N_LP.918	0.05497678694933228	0.9450232130506677
N_LP.919	0.08502785786117928	0.9149721421388207
N_LP.92	0.28569127400176575	0.7143087259982343
N_LP.920	0.21751221744349603	0.782487782556504
N_LP.921	0.5077687568712169	0.4922312431287831
N_LP.922	0.019203866231883526	0.9807961337681165
N_LP.923	0.132422514072413	0.867577485927587
N_LP.924	0.16065483507062528	0.8393451649293747
N_LP.925	0.8402030635851769	0.1597969364148231
N_LP.926	0.20637735080640263	0.7936226491935974
N_LP.927	0.177792245006401	0.822207754993599
N_LP.928	0.2760883018856054	0.7239116981143946
N_LP.929	0.09016490562410584	0.9098350943758942
N_LP.93	0.8449069210275368	0.15509307897246316
N_LP.930	0.17299952438478394	0.8270004756152161
N_LP.931	0.6807172594779574	0.3192827405220427
N_LP.933	0.4780519065710399	0.5219480934289601
N_LP.934	0.5521499204441774	0.44785007955582257
N_LP.936	0.6616801240641741	0.33831987593582596
N_LP.937	0.23081532101831392	0.7691846789816861
N_LP.938	0.12830529086435094	0.8716947091356491
N_LP.939	0.3985923778482454	0.6014076221517546
N_LP.94	0.14925587365328585	0.8507441263467141
N_LP.940	0.18771245620443977	0.8122875437955602
N_LP.941	0.17045127810452687	0.8295487218954731
N_LP.942	0.4466630698318117	0.5533369301681883
N_LP.943	0.6184338330165065	0.3815661669834935
N_LP.944	0.2402945232921596	0.7597054767078404
N_LP.945	0.7610439223777095	0.23895607762229054
N_LP.946	0.5932460507049719	0.4067539492950281
N_LP.947	0.6611270216437831	0.3388729783562169
N_LP.948	0.48268545985833444	0.5173145401416656
N_LP.949	0.6325717375721951	0.36742826242780485
N_LP.95	0.1434047508422014	0.8565952491577986
N_LP.950	0.059577012078047775	0.9404229879219522
N_LP.951	0.6787448398046274	0.32125516019537254
N_LP.952	0.16987220867523967	0.8301277913247603
N_LP.953	0.8754131104248897	0.12458688957511031
N_LP.954	0.21777985467288052	0.7822201453271195
N_LP.955	0.6248949184611196	0.37510508153888045
N_LP.956	0.5955174501124264	0.4044825498875736
N_LP.957	0.9138884303821221	0.0861115696178779
N_LP.958	0.746542138369007	0.25345786163099304
N_LP.959	0.07165108529921405	0.928348914700786
N_LP.96	0.4937350281443337	0.5062649718556663
N_LP.960	0.24884389127055817	0.7511561087294418
N_LP.961	0.6192337154054951	0.3807662845945049
N_LP.963	0.06721658637593031	0.9327834136240697
N_LP.964	0.6639173953389454	0.33608260466105455
N_LP.965	0.9437989374749691	0.05620106252503083
N_LP.966	0.13966246072890143	0.8603375392710986
N_LP.967	0.16909100934585275	0.8309089906541473
N_LP.969	0.0379792653617711	0.9620207346382289
N_LP.970	0.15812609840766478	0.8418739015923352
N_LP.971	0.788015749778021	0.21198425022197895
N_LP.972	0.9762641296021515	0.023735870397848524
N_LP.973	0.5626916798429791	0.43730832015702087
N_LP.974	0.28280247170834816	0.7171975282916518
N_LP.975	0.3214943879920683	0.6785056120079317
N_LP.976	0.9029361907188467	0.09706380928115331
N_LP.977	0.7883916439311501	0.21160835606884987
N_LP.978	0.16762324326433664	0.8323767567356634
N_LP.979	0.10136544796790581	0.8986345520320942
N_LP.98	0.6475500068162173	0.3524499931837827
N_LP.980	0.7668208996987913	0.23317910030120875
N_LP.981	0.8520742222531086	0.14792577774689136
N_LP.982	0.38238209731197514	0.6176179026880249
N_LP.983	0.4676474958551935	0.5323525041448065
N_LP.984	0.23342714409637788	0.7665728559036221
N_LP.985	0.2191111841814768	0.7808888158185232
N_LP.986	0.458686950454008	0.541313049545992
N_LP.987	0.5131976439690698	0.4868023560309302
N_LP.988	0.5694124656284945	0.4305875343715055
N_LP.989	0.19362208810603565	0.8063779118939643
N_LP.99	0.06354510524614854	0.9364548947538515
N_LP.990	0.27987604187422666	0.7201239581257733
N_LP.991	0.06612170050657751	0.9338782994934225
N_LP.992	0.08360439809031173	0.9163956019096883
N_LP.993	0.30285597932893016	0.6971440206710698
N_LP.994	0.6928998798957677	0.3071001201042322
N_LP.995	0.09050051901867762	0.9094994809813224
N_LP.996	0.17245910643441453	0.8275408935655855
N_LP.997	0.4653100364226943	0.5346899635773057
N_LP.998	0.2583136407289026	0.7416863592710974
N_LP.999	0.16408568777491694	0.8359143122250831
N_LP.103	0.06660964876609754	0.9333903512339025
N_LP.1036	0.4929538299354881	0.5070461700645119
N_LP.1049	0.7006823940851286	0.29931760591487144
N_LP.1102	0.49204887189660085	0.5079511281033992
N_LP.1111	0.9096482644894562	0.09035173551054372
N_LP.1156	0.35378933297165216	0.6462106670283478
N_LP.1233	0.4943717346203793	0.5056282653796207
N_LP.1250	0.11486843543980285	0.8851315645601971
N_LP.1287	0.2041952761069854	0.7958047238930146
N_LP.1436	0.6837510491820952	0.31624895081790483
N_LP.1439	0.8917376697507284	0.10826233024927157
N_LP.1588	0.4169476817417831	0.5830523182582169
N_LP.1656	0.1705420307176445	0.8294579692823555
N_LP.1691	0.27107571144870957	0.7289242885512904
N_LP.1753	0.14293553658913782	0.8570644634108622
N_LP.1852	0.4519980898442121	0.5480019101557879
N_LP.2000	0.2736456031403992	0.7263543968596008
N_LP.2098	0.10854369750250703	0.891456302497493
N_LP.2136	0.3457931154258067	0.6542068845741933
N_LP.216	0.3082179943619896	0.6917820056380104
N_LP.2239	0.35549106913391604	0.644508930866084
N_LP.2296	0.5991856939800103	0.4008143060199897
N_LP.2369	0.8039888248472624	0.19601117515273753
N_LP.2382	0.7325754558895796	0.2674245441104203
N_LP.2390	0.254117212415927	0.745882787584073
N_LP.2401	0.7884666267913278	0.21153337320867213
N_LP.2408	0.6573055174439	0.34269448255609997
N_LP.2409	0.24677413562152273	0.7532258643784773
N_LP.261	0.7350172543229115	0.26498274567708846
N_LP.289	0.04327207807051536	0.9567279219294846
N_LP.297	0.841971717698019	0.1580282823019809
N_LP.314	0.7780712098789625	0.22192879012103753
N_LP.346	0.9211385355613132	0.07886146443868683
N_LP.449	0.3541495509345801	0.6458504490654199
N_LP.557	0.1421641902926083	0.8578358097073917
N_LP.569	0.07112800397646302	0.928871996023537
N_LP.635	0.6474674452364182	0.35253255476358175
N_LP.637	0.08918084668439885	0.9108191533156011
N_LP.645	0.2687163229674341	0.7312836770325659
N_LP.659	0.0547465016020372	0.9452534983979628
N_LP.692	0.6622166422172501	0.3377833577827499
N_LP.708	0.555752493806377	0.44424750619362297
N_LP.764	0.3294856276719915	0.6705143723280085
N_LP.791	0.37403685628139194	0.6259631437186081
N_LP.837	0.2792688551859204	0.7207311448140796
N_LP.843	0.11018016387772545	0.8898198361222746
N_LP.962	0.2990907996897597	0.7009092003102403
N_LP.1047	0.8365302642377948	0.1634697357622053
N_LP.1086	0.5194885018753694	0.4805114981246305
N_LP.1251	0.398465813530414	0.601534186469586
N_LP.1275	0.8705478044054513	0.12945219559454874
N_LP.1382	0.7367231927945923	0.26327680720540764
N_LP.1399	0.8231370395542623	0.17686296044573774
N_LP.1454	0.4311319480802278	0.5688680519197722
N_LP.165	0.10960228817012019	0.8903977118298798
N_LP.1732	0.5757808586462256	0.42421914135377436
N_LP.1910	0.8331915939517361	0.16680840604826386
N_LP.475	0.8017180335210745	0.19828196647892554
N_LP.484	0.3863839602988737	0.6136160397011263
N_LP.810	0.6298246210232361	0.3701753789767639
N_LP.865	0.2576897898770688	0.7423102101229312
N_LP.97	0.5760833860582271	0.42391661394177294
N_LP.1000	0.762882763971328	0.2371172360286719
N_LP.1008	0.6702095987654944	0.3297904012345056
N_LP.1027	0.3962963688221294	0.6037036311778706
N_LP.1030	0.6948986022939012	0.30510139770609873
N_LP.1048	0.5653283657993102	0.4346716342006898
N_LP.1088	0.8854397520613493	0.11456024793865069
N_LP.1223	0.8697914241490794	0.13020857585092055
N_LP.1230	0.9686576812501524	0.03134231874984757
N_LP.1390	0.541920022660945	0.45807997733905503
N_LP.1409	0.8838988611477323	0.11610113885226775
N_LP.1464	0.8423124161532293	0.15768758384677076
N_LP.1522	0.677593464179197	0.32240653582080303
N_LP.1589	0.6456805121435255	0.3543194878564745
N_LP.1610	0.3851384742448708	0.6148615257551292
N_LP.1628	0.6791217349770007	0.3208782650229993
N_LP.1794	0.8409296063720209	0.15907039362797917
N_LP.1816	0.3467884812746912	0.6532115187253088
N_LP.1818	0.9900416214416199	0.009958378558380068
N_LP.1859	0.9914895729720767	0.008510427027923253
N_LP.1944	0.20290843693704053	0.7970915630629595
N_LP.1950	0.8677330746954617	0.13226692530453835
N_LP.2009	0.8089541155179146	0.19104588448208534
N_LP.2022	0.5571804650568224	0.4428195349431776
N_LP.2050	0.6887482530435352	0.3112517469564649
N_LP.2093	0.7764297101521137	0.22357028984788627
N_LP.2130	0.8443880950695812	0.15561190493041882
N_LP.2310	0.3449832152178619	0.6550167847821381
N_LP.2327	0.69205217929702	0.30794782070298005
N_LP.316	0.9738061422958187	0.02619385770418125
N_LP.401	0.7516530991098782	0.24834690089012185
N_LP.413	0.7787665176344272	0.22123348236557278
N_LP.481	0.944505114467003	0.05549488553299697
N_LP.532	0.38623078805850497	0.613769211941495
N_LP.564	0.6112186778956207	0.3887813221043793
N_LP.680	0.952492158273713	0.04750784172628698
N_LP.706	0.622273227174563	0.37772677282543693
N_LP.734	0.2858854616626436	0.7141145383373564
N_LP.76	0.6307324110331484	0.36926758896685163
N_LP.801	0.9323532859123511	0.06764671408764884
N_LP.932	0.7480215349467838	0.25197846505321625
N_LP.935	0.9457801308803677	0.05421986911963229
N_LP.968	0.480170766305966	0.519829233694034
N_LP.1135	0.3145341931461053	0.6854658068538947
N_LP.1405	0.35367135756855905	0.646328642431441
N_LP.1806	0.18100860474295055	0.8189913952570494
N_LP.1906	0.11893389165988477	0.8810661083401152
N_LP.2044	0.1370134679050855	0.8629865320949145
N_LP.2123	0.10378860961423186	0.8962113903857681
N_LP.2191	0.08929136863753073	0.9107086313624693
N_LP.644	0.7245000866082205	0.2754999133917795
N_LP.720	0.30561210704824504	0.694387892951755
N_LP.808	0.16574136903776904	0.834258630962231
N_LP.1101	0.19807936631173695	0.801920633688263
N_LP.1912	0.6834097442108784	0.31659025578912153
N_LP.2374	0.5821728401882775	0.41782715981172247
N_LP.563	0.6889239488520013	0.31107605114799874
N_LP.2141	0.14933531467414685	0.8506646853258532
N_LP.2365	0.3463848694426601	0.6536151305573399
N_LP.2403	0.43040920741533817	0.5695907925846618
N_LP.2366	0.13467873454920143	0.8653212654507986
N_LP.1119	0.6119909456170405	0.3880090543829596
N_LP.1170	0.29313240495904347	0.7068675950409565
N_LP.1800	0.5127129282434499	0.4872870717565501
N_LP.2397	0.42868626443230295	0.571313735567697
N_LP.2404	0.13773008548134447	0.8622699145186555
N_LP.167	0.17347844086913156	0.8265215591308684
N_LP.2406	0.20949400721403266	0.7905059927859673
N_LP.2383	0.33072138812718366	0.6692786118728163
P_LP.1	0.3520095090651283	0.6479904909348717
P_LP.10	0.41184918321014885	0.5881508167898511
P_LP.100	0.09163510631941196	0.908364893680588
P_LP.1000	0.9007907932739038	0.09920920672609627
P_LP.1001	0.11361745156950198	0.886382548430498
P_LP.1002	0.634796195904499	0.3652038040955011
P_LP.1003	0.15172645874031843	0.8482735412596816
P_LP.1004	0.11783200108617009	0.8821679989138299
P_LP.1005	0.1979095212913342	0.8020904787086658
P_LP.1006	0.034024416912252886	0.9659755830877471
P_LP.1007	0.06928255658222726	0.9307174434177727
P_LP.1008	0.836859939061051	0.16314006093894892
P_LP.101	0.3463931973882156	0.6536068026117844
P_LP.1010	0.5089948482188635	0.49100515178113646
P_LP.1012	0.15884052059523301	0.841159479404767
P_LP.1013	0.43655247605746295	0.563447523942537
P_LP.1014	0.4369953510508965	0.5630046489491035
P_LP.1015	0.07150518053879229	0.9284948194612077
P_LP.1016	0.06871753911246825	0.9312824608875317
P_LP.1017	0.026709559675775485	0.9732904403242245
P_LP.1018	0.42308039739500536	0.5769196026049946
P_LP.1019	0.056099755314911626	0.9439002446850884
P_LP.102	0.9059994058227998	0.09400059417720014
P_LP.1020	0.17928943761239946	0.8207105623876005
P_LP.1021	0.40289960716108564	0.5971003928389144
P_LP.1022	0.7637916760050754	0.23620832399492464
P_LP.1023	0.5725163901630983	0.4274836098369017
P_LP.1024	0.6072008623580797	0.3927991376419203
P_LP.1025	0.3997447000879145	0.6002552999120855
P_LP.1027	0.43768862818705	0.56231137181295
P_LP.1028	0.07340168521490309	0.9265983147850969
P_LP.1029	0.41193998844488944	0.5880600115551106
P_LP.103	0.3244713069212657	0.6755286930787343
P_LP.1030	0.30781089279199014	0.6921891072080099
P_LP.1031	0.36228220852945936	0.6377177914705406
P_LP.1032	0.39641647356050946	0.6035835264394905
P_LP.1033	0.59528712127371	0.40471287872629
P_LP.1034	0.10597901922781094	0.8940209807721891
P_LP.1035	0.17867996182132118	0.8213200381786788
P_LP.1036	0.19511613921636006	0.8048838607836399
P_LP.1037	0.6118757330547362	0.38812426694526375
P_LP.1038	0.1466512020220243	0.8533487979779757
P_LP.1039	0.7680919290339804	0.23190807096601965
P_LP.104	0.6973454440952317	0.3026545559047683
P_LP.1040	0.3244514543268474	0.6755485456731526
P_LP.1041	0.5477089622612066	0.45229103773879337
P_LP.1043	0.3907752028819783	0.6092247971180217
P_LP.1044	0.05253390380592482	0.9474660961940752
P_LP.1045	0.8663595560718229	0.1336404439281771
P_LP.1046	0.5043462497053595	0.4956537502946405
P_LP.1047	0.8306718870563122	0.16932811294368774
P_LP.1048	0.2923823086038023	0.7076176913961977
P_LP.1049	0.2534821333226064	0.7465178666773936
P_LP.105	0.29431619535374787	0.7056838046462521
P_LP.1050	0.011656871562383486	0.9883431284376165
P_LP.1051	0.1589895899644178	0.8410104100355822
P_LP.1054	0.24014595973183284	0.7598540402681672
P_LP.1055	0.6596172486049799	0.34038275139502006
P_LP.1056	0.1837582155089238	0.8162417844910762
P_LP.1057	0.5348938659150495	0.46510613408495055
P_LP.1058	0.17270601166744937	0.8272939883325506
P_LP.1059	0.6170911813489898	0.38290881865101023
P_LP.106	0.4281371046582003	0.5718628953417997
P_LP.1060	0.8551516811222108	0.1448483188777891
P_LP.1061	0.3739755146843772	0.6260244853156228
P_LP.1062	0.0854074384590423	0.9145925615409577
P_LP.1063	0.37790195001019566	0.6220980499898043
P_LP.1064	0.14231983634241407	0.8576801636575859
P_LP.1065	0.7125433894138165	0.28745661058618355
P_LP.1066	0.47604340828812186	0.5239565917118781
P_LP.1067	0.2150177239950104	0.7849822760049896
P_LP.1068	0.4905342545111493	0.5094657454888507
P_LP.1069	0.1193107328660209	0.8806892671339791
P_LP.107	0.6332641303728066	0.36673586962719346
P_LP.1070	0.16992968295258148	0.8300703170474185
P_LP.1071	0.3920232392706373	0.6079767607293627
P_LP.1072	0.29987730959523284	0.7001226904047672
P_LP.1074	0.2458993347975751	0.7541006652024249
P_LP.1075	0.022073546329820726	0.9779264536701793
P_LP.1076	0.3540814141179397	0.6459185858820603
P_LP.1077	0.961783972710853	0.038216027289146935
P_LP.1078	0.8422812351917195	0.15771876480828054
P_LP.1079	0.4091787016040461	0.5908212983959539
P_LP.108	0.04758426826386364	0.9524157317361364
P_LP.1080	0.10225748654052713	0.8977425134594729
P_LP.1081	0.7269960155544845	0.27300398444551555
P_LP.1082	0.19621074085111068	0.8037892591488893
P_LP.1083	0.6306365297728533	0.3693634702271466
P_LP.1084	0.25875539126577496	0.741244608734225
P_LP.1085	0.3424290260439483	0.6575709739560517
P_LP.1086	0.7644312717826078	0.23556872821739214
P_LP.1087	0.7184245704563229	0.2815754295436771
P_LP.1088	0.29938030163098184	0.7006196983690182
P_LP.1089	0.08332244802824951	0.9166775519717505
P_LP.109	0.2286561109213735	0.7713438890786265
P_LP.1090	0.5837037122065227	0.41629628779347727
P_LP.1092	0.29100175518215377	0.7089982448178462
P_LP.1093	0.47020720240862	0.52979279759138
P_LP.1094	0.6657919726050141	0.33420802739498584
P_LP.1095	0.842233418898751	0.15776658110124891
P_LP.1096	0.02680962899680872	0.9731903710031913
P_LP.1097	0.3272151529381271	0.6727848470618729
P_LP.1098	0.6199097741244624	0.3800902258755377
P_LP.1099	0.6324909886534508	0.36750901134654923
P_LP.11	0.7172492545769004	0.28275074542309964
P_LP.110	0.706149318585254	0.293850681414746
P_LP.1101	0.6117130222554714	0.3882869777445285
P_LP.1102	0.6195429944674017	0.3804570055325983
P_LP.1103	0.23125116466959572	0.7687488353304043
P_LP.1104	0.34745186113858373	0.6525481388614163
P_LP.1105	0.4276771821246572	0.5723228178753428
P_LP.1106	0.46490692870007666	0.5350930712999233
P_LP.1107	0.23642936965116712	0.7635706303488329
P_LP.1108	0.24926893675846495	0.750731063241535
P_LP.1109	0.11773700926263053	0.8822629907373695
P_LP.111	0.8799606397494097	0.12003936025059028
P_LP.1110	0.8439405286914433	0.15605947130855666
P_LP.1111	0.19098532705627114	0.8090146729437289
P_LP.1112	0.2940107829387093	0.7059892170612907
P_LP.1114	0.17271862291051798	0.827281377089482
P_LP.1115	0.505514561111682	0.494485438888318
P_LP.1116	0.5500643766808044	0.4499356233191955
P_LP.1117	0.3048872567849644	0.6951127432150356
P_LP.1118	0.2566299550860499	0.7433700449139501
P_LP.112	0.37506090169228723	0.6249390983077128
P_LP.1120	0.2193607999586742	0.7806392000413258
P_LP.1121	0.23386648783660646	0.7661335121633935
P_LP.1122	0.4615022403349557	0.5384977596650443
P_LP.1123	0.1184395223036584	0.8815604776963416
P_LP.1124	0.18422087680970534	0.8157791231902947
P_LP.1125	0.6888939871662857	0.3111060128337143
P_LP.1126	0.6287845690630885	0.37121543093691145
P_LP.1127	0.01455971545988688	0.9854402845401131
P_LP.1128	0.4207999073917076	0.5792000926082924
P_LP.1129	0.3730070927065202	0.6269929072934798
P_LP.113	0.3181323984796164	0.6818676015203836
P_LP.1131	0.1335073621909959	0.8664926378090041
P_LP.1132	0.196152781676472	0.803847218323528
P_LP.1133	0.5609002870059443	0.4390997129940557
P_LP.1134	0.09609361517742576	0.9039063848225742
P_LP.1135	0.42079805127881853	0.5792019487211815
P_LP.1136	0.3487462255471462	0.6512537744528538
P_LP.1137	0.11997565682142819	0.8800243431785718
P_LP.1138	0.06865013003661669	0.9313498699633833
P_LP.1139	0.16260254892551373	0.8373974510744863
P_LP.114	0.49245769117467686	0.5075423088253231
P_LP.1141	0.04092774605493721	0.9590722539450628
P_LP.1142	0.9422954047228567	0.05770459527714335
P_LP.1144	0.3677450870071106	0.6322549129928894
P_LP.1145	0.40984012274463943	0.5901598772553606
P_LP.1146	0.9081421177493368	0.09185788225066313
P_LP.1147	0.7348730288165756	0.26512697118342443
P_LP.1148	0.8972149373304668	0.10278506266953319
P_LP.1149	0.804594566337455	0.19540543366254504
P_LP.115	0.4148045897961613	0.5851954102038387
P_LP.1150	0.2564040753468483	0.7435959246531517
P_LP.1151	0.2513736646445901	0.7486263353554099
P_LP.1152	0.9303379248715454	0.06966207512845454
P_LP.1153	0.4232011797881543	0.5767988202118457
P_LP.1154	0.04724089324772429	0.9527591067522757
P_LP.1155	0.6025276975506325	0.3974723024493675
P_LP.1156	0.5871067553172894	0.4128932446827106
P_LP.1157	0.32312269961217355	0.6768773003878265
P_LP.1158	0.42430840600194053	0.5756915939980595
P_LP.1159	0.5420501511056253	0.4579498488943747
P_LP.116	0.8435283593539419	0.15647164064605812
P_LP.1160	0.1895509705869941	0.8104490294130059
P_LP.1161	0.8228638514468515	0.17713614855314855
P_LP.1162	0.7355666917993806	0.2644333082006194
P_LP.1164	0.3543660308187062	0.6456339691812938
P_LP.1165	0.19264993572488054	0.8073500642751195
P_LP.1166	0.4095827939902821	0.5904172060097179
P_LP.1167	0.2612660406449051	0.7387339593550949
P_LP.1168	0.9035976897900267	0.09640231020997321
P_LP.117	0.1373612359283699	0.8626387640716301
P_LP.1170	0.6564226534531201	0.34357734654687994
P_LP.1171	0.7352648991424514	0.2647351008575486
P_LP.1172	0.597303778241163	0.40269622175883707
P_LP.1173	0.5366897805470797	0.4633102194529203
P_LP.1174	0.6358372192710233	0.3641627807289767
P_LP.1175	0.8715929042804385	0.1284070957195615
P_LP.1176	0.2830440871220391	0.7169559128779609
P_LP.1177	0.019225092649187925	0.9807749073508121
P_LP.1178	0.1285628698554614	0.8714371301445386
P_LP.1179	0.1918266585298256	0.8081733414701744
P_LP.118	0.2774474016260995	0.7225525983739005
P_LP.1180	0.22708343234874628	0.7729165676512537
P_LP.1181	0.6836076159005695	0.31639238409943043
P_LP.1182	0.4195092979009708	0.5804907020990292
P_LP.1183	0.057905459186425756	0.9420945408135742
P_LP.1184	0.42399673280164407	0.5760032671983559
P_LP.1185	0.7943940195406765	0.20560598045932352
P_LP.1187	0.9299545291197806	0.07004547088021938
P_LP.1188	0.5230818533279886	0.4769181466720113
P_LP.1189	0.6267724733067828	0.37322752669321724
P_LP.119	0.4369891962539464	0.5630108037460536
P_LP.1192	0.22314487302850716	0.7768551269714928
P_LP.1193	0.7729486534320156	0.22705134656798445
P_LP.1194	0.2223566935402409	0.7776433064597591
P_LP.1195	0.6329346225536048	0.3670653774463953
P_LP.1197	0.21909485569073894	0.7809051443092611
P_LP.1199	0.21693246417888268	0.7830675358211173
P_LP.12	0.619876244865528	0.3801237551344721
P_LP.120	0.6689012210168811	0.3310987789831189
P_LP.1200	0.19735986808534467	0.8026401319146553
P_LP.1201	0.2495230916850979	0.7504769083149021
P_LP.1202	0.19092146242558472	0.8090785375744153
P_LP.1203	0.44179937968697913	0.5582006203130209
P_LP.1204	0.12120090750080525	0.8787990924991947
P_LP.1205	0.8160580706277555	0.18394192937224452
P_LP.1206	0.5638291452354756	0.4361708547645245
P_LP.1207	0.26235085695081106	0.7376491430491889
P_LP.1208	0.23428599162955932	0.7657140083704407
P_LP.1209	0.10309744568117651	0.8969025543188235
P_LP.121	0.6902529564787141	0.30974704352128585
P_LP.1210	0.04146833537037076	0.9585316646296292
P_LP.1212	0.5569279614007177	0.4430720385992824
P_LP.1213	0.020680390711678154	0.9793196092883218
P_LP.1214	0.023732410452149577	0.9762675895478504
P_LP.1215	0.12934083696205045	0.8706591630379495
P_LP.1217	0.8773236723563463	0.12267632764365363
P_LP.1218	0.8593111625065006	0.14068883749349934
P_LP.1219	0.5766142491765675	0.42338575082343255
P_LP.122	0.8781864068558494	0.12181359314415063
P_LP.1220	0.45512312678687117	0.5448768732131288
P_LP.1221	0.12814985929925604	0.871850140700744
P_LP.1223	0.7909443993647959	0.20905560063520412
P_LP.1224	0.8213003871062773	0.1786996128937227
P_LP.1225	0.5426162090606435	0.45738379093935655
P_LP.1226	0.05981661440275188	0.9401833855972481
P_LP.1227	0.6387434646611012	0.36125653533889873
P_LP.1228	0.8149777807561063	0.1850222192438937
P_LP.1229	0.24804474458716486	0.7519552554128351
P_LP.123	0.45703334411604823	0.5429666558839518
P_LP.1231	0.6030879386011584	0.3969120613988416
P_LP.1232	0.09132971421660219	0.9086702857833978
P_LP.1233	0.8896113191914344	0.11038868080856555
P_LP.1236	0.6666285089621524	0.3333714910378476
P_LP.1237	0.14828800530343367	0.8517119946965663
P_LP.1238	0.9097860358095038	0.09021396419049621
P_LP.1239	0.9775895473518096	0.022410452648190377
P_LP.124	0.926269559206088	0.073730440793912
P_LP.1241	0.49781859872005796	0.502181401279942
P_LP.1242	0.06523495357841469	0.9347650464215853
P_LP.1243	0.37195860981178164	0.6280413901882184
P_LP.1244	0.15391331643581685	0.8460866835641832
P_LP.1245	0.5726087268266438	0.42739127317335623
P_LP.1246	0.4110596807105392	0.5889403192894608
P_LP.1247	0.6462061366656457	0.35379386333435425
P_LP.1248	0.380507995114269	0.619492004885731
P_LP.1249	0.03251261709306885	0.9674873829069311
P_LP.125	0.923870602972039	0.07612939702796094
P_LP.1250	0.04905796048686084	0.9509420395131392
P_LP.1251	0.47291121525588153	0.5270887847441185
P_LP.1252	0.4102557683105732	0.5897442316894268
P_LP.1253	0.77682504404746	0.22317495595253997
P_LP.1254	0.32472493303161276	0.6752750669683872
P_LP.1255	0.10115229351509902	0.898847706484901
P_LP.1256	0.6610485433057998	0.33895145669420024
P_LP.1257	0.2848189131731652	0.7151810868268348
P_LP.1258	0.2377362458973028	0.7622637541026972
P_LP.1259	0.10813325663876894	0.8918667433612311
P_LP.126	0.2478416030009174	0.7521583969990826
P_LP.1260	0.746271243280112	0.25372875671988804
P_LP.1261	0.40062564817007906	0.5993743518299209
P_LP.1262	0.053408387920676925	0.9465916120793231
P_LP.1263	0.7749587953763107	0.2250412046236893
P_LP.1264	0.37703101811603223	0.6229689818839678
P_LP.1265	0.8519181883044833	0.14808181169551674
P_LP.1266	0.717659425861034	0.28234057413896596
P_LP.1267	0.5594997742585331	0.44050022574146686
P_LP.1268	0.2798092639821964	0.7201907360178036
P_LP.1269	0.6243911713119238	0.3756088286880762
P_LP.127	0.14447214854405732	0.8555278514559427
P_LP.1270	0.3909720767084741	0.6090279232915259
P_LP.1271	0.3302855977251844	0.6697144022748156
P_LP.1273	0.28034422324778996	0.71965577675221
P_LP.1274	0.7281457702383947	0.2718542297616053
P_LP.1275	0.43052711224497453	0.5694728877550255
P_LP.1276	0.6048164876309727	0.39518351236902727
P_LP.1277	0.2784859698586979	0.7215140301413021
P_LP.1278	0.799929029880772	0.200070970119228
P_LP.1279	0.5711585981711012	0.4288414018288988
P_LP.128	0.7370163711243884	0.2629836288756115
P_LP.1280	0.7974403592061697	0.2025596407938303
P_LP.1281	0.3273184570852351	0.6726815429147649
P_LP.1282	0.1639029180808388	0.8360970819191612
P_LP.1283	0.08611180796079465	0.9138881920392053
P_LP.1284	0.6269389856094113	0.3730610143905887
P_LP.1285	0.6756442210282709	0.32435577897172907
P_LP.1286	0.14997318827703954	0.8500268117229605
P_LP.1287	0.04089912195342904	0.959100878046571
P_LP.1288	0.2831855561553811	0.7168144438446189
P_LP.1289	0.13573319316521681	0.8642668068347832
P_LP.129	0.6834907197826519	0.3165092802173481
P_LP.1290	0.228811626075769	0.771188373924231
P_LP.1291	0.04519922970892176	0.9548007702910782
P_LP.1292	0.755649995610503	0.24435000438949703
P_LP.1293	0.29468592313929665	0.7053140768607034
P_LP.1294	0.14411812058049167	0.8558818794195083
P_LP.1296	0.3717889221959674	0.6282110778040326
P_LP.1297	0.25981028152613517	0.7401897184738648
P_LP.1298	0.12222155366977139	0.8777784463302286
P_LP.1299	0.9109041495483298	0.08909585045167027
P_LP.13	0.6332358860154996	0.3667641139845003
P_LP.130	0.2349019685069541	0.7650980314930459
P_LP.1300	0.43656739929020816	0.5634326007097918
P_LP.1301	0.46102735047958654	0.5389726495204135
P_LP.1302	0.3170620027713462	0.6829379972286538
P_LP.1303	0.6616161139845091	0.33838388601549085
P_LP.1304	0.15165950584438803	0.848340494155612
P_LP.1305	0.5654720269386051	0.43452797306139496
P_LP.1306	0.6899501329616748	0.3100498670383252
P_LP.1307	0.21563383445475293	0.7843661655452471
P_LP.1308	0.17599153010266322	0.8240084698973368
P_LP.1309	0.7527193746250275	0.24728062537497256
P_LP.131	0.7161853662536711	0.28381463374632887
P_LP.1310	0.09490276413929444	0.9050972358607056
P_LP.1311	0.4381954985059382	0.5618045014940618
P_LP.1312	0.6707835824403459	0.3292164175596541
P_LP.1313	0.21106334489541034	0.7889366551045897
P_LP.1314	0.5358777170079285	0.4641222829920714
P_LP.1316	0.4247406617800239	0.5752593382199761
P_LP.1318	0.8495654913482386	0.15043450865176147
P_LP.1319	0.1156324184047759	0.8843675815952241
P_LP.132	0.0664332606593594	0.9335667393406406
P_LP.1320	0.3165756360555462	0.6834243639444538
P_LP.1321	0.08811165289881995	0.91188834710118
P_LP.1322	0.06863701921973331	0.9313629807802667
P_LP.1323	0.2548558119114118	0.7451441880885882
P_LP.1324	0.38272472476436115	0.6172752752356389
P_LP.1325	0.15361338748846243	0.8463866125115376
P_LP.1326	0.725039605576485	0.2749603944235151
P_LP.1327	0.19324380258425466	0.8067561974157453
P_LP.1328	0.07051847502803843	0.9294815249719616
P_LP.1329	0.17827423431866096	0.821725765681339
P_LP.133	0.02894274355602733	0.9710572564439727
P_LP.1330	0.6647820501618051	0.3352179498381949
P_LP.1331	0.7588902447350692	0.2411097552649308
P_LP.1332	0.5339311447836365	0.46606885521636354
P_LP.1333	0.29237356595683317	0.7076264340431668
P_LP.1334	0.09720664835343606	0.9027933516465639
P_LP.1336	0.08636062432398683	0.9136393756760132
P_LP.1337	0.2166028148888044	0.7833971851111956
P_LP.1339	0.5058665291984978	0.4941334708015022
P_LP.134	0.5582167997704315	0.4417832002295686
P_LP.1340	0.027981528937702782	0.9720184710622972
P_LP.1341	0.6897518012582493	0.3102481987417507
P_LP.1343	0.25431021835111534	0.7456897816488847
P_LP.1344	0.0879629311196981	0.9120370688803019
P_LP.1345	0.8005591375585623	0.1994408624414376
P_LP.1347	0.7748240800601062	0.2251759199398938
P_LP.1348	0.5590684701860346	0.44093152981396544
P_LP.1349	0.21801611321363945	0.7819838867863605
P_LP.135	0.6536492795905915	0.34635072040940856
P_LP.1350	0.11113777286490456	0.8888622271350954
P_LP.1351	0.7527474307331573	0.24725256926684266
P_LP.1352	0.33842061099555343	0.6615793890044466
P_LP.1353	0.31179669357939177	0.6882033064206082
P_LP.1355	0.4630533039455397	0.5369466960544603
P_LP.1356	0.758433332130834	0.24156666786916603
P_LP.1358	0.19446218001266435	0.8055378199873356
P_LP.1359	0.38101687327194933	0.6189831267280507
P_LP.136	0.620862966089449	0.379137033910551
P_LP.1360	0.5349914533621167	0.4650085466378832
P_LP.1361	0.32091750569959754	0.6790824943004025
P_LP.1362	0.15054684244437566	0.8494531575556243
P_LP.1363	0.6318138032727261	0.368186196727274
P_LP.1364	0.7180726707896294	0.2819273292103705
P_LP.1365	0.05856607984138262	0.9414339201586174
P_LP.1366	0.1958422769109337	0.8041577230890663
P_LP.1367	0.1770304982368729	0.8229695017631271
P_LP.1368	0.6112394913708707	0.38876050862912925
P_LP.1369	0.27586756325494965	0.7241324367450503
P_LP.137	0.23829577850240036	0.7617042214975996
P_LP.1370	0.3865869248488618	0.6134130751511382
P_LP.1371	0.6514723604703961	0.34852763952960386
P_LP.1372	0.1331582441468524	0.8668417558531476
P_LP.1373	0.05847985823991697	0.941520141760083
P_LP.1374	0.18031376975594648	0.8196862302440535
P_LP.1375	0.13878600300456956	0.8612139969954304
P_LP.1376	0.014178373910091802	0.9858216260899082
P_LP.1377	0.8290175978134897	0.17098240218651023
P_LP.1378	0.2903981818862792	0.7096018181137208
P_LP.1379	0.7000778286067051	0.29992217139329497
P_LP.138	0.07054526048314314	0.9294547395168569
P_LP.1380	0.21913296439096208	0.7808670356090379
P_LP.1381	0.028319284677919443	0.9716807153220806
P_LP.1382	0.6658880364445101	0.3341119635554899
P_LP.1383	0.1845813727216863	0.8154186272783137
P_LP.1384	0.8425303041437537	0.1574696958562462
P_LP.1385	0.05218088411120858	0.9478191158887914
P_LP.1386	0.16441084139474882	0.8355891586052512
P_LP.1387	0.06018197810213166	0.9398180218978683
P_LP.1388	0.3474481290023691	0.6525518709976309
P_LP.1389	0.14056991760549542	0.8594300823945046
P_LP.139	0.6734217890466412	0.32657821095335876
P_LP.1390	0.3958993941125125	0.6041006058874875
P_LP.1391	0.45266320935084536	0.5473367906491546
P_LP.1392	0.6192447908614218	0.38075520913857824
P_LP.1393	0.11361363964728632	0.8863863603527137
P_LP.1394	0.6659364744612448	0.33406352553875523
P_LP.1395	0.5004819537225073	0.49951804627749274
P_LP.1396	0.6951909115224748	0.30480908847752525
P_LP.1397	0.3354730723203153	0.6645269276796847
P_LP.1398	0.31092473770412676	0.6890752622958732
P_LP.1399	0.6402690056821836	0.35973099431781635
P_LP.14	0.4477614699790925	0.5522385300209075
P_LP.140	0.3542606388091858	0.6457393611908142
P_LP.1400	0.6921425701749855	0.30785742982501446
P_LP.1402	0.098686557573061	0.901313442426939
P_LP.1403	0.7189331030514272	0.2810668969485728
P_LP.1404	0.12131110620206287	0.8786888937979371
P_LP.1405	0.4600665862915593	0.5399334137084407
P_LP.1406	0.3269420768972686	0.6730579231027314
P_LP.1407	0.32985103683075956	0.6701489631692404
P_LP.1408	0.04137571436891829	0.9586242856310817
P_LP.1409	0.3904560173295438	0.6095439826704562
P_LP.141	0.14146294280165306	0.8585370571983469
P_LP.1410	0.17101014197676523	0.8289898580232348
P_LP.1411	0.6238752053014682	0.3761247946985318
P_LP.1413	0.3306295705575788	0.6693704294424212
P_LP.1414	0.8981298068929707	0.10187019310702929
P_LP.1415	0.644372708074876	0.35562729192512393
P_LP.1416	0.2781143785262308	0.7218856214737692
P_LP.1417	0.25943009395658834	0.7405699060434117
P_LP.1418	0.2986012053428825	0.7013987946571175
P_LP.1419	0.938382415155298	0.06161758484470208
P_LP.142	0.5179613020005337	0.4820386979994663
P_LP.1421	0.17230088273101074	0.8276991172689893
P_LP.1422	0.6711999626025991	0.32880003739740093
P_LP.1423	0.6067345109994107	0.3932654890005893
P_LP.1424	0.4264781398558881	0.5735218601441119
P_LP.1426	0.38460033792063164	0.6153996620793684
P_LP.1428	0.18868871285365474	0.8113112871463453
P_LP.1429	0.709561591866532	0.290438408133468
P_LP.143	0.23781075953921849	0.7621892404607815
P_LP.1430	0.4350243037995868	0.5649756962004132
P_LP.1432	0.1487465772268095	0.8512534227731905
P_LP.1433	0.06700283356598524	0.9329971664340148
P_LP.1434	0.5524951944238079	0.44750480557619204
P_LP.1435	0.5345300274759197	0.46546997252408034
P_LP.1437	0.5612520034247841	0.43874799657521596
P_LP.1438	0.8303488789807868	0.16965112101921317
P_LP.1439	0.5652924141306642	0.4347075858693358
P_LP.144	0.1265275933153832	0.8734724066846168
P_LP.1440	0.259970013731742	0.740029986268258
P_LP.1442	0.4050419078049794	0.5949580921950206
P_LP.1443	0.05260851879693529	0.9473914812030647
P_LP.1444	0.6965242771040109	0.3034757228959891
P_LP.1445	0.3768866656855159	0.6231133343144841
P_LP.1446	0.4480231396993988	0.5519768603006012
P_LP.1447	0.5628489770538185	0.4371510229461815
P_LP.145	0.25300950484330875	0.7469904951566912
P_LP.1450	0.381320451667457	0.618679548332543
P_LP.1451	0.6564592868480088	0.3435407131519912
P_LP.1452	0.9368437802152194	0.06315621978478056
P_LP.1453	0.13259059154823394	0.8674094084517661
P_LP.1454	0.053791475608642725	0.9462085243913573
P_LP.1455	0.5025606501587363	0.49743934984126376
P_LP.1456	0.21171326781163757	0.7882867321883624
P_LP.1457	0.5446123820969501	0.45538761790304993
P_LP.1458	0.3087392354817712	0.6912607645182288
P_LP.1459	0.5437907742760629	0.4562092257239371
P_LP.146	0.5086561505592406	0.4913438494407594
P_LP.1460	0.7480682930166414	0.2519317069833587
P_LP.1461	0.17879155929841128	0.8212084407015887
P_LP.1462	0.21461486675079544	0.7853851332492046
P_LP.1464	0.4134419522016539	0.5865580477983461
P_LP.1465	0.7703657369508216	0.22963426304917847
P_LP.1466	0.11357088192639764	0.8864291180736024
P_LP.1467	0.5732136224260803	0.4267863775739197
P_LP.1468	0.8534564317272698	0.1465435682727302
P_LP.1469	0.3895740219131939	0.6104259780868061
P_LP.147	0.14003569033637464	0.8599643096636254
P_LP.1470	0.5038357406350646	0.49616425936493536
P_LP.1472	0.6645504078166016	0.33544959218339837
P_LP.1473	0.39994454698353155	0.6000554530164685
P_LP.1474	0.27768482187839794	0.7223151781216021
P_LP.1475	0.07699213913072223	0.9230078608692778
P_LP.1476	0.3362923795930224	0.6637076204069776
P_LP.1477	0.6572298008128635	0.34277019918713647
P_LP.1478	0.3312920588509357	0.6687079411490643
P_LP.1479	0.19523014176733255	0.8047698582326674
P_LP.148	0.4246796993004873	0.5753203006995127
P_LP.1480	0.7969177014421385	0.20308229855786158
P_LP.1481	0.24516422057750442	0.7548357794224956
P_LP.1482	0.26421158210701157	0.7357884178929884
P_LP.1483	0.4925240766301441	0.5074759233698559
P_LP.1485	0.7093869023729069	0.29061309762709314
P_LP.1486	0.24989687426347684	0.7501031257365232
P_LP.1487	0.7374475481955762	0.2625524518044237
P_LP.1489	0.5433347911652431	0.4566652088347569
P_LP.149	0.6498838404840566	0.35011615951594344
P_LP.1491	0.7397066497474547	0.26029335025254524
P_LP.1492	0.20351629570163698	0.796483704298363
P_LP.1493	0.39282994478095745	0.6071700552190425
P_LP.1494	0.08267743555829488	0.9173225644417051
P_LP.1495	0.10472283884490097	0.895277161155099
P_LP.1496	0.02777511615303918	0.9722248838469608
P_LP.1497	0.18170569116454294	0.8182943088354571
P_LP.1498	0.9432442313661419	0.05675576863385814
P_LP.15	0.49640567065692276	0.5035943293430772
P_LP.150	0.6983999665840144	0.3016000334159857
P_LP.1500	0.8838078089962009	0.11619219100379913
P_LP.1501	0.22974866859724663	0.7702513314027534
P_LP.1502	0.37700572988319314	0.6229942701168069
P_LP.1503	0.45667606155433815	0.5433239384456618
P_LP.1504	0.6136541002998588	0.38634589970014116
P_LP.1505	0.17702852298613558	0.8229714770138644
P_LP.1506	0.08814976989959722	0.9118502301004028
P_LP.1507	0.32261538200147843	0.6773846179985216
P_LP.1508	0.03476299982093323	0.9652370001790668
P_LP.1509	0.6639404445186841	0.3360595554813159
P_LP.151	0.18905146713196852	0.8109485328680315
P_LP.1512	0.7484307855107806	0.2515692144892194
P_LP.1513	0.6445242369515316	0.35547576304846845
P_LP.1515	0.7405481357695607	0.25945186423043937
P_LP.1516	0.7740913321547147	0.2259086678452853
P_LP.1517	0.4684592689497171	0.5315407310502829
P_LP.1518	0.7007189787918171	0.29928102120818295
P_LP.1519	0.16592794517172305	0.834072054828277
P_LP.152	0.14814609106313315	0.8518539089368669
P_LP.1520	0.5851708128554922	0.41482918714450784
P_LP.1521	0.555594487026782	0.44440551297321795
P_LP.1522	0.7686499755258743	0.23135002447412564
P_LP.1523	0.15750733339753176	0.8424926666024682
P_LP.1524	0.5467441916815603	0.45325580831843976
P_LP.1525	0.16700767721237064	0.8329923227876294
P_LP.1526	0.20474145271138255	0.7952585472886174
P_LP.1527	0.4953611434677557	0.5046388565322443
P_LP.1528	0.7310480481268864	0.2689519518731136
P_LP.1529	0.5664722865503556	0.43352771344964436
P_LP.153	0.31709606696017634	0.6829039330398237
P_LP.1530	0.24564646775721033	0.7543535322427897
P_LP.1531	0.519872190754509	0.48012780924549103
P_LP.1532	0.19097568615144422	0.8090243138485558
P_LP.1533	0.5009807644182663	0.49901923558173367
P_LP.1534	0.4508596133985344	0.5491403866014656
P_LP.1535	0.01969197198689354	0.9803080280131065
P_LP.1537	0.10860733364895014	0.8913926663510499
P_LP.1538	0.603042650057841	0.396957349942159
P_LP.154	0.19045037392464037	0.8095496260753596
P_LP.1540	0.02147780694538759	0.9785221930546124
P_LP.1541	0.7498529797247788	0.2501470202752211
P_LP.1542	0.4192639699718015	0.5807360300281985
P_LP.1543	0.4948543379463335	0.5051456620536665
P_LP.1544	0.26346647454975436	0.7365335254502456
P_LP.1545	0.1887858533925092	0.8112141466074908
P_LP.1546	0.5817921984840335	0.4182078015159665
P_LP.1547	0.6105582330946381	0.3894417669053619
P_LP.1548	0.7105769432369532	0.2894230567630468
P_LP.1549	0.09218023753818361	0.9078197624618164
P_LP.155	0.3122287693717434	0.6877712306282566
P_LP.1550	0.32806514940308984	0.6719348505969102
P_LP.1551	0.5483107802332288	0.45168921976677123
P_LP.1552	0.19444102551803144	0.8055589744819686
P_LP.1553	0.5306294491075318	0.4693705508924681
P_LP.1554	0.22846566818408942	0.7715343318159106
P_LP.1555	0.18956178426365144	0.8104382157363486
P_LP.1556	0.527542978734047	0.472457021265953
P_LP.1557	0.7248527930926028	0.2751472069073973
P_LP.1558	0.17881713378165032	0.8211828662183497
P_LP.156	0.9173812254355986	0.0826187745644014
P_LP.1560	0.8019622379210727	0.19803776207892737
P_LP.1561	0.5059292485193054	0.49407075148069457
P_LP.1562	0.28268010552903333	0.7173198944709667
P_LP.1563	0.7202667256174387	0.2797332743825614
P_LP.1564	0.23447255304140846	0.7655274469585915
P_LP.1565	0.282104084832173	0.717895915167827
P_LP.1566	0.6198554610074327	0.3801445389925673
P_LP.1568	0.0600291560745595	0.9399708439254405
P_LP.1569	0.6821484111949364	0.3178515888050636
P_LP.157	0.1824776351061167	0.8175223648938833
P_LP.1570	0.37558424148776004	0.62441575851224
P_LP.1571	0.832672809589363	0.1673271904106371
P_LP.1573	0.5611394303723842	0.43886056962761577
P_LP.1575	0.15676475003985146	0.8432352499601485
P_LP.1576	0.07147803854924328	0.9285219614507567
P_LP.1577	0.18922800566661924	0.8107719943333808
P_LP.1579	0.9384705431807844	0.06152945681921563
P_LP.158	0.4701516090739436	0.5298483909260564
P_LP.1580	0.6714646098339399	0.3285353901660602
P_LP.1581	0.6604519497751175	0.33954805022488255
P_LP.1582	0.11935985567387597	0.880640144326124
P_LP.1583	0.3015149351862382	0.6984850648137618
P_LP.1584	0.13014920866554125	0.8698507913344588
P_LP.1585	0.40179600539830485	0.5982039946016952
P_LP.1589	0.38705761708074926	0.6129423829192507
P_LP.159	0.6801060459180385	0.31989395408196153
P_LP.1590	0.8999094651873669	0.10009053481263303
P_LP.1591	0.41452240720117683	0.5854775927988232
P_LP.1592	0.41493335622579297	0.585066643774207
P_LP.1593	0.049731774949626995	0.950268225050373
P_LP.1594	0.31179910112745135	0.6882008988725486
P_LP.1595	0.4681029679073546	0.5318970320926454
P_LP.1596	0.04733668196010565	0.9526633180398943
P_LP.1597	0.6666721579049741	0.3333278420950258
P_LP.1599	0.7983883732142706	0.20161162678572944
P_LP.160	0.33683674288313215	0.6631632571168679
P_LP.1600	0.0539858341014644	0.9460141658985356
P_LP.1601	0.9403160207664915	0.05968397923350857
P_LP.1602	0.7335667092413666	0.2664332907586334
P_LP.1603	0.15494069986531533	0.8450593001346847
P_LP.1604	0.6951441586697373	0.3048558413302627
P_LP.1606	0.3006483731228684	0.6993516268771316
P_LP.1607	0.835330817169597	0.16466918283040305
P_LP.1608	0.5009284047925662	0.49907159520743377
P_LP.1610	0.30300652613682666	0.6969934738631733
P_LP.1611	0.5202786186909995	0.47972138130900055
P_LP.1612	0.34832639529207854	0.6516736047079215
P_LP.1613	0.012864009657332809	0.9871359903426672
P_LP.1614	0.24700293480527225	0.7529970651947278
P_LP.1615	0.3534640228569733	0.6465359771430267
P_LP.1616	0.44702320396085105	0.552976796039149
P_LP.1617	0.34394534638697505	0.656054653613025
P_LP.1619	0.8060012090288164	0.19399879097118358
P_LP.1620	0.1430162954178782	0.8569837045821218
P_LP.1621	0.8308642125903085	0.1691357874096915
P_LP.1622	0.20554314675682117	0.7944568532431788
P_LP.1623	0.8747005411058136	0.12529945889418634
P_LP.1624	0.25694819450377093	0.7430518054962291
P_LP.1625	0.1925058886938411	0.8074941113061589
P_LP.1626	0.1670864395151973	0.8329135604848027
P_LP.1628	0.5690182930173056	0.43098170698269445
P_LP.1629	0.45044173500487916	0.5495582649951208
P_LP.163	0.6094979914105205	0.39050200858947953
P_LP.1630	0.7007023786391426	0.29929762136085736
P_LP.1631	0.30262460077991116	0.6973753992200888
P_LP.1632	0.3735585300485188	0.6264414699514812
P_LP.1633	0.43514494315269847	0.5648550568473015
P_LP.1634	0.7513032187778086	0.24869678122219135
P_LP.1635	0.3509364453451974	0.6490635546548026
P_LP.1636	0.13048593305213618	0.8695140669478638
P_LP.1637	0.6495710183706033	0.35042898162939673
P_LP.1638	0.07906786763995832	0.9209321323600417
P_LP.1639	0.7422911435642225	0.25770885643577746
P_LP.164	0.1233463596537786	0.8766536403462214
P_LP.1640	0.3901066539029706	0.6098933460970294
P_LP.1641	0.16058400704911524	0.8394159929508848
P_LP.1642	0.6615415123054813	0.33845848769451875
P_LP.1643	0.606880682357734	0.39311931764226604
P_LP.1645	0.48589110812455405	0.514108891875446
P_LP.1646	0.45622567700969663	0.5437743229903034
P_LP.1647	0.4847217762156486	0.5152782237843514
P_LP.1649	0.7236830253801869	0.27631697461981314
P_LP.165	0.7740111629460161	0.22598883705398387
P_LP.1650	0.6452114686440031	0.3547885313559969
P_LP.1651	0.039552261610669714	0.9604477383893303
P_LP.1652	0.07582973023896256	0.9241702697610374
P_LP.1653	0.9118722224511074	0.08812777754889259
P_LP.1654	0.18471687929004532	0.8152831207099547
P_LP.1655	0.46035943971533333	0.5396405602846667
P_LP.1656	0.12767760162116004	0.87232239837884
P_LP.1658	0.6859938005888802	0.3140061994111199
P_LP.1659	0.061697597747568333	0.9383024022524317
P_LP.166	0.1387890384270385	0.8612109615729615
P_LP.1661	0.47528848942251334	0.5247115105774867
P_LP.1662	0.8993390563941002	0.10066094360589979
P_LP.1663	0.16436893184125534	0.8356310681587447
P_LP.1664	0.34907805809087156	0.6509219419091284
P_LP.1665	0.634789124530894	0.365210875469106
P_LP.1666	0.7033702273309018	0.2966297726690982
P_LP.1667	0.7737856488319539	0.22621435116804606
P_LP.1668	0.5374995968933416	0.46250040310665846
P_LP.1669	0.09109563689561884	0.9089043631043812
P_LP.167	0.6965903666642073	0.3034096333357928
P_LP.1670	0.19316336701339887	0.8068366329866011
P_LP.1671	0.2924208907743848	0.7075791092256152
P_LP.1672	0.7993645983938719	0.20063540160612814
P_LP.1673	0.6740922737420545	0.3259077262579455
P_LP.1674	0.49681528991237034	0.5031847100876297
P_LP.1675	0.2913350508027934	0.7086649491972066
P_LP.1676	0.5392212333271822	0.4607787666728178
P_LP.1677	0.4632103121441	0.5367896878559
P_LP.1679	0.13425345900749552	0.8657465409925045
P_LP.168	0.6480236084155295	0.35197639158447047
P_LP.1680	0.25575144820630025	0.7442485517936998
P_LP.1681	0.10950743853778389	0.8904925614622161
P_LP.1682	0.4616375079411724	0.5383624920588276
P_LP.1683	0.38858790746913807	0.6114120925308619
P_LP.1684	0.873179292578798	0.126820707421202
P_LP.1685	0.4885876453860333	0.5114123546139667
P_LP.1686	0.2565478061909492	0.7434521938090508
P_LP.1688	0.2799903440612901	0.7200096559387099
P_LP.1689	0.6669743628187343	0.3330256371812657
P_LP.169	0.5587128118718026	0.4412871881281974
P_LP.1690	0.11030210878530133	0.8896978912146987
P_LP.1691	0.3922176266873254	0.6077823733126746
P_LP.1692	0.8586916524407608	0.14130834755923913
P_LP.1693	0.735821819577039	0.2641781804229611
P_LP.1694	0.8605341062523795	0.13946589374762053
P_LP.1695	0.7653423787415665	0.2346576212584335
P_LP.1696	0.13303548937568277	0.8669645106243172
P_LP.1697	0.04593369280944737	0.9540663071905526
P_LP.1698	0.1852307928795457	0.8147692071204543
P_LP.17	0.8923175162058056	0.10768248379419447
P_LP.170	0.3133596161446639	0.6866403838553361
P_LP.1700	0.8502589047401813	0.14974109525981874
P_LP.1701	0.40263094848526304	0.597369051514737
P_LP.1702	0.14698479430887657	0.8530152056911234
P_LP.1703	0.7214940986567822	0.2785059013432178
P_LP.1706	0.08679905679154876	0.9132009432084512
P_LP.1707	0.4514174005050543	0.5485825994949457
P_LP.1708	0.7343957217389627	0.26560427826103733
P_LP.1709	0.8748115386469071	0.12518846135309294
P_LP.171	0.3653396541015528	0.6346603458984472
P_LP.1710	0.6800853886644778	0.3199146113355223
P_LP.1711	0.022849289484897284	0.9771507105151027
P_LP.1712	0.6471132007927716	0.3528867992072284
P_LP.1713	0.9079801842787516	0.09201981572124834
P_LP.1714	0.4026697493569026	0.5973302506430974
P_LP.1715	0.21518685252230996	0.78481314747769
P_LP.1716	0.3124813775951062	0.6875186224048938
P_LP.1717	0.8284295030896072	0.17157049691039278
P_LP.1718	0.6681373308962874	0.33186266910371265
P_LP.1719	0.346854670397411	0.653145329602589
P_LP.172	0.1589638864022339	0.8410361135977661
P_LP.1720	0.8126482176846668	0.18735178231533317
P_LP.1721	0.04876764873567829	0.9512323512643217
P_LP.1722	0.9490935554797697	0.05090644452023025
P_LP.1724	0.4334188474462288	0.5665811525537712
P_LP.1725	0.8689839736449294	0.1310160263550706
P_LP.1726	0.20583656473792233	0.7941634352620777
P_LP.1727	0.8631708162198766	0.13682918378012338
P_LP.1728	0.4913912847349622	0.5086087152650378
P_LP.1729	0.9220470787025743	0.07795292129742565
P_LP.173	0.5501087258206969	0.44989127417930314
P_LP.1731	0.2363265650722166	0.7636734349277834
P_LP.1732	0.4615696165796893	0.5384303834203107
P_LP.1733	0.5031118834600641	0.4968881165399359
P_LP.1734	0.8138601704346964	0.1861398295653036
P_LP.1735	0.057051119876987744	0.9429488801230123
P_LP.1736	0.20137173598786517	0.7986282640121348
P_LP.1737	0.10204142115100723	0.8979585788489928
P_LP.1738	0.3213090595032657	0.6786909404967343
P_LP.1739	0.16931804773506975	0.8306819522649302
P_LP.174	0.32469401478929905	0.675305985210701
P_LP.1741	0.5725857786673715	0.4274142213326285
P_LP.1742	0.13914589000767486	0.8608541099923251
P_LP.1743	0.5010666212896504	0.4989333787103496
P_LP.1744	0.3694387645721171	0.6305612354278829
P_LP.1746	0.06941739784708656	0.9305826021529134
P_LP.1747	0.5118755053553538	0.48812449464464625
P_LP.1748	0.011890272049853268	0.9881097279501467
P_LP.175	0.1813870317978471	0.8186129682021529
P_LP.1750	0.3894413769134598	0.6105586230865402
P_LP.1751	0.7858290642592889	0.21417093574071105
P_LP.1753	0.016778734856974897	0.9832212651430251
P_LP.1754	0.8112315668163308	0.18876843318366918
P_LP.1755	0.10351098617948618	0.8964890138205138
P_LP.1756	0.30619769404548713	0.6938023059545129
P_LP.1758	0.45164160358709904	0.548358396412901
P_LP.1759	0.18177847883218023	0.8182215211678198
P_LP.176	0.34063315328711863	0.6593668467128814
P_LP.1760	0.21118895284438355	0.7888110471556165
P_LP.1761	0.7856679545039013	0.21433204549609877
P_LP.1763	0.3694769190566053	0.6305230809433947
P_LP.1764	0.28305672617066	0.71694327382934
P_LP.1765	0.3558210703474516	0.6441789296525484
P_LP.1766	0.37444022266166865	0.6255597773383313
P_LP.1767	0.9299542097338958	0.07004579026610425
P_LP.1768	0.7851299419210945	0.2148700580789055
P_LP.1769	0.5615832909901313	0.43841670900986873
P_LP.177	0.7725660865554274	0.22743391344457264
P_LP.1770	0.7609303126658624	0.23906968733413755
P_LP.1771	0.7523017483563603	0.24769825164363973
P_LP.1772	0.7245199862982709	0.27548001370172914
P_LP.1773	0.7585158646355205	0.24148413536447957
P_LP.1774	0.16209957960503807	0.8379004203949619
P_LP.1775	0.7189146339856958	0.28108536601430417
P_LP.1776	0.8851894089712501	0.11481059102874992
P_LP.1777	0.9278513078379405	0.07214869216205953
P_LP.1778	0.310269140610388	0.689730859389612
P_LP.1779	0.7813911122605821	0.2186088877394179
P_LP.178	0.06520184269442131	0.9347981573055787
P_LP.1780	0.18227000963059847	0.8177299903694015
P_LP.1781	0.8149592240957626	0.1850407759042374
P_LP.1783	0.5842186969482348	0.41578130305176525
P_LP.1784	0.13921822521005167	0.8607817747899483
P_LP.1785	0.9296433059151712	0.0703566940848288
P_LP.1786	0.23141658879641314	0.7685834112035869
P_LP.1788	0.35639739982728535	0.6436026001727146
P_LP.1789	0.6733779516664798	0.32662204833352015
P_LP.179	0.23286893406842424	0.7671310659315758
P_LP.1790	0.8671823641659954	0.13281763583400466
P_LP.1791	0.25417054651690685	0.7458294534830932
P_LP.1792	0.6175153322949536	0.3824846677050464
P_LP.1793	0.5281450530787761	0.4718549469212239
P_LP.1794	0.3237449822849673	0.6762550177150327
P_LP.1795	0.5448774742732971	0.45512252572670286
P_LP.1796	0.45169903175449433	0.5483009682455057
P_LP.1798	0.6937910409417594	0.3062089590582407
P_LP.1799	0.676047625900047	0.3239523740999531
P_LP.18	0.14926672616628334	0.8507332738337167
P_LP.180	0.8035572970668095	0.19644270293319055
P_LP.1800	0.034877249192000304	0.9651227508079997
P_LP.1801	0.5818909647414123	0.41810903525858767
P_LP.1802	0.3737473129446838	0.6262526870553162
P_LP.1803	0.5655183203702714	0.43448167962972856
P_LP.1805	0.5743557351033932	0.4256442648966068
P_LP.1806	0.4293716077527163	0.5706283922472837
P_LP.1807	0.1565652492891748	0.8434347507108252
P_LP.1808	0.6679109393036069	0.3320890606963931
P_LP.1809	0.5562269554413024	0.4437730445586976
P_LP.181	0.4060207346267206	0.5939792653732794
P_LP.1810	0.7821026034896871	0.21789739651031295
P_LP.1811	0.10278062376304598	0.897219376236954
P_LP.1812	0.168685257019905	0.831314742980095
P_LP.1813	0.6747116604548573	0.32528833954514275
P_LP.1814	0.07656353211541445	0.9234364678845856
P_LP.1816	0.8065153825175684	0.19348461748243168
P_LP.1817	0.1017570123413356	0.8982429876586644
P_LP.1818	0.23580991520639327	0.7641900847936067
P_LP.1819	0.24528581117699422	0.7547141888230058
P_LP.182	0.8116607049241013	0.18833929507589875
P_LP.1820	0.6918255338051602	0.30817446619483985
P_LP.1821	0.7876658876125435	0.2123341123874565
P_LP.1822	0.9609239497391642	0.03907605026083577
P_LP.1823	0.2464648421421659	0.7535351578578341
P_LP.1824	0.16551744493044263	0.8344825550695574
P_LP.1825	0.1805119024633376	0.8194880975366624
P_LP.1826	0.6045667453293775	0.39543325467062246
P_LP.1827	0.7822442847496591	0.21775571525034085
P_LP.1828	0.7835326604772991	0.21646733952270092
P_LP.183	0.9120836224177791	0.08791637758222097
P_LP.1830	0.7378429493027867	0.26215705069721323
P_LP.1831	0.06515981433167861	0.9348401856683214
P_LP.1832	0.10988904655490894	0.8901109534450911
P_LP.1833	0.6684457246001534	0.33155427539984655
P_LP.1834	0.5469364688067635	0.45306353119323656
P_LP.1835	0.725975358094751	0.274024641905249
P_LP.1837	0.3241182178880294	0.6758817821119706
P_LP.1838	0.452301537387378	0.547698462612622
P_LP.1839	0.3662612735048809	0.6337387264951191
P_LP.184	0.6179509516787889	0.38204904832121106
P_LP.1840	0.26841453513226277	0.7315854648677372
P_LP.1841	0.3604497419428856	0.6395502580571144
P_LP.1842	0.5066336066955182	0.4933663933044818
P_LP.1843	0.07521026298279854	0.9247897370172015
P_LP.1845	0.05994198818483021	0.9400580118151698
P_LP.1846	0.6302791816894115	0.3697208183105884
P_LP.1848	0.014425382905792539	0.9855746170942075
P_LP.1849	0.2467762508955188	0.7532237491044812
P_LP.185	0.8076321788091536	0.19236782119084633
P_LP.1850	0.9240454124060635	0.07595458759393647
P_LP.1851	0.42130367708562455	0.5786963229143754
P_LP.1853	0.3947054827011701	0.6052945172988299
P_LP.1854	0.7419029562340673	0.25809704376593273
P_LP.1855	0.5567708915539762	0.44322910844602376
P_LP.1856	0.7899761033902982	0.2100238966097018
P_LP.1857	0.06511306904433511	0.9348869309556649
P_LP.1858	0.7270015442140091	0.2729984557859909
P_LP.1859	0.199059559151747	0.800940440848253
P_LP.186	0.0485546018697659	0.9514453981302341
P_LP.1860	0.6985480595741727	0.3014519404258273
P_LP.1861	0.15381839901912997	0.84618160098087
P_LP.1862	0.48244339172932804	0.517556608270672
P_LP.1864	0.11762459095604805	0.882375409043952
P_LP.1865	0.2805674083807673	0.7194325916192327
P_LP.1866	0.5665623374290686	0.4334376625709314
P_LP.1867	0.6423983996159419	0.3576016003840581
P_LP.1868	0.7892591239565205	0.21074087604347944
P_LP.1869	0.6176885021561336	0.3823114978438665
P_LP.1870	0.12976841510187032	0.8702315848981297
P_LP.1871	0.3841950095951441	0.6158049904048559
P_LP.1873	0.35740047461363844	0.6425995253863616
P_LP.1874	0.21477070772450735	0.7852292922754927
P_LP.1875	0.4640729333686322	0.5359270666313678
P_LP.1876	0.16377844536099095	0.836221554639009
P_LP.1877	0.08985530863325297	0.910144691366747
P_LP.1878	0.41469316467806594	0.5853068353219341
P_LP.1879	0.352553543278773	0.647446456721227
P_LP.188	0.012293140947763681	0.9877068590522363
P_LP.1880	0.3949585388053488	0.6050414611946512
P_LP.1881	0.23617480165621252	0.7638251983437875
P_LP.1883	0.8887412320033958	0.11125876799660417
P_LP.1884	0.3229603686897736	0.6770396313102264
P_LP.1885	0.49986697668106594	0.5001330233189341
P_LP.1886	0.2666736451589179	0.7333263548410821
P_LP.1887	0.24552430606797293	0.7544756939320271
P_LP.1888	0.5404141704824226	0.45958582951757737
P_LP.1889	0.45614775502164173	0.5438522449783583
P_LP.189	0.5748922498347182	0.4251077501652818
P_LP.1890	0.22196405810964026	0.7780359418903597
P_LP.1891	0.48794156281724277	0.5120584371827572
P_LP.1892	0.5975143340952954	0.4024856659047046
P_LP.1893	0.25178736605894114	0.7482126339410589
P_LP.1894	0.6366426833592544	0.36335731664074555
P_LP.1896	0.12112799307557498	0.878872006924425
P_LP.1897	0.7042187837632027	0.2957812162367973
P_LP.1898	0.15529306230508577	0.8447069376949142
P_LP.1899	0.34633657417828834	0.6536634258217117
P_LP.19	0.872504470704886	0.127495529295114
P_LP.190	0.8474869986669875	0.15251300133301243
P_LP.1900	0.957395930667029	0.04260406933297098
P_LP.1901	0.00466519731239845	0.9953348026876015
P_LP.1902	0.7096384319745696	0.29036156802543045
P_LP.1903	0.03825376359701438	0.9617462364029856
P_LP.1904	0.547993398119792	0.452006601880208
P_LP.1905	0.3146487019796045	0.6853512980203955
P_LP.1906	0.06765122040788774	0.9323487795921123
P_LP.1907	0.02040788268886118	0.9795921173111388
P_LP.1908	0.2999581426452992	0.7000418573547008
P_LP.1909	0.2667617564853936	0.7332382435146064
P_LP.191	0.2357997797129514	0.7642002202870486
P_LP.1910	0.5739971244643853	0.4260028755356147
P_LP.1912	0.8261801607707677	0.17381983922923222
P_LP.1913	0.43615615622977366	0.5638438437702263
P_LP.1914	0.7531518451051079	0.2468481548948921
P_LP.1915	0.8447834797814727	0.1552165202185273
P_LP.1916	0.2582988491479372	0.7417011508520628
P_LP.1917	0.6061007652756789	0.39389923472432115
P_LP.1918	0.13759404243945605	0.862405957560544
P_LP.192	0.15204866226603375	0.8479513377339662
P_LP.1920	0.7047991874157036	0.29520081258429637
P_LP.1921	0.5616802695811497	0.4383197304188503
P_LP.1922	0.5457618550893374	0.4542381449106626
P_LP.1923	0.7729892295152471	0.2270107704847529
P_LP.1924	0.17364628235856028	0.8263537176414397
P_LP.1925	0.35793236731528766	0.6420676326847123
P_LP.1926	0.0863568539413232	0.9136431460586768
P_LP.1927	0.1733551046444528	0.8266448953555472
P_LP.1928	0.693912894744765	0.306087105255235
P_LP.1929	0.4685481275379376	0.5314518724620624
P_LP.193	0.13087278919435008	0.8691272108056499
P_LP.1930	0.04209146135179076	0.9579085386482092
P_LP.1931	0.1468851029928978	0.8531148970071022
P_LP.1932	0.0342607824714799	0.9657392175285201
P_LP.1933	0.8604495036116598	0.13955049638834016
P_LP.1934	0.3093798087732992	0.6906201912267008
P_LP.1935	0.10641152302216506	0.893588476977835
P_LP.1936	0.32303346514406783	0.6769665348559322
P_LP.1937	0.16256125042282366	0.8374387495771763
P_LP.1939	0.42419031178656164	0.5758096882134384
P_LP.194	0.5804488966494926	0.4195511033505074
P_LP.1940	0.4225652759236498	0.5774347240763502
P_LP.1941	0.23605092046574327	0.7639490795342567
P_LP.1942	0.7260850374490961	0.2739149625509038
P_LP.1944	0.5349768677830071	0.4650231322169928
P_LP.1946	0.003110525179388479	0.9968894748206115
P_LP.1948	0.9644490245012222	0.035550975498777816
P_LP.1949	0.6494498727464628	0.35055012725353724
P_LP.195	0.48944626460141627	0.5105537353985837
P_LP.1951	0.414467594788653	0.585532405211347
P_LP.1952	0.31044412109478603	0.689555878905214
P_LP.1953	0.4280365260590637	0.5719634739409363
P_LP.1954	0.19122751858621856	0.8087724814137814
P_LP.1956	0.18209531487574382	0.8179046851242562
P_LP.1957	0.8758862615256321	0.12411373847436788
P_LP.1958	0.8976868978578546	0.1023131021421454
P_LP.1959	0.6478430235801924	0.3521569764198076
P_LP.196	0.2933099958314399	0.7066900041685601
P_LP.1960	0.21988035011235219	0.7801196498876478
P_LP.1961	0.41806865968263307	0.5819313403173669
P_LP.1962	0.6476566087236297	0.3523433912763702
P_LP.1963	0.4736235200013288	0.5263764799986712
P_LP.1964	0.28627176313827785	0.7137282368617222
P_LP.1965	0.09196398166833675	0.9080360183316633
P_LP.1966	0.08268680804961459	0.9173131919503854
P_LP.1967	0.13910893077472586	0.8608910692252741
P_LP.1968	0.347766518737768	0.652233481262232
P_LP.1969	0.26118851009342114	0.7388114899065789
P_LP.197	0.3974783193598407	0.6025216806401593
P_LP.1970	0.6778033429263717	0.3221966570736284
P_LP.1971	0.1897630472665247	0.8102369527334753
P_LP.1972	0.8218699071145925	0.17813009288540754
P_LP.1973	0.5927393632909848	0.40726063670901524
P_LP.1974	0.6942030396307535	0.3057969603692466
P_LP.1976	0.6850154806182314	0.3149845193817686
P_LP.1977	0.17470138894238496	0.825298611057615
P_LP.1978	0.27854952592856275	0.7214504740714373
P_LP.1979	0.304962971535752	0.695037028464248
P_LP.198	0.5284478989074687	0.4715521010925313
P_LP.1980	0.4175632241784195	0.5824367758215805
P_LP.1981	0.6499549567754743	0.3500450432245256
P_LP.1983	0.30994723157058235	0.6900527684294177
P_LP.1984	0.6608938130581812	0.3391061869418189
P_LP.1985	0.21744678986394728	0.7825532101360527
P_LP.1988	0.3502078637350544	0.6497921362649456
P_LP.1990	0.27571567604560276	0.7242843239543972
P_LP.1991	0.1469848635610096	0.8530151364389904
P_LP.1992	0.37178297409637695	0.628217025903623
P_LP.1993	0.6703247244325514	0.32967527556744863
P_LP.1994	0.19768087769124754	0.8023191223087525
P_LP.1995	0.37458889283160945	0.6254111071683905
P_LP.1996	0.14047556432220198	0.859524435677798
P_LP.1997	0.6282306518891667	0.37176934811083323
P_LP.1998	0.796995148481943	0.20300485151805703
P_LP.2	0.6040015188798151	0.39599848112018493
P_LP.20	0.12756370189481192	0.8724362981051881
P_LP.200	0.11891041618739484	0.8810895838126052
P_LP.2000	0.5864645926443374	0.41353540735566263
P_LP.2001	0.5647406162544055	0.4352593837455944
P_LP.2002	0.863485788663582	0.1365142113364179
P_LP.2003	0.4273973738165814	0.5726026261834186
P_LP.2004	0.6978991186898591	0.30210088131014085
P_LP.2005	0.14282212542571793	0.8571778745742821
P_LP.2006	0.6553423825668077	0.34465761743319234
P_LP.2007	0.2177874379758138	0.7822125620241862
P_LP.2008	0.6085986112751629	0.3914013887248371
P_LP.2009	0.192710095495209	0.807289904504791
P_LP.201	0.05146373771039214	0.9485362622896079
P_LP.2010	0.29187701963334	0.70812298036666
P_LP.2011	0.5158337582138708	0.48416624178612916
P_LP.2012	0.07138790904496661	0.9286120909550334
P_LP.2013	0.8851092272248916	0.11489077277510838
P_LP.2014	0.5765592581247211	0.4234407418752789
P_LP.2015	0.2788393718430162	0.7211606281569838
P_LP.2016	0.5100674652684019	0.4899325347315982
P_LP.2017	0.06113823326623957	0.9388617667337604
P_LP.2018	0.292719411029174	0.707280588970826
P_LP.2019	0.60917359422818	0.3908264057718201
P_LP.202	0.2955895907648597	0.7044104092351403
P_LP.2020	0.10434899736193448	0.8956510026380655
P_LP.2021	0.34239742102388315	0.6576025789761168
P_LP.2022	0.4865549237151141	0.5134450762848859
P_LP.2023	0.3689888598579122	0.6310111401420878
P_LP.2024	0.6140633805780551	0.38593661942194496
P_LP.2025	0.5954049140289515	0.40459508597104854
P_LP.2026	0.15397963438076445	0.8460203656192355
P_LP.2027	0.6090902343200072	0.3909097656799928
P_LP.2028	0.8750539213175293	0.12494607868247061
P_LP.2029	0.04787468248740745	0.9521253175125926
P_LP.203	0.4886427900000191	0.5113572099999809
P_LP.2030	0.25842512273113105	0.741574877268869
P_LP.2031	0.6371373675437475	0.3628626324562525
P_LP.2032	0.6523577758856162	0.34764222411438384
P_LP.2033	0.4042194002498406	0.5957805997501594
P_LP.2034	0.6882577283975408	0.3117422716024592
P_LP.2035	0.6339042431025471	0.3660957568974529
P_LP.2036	0.2081721814737506	0.7918278185262494
P_LP.2037	0.7469601087125719	0.2530398912874281
P_LP.2038	0.33901087212538306	0.6609891278746169
P_LP.204	0.7857087900793222	0.21429120992067788
P_LP.2040	0.050249490058753676	0.9497505099412463
P_LP.2041	0.6653871911717788	0.3346128088282212
P_LP.2042	0.46205680989216613	0.5379431901078339
P_LP.2043	0.19825677118218354	0.8017432288178165
P_LP.2044	0.026382042717571053	0.973617957282429
P_LP.2045	0.2460875907918615	0.7539124092081385
P_LP.2046	0.1190204699678501	0.8809795300321499
P_LP.2047	0.6157719401676658	0.3842280598323342
P_LP.2048	0.5043991392812047	0.4956008607187953
P_LP.2049	0.12598576003868833	0.8740142399613117
P_LP.205	0.10278449345429486	0.8972155065457051
P_LP.2050	0.35087617455227826	0.6491238254477217
P_LP.2051	0.5473719142243128	0.45262808577568725
P_LP.2052	0.17552522558765582	0.8244747744123442
P_LP.2053	0.9918128181472087	0.00818718185279134
P_LP.2055	0.7211850840137998	0.27881491598620023
P_LP.2056	0.8211716511987884	0.1788283488012116
P_LP.2057	0.6180330808440377	0.38196691915596226
P_LP.2058	0.8232168809687814	0.17678311903121852
P_LP.2059	0.7418211221544403	0.2581788778455597
P_LP.206	0.8778611318914594	0.12213886810854056
P_LP.2060	0.10603293003071157	0.8939670699692884
P_LP.2061	0.13374521106056192	0.8662547889394381
P_LP.2063	0.3031423169291382	0.6968576830708618
P_LP.2064	0.38665626536352526	0.6133437346364747
P_LP.2065	0.5565029061475095	0.4434970938524905
P_LP.2066	0.1590711194286275	0.8409288805713725
P_LP.2067	0.49081161917348015	0.5091883808265198
P_LP.2068	0.6193296685587837	0.38067033144121637
P_LP.2069	0.18727396246375516	0.8127260375362448
P_LP.207	0.688690028120724	0.31130997187927606
P_LP.2070	0.43651438728174974	0.5634856127182503
P_LP.2071	0.19909586868678275	0.8009041313132172
P_LP.2072	0.3601388015346474	0.6398611984653526
P_LP.2073	0.5064313478786231	0.4935686521213769
P_LP.2074	0.16904795095149627	0.8309520490485037
P_LP.2075	0.3299314446823951	0.6700685553176049
P_LP.2076	0.0860741112045863	0.9139258887954137
P_LP.2077	0.5610923881986856	0.4389076118013144
P_LP.2078	0.5271503451064052	0.4728496548935947
P_LP.2079	0.4417149564848678	0.5582850435151322
P_LP.208	0.045722306989242734	0.9542776930107573
P_LP.2080	0.5767728643191712	0.4232271356808288
P_LP.2081	0.9352865114751822	0.06471348852481784
P_LP.2082	0.7327414109755386	0.2672585890244615
P_LP.2084	0.475819148906492	0.524180851093508
P_LP.2085	0.22627146076319538	0.7737285392368046
P_LP.2086	0.5542506700512823	0.44574932994871774
P_LP.2087	0.21315498410789502	0.786845015892105
P_LP.2088	0.11441200463424439	0.8855879953657556
P_LP.2089	0.30150480424923765	0.6984951957507624
P_LP.209	0.5480602800052307	0.45193971999476934
P_LP.2090	0.32695079108727554	0.6730492089127245
P_LP.2091	0.3514556279203982	0.6485443720796018
P_LP.2092	0.32758512680165897	0.672414873198341
P_LP.2093	0.36682265082228804	0.633177349177712
P_LP.2094	0.5038484912742625	0.4961515087257375
P_LP.2095	0.7812078970617591	0.21879210293824086
P_LP.2096	0.38316573659757613	0.6168342634024239
P_LP.2097	0.012483960154172191	0.9875160398458278
P_LP.2098	0.6333907446994074	0.3666092553005927
P_LP.2099	0.3491850484181408	0.6508149515818592
P_LP.21	0.6547517864979061	0.3452482135020939
P_LP.210	0.22375773319809278	0.7762422668019072
P_LP.2100	0.06915494253461052	0.9308450574653895
P_LP.2101	0.04864603779052623	0.9513539622094738
P_LP.2103	0.5097413283926714	0.4902586716073286
P_LP.2104	0.7479496119686688	0.2520503880313311
P_LP.2105	0.48623319543261223	0.5137668045673878
P_LP.2106	0.7751561013939648	0.22484389860603518
P_LP.2107	0.7732836298339218	0.22671637016607815
P_LP.2108	0.44111855524481414	0.5588814447551859
P_LP.211	0.054253295987005457	0.9457467040129945
P_LP.2110	0.6934046600621009	0.30659533993789917
P_LP.2111	0.213912514122505	0.786087485877495
P_LP.2112	0.6962588915784236	0.30374110842157637
P_LP.2113	0.3503792271171301	0.6496207728828699
P_LP.2114	0.8696092163342647	0.13039078366573528
P_LP.2115	0.229287604633293	0.770712395366707
P_LP.2116	0.8589136617087167	0.14108633829128325
P_LP.2117	0.2901460046309099	0.7098539953690901
P_LP.2119	0.5132339193224128	0.4867660806775872
P_LP.212	0.6926249914823077	0.3073750085176922
P_LP.2120	0.5014667120275682	0.49853328797243185
P_LP.2121	0.1698425970623455	0.8301574029376545
P_LP.2122	0.6197300035857801	0.3802699964142199
P_LP.2123	0.3789649087083985	0.6210350912916015
P_LP.2124	0.3100880061061768	0.6899119938938232
P_LP.2125	0.24809708484582793	0.7519029151541721
P_LP.2126	0.894098475046983	0.10590152495301698
P_LP.2127	0.21443633428350128	0.7855636657164987
P_LP.2128	0.7856772254429799	0.21432277455702006
P_LP.2129	0.760896665171956	0.23910333482804405
P_LP.213	0.7856980996376752	0.2143019003623248
P_LP.2130	0.4507977150483842	0.5492022849516158
P_LP.2131	0.06340847653339954	0.9365915234666005
P_LP.2132	0.49672623053749543	0.5032737694625046
P_LP.2133	0.09901547020031232	0.9009845297996877
P_LP.2135	0.9230898550087128	0.07691014499128722
P_LP.2137	0.16801779893071855	0.8319822010692814
P_LP.2138	0.5820844866052042	0.41791551339479577
P_LP.2139	0.7385248655540957	0.26147513444590437
P_LP.214	0.026526996492256538	0.9734730035077435
P_LP.2140	0.01627972713395187	0.9837202728660481
P_LP.2142	0.050736973941848174	0.9492630260581518
P_LP.2143	0.5658688658723756	0.43413113412762433
P_LP.2144	0.8249008179182522	0.17509918208174785
P_LP.2145	0.5887813174346519	0.41121868256534805
P_LP.2146	0.4387293827890575	0.5612706172109425
P_LP.2147	0.07266882446674872	0.9273311755332513
P_LP.2148	0.7789859882875596	0.22101401171244042
P_LP.2149	0.1016344130836222	0.8983655869163778
P_LP.215	0.6526988918213539	0.3473011081786462
P_LP.2150	0.14514114265204536	0.8548588573479546
P_LP.2151	0.49708666037717986	0.5029133396228201
P_LP.2152	0.7548187089591885	0.24518129104081152
P_LP.2153	0.4180907933962881	0.5819092066037119
P_LP.2154	0.7248087127218141	0.2751912872781858
P_LP.2155	0.7199332364573494	0.28006676354265064
P_LP.2156	0.07224378785939145	0.9277562121406085
P_LP.2157	0.35359431815008346	0.6464056818499165
P_LP.2159	0.7247033643840897	0.2752966356159103
P_LP.216	0.5150943666355273	0.4849056333644727
P_LP.2160	0.917819860960835	0.08218013903916503
P_LP.2161	0.31725343619968605	0.682746563800314
P_LP.2162	0.7538268168663502	0.24617318313364972
P_LP.2163	0.9390311107418877	0.06096888925811229
P_LP.2164	0.7008811755883673	0.29911882441163273
P_LP.2165	0.12016666042260804	0.879833339577392
P_LP.2166	0.7083489342648095	0.29165106573519045
P_LP.2167	0.3663352811545937	0.6336647188454063
P_LP.2168	0.5223531119940252	0.47764688800597477
P_LP.2169	0.3240309988995992	0.6759690011004008
P_LP.217	0.682132085449279	0.3178679145507211
P_LP.2170	0.5482006533259518	0.45179934667404825
P_LP.2171	0.5026487859129549	0.49735121408704513
P_LP.2172	0.17634579319388	0.82365420680612
P_LP.2173	0.31321427780519207	0.6867857221948079
P_LP.2174	0.3108636523228454	0.6891363476771546
P_LP.2175	0.5599793379229071	0.4400206620770929
P_LP.2176	0.27917675777043804	0.720823242229562
P_LP.2177	0.13624626692954545	0.8637537330704546
P_LP.2178	0.7428874829319897	0.2571125170680103
P_LP.2179	0.3596173678310173	0.6403826321689827
P_LP.218	0.2751796464414057	0.7248203535585943
P_LP.2180	0.2008460457405955	0.7991539542594045
P_LP.2181	0.4217834808575006	0.5782165191424994
P_LP.2182	0.25580699634568627	0.7441930036543137
P_LP.2183	0.8026334339813987	0.19736656601860125
P_LP.2184	0.7857829710253106	0.21421702897468942
P_LP.2185	0.048357584468134984	0.951642415531865
P_LP.2186	0.4761256415508558	0.5238743584491442
P_LP.2187	0.2470260133257377	0.7529739866742623
P_LP.2188	0.20640990995313446	0.7935900900468655
P_LP.2189	0.5070371483757317	0.49296285162426834
P_LP.219	0.6885670772123847	0.31143292278761525
P_LP.2190	0.48641382585228143	0.5135861741477186
P_LP.2191	0.3090089917487586	0.6909910082512414
P_LP.2192	0.8425976283745269	0.15740237162547308
P_LP.2193	0.3739589263611881	0.6260410736388119
P_LP.2194	0.29282049387961495	0.707179506120385
P_LP.2195	0.3488974632083768	0.6511025367916232
P_LP.2196	0.22438937821175298	0.775610621788247
P_LP.2198	0.3720614155726786	0.6279385844273214
P_LP.2199	0.30359949600376157	0.6964005039962384
P_LP.22	0.2572874703524749	0.7427125296475251
P_LP.220	0.32487263958737045	0.6751273604126296
P_LP.2200	0.7166214633849513	0.2833785366150488
P_LP.2201	0.2495194752482931	0.7504805247517069
P_LP.2202	0.12690613674441298	0.873093863255587
P_LP.2203	0.4406933531437397	0.5593066468562603
P_LP.2204	0.8658580481228879	0.13414195187711211
P_LP.2205	0.2008109925653807	0.7991890074346193
P_LP.2206	0.030157512755844107	0.9698424872441559
P_LP.2209	0.18760794207821974	0.8123920579217803
P_LP.221	0.7184789357865871	0.2815210642134129
P_LP.2210	0.49957314021334487	0.5004268597866551
P_LP.2211	0.6656645935344001	0.33433540646559995
P_LP.2212	0.36029640795842033	0.6397035920415797
P_LP.2213	0.3007180435969412	0.6992819564030588
P_LP.2214	0.5031202169639183	0.4968797830360817
P_LP.2215	0.16493075526805567	0.8350692447319443
P_LP.2216	0.5262375425884662	0.47376245741153383
P_LP.2217	0.49471171641508194	0.5052882835849181
P_LP.2218	0.3221059516756003	0.6778940483243997
P_LP.2219	0.4206212289300362	0.5793787710699638
P_LP.222	0.26058224744622294	0.7394177525537771
P_LP.2220	0.15232857914791864	0.8476714208520814
P_LP.2221	0.25391432568441297	0.746085674315587
P_LP.2222	0.7326711962089434	0.26732880379105667
P_LP.2223	0.6519842482130165	0.34801575178698346
P_LP.2224	0.6545539277094914	0.3454460722905086
P_LP.2225	0.34574968398401695	0.654250316015983
P_LP.2226	0.05875000970463784	0.9412499902953622
P_LP.2227	0.7584627807481672	0.24153721925183286
P_LP.2228	0.7490758824308579	0.25092411756914207
P_LP.2229	0.6070963740666311	0.39290362593336897
P_LP.223	0.5162769178705123	0.48372308212948767
P_LP.2230	0.7901334386884931	0.2098665613115069
P_LP.2231	0.3097770934740538	0.6902229065259462
P_LP.2233	0.7499418390654542	0.2500581609345458
P_LP.2234	0.20944483190895558	0.7905551680910444
P_LP.2235	0.7801757320182642	0.21982426798173585
P_LP.2236	0.2930842610672987	0.7069157389327013
P_LP.2237	0.17665500553310132	0.8233449944668987
P_LP.2238	0.1703859401229313	0.8296140598770687
P_LP.2239	0.4651636696812155	0.5348363303187845
P_LP.224	0.9044435614176631	0.09555643858233685
P_LP.2240	0.38016052305785986	0.6198394769421401
P_LP.2241	0.39436719563784184	0.6056328043621582
P_LP.2242	0.07761814811360412	0.9223818518863959
P_LP.2243	0.12926652535201832	0.8707334746479817
P_LP.2244	0.14929595080960845	0.8507040491903916
P_LP.2245	0.3357533695867041	0.6642466304132959
P_LP.2246	0.1596408755379699	0.8403591244620301
P_LP.2247	0.5635028728069016	0.43649712719309847
P_LP.2248	0.3340310902326251	0.6659689097673749
P_LP.2249	0.25254405678494907	0.7474559432150509
P_LP.225	0.7575802854307224	0.24241971456927755
P_LP.2250	0.4070524844347625	0.5929475155652375
P_LP.2251	0.6194648900549655	0.3805351099450344
P_LP.2252	0.1441387564279466	0.8558612435720534
P_LP.2253	0.3319477826696171	0.6680522173303829
P_LP.2254	0.6243310254481301	0.37566897455186987
P_LP.2256	0.6158983176145505	0.38410168238544945
P_LP.2257	0.7062502217584716	0.2937497782415284
P_LP.2258	0.7878968172459687	0.21210318275403128
P_LP.2259	0.3507034754505747	0.6492965245494253
P_LP.226	0.045825154160526016	0.954174845839474
P_LP.2260	0.4696204725818971	0.5303795274181029
P_LP.2261	0.199087654191219	0.800912345808781
P_LP.2262	0.1331534892597389	0.8668465107402611
P_LP.2263	0.6334420518902298	0.36655794810977016
P_LP.2264	0.055201113546653024	0.944798886453347
P_LP.2265	0.1539866521404385	0.8460133478595615
P_LP.2266	0.12147778162114597	0.878522218378854
P_LP.2267	0.38725892856725497	0.612741071432745
P_LP.2268	0.3158962545660511	0.6841037454339489
P_LP.2269	0.4779827411970482	0.5220172588029518
P_LP.227	0.2772322830692807	0.7227677169307193
P_LP.2270	0.8232414719892855	0.17675852801071446
P_LP.2271	0.18972169300937491	0.8102783069906251
P_LP.2272	0.4644108095322067	0.5355891904677933
P_LP.2273	0.6118863792296563	0.3881136207703437
P_LP.2274	0.7585506044722456	0.2414493955277543
P_LP.2276	0.46402763739693875	0.5359723626030612
P_LP.2277	0.775914598569117	0.22408540143088296
P_LP.2278	0.4880225330471998	0.5119774669528002
P_LP.2279	0.7116755613846395	0.28832443861536045
P_LP.228	0.5741445853385181	0.4258554146614819
P_LP.2280	0.6113394199925506	0.38866058000744946
P_LP.2281	0.19230426289536995	0.80769573710463
P_LP.2282	0.8612775738537182	0.13872242614628186
P_LP.2283	0.3838266496899019	0.6161733503100981
P_LP.2284	0.40116672209204973	0.5988332779079503
P_LP.2285	0.27758088289386373	0.7224191171061363
P_LP.2286	0.09019626246626	0.90980373753374
P_LP.2287	0.48129670094989174	0.5187032990501083
P_LP.2288	0.48060795056336414	0.5193920494366359
P_LP.2289	0.48065719787955175	0.5193428021204483
P_LP.229	0.18826802092553885	0.8117319790744612
P_LP.2291	0.7241670071980831	0.27583299280191687
P_LP.2293	0.3305151331312046	0.6694848668687954
P_LP.2294	0.4726289636409001	0.5273710363590999
P_LP.2295	0.39489005294749635	0.6051099470525036
P_LP.2296	0.39360357052308304	0.606396429476917
P_LP.2297	0.8769740869774437	0.12302591302255628
P_LP.2298	0.9258256785890893	0.07417432141091072
P_LP.2299	0.6789798029171132	0.3210201970828867
P_LP.23	0.5734141572640907	0.42658584273590927
P_LP.230	0.10841583810584055	0.8915841618941595
P_LP.2300	0.6766098695857565	0.3233901304142434
P_LP.2301	0.7574089803658229	0.24259101963417706
P_LP.2302	0.04427739935125752	0.9557226006487425
P_LP.2303	0.051055596164869765	0.9489444038351302
P_LP.2304	0.4899057065671555	0.5100942934328445
P_LP.2305	0.7636662809782363	0.23633371902176373
P_LP.2306	0.8103455896474422	0.18965441035255784
P_LP.2307	0.057244934382390866	0.9427550656176091
P_LP.2309	0.5484183448625704	0.4515816551374297
P_LP.231	0.553342796424282	0.44665720357571803
P_LP.2310	0.3972369464179235	0.6027630535820765
P_LP.2311	0.1007419186579176	0.8992580813420824
P_LP.2312	0.48301440842275867	0.5169855915772413
P_LP.2313	0.3806670605359329	0.6193329394640671
P_LP.2314	0.3668195884683465	0.6331804115316535
P_LP.2315	0.2388054030715523	0.7611945969284477
P_LP.2316	0.14066897577350923	0.8593310242264908
P_LP.2317	0.7634332117707427	0.23656678822925728
P_LP.2318	0.7543717404705689	0.24562825952943113
P_LP.2319	0.3899753408956771	0.6100246591043229
P_LP.232	0.23083791892207506	0.7691620810779249
P_LP.2320	0.937534402485795	0.06246559751420502
P_LP.2321	0.29685343662070107	0.7031465633792989
P_LP.2323	0.8503809044192888	0.1496190955807112
P_LP.2324	0.5421722787373157	0.45782772126268434
P_LP.2326	0.02466050438111156	0.9753394956188884
P_LP.2327	0.4830240394009625	0.5169759605990375
P_LP.2328	0.22187497854422522	0.7781250214557748
P_LP.2329	0.1843309000713349	0.8156690999286651
P_LP.233	0.3200944918423483	0.6799055081576517
P_LP.2330	0.11046173216354549	0.8895382678364545
P_LP.2331	0.7692053585536085	0.23079464144639145
P_LP.2332	0.7985935899968797	0.20140641000312026
P_LP.2333	0.32239093192014745	0.6776090680798526
P_LP.2334	0.40846701152889864	0.5915329884711014
P_LP.2335	0.408462457642803	0.591537542357197
P_LP.2336	0.6983913843862827	0.3016086156137173
P_LP.2337	0.8252142376136741	0.17478576238632593
P_LP.2338	0.3395303383762531	0.6604696616237469
P_LP.2339	0.7869420325898882	0.2130579674101118
P_LP.234	0.677412683346617	0.3225873166533831
P_LP.2340	0.2679973989988953	0.7320026010011047
P_LP.2341	0.29747760740085094	0.7025223925991491
P_LP.2343	0.7856757326551094	0.21432426734489063
P_LP.2344	0.04645250411994406	0.9535474958800559
P_LP.2345	0.5988930695163754	0.4011069304836246
P_LP.2346	0.30811154611779124	0.6918884538822088
P_LP.2347	0.9490376943758606	0.05096230562413939
P_LP.2348	0.15940363473237384	0.8405963652676262
P_LP.2349	0.08351864589253155	0.9164813541074684
P_LP.235	0.4643793537975861	0.5356206462024139
P_LP.2350	0.21989632163025075	0.7801036783697493
P_LP.2351	0.6832635360338519	0.3167364639661481
P_LP.2352	0.2217822387481666	0.7782177612518334
P_LP.2353	0.3229529634249869	0.6770470365750131
P_LP.2354	0.8669345902852481	0.13306540971475186
P_LP.2355	0.17151071894741743	0.8284892810525826
P_LP.2356	0.41800831423797635	0.5819916857620236
P_LP.2357	0.5706099567962777	0.42939004320372237
P_LP.2358	0.7951800083402079	0.2048199916597921
P_LP.2359	0.6424442794369737	0.3575557205630263
P_LP.236	0.093155293826236	0.906844706173764
P_LP.2360	0.7827447470716202	0.21725525292837974
P_LP.2361	0.21638853933077506	0.7836114606692249
P_LP.2362	0.11107180515184356	0.8889281948481564
P_LP.2363	0.6870498012013939	0.312950198798606
P_LP.2364	0.6182931054376364	0.3817068945623637
P_LP.2365	0.3539481495086392	0.6460518504913608
P_LP.2366	0.7709527698695574	0.2290472301304426
P_LP.2367	0.3839802457147161	0.6160197542852839
P_LP.2369	0.5297005685611389	0.47029943143886116
P_LP.237	0.521665517749369	0.4783344822506311
P_LP.2370	0.1567480364958399	0.8432519635041601
P_LP.2371	0.37136312831942386	0.6286368716805761
P_LP.2372	0.1324356699304282	0.8675643300695718
P_LP.2373	0.30283157376913805	0.697168426230862
P_LP.2374	0.27456420473193954	0.7254357952680605
P_LP.2375	0.7264452500134835	0.2735547499865166
P_LP.2376	0.5321020449326226	0.46789795506737747
P_LP.2377	0.12355186784103744	0.8764481321589626
P_LP.2378	0.7867143334955032	0.21328566650449676
P_LP.2379	0.13511201789416438	0.8648879821058356
P_LP.238	0.2604413550366782	0.7395586449633218
P_LP.2381	0.17193121073546092	0.8280687892645391
P_LP.2382	0.6539375134447774	0.34606248655522265
P_LP.2383	0.2670912340073641	0.7329087659926359
P_LP.2384	0.28712416358331105	0.712875836416689
P_LP.2386	0.7588564309172003	0.2411435690827997
P_LP.2387	0.5314055874033343	0.4685944125966657
P_LP.2389	0.3051004749083631	0.6948995250916369
P_LP.239	0.03915455729531636	0.9608454427046836
P_LP.2390	0.16195905226246454	0.8380409477375355
P_LP.2392	0.08962482042663256	0.9103751795733674
P_LP.2394	0.9079139807351398	0.09208601926486018
P_LP.2395	0.8015859676997139	0.19841403230028606
P_LP.2396	0.6282473997711377	0.3717526002288622
P_LP.2397	0.10182925208419491	0.8981707479158051
P_LP.2398	0.4355407111329713	0.5644592888670287
P_LP.2399	0.5455643763140512	0.45443562368594886
P_LP.24	0.5863590512275637	0.4136409487724363
P_LP.240	0.4199638028618444	0.5800361971381556
P_LP.2400	0.32107064493568216	0.6789293550643178
P_LP.2402	0.18206473027465941	0.8179352697253406
P_LP.2404	0.2461191334604862	0.7538808665395138
P_LP.2405	0.34792562210243727	0.6520743778975627
P_LP.2406	0.17701400287473756	0.8229859971252624
P_LP.2407	0.7913011462267567	0.20869885377324326
P_LP.2408	0.3898437526377527	0.6101562473622473
P_LP.2409	0.5681686821967026	0.4318313178032974
P_LP.2410	0.14233686092296038	0.8576631390770396
P_LP.2411	0.8815668459126335	0.11843315408736653
P_LP.2412	0.7971385165417204	0.20286148345827956
P_LP.2413	0.25294800187790534	0.7470519981220947
P_LP.2414	0.2930859165138684	0.7069140834861316
P_LP.2415	0.20915415334199372	0.7908458466580063
P_LP.2416	0.5683160572907286	0.4316839427092714
P_LP.2418	0.44165822746848116	0.5583417725315188
P_LP.2419	0.11837292639751762	0.8816270736024824
P_LP.242	0.2135573301804986	0.7864426698195014
P_LP.2420	0.8748846341126477	0.12511536588735234
P_LP.2421	0.7560537291974699	0.24394627080253006
P_LP.2422	0.645117369038031	0.354882630961969
P_LP.2423	0.9426108028920781	0.05738919710792187
P_LP.2424	0.12019286247107397	0.879807137528926
P_LP.2425	0.03588990534688785	0.9641100946531121
P_LP.2428	0.34417371238896577	0.6558262876110342
P_LP.2429	0.4824773213820478	0.5175226786179522
P_LP.243	0.6026390631791383	0.39736093682086165
P_LP.2430	0.47832710900457265	0.5216728909954274
P_LP.2431	0.2888605036750368	0.7111394963249632
P_LP.2432	0.3169645221230968	0.6830354778769032
P_LP.2433	0.06341335978214846	0.9365866402178515
P_LP.2434	0.6180845581605154	0.3819154418394846
P_LP.2435	0.5118809777824725	0.48811902221752745
P_LP.2436	0.3104951669672922	0.6895048330327078
P_LP.2437	0.2837579248625096	0.7162420751374904
P_LP.2438	0.12709459544022794	0.8729054045597721
P_LP.2439	0.6460340155913783	0.3539659844086217
P_LP.244	0.9908137500079932	0.009186249992006805
P_LP.2442	0.2860059750020628	0.7139940249979372
P_LP.2443	0.13404507232900653	0.8659549276709935
P_LP.2444	0.22526037153818335	0.7747396284618167
P_LP.2445	0.522419622282652	0.477580377717348
P_LP.2446	0.9033699370158338	0.09663006298416625
P_LP.2447	0.06077031416383083	0.9392296858361692
P_LP.2448	0.9063733204838601	0.09362667951613989
P_LP.2449	0.3805264718636088	0.6194735281363912
P_LP.2450	0.8061344813216318	0.19386551867836815
P_LP.2451	0.7454625057686372	0.25453749423136285
P_LP.2452	0.3365746083913874	0.6634253916086126
P_LP.2453	0.19082114476779533	0.8091788552322047
P_LP.2454	0.34575527844512977	0.6542447215548702
P_LP.2457	0.5653127351223763	0.4346872648776236
P_LP.2458	0.9030589459025193	0.09694105409748072
P_LP.2459	0.31638991682828677	0.6836100831717132
P_LP.246	0.21197918077826539	0.7880208192217346
P_LP.2460	0.14917157918291002	0.85082842081709
P_LP.2461	0.9895053518635538	0.010494648136446159
P_LP.2462	0.17649320966935766	0.8235067903306423
P_LP.2463	0.11347169852290906	0.8865283014770909
P_LP.2464	0.8241267586333942	0.17587324136660581
P_LP.2465	0.47167919244364676	0.5283208075563532
P_LP.2467	0.43570570800259867	0.5642942919974013
P_LP.2468	0.8550426348510247	0.14495736514897534
P_LP.2469	0.9203520982030511	0.07964790179694897
P_LP.247	0.0474632594748059	0.9525367405251941
P_LP.2470	0.35128586481037816	0.6487141351896218
P_LP.2471	0.18150163203237202	0.818498367967628
P_LP.2472	0.4010623835772228	0.5989376164227772
P_LP.2473	0.6577812266683851	0.34221877333161493
P_LP.2474	0.6909975968282094	0.30900240317179056
P_LP.2475	0.6366287384900914	0.3633712615099086
P_LP.2477	0.6836185319965908	0.31638146800340916
P_LP.2478	0.15529500139424368	0.8447049986057563
P_LP.2479	0.23334203894337313	0.7666579610566269
P_LP.248	0.2952573176909683	0.7047426823090317
P_LP.2480	0.6750241839094192	0.3249758160905808
P_LP.2481	0.9719698297627903	0.028030170237209627
P_LP.2482	0.9007977080371509	0.09920229196284909
P_LP.2483	0.663481482182406	0.33651851781759407
P_LP.2484	0.226887509721017	0.773112490278983
P_LP.2485	0.3966431075361123	0.6033568924638877
P_LP.2486	0.07559545547065838	0.9244045445293416
P_LP.2487	0.3474074817296	0.6525925182704
P_LP.2488	0.7157253704731144	0.2842746295268856
P_LP.2489	0.871822003686145	0.1281779963138549
P_LP.249	0.029018577945541524	0.9709814220544585
P_LP.2490	0.44686685117800085	0.5531331488219992
P_LP.2491	0.10797114837083499	0.892028851629165
P_LP.2492	0.11213001481640705	0.887869985183593
P_LP.2493	0.40922697296584976	0.5907730270341502
P_LP.2494	0.24879518936654832	0.7512048106334517
P_LP.2495	0.121351770122888	0.878648229877112
P_LP.2496	0.3404028514787082	0.6595971485212918
P_LP.2497	0.9131538761317319	0.08684612386826811
P_LP.2498	0.25944781540729067	0.7405521845927093
P_LP.2499	0.654096202752912	0.3459037972470879
P_LP.25	0.1944475101933304	0.8055524898066696
P_LP.2500	0.3582219049052784	0.6417780950947216
P_LP.2501	0.32432024286533623	0.6756797571346638
P_LP.2502	0.36587973867795276	0.6341202613220472
P_LP.2503	0.10708924080764892	0.8929107591923511
P_LP.2504	0.8087881527479066	0.1912118472520934
P_LP.2505	0.6218446693319708	0.37815533066802925
P_LP.2506	0.5806427171372964	0.4193572828627036
P_LP.2507	0.4693576154788657	0.5306423845211343
P_LP.2509	0.02610462268325331	0.9738953773167467
P_LP.251	0.428360591126387	0.571639408873613
P_LP.2510	0.09655090230565733	0.9034490976943427
P_LP.2511	0.12883651003438434	0.8711634899656157
P_LP.2512	0.18026286371804734	0.8197371362819527
P_LP.2513	0.9668122362343661	0.03318776376563391
P_LP.2514	0.21441903090798808	0.7855809690920119
P_LP.2515	0.24824070235129803	0.751759297648702
P_LP.2516	0.057937653784116305	0.9420623462158837
P_LP.2517	0.15093903027341737	0.8490609697265826
P_LP.2518	0.09925616833355833	0.9007438316664417
P_LP.2519	0.7767140788633353	0.22328592113666468
P_LP.252	0.4204873230662147	0.5795126769337853
P_LP.2520	0.7927627447598853	0.20723725524011474
P_LP.2521	0.29027154983589176	0.7097284501641082
P_LP.2523	0.23057681429722932	0.7694231857027707
P_LP.2524	0.3757763447978486	0.6242236552021514
P_LP.2525	0.48444416725674155	0.5155558327432584
P_LP.2526	0.20385758147838662	0.7961424185216134
P_LP.2527	0.21038021815905128	0.7896197818409487
P_LP.2528	0.04063535824929687	0.9593646417507031
P_LP.2529	0.04750616310259703	0.952493836897403
P_LP.253	0.27461761759411785	0.7253823824058822
P_LP.2530	0.7892202117745328	0.2107797882254672
P_LP.2531	0.09857190780552771	0.9014280921944723
P_LP.2532	0.29710182935708374	0.7028981706429163
P_LP.2533	0.10266950936203534	0.8973304906379647
P_LP.2534	0.7151477854873703	0.28485221451262965
P_LP.2535	0.7200523935581846	0.2799476064418153
P_LP.2536	0.2685707568753951	0.7314292431246049
P_LP.2537	0.26881174186812673	0.7311882581318733
P_LP.2538	0.10979292944341945	0.8902070705565805
P_LP.2539	0.6100137068144627	0.3899862931855374
P_LP.254	0.25912652913184153	0.7408734708681585
P_LP.2540	0.4512739233258345	0.5487260766741655
P_LP.2541	0.27977483743963794	0.7202251625603621
P_LP.2542	0.14555512816450955	0.8544448718354904
P_LP.2543	0.2761812515413522	0.7238187484586478
P_LP.2544	0.4399150226570465	0.5600849773429535
P_LP.2545	0.48622632898924545	0.5137736710107546
P_LP.2546	0.056630427094138236	0.9433695729058618
P_LP.2547	0.18572145398652418	0.8142785460134758
P_LP.2548	0.1227363463746638	0.8772636536253362
P_LP.2549	0.7529270758243156	0.24707292417568436
P_LP.255	0.43071187715387105	0.569288122846129
P_LP.2550	0.2604191236464477	0.7395808763535523
P_LP.2551	0.15407885955672684	0.8459211404432732
P_LP.2552	0.13219726783893926	0.8678027321610607
P_LP.2553	0.06123269797603359	0.9387673020239664
P_LP.2554	0.652378866376483	0.347621133623517
P_LP.2555	0.8587256273858673	0.14127437261413264
P_LP.2556	0.5135864513728077	0.4864135486271923
P_LP.2557	0.11914537192780117	0.8808546280721988
P_LP.2558	0.3315073938514628	0.6684926061485372
P_LP.2559	0.5499141975153281	0.45008580248467195
P_LP.256	0.5776591899198287	0.4223408100801714
P_LP.2560	0.1830779793985975	0.8169220206014025
P_LP.2561	0.04994856249217983	0.9500514375078202
P_LP.2562	0.1993540266639504	0.8006459733360496
P_LP.2563	0.6255546357616926	0.3744453642383075
P_LP.2564	0.28902848848656104	0.710971511513439
P_LP.2565	0.6881241866862686	0.31187581331373143
P_LP.2566	0.7386249023772459	0.2613750976227541
P_LP.2567	0.07945544111557612	0.9205445588844239
P_LP.2568	0.5015957755456136	0.49840422445438637
P_LP.2569	0.10333182509030725	0.8966681749096928
P_LP.257	0.08182161208265504	0.918178387917345
P_LP.2570	0.03348614695926366	0.9665138530407363
P_LP.2572	0.5369419673571632	0.46305803264283685
P_LP.2573	0.6398786162171475	0.3601213837828526
P_LP.2574	0.048535299291238565	0.9514647007087614
P_LP.2575	0.5363360361688345	0.4636639638311654
P_LP.2576	0.39353807248839523	0.6064619275116048
P_LP.2577	0.08511641022962446	0.9148835897703755
P_LP.2578	0.021193557293091025	0.978806442706909
P_LP.2579	0.33285642645565316	0.6671435735443468
P_LP.2581	0.05090196842918593	0.9490980315708141
P_LP.2582	0.0645644672155915	0.9354355327844085
P_LP.2583	0.6855449541628836	0.31445504583711636
P_LP.2584	0.6129192094577247	0.3870807905422753
P_LP.2585	0.734880954537138	0.2651190454628621
P_LP.2586	0.7291039925345042	0.27089600746549586
P_LP.2588	0.20291178546630861	0.7970882145336914
P_LP.2589	0.3905773670403109	0.6094226329596891
P_LP.259	0.2661879290005088	0.7338120709994912
P_LP.2590	0.5246618239537311	0.47533817604626893
P_LP.2591	0.8186191762452965	0.18138082375470352
P_LP.2592	0.7699152451709211	0.2300847548290789
P_LP.2593	0.2478132619960962	0.7521867380039038
P_LP.2594	0.5827762374978168	0.4172237625021832
P_LP.2595	0.5528073740524846	0.44719262594751535
P_LP.2596	0.17549282577989211	0.8245071742201079
P_LP.2597	0.45095187417725735	0.5490481258227426
P_LP.2599	0.8843155445620811	0.1156844554379189
P_LP.26	0.807468114884637	0.19253188511536296
P_LP.2600	0.42364764638159746	0.5763523536184025
P_LP.2603	0.6967862351027904	0.30321376489720964
P_LP.2604	0.9675734481965376	0.03242655180346239
P_LP.2605	0.10380674264699419	0.8961932573530058
P_LP.2606	0.14177192912004566	0.8582280708799543
P_LP.2607	0.1268357747390939	0.8731642252609061
P_LP.2608	0.9805146648838372	0.01948533511616275
P_LP.261	0.8244461003482632	0.17555389965173682
P_LP.2610	0.15097758069422262	0.8490224193057774
P_LP.2611	0.28538000786817397	0.714619992131826
P_LP.2612	0.8655975798346047	0.1344024201653953
P_LP.2613	0.8329449098907856	0.16705509010921435
P_LP.2614	0.11737762623875447	0.8826223737612455
P_LP.2615	0.3349140083475791	0.6650859916524209
P_LP.2616	0.05972330660860936	0.9402766933913906
P_LP.2617	0.017734813952366424	0.9822651860476336
P_LP.2618	0.27036219340433776	0.7296378065956622
P_LP.2619	0.06647378142594162	0.9335262185740584
P_LP.262	0.6437445560969872	0.3562554439030127
P_LP.2621	0.5877070616671832	0.41229293833281677
P_LP.2622	0.027202058071358115	0.9727979419286419
P_LP.2624	0.5120279032758304	0.48797209672416963
P_LP.2627	0.4080802767882805	0.5919197232117195
P_LP.2628	0.5905260456604471	0.40947395433955286
P_LP.2629	0.2945905332661183	0.7054094667338817
P_LP.263	0.26713489592728856	0.7328651040727114
P_LP.2630	0.10219298552765255	0.8978070144723475
P_LP.2631	0.279334147653964	0.720665852346036
P_LP.2632	0.481398995689974	0.518601004310026
P_LP.2633	0.4334638801993429	0.5665361198006571
P_LP.2634	0.4813997846523158	0.5186002153476842
P_LP.2635	0.3619440107418963	0.6380559892581037
P_LP.2637	0.07202941726992484	0.9279705827300752
P_LP.2638	0.08008249912210219	0.9199175008778978
P_LP.264	0.9205814962398113	0.07941850376018869
P_LP.2640	0.27071252547912594	0.7292874745208741
P_LP.2641	0.20042117486671196	0.799578825133288
P_LP.2642	0.18283080470173008	0.8171691952982699
P_LP.2643	0.2687520570576355	0.7312479429423645
P_LP.2644	0.8413857378067923	0.15861426219320776
P_LP.2645	0.2650107339778023	0.7349892660221977
P_LP.2646	0.5693513939845951	0.4306486060154049
P_LP.2647	0.4085665234587762	0.5914334765412238
P_LP.2648	0.33728379174667333	0.6627162082533267
P_LP.265	0.45787324069039104	0.542126759309609
P_LP.2650	0.9547402775011442	0.04525972249885582
P_LP.2651	0.140463220067662	0.859536779932338
P_LP.2652	0.7061537679334864	0.2938462320665136
P_LP.2653	0.22066274069675118	0.7793372593032488
P_LP.2654	0.4176689961312354	0.5823310038687646
P_LP.2655	0.6723671093454523	0.3276328906545477
P_LP.2656	0.91834483255897	0.08165516744102992
P_LP.2657	0.4091530966185286	0.5908469033814714
P_LP.2658	0.017151338174870023	0.98284866182513
P_LP.2659	0.5928087245147089	0.40719127548529116
P_LP.266	0.5410082822884863	0.45899171771151376
P_LP.2660	0.33051987951941675	0.6694801204805833
P_LP.2661	0.11819191407554475	0.8818080859244553
P_LP.2662	0.05655283369366493	0.9434471663063351
P_LP.2663	0.6773168123235969	0.3226831876764031
P_LP.2664	0.6720904558186057	0.3279095441813943
P_LP.2665	0.04397623586047117	0.9560237641395288
P_LP.2666	0.34544483130167747	0.6545551686983225
P_LP.2667	0.5584385069404432	0.44156149305955683
P_LP.2669	0.13273703449431196	0.867262965505688
P_LP.267	0.214316654955108	0.785683345044892
P_LP.2670	0.2339936957292298	0.7660063042707702
P_LP.2671	0.25720390885859024	0.7427960911414098
P_LP.2672	0.10307723585270823	0.8969227641472918
P_LP.2673	0.721776653181366	0.27822334681863403
P_LP.2674	0.6467072988226984	0.3532927011773016
P_LP.2675	0.11473416430358085	0.8852658356964191
P_LP.2676	0.21562601988010077	0.7843739801198992
P_LP.2677	0.5033861503023269	0.496613849697673
P_LP.2678	0.39888209492469295	0.601117905075307
P_LP.2679	0.5593680584821923	0.4406319415178077
P_LP.268	0.44376696001114235	0.5562330399888576
P_LP.2680	0.24382516498350892	0.7561748350164911
P_LP.2682	0.6583724297418534	0.3416275702581466
P_LP.2684	0.3391916489129172	0.6608083510870828
P_LP.2685	0.9590935818063422	0.04090641819365784
P_LP.2686	0.027718052874738497	0.9722819471252615
P_LP.2687	0.5754625241212852	0.4245374758787148
P_LP.2689	0.6501761439130344	0.34982385608696565
P_LP.269	0.9565964051204315	0.043403594879568415
P_LP.2690	0.026749410338750668	0.9732505896612493
P_LP.2691	0.7747539025238106	0.22524609747618937
P_LP.2692	0.2583064542713799	0.7416935457286201
P_LP.2693	0.32723805472908873	0.6727619452709113
P_LP.2694	0.13699884563502351	0.8630011543649765
P_LP.2695	0.11156769188512916	0.8884323081148708
P_LP.2696	0.1286034504818565	0.8713965495181435
P_LP.2697	0.6556008111975604	0.3443991888024396
P_LP.2698	0.08503436538971454	0.9149656346102855
P_LP.2699	0.10501449571820443	0.8949855042817956
P_LP.27	0.8626975344476121	0.13730246555238793
P_LP.270	0.5949332122528843	0.40506678774711563
P_LP.2700	0.19375799459297172	0.8062420054070283
P_LP.2701	0.2282421596826416	0.7717578403173584
P_LP.2702	0.19812471525614195	0.801875284743858
P_LP.2703	0.14885082422816343	0.8511491757718366
P_LP.2704	0.648286544998951	0.35171345500104895
P_LP.2705	0.38540194977269193	0.6145980502273081
P_LP.2706	0.029843517826027233	0.9701564821739728
P_LP.2707	0.43533060515810185	0.5646693948418982
P_LP.2708	0.34051061708171615	0.6594893829182839
P_LP.2709	0.4918332252497032	0.5081667747502968
P_LP.271	0.6933696698852738	0.3066303301147262
P_LP.2710	0.4954458539751546	0.5045541460248454
P_LP.2711	0.1434279198411239	0.8565720801588761
P_LP.2712	0.6825570775167761	0.3174429224832239
P_LP.2713	0.826049663193203	0.17395033680679695
P_LP.2714	0.3607783153201015	0.6392216846798985
P_LP.2715	0.4311708643445613	0.5688291356554387
P_LP.2716	0.3696267169373413	0.6303732830626587
P_LP.2717	0.8672527032754702	0.13274729672452976
P_LP.2718	0.3537161160616581	0.6462838839383419
P_LP.2719	0.10428673970404667	0.8957132602959533
P_LP.272	0.19349029449095712	0.8065097055090429
P_LP.2720	0.091532272547589	0.908467727452411
P_LP.2721	0.29782134616066935	0.7021786538393306
P_LP.2722	0.29850148569935764	0.7014985143006424
P_LP.2723	0.23983756077100382	0.7601624392289962
P_LP.2724	0.9157900692715	0.0842099307285
P_LP.2725	0.4468907158254253	0.5531092841745747
P_LP.2726	0.10195093283747958	0.8980490671625204
P_LP.2727	0.9512871696391841	0.048712830360815904
P_LP.2728	0.37195107799277716	0.6280489220072228
P_LP.2729	0.810805689061691	0.189194310938309
P_LP.273	0.3037339232322722	0.6962660767677278
P_LP.2730	0.4158536505202083	0.5841463494797917
P_LP.2731	0.2328722458426402	0.7671277541573598
P_LP.2732	0.12826851040970144	0.8717314895902986
P_LP.2733	0.2980497617058009	0.7019502382941991
P_LP.2734	0.6570415344391474	0.3429584655608526
P_LP.2735	0.04899378454790149	0.9510062154520985
P_LP.2736	0.06654806855353335	0.9334519314464667
P_LP.2737	0.7975976404059621	0.20240235959403788
P_LP.2738	0.29040157180606974	0.7095984281939303
P_LP.2739	0.3834836523032541	0.6165163476967459
P_LP.274	0.45324284278680127	0.5467571572131987
P_LP.2740	0.3872412076059415	0.6127587923940585
P_LP.2741	0.49401248649839447	0.5059875135016055
P_LP.2742	0.9164820403182669	0.08351795968173319
P_LP.2743	0.11873044381932252	0.8812695561806775
P_LP.2744	0.7384880509445194	0.2615119490554806
P_LP.2745	0.4620641313537003	0.5379358686462997
P_LP.2746	0.3174958151361661	0.6825041848638339
P_LP.2747	0.3763208357455574	0.6236791642544426
P_LP.2748	0.6590273103160399	0.3409726896839601
P_LP.2749	0.11090371315821579	0.8890962868417842
P_LP.275	0.5029593127142248	0.4970406872857752
P_LP.2750	0.5237651654329287	0.4762348345670712
P_LP.2751	0.29039092916789866	0.7096090708321013
P_LP.2752	0.6665085662283288	0.3334914337716713
P_LP.2753	0.1394762146287265	0.8605237853712735
P_LP.2754	0.23672872836366543	0.7632712716363346
P_LP.2755	0.23294214843696426	0.7670578515630357
P_LP.2756	0.5961789050490403	0.4038210949509597
P_LP.2757	0.02459375576887113	0.9754062442311289
P_LP.2758	0.6117112266157332	0.38828877338426687
P_LP.2759	0.9743298907226102	0.025670109277389795
P_LP.276	0.7037806113415369	0.2962193886584631
P_LP.2760	0.2381605850036329	0.7618394149963671
P_LP.2761	0.3393287559356527	0.6606712440643473
P_LP.2763	0.127786685595764	0.872213314404236
P_LP.2764	0.431438455310008	0.568561544689992
P_LP.2765	0.10749576830822638	0.8925042316917736
P_LP.2766	0.6113246846891056	0.38867531531089433
P_LP.2767	0.6946301730701729	0.30536982692982706
P_LP.2768	0.6721847527242946	0.3278152472757054
P_LP.2769	0.19353641229558283	0.8064635877044172
P_LP.277	0.9404950728588747	0.059504927141125284
P_LP.2770	0.43382092742693557	0.5661790725730644
P_LP.2771	0.5283973485168825	0.4716026514831176
P_LP.2772	0.749715205292135	0.25028479470786497
P_LP.2773	0.7162316158589	0.28376838414109995
P_LP.2774	0.00354077010290732	0.9964592298970927
P_LP.2775	0.3607802546257024	0.6392197453742976
P_LP.2776	0.17352632411322222	0.8264736758867778
P_LP.2777	0.2052406045006837	0.7947593954993163
P_LP.2778	0.5444618287451928	0.4555381712548073
P_LP.2779	0.18625709949355695	0.813742900506443
P_LP.278	0.42860657911380495	0.571393420886195
P_LP.2780	0.2441684757726894	0.7558315242273106
P_LP.2781	0.7262191015912935	0.27378089840870645
P_LP.2782	0.18311426017752275	0.8168857398224773
P_LP.2783	0.8260073889162156	0.17399261108378433
P_LP.2785	0.8953333659619687	0.10466663403803131
P_LP.2786	0.020861041158357296	0.9791389588416427
P_LP.2787	0.5338407396458247	0.4661592603541754
P_LP.2788	0.39650074004892	0.60349925995108
P_LP.2789	0.7714966707967678	0.2285033292032322
P_LP.279	0.33744922768348184	0.6625507723165182
P_LP.2790	0.5894235999487445	0.41057640005125545
P_LP.2791	0.7783852262510965	0.2216147737489035
P_LP.2792	0.3036580552760748	0.6963419447239252
P_LP.2793	0.08081419147170077	0.9191858085282992
P_LP.2794	0.8764563677631226	0.1235436322368774
P_LP.2796	0.7703284970563168	0.22967150294368321
P_LP.2797	0.5121561704414959	0.4878438295585042
P_LP.2798	0.5246915088811723	0.47530849111882767
P_LP.2799	0.4678330734669609	0.5321669265330391
P_LP.28	0.8489600922203234	0.1510399077796766
P_LP.280	0.0817156379114028	0.9182843620885972
P_LP.2800	0.13649378174487625	0.8635062182551237
P_LP.2801	0.5755451738571528	0.42445482614284724
P_LP.2802	0.0699662417813599	0.9300337582186401
P_LP.2803	0.3295281114597536	0.6704718885402464
P_LP.2804	0.21906984885463365	0.7809301511453663
P_LP.2805	0.7299019621928002	0.27009803780719976
P_LP.2806	0.8290963475034016	0.17090365249659842
P_LP.2807	0.7493485303209307	0.25065146967906926
P_LP.281	0.46907865211904765	0.5309213478809524
P_LP.2810	0.2107491569456762	0.7892508430543238
P_LP.2811	0.6081558755227058	0.3918441244772942
P_LP.2812	0.5537109221063228	0.4462890778936772
P_LP.2813	0.8122269819622747	0.18777301803772523
P_LP.2814	0.8586134538890973	0.1413865461109027
P_LP.2815	0.9426780884556283	0.05732191154437174
P_LP.2816	0.5953447955295914	0.40465520447040854
P_LP.2817	0.9013468279984859	0.09865317200151413
P_LP.2818	0.0297315924502638	0.9702684075497362
P_LP.2819	0.3348272604741246	0.6651727395258754
P_LP.282	0.25847944179797977	0.7415205582020202
P_LP.2820	0.29138123890170564	0.7086187610982944
P_LP.2821	0.32999085190538513	0.6700091480946149
P_LP.2822	0.3096760721361096	0.6903239278638904
P_LP.2823	0.47034416193058093	0.5296558380694191
P_LP.2824	0.26470599781231796	0.735294002187682
P_LP.2826	0.3444603685307218	0.6555396314692782
P_LP.2827	0.6684918759970457	0.3315081240029542
P_LP.2828	0.5335103494741241	0.4664896505258759
P_LP.2829	0.6912734387016606	0.3087265612983394
P_LP.283	0.6621665338711322	0.33783346612886783
P_LP.2830	0.6994493581724045	0.3005506418275955
P_LP.2831	0.9502301814155415	0.04976981858445849
P_LP.2832	0.12418796190497383	0.8758120380950262
P_LP.2833	0.1373118172335085	0.8626881827664915
P_LP.2834	0.3644979933289205	0.6355020066710795
P_LP.2835	0.7429499236964592	0.2570500763035408
P_LP.2836	0.6659347518924049	0.3340652481075951
P_LP.2837	0.6930111403071965	0.30698885969280354
P_LP.2838	0.5554664767475699	0.4445335232524301
P_LP.2839	0.5050748637188184	0.4949251362811816
P_LP.284	0.8581442073385372	0.14185579266146273
P_LP.2840	0.7654045125722005	0.23459548742779948
P_LP.2841	0.18452862114214008	0.8154713788578599
P_LP.2842	0.4748868233297864	0.5251131766702136
P_LP.2843	0.3238792155803901	0.6761207844196099
P_LP.2844	0.7536561697533881	0.24634383024661186
P_LP.2845	0.8620700313905649	0.13792996860943504
P_LP.2847	0.6325536415429347	0.36744635845706525
P_LP.2848	0.3044537271212915	0.6955462728787085
P_LP.2849	0.440149428480315	0.559850571519685
P_LP.285	0.8064851077739319	0.19351489222606805
P_LP.2850	0.7525465518536119	0.24745344814638817
P_LP.2851	0.4253607632663514	0.5746392367336486
P_LP.2852	0.4558896654678506	0.5441103345321494
P_LP.2853	0.8415053415719409	0.15849465842805907
P_LP.2854	0.5076744536738123	0.4923255463261878
P_LP.2855	0.12171187092156155	0.8782881290784385
P_LP.2856	0.43386715051657276	0.5661328494834272
P_LP.2857	0.7113160553922002	0.28868394460779984
P_LP.2858	0.8169336942925598	0.18306630570744026
P_LP.2859	0.3558508503878144	0.6441491496121856
P_LP.286	0.3036095111306536	0.6963904888693464
P_LP.2860	0.5883092925794228	0.41169070742057723
P_LP.2861	0.9444401061102821	0.055559893889717944
P_LP.2862	0.577915907781571	0.422084092218429
P_LP.2863	0.3717496206221058	0.6282503793778942
P_LP.2864	0.508660400607637	0.4913395993923631
P_LP.2865	0.5246632077197895	0.4753367922802105
P_LP.2866	0.7211672135173695	0.2788327864826305
P_LP.2867	0.6218920850094007	0.37810791499059926
P_LP.2868	0.5510783690885683	0.44892163091143167
P_LP.2869	0.4700983815849984	0.5299016184150016
P_LP.287	0.21774571066375314	0.7822542893362469
P_LP.2870	0.027688312572026974	0.972311687427973
P_LP.2871	0.19649324077838792	0.8035067592216121
P_LP.2872	0.563628419051279	0.43637158094872097
P_LP.2873	0.35022189868529685	0.6497781013147031
P_LP.2874	0.13775841202460715	0.8622415879753929
P_LP.2875	0.5217578624407144	0.4782421375592855
P_LP.2876	0.45718106391670654	0.5428189360832935
P_LP.2877	0.17725836877959178	0.8227416312204082
P_LP.2878	0.536634357748544	0.46336564225145604
P_LP.2879	0.26609096925866127	0.7339090307413387
P_LP.288	0.9570523678771946	0.04294763212280543
P_LP.2880	0.8045946235887567	0.19540537641124334
P_LP.2881	0.4069571772856202	0.5930428227143798
P_LP.2882	0.26930398353210516	0.7306960164678948
P_LP.2883	0.42481639083246436	0.5751836091675356
P_LP.2884	0.25655760408835004	0.74344239591165
P_LP.2885	0.3060310396560336	0.6939689603439664
P_LP.2886	0.6855936852022007	0.3144063147977993
P_LP.2887	0.8342935253687572	0.16570647463124277
P_LP.2889	0.38924388940111376	0.6107561105988862
P_LP.289	0.8279827994457164	0.1720172005542836
P_LP.2890	0.3660890148532585	0.6339109851467415
P_LP.2891	0.8719725515235038	0.1280274484764962
P_LP.2892	0.9501450662337045	0.049854933766295496
P_LP.2893	0.7877838468682657	0.21221615313173423
P_LP.2894	0.3429082524652399	0.6570917475347601
P_LP.2895	0.28256958866711723	0.7174304113328828
P_LP.2896	0.5381236207013163	0.4618763792986838
P_LP.2897	0.43384268222077504	0.566157317779225
P_LP.2898	0.7585446751574461	0.241455324842554
P_LP.2899	0.10607255988332087	0.8939274401166791
P_LP.29	0.11020164214360251	0.8897983578563975
P_LP.290	0.6534784041896926	0.3465215958103074
P_LP.2900	0.20893160966968838	0.7910683903303116
P_LP.2901	0.7557059388734487	0.24429406112655128
P_LP.2903	0.1335648193978961	0.8664351806021039
P_LP.2904	0.0557380680717805	0.9442619319282195
P_LP.2905	0.8792230081229185	0.12077699187708148
P_LP.2906	0.07509650218813513	0.9249034978118649
P_LP.2907	0.46618687699262806	0.5338131230073719
P_LP.2908	0.3209185883713934	0.6790814116286066
P_LP.2909	0.8311655977428143	0.16883440225718577
P_LP.291	0.972082013135438	0.027917986864562042
P_LP.2910	0.28032763983660125	0.7196723601633987
P_LP.2911	0.7357017874857551	0.2642982125142449
P_LP.2912	0.6776159825466385	0.32238401745336154
P_LP.2913	0.9588871495616871	0.04111285043831287
P_LP.2914	0.4575627772301136	0.5424372227698864
P_LP.2915	0.613806258067115	0.386193741932885
P_LP.2916	0.5008738238119282	0.49912617618807176
P_LP.2917	0.1343222712448694	0.8656777287551306
P_LP.2918	0.3783759090230385	0.6216240909769615
P_LP.292	0.333004666523963	0.666995333476037
P_LP.2920	0.9507903508937351	0.049209649106264894
P_LP.2921	0.7095714239743987	0.29042857602560135
P_LP.2922	0.6991321443855485	0.30086785561445145
P_LP.2923	0.056781984346862546	0.9432180156531375
P_LP.2924	0.4051540878777371	0.5948459121222629
P_LP.2925	0.6445632568684643	0.3554367431315358
P_LP.2926	0.9339865481199499	0.06601345188005016
P_LP.2927	0.46451253471393383	0.5354874652860662
P_LP.2928	0.6030451790626581	0.39695482093734186
P_LP.2929	0.21392960812900763	0.7860703918709924
P_LP.293	0.14741075147295912	0.8525892485270409
P_LP.2930	0.14628404808339845	0.8537159519166015
P_LP.2931	0.9673592873592587	0.032640712640741296
P_LP.2933	0.7601782983621022	0.2398217016378978
P_LP.2935	0.1317334768442675	0.8682665231557325
P_LP.2936	0.6439192973395809	0.3560807026604191
P_LP.2937	0.6807780441301974	0.31922195586980256
P_LP.2938	0.09872487559782239	0.9012751244021776
P_LP.2939	0.6693366916847514	0.3306633083152486
P_LP.294	0.43466085519500386	0.5653391448049961
P_LP.2940	0.8914760049965501	0.10852399500344988
P_LP.2941	0.12646921870626704	0.873530781293733
P_LP.2942	0.1918340945211584	0.8081659054788416
P_LP.2943	0.2004458947335147	0.7995541052664853
P_LP.2944	0.3590086048849839	0.6409913951150161
P_LP.2945	0.30297226892756457	0.6970277310724354
P_LP.2946	0.8031272698290393	0.19687273017096077
P_LP.2947	0.4493089290249487	0.5506910709750513
P_LP.2948	0.18390554406928938	0.8160944559307106
P_LP.2949	0.5010422989062403	0.4989577010937597
P_LP.295	0.6269185952338948	0.3730814047661052
P_LP.2950	0.21954024543585227	0.7804597545641477
P_LP.2951	0.24328722644191192	0.7567127735580881
P_LP.2952	0.35726065454561406	0.6427393454543859
P_LP.2953	0.5277250737072094	0.4722749262927906
P_LP.2954	0.19481767919857973	0.8051823208014203
P_LP.2955	0.06514660116658644	0.9348533988334136
P_LP.2956	0.26269752705682126	0.7373024729431787
P_LP.2957	0.2915628432277394	0.7084371567722606
P_LP.2958	0.296799532686045	0.703200467313955
P_LP.2959	0.1969997346726684	0.8030002653273316
P_LP.296	0.626535031103826	0.3734649688961739
P_LP.2961	0.6999182716998134	0.30008172830018665
P_LP.2964	0.37343227637211907	0.6265677236278809
P_LP.2965	0.49350382757067435	0.5064961724293257
P_LP.2966	0.6001475471638351	0.3998524528361649
P_LP.2967	0.1439360380723428	0.8560639619276572
P_LP.2968	0.6567257374772126	0.34327426252278737
P_LP.2969	0.1950531914537338	0.8049468085462662
P_LP.297	0.9072053116804987	0.09279468831950129
P_LP.2970	0.5480585439165093	0.4519414560834907
P_LP.2971	0.038287490869591156	0.9617125091304088
P_LP.2972	0.5507681677075278	0.4492318322924722
P_LP.2973	0.5551788093493311	0.444821190650669
P_LP.2974	0.9527850098454684	0.04721499015453162
P_LP.2975	0.7679128715174842	0.23208712848251575
P_LP.2976	0.047676939778599214	0.9523230602214008
P_LP.2977	0.4201223429191696	0.5798776570808304
P_LP.2978	0.07269911841284549	0.9273008815871545
P_LP.298	0.07022347306738874	0.9297765269326113
P_LP.2980	0.2663045568241209	0.7336954431758791
P_LP.2981	0.031083696912165504	0.9689163030878345
P_LP.2982	0.6360785446416781	0.36392145535832193
P_LP.2983	0.39515338503844666	0.6048466149615533
P_LP.2984	0.8063111135444299	0.1936888864555702
P_LP.2985	0.9074021212322644	0.09259787876773563
P_LP.2986	0.6666618461449408	0.33333815385505916
P_LP.2987	0.14359549747526146	0.8564045025247385
P_LP.2988	0.15402399079101436	0.8459760092089856
P_LP.2989	0.5559656981750727	0.44403430182492737
P_LP.299	0.7422497431623917	0.2577502568376083
P_LP.2990	0.0907674793400226	0.9092325206599774
P_LP.2991	0.29091023273053707	0.7090897672694629
P_LP.2992	0.44393300428274896	0.556066995717251
P_LP.2993	0.7842605147183761	0.21573948528162387
P_LP.2994	0.36895770797323557	0.6310422920267644
P_LP.2995	0.34446526374295494	0.6555347362570451
P_LP.2996	0.49184490135936576	0.5081550986406342
P_LP.2997	0.14745732941464118	0.8525426705853588
P_LP.2998	0.37327977552532743	0.6267202244746726
P_LP.2999	0.5149936536252793	0.4850063463747208
P_LP.3	0.13808711666953122	0.8619128833304688
P_LP.30	0.932546545347081	0.06745345465291892
P_LP.300	0.2100439915643233	0.7899560084356767
P_LP.3000	0.06163381323240569	0.9383661867675943
P_LP.3001	0.5319096065625788	0.46809039343742126
P_LP.3002	0.8599619979904312	0.1400380020095689
P_LP.3003	0.30356660937759716	0.6964333906224028
P_LP.3004	0.807646020021395	0.19235397997860504
P_LP.3005	0.06394054397198445	0.9360594560280155
P_LP.3006	0.47914081925718055	0.5208591807428194
P_LP.3007	0.16127776901125135	0.8387222309887487
P_LP.3008	0.7022719934733125	0.2977280065266875
P_LP.3009	0.23133454286769128	0.7686654571323087
P_LP.301	0.6649989756421752	0.33500102435782475
P_LP.3010	0.6529683419742005	0.3470316580257995
P_LP.3011	0.5416941808701762	0.4583058191298238
P_LP.3012	0.5009951762174341	0.499004823782566
P_LP.3013	0.7109514216453015	0.2890485783546985
P_LP.3014	0.9283692686385608	0.07163073136143913
P_LP.3015	0.5913942331878701	0.40860576681212996
P_LP.3016	0.030946599549745546	0.9690534004502545
P_LP.3018	0.7884789217700544	0.2115210782299456
P_LP.3019	0.13223991552875258	0.8677600844712474
P_LP.302	0.5980984043867088	0.4019015956132912
P_LP.3021	0.20987561821209433	0.7901243817879057
P_LP.3022	0.09156899404754948	0.9084310059524505
P_LP.3023	0.26054559051807136	0.7394544094819286
P_LP.3024	0.7180764687122261	0.28192353128777387
P_LP.3025	0.17100705658483095	0.828992943415169
P_LP.3026	0.24510981690030975	0.7548901830996902
P_LP.3027	0.43169075662955136	0.5683092433704486
P_LP.3028	0.42794702457874945	0.5720529754212506
P_LP.3029	0.7030748363705489	0.2969251636294511
P_LP.303	0.15957061661785166	0.8404293833821483
P_LP.3032	0.05879304647702699	0.941206953522973
P_LP.3033	0.07516725541397395	0.924832744586026
P_LP.3034	0.3727261817158537	0.6272738182841463
P_LP.3035	0.5441553827862685	0.4558446172137315
P_LP.3036	0.32378175097264916	0.6762182490273508
P_LP.3037	0.16711386190596955	0.8328861380940304
P_LP.3038	0.7306286675937879	0.26937133240621214
P_LP.3039	0.08711399813031895	0.912886001869681
P_LP.304	0.9690858580881855	0.030914141911814474
P_LP.3040	0.4083138796273259	0.5916861203726741
P_LP.3041	0.2053300198939393	0.7946699801060607
P_LP.3042	0.667163387317668	0.332836612682332
P_LP.3043	0.5700432614916287	0.4299567385083713
P_LP.3044	0.5383437875676054	0.4616562124323947
P_LP.3045	0.3387772549793734	0.6612227450206266
P_LP.3046	0.9277648433850726	0.07223515661492745
P_LP.3047	0.4226204933584462	0.5773795066415538
P_LP.3048	0.18823208644042955	0.8117679135595705
P_LP.3049	0.4074438298689306	0.5925561701310694
P_LP.305	0.20632124149792352	0.7936787585020765
P_LP.3050	0.05926356440970437	0.9407364355902956
P_LP.3051	0.44502188923844	0.55497811076156
P_LP.3052	0.07786261843484199	0.922137381565158
P_LP.3053	0.28628913249808174	0.7137108675019183
P_LP.3054	0.7348344423232069	0.26516555767679306
P_LP.3055	0.34573749816270527	0.6542625018372947
P_LP.3056	0.11612533942059089	0.8838746605794091
P_LP.3057	0.6641178777183283	0.33588212228167164
P_LP.3059	0.4768020499650918	0.5231979500349082
P_LP.306	0.34607871572366555	0.6539212842763344
P_LP.3060	0.3804163217375318	0.6195836782624682
P_LP.3061	0.33265680727721225	0.6673431927227877
P_LP.3062	0.08673846930820939	0.9132615306917906
P_LP.3063	0.2914531677591211	0.7085468322408789
P_LP.3064	0.21523570022139515	0.7847642997786048
P_LP.3065	0.6518679723051831	0.3481320276948169
P_LP.3066	0.7283638527354459	0.27163614726455404
P_LP.3067	0.5228943857916646	0.47710561420833536
P_LP.3068	0.5657894152771725	0.4342105847228275
P_LP.3069	0.23164972640240877	0.7683502735975912
P_LP.307	0.21550758396160985	0.7844924160383902
P_LP.3070	0.4883459085385613	0.5116540914614387
P_LP.3071	0.8752058551929547	0.12479414480704536
P_LP.3072	0.14704027295664202	0.852959727043358
P_LP.3073	0.33075104356501106	0.6692489564349889
P_LP.3074	0.7987931007716637	0.20120689922833637
P_LP.3075	0.04930009983184502	0.950699900168155
P_LP.3076	0.26513221594370084	0.7348677840562992
P_LP.3077	0.677661998265634	0.322338001734366
P_LP.3078	0.7027562897644044	0.29724371023559565
P_LP.308	0.563259089039641	0.43674091096035905
P_LP.3081	0.8098207410288951	0.19017925897110485
P_LP.3082	0.8538391568259376	0.14616084317406244
P_LP.3083	0.18539152678063398	0.814608473219366
P_LP.3084	0.045504056820466765	0.9544959431795332
P_LP.3085	0.4102924790907987	0.5897075209092013
P_LP.3086	0.4123849673079648	0.5876150326920352
P_LP.3087	0.7532766236750659	0.2467233763249341
P_LP.3088	0.3812545389656733	0.6187454610343267
P_LP.3089	0.4510655123473105	0.5489344876526895
P_LP.309	0.5331219747064634	0.4668780252935366
P_LP.3091	0.08232976609707021	0.9176702339029298
P_LP.3092	0.6350976188689217	0.36490238113107837
P_LP.3093	0.01632490322829583	0.9836750967717042
P_LP.3094	0.766031198771674	0.233968801228326
P_LP.3095	0.24289949076546202	0.757100509234538
P_LP.3096	0.7586660248127054	0.24133397518729457
P_LP.3098	0.964842567599754	0.03515743240024603
P_LP.31	0.25866045443237684	0.7413395455676232
P_LP.310	0.917208252864882	0.08279174713511801
P_LP.3100	0.7478533845005066	0.25214661549949335
P_LP.3101	0.1998785847351774	0.8001214152648226
P_LP.3102	0.5362505199118064	0.46374948008819367
P_LP.3103	0.8356858175571871	0.16431418244281287
P_LP.3104	0.418408849649456	0.581591150350544
P_LP.3105	0.5254663504762396	0.47453364952376037
P_LP.3106	0.8579093725983188	0.1420906274016812
P_LP.3108	0.39413047404402657	0.6058695259559734
P_LP.3109	0.19380115059418512	0.8061988494058149
P_LP.3110	0.34993295369590316	0.6500670463040968
P_LP.3111	0.7594331630234954	0.24056683697650458
P_LP.3112	0.8761244095390088	0.12387559046099116
P_LP.3114	0.8610949482448739	0.1389050517551261
P_LP.3115	0.3118042201069422	0.6881957798930578
P_LP.3116	0.39217562292428065	0.6078243770757193
P_LP.3117	0.06003433711827444	0.9399656628817256
P_LP.3118	0.10646611398801187	0.8935338860119881
P_LP.3119	0.4946277728914913	0.5053722271085087
P_LP.312	0.20815680565301586	0.7918431943469841
P_LP.3120	0.4258273045283124	0.5741726954716876
P_LP.3121	0.4630648923044506	0.5369351076955494
P_LP.3122	0.8244934845902525	0.1755065154097475
P_LP.3123	0.12828528071817424	0.8717147192818258
P_LP.3124	0.851160335997666	0.1488396640023339
P_LP.3125	0.21542005552768329	0.7845799444723167
P_LP.3126	0.12005672485280305	0.879943275147197
P_LP.3127	0.7943867347919624	0.2056132652080376
P_LP.3128	0.4682030436372614	0.5317969563627386
P_LP.3129	0.9480305822802193	0.05196941771978071
P_LP.313	0.0624959595684752	0.9375040404315248
P_LP.3130	0.05867752565363937	0.9413224743463606
P_LP.3131	0.7064550089003976	0.29354499109960247
P_LP.3132	0.3422552709468608	0.6577447290531392
P_LP.3133	0.3066399272926623	0.6933600727073377
P_LP.3134	0.1603462509253667	0.8396537490746333
P_LP.3135	0.9627510449214441	0.03724895507855588
P_LP.3136	0.5293362868854867	0.47066371311451327
P_LP.3138	0.03214324303483285	0.9678567569651672
P_LP.314	0.06060522414636005	0.93939477585364
P_LP.3140	0.19618474707741362	0.8038152529225864
P_LP.3141	0.1538048105235741	0.8461951894764259
P_LP.3142	0.47964543018000005	0.52035456982
P_LP.3143	0.5617922588789757	0.43820774112102434
P_LP.3144	0.5330664108845454	0.4669335891154546
P_LP.3145	0.7317609528630866	0.2682390471369133
P_LP.3146	0.15957614875619608	0.8404238512438039
P_LP.3147	0.12691375712895725	0.8730862428710428
P_LP.3148	0.30846735215836585	0.6915326478416342
P_LP.3149	0.33532042964220254	0.6646795703577975
P_LP.315	0.0989422911565957	0.9010577088434043
P_LP.3150	0.4107501573704285	0.5892498426295715
P_LP.3151	0.4222463317070152	0.5777536682929848
P_LP.3152	0.39947667536347364	0.6005233246365264
P_LP.3153	0.16205736927743652	0.8379426307225635
P_LP.3154	0.35837257512090936	0.6416274248790906
P_LP.3155	0.6267495895132191	0.3732504104867809
P_LP.3156	0.476778856857936	0.523221143142064
P_LP.3157	0.25599639206814173	0.7440036079318583
P_LP.3158	0.12384595946178845	0.8761540405382116
P_LP.3159	0.24058770710358957	0.7594122928964104
P_LP.316	0.6282729933663149	0.371727006633685
P_LP.3160	0.4517223865694303	0.5482776134305697
P_LP.3161	0.1953384739728733	0.8046615260271267
P_LP.3162	0.9209515826063447	0.07904841739365534
P_LP.3163	0.7629018673204234	0.23709813267957658
P_LP.3164	0.3471614388813875	0.6528385611186125
P_LP.3165	0.6336791123099772	0.3663208876900228
P_LP.3166	0.14914231805728528	0.8508576819427147
P_LP.3167	0.25562869518008835	0.7443713048199116
P_LP.3168	0.5615160759115834	0.4384839240884167
P_LP.3169	0.9330145613011621	0.06698543869883787
P_LP.317	0.5797630941053354	0.42023690589466456
P_LP.3170	0.37455314928411476	0.6254468507158852
P_LP.3171	0.4284981102543045	0.5715018897456955
P_LP.3172	0.11630058252731845	0.8836994174726815
P_LP.3173	0.7357325270680858	0.2642674729319142
P_LP.3174	0.3795780694353277	0.6204219305646723
P_LP.3175	0.5873113760981922	0.4126886239018078
P_LP.3176	0.39968251679122757	0.6003174832087724
P_LP.3177	0.37401527275177415	0.6259847272482258
P_LP.3178	0.5638131422583991	0.43618685774160093
P_LP.3179	0.5854809859123343	0.41451901408766567
P_LP.318	0.07396456053791622	0.9260354394620838
P_LP.3180	0.0463619950128481	0.9536380049871519
P_LP.3181	0.1945069253931897	0.8054930746068103
P_LP.3184	0.4446821771148982	0.5553178228851018
P_LP.3185	0.23731761736155643	0.7626823826384436
P_LP.3187	0.08379933325914612	0.9162006667408539
P_LP.319	0.22990794961107708	0.7700920503889229
P_LP.3190	0.19707022877223068	0.8029297712277693
P_LP.3191	0.4493596650239854	0.5506403349760146
P_LP.3192	0.5186024587162887	0.48139754128371126
P_LP.3193	0.18192371446907996	0.81807628553092
P_LP.3194	0.051851290094219404	0.9481487099057806
P_LP.3195	0.4651303060679881	0.5348696939320119
P_LP.3196	0.6795943958555001	0.3204056041444999
P_LP.3197	0.20054234863854337	0.7994576513614566
P_LP.3198	0.2329638492552094	0.7670361507447906
P_LP.32	0.2041021663469924	0.7958978336530076
P_LP.320	0.26497437598270046	0.7350256240172995
P_LP.3200	0.7677309833525068	0.23226901664749325
P_LP.3201	0.9384773419755925	0.061522658024407505
P_LP.3202	0.5845070629807874	0.4154929370192126
P_LP.3203	0.8878664113997038	0.11213358860029617
P_LP.3204	0.33230396890309777	0.6676960310969022
P_LP.3205	0.670083144278669	0.32991685572133106
P_LP.3206	0.9278406017263966	0.0721593982736034
P_LP.3207	0.48784403163336476	0.5121559683666352
P_LP.3208	0.4002464737502218	0.5997535262497782
P_LP.3209	0.9630466979543593	0.0369533020456407
P_LP.321	0.21930052694106694	0.7806994730589331
P_LP.3210	0.31316857911210705	0.686831420887893
P_LP.3211	0.7737423332331133	0.22625766676688677
P_LP.3212	0.4217052741021199	0.5782947258978801
P_LP.3213	0.4083881111019405	0.5916118888980595
P_LP.3215	0.7427897864080013	0.25721021359199864
P_LP.3218	0.2628333359875712	0.7371666640124288
P_LP.322	0.34231902792916713	0.6576809720708329
P_LP.3220	0.32485770771795075	0.6751422922820493
P_LP.3221	0.5466073802345348	0.45339261976546513
P_LP.3222	0.5587309283245709	0.44126907167542906
P_LP.3223	0.6419264341377106	0.35807356586228944
P_LP.3226	0.21468857409176378	0.7853114259082362
P_LP.3228	0.9324221189687357	0.0675778810312643
P_LP.3229	0.17283766203779494	0.8271623379622051
P_LP.323	0.6157912311929545	0.38420876880704546
P_LP.3230	0.5105705858533047	0.4894294141466952
P_LP.3231	0.6194769676435719	0.3805230323564282
P_LP.3232	0.25193465894772715	0.7480653410522728
P_LP.3233	0.5934980655106254	0.4065019344893746
P_LP.3235	0.7654047954152834	0.23459520458471655
P_LP.3236	0.4740441099022228	0.5259558900977772
P_LP.3237	0.455903162598824	0.544096837401176
P_LP.3239	0.7605290538889271	0.23947094611107292
P_LP.324	0.07043493620766805	0.929565063792332
P_LP.3240	0.8229538073004595	0.17704619269954044
P_LP.3241	0.15663601529656235	0.8433639847034377
P_LP.3244	0.8359822580555051	0.16401774194449495
P_LP.3245	0.6009542238666283	0.39904577613337167
P_LP.3246	0.1327009779022743	0.8672990220977257
P_LP.3247	0.8792291349196354	0.12077086508036461
P_LP.3249	0.6269503849868222	0.3730496150131778
P_LP.325	0.08183454069310692	0.9181654593068931
P_LP.3250	0.343377676427828	0.656622323572172
P_LP.3251	0.33188559381808536	0.6681144061819146
P_LP.3252	0.25722638886658955	0.7427736111334104
P_LP.3254	0.8927669632032741	0.10723303679672593
P_LP.3255	0.01329957094133094	0.9867004290586691
P_LP.3256	0.48256547488554813	0.5174345251144519
P_LP.3257	0.8486140177126367	0.15138598228736336
P_LP.3258	0.6413504239634114	0.35864957603658865
P_LP.326	0.11133203977110295	0.888667960228897
P_LP.3260	0.2607091626171363	0.7392908373828637
P_LP.3261	0.692466912440844	0.3075330875591559
P_LP.3262	0.3833593617950287	0.6166406382049713
P_LP.3264	0.17536212655500905	0.824637873444991
P_LP.3267	0.20635817534682355	0.7936418246531765
P_LP.3268	0.8976277395689307	0.1023722604310693
P_LP.3269	0.6411663121080298	0.3588336878919703
P_LP.327	0.2869943173463586	0.7130056826536414
P_LP.3271	0.7037163939823927	0.29628360601760734
P_LP.3272	0.24937338976194945	0.7506266102380506
P_LP.3273	0.2243839909603781	0.7756160090396219
P_LP.3275	0.1852041841182549	0.8147958158817451
P_LP.3276	0.23712590922283716	0.7628740907771628
P_LP.3277	0.007651399888222277	0.9923486001117777
P_LP.3278	0.8346529577821775	0.16534704221782245
P_LP.328	0.7411396143908626	0.2588603856091373
P_LP.3281	0.37361305484451257	0.6263869451554874
P_LP.3282	0.23862003409450616	0.7613799659054938
P_LP.3283	0.569579325510696	0.430420674489304
P_LP.3284	0.08119963638290406	0.9188003636170959
P_LP.3286	0.8092020907938848	0.19079790920611517
P_LP.3287	0.23329054770624036	0.7667094522937596
P_LP.3288	0.32421333739618297	0.675786662603817
P_LP.3289	0.3907616186509364	0.6092383813490636
P_LP.329	0.3403705970647878	0.6596294029352122
P_LP.3290	0.16516270438704728	0.8348372956129527
P_LP.3291	0.36096016451823254	0.6390398354817675
P_LP.3292	0.047984841770999265	0.9520151582290007
P_LP.3293	0.07398698377718349	0.9260130162228165
P_LP.3294	0.7002593493888053	0.2997406506111947
P_LP.3295	0.6018152228721184	0.3981847771278816
P_LP.3296	0.23731204407989281	0.7626879559201072
P_LP.3297	0.08226170682408807	0.9177382931759119
P_LP.33	0.8905052095717035	0.10949479042829645
P_LP.331	0.23462157393017635	0.7653784260698236
P_LP.332	0.9668237574255939	0.03317624257440609
P_LP.333	0.697077290256995	0.30292270974300495
P_LP.334	0.8848841624465253	0.1151158375534746
P_LP.335	0.570767411077146	0.429232588922854
P_LP.336	0.28349329986693794	0.7165067001330621
P_LP.337	0.6274432151573172	0.37255678484268284
P_LP.338	0.05670714401220944	0.9432928559877906
P_LP.339	0.0885891354139462	0.9114108645860538
P_LP.34	0.5962102551360136	0.4037897448639864
P_LP.340	0.4909504450122424	0.5090495549877576
P_LP.341	0.64082767135192	0.35917232864808
P_LP.342	0.8289916129363815	0.1710083870636185
P_LP.343	0.5603762056504966	0.43962379434950344
P_LP.344	0.8061573180170791	0.19384268198292093
P_LP.345	0.6472691848593872	0.3527308151406127
P_LP.347	0.06958514886222311	0.9304148511377769
P_LP.348	0.8607687669944774	0.13923123300552262
P_LP.349	0.042852144024656647	0.9571478559753434
P_LP.35	0.6857231725408988	0.3142768274591013
P_LP.350	0.8760195226322045	0.12398047736779555
P_LP.351	0.3693487055926681	0.6306512944073319
P_LP.352	0.6942411146933148	0.30575888530668516
P_LP.353	0.6516454999393078	0.34835450006069224
P_LP.354	0.7105805817799024	0.28941941822009765
P_LP.355	0.3240230695456977	0.6759769304543023
P_LP.356	0.39211274399767115	0.6078872560023288
P_LP.357	0.3647776531195196	0.6352223468804804
P_LP.358	0.24985242153064902	0.750147578469351
P_LP.359	0.11325745248302721	0.8867425475169728
P_LP.36	0.43945969778075356	0.5605403022192464
P_LP.360	0.5667723797957509	0.43322762020424904
P_LP.361	0.7936623022259617	0.20633769777403835
P_LP.362	0.45677614840222525	0.5432238515977748
P_LP.363	0.03546537276397188	0.9645346272360281
P_LP.364	0.6038066450720532	0.3961933549279469
P_LP.365	0.41863527208294116	0.5813647279170588
P_LP.366	0.37235111550052136	0.6276488844994786
P_LP.367	0.20172964997610154	0.7982703500238985
P_LP.368	0.8194945404030395	0.18050545959696054
P_LP.369	0.42515592288428294	0.5748440771157171
P_LP.37	0.058631866538624955	0.941368133461375
P_LP.371	0.4313421417774058	0.5686578582225942
P_LP.372	0.13981090497162363	0.8601890950283764
P_LP.373	0.08805537746955161	0.9119446225304484
P_LP.374	0.34971878591940386	0.6502812140805961
P_LP.375	0.5267071682510037	0.4732928317489963
P_LP.376	0.9452739461080865	0.054726053891913526
P_LP.377	0.634238518195718	0.3657614818042821
P_LP.378	0.7733796361760695	0.22662036382393044
P_LP.379	0.6202644272711102	0.37973557272888975
P_LP.38	0.008222189014969294	0.9917778109850307
P_LP.380	0.1723430405769968	0.8276569594230032
P_LP.381	0.8116909734963016	0.18830902650369835
P_LP.382	0.27940249883695156	0.7205975011630484
P_LP.383	0.8960934110293729	0.10390658897062711
P_LP.384	0.6697820921886547	0.3302179078113453
P_LP.385	0.40444940153206654	0.5955505984679335
P_LP.386	0.5877569648208614	0.41224303517913863
P_LP.387	0.1629523647724801	0.8370476352275199
P_LP.388	0.3717345681602685	0.6282654318397315
P_LP.39	0.7835458760738097	0.21645412392619032
P_LP.390	0.7660133365400376	0.2339866634599624
P_LP.391	0.8306376442774135	0.16936235572258648
P_LP.392	0.7450239028524555	0.2549760971475445
P_LP.393	0.23703439620232525	0.7629656037976748
P_LP.394	0.6586758702253511	0.3413241297746489
P_LP.395	0.10892189251999773	0.8910781074800023
P_LP.396	0.10537252270345265	0.8946274772965473
P_LP.397	0.7382532761270801	0.2617467238729198
P_LP.398	0.054166696525006275	0.9458333034749937
P_LP.399	0.5540412994648711	0.4459587005351289
P_LP.4	0.16229905239690257	0.8377009476030974
P_LP.40	0.21956116688329874	0.7804388331167013
P_LP.400	0.31551967149956694	0.684480328500433
P_LP.401	0.2925920205848679	0.7074079794151321
P_LP.402	0.12639148279372858	0.8736085172062714
P_LP.403	0.5663334243870336	0.4336665756129664
P_LP.404	0.9132831588342274	0.08671684116577263
P_LP.405	0.16974478703049667	0.8302552129695033
P_LP.406	0.8579353110371261	0.14206468896287397
P_LP.407	0.9481257655284542	0.051874234471545835
P_LP.408	0.6760843205462578	0.3239156794537422
P_LP.409	0.27327234300421965	0.7267276569957803
P_LP.41	0.8324321510885276	0.16756784891147233
P_LP.410	0.8239570859455272	0.17604291405447278
P_LP.411	0.5924316031649373	0.4075683968350628
P_LP.412	0.2879132384200853	0.7120867615799147
P_LP.413	0.5699650399744596	0.4300349600255405
P_LP.414	0.3293442581862771	0.6706557418137229
P_LP.415	0.3082893757766185	0.6917106242233815
P_LP.416	0.8213191726489304	0.17868082735106955
P_LP.417	0.07726594343090121	0.9227340565690988
P_LP.418	0.5736584549463339	0.426341545053666
P_LP.419	0.38587852477432116	0.6141214752256788
P_LP.42	0.20652131975172605	0.793478680248274
P_LP.420	0.4903912915674915	0.5096087084325085
P_LP.421	0.10900553839347837	0.8909944616065216
P_LP.422	0.961765444815179	0.03823455518482099
P_LP.423	0.32656090572509133	0.6734390942749087
P_LP.424	0.06265698157337252	0.9373430184266275
P_LP.426	0.6001101208633555	0.39988987913664453
P_LP.427	0.2193357727121683	0.7806642272878317
P_LP.428	0.17914119604574463	0.8208588039542554
P_LP.429	0.9828427807229158	0.01715721927708424
P_LP.43	0.4661488542190835	0.5338511457809165
P_LP.430	0.7997640925697855	0.2002359074302145
P_LP.431	0.2971299146533716	0.7028700853466284
P_LP.432	0.6073449634209181	0.39265503657908185
P_LP.433	0.2838387159120468	0.7161612840879532
P_LP.434	0.7150018410473084	0.28499815895269165
P_LP.435	0.779994846244819	0.22000515375518107
P_LP.436	0.2691407906751989	0.7308592093248011
P_LP.437	0.2770742780626321	0.7229257219373679
P_LP.438	0.6061726484597504	0.3938273515402496
P_LP.439	0.73583537943373	0.26416462056627
P_LP.44	0.46151480124278654	0.5384851987572135
P_LP.440	0.17875692977944158	0.8212430702205584
P_LP.441	0.8759502407129655	0.12404975928703456
P_LP.442	0.6080605672211505	0.3919394327788494
P_LP.443	0.8437216535880074	0.15627834641199254
P_LP.444	0.6172953830080876	0.38270461699191244
P_LP.445	0.38923593817761293	0.6107640618223871
P_LP.446	0.34718609834115877	0.6528139016588412
P_LP.447	0.20089591853686517	0.7991040814631348
P_LP.449	0.6373453786215382	0.3626546213784618
P_LP.45	0.7454436454747968	0.25455635452520325
P_LP.450	0.6690920370691134	0.3309079629308867
P_LP.451	0.7815710934656359	0.21842890653436403
P_LP.452	0.022620300958766992	0.977379699041233
P_LP.453	0.44788180539482125	0.5521181946051787
P_LP.454	0.09779065546631316	0.9022093445336868
P_LP.455	0.6709611178504635	0.32903888214953647
P_LP.456	0.3179752386031697	0.6820247613968303
P_LP.457	0.1956786418434655	0.8043213581565345
P_LP.458	0.9487028661685944	0.05129713383140551
P_LP.459	0.47870864744185193	0.5212913525581481
P_LP.46	0.27810701621230427	0.7218929837876957
P_LP.460	0.17971954055927652	0.8202804594407235
P_LP.461	0.6208840181520083	0.3791159818479916
P_LP.462	0.8287507298079501	0.17124927019204994
P_LP.463	0.6156092983216059	0.38439070167839406
P_LP.464	0.14518212257881813	0.8548178774211819
P_LP.465	0.6703462565288756	0.32965374347112447
P_LP.466	0.5258835631091545	0.4741164368908454
P_LP.467	0.38099575362022886	0.6190042463797711
P_LP.468	0.3763153169719726	0.6236846830280274
P_LP.469	0.5449492413615105	0.45505075863848954
P_LP.47	0.2656265840913222	0.7343734159086778
P_LP.470	0.5530542476057351	0.44694575239426493
P_LP.471	0.597031397475012	0.402968602524988
P_LP.472	0.31709733876125923	0.6829026612387408
P_LP.473	0.35518859904020295	0.644811400959797
P_LP.474	0.675767172071944	0.324232827928056
P_LP.475	0.1587430985145406	0.8412569014854594
P_LP.476	0.5613171242910704	0.4386828757089296
P_LP.477	0.06152861814398203	0.938471381856018
P_LP.478	0.40412144535325967	0.5958785546467403
P_LP.479	0.23099232688439997	0.7690076731156
P_LP.48	0.27474114164978125	0.7252588583502187
P_LP.480	0.30177865301316975	0.6982213469868302
P_LP.481	0.5818253069457382	0.41817469305426175
P_LP.482	0.582325886138988	0.41767411386101205
P_LP.483	0.08900026918774973	0.9109997308122503
P_LP.484	0.43549200065172866	0.5645079993482713
P_LP.485	0.4407923278624881	0.5592076721375119
P_LP.486	0.9380088141132651	0.061991185886734884
P_LP.487	0.2511079996910538	0.7488920003089462
P_LP.488	0.24478146226185027	0.7552185377381497
P_LP.489	0.4502770535582227	0.5497229464417773
P_LP.49	0.3258879158042236	0.6741120841957764
P_LP.491	0.03818837256092533	0.9618116274390747
P_LP.493	0.8793239408744161	0.12067605912558386
P_LP.494	0.4039412941627061	0.5960587058372939
P_LP.495	0.3219410701618598	0.6780589298381402
P_LP.496	0.9170225296291663	0.08297747037083372
P_LP.497	0.09532509192149718	0.9046749080785028
P_LP.498	0.1309774302480251	0.8690225697519749
P_LP.499	0.900625225446646	0.09937477455335393
P_LP.5	0.6022291451879183	0.39777085481208174
P_LP.50	0.3040526888703634	0.6959473111296366
P_LP.500	0.7400737466362258	0.2599262533637742
P_LP.501	0.643183311102695	0.356816688897305
P_LP.502	0.4680400423871067	0.5319599576128933
P_LP.503	0.7020528721933921	0.2979471278066079
P_LP.504	0.30114596470519506	0.6988540352948049
P_LP.505	0.9273927547182987	0.07260724528170123
P_LP.506	0.41865422942837793	0.5813457705716221
P_LP.507	0.8031140477485904	0.19688595225140956
P_LP.508	0.16308215263730053	0.8369178473626995
P_LP.509	0.4941644149986323	0.5058355850013677
P_LP.51	0.40512911192594636	0.5948708880740536
P_LP.510	0.20128508121643218	0.7987149187835678
P_LP.511	0.6085606488273259	0.39143935117267414
P_LP.512	0.49336753851389803	0.506632461486102
P_LP.513	0.3727265232662894	0.6272734767337106
P_LP.514	0.02778695013738053	0.9722130498626195
P_LP.515	0.31616023880702226	0.6838397611929777
P_LP.516	0.14219274278584193	0.8578072572141581
P_LP.517	0.4952843623014306	0.5047156376985694
P_LP.518	0.11109643618210674	0.8889035638178933
P_LP.519	0.8651348433493478	0.13486515665065224
P_LP.52	0.17108859326958137	0.8289114067304186
P_LP.520	0.2571704101705552	0.7428295898294448
P_LP.521	0.2682546891260439	0.7317453108739561
P_LP.522	0.8437884398985076	0.15621156010149237
P_LP.523	0.3068049110337566	0.6931950889662434
P_LP.524	0.4615995188579153	0.5384004811420847
P_LP.525	0.6645159787429825	0.3354840212570175
P_LP.526	0.5081281539887814	0.4918718460112186
P_LP.527	0.8009785183735062	0.19902148162649377
P_LP.528	0.7898815648521126	0.21011843514788742
P_LP.529	0.3968323998496829	0.6031676001503171
P_LP.53	0.039548683764617176	0.9604513162353828
P_LP.530	0.5399344427359425	0.46006555726405757
P_LP.531	0.2616696536620877	0.7383303463379123
P_LP.532	0.7219075057013136	0.2780924942986865
P_LP.533	0.06510581479030964	0.9348941852096904
P_LP.534	0.1259165572776514	0.8740834427223486
P_LP.538	0.4041637078333694	0.5958362921666306
P_LP.539	0.9064302649790016	0.09356973502099844
P_LP.54	0.8369891439091637	0.16301085609083626
P_LP.540	0.6980258407211328	0.3019741592788671
P_LP.541	0.5215659338309127	0.4784340661690874
P_LP.542	0.15493060712426143	0.8450693928757386
P_LP.543	0.7801649932834644	0.2198350067165355
P_LP.544	0.06494170934719179	0.9350582906528082
P_LP.545	0.15404356937241526	0.8459564306275847
P_LP.546	0.46009794037996476	0.5399020596200352
P_LP.547	0.7074282407017003	0.29257175929829965
P_LP.548	0.33157345990840836	0.6684265400915916
P_LP.549	0.12484001344158369	0.8751599865584163
P_LP.55	0.030765016344546425	0.9692349836554536
P_LP.550	0.7486584186571715	0.25134158134282847
P_LP.551	0.02310532412138011	0.9768946758786199
P_LP.552	0.30081007916725333	0.6991899208327467
P_LP.553	0.7487850727071087	0.2512149272928913
P_LP.554	0.9054058905215435	0.09459410947845649
P_LP.555	0.06192572094505133	0.9380742790549487
P_LP.557	0.6075251664501378	0.3924748335498622
P_LP.558	0.9094397032834376	0.09056029671656242
P_LP.56	0.8644885352384449	0.13551146476155507
P_LP.560	0.49318540591214777	0.5068145940878522
P_LP.561	0.21861128082932524	0.7813887191706748
P_LP.563	0.9535633315310831	0.04643666846891688
P_LP.564	0.6229653184211221	0.37703468157887793
P_LP.565	0.6952851566051362	0.30471484339486377
P_LP.566	0.07756166340814985	0.9224383365918501
P_LP.567	0.2504458836896081	0.7495541163103919
P_LP.569	0.28223330800207536	0.7177666919979246
P_LP.57	0.8433986842377564	0.15660131576224354
P_LP.570	0.28843510270393036	0.7115648972960696
P_LP.571	0.09636160921072734	0.9036383907892727
P_LP.572	0.2748388305804267	0.7251611694195733
P_LP.573	0.183577642330076	0.816422357669924
P_LP.574	0.20479284857621738	0.7952071514237826
P_LP.576	0.3911129669768628	0.6088870330231372
P_LP.577	0.3988402965392651	0.6011597034607349
P_LP.578	0.10068022067045279	0.8993197793295472
P_LP.579	0.15735159219192996	0.84264840780807
P_LP.58	0.10705330632799381	0.8929466936720062
P_LP.580	0.5793610450307917	0.42063895496920833
P_LP.581	0.17060491024424052	0.8293950897557595
P_LP.582	0.3381852988775548	0.6618147011224452
P_LP.583	0.30715115918161406	0.6928488408183859
P_LP.584	0.06338250910678278	0.9366174908932172
P_LP.585	0.7336040203959817	0.26639597960401823
P_LP.586	0.13442550855368463	0.8655744914463154
P_LP.587	0.6622572943301444	0.3377427056698557
P_LP.588	0.13231249960150293	0.8676875003984971
P_LP.589	0.46610685374980576	0.5338931462501942
P_LP.59	0.4926084684810972	0.5073915315189028
P_LP.590	0.24736082737163922	0.7526391726283608
P_LP.591	0.4793394615179163	0.5206605384820837
P_LP.592	0.49424178625421944	0.5057582137457806
P_LP.594	0.018003344296649737	0.9819966557033503
P_LP.595	0.13369868254153428	0.8663013174584657
P_LP.596	0.481139115565839	0.518860884434161
P_LP.597	0.6021226621093008	0.3978773378906992
P_LP.598	0.30953118876521757	0.6904688112347824
P_LP.599	0.48680567193664936	0.5131943280633506
P_LP.6	0.09840693681644974	0.9015930631835503
P_LP.60	0.5563669650766492	0.4436330349233508
P_LP.600	0.38594071410100594	0.6140592858989941
P_LP.601	0.10356342614319103	0.896436573856809
P_LP.602	0.2285650579741204	0.7714349420258796
P_LP.604	0.10054474181925432	0.8994552581807457
P_LP.605	0.9246508029343328	0.07534919706566721
P_LP.606	0.08664125566722558	0.9133587443327744
P_LP.607	0.05794742537500541	0.9420525746249946
P_LP.608	0.22930009237923976	0.7706999076207602
P_LP.609	0.03357639055981387	0.9664236094401861
P_LP.61	0.8522816336312513	0.14771836636874872
P_LP.610	0.14422375259224174	0.8557762474077583
P_LP.611	0.5249646829861742	0.47503531701382584
P_LP.612	0.6429478650518329	0.3570521349481671
P_LP.613	0.6460279123158575	0.35397208768414246
P_LP.614	0.25785752429918674	0.7421424757008133
P_LP.617	0.19963833742656578	0.8003616625734342
P_LP.618	0.8134640685373059	0.18653593146269412
P_LP.619	0.19871736527863249	0.8012826347213675
P_LP.62	0.23813504632250893	0.7618649536774911
P_LP.620	0.20976805436438473	0.7902319456356153
P_LP.621	0.4363639962709718	0.5636360037290282
P_LP.623	0.06415040165859298	0.935849598341407
P_LP.624	0.3226446329747048	0.6773553670252952
P_LP.626	0.38840114604688813	0.6115988539531119
P_LP.627	0.3786600264861615	0.6213399735138385
P_LP.628	0.5667852984893349	0.4332147015106651
P_LP.629	0.5318867469849332	0.4681132530150668
P_LP.63	0.378410197357415	0.621589802642585
P_LP.630	0.6008129099258739	0.3991870900741261
P_LP.631	0.49687127621434357	0.5031287237856564
P_LP.632	0.5161492148026918	0.4838507851973082
P_LP.633	0.2202139659545025	0.7797860340454975
P_LP.634	0.04945066309029034	0.9505493369097097
P_LP.635	0.026532581075745187	0.9734674189242548
P_LP.636	0.15276371710899028	0.8472362828910097
P_LP.637	0.037801649335248655	0.9621983506647513
P_LP.638	0.15078768104604157	0.8492123189539584
P_LP.639	0.19466977348228465	0.8053302265177154
P_LP.64	0.08898148963990349	0.9110185103600965
P_LP.640	0.5007278981507539	0.4992721018492461
P_LP.641	0.8366984411954825	0.1633015588045175
P_LP.642	0.3139542473919523	0.6860457526080477
P_LP.643	0.13476073394516075	0.8652392660548393
P_LP.644	0.33323436169117093	0.6667656383088291
P_LP.645	0.6334300692554979	0.36656993074450206
P_LP.646	0.14260720590797238	0.8573927940920276
P_LP.647	0.1989831691803713	0.8010168308196287
P_LP.648	0.49547456913555454	0.5045254308644455
P_LP.649	0.9055764129378554	0.09442358706214463
P_LP.65	0.26549301524160096	0.734506984758399
P_LP.650	0.8835766993281141	0.11642330067188592
P_LP.651	0.03650454266501124	0.9634954573349888
P_LP.652	0.20495081867749143	0.7950491813225086
P_LP.653	0.22158112693191234	0.7784188730680877
P_LP.654	0.1732565007006034	0.8267434992993966
P_LP.656	0.6829227443537443	0.31707725564625566
P_LP.657	0.5780511692319912	0.4219488307680089
P_LP.658	0.8567605133100689	0.14323948668993114
P_LP.659	0.7497080558293356	0.25029194417066436
P_LP.660	0.32287846083238936	0.6771215391676106
P_LP.661	0.12475607119657728	0.8752439288034227
P_LP.662	0.568207275879459	0.43179272412054104
P_LP.664	0.1495262107953057	0.8504737892046943
P_LP.665	0.16769788999639745	0.8323021100036025
P_LP.666	0.4307552129781246	0.5692447870218754
P_LP.667	0.2187896939339169	0.7812103060660831
P_LP.668	0.1870695939194923	0.8129304060805077
P_LP.669	0.36429405072702725	0.6357059492729727
P_LP.67	0.8699934530339125	0.1300065469660875
P_LP.670	0.19035686043429356	0.8096431395657064
P_LP.671	0.6289918604576854	0.37100813954231465
P_LP.672	0.648761019626112	0.35123898037388795
P_LP.673	0.41728975698312987	0.5827102430168701
P_LP.674	0.47832809316316516	0.5216719068368348
P_LP.675	0.24834696610550866	0.7516530338944913
P_LP.676	0.8696303777044418	0.13036962229555812
P_LP.677	0.678361241079585	0.321638758920415
P_LP.679	0.3348490483199794	0.6651509516800206
P_LP.68	0.6561628955910996	0.3438371044089004
P_LP.681	0.08298090184570706	0.9170190981542929
P_LP.682	0.9517156026359255	0.04828439736407456
P_LP.683	0.7216838044141205	0.27831619558587944
P_LP.684	0.7623297909239063	0.23767020907609374
P_LP.685	0.9050832536194893	0.09491674638051079
P_LP.686	0.45648119798748543	0.5435188020125146
P_LP.687	0.47084117699354433	0.5291588230064557
P_LP.688	0.8158154261755086	0.18418457382449138
P_LP.689	0.6320113806487887	0.3679886193512113
P_LP.69	0.1494596262219604	0.8505403737780396
P_LP.690	0.3229456571663223	0.6770543428336777
P_LP.691	0.31308983513737443	0.6869101648626256
P_LP.692	0.0688147724559347	0.9311852275440653
P_LP.693	0.051889873658765184	0.9481101263412348
P_LP.694	0.9453231796230847	0.05467682037691536
P_LP.696	0.2898918011770444	0.7101081988229556
P_LP.697	0.013208351723170808	0.9867916482768292
P_LP.698	0.7431199574588865	0.2568800425411135
P_LP.699	0.6030688495219101	0.3969311504780899
P_LP.7	0.41059662416140763	0.5894033758385924
P_LP.70	0.7062308704748712	0.29376912952512874
P_LP.700	0.11147339270642331	0.8885266072935767
P_LP.701	0.21714037145891085	0.7828596285410891
P_LP.702	0.7143005904547006	0.2856994095452993
P_LP.703	0.40781214463794835	0.5921878553620517
P_LP.704	0.2048075619948163	0.7951924380051837
P_LP.705	0.7995658879492619	0.2004341120507381
P_LP.706	0.2766175597655154	0.7233824402344846
P_LP.707	0.37426974289452597	0.625730257105474
P_LP.708	0.419385880052766	0.580614119947234
P_LP.709	0.3453399833413544	0.6546600166586456
P_LP.71	0.579896383615345	0.42010361638465493
P_LP.710	0.5347480374247807	0.4652519625752193
P_LP.711	0.14072930681546925	0.8592706931845308
P_LP.712	0.7407984929798117	0.2592015070201883
P_LP.713	0.597571629375281	0.40242837062471903
P_LP.715	0.6558873732669062	0.3441126267330939
P_LP.717	0.4434304817149922	0.5565695182850078
P_LP.718	0.39498012020319506	0.6050198797968049
P_LP.719	0.5066956645405523	0.4933043354594478
P_LP.72	0.6258034754100827	0.37419652458991726
P_LP.720	0.12400865896351743	0.8759913410364826
P_LP.721	0.888426917734533	0.11157308226546708
P_LP.723	0.8435925960444265	0.1564074039555735
P_LP.724	0.117485102471109	0.882514897528891
P_LP.726	0.1702589934787223	0.8297410065212777
P_LP.727	0.8263734761193973	0.17362652388060268
P_LP.728	0.20903115877537537	0.7909688412246246
P_LP.729	0.6258422720235628	0.37415772797643726
P_LP.730	0.2767096319227691	0.7232903680772309
P_LP.731	0.3108507689164308	0.6891492310835692
P_LP.733	0.8721953668371317	0.12780463316286828
P_LP.734	0.14098719649152613	0.8590128035084739
P_LP.736	0.31887723760649356	0.6811227623935064
P_LP.737	0.11672437834033966	0.8832756216596603
P_LP.738	0.5870991738321067	0.4129008261678932
P_LP.739	0.5088882657551573	0.49111173424484267
P_LP.74	0.4913613727917834	0.5086386272082166
P_LP.741	0.02408414389077751	0.9759158561092225
P_LP.742	0.2375135435434491	0.7624864564565509
P_LP.743	0.5033617929107792	0.49663820708922074
P_LP.744	0.8076408703808888	0.19235912961911117
P_LP.745	0.7820139948039471	0.2179860051960529
P_LP.747	0.3002924765720567	0.6997075234279433
P_LP.748	0.44088982556027967	0.5591101744397203
P_LP.749	0.016577785441224346	0.9834222145587757
P_LP.75	0.5593927399097207	0.44060726009027934
P_LP.750	0.026325516677272343	0.9736744833227277
P_LP.751	0.801682892557731	0.19831710744226907
P_LP.752	0.548631315161884	0.451368684838116
P_LP.753	0.5381387745572832	0.46186122544271685
P_LP.754	0.14649143727379355	0.8535085627262065
P_LP.755	0.6391865430634497	0.3608134569365503
P_LP.756	0.6947665610980578	0.30523343890194227
P_LP.757	0.2499252129240278	0.7500747870759722
P_LP.758	0.15290365883859025	0.8470963411614097
P_LP.76	0.8348801469999413	0.16511985300005871
P_LP.760	0.33794970862912344	0.6620502913708766
P_LP.761	0.20699113255302148	0.7930088674469785
P_LP.762	0.8875584811388447	0.11244151886115532
P_LP.763	0.6649587005098481	0.33504129949015193
P_LP.764	0.11774952146223883	0.8822504785377612
P_LP.765	0.4239640503943308	0.5760359496056692
P_LP.766	0.38831826137854497	0.611681738621455
P_LP.767	0.4289399802558992	0.5710600197441008
P_LP.768	0.14970372357201656	0.8502962764279834
P_LP.769	0.2568705209048109	0.7431294790951891
P_LP.77	0.46777599748646803	0.532224002513532
P_LP.770	0.11367369116089088	0.8863263088391091
P_LP.772	0.15199478878995354	0.8480052112100465
P_LP.773	0.690811542423432	0.30918845757656804
P_LP.774	0.8366563812216076	0.16334361877839243
P_LP.775	0.5595177898000941	0.44048221019990585
P_LP.776	0.6153657654127617	0.38463423458723833
P_LP.777	0.14370204113688834	0.8562979588631117
P_LP.778	0.33940735767236807	0.6605926423276319
P_LP.779	0.3370147740111783	0.6629852259888217
P_LP.78	0.23571409427367152	0.7642859057263285
P_LP.780	0.7705578235306065	0.22944217646939347
P_LP.781	0.4466203521019608	0.5533796478980392
P_LP.782	0.319809223021815	0.680190776978185
P_LP.783	0.49608809607181326	0.5039119039281867
P_LP.784	0.2508362980265937	0.7491637019734063
P_LP.785	0.2061614919294581	0.7938385080705419
P_LP.788	0.7625688201643068	0.2374311798356932
P_LP.789	0.09120289429171602	0.908797105708284
P_LP.79	0.34211711173281845	0.6578828882671816
P_LP.790	0.022631845905548897	0.9773681540944511
P_LP.791	0.501997344155803	0.49800265584419706
P_LP.792	0.14687211411710466	0.8531278858828953
P_LP.793	0.14011476452111393	0.8598852354788861
P_LP.795	0.8888666515233267	0.11113334847667332
P_LP.797	0.1453431678839069	0.8546568321160931
P_LP.798	0.2921181332925018	0.7078818667074982
P_LP.799	0.12169239708670287	0.8783076029132971
P_LP.8	0.009112345419706291	0.9908876545802937
P_LP.80	0.9917238807922139	0.008276119207786137
P_LP.800	0.23257130321114372	0.7674286967888563
P_LP.801	0.060400620098503666	0.9395993799014963
P_LP.802	0.21322683545504317	0.7867731645449568
P_LP.803	0.3931610964735178	0.6068389035264822
P_LP.804	0.4960890490343791	0.5039109509656209
P_LP.805	0.08191245025325622	0.9180875497467438
P_LP.806	0.5696476599729818	0.4303523400270181
P_LP.807	0.2448606906150369	0.7551393093849631
P_LP.808	0.09465579285820236	0.9053442071417976
P_LP.809	0.6592753899199439	0.340724610080056
P_LP.81	0.08461075809293195	0.915389241907068
P_LP.810	0.08688554862711784	0.9131144513728822
P_LP.811	0.06083349898425938	0.9391665010157406
P_LP.812	0.30990921975926977	0.6900907802407302
P_LP.813	0.22723286968752487	0.7727671303124751
P_LP.814	0.32290691493541246	0.6770930850645875
P_LP.815	0.6201276575392369	0.379872342460763
P_LP.816	0.11282772265451924	0.8871722773454808
P_LP.817	0.17319465062503625	0.8268053493749637
P_LP.818	0.20268497278492326	0.7973150272150767
P_LP.819	0.866526927989868	0.13347307201013206
P_LP.82	0.3551825619299679	0.6448174380700321
P_LP.820	0.5296984123994254	0.4703015876005746
P_LP.821	0.38378553416441374	0.6162144658355863
P_LP.822	0.17994204566493988	0.8200579543350601
P_LP.823	0.742485655715373	0.257514344284627
P_LP.824	0.2625004170794013	0.7374995829205987
P_LP.826	0.23080719801990113	0.7691928019800989
P_LP.827	0.12452753507153758	0.8754724649284624
P_LP.828	0.8242492760893583	0.17575072391064167
P_LP.829	0.34636875015629653	0.6536312498437035
P_LP.83	0.36272415788233825	0.6372758421176618
P_LP.831	0.36761584220968124	0.6323841577903188
P_LP.832	0.1433343405369495	0.8566656594630505
P_LP.833	0.7116632710034302	0.2883367289965698
P_LP.834	0.3710091646756981	0.6289908353243019
P_LP.835	0.12976602658167002	0.87023397341833
P_LP.836	0.09423571657277363	0.9057642834272264
P_LP.837	0.5341212408708874	0.4658787591291126
P_LP.838	0.05923195224001376	0.9407680477599862
P_LP.839	0.4430346613008307	0.5569653386991693
P_LP.84	0.07032487317333391	0.9296751268266661
P_LP.841	0.22542553872212523	0.7745744612778748
P_LP.842	0.16001554313120026	0.8399844568687997
P_LP.843	0.42371796569887343	0.5762820343011266
P_LP.844	0.42993499647771094	0.5700650035222891
P_LP.845	0.45785032001670356	0.5421496799832964
P_LP.846	0.6741062755467015	0.32589372445329845
P_LP.847	0.4000424660101727	0.5999575339898273
P_LP.848	0.5913700782691091	0.4086299217308909
P_LP.849	0.11882649348169216	0.8811735065183078
P_LP.85	0.5691316548195038	0.4308683451804962
P_LP.850	0.41076326170244837	0.5892367382975516
P_LP.851	0.34196424736641395	0.658035752633586
P_LP.852	0.22276666899373243	0.7772333310062676
P_LP.853	0.33473194278096496	0.665268057219035
P_LP.854	0.5341913195750347	0.4658086804249653
P_LP.855	0.455075043806375	0.544924956193625
P_LP.856	0.1369956202571937	0.8630043797428063
P_LP.857	0.1609661602205027	0.8390338397794973
P_LP.858	0.12848209436406055	0.8715179056359394
P_LP.859	0.6886997311836124	0.3113002688163876
P_LP.86	0.3062105886403408	0.6937894113596592
P_LP.860	0.10785734293833005	0.89214265706167
P_LP.861	0.9576427266292795	0.042357273370720476
P_LP.862	0.7718197671026878	0.22818023289731218
P_LP.863	0.6554866524887146	0.3445133475112853
P_LP.864	0.2837296696158207	0.7162703303841793
P_LP.865	0.33169069963133846	0.6683093003686615
P_LP.866	0.27092823186566073	0.7290717681343393
P_LP.867	0.4246219345504031	0.5753780654495969
P_LP.868	0.2154112897820527	0.7845887102179473
P_LP.869	0.4281418341228048	0.5718581658771952
P_LP.87	0.12837373213599668	0.8716262678640033
P_LP.870	0.4567782466915983	0.5432217533084017
P_LP.871	0.6938889300171314	0.3061110699828686
P_LP.872	0.35755700972949667	0.6424429902705033
P_LP.873	0.15542969647998817	0.8445703035200118
P_LP.875	0.5933302486950458	0.40666975130495414
P_LP.876	0.6172847830231671	0.3827152169768329
P_LP.877	0.15356366813664168	0.8464363318633583
P_LP.878	0.17578152282427117	0.8242184771757288
P_LP.879	0.1314543521016972	0.8685456478983028
P_LP.88	0.7968485914166581	0.2031514085833419
P_LP.880	0.7367918735052281	0.26320812649477193
P_LP.881	0.14027726155442077	0.8597227384455792
P_LP.883	0.19408129352464099	0.805918706475359
P_LP.884	0.8851895629243137	0.11481043707568629
P_LP.885	0.5915121548651335	0.40848784513486647
P_LP.886	0.39466731949714273	0.6053326805028573
P_LP.887	0.20990675276715076	0.7900932472328492
P_LP.888	0.4623260747868999	0.5376739252131001
P_LP.889	0.69937467299739	0.30062532700261
P_LP.89	0.7896243425062953	0.21037565749370468
P_LP.890	0.8643600932362178	0.1356399067637822
P_LP.891	0.5149903775881697	0.4850096224118303
P_LP.892	0.8775354532583907	0.12246454674160931
P_LP.893	0.10968114946808694	0.8903188505319131
P_LP.894	0.6074425080723713	0.39255749192762873
P_LP.895	0.46221169927517025	0.5377883007248297
P_LP.896	0.7655561751206528	0.23444382487934717
P_LP.897	0.7243385929342656	0.27566140706573433
P_LP.898	0.19056268236512153	0.8094373176348785
P_LP.899	0.07342328161524547	0.9265767183847545
P_LP.9	0.2357051687702999	0.7642948312297001
P_LP.90	0.717242851267479	0.282757148732521
P_LP.900	0.48379368184727733	0.5162063181527227
P_LP.901	0.2550273540310867	0.7449726459689133
P_LP.902	0.8928872789542931	0.10711272104570689
P_LP.904	0.17354526835938466	0.8264547316406153
P_LP.905	0.39338084805780515	0.6066191519421948
P_LP.906	0.050384627364633894	0.9496153726353661
P_LP.907	0.26959208874136886	0.7304079112586311
P_LP.908	0.714517778183416	0.28548222181658406
P_LP.909	0.25091487667722345	0.7490851233227765
P_LP.91	0.6959841190112639	0.3040158809887361
P_LP.910	0.05558953896102281	0.9444104610389772
P_LP.911	0.3269968136169218	0.6730031863830782
P_LP.912	0.3226406054191331	0.6773593945808669
P_LP.914	0.9369583875773928	0.06304161242260715
P_LP.915	0.4385638467642684	0.5614361532357316
P_LP.916	0.18181370047042889	0.8181862995295711
P_LP.917	0.8797342027725567	0.12026579722744336
P_LP.918	0.8184399593333603	0.1815600406666397
P_LP.919	0.16973327765635104	0.830266722343649
P_LP.92	0.026488262153251285	0.9735117378467487
P_LP.920	0.04728688456662988	0.9527131154333701
P_LP.921	0.6684074346906079	0.33159256530939213
P_LP.922	0.4702908002075663	0.5297091997924337
P_LP.923	0.8466761376716399	0.15332386232836015
P_LP.924	0.7340409959418774	0.2659590040581226
P_LP.925	0.23103465965019832	0.7689653403498017
P_LP.926	0.049426040249161196	0.9505739597508388
P_LP.927	0.257930281082309	0.742069718917691
P_LP.928	0.818413268016229	0.18158673198377093
P_LP.929	0.6651225393544808	0.3348774606455192
P_LP.93	0.19025853094884182	0.8097414690511582
P_LP.930	0.6540409918577015	0.34595900814229846
P_LP.931	0.10621246719799593	0.8937875328020041
P_LP.932	0.5061393730974693	0.4938606269025308
P_LP.933	0.7001853254498669	0.29981467455013316
P_LP.934	0.6799927101625717	0.3200072898374283
P_LP.935	0.3236024914278324	0.6763975085721676
P_LP.936	0.1587899925243874	0.8412100074756126
P_LP.937	0.12484533905840867	0.8751546609415913
P_LP.938	0.10218136509114728	0.8978186349088527
P_LP.939	0.9747170226743156	0.02528297732568445
P_LP.94	0.4005416329219851	0.5994583670780149
P_LP.942	0.19660548747254813	0.8033945125274519
P_LP.943	0.6436803436503298	0.35631965634967017
P_LP.944	0.4547005756227548	0.5452994243772452
P_LP.945	0.09969962146125033	0.9003003785387497
P_LP.946	0.2051132595729599	0.7948867404270401
P_LP.947	0.4945185444741468	0.5054814555258532
P_LP.948	0.18987455853021928	0.8101254414697807
P_LP.949	0.9164085623570826	0.08359143764291743
P_LP.95	0.09766017345023636	0.9023398265497636
P_LP.951	0.4073251988975417	0.5926748011024583
P_LP.952	0.09759193866651605	0.902408061333484
P_LP.953	0.2290520869006898	0.7709479130993102
P_LP.954	0.6498991410167376	0.3501008589832623
P_LP.955	0.5210860480078776	0.47891395199212233
P_LP.956	0.6178921041194301	0.3821078958805699
P_LP.957	0.2839484967204051	0.7160515032795949
P_LP.958	0.888810333597435	0.11118966640256499
P_LP.959	0.21919594748795312	0.7808040525120469
P_LP.96	0.18202698028446596	0.817973019715534
P_LP.960	0.5118672677279612	0.4881327322720388
P_LP.961	0.4967995212972378	0.5032004787027622
P_LP.964	0.5394288586412141	0.46057114135878585
P_LP.965	0.4686139960021706	0.5313860039978294
P_LP.966	0.3970133174316879	0.6029866825683121
P_LP.967	0.032461379688647374	0.9675386203113526
P_LP.968	0.07205074745515905	0.927949252544841
P_LP.969	0.6385326767563322	0.3614673232436678
P_LP.97	0.8471110129150164	0.15288898708498358
P_LP.970	0.4490417286233246	0.5509582713766754
P_LP.971	0.8914094816354518	0.10859051836454826
P_LP.972	0.9357493327730417	0.06425066722695828
P_LP.973	0.35821964165943454	0.6417803583405655
P_LP.975	0.4901517185804197	0.5098482814195803
P_LP.976	0.1450036320961201	0.8549963679038799
P_LP.977	0.4908251673039533	0.5091748326960467
P_LP.978	0.051359799947475304	0.9486402000525247
P_LP.979	0.7335577473622628	0.2664422526377372
P_LP.98	0.4806627236819361	0.5193372763180639
P_LP.980	0.8891687472732663	0.11083125272673372
P_LP.982	0.11036235856724974	0.8896376414327503
P_LP.983	0.808795049460107	0.191204950539893
P_LP.984	0.16980512609306964	0.8301948739069304
P_LP.985	0.27304916612602725	0.7269508338739727
P_LP.986	0.50877468066699	0.49122531933300995
P_LP.987	0.801125619444695	0.1988743805553051
P_LP.988	0.2415977145957804	0.7584022854042196
P_LP.99	0.7051345231736711	0.2948654768263289
P_LP.991	0.19539387495116378	0.8046061250488362
P_LP.992	0.39861356129264447	0.6013864387073555
P_LP.993	0.37983482326545337	0.6201651767345466
P_LP.994	0.4274762600995353	0.5725237399004647
P_LP.995	0.5965436275989229	0.4034563724010771
P_LP.997	0.2927040836283016	0.7072959163716984
P_LP.998	0.35287177868523534	0.6471282213147647
P_LP.999	0.2565984142621057	0.7434015857378943
P_LP.1100	0.4212069015294855	0.5787930984705145
P_LP.1130	0.520649966158742	0.479350033841258
P_LP.1163	0.14093727552615354	0.8590627244738465
P_LP.1169	0.4404297196320114	0.5595702803679886
P_LP.1186	0.04617502882756375	0.9538249711724363
P_LP.1230	0.35630691270133164	0.6436930872986684
P_LP.1240	0.09706858496500548	0.9029314150349945
P_LP.1272	0.031819480742308226	0.9681805192576918
P_LP.1335	0.9698236290401158	0.03017637095988419
P_LP.1401	0.11202107267191164	0.8879789273280884
P_LP.1425	0.1136433910314687	0.8863566089685313
P_LP.1441	0.33495025017934055	0.6650497498206595
P_LP.1484	0.22876068604019195	0.771239313959808
P_LP.1511	0.4120296193724631	0.5879703806275369
P_LP.1514	0.8652179842913402	0.13478201570865975
P_LP.1578	0.5392949535153324	0.46070504648466765
P_LP.161	0.028326672264892827	0.9716733277351072
P_LP.1660	0.754550708051247	0.24544929194875295
P_LP.1705	0.6343038746964362	0.36569612530356377
P_LP.1757	0.7040032396161297	0.29599676038387035
P_LP.1797	0.5954970681005396	0.40450293189946035
P_LP.1804	0.4273625958306798	0.5726374041693202
P_LP.1815	0.08021470680168052	0.9197852931983195
P_LP.1847	0.29541184408665977	0.7045881559133402
P_LP.1872	0.7055164770025106	0.29448352299748937
P_LP.1911	0.6690858407612572	0.33091415923874273
P_LP.1945	0.3208642424795908	0.6791357575204092
P_LP.1947	0.46873473675742383	0.5312652632425762
P_LP.1950	0.5784254211638673	0.42157457883613275
P_LP.1975	0.25132078821227344	0.7486792117877266
P_LP.199	0.41770312501128315	0.5822968749887169
P_LP.2054	0.3946680290884492	0.6053319709115508
P_LP.2102	0.1624110551560748	0.8375889448439252
P_LP.2134	0.21301289298780213	0.7869871070121979
P_LP.2275	0.3309375967581313	0.6690624032418687
P_LP.2342	0.04026592482154512	0.9597340751784549
P_LP.2380	0.28507126111408554	0.7149287388859145
P_LP.2393	0.2597169183342981	0.7402830816657019
P_LP.2401	0.5861321611021313	0.41386783889786866
P_LP.2403	0.24265153163397224	0.7573484683660278
P_LP.2426	0.598092873009648	0.4019071269903521
P_LP.2466	0.3214474357022944	0.6785525642977056
P_LP.250	0.17500814111494845	0.8249918588850516
P_LP.258	0.3869284176720934	0.6130715823279066
P_LP.2580	0.49427677140262927	0.5057232285973707
P_LP.2587	0.3356955696592995	0.6643044303407005
P_LP.2601	0.7843538585878005	0.21564614141219945
P_LP.2609	0.733690275201258	0.26630972479874204
P_LP.2626	0.20124159446185863	0.7987584055381414
P_LP.2681	0.6261273552451576	0.37387264475484244
P_LP.2762	0.6913298126765037	0.3086701873234962
P_LP.2795	0.11977121950021186	0.8802287804997881
P_LP.2808	0.231392479406891	0.768607520593109
P_LP.2809	0.8031747837417763	0.19682521625822366
P_LP.2919	0.3428189270550852	0.6571810729449148
P_LP.2960	0.6089586883766684	0.3910413116233315
P_LP.2962	0.23352961825952745	0.7664703817404726
P_LP.3020	0.46899689256926014	0.5310031074307399
P_LP.3058	0.58585977328023	0.4141402267197701
P_LP.3090	0.5870482856659542	0.4129517143340458
P_LP.3137	0.07029533929792486	0.9297046607020751
P_LP.3182	0.19207878463918027	0.8079212153608197
P_LP.3186	0.41975963696120777	0.5802403630387922
P_LP.3189	0.6151775347403274	0.3848224652596725
P_LP.3199	0.4854894440464056	0.5145105559535944
P_LP.3214	0.1484140583800444	0.8515859416199556
P_LP.3216	0.04858436621096196	0.951415633789038
P_LP.3217	0.28238621481702353	0.7176137851829765
P_LP.3219	0.02694603191519329	0.9730539680848067
P_LP.3225	0.3026773993685977	0.6973226006314023
P_LP.3227	0.15994156994151132	0.8400584300584887
P_LP.3242	0.5023221035275685	0.4976778964724315
P_LP.3243	0.18082278948986896	0.819177210510131
P_LP.3263	0.3819586650821015	0.6180413349178985
P_LP.3266	0.4888564956028537	0.5111435043971463
P_LP.346	0.612024814767544	0.38797518523245605
P_LP.389	0.08413240408187328	0.9158675959181267
P_LP.448	0.7783716665116461	0.2216283334883539
P_LP.535	0.43470821949277405	0.565291780507226
P_LP.556	0.7738925946223478	0.22610740537765214
P_LP.562	0.43988559735612753	0.5601144026438725
P_LP.568	0.26572158369590293	0.7342784163040971
P_LP.575	0.848902668873688	0.15109733112631193
P_LP.615	0.4309405559459595	0.5690594440540405
P_LP.714	0.13583764629902528	0.8641623537009747
P_LP.716	0.6328871644129795	0.36711283558702046
P_LP.735	0.47816224959195797	0.521837750408042
P_LP.740	0.00508377393462045	0.9949162260653795
P_LP.746	0.18522955449018264	0.8147704455098174
P_LP.786	0.4689148891892724	0.5310851108107276
P_LP.787	0.6315679465849181	0.3684320534150819
P_LP.796	0.4649980626336737	0.5350019373663263
P_LP.825	0.08836369453045423	0.9116363054695458
P_LP.874	0.16636794617954276	0.8336320538204572
P_LP.940	0.14357515371221508	0.8564248462877849
P_LP.962	0.36396287694898144	0.6360371230510186
P_LP.974	0.6021114467381212	0.3978885532618788
P_LP.981	0.19565606153529702	0.804343938464703
P_LP.990	0.6198573782408594	0.38014262175914065
P_LP.1143	0.9206094381600293	0.0793905618399707
P_LP.1191	0.25285431763881894	0.7471456823611811
P_LP.1196	0.8652830110965566	0.13471698890344336
P_LP.1211	0.5132945724093949	0.48670542759060514
P_LP.1222	0.4870110514019572	0.5129889485980428
P_LP.1346	0.20720571468596727	0.7927942853140327
P_LP.1431	0.2650324217316318	0.7349675782683682
P_LP.187	0.37915811922340126	0.6208418807765987
P_LP.2290	0.372914558669595	0.627085441330405
P_LP.2292	0.8384580279532723	0.16154197204672777
P_LP.241	0.8142400632844948	0.18575993671550523
P_LP.2476	0.5409974285787026	0.4590025714212974
P_LP.2522	0.46918314133095185	0.5308168586690482
P_LP.2825	0.37018090259061187	0.6298190974093881
P_LP.311	0.8257905576601471	0.17420944233985294
P_LP.3183	0.5227369356896641	0.4772630643103359
P_LP.370	0.3832796027836253	0.6167203972163747
P_LP.490	0.4586750422485646	0.5413249577514354
P_LP.536	0.6332027386180071	0.36679726138199287
P_LP.616	0.5201997732843884	0.4798002267156117
P_LP.655	0.4374581840023155	0.5625418159976845
P_LP.66	0.7598903775666238	0.24010962243337622
P_LP.678	0.08349725291759436	0.9165027470824056
P_LP.73	0.8110099475789498	0.18899005242105016
P_LP.759	0.5237937918476265	0.4762062081523735
P_LP.771	0.2395578687241844	0.7604421312758156
P_LP.794	0.22585929119301218	0.7741407088069878
P_LP.941	0.06278581359101376	0.9372141864089862
P_LP.963	0.7286342672003172	0.2713657327996828
P_LP.1011	0.6990521394016608	0.3009478605983392
P_LP.1052	0.21557372902154281	0.7844262709784572
P_LP.1073	0.7003121869529326	0.2996878130470674
P_LP.1113	0.4943845904183376	0.5056154095816624
P_LP.1140	0.2770541357217753	0.7229458642782247
P_LP.1198	0.8333663421623212	0.1666336578376788
P_LP.1235	0.413486399065373	0.586513600934627
P_LP.1342	0.9022215985273135	0.09777840147268649
P_LP.1436	0.6372677040658248	0.3627322959341752
P_LP.1463	0.09340370844395185	0.9065962915560482
P_LP.1490	0.8335546083011832	0.16644539169881678
P_LP.1510	0.3647741415713057	0.6352258584286943
P_LP.1536	0.6150870848845564	0.3849129151154435
P_LP.1539	0.488954476867441	0.511045523132559
P_LP.1559	0.0719165741121277	0.9280834258878723
P_LP.1574	0.9056756849916501	0.09432431500834998
P_LP.162	0.9025317187167539	0.09746828128324618
P_LP.1687	0.4367382451446912	0.5632617548553088
P_LP.1699	0.6144545677584686	0.38554543224153137
P_LP.1730	0.9032414348283015	0.09675856517169844
P_LP.1752	0.8514766432480034	0.14852335675199663
P_LP.1762	0.38896014257634737	0.6110398574236526
P_LP.1836	0.9543023820417931	0.04569761795820696
P_LP.1844	0.7070090288951681	0.29299097110483185
P_LP.1882	0.6840210706989411	0.31597892930105886
P_LP.1919	0.3339919213398027	0.6660080786601973
P_LP.1955	0.600873920340909	0.39912607965909097
P_LP.1982	0.7294358906900889	0.2705641093099112
P_LP.1987	0.8478524595918387	0.15214754040816128
P_LP.2039	0.9351639362403802	0.06483606375961981
P_LP.2136	0.2937824247048536	0.7062175752951464
P_LP.2141	0.3963984220178358	0.6036015779821642
P_LP.2158	0.8184668216325791	0.1815331783674209
P_LP.2208	0.7771319575965513	0.22286804240344874
P_LP.2232	0.43456353152515304	0.565436468474847
P_LP.2255	0.5899185653674377	0.41008143463256225
P_LP.2325	0.9186135136017973	0.08138648639820267
P_LP.2368	0.056209625432191435	0.9437903745678086
P_LP.2440	0.2109315598003353	0.7890684401996647
P_LP.2456	0.9108598498347708	0.08914015016522925
P_LP.2508	0.41944724458581006	0.5805527554141899
P_LP.2598	0.4608706384529171	0.5391293615470829
P_LP.2602	0.6071079938650342	0.3928920061349658
P_LP.2639	0.44004902902776477	0.5599509709722352
P_LP.2683	0.7891476461455058	0.21085235385449413
P_LP.2846	0.926062192880257	0.07393780711974299
P_LP.2934	0.6668768319932667	0.33312316800673325
P_LP.3017	0.14884606816222556	0.8511539318377744
P_LP.3030	0.9408187332671056	0.059181266732894415
P_LP.3080	0.49894431956451624	0.5010556804354838
P_LP.3099	0.46690923835586595	0.533090761644134
P_LP.3107	0.7725669569642876	0.22743304303571243
P_LP.3113	0.8228748337372565	0.17712516626274352
P_LP.3248	0.7194827048245986	0.28051729517540136
P_LP.3279	0.541607960818211	0.45839203918178895
P_LP.3280	0.8701339108437534	0.1298660891562467
P_LP.3285	0.8266731496703916	0.17332685032960832
P_LP.559	0.7859004980145488	0.21409950198545127
P_LP.603	0.47622874353732014	0.5237712564626799
P_LP.622	0.7841501707632028	0.21584982923679716
P_LP.732	0.864141844201036	0.13585815579896401
P_LP.882	0.696245493727836	0.30375450627216405
P_LP.903	0.573499882199068	0.426500117800932
P_LP.1119	0.5425570628586301	0.45744293714136985
P_LP.1317	0.3482738713210374	0.6517261286789626
P_LP.1420	0.7123594447730723	0.2876405552269277
P_LP.1627	0.040005603087256425	0.9599943969127436
P_LP.2441	0.36252797872613973	0.6374720212738603
P_LP.2784	0.5577835865406607	0.44221641345933926
P_LP.3238	0.2074911000966395	0.7925088999033605
P_LP.492	0.17175240285174553	0.8282475971482545
P_LP.625	0.580182046740303	0.41981795325969695
P_LP.830	0.6449059305229223	0.35509406947707767
P_LP.1412	0.17174536506055615	0.8282546349394438
P_LP.1598	0.6568821275868391	0.3431178724131609
P_LP.1704	0.491373229468019	0.508626770531981
P_LP.1895	0.4958527258110931	0.5041472741889069
P_LP.2322	0.5852645576880622	0.41473544231193776
P_LP.2385	0.7208076829611983	0.27919231703880165
P_LP.2391	0.305804428095797	0.694195571904203
P_LP.2623	0.36491170016761065	0.6350882998323893
P_LP.425	0.4808267216032205	0.5191732783967795
P_LP.1657	0.8549149920049138	0.1450850079950862
P_LP.1009	0.23908862383630647	0.7609113761636935
P_LP.1586	0.4453561782564993	0.5546438217435007
P_LP.2118	0.16365089623416074	0.8363491037658393
P_LP.3139	0.564251461700236	0.435748538299764
P_LP.3224	0.683504971787498	0.31649502821250197
P_LP.1488	0.9407979406956435	0.0592020593043565
P_LP.1863	0.06325846786912848	0.9367415321308715
P_LP.2571	0.6673168134774224	0.33268318652257756
P_LP.2963	0.09330630742885493	0.9066936925711451
P_LP.1190	0.15835269362301052	0.8416473063769895
P_LP.1234	0.8127602628324241	0.1872397371675759
P_LP.1448	0.9267124742329846	0.07328752576701539
P_LP.1567	0.607170744771761	0.39282925522823897
P_LP.2625	0.7185759388859501	0.2814240611140499
P_LP.3253	0.2155823239401694	0.7844176760598306
P_LP.2417	0.13422645240544173	0.8657735475945583
P_LP.2902	0.8216290221990248	0.17837097780097527
P_LP.3274	0.827930384140048	0.172069615859952
P_LP.3188	0.22216583541223434	0.7778341645877657
P_LP.1588	0.3721052251347782	0.6278947748652218
P_LP.1605	0.24339561333322934	0.7566043866667707
P_LP.2109	0.3996204999793821	0.6003795000206179
P_LP.3259	0.9077267376302728	0.09227326236972717
P_LP.3270	0.13569757609958044	0.8643024239004196
P_LP.3031	0.3168972250978347	0.6831027749021653
P_LP.3097	0.2560848975883395	0.7439151024116605
P_LP.3234	0.10833574466965312	0.8916642553303469
P_LP.3265	0.4973810410563284	0.5026189589436716
P_LP.2979	0.7942349318181711	0.2057650681818289
P_LP.2888	0.5193518633264319	0.4806481366735681
P_LP.3079	0.3825782572563198	0.6174217427436802
COG0001	0.14852191955708616	0.8514780804429138
COG0002	0.4207472840432267	0.5792527159567733
COG0003	0.8416888445822489	0.15831115541775112
COG0004	0.5520844261646666	0.4479155738353334
COG0005	0.8815722230938258	0.11842777690617423
COG0006	0.3311179408044371	0.6688820591955629
COG0007	0.4092431541967714	0.5907568458032286
COG0008	0.49643174479503915	0.5035682552049608
COG0009	0.7016220384458983	0.2983779615541017
COG0010	0.11206227999446738	0.8879377200055326
COG0011	0.0490269105544453	0.9509730894455547
COG0012	0.9326625717142811	0.06733742828571881
COG0013	0.19108925075672278	0.8089107492432772
COG0014	0.2008559223344315	0.7991440776655685
COG0015	0.11404379034658252	0.8859562096534175
COG0016	0.4519014623849018	0.5480985376150982
COG0017	0.22565419846583568	0.7743458015341643
COG0018	0.4446444693439703	0.5553555306560297
COG0019	0.6371488921821638	0.3628511078178362
COG0020	0.397785320550581	0.602214679449419
COG0021	0.7892008513550343	0.21079914864496577
COG0022	0.19842042765159684	0.8015795723484032
COG0024	0.10268208122851141	0.8973179187714886
COG0025	0.10824580232921	0.89175419767079
COG0026	0.6031337273207313	0.3968662726792687
COG0027	0.1930240602787774	0.8069759397212226
COG0028	0.2059944792030608	0.7940055207969392
COG0029	0.1370728054936443	0.8629271945063557
COG0030	0.20112704267165582	0.7988729573283442
COG0031	0.5166222789654802	0.48337772103451987
COG0033	0.4560856404362148	0.5439143595637852
COG0034	0.9371367477825739	0.0628632522174261
COG0035	0.3414413737779226	0.6585586262220774
COG0036	0.013693397994906986	0.986306602005093
COG0037	0.26179431033685097	0.738205689663149
COG0038	0.3389772666567966	0.6610227333432034
COG0039	0.33495030138183857	0.6650496986181614
COG0040	0.8829799502724458	0.11702004972755424
COG0041	0.4283853361238765	0.5716146638761235
COG0042	0.24003674000304398	0.759963259996956
COG0043	0.18099410509330172	0.8190058949066983
COG0044	0.24659519055859525	0.7534048094414048
COG0045	0.43834087863401927	0.5616591213659807
COG0046	0.5918559669361958	0.40814403306380415
COG0047	0.3783242983831918	0.6216757016168082
COG0048	0.09632935220632721	0.9036706477936728
COG0049	0.2931643534363737	0.7068356465636263
COG0050	0.6348790826219917	0.36512091737800834
COG0051	0.060887007845006	0.939112992154994
COG0052	0.18055999835333114	0.8194400016466689
COG0053	0.4419617661154214	0.5580382338845786
COG0054	0.8567101054483629	0.14328989455163713
COG0055	0.10320225661455529	0.8967977433854447
COG0056	0.377940698657945	0.622059301342055
COG0057	0.32327159978497033	0.6767284002150297
COG0058	0.5515743131986114	0.4484256868013886
COG0059	0.33888265023977715	0.6611173497602228
COG0060	0.22806409435505015	0.7719359056449498
COG0061	0.5447666734928214	0.4552333265071786
COG0062	0.1529260331911989	0.8470739668088011
COG0063	0.10590871494655141	0.8940912850534486
COG0064	0.22910067812533985	0.7708993218746601
COG0065	0.8772698040066823	0.12273019599331768
COG0066	0.6186341570603617	0.38136584293963827
COG0067	0.20739536180994067	0.7926046381900593
COG0068	0.2597384704321175	0.7402615295678825
COG0069	0.368619289885596	0.631380710114404
COG0070	0.7955820619668171	0.20441793803318284
COG0071	0.02365683479882963	0.9763431652011704
COG0072	0.45597113274930234	0.5440288672506977
COG0073	0.4688936906334715	0.5311063093665285
COG0074	0.7197986027094725	0.2802013972905275
COG0075	0.16442478722608478	0.8355752127739152
COG0076	0.3015528417342197	0.6984471582657803
COG0077	0.45081307424754	0.54918692575246
COG0078	0.1282834392483584	0.8717165607516416
COG0079	0.7056589531200619	0.2943410468799382
COG0080	0.09745238955959867	0.9025476104404013
COG0081	0.4341842580901836	0.5658157419098164
COG0082	0.6400627678090429	0.35993723219095713
COG0083	0.25531176258966093	0.7446882374103391
COG0084	0.07060581976202362	0.9293941802379764
COG0085	0.3570724791553723	0.6429275208446277
COG0086	0.3284065218923522	0.6715934781076478
COG0087	0.5128622760492723	0.4871377239507278
COG0088	0.06914433327405012	0.9308556667259499
COG0089	0.6867544976348354	0.31324550236516463
COG0090	0.16625487371152547	0.8337451262884745
COG0091	0.47349701630950547	0.5265029836904945
COG0092	0.5144607158657988	0.48553928413420117
COG0093	0.27240203971544985	0.7275979602845501
COG0094	0.31823983781659926	0.6817601621834007
COG0095	0.15518712444340677	0.8448128755565932
COG0096	0.299308148578207	0.700691851421793
COG0097	0.47823962607221093	0.5217603739277891
COG0098	0.37730136290314087	0.6226986370968591
COG0099	0.7748242075184141	0.22517579248158595
COG0100	0.9017839928415861	0.09821600715841397
COG0101	0.5524515223585906	0.4475484776414094
COG0102	0.5540590347083445	0.44594096529165556
COG0103	0.26421183869096254	0.7357881613090375
COG0104	0.4605544205786014	0.5394455794213986
COG0105	0.8727118686119829	0.12728813138801706
COG0106	0.1133078867651568	0.8866921132348432
COG0107	0.04272792509885226	0.9572720749011477
COG0108	0.8141265613016664	0.18587343869833362
COG0109	0.21775909799517923	0.7822409020048208
COG0110	0.11865834660126096	0.881341653398739
COG0111	0.18181494571250756	0.8181850542874924
COG0112	0.375119195080133	0.624880804919867
COG0113	0.024977132236389088	0.9750228677636109
COG0114	0.35919824406014045	0.6408017559398596
COG0115	0.4494528445462367	0.5505471554537633
COG0116	0.8747482154517116	0.12525178454828842
COG0117	0.03961616987257688	0.9603838301274231
COG0118	0.5566245046346019	0.4433754953653981
COG0119	0.6749102118653727	0.32508978813462724
COG0120	0.04028338429900957	0.9597166157009904
COG0121	0.20170515102534492	0.7982948489746551
COG0122	0.1582177836463412	0.8417822163536588
COG0124	0.6248366899163793	0.37516331008362064
COG0125	0.5887148768184928	0.41128512318150723
COG0126	0.5747167640729556	0.4252832359270445
COG0127	0.4539303508119408	0.5460696491880592
COG0128	0.05721487152572635	0.9427851284742736
COG0129	0.32752786601142847	0.6724721339885715
COG0130	0.1731393551537509	0.8268606448462491
COG0131	0.5849415882242911	0.4150584117757089
COG0132	0.9015366704874124	0.0984633295125876
COG0133	0.7408240770005814	0.25917592299941866
COG0134	0.8667398941077207	0.1332601058922793
COG0135	0.5864955415841908	0.41350445841580924
COG0136	0.13768499040886883	0.8623150095911312
COG0137	0.28371779167406364	0.7162822083259364
COG0138	0.7059998059454125	0.29400019405458755
COG0139	0.4275089165774897	0.5724910834225103
COG0140	0.20148618099712223	0.7985138190028778
COG0141	0.18341042321854328	0.8165895767814567
COG0142	0.369597392561808	0.630402607438192
COG0143	0.6811524476800769	0.3188475523199231
COG0144	0.6826187805152473	0.31738121948475273
COG0145	0.0684452611257712	0.9315547388742288
COG0147	0.12329425034164587	0.8767057496583541
COG0148	0.4694833199758903	0.5305166800241097
COG0149	0.6335544680523324	0.3664455319476676
COG0150	0.5832902176813612	0.4167097823186387
COG0151	0.12805897413906908	0.8719410258609309
COG0152	0.8513328536718358	0.14866714632816422
COG0153	0.5752396432544169	0.4247603567455831
COG0154	0.17707785426435707	0.8229221457356429
COG0155	0.7623940691246498	0.2376059308753502
COG0156	0.7944717195288358	0.20552828047116428
COG0157	0.29911869233491306	0.7008813076650869
COG0158	0.3268566414140648	0.6731433585859352
COG0159	0.4304874262322357	0.5695125737677643
COG0160	0.3310644183367101	0.6689355816632899
COG0161	0.6762045659075062	0.32379543409249384
COG0162	0.6808792912540725	0.31912070874592746
COG0163	0.22981457681545303	0.770185423184547
COG0164	0.8124903776400876	0.18750962235991236
COG0165	0.8600525901628955	0.13994740983710452
COG0166	0.8832667959252757	0.11673320407472428
COG0167	0.30427712125955053	0.6957228787404495
COG0168	0.44488218953881	0.55511781046119
COG0169	0.36924369336902596	0.630756306630974
COG0171	0.5736446705442911	0.42635532945570886
COG0172	0.11614732662935923	0.8838526733706408
COG0173	0.22642348698612302	0.773576513013877
COG0174	0.3480147301540637	0.6519852698459363
COG0175	0.35634427507634814	0.6436557249236519
COG0176	0.039007922383316185	0.9609920776166838
COG0177	0.5937499608080914	0.40625003919190866
COG0178	0.7561458394090648	0.2438541605909352
COG0179	0.6176264078328523	0.3823735921671477
COG0180	0.30175334501957807	0.6982466549804219
COG0181	0.08235210575076712	0.9176478942492329
COG0182	0.2307110332943506	0.7692889667056494
COG0183	0.464835819394669	0.535164180605331
COG0184	0.013858724808787803	0.9861412751912122
COG0185	0.13675267686838477	0.8632473231316152
COG0186	0.4842414908646795	0.5157585091353205
COG0187	0.21466723748692595	0.785332762513074
COG0188	0.3778479358955079	0.6221520641044921
COG0189	0.8709831175813407	0.1290168824186593
COG0190	0.49540706277621727	0.5045929372237827
COG0191	0.37452417683685735	0.6254758231631427
COG0192	0.5370800770654905	0.46291992293450945
COG0193	0.8495529598651239	0.15044704013487611
COG0194	0.7227452809296748	0.2772547190703252
COG0195	0.11613018922933738	0.8838698107706626
COG0196	0.6996960197095788	0.30030398029042116
COG0197	0.5215356383754529	0.4784643616245471
COG0198	0.37310542881765896	0.626894571182341
COG0199	0.1665127698529857	0.8334872301470143
COG0200	0.382824012028972	0.617175987971028
COG0201	0.49369249331813914	0.5063075066818609
COG0202	0.013658596216344243	0.9863414037836558
COG0203	0.26012011336723984	0.7398798866327602
COG0204	0.26788376813768533	0.7321162318623147
COG0205	0.47948906849854156	0.5205109315014584
COG0206	0.39635376989302185	0.6036462301069782
COG0207	0.7428800377299365	0.25711996227006345
COG0208	0.1267043283302316	0.8732956716697684
COG0209	0.7774651024899223	0.22253489751007774
COG0210	0.6181783609824538	0.3818216390175462
COG0211	0.27030152448585953	0.7296984755141405
COG0212	0.03363510072557119	0.9663648992744288
COG0213	0.3371604468527142	0.6628395531472858
COG0214	0.3939476112951349	0.6060523887048651
COG0215	0.36168266305802954	0.6383173369419705
COG0216	0.4405861043501397	0.5594138956498603
COG0217	0.22427288464422834	0.7757271153557717
COG0218	0.2999415600227673	0.7000584399772327
COG0219	0.5374341073694822	0.46256589263051784
COG0220	0.36782048995663574	0.6321795100433643
COG0221	0.028285572297449768	0.9717144277025502
COG0222	0.013954058998646657	0.9860459410013533
COG0223	0.5456391928949433	0.45436080710505666
COG0224	0.5860442406540682	0.4139557593459317
COG0225	0.31081998937968214	0.6891800106203179
COG0226	0.1389532697249105	0.8610467302750895
COG0227	0.4411069469750988	0.5588930530249012
COG0228	0.026532878456351883	0.9734671215436481
COG0229	0.30488564312719546	0.6951143568728045
COG0230	0.8214709523122294	0.1785290476877705
COG0231	0.026074063087817123	0.9739259369121829
COG0232	0.10289628063899336	0.8971037193610066
COG0233	0.10681613688147829	0.8931838631185217
COG0234	0.278432976496508	0.721567023503492
COG0235	0.23297517815726887	0.7670248218427311
COG0236	0.14791230853471282	0.8520876914652872
COG0237	0.1513264958768641	0.8486735041231359
COG0238	0.953035589015088	0.046964410984911956
COG0239	0.6876608481408899	0.31233915185911004
COG0240	0.5530326099600391	0.44696739003996083
COG0241	0.27651786223650576	0.7234821377634942
COG0242	0.1156798142302643	0.8843201857697357
COG0243	0.2409481930428542	0.7590518069571458
COG0244	0.9181215933612535	0.08187840663874642
COG0245	0.6005260868455865	0.3994739131544135
COG0246	0.08809993221819434	0.9119000677818057
COG0247	0.12540336559537946	0.8745966344046205
COG0248	0.4285852667620421	0.5714147332379579
COG0249	0.7099558929232604	0.29004410707673955
COG0250	0.08703825362301609	0.9129617463769839
COG0251	0.43381972528856083	0.5661802747114392
COG0252	0.438670881476962	0.561329118523038
COG0253	0.16932749464115382	0.8306725053588462
COG0254	0.11933463359769936	0.8806653664023006
COG0255	0.02978851417648365	0.9702114858235164
COG0256	0.1858238913797602	0.8141761086202398
COG0257	0.39747212563632583	0.6025278743636742
COG0258	0.19136177235671015	0.8086382276432899
COG0259	0.2410780395080827	0.7589219604919173
COG0260	0.09948424263001854	0.9005157573699815
COG0261	0.29211870795605144	0.7078812920439486
COG0262	0.22940756581346655	0.7705924341865334
COG0263	0.33170426089770744	0.6682957391022926
COG0264	0.1754705078432266	0.8245294921567734
COG0265	0.4024244003078159	0.5975755996921841
COG0266	0.37589753417088323	0.6241024658291168
COG0267	0.8934024078427357	0.10659759215726429
COG0268	0.20589871093199674	0.7941012890680033
COG0269	0.12515154341154255	0.8748484565884574
COG0270	0.4524178356237334	0.5475821643762666
COG0272	0.2329486233871586	0.7670513766128414
COG0274	0.7630812165125136	0.23691878348748643
COG0275	0.1066078174706998	0.8933921825293002
COG0276	0.1142302039845059	0.8857697960154941
COG0277	0.2328567160456052	0.7671432839543948
COG0279	0.6122390759732668	0.38776092402673323
COG0280	0.6166790744180046	0.3833209255819953
COG0281	0.49693639313078	0.50306360686922
COG0282	0.7281264696925902	0.2718735303074098
COG0283	0.6989113413892171	0.30108865861078293
COG0284	0.4259097744165904	0.5740902255834096
COG0285	0.17232381439554245	0.8276761856044575
COG0286	0.9188168543621448	0.08118314563785527
COG0287	0.05125036465930055	0.9487496353406994
COG0288	0.4343488375695599	0.5656511624304401
COG0289	0.3281377200672855	0.6718622799327145
COG0290	0.39027377643618466	0.6097262235638153
COG0291	0.644448708560234	0.35555129143976605
COG0292	0.21807308652514057	0.7819269134748594
COG0293	0.1311380337140715	0.8688619662859285
COG0294	0.7946371523774474	0.20536284762255264
COG0295	0.690951982668867	0.309048017331133
COG0296	0.07524641007055488	0.9247535899294451
COG0297	0.1704203066426654	0.8295796933573346
COG0298	0.249693840103537	0.750306159896463
COG0299	0.45133693735187186	0.5486630626481281
COG0300	0.16618207268554508	0.8338179273144549
COG0301	0.4014393666025504	0.5985606333974496
COG0302	0.13026503331061556	0.8697349666893844
COG0303	0.6249433961269406	0.3750566038730594
COG0304	0.621661804253383	0.3783381957466169
COG0305	0.5432625016631721	0.45673749833682786
COG0306	0.4129978069434014	0.5870021930565986
COG0307	0.7326565584398255	0.26734344156017453
COG0308	0.2758767495955645	0.7241232504044355
COG0309	0.026075591089862904	0.9739244089101371
COG0310	0.28032353969985524	0.7196764603001448
COG0311	0.2891955334559817	0.7108044665440183
COG0312	0.30226610666013687	0.6977338933398631
COG0313	0.13041950221182697	0.869580497788173
COG0315	0.04920314216125743	0.9507968578387426
COG0316	0.5011528509548218	0.4988471490451782
COG0317	0.423325226001104	0.576674773998896
COG0318	0.7370403003299965	0.26295969967000354
COG0319	0.7429851322741339	0.25701486772586607
COG0320	0.9350706450253037	0.06492935497469629
COG0321	0.9517145427161378	0.04828545728386221
COG0322	0.06110425737195768	0.9388957426280423
COG0323	0.8792804111267198	0.12071958887328013
COG0324	0.679164469230441	0.32083553076955895
COG0325	0.15033485763351617	0.8496651423664838
COG0326	0.5853835381205881	0.414616461879412
COG0327	0.6496890070152366	0.3503109929847634
COG0328	0.21136344455262823	0.7886365554473718
COG0329	0.3497415333978442	0.6502584666021558
COG0330	0.022492587044147805	0.9775074129558522
COG0331	0.7441925004272818	0.25580749957271814
COG0332	0.36156280080583714	0.6384371991941629
COG0333	0.17892708338071817	0.8210729166192818
COG0334	0.52110155523001	0.47889844476999
COG0335	0.17488386477135864	0.8251161352286414
COG0336	0.8388349700291966	0.1611650299708034
COG0337	0.1289874129801798	0.8710125870198202
COG0338	0.49079291136526204	0.509207088634738
COG0339	0.8912266867500498	0.10877331324995027
COG0340	0.513460758953195	0.486539241046805
COG0341	0.6866160678741805	0.3133839321258195
COG0342	0.7739453560494367	0.22605464395056324
COG0343	0.170302547280471	0.829697452719529
COG0344	0.11543029718275688	0.8845697028172431
COG0345	0.07760701653186952	0.9223929834681305
COG0346	0.18180161505663062	0.8181983849433694
COG0347	0.7949089924863983	0.20509100751360165
COG0348	0.4869906623041125	0.5130093376958875
COG0349	0.06035439687079336	0.9396456031292066
COG0350	0.24109976426435964	0.7589002357356404
COG0351	0.7022165674726952	0.2977834325273047
COG0352	0.44450640984583034	0.5554935901541697
COG0353	0.1715827522731026	0.8284172477268974
COG0354	0.06846395343352052	0.9315360465664795
COG0355	0.21798247171317942	0.7820175282868206
COG0356	0.247917963181724	0.752082036818276
COG0357	0.2845473202023121	0.7154526797976879
COG0358	0.7474424562940626	0.2525575437059374
COG0359	0.4480729686737105	0.5519270313262895
COG0360	0.15265238727955843	0.8473476127204416
COG0361	0.50325556759168	0.49674443240832
COG0362	0.5397999714711776	0.4602000285288223
COG0363	0.12613695837925043	0.8738630416207496
COG0364	0.3237732489100582	0.6762267510899418
COG0365	0.34591156367496767	0.6540884363250323
COG0366	0.13841042201393006	0.8615895779860699
COG0367	0.15540736254566656	0.8445926374543334
COG0368	0.7267380544371957	0.2732619455628042
COG0369	0.3536280735078643	0.6463719264921357
COG0370	0.7574752848171926	0.24252471518280738
COG0371	0.13404464146804884	0.8659553585319512
COG0372	0.3779055809969626	0.6220944190030374
COG0373	0.4093062335415045	0.5906937664584955
COG0374	0.822915901033048	0.17708409896695199
COG0375	0.5377796093642411	0.462220390635759
COG0376	0.40636294344143764	0.5936370565585624
COG0377	0.6089286547514778	0.39107134524852216
COG0378	0.558957311958261	0.44104268804173896
COG0379	0.135971218988441	0.864028781011559
COG0380	0.1380419900772002	0.8619580099227998
COG0381	0.8255933410002425	0.1744066589997575
COG0382	0.6766501609845381	0.32334983901546194
COG0383	0.31868662267438685	0.6813133773256131
COG0384	0.12533546906828208	0.8746645309317179
COG0385	0.6866694954174106	0.3133305045825893
COG0386	0.40744920966527254	0.5925507903347275
COG0387	0.03215667473982131	0.9678433252601787
COG0388	0.6592683240381901	0.34073167596180987
COG0389	0.5134182473922391	0.4865817526077609
COG0390	0.6211015434983957	0.3788984565016042
COG0391	0.21951765542122892	0.7804823445787711
COG0392	0.039898013464474524	0.9601019865355255
COG0393	0.5749013771015178	0.4250986228984822
COG0394	0.5694798240100909	0.4305201759899091
COG0395	0.13429690108675596	0.865703098913244
COG0396	0.14336178083123263	0.8566382191687674
COG0397	0.22242389058547052	0.7775761094145295
COG0398	0.5688613602637032	0.4311386397362968
COG0399	0.5710005996518902	0.4289994003481098
COG0400	0.10874936579744587	0.8912506342025541
COG0401	0.46589007808104443	0.5341099219189556
COG0402	0.5455547212765612	0.4544452787234387
COG0403	0.9557282635743861	0.04427173642561388
COG0404	0.6657298643509785	0.3342701356490215
COG0405	0.04377768870177767	0.9562223112982223
COG0406	0.4567620373070348	0.5432379626929652
COG0407	0.591868502486063	0.408131497513937
COG0408	0.4038110970578981	0.5961889029421019
COG0409	0.30256424550482863	0.6974357544951714
COG0410	0.22258678460533887	0.7774132153946611
COG0411	0.041257021487763335	0.9587429785122367
COG0412	0.13474485408401993	0.8652551459159801
COG0413	0.9213089621990869	0.07869103780091317
COG0414	0.5986578093900701	0.40134219060992987
COG0415	0.027158024451617302	0.9728419755483827
COG0416	0.2686596042340378	0.7313403957659622
COG0417	0.07413760564861571	0.9258623943513843
COG0418	0.40593506638399757	0.5940649336160024
COG0419	0.5956027286364269	0.404397271363573
COG0420	0.031941372977559945	0.96805862702244
COG0421	0.597766490544101	0.402233509455899
COG0422	0.2327508435148664	0.7672491564851336
COG0423	0.5677895962980974	0.43221040370190256
COG0424	0.16671177726108122	0.8332882227389188
COG0425	0.05908561493015008	0.9409143850698499
COG0426	0.4730750877166009	0.5269249122833991
COG0427	0.9246385666227646	0.07536143337723543
COG0428	0.3987970607458968	0.6012029392541032
COG0429	0.15854372407092165	0.8414562759290783
COG0430	0.7424801661426059	0.2575198338573941
COG0431	0.11944937162071068	0.8805506283792893
COG0432	0.19586787594546717	0.8041321240545328
COG0433	0.19271641844425758	0.8072835815557424
COG0434	0.2269953793135404	0.7730046206864596
COG0435	0.09860602168944876	0.9013939783105512
COG0436	0.32061730281816014	0.6793826971818399
COG0437	0.3541445176223488	0.6458554823776512
COG0438	0.960840211917583	0.039159788082417095
COG0439	0.4176906233248392	0.5823093766751608
COG0440	0.4837927313871482	0.5162072686128518
COG0441	0.0933961387023452	0.9066038612976548
COG0442	0.012475288711677135	0.9875247112883229
COG0443	0.41323449247438626	0.5867655075256137
COG0444	0.026242360316498847	0.9737576396835012
COG0445	0.5919213798060949	0.408078620193905
COG0446	0.08468077818436603	0.915319221815634
COG0447	0.8980702349300763	0.1019297650699237
COG0448	0.1259274447938571	0.8740725552061429
COG0449	0.041746543285794635	0.9582534567142054
COG0450	0.26490378531534153	0.7350962146846585
COG0451	0.9097269112586525	0.09027308874134754
COG0452	0.47745586793472217	0.5225441320652778
COG0454	0.2740695115074194	0.7259304884925806
COG0456	0.15875648940661158	0.8412435105933884
COG0457	0.8781880496044707	0.12181195039552932
COG0458	0.8065031806027536	0.19349681939724636
COG0459	0.19843813390518938	0.8015618660948106
COG0460	0.3319021489612948	0.6680978510387052
COG0461	0.24647851745914406	0.7535214825408559
COG0462	0.2187978648692881	0.7812021351307119
COG0463	0.991960274616259	0.008039725383740955
COG0464	0.28428082888404227	0.7157191711159577
COG0465	0.06540812561238452	0.9345918743876155
COG0466	0.09857530216909749	0.9014246978309025
COG0468	0.4093943448823938	0.5906056551176062
COG0469	0.16731755557845818	0.8326824444215418
COG0470	0.2092792073268268	0.7907207926731732
COG0471	0.40677489600265526	0.5932251039973447
COG0472	0.9325897021593731	0.06741029784062694
COG0473	0.1626148891773742	0.8373851108226258
COG0474	0.085375578168019	0.914624421831981
COG0475	0.6557728671374848	0.34422713286251516
COG0476	0.7479988093804473	0.2520011906195528
COG0477	0.24703420564104195	0.752965794358958
COG0479	0.3030939374883963	0.6969060625116037
COG0480	0.5914589103910259	0.40854108960897406
COG0481	0.7299422653883563	0.27005773461164373
COG0482	0.5256393821349477	0.4743606178650524
COG0483	0.5063604871945933	0.4936395128054068
COG0484	0.6774893253659418	0.3225106746340582
COG0486	0.5262943243773068	0.47370567562269317
COG0488	0.047077851427067885	0.9529221485729321
COG0489	0.9540706025626754	0.04592939743732464
COG0491	0.00453194031609272	0.9954680596839073
COG0492	0.2630407965678012	0.7369592034321988
COG0493	0.37766818305332783	0.6223318169466722
COG0494	0.12154039843130238	0.8784596015686976
COG0495	0.10986767301212907	0.8901323269878709
COG0496	0.3695223376286161	0.6304776623713839
COG0497	0.16801290639916366	0.8319870936008363
COG0498	0.6668840490135841	0.3331159509864159
COG0499	0.9198115009687753	0.08018849903122469
COG0500	0.2353404369920188	0.7646595630079812
COG0501	0.7395007786288128	0.2604992213711872
COG0502	0.23724209700339438	0.7627579029966056
COG0503	0.268045324949333	0.731954675050667
COG0504	0.19656483164154148	0.8034351683584585
COG0505	0.25429111591309295	0.745708884086907
COG0506	0.6448720705191897	0.35512792948081023
COG0508	0.26305050826651966	0.7369494917334803
COG0509	0.4175748034717718	0.5824251965282282
COG0510	0.012509138816893528	0.9874908611831065
COG0511	0.18461593909774543	0.8153840609022546
COG0512	0.6963534900513351	0.30364650994866493
COG0513	0.27699495682495034	0.7230050431750497
COG0514	0.6840530377325911	0.3159469622674089
COG0515	0.19887587557423847	0.8011241244257615
COG0516	0.06279580878388602	0.937204191216114
COG0517	0.12530621361799243	0.8746937863820076
COG0518	0.031324092950187454	0.9686759070498125
COG0519	0.05027161330088381	0.9497283866991162
COG0520	0.09304339897820935	0.9069566010217907
COG0521	0.038279610897955285	0.9617203891020447
COG0522	0.09560615768747227	0.9043938423125277
COG0523	0.31715570810274885	0.6828442918972512
COG0524	0.4315130217504558	0.5684869782495442
COG0525	0.14047410261719118	0.8595258973828088
COG0526	0.8814093575185318	0.11859064248146825
COG0527	0.1825898422254323	0.8174101577745677
COG0528	0.05390321116590924	0.9460967888340908
COG0529	0.7098422731806743	0.2901577268193257
COG0530	0.07361409363190785	0.9263859063680921
COG0531	0.2921898465289162	0.7078101534710838
COG0532	0.7492736391759225	0.25072636082407757
COG0533	0.2536867621371961	0.7463132378628039
COG0534	0.21128011357191123	0.7887198864280888
COG0535	0.7263068476628449	0.273693152337155
COG0536	0.713540654094974	0.2864593459050259
COG0537	0.0811740095864717	0.9188259904135283
COG0538	0.10428871277030627	0.8957112872296937
COG0539	0.6512440672440546	0.3487559327559454
COG0540	0.8692225819948355	0.13077741800516454
COG0541	0.44923856494090175	0.5507614350590982
COG0542	0.21764625973218932	0.7823537402678107
COG0544	0.4016796649516634	0.5983203350483366
COG0545	0.6315090946085886	0.3684909053914114
COG0546	0.3472191996590289	0.6527808003409711
COG0547	0.6363383201706332	0.36366167982936676
COG0548	0.5584558403028541	0.4415441596971459
COG0549	0.1788806243210539	0.8211193756789461
COG0550	0.19959799343102302	0.800402006568977
COG0551	0.12693263155269985	0.8730673684473002
COG0552	0.35139810462050836	0.6486018953794916
COG0553	0.4571393905598956	0.5428606094401044
COG0554	0.04032920103223925	0.9596707989677608
COG0555	0.15488640261862463	0.8451135973813754
COG0556	0.2297498216245485	0.7702501783754515
COG0557	0.32204580876517175	0.6779541912348283
COG0558	0.12639135524553646	0.8736086447544635
COG0559	0.4681045418408929	0.5318954581591071
COG0560	0.24733256676020832	0.7526674332397917
COG0561	0.052465260920510404	0.9475347390794896
COG0562	0.3867401746606889	0.6132598253393111
COG0563	0.19733822939851997	0.80266177060148
COG0564	0.1347454462315224	0.8652545537684776
COG0565	0.5804366364773126	0.4195633635226874
COG0566	0.2990139054384042	0.7009860945615958
COG0567	0.6572446953314524	0.3427553046685476
COG0568	0.39848467138067156	0.6015153286193284
COG0569	0.030801616549023247	0.9691983834509768
COG0571	0.8271603687487984	0.1728396312512016
COG0572	0.5406878867323077	0.45931211326769233
COG0573	0.9381525809421744	0.06184741905782567
COG0574	0.8782025878169631	0.12179741218303688
COG0575	0.36680202799471673	0.6331979720052833
COG0576	0.24820627009127416	0.7517937299087258
COG0577	0.7281730559675867	0.27182694403241325
COG0578	0.0888924631946969	0.9111075368053031
COG0579	0.09706479291506476	0.9029352070849352
COG0580	0.13638703324611923	0.8636129667538808
COG0581	0.1505215467875668	0.8494784532124332
COG0582	0.07872769517739997	0.9212723048226
COG0583	0.0523297757985175	0.9476702242014825
COG0584	0.0360716215163025	0.9639283784836975
COG0585	0.24897700733356254	0.7510229926664375
COG0586	0.1561187320812124	0.8438812679187876
COG0587	0.22494251852552705	0.775057481474473
COG0588	0.24181863762047107	0.7581813623795289
COG0589	0.6098243225949265	0.3901756774050736
COG0590	0.372068664803213	0.627931335196787
COG0591	0.8691018704940884	0.1308981295059116
COG0592	0.11618217745603021	0.8838178225439698
COG0593	0.3757796710006476	0.6242203289993524
COG0594	0.3319929477465515	0.6680070522534485
COG0595	0.14228913270582033	0.8577108672941797
COG0596	0.36485250508529776	0.6351474949147022
COG0597	0.2902343863653897	0.7097656136346103
COG0598	0.16552215355131616	0.8344778464486838
COG0599	0.8430704287112415	0.1569295712887585
COG0600	0.5105705575407791	0.48942944245922093
COG0601	0.6309104439868146	0.3690895560131854
COG0602	0.34568212033757884	0.6543178796624212
COG0603	0.5995460128326776	0.4004539871673224
COG0604	0.19925888776565215	0.8007411122343479
COG0605	0.7584624883114147	0.2415375116885853
COG0606	0.23931308312373367	0.7606869168762663
COG0607	0.39111695586454753	0.6088830441354525
COG0608	0.28958112748777154	0.7104188725122285
COG0609	0.45074194063237105	0.549258059367629
COG0610	0.7832923259431694	0.2167076740568305
COG0611	0.7388040571152852	0.26119594288471476
COG0612	0.993101884542778	0.006898115457221936
COG0613	0.1578234614824784	0.8421765385175216
COG0614	0.3861266094536123	0.6138733905463877
COG0615	0.5231940226866214	0.47680597731337854
COG0616	0.4363330998639793	0.5636669001360207
COG0617	0.15616450739068788	0.8438354926093121
COG0618	0.5113179330707096	0.48868206692929034
COG0619	0.19834071535275377	0.8016592846472462
COG0620	0.34576996876509025	0.6542300312349097
COG0621	0.802674504808379	0.197325495191621
COG0622	0.1347595097688853	0.8652404902311147
COG0623	0.7890475193860553	0.21095248061394467
COG0624	0.8250453673878541	0.17495463261214592
COG0625	0.037059602920736845	0.9629403970792632
COG0626	0.36321118378250616	0.6367888162174938
COG0627	0.5654005855864728	0.4345994144135272
COG0628	0.020145388155682897	0.9798546118443171
COG0629	0.17857923066892023	0.8214207693310798
COG0630	0.5218427034113122	0.47815729658868783
COG0631	0.4148326715935253	0.5851673284064747
COG0632	0.9494372421204056	0.050562757879594446
COG0633	0.2810641350574996	0.7189358649425004
COG0634	0.21139493583454283	0.7886050641654572
COG0635	0.013546328785703055	0.986453671214297
COG0636	0.10201500272010944	0.8979849972798906
COG0637	0.34699895770846967	0.6530010422915303
COG0639	0.16074534230489368	0.8392546576951063
COG0640	0.3670914876723931	0.6329085123276069
COG0641	0.10989874908392239	0.8901012509160776
COG0642	0.10996934426487426	0.8900306557351257
COG0643	0.25587127932570153	0.7441287206742985
COG0644	0.4130900241588762	0.5869099758411238
COG0645	0.19928697555019748	0.8007130244498025
COG0646	0.49670748928084063	0.5032925107191594
COG0647	0.16876609506437024	0.8312339049356298
COG0648	0.3917959686290381	0.6082040313709619
COG0649	0.601673609060605	0.3983263909393951
COG0650	0.631133622081927	0.3688663779180729
COG0651	0.19707968371962625	0.8029203162803737
COG0652	0.6377854725841292	0.36221452741587074
COG0653	0.270948756476313	0.729051243523687
COG0654	0.26870428571012994	0.7312957142898701
COG0655	0.20698860682005704	0.793011393179943
COG0656	0.03217131397914663	0.9678286860208534
COG0657	0.08030949541318977	0.9196905045868102
COG0658	0.885502501550128	0.11449749844987205
COG0659	0.7039847415420077	0.2960152584579922
COG0661	0.1454804993521316	0.8545195006478684
COG0662	0.059208110198922914	0.9407918898010771
COG0663	0.5124998478800379	0.4875001521199621
COG0664	0.04567085508786817	0.9543291449121318
COG0665	0.1699114325734169	0.8300885674265831
COG0666	0.6749005779741797	0.32509942202582026
COG0667	0.291263318080037	0.708736681919963
COG0668	0.8161764385077116	0.1838235614922884
COG0669	0.035074226567797906	0.9649257734322021
COG0670	0.11479577548818398	0.885204224511816
COG0671	0.042541265237119985	0.95745873476288
COG0672	0.16219854813854007	0.8378014518614599
COG0673	0.12966800106838416	0.8703319989316158
COG0674	0.45476414512769725	0.5452358548723027
COG0675	0.10926115933931102	0.890738840660689
COG0676	0.6460412552187074	0.35395874478129263
COG0677	0.8812471873935825	0.1187528126064174
COG0679	0.2378410422828212	0.7621589577171788
COG0680	0.307958454214887	0.692041545785113
COG0681	0.4768248765281182	0.5231751234718818
COG0682	0.8109617549341028	0.18903824506589714
COG0683	0.16765555427249956	0.8323444457275004
COG0684	0.04290557306257303	0.957094426937427
COG0685	0.5601810709663848	0.43981892903361514
COG0686	0.9360427218612403	0.0639572781387597
COG0687	0.38299732161004507	0.6170026783899549
COG0688	0.7253149133144581	0.27468508668554187
COG0689	0.22302335587707967	0.7769766441229203
COG0691	0.03712335823686774	0.9628766417631323
COG0692	0.5639834253776216	0.4360165746223784
COG0693	0.127573238873107	0.872426761126893
COG0695	0.16877253729130504	0.831227462708695
COG0696	0.08024865988553298	0.919751340114467
COG0697	0.07064285448620655	0.9293571455137934
COG0698	0.7091207505565946	0.2908792494434053
COG0699	0.27319366358082176	0.7268063364191782
COG0700	0.49486929937584945	0.5051307006241506
COG0701	0.2634175598577123	0.7365824401422877
COG0702	0.3414435039387377	0.6585564960612623
COG0703	0.14728411506333605	0.852715884936664
COG0704	0.3860970645253199	0.6139029354746801
COG0705	0.30823702327034297	0.691762976729657
COG0706	0.462242056467005	0.537757943532995
COG0707	0.1348518303973123	0.8651481696026877
COG0708	0.1728958446906257	0.8271041553093743
COG0709	0.5924170140675376	0.40758298593246245
COG0710	0.6997859207518353	0.3002140792481647
COG0711	0.09884481696653225	0.9011551830334678
COG0712	0.49912408265529173	0.5008759173447083
COG0713	0.47469603759392454	0.5253039624060755
COG0714	0.18746380183362565	0.8125361981663743
COG0715	0.05157784809276911	0.9484221519072309
COG0716	0.2310982129250314	0.7689017870749686
COG0717	0.15532309427690083	0.8446769057230992
COG0718	0.20697361176759743	0.7930263882324026
COG0719	0.7916258942069568	0.2083741057930432
COG0720	0.6020370898732736	0.39796291012672635
COG0721	0.7577740541835014	0.2422259458164986
COG0722	0.08160322731639635	0.9183967726836036
COG0724	0.9602507445377984	0.03974925546220163
COG0725	0.4879624580255665	0.5120375419744335
COG0726	0.05711007911352184	0.9428899208864782
COG0727	0.07155038096431665	0.9284496190356833
COG0728	0.26694435819027396	0.733055641809726
COG0729	0.5619643762267621	0.43803562377323785
COG0730	0.8326739932498233	0.1673260067501767
COG0732	0.43837864429675366	0.5616213557032463
COG0733	0.42287583301461285	0.5771241669853872
COG0735	0.12133872476814211	0.8786612752318579
COG0736	0.34862992078189414	0.6513700792181059
COG0737	0.5408847248987247	0.45911527510127526
COG0738	0.9885723566012634	0.011427643398736543
COG0739	0.43276877886973564	0.5672312211302644
COG0740	0.5775947552908173	0.4224052447091827
COG0741	0.4125359650328516	0.5874640349671484
COG0742	0.6495099234393463	0.3504900765606537
COG0743	0.3002195265569555	0.6997804734430445
COG0744	0.6846032528069832	0.31539674719301686
COG0745	0.39169553208805963	0.6083044679119404
COG0746	0.8275834763778364	0.17241652362216364
COG0747	0.48434426595097724	0.5156557340490228
COG0749	0.1869498871879851	0.8130501128120149
COG0750	0.5381952828297598	0.46180471717024024
COG0751	0.6900547212226966	0.3099452787773033
COG0752	0.20158936683675233	0.7984106331632477
COG0753	0.6009191316054122	0.3990808683945878
COG0754	0.6968367852256547	0.30316321477434527
COG0755	0.8151165868820553	0.18488341311794468
COG0756	0.14987552124910064	0.8501244787508994
COG0757	0.2172574533502526	0.7827425466497474
COG0758	0.33166080030438616	0.6683391996956138
COG0759	0.32588426047599106	0.6741157395240089
COG0760	0.8397769835847572	0.16022301641524284
COG0761	0.12486048958333462	0.8751395104166654
COG0762	0.13762451742443305	0.862375482575567
COG0763	0.9617557442928543	0.03824425570714578
COG0764	0.2582117586467576	0.7417882413532424
COG0765	0.07474198087663897	0.925258019123361
COG0766	0.4051410174590614	0.5948589825409386
COG0767	0.40390542211982505	0.596094577880175
COG0768	0.40112263783559143	0.5988773621644086
COG0769	0.6998038876532648	0.3001961123467352
COG0770	0.31707031780207473	0.6829296821979253
COG0771	0.49848783098928884	0.5015121690107112
COG0772	0.650891205288952	0.349108794711048
COG0773	0.8613794809510099	0.13862051904899012
COG0774	0.7722603826160409	0.22773961738395906
COG0775	0.004887299690546909	0.9951127003094531
COG0776	0.11183020451457781	0.8881697954854222
COG0777	0.028638207530181647	0.9713617924698184
COG0778	0.9641255594513791	0.03587444054862092
COG0779	0.05017502680026564	0.9498249731997344
COG0780	0.6665874149904456	0.3334125850095544
COG0781	0.36269247905382485	0.6373075209461752
COG0782	0.26172168245001337	0.7382783175499866
COG0783	0.1681822616242875	0.8318177383757125
COG0784	0.1179136992232066	0.8820863007767934
COG0785	0.7538011579175017	0.24619884208249831
COG0786	0.39192983625787203	0.608070163742128
COG0787	0.31026328965537875	0.6897367103446213
COG0788	0.7506877472459368	0.24931225275406324
COG0789	0.08419394174842809	0.9158060582515719
COG0790	0.6500420232613096	0.3499579767386905
COG0791	0.1342063218898174	0.8657936781101826
COG0792	0.330704177295305	0.669295822704695
COG0793	0.9304747427751752	0.06952525722482485
COG0794	0.432209207242503	0.567790792757497
COG0795	0.6663223601227279	0.333677639877272
COG0796	0.10951373526974828	0.8904862647302517
COG0797	0.16495259029658493	0.8350474097034151
COG0798	0.8422352345191276	0.15776476548087237
COG0799	0.2742697454122369	0.7257302545877631
COG0800	0.8051409654625434	0.1948590345374566
COG0801	0.2596312947265028	0.7403687052734972
COG0802	0.13436227774475273	0.8656377222552473
COG0803	0.07844421390369027	0.9215557860963097
COG0804	0.21902548527369314	0.7809745147263069
COG0805	0.9580415315077914	0.04195846849220866
COG0806	0.04510892195580596	0.954891078044194
COG0807	0.6174123053180118	0.3825876946819882
COG0809	0.9703724243075896	0.029627575692410407
COG0810	0.07198593101665685	0.9280140689833432
COG0811	0.6356318069685851	0.36436819303141493
COG0812	0.4128143367556252	0.5871856632443748
COG0813	0.08747804170373907	0.9125219582962609
COG0814	0.013739042244181321	0.9862609577558187
COG0815	0.5481887594369356	0.45181124056306443
COG0816	0.37083903701150933	0.6291609629884907
COG0817	0.3703882391271749	0.6296117608728251
COG0818	0.22003130975163898	0.779968690248361
COG0819	0.6149452849686039	0.38505471503139604
COG0820	0.26866868005423206	0.7313313199457679
COG0821	0.9887029990383511	0.01129700096164888
COG0822	0.34034572306901	0.65965427693099
COG0823	0.2607462540537998	0.7392537459462002
COG0824	0.817392843501913	0.18260715649808698
COG0825	0.032647431586842135	0.9673525684131579
COG0826	0.3716490481675091	0.6283509518324909
COG0827	0.34639161378964356	0.6536083862103564
COG0829	0.09303015110007762	0.9069698488999224
COG0830	0.24364780596678448	0.7563521940332155
COG0831	0.6152718231520453	0.3847281768479547
COG0832	0.5749031259332689	0.42509687406673113
COG0833	0.58611231611717	0.41388768388283004
COG0834	0.6720965410727696	0.3279034589272304
COG0835	0.20132778284676833	0.7986722171532317
COG0836	0.7440819188056838	0.2559180811943163
COG0837	0.038817909311183674	0.9611820906888163
COG0838	0.7433443511282171	0.25665564887178294
COG0839	0.4250748219261361	0.5749251780738639
COG0840	0.13514574961662673	0.8648542503833733
COG0841	0.9260801391584055	0.07391986084159456
COG0842	0.5337835439579232	0.46621645604207684
COG0843	0.27759488321690406	0.7224051167830959
COG0845	0.45900101883924815	0.5409989811607518
COG0846	0.05566563064623009	0.9443343693537699
COG0847	0.43387555822558976	0.5661244417744102
COG0848	0.40909414459396143	0.5909058554060386
COG0849	0.827893319562138	0.17210668043786206
COG0850	0.08548721553549099	0.914512784464509
COG0852	0.8243425954843258	0.17565740451567424
COG0853	0.803135612530777	0.19686438746922294
COG0854	0.8330122664066636	0.1669877335933364
COG0855	0.39228394177493975	0.6077160582250603
COG0857	0.01900614759300745	0.9809938524069926
COG0858	0.45607125986631913	0.5439287401336809
COG0859	0.48337735881579047	0.5166226411842095
COG0860	0.21246821924136483	0.7875317807586352
COG0861	0.4798791414206204	0.5201208585793796
COG0863	0.4071936493814473	0.5928063506185527
COG0864	0.05712542767486206	0.9428745723251379
COG1001	0.09049455983677102	0.909505440163229
COG1002	0.07038555543095693	0.9296144445690431
COG1003	0.13880006822789792	0.8611999317721021
COG1004	0.9255759861435169	0.07442401385648308
COG1005	0.9790087611568368	0.020991238843163267
COG1007	0.9180686807073579	0.08193131929264207
COG1008	0.800558038819413	0.199441961180587
COG1009	0.944753866533398	0.055246133466602024
COG1011	0.22113378671798734	0.7788662132820127
COG1012	0.15487940332509442	0.8451205966749056
COG1013	0.955230907516347	0.04476909248365296
COG1014	0.8678069671368112	0.13219303286318884
COG1015	0.1762076336509304	0.8237923663490696
COG1018	0.17307701696089117	0.8269229830391088
COG1020	0.20742150956049132	0.7925784904395087
COG1021	0.7573621422808265	0.2426378577191735
COG1022	0.7225996142437228	0.2774003857562773
COG1023	0.15533537928530783	0.8446646207146922
COG1024	0.35575445844769527	0.6442455415523047
COG1025	0.22057414235140294	0.7794258576485971
COG1026	0.36652645850417487	0.6334735414958251
COG1027	0.8015386609830651	0.19846133901693488
COG1028	0.32843168696310143	0.6715683130368986
COG1030	0.4403470119364704	0.5596529880635296
COG1032	0.2706104733326339	0.7293895266673661
COG1033	0.07017305468339075	0.9298269453166093
COG1034	0.3643558863426756	0.6356441136573244
COG1038	0.7448926036845935	0.25510739631540646
COG1039	0.03620897982902749	0.9637910201709725
COG1040	0.6278910764981694	0.37210892350183056
COG1042	0.6033274006574846	0.3966725993425154
COG1043	0.805345963359471	0.19465403664052908
COG1044	0.6521453385297917	0.3478546614702083
COG1045	0.4928188035576029	0.5071811964423971
COG1047	0.821871678606224	0.17812832139377596
COG1048	0.7349141572078012	0.2650858427921988
COG1049	0.01647883332232125	0.9835211666776787
COG1051	0.6177179656190499	0.38228203438095004
COG1052	0.592728155222646	0.407271844777354
COG1053	0.6933264118616286	0.3066735881383714
COG1054	0.1377636284023439	0.8622363715976561
COG1055	0.23445752251177499	0.765542477488225
COG1057	0.4008500405724691	0.5991499594275309
COG1058	0.46057272665002336	0.5394272733499766
COG1060	0.723965433507845	0.27603456649215496
COG1061	0.3677675907130571	0.6322324092869429
COG1062	0.3538421596029102	0.6461578403970898
COG1063	0.009251682054708055	0.990748317945292
COG1064	0.31699695095779357	0.6830030490422064
COG1066	0.3001419289828354	0.6998580710171646
COG1067	0.7450887816770974	0.25491121832290264
COG1069	0.590104579615505	0.409895420384495
COG1070	0.81312528152967	0.18687471847033
COG1071	0.5912289642916662	0.4087710357083339
COG1072	0.3218657010400612	0.6781342989599388
COG1073	0.8300167430351961	0.16998325696480382
COG1074	0.4961492755348428	0.5038507244651572
COG1075	0.9084078567264343	0.09159214327356573
COG1076	0.6859610065421871	0.314038993457813
COG1077	0.09361255421930759	0.9063874457806924
COG1078	0.39786242886889356	0.6021375711311064
COG1079	0.16147936963443232	0.8385206303655677
COG1080	0.09720799387849544	0.9027920061215046
COG1082	0.26629876540010056	0.7337012345998994
COG1083	0.4916450924055532	0.5083549075944468
COG1085	0.11497480966000495	0.885025190339995
COG1086	0.8357807311106706	0.1642192688893293
COG1087	0.0698728683049914	0.9301271316950086
COG1088	0.6817014319878456	0.31829856801215445
COG1089	0.4314812688807095	0.5685187311192905
COG1090	0.9195799572946091	0.0804200427053909
COG1091	0.7537873967891631	0.24621260321083688
COG1092	0.5313931537208634	0.4686068462791366
COG1098	0.04676223730972162	0.9532377626902784
COG1099	0.34089325713681584	0.6591067428631842
COG1101	0.27966557044065377	0.7203344295593462
COG1104	0.2404498009149063	0.7595501990850937
COG1105	0.11741642378564965	0.8825835762143504
COG1106	0.40337403633430735	0.5966259636656926
COG1108	0.24099161280635073	0.7590083871936493
COG1109	0.09159002948479733	0.9084099705152027
COG1112	0.46801195776988425	0.5319880422301158
COG1113	0.2964717335129484	0.7035282664870516
COG1114	0.019364149968756905	0.9806358500312431
COG1115	0.40138592686674857	0.5986140731332514
COG1116	0.41631444565588827	0.5836855543441117
COG1117	0.2684520787862511	0.7315479212137489
COG1118	0.03585164461045687	0.9641483553895431
COG1119	0.6391650642786789	0.3608349357213211
COG1120	0.3187792020965695	0.6812207979034305
COG1121	0.4488654563447142	0.5511345436552858
COG1122	0.06669181716314831	0.9333081828368517
COG1123	0.38729543350085205	0.612704566499148
COG1124	0.25350519176095176	0.7464948082390482
COG1125	0.3514767294909328	0.6485232705090672
COG1126	0.25462908118247973	0.7453709188175203
COG1127	0.23100619054142302	0.768993809458577
COG1129	0.11813212233205961	0.8818678776679404
COG1131	0.5964301935472098	0.4035698064527901
COG1132	0.00949896989577903	0.990501030104221
COG1133	0.7049855636812801	0.29501443631872
COG1134	0.035487598164310796	0.9645124018356892
COG1135	0.028469284328684563	0.9715307156713154
COG1136	0.15188846272714995	0.84811153727285
COG1137	0.7801678481151082	0.21983215188489186
COG1138	0.5432349881647351	0.4567650118352648
COG1139	0.9087726154086712	0.09122738459132883
COG1140	0.3688864280257621	0.6311135719742379
COG1142	0.14992644497740604	0.850073555022594
COG1143	0.8600352443985931	0.13996475560140684
COG1145	0.7090494414279931	0.2909505585720069
COG1146	0.9545214405653799	0.045478559434620126
COG1148	0.5349724453998717	0.4650275546001283
COG1151	0.27555833391647866	0.7244416660835213
COG1152	0.22142819244544787	0.7785718075545521
COG1154	0.7335492547707904	0.26645074522920964
COG1155	0.4300126744909759	0.5699873255090241
COG1156	0.6209808658894976	0.37901913411050236
COG1157	0.17472703981670268	0.8252729601832973
COG1158	0.44342625716760276	0.5565737428323972
COG1159	0.22657367300326237	0.7734263269967376
COG1160	0.5423367998584887	0.4576632001415113
COG1161	0.2017299583634543	0.7982700416365457
COG1162	0.7933643668109173	0.20663563318908273
COG1164	0.08163956667143069	0.9183604333285693
COG1165	0.9861670426301256	0.013832957369874459
COG1166	0.7965075711115932	0.20349242888840677
COG1167	0.0392239167364703	0.9607760832635297
COG1168	0.12488646634494083	0.8751135336550592
COG1169	0.9184780589233443	0.08152194107665572
COG1171	0.9750818665175957	0.024918133482404396
COG1172	0.2242100651441863	0.7757899348558137
COG1173	0.11755039989527516	0.8824496001047248
COG1174	0.4536091683347211	0.5463908316652789
COG1175	0.5029245164399883	0.4970754835600117
COG1176	0.6299857108261266	0.3700142891738733
COG1177	0.45217315029664973	0.5478268497033503
COG1178	0.1320073272871911	0.8679926727128089
COG1179	0.04915750731261648	0.9508424926873835
COG1180	0.013401912498106627	0.9865980875018934
COG1181	0.45948918612105394	0.5405108138789461
COG1182	0.0791547631898678	0.9208452368101322
COG1183	0.8409187380184646	0.1590812619815354
COG1185	0.1833540028604025	0.8166459971395975
COG1186	0.8489279436898812	0.1510720563101188
COG1187	0.2804121509020273	0.7195878490979727
COG1188	0.7977326767846122	0.2022673232153877
COG1189	0.10537716739801861	0.8946228326019814
COG1190	0.9593904497495611	0.04060955025043885
COG1191	0.30925185497233965	0.6907481450276604
COG1192	0.31035300004789934	0.6896469999521007
COG1193	0.16860564247993748	0.8313943575200625
COG1194	0.06675163703213083	0.9332483629678692
COG1195	0.3073891625730536	0.6926108374269464
COG1196	0.25003836300661264	0.7499616369933874
COG1197	0.3707794674303172	0.6292205325696828
COG1198	0.3039364515136722	0.6960635484863278
COG1199	0.024223170045971076	0.9757768299540289
COG1200	0.8767030972625265	0.12329690273747353
COG1201	0.5320188514852933	0.4679811485147068
COG1203	0.5226952119655242	0.4773047880344758
COG1204	0.4019367523841947	0.5980632476158053
COG1205	0.2557945282061376	0.7442054717938624
COG1206	0.36051224787697733	0.6394877521230227
COG1207	0.05384703018390069	0.9461529698160993
COG1208	0.8188080769065809	0.18119192309341914
COG1209	0.7045747361732354	0.2954252638267646
COG1210	0.5638445612168138	0.4361554387831862
COG1211	0.41033103971912754	0.5896689602808725
COG1212	0.4325201682327502	0.5674798317672498
COG1213	0.5314979513315332	0.4685020486684668
COG1214	0.6814175876824414	0.31858241231755857
COG1215	0.5705965692522829	0.42940343074771714
COG1216	0.6621245438430852	0.33787545615691483
COG1217	0.27085201259720537	0.7291479874027946
COG1218	0.6625462137784167	0.3374537862215833
COG1219	0.5031513221132038	0.49684867788679615
COG1220	0.15464921530235454	0.8453507846976455
COG1221	0.11921767987434473	0.8807823201256553
COG1225	0.07665654562653201	0.923343454373468
COG1226	0.7041217784200788	0.2958782215799211
COG1227	0.03007159150235006	0.9699284084976499
COG1228	0.2518327307912447	0.7481672692087553
COG1230	0.7208355052416088	0.2791644947583912
COG1232	0.3076133249090789	0.6923866750909211
COG1233	0.7178814996049263	0.2821185003950737
COG1234	0.11496986156508004	0.88503013843492
COG1235	0.6784902034889742	0.3215097965110259
COG1236	0.1993577615883091	0.8006422384116909
COG1237	0.08582676046475612	0.9141732395352439
COG1238	0.12934267035656044	0.8706573296434396
COG1239	0.7282440020931302	0.2717559979068697
COG1242	0.6785393068180767	0.3214606931819232
COG1243	0.5583934635610346	0.4416065364389654
COG1246	0.2332322530937797	0.7667677469062203
COG1247	0.504911028126211	0.495088971873789
COG1249	0.27317357837136913	0.7268264216286309
COG1250	0.6533172249846673	0.3466827750153327
COG1251	0.5501872629793751	0.4498127370206248
COG1252	0.6304332960801493	0.36956670391985064
COG1253	0.11922306230473045	0.8807769376952695
COG1254	0.3470156611831018	0.6529843388168982
COG1256	0.05098629050556114	0.9490137094944389
COG1257	0.09559453807721396	0.904405461922786
COG1259	0.9399271676655044	0.060072832334495514
COG1260	0.8692513925480246	0.13074860745197536
COG1262	0.8800483352067275	0.11995166479327249
COG1263	0.019293609292927782	0.9807063907070722
COG1264	0.04940523142140829	0.9505947685785917
COG1266	0.8517413991709349	0.14825860082906506
COG1267	0.6102672794772468	0.38973272052275326
COG1268	0.6984592197454844	0.30154078025451553
COG1269	0.19289262250538575	0.8071073774946143
COG1270	0.4720211362106874	0.5279788637893126
COG1271	0.5698294358789697	0.4301705641210302
COG1272	0.6030134549037296	0.3969865450962704
COG1274	0.1124197145660113	0.8875802854339887
COG1275	0.02691512683355468	0.9730848731664453
COG1276	0.567262764806501	0.43273723519349905
COG1277	0.9085541433116737	0.09144585668832629
COG1278	0.4285140094426819	0.5714859905573181
COG1279	0.04701265888644823	0.9529873411135518
COG1280	0.3395551352909685	0.6604448647090315
COG1281	0.9008966014863149	0.09910339851368508
COG1282	0.6518346964768613	0.3481653035231387
COG1283	0.214985093371319	0.785014906628681
COG1284	0.14664366335844647	0.8533563366415535
COG1285	0.28931683901605554	0.7106831609839445
COG1286	0.08273007845901403	0.917269921540986
COG1288	0.22538224504737892	0.7746177549526211
COG1289	0.05899529039859075	0.9410047096014093
COG1291	0.47516900622070357	0.5248309937792964
COG1292	0.04863659467750692	0.9513634053224931
COG1293	0.15216134080101873	0.8478386591989813
COG1294	0.5672536240922815	0.4327463759077185
COG1295	0.4767956789999046	0.5232043210000954
COG1296	0.18342439768583307	0.8165756023141669
COG1297	0.8818225088521606	0.11817749114783938
COG1298	0.27727834881297087	0.7227216511870291
COG1299	0.27185740060226393	0.7281425993977361
COG1300	0.8678079320473809	0.13219206795261906
COG1302	0.14003914004427953	0.8599608599557205
COG1304	0.012081329993631207	0.9879186700063688
COG1305	0.288385271603402	0.711614728396598
COG1306	0.06628736223486997	0.93371263776513
COG1307	0.12426498021416543	0.8757350197858346
COG1309	0.0034317743290591673	0.9965682256709408
COG1312	0.4120005332209099	0.5879994667790901
COG1313	0.1123262052562164	0.8876737947437836
COG1316	0.11846662069328251	0.8815333793067175
COG1319	0.7974057366181131	0.2025942633818869
COG1321	0.014368733348194218	0.9856312666518058
COG1322	0.30563281689369004	0.69436718310631
COG1323	0.06368366623324229	0.9363163337667577
COG1327	0.5469586494793688	0.45304135052063127
COG1328	0.3358793916954985	0.6641206083045015
COG1329	0.638347722357478	0.361652277642522
COG1330	0.02835424608316317	0.9716457539168368
COG1331	0.1830717952919485	0.8169282047080515
COG1335	0.055160828744012624	0.9448391712559874
COG1338	0.20881424300950802	0.791185756990492
COG1342	0.7660384769035695	0.23396152309643053
COG1343	0.13701652750289006	0.8629834724971099
COG1344	0.4249525916450875	0.5750474083549125
COG1345	0.15333652606620796	0.846663473933792
COG1346	0.20395749275678132	0.7960425072432187
COG1347	0.702747453724814	0.297252546275186
COG1348	0.2837660784523931	0.7162339215476069
COG1349	0.1374667804617975	0.8625332195382025
COG1350	0.640382430906311	0.359617569093689
COG1351	0.16143409947293397	0.838565900527066
COG1354	0.04992060238085816	0.9500793976191418
COG1355	0.9561547187811881	0.04384528121881197
COG1357	0.08403424790767311	0.9159657520923269
COG1358	0.07233638580971613	0.9276636141902839
COG1359	0.1659250763885287	0.8340749236114713
COG1360	0.381217891235319	0.618782108764681
COG1362	0.4984077611504123	0.5015922388495877
COG1363	0.24699015686039671	0.7530098431396033
COG1364	0.13027858970420136	0.8697214102957986
COG1366	0.4902522185707515	0.5097477814292485
COG1368	0.41409249310743546	0.5859075068925645
COG1373	0.7564700281131602	0.2435299718868398
COG1376	0.13611449575046441	0.8638855042495356
COG1377	0.316223178826466	0.683776821173534
COG1379	0.1369958858410386	0.8630041141589614
COG1380	0.2471034917782201	0.7528965082217799
COG1381	0.031111376090591114	0.9688886239094089
COG1385	0.1101069564238627	0.8898930435761373
COG1386	0.3618932364286108	0.6381067635713892
COG1387	0.2930113000008274	0.7069886999991726
COG1388	0.12106054834122426	0.8789394516587757
COG1391	0.07586389249809933	0.9241361075019007
COG1392	0.5617164818990462	0.4382835181009538
COG1393	0.06549980510867037	0.9345001948913296
COG1394	0.43069563481189344	0.5693043651881066
COG1396	0.10915275930588908	0.8908472406941109
COG1397	0.75174310061087	0.24825689938912995
COG1399	0.3956813915392613	0.6043186084607387
COG1401	0.7835590649043305	0.21644093509566958
COG1402	0.9037887462662332	0.09621125373376682
COG1403	0.643637115282915	0.356362884717085
COG1404	0.5725633787485609	0.42743662125143916
COG1408	0.7335479541757717	0.2664520458242283
COG1409	0.5532076974308832	0.44679230256911684
COG1410	0.3329635093833887	0.6670364906166113
COG1414	0.02851053933732728	0.9714894606626727
COG1418	0.30202723342745863	0.6979727665725414
COG1419	0.22120103136123193	0.7787989686387681
COG1420	0.011799515377987513	0.9882004846220125
COG1426	0.44228351535090915	0.5577164846490908
COG1428	0.18309270101903263	0.8169072989809674
COG1429	0.9452539539994507	0.0547460460005493
COG1432	0.7473062249551509	0.25269377504484913
COG1434	0.07257971113082162	0.9274202888691784
COG1435	0.329150199133769	0.670849800866231
COG1436	0.36565446687063285	0.6343455331293671
COG1438	0.0824169275775013	0.9175830724224987
COG1440	0.06073455297803776	0.9392654470219622
COG1441	0.10978181928066044	0.8902181807193396
COG1442	0.6819643354566336	0.31803566454336646
COG1444	0.15481281292586913	0.8451871870741309
COG1445	0.1159946868696331	0.8840053131303669
COG1446	0.5405941826088997	0.4594058173911003
COG1447	0.36366650701454384	0.6363334929854562
COG1448	0.4912272051262141	0.5087727948737859
COG1449	0.9961531522029923	0.003846847797007744
COG1450	0.3214320893200343	0.6785679106799657
COG1451	0.19957723386880166	0.8004227661311983
COG1452	0.115531579782153	0.884468420217847
COG1453	0.6284252202246201	0.3715747797753799
COG1454	0.06953151930448243	0.9304684806955176
COG1455	0.07712257793408028	0.9228774220659197
COG1456	0.8886030759657966	0.11139692403420337
COG1457	0.14362433889376147	0.8563756611062385
COG1459	0.664132256669038	0.335867743330962
COG1461	0.12729960440047172	0.8727003955995283
COG1463	0.5680977460566446	0.43190225394335535
COG1464	0.15174418506542364	0.8482558149345764
COG1466	0.2738507677464157	0.7261492322535843
COG1468	0.8532566268190549	0.14674337318094513
COG1469	0.8133749907896306	0.18662500921036937
COG1472	0.7418501111967026	0.25814988880329737
COG1473	0.27684661827288604	0.723153381727114
COG1475	0.748350034403009	0.25164996559699104
COG1476	0.3128523090471266	0.6871476909528734
COG1477	0.7879087653381958	0.2120912346618043
COG1479	0.5872421931087639	0.41275780689123615
COG1480	0.9333284595903967	0.06667154040960332
COG1481	0.6036509727720638	0.39634902722793625
COG1482	0.8961817651292477	0.10381823487075224
COG1484	0.7613604203366279	0.23863957966337215
COG1485	0.05248245045312594	0.9475175495468741
COG1486	0.19099476765355694	0.8090052323464431
COG1487	0.3539890992035224	0.6460109007964776
COG1488	0.009947111708602185	0.9900528882913978
COG1489	0.2887717162229869	0.7112282837770131
COG1490	0.7497722438026289	0.2502277561973712
COG1492	0.5367017337360314	0.4632982662639686
COG1493	0.11160069665422323	0.8883993033457768
COG1494	0.14248527047679205	0.857514729523208
COG1495	0.07025169049735847	0.9297483095026415
COG1496	0.7994888069999083	0.20051119300009168
COG1501	0.26926380975041475	0.7307361902495852
COG1502	0.4785531786717432	0.5214468213282568
COG1506	0.5200985645578706	0.4799014354421294
COG1507	0.34410424745133994	0.6558957525486601
COG1508	0.9201338853373269	0.07986611466267317
COG1509	0.8781153000343245	0.12188469996567547
COG1511	0.48847539593489875	0.5115246040651013
COG1512	0.7017658292750452	0.29823417072495484
COG1515	0.08591843892217221	0.9140815610778278
COG1516	0.7131344824485999	0.2868655175514001
COG1518	0.7949014633250426	0.20509853667495737
COG1519	0.7940766286711866	0.20592337132881347
COG1520	0.7712987198677012	0.22870128013229882
COG1521	0.49823876758952856	0.5017612324104714
COG1522	0.21895445442847628	0.7810455455715237
COG1523	0.26704069843056555	0.7329593015694345
COG1524	0.8401575972144114	0.15984240278558856
COG1525	0.6336233348211561	0.36637666517884393
COG1526	0.16847954151327404	0.831520458486726
COG1527	0.19791615389657935	0.8020838461034207
COG1528	0.9242489098505728	0.07575109014942717
COG1529	0.26127005344417176	0.7387299465558282
COG1530	0.39365135862229317	0.6063486413777068
COG1533	0.9033888783911538	0.09661112160884618
COG1534	0.06558759292101157	0.9344124070789884
COG1536	0.1934844428106286	0.8065155571893714
COG1538	0.5398237694937185	0.4601762305062815
COG1539	0.2280960235199304	0.7719039764800696
COG1540	0.46664126229251546	0.5333587377074845
COG1541	0.8332053645436543	0.16679463545634568
COG1544	0.3782933701269906	0.6217066298730094
COG1546	0.07580911782627286	0.9241908821737271
COG1553	0.2765576548354223	0.7234423451645777
COG1554	0.5925112980726355	0.4074887019273646
COG1555	0.44670797178644894	0.5532920282135511
COG1556	0.1668896935548656	0.8331103064451344
COG1558	0.14622489355305446	0.8537751064469455
COG1559	0.5498133920710382	0.45018660792896187
COG1560	0.9247853578906946	0.07521464210930537
COG1561	0.41575149118996835	0.5842485088100317
COG1562	0.35983052096642865	0.6401694790335714
COG1564	0.05947541654107513	0.9405245834589249
COG1565	0.7090990426060616	0.2909009573939384
COG1566	0.4294061488795503	0.5705938511204497
COG1570	0.1907888471692213	0.8092111528307787
COG1573	0.42439471612053703	0.575605283879463
COG1574	0.7928744051120376	0.2071255948879625
COG1575	0.522437608216997	0.477562391783003
COG1576	0.7002621263684905	0.29973787363150955
COG1577	0.3737452295218533	0.6262547704781467
COG1584	0.03270415000806093	0.9672958499919391
COG1585	0.06942751478249776	0.9305724852175022
COG1586	0.6298182341541736	0.3701817658458264
COG1587	0.785253386966098	0.2147466130339019
COG1589	0.27258106558939643	0.7274189344106036
COG1592	0.2838550090195342	0.7161449909804658
COG1593	0.28389067856993244	0.7161093214300676
COG1595	0.4945792863580333	0.5054207136419667
COG1596	0.4491038640242324	0.5508961359757676
COG1597	0.365771531193434	0.634228468806566
COG1598	0.40679035643593664	0.5932096435640634
COG1600	0.6755055558266809	0.3244944441733191
COG1605	0.6321623008184433	0.36783769918155673
COG1606	0.4030161739950977	0.5969838260049023
COG1607	0.30386919307073146	0.6961308069292685
COG1609	0.23292795406377886	0.7670720459362211
COG1610	0.3793330352239488	0.6206669647760512
COG1611	0.34165898562165753	0.6583410143783425
COG1613	0.38434513178974783	0.6156548682102522
COG1614	0.1621637800410206	0.8378362199589794
COG1615	0.10630618914550494	0.8936938108544951
COG1619	0.36975057552526125	0.6302494244747388
COG1620	0.0630462314768252	0.9369537685231748
COG1621	0.24025230925387453	0.7597476907461255
COG1622	0.2298272175699605	0.7701727824300395
COG1623	0.726136287312728	0.273863712687272
COG1624	0.7739640745084696	0.22603592549153037
COG1625	0.7074712662288016	0.2925287337711984
COG1626	0.62954306900457	0.37045693099543
COG1629	0.5644627205979225	0.4355372794020776
COG1633	0.07825671595519079	0.9217432840448092
COG1636	0.3657056598871057	0.6342943401128943
COG1637	0.40174344172843146	0.5982565582715685
COG1638	0.7453163022034822	0.2546836977965178
COG1640	0.727159238530973	0.272840761469027
COG1641	0.7231515515921411	0.27684844840785894
COG1643	0.8353379521294944	0.1646620478705057
COG1648	0.005673875862115985	0.994326124137884
COG1649	0.7409222670462661	0.25907773295373393
COG1651	0.21196494708597013	0.7880350529140299
COG1652	0.7673934220363788	0.23260657796362116
COG1653	0.48017756119111377	0.5198224388088862
COG1654	0.1527448355197174	0.8472551644802826
COG1655	0.5421186337097519	0.4578813662902481
COG1658	0.4095240502980939	0.5904759497019061
COG1660	0.49982899139963655	0.5001710086003635
COG1661	0.16223004631925497	0.837769953680745
COG1662	0.22252859281247783	0.7774714071875222
COG1663	0.9406426432338728	0.05935735676612722
COG1664	0.33682745353876964	0.6631725464612304
COG1666	0.05173876870186089	0.9482612312981391
COG1668	0.27617459933127575	0.7238254006687243
COG1670	0.31331594718653955	0.6866840528134605
COG1671	0.49740133162879896	0.502598668371201
COG1674	0.10701669487997723	0.8929833051200228
COG1678	0.786004735451439	0.213995264548561
COG1679	0.09413063526065568	0.9058693647393443
COG1680	0.5366275236221534	0.4633724763778466
COG1682	0.07545082597257746	0.9245491740274225
COG1683	0.6560990436669591	0.3439009563330409
COG1684	0.2090181566075986	0.7909818433924014
COG1686	0.4584833648851071	0.5415166351148929
COG1687	0.4548059845874184	0.5451940154125816
COG1690	0.770051302407905	0.22994869759209507
COG1691	0.9375496440083646	0.06245035599163542
COG1692	0.7339577728581088	0.26604222714189124
COG1694	0.2169267599249468	0.7830732400750532
COG1695	0.12252218654575342	0.8774778134542466
COG1696	0.660759081471324	0.33924091852867594
COG1699	0.2959472397577593	0.7040527602422407
COG1702	0.19370214848682477	0.8062978515131752
COG1703	0.9235638423412386	0.07643615765876145
COG1704	0.15209848612025634	0.8479015138797437
COG1705	0.8552137599979404	0.1447862400020597
COG1706	0.7436542683618343	0.25634573163816565
COG1708	0.7288913375030204	0.2711086624969796
COG1713	0.16293211308679156	0.8370678869132084
COG1714	0.11874980656741219	0.8812501934325878
COG1715	0.5148624209412813	0.4851375790587187
COG1716	0.15176128319639093	0.8482387168036091
COG1720	0.4089387943338152	0.5910612056661848
COG1721	0.9497662890013295	0.05023371099867042
COG1722	0.021273619778670816	0.9787263802213292
COG1725	0.07568627070654743	0.9243137292934526
COG1726	0.6098388691755589	0.39016113082444115
COG1729	0.059199475721134376	0.9408005242788656
COG1732	0.0907020229014085	0.9092979770985915
COG1733	0.22120657394762788	0.7787934260523721
COG1734	0.15364607491072668	0.8463539250892733
COG1735	0.41513903583231526	0.5848609641676847
COG1737	0.08930330338409087	0.9106966966159091
COG1738	0.41876137863091	0.58123862136909
COG1739	0.34563381874562127	0.6543661812543787
COG1740	0.7350302545397835	0.2649697454602165
COG1741	0.8788843816325674	0.12111561836743258
COG1742	0.5625905133364879	0.43740948666351215
COG1743	0.833089312177844	0.16691068782215604
COG1744	0.2660780814616748	0.7339219185383252
COG1748	0.4569695175232844	0.5430304824767156
COG1749	0.8282664237666464	0.17173357623335359
COG1752	0.5908213183370359	0.4091786816629641
COG1754	0.18549616429978277	0.8145038357002172
COG1757	0.04849384254051692	0.9515061574594831
COG1758	0.8734631205226271	0.12653687947737294
COG1760	0.07476897968144303	0.925231020318557
COG1762	0.1194058114102593	0.8805941885897407
COG1763	0.8329455263094236	0.16705447369057635
COG1765	0.1388172013943758	0.8611827986056242
COG1766	0.6702278671961206	0.32977213280387935
COG1767	0.07006579905271915	0.9299342009472809
COG1768	0.25700840680214665	0.7429915931978534
COG1770	0.15496097771948414	0.8450390222805159
COG1773	0.10208795054267217	0.8979120494573278
COG1774	0.6827315038238296	0.31726849617617037
COG1775	0.553682939206083	0.446317060793917
COG1776	0.7938729324229606	0.20612706757703939
COG1778	0.8393408144437648	0.16065918555623518
COG1780	0.19462788154996746	0.8053721184500325
COG1781	0.1586565985821501	0.8413434014178499
COG1783	0.04165115101440331	0.9583488489855967
COG1785	0.8606950990715279	0.13930490092847214
COG1788	0.08440728718593227	0.9155927128140677
COG1791	0.5076666572299187	0.49233334277008134
COG1792	0.46860438216470557	0.5313956178352944
COG1793	0.15533976247788095	0.844660237522119
COG1794	0.31596745676271554	0.6840325432372845
COG1797	0.4540044939777118	0.5459955060222882
COG1799	0.049860739561909506	0.9501392604380905
COG1801	0.4242495795990986	0.5757504204009014
COG1802	0.12819991569421796	0.871800084305782
COG1803	0.5095078021507664	0.49049219784923365
COG1804	0.2631927757890017	0.7368072242109983
COG1805	0.8643651404297716	0.13563485957022833
COG1806	0.5222015562581153	0.4777984437418848
COG1807	0.6263737924257786	0.37362620757422144
COG1811	0.029668660241308986	0.970331339758691
COG1814	0.3769464760228117	0.6230535239771883
COG1815	0.9087580242174149	0.09124197578258507
COG1816	0.047954266458524075	0.9520457335414759
COG1819	0.8911956898749754	0.10880431012502453
COG1820	0.39125596234908133	0.6087440376509187
COG1823	0.2686253569754947	0.7313746430245053
COG1825	0.46761640680127126	0.5323835931987287
COG1826	0.03477823701070881	0.9652217629892912
COG1827	0.0292184767265411	0.9707815232734589
COG1830	0.27364829438613747	0.7263517056138625
COG1834	0.17712972588380627	0.8228702741161937
COG1835	0.28021928157188125	0.7197807184281187
COG1837	0.21455985116362053	0.7854401488363795
COG1838	0.5936688872471837	0.4063311127528163
COG1840	0.036168154137803166	0.9638318458621968
COG1841	0.30441888457861366	0.6955811154213863
COG1842	0.03253132507349321	0.9674686749265068
COG1843	0.6541045782686026	0.34589542173139737
COG1845	0.09965710592618726	0.9003428940738127
COG1846	0.2625536087039262	0.7374463912960738
COG1847	0.15671946289423255	0.8432805371057674
COG1852	0.23620076538496815	0.7637992346150319
COG1853	0.17543335640230517	0.8245666435976948
COG1854	0.43403072963941947	0.5659692703605805
COG1858	0.8865964175208747	0.11340358247912533
COG1859	0.5315823759682652	0.46841762403173476
COG1862	0.4677266873879121	0.5322733126120879
COG1864	0.788467705840368	0.211532294159632
COG1865	0.1109525761781146	0.8890474238218854
COG1866	0.6455152826947033	0.35448471730529674
COG1868	0.1814929077178269	0.8185070922821731
COG1869	0.19717938884270902	0.802820611157291
COG1871	0.08728512396966193	0.9127148760303381
COG1872	0.3217839068848607	0.6782160931151393
COG1874	0.8017901280295306	0.19820987197046935
COG1875	0.4965646425975362	0.5034353574024638
COG1876	0.24251560649894321	0.7574843935010568
COG1877	0.4116846651158763	0.5883153348841237
COG1878	0.14846528323704533	0.8515347167629547
COG1879	0.008855908496022358	0.9911440915039776
COG1881	0.44429875888183157	0.5557012411181684
COG1882	0.3154346758572152	0.6845653241427848
COG1883	0.27325816607966014	0.7267418339203399
COG1884	0.2755803044048736	0.7244196955951264
COG1886	0.059532369904579774	0.9404676300954202
COG1887	0.6065699221926449	0.39343007780735506
COG1893	0.2681089340246392	0.7318910659753608
COG1894	0.38496405621985275	0.6150359437801473
COG1896	0.09093245000849193	0.9090675499915081
COG1897	0.16658404166246132	0.8334159583375387
COG1898	0.846271516639284	0.15372848336071596
COG1902	0.12222350275309979	0.8777764972469002
COG1903	0.9068324188014408	0.09316758119855921
COG1904	0.28499428701389484	0.7150057129861052
COG1905	0.555705207670584	0.444294792329416
COG1907	0.221461134464913	0.778538865535087
COG1910	0.7249320939096215	0.2750679060903785
COG1912	0.7897887801256968	0.21021121987430325
COG1914	0.4634656261763139	0.5365343738236861
COG1915	0.42922883772380427	0.5707711622761957
COG1917	0.5775933859127312	0.42240661408726876
COG1918	0.1895596816265488	0.8104403183734512
COG1921	0.10554873705455792	0.8944512629454421
COG1922	0.8089879189917317	0.19101208100826828
COG1923	0.48457208912504035	0.5154279108749596
COG1924	0.483868032458463	0.516131967541537
COG1925	0.07232931039024248	0.9276706896097575
COG1928	0.10977574588646033	0.8902242541135397
COG1929	0.23594888501133116	0.7640511149886688
COG1930	0.8613760444333217	0.13862395556667828
COG1932	0.45030297258600294	0.5496970274139971
COG1934	0.2964339733473761	0.7035660266526239
COG1937	0.07108251363684492	0.9289174863631551
COG1939	0.34566624795730916	0.6543337520426908
COG1940	0.17058728500467846	0.8294127149953215
COG1943	0.4135550502976002	0.5864449497023998
COG1944	0.07850458686221862	0.9214954131377814
COG1946	0.14457339546642567	0.8554266045335743
COG1947	0.44533330922267955	0.5546666907773204
COG1949	0.07789787938771053	0.9221021206122895
COG1951	0.13021819752934605	0.869781802470654
COG1953	0.023179140782922936	0.9768208592170771
COG1954	0.25218623588381794	0.7478137641161821
COG1956	0.07558175016571544	0.9244182498342846
COG1957	0.41364375199099257	0.5863562480090074
COG1959	0.5276924137693084	0.4723075862306916
COG1960	0.6897613937252505	0.3102386062747495
COG1961	0.44631702099008497	0.553682979009915
COG1963	0.6190629565990702	0.3809370434009298
COG1966	0.7313669658112397	0.2686330341887603
COG1968	0.29709809929487785	0.7029019007051222
COG1969	0.5950556851382021	0.404944314861798
COG1970	0.11069401061934825	0.8893059893806518
COG1971	0.5178973989099656	0.48210260109003444
COG1972	0.1009769059824881	0.8990230940175119
COG1974	0.9824327197593119	0.017567280240688137
COG1975	0.49226690161907505	0.507733098380925
COG1979	0.39389487712773297	0.606105122872267
COG1982	0.061754320218243564	0.9382456797817564
COG1984	0.15263336006008466	0.8473666399399153
COG1985	0.9691857582530767	0.030814241746923272
COG1988	0.669034975717929	0.3309650242820709
COG1989	0.14721259923374508	0.8527874007662549
COG1994	0.21205696370895888	0.7879430362910411
COG1995	0.5539399439453649	0.4460600560546351
COG2000	0.17442319460904865	0.8255768053909514
COG2001	0.017942860192371568	0.9820571398076284
COG2002	0.041405214104837884	0.9585947858951621
COG2003	0.8089356924062343	0.19106430759376564
COG2005	0.4512806862916191	0.5487193137083809
COG2006	0.448491976505592	0.551508023494408
COG2008	0.25646912827858936	0.7435308717214106
COG2009	0.2780234376915084	0.7219765623084916
COG2010	0.5595074161899996	0.4404925838100004
COG2011	0.32505252160681153	0.6749474783931885
COG2013	0.2851565997710025	0.7148434002289975
COG2015	0.09248542035703111	0.9075145796429689
COG2017	0.9521647962495292	0.047835203750470845
COG2020	0.9110525818653274	0.08894741813467251
COG2021	0.2683176841204735	0.7316823158795265
COG2022	0.27747391509401353	0.7225260849059865
COG2025	0.6067672510561432	0.39323274894385685
COG2026	0.5111424427584292	0.48885755724157076
COG2027	0.5581557944452952	0.4418442055547048
COG2030	0.4953699078686815	0.5046300921313185
COG2031	0.14758601093292245	0.8524139890670775
COG2032	0.09986574483671973	0.9001342551632803
COG2033	0.677072837065862	0.32292716293413803
COG2035	0.1595693988991438	0.8404306011008562
COG2038	0.7036179398075333	0.29638206019246677
COG2039	0.07547614970803795	0.924523850291962
COG2040	0.8010266656946118	0.19897333430538822
COG2041	0.07285549580184314	0.9271445041981569
COG2045	0.580466985311862	0.4195330146881379
COG2049	0.16999533542084055	0.8300046645791594
COG2050	0.793520522641699	0.20647947735830097
COG2055	0.2917028008708188	0.7082971991291812
COG2056	0.13347066892193482	0.8665293310780652
COG2057	0.520052344958728	0.479947655041272
COG2059	0.5124310875929923	0.4875689124070078
COG2060	0.7406991518778664	0.2593008481221336
COG2062	0.16728359637751822	0.8327164036224818
COG2065	0.21264054817094025	0.7873594518290598
COG2066	0.9330370707322916	0.06696292926770846
COG2067	0.41755085273689907	0.5824491472631009
COG2068	0.16984809026661607	0.8301519097333839
COG2069	0.17006670601371687	0.8299332939862831
COG2070	0.7357410940641707	0.26425890593582935
COG2071	0.8557592227755496	0.14424077722445042
COG2076	0.4357657508632148	0.5642342491367852
COG2077	0.7387337775150731	0.261266222484927
COG2078	0.16723800416889145	0.8327619958311085
COG2079	0.09834355071431766	0.9016564492856823
COG2080	0.7352757874114018	0.26472421258859824
COG2081	0.1432646509823453	0.8567353490176547
COG2082	0.5461641662269713	0.4538358337730287
COG2084	0.09921731043362281	0.9007826895663772
COG2086	0.08232703791077456	0.9176729620892254
COG2087	0.27232018696428983	0.7276798130357102
COG2088	0.3735177131843235	0.6264822868156765
COG2089	0.6339575399586445	0.36604246004135554
COG2091	0.2791848879394204	0.7208151120605796
COG2094	0.7091868034473789	0.290813196552621
COG2095	0.16288615867344713	0.8371138413265529
COG2096	0.22315223311472754	0.7768477668852725
COG2103	0.9240418213941738	0.0759581786058262
COG2105	0.23905828028025755	0.7609417197197424
COG2109	0.11982883285117163	0.8801711671488284
COG2110	0.5062837795537212	0.4937162204462789
COG2111	0.2516203614389242	0.7483796385610758
COG2113	0.49457173061982107	0.5054282693801789
COG2115	0.9815248669796521	0.01847513302034791
COG2116	0.0924216524426944	0.9075783475573056
COG2120	0.6839759684531342	0.31602403154686576
COG2121	0.5143524100609	0.48564758993909996
COG2127	0.7553880788464474	0.24461192115355254
COG2128	0.46071192556136487	0.5392880744386351
COG2130	0.16655744068207035	0.8334425593179297
COG2131	0.9646589697630291	0.035341030236970855
COG2132	0.019083281400891994	0.980916718599108
COG2133	0.09802318731397108	0.9019768126860289
COG2134	0.225814339537042	0.774185660462958
COG2135	0.14287557160519104	0.857124428394809
COG2137	0.09743754818039663	0.9025624518196034
COG2140	0.4567449272232049	0.5432550727767951
COG2141	0.35597799817484377	0.6440220018251562
COG2142	0.07821526867678086	0.9217847313232191
COG2145	0.6607396029013248	0.3392603970986751
COG2146	0.26122651712832845	0.7387734828716715
COG2148	0.7801048221348482	0.21989517786515178
COG2151	0.7860734470326013	0.2139265529673987
COG2152	0.560074235048839	0.4399257649511609
COG2153	0.09773323216674823	0.9022667678332518
COG2156	0.594326547670104	0.40567345232989604
COG2159	0.13310678804176512	0.8668932119582349
COG2160	0.8239213664540099	0.1760786335459901
COG2162	0.025873137221780196	0.9741268627782198
COG2165	0.6923142438391905	0.30768575616080956
COG2166	0.2613878886578689	0.7386121113421311
COG2169	0.8775857822137763	0.12241421778622379
COG2170	0.0840482546594491	0.9159517453405509
COG2171	0.2929668736764903	0.7070331263235097
COG2172	0.24022830729863287	0.7597716927013671
COG2173	0.9790550336028488	0.020944966397151186
COG2175	0.04787216827854246	0.9521278317214575
COG2176	0.007749983485643819	0.9922500165143562
COG2177	0.14239538743191205	0.857604612568088
COG2179	0.18428073871181627	0.8157192612881837
COG2180	0.10983358623795969	0.8901664137620403
COG2181	0.19121710963994942	0.8087828903600506
COG2182	0.04405471413917794	0.9559452858608221
COG2183	0.6798780796673941	0.3201219203326059
COG2184	0.07636352881513564	0.9236364711848644
COG2185	0.7646847266148402	0.23531527338515976
COG2186	0.033747327712629005	0.966252672287371
COG2188	0.02857003610215403	0.971429963897846
COG2190	0.09119146382818932	0.9088085361718107
COG2193	0.8860932614473186	0.11390673855268144
COG2194	0.487404816571799	0.512595183428201
COG2195	0.5914401459625789	0.4085598540374211
COG2197	0.15313949841860397	0.846860501581396
COG2198	0.24116117913732915	0.7588388208626708
COG2199	0.45179053596155994	0.5482094640384401
COG2200	0.1038390792324867	0.8961609207675133
COG2201	0.22104608236429168	0.7789539176357083
COG2202	0.10587974502812958	0.8941202549718704
COG2204	0.9023909048682563	0.09760909513174369
COG2205	0.2012296668899608	0.7987703331100392
COG2206	0.2961906951847866	0.7038093048152134
COG2208	0.46912666404010794	0.5308733359598921
COG2209	0.9662233918999887	0.03377660810001125
COG2210	0.3252923657071911	0.6747076342928089
COG2211	0.17074697456631738	0.8292530254336826
COG2213	0.18830722235850295	0.811692777641497
COG2214	0.10904586168325736	0.8909541383167426
COG2215	0.12431259575717213	0.8756874042428279
COG2216	0.9139436715502175	0.08605632844978253
COG2217	0.38413417976588005	0.61586582023412
COG2220	0.7667652639564136	0.23323473604358635
COG2221	0.3291985881735907	0.6708014118264093
COG2222	0.09867501299170423	0.9013249870082958
COG2223	0.6610464872428476	0.33895351275715235
COG2224	0.6958611018049445	0.3041388981950555
COG2225	0.15583718337464958	0.8441628166253504
COG2226	0.5283107680500729	0.4716892319499271
COG2227	0.09432845139157531	0.9056715486084247
COG2230	0.43269451233100953	0.5673054876689905
COG2231	0.5911888599381512	0.4088111400618489
COG2233	0.09326682724476132	0.9067331727552387
COG2234	0.9342950806428976	0.06570491935710242
COG2235	0.08784106393925939	0.9121589360607406
COG2239	0.2931587678690597	0.7068412321309403
COG2240	0.16848068551416673	0.8315193144858333
COG2244	0.08428620474112014	0.9157137952588799
COG2246	0.2427971812306139	0.7572028187693861
COG2247	0.023298345925972685	0.9767016540740273
COG2249	0.09336246252194802	0.906637537478052
COG2252	0.034037587167464856	0.9659624128325351
COG2255	0.5808477314843795	0.4191522685156205
COG2256	0.6706726546216126	0.32932734537838737
COG2257	0.5354282244010984	0.4645717755989016
COG2258	0.08164200838526225	0.9183579916147377
COG2259	0.376570784588496	0.623429215411504
COG2261	0.11087774393223038	0.8891222560677696
COG2262	0.2894219857767395	0.7105780142232605
COG2264	0.5750708712305328	0.4249291287694672
COG2265	0.013832390365991709	0.9861676096340083
COG2267	0.06085878928395971	0.9391412107160403
COG2268	0.7634999715112809	0.23650002848871904
COG2269	0.03390155766405245	0.9660984423359475
COG2270	0.16443432100458644	0.8355656789954136
COG2271	0.8697429979257948	0.1302570020742052
COG2272	0.6169863845780642	0.3830136154219358
COG2273	0.9538856338148722	0.046114366185127806
COG2274	0.4097227447958808	0.5902772552041192
COG2301	0.597717368848193	0.40228263115180696
COG2302	0.433151063486091	0.566848936513909
COG2303	0.09122179485763615	0.9087782051423638
COG2304	0.9395077763484327	0.06049222365156729
COG2307	0.11086715957483151	0.8891328404251685
COG2308	0.7311178542966352	0.26888214570336477
COG2309	0.39619542561620513	0.6038045743837949
COG2311	0.7712914316606232	0.22870856833937683
COG2313	0.17450242684359896	0.825497573156401
COG2315	0.06477207068224178	0.9352279293177582
COG2316	0.2563858162279866	0.7436141837720134
COG2317	0.38469222912682666	0.6153077708731733
COG2320	0.6297424027136708	0.37025759728632923
COG2321	0.057545322669294796	0.9424546773307052
COG2323	0.17497049629743233	0.8250295037025677
COG2326	0.10525722482406674	0.8947427751759333
COG2327	0.44865590955338264	0.5513440904466174
COG2331	0.3919476696338563	0.6080523303661437
COG2333	0.05642323806599592	0.9435767619340041
COG2334	0.03051733686252256	0.9694826631374774
COG2336	0.17386506179590766	0.8261349382040923
COG2337	0.529382220184246	0.470617779815754
COG2340	0.7814503924869298	0.21854960751307015
COG2344	0.16387699282226065	0.8361230071777394
COG2348	0.2106075116326126	0.7893924883673874
COG2350	0.29963297792428745	0.7003670220757126
COG2351	0.16528591703165618	0.8347140829683438
COG2352	0.06712741718701098	0.932872582812989
COG2354	0.47386707483635904	0.526132925163641
COG2356	0.2832235523249734	0.7167764476750266
COG2357	0.48245954719009876	0.5175404528099012
COG2358	0.4883544833003619	0.5116455166996381
COG2360	0.9176874933822288	0.08231250661777124
COG2361	0.20377218544907227	0.7962278145509277
COG2362	0.2520735083455602	0.7479264916544398
COG2364	0.1798674123192292	0.8201325876807708
COG2365	0.19284358780832533	0.8071564121916747
COG2367	0.97217617519923	0.02782382480076991
COG2368	0.08937506345154078	0.9106249365484592
COG2372	0.1687280507078185	0.8312719492921815
COG2373	0.26698291119886064	0.7330170888011394
COG2374	0.4888519034099402	0.5111480965900598
COG2375	0.02443797915330581	0.9755620208466942
COG2376	0.0382680373081834	0.9617319626918166
COG2377	0.5819319628020966	0.4180680371979034
COG2378	0.05321408129007088	0.9467859187099291
COG2379	0.5269028824660186	0.4730971175339814
COG2382	0.4306175460141861	0.5693824539858139
COG2384	0.09245845534799635	0.9075415446520037
COG2385	0.2645638182064072	0.7354361817935928
COG2386	0.31905862806694396	0.680941371933056
COG2388	0.5192487836175435	0.4807512163824565
COG2390	0.12489994240914859	0.8751000575908514
COG2391	0.09318630586217436	0.9068136941378256
COG2407	0.7611575787369201	0.23884242126307983
COG2414	0.22868542418972904	0.771314575810271
COG2421	0.258875126327475	0.741124873672525
COG2423	0.3663497824248855	0.6336502175751145
COG2425	0.6298020472220063	0.3701979527779937
COG2426	0.6930448755925662	0.3069551244074338
COG2431	0.13501779082353382	0.8649822091764662
COG2440	0.7304025673774885	0.2695974326225114
COG2461	0.7150066653851369	0.2849933346148631
COG2501	0.675820737513276	0.324179262486724
COG2502	0.4666565143543897	0.5333434856456103
COG2503	0.1766751461659769	0.8233248538340231
COG2508	0.7111035974411073	0.28889640255889265
COG2509	0.30361708363980067	0.6963829163601993
COG2510	0.26188836481248234	0.7381116351875177
COG2513	0.3261738490724828	0.6738261509275172
COG2514	0.17595600925772392	0.8240439907422761
COG2515	0.28680242781736953	0.7131975721826305
COG2518	0.10909119680404822	0.8909088031959518
COG2519	0.45382413030440116	0.5461758696955988
COG2602	0.1524438125521378	0.8475561874478622
COG2603	0.4345945711723883	0.5654054288276117
COG2605	0.8520462902969962	0.14795370970300378
COG2606	0.08444672420406929	0.9155532757959307
COG2607	0.6887806494117413	0.31121935058825867
COG2609	0.1231067716712878	0.8768932283287122
COG2610	0.08515978432508364	0.9148402156749164
COG2704	0.6775943387504272	0.3224056612495728
COG2706	0.4577828767867962	0.5422171232132038
COG2710	0.48864949049126327	0.5113505095087367
COG2715	0.5842373296193061	0.4157626703806939
COG2716	0.023724698025245683	0.9762753019747543
COG2717	0.271046326116803	0.728953673883197
COG2718	0.4520659574017012	0.5479340425982988
COG2719	0.2722257673366191	0.7277742326633809
COG2720	0.41256431903648205	0.587435680963518
COG2721	0.29868161733597365	0.7013183826640264
COG2723	0.015315232540584534	0.9846847674594155
COG2730	0.4863790195732671	0.5136209804267329
COG2731	0.6940372547892673	0.3059627452107327
COG2733	0.3080760559949234	0.6919239440050766
COG2738	0.5509485045497318	0.4490514954502682
COG2739	0.09778946478817097	0.902210535211829
COG2740	0.25107992977581783	0.7489200702241822
COG2746	0.29459028922015895	0.705409710779841
COG2759	0.33761729834034726	0.6623827016596527
COG2764	0.09813831408442053	0.9018616859155795
COG2766	0.6096271776129475	0.3903728223870525
COG2768	0.21381403096518514	0.7861859690348149
COG2771	0.04938268422641301	0.950617315773587
COG2801	0.08715479392872927	0.9128452060712707
COG2804	0.22614017671631204	0.773859823283688
COG2805	0.21396954960686454	0.7860304503931355
COG2807	0.16990063335969685	0.8300993666403031
COG2812	0.8069456228867234	0.19305437711327655
COG2813	0.5299142609281065	0.47008573907189355
COG2814	0.3693598286346794	0.6306401713653206
COG2815	0.41633015321984934	0.5836698467801507
COG2816	0.5253812169208327	0.4746187830791672
COG2818	0.6699212744203346	0.33007872557966544
COG2819	0.41121757187446983	0.5887824281255302
COG2820	0.4132412333329054	0.5867587666670946
COG2821	0.3271528728059587	0.6728471271940413
COG2822	0.19612418338554927	0.8038758166144507
COG2823	0.1793133623909583	0.8206866376090417
COG2824	0.3229537827444945	0.6770462172555055
COG2826	0.11712595533854453	0.8828740446614555
COG2827	0.14441873664528504	0.855581263354715
COG2828	0.7464978295299922	0.2535021704700077
COG2829	0.4303399051209583	0.5696600948790417
COG2831	0.1767953293706993	0.8232046706293007
COG2832	0.05042818502719326	0.9495718149728067
COG2837	0.696026237883908	0.30397376211609195
COG2840	0.358021375678657	0.641978624321343
COG2842	0.5631736926513776	0.4368263073486224
COG2843	0.2812162460556893	0.7187837539443107
COG2844	0.5284908934993017	0.4715091065006983
COG2846	0.9475323208883897	0.05246767911161036
COG2848	0.3179171049100492	0.6820828950899508
COG2850	0.012689019941772517	0.9873109800582275
COG2851	0.6144505476825828	0.3855494523174173
COG2853	0.4572535550717307	0.5427464449282693
COG2854	0.02188180494109304	0.978118195058907
COG2855	0.059229000314877656	0.9407709996851223
COG2856	0.5925863751758493	0.4074136248241507
COG2860	0.7479807990470784	0.2520192009529216
COG2861	0.6347241758653819	0.36527582413461807
COG2862	0.058153871538410895	0.9418461284615891
COG2864	0.7325450809477292	0.26745491905227076
COG2865	0.5032480672658401	0.49675193273415985
COG2866	0.23573548788344878	0.7642645121165512
COG2867	0.0645306655496175	0.9354693344503825
COG2868	0.08577068118880682	0.9142293188111932
COG2869	0.7267189363353199	0.27328106366468
COG2870	0.6876509592184089	0.3123490407815911
COG2871	0.8404923510109188	0.15950764898908124
COG2872	0.09382547378496664	0.9061745262150334
COG2873	0.1671357107353718	0.8328642892646282
COG2875	0.31411907031320385	0.6858809296867961
COG2876	0.3097619960192536	0.6902380039807464
COG2877	0.9378738289916749	0.062126171008325085
COG2878	0.8048716657227816	0.19512833427721846
COG2879	0.29933571894251065	0.7006642810574893
COG2884	0.16919840481520532	0.8308015951847947
COG2885	0.6777230781770192	0.3222769218229809
COG2887	0.4357451444592494	0.5642548555407506
COG2890	0.509630311233437	0.4903696887665629
COG2891	0.010745031779453962	0.989254968220546
COG2893	0.10880433272150536	0.8911956672784946
COG2894	0.13501741128606337	0.8649825887139366
COG2895	0.1968940979773386	0.8031059020226614
COG2896	0.46894288971604803	0.531057110283952
COG2897	0.08963312017961156	0.9103668798203884
COG2898	0.7494349939630218	0.2505650060369781
COG2907	0.3604154085865815	0.6395845914134185
COG2908	0.9830897565300976	0.016910243469902445
COG2909	0.10261494619486777	0.8973850538051322
COG2910	0.49101338019807295	0.508986619801927
COG2911	0.1636822296329603	0.8363177703670397
COG2912	0.686952251485957	0.31304774851404304
COG2915	0.6396712832719761	0.3603287167280239
COG2916	0.03862218223409608	0.9613778177659039
COG2918	0.25564192167251854	0.7443580783274815
COG2922	0.4762863815729921	0.5237136184270079
COG2923	0.4632025373369625	0.5367974626630375
COG2925	0.15844478751670554	0.8415552124832945
COG2929	0.424371235960355	0.575628764039645
COG2932	0.17742196190715454	0.8225780380928455
COG2933	0.11445138237900454	0.8855486176209955
COG2936	0.6140595864113843	0.38594041358861575
COG2937	0.2723807558015331	0.7276192441984669
COG2942	0.3338026059999889	0.6661973940000111
COG2943	0.3223683000520542	0.6776316999479458
COG2944	0.09496521844704209	0.9050347815529579
COG2946	0.15223937704708135	0.8477606229529187
COG2949	0.3247345033743555	0.6752654966256445
COG2951	0.5889876364807194	0.41101236351928067
COG2954	0.8620289001841691	0.13797109981583086
COG2956	0.202376700088166	0.797623299911834
COG2957	0.48625655240782784	0.5137434475921722
COG2959	0.24838615150272447	0.7516138484972755
COG2961	0.12111946406126683	0.8788805359387332
COG2962	0.05378343588140033	0.9462165641185997
COG2963	0.7750969654062925	0.22490303459370753
COG2964	0.7031436092912231	0.29685639070877684
COG2966	0.22729669178030443	0.7727033082196956
COG2968	0.3054840142701525	0.6945159857298475
COG2969	0.24954329243689188	0.7504567075631081
COG2972	0.030696141009635802	0.9693038589903642
COG2974	0.0894490248004447	0.9105509751995553
COG2976	0.13870170769048162	0.8612982923095184
COG2977	0.24266581467261406	0.757334185327386
COG2978	0.40091188073201434	0.5990881192679857
COG2979	0.14809590428363628	0.8519040957163637
COG2980	0.14739999073712418	0.8526000092628758
COG2981	0.13995777336588822	0.8600422266341118
COG2982	0.05056545977127147	0.9494345402287285
COG2984	0.23733643397702098	0.762663566022979
COG2985	0.9546139827913849	0.04538601720861518
COG2986	0.7863244414455434	0.21367555855445666
COG2987	0.21677777240999918	0.7832222275900008
COG2988	0.27196993008948755	0.7280300699105124
COG2989	0.41602679758343586	0.5839732024165641
COG2990	0.09358081901762316	0.9064191809823768
COG2992	0.2305535598361148	0.7694464401638852
COG2995	0.9063274547095275	0.09367254529047249
COG2996	0.26979086137898267	0.7302091386210173
COG2999	0.481298239796051	0.518701760203949
COG3001	0.4475851821859179	0.5524148178140821
COG3004	0.2776072244019365	0.7223927755980635
COG3005	0.8922493266625628	0.10775067333743714
COG3006	0.666580096953098	0.333419903046902
COG3008	0.4519123323299927	0.5480876676700073
COG3009	0.24401148427848562	0.7559885157215144
COG3010	0.34062470033835857	0.6593752996616414
COG3013	0.04595718180213626	0.9540428181978637
COG3015	0.890016452528703	0.109983547471297
COG3017	0.04375053383038463	0.9562494661696154
COG3019	0.080501412640123	0.919498587359877
COG3021	0.1032597239770171	0.8967402760229829
COG3022	0.4046084353890447	0.5953915646109553
COG3023	0.5294144922725269	0.4705855077274731
COG3025	0.012117840776009747	0.9878821592239903
COG3026	0.1345091504249396	0.8654908495750604
COG3027	0.016053123018756943	0.9839468769812431
COG3028	0.040929838098280436	0.9590701619017196
COG3029	0.11944601627769558	0.8805539837223044
COG3031	0.016699033217437154	0.9833009667825628
COG3033	0.8244085728440952	0.17559142715590484
COG3034	0.2352492362864842	0.7647507637135158
COG3037	0.14870846797102688	0.8512915320289731
COG3038	0.0695340045438192	0.9304659954561808
COG3039	0.5256750760519664	0.47432492394803366
COG3040	0.6867803658440741	0.31321963415592585
COG3041	0.31067301038546113	0.6893269896145389
COG3044	0.41646167878642293	0.5835383212135771
COG3045	0.11274352593759707	0.8872564740624029
COG3047	0.17181207366374807	0.8281879263362519
COG3048	0.3055733107715597	0.6944266892284403
COG3049	0.9265192840256123	0.07348071597438768
COG3050	0.4222923191075173	0.5777076808924827
COG3051	0.5104059792113371	0.48959402078866293
COG3052	0.025514542880188174	0.9744854571198118
COG3053	0.18750029923212297	0.812499700767877
COG3054	0.4469407060771703	0.5530592939228297
COG3055	0.7438566252845089	0.2561433747154911
COG3056	0.03558201412151629	0.9644179858784837
COG3057	0.22871434221703923	0.7712856577829608
COG3058	0.10880384041940894	0.8911961595805911
COG3059	0.557259294446655	0.44274070555334505
COG3060	0.0880475806368255	0.9119524193631745
COG3061	0.044312378519083095	0.9556876214809169
COG3064	0.23179346742529172	0.7682065325747083
COG3065	0.04314564527425724	0.9568543547257428
COG3066	0.07706409182835072	0.9229359081716493
COG3067	0.19597006513465698	0.804029934865343
COG3068	0.21962522021410036	0.7803747797858996
COG3069	0.13183939282741708	0.8681606071725829
COG3070	0.5248720260166279	0.47512797398337214
COG3071	0.3256809262853504	0.6743190737146496
COG3072	0.24620317658784951	0.7537968234121505
COG3073	0.1452397707044144	0.8547602292955856
COG3075	0.19383058734897585	0.8061694126510242
COG3076	0.35608394799712517	0.6439160520028748
COG3077	0.7344171797486199	0.26558282025138014
COG3079	0.05516252947395661	0.9448374705260434
COG3081	0.4224252759068139	0.5775747240931861
COG3083	0.9394432634852968	0.06055673651470319
COG3085	0.007742367364953706	0.9922576326350463
COG3086	0.3624118108597063	0.6375881891402937
COG3087	0.2627041804069241	0.7372958195930759
COG3090	0.08027291913938728	0.9197270808606127
COG3096	0.012298651344275657	0.9877013486557243
COG3101	0.05564441627119543	0.9443555837288046
COG3103	0.46638623147390823	0.5336137685260918
COG3104	0.7934442284848843	0.20655577151511575
COG3105	0.006227585151209025	0.993772414848791
COG3106	0.5791521640029746	0.4208478359970253
COG3107	0.08875147584220833	0.9112485241577917
COG3109	0.019877282475390334	0.9801227175246097
COG3111	0.15414337529416589	0.8458566247058341
COG3112	0.0611794689102092	0.9388205310897908
COG3115	0.21302492977615572	0.7869750702238443
COG3117	0.3719664160606586	0.6280335839393414
COG3118	0.23978939974799907	0.7602106002520009
COG3119	0.572014192420365	0.42798580757963506
COG3121	0.03415234256345567	0.9658476574365443
COG3126	0.020200248766796713	0.9797997512332033
COG3127	0.18722506279364437	0.8127749372063556
COG3129	0.06591700787233434	0.9340829921276657
COG3131	0.3972410804605635	0.6027589195394365
COG3132	0.010802722993766722	0.9891972770062333
COG3135	0.27466446422690327	0.7253355357730967
COG3137	0.4276663053337646	0.5723336946662354
COG3138	0.08205837053778697	0.917941629462213
COG3142	0.1645910494521402	0.8354089505478598
COG3145	0.23187337947626763	0.7681266205237324
COG3147	0.6806163249878094	0.3193836750121905
COG3148	0.146472177444673	0.853527822555327
COG3149	0.06952405145446339	0.9304759485455366
COG3150	0.3795672700819783	0.6204327299180217
COG3151	0.47561492904002467	0.5243850709599753
COG3152	0.06425117861435425	0.9357488213856457
COG3153	0.04715874613965276	0.9528412538603472
COG3154	0.13001273198721908	0.8699872680127809
COG3155	0.047269674037016984	0.952730325962983
COG3156	0.6643512625206978	0.33564873747930224
COG3157	0.04399525621866507	0.9560047437813349
COG3158	0.5159839420488352	0.4840160579511647
COG3159	0.322183891027482	0.677816108972518
COG3160	0.07114012231977362	0.9288598776802264
COG3161	0.6149421178923831	0.3850578821076169
COG3164	0.2456233655484794	0.7543766344515206
COG3165	0.06685472950946558	0.9331452704905344
COG3166	0.018864851411938055	0.981135148588062
COG3169	0.7415751492041598	0.25842485079584027
COG3172	0.3590751443184027	0.6409248556815973
COG3176	0.876921212846983	0.12307878715301707
COG3177	0.38215974666105823	0.6178402533389418
COG3178	0.9896801441614128	0.010319855838587218
COG3180	0.06797167199108012	0.9320283280089199
COG3181	0.6445226677212545	0.35547733227874545
COG3182	0.8672694974396058	0.13273050256039426
COG3187	0.5391638022363847	0.4608361977636153
COG3188	0.07887758951352142	0.9211224104864786
COG3189	0.2635582019651058	0.7364417980348942
COG3191	0.2773921708580117	0.7226078291419883
COG3192	0.19213593228157622	0.8078640677184238
COG3193	0.01677778982067868	0.9832222101793213
COG3194	0.42302215125134834	0.5769778487486517
COG3196	0.1211916593474901	0.8788083406525099
COG3201	0.7953591071404944	0.20464089285950565
COG3203	0.05105775263142143	0.9489422473685786
COG3204	0.14693353717358604	0.853066462826414
COG3206	0.3905423736527971	0.6094576263472029
COG3208	0.45384806773071806	0.5461519322692819
COG3209	0.30748420830636736	0.6925157916936326
COG3210	0.4291780030989195	0.5708219969010805
COG3212	0.06786887236471895	0.932131127635281
COG3214	0.4072184462891292	0.5927815537108708
COG3221	0.6841075518331531	0.3158924481668469
COG3223	0.03927338549299919	0.9607266145070008
COG3225	0.14843264220229913	0.8515673577977009
COG3226	0.2518299966709783	0.7481700033290217
COG3227	0.06545806166427326	0.9345419383357267
COG3228	0.04269419802940155	0.9573058019705984
COG3231	0.4369941332555958	0.5630058667444042
COG3232	0.7566928914346468	0.2433071085653532
COG3236	0.14856950555904247	0.8514304944409575
COG3238	0.11567002771624002	0.88432997228376
COG3239	0.13513841610271116	0.8648615838972888
COG3240	0.4879715093895646	0.5120284906104354
COG3246	0.5935575015363808	0.40644249846361924
COG3247	0.46571405302496593	0.5342859469750341
COG3248	0.34097512668588836	0.6590248733141116
COG3250	0.7528263984867094	0.24717360151329057
COG3253	0.24589036206495918	0.7541096379350408
COG3254	0.6396143216367991	0.36038567836320096
COG3257	0.30368928439701215	0.6963107156029879
COG3260	0.6792840198665184	0.3207159801334815
COG3261	0.5271797370906002	0.4728202629093998
COG3262	0.4444238281789762	0.5555761718210238
COG3263	0.7852792671141269	0.2147207328858731
COG3264	0.0293108200449802	0.9706891799550198
COG3265	0.5349342703266287	0.4650657296733713
COG3266	0.40004020967905496	0.599959790320945
COG3267	0.2245419587031341	0.7754580412968659
COG3270	0.007448627205397851	0.9925513727946021
COG3274	0.7076108095323496	0.29238919046765044
COG3275	0.8628500427257652	0.13714995727423482
COG3276	0.1797677584791989	0.8202322415208011
COG3279	0.7139558027572271	0.28604419724277286
COG3280	0.12287097634867283	0.8771290236513272
COG3283	0.004219837012529815	0.9957801629874702
COG3284	0.4215029715742551	0.5784970284257449
COG3288	0.18231073808558473	0.8176892619144153
COG3290	0.019055092429583365	0.9809449075704166
COG3291	0.6457630991569449	0.35423690084305515
COG3292	0.7915961072428667	0.20840389275713336
COG3293	0.5191478377493625	0.48085216225063754
COG3297	0.6183911937732556	0.3816088062267444
COG3299	0.4804008983351016	0.5195991016648984
COG3301	0.07389165857743685	0.9261083414225632
COG3302	0.009793024828468333	0.9902069751715317
COG3303	0.5697067843230327	0.4302932156769673
COG3304	0.7792848804479193	0.2207151195520807
COG3307	0.0908782934701251	0.9091217065298749
COG3311	0.03618312080049746	0.9638168791995025
COG3314	0.2937923321778678	0.7062076678221322
COG3315	0.6177179374509515	0.3822820625490485
COG3316	0.7202881251240305	0.2797118748759695
COG3317	0.10545077944946069	0.8945492205505393
COG3318	0.16626333664854887	0.8337366633514511
COG3319	0.16403231668604434	0.8359676833139557
COG3321	0.03487793970223174	0.9651220602977683
COG3323	0.4231395074776243	0.5768604925223757
COG3325	0.7419326621909785	0.2580673378090215
COG3326	0.37656189981422383	0.6234381001857762
COG3327	0.28258132717139195	0.717418672828608
COG3328	0.7750015840058392	0.22499841599416082
COG3331	0.1807111304115806	0.8192888695884194
COG3333	0.27393415227756557	0.7260658477224344
COG3335	0.2164606843111867	0.7835393156888133
COG3338	0.053641486218897194	0.9463585137811028
COG3339	0.7820121354430523	0.21798786455694777
COG3340	0.11535169498046227	0.8846483050195377
COG3344	0.5268430680946761	0.473156931905324
COG3345	0.36775305398242564	0.6322469460175744
COG3350	0.10393906378937523	0.8960609362106248
COG3376	0.031935576226262974	0.968064423773737
COG3378	0.48813275797611033	0.5118672420238897
COG3381	0.026152816960553382	0.9738471830394466
COG3382	0.8690011565654745	0.13099884343452553
COG3383	0.5234202289247284	0.4765797710752716
COG3384	0.5544685499106657	0.44553145008933426
COG3385	0.4962003920932514	0.5037996079067486
COG3386	0.6800051061066117	0.3199948938933883
COG3391	0.10920444565180154	0.8907955543481985
COG3392	0.3298224437446564	0.6701775562553436
COG3394	0.21941035090000216	0.7805896490999978
COG3395	0.1312267317704301	0.8687732682295699
COG3396	0.1260758999178765	0.8739241000821235
COG3397	0.0843551623693296	0.9156448376306704
COG3404	0.3047515220751126	0.6952484779248874
COG3405	0.18147448693382007	0.8185255130661799
COG3407	0.2814202120428897	0.7185797879571103
COG3408	0.2753975359520454	0.7246024640479546
COG3409	0.6708134442123809	0.32918655578761913
COG3410	0.14131671147326808	0.8586832885267319
COG3411	0.48690351228089124	0.5130964877191088
COG3412	0.36562538132450395	0.634374618675496
COG3414	0.04332842535412784	0.9566715746458722
COG3416	0.11521549613943272	0.8847845038605673
COG3423	0.35941717851024035	0.6405828214897596
COG3425	0.3320924708951094	0.6679075291048906
COG3426	0.42494155705837966	0.5750584429416203
COG3429	0.79481932524597	0.20518067475403004
COG3433	0.05530376458191255	0.9446962354180874
COG3434	0.7156098997142097	0.28439010028579026
COG3435	0.338830264879586	0.661169735120414
COG3436	0.2851813006874586	0.7148186993125414
COG3437	0.2994438467688345	0.7005561532311655
COG3440	0.3590654294742429	0.6409345705257571
COG3442	0.061096815093012125	0.9389031849069879
COG3443	0.32586549267967135	0.6741345073203286
COG3444	0.1352063476687264	0.8647936523312736
COG3447	0.10440438547319775	0.8955956145268023
COG3449	0.4714116802997381	0.5285883197002619
COG3451	0.23306503609351825	0.7669349639064817
COG3454	0.30686658399914546	0.6931334160008545
COG3455	0.12382671156073732	0.8761732884392627
COG3456	0.18165420940868382	0.8183457905913162
COG3457	0.037540575980852586	0.9624594240191474
COG3458	0.9913631216711115	0.00863687832888848
COG3459	0.0870899062417646	0.9129100937582354
COG3464	0.4352041597455777	0.5647958402544223
COG3467	0.16587598014033755	0.8341240198596624
COG3468	0.28013122102845356	0.7198687789715464
COG3470	0.45129761120506007	0.5487023887949399
COG3472	0.2166528809307291	0.7833471190692709
COG3475	0.38668071325124764	0.6133192867487524
COG3477	0.08982490624132045	0.9101750937586796
COG3479	0.1894556609049225	0.8105443390950775
COG3480	0.43017263675683415	0.5698273632431659
COG3481	0.7833266689619065	0.21667333103809344
COG3484	0.1461915468549736	0.8538084531450264
COG3485	0.037342392358309495	0.9626576076416905
COG3486	0.21808957548255048	0.7819104245174495
COG3491	0.09747324573664806	0.9025267542633519
COG3493	0.478153370411201	0.521846629588799
COG3494	0.4374385727975797	0.5625614272024203
COG3496	0.25088372509696255	0.7491162749030374
COG3497	0.38992056633270666	0.6100794336672933
COG3501	0.1474828076940451	0.8525171923059549
COG3505	0.45876621673495244	0.5412337832650476
COG3506	0.3812779307352865	0.6187220692647135
COG3507	0.9092046574234235	0.09079534257657651
COG3509	0.25720336860656423	0.7427966313934358
COG3512	0.37866616201828085	0.6213338379817192
COG3513	0.7115356391024134	0.28846436089758665
COG3515	0.07949682459658713	0.9205031754034129
COG3517	0.15990863432409286	0.8400913656759071
COG3518	0.35110541777686266	0.6488945822231373
COG3519	0.41701261734031925	0.5829873826596808
COG3520	0.21534396558983449	0.7846560344101655
COG3521	0.31691749072234976	0.6830825092776502
COG3522	0.04476973738492562	0.9552302626150744
COG3523	0.045026168975192515	0.9549738310248075
COG3524	0.1450456940053696	0.8549543059946304
COG3525	0.7743173163205901	0.22568268367940994
COG3527	0.11292889422451624	0.8870711057754838
COG3528	0.6345294132045409	0.36547058679545913
COG3529	0.699432530442699	0.30056746955730096
COG3530	0.5775975615390303	0.42240243846096975
COG3533	0.8899878138234227	0.11001218617657725
COG3534	0.8189211623584087	0.18107883764159127
COG3535	0.2608138931231353	0.7391861068768647
COG3537	0.839875722139567	0.1601242778604331
COG3538	0.27766381047390776	0.7223361895260922
COG3539	0.03411116858840735	0.9658888314115927
COG3541	0.020219212441287437	0.9797807875587126
COG3542	0.2623508657527055	0.7376491342472945
COG3543	0.6430471235341948	0.35695287646580526
COG3546	0.0640722197295297	0.9359277802704703
COG3547	0.5426673015201704	0.45733269847982955
COG3549	0.43412775647944446	0.5658722435205555
COG3550	0.5219209945790281	0.4780790054209719
COG3558	0.05784017738836911	0.9421598226116309
COG3560	0.8971995603778384	0.10280043962216158
COG3561	0.1584307868990008	0.8415692131009992
COG3562	0.28510542242887926	0.7148945775711207
COG3563	0.11422598451803867	0.8857740154819613
COG3567	0.20207202584599016	0.7979279741540098
COG3568	0.9527433532906153	0.04725664670938467
COG3572	0.22376597387693853	0.7762340261230615
COG3576	0.5461382289947997	0.4538617710052003
COG3579	0.8469716943214163	0.1530283056785837
COG3580	0.12496725669414932	0.8750327433058507
COG3581	0.6774203931924336	0.32257960680756637
COG3583	0.35310664280504167	0.6468933571949583
COG3584	0.34879011602216314	0.6512098839778369
COG3586	0.7334935027151225	0.2665064972848775
COG3589	0.2559034556887363	0.7440965443112637
COG3590	0.6989730406934822	0.3010269593065178
COG3591	0.047339359164523254	0.9526606408354767
COG3593	0.5896263479166983	0.4103736520833017
COG3594	0.5830183611351489	0.41698163886485107
COG3596	0.16617187882821438	0.8338281211717856
COG3599	0.08232486569964981	0.9176751343003502
COG3600	0.25828368237042987	0.7417163176295701
COG3601	0.6022053791798542	0.39779462082014583
COG3604	0.20971154301380368	0.7902884569861963
COG3605	0.1488819178842844	0.8511180821157156
COG3608	0.17389362185266832	0.8261063781473317
COG3610	0.08942900047031244	0.9105709995296876
COG3611	0.02454994627276741	0.9754500537272326
COG3615	0.3437706266180556	0.6562293733819444
COG3616	0.8557875881962321	0.1442124118037679
COG3617	0.8279666415423635	0.17203335845763643
COG3618	0.22571006843902996	0.77428993156097
COG3619	0.11133436813450759	0.8886656318654924
COG3622	0.24048792974348432	0.7595120702565157
COG3623	0.11014342580698311	0.8898565741930169
COG3624	0.3848154719408695	0.6151845280591305
COG3625	0.5862444571999187	0.4137555428000813
COG3626	0.07933288039091013	0.9206671196090899
COG3627	0.05467469955926518	0.9453253004407348
COG3633	0.25182235867404223	0.7481776413259578
COG3634	0.6842530061697145	0.3157469938302855
COG3635	0.9270779343078746	0.07292206569212545
COG3637	0.1659030588148943	0.8340969411851057
COG3638	0.23664679711476477	0.7633532028852352
COG3639	0.24046378722259232	0.7595362127774077
COG3640	0.25357199533064056	0.7464280046693594
COG3641	0.7119560471124238	0.28804395288757617
COG3645	0.8467494156457114	0.15325058435428868
COG3646	0.11905097326923919	0.8809490267307608
COG3647	0.7301043811123854	0.2698956188876146
COG3649	0.28769810560174247	0.7123018943982575
COG3653	0.3064682225805351	0.6935317774194649
COG3655	0.2944375143188277	0.7055624856811723
COG3659	0.773456554531986	0.22654344546801392
COG3661	0.8830023749235856	0.11699762507641442
COG3662	0.030573839593262542	0.9694261604067375
COG3663	0.7171893087518226	0.28281069124817737
COG3664	0.06303559435289108	0.9369644056471089
COG3666	0.8721070169470276	0.12789298305297236
COG3667	0.017643620296533324	0.9823563797034667
COG3669	0.5081962721716613	0.49180372782833864
COG3677	0.07317961105030324	0.9268203889496968
COG3678	0.30191655479380175	0.6980834452061982
COG3679	0.541188327641595	0.45881167235840503
COG3680	0.26192488415143356	0.7380751158485664
COG3681	0.1982052916291538	0.8017947083708462
COG3682	0.12994158478497075	0.8700584152150292
COG3684	0.4406163103400448	0.5593836896599552
COG3685	0.17978969725972382	0.8202103027402762
COG3688	0.5498045498675986	0.45019545013240136
COG3689	0.1825843793245796	0.8174156206754204
COG3691	0.6266801473437262	0.3733198526562738
COG3693	0.9491454855296394	0.05085451447036059
COG3695	0.7097296316450463	0.2902703683549537
COG3696	0.24885125638648542	0.7511487436135146
COG3698	0.10662547730888006	0.8933745226911199
COG3700	0.0748686106213533	0.9251313893786467
COG3705	0.4556268022464913	0.5443731977535087
COG3706	0.7212538374935562	0.2787461625064438
COG3707	0.14855397285111682	0.8514460271488832
COG3708	0.17375628348578143	0.8262437165142186
COG3709	0.07727491400639086	0.9227250859936091
COG3710	0.4191081303230342	0.5808918696769658
COG3711	0.16697681061357816	0.8330231893864218
COG3712	0.8384186594347033	0.1615813405652967
COG3713	0.3956460774543401	0.6043539225456599
COG3714	0.16734489817151232	0.8326551018284877
COG3715	0.14852617148631586	0.8514738285136841
COG3716	0.04056565075792462	0.9594343492420754
COG3717	0.6428704174192885	0.35712958258071154
COG3718	0.501169806772237	0.498830193227763
COG3719	0.5170697346352912	0.48293026536470884
COG3720	0.27038453606386526	0.7296154639361347
COG3722	0.6598338818722045	0.34016611812779546
COG3723	0.23122172128181173	0.7687782787181883
COG3724	0.18217854019298863	0.8178214598070114
COG3725	0.4938268226457341	0.5061731773542659
COG3726	0.3813643237174753	0.6186356762825247
COG3727	0.6726639486720108	0.32733605132798915
COG3728	0.34415500007538635	0.6558449999246136
COG3730	0.04149625922304112	0.9585037407769589
COG3731	0.5320100501674043	0.4679899498325957
COG3732	0.34200011452300205	0.657999885476998
COG3733	0.05371425544181341	0.9462857445581866
COG3734	0.14768980460819425	0.8523101953918057
COG3735	0.6127611752910496	0.38723882470895044
COG3738	0.2915710149255093	0.7084289850744907
COG3740	0.5539944080917152	0.4460055919082848
COG3747	0.4209196731085112	0.5790803268914888
COG3754	0.05847974606940343	0.9415202539305966
COG3757	0.3885976604649559	0.6114023395350441
COG3760	0.5289412791524106	0.4710587208475894
COG3764	0.06305725035029242	0.9369427496497076
COG3765	0.38741739517892604	0.612582604821074
COG3768	0.25884159766440074	0.7411584023355993
COG3770	0.1998110057779453	0.8001889942220547
COG3772	0.0572701443377549	0.9427298556622451
COG3773	0.1318064160969955	0.8681935839030045
COG3774	0.8529106557665317	0.1470893442334683
COG3775	0.6898598454863973	0.3101401545136027
COG3778	0.5447439132731917	0.4552560867268083
COG3781	0.18158630996717895	0.818413690032821
COG3787	0.19360839327029422	0.8063916067297058
COG3797	0.5728576762649036	0.42714232373509636
COG3799	0.09896791149876882	0.9010320885012312
COG3804	0.5487842296174215	0.45121577038257854
COG3808	0.39393897672960454	0.6060610232703955
COG3817	0.4699404094694082	0.5300595905305918
COG3819	0.005150535690539804	0.9948494643094602
COG3822	0.18761962881030392	0.8123803711896961
COG3824	0.2976094114648665	0.7023905885351335
COG3829	0.3005243340026852	0.6994756659973148
COG3830	0.15365725655621487	0.8463427434437851
COG3833	0.44670517447010993	0.5532948255298901
COG3835	0.1892820668226729	0.8107179331773271
COG3836	0.3359664295025585	0.6640335704974415
COG3837	0.49568445610965095	0.504315543890349
COG3839	0.18538965277536057	0.8146103472246394
COG3840	0.2616232196280289	0.7383767803719711
COG3842	0.2411102064634415	0.7588897935365585
COG3843	0.33298681946237574	0.6670131805376243
COG3845	0.3803961506120621	0.6196038493879379
COG3848	0.8668661578713142	0.1331338421286858
COG3852	0.5386810336603134	0.46131896633968666
COG3853	0.17037295398859365	0.8296270460114064
COG3854	0.12282749594471354	0.8771725040552865
COG3855	0.44224591385702194	0.5577540861429781
COG3856	0.20331454655630787	0.7966854534436921
COG3857	0.052012235279471186	0.9479877647205288
COG3858	0.034314547154306596	0.9656854528456934
COG3859	0.2670834239977611	0.7329165760022389
COG3862	0.07110040828466668	0.9288995917153333
COG3867	0.4161799429128472	0.5838200570871528
COG3869	0.401914678451322	0.598085321548678
COG3870	0.7443143646062919	0.25568563539370814
COG3871	0.4172898066730346	0.5827101933269654
COG3872	0.4896870364888395	0.5103129635111605
COG3875	0.2882468424628486	0.7117531575371514
COG3878	0.09250764361373676	0.9074923563862632
COG3879	0.712823712225542	0.28717628777445803
COG3880	0.22344733340751088	0.7765526665924891
COG3882	0.45856152810604056	0.5414384718939594
COG3884	0.6968097806629937	0.3031902193370063
COG3886	0.18424122282146138	0.8157587771785386
COG3887	0.2826489406231345	0.7173510593768655
COG3892	0.03917857827984972	0.9608214217201503
COG3894	0.8322885540639066	0.16771144593609347
COG3896	0.7339427762943883	0.2660572237056117
COG3910	0.4818895618371045	0.5181104381628955
COG3919	0.2165722908173593	0.7834277091826407
COG3920	0.3098007992773406	0.6901992007226594
COG3921	0.14400708723200384	0.8559929127679962
COG3926	0.6791350419544897	0.3208649580455103
COG3933	0.13476151551747784	0.8652384844825222
COG3935	0.593423907038221	0.406576092961779
COG3938	0.3566300916659363	0.6433699083340637
COG3940	0.3848963589801896	0.6151036410198104
COG3942	0.6215882663576806	0.37841173364231934
COG3943	0.8804359300830652	0.11956406991693483
COG3944	0.2134147784144308	0.7865852215855692
COG3947	0.796961597345984	0.20303840265401593
COG3948	0.10162544705941434	0.8983745529405857
COG3949	0.10043311462374449	0.8995668853762555
COG3950	0.13992723566026	0.86007276433974
COG3953	0.43140937837035365	0.5685906216296464
COG3954	0.035049982412362235	0.9649500175876378
COG3956	0.23392749986178096	0.766072500138219
COG3957	0.2818685857943878	0.7181314142056122
COG3958	0.32788803306779013	0.6721119669322099
COG3959	0.1043824498544128	0.8956175501455872
COG3960	0.6812879729932878	0.3187120270067122
COG3961	0.049772751788268677	0.9502272482117313
COG3962	0.11628566442959298	0.883714335570407
COG3964	0.42994775769130245	0.5700522423086976
COG3965	0.247166352016435	0.752833647983565
COG3966	0.3536076333907092	0.6463923666092908
COG3968	0.9001429714621438	0.09985702853785619
COG3969	0.3220288921440996	0.6779711078559004
COG3971	0.034578524574182645	0.9654214754258174
COG3973	0.6921805577494672	0.3078194422505328
COG3976	0.605750866435492	0.394249133564508
COG3977	0.6974277822016892	0.3025722177983107
COG3979	0.47307827373176325	0.5269217262682367
COG3980	0.4221300386414265	0.5778699613585735
COG3981	0.25035927533560176	0.7496407246643982
COG4086	0.5406889624708171	0.45931103752918284
COG4091	0.37158348233408334	0.6284165176659167
COG4096	0.20289587232101214	0.7971041276789879
COG4097	0.4143870446195679	0.5856129553804321
COG4098	0.6455689859418083	0.35443101405819166
COG4099	0.797159983705465	0.202840016294535
COG4100	0.20174701160507036	0.7982529883949296
COG4105	0.06110616613267028	0.9388938338673297
COG4106	0.5590218517887566	0.4409781482112433
COG4107	0.13580621748050936	0.8641937825194906
COG4108	0.8280324061675808	0.17196759383241925
COG4109	0.16833585979034948	0.8316641402096505
COG4112	0.6759409503813749	0.3240590496186251
COG4114	0.06756464985602684	0.9324353501439732
COG4115	0.5506527517494856	0.4493472482505144
COG4117	0.07137368394488963	0.9286263160551104
COG4120	0.7025065447796275	0.29749345522037257
COG4121	0.9414557744540267	0.05854422554597332
COG4122	0.30272920544296467	0.6972707945570353
COG4123	0.06590091142695165	0.9340990885730484
COG4125	0.216602498581552	0.783397501418448
COG4126	0.5212888559022795	0.47871114409772053
COG4129	0.7244635308322098	0.27553646916779023
COG4130	0.020297312888597818	0.9797026871114022
COG4132	0.9661193018464077	0.0338806981535923
COG4134	0.34794670407589545	0.6520532959241045
COG4135	0.23589762737668163	0.7641023726233184
COG4137	0.06048797876491163	0.9395120212350884
COG4138	0.040206319318192185	0.9597936806818078
COG4139	0.781936291649715	0.21806370835028493
COG4143	0.12821290205878866	0.8717870979412113
COG4145	0.7105648545633096	0.28943514543669036
COG4146	0.943383282240434	0.05661671775956601
COG4147	0.014676056317761144	0.9853239436822389
COG4148	0.1176786846317045	0.8823213153682955
COG4149	0.10479327238563996	0.89520672761436
COG4150	0.3407762910885591	0.6592237089114409
COG4152	0.2285694647016867	0.7714305352983133
COG4154	0.033069834516489816	0.9669301654835102
COG4158	0.5349939748994033	0.46500602510059674
COG4160	0.5912411512401023	0.4087588487598977
COG4166	0.5224252455739282	0.4775747544260717
COG4168	0.0699048517077655	0.9300951482922345
COG4171	0.5707849698093885	0.42921503019061147
COG4172	0.2342392446795536	0.7657607553204464
COG4174	0.7336695328479218	0.2663304671520782
COG4175	0.6898369141054725	0.3101630858945274
COG4176	0.7748687480723953	0.22513125192760475
COG4177	0.3159824887978152	0.6840175112021848
COG4178	0.0632059604430707	0.9367940395569293
COG4181	0.2958063505799391	0.7041936494200609
COG4185	0.6368471282187393	0.3631528717812606
COG4186	0.8885896384993244	0.1114103615006756
COG4189	0.6005502869293792	0.3994497130706208
COG4191	0.25343016672951113	0.7465698332704889
COG4192	0.12734193740595623	0.8726580625940438
COG4193	0.031839424230138746	0.9681605757698613
COG4194	0.4956805486730198	0.5043194513269802
COG4198	0.48018410189766425	0.5198158981023357
COG4199	0.14594410684575565	0.8540558931542443
COG4200	0.3795313444011821	0.6204686555988179
COG4206	0.7103216868287807	0.2896783131712193
COG4208	0.026937608887934394	0.9730623911120656
COG4209	0.06618198921165497	0.933818010788345
COG4211	0.10674301938409969	0.8932569806159003
COG4213	0.19469116660450547	0.8053088333954945
COG4214	0.9203429083526464	0.07965709164735356
COG4215	0.04185628754461668	0.9581437124553833
COG4219	0.07201662272036102	0.927983377279639
COG4221	0.8357651453191939	0.16423485468080612
COG4222	0.1876670609025728	0.8123329390974272
COG4225	0.7864285113743797	0.21357148862562025
COG4227	0.7526199842363765	0.2473800157636235
COG4228	0.025982983215942945	0.974017016784057
COG4229	0.05569779515289075	0.9443022048471092
COG4230	0.6118976648322643	0.3881023351677357
COG4231	0.9342925348613023	0.06570746513869774
COG4232	0.8563893339574948	0.1436106660425051
COG4233	0.08450999236944812	0.9154900076305519
COG4235	0.25084568819982755	0.7491543118001724
COG4239	0.0477855230518317	0.9522144769481683
COG4241	0.48664276729475964	0.5133572327052404
COG4243	0.38661978947779296	0.613380210522207
COG4245	0.33846048783102467	0.6615395121689753
COG4248	0.4491488981737659	0.5508511018262341
COG4253	0.02471405872571386	0.9752859412742861
COG4260	0.8852478414957339	0.11475215850426607
COG4262	0.23173874784879744	0.7682612521512026
COG4264	0.6213432700408241	0.3786567299591759
COG4267	0.7579935996853522	0.2420064003146478
COG4268	0.624532224375107	0.37546777562489303
COG4269	0.12486194868804612	0.8751380513119539
COG4277	0.13459341365430388	0.8654065863456961
COG4279	0.3088331609107168	0.6911668390892832
COG4283	0.1087934046791732	0.8912065953208268
COG4284	0.3377474195338853	0.6622525804661147
COG4289	0.7565987592548585	0.2434012407451415
COG4299	0.9173556582782274	0.0826443417217726
COG4302	0.1356555276803567	0.8643444723196433
COG4303	0.02644057043355874	0.9735594295664413
COG4320	0.0733961934201316	0.9266038065798684
COG4332	0.4384447519874469	0.5615552480125531
COG4335	0.20925274341301048	0.7907472565869895
COG4336	0.40023263295273837	0.5997673670472616
COG4354	0.44416588851013006	0.5558341114898699
COG4373	0.14016814062177863	0.8598318593782214
COG4377	0.74923734161972	0.25076265838027995
COG4379	0.07962668418048258	0.9203733158195174
COG4381	0.23698967200616095	0.763010327993839
COG4383	0.6023784154311544	0.3976215845688456
COG4384	0.47999088358394126	0.5200091164160587
COG4386	0.03705671725379278	0.9629432827462072
COG4393	0.1960782362931992	0.8039217637068008
COG4397	0.2599021115323983	0.7400978884676017
COG4405	0.3741623737870663	0.6258376262129337
COG4409	0.2927924234229595	0.7072075765770405
COG4420	0.14506997123206378	0.8549300287679362
COG4422	0.7797664731931901	0.2202335268068098
COG4430	0.010476681110841657	0.9895233188891583
COG4443	0.41839613741234516	0.5816038625876548
COG4445	0.011868932638504526	0.9881310673614955
COG4452	0.27131813890570977	0.7286818610942902
COG4453	0.2553845674129709	0.7446154325870291
COG4463	0.4844652896560835	0.5155347103439165
COG4464	0.7503343960628808	0.24966560393711917
COG4465	0.03263457781922663	0.9673654221807734
COG4468	0.5265801680232014	0.4734198319767986
COG4469	0.5068817198837974	0.4931182801162027
COG4470	0.7281930954882174	0.2718069045117826
COG4472	0.06044748796833732	0.9395525120316627
COG4473	0.3811726534209664	0.6188273465790336
COG4475	0.2819501515713314	0.7180498484286686
COG4477	0.07008699658379247	0.9299130034162075
COG4481	0.194050264915267	0.805949735084733
COG4485	0.01782123243456013	0.9821787675654399
COG4487	0.7477181971770196	0.2522818028229804
COG4492	0.49109105195134306	0.5089089480486569
COG4496	0.1717790887712325	0.8282209112287675
COG4506	0.6278722581808768	0.3721277418191232
COG4509	0.7205678091174033	0.2794321908825967
COG4512	0.17116696151282063	0.8288330384871794
COG4521	0.0614661762436951	0.9385338237563049
COG4529	0.2174060451354365	0.7825939548645635
COG4531	0.14991655589470654	0.8500834441052935
COG4533	0.8055617777203605	0.19443822227963942
COG4535	0.27488855359731024	0.7251114464026898
COG4536	0.09313716986294318	0.9068628301370568
COG4542	0.5387560623009504	0.46124393769904953
COG4548	0.1317370498799325	0.8682629501200675
COG4552	0.7152324163097066	0.2847675836902935
COG4555	0.32895959207315595	0.671040407926844
COG4558	0.06577573884564125	0.9342242611543587
COG4559	0.2857769850842736	0.7142230149157264
COG4565	0.2398450015545911	0.7601549984454089
COG4569	0.6897901826460068	0.3102098173539932
COG4570	0.7015085389891389	0.29849146101086105
COG4571	0.06255072906257819	0.9374492709374218
COG4573	0.20243823692197305	0.797561763078027
COG4575	0.269645123468617	0.730354876531383
COG4576	0.04617309463203256	0.9538269053679674
COG4577	0.14472115764210913	0.8552788423578909
COG4579	0.3170744131779444	0.6829255868220556
COG4580	0.07091097020986836	0.9290890297901316
COG4581	0.7366561654821357	0.2633438345178643
COG4582	0.03051230300337926	0.9694876969966207
COG4584	0.3947840800880461	0.6052159199119539
COG4585	0.4538847216431706	0.5461152783568294
COG4586	0.5493925469506766	0.45060745304932337
COG4587	0.3369729774114234	0.6630270225885766
COG4589	0.33650924444632346	0.6634907555536765
COG4590	0.754201990373199	0.24579800962680096
COG4591	0.7677027466172724	0.23229725338272755
COG4592	0.030050717338639954	0.96994928266136
COG4597	0.02570747817954111	0.9742925218204589
COG4598	0.5960402617448682	0.40395973825513176
COG4603	0.03157020035315783	0.9684297996468422
COG4604	0.024485893881275644	0.9755141061187244
COG4605	0.39733814628933417	0.6026618537106658
COG4606	0.07163099698757447	0.9283690030124255
COG4607	0.2307217375008087	0.7692782624991913
COG4608	0.13166505576794374	0.8683349442320563
COG4615	0.24155971892833927	0.7584402810716607
COG4619	0.07643310749386922	0.9235668925061308
COG4623	0.16766749896041488	0.8323325010395851
COG4624	0.2800481153912804	0.7199518846087196
COG4626	0.7590391774432328	0.2409608225567672
COG4632	0.8066622720934639	0.19333772790653617
COG4635	0.5669496331678766	0.4330503668321234
COG4636	0.041172560011220494	0.9588274399887795
COG4637	0.3146186102924384	0.6853813897075616
COG4638	0.016017710270020524	0.9839822897299795
COG4639	0.18379965630827877	0.8162003436917212
COG4640	0.6372770974635011	0.36272290253649886
COG4643	0.04931090244082903	0.950689097559171
COG4644	0.12572713704100724	0.8742728629589928
COG4646	0.5936893970228778	0.4063106029771222
COG4650	0.35038638368390373	0.6496136163160963
COG4651	0.08381664799187682	0.9161833520081232
COG4653	0.5712269741218101	0.42877302587818994
COG4656	0.561265265704175	0.43873473429582505
COG4657	0.257484582837201	0.742515417162799
COG4658	0.1318877801149846	0.8681122198850154
COG4659	0.2922107800494199	0.7077892199505801
COG4660	0.18933328669738392	0.8106667133026161
COG4666	0.08455173493442025	0.9154482650655797
COG4667	0.0335942555762756	0.9664057444237244
COG4668	0.20992462427877	0.79007537572123
COG4670	0.45971556985285145	0.5402844301471486
COG4674	0.5400053252231621	0.45999467477683786
COG4677	0.32909831722624006	0.6709016827737599
COG4679	0.2947341017965036	0.7052658982034964
COG4681	0.02057390053260655	0.9794260994673935
COG4682	0.045102402940078834	0.9548975970599212
COG4683	0.3215927714004675	0.6784072285995325
COG4684	0.5842548836107351	0.4157451163892649
COG4685	0.044666824763078816	0.9553331752369212
COG4687	0.8736159943511794	0.12638400564882052
COG4688	0.8521915166052484	0.14780848339475164
COG4690	0.4232365443796604	0.5767634556203396
COG4692	0.07582685973715342	0.9241731402628466
COG4693	0.1457112430726144	0.8542887569273856
COG4695	0.1539571040915788	0.8460428959084212
COG4708	0.2786649950149688	0.7213350049850312
COG4713	0.5407263211299813	0.4592736788700187
COG4716	0.10815621343845017	0.8918437865615498
COG4720	0.30688017806081236	0.6931198219391876
COG4721	0.009342268755838545	0.9906577312441615
COG4723	0.09092588564872128	0.9090741143512787
COG4724	0.006767714066809982	0.99323228593319
COG4725	0.9468353845817498	0.053164615418250204
COG4728	0.515177974974708	0.48482202502529204
COG4732	0.2240924955725765	0.7759075044274235
COG4733	0.08875822122991828	0.9112417787700817
COG4735	0.05280215021923662	0.9471978497807634
COG4739	0.9337339636346961	0.06626603636530395
COG4747	0.8519463518005816	0.1480536481994184
COG4750	0.28333097047436906	0.7166690295256309
COG4753	0.8454691325133272	0.15453086748667283
COG4763	0.21112790117819535	0.7888720988218046
COG4766	0.7209350279845883	0.2790649720154117
COG4767	0.16117217102755665	0.8388278289724433
COG4769	0.3057197193288196	0.6942802806711804
COG4770	0.4269539737921898	0.5730460262078102
COG4771	0.8838491402095808	0.1161508597904192
COG4772	0.35776919278252284	0.6422308072174772
COG4773	0.10308141390589343	0.8969185860941066
COG4774	0.6228598503259246	0.37714014967407533
COG4775	0.42831449605816974	0.5716855039418303
COG4776	0.2126977729006273	0.7873022270993727
COG4778	0.30792232780318585	0.6920776721968142
COG4779	0.04528844670550436	0.9547115532944956
COG4783	0.10855323287324814	0.8914467671267519
COG4785	0.037139165986238676	0.9628608340137613
COG4786	0.3000255791726937	0.6999744208273063
COG4795	0.016234555441751897	0.9837654445582481
COG4796	0.4874226402650096	0.5125773597349904
COG4799	0.9258451448764431	0.07415485512355685
COG4804	0.9459929957100414	0.054007004289958666
COG4805	0.07605246644437369	0.9239475335556263
COG4806	0.49543666448021895	0.504563335519781
COG4808	0.012192270174801845	0.9878077298251982
COG4810	0.07656254116565264	0.9234374588343474
COG4811	0.12855442464325084	0.8714455753567492
COG4812	0.7094531519558612	0.2905468480441388
COG4816	0.22399423439538946	0.7760057656046105
COG4819	0.4515716458221687	0.5484283541778313
COG4820	0.3579210147275025	0.6420789852724975
COG4821	0.005321983127604568	0.9946780168723954
COG4822	0.8888362968656593	0.1111637031343406
COG4823	0.5808282327114456	0.41917176728855443
COG4824	0.4105738304114446	0.5894261695885554
COG4826	0.29096821220702695	0.709031787792973
COG4832	0.08310465771420761	0.9168953422857924
COG4833	0.9052689165365763	0.09473108346342372
COG4845	0.6501067132220744	0.3498932867779257
COG4850	0.1061948348093611	0.8938051651906389
COG4856	0.7612102701999766	0.2387897298000235
COG4857	0.09877277025272213	0.9012272297472779
COG4862	0.09528622335074832	0.9047137766492517
COG4864	0.9969001428429394	0.0030998571570606745
COG4865	0.1426634079211605	0.8573365920788395
COG4866	0.6647009770391258	0.3352990229608742
COG4868	0.3799910512080462	0.6200089487919538
COG4869	0.4552535227401585	0.5447464772598415
COG4870	0.25198810930100135	0.7480118906989986
COG4878	0.31418239121020086	0.6858176087897991
COG4880	0.05868584954800904	0.941314150451991
COG4886	0.3578927632538732	0.6421072367461268
COG4887	0.36514271785178554	0.6348572821482145
COG4894	0.23043021719182333	0.7695697828081767
COG4905	0.07986095675863425	0.9201390432413658
COG4907	0.6250334372425499	0.37496656275745005
COG4909	0.28022721787657645	0.7197727821234235
COG4910	0.049968841403470354	0.9500311585965296
COG4912	0.956333477206335	0.043666522793664966
COG4913	0.7104693686836607	0.28953063131633927
COG4917	0.026912169433533695	0.9730878305664663
COG4922	0.11380443783750438	0.8861955621624956
COG4924	0.6238874016815518	0.37611259831844823
COG4926	0.5391076574992679	0.4608923425007321
COG4927	0.017781103443584412	0.9822188965564156
COG4928	0.3855670227249369	0.6144329772750631
COG4930	0.4395756456022898	0.5604243543977102
COG4932	0.5957397139547309	0.40426028604526903
COG4936	0.07971153279854248	0.9202884672014575
COG4942	0.15185534169959658	0.8481446583004034
COG4943	0.6215325398686347	0.3784674601313653
COG4947	0.10335430845854499	0.896645691541455
COG4948	0.29957451389077816	0.7004254861092218
COG4951	0.41862958110224147	0.5813704188977585
COG4953	0.44895180341046714	0.5510481965895329
COG4956	0.3834484366257006	0.6165515633742994
COG4962	0.5699080384062238	0.4300919615937762
COG4969	0.6775341522735382	0.3224658477264618
COG4972	0.22792118496571967	0.7720788150342803
COG4973	0.9342155254979658	0.06578447450203413
COG4974	0.929146203527828	0.07085379647217209
COG4975	0.4098895276997422	0.5901104723002578
COG4977	0.3369797532547888	0.6630202467452112
COG4978	0.2642281913793595	0.7357718086206405
COG4981	0.6555187504851444	0.3444812495148556
COG4982	0.5548185080065953	0.4451814919934048
COG4985	0.27930853412244994	0.7206914658775501
COG4986	0.6807891915683981	0.31921080843160193
COG4987	0.25353066854284523	0.7464693314571548
COG4988	0.09656400995249204	0.903435990047508
COG4989	0.06678610752754932	0.9332138924724507
COG4990	0.2936323525596415	0.7063676474403585
COG4992	0.7745248986993271	0.22547510130067291
COG4993	0.06276198121824261	0.9372380187817574
COG4999	0.6907506327956507	0.3092493672043492
COG5001	0.5629603148319899	0.4370396851680101
COG5002	0.7502101577957337	0.24978984220426623
COG5006	0.3087680684843681	0.6912319315156319
COG5009	0.3659200549166588	0.6340799450833412
COG5011	0.03581896957759967	0.9641810304224003
COG5012	0.27758380565647167	0.7224161943435283
COG5013	0.5833106519454325	0.41668934805456753
COG5015	0.056015016796275074	0.9439849832037249
COG5016	0.1112232044385375	0.8887767955614625
COG5263	0.039011402168125264	0.9609885978318747
COG5267	0.7658674984383584	0.2341325015616416
COG5276	0.0656187011852627	0.9343812988147373
COG5279	0.7111200901864829	0.2888799098135171
COG5280	0.5459252760447295	0.45407472395527043
COG5281	0.06762455555258973	0.9323754444474103
COG5282	0.1072079357268867	0.8927920642731133
COG5283	0.13259307165045897	0.867406928349541
COG5285	0.2312841950972191	0.7687158049027809
COG5295	0.2776085713212123	0.7223914286787877
COG5301	0.2391966242555994	0.7608033757444006
COG5324	0.8956838339774766	0.10431616602252336
COG5339	0.1312885040688313	0.8687114959311687
COG5340	0.9005927300923061	0.09940726990769384
COG5341	0.07023052121140039	0.9297694787885996
COG5373	0.9183744077580505	0.08162559224194955
COG5377	0.24389653702770786	0.7561034629722921
COG5383	0.2801930155931087	0.7198069844068913
COG5405	0.27052502411045676	0.7294749758895432
COG5412	0.36776834560903904	0.632231654390961
COG5426	0.2740253518307124	0.7259746481692876
COG5427	0.23053367614871578	0.7694663238512842
COG5430	0.3939053042629076	0.6060946957370924
COG5433	0.41347897095936703	0.586521029040633
COG5434	0.6139024619366152	0.38609753806338476
COG5438	0.08688283394197527	0.9131171660580247
COG5441	0.6537809242006336	0.34621907579936645
COG5445	0.7607665708623338	0.23923342913766624
COG5463	0.17268956267125934	0.8273104373287407
COG5464	0.5990499726213996	0.40095002737860036
COG5476	0.19786387765329871	0.8021361223467013
COG5484	0.47239780169127255	0.5276021983087275
COG5492	0.48834351088899397	0.511656489111006
COG5495	0.4157231499427	0.5842768500573
COG5496	0.8484468892480004	0.15155311075199956
COG5499	0.4821764042781288	0.5178235957218712
COG5504	0.14410734213591803	0.855892657864082
COG5505	0.4430029628420876	0.5569970371579124
COG5511	0.1236516469803719	0.8763483530196281
COG5512	0.7161274128865239	0.28387258711347607
COG5519	0.06331794858029716	0.9366820514197028
COG5520	0.8435665584729976	0.15643344152700245
COG5522	0.1861613027404675	0.8138386972595325
COG5523	0.2132341188580611	0.7867658811419389
COG5525	0.4224147323279791	0.5775852676720209
COG5527	0.7922492394297164	0.20775076057028363
COG5529	0.1947503881608943	0.8052496118391057
COG5532	0.09974890809920589	0.9002510919007941
COG5545	0.8344467576456667	0.16555324235433336
COG5553	0.3697854161275099	0.6302145838724901
COG5557	0.3132924596381065	0.6867075403618935
COG5564	0.5704624510858209	0.4295375489141791
COG5571	0.05156814023417311	0.9484318597658269
COG5577	0.5851568194883425	0.4148431805116574
COG5585	0.11387678211897823	0.8861232178810218
COG5587	0.6406513097630864	0.3593486902369137
COG5598	0.23955622250954	0.76044377749046
COG5618	0.18740075865873973	0.8125992413412603
COG5632	0.8806214824098383	0.11937851759016173
COG5645	0.724856316238833	0.27514368376116705
COG5652	0.13077921057219144	0.8692207894278086
COG5658	0.41746561646375135	0.5825343835362486
ENOG410XNME	0.3609663810843986	0.6390336189156014
ENOG410XNMH	0.7079062101240093	0.29209378987599066
ENOG410XNMK	0.7648478533013536	0.2351521466986464
ENOG410XNMP	0.47407823994690035	0.5259217600530997
ENOG410XNMQ	0.03933499491628267	0.9606650050837173
ENOG410XNN3	0.10641052483336533	0.8935894751666347
ENOG410XNNB	0.11191984555400114	0.8880801544459989
ENOG410XNNF	0.2418507200407598	0.7581492799592402
ENOG410XNNK	0.27683234591523165	0.7231676540847684
ENOG410XNNM	0.10216332119350602	0.897836678806494
ENOG410XNNT	0.5651863232094123	0.43481367679058774
ENOG410XNNV	0.9758380093152432	0.024161990684756766
ENOG410XNNX	0.9307272039634285	0.06927279603657159
ENOG410XNP4	0.48963069453329966	0.5103693054667003
ENOG410XNP9	0.7321670052426572	0.2678329947573428
ENOG410XNPF	0.06802589078414756	0.9319741092158524
ENOG410XNPK	0.13017074905576131	0.8698292509442387
ENOG410XNPQ	0.6106628146278505	0.3893371853721495
ENOG410XNPT	0.6174436533556926	0.38255634664430743
ENOG410XNPU	0.8815132981302923	0.11848670186970768
ENOG410XNPZ	0.02577506016654596	0.974224939833454
ENOG410XNQ2	0.8762243027107476	0.12377569728925243
ENOG410XNQ6	0.6233139822806295	0.37668601771937055
ENOG410XNQA	0.17682581826668065	0.8231741817333194
ENOG410XNQB	0.11914961719872452	0.8808503828012755
ENOG410XNQI	0.9636363105711953	0.03636368942880471
ENOG410XNQK	0.1286168348195199	0.8713831651804801
ENOG410XNR2	0.9259689935754802	0.07403100642451982
ENOG410XNRI	0.018900340601107457	0.9810996593988925
ENOG410XNRQ	0.35458522788449953	0.6454147721155005
ENOG410XNRW	0.2038258341872452	0.7961741658127548
ENOG410XNS5	0.8217369705247041	0.17826302947529593
ENOG410XNSI	0.9619487220282728	0.038051277971727304
ENOG410XNSZ	0.01877472912711442	0.9812252708728856
ENOG410XNTB	0.4189038145614653	0.5810961854385347
ENOG410XNTH	0.6061547797145467	0.3938452202854533
ENOG410XNTK	0.3708065327383424	0.6291934672616576
ENOG410XNUC	0.2282417134149035	0.7717582865850965
ENOG410XNUH	0.9871260053700793	0.01287399462992063
ENOG410XNUJ	0.06494224755255451	0.9350577524474455
ENOG410XNUN	0.10783239924413202	0.892167600755868
ENOG410XNVA	0.4560370396089254	0.5439629603910746
ENOG410XNVB	0.28675153982290913	0.7132484601770909
ENOG410XNVC	0.5402531184436982	0.45974688155630183
ENOG410XNVE	0.06786643570856843	0.9321335642914316
ENOG410XNVK	0.9097143456079222	0.09028565439207781
ENOG410XNVM	0.595924622943597	0.4040753770564029
ENOG410XNVN	0.40394873118174757	0.5960512688182524
ENOG410XNVP	0.997906030557203	0.0020939694427970224
ENOG410XNVW	0.05903886194858432	0.9409611380514157
ENOG410XNW1	0.6333380146474282	0.3666619853525718
ENOG410XNW5	0.8863355435218443	0.11366445647815576
ENOG410XNW6	0.5506410643283502	0.44935893567164975
ENOG410XNWE	0.7779938967269928	0.22200610327300715
ENOG410XNX2	0.9726631018677778	0.027336898132222148
ENOG410XNX3	0.014991378749997009	0.985008621250003
ENOG410XNXE	0.978681777019097	0.02131822298090305
ENOG410XNXG	0.6969839044359846	0.30301609556401543
ENOG410XNXZ	0.24755731283175808	0.7524426871682419
ENOG410XNYD	0.6466495322978615	0.3533504677021385
ENOG410XNYS	0.20043853512126097	0.799561464878739
ENOG410XNYU	0.37933594807134363	0.6206640519286564
ENOG410XNYY	0.019952605583336114	0.9800473944166639
ENOG410XNZB	0.9853629193637451	0.014637080636254948
ENOG410XNZD	0.9940883462311509	0.005911653768849073
ENOG410XNZF	0.17622368552291123	0.8237763144770888
ENOG410XNZG	0.34311743718742416	0.6568825628125758
ENOG410XNZJ	0.033019049950939516	0.9669809500490605
ENOG410XNZQ	0.31878506407216045	0.6812149359278395
ENOG410XNZR	0.7843386194557349	0.2156613805442651
ENOG410XNZT	0.2003218241478818	0.7996781758521182
ENOG410XNZW	0.42930252577966654	0.5706974742203335
ENOG410XNZX	0.9770968230995144	0.02290317690048555
ENOG410XP02	0.058008077188342	0.941991922811658
ENOG410XP1B	0.9018471294573922	0.09815287054260774
ENOG410XP1K	0.7475943163750728	0.2524056836249272
ENOG410XP27	0.7329451608558725	0.26705483914412753
ENOG410XP28	0.16831071071298154	0.8316892892870185
ENOG410XP2B	0.0728093093210862	0.9271906906789138
ENOG410XP2F	0.6918084838271961	0.308191516172804
ENOG410XP2G	0.14598465947565842	0.8540153405243416
ENOG410XP2I	0.7364994090506032	0.2635005909493969
ENOG410XP2U	0.6012664138929646	0.3987335861070354
ENOG410XP2Y	0.20324674386021135	0.7967532561397886
ENOG410XP36	0.1259660715037424	0.8740339284962576
ENOG410XP3B	0.9264593973257813	0.07354060267421872
ENOG410XP3G	0.6815338436490794	0.3184661563509205
ENOG410XP3Q	0.9329205520729743	0.0670794479270257
ENOG410XP3R	0.141724564261258	0.858275435738742
ENOG410XP3U	0.7074371372287638	0.2925628627712363
ENOG410XP44	0.07307174120723958	0.9269282587927604
ENOG410XP48	0.8524911461936764	0.14750885380632356
ENOG410XP49	0.8950516200506404	0.10494837994935957
ENOG410XP4A	0.3640974729031323	0.6359025270968677
ENOG410XP4R	0.18388725197668632	0.8161127480233137
ENOG410XP56	0.49276021976578444	0.5072397802342156
ENOG410XP57	0.7565760329351225	0.24342396706487743
ENOG410XP5M	0.485445805291816	0.514554194708184
ENOG410XP5N	0.7704088403072552	0.2295911596927448
ENOG410XP5P	0.9318763496219846	0.06812365037801543
ENOG410XP5S	0.2050637772661369	0.7949362227338631
ENOG410XP5Y	0.8738877305388046	0.1261122694611954
ENOG410XP61	0.38532039783467276	0.6146796021653272
ENOG410XP6B	0.3690184285465582	0.6309815714534418
ENOG410XP6M	0.9077140296311519	0.09228597036884806
ENOG410XP70	0.7712847595141484	0.2287152404858516
ENOG410XP7C	0.1307669824956158	0.8692330175043842
ENOG410XP7H	0.01932413392054677	0.9806758660794532
ENOG410XP7I	0.14530882872339468	0.8546911712766053
ENOG410XP7Y	0.44722362750636757	0.5527763724936324
ENOG410XP82	0.19742138787448482	0.8025786121255152
ENOG410XP86	0.2508520915482516	0.7491479084517484
ENOG410XP8J	0.015842560284110352	0.9841574397158896
ENOG410XP8N	0.8632339116472109	0.13676608835278917
ENOG410XP94	0.11649271146962903	0.883507288530371
ENOG410XP9D	0.19324826516578375	0.8067517348342162
ENOG410XPA5	0.04235104464997541	0.9576489553500246
ENOG410XPA7	0.43343746814205575	0.5665625318579443
ENOG410XPA9	0.3379015784521735	0.6620984215478265
ENOG410XPAA	0.020314906357053686	0.9796850936429463
ENOG410XPAI	0.9023461186929835	0.09765388130701642
ENOG410XPAW	0.03970642104339395	0.960293578956606
ENOG410XPB6	0.6673209600390505	0.3326790399609495
ENOG410XPB7	0.9967565818983859	0.0032434181016141386
ENOG410XPBG	0.9202421281116353	0.07975787188836474
ENOG410XPBJ	0.5566060368765564	0.44339396312344365
ENOG410XPBQ	0.4088197459500892	0.5911802540499108
ENOG410XPBR	0.49064630384799	0.50935369615201
ENOG410XPBV	0.953842352772041	0.04615764722795901
ENOG410XPC1	0.12295918471956224	0.8770408152804378
ENOG410XPC7	0.07154725290341313	0.9284527470965869
ENOG410XPCF	0.2215249913492412	0.7784750086507588
ENOG410XPCH	0.5287585340542338	0.4712414659457662
ENOG410XPCY	0.13008055860641088	0.8699194413935891
ENOG410XPD4	0.9647128909829427	0.035287109017057325
ENOG410XPD5	0.10124010101869452	0.8987598989813055
ENOG410XPD8	0.35164599286307363	0.6483540071369264
ENOG410XPDK	0.050045904129644714	0.9499540958703553
ENOG410XPDR	0.8477757337430136	0.1522242662569864
ENOG410XPDT	0.9422539443681868	0.05774605563181328
ENOG410XPE8	0.7642469041521989	0.2357530958478012
ENOG410XPE9	0.27197849659243456	0.7280215034075654
ENOG410XPEC	0.6075600735013238	0.3924399264986762
ENOG410XPF0	0.360286199752047	0.639713800247953
ENOG410XPF1	0.4914303393271733	0.5085696606728267
ENOG410XPF3	0.3848349522067669	0.6151650477932331
ENOG410XPF8	0.07604865494948665	0.9239513450505134
ENOG410XPFA	0.8794658991237847	0.12053410087621534
ENOG410XPFY	0.6402931272086536	0.35970687279134633
ENOG410XPFZ	0.9608291736961823	0.03917082630381779
ENOG410XPG7	0.06974319290008313	0.9302568070999169
ENOG410XPGK	0.6549951241809666	0.34500487581903333
ENOG410XPGN	0.10077042457134522	0.8992295754286548
ENOG410XPGQ	0.15411448299549058	0.8458855170045094
ENOG410XPGV	0.8188638857133425	0.18113611428665755
ENOG410XPGY	0.5077115146754401	0.4922884853245599
ENOG410XPHB	0.46244070061614695	0.537559299383853
ENOG410XPHE	0.37346223394811484	0.6265377660518852
ENOG410XPHF	0.3395014409495969	0.6604985590504031
ENOG410XPHQ	0.035269781330525496	0.9647302186694745
ENOG410XPHU	0.29084788483500223	0.7091521151649978
ENOG410XPIA	0.5133153556248888	0.48668464437511116
ENOG410XPIV	0.6973482685881962	0.30265173141180385
ENOG410XPIZ	0.09178709673392216	0.9082129032660778
ENOG410XPJ6	0.8555961754102552	0.1444038245897448
ENOG410XPJF	0.09814876507789105	0.901851234922109
ENOG410XPJN	0.6542099511271173	0.3457900488728827
ENOG410XPJV	0.9763629051106173	0.023637094889382693
ENOG410XPJW	0.4947191549656563	0.5052808450343437
ENOG410XPK1	0.2844005470800799	0.7155994529199201
ENOG410XPK3	0.6994920951597525	0.3005079048402474
ENOG410XPK9	0.48002206819952575	0.5199779318004742
ENOG410XPKA	0.17949866838054174	0.8205013316194583
ENOG410XPKX	0.8994471501736612	0.10055284982633879
ENOG410XPM6	0.20516615286818274	0.7948338471318173
ENOG410XPMU	0.5620916288882352	0.4379083711117649
ENOG410XPMV	0.6223621745595708	0.37763782544042923
ENOG410XPN4	0.4517010244186759	0.5482989755813241
ENOG410XPNA	0.7269457343446817	0.27305426565531826
ENOG410XPNG	0.9168734306036148	0.08312656939638524
ENOG410XPNI	0.3472209060629411	0.6527790939370589
ENOG410XPNN	0.17157318214985628	0.8284268178501437
ENOG410XPNQ	0.9417255309763211	0.058274469023678895
ENOG410XPNV	0.446223276422819	0.553776723577181
ENOG410XPP0	0.33265675832107167	0.6673432416789283
ENOG410XPPG	0.3748393031238647	0.6251606968761353
ENOG410XPPI	0.861484419356726	0.13851558064327393
ENOG410XPPT	0.99378390875832	0.006216091241680025
ENOG410XPPY	0.3934408959941077	0.6065591040058923
ENOG410XPQ5	0.6915174149029266	0.3084825850970734
ENOG410XPQW	0.04698406094223906	0.9530159390577609
ENOG410XPR5	0.31483939286090845	0.6851606071390915
ENOG410XPRM	0.41385267187921304	0.586147328120787
ENOG410XPRN	0.5786347372886662	0.4213652627113338
ENOG410XPRS	0.07951588785832553	0.9204841121416745
ENOG410XPRU	0.6866487109355175	0.31335128906448256
ENOG410XPRZ	0.056189884623505715	0.9438101153764943
ENOG410XPS1	0.2708024280710021	0.7291975719289979
ENOG410XPSF	0.3460770052179134	0.6539229947820866
ENOG410XPSN	0.9953114652651236	0.004688534734876457
ENOG410XPT3	0.5038395468496129	0.4961604531503872
ENOG410XPT6	0.7774873993175593	0.22251260068244075
ENOG410XPT9	0.9746508744198296	0.025349125580170443
ENOG410XPTB	0.15045839871221822	0.8495416012877818
ENOG410XPTE	0.16688284386433072	0.8331171561356693
ENOG410XPTK	0.14843822842775545	0.8515617715722446
ENOG410XPTV	0.5247394521812141	0.4752605478187859
ENOG410XPU0	0.5418016849656628	0.4581983150343371
ENOG410XPU6	0.9290563130823861	0.07094368691761382
ENOG410XPUA	0.7446049282513094	0.25539507174869064
ENOG410XPUE	0.5492461306171541	0.4507538693828459
ENOG410XPUG	0.3203359770445605	0.6796640229554395
ENOG410XPUH	0.3686323757962112	0.6313676242037888
ENOG410XPUJ	0.9340801634535842	0.06591983654641576
ENOG410XPUQ	0.15405274385701118	0.8459472561429888
ENOG410XPUT	0.9720107250787983	0.027989274921201696
ENOG410XPUX	0.11870695123902009	0.8812930487609799
ENOG410XPUZ	0.34462765547074103	0.655372344529259
ENOG410XPW2	0.14284398715205238	0.8571560128479476
ENOG410XPW8	0.2235296840689751	0.7764703159310249
ENOG410XPWC	0.3008971881078233	0.6991028118921767
ENOG410XPWD	0.6399392145208651	0.36006078547913495
ENOG410XPWQ	0.8993854263709992	0.1006145736290008
ENOG410XPWS	0.05096503633602878	0.9490349636639712
ENOG410XPWT	0.43505139681964433	0.5649486031803557
ENOG410XPWZ	0.35551070907162874	0.6444892909283713
ENOG410XPX2	0.48840572167009155	0.5115942783299084
ENOG410XPXA	0.3943238677757954	0.6056761322242046
ENOG410XPXC	0.4572062687821602	0.5427937312178398
ENOG410XPXG	0.681097982892569	0.31890201710743105
ENOG410XPY2	0.7907409881042449	0.2092590118957551
ENOG410XPYP	0.4924736719917471	0.5075263280082529
ENOG410XPYR	0.7441645609532485	0.25583543904675154
ENOG410XPYS	0.05820114068990778	0.9417988593100922
ENOG410XPYV	0.14037679553649896	0.859623204463501
ENOG410XPYZ	0.984436145360177	0.015563854639823044
ENOG410XPZP	0.44056352385137365	0.5594364761486263
ENOG410XPZR	0.5166430485467124	0.48335695145328755
ENOG410XPZX	0.05446190037364118	0.9455380996263588
ENOG410XQ05	0.7413146117955733	0.2586853882044266
ENOG410XQ0N	0.363287588157128	0.636712411842872
ENOG410XQ17	0.39773130731241324	0.6022686926875868
ENOG410XQ1F	0.32618476188123446	0.6738152381187655
ENOG410XQ1G	0.7335123720606199	0.2664876279393801
ENOG410XQ1X	0.736275648699615	0.26372435130038496
ENOG410XQ21	0.827106329920906	0.1728936700790939
ENOG410XQ2Q	0.7111208262772801	0.2888791737227199
ENOG410XQ2S	0.33973517358822225	0.6602648264117777
ENOG410XQ39	0.39937206856858076	0.6006279314314192
ENOG410XQ3B	0.9945161884234369	0.0054838115765631
ENOG410XQ3U	0.8252389596200035	0.17476104037999654
ENOG410XQ43	0.8505817893505673	0.14941821064943275
ENOG410XQ4C	0.2283809849690508	0.7716190150309492
ENOG410XQ4M	0.24105567882551504	0.758944321174485
ENOG410XQ4N	0.4512769627436721	0.5487230372563279
ENOG410XQ4Q	0.6599798483187951	0.3400201516812049
ENOG410XQ4S	0.545216922173018	0.454783077826982
ENOG410XQ4U	0.96303171854724	0.03696828145275994
ENOG410XQ4X	0.7105816535723521	0.2894183464276479
ENOG410XQ51	0.1769064132775393	0.8230935867224607
ENOG410XQ57	0.22017834230798083	0.7798216576920192
ENOG410XQ58	0.09537893654302909	0.9046210634569709
ENOG410XQ5H	0.9738511992613218	0.02614880073867823
ENOG410XQ5Q	0.38527840903281474	0.6147215909671853
ENOG410XQ63	0.23427731312387412	0.7657226868761259
ENOG410XQ6D	0.2582148024929243	0.7417851975070757
ENOG410XQ6F	0.46687657331616994	0.5331234266838301
ENOG410XQ6Z	0.3056104125025406	0.6943895874974594
ENOG410XQ7E	0.3376763675322446	0.6623236324677554
ENOG410XQ7F	0.4795687840594697	0.5204312159405303
ENOG410XQ7R	0.13886610222797224	0.8611338977720278
ENOG410XQ7Y	0.2628943083627924	0.7371056916372076
ENOG410XQ88	0.5888201664388156	0.41117983356118437
ENOG410XQ8A	0.9854841799905718	0.014515820009428191
ENOG410XQ8K	0.4505181274242802	0.5494818725757198
ENOG410XQ93	0.14035198918781866	0.8596480108121813
ENOG410XQ98	0.9650741210666259	0.034925878933374094
ENOG410XQ9B	0.9345622389219742	0.06543776107802576
ENOG410XQ9F	0.9727303101159804	0.02726968988401961
ENOG410XQ9I	0.34020497015091045	0.6597950298490896
ENOG410XQ9J	0.017834435264103776	0.9821655647358962
ENOG410XQ9Q	0.4612266645372374	0.5387733354627626
ENOG410XQA5	0.06836483332601406	0.9316351666739859
ENOG410XQAT	0.22564735501379596	0.774352644986204
ENOG410XQAX	0.9332008593676759	0.0667991406323241
ENOG410XQBH	0.09497997520215529	0.9050200247978447
ENOG410XQBS	0.7004938976489933	0.2995061023510067
ENOG410XQBW	0.9592707571243663	0.040729242875633745
ENOG410XQC5	0.8754267500415106	0.1245732499584894
ENOG410XQCC	0.28364646931246906	0.7163535306875309
ENOG410XQD0	0.174708901161442	0.825291098838558
ENOG410XQD1	0.2887779654464676	0.7112220345535324
ENOG410XQD7	0.5800483072404126	0.4199516927595874
ENOG410XQDJ	0.7159350326126759	0.2840649673873241
ENOG410XQDU	0.2470786129988901	0.7529213870011099
ENOG410XQE0	0.2677935541173079	0.7322064458826921
ENOG410XQE2	0.5503965140244351	0.44960348597556493
ENOG410XQE6	0.07838326603357781	0.9216167339664222
ENOG410XQE9	0.8617244810457941	0.13827551895420587
ENOG410XQEA	0.9252832294485631	0.07471677055143686
ENOG410XQEC	0.1169281564282012	0.8830718435717988
ENOG410XQEK	0.2881451884676395	0.7118548115323605
ENOG410XQEV	0.22147461465628293	0.7785253853437171
ENOG410XQF5	0.074558018300391	0.925441981699609
ENOG410XQF9	0.1751267290412759	0.8248732709587241
ENOG410XQFC	0.01908366163141162	0.9809163383685884
ENOG410XQFW	0.5861556706494048	0.41384432935059523
ENOG410XQG1	0.9636293623654635	0.03637063763453657
ENOG410XQG7	0.22850530915263945	0.7714946908473606
ENOG410XQGC	0.8097514223091306	0.19024857769086945
ENOG410XQH8	0.4589287114131353	0.5410712885868647
ENOG410XQHH	0.4220604948479121	0.5779395051520879
ENOG410XQHQ	0.9247854623938431	0.0752145376061569
ENOG410XQHT	0.03576865118778305	0.964231348812217
ENOG410XQHZ	0.7985719687733193	0.20142803122668076
ENOG410XQI4	0.7069645509885218	0.2930354490114782
ENOG410XQIJ	0.15251455118326696	0.847485448816733
ENOG410XQK3	0.8056457822639973	0.19435421773600273
ENOG410XQK7	0.23249519381098627	0.7675048061890137
ENOG410XQKC	0.1650135832763544	0.8349864167236456
ENOG410XQKS	0.1895483952373238	0.8104516047626762
ENOG410XQM3	0.08823046102234999	0.91176953897765
ENOG410XQMH	0.2774348883930873	0.7225651116069127
ENOG410XQMS	0.6947849454741988	0.30521505452580117
ENOG410XQNE	0.4323966492168907	0.5676033507831093
ENOG410XQNF	0.9526138552926271	0.04738614470737292
ENOG410XQNQ	0.4938477711941164	0.5061522288058836
ENOG410XQNY	0.36427086597140546	0.6357291340285945
ENOG410XQP2	0.9616800165385591	0.03831998346144093
ENOG410XQPN	0.5038056158522374	0.4961943841477626
ENOG410XQPP	0.3409572467064763	0.6590427532935237
ENOG410XQPQ	0.1877952464582998	0.8122047535417002
ENOG410XQPS	0.14010179475628126	0.8598982052437187
ENOG410XQPU	0.8682053831904639	0.13179461680953602
ENOG410XQPV	0.05046143596789243	0.9495385640321076
ENOG410XQQI	0.04524758711850574	0.9547524128814943
ENOG410XQQP	0.10692372383576199	0.893076276164238
ENOG410XQRC	0.604598136411324	0.39540186358867596
ENOG410XQRE	0.5404037313508092	0.45959626864919073
ENOG410XQRQ	0.54488791595366	0.45511208404633996
ENOG410XQRU	0.922596018121886	0.07740398187811405
ENOG410XQRW	0.020611947044989254	0.9793880529550107
ENOG410XQS8	0.5313108838619247	0.46868911613807523
ENOG410XQSG	0.17211469005613	0.82788530994387
ENOG410XQSJ	0.2914939960108286	0.7085060039891714
ENOG410XQSR	0.1444932427367165	0.8555067572632835
ENOG410XQST	0.9075520401068039	0.09244795989319606
ENOG410XQSV	0.8944201472654284	0.10557985273457164
ENOG410XQSZ	0.6530274641666363	0.3469725358333637
ENOG410XQT1	0.8574274275220454	0.14257257247795463
ENOG410XQTC	0.5063858405699007	0.4936141594300993
ENOG410XQTD	0.6450382987938224	0.3549617012061776
ENOG410XQTE	0.17920290735556355	0.8207970926444365
ENOG410XQTW	0.1808586628176504	0.8191413371823496
ENOG410XQUC	0.4756820347165006	0.5243179652834994
ENOG410XQUK	0.09863455275914901	0.901365447240851
ENOG410XQUR	0.7730154349864293	0.22698456501357062
ENOG410XQV2	0.2372988198706334	0.7627011801293666
ENOG410XQVA	0.8709386945955845	0.1290613054044155
ENOG410XQVC	0.7393974641330885	0.2606025358669115
ENOG410XQVK	0.4904074998189979	0.5095925001810021
ENOG410XQVS	0.11926199878942823	0.8807380012105718
ENOG410XQVW	0.06939588296404253	0.9306041170359575
ENOG410XQW5	0.003958467300672508	0.9960415326993275
ENOG410XQWF	0.11988751519832763	0.8801124848016724
ENOG410XQWR	0.19897453934753273	0.8010254606524673
ENOG410XQWW	0.21417567645838387	0.7858243235416161
ENOG410XQWY	0.5881475207022481	0.41185247929775193
ENOG410XQXV	0.4920742994589554	0.5079257005410446
ENOG410XQYG	0.26915700203428206	0.7308429979657179
ENOG410XQYI	0.9460798016104717	0.0539201983895283
ENOG410XQYT	0.10827852078459932	0.8917214792154007
ENOG410XQZA	0.968848152284573	0.03115184771542704
ENOG410XQZT	0.9195713317228895	0.08042866827711051
ENOG410XR1B	0.8248206316295881	0.17517936837041193
ENOG410XR1I	0.05245361920811342	0.9475463807918866
ENOG410XR1U	0.4993427866358575	0.5006572133641425
ENOG410XR2G	0.10594363704084608	0.8940563629591539
ENOG410XR2K	0.6081853156724286	0.39181468432757144
ENOG410XR3B	0.11844415263602404	0.881555847363976
ENOG410XR3C	0.994208667349741	0.005791332650258998
ENOG410XR3F	0.2635911339364754	0.7364088660635246
ENOG410XR4R	0.2414165721776672	0.7585834278223328
ENOG410XR51	0.05698977818547335	0.9430102218145267
ENOG410XR53	0.10192585547238797	0.898074144527612
ENOG410XR5C	0.09022800335447356	0.9097719966455264
ENOG410XR5M	0.7614738778630972	0.23852612213690277
ENOG410XR65	0.09027266299202508	0.9097273370079749
ENOG410XR6V	0.894543047544916	0.10545695245508406
ENOG410XR78	0.3226973897383444	0.6773026102616556
ENOG410XR7Q	0.9054532405222746	0.09454675947772535
ENOG410XR7W	0.45783291046793173	0.5421670895320683
ENOG410XR85	0.04773229301185078	0.9522677069881492
ENOG410XR8K	0.26690338033617544	0.7330966196638246
ENOG410XR99	0.8402766472967022	0.15972335270329788
ENOG410XR9D	0.1630617730502073	0.8369382269497927
ENOG410XR9S	0.597937934918821	0.402062065081179
ENOG410XRA0	0.18720220643689944	0.8127977935631006
ENOG410XRA8	0.2058319535958314	0.7941680464041686
ENOG410XRAD	0.038305203243776176	0.9616947967562238
ENOG410XRAH	0.7530219596460156	0.24697804035398438
ENOG410XRAN	0.4675295987313841	0.5324704012686159
ENOG410XRAY	0.33786622044358017	0.6621337795564198
ENOG410XRBE	0.20559477007876115	0.7944052299212389
ENOG410XRC7	0.9744145561018802	0.025585443898119804
ENOG410XRCM	0.06639305640706938	0.9336069435929306
ENOG410XRCP	0.7499132856090137	0.2500867143909863
ENOG410XRCT	0.39395763440140563	0.6060423655985944
ENOG410XRDA	0.9531279614160744	0.04687203858392567
ENOG410XRDB	0.14765920460693283	0.8523407953930672
ENOG410XRDH	0.7547992236321618	0.2452007763678382
ENOG410XRDJ	0.03199018974801826	0.9680098102519817
ENOG410XRDW	0.9822144542641771	0.017785545735822954
ENOG410XREF	0.3853859543526297	0.6146140456473703
ENOG410XRFF	0.9120993620474986	0.08790063795250139
ENOG410XRFP	0.1720896422820105	0.8279103577179895
ENOG410XRFS	0.2203916705263207	0.7796083294736793
ENOG410XRFX	0.4278824265721707	0.5721175734278293
ENOG410XRFZ	0.13559399723788546	0.8644060027621145
ENOG410XRGD	0.692229801255264	0.307770198744736
ENOG410XRGH	0.39330607372576254	0.6066939262742375
ENOG410XRHT	0.8795296740418284	0.12047032595817164
ENOG410XRHX	0.2223294079814323	0.7776705920185677
ENOG410XRI9	0.8123493713468153	0.18765062865318471
ENOG410XRIM	0.5305630485013153	0.4694369514986847
ENOG410XRJ1	0.145058046704172	0.854941953295828
ENOG410XRJG	0.2757065273911772	0.7242934726088228
ENOG410XRK1	0.8735050103856831	0.12649498961431696
ENOG410XRK4	0.9721927872032062	0.02780721279679373
ENOG410XRK5	0.2706855518393858	0.7293144481606142
ENOG410XRK8	0.04016515385874786	0.9598348461412521
ENOG410XRKS	0.4359276076609643	0.5640723923390357
ENOG410XRKV	0.002982994386345972	0.997017005613654
ENOG410XRM2	0.09457366242587428	0.9054263375741257
ENOG410XRMF	0.6258789345847591	0.37412106541524087
ENOG410XRMQ	0.43370559823670185	0.5662944017632981
ENOG410XRMV	0.41117075914989154	0.5888292408501085
ENOG410XRMZ	0.030400731172471662	0.9695992688275283
ENOG410XRNA	0.15053602291948776	0.8494639770805122
ENOG410XRNC	0.7001273008980947	0.2998726991019053
ENOG410XRNH	0.8934815623633742	0.1065184376366258
ENOG410XRNM	0.7603248509268852	0.23967514907311477
ENOG410XRNU	0.9919571897721666	0.00804281022783343
ENOG410XRP0	0.738173639996026	0.26182636000397397
ENOG410XRP2	0.3818141644558406	0.6181858355441594
ENOG410XRPD	0.9199281351739348	0.08007186482606525
ENOG410XRPE	0.39685242799391707	0.6031475720060829
ENOG410XRPN	0.06449236430008765	0.9355076356999124
ENOG410XRPP	0.5964503099872296	0.40354969001277036
ENOG410XRQ3	0.7096061099565862	0.29039389004341376
ENOG410XRQ4	0.021077740653488664	0.9789222593465113
ENOG410XRQC	0.009250535063351162	0.9907494649366488
ENOG410XRQD	0.24330300620729128	0.7566969937927087
ENOG410XRQU	0.9795380000015174	0.02046199999848269
ENOG410XRQY	0.4630786969330233	0.5369213030669767
ENOG410XRRH	0.9928829172289141	0.007117082771085868
ENOG410XRRP	0.5372054208485545	0.4627945791514455
ENOG410XRRR	0.10384913643096538	0.8961508635690346
ENOG410XRRU	0.5530842036558234	0.44691579634417655
ENOG410XRS1	0.5260940604305406	0.4739059395694594
ENOG410XRS4	0.80473578107867	0.19526421892132992
ENOG410XRS7	0.9761419124418932	0.023858087558106852
ENOG410XRSA	0.1748184643527807	0.8251815356472193
ENOG410XRSI	0.835823143540716	0.1641768564592841
ENOG410XRSK	0.7657907627061561	0.23420923729384394
ENOG410XRSS	0.4364031314444551	0.5635968685555449
ENOG410XRT7	0.9738476073569676	0.02615239264303238
ENOG410XRTM	0.32300318242233705	0.676996817577663
ENOG410XRTR	0.17883683943372153	0.8211631605662785
ENOG410XRU0	0.9060181436742001	0.09398185632579986
ENOG410XRUF	0.481502689131038	0.518497310868962
ENOG410XRUN	0.5071181970083136	0.49288180299168644
ENOG410XRV0	0.05729770410916479	0.9427022958908352
ENOG410XRV2	0.14464073038718106	0.8553592696128189
ENOG410XRV3	0.2393123375852162	0.7606876624147838
ENOG410XRV6	0.8171592249638049	0.18284077503619517
ENOG410XRV8	0.30647939441675087	0.6935206055832491
ENOG410XRVN	0.0786038116076887	0.9213961883923113
ENOG410XRVP	0.03420928271105039	0.9657907172889496
ENOG410XRW2	0.13826587367059184	0.8617341263294082
ENOG410XRWU	0.6383352274607543	0.3616647725392457
ENOG410XRX8	0.9736389498831067	0.026361050116893277
ENOG410XRY5	0.5712283930483939	0.4287716069516061
ENOG410XRYB	0.31816213705597685	0.6818378629440232
ENOG410XRYC	0.41408042605477857	0.5859195739452214
ENOG410XRZB	0.4778936594288111	0.5221063405711889
ENOG410XRZU	0.8942212034611023	0.1057787965388977
ENOG410XS0E	0.24865639479215373	0.7513436052078463
ENOG410XS0I	0.08979295677390187	0.9102070432260981
ENOG410XS0Q	0.11825073920182594	0.8817492607981741
ENOG410XS0Z	0.23903477958038521	0.7609652204196148
ENOG410XS1A	0.5805524385664582	0.41944756143354184
ENOG410XS1S	0.015449120886975032	0.984550879113025
ENOG410XS1T	0.2681305233811053	0.7318694766188947
ENOG410XS1X	0.06280538000695612	0.9371946199930439
ENOG410XS21	0.32540815712080084	0.6745918428791992
ENOG410XS2C	0.0772768365879658	0.9227231634120342
ENOG410XS2E	0.8443118275611532	0.15568817243884686
ENOG410XS3B	0.1192002002979814	0.8807997997020186
ENOG410XS3N	0.401704949002889	0.598295050997111
ENOG410XS3S	0.9669946881884995	0.03300531181150051
ENOG410XS3W	0.06828150047748272	0.9317184995225173
ENOG410XS4I	0.8830199697358205	0.1169800302641795
ENOG410XS4R	0.33242951071006444	0.6675704892899356
ENOG410XS53	0.2512347298904355	0.7487652701095645
ENOG410XS58	0.41521706584746654	0.5847829341525335
ENOG410XS5E	0.25033473910796167	0.7496652608920383
ENOG410XS5X	0.4479460759528532	0.5520539240471468
ENOG410XS66	0.6952085458168829	0.3047914541831172
ENOG410XS6G	0.0845037175218124	0.9154962824781876
ENOG410XS79	0.8584768906542776	0.14152310934572243
ENOG410XS7C	0.31896752661998895	0.681032473380011
ENOG410XS7M	0.09910274944649577	0.9008972505535042
ENOG410XS87	0.1214726356235526	0.8785273643764474
ENOG410XS8S	0.1655574708357107	0.8344425291642893
ENOG410XS8T	0.4322136129973193	0.5677863870026807
ENOG410XS9K	0.0774445656475965	0.9225554343524035
ENOG410XSAD	0.9883023997636051	0.01169760023639492
ENOG410XSBE	0.7664768480277413	0.23352315197225865
ENOG410XSBJ	0.026526147543919465	0.9734738524560805
ENOG410XSBZ	0.7660029395226877	0.23399706047731222
ENOG410XSC7	0.9759140841409262	0.024085915859073822
ENOG410XSCX	0.9747201447200138	0.0252798552799862
ENOG410XSCY	0.468640320835197	0.531359679164803
ENOG410XSD0	0.09605182708505644	0.9039481729149436
ENOG410XSD4	0.5910733253775875	0.40892667462241244
ENOG410XSDB	0.2607338202952355	0.7392661797047645
ENOG410XSDI	0.5714033733662548	0.4285966266337452
ENOG410XSDP	0.7744782086039166	0.22552179139608342
ENOG410XSDQ	0.06863195345787276	0.9313680465421272
ENOG410XSDW	0.09266534875667276	0.9073346512433272
ENOG410XSEI	0.8629016284582198	0.13709837154178015
ENOG410XSF7	0.3681904123501992	0.6318095876498008
ENOG410XSFI	0.1562234774383463	0.8437765225616537
ENOG410XSFU	0.9102363826394648	0.08976361736053518
ENOG410XSG5	0.057126965304888144	0.9428730346951119
ENOG410XSGP	0.6233806037342371	0.3766193962657629
ENOG410XSGY	0.08413737218528394	0.9158626278147161
ENOG410XSHB	0.4631234829066464	0.5368765170933536
ENOG410XSHT	0.40931442224931947	0.5906855777506805
ENOG410XSHU	0.5947446645382678	0.4052553354617322
ENOG410XSHZ	0.7828477787137742	0.2171522212862258
ENOG410XSID	0.14699153709699775	0.8530084629030023
ENOG410XSIM	0.16256860836916143	0.8374313916308386
ENOG410XSIT	0.6375901040120397	0.3624098959879603
ENOG410XSJ8	0.9554659514931195	0.044534048506880426
ENOG410XSJU	0.30387429104360564	0.6961257089563944
ENOG410XSK2	0.18178321002798847	0.8182167899720115
ENOG410XSK3	0.6562370510675196	0.3437629489324804
ENOG410XSK4	0.26249421704351605	0.737505782956484
ENOG410XSKU	0.5209926338253323	0.4790073661746677
ENOG410XSKX	0.28872378941455723	0.7112762105854428
ENOG410XSMF	0.39980272653499094	0.6001972734650091
ENOG410XSMW	0.969175693272941	0.030824306727059093
ENOG410XSN7	0.7440180690381198	0.25598193096188016
ENOG410XSND	0.6780372505279593	0.3219627494720408
ENOG410XSNI	0.3545255821286183	0.6454744178713817
ENOG410XSNN	0.9789410927133448	0.021058907286655104
ENOG410XSNZ	0.44153026123388905	0.558469738766111
ENOG410XSP9	0.8149979659966119	0.1850020340033881
ENOG410XSPG	0.03541939364360369	0.9645806063563963
ENOG410XSQB	0.09143341051710119	0.9085665894828988
ENOG410XSQH	0.06480932931459393	0.9351906706854061
ENOG410XSQM	0.3910780001273174	0.6089219998726826
ENOG410XSQN	0.850772593787926	0.149227406212074
ENOG410XSRM	0.11020626825256696	0.889793731747433
ENOG410XSSD	0.03202619380779004	0.96797380619221
ENOG410XSSF	0.6749149214565948	0.3250850785434051
ENOG410XST3	0.9162474005855026	0.08375259941449745
ENOG410XSTJ	0.8283507011893321	0.17164929881066787
ENOG410XSTW	0.9095715668128126	0.09042843318718737
ENOG410XSU0	0.3503995163033604	0.6496004836966396
ENOG410XSU2	0.9904773621145395	0.009522637885460539
ENOG410XSUA	0.6955430475999437	0.3044569524000563
ENOG410XSUS	0.15152377006783224	0.8484762299321678
ENOG410XSV4	0.7222563187140275	0.2777436812859725
ENOG410XSVA	0.28257017693639896	0.717429823063601
ENOG410XSVF	0.06335680385320308	0.9366431961467969
ENOG410XSWR	0.42660533619332586	0.5733946638066741
ENOG410XSX2	0.05987373858146339	0.9401262614185366
ENOG410XSXG	0.8124620340412315	0.18753796595876845
ENOG410XSXN	0.6077186389155582	0.3922813610844418
ENOG410XSYT	0.9964256516667732	0.0035743483332267584
ENOG410XSZ9	0.38362635924925714	0.6163736407507429
ENOG410XSZJ	0.0968208783337231	0.9031791216662769
ENOG410XSZM	0.2227528565742739	0.7772471434257261
ENOG410XT00	0.7183851002313648	0.28161489976863524
ENOG410XT0B	0.05108217225072231	0.9489178277492777
ENOG410XT0J	0.4734512465795325	0.5265487534204675
ENOG410XT14	0.30784707836512837	0.6921529216348716
ENOG410XT1M	0.3564408036600114	0.6435591963399886
ENOG410XT21	0.9722734282395771	0.02772657176042288
ENOG410XT26	0.04921107072815534	0.9507889292718447
ENOG410XT2P	0.6250427616051761	0.3749572383948238
ENOG410XT3D	0.4785941265514251	0.5214058734485749
ENOG410XT3G	0.3775748372452915	0.6224251627547085
ENOG410XT3I	0.5161261365219859	0.4838738634780141
ENOG410XT3J	0.9821124920845952	0.017887507915404787
ENOG410XT3Q	0.21618202163849076	0.7838179783615092
ENOG410XT3T	0.3516893951152328	0.6483106048847672
ENOG410XT3V	0.18905138852283487	0.8109486114771651
ENOG410XT3W	0.8357791671069876	0.16422083289301243
ENOG410XT46	0.6702733911290399	0.32972660887096
ENOG410XT4D	0.975666656403856	0.024333343596143982
ENOG410XT4G	0.8084842617108933	0.19151573828910676
ENOG410XT5H	0.25175753893851105	0.748242461061489
ENOG410XT5W	0.27197964644771	0.72802035355229
ENOG410XT63	0.9435331566973274	0.05646684330267262
ENOG410XT66	0.0865124298305382	0.9134875701694618
ENOG410XT7Q	0.3941259147737096	0.6058740852262904
ENOG410XT7T	0.1328321215010979	0.8671678784989021
ENOG410XT7W	0.6391428481557335	0.36085715184426653
ENOG410XT83	0.08711231484237825	0.9128876851576218
ENOG410XT8A	0.26328193428001034	0.7367180657199897
ENOG410XT8Q	0.9704794396514601	0.02952056034853988
ENOG410XT8S	0.4527157617877259	0.5472842382122741
ENOG410XT98	0.23883536204555122	0.7611646379544488
ENOG410XT9F	0.8236833172706493	0.1763166827293508
ENOG410XT9M	0.7594508328357746	0.2405491671642254
ENOG410XT9P	0.16003022505591902	0.839969774944081
ENOG410XT9Q	0.8494646088372217	0.15053539116277828
ENOG410XTAD	0.3445419788666205	0.6554580211333795
ENOG410XTAF	0.06420285445656781	0.9357971455434322
ENOG410XTAM	0.26267321944337296	0.737326780556627
ENOG410XTCH	0.5390191264888888	0.4609808735111112
ENOG410XTD7	0.37458492118029174	0.6254150788197083
ENOG410XTD8	0.5981350715208633	0.4018649284791367
ENOG410XTDI	0.1670900584448458	0.8329099415551542
ENOG410XTE1	0.8432007138977403	0.1567992861022597
ENOG410XTE8	0.24022348180672215	0.7597765181932778
ENOG410XTE9	0.06007251293260507	0.9399274870673949
ENOG410XTFC	0.5108516718392091	0.48914832816079085
ENOG410XTGU	0.9819291869526752	0.01807081304732485
ENOG410XTH0	0.0038695311565926094	0.9961304688434074
ENOG410XTHE	0.5990632810336044	0.4009367189663956
ENOG410XTHF	0.4585848913306432	0.5414151086693568
ENOG410XTIR	0.5865986275898032	0.41340137241019687
ENOG410XTJ6	0.9634772597854732	0.03652274021452683
ENOG410XTMC	0.4752379174315542	0.5247620825684458
ENOG410XTMS	0.24359085576585549	0.7564091442341445
ENOG410XTVV	0.415926898913356	0.584073101086644
ENOG410XTWD	0.39538826018993045	0.6046117398100695
ENOG410XU8G	0.27838477528361394	0.7216152247163861
ENOG410XUAX	0.24669581639920568	0.7533041836007943
ENOG410XUAZ	0.0583229643513834	0.9416770356486166
ENOG410XUB6	0.8111404109610953	0.1888595890389047
ENOG410XUBN	0.1767161765310059	0.8232838234689941
ENOG410XUC3	0.19682226718074736	0.8031777328192526
ENOG410XUCI	0.07001787328998155	0.9299821267100185
ENOG410XUCQ	0.15213410106799885	0.8478658989320011
ENOG410XUCS	0.0962093986622059	0.9037906013377941
ENOG410XUCW	0.14252332445929483	0.8574766755407052
ENOG410XUD3	0.891039764032401	0.10896023596759892
ENOG410XUDT	0.4161766905880149	0.5838233094119851
ENOG410XUEN	0.8185507923657444	0.18144920763425565
ENOG410XUEY	0.16117988375989722	0.8388201162401028
ENOG410XUF9	0.1906109816206656	0.8093890183793344
ENOG410XUFZ	0.08199882704225991	0.9180011729577401
ENOG410XUGJ	0.1576819845677312	0.8423180154322688
ENOG410XUJM	0.1856965741624812	0.8143034258375188
ENOG410XUMV	0.7878342572156543	0.2121657427843458
ENOG410XUMX	0.7390250618705374	0.2609749381294626
ENOG410XUN7	0.19453064226666295	0.805469357733337
ENOG410XUN9	0.3078569471894026	0.6921430528105974
ENOG410XUQ1	0.5696552358146119	0.4303447641853881
ENOG410XUQG	0.04715215032457998	0.95284784967542
ENOG410XUSB	0.845057182152637	0.154942817847363
ENOG410XUST	0.6544960918278468	0.3455039081721531
ENOG410XUSY	0.36311511379432715	0.6368848862056729
ENOG410XUTM	0.862593642998156	0.13740635700184395
ENOG410XUTQ	0.10933791053019193	0.8906620894698081
ENOG410XUTY	0.39870251610137075	0.6012974838986292
ENOG410XUTZ	0.04690482801027562	0.9530951719897244
ENOG410XUV1	0.8060530950313873	0.1939469049686126
ENOG410XUV4	0.3352141837906514	0.6647858162093486
ENOG410XUVJ	0.01977189735883622	0.9802281026411638
ENOG410XUVW	0.22643622865402235	0.7735637713459776
ENOG410XUWD	0.27914102918700445	0.7208589708129955
ENOG410XUWV	0.3205194755652907	0.6794805244347093
ENOG410XUX9	0.5716056366731881	0.42839436332681197
ENOG410XUXE	0.1667582572398748	0.8332417427601252
ENOG410XUXP	0.1400446366893382	0.8599553633106618
ENOG410XUY1	0.7439768169028973	0.25602318309710276
ENOG410XUYN	0.5809958672101982	0.41900413278980175
ENOG410XUYW	0.4469188159458589	0.5530811840541411
ENOG410XUYX	0.9677596705590484	0.0322403294409516
ENOG410XUZ1	0.16844441368985086	0.8315555863101491
ENOG410XV13	0.11567125131063682	0.8843287486893632
ENOG410XV1P	0.3817389983194831	0.6182610016805169
ENOG410XV1U	0.8244833873489861	0.17551661265101398
ENOG410XV1V	0.8705764763072101	0.1294235236927899
ENOG410XV35	0.10624328562795116	0.8937567143720488
ENOG410XV3S	0.8170713276878491	0.18292867231215096
ENOG410XV4V	0.7482495409385959	0.2517504590614041
ENOG410XV5S	0.7303631461453539	0.26963685385464614
ENOG410XV6C	0.18150753057636682	0.8184924694236332
ENOG410XV6Q	0.3549839350411703	0.6450160649588297
ENOG410XV6R	0.24158794508139647	0.7584120549186035
ENOG410XV6S	0.4411120302560575	0.5588879697439425
ENOG410XV7P	0.20162223662731438	0.7983777633726856
ENOG410XV97	0.7096745500227147	0.29032544997728527
ENOG410XV98	0.09334388383433168	0.9066561161656683
ENOG410XV9Q	0.5982182244943012	0.4017817755056988
ENOG410XVAX	0.364213011351742	0.635786988648258
ENOG410XVBT	0.2524508727950764	0.7475491272049236
ENOG410XVCE	0.4335120586292869	0.5664879413707131
ENOG410XVCG	0.3689933864559938	0.6310066135440062
ENOG410XVE6	0.6603086001411157	0.3396913998588843
ENOG410XVET	0.041807376776884286	0.9581926232231157
ENOG410XVEX	0.8927260454361284	0.10727395456387157
ENOG410XVG9	0.4783757118880655	0.5216242881119345
ENOG410XVGY	0.12652024314554433	0.8734797568544557
ENOG410XVH9	0.45197969289573137	0.5480203071042686
ENOG410XVMR	0.6699604714190202	0.3300395285809799
ENOG410XVQR	0.9388383069710649	0.06116169302893515
ENOG410XVSQ	0.21750495702293648	0.7824950429770635
ENOG410XVU3	0.4918561673695643	0.5081438326304357
ENOG410XVYH	0.5682706642025586	0.43172933579744144
ENOG410XVYV	0.19386596083059204	0.806134039169408
ENOG410XVZ9	0.383888642910969	0.616111357089031
ENOG410XVZB	0.19258411969331335	0.8074158803066867
ENOG410XW00	0.9187986384027167	0.0812013615972833
ENOG410XW1D	0.47304326210818903	0.526956737891811
ENOG410XW1S	0.2565720358442045	0.7434279641557955
ENOG410XW3I	0.40167644362370836	0.5983235563762916
ENOG410XW3J	0.06101902236533918	0.9389809776346608
ENOG410XW5Q	0.4616718866351791	0.5383281133648209
ENOG410XW5U	0.7806297209583755	0.2193702790416245
ENOG410XW8N	0.033996505812444844	0.9660034941875552
ENOG410XWA5	0.15714766572523842	0.8428523342747616
ENOG410XWCG	0.32722559402079154	0.6727744059792085
ENOG410XWEM	0.43189628604591146	0.5681037139540885
ENOG410XWEP	0.49253586952042916	0.5074641304795708
ENOG410XWG4	0.9569835012609831	0.04301649873901688
ENOG410XWHE	0.2600234609036123	0.7399765390963877
ENOG410XWI1	0.8501606101606748	0.14983938983932524
ENOG410XWID	0.16319715073207675	0.8368028492679233
ENOG410XWJU	0.09092616544417309	0.9090738345558269
ENOG410XWKU	0.029730052659356243	0.9702699473406438
ENOG410XWQG	0.48448592475565355	0.5155140752443464
ENOG410XWRS	0.8519902586628485	0.14800974133715145
ENOG410XWRZ	0.38025061405973026	0.6197493859402697
ENOG410XWSH	0.31429622233973065	0.6857037776602694
ENOG410XWU8	0.11944148401261112	0.8805585159873889
ENOG410XWVU	0.4612340595758325	0.5387659404241675
ENOG410XWX0	0.4339513103865369	0.5660486896134631
ENOG410XWX7	0.6560441516782985	0.34395584832170145
ENOG410XWYF	0.2638173317559239	0.7361826682440761
ENOG410XWZA	0.3093854548010153	0.6906145451989847
ENOG410XX01	0.6771574553088353	0.32284254469116463
ENOG410XX45	0.48139109197277963	0.5186089080272204
ENOG410XX68	0.4153427492088998	0.5846572507911002
ENOG410XX6B	0.1545463128568736	0.8454536871431264
ENOG410XX6K	0.4760077846332815	0.5239922153667185
ENOG410XX6Q	0.603973078596789	0.3960269214032111
ENOG410XXGI	0.32364205013287695	0.676357949867123
ENOG410XXHT	0.08796575253225358	0.9120342474677464
ENOG410XXIU	0.45550922901971325	0.5444907709802868
ENOG410XXJV	0.20686518621330208	0.7931348137866979
ENOG410XXK0	0.04440423431956009	0.9555957656804399
ENOG410XXK3	0.22101421251537767	0.7789857874846223
ENOG410XXK5	0.5647445270877491	0.4352554729122508
ENOG410XXKJ	0.09027902599513526	0.9097209740048647
ENOG410XXMB	0.08945690303086185	0.9105430969691382
ENOG410XXQW	0.6417355590906335	0.35826444090936643
ENOG410XXTQ	0.4325649606295573	0.5674350393704427
ENOG410XXTX	0.569090107128218	0.430909892871782
ENOG410XXVB	0.5848841269468915	0.4151158730531085
ENOG410XXX8	0.060363615473230436	0.9396363845267696
ENOG410XXXP	0.253000825188209	0.746999174811791
ENOG410XXY3	0.09669122761016546	0.9033087723898345
ENOG410XXYA	0.1914263595694422	0.8085736404305578
ENOG410XY19	0.5137383691610637	0.4862616308389362
ENOG410XY1F	0.8845838184491615	0.11541618155083853
ENOG410XY1R	0.2791835264940984	0.7208164735059016
ENOG410XY2D	0.08615734211394943	0.9138426578860506
ENOG410XY33	0.799882251775343	0.200117748224657
ENOG410XY7J	0.9641265720988479	0.035873427901152055
ENOG410XY7V	0.8915721426852773	0.10842785731472272
ENOG410XY8U	0.6619756925613147	0.3380243074386852
ENOG410XYD5	0.4027571725335902	0.5972428274664098
ENOG410XYEZ	0.6313034518823378	0.36869654811766217
ENOG410XYH3	0.14761479451941828	0.8523852054805817
ENOG410XYNV	0.31090383201820604	0.689096167981794
ENOG410XYP6	0.11804276966736815	0.8819572303326318
ENOG410XYPB	0.15281954687895172	0.8471804531210483
ENOG410XYX0	0.18996849557587903	0.810031504424121
ENOG410XYZ9	0.2432542302378523	0.7567457697621477
ENOG410XYZS	0.6392657777810735	0.3607342222189265
ENOG410XZ1C	0.21460495417424152	0.7853950458257585
ENOG410XZ29	0.4680946306881637	0.5319053693118363
ENOG410XZ3T	0.2781028713378094	0.7218971286621906
ENOG410XZ4Z	0.09676391867651424	0.9032360813234858
ENOG410XZ8R	0.6181858247114256	0.3818141752885744
ENOG410XZ98	0.08227518452215332	0.9177248154778467
ENOG410XZ9N	0.3454056678434644	0.6545943321565356
ENOG410XZBD	0.6271375709356548	0.3728624290643452
ENOG410XZC6	0.8824001747630376	0.11759982523696244
ENOG410XZM9	0.053875061786893164	0.9461249382131068
ENOG410XZR5	0.506818595452956	0.493181404547044
ENOG410XZT0	0.5249274098692758	0.4750725901307242
ENOG410XZTD	0.3531765810379277	0.6468234189620723
ENOG410XZXD	0.9058352942841361	0.09416470571586391
ENOG410Y01S	0.17338521049809463	0.8266147895019054
ENOG410Y077	0.6241319402346612	0.3758680597653387
ENOG410Y07X	0.3495248194277544	0.6504751805722456
ENOG410Y080	0.3563411464668762	0.6436588535331238
ENOG410Y085	0.31406201175146276	0.6859379882485372
ENOG410Y09H	0.6154377978593297	0.3845622021406703
ENOG410Y09Q	0.11989511224678506	0.8801048877532149
ENOG410Y0B5	0.27827463032844346	0.7217253696715565
ENOG410Y0F8	0.9119122810158431	0.08808771898415685
ENOG410Y0FB	0.09414596416595089	0.9058540358340491
ENOG410Y0GE	0.48477199009957517	0.5152280099004248
ENOG410Y0I2	0.10392782347922036	0.8960721765207796
ENOG410Y0IZ	0.39359446755032623	0.6064055324496738
ENOG410Y0KE	0.7619937353396026	0.23800626466039743
ENOG410Y0M7	0.2936038145685943	0.7063961854314057
ENOG410Y0QZ	0.03407424384332891	0.9659257561566711
ENOG410Y0U6	0.23395055471871873	0.7660494452812813
ENOG410Y0UR	0.7355046951164192	0.2644953048835807
ENOG410Y0VY	0.7005106916218014	0.2994893083781987
ENOG410Y0YW	0.38794213420211576	0.6120578657978842
ENOG410Y12I	0.5238302477753909	0.4761697522246091
ENOG410Y14K	0.21485985861538737	0.7851401413846126
ENOG410Y18H	0.980193071525342	0.01980692847465809
ENOG410Y1BX	0.7561257943620837	0.24387420563791626
ENOG410Y1E4	0.02812596951336377	0.9718740304866362
ENOG410Y1GY	0.4217794790128985	0.5782205209871015
ENOG410Y1H4	0.9220936406852323	0.07790635931476778
ENOG410Y1HH	0.2510369728278079	0.7489630271721921
ENOG410Y1MA	0.10302425295505879	0.8969757470449412
ENOG410Y1NG	0.8627418787044501	0.13725812129554996
ENOG410Y1UE	0.9027360129234906	0.09726398707650945
ENOG410Y1VW	0.932735774621601	0.06726422537839906
ENOG410Y1XP	0.988547903441809	0.01145209655819098
ENOG410Y1YY	0.4177466901359461	0.5822533098640539
ENOG410Y20W	0.07819086659126206	0.9218091334087379
ENOG410Y2DY	0.24872999145929842	0.7512700085407016
ENOG410Y2EA	0.08780671381182736	0.9121932861881726
ENOG410Y2ID	0.4712779192167994	0.5287220807832006
ENOG410Y2JJ	0.21204993721028265	0.7879500627897174
ENOG410Y2SR	0.3227086071060934	0.6772913928939066
ENOG410Y2VY	0.8848235003045037	0.11517649969549627
ENOG410Y2XH	0.4951944454261714	0.5048055545738286
ENOG410Y2XW	0.8527458972976686	0.14725410270233139
ENOG410Y2YQ	0.13763096984153533	0.8623690301584647
ENOG410Y311	0.5105997042701628	0.48940029572983723
ENOG410Y34J	0.09382263178814831	0.9061773682118517
ENOG410Y37D	0.18195357633167153	0.8180464236683285
ENOG410Y3C5	0.910878777395944	0.08912122260405599
ENOG410Y3CA	0.8861232595975661	0.11387674040243392
ENOG410Y3E1	0.21692230217594455	0.7830776978240555
ENOG410Y3IT	0.6031290905676481	0.39687090943235187
ENOG410Y3J8	0.9439085865441449	0.05609141345585513
ENOG410Y3JR	0.30926824321584423	0.6907317567841558
ENOG410Y3KM	0.7907405350282577	0.20925946497174225
ENOG410Y3MC	0.6542683447229481	0.34573165527705185
ENOG410Y3RG	0.1933030258053805	0.8066969741946195
ENOG410Y3SX	0.41710126339684106	0.5828987366031589
ENOG410Y3V4	0.4830762592830574	0.5169237407169426
ENOG410Y41G	0.7377274883447495	0.26227251165525045
ENOG410Y422	0.25083164575696193	0.7491683542430381
ENOG410Y441	0.980966614583533	0.019033385416467024
ENOG410Y44Z	0.3867238009551518	0.6132761990448482
ENOG410Y46N	0.7784309307233591	0.22156906927664086
ENOG410Y48Z	0.6583704946902074	0.3416295053097927
ENOG410Y4AA	0.3975504234388888	0.6024495765611112
ENOG410Y4CW	0.2270959875563726	0.7729040124436274
ENOG410Y4D6	0.9107825502223491	0.08921744977765085
ENOG410Y4FC	0.2740676054475246	0.7259323945524754
ENOG410Y4GZ	0.23074481955228454	0.7692551804477155
ENOG410Y4H9	0.5301466487583733	0.4698533512416267
ENOG410Y4ID	0.08541314115294574	0.9145868588470543
ENOG410Y4JT	0.07131577837260406	0.928684221627396
ENOG410Y4M2	0.7288807830053563	0.27111921699464375
ENOG410Y4RG	0.5225955415881833	0.47740445841181667
ENOG410Y4S2	0.9975965012696941	0.0024034987303058904
ENOG410Y4SM	0.7120170342239749	0.28798296577602506
ENOG410Y4SU	0.887812164006335	0.11218783599366505
ENOG410Y4TW	0.9413887278942179	0.05861127210578209
ENOG410Y4V2	0.9320225732814742	0.06797742671852575
ENOG410Y4VX	0.42769836717550314	0.5723016328244969
ENOG410Y4VZ	0.9653686002620875	0.03463139973791256
ENOG410Y4W7	0.8984437241322489	0.10155627586775112
ENOG410Y4XD	0.8152546014738031	0.18474539852619692
ENOG410Y4YN	0.86468714939074	0.13531285060926
ENOG410Y57B	0.16810165296195467	0.8318983470380453
ENOG410Y57R	0.8686988077991649	0.13130119220083514
ENOG410Y58E	0.6566106779380314	0.34338932206196854
ENOG410Y59Y	0.2965206743981046	0.7034793256018954
ENOG410Y5GI	0.7210068949849207	0.2789931050150793
ENOG410Y5Q5	0.7241000525897159	0.2758999474102842
ENOG410Y5V7	0.1515263418514846	0.8484736581485154
ENOG410Y5WY	0.2074859112224834	0.7925140887775166
ENOG410Y5Y8	0.315200397253505	0.684799602746495
ENOG410Y63T	0.9091098825689533	0.09089011743104673
ENOG410Y6DZ	0.9830641121553497	0.016935887844650284
ENOG410Y6G5	0.7948818406530431	0.20511815934695685
ENOG410Y6HR	0.3993726499084499	0.6006273500915501
ENOG410Y6KY	0.6956130627466559	0.30438693725334404
ENOG410Y6RZ	0.8071088733287652	0.19289112667123473
ENOG410Y6VM	0.4331805607659356	0.5668194392340644
ENOG410Y6X8	0.36702537899611354	0.6329746210038865
ENOG410Y70M	0.13010166725338157	0.8698983327466184
ENOG410Y71B	0.44858145085531087	0.5514185491446891
ENOG410Y722	0.6169864331595587	0.38301356684044124
ENOG410Y73Q	0.4958749091200656	0.5041250908799344
ENOG410Y775	0.9106497310354261	0.08935026896457389
ENOG410Y77C	0.12285671788832431	0.8771432821116757
ENOG410Y7CB	0.8142363191659345	0.18576368083406544
ENOG410Y7H9	0.8122783509082626	0.1877216490917374
ENOG410Y7HB	0.8817094316826448	0.11829056831735518
ENOG410Y7PK	0.7252766146339182	0.27472338536608176
ENOG410Y7U8	0.6986206949923179	0.3013793050076821
ENOG410Y7W1	0.4183203437835634	0.5816796562164366
ENOG410Y81N	0.3126422481528961	0.6873577518471039
ENOG410Y83C	0.4061682923783	0.5938317076217
ENOG410Y87T	0.2140769848983406	0.7859230151016594
ENOG410Y8BB	0.6018988659935152	0.3981011340064849
ENOG410Y8E8	0.1158748303795667	0.8841251696204333
ENOG410Y8FG	0.9465524822380755	0.05344751776192447
ENOG410Y8GF	0.37520122008183765	0.6247987799181624
ENOG410Y8IR	0.22015475470942347	0.7798452452905765
ENOG410Y8XY	0.7992385921435021	0.20076140785649782
ENOG410Y91S	0.10377870255408361	0.8962212974459164
ENOG410Y921	0.39903816057136177	0.6009618394286382
ENOG410Y96N	0.9799262347659212	0.020073765234078753
ENOG410Y96Y	0.9368032586977124	0.06319674130228753
ENOG410Y97H	0.17446519660053494	0.8255348033994651
ENOG410Y99P	0.27165157021470043	0.7283484297852996
ENOG410Y9B6	0.1506737381103811	0.8493262618896189
ENOG410Y9CE	0.9820273216422214	0.017972678357778583
ENOG410Y9EQ	0.6697603413198641	0.330239658680136
ENOG410Y9EZ	0.07123720931203315	0.9287627906879669
ENOG410Y9GF	0.1928867753982595	0.8071132246017405
ENOG410Y9GZ	0.6517153239677003	0.34828467603229973
ENOG410Y9I9	0.9346138605491695	0.0653861394508305
ENOG410Y9IM	0.06249350311241231	0.9375064968875877
ENOG410Y9JJ	0.2657779943177402	0.7342220056822598
ENOG410Y9KI	0.7720181644816708	0.22798183551832912
ENOG410Y9KP	0.15256685800989633	0.8474331419901037
ENOG410Y9P0	0.49439999808166923	0.5056000019183308
ENOG410Y9PG	0.9742293906662028	0.025770609333797184
ENOG410Y9RX	0.24370871545284178	0.7562912845471582
ENOG410Y9SW	0.6024101112101066	0.3975898887898934
ENOG410Y9TS	0.431585963037481	0.568414036962519
ENOG410Y9VJ	0.4364554647391895	0.5635445352608105
ENOG410Y9ZI	0.06967921247187592	0.9303207875281241
ENOG410YA1K	0.19495650372825657	0.8050434962717434
ENOG410YA44	0.017617659666256835	0.9823823403337432
ENOG410YA4G	0.8693493067653713	0.1306506932346288
ENOG410YA5P	0.8594034311636898	0.14059656883631025
ENOG410YA70	0.56692314902138	0.4330768509786201
ENOG410YA87	0.9712148449584536	0.028785155041546412
ENOG410YA9M	0.43960007440227944	0.5603999255977206
ENOG410YABJ	0.7038775430772471	0.29612245692275285
ENOG410YAD8	0.01736202530834252	0.9826379746916575
ENOG410YAEF	0.916457437695856	0.08354256230414402
ENOG410YAF1	0.5335117061779517	0.46648829382204826
ENOG410YAFU	0.7214941055767647	0.2785058944232353
ENOG410YAGR	0.6956974521288468	0.30430254787115324
ENOG410YAIS	0.10233528751322496	0.897664712486775
ENOG410YAJ1	0.5448857337053138	0.4551142662946862
ENOG410YAJ5	0.9814511721866073	0.018548827813392704
ENOG410YAN2	0.8867816128338049	0.11321838716619513
ENOG410YANC	0.1355784194626376	0.8644215805373624
ENOG410YARX	0.059764186518558415	0.9402358134814416
ENOG410YASD	0.4718236276869129	0.5281763723130871
ENOG410YATZ	0.8469150331782406	0.1530849668217594
ENOG410YAYK	0.6892813139815914	0.3107186860184085
ENOG410YB0Q	0.8362199842556427	0.16378001574435733
ENOG410YB1Q	0.07376132929660695	0.926238670703393
ENOG410YB49	0.9803361172151374	0.019663882784862693
ENOG410YB68	0.6378131094511617	0.3621868905488383
ENOG410YB8E	0.9648546199626168	0.03514538003738324
ENOG410YB8J	0.5980575362023992	0.40194246379760085
ENOG410YBE7	0.41675806190310705	0.583241938096893
ENOG410YBF1	0.12808858535607015	0.8719114146439298
ENOG410YBF7	0.22487330548904216	0.7751266945109578
ENOG410YBJ6	0.9412348105077062	0.058765189492293785
ENOG410YBKA	0.9072241517630738	0.09277584823692617
ENOG410YBKS	0.17022109942208108	0.8297789005779189
ENOG410YBQA	0.48431651707430945	0.5156834829256906
ENOG410YBQR	0.2188850645232031	0.7811149354767969
ENOG410YBQW	0.316717807905307	0.683282192094693
ENOG410YBRR	0.9799693981351966	0.020030601864803408
ENOG410YBU9	0.8943938838687187	0.10560611613128132
ENOG410YBY3	0.585298728189403	0.414701271810597
ENOG410YBYI	0.06600638170831485	0.9339936182916851
ENOG410YC3V	0.969692452463682	0.03030754753631802
ENOG410YC5X	0.5968456991289502	0.40315430087104975
ENOG410YC6B	0.6910404670208088	0.30895953297919115
ENOG410YC7V	0.6744835827850617	0.32551641721493835
ENOG410YC8I	0.9143372744929357	0.08566272550706427
ENOG410YCB3	0.7087993104580697	0.29120068954193035
ENOG410YCB7	0.018574380048981376	0.9814256199510186
ENOG410YCB9	0.5937337700318113	0.4062662299681888
ENOG410YCBF	0.9396194374734801	0.060380562526519965
ENOG410YCCC	0.1575419842300808	0.8424580157699192
ENOG410YCCZ	0.9659365796783512	0.03406342032164876
ENOG410YCJF	0.9379428453941975	0.06205715460580254
ENOG410YCNS	0.9381927281888421	0.06180727181115788
ENOG410YCQ8	0.13274021179069595	0.867259788209304
ENOG410YCRD	0.1737436623655353	0.8262563376344647
ENOG410YCUM	0.2460600682795948	0.7539399317204052
ENOG410YCVN	0.7991480495998793	0.2008519504001207
ENOG410YCXJ	0.8099652783605302	0.19003472163946977
ENOG410YD01	0.9121634659414155	0.08783653405858452
ENOG410YD0D	0.6603514358960421	0.339648564103958
ENOG410YD0X	0.24687379410642607	0.7531262058935739
ENOG410YD37	0.9480841429152375	0.05191585708476254
ENOG410YD3Z	0.8892025074937114	0.1107974925062886
ENOG410YD4V	0.8790816877417426	0.12091831225825747
ENOG410YD62	0.10921242801438069	0.8907875719856193
ENOG410YD7D	0.9349768459571619	0.0650231540428381
ENOG410YDBB	0.30546153834776124	0.6945384616522388
ENOG410YDCP	0.015391088282520893	0.9846089117174791
ENOG410YDF2	0.24722845337779176	0.7527715466222082
ENOG410YDFB	0.833392622228004	0.16660737777199597
ENOG410YDIQ	0.4192744653401166	0.5807255346598834
ENOG410YDKG	0.27305237862181975	0.7269476213781803
ENOG410YDPZ	0.9603567120553709	0.03964328794462915
ENOG410YDSF	0.8933901009488994	0.10660989905110058
ENOG410YDWC	0.7348529055955704	0.2651470944044296
ENOG410YDXY	0.3778531115532111	0.6221468884467889
ENOG410YE3A	0.8844682425557819	0.11553175744421812
ENOG410YE3I	0.36381519365344817	0.6361848063465518
ENOG410YE6B	0.15165031751579128	0.8483496824842087
ENOG410YEAQ	0.7939243780289191	0.20607562197108087
ENOG410YECS	0.9678436779901335	0.032156322009866505
ENOG410YECY	0.027091012080183163	0.9729089879198168
ENOG410YEET	0.7561628582293135	0.2438371417706865
ENOG410YEF4	0.12441308644604987	0.8755869135539501
ENOG410YEGC	0.857070070169417	0.14292992983058297
ENOG410YEGH	0.44437964604432845	0.5556203539556716
ENOG410YEI3	0.938958682195049	0.06104131780495108
ENOG410YEJ0	0.7098929268373608	0.2901070731626391
ENOG410YEK0	0.084866963424721	0.915133036575279
ENOG410YEKU	0.8771050309493093	0.12289496905069072
ENOG410YEPB	0.39055487142959	0.60944512857041
ENOG410YESU	0.1933395326311561	0.8066604673688439
ENOG410YEXF	0.3985921077198957	0.6014078922801043
ENOG410YEY3	0.9729388037709056	0.027061196229094402
ENOG410YF1S	0.9002209246986973	0.0997790753013027
ENOG410YF1T	0.9621895447845467	0.03781045521545337
ENOG410YF4U	0.024204064369499956	0.9757959356305
ENOG410YF83	0.7149177862772955	0.2850822137227045
ENOG410YF8F	0.9516573428616569	0.04834265713834308
ENOG410YF90	0.6417146709733172	0.3582853290266827
ENOG410YFA2	0.9438688394714785	0.05613116052852156
ENOG410YFAH	0.7593858615156134	0.24061413848438665
ENOG410YFAW	0.4031730787047838	0.5968269212952162
ENOG410YFBF	0.1492186516914964	0.8507813483085036
ENOG410YFH5	0.9828801356832061	0.01711986431679394
ENOG410YFHM	0.32819599413812395	0.671804005861876
ENOG410YFPN	0.763439482028682	0.23656051797131802
ENOG410YFRD	0.9354832344005073	0.06451676559949274
ENOG410YFW1	0.9673602448631555	0.032639755136844424
ENOG410YFZR	0.07560254844344294	0.9243974515565571
ENOG410YG7B	0.6285012409189806	0.37149875908101937
ENOG410YGA3	0.45091550176283446	0.5490844982371655
ENOG410YGBQ	0.13254754088562826	0.8674524591143717
ENOG410YGIG	0.19841775270166662	0.8015822472983334
ENOG410YGJ0	0.43667434801969884	0.5633256519803012
ENOG410YGPB	0.37488347508458897	0.625116524915411
ENOG410YGSK	0.07986944842774824	0.9201305515722518
ENOG410YGUE	0.2759837596782162	0.7240162403217838
ENOG410YH0R	0.7633331206334371	0.2366668793665629
ENOG410YH0U	0.3698298849430256	0.6301701150569744
ENOG410YH4C	0.988105153417376	0.011894846582623925
ENOG410YH79	0.9398800898946457	0.060119910105354384
ENOG410YHC9	0.14766102352164678	0.8523389764783532
ENOG410YHEH	0.872012328289601	0.12798767171039904
ENOG410YHNP	0.9497877758005342	0.0502122241994658
ENOG410YHNX	0.33811903829190515	0.6618809617080949
ENOG410YHP1	0.6102936885406918	0.3897063114593082
ENOG410YHRH	0.22464903328051056	0.7753509667194894
ENOG410YHXM	0.9295064578093489	0.07049354219065103
ENOG410YHXQ	0.08152118231238203	0.918478817687618
ENOG410YI0P	0.14670712651416573	0.8532928734858343
ENOG410YI8N	0.7898359031853064	0.21016409681469356
ENOG410YI97	0.9383955081891469	0.06160449181085316
ENOG410YIBA	0.5339462356766416	0.4660537643233585
ENOG410YICK	0.07639831495594351	0.9236016850440565
ENOG410YIF1	0.5414650356333011	0.45853496436669894
ENOG410YIFQ	0.6484875937253269	0.35151240627467306
ENOG410YIHG	0.9891606764495299	0.010839323550470159
ENOG410YIHP	0.389514504917186	0.610485495082814
ENOG410YIHX	0.8933732467323018	0.1066267532676982
ENOG410YII6	0.6879311044135533	0.3120688955864467
ENOG410YIJR	0.42148206172280966	0.5785179382771903
ENOG410YIPF	0.47705663629782535	0.5229433637021746
ENOG410YIWC	0.643210188864638	0.35678981113536207
ENOG410YIY1	0.4817020880007209	0.5182979119992791
ENOG410YIY4	0.8317536024614545	0.16824639753854548
ENOG410YJ5R	0.929077987840674	0.07092201215932607
ENOG410YJ8Z	0.1445492321178392	0.8554507678821608
ENOG410YJAQ	0.5358965280213859	0.4641034719786141
ENOG410YJGU	0.966386930052366	0.033613069947633994
ENOG410YJQP	0.19425320056306816	0.8057467994369318
ENOG410YJZH	0.8595438566708066	0.14045614332919346
ENOG410YJZK	0.4415792989649	0.5584207010351
ENOG410YK30	0.5949338000493711	0.4050661999506288
ENOG410YK8C	0.230303890191491	0.769696109808509
ENOG410YK8K	0.940650207126965	0.05934979287303495
ENOG410YKIR	0.9032198978586329	0.09678010214136708
ENOG410YKVF	0.7998823525573406	0.20011764744265934
ENOG410YM3G	0.41917392160241507	0.5808260783975849
ENOG410YM6M	0.28783838760418134	0.7121616123958187
ENOG410YMCE	0.16466664714458568	0.8353333528554143
ENOG410YMEQ	0.8183555634634757	0.18164443653652432
ENOG410YMGN	0.21898230796985318	0.7810176920301468
ENOG410YMMR	0.7639445303914705	0.23605546960852955
ENOG410YMQ5	0.9627174958130846	0.037282504186915325
ENOG410YMSV	0.5036724997821137	0.4963275002178863
ENOG410YMTX	0.2015114671369842	0.7984885328630158
ENOG410YMZ8	0.9584177612319373	0.041582238768062704
ENOG410YMZM	0.18695760208090795	0.813042397919092
ENOG410YN4C	0.640814209174775	0.35918579082522495
ENOG410YN5U	0.09737864958090214	0.9026213504190979
ENOG410YNB4	0.2996954895726508	0.7003045104273492
ENOG410YNEA	0.3257320320019099	0.6742679679980901
ENOG410YNH5	0.22767766919145493	0.7723223308085451
ENOG410YNKY	0.1536933318399708	0.8463066681600292
ENOG410YNMS	0.8178306353772578	0.18216936462274225
ENOG410YNQF	0.9284706856426252	0.07152931435737474
ENOG410YP0W	0.04047512882981741	0.9595248711701826
ENOG410YP36	0.5508800529031628	0.4491199470968373
ENOG410YP8I	0.2566112922556302	0.7433887077443698
ENOG410YPAE	0.43387082236929253	0.5661291776307075
ENOG410YPG6	0.23046931412133242	0.7695306858786676
ENOG410YPIJ	0.345366806575213	0.654633193424787
ENOG410YPRW	0.2836198133503103	0.7163801866496897
ENOG410YPVN	0.173144439562255	0.826855560437745
ENOG410YPW2	0.9770937842443481	0.02290621575565186
ENOG410YPXC	0.6482481949093625	0.3517518050906375
ENOG410YPZX	0.4044744529907095	0.5955255470092905
ENOG410YQ1G	0.4882743070356562	0.5117256929643438
ENOG410YQ2R	0.1260031951609768	0.8739968048390232
ENOG410YQ52	0.17040235444651497	0.829597645553485
ENOG410YQCD	0.6073614492167286	0.39263855078327137
ENOG410YQFE	0.17655877587266966	0.8234412241273303
ENOG410YQIC	0.32417360190466704	0.675826398095333
ENOG410YQK2	0.959608544200041	0.04039145579995898
ENOG410YQNJ	0.346334966145152	0.653665033854848
ENOG410YQP8	0.8121626578115598	0.18783734218844014
ENOG410YQUG	0.5820885737751353	0.41791142622486466
ENOG410YQWJ	0.08810764668758342	0.9118923533124166
ENOG410YQWW	0.46858718820535417	0.5314128117946458
ENOG410YR3P	0.3941925752262745	0.6058074247737255
ENOG410YR80	0.18221622650700608	0.8177837734929939
ENOG410YR94	0.2481169186949128	0.7518830813050872
ENOG410YRA6	0.5145172275631696	0.48548277243683036
ENOG410YRIH	0.9542328778947461	0.045767122105253924
ENOG410YRPW	0.7756029863000586	0.2243970136999413
ENOG410YS2G	0.35626873407791637	0.6437312659220836
ENOG410YSDZ	0.9298132107903413	0.07018678920965873
ENOG410YSG6	0.8988508431691506	0.10114915683084937
ENOG410YSGI	0.22971426178825405	0.770285738211746
ENOG410YSKJ	0.061087953146543694	0.9389120468534563
ENOG410YSQC	0.8666261501695831	0.13337384983041695
ENOG410YSTJ	0.04975527620496756	0.9502447237950324
ENOG410YSVQ	0.9236311400673727	0.07636885993262728
ENOG410YT1V	0.9881698066145043	0.011830193385495688
ENOG410YT47	0.9763757021260944	0.023624297873905638
ENOG410YT9X	0.126892982431569	0.873107017568431
ENOG410YTB7	0.10004932446374293	0.8999506755362571
ENOG410YTCU	0.4631634185269504	0.5368365814730496
ENOG410YTHE	0.05711206256864043	0.9428879374313596
ENOG410YTTA	0.19906504208708042	0.8009349579129196
ENOG410YTWT	0.48407288997230424	0.5159271100276958
ENOG410YU1D	0.28972453381386865	0.7102754661861314
ENOG410YU6C	0.13318137295710686	0.8668186270428931
ENOG410YUCE	0.47437715838735595	0.525622841612644
ENOG410YUCG	0.3663698638276972	0.6336301361723028
ENOG410YUED	0.3542064661985934	0.6457935338014066
ENOG410YUG3	0.7771377976944143	0.2228622023055858
ENOG410YUH9	0.34386516885607066	0.6561348311439293
ENOG410YUUC	0.1604188701014675	0.8395811298985325
ENOG410YUXZ	0.6730233291891987	0.32697667081080123
ENOG410YV3D	0.4927652751888465	0.5072347248111535
ENOG410YV46	0.7892406134976838	0.21075938650231618
ENOG410YV5X	0.755128462138311	0.24487153786168897
ENOG410YVPT	0.1015943584815322	0.8984056415184678
ENOG410YVWS	0.06112518599803396	0.938874814001966
ENOG410YW14	0.5319770508637917	0.46802294913620834
ENOG410YW8U	0.1638297755630278	0.8361702244369722
ENOG410YWBS	0.1262335153341737	0.8737664846658263
ENOG410YWC4	0.10217380003298993	0.8978261999670101
ENOG410YWDD	0.5480168229450139	0.45198317705498614
ENOG410YWJ4	0.9694760686182448	0.03052393138175519
ENOG410YWSW	0.5348716955663837	0.46512830443361625
ENOG410YWUE	0.4018652959603951	0.5981347040396049
ENOG410YX5C	0.42626588350403005	0.57373411649597
ENOG410YX6Y	0.18487981146133892	0.8151201885386611
ENOG410YXDJ	0.5845203880999359	0.4154796119000641
ENOG410YXFD	0.2759096804233766	0.7240903195766234
ENOG410YXI9	0.09825196991223106	0.9017480300877689
ENOG410YXSE	0.03176098457232546	0.9682390154276745
ENOG410YXV5	0.49178054555489525	0.5082194544451047
ENOG410YY0N	0.3911070352931222	0.6088929647068778
ENOG410YYF9	0.7582031512673443	0.24179684873265572
ENOG410YYGA	0.7530240701535038	0.24697592984649616
ENOG410YYQS	0.23502430701835264	0.7649756929816474
ENOG410YYX0	0.6628105737157529	0.3371894262842471
ENOG410YZ8S	0.31601058001204474	0.6839894199879553
ENOG410YZFA	0.4689607719733432	0.5310392280266568
ENOG410YZK5	0.25651031527434	0.74348968472566
ENOG410Z0EK	0.17116886973513556	0.8288311302648644
ENOG410Z0GR	0.12737960798518755	0.8726203920148125
ENOG410Z0RI	0.3768822428048303	0.6231177571951697
ENOG410Z0UM	0.9064493056773307	0.09355069432266923
ENOG410Z0ZE	0.7262036575174864	0.27379634248251367
ENOG410Z131	0.16485568881029733	0.8351443111897027
ENOG410Z1K5	0.6025571115371252	0.3974428884628748
ENOG410Z1KF	0.588010869677289	0.41198913032271106
ENOG410Z1QN	0.10751983944327492	0.8924801605567251
ENOG410Z1W6	0.566957350959471	0.43304264904052897
ENOG410Z24N	0.45412784129145867	0.5458721587085413
ENOG410Z261	0.4178654541567235	0.5821345458432765
ENOG410Z2NQ	0.20100673414292436	0.7989932658570756
ENOG410Z2UP	0.9073813169048165	0.0926186830951835
ENOG410Z2WJ	0.5994117651417359	0.4005882348582641
ENOG410Z32R	0.9049155142104731	0.09508448578952693
ENOG410Z34Z	0.7412175995012398	0.2587824004987603
ENOG410Z39P	0.471438858278618	0.528561141721382
ENOG410Z3DP	0.1871351019767986	0.8128648980232014
ENOG410Z3IR	0.10491289195601727	0.8950871080439827
ENOG410Z3SG	0.5422137108580437	0.4577862891419563
ENOG410Z3UP	0.026071178817894225	0.9739288211821058
ENOG410Z3WW	0.2856150036801065	0.7143849963198935
ENOG410Z3XZ	0.15852533553180137	0.8414746644681986
ENOG410Z430	0.9946307348385334	0.005369265161466637
ENOG410Z447	0.6371419798234228	0.36285802017657715
ENOG410Z46E	0.4181897164885686	0.5818102835114314
ENOG410Z472	0.28142086516108444	0.7185791348389156
ENOG410Z47E	0.003490166712060039	0.99650983328794
ENOG410Z4H2	0.1856401292640586	0.8143598707359414
ENOG410Z4SK	0.9499588680893216	0.05004113191067842
ENOG410Z4VE	0.4542809746785117	0.5457190253214883
ENOG410Z4XY	0.01879656423349929	0.9812034357665007
ENOG410Z4Y8	0.012229049295301109	0.9877709507046989
ENOG410Z56P	0.04812994420615957	0.9518700557938404
ENOG410Z5N2	0.9837229050328913	0.016277094967108767
ENOG410Z5N9	0.394601761548637	0.605398238451363
ENOG410Z5RD	0.7989504085213832	0.20104959147861673
ENOG410Z5SJ	0.19209200014554684	0.8079079998544532
ENOG410Z62C	0.8717517880548055	0.12824821194519453
ENOG410Z6JP	0.9661581161058241	0.03384188389417591
ENOG410Z6JU	0.9621797382751673	0.03782026172483264
ENOG410Z6QR	0.9136337844403253	0.08636621555967469
ENOG410Z6UB	0.8487477286056875	0.15125227139431252
ENOG410Z71M	0.7960995849100354	0.20390041508996465
ENOG410Z7S1	0.23764894287467853	0.7623510571253215
ENOG410Z7X3	0.9813331571369251	0.01866684286307481
ENOG410Z8B0	0.5616117001198334	0.4383882998801666
ENOG410Z8NA	0.9696346423918151	0.030365357608184942
ENOG410Z8VE	0.1816052569410207	0.8183947430589793
ENOG410Z952	0.8624859316328778	0.13751406836712224
ENOG410Z994	0.4274353528946032	0.5725646471053968
ENOG410Z9M6	0.23455461008791545	0.7654453899120846
ENOG410Z9R2	0.546653447980175	0.45334655201982504
ENOG410Z9Z8	0.6419178049262184	0.35808219507378153
ENOG410ZA2Q	0.8455345142085187	0.15446548579148134
ENOG410ZAAE	0.8328663017453406	0.16713369825465937
ENOG410ZAEE	0.5135886950809831	0.48641130491901685
ENOG410ZAHY	0.07476104056494115	0.9252389594350588
ENOG410ZAVF	0.40939936862047877	0.5906006313795212
ENOG410ZAYP	0.5948509784089446	0.4051490215910554
ENOG410ZB0D	0.7784433205959027	0.2215566794040973
ENOG410ZB17	0.39677712522557795	0.603222874774422
ENOG410ZB20	0.1424436812984795	0.8575563187015205
ENOG410ZBJR	0.9495679938835684	0.05043200611643157
ENOG410ZBKA	0.8349748198988096	0.16502518010119038
ENOG410ZBVD	0.3225346189796352	0.6774653810203648
ENOG410ZC8P	0.9335329272916094	0.06646707270839056
ENOG410ZCCT	0.3185324571780571	0.6814675428219429
ENOG410ZCG0	0.29691458802262516	0.7030854119773748
ENOG410ZCV3	0.3862394157387592	0.6137605842612408
ENOG410ZCYK	0.4076852504149767	0.5923147495850233
ENOG410ZD45	0.35949325166592794	0.6405067483340721
ENOG410ZD92	0.11596903315928275	0.8840309668407172
ENOG410ZDA4	0.7845731212321672	0.2154268787678329
ENOG410ZDAN	0.687830335432605	0.312169664567395
ENOG410ZDMF	0.12377672540921814	0.8762232745907819
ENOG410ZDRF	0.11825537298887756	0.8817446270111224
ENOG410ZDY6	0.46475313893229464	0.5352468610677054
ENOG410ZE8N	0.6925465485733379	0.30745345142666214
ENOG410ZE9J	0.36194406311675653	0.6380559368832435
ENOG410ZEIQ	0.7005014185502665	0.29949858144973346
ENOG410ZEJ4	0.8535159490378882	0.14648405096211178
ENOG410ZETB	0.19361967624388343	0.8063803237561166
ENOG410ZEYT	0.3664256964355157	0.6335743035644843
ENOG410ZF0V	0.8302759359718224	0.1697240640281776
ENOG410ZF8H	0.9608786639910146	0.03912133600898541
ENOG410ZFR9	0.8209869883137573	0.17901301168624276
ENOG410ZFU2	0.6910820661954171	0.30891793380458293
ENOG410ZFWF	0.2190789667394305	0.7809210332605695
ENOG410ZFY9	0.34335526835736996	0.65664473164263
ENOG410ZG22	0.237792338621287	0.762207661378713
ENOG410ZGC3	0.6444320347828375	0.3555679652171625
ENOG410ZGGZ	0.9576980477447592	0.042301952255240825
ENOG410ZGK6	0.08671989385043488	0.9132801061495651
ENOG410ZGNB	0.8916688091269276	0.10833119087307241
ENOG410ZGSC	0.16983841625370022	0.8301615837462998
ENOG410ZGTQ	0.35353399298100363	0.6464660070189964
ENOG410ZH12	0.15890317773985219	0.8410968222601478
ENOG410ZH41	0.791086328844999	0.2089136711550011
ENOG410ZH7W	0.43169575302904883	0.5683042469709512
ENOG410ZHQ7	0.11718342500746992	0.8828165749925301
ENOG410ZHQG	0.8927435098078684	0.10725649019213154
ENOG410ZHQR	0.6989810762500579	0.30101892374994205
ENOG410ZHSA	0.5681660192087181	0.4318339807912818
ENOG410ZHSB	0.6211156906835542	0.37888430931644573
ENOG410ZHW9	0.8592511196686236	0.14074888033137647
ENOG410ZI0N	0.8960225128795705	0.10397748712042948
ENOG410ZI3Q	0.6760117818269035	0.32398821817309653
ENOG410ZI7G	0.5570422643706932	0.44295773562930685
ENOG410ZIA8	0.9797988140120162	0.020201185987983872
ENOG410ZIAQ	0.9042001754144713	0.09579982458552873
ENOG410ZICD	0.24560166962645813	0.7543983303735419
ENOG410ZIFY	0.1256322065656491	0.8743677934343509
ENOG410ZIG5	0.5000571016610146	0.4999428983389854
ENOG410ZIJN	0.21667946842640684	0.7833205315735932
ENOG410ZIMQ	0.14380540998136382	0.8561945900186362
ENOG410ZIMZ	0.31139106848546894	0.6886089315145311
ENOG410ZIN8	0.17655543575982735	0.8234445642401726
ENOG410ZINF	0.11691915139623066	0.8830808486037693
ENOG410ZINS	0.9708348022094679	0.029165197790532085
ENOG410ZIQS	0.8242028963572657	0.1757971036427343
ENOG410ZIT2	0.9763919090646549	0.023608090935345143
ENOG410ZJ65	0.9789984550086536	0.021001544991346415
ENOG410ZJ6A	0.4472741315059561	0.5527258684940439
ENOG410ZJ6R	0.9442082070958467	0.05579179290415321
ENOG410ZJDC	0.983045899797682	0.01695410020231806
ENOG410ZJK4	0.7855617028989791	0.2144382971010209
ENOG410ZJKU	0.3626023707559448	0.6373976292440552
ENOG410ZJN8	0.8968824078930567	0.10311759210694325
ENOG410ZJNA	0.7263844535513344	0.2736155464486656
ENOG410ZJPA	0.9580479955088417	0.04195200449115832
ENOG410ZJQ0	0.9237982055789381	0.07620179442106187
ENOG410ZJQ8	0.05311989919080251	0.9468801008091975
ENOG410ZJQZ	0.03894022474613945	0.9610597752538605
ENOG410ZJRR	0.29540547623327285	0.7045945237667272
ENOG410ZJXJ	0.4859922464032592	0.5140077535967408
ENOG410ZJZS	0.37386648801279576	0.6261335119872042
ENOG410ZK4G	0.47697387199980146	0.5230261280001985
ENOG410ZK57	0.9120295154248096	0.08797048457519042
ENOG410ZK5A	0.05357611346257363	0.9464238865374264
ENOG410ZK6J	0.04307200905741282	0.9569279909425872
ENOG410ZK8S	0.310450228722576	0.689549771277424
ENOG410ZKFF	0.3628010708288234	0.6371989291711766
ENOG410ZKQ7	0.40951715723182025	0.5904828427681797
ENOG410ZKS3	0.6459247321504404	0.3540752678495596
ENOG410ZKX3	0.8383865306446617	0.1616134693553383
ENOG410ZMF3	0.08502130629691973	0.9149786937030803
ENOG410ZMG7	0.6224763551563325	0.3775236448436675
ENOG410ZMJ6	0.5893104064888091	0.410689593511191
ENOG410ZMWE	0.3262032457028451	0.6737967542971549
ENOG410ZMXZ	0.8822619645449017	0.11773803545509831
ENOG410ZMYB	0.9928535392652954	0.007146460734704649
ENOG410ZN2B	0.10475607511770668	0.8952439248822933
ENOG410ZNBK	0.08286329345237098	0.917136706547629
ENOG410ZNCQ	0.6754162493530416	0.32458375064695844
ENOG410ZNJB	0.2823383519485295	0.7176616480514705
ENOG410ZNKJ	0.6678075124545978	0.3321924875454022
ENOG410ZNS9	0.3248666508643956	0.6751333491356044
ENOG410ZNUM	0.05659469449968002	0.94340530550032
ENOG410ZNV1	0.503994658850331	0.49600534114966893
ENOG410ZNVS	0.43925471388780446	0.5607452861121955
ENOG410ZNX6	0.9111735323604117	0.0888264676395883
ENOG410ZNXF	0.47667532111937405	0.523324678880626
ENOG410ZNXQ	0.26753178319788606	0.7324682168021139
ENOG410ZP7K	0.15037088994511771	0.8496291100548823
ENOG410ZP81	0.3996312149044865	0.6003687850955135
ENOG410ZPAJ	0.6886630071006083	0.3113369928993916
ENOG410ZPHH	0.1914401949427459	0.8085598050572541
ENOG410ZPI7	0.06516849431966165	0.9348315056803383
ENOG410ZPNJ	0.10047432849261517	0.8995256715073848
ENOG410ZPQX	0.9812719743569461	0.01872802564305383
ENOG410ZPTT	0.046036929024395934	0.9539630709756041
ENOG410ZPV3	0.0712547920687272	0.9287452079312728
ENOG410ZPYN	0.3839684474088275	0.6160315525911725
ENOG410ZQ0F	0.0677658789467126	0.9322341210532874
ENOG410ZQ2Q	0.6439251882958563	0.35607481170414373
ENOG410ZQ3X	0.5404504580739836	0.4595495419260164
ENOG410ZQ44	0.24366331635745142	0.7563366836425486
ENOG410ZQ4V	0.3708146005455405	0.6291853994544595
ENOG410ZQ51	0.2705134204566848	0.7294865795433152
ENOG410ZQ9H	0.1919968696949209	0.8080031303050791
ENOG410ZQEH	0.5748863445768482	0.4251136554231519
ENOG410ZQJ3	0.6581413793580924	0.3418586206419076
ENOG410ZQP3	0.8478665539800196	0.1521334460199803
ENOG410ZR1Q	0.9276792939544073	0.07232070604559268
ENOG410ZR3I	0.4678000153201861	0.5321999846798139
ENOG410ZR5A	0.2899775034722937	0.7100224965277063
ENOG410ZRM0	0.11008210287869558	0.8899178971213044
ENOG410ZRT8	0.8717166245462151	0.12828337545378482
ENOG410ZRYP	0.777430726824038	0.22256927317596198
ENOG410ZRZQ	0.39835156869189814	0.6016484313081019
ENOG410ZS81	0.1857700683669935	0.8142299316330065
ENOG410ZSAE	0.2921238982930826	0.7078761017069174
ENOG410ZSDZ	0.40599041035998806	0.5940095896400119
ENOG410ZSFZ	0.28917186311288967	0.7108281368871103
ENOG410ZSQZ	0.7733499637373423	0.22665003626265767
ENOG410ZSUS	0.16578307919955038	0.8342169208004496
ENOG410ZSYZ	0.27989785845517634	0.7201021415448237
ENOG410ZT0A	0.24103265181455602	0.758967348185444
ENOG410ZT2S	0.5257185520389959	0.47428144796100413
ENOG410ZT8D	0.33798519597112153	0.6620148040288785
ENOG410ZT8Q	0.17414952765960778	0.8258504723403922
ENOG410ZT9V	0.5652020392073346	0.4347979607926654
ENOG410ZTDK	0.36994366629246667	0.6300563337075333
ENOG410ZTH0	0.5948719203305817	0.4051280796694183
ENOG410ZTHG	0.4082709042958099	0.5917290957041901
ENOG410ZTQ8	0.1786399154099929	0.8213600845900071
ENOG410ZTY6	0.6815007463425824	0.3184992536574176
ENOG410ZTYU	0.9546893422957825	0.045310657704217445
ENOG410ZU2X	0.8465120997831588	0.15348790021684128
ENOG410ZU8E	0.0078677271242249	0.9921322728757751
ENOG410ZU9D	0.6568205742929348	0.34317942570706517
ENOG410ZUGA	0.8487180943055053	0.15128190569449476
ENOG410ZUGE	0.1383593618246307	0.8616406381753693
ENOG410ZUI7	0.2598329098766957	0.7401670901233043
ENOG410ZUK1	0.9386516077839837	0.06134839221601629
ENOG410ZURF	0.09965287840529125	0.9003471215947088
ENOG410ZUV1	0.9858249789497627	0.014175021050237222
ENOG410ZUYT	0.6052147230045395	0.3947852769954605
ENOG410ZV3K	0.22343994369929088	0.7765600563007091
ENOG410ZV99	0.6682884614183073	0.3317115385816927
ENOG410ZVB7	0.9501702076920318	0.049829792307968246
ENOG410ZVBZ	0.8894084567921724	0.11059154320782762
ENOG410ZVC6	0.704620061144136	0.29537993885586405
ENOG410ZVCD	0.9923504626274242	0.0076495373725757486
ENOG410ZVCF	0.9130477580106313	0.08695224198936871
ENOG410ZVCH	0.21534969406049242	0.7846503059395076
ENOG410ZVCR	0.2679819394295201	0.7320180605704799
ENOG410ZVCU	0.3881537019582473	0.6118462980417527
ENOG410ZVD2	0.7973897719024182	0.20261022809758178
ENOG410ZVD3	0.6871843500038979	0.3128156499961021
ENOG410ZVDG	0.37974026053637444	0.6202597394636256
ENOG410ZVDW	0.4575339769037913	0.5424660230962087
ENOG410ZVE2	0.28172085633641575	0.7182791436635843
ENOG410ZVE6	0.16687255214983843	0.8331274478501616
ENOG410ZVE8	0.9560081524063246	0.043991847593675325
ENOG410ZVEJ	0.8601037664446948	0.13989623355530523
ENOG410ZVEU	0.1555808202433927	0.8444191797566073
ENOG410ZVF6	0.7012706338325747	0.29872936616742535
ENOG410ZVFE	0.44160167203463174	0.5583983279653683
ENOG410ZVFH	0.28961183045796435	0.7103881695420357
ENOG410ZVFJ	0.8783258524925657	0.12167414750743434
ENOG410ZVFU	0.2861088675192751	0.7138911324807249
ENOG410ZVG0	0.44465852106272497	0.555341478937275
ENOG410ZVG5	0.4300833874431176	0.5699166125568824
ENOG410ZVGS	0.03965981612630842	0.9603401838736916
ENOG410ZVGZ	0.6204583422808878	0.37954165771911214
ENOG410ZVHC	0.5455660950870548	0.4544339049129452
ENOG410ZVHH	0.6699628616000259	0.3300371383999741
ENOG410ZVHJ	0.7989086130107963	0.20109138698920376
ENOG410ZVHW	0.68445493172105	0.31554506827895
ENOG410ZVI2	0.8706228460050086	0.12937715399499142
ENOG410ZVIC	0.2441217582298323	0.7558782417701677
ENOG410ZVJX	0.2990775795460312	0.7009224204539688
ENOG410ZVJY	0.6678695168234288	0.33213048317657123
ENOG410ZVK6	0.15391850871810642	0.8460814912818936
ENOG410ZVKR	0.24330026337946098	0.756699736620539
ENOG410ZVME	0.4545562485539538	0.5454437514460462
ENOG410ZVMN	0.8666799900025818	0.1333200099974182
ENOG410ZVMV	0.054851531581235125	0.9451484684187649
ENOG410ZVMW	0.7981061617479323	0.20189383825206772
ENOG410ZVNC	0.7473204047442639	0.25267959525573613
ENOG410ZVNJ	0.13792652249969506	0.8620734775003049
ENOG410ZVNV	0.8203104948025219	0.17968950519747812
ENOG410ZVP5	0.7627509252225002	0.23724907477749974
ENOG410ZVP8	0.5107486636197391	0.4892513363802609
ENOG410ZVPQ	0.23901278563024386	0.7609872143697561
ENOG410ZVPT	0.786848319353352	0.213151680646648
ENOG410ZVQG	0.053596827936430835	0.9464031720635692
ENOG410ZVQW	0.7289313932807944	0.2710686067192057
ENOG410ZVQY	0.12812554610065796	0.871874453899342
ENOG410ZVRD	0.81794407981484	0.18205592018516006
ENOG410ZVRR	0.05652066748076312	0.9434793325192369
ENOG410ZVRS	0.38986716406373856	0.6101328359362614
ENOG410ZVS8	0.7579864120001484	0.2420135879998516
ENOG410ZVT4	0.9419650492179265	0.058034950782073574
ENOG410ZVTR	0.40849738996714	0.59150261003286
ENOG410ZVU0	0.7745268348683221	0.22547316513167792
ENOG410ZVW5	0.3053345833791862	0.6946654166208138
ENOG410ZVWB	0.21978745944236078	0.7802125405576392
ENOG410ZVWK	0.19737713980534766	0.8026228601946523
ENOG410ZVWQ	0.8618513107472733	0.13814868925272672
ENOG410ZVWW	0.16538474569980322	0.8346152543001968
ENOG410ZVXC	0.19564493016308726	0.8043550698369127
ENOG410ZVY1	0.6029709917060992	0.39702900829390075
ENOG410ZVY8	0.9013335377408066	0.0986664622591934
ENOG410ZVYR	0.7167707117549129	0.28322928824508703
ENOG410ZVZG	0.09606625336428543	0.9039337466357146
ENOG410ZW0D	0.3817726713954108	0.6182273286045892
ENOG410ZW1V	0.28095358688086214	0.7190464131191379
ENOG410ZW2I	0.22995507646881608	0.7700449235311839
ENOG410ZW3S	0.6526694321521846	0.34733056784781535
ENOG410ZW4A	0.6444349093471184	0.3555650906528815
ENOG410ZW50	0.7026594701741539	0.29734052982584613
ENOG410ZW55	0.41204380053528655	0.5879561994647134
ENOG410ZW5X	0.47501825158087163	0.5249817484191284
ENOG410ZW6I	0.07047790116655872	0.9295220988334413
ENOG410ZW6X	0.19781156600865446	0.8021884339913455
ENOG410ZW77	0.35779254924283865	0.6422074507571613
ENOG410ZWAN	0.05580068383366654	0.9441993161663335
ENOG410ZWBR	0.7866546466696935	0.2133453533303064
ENOG410ZWBT	0.28744821066599757	0.7125517893340024
ENOG410ZWDI	0.6884035778355915	0.3115964221644085
ENOG410ZWE3	0.45027816018368005	0.54972183981632
ENOG410ZWE8	0.20349629897231092	0.7965037010276891
ENOG410ZWEQ	0.8675438980549975	0.13245610194500246
ENOG410ZWES	0.18608702180546366	0.8139129781945363
ENOG410ZWF2	0.6986696821762673	0.30133031782373265
ENOG410ZWFF	0.6086490853214221	0.3913509146785778
ENOG410ZWGT	0.22227619105113106	0.7777238089488689
ENOG410ZWHF	0.14409635934683662	0.8559036406531634
ENOG410ZWIF	0.8394220116420814	0.16057798835791856
ENOG410ZWIM	0.5351866245352122	0.46481337546478785
ENOG410ZWJJ	0.3351278129023556	0.6648721870976444
ENOG410ZWKB	0.7741253942220512	0.22587460577794882
ENOG410ZWKI	0.3980031005003335	0.6019968994996665
ENOG410ZWKT	0.9052054773053124	0.09479452269468759
ENOG410ZWN6	0.9003578302744373	0.09964216972556268
ENOG410ZWP3	0.13863136091095607	0.8613686390890439
ENOG410ZWQ1	0.14751284088804095	0.852487159111959
ENOG410ZWQM	0.012912840135956727	0.9870871598640433
ENOG410ZWQU	0.880768706122909	0.11923129387709103
ENOG410ZWQW	0.8252456607829038	0.17475433921709618
ENOG410ZWQZ	0.553105229744995	0.44689477025500507
ENOG410ZWT5	0.16233636821466113	0.8376636317853389
ENOG410ZWTD	0.5134850766887504	0.48651492331124957
ENOG410ZWTG	0.16254255644510607	0.8374574435548939
ENOG410ZWX5	0.682600040201875	0.31739995979812496
ENOG410ZWX9	0.10544865699420869	0.8945513430057913
ENOG410ZX29	0.7623259323828613	0.23767406761713877
ENOG410ZX2M	0.9222668370224187	0.07773316297758125
ENOG410ZX41	0.3265671312173166	0.6734328687826834
ENOG410ZX4G	0.8390710474027907	0.16092895259720935
ENOG410ZX96	0.1921795762049131	0.8078204237950869
ENOG410ZX9B	0.03826721233792829	0.9617327876620717
ENOG410ZX9D	0.29219514167631944	0.7078048583236806
ENOG410ZX9Y	0.44620500129419216	0.5537949987058078
ENOG410ZXB3	0.13475174709732918	0.8652482529026708
ENOG410ZXCB	0.10155047445769261	0.8984495255423074
ENOG410ZXDQ	0.4047933088940189	0.5952066911059811
ENOG410ZXFD	0.9524757277168815	0.04752427228311854
ENOG410ZXHU	0.6837408503863125	0.3162591496136875
ENOG410ZXJ6	0.10863175268546876	0.8913682473145312
ENOG410ZXJB	0.15028677697408754	0.8497132230259125
ENOG410ZXKC	0.8205185514076048	0.17948144859239518
ENOG410ZXQV	0.3204092111621749	0.6795907888378251
ENOG410ZXQY	0.33852907420347134	0.6614709257965287
ENOG410ZXRZ	0.6625201116479975	0.33747988835200254
ENOG410ZXU3	0.17547950951343116	0.8245204904865688
ENOG410ZXUR	0.8485027305964143	0.15149726940358563
ENOG410ZXVM	0.8488610396324499	0.15113896036755012
ENOG410ZY5G	0.6689803454380308	0.33101965456196925
ENOG410ZY5P	0.7865967970842254	0.2134032029157747
ENOG410ZY9E	0.3657982437615187	0.6342017562384813
ENOG410ZYCH	0.30000992877943744	0.6999900712205626
ENOG410ZYD6	0.19225241708141994	0.8077475829185801
ENOG410ZYD9	0.43764922995920763	0.5623507700407924
ENOG410ZYDZ	0.473335159277965	0.526664840722035
ENOG410ZYJP	0.8250514173982245	0.1749485826017755
ENOG410ZYP5	0.9737123826847917	0.026287617315208293
ENOG410ZYR5	0.41475252934935647	0.5852474706506435
ENOG410ZYUF	0.2699395448838502	0.7300604551161498
ENOG410ZYUU	0.16493857948566348	0.8350614205143365
ENOG410ZYVG	0.13610983627892115	0.8638901637210789
ENOG410ZYVX	0.9348749421147977	0.06512505788520227
ENOG410ZZ25	0.8427250990666584	0.15727490093334165
ENOG410ZZ3B	0.21002997448698946	0.7899700255130105
ENOG410ZZ3F	0.5303355319738483	0.46966446802615164
ENOG410ZZ4C	0.10829547132455553	0.8917045286754445
ENOG410ZZ52	0.3092515398671135	0.6907484601328865
ENOG410ZZ7W	0.615846429424667	0.38415357057533295
ENOG410ZZC5	0.485375207456308	0.514624792543692
ENOG410ZZD0	0.09011958232765005	0.90988041767235
ENOG410ZZE8	0.16227162304821663	0.8377283769517834
ENOG410ZZGV	0.2959421735902551	0.7040578264097449
ENOG410ZZIS	0.9263259776044138	0.07367402239558617
ENOG410ZZJF	0.2198737401741172	0.7801262598258828
ENOG410ZZRT	0.9416227906109241	0.05837720938907589
ENOG410ZZUN	0.9195724683416511	0.08042753165834889
ENOG410ZZVD	0.9146847060864877	0.08531529391351236
ENOG410ZZWY	0.29064409734681573	0.7093559026531843
ENOG410ZZXU	0.4113789271973083	0.5886210728026917
ENOG410ZZY6	0.6039114575851329	0.39608854241486713
ENOG411000T	0.3099339572686275	0.6900660427313725
ENOG411002M	0.28431975800122855	0.7156802419987714
ENOG411004P	0.755900088200127	0.24409991179987295
ENOG411007C	0.8019326506285153	0.19806734937148474
ENOG411009W	0.40335229829067076	0.5966477017093292
ENOG41100B0	0.2311401915207606	0.7688598084792394
ENOG41100CF	0.2222886053206352	0.7777113946793648
ENOG41100ES	0.5971048850571892	0.4028951149428109
ENOG41100FH	0.06915354265751372	0.9308464573424863
ENOG41100IV	0.7127440962790466	0.28725590372095344
ENOG41100M6	0.05513534756876726	0.9448646524312327
ENOG41100MA	0.6519604913908499	0.34803950860915006
ENOG41100W0	0.11845768344692986	0.8815423165530701
ENOG411011S	0.7731783404511894	0.22682165954881064
ENOG411012J	0.3315835648836549	0.6684164351163451
ENOG411015R	0.6078246119274926	0.39217538807250735
ENOG411019K	0.6213304953697601	0.37866950463023985
ENOG41101FB	0.21335901320816664	0.7866409867918334
ENOG41101GZ	0.9622540019059693	0.03774599809403062
ENOG41101HV	0.12376198685409745	0.8762380131459026
ENOG41101IZ	0.419321195348203	0.580678804651797
ENOG41101JG	0.48133321298614473	0.5186667870138553
ENOG41101U7	0.5070709063889518	0.49292909361104814
ENOG41101VY	0.4396751088991764	0.5603248911008236
ENOG41101YT	0.8560290134352428	0.14397098656475715
ENOG411024B	0.9730083363653302	0.026991663634669774
ENOG411027Z	0.10116278441144078	0.8988372155885592
ENOG411029V	0.39207215799851214	0.6079278420014879
ENOG41102CA	0.4013362152336365	0.5986637847663635
ENOG41102CJ	0.32426512709473976	0.6757348729052602
ENOG41102GP	0.7398140008753911	0.26018599912460894
ENOG41102I4	0.06047604673219953	0.9395239532678005
ENOG41102SE	0.24790787511009438	0.7520921248899056
ENOG41102U3	0.6168226254479038	0.3831773745520962
ENOG41102WG	0.15171341509237124	0.8482865849076288
ENOG411032J	0.9546187618263378	0.04538123817366227
ENOG4110348	0.5676224612368739	0.4323775387631262
ENOG411034D	0.2663890611132873	0.7336109388867127
ENOG41103AX	0.14088848381206154	0.8591115161879385
ENOG41103B0	0.8443524147350188	0.1556475852649813
ENOG41103MM	0.36987367892643896	0.630126321073561
ENOG41103RQ	0.15326262875377672	0.8467373712462233
ENOG41103Y5	0.80623392437276	0.19376607562724
ENOG41104JX	0.04796406999609393	0.9520359300039061
ENOG41104UK	0.8601764480159877	0.1398235519840123
ENOG41105G9	0.07166603274658967	0.9283339672534103
ENOG41105P2	0.34407795982575007	0.6559220401742499
ENOG41105S6	0.96413909271803	0.03586090728197001
ENOG41105VJ	0.9318987260350524	0.06810127396494761
ENOG41105XQ	0.9270467627252696	0.07295323727473041
ENOG41105ZK	0.20815100200290038	0.7918489979970996
ENOG41106EH	0.3669576416197098	0.6330423583802902
ENOG41108K1	0.8459439994238586	0.15405600057614144
ENOG41108WW	0.8652389898580497	0.13476101014195027
ENOG41109CF	0.811264965555937	0.18873503444406303
ENOG41109IH	0.7831797771860556	0.21682022281394447
ENOG41109YT	0.9773294160418775	0.022670583958122475
ENOG4110A1H	0.5713848375123655	0.42861516248763454
ENOG4110B0F	0.587488234548263	0.412511765451737
ENOG4110BBF	0.0921642096157047	0.9078357903842953
ENOG4110BJG	0.8396888661852351	0.16031113381476497
ENOG4110BMM	0.1358027507006947	0.8641972492993053
ENOG4110BQE	0.19814912677121288	0.8018508732287871
ENOG4110BWW	0.2545135243714174	0.7454864756285826
ENOG4110C99	0.2994711580095545	0.7005288419904455
ENOG4110DEK	0.534175754202729	0.46582424579727105
ENOG4110DP8	0.6319053717302805	0.3680946282697195
ENOG4110DZH	0.20357860484306434	0.7964213951569357
ENOG4110G9P	0.831983956848587	0.168016043151413
ENOG4110GG4	0.1302729266344984	0.8697270733655016
ENOG4110GJF	0.4949314026925462	0.5050685973074538
ENOG4110GRU	0.11976279081645258	0.8802372091835474
ENOG4110GX4	0.2785545754574983	0.7214454245425017
ENOG4110HXD	0.6458091896242621	0.35419081037573785
ENOG4110IQD	0.44705583620147593	0.5529441637985241
ENOG4110J45	0.4401316929124742	0.5598683070875258
ENOG4110JED	0.3154502897079766	0.6845497102920234
ENOG4110KBG	0.8592453846470853	0.1407546153529147
ENOG4110MQC	0.2313062153966412	0.7686937846033588
ENOG4110MXI	0.8622991824112731	0.13770081758872682
ENOG4110N8N	0.11002558910406912	0.8899744108959309
ENOG4110NBR	0.9842792317438912	0.015720768256108845
ENOG4110NSM	0.15357200902891976	0.8464279909710802
ENOG4110P6K	0.8107615077315262	0.1892384922684738
ENOG4110PFG	0.8514217756872741	0.1485782243127259
ENOG4110QAQ	0.08121673521834527	0.9187832647816547
ENOG4110QUF	0.5961084569526227	0.4038915430473773
ENOG4110QZN	0.9299523341914379	0.07004766580856218
ENOG4110TII	0.9903723861735346	0.009627613826465325
ENOG4110V7D	0.4238020311249382	0.5761979688750618
ENOG4110VJC	0.437367252532997	0.562632747467003
ENOG4110WB0	0.11971929383158386	0.8802807061684161
ENOG4110WG0	0.15029415179721628	0.8497058482027837
ENOG4110WM6	0.3995262692113585	0.6004737307886415
ENOG4110WUJ	0.052902803633716244	0.9470971963662838
ENOG4110XIN	0.3428365757255898	0.6571634242744102
ENOG4110XMY	0.05965243374804041	0.9403475662519596
ENOG4110Z4K	0.25734269577628055	0.7426573042237194
ENOG4110Z57	0.05306179131066302	0.946938208689337
ENOG4110Z7N	0.3309786236627601	0.6690213763372399
ENOG4110ZRH	0.051238675150937496	0.9487613248490625
ENOG411119B	0.6709060445890704	0.32909395541092956
ENOG41111JX	0.1420824202122677	0.8579175797877323
ENOG41112BD	0.13555834992315052	0.8644416500768495
ENOG41112II	0.5383426203416461	0.46165737965835385
ENOG41112QY	0.9900503916856496	0.009949608314350428
ENOG411138E	0.08045095356034604	0.919549046439654
ENOG41113RB	0.3112131654955279	0.6887868345044721
ENOG411141G	0.21155607397750986	0.7884439260224901
ENOG41114EC	0.0845734452077136	0.9154265547922864
ENOG41115XM	0.8065397786755519	0.19346022132444807
ENOG411162A	0.16399738523756469	0.8360026147624353
ENOG41117DG	0.9603646016876902	0.03963539831230973
ENOG41118T4	0.21124860810904933	0.7887513918909507
ENOG411192P	0.6339411320513748	0.3660588679486252
ENOG411194K	0.39631551161083145	0.6036844883891685
ENOG41119MM	0.3374552687211565	0.6625447312788435
ENOG4111APV	0.4476544927687486	0.5523455072312514
ENOG4111AV1	0.5031881120242825	0.4968118879757175
ENOG4111AZ4	0.32927443705446313	0.6707255629455369
ENOG4111DCE	0.20996439728195004	0.79003560271805
ENOG4111DDB	0.11661296307410252	0.8833870369258975
ENOG4111DRN	0.27509138110382425	0.7249086188961757
ENOG4111DS9	0.33872954770337615	0.6612704522966238
ENOG4111EE9	0.5711810691028933	0.4288189308971066
ENOG4111EFS	0.9812957696187521	0.018704230381247855
ENOG4111EYA	0.5581440988543139	0.44185590114568607
ENOG4111F0B	0.9623117272620392	0.03768827273796079
ENOG4111F11	0.1441980412564614	0.8558019587435386
ENOG4111F1K	0.994519529964938	0.005480470035061993
ENOG4111F33	0.0860390182606432	0.9139609817393568
ENOG4111F3K	0.24043328672938302	0.759566713270617
ENOG4111F7A	0.9052174206716113	0.09478257932838872
ENOG4111F7E	0.10156639897804232	0.8984336010219577
ENOG4111F7I	0.9706344482607704	0.02936555173922965
ENOG4111F91	0.5192073523608888	0.4807926476391112
ENOG4111FDW	0.7590340911119937	0.2409659088880063
ENOG4111FE2	0.386599619246907	0.613400380753093
ENOG4111FE4	0.6235471581650789	0.37645284183492117
ENOG4111FE5	0.12617155315696005	0.87382844684304
ENOG4111FF5	0.4825242927756799	0.5174757072243201
ENOG4111FGF	0.20996170797377212	0.7900382920262279
ENOG4111FGK	0.31486722772025566	0.6851327722797443
ENOG4111FGU	0.7565252861782611	0.2434747138217389
ENOG4111FGY	0.7074042242229321	0.2925957757770678
ENOG4111FHM	0.5497005149155381	0.450299485084462
ENOG4111FHR	0.9219526498504019	0.0780473501495981
ENOG4111FHT	0.509938133370481	0.490061866629519
ENOG4111FI4	0.497191149543591	0.502808850456409
ENOG4111FIB	0.2427503937847929	0.7572496062152071
ENOG4111FII	0.5698116310036101	0.4301883689963899
ENOG4111FJH	0.5961392849598051	0.403860715040195
ENOG4111FJJ	0.13697794123266416	0.8630220587673358
ENOG4111FJM	0.4150450789200132	0.5849549210799868
ENOG4111FK0	0.03716118488245834	0.9628388151175417
ENOG4111FMN	0.8590697744390746	0.14093022556092538
ENOG4111FMS	0.48748475429127547	0.5125152457087245
ENOG4111FN8	0.28342961169304237	0.7165703883069576
ENOG4111FP3	0.1971661695013105	0.8028338304986895
ENOG4111FP4	0.24867376994676915	0.7513262300532308
ENOG4111FPD	0.34975961786007026	0.6502403821399297
ENOG4111FPK	0.07473395154827545	0.9252660484517246
ENOG4111FPU	0.45977353118195463	0.5402264688180454
ENOG4111FQE	0.41946628905192695	0.580533710948073
ENOG4111FRH	0.281641956468605	0.718358043531395
ENOG4111FRY	0.8083025004041506	0.19169749959584936
ENOG4111FS1	0.5916829938927837	0.4083170061072163
ENOG4111FS5	0.4142045489085687	0.5857954510914313
ENOG4111FSC	0.008394412726010714	0.9916055872739893
ENOG4111FSU	0.637287610974877	0.36271238902512304
ENOG4111FT5	0.9797817881833588	0.020218211816641216
ENOG4111FTJ	0.18376906972627205	0.816230930273728
ENOG4111FTQ	0.1923438023859556	0.8076561976140444
ENOG4111FTW	0.7848289648612055	0.2151710351387945
ENOG4111FUM	0.15636275338837902	0.843637246611621
ENOG4111FV3	0.6329488235872699	0.3670511764127301
ENOG4111FVC	0.9190363162902533	0.08096368370974671
ENOG4111FVN	0.46733780798997215	0.5326621920100278
ENOG4111FVX	0.8240356719553205	0.17596432804467954
ENOG4111FVZ	0.49163279787009384	0.5083672021299062
ENOG4111FW9	0.23949579770884877	0.7605042022911512
ENOG4111FXP	0.8479088835936905	0.1520911164063094
ENOG4111FYQ	0.6600834840579403	0.33991651594205974
ENOG4111FZQ	0.09727297165151128	0.9027270283484887
ENOG4111FZU	0.1496889095666425	0.8503110904333575
ENOG4111G0A	0.46877938745463343	0.5312206125453666
ENOG4111G10	0.32550914640883466	0.6744908535911653
ENOG4111G16	0.6061119616476562	0.3938880383523438
ENOG4111G17	0.12755335704440063	0.8724466429555994
ENOG4111G18	0.17865444015750465	0.8213455598424954
ENOG4111G1G	0.39837066355369677	0.6016293364463032
ENOG4111G1H	0.6148184050792307	0.38518159492076937
ENOG4111G31	0.5629239253233373	0.43707607467666265
ENOG4111G3C	0.3878532388474213	0.6121467611525787
ENOG4111G3H	0.0939682326417044	0.9060317673582956
ENOG4111G3V	0.10480074023181685	0.8951992597681832
ENOG4111G4N	0.7510691849776396	0.24893081502236034
ENOG4111G4Y	0.9372316144031136	0.0627683855968863
ENOG4111G5S	0.15422036502479464	0.8457796349752054
ENOG4111G5T	0.4749841448772879	0.5250158551227121
ENOG4111G61	0.7941113052628161	0.20588869473718388
ENOG4111G7C	0.3076479817990232	0.6923520182009768
ENOG4111G8A	0.7294538451083559	0.2705461548916442
ENOG4111G92	0.7152113612390412	0.2847886387609589
ENOG4111GA9	0.173301706037865	0.826698293962135
ENOG4111GAC	0.8207029907277499	0.17929700927225006
ENOG4111GAY	0.45465794916907853	0.5453420508309215
ENOG4111GBT	0.28351894023094026	0.7164810597690597
ENOG4111GD2	0.09999755643365604	0.900002443566344
ENOG4111GD4	0.9516045835779353	0.04839541642206472
ENOG4111GE1	0.6737503073684068	0.32624969263159326
ENOG4111GE3	0.25915161375962037	0.7408483862403796
ENOG4111GEP	0.362357712190295	0.637642287809705
ENOG4111GFD	0.7043159475063968	0.2956840524936032
ENOG4111GFI	0.7001076085592925	0.2998923914407075
ENOG4111GG1	0.015942376978775208	0.9840576230212248
ENOG4111GGU	0.06884328258051942	0.9311567174194806
ENOG4111GHH	0.2210204568194647	0.7789795431805353
ENOG4111GIZ	0.5490831529292208	0.4509168470707791
ENOG4111GJ1	0.11860458670283114	0.8813954132971689
ENOG4111GJG	0.210237549962753	0.789762450037247
ENOG4111GJN	0.9249482249451628	0.07505177505483716
ENOG4111GJX	0.3274430352940666	0.6725569647059334
ENOG4111GKT	0.15613767183204452	0.8438623281679555
ENOG4111GM9	0.9727763910958642	0.027223608904135745
ENOG4111GMQ	0.22552644961438817	0.7744735503856118
ENOG4111GMZ	0.06140787297239181	0.9385921270276082
ENOG4111GNT	0.5545938501677603	0.4454061498322397
ENOG4111GPX	0.45059728076141314	0.5494027192385869
ENOG4111GQ4	0.26270361579016643	0.7372963842098336
ENOG4111GSI	0.06459149897608008	0.9354085010239199
ENOG4111GTX	0.23237929330696072	0.7676207066930393
ENOG4111GTZ	0.05425805949605944	0.9457419405039406
ENOG4111GU7	0.12557333351316502	0.874426666486835
ENOG4111GUC	0.46220623304927944	0.5377937669507206
ENOG4111GUV	0.9632167323819185	0.03678326761808148
ENOG4111GVH	0.44541599038651813	0.5545840096134819
ENOG4111GVS	0.8858968721301319	0.11410312786986804
ENOG4111GVV	0.45970270997684193	0.5402972900231581
ENOG4111GW7	0.09892195787459801	0.901078042125402
ENOG4111GXT	0.8907597553005095	0.10924024469949048
ENOG4111GY0	0.721421835966505	0.27857816403349506
ENOG4111GYN	0.9869868173980733	0.013013182601926748
ENOG4111GYS	0.8958577806559178	0.10414221934408216
ENOG4111H02	0.03329378554627038	0.9667062144537296
ENOG4111H0I	0.3821469172703872	0.6178530827296128
ENOG4111H1A	0.9239698370149523	0.0760301629850477
ENOG4111H27	0.6657436423300964	0.33425635766990364
ENOG4111H2E	0.3241054236214659	0.6758945763785341
ENOG4111H2F	0.9408952973968351	0.0591047026031649
ENOG4111H2T	0.2203300475296418	0.7796699524703582
ENOG4111H33	0.4352746454001527	0.5647253545998473
ENOG4111H3B	0.5235790444141529	0.4764209555858471
ENOG4111H3W	0.9157645682112963	0.08423543178870374
ENOG4111H48	0.59463663248433	0.4053633675156701
ENOG4111H4F	0.23919589102274952	0.7608041089772505
ENOG4111H4R	0.6689274762847179	0.331072523715282
ENOG4111H4X	0.5417488240715449	0.45825117592845516
ENOG4111H5G	0.42223318447258273	0.5777668155274173
ENOG4111H5S	0.5416139673467018	0.45838603265329825
ENOG4111H5W	0.13772273976966964	0.8622772602303304
ENOG4111H63	0.11873543775134365	0.8812645622486563
ENOG4111H69	0.9567741491554517	0.04322585084454837
ENOG4111H6E	0.09920310868202198	0.900796891317978
ENOG4111H6F	0.1499373208660093	0.8500626791339907
ENOG4111H7A	0.031245549973295095	0.9687544500267049
ENOG4111H7S	0.04627286297410693	0.9537271370258931
ENOG4111H83	0.12527723385394218	0.8747227661460578
ENOG4111H8F	0.6701858467584274	0.32981415324157254
ENOG4111H9C	0.6152922702679176	0.38470772973208245
ENOG4111HA8	0.07358935520317345	0.9264106447968266
ENOG4111HAD	0.5998980716574835	0.4001019283425165
ENOG4111HAN	0.7487178170758229	0.2512821829241772
ENOG4111HAW	0.7075808165808956	0.29241918341910444
ENOG4111HCS	0.8855886701903475	0.11441132980965249
ENOG4111HE2	0.1675128295137126	0.8324871704862874
ENOG4111HEP	0.13032368108941395	0.869676318910586
ENOG4111HER	0.5609848725491224	0.4390151274508776
ENOG4111HF4	0.09338523680316002	0.90661476319684
ENOG4111HFM	0.2442877129768508	0.7557122870231492
ENOG4111HFP	0.6692921173297028	0.3307078826702972
ENOG4111HGD	0.6230031985192841	0.37699680148071596
ENOG4111HGP	0.8266568402366574	0.17334315976334252
ENOG4111HHM	0.872390428830396	0.127609571169604
ENOG4111HIQ	0.5993835608330613	0.40061643916693873
ENOG4111HJM	0.11208125527668833	0.8879187447233117
ENOG4111HK2	0.010647013120619997	0.98935298687938
ENOG4111HK7	0.4246524973821624	0.5753475026178376
ENOG4111HM9	0.8484340914964741	0.1515659085035259
ENOG4111HN2	0.49859516048772057	0.5014048395122794
ENOG4111HNE	0.2188047870878984	0.7811952129121016
ENOG4111HPT	0.05784084398348044	0.9421591560165196
ENOG4111HQM	0.875015138289325	0.12498486171067501
ENOG4111HR5	0.9667371532138949	0.03326284678610513
ENOG4111HS0	0.2603654978268163	0.7396345021731837
ENOG4111HT5	0.7953680723708201	0.20463192762917992
ENOG4111HTB	0.17781932192942784	0.8221806780705722
ENOG4111HU9	0.6637750668036206	0.3362249331963794
ENOG4111HUD	0.8422030188116219	0.15779698118837818
ENOG4111HWF	0.23884668010123844	0.7611533198987616
ENOG4111HX4	0.3749852206476091	0.6250147793523909
ENOG4111HYA	0.966497892053859	0.03350210794614096
ENOG4111HYX	0.4577719304028788	0.5422280695971212
ENOG4111I00	0.31772501922662366	0.6822749807733763
ENOG4111I08	0.8649205564657736	0.13507944353422643
ENOG4111I0A	0.24812172996195458	0.7518782700380454
ENOG4111I17	0.3119723785751367	0.6880276214248633
ENOG4111I1P	0.1801880772492942	0.8198119227507058
ENOG4111I4B	0.9283511796870203	0.07164882031297969
ENOG4111I4C	0.9103586231112897	0.08964137688871032
ENOG4111I5I	0.27113177908522434	0.7288682209147757
ENOG4111I5Z	0.06603980106536644	0.9339601989346336
ENOG4111I84	0.7381809852134029	0.2618190147865971
ENOG4111I8C	0.01634554352756512	0.9836544564724349
ENOG4111I91	0.47329043527982007	0.5267095647201799
ENOG4111I9X	0.11098230689436861	0.8890176931056314
ENOG4111IA1	0.2234797582221867	0.7765202417778133
ENOG4111IA6	0.23106627043050587	0.7689337295694941
ENOG4111IAA	0.8862669535441448	0.11373304645585519
ENOG4111IAR	0.22750722768206877	0.7724927723179312
ENOG4111IB3	0.7842271503644728	0.21577284963552726
ENOG4111IB8	0.9824313266771372	0.017568673322862785
ENOG4111IBG	0.5528621638682846	0.4471378361317154
ENOG4111ICB	0.7032965968232394	0.29670340317676064
ENOG4111ICX	0.03828172186292633	0.9617182781370737
ENOG4111IDI	0.03543416588354076	0.9645658341164592
ENOG4111IEF	0.5454561947011529	0.45454380529884714
ENOG4111IEY	0.6808329126083027	0.3191670873916973
ENOG4111IFW	0.042549568343906996	0.957450431656093
ENOG4111IGF	0.7287688826397272	0.2712311173602729
ENOG4111IGG	0.5348544745483963	0.4651455254516037
ENOG4111IGP	0.5056502521997561	0.4943497478002438
ENOG4111IHQ	0.7498247271232588	0.2501752728767413
ENOG4111IIE	0.19934060671810405	0.800659393281896
ENOG4111IIQ	0.3655583595614913	0.6344416404385087
ENOG4111IJ4	0.2247126806925367	0.7752873193074633
ENOG4111IJY	0.546534176384097	0.4534658236159031
ENOG4111IK7	0.8506910982434412	0.14930890175655878
ENOG4111IKE	0.17447416283248673	0.8255258371675133
ENOG4111IKU	0.20663675858345465	0.7933632414165454
ENOG4111IKW	0.06869134046129133	0.9313086595387087
ENOG4111IKZ	0.5174752871710221	0.4825247128289779
ENOG4111IM0	0.14024827891142078	0.8597517210885792
ENOG4111IN2	0.7809933614150417	0.21900663858495825
ENOG4111IN8	0.07362536926359031	0.9263746307364097
ENOG4111IP0	0.25867444099997927	0.7413255590000207
ENOG4111IP4	0.5054977970721153	0.49450220292788477
ENOG4111IP5	0.473243697857729	0.526756302142271
ENOG4111IPB	0.7162586833309004	0.28374131666909963
ENOG4111IR8	0.3465093246707103	0.6534906753292897
ENOG4111IRN	0.16095094692115441	0.8390490530788456
ENOG4111IRS	0.0045292100343746755	0.9954707899656253
ENOG4111IS1	0.36841963748225104	0.631580362517749
ENOG4111ISA	0.5777309257424085	0.4222690742575915
ENOG4111ISF	0.3543349914502535	0.6456650085497465
ENOG4111ISM	0.281531760463976	0.718468239536024
ENOG4111IT9	0.15947148063714434	0.8405285193628557
ENOG4111ITI	0.6120162616696303	0.38798373833036964
ENOG4111ITU	0.2134042930846266	0.7865957069153734
ENOG4111IU3	0.0779622479063371	0.9220377520936629
ENOG4111IU5	0.05170133904714247	0.9482986609528575
ENOG4111IU6	0.24460496240332386	0.7553950375966761
ENOG4111IV5	0.5139712966790109	0.4860287033209891
ENOG4111IV9	0.054298839421864975	0.945701160578135
ENOG4111IVG	0.616078915443289	0.38392108455671103
ENOG4111IW4	0.20168475400729158	0.7983152459927084
ENOG4111IW5	0.2780433144886276	0.7219566855113724
ENOG4111IWS	0.588922790789302	0.41107720921069807
ENOG4111IWU	0.8737492929002707	0.1262507070997293
ENOG4111IX6	0.37966887603281263	0.6203311239671874
ENOG4111IXV	0.9112864629127563	0.08871353708724375
ENOG4111IYF	0.6497695229925342	0.3502304770074658
ENOG4111IYW	0.15332767254260238	0.8466723274573976
ENOG4111IZ8	0.7304611310687337	0.2695388689312664
ENOG4111IZM	0.5067886637640648	0.4932113362359352
ENOG4111IZQ	0.7145962659611924	0.28540373403880764
ENOG4111IZY	0.008000091682517252	0.9919999083174827
ENOG4111J02	0.7929737251368885	0.20702627486311156
ENOG4111J09	0.3832264161203094	0.6167735838796906
ENOG4111J0I	0.016199694202015724	0.9838003057979843
ENOG4111J0Q	0.634271968514662	0.36572803148533795
ENOG4111J0S	0.2859819119817947	0.7140180880182053
ENOG4111J12	0.09638515079920684	0.9036148492007932
ENOG4111J14	0.5784738469164525	0.4215261530835474
ENOG4111J1J	0.12101713092102717	0.8789828690789728
ENOG4111J1Q	0.5117405459434099	0.48825945405659016
ENOG4111J2V	0.0936165320446305	0.9063834679553695
ENOG4111J32	0.2183719559092805	0.7816280440907195
ENOG4111J3F	0.6299009759675613	0.37009902403243866
ENOG4111J47	0.2452165571455197	0.7547834428544803
ENOG4111J4C	0.6840581517372039	0.31594184826279614
ENOG4111J4F	0.9232593799623854	0.0767406200376146
ENOG4111J59	0.23610160142025804	0.763898398579742
ENOG4111J5S	0.38706562202605266	0.6129343779739473
ENOG4111J6J	0.9490027781705521	0.05099722182944789
ENOG4111J8I	0.28724171779038843	0.7127582822096116
ENOG4111J8J	0.43457963895405516	0.5654203610459448
ENOG4111J8P	0.4529333291827764	0.5470666708172236
ENOG4111J9E	0.8627424447987107	0.1372575552012894
ENOG4111JA0	0.8642106934673826	0.1357893065326175
ENOG4111JA9	0.3764481766775759	0.6235518233224241
ENOG4111JAF	0.7071176329113903	0.2928823670886097
ENOG4111JE9	0.12967579408217322	0.8703242059178268
ENOG4111JEF	0.4087186554998098	0.5912813445001902
ENOG4111JEI	0.07909919231891605	0.920900807681084
ENOG4111JF2	0.10552438032520317	0.8944756196747968
ENOG4111JF4	0.057117441669562785	0.9428825583304372
ENOG4111JF9	0.34326617781384183	0.6567338221861582
ENOG4111JFU	0.2222334238774054	0.7777665761225946
ENOG4111JG6	0.5723036187384793	0.4276963812615207
ENOG4111JGF	0.32978164324247483	0.6702183567575252
ENOG4111JH1	0.05425216828844692	0.9457478317115531
ENOG4111JHW	0.4364517574429836	0.5635482425570164
ENOG4111JJ1	0.23071358714808132	0.7692864128519187
ENOG4111JJC	0.9609393553080312	0.039060644691968786
ENOG4111JJK	0.13883650709166206	0.8611634929083379
ENOG4111JM7	0.5215635912982836	0.47843640870171644
ENOG4111JMY	0.8221917926014493	0.1778082073985508
ENOG4111JNB	0.18939699115273156	0.8106030088472684
ENOG4111JPB	0.08158569744279676	0.9184143025572032
ENOG4111JRE	0.3343447586559182	0.6656552413440818
ENOG4111JRQ	0.07216910353358019	0.9278308964664198
ENOG4111JRX	0.20129638717883003	0.79870361282117
ENOG4111JSY	0.26849071429580285	0.7315092857041972
ENOG4111JTA	0.12056839163071853	0.8794316083692815
ENOG4111JTP	0.5659952161847419	0.43400478381525803
ENOG4111JUF	0.13542246192904484	0.8645775380709552
ENOG4111JVQ	0.8068140740184171	0.19318592598158285
ENOG4111JW6	0.21263847697356852	0.7873615230264315
ENOG4111JXQ	0.32029173143299083	0.6797082685670092
ENOG4111JXV	0.6474283358768393	0.3525716641231606
ENOG4111JY3	0.5404978565777958	0.45950214342220425
ENOG4111JZ3	0.47367233224140204	0.526327667758598
ENOG4111JZY	0.01680509720837775	0.9831949027916222
ENOG4111K10	0.05658702183151498	0.943412978168485
ENOG4111K11	0.8934170593592294	0.10658294064077062
ENOG4111K1F	0.7099089775432312	0.2900910224567688
ENOG4111K1X	0.20091650588490761	0.7990834941150924
ENOG4111K2Z	0.8884807827386147	0.11151921726138529
ENOG4111K3A	0.10268001805223714	0.8973199819477629
ENOG4111K3U	0.3025856765006175	0.6974143234993825
ENOG4111K4P	0.23982867058749624	0.7601713294125038
ENOG4111K5F	0.0620807407918228	0.9379192592081772
ENOG4111K60	0.9470101660875676	0.05298983391243238
ENOG4111K68	0.19254081243306154	0.8074591875669385
ENOG4111K7U	0.14928008476304555	0.8507199152369544
ENOG4111KAC	0.16262002884023818	0.8373799711597618
ENOG4111KAX	0.5288707470015559	0.47112925299844416
ENOG4111KBU	0.32171551857615666	0.6782844814238433
ENOG4111KC4	0.7264684865337172	0.27353151346628274
ENOG4111KCB	0.8095585734111286	0.19044142658887142
ENOG4111KET	0.3540833205778916	0.6459166794221084
ENOG4111KFV	0.7842599769575022	0.21574002304249784
ENOG4111KHV	0.16349756427709894	0.8365024357229011
ENOG4111KIA	0.39043067536902054	0.6095693246309795
ENOG4111KIH	0.5294047913790457	0.4705952086209543
ENOG4111KIY	0.6654445227395873	0.33455547726041274
ENOG4111KK4	0.3620533208026496	0.6379466791973504
ENOG4111KKM	0.8784367249678953	0.12156327503210475
ENOG4111KMZ	0.9085999888607	0.09140001113929992
ENOG4111KNJ	0.31284537777038635	0.6871546222296137
ENOG4111KPG	0.40425421923747695	0.595745780762523
ENOG4111KPU	0.19441973095396337	0.8055802690460366
ENOG4111KPX	0.5947515877736037	0.4052484122263963
ENOG4111KQ1	0.2662874419581889	0.7337125580418111
ENOG4111KQ4	0.5506756978802437	0.44932430211975627
ENOG4111KQG	0.5137408026385927	0.4862591973614073
ENOG4111KQP	0.6770261901221347	0.3229738098778653
ENOG4111KQS	0.2966674938022059	0.7033325061977941
ENOG4111KR4	0.7565149403197085	0.24348505968029152
ENOG4111KST	0.87827791782568	0.12172208217431997
ENOG4111KT7	0.6193005488535319	0.38069945114646814
ENOG4111KTA	0.23541725407823166	0.7645827459217683
ENOG4111KUS	0.49639588910620425	0.5036041108937958
ENOG4111KX6	0.3461405364657252	0.6538594635342748
ENOG4111KXQ	0.3792816362080711	0.6207183637919289
ENOG4111KXW	0.5319560522123841	0.4680439477876159
ENOG4111KZH	0.7066458122040862	0.2933541877959138
ENOG4111M0T	0.4478776066297294	0.5521223933702706
ENOG4111M0W	0.8224711515388987	0.17752884846110126
ENOG4111M1F	0.6853697006894962	0.3146302993105038
ENOG4111M1G	0.11939291036153721	0.8806070896384628
ENOG4111M2K	0.0951273775580962	0.9048726224419038
ENOG4111M2M	0.45212011740945024	0.5478798825905498
ENOG4111M32	0.17046020549640284	0.8295397945035972
ENOG4111M3K	0.03252712092259258	0.9674728790774074
ENOG4111M48	0.2101124437767894	0.7898875562232106
ENOG4111M4M	0.5432434365699408	0.45675656343005927
ENOG4111M65	0.4434070936315342	0.5565929063684658
ENOG4111M92	0.834849931967226	0.16515006803277404
ENOG4111MAD	0.9537673175471499	0.046232682452850116
ENOG4111MAU	0.7718199941183947	0.2281800058816053
ENOG4111MD3	0.3174987901220808	0.6825012098779192
ENOG4111MEE	0.24482952498516564	0.7551704750148344
ENOG4111MHG	0.47692494572125	0.52307505427875
ENOG4111MJI	0.17637782346461883	0.8236221765353812
ENOG4111MK0	0.7321119803974965	0.26788801960250347
ENOG4111MKU	0.3022735273581897	0.6977264726418103
ENOG4111MN7	0.6650636653196562	0.33493633468034384
ENOG4111MNI	0.5057339122445741	0.49426608775542596
ENOG4111MPH	0.9630176206317228	0.036982379368277196
ENOG4111MQE	0.40175294833533715	0.5982470516646629
ENOG4111MQQ	0.496407141946722	0.503592858053278
ENOG4111MSB	0.9691519383987777	0.03084806160122229
ENOG4111MSD	0.5754369707813438	0.42456302921865624
ENOG4111MSE	0.17391394957485096	0.826086050425149
ENOG4111MTK	0.07682106002677924	0.9231789399732208
ENOG4111MUY	0.5865422311012809	0.41345776889871905
ENOG4111MV5	0.07413244056077017	0.9258675594392298
ENOG4111MXV	0.08729231524635661	0.9127076847536434
ENOG4111MY9	0.8564275849475882	0.14357241505241183
ENOG4111N1T	0.7855177956966288	0.21448220430337112
ENOG4111N38	0.10007462255811983	0.8999253774418802
ENOG4111N3J	0.045902399664889515	0.9540976003351105
ENOG4111N3T	0.5055456926620712	0.4944543073379289
ENOG4111N49	0.5941753578018985	0.4058246421981016
ENOG4111N5F	0.9822832385098068	0.017716761490193238
ENOG4111N5G	0.41844322430124603	0.581556775698754
ENOG4111N5J	0.04450738111386232	0.9554926188861377
ENOG4111N5P	0.16312295072434668	0.8368770492756533
ENOG4111N5Z	0.20047385330946543	0.7995261466905346
ENOG4111N65	0.7170055079060736	0.28299449209392635
ENOG4111N6E	0.02534245537161739	0.9746575446283826
ENOG4111N6F	0.3293208592964866	0.6706791407035134
ENOG4111N74	0.9051039504449264	0.09489604955507362
ENOG4111N77	0.9532697421059719	0.04673025789402806
ENOG4111N8X	0.25226698010616666	0.7477330198938333
ENOG4111N9P	0.3002529188854999	0.6997470811145001
ENOG4111N9R	0.15958415072457766	0.8404158492754223
ENOG4111NAR	0.6024169061234148	0.3975830938765852
ENOG4111NAW	0.11711338691339301	0.882886613086607
ENOG4111NBJ	0.1767553665090731	0.8232446334909269
ENOG4111NCC	0.312100573381938	0.687899426618062
ENOG4111NCI	0.7982873357030433	0.20171266429695672
ENOG4111NCU	0.9225595370262049	0.07744046297379517
ENOG4111NDK	0.9675750222991621	0.032424977700837875
ENOG4111NDW	0.9781385335224626	0.021861466477537415
ENOG4111NDY	0.13708240744088662	0.8629175925591134
ENOG4111NE3	0.5936243470635509	0.406375652936449
ENOG4111NE4	0.6146035287249658	0.3853964712750342
ENOG4111NEM	0.6611375382256492	0.3388624617743508
ENOG4111NFV	0.2240202193057944	0.7759797806942056
ENOG4111NGP	0.509388992686437	0.49061100731356305
ENOG4111NHW	0.5037922103043189	0.4962077896956811
ENOG4111NHY	0.6047086144690081	0.39529138553099186
ENOG4111NIG	0.4170693822631476	0.5829306177368524
ENOG4111NJ6	0.1466540156496	0.8533459843504
ENOG4111NK7	0.7498379092284078	0.25016209077159224
ENOG4111NKI	0.3116446576610584	0.6883553423389416
ENOG4111NM0	0.6225860084967538	0.3774139915032462
ENOG4111NM2	0.8302659973579185	0.16973400264208144
ENOG4111NPN	0.18567092382869455	0.8143290761713055
ENOG4111NQ9	0.6699917415526403	0.3300082584473597
ENOG4111NSJ	0.34710402305377186	0.6528959769462281
ENOG4111NSM	0.7112988236484843	0.28870117635151576
ENOG4111NUB	0.8891263753859059	0.11087362461409411
ENOG4111NUM	0.9640786301946032	0.035921369805396834
ENOG4111NVN	0.27648716324762235	0.7235128367523777
ENOG4111NW5	0.4347717545901818	0.5652282454098182
ENOG4111NX4	0.05339654650121106	0.9466034534987889
ENOG4111NXY	0.7514766898750485	0.2485233101249515
ENOG4111NXZ	0.4602586097617045	0.5397413902382955
ENOG4111NY9	0.4022703564977884	0.5977296435022116
ENOG4111NYN	0.6126290385553284	0.38737096144467165
ENOG4111NYT	0.07419972023965804	0.925800279760342
ENOG4111NZ6	0.48436857650839016	0.5156314234916098
ENOG4111NZ7	0.397457008801134	0.602542991198866
ENOG4111NZA	0.8815626756743007	0.11843732432569935
ENOG4111P1U	0.04587642519304347	0.9541235748069565
ENOG4111P27	0.40841750898402196	0.591582491015978
ENOG4111P2A	0.12985929309015765	0.8701407069098424
ENOG4111P3Q	0.6106175976260935	0.3893824023739065
ENOG4111P40	0.4814465784970533	0.5185534215029467
ENOG4111P5G	0.28726711165543284	0.7127328883445672
ENOG4111P6H	0.19524505487827537	0.8047549451217246
ENOG4111P6R	0.5006864686885613	0.49931353131143874
ENOG4111P72	0.15399138864704975	0.8460086113529502
ENOG4111P7W	0.48675135092003097	0.513248649079969
ENOG4111P8N	0.901356412111177	0.098643587888823
ENOG4111P8P	0.7827153487366545	0.21728465126334545
ENOG4111P9X	0.8839130006978488	0.11608699930215113
ENOG4111PAN	0.9353365495986885	0.06466345040131151
ENOG4111PAT	0.04817284326316851	0.9518271567368315
ENOG4111PBP	0.1609357042857773	0.8390642957142227
ENOG4111PBW	0.7706550068861484	0.22934499311385156
ENOG4111PCU	0.08341312039658488	0.9165868796034151
ENOG4111PCY	0.7297600317398178	0.2702399682601821
ENOG4111PDN	0.06748003307799466	0.9325199669220053
ENOG4111PE9	0.07064469040651467	0.9293553095934853
ENOG4111PF0	0.25312155976500317	0.7468784402349968
ENOG4111PFY	0.14646021881889948	0.8535397811811005
ENOG4111PGF	0.07709074126998028	0.9229092587300197
ENOG4111PGP	0.824198343313544	0.17580165668645595
ENOG4111PGV	0.6476048458434386	0.3523951541565614
ENOG4111PHP	0.5715514519235606	0.4284485480764394
ENOG4111PHS	0.8405597204920273	0.1594402795079727
ENOG4111PIZ	0.7587559752264557	0.24124402477354437
ENOG4111PJN	0.05561335663181144	0.9443866433681886
ENOG4111PKH	0.44423019886998405	0.555769801130016
ENOG4111PKS	0.39530722458213674	0.6046927754178633
ENOG4111PM0	0.3929080525023506	0.6070919474976494
ENOG4111PN7	0.534055196693901	0.465944803306099
ENOG4111PQG	0.22187968133691682	0.7781203186630832
ENOG4111PQH	0.08384391588140461	0.9161560841185954
ENOG4111PR2	0.1467525385611237	0.8532474614388763
ENOG4111PS2	0.09783504632865292	0.9021649536713471
ENOG4111PSY	0.2738346814676551	0.7261653185323449
ENOG4111PT3	0.4066876283166633	0.5933123716833367
ENOG4111PTK	0.32872984368072855	0.6712701563192714
ENOG4111PTS	0.5488278125578205	0.45117218744217946
ENOG4111PUJ	0.12225534500722235	0.8777446549927777
ENOG4111PUW	0.7125974872530202	0.2874025127469798
ENOG4111PV2	0.8924829607813891	0.10751703921861093
ENOG4111PW0	0.3882634429084483	0.6117365570915517
ENOG4111PXB	0.06507623801534912	0.9349237619846509
ENOG4111PXI	0.32172642923558836	0.6782735707644116
ENOG4111PZ8	0.4889181895703071	0.5110818104296929
ENOG4111PZR	0.306210217563596	0.693789782436404
ENOG4111Q0R	0.9824594840185875	0.017540515981412437
ENOG4111Q2P	0.35800581843966217	0.6419941815603378
ENOG4111Q38	0.10864091012721289	0.8913590898727871
ENOG4111Q3E	0.6237014089117303	0.37629859108826974
ENOG4111Q3F	0.8418239710936345	0.1581760289063655
ENOG4111Q41	0.684928008241893	0.31507199175810696
ENOG4111Q4I	0.908332235479664	0.09166776452033601
ENOG4111Q5N	0.6647981010118105	0.33520189898818953
ENOG4111Q8R	0.0950317117748285	0.9049682882251715
ENOG4111Q8X	0.04115072725662894	0.9588492727433711
ENOG4111Q95	0.23028054683704446	0.7697194531629555
ENOG4111Q99	0.6328338784776033	0.36716612152239664
ENOG4111Q9V	0.7476496402504714	0.2523503597495286
ENOG4111QAP	0.15436412227764085	0.8456358777223592
ENOG4111QB7	0.09891997592401158	0.9010800240759884
ENOG4111QCF	0.5159114491812258	0.48408855081877417
ENOG4111QDA	0.23295111305093408	0.7670488869490659
ENOG4111QED	0.09839361585014872	0.9016063841498513
ENOG4111QEZ	0.10857784395540915	0.8914221560445909
ENOG4111QH7	0.7848344760828476	0.21516552391715235
ENOG4111QI3	0.3931679183799113	0.6068320816200887
ENOG4111QIE	0.0643903662043751	0.9356096337956249
ENOG4111QIR	0.23163744831070976	0.7683625516892902
ENOG4111QK2	0.22025938983808868	0.7797406101619113
ENOG4111QKP	0.396182693209565	0.603817306790435
ENOG4111QM8	0.38254866314922475	0.6174513368507752
ENOG4111QMH	0.29606467304900863	0.7039353269509914
ENOG4111QMM	0.9693656004313033	0.030634399568696766
ENOG4111QNG	0.24547188034326528	0.7545281196567347
ENOG4111QNK	0.21155442647332778	0.7884455735266722
ENOG4111QPB	0.5558652714475416	0.44413472855245845
ENOG4111QPQ	0.42196138569130226	0.5780386143086977
ENOG4111QQI	0.6080337347523497	0.39196626524765027
ENOG4111QRJ	0.28632641592125707	0.7136735840787429
ENOG4111QRM	0.6162743578921663	0.3837256421078337
ENOG4111QSB	0.9064154942187104	0.09358450578128957
ENOG4111QSP	0.7949478132495877	0.20505218675041226
ENOG4111QVA	0.5565965906749697	0.44340340932503036
ENOG4111QVX	0.9615576386739221	0.03844236132607796
ENOG4111QWX	0.2707181424516184	0.7292818575483816
ENOG4111QWZ	0.6568628315425444	0.34313716845745557
ENOG4111QXE	0.8994615244992765	0.10053847550072349
ENOG4111QY1	0.9710516668687492	0.028948333131250812
ENOG4111QZM	0.35003640151462556	0.6499635984853744
ENOG4111R0Z	0.1392668407623313	0.8607331592376687
ENOG4111R45	0.9959288725639188	0.004071127436081149
ENOG4111R49	0.3638941021697891	0.6361058978302109
ENOG4111R4E	0.8185068238128617	0.1814931761871384
ENOG4111R5D	0.6767089390815555	0.32329106091844456
ENOG4111R5R	0.13530649947619888	0.8646935005238011
ENOG4111R75	0.1409221024794397	0.8590778975205603
ENOG4111R7X	0.8796413840507332	0.12035861594926682
ENOG4111R8J	0.2931273458875231	0.7068726541124769
ENOG4111R9X	0.27841641561877917	0.7215835843812208
ENOG4111RAU	0.8137490286812114	0.18625097131878865
ENOG4111RAW	0.922822209627703	0.07717779037229705
ENOG4111RAY	0.14184309162053943	0.8581569083794606
ENOG4111RBN	0.9668156925347889	0.03318430746521101
ENOG4111RE7	0.9713720191536475	0.02862798084635249
ENOG4111RF9	0.6206202083296701	0.3793797916703299
ENOG4111RG5	0.9918300339360839	0.008169966063916059
ENOG4111RJG	0.47528263577880336	0.5247173642211966
ENOG4111RK4	0.8509717852195998	0.14902821478040018
ENOG4111RK5	0.5307807251911814	0.46921927480881864
ENOG4111RMG	0.3376613035085374	0.6623386964914626
ENOG4111RP5	0.2985716838570269	0.7014283161429731
ENOG4111RPR	0.631357186500688	0.3686428134993121
ENOG4111RQG	0.7095318783775522	0.2904681216224478
ENOG4111RR2	0.316348399010256	0.683651600989744
ENOG4111RTN	0.03615726838071387	0.9638427316192861
ENOG4111RVG	0.321474517324702	0.678525482675298
ENOG4111RVU	0.5706777401697931	0.4293222598302069
ENOG4111RXV	0.23620819808694848	0.7637918019130515
ENOG4111RXW	0.5427685034756564	0.45723149652434353
ENOG4111S03	0.9632366593623443	0.03676334063765577
ENOG4111S0N	0.025542320793154216	0.9744576792068458
ENOG4111S0X	0.6419843250995116	0.3580156749004884
ENOG4111S28	0.8970480668356922	0.10295193316430787
ENOG4111S2E	0.23782245918493228	0.7621775408150677
ENOG4111S4M	0.09143160043735754	0.9085683995626425
ENOG4111S5U	0.6943585523529097	0.30564144764709034
ENOG4111S5Y	0.5696368376090709	0.4303631623909291
ENOG4111S7S	0.3221442833524011	0.6778557166475989
ENOG4111S80	0.26359863439508446	0.7364013656049155
ENOG4111S85	0.43063172461955834	0.5693682753804417
ENOG4111SF2	0.8546139219508082	0.14538607804919182
ENOG4111SHZ	0.8959584226808142	0.10404157731918584
ENOG4111SI6	0.6957775379718424	0.3042224620281576
ENOG4111SIP	0.0848106234079542	0.9151893765920458
ENOG4111SIZ	0.3338788781085804	0.6661211218914196
ENOG4111SNC	0.32583761330444483	0.6741623866955552
ENOG4111SP3	0.8323515342744787	0.16764846572552128
ENOG4111SQY	0.053048426363328294	0.9469515736366717
ENOG4111SS3	0.11876479956573605	0.881235200434264
ENOG4111ST7	0.8390638281769314	0.16093617182306866
ENOG4111STI	0.9533903018161384	0.04660969818386166
ENOG4111SUH	0.16493269145986322	0.8350673085401368
ENOG4111SVA	0.016213987204546365	0.9837860127954536
ENOG4111SWE	0.9111368339392145	0.08886316606078547
ENOG4111SXP	0.9088051641307311	0.09119483586926887
ENOG4111SZ8	0.3871505927417015	0.6128494072582985
ENOG4111SZV	0.17898079537744693	0.8210192046225531
ENOG4111T16	0.40300141450859706	0.5969985854914029
ENOG4111T25	0.16212793895239752	0.8378720610476025
ENOG4111T3F	0.027327789195159324	0.9726722108048407
ENOG4111T3U	0.9839745355348888	0.016025464465111237
ENOG4111T45	0.7255560474036067	0.27444395259639337
ENOG4111T81	0.7648079579992397	0.23519204200076022
ENOG4111T85	0.03610220288550181	0.9638977971144982
ENOG4111TA0	0.9690828035586727	0.030917196441327278
ENOG4111TA5	0.2981726391210605	0.7018273608789395
ENOG4111TCK	0.8979872863865426	0.10201271361345748
ENOG4111TEE	0.07029654627188564	0.9297034537281144
ENOG4111TF8	0.5766815907219334	0.42331840927806663
ENOG4111THK	0.6286418731634162	0.3713581268365838
ENOG4111TI2	0.6358527699275183	0.3641472300724817
ENOG4111TM1	0.9772338734487828	0.022766126551217198
ENOG4111TMT	0.214932952934345	0.785067047065655
ENOG4111TP8	0.7699634014941418	0.23003659850585823
ENOG4111TPB	0.37771764411668973	0.6222823558833103
ENOG4111TPH	0.04478639778473459	0.9552136022152654
ENOG4111TPP	0.6179486551972321	0.3820513448027679
ENOG4111TPW	0.2764582270324194	0.7235417729675806
ENOG4111TQ2	0.5448861735070132	0.45511382649298676
ENOG4111TQP	0.2965395928728032	0.7034604071271968
ENOG4111TR8	0.8074103679470297	0.19258963205297025
ENOG4111TT5	0.418416850070801	0.581583149929199
ENOG4111TUC	0.14672322378419267	0.8532767762158073
ENOG4111TV5	0.19581188154298346	0.8041881184570165
ENOG4111TV7	0.6160345998294279	0.38396540017057207
ENOG4111TVE	0.46330743346277536	0.5366925665372246
ENOG4111TVJ	0.08581862074314806	0.914181379256852
ENOG4111TVT	0.36897373408962	0.63102626591038
ENOG4111TW4	0.7162187299412572	0.2837812700587428
ENOG4111TYD	0.9707521966262788	0.02924780337372122
ENOG4111TZE	0.1442405019739782	0.8557594980260218
ENOG4111TZK	0.6413269808108263	0.3586730191891737
ENOG4111TZS	0.8890866122194345	0.11091338778056542
ENOG4111U0C	0.6456625942885901	0.35433740571141
ENOG4111U0Q	0.44460368351131907	0.5553963164886809
ENOG4111U0V	0.14168106248036005	0.85831893751964
ENOG4111U16	0.440720586925327	0.559279413074673
ENOG4111U17	0.19123911404643656	0.8087608859535634
ENOG4111U1N	0.5227342815987195	0.47726571840128057
ENOG4111U22	0.16320689314241432	0.8367931068575857
ENOG4111U2D	0.29490512529817914	0.7050948747018209
ENOG4111U31	0.24881480383084065	0.7511851961691594
ENOG4111U3E	0.23580312585264052	0.7641968741473595
ENOG4111U3N	0.5910705733901063	0.4089294266098937
ENOG4111U4X	0.46404324721698853	0.5359567527830115
ENOG4111U6H	0.6541633522108676	0.3458366477891323
ENOG4111U6K	0.060991460671035	0.939008539328965
ENOG4111U7C	0.6755263443755436	0.3244736556244564
ENOG4111U7F	0.2338708536139671	0.7661291463860329
ENOG4111U8H	0.3365049183157568	0.6634950816842432
ENOG4111U9I	0.79209204057731	0.20790795942269008
ENOG4111UAD	0.13841078204537394	0.8615892179546261
ENOG4111UBA	0.7123432242677694	0.2876567757322306
ENOG4111UC1	0.6758473477342342	0.3241526522657658
ENOG4111UC5	0.03655483201704213	0.9634451679829579
ENOG4111UDF	0.7749858884486908	0.22501411155130924
ENOG4111UDY	0.2766446031629649	0.7233553968370351
ENOG4111UEA	0.6493018697874913	0.3506981302125088
ENOG4111UEH	0.9103297226315146	0.08967027736848548
ENOG4111UEU	0.5704667563015018	0.42953324369849827
ENOG4111UF3	0.8185705366948788	0.18142946330512125
ENOG4111UFC	0.5210243155367272	0.47897568446327277
ENOG4111UIG	0.25129175338708043	0.7487082466129196
ENOG4111UIN	0.9678478162198114	0.03215218378018854
ENOG4111UIX	0.6148896011969909	0.38511039880300907
ENOG4111UJ1	0.9290661913709224	0.07093380862907755
ENOG4111UPA	0.8115654822846485	0.1884345177153514
ENOG4111UPR	0.7244788812015999	0.2755211187984001
ENOG4111UPV	0.16327947070253968	0.8367205292974603
ENOG4111UPZ	0.8659222123713015	0.13407778762869849
ENOG4111UQ3	0.19774008905607554	0.8022599109439245
ENOG4111UQ8	0.1954365179476718	0.8045634820523282
ENOG4111URC	0.9313093293471872	0.06869067065281273
ENOG4111URS	0.08909160278938555	0.9109083972106145
ENOG4111URT	0.10034494910936198	0.899655050890638
ENOG4111UTK	0.010574049559495258	0.9894259504405047
ENOG4111UTW	0.2358437345106057	0.7641562654893943
ENOG4111UW1	0.11014629215061655	0.8898537078493834
ENOG4111UWB	0.9300103498515152	0.0699896501484848
ENOG4111UWD	0.8608972550948158	0.13910274490518412
ENOG4111UWQ	0.45479764201703277	0.5452023579829672
ENOG4111UX1	0.959358037705871	0.040641962294128926
ENOG4111UXB	0.87546708569933	0.12453291430067004
ENOG4111UXR	0.03494036632411879	0.9650596336758812
ENOG4111UXX	0.7604277018133295	0.23957229818667045
ENOG4111UY6	0.12830448806100636	0.8716955119389936
ENOG4111UYB	0.9916277609761579	0.008372239023842149
ENOG4111UYD	0.5291139684420954	0.47088603155790465
ENOG4111UYM	0.31120503947497147	0.6887949605250285
ENOG4111UYV	0.18250247131763475	0.8174975286823652
ENOG4111V0N	0.1835624561623468	0.8164375438376532
ENOG4111V0R	0.5964143406628954	0.4035856593371046
ENOG4111V1K	0.039714868575313256	0.9602851314246867
ENOG4111V3E	0.13465147933310795	0.865348520666892
ENOG4111V4C	0.9936030101785063	0.00639698982149375
ENOG4111V59	0.09656678318850975	0.9034332168114902
ENOG4111V6N	0.12086691592899756	0.8791330840710024
ENOG4111V6P	0.6300307744224998	0.3699692255775003
ENOG4111V9E	0.7669741765922631	0.23302582340773692
ENOG4111VB8	0.8518463698421875	0.14815363015781247
ENOG4111VCA	0.16487679868382155	0.8351232013161785
ENOG4111VDB	0.15931411585545285	0.8406858841445471
ENOG4111VDF	0.1915411163082006	0.8084588836917994
ENOG4111VDI	0.8424206047315644	0.15757939526843556
ENOG4111VEY	0.8599524854375717	0.14004751456242825
ENOG4111VF0	0.7545083011811526	0.2454916988188473
ENOG4111VF3	0.6790848033331106	0.3209151966668894
ENOG4111VFN	0.5359464390067022	0.46405356099329775
ENOG4111VGM	0.13026956712017368	0.8697304328798263
ENOG4111VGN	0.46391257617014947	0.5360874238298505
ENOG4111VHI	0.393572925328459	0.606427074671541
ENOG4111VIT	0.16655950193161917	0.8334404980683808
ENOG4111VJV	0.10795935355082953	0.8920406464491705
ENOG4111VPR	0.8976092716964377	0.10239072830356229
ENOG4111VPT	0.40538660244076163	0.5946133975592384
ENOG4111VQ2	0.41850503169358777	0.5814949683064122
ENOG4111VQX	0.5386626230479228	0.46133737695207716
ENOG4111VSQ	0.09028411133260839	0.9097158886673916
ENOG4111VT6	0.1516079727311943	0.8483920272688057
ENOG4111VUA	0.23585103479752045	0.7641489652024795
ENOG4111VW1	0.11499947143306977	0.8850005285669302
ENOG4111VWJ	0.5239756259481112	0.47602437405188885
ENOG4111VWX	0.10215549621392495	0.897844503786075
ENOG4111VXK	0.2691216229806275	0.7308783770193725
ENOG4111VXM	0.7844046642383505	0.21559533576164946
ENOG4111VZ8	0.07239435777782222	0.9276056422221778
ENOG4111VZN	0.8289965818014319	0.17100341819856812
ENOG4111W16	0.11233107851861446	0.8876689214813855
ENOG4111W1A	0.2849918398189901	0.7150081601810099
ENOG4111W24	0.6051532778874971	0.394846722112503
ENOG4111W4E	0.043823180899911995	0.956176819100088
ENOG4111W74	0.40558304377868004	0.59441695622132
ENOG4111W7K	0.20563152004429164	0.7943684799557084
ENOG4111W94	0.4155654508266726	0.5844345491733274
ENOG4111W9B	0.6651139410146905	0.3348860589853095
ENOG4111WA6	0.28338568780858353	0.7166143121914165
ENOG4111WBC	0.20068280557673446	0.7993171944232655
ENOG4111WBG	0.28571057748221973	0.7142894225177803
ENOG4111WCM	0.6715845590907298	0.3284154409092702
ENOG4111WCW	0.03166856238049531	0.9683314376195047
ENOG4111WCX	0.17765760967794397	0.822342390322056
ENOG4111WDD	0.122777685177064	0.877222314822936
ENOG4111WE9	0.12521518468557968	0.8747848153144203
ENOG4111WEQ	0.4264976120776287	0.5735023879223713
ENOG4111WH3	0.5638583245087713	0.43614167549122873
ENOG4111WHE	0.931812594686105	0.06818740531389497
ENOG4111WKA	0.6070765495789856	0.39292345042101434
ENOG4111WKC	0.4141612229393089	0.5858387770606911
ENOG4111WM5	0.7379569164720725	0.2620430835279275
ENOG4111WP6	0.29055296938804676	0.7094470306119532
ENOG4111WPT	0.7659268462854555	0.23407315371454454
ENOG4111WR2	0.4192299190071832	0.5807700809928168
ENOG4111WSW	0.052970940334498895	0.9470290596655011
ENOG4111WT0	0.9261380830463236	0.07386191695367635
ENOG4111WVZ	0.4477529026646493	0.5522470973353507
ENOG4111WWI	0.5405050647200814	0.4594949352799186
ENOG4111WYU	0.2886572106098524	0.7113427893901476
ENOG4111X18	0.977904056570247	0.02209594342975296
ENOG4111X1G	0.04708900945750527	0.9529109905424947
ENOG4111X1U	0.41627985454992134	0.5837201454500787
ENOG4111X32	0.19518200031383648	0.8048179996861635
ENOG4111X4R	0.6888378498293777	0.31116215017062226
ENOG4111X4U	0.2468740234589204	0.7531259765410796
ENOG4111X4W	0.09225305878831402	0.907746941211686
ENOG4111X5A	0.3794102231385009	0.6205897768614991
ENOG4111X6B	0.517106777864375	0.4828932221356251
ENOG4111X7Q	0.5136103376890625	0.4863896623109375
ENOG4111X8M	0.2576664689712256	0.7423335310287744
ENOG4111X93	0.6329648332564439	0.367035166743556
ENOG4111X9N	0.8790902039914861	0.12090979600851397
ENOG4111X9P	0.08703603362473189	0.9129639663752681
ENOG4111XA1	0.46060860210131893	0.5393913978986811
ENOG4111XBZ	0.16332041877240633	0.8366795812275937
ENOG4111XE1	0.9149568593290064	0.08504314067099357
ENOG4111XEB	0.7193266084108519	0.28067339158914806
ENOG4111XG8	0.10145013449603257	0.8985498655039674
ENOG4111XGE	0.13718505898062106	0.862814941019379
ENOG4111XHJ	0.4685362329957714	0.5314637670042286
ENOG4111XHQ	0.8474387910254331	0.15256120897456688
ENOG4111XIQ	0.6225235211081239	0.377476478891876
ENOG4111XIY	0.18822772462938053	0.8117722753706195
ENOG4111XKI	0.23894296649752933	0.7610570335024707
ENOG4111XM2	0.33974492998704275	0.6602550700129572
ENOG4111XM6	0.6495392153544952	0.35046078464550484
ENOG4111XQA	0.20092700751981885	0.7990729924801812
ENOG4111XRY	0.4911788830846646	0.5088211169153354
ENOG4111XT6	0.08618666896631133	0.9138133310336887
ENOG4111XUI	0.46988009630721317	0.5301199036927868
ENOG4111XUP	0.61415539061286	0.38584460938714005
ENOG4111XX8	0.20033753947628352	0.7996624605237165
ENOG4111XY5	0.117339948730662	0.882660051269338
ENOG4111XY8	0.12746229278213883	0.8725377072178612
ENOG4111XYH	0.3737427408241101	0.6262572591758899
ENOG4111XYI	0.8138376816436137	0.18616231835638625
ENOG4111XZ2	0.5595892293450879	0.44041077065491213
ENOG4111XZX	0.9327387756900731	0.06726122430992691
ENOG4111Y09	0.09875689075273053	0.9012431092472695
ENOG4111Y1J	0.729457562063738	0.2705424379362619
ENOG4111Y1Q	0.0474690594528705	0.9525309405471295
ENOG4111Y4A	0.7198400141169925	0.2801599858830075
ENOG4111Y5X	0.9031670201285692	0.09683297987143077
ENOG4111Y98	0.6389323918298268	0.36106760817017325
ENOG4111Y9T	0.4190373337870076	0.5809626662129924
ENOG4111Y9W	0.5948602797511682	0.4051397202488319
ENOG4111YA8	0.6725447015552457	0.3274552984447543
ENOG4111YAV	0.05576345747518752	0.9442365425248125
ENOG4111YBH	0.6718639231044494	0.32813607689555063
ENOG4111YBI	0.441006151266639	0.558993848733361
ENOG4111YCG	0.8662985036381232	0.13370149636187684
ENOG4111YCR	0.5310558436065942	0.46894415639340575
ENOG4111YD2	0.7838650218003678	0.2161349781996323
ENOG4111YD9	0.03347410911987991	0.9665258908801201
ENOG4111YFP	0.5222661564536297	0.4777338435463703
ENOG4111YGG	0.5313746383405125	0.4686253616594875
ENOG4111YIZ	0.72064729070849	0.27935270929151
ENOG4111YJ7	0.0757860287995814	0.9242139712004186
ENOG4111YKD	0.006248206357765462	0.9937517936422345
ENOG4111YP9	0.050035156675614645	0.9499648433243854
ENOG4111YTX	0.0905591617432231	0.9094408382567769
ENOG4111YW7	0.15491213396581405	0.845087866034186
ENOG4111YX5	0.2424691649734072	0.7575308350265928
ENOG4111YYX	0.019492172473579816	0.9805078275264202
ENOG4111YZU	0.1396796715854779	0.8603203284145221
ENOG4111Z1T	0.20470126124355248	0.7952987387564475
ENOG4111Z5W	0.900211281071245	0.09978871892875495
ENOG4111Z5Z	0.8918457447709829	0.10815425522901707
ENOG4111Z9C	0.021366335202238407	0.9786336647977616
ENOG4111Z9Q	0.7668402478010312	0.23315975219896876
ENOG4111ZBD	0.10167314072535638	0.8983268592746436
ENOG4111ZBZ	0.8449677510192659	0.15503224898073403
ENOG4111ZC3	0.5598104788283954	0.4401895211716046
ENOG4111ZCE	0.4178304382472424	0.5821695617527576
ENOG4111ZD2	0.1457344137411879	0.8542655862588121
ENOG4111ZD8	0.31781572740892505	0.682184272591075
ENOG4111ZGW	0.6884356204106978	0.31156437958930217
ENOG4111ZH5	0.32245422353571207	0.6775457764642879
ENOG4111ZHP	0.770453066448897	0.229546933551103
ENOG4111ZJC	0.5034891980960825	0.49651080190391744
ENOG4111ZNI	0.3547484564393819	0.6452515435606181
ENOG4111ZNZ	0.8508892879984893	0.14911071200151071
ENOG4111ZQ2	0.6533994739344628	0.3466005260655371
ENOG4111ZQX	0.9020136925496407	0.09798630745035927
ENOG4111ZVK	0.5731721687717949	0.4268278312282051
ENOG4111ZVU	0.6636385979846967	0.3363614020153033
ENOG411200E	0.5814388563349193	0.4185611436650806
ENOG4112026	0.08560202959119045	0.9143979704088095
ENOG411203M	0.14311763087110363	0.8568823691288964
ENOG411204F	0.9366076015645868	0.06339239843541325
ENOG4112069	0.3794099247028808	0.6205900752971192
ENOG4112074	0.7228701297404583	0.27712987025954167
ENOG411208F	0.983707440236448	0.016292559763552046
ENOG411208V	0.05362886722551696	0.946371132774483
ENOG41120AE	0.1266677644640266	0.8733322355359734
ENOG41120BI	0.39233515442237976	0.6076648455776202
ENOG41120BR	0.3125124909621274	0.6874875090378726
ENOG41120CV	0.28425318887453555	0.7157468111254645
ENOG41120DG	0.8711600469633267	0.12883995303667328
ENOG41120GH	0.29729902011504994	0.7027009798849501
ENOG41120K9	0.9954572279256184	0.0045427720743816055
ENOG41120M0	0.3561765263504263	0.6438234736495737
ENOG41120Q3	0.8232832340832121	0.17671676591678787
ENOG41120VY	0.20192019984916665	0.7980798001508334
ENOG411211N	0.22359480642981622	0.7764051935701838
ENOG411214T	0.2502546293985438	0.7497453706014562
ENOG411215N	0.13786492320568489	0.8621350767943151
ENOG411217B	0.46580467328918607	0.5341953267108139
ENOG411218B	0.24242187137694526	0.7575781286230547
ENOG411218C	0.8449000172416123	0.1550999827583876
ENOG411218E	0.8608304788836788	0.1391695211163212
ENOG41121A6	0.42455850132642636	0.5754414986735736
ENOG41121A9	0.7885474360055513	0.21145256399444862
ENOG41121AN	0.769097242107621	0.23090275789237902
ENOG41121DF	0.7052025159046869	0.29479748409531314
ENOG41121DX	0.48924814175515174	0.5107518582448483
ENOG41121GG	0.6517965279956306	0.3482034720043694
ENOG41121HZ	0.9244288830965299	0.07557111690347004
ENOG41121IT	0.03327713938207455	0.9667228606179255
ENOG41121K2	0.644026632155047	0.35597336784495304
ENOG41121KM	0.06080995902713138	0.9391900409728686
ENOG41121MF	0.025519143866988503	0.9744808561330115
ENOG41121ND	0.0073430862429021415	0.9926569137570979
ENOG41121NJ	0.126017013684096	0.873982986315904
ENOG41121NM	0.5416632309190998	0.45833676908090015
ENOG41121PC	0.2992459533482891	0.7007540466517109
ENOG41121PF	0.40948699300049674	0.5905130069995033
ENOG41121PI	0.2332401029854877	0.7667598970145123
ENOG41121PX	0.2581349776972738	0.7418650223027262
ENOG41121QJ	0.7438094300580071	0.2561905699419929
ENOG41121QM	0.3116662332007588	0.6883337667992412
ENOG41121QQ	0.2480688923695883	0.7519311076304117
ENOG41121RG	0.4157122389953456	0.5842877610046544
ENOG41121RH	0.06481401872220716	0.9351859812777928
ENOG41121S9	0.34723333178144744	0.6527666682185526
ENOG41121U6	0.3617643668015762	0.6382356331984238
ENOG41121W5	0.016714273671689317	0.9832857263283107
ENOG41121W9	0.7560846089080006	0.24391539109199942
ENOG41121WE	0.2325610518761455	0.7674389481238545
ENOG41121WF	0.28923114772533043	0.7107688522746696
ENOG41121WR	0.7983300997774698	0.20166990022253017
ENOG41121XC	0.26139952373051456	0.7386004762694854
ENOG41121XF	0.018178726679585533	0.9818212733204145
ENOG4112212	0.8747112174047725	0.1252887825952275
ENOG4112218	0.15855607371717217	0.8414439262828278
ENOG411221R	0.512505782375245	0.4874942176247549
ENOG411221V	0.9351510390318021	0.06484896096819792
ENOG4112222	0.27276916890724134	0.7272308310927587
ENOG4112231	0.6810302602326032	0.31896973976739684
ENOG4112242	0.5191729267311107	0.4808270732688893
ENOG4112247	0.21132342671839321	0.7886765732816068
ENOG411224P	0.8019733460154465	0.19802665398455355
ENOG4112250	0.2611629216463752	0.7388370783536248
ENOG411225A	0.435293944727028	0.564706055272972
ENOG411225D	0.3596678322870154	0.6403321677129846
ENOG411225J	0.4638317478676093	0.5361682521323907
ENOG411225V	0.05325187882683469	0.9467481211731653
ENOG411226D	0.5188483274796009	0.48115167252039914
ENOG411226W	0.9458555703349454	0.054144429665054616
ENOG4112273	0.08424537476146654	0.9157546252385335
ENOG411227G	0.6840748749135769	0.3159251250864231
ENOG411227X	0.5679846330008804	0.43201536699911963
ENOG41122AH	0.17647822109879008	0.8235217789012099
ENOG41122AR	0.1740933123084677	0.8259066876915323
ENOG41122B5	0.8584719779272081	0.14152802207279186
ENOG41122B8	0.5863974321257353	0.41360256787426475
ENOG41122BB	0.08279194526693034	0.9172080547330697
ENOG41122CF	0.4927843311402762	0.5072156688597238
ENOG41122EC	0.0752427867722143	0.9247572132277857
ENOG41122EN	0.07031460294529013	0.9296853970547099
ENOG41122FG	0.010162724498330888	0.9898372755016691
ENOG41122H2	0.3058122285088707	0.6941877714911293
ENOG41122HP	0.6253605583008708	0.3746394416991292
ENOG41122IS	0.27096557957790757	0.7290344204220924
ENOG41122J9	0.5024691878052978	0.4975308121947022
ENOG41122JK	0.8806258071167354	0.11937419288326462
ENOG41122N2	0.28052832888240475	0.7194716711175952
ENOG41122N7	0.2747101927133152	0.7252898072866848
ENOG41122NK	0.46293330618956285	0.5370666938104371
ENOG41122PE	0.9249374744602541	0.07506252553974589
ENOG41122QZ	0.7727492656348918	0.22725073436510826
ENOG41122RQ	0.8504219792160255	0.1495780207839745
ENOG41122TR	0.6452025557745611	0.35479744422543896
ENOG41122TU	0.6226465620360069	0.3773534379639931
ENOG41122U9	0.7479413258399701	0.2520586741600299
ENOG41122UX	0.19748009447952097	0.802519905520479
ENOG41122Z1	0.5260697906700118	0.47393020932998814
ENOG41122ZK	0.3366712664052377	0.6633287335947623
ENOG4112303	0.23222924037800552	0.7677707596219945
ENOG4112315	0.36394280790087474	0.6360571920991253
ENOG411231I	0.8537181729988326	0.14628182700116737
ENOG411231N	0.37829268409635886	0.6217073159036411
ENOG4112340	0.2813879065046132	0.7186120934953868
ENOG4112345	0.08748989627509707	0.9125101037249029
ENOG411238I	0.7201423737945107	0.2798576262054893
ENOG411239B	0.30185138299445813	0.6981486170055419
ENOG411239D	0.5604570922071627	0.43954290779283733
ENOG41123B5	0.35672133960016705	0.643278660399833
ENOG41123EH	0.5542961255416292	0.44570387445837073
ENOG41123FY	0.6257463422088652	0.3742536577911349
ENOG41123I3	0.12922790411468354	0.8707720958853165
ENOG41123IR	0.859906981706544	0.140093018293456
ENOG41123MJ	0.6887282765668472	0.31127172343315274
ENOG41123N0	0.5507223795415703	0.4492776204584297
ENOG41123N6	0.6196245348499752	0.3803754651500248
ENOG41123QB	0.14029081563976287	0.8597091843602371
ENOG41123QH	0.8587300604641143	0.14126993953588576
ENOG41123RQ	0.9543662786305245	0.045633721369475494
ENOG41123U1	0.586342065464314	0.413657934535686
ENOG41123UM	0.40280039136039303	0.597199608639607
ENOG41123UW	0.19525396462407119	0.8047460353759288
ENOG41123VX	0.2736928415922374	0.7263071584077626
ENOG41123WW	0.26328020775203864	0.7367197922479614
ENOG41123X9	0.5361625422183951	0.46383745778160496
ENOG41123XA	0.5578401369342767	0.44215986306572336
ENOG41123XH	0.609708811760094	0.39029118823990605
ENOG41123Y1	0.2520305005889407	0.7479694994110593
ENOG41123YZ	0.09996437597703978	0.9000356240229602
ENOG4112405	0.6062692194442388	0.39373078055576116
ENOG411241G	0.2866689489337204	0.7133310510662796
ENOG4112444	0.4033115829677666	0.5966884170322334
ENOG411245B	0.05888840108955995	0.94111159891044
ENOG411245Y	0.021410842760356985	0.978589157239643
ENOG411246S	0.3650652593038959	0.6349347406961041
ENOG411247A	0.9968335049237074	0.003166495076292649
ENOG411247I	0.3638483442701148	0.6361516557298852
ENOG411249J	0.7959406985067787	0.2040593014932212
ENOG41124AI	0.5239054372330613	0.47609456276693873
ENOG41124AT	0.25313707847166866	0.7468629215283313
ENOG41124BE	0.2602440123641351	0.7397559876358649
ENOG41124C9	0.8531219738786207	0.1468780261213794
ENOG41124E1	0.7736531525702806	0.22634684742971947
ENOG41124FW	0.30487449294183866	0.6951255070581613
ENOG41124HD	0.15153013648613833	0.8484698635138617
ENOG41124NI	0.6840700610513708	0.31592993894862925
ENOG41124NK	0.9340826991680059	0.06591730083199407
ENOG41124PX	0.5343723854945939	0.46562761450540613
ENOG41124QH	0.8160338012026018	0.1839661987973982
ENOG41124R2	0.7091098777472555	0.2908901222527445
ENOG41124SB	0.6744422963346988	0.3255577036653012
ENOG41124SH	0.3118789028614688	0.6881210971385312
ENOG41124UB	0.541389638196467	0.458610361803533
ENOG41124WQ	0.43388988067181167	0.5661101193281883
ENOG41124XH	0.1488632888142315	0.8511367111857685
ENOG41124ZB	0.9274374539463077	0.07256254605369224
ENOG411250X	0.8032427869313971	0.19675721306860297
ENOG4112518	0.8047742677741099	0.19522573222589007
ENOG411251H	0.21451680450671584	0.7854831954932842
ENOG4112546	0.5429128642932488	0.45708713570675114
ENOG411254Y	0.2445366295233422	0.7554633704766578
ENOG411257G	0.05035330155122408	0.9496466984487759
ENOG411259G	0.12411230997768774	0.8758876900223123
ENOG411259U	0.20929402906701156	0.7907059709329884
ENOG411259X	0.10359553139588296	0.896404468604117
ENOG41125BR	0.7630301106794906	0.23696988932050947
ENOG41125DJ	0.97277625204498	0.027223747955020017
ENOG41125EB	0.5978000449084525	0.4021999550915475
ENOG41125F4	0.12114842534552195	0.878851574654478
ENOG41125FH	0.7162448655576539	0.2837551344423462
ENOG41125HS	0.08494249551768329	0.9150575044823167
ENOG41125I4	0.19508067741359136	0.8049193225864086
ENOG41125IJ	0.6699148198921796	0.3300851801078204
ENOG41125JR	0.7553363862508563	0.24466361374914367
ENOG41125KS	0.13388206579660844	0.8661179342033916
ENOG41125PX	0.3880873842534288	0.6119126157465712
ENOG41125RC	0.12249867016594884	0.8775013298340512
ENOG41125RI	0.6157476538040126	0.38425234619598736
ENOG41125RT	0.43388771443027185	0.5661122855697281
ENOG41125V9	0.16406065757786992	0.8359393424221301
ENOG41125VV	0.5545961052747589	0.4454038947252411
ENOG41125WH	0.7258160580647259	0.2741839419352741
ENOG41125XW	0.46067246637840975	0.5393275336215902
ENOG41125Y1	0.9100374370791868	0.08996256292081317
ENOG41125YY	0.17324624919679776	0.8267537508032022
ENOG411261E	0.08021267711274704	0.919787322887253
ENOG411263W	0.8676577821119777	0.1323422178880223
ENOG41126CM	0.09468985321451029	0.9053101467854897
ENOG41126DB	0.04658920627200336	0.9534107937279966
ENOG41126DH	0.36409269758153806	0.6359073024184619
ENOG41126E4	0.2974199792277198	0.7025800207722802
ENOG41126FF	0.3879563407703486	0.6120436592296514
ENOG41126IX	0.4225326415324061	0.5774673584675939
ENOG41126KP	0.756041920049517	0.243958079950483
ENOG41126R7	0.5880712118777123	0.41192878812228767
ENOG41126TF	0.0574605133739462	0.9425394866260538
ENOG41126XG	0.576363412545279	0.42363658745472094
ENOG41126XN	0.22653845962905583	0.7734615403709442
ENOG41126YZ	0.2622192464470212	0.7377807535529788
ENOG411272B	0.7826507995043336	0.2173492004956664
ENOG411275W	0.15831888582282594	0.8416811141771741
ENOG41127AN	0.30895103038541294	0.6910489696145871
ENOG41127B8	0.9358627797939619	0.06413722020603808
ENOG41127BF	0.28617575114041527	0.7138242488595847
ENOG41127CF	0.44137808660642375	0.5586219133935763
ENOG41127DC	0.30245941063861614	0.6975405893613839
ENOG41127G1	0.36569060294269773	0.6343093970573023
ENOG41127IU	0.18375685975220768	0.8162431402477923
ENOG41127MM	0.7349913842348672	0.26500861576513285
ENOG41127R7	0.12627696066173122	0.8737230393382688
ENOG41127R8	0.3420012456363559	0.6579987543636441
ENOG41127S9	0.1938338666962851	0.8061661333037149
ENOG41127X0	0.33323496002872866	0.6667650399712713
ENOG41127XA	0.2149963177245363	0.7850036822754637
ENOG41127XR	0.845061896043728	0.15493810395627203
ENOG41127ZD	0.5387356625739474	0.4612643374260526
ENOG41128BD	0.05386506593815765	0.9461349340618423
ENOG41128C2	0.23616735299632252	0.7638326470036775
ENOG41128C9	0.6254636460568306	0.3745363539431694
ENOG41128DD	0.4149492219614713	0.5850507780385287
ENOG41128G1	0.9371453322277904	0.06285466777220962
ENOG41128I7	0.19231876293506134	0.8076812370649387
ENOG41128IS	0.7227353037218729	0.27726469627812705
ENOG41128KU	0.46928725444400143	0.5307127455559986
ENOG41128KW	0.36469403113532217	0.6353059688646778
ENOG41128NQ	0.09183876167304394	0.908161238326956
ENOG41128PQ	0.5701651909397418	0.42983480906025817
ENOG41128PW	0.23212828307707434	0.7678717169229257
ENOG41128VE	0.1794793678895933	0.8205206321104067
ENOG41128VG	0.8247614185480108	0.17523858145198923
ENOG41128VT	0.09799732012348872	0.9020026798765113
ENOG41128XR	0.3580586256227912	0.6419413743772088
ENOG411291H	0.6856645164836364	0.3143354835163637
ENOG411296F	0.5975273870067238	0.4024726129932762
ENOG411298I	0.05406340200190762	0.9459365979980924
ENOG41129AF	0.20779922693827935	0.7922007730617207
ENOG41129AH	0.6218151461938928	0.3781848538061073
ENOG41129GG	0.6797708257485906	0.32022917425140934
ENOG41129IE	0.6383165048149386	0.3616834951850614
ENOG41129JG	0.3686421839253594	0.6313578160746406
ENOG41129P8	0.1474368268386418	0.8525631731613582
ENOG41129TA	0.7628989355855097	0.23710106441449033
ENOG41129UH	0.365808969610971	0.634191030389029
ENOG4112A1I	0.9213662669161345	0.07863373308386547
ENOG4112A2V	0.04860556341551969	0.9513944365844803
ENOG4112A4I	0.6170811083946655	0.3829188916053346
ENOG4112A5C	0.45117198286744176	0.5488280171325582
ENOG4112A6V	0.9535680324417447	0.04643196755825528
ENOG4112ACK	0.23178890557837506	0.7682110944216249
ENOG4112AGM	0.42646700358680234	0.5735329964131977
ENOG4112AGZ	0.9802361753163326	0.01976382468366743
ENOG4112AHB	0.6245794666726139	0.3754205333273861
ENOG4112AI9	0.3709728031971822	0.6290271968028178
ENOG4112AIA	0.28294192630007764	0.7170580736999224
ENOG4112AJC	0.27977847122142974	0.7202215287785703
ENOG4112AP8	0.2634325734583559	0.7365674265416441
ENOG4112AT0	0.10050900846392341	0.8994909915360766
ENOG4112ATZ	0.9492572808978296	0.05074271910217043
ENOG4112AUV	0.5576653137973115	0.44233468620268845
ENOG4112AVU	0.8200768775749883	0.1799231224250117
ENOG4112AWE	0.34254599495175964	0.6574540050482404
ENOG4112AYX	0.9350155182842763	0.06498448171572367
ENOG4112B23	0.1702768530912232	0.8297231469087768
ENOG4112B3D	0.9764865273976374	0.02351347260236261
ENOG4112B3T	0.09981227646024315	0.9001877235397568
ENOG4112B6B	0.4937692809579022	0.5062307190420978
ENOG4112B7G	0.19845139698871428	0.8015486030112857
ENOG4112B85	0.7760036613464114	0.22399633865358856
ENOG4112B8F	0.23918650695055776	0.7608134930494422
ENOG4112BDA	0.49161970076915673	0.5083802992308433
ENOG4112BGB	0.3398861563739004	0.6601138436260996
ENOG4112BGH	0.4899492702131757	0.5100507297868243
ENOG4112BJ0	0.650681946829649	0.349318053170351
ENOG4112BM4	0.12958498837868493	0.8704150116213151
ENOG4112BQQ	0.22718073156136842	0.7728192684386316
ENOG4112BR0	0.13830857339626457	0.8616914266037354
ENOG4112BT2	0.19716296625351248	0.8028370337464875
ENOG4112BVS	0.47049355037252194	0.5295064496274781
ENOG4112BYG	0.1727564049961755	0.8272435950038245
ENOG4112BYK	0.7614578514916633	0.23854214850833666
ENOG4112C08	0.020409073751885942	0.9795909262481141
ENOG4112C9W	0.38448661035487375	0.6155133896451263
ENOG4112CAA	0.14940802723521374	0.8505919727647863
ENOG4112CDS	0.8689226657404767	0.13107733425952325
ENOG4112CG8	0.8149461541895725	0.18505384581042747
ENOG4112CIK	0.1360802850494015	0.8639197149505985
ENOG4112CMJ	0.12095628690513294	0.8790437130948671
ENOG4112CMR	0.6420401165833532	0.35795988341664675
ENOG4112CQ9	0.29498045770467796	0.705019542295322
ENOG4112D3X	0.6713655831499854	0.32863441685001454
ENOG4112D63	0.08928822630242761	0.9107117736975724
ENOG4112D68	0.046297616018232124	0.9537023839817679
ENOG4112D6A	0.7736790275850276	0.22632097241497237
ENOG4112D7I	0.1754584366684394	0.8245415633315606
ENOG4112D91	0.34204167192094026	0.6579583280790597
ENOG4112DCR	0.36128359010369304	0.638716409896307
COG0123	0.8289503492832341	0.17104965071676595
COG0455	0.42427096341140436	0.5757290365885956
COG0507	0.37716502171401256	0.6228349782859874
COG0543	0.24908559118511064	0.7509144088148894
COG0731	0.904662573390655	0.09533742660934491
COG1010	0.19330514746952654	0.8066948525304735
COG1301	0.4920400951770417	0.5079599048229583
COG1310	0.8665114310775272	0.13348856892247282
COG1315	0.7527237749212865	0.2472762250787135
COG1332	0.8941421772690608	0.10585782273093923
COG1353	0.38669727745495097	0.613302722545049
COG1378	0.1614031145719943	0.8385968854280057
COG1424	0.13709875441359765	0.8629012455864024
COG1470	0.4199352951440841	0.5800647048559159
COG1567	0.3631497200353401	0.6368502799646599
COG1635	0.8337504174820751	0.16624958251792488
COG1669	0.08048653114246507	0.9195134688575349
COG1672	0.9317521552866745	0.06824784471332551
COG1712	0.2077639789332123	0.7922360210667877
COG1728	0.8967928774585617	0.10320712254143828
COG1808	0.4019071553163348	0.5980928446836652
COG1850	0.7907882293172148	0.20921177068278515
COG1857	0.7720278374893064	0.22797216251069358
COG1906	0.5563144402879637	0.44368555971203627
COG1964	0.4492991670624663	0.5507008329375337
COG2073	0.2227292518849615	0.7772707481150385
COG2099	0.6629788091459251	0.3370211908540749
COG2189	0.43553796636887565	0.5644620336311243
COG2192	0.6594094030586499	0.3405905969413501
COG2207	0.29482647868344625	0.7051735213165538
COG2241	0.10043641304153461	0.8995635869584654
COG2242	0.7885766729271568	0.21142332707284314
COG2243	0.22793973137412116	0.7720602686258788
COG2310	0.7066366386416615	0.2933633613583385
COG2312	0.30235032370643555	0.6976496762935644
COG2339	0.8517004709242709	0.1482995290757291
COG2355	0.9536129001871959	0.04638709981280407
COG2369	0.25140343107469465	0.7485965689253054
COG2452	0.405675598364151	0.594324401635849
COG2703	0.2551920088608214	0.7448079911391786
COG2755	0.7380368297844702	0.2619631702155299
COG2770	0.08736968263332257	0.9126303173666774
COG2859	0.16782458805169898	0.832175411948301
COG2939	0.35354210357342664	0.6464578964265734
COG2948	0.06445626329489129	0.9355437367051087
COG3007	0.46974294036756314	0.5302570596324369
COG3016	0.8271467686842487	0.17285323131575125
COG3174	0.9054975712039603	0.09450242879603965
COG3224	0.32755921932052023	0.6724407806794798
COG3256	0.42412257021622435	0.5758774297837757
COG3341	0.911472514556295	0.08852748544370506
COG3347	0.41358739665224753	0.5864126033477525
COG3359	0.9191881620961037	0.08081183790389639
COG3387	0.9437981902778463	0.05620180972215367
COG3401	0.087470521286803	0.912529478713197
COG3421	0.5687342817830883	0.43126571821691173
COG3439	0.45384207046273095	0.546157929537269
COG3448	0.03379585037929245	0.9662041496207076
COG3498	0.41518407770339094	0.5848159222966091
COG3500	0.8428752132986421	0.15712478670135782
COG3587	0.8645553096815878	0.13544469031841225
COG3598	0.1328921266647235	0.8671078733352765
COG3629	0.32482263051557425	0.6751773694844257
COG3636	0.46939616854416355	0.5306038314558364
COG3643	0.8726638819199114	0.12733611808008863
COG3683	0.22469307910357206	0.7753069208964279
COG3864	0.5768595257727046	0.4231404742272954
COG3876	0.9827081063834409	0.017291893616559095
COG3899	0.09535552380596801	0.904644476194032
COG4124	0.7333922060195217	0.26660779398047824
COG4127	0.9072742380406222	0.09272576195937778
COG4258	0.7633859159732698	0.2366140840267302
COG4261	0.6721092481890619	0.3278907518109381
COG4295	0.21538562544754492	0.7846143745524551
COG4385	0.017837270796003057	0.9821627292039969
COG4413	0.802415962961775	0.197584037038225
COG4540	0.3316710911453714	0.6683289088546286
COG4717	0.1815827169137767	0.8184172830862233
COG4744	0.987833690134374	0.01216630986562591
COG4748	0.15931321297224166	0.8406867870277583
COG4814	0.2565046063422637	0.7434953936577363
COG4842	0.12738533730620305	0.872614662693797
COG4889	0.3623276248831283	0.6376723751168717
COG4983	0.29787251229381917	0.7021274877061808
COG5000	0.9135835950372804	0.08641640496271964
COG5026	0.943379162422705	0.05662083757729496
COG5039	0.8934289375975112	0.10657106240248877
COG5266	0.08487091956202686	0.9151290804379731
COG5361	0.5031152868921938	0.49688471310780624
COG5368	0.9954731469782949	0.004526853021705034
COG5449	0.4935737341731282	0.5064262658268718
COG5518	0.38038087307443913	0.6196191269255609
COG5579	0.6893616012842111	0.3106383987157889
COG5635	0.9730521485147607	0.026947851485239295
ENOG410XNN9	0.9311529132794831	0.06884708672051681
ENOG410XNQT	0.5299955947824526	0.47000440521754744
ENOG410XNR3	0.3268574759994519	0.6731425240005481
ENOG410XNR6	0.8790987499089151	0.12090125009108492
ENOG410XNSE	0.16617494022052504	0.833825059779475
ENOG410XNT3	0.7806095157576078	0.21939048424239221
ENOG410XNVS	0.9492557821975743	0.05074421780242568
ENOG410XNWU	0.4737273241309491	0.5262726758690509
ENOG410XNWW	0.8932870987002437	0.10671290129975627
ENOG410XNXF	0.1791002255755918	0.8208997744244082
ENOG410XP33	0.33490427800752587	0.6650957219924741
ENOG410XP3K	0.5424976205078488	0.4575023794921512
ENOG410XP3M	0.0499768684354176	0.9500231315645824
ENOG410XP53	0.9793857066939115	0.020614293306088577
ENOG410XP6N	0.7476963932277155	0.25230360677228447
ENOG410XP72	0.21000566958193434	0.7899943304180657
ENOG410XP8A	0.9596176036573266	0.04038239634267342
ENOG410XP8I	0.6667727306878035	0.3332272693121965
ENOG410XP95	0.9944543377623326	0.005545662237667424
ENOG410XP9H	0.9807705591763631	0.019229440823636874
ENOG410XP9Q	0.11566590857292969	0.8843340914270703
ENOG410XPA1	0.18612299047858438	0.8138770095214156
ENOG410XPA8	0.09390631042214426	0.9060936895778557
ENOG410XPAU	0.4433858043949024	0.5566141956050976
ENOG410XPAZ	0.905039321709717	0.09496067829028304
ENOG410XPBS	0.634491471381416	0.36550852861858396
ENOG410XPCD	0.07891914710323034	0.9210808528967697
ENOG410XPDS	0.06789253329587008	0.9321074667041299
ENOG410XPE4	0.6995047578568663	0.3004952421431338
ENOG410XPEF	0.25379202193620964	0.7462079780637904
ENOG410XPFR	0.818526709240903	0.18147329075909702
ENOG410XPGG	0.9587117393666954	0.04128826063330462
ENOG410XPHJ	0.2625028186419871	0.7374971813580129
ENOG410XPHK	0.9926616903432864	0.007338309656713611
ENOG410XPJ8	0.9655536210877359	0.034446378912264125
ENOG410XPKJ	0.6460831771044031	0.3539168228955969
ENOG410XPM4	0.8587082727390912	0.1412917272609088
ENOG410XPPS	0.19713241210556465	0.8028675878944354
ENOG410XPT8	0.9823336516720944	0.017666348327905552
ENOG410XPUU	0.34677359147823184	0.6532264085217682
ENOG410XPV5	0.8424829905824007	0.15751700941759933
ENOG410XPXV	0.9870606293051031	0.01293937069489693
ENOG410XPY5	0.770198982610454	0.2298010173895459
ENOG410XPYJ	0.9623024571640916	0.037697542835908406
ENOG410XQ03	0.7932011390856638	0.20679886091433616
ENOG410XQ0E	0.6077536791955904	0.39224632080440963
ENOG410XQ1K	0.8903639025692921	0.10963609743070786
ENOG410XQ20	0.9582832269724844	0.04171677302751559
ENOG410XQ2C	0.1688819904551624	0.8311180095448376
ENOG410XQ2F	0.794760142698003	0.20523985730199704
ENOG410XQ2T	0.8318514988964516	0.16814850110354834
ENOG410XQ4R	0.13689286615298124	0.8631071338470188
ENOG410XQ4W	0.12477485924251386	0.8752251407574861
ENOG410XQ5I	0.8698096721983868	0.13019032780161324
ENOG410XQ5J	0.9919106485721024	0.008089351427897623
ENOG410XQ8P	0.9036240943327433	0.09637590566725676
ENOG410XQ8S	0.758622307355085	0.24137769264491502
ENOG410XQ9K	0.9812596865714592	0.018740313428540725
ENOG410XQB1	0.886879692837149	0.11312030716285099
ENOG410XQBA	0.15361526787154955	0.8463847321284504
ENOG410XQBJ	0.20828474780469697	0.791715252195303
ENOG410XQBQ	0.6326644566520796	0.36733554334792035
ENOG410XQCX	0.9557677689232617	0.04423223107673833
ENOG410XQD4	0.5228783176098353	0.47712168239016467
ENOG410XQEH	0.9734263610872729	0.026573638912727078
ENOG410XQEM	0.27160137281266183	0.7283986271873382
ENOG410XQFG	0.7653752998624184	0.2346247001375816
ENOG410XQH2	0.9473653358979156	0.05263466410208435
ENOG410XQI8	0.9254142052316431	0.07458579476835693
ENOG410XQIS	0.9239216167905016	0.0760783832094984
ENOG410XQKZ	0.7278575872655519	0.27214241273444806
ENOG410XQMY	0.9641169040263253	0.03588309597367463
ENOG410XQN7	0.9292217695949929	0.07077823040500704
ENOG410XQNW	0.37584325414081143	0.6241567458591886
ENOG410XQPI	0.9270885971785061	0.07291140282149387
ENOG410XQQ4	0.9175001240959723	0.08249987590402773
ENOG410XQQ7	0.6859610017231768	0.3140389982768233
ENOG410XQRS	0.9459680120488394	0.05403198795116061
ENOG410XQSA	0.9897833580818519	0.010216641918148094
ENOG410XQTX	0.9747196910389178	0.02528030896108229
ENOG410XQXB	0.8832736484145103	0.11672635158548972
ENOG410XQXG	0.9391919596110164	0.06080804038898353
ENOG410XQXY	0.535956143223947	0.4640438567760529
ENOG410XQYE	0.9272777518788349	0.07272224812116514
ENOG410XQYQ	0.18705468952298887	0.8129453104770111
ENOG410XQZU	0.5864069332476474	0.4135930667523527
ENOG410XR13	0.80653085229566	0.19346914770433996
ENOG410XR2M	0.8382972631265013	0.16170273687349865
ENOG410XR3E	0.8971153609828055	0.10288463901719452
ENOG410XR3H	0.15220039225845172	0.8477996077415483
ENOG410XR3R	0.3464992786204547	0.6535007213795453
ENOG410XR4Y	0.8765969482845409	0.12340305171545908
ENOG410XR5J	0.8969712358058092	0.10302876419419087
ENOG410XR66	0.20829587479074885	0.7917041252092512
ENOG410XR6Q	0.38555756204540426	0.6144424379545957
ENOG410XR7P	0.9391971915090891	0.06080280849091091
ENOG410XR82	0.9120176674112817	0.08798233258871839
ENOG410XR9X	0.3759628266815018	0.6240371733184982
ENOG410XRBU	0.9812698486129974	0.01873015138700268
ENOG410XRBV	0.3447090677694983	0.6552909322305017
ENOG410XRC2	0.31732179091376733	0.6826782090862327
ENOG410XRCB	0.8927985925183792	0.10720140748162074
ENOG410XRCV	0.16969135091988596	0.830308649080114
ENOG410XRD1	0.42136338427958453	0.5786366157204155
ENOG410XRDV	0.031638238897669035	0.968361761102331
ENOG410XRFV	0.3849044784858676	0.6150955215141324
ENOG410XRGA	0.6635947333243581	0.3364052666756419
ENOG410XRHD	0.4479208602299737	0.5520791397700263
ENOG410XRIG	0.07929624695614568	0.9207037530438543
ENOG410XRJ8	0.8234788452969404	0.17652115470305957
ENOG410XRJW	0.9292093230906114	0.07079067690938858
ENOG410XRK7	0.9014552559117349	0.0985447440882651
ENOG410XRKI	0.39463629808761425	0.6053637019123858
ENOG410XRKR	0.12648247495656473	0.8735175250434353
ENOG410XRKX	0.9486862954162845	0.051313704583715515
ENOG410XRN1	0.14480112374835064	0.8551988762516494
ENOG410XRR3	0.6176275005955877	0.3823724994044123
ENOG410XRSE	0.7188852432536275	0.2811147567463725
ENOG410XRSZ	0.7636095414126342	0.23639045858736585
ENOG410XRWZ	0.22243931178361498	0.777560688216385
ENOG410XRXZ	0.7410946804821275	0.2589053195178726
ENOG410XRYI	0.6850536418962871	0.31494635810371285
ENOG410XS18	0.7604141669826587	0.2395858330173413
ENOG410XS3E	0.8482738853302959	0.1517261146697041
ENOG410XS43	0.3142995743010709	0.6857004256989291
ENOG410XS6P	0.9526235572874606	0.04737644271253941
ENOG410XS8M	0.5947624648530621	0.4052375351469379
ENOG410XS98	0.947977322553022	0.052022677446978
ENOG410XSAQ	0.2753774363726653	0.7246225636273347
ENOG410XSC1	0.43859191246393037	0.5614080875360696
ENOG410XSCI	0.9047079371587802	0.09529206284121979
ENOG410XSEG	0.891583868188843	0.10841613181115689
ENOG410XSET	0.2110823593143748	0.7889176406856252
ENOG410XSF8	0.9944860595698908	0.005513940430109275
ENOG410XSFR	0.7189147958779805	0.2810852041220195
ENOG410XSI9	0.9536828317352224	0.046317168264777636
ENOG410XSJE	0.30828735488190384	0.6917126451180962
ENOG410XSK7	0.923448120527211	0.076551879472789
ENOG410XSKF	0.682330054454102	0.31766994554589795
ENOG410XSMM	0.1232256162119576	0.8767743837880424
ENOG410XSPJ	0.19155935579168726	0.8084406442083127
ENOG410XSPZ	0.3825924452028212	0.6174075547971788
ENOG410XSQF	0.4968651657061228	0.5031348342938772
ENOG410XSRY	0.49800466926544973	0.5019953307345503
ENOG410XSSS	0.9527481585504118	0.04725184144958822
ENOG410XST8	0.08447312293985254	0.9155268770601475
ENOG410XSV5	0.6589670937153165	0.34103290628468347
ENOG410XSVH	0.07442719084775717	0.9255728091522428
ENOG410XSVM	0.9829606856294624	0.01703931437053767
ENOG410XT02	0.46554980002459	0.53445019997541
ENOG410XT0N	0.7083628228187953	0.29163717718120474
ENOG410XT1B	0.9109908190875631	0.08900918091243691
ENOG410XT4P	0.27165242761276986	0.7283475723872301
ENOG410XT4Y	0.8395764859621899	0.16042351403781008
ENOG410XT55	0.9500350874772088	0.04996491252279122
ENOG410XT59	0.7881307873233299	0.2118692126766702
ENOG410XT5M	0.9622116213709363	0.03778837862906371
ENOG410XT85	0.46735372611954806	0.5326462738804519
ENOG410XT9Z	0.8925071447359132	0.10749285526408676
ENOG410XTEI	0.09210411879555458	0.9078958812044454
ENOG410XTFW	0.2293156379631779	0.7706843620368221
ENOG410XTHI	0.813111263796242	0.18688873620375804
ENOG410XTI6	0.9272928151929442	0.0727071848070558
ENOG410XTIC	0.21351066025455823	0.7864893397454418
ENOG410XTJH	0.3613873132698693	0.6386126867301307
ENOG410XTKQ	0.6943003731499318	0.3056996268500683
ENOG410XTKS	0.3423077864940727	0.6576922135059273
ENOG410XTW4	0.05496947917234685	0.9450305208276532
ENOG410XU1U	0.28666432590052293	0.7133356740994771
ENOG410XU52	0.46381573281589084	0.5361842671841092
ENOG410XUBJ	0.17241269196433073	0.8275873080356693
ENOG410XUDZ	0.1168082405372507	0.8831917594627493
ENOG410XUF0	0.7538900893787815	0.24610991062121848
ENOG410XUFC	0.32715602727643045	0.6728439727235695
ENOG410XUI8	0.10699830439536184	0.8930016956046382
ENOG410XUYD	0.2674825993179225	0.7325174006820775
ENOG410XV06	0.46540164535276407	0.5345983546472359
ENOG410XV5R	0.9160636778850202	0.08393632211497987
ENOG410XV8W	0.47621596162478563	0.5237840383752144
ENOG410XV9T	0.8978261714163899	0.1021738285836101
ENOG410XVFQ	0.07781205903927546	0.9221879409607245
ENOG410XVGB	0.16825455789060095	0.831745442109399
ENOG410XVXM	0.32850930798209343	0.6714906920179066
ENOG410XVY3	0.9912348374722452	0.008765162527754868
ENOG410XW02	0.9958179117001937	0.0041820882998062645
ENOG410XW3C	0.8809321751683331	0.11906782483166692
ENOG410XW3R	0.3112962522859274	0.6887037477140726
ENOG410XW6Y	0.15833216130348327	0.8416678386965167
ENOG410XW9I	0.5507449655558119	0.4492550344441882
ENOG410XWDI	0.6582795819777383	0.34172041802226166
ENOG410XWQI	0.5776123398166235	0.4223876601833765
ENOG410XWRI	0.9256737548532235	0.07432624514677652
ENOG410XWX8	0.31162402666316513	0.6883759733368349
ENOG410XWY9	0.052136136636788066	0.9478638633632119
ENOG410XWZC	0.11058175895632827	0.8894182410436717
ENOG410XX1B	0.8801004703252954	0.11989952967470459
ENOG410XX4B	0.12369014385676669	0.8763098561432333
ENOG410XX5C	0.09883428812714301	0.901165711872857
ENOG410XXEH	0.5479007269431921	0.45209927305680786
ENOG410XXEN	0.2562863979250818	0.7437136020749182
ENOG410XXFZ	0.21236516629317737	0.7876348337068226
ENOG410XXHW	0.9741917477842301	0.025808252215769923
ENOG410XXIR	0.6844272524427264	0.3155727475572736
ENOG410XXUQ	0.8213508072284715	0.17864919277152844
ENOG410XXX4	0.33764509168900214	0.6623549083109979
ENOG410XXX9	0.5987023852179728	0.4012976147820272
ENOG410XY1N	0.8527446983213831	0.1472553016786169
ENOG410XY3A	0.5920981485612586	0.40790185143874136
ENOG410XY3F	0.26648124825923936	0.7335187517407606
ENOG410XY3Z	0.39333043973047166	0.6066695602695283
ENOG410XY61	0.6208495351336896	0.3791504648663104
ENOG410XY7K	0.05864543079214102	0.941354569207859
ENOG410XY95	0.9813019920810453	0.01869800791895473
ENOG410XY9M	0.4719796581130873	0.5280203418869127
ENOG410XYF2	0.9891285677881205	0.010871432211879495
ENOG410XYNB	0.673504383579294	0.326495616420706
ENOG410XYVK	0.14380906382184389	0.8561909361781561
ENOG410XYXW	0.7102976716776552	0.2897023283223448
ENOG410XZ09	0.013333945756709431	0.9866660542432906
ENOG410XZ0P	0.11093599592078185	0.8890640040792182
ENOG410XZ3W	0.8195505064921434	0.18044949350785655
ENOG410XZGY	0.9798000943210724	0.020199905678927647
ENOG410XZI0	0.38135489667617617	0.6186451033238238
ENOG410XZIB	0.9497196161220782	0.05028038387792176
ENOG410XZJD	0.6845607555938387	0.3154392444061614
ENOG410XZVK	0.8216423457763623	0.17835765422363772
ENOG410XZY9	0.5682020553418958	0.4317979446581041
ENOG410Y00Q	0.6715098856367159	0.3284901143632842
ENOG410Y00R	0.2829172985149725	0.7170827014850275
ENOG410Y056	0.43139334676497654	0.5686066532350235
ENOG410Y0J0	0.8851763723327223	0.11482362766727768
ENOG410Y0NA	0.6483012534681662	0.3516987465318337
ENOG410Y16Y	0.4412817555694447	0.5587182444305553
ENOG410Y18N	0.405273409335995	0.594726590664005
ENOG410Y18U	0.1772643323405768	0.8227356676594232
ENOG410Y19R	0.7052598195223132	0.29474018047768674
ENOG410Y1BD	0.22890234522087083	0.7710976547791292
ENOG410Y1JH	0.26727089682102834	0.7327291031789717
ENOG410Y1QQ	0.41163278081341903	0.588367219186581
ENOG410Y1RD	0.5388326720626839	0.461167327937316
ENOG410Y1SQ	0.9548075595279941	0.0451924404720059
ENOG410Y1UZ	0.11794351759758481	0.8820564824024152
ENOG410Y252	0.9138644820228267	0.08613551797717336
ENOG410Y2VC	0.45031678529100627	0.5496832147089937
ENOG410Y2Y3	0.7088479885349305	0.2911520114650695
ENOG410Y30J	0.9278935887183213	0.0721064112816787
ENOG410Y31C	0.8493649219131121	0.1506350780868879
ENOG410Y32P	0.02729399906655916	0.9727060009334408
ENOG410Y33J	0.18598389413154104	0.814016105868459
ENOG410Y3AD	0.6338119412733954	0.3661880587266046
ENOG410Y3II	0.7381223380165761	0.2618776619834239
ENOG410Y3MI	0.8290806315502417	0.17091936844975836
ENOG410Y3QX	0.7917443931561094	0.2082556068438905
ENOG410Y3RI	0.9754126953547189	0.024587304645281124
ENOG410Y3UX	0.8563522435405161	0.14364775645948394
ENOG410Y3YF	0.6166178074757478	0.38338219252425226
ENOG410Y40Z	0.8504285108967949	0.14957148910320506
ENOG410Y44U	0.15964542885843014	0.8403545711415699
ENOG410Y47S	0.853415136191844	0.14658486380815608
ENOG410Y48A	0.5046869608665915	0.4953130391334085
ENOG410Y49J	0.24895032921505	0.75104967078495
ENOG410Y4CB	0.32818553819676555	0.6718144618032345
ENOG410Y4E2	0.06410444086202449	0.9358955591379755
ENOG410Y4TD	0.9639546564462589	0.03604534355374109
ENOG410Y4TR	0.6241406680740178	0.37585933192598225
ENOG410Y4V7	0.9586687655425413	0.04133123445745868
ENOG410Y5DI	0.300268149078303	0.699731850921697
ENOG410Y5N3	0.4482918781629427	0.5517081218370573
ENOG410Y5T5	0.8784761983668941	0.12152380163310593
ENOG410Y5TW	0.7065763288810523	0.29342367111894774
ENOG410Y5ZK	0.9957429271892372	0.004257072810762793
ENOG410Y60R	0.8593100161873749	0.14068998381262512
ENOG410Y65M	0.7463368211348511	0.25366317886514883
ENOG410Y6PV	0.1737170589649717	0.8262829410350283
ENOG410Y6T3	0.7719594800463865	0.2280405199536135
ENOG410Y6W0	0.9045584674477747	0.09544153255222537
ENOG410Y6W3	0.5034083553114276	0.4965916446885724
ENOG410Y736	0.9905636047275823	0.009436395272417722
ENOG410Y744	0.32523570535428337	0.6747642946457166
ENOG410Y74G	0.5553328001532283	0.4446671998467717
ENOG410Y7AI	0.10501584201895664	0.8949841579810434
ENOG410Y7RU	0.5886900283621572	0.4113099716378427
ENOG410Y7SB	0.585965373962952	0.414034626037048
ENOG410Y7U9	0.6570705443452582	0.34292945565474175
ENOG410Y7UF	0.7134980064963257	0.28650199350367433
ENOG410Y7UJ	0.39104524010530095	0.608954759894699
ENOG410Y83P	0.3511926304748475	0.6488073695251525
ENOG410Y8FN	0.4018221979631166	0.5981778020368834
ENOG410Y8IJ	0.7244720340547466	0.2755279659452534
ENOG410Y8K0	0.8550160505300712	0.14498394946992882
ENOG410Y8K6	0.9807174731678332	0.01928252683216683
ENOG410Y8MK	0.945781643217842	0.05421835678215798
ENOG410Y8U6	0.2800669157356247	0.7199330842643753
ENOG410Y8YW	0.32256095531744433	0.6774390446825557
ENOG410Y926	0.9263297214420858	0.07367027855791415
ENOG410Y935	0.42856072721189176	0.5714392727881082
ENOG410Y93R	0.5794494352480717	0.42055056475192826
ENOG410Y954	0.6151651222008105	0.3848348777991894
ENOG410Y968	0.9889322413504368	0.011067758649563168
ENOG410Y96R	0.3150785462538259	0.6849214537461741
ENOG410Y97T	0.5506251867061562	0.44937481329384377
ENOG410Y99D	0.4844823371573873	0.5155176628426127
ENOG410Y9G0	0.793306774427219	0.20669322557278103
ENOG410Y9HG	0.9668100896808981	0.033189910319101866
ENOG410Y9MC	0.2768508248883288	0.7231491751116712
ENOG410Y9P6	0.05739938421548407	0.9426006157845159
ENOG410Y9RA	0.8950675837048117	0.10493241629518833
ENOG410Y9TM	0.9322106375976434	0.0677893624023566
ENOG410Y9TN	0.9523523459889103	0.04764765401108974
ENOG410Y9UF	0.7508025437074757	0.24919745629252427
ENOG410Y9W1	0.6516883921232728	0.34831160787672716
ENOG410Y9XA	0.7691249246738481	0.23087507532615187
ENOG410Y9YV	0.8491078745936558	0.15089212540634417
ENOG410Y9ZP	0.9242140686017973	0.07578593139820264
ENOG410YA26	0.1824454641395472	0.8175545358604528
ENOG410YA2Z	0.503665436154879	0.496334563845121
ENOG410YA33	0.6148036798932379	0.385196320106762
ENOG410YA6E	0.7970853345008245	0.20291466549917545
ENOG410YA6Q	0.9931378733428495	0.006862126657150426
ENOG410YACP	0.8869179123834674	0.11308208761653263
ENOG410YAD4	0.5595404255615699	0.44045957443843015
ENOG410YADM	0.27831198158872517	0.7216880184112748
ENOG410YAE9	0.8069975323560303	0.19300246764396964
ENOG410YAIR	0.8812255849912926	0.11877441500870742
ENOG410YAP4	0.9162070900948917	0.08379290990510839
ENOG410YAU0	0.8790809095208298	0.12091909047917021
ENOG410YAUT	0.14388110767238582	0.8561188923276142
ENOG410YB2E	0.5510079861392811	0.44899201386071885
ENOG410YBCD	0.9681938595644342	0.031806140435565795
ENOG410YBTD	0.9473239659427596	0.05267603405724039
ENOG410YBXC	0.16676459533575128	0.8332354046642487
ENOG410YC46	0.6711837664673146	0.32881623353268546
ENOG410YC4S	0.8605777919022596	0.13942220809774045
ENOG410YC51	0.9383972370891999	0.061602762910800114
ENOG410YCAG	0.9018458550423928	0.09815414495760719
ENOG410YCBW	0.751647391271244	0.24835260872875603
ENOG410YCM3	0.8075750914414069	0.19242490855859304
ENOG410YDAR	0.9848519422573111	0.015148057742688915
ENOG410YDB3	0.9807652033433063	0.019234796656693684
ENOG410YDBQ	0.688475617973939	0.31152438202606103
ENOG410YDTM	0.9449454463522275	0.05505455364777247
ENOG410YDTR	0.8288361237886392	0.17116387621136078
ENOG410YE97	0.8603584890851939	0.13964151091480612
ENOG410YE9Q	0.8351499293559055	0.16485007064409446
ENOG410YEAS	0.9626680764498445	0.0373319235501555
ENOG410YEBJ	0.4038169348770596	0.5961830651229404
ENOG410YEG8	0.9856278434069089	0.014372156593091148
ENOG410YEW2	0.591940496772712	0.40805950322728796
ENOG410YEZQ	0.4074121073809822	0.5925878926190178
ENOG410YF30	0.36900189526556304	0.630998104734437
ENOG410YF6D	0.6452384684223385	0.3547615315776615
ENOG410YF7C	0.4656254505928811	0.5343745494071189
ENOG410YFA8	0.6523898465626699	0.3476101534373302
ENOG410YFB8	0.6503789820076911	0.3496210179923089
ENOG410YFQ9	0.3580896887345628	0.6419103112654372
ENOG410YFQB	0.8149340231518177	0.18506597684818224
ENOG410YFSH	0.2632076077556744	0.7367923922443256
ENOG410YFYJ	0.5324576147459181	0.46754238525408187
ENOG410YGBE	0.6142681850395532	0.38573181496044684
ENOG410YGEM	0.9880595374468316	0.011940462553168366
ENOG410YGFD	0.07697304941345484	0.9230269505865452
ENOG410YGIN	0.6616889923303806	0.33831100766961947
ENOG410YGJN	0.8527377098139503	0.14726229018604978
ENOG410YGN1	0.8328468705976653	0.1671531294023347
ENOG410YGV4	0.5734094042105577	0.42659059578944225
ENOG410YGV7	0.024888485294913387	0.9751115147050866
ENOG410YGXI	0.5529335366553443	0.4470664633446557
ENOG410YH5F	0.9135479831278729	0.08645201687212707
ENOG410YHHT	0.4590199193029446	0.5409800806970554
ENOG410YHNR	0.9004185203767971	0.09958147962320284
ENOG410YHPJ	0.9520966436718877	0.047903356328112226
ENOG410YI5I	0.9737725724928683	0.0262274275071317
ENOG410YIMK	0.6966897983759879	0.3033102016240121
ENOG410YIQE	0.9905331419816713	0.009466858018328654
ENOG410YJ27	0.9908587015043752	0.009141298495624884
ENOG410YJ4K	0.48451135943253165	0.5154886405674683
ENOG410YJ7Q	0.31317752497835283	0.6868224750216472
ENOG410YJK6	0.6842508654782415	0.3157491345217584
ENOG410YJTX	0.6611975488284028	0.3388024511715972
ENOG410YK1B	0.4226669030585385	0.5773330969414615
ENOG410YK47	0.9418184124212057	0.058181587578794346
ENOG410YK57	0.8512900685702314	0.1487099314297686
ENOG410YK7G	0.5414034145597402	0.4585965854402598
ENOG410YKA8	0.9189832406993655	0.08101675930063441
ENOG410YKBK	0.974609347360778	0.025390652639222057
ENOG410YKD8	0.519207212095278	0.48079278790472196
ENOG410YKE0	0.33765607365008454	0.6623439263499155
ENOG410YKJM	0.9449390744552759	0.055060925544724054
ENOG410YKJV	0.41367499893765536	0.5863250010623446
ENOG410YMA7	0.06583518533113919	0.9341648146688608
ENOG410YMAD	0.7098524430168399	0.2901475569831601
ENOG410YMB2	0.8518817663597237	0.14811823364027632
ENOG410YMJM	0.46228359996692603	0.537716400033074
ENOG410YMSZ	0.8806727754433952	0.11932722455660479
ENOG410YMT5	0.6395624184925743	0.36043758150742566
ENOG410YMVU	0.5058143666513883	0.4941856333486116
ENOG410YNFS	0.4122094577024835	0.5877905422975165
ENOG410YNI0	0.8287424093847721	0.17125759061522797
ENOG410YNW0	0.7656104466469256	0.23438955335307443
ENOG410YNY1	0.5487132257590835	0.45128677424091646
ENOG410YP0J	0.12948762953641624	0.8705123704635838
ENOG410YP1K	0.9665637410706562	0.03343625892934374
ENOG410YP4K	0.8696596425786843	0.1303403574213157
ENOG410YPMI	0.7691048089494616	0.2308951910505383
ENOG410YQTT	0.8116499238607978	0.18835007613920215
ENOG410YQWC	0.6398419372021241	0.3601580627978759
ENOG410YR7R	0.5233179695587626	0.47668203044123736
ENOG410YRAB	0.10648502150230332	0.8935149784976967
ENOG410YRAS	0.6259408075305933	0.37405919246940667
ENOG410YREY	0.9285236360341889	0.07147636396581111
ENOG410YRGK	0.18310687023215177	0.8168931297678482
ENOG410YRQ2	0.3098191165846744	0.6901808834153256
ENOG410YS88	0.9804877462228065	0.019512253777193404
ENOG410YS9X	0.7583209309288433	0.2416790690711567
ENOG410YSVN	0.5479904811304368	0.45200951886956325
ENOG410YTAG	0.740405828858403	0.25959417114159705
ENOG410YTAN	0.9666121450379896	0.03338785496201037
ENOG410YTFQ	0.9902065569248009	0.00979344307519915
ENOG410YTH4	0.42850948115799503	0.571490518842005
ENOG410YTMJ	0.5558495142226536	0.44415048577734645
ENOG410YTR8	0.8175831467149167	0.1824168532850833
ENOG410YVEC	0.9435354690303379	0.05646453096966203
ENOG410YVF8	0.24857181230437886	0.7514281876956211
ENOG410YVIP	0.07647003121903417	0.9235299687809658
ENOG410YVM8	0.6876437901350853	0.31235620986491475
ENOG410YW3C	0.9872955158581904	0.012704484141809576
ENOG410YWAR	0.958378949471584	0.04162105052841597
ENOG410YWBI	0.9761838991359496	0.023816100864050376
ENOG410YXB6	0.39192219937962136	0.6080778006203786
ENOG410YXP9	0.9868169038027641	0.01318309619723593
ENOG410YXW2	0.10464994490123025	0.8953500550987697
ENOG410YY2Z	0.9970569622040762	0.002943037795923777
ENOG410YYBW	0.8659970001439983	0.13400299985600175
ENOG410YYHZ	0.11913865179007976	0.8808613482099202
ENOG410YYJU	0.9729998362031892	0.02700016379681084
ENOG410YYNW	0.7912266426548112	0.20877335734518873
ENOG410YZJM	0.6592654722987931	0.34073452770120694
ENOG410YZKT	0.8738286061340987	0.12617139386590126
ENOG410YZPH	0.1729683601217069	0.8270316398782931
ENOG410Z03M	0.04044116644863405	0.959558833551366
ENOG410Z0C5	0.8292978155893849	0.1707021844106152
ENOG410Z0D2	0.34027053957370856	0.6597294604262914
ENOG410Z1MP	0.37352932022320773	0.6264706797767923
ENOG410Z1RP	0.7307516458565919	0.2692483541434081
ENOG410Z2I8	0.10128404418534676	0.8987159558146532
ENOG410Z2UD	0.28591159000002253	0.7140884099999775
ENOG410Z2UZ	0.9162068669125744	0.0837931330874256
ENOG410Z330	0.6324480309594214	0.3675519690405787
ENOG410Z36U	0.14238043436050907	0.8576195656394909
ENOG410Z39T	0.17763568252200168	0.8223643174779983
ENOG410Z3JA	0.5127273721367809	0.48727262786321907
ENOG410Z3Y8	0.5495995628056337	0.4504004371943663
ENOG410Z3YF	0.4908107781499397	0.5091892218500603
ENOG410Z41R	0.6308427162743718	0.36915728372562817
ENOG410Z4VQ	0.9711817319140993	0.028818268085900756
ENOG410Z50M	0.7042458108143769	0.29575418918562313
ENOG410Z5C5	0.46780930604039384	0.5321906939596062
ENOG410Z5EU	0.09157599530495353	0.9084240046950465
ENOG410Z5FE	0.20502453685279887	0.7949754631472011
ENOG410Z5IJ	0.4136932576183242	0.5863067423816758
ENOG410Z5R7	0.3440989940497966	0.6559010059502034
ENOG410Z6AU	0.6483425179337625	0.35165748206623754
ENOG410Z6C5	0.9937866671631512	0.006213332836848719
ENOG410Z6D7	0.8999195732017594	0.10008042679824054
ENOG410Z6RU	0.9227392003654301	0.0772607996345699
ENOG410Z72X	0.6552173972782551	0.3447826027217448
ENOG410Z75S	0.9427626356907488	0.05723736430925125
ENOG410Z78F	0.8011421310007758	0.19885786899922414
ENOG410Z7CV	0.7533571642118673	0.24664283578813273
ENOG410Z83N	0.5791600041994291	0.4208399958005708
ENOG410Z8ID	0.8436078300601186	0.15639216993988142
ENOG410Z9BD	0.8455663485824423	0.15443365141755772
ENOG410Z9IK	0.6897569403448224	0.3102430596551776
ENOG410Z9WD	0.14017059392325837	0.8598294060767416
ENOG410ZAVW	0.5478207804089557	0.45217921959104435
ENOG410ZB44	0.43847766070883587	0.5615223392911641
ENOG410ZBPX	0.03627983218006847	0.9637201678199315
ENOG410ZBRU	0.9935303390679554	0.006469660932044542
ENOG410ZBY4	0.2342735994878049	0.7657264005121951
ENOG410ZC4E	0.14096866263295693	0.8590313373670431
ENOG410ZCPC	0.9009052795586129	0.09909472044138708
ENOG410ZCPU	0.7291125502933071	0.2708874497066929
ENOG410ZCXG	0.7843450458323105	0.2156549541676896
ENOG410ZCYP	0.3993034050863997	0.6006965949136003
ENOG410ZCZ7	0.11784405585788871	0.8821559441421113
ENOG410ZD2Z	0.8976486538421571	0.10235134615784292
ENOG410ZD8T	0.05428343543050529	0.9457165645694947
ENOG410ZDER	0.9734058880357624	0.026594111964237603
ENOG410ZDMZ	0.37672418856273393	0.6232758114372661
ENOG410ZFN1	0.4290569554124154	0.5709430445875846
ENOG410ZG6A	0.8642327981188039	0.13576720188119606
ENOG410ZG9V	0.8481047057258597	0.15189529427414022
ENOG410ZGBE	0.9303912852144167	0.06960871478558332
ENOG410ZGCT	0.8512610101525222	0.14873898984747774
ENOG410ZGR7	0.8135972229015135	0.1864027770984865
ENOG410ZGVC	0.9355964616749659	0.0644035383250341
ENOG410ZH1H	0.44519545640158853	0.5548045435984115
ENOG410ZHR8	0.8189041634845624	0.18109583651543765
ENOG410ZHVH	0.674157266930798	0.3258427330692019
ENOG410ZI1R	0.9489993313332101	0.05100066866678993
ENOG410ZI1U	0.47089672822314654	0.5291032717768535
ENOG410ZIUZ	0.3430199296092665	0.6569800703907335
ENOG410ZJ35	0.9504066115385245	0.04959338846147559
ENOG410ZJ88	0.2834196029993178	0.7165803970006822
ENOG410ZJ9Y	0.9936095083411993	0.006390491658800626
ENOG410ZJAS	0.46776348218202335	0.5322365178179767
ENOG410ZJC4	0.7689017832829307	0.2310982167170693
ENOG410ZJCP	0.47294352927805705	0.527056470721943
ENOG410ZJMC	0.6941763792361605	0.3058236207638395
ENOG410ZJMV	0.887609029023823	0.11239097097617697
ENOG410ZJU9	0.6696589117157723	0.3303410882842277
ENOG410ZK7Z	0.603086461345413	0.39691353865458706
ENOG410ZKDB	0.7048391318635883	0.2951608681364118
ENOG410ZKEA	0.9754750175680877	0.024524982431912225
ENOG410ZKFY	0.4869879032839416	0.5130120967160584
ENOG410ZKHE	0.5864901532184215	0.4135098467815785
ENOG410ZKW2	0.5622070839909743	0.43779291600902576
ENOG410ZKYZ	0.34191052063339844	0.6580894793666016
ENOG410ZMBA	0.4160418238832141	0.5839581761167859
ENOG410ZMFR	0.5401448042764538	0.45985519572354616
ENOG410ZMHB	0.8565412824402078	0.14345871755979223
ENOG410ZMVI	0.40782718524029715	0.5921728147597028
ENOG410ZN4P	0.19458429966580693	0.8054157003341931
ENOG410ZN5Y	0.9223337849978988	0.07766621500210129
ENOG410ZNMA	0.8377427464862646	0.16225725351373538
ENOG410ZP8N	0.2678715711631313	0.7321284288368687
ENOG410ZPJF	0.9312400030772674	0.06875999692273257
ENOG410ZPQY	0.5586746572288461	0.4413253427711539
ENOG410ZQ81	0.1693469488854331	0.8306530511145669
ENOG410ZQCG	0.2557885713603416	0.7442114286396584
ENOG410ZQDJ	0.3439089582767916	0.6560910417232084
ENOG410ZQZW	0.31058294167428724	0.6894170583257128
ENOG410ZR0N	0.4214340847945578	0.5785659152054422
ENOG410ZR5Z	0.1344784372919693	0.8655215627080307
ENOG410ZR6W	0.8177383389298054	0.18226166107019462
ENOG410ZR7H	0.9925024779030394	0.007497522096960679
ENOG410ZR84	0.779730229725412	0.22026977027458808
ENOG410ZRET	0.5315126701604211	0.4684873298395788
ENOG410ZRG1	0.754357342587945	0.24564265741205507
ENOG410ZS3T	0.22111851830283302	0.778881481697167
ENOG410ZS6C	0.21798324282624315	0.7820167571737568
ENOG410ZS87	0.015518427983428507	0.9844815720165715
ENOG410ZSE7	0.38480710187297673	0.6151928981270233
ENOG410ZSED	0.6717799657198931	0.3282200342801069
ENOG410ZSEH	0.905757727112542	0.09424227288745801
ENOG410ZSSS	0.8360974818853096	0.16390251811469037
ENOG410ZT1Z	0.8470203411367994	0.15297965886320058
ENOG410ZT2K	0.9631074430774558	0.036892556922544256
ENOG410ZTFV	0.8063125402625613	0.1936874597374387
ENOG410ZTIN	0.4828015334669229	0.5171984665330771
ENOG410ZTN9	0.8068998543140847	0.1931001456859153
ENOG410ZTSQ	0.5510494366714009	0.448950563328599
ENOG410ZTTH	0.6459064245543491	0.35409357544565084
ENOG410ZU5G	0.283017744161701	0.716982255838299
ENOG410ZUAJ	0.710593063198987	0.2894069368010131
ENOG410ZUPW	0.9298502616876365	0.07014973831236346
ENOG410ZUS1	0.9699471991291692	0.030052800870830888
ENOG410ZUW0	0.5380657496554355	0.46193425034456453
ENOG410ZV8C	0.9824476553120461	0.017552344687953886
ENOG410ZVBK	0.08433268168202523	0.9156673183179748
ENOG410ZVD1	0.4738326939158175	0.5261673060841825
ENOG410ZVDY	0.6681055871474528	0.33189441285254717
ENOG410ZVGB	0.1935845321977997	0.8064154678022003
ENOG410ZVHG	0.9678409996508134	0.03215900034918657
ENOG410ZVHQ	0.26966647168057567	0.7303335283194243
ENOG410ZVJ1	0.06095305050453381	0.9390469494954662
ENOG410ZVJD	0.23218471138842467	0.7678152886115753
ENOG410ZVJF	0.8600728544184348	0.13992714558156513
ENOG410ZVJH	0.9617912290278448	0.03820877097215522
ENOG410ZVJU	0.8993607052954298	0.10063929470457017
ENOG410ZVM5	0.7852342098619137	0.21476579013808628
ENOG410ZVMD	0.571667613146613	0.4283323868533871
ENOG410ZVPY	0.7312055395691316	0.2687944604308684
ENOG410ZVS6	0.3947679343201429	0.6052320656798571
ENOG410ZVSK	0.7207950496891065	0.2792049503108935
ENOG410ZVSP	0.693179675643906	0.30682032435609397
ENOG410ZVSS	0.13436804870938945	0.8656319512906105
ENOG410ZVU1	0.7013671718700969	0.29863282812990316
ENOG410ZVU3	0.9657458201613797	0.03425417983862038
ENOG410ZW1B	0.3685424416799269	0.6314575583200731
ENOG410ZW1G	0.3907246141132128	0.6092753858867872
ENOG410ZW8V	0.9669519060082159	0.0330480939917841
ENOG410ZW99	0.9878055214665072	0.012194478533492788
ENOG410ZW9Z	0.4639008373891301	0.5360991626108699
ENOG410ZWDR	0.7037061150530952	0.2962938849469048
ENOG410ZWE9	0.7584991680018214	0.24150083199817865
ENOG410ZWFP	0.6066429625254028	0.3933570374745972
ENOG410ZWRY	0.5193569607500373	0.48064303924996266
ENOG410ZWTQ	0.32515370220114925	0.6748462977988507
ENOG410ZWU1	0.9597613421980563	0.04023865780194368
ENOG410ZWYN	0.9419533397193961	0.058046660280603894
ENOG410ZX8X	0.3515747412331157	0.6484252587668843
ENOG410ZXB1	0.3478367530532074	0.6521632469467926
ENOG410ZXBC	0.7484826441509291	0.2515173558490708
ENOG410ZXEA	0.6474307827841448	0.3525692172158552
ENOG410ZXGW	0.22812725711308113	0.7718727428869189
ENOG410ZXK1	0.7094143186863175	0.29058568131368245
ENOG410ZXMP	0.16289866522094942	0.8371013347790506
ENOG410ZXSY	0.9849319204273888	0.015068079572611207
ENOG410ZXTD	0.48237549705018823	0.5176245029498118
ENOG410ZYD5	0.9273458699116526	0.07265413008834737
ENOG410ZYKS	0.4815477056989489	0.5184522943010511
ENOG410ZYNB	0.6377850808337284	0.36221491916627163
ENOG410ZYQ7	0.2644547479994015	0.7355452520005985
ENOG410ZYT0	0.7968312108860599	0.20316878911394007
ENOG410ZYTH	0.15044254082113728	0.8495574591788627
ENOG410ZZ0X	0.4266205992886294	0.5733794007113706
ENOG410ZZ6S	0.6359096947707299	0.36409030522927016
ENOG410ZZDC	0.5697670440697812	0.4302329559302188
ENOG410ZZKR	0.9792830025092377	0.020716997490762317
ENOG410ZZUB	0.35623783015615507	0.6437621698438449
ENOG410ZZV4	0.2827141419612297	0.7172858580387703
ENOG410ZZYF	0.8071620189040776	0.1928379810959224
ENOG410ZZZ9	0.7955584824218207	0.20444151757817935
ENOG411002Y	0.11174566518734119	0.8882543348126588
ENOG411004G	0.3566334305185095	0.6433665694814905
ENOG411005S	0.7273266585774573	0.27267334142254274
ENOG411007H	0.6802847479605103	0.31971525203948975
ENOG4110088	0.5243671229914163	0.4756328770085837
ENOG411008E	0.30113633243283267	0.6988636675671673
ENOG41100DU	0.6050772160507756	0.39492278394922437
ENOG41100NK	0.8480754753684733	0.1519245246315267
ENOG41100QN	0.3926098450826685	0.6073901549173315
ENOG41100QY	0.8013669872848123	0.19863301271518774
ENOG4110187	0.6609846028070969	0.3390153971929031
ENOG41101BA	0.6374404424041626	0.36255955759583736
ENOG41101CE	0.9250821427416984	0.0749178572583016
ENOG41101IJ	0.949646893436419	0.05035310656358109
ENOG41101U4	0.9711676745771899	0.028832325422810116
ENOG41101W1	0.12673316289390069	0.8732668371060993
ENOG411020B	0.2770752481248776	0.7229247518751224
ENOG4110219	0.2870245729786973	0.7129754270213027
ENOG411021X	0.8977051209833189	0.1022948790166811
ENOG411027S	0.5823031489387498	0.4176968510612502
ENOG41102NI	0.24405236235763605	0.755947637642364
ENOG411037S	0.6927691375026159	0.30723086249738407
ENOG41106SB	0.23022020712861935	0.7697797928713807
ENOG41106VG	0.9385193463527769	0.06148065364722312
ENOG411072U	0.9405209981595439	0.05947900184045609
ENOG41107HC	0.9700901374207337	0.029909862579266353
ENOG41107YC	0.18135777930600205	0.818642220693998
ENOG4110DHN	0.3491905466402143	0.6508094533597857
ENOG4110F72	0.8716256112727573	0.12837438872724274
ENOG4110F95	0.14162526390752728	0.8583747360924727
ENOG4110FB9	0.3056013126521028	0.6943986873478972
ENOG4110H5Q	0.8554080905584334	0.14459190944156664
ENOG4110HET	0.9083832131687753	0.09161678683122465
ENOG4110MHC	0.5426895920638997	0.45731040793610034
ENOG4110NU4	0.41990651799121237	0.5800934820087876
ENOG4110P1F	0.6297944743816056	0.37020552561839437
ENOG4110PHZ	0.37055146889534063	0.6294485311046594
ENOG4110UAG	0.8616225387785469	0.13837746122145309
ENOG4110WDH	0.692069052823991	0.30793094717600894
ENOG4110XAM	0.7972296479661091	0.20277035203389096
ENOG4110YS4	0.7663775401513613	0.23362245984863872
ENOG41110K5	0.6984549776856535	0.3015450223143466
ENOG41112GZ	0.6863007150512472	0.3136992849487527
ENOG41113IS	0.8709557307706157	0.1290442692293843
ENOG41114JZ	0.3224740651012463	0.6775259348987537
ENOG41114SZ	0.373268774136158	0.626731225863842
ENOG411177X	0.8507978402930659	0.14920215970693404
ENOG411181B	0.24713364775162316	0.7528663522483768
ENOG4111E53	0.7842198462787624	0.21578015372123754
ENOG4111EAB	0.9182127649205694	0.08178723507943068
ENOG4111EEW	0.5483534081018734	0.4516465918981266
ENOG4111EZ3	0.20876331778362023	0.7912366822163798
ENOG4111EZS	0.9049087767304037	0.09509122326959629
ENOG4111EZZ	0.34124395520328843	0.6587560447967116
ENOG4111F5I	0.9624834815309151	0.037516518469084874
ENOG4111F7P	0.9671176260667766	0.03288237393322339
ENOG4111F8N	0.7569500013790643	0.2430499986209357
ENOG4111F8R	0.9047895953171702	0.09521040468282986
ENOG4111FB1	0.7158461455360723	0.2841538544639277
ENOG4111FB8	0.9662244564989387	0.03377554350106131
ENOG4111FH6	0.9634846840575165	0.03651531594248348
ENOG4111FIR	0.9107102326215433	0.08928976737845679
ENOG4111FJD	0.11364175261163023	0.8863582473883698
ENOG4111FJG	0.9936836035778458	0.006316396422154201
ENOG4111FJK	0.6968605963271974	0.3031394036728025
ENOG4111FK3	0.8457440831479202	0.15425591685207982
ENOG4111FKR	0.9153309664622628	0.08466903353773728
ENOG4111FR4	0.9215462514773173	0.07845374852268268
ENOG4111FTP	0.7650064941828308	0.23499350581716916
ENOG4111FV1	0.024216704690822377	0.9757832953091776
ENOG4111FW1	0.6064017757448996	0.3935982242551003
ENOG4111FXN	0.748995135548449	0.251004864451551
ENOG4111FY8	0.10024655363579227	0.8997534463642077
ENOG4111FYK	0.8253837527911213	0.17461624720887872
ENOG4111FZS	0.5570273057374315	0.44297269426256847
ENOG4111G02	0.815011703531223	0.18498829646877696
ENOG4111G1Y	0.9476057156849089	0.052394284315091084
ENOG4111G27	0.059774407673101826	0.9402255923268982
ENOG4111G2M	0.13280235474673985	0.8671976452532602
ENOG4111G4U	0.8778509089890405	0.12214909101095953
ENOG4111G83	0.229486233944441	0.770513766055559
ENOG4111GB5	0.7233766993284791	0.2766233006715209
ENOG4111GBX	0.39100231389463513	0.6089976861053649
ENOG4111GDS	0.6866864309092482	0.31331356909075186
ENOG4111GH9	0.7719352562585515	0.2280647437414485
ENOG4111GIF	0.6876123495776001	0.31238765042239997
ENOG4111GII	0.9785286474576607	0.021471352542339384
ENOG4111GJ3	0.3917957484376915	0.6082042515623085
ENOG4111GPI	0.456174239962472	0.543825760037528
ENOG4111GPR	0.5939634096676814	0.4060365903323187
ENOG4111GQ5	0.8139331114423662	0.18606688855763373
ENOG4111GQY	0.8754289206158549	0.12457107938414515
ENOG4111GVD	0.9535339103182268	0.046466089681773286
ENOG4111GW9	0.5002209742618988	0.49977902573810123
ENOG4111GWY	0.855203910421422	0.144796089578578
ENOG4111GYJ	0.025489387635095784	0.9745106123649042
ENOG4111H2K	0.961485124502643	0.03851487549735705
ENOG4111H43	0.3791017531274796	0.6208982468725204
ENOG4111H52	0.6516065327337859	0.3483934672662142
ENOG4111H5B	0.2472256643495101	0.7527743356504899
ENOG4111H8C	0.8189290930023962	0.18107090699760373
ENOG4111H93	0.8386340464842156	0.16136595351578445
ENOG4111HB2	0.8189567308828098	0.18104326911719015
ENOG4111HJ6	0.23022874702597906	0.7697712529740209
ENOG4111HPY	0.5496166181459606	0.45038338185403937
ENOG4111HPZ	0.9563680112051459	0.04363198879485411
ENOG4111HRE	0.15347454427331853	0.8465254557266815
ENOG4111HRW	0.6875346793076165	0.3124653206923835
ENOG4111HVH	0.2979539250402071	0.7020460749597929
ENOG4111HX2	0.9805915147586407	0.01940848524135925
ENOG4111HZS	0.04663089792967401	0.953369102070326
ENOG4111I0X	0.8378039006643792	0.16219609933562085
ENOG4111I2P	0.26058178734814086	0.7394182126518591
ENOG4111I9U	0.8422933251156601	0.15770667488433984
ENOG4111IB5	0.5619316422204834	0.43806835777951664
ENOG4111IBF	0.1267635723777838	0.8732364276222162
ENOG4111ICU	0.11849035217241133	0.8815096478275887
ENOG4111IDM	0.38354992606845806	0.6164500739315419
ENOG4111II9	0.9413041415411344	0.05869585845886562
ENOG4111IM7	0.9824931860032982	0.01750681399670181
ENOG4111INQ	0.830790008189814	0.16920999181018606
ENOG4111ISI	0.7042767364612506	0.2957232635387494
ENOG4111IVF	0.47200207360203084	0.5279979263979692
ENOG4111IZK	0.9581775074442042	0.041822492555795884
ENOG4111J26	0.9765792142441105	0.02342078575588945
ENOG4111J2E	0.9352572233833211	0.06474277661667893
ENOG4111J3A	0.9402728905937477	0.059727109406252275
ENOG4111J3Q	0.9867549480078652	0.013245051992134804
ENOG4111J72	0.9773987981701151	0.022601201829884916
ENOG4111J8D	0.21881257938645604	0.781187420613544
ENOG4111J8H	0.6630192724571413	0.33698072754285874
ENOG4111J97	0.73115521971784	0.26884478028215997
ENOG4111J9Z	0.6101136578039426	0.3898863421960574
ENOG4111JC0	0.950155515256266	0.049844484743734076
ENOG4111JCE	0.39886424077110705	0.601135759228893
ENOG4111JCU	0.8704289869258799	0.12957101307412017
ENOG4111JEX	0.6566531864323513	0.3433468135676488
ENOG4111JFQ	0.2705463044782639	0.7294536955217361
ENOG4111JG7	0.8232242619662656	0.17677573803373436
ENOG4111JHT	0.33267426279917234	0.6673257372008277
ENOG4111JK3	0.9551593425893569	0.0448406574106431
ENOG4111JN4	0.7772482125414887	0.2227517874585113
ENOG4111JQJ	0.24022694381543197	0.759773056184568
ENOG4111JS7	0.9835856212118398	0.01641437878816021
ENOG4111JSF	0.875583581330818	0.12441641866918197
ENOG4111JWE	0.5497640121897469	0.45023598781025315
ENOG4111JXM	0.9817055539013371	0.01829444609866293
ENOG4111JYM	0.9876608015341887	0.012339198465811342
ENOG4111JZP	0.6105127887983329	0.38948721120166707
ENOG4111JZU	0.6332702611345188	0.3667297388654812
ENOG4111K1E	0.6712286840690354	0.32877131593096465
ENOG4111K5D	0.3301599678679191	0.6698400321320809
ENOG4111KB4	0.950773637278834	0.04922636272116596
ENOG4111KEC	0.375046839796759	0.624953160203241
ENOG4111KFQ	0.6091540041206434	0.39084599587935664
ENOG4111KN3	0.3128533148341367	0.6871466851658633
ENOG4111KRI	0.8305564395139221	0.1694435604860779
ENOG4111KRN	0.3355859831220541	0.6644140168779459
ENOG4111KUD	0.14357421134934278	0.8564257886506572
ENOG4111KW9	0.7375815689031286	0.26241843109687135
ENOG4111KYU	0.9088630467670132	0.09113695323298678
ENOG4111KZG	0.7048380134827322	0.29516198651726777
ENOG4111M1B	0.5096644991018339	0.49033550089816613
ENOG4111M3U	0.9848590856267281	0.015140914373271901
ENOG4111M4A	0.5343862095841672	0.4656137904158329
ENOG4111M4J	0.8987396430467671	0.10126035695323292
ENOG4111M5N	0.7028296681455326	0.29717033185446734
ENOG4111MA7	0.6793965900521127	0.3206034099478873
ENOG4111MBA	0.6438915192698281	0.3561084807301719
ENOG4111MBG	0.822927525592468	0.17707247440753207
ENOG4111MCJ	0.9695035862805601	0.030496413719439952
ENOG4111MCV	0.9013718304004822	0.09862816959951784
ENOG4111MGD	0.9244583654265177	0.07554163457348223
ENOG4111MJJ	0.4207541568636297	0.5792458431363703
ENOG4111MJP	0.9791487692306564	0.020851230769343577
ENOG4111MMW	0.6758303314549794	0.32416966854502066
ENOG4111MP2	0.9761343478454322	0.023865652154567787
ENOG4111MT2	0.5882574923818271	0.41174250761817294
ENOG4111MTA	0.9762278750922323	0.023772124907767724
ENOG4111MW5	0.27688695959418785	0.7231130404058121
ENOG4111N2I	0.09620246752357697	0.903797532476423
ENOG4111N4J	0.7088873947636656	0.2911126052363345
ENOG4111N9C	0.3840070159900365	0.6159929840099635
ENOG4111NCF	0.5127843126143421	0.48721568738565796
ENOG4111NEB	0.6721139370751095	0.3278860629248906
ENOG4111NFI	0.9304495271348018	0.06955047286519823
ENOG4111NI7	0.6732761391932696	0.32672386080673044
ENOG4111NKX	0.7650800087847531	0.23491999121524684
ENOG4111NM3	0.11398403969787041	0.8860159603021296
ENOG4111NND	0.9479228692589098	0.052077130741090244
ENOG4111NQG	0.831473552959933	0.16852644704006706
ENOG4111NTW	0.985482704239668	0.014517295760332033
ENOG4111NV7	0.2635923372936203	0.7364076627063797
ENOG4111NVG	0.1219129973468136	0.8780870026531864
ENOG4111P0I	0.9622745454083254	0.037725454591674645
ENOG4111P10	0.8317003722350087	0.16829962776499136
ENOG4111P3M	0.9473129929567593	0.052687007043240655
ENOG4111P3R	0.8844223976328093	0.11557760236719074
ENOG4111P4D	0.11518775958163852	0.8848122404183615
ENOG4111P4Z	0.8152144259833214	0.18478557401667858
ENOG4111PCV	0.9833880581742959	0.01661194182570418
ENOG4111PER	0.3274858847880595	0.6725141152119405
ENOG4111PTC	0.30022891473216473	0.6997710852678353
ENOG4111PTJ	0.3002643095670273	0.6997356904329727
ENOG4111PZ3	0.4147513536710221	0.5852486463289779
ENOG4111Q11	0.43446821530678903	0.565531784693211
ENOG4111Q1R	0.4452534541630996	0.5547465458369004
ENOG4111Q4N	0.8284917430273819	0.1715082569726181
ENOG4111Q4W	0.7470182558839175	0.25298174411608254
ENOG4111QC0	0.9243756684117541	0.07562433158824589
ENOG4111QD0	0.879763703428171	0.12023629657182901
ENOG4111QDN	0.5896861613722199	0.41031383862778015
ENOG4111QE4	0.33063819275117734	0.6693618072488227
ENOG4111QGN	0.3138181711436615	0.6861818288563385
ENOG4111QKZ	0.8887683956011048	0.11123160439889525
ENOG4111QN6	0.9011559386598502	0.09884406134014984
ENOG4111QPY	0.9210960019681372	0.07890399803186277
ENOG4111QS8	0.27880387151794395	0.721196128482056
ENOG4111QSQ	0.2739057040322651	0.7260942959677349
ENOG4111QVH	0.7649294422442561	0.23507055775574398
ENOG4111QVW	0.9629510908344402	0.037048909165559855
ENOG4111QW4	0.6761667098913182	0.3238332901086817
ENOG4111QZ3	0.1838931446274753	0.8161068553725247
ENOG4111R0M	0.9838653883277525	0.0161346116722475
ENOG4111R0N	0.33782169432912645	0.6621783056708735
ENOG4111R14	0.40733165497182744	0.5926683450281726
ENOG4111R32	0.2830666964541101	0.7169333035458899
ENOG4111R3C	0.9655396826658211	0.03446031733417884
ENOG4111R48	0.8485786260125711	0.15142137398742894
ENOG4111R59	0.7718076636528192	0.22819233634718084
ENOG4111R8U	0.8105255680881474	0.18947443191185262
ENOG4111R9W	0.8403236554965935	0.15967634450340654
ENOG4111RAV	0.19510605987828078	0.8048939401217192
ENOG4111RED	0.9281567760644793	0.07184322393552062
ENOG4111RES	0.258241167749535	0.741758832250465
ENOG4111RG9	0.5087272107669372	0.49127278923306283
ENOG4111RN5	0.7020411304739231	0.2979588695260768
ENOG4111RPE	0.9863706905888429	0.013629309411157139
ENOG4111RU6	0.9777451218806553	0.022254878119344644
ENOG4111RUK	0.9535771675079586	0.04642283249204139
ENOG4111RZM	0.5075850900345483	0.4924149099654517
ENOG4111S42	0.3727088028686393	0.6272911971313607
ENOG4111S9B	0.22808293646386335	0.7719170635361366
ENOG4111SA5	0.4419477708732069	0.5580522291267931
ENOG4111SE1	0.8923754199375138	0.10762458006248624
ENOG4111SF8	0.7712783918925142	0.22872160810748576
ENOG4111SFQ	0.9234060434839335	0.0765939565160665
ENOG4111SIF	0.8809761044919743	0.11902389550802574
ENOG4111SJ2	0.9545690375842595	0.045430962415740545
ENOG4111SJQ	0.9526812995569532	0.047318700443046736
ENOG4111SJR	0.05543546157120116	0.9445645384287988
ENOG4111SNX	0.561722047766898	0.4382779522331019
ENOG4111SPS	0.5033779523172841	0.49662204768271584
ENOG4111SRH	0.9035324840144575	0.09646751598554246
ENOG4111STN	0.5279114242205065	0.4720885757794934
ENOG4111SU9	0.5889938397486889	0.4110061602513111
ENOG4111T5H	0.5098973182926284	0.4901026817073716
ENOG4111TF2	0.8224968754926636	0.17750312450733643
ENOG4111THP	0.21057422192566067	0.7894257780743393
ENOG4111TJX	0.9738227242228862	0.026177275777113828
ENOG4111TNS	0.22742577882649528	0.7725742211735047
ENOG4111TPU	0.824365712892953	0.17563428710704698
ENOG4111TRN	0.6789725018257471	0.32102749817425297
ENOG4111TU1	0.37525718915052075	0.6247428108494792
ENOG4111TU2	0.6947683233239965	0.3052316766760034
ENOG4111U0Y	0.2638278970287593	0.7361721029712407
ENOG4111U4V	0.1663298658628255	0.8336701341371745
ENOG4111U4Z	0.5984361833585738	0.4015638166414262
ENOG4111U85	0.4954844322273201	0.5045155677726799
ENOG4111U9Y	0.9699250846411275	0.0300749153588725
ENOG4111UBE	0.8952259771616887	0.10477402283831129
ENOG4111UJE	0.7688381916321916	0.23116180836780845
ENOG4111UR2	0.9716909758531281	0.028309024146871878
ENOG4111US1	0.5365177652898654	0.4634822347101346
ENOG4111UYR	0.12459013736347091	0.8754098626365291
ENOG4111V6R	0.8955042579033976	0.10449574209660238
ENOG4111VAE	0.3022782500210536	0.6977217499789464
ENOG4111VC8	0.7952752670394294	0.20472473296057062
ENOG4111VE3	0.9842276272404827	0.015772372759517265
ENOG4111VF8	0.9268089055632857	0.07319109443671437
ENOG4111VHR	0.1478700751257136	0.8521299248742864
ENOG4111VJW	0.9742476174946715	0.025752382505328495
ENOG4111VN3	0.49599803155017264	0.5040019684498274
ENOG4111VN8	0.13240596375696334	0.8675940362430367
ENOG4111VNP	0.8538367834572678	0.14616321654273218
ENOG4111VRS	0.9868221569504939	0.013177843049506137
ENOG4111VUW	0.48724879652577535	0.5127512034742246
ENOG4111VVM	0.9748140435236605	0.025185956476339425
ENOG4111VWS	0.5154806424792486	0.48451935752075137
ENOG4111W1E	0.5098485793095096	0.49015142069049045
ENOG4111W6Z	0.403026486402989	0.596973513597011
ENOG4111W7E	0.8511860637960245	0.14881393620397548
ENOG4111W9D	0.2620385012976393	0.7379614987023607
ENOG4111WB3	0.6893685318830005	0.31063146811699954
ENOG4111WDG	0.9050982004480571	0.09490179955194289
ENOG4111WFU	0.5548685013807282	0.4451314986192718
ENOG4111WHU	0.6471815997739652	0.35281840022603483
ENOG4111WN5	0.596942742538951	0.40305725746104903
ENOG4111WNI	0.07695586131021603	0.923044138689784
ENOG4111WNU	0.8477772069475052	0.15222279305249473
ENOG4111WQI	0.9158247372311101	0.08417526276888984
ENOG4111WRA	0.04873008320583472	0.9512699167941653
ENOG4111WXB	0.36006921037318396	0.639930789626816
ENOG4111X4V	0.3704832253493394	0.6295167746506606
ENOG4111X78	0.1870498403978771	0.8129501596021229
ENOG4111X82	0.7239717032831157	0.2760282967168844
ENOG4111X8I	0.8257985752743282	0.17420142472567182
ENOG4111XAM	0.22177142894778767	0.7782285710522123
ENOG4111XB6	0.7654129901854472	0.23458700981455277
ENOG4111XD5	0.5009178334751607	0.4990821665248392
ENOG4111XTI	0.3263696705115685	0.6736303294884315
ENOG4111XUR	0.8117642551320882	0.18823574486791184
ENOG4111XWA	0.39760921128222426	0.6023907887177757
ENOG4111XXW	0.14431000119659965	0.8556899988034004
ENOG4111XYX	0.7152387194977085	0.28476128050229155
ENOG4111Y1C	0.8496121696268719	0.1503878303731281
ENOG4111Y2V	0.8746196769281369	0.12538032307186303
ENOG4111Y46	0.13520529751483001	0.86479470248517
ENOG4111Y8E	0.9630369096623835	0.036963090337616425
ENOG4111Y9M	0.6572936769072545	0.3427063230927455
ENOG4111YAY	0.15869849762007648	0.8413015023799235
ENOG4111YKN	0.2841786116991044	0.7158213883008956
ENOG4111YQF	0.09228989338114624	0.9077101066188538
ENOG4111YWU	0.6337631481133585	0.3662368518866415
ENOG4111YX6	0.9303988170501205	0.06960118294987949
ENOG4111Z00	0.2616592234991778	0.7383407765008222
ENOG4111Z2Q	0.34832558248869705	0.651674417511303
ENOG4111Z3G	0.8871076280117867	0.11289237198821335
ENOG4111Z8S	0.7820853289862582	0.21791467101374185
ENOG4111ZCV	0.7973661246198546	0.20263387538014543
ENOG4111ZDW	0.9640644177824546	0.03593558221754546
ENOG4111ZET	0.6170144753616462	0.38298552463835384
ENOG4111ZFE	0.8420410700369756	0.15795892996302438
ENOG4111ZFQ	0.7567395285662881	0.24326047143371182
ENOG4111ZMA	0.24975454703907252	0.7502454529609275
ENOG4111ZMN	0.9746871212484581	0.02531287875154186
ENOG4111ZPZ	0.31017450925138923	0.6898254907486108
ENOG4111ZQ7	0.2662579961690693	0.7337420038309307
ENOG4111ZQM	0.7873165964978788	0.21268340350212128
ENOG4111ZWU	0.18421914262218453	0.8157808573778155
ENOG411204B	0.5999496749941476	0.40005032500585236
ENOG41120BJ	0.9806435825230627	0.019356417476937254
ENOG41120CJ	0.9645340832174096	0.03546591678259037
ENOG41120G2	0.3663690693900671	0.6336309306099329
ENOG41120IY	0.5615587265339481	0.43844127346605194
ENOG41120WW	0.8548531276587814	0.14514687234121865
ENOG41120WX	0.9671428736273229	0.03285712637267716
ENOG41120X1	0.2216771719489552	0.7783228280510448
ENOG41120XT	0.9630784221875552	0.03692157781244473
ENOG4112145	0.9797772756303699	0.02022272436963017
ENOG411215K	0.6827939391136995	0.3172060608863005
ENOG4112177	0.8850564924781645	0.11494350752183545
ENOG41121FI	0.9737761736469713	0.02622382635302872
ENOG41121KC	0.3518260497552891	0.6481739502447109
ENOG41121WS	0.20307985184245314	0.7969201481575469
ENOG411220U	0.21137559365924885	0.7886244063407511
ENOG411220Z	0.9002318464596232	0.09976815354037685
ENOG4112221	0.20879455238743283	0.7912054476125672
ENOG411225U	0.9547748209868395	0.04522517901316047
ENOG41122AM	0.8388132131052987	0.1611867868947013
ENOG41122D8	0.39160653591560446	0.6083934640843955
ENOG41122M9	0.26128855598010925	0.7387114440198908
ENOG41122VX	0.8896681420641007	0.11033185793589932
ENOG41122W4	0.41593273394269936	0.5840672660573006
ENOG41122WR	0.9036414468212592	0.09635855317874074
ENOG411239P	0.20951192020476006	0.7904880797952399
ENOG41123DH	0.41686044771855557	0.5831395522814444
ENOG41123HQ	0.2260384135161635	0.7739615864838365
ENOG41123I9	0.6487003891568341	0.35129961084316585
ENOG41123KQ	0.7205236847639642	0.2794763152360358
ENOG41123Q6	0.36706166168374565	0.6329383383162543
ENOG41123QK	0.5454258693032692	0.4545741306967308
ENOG41123QU	0.9290298015173071	0.07097019848269288
ENOG41123SV	0.823583569569311	0.176416430430689
ENOG411240D	0.986076270210248	0.013923729789751944
ENOG411240F	0.524146154338038	0.475853845661962
ENOG411241A	0.20657233945524145	0.7934276605447586
ENOG411241E	0.47881521333795507	0.5211847866620449
ENOG41124G7	0.9822774881110243	0.01772251188897562
ENOG41124H4	0.22991653023760217	0.7700834697623978
ENOG41124HM	0.5941494528546876	0.4058505471453125
ENOG41124K8	0.3195213138484133	0.6804786861515867
ENOG41124N5	0.34152332150273024	0.6584766784972698
ENOG41124Q5	0.3760243444582131	0.6239756555417869
ENOG41124TY	0.22743188209742282	0.7725681179025772
ENOG4112582	0.5114053355236806	0.4885946644763194
ENOG411258W	0.8827158907028035	0.11728410929719647
ENOG41125BE	0.2495117669194219	0.7504882330805781
ENOG41125D5	0.5983202609755074	0.40167973902449267
ENOG41125HU	0.048150377906118424	0.9518496220938816
ENOG41125I6	0.6738751106777618	0.3261248893222382
ENOG41125JZ	0.7638470332107976	0.2361529667892024
ENOG41125K2	0.6959283383301991	0.30407166166980093
ENOG41125P7	0.04734026916427214	0.9526597308357279
ENOG41125RW	0.9323501274025687	0.06764987259743123
ENOG41125WJ	0.6121710037338057	0.3878289962661943
ENOG41125XB	0.9144573867278908	0.08554261327210921
ENOG41125XC	0.6855597347920934	0.3144402652079065
ENOG4112602	0.5261724116778872	0.47382758832211275
ENOG411263Z	0.5413288981538733	0.45867110184612675
ENOG411265D	0.969850337680551	0.030149662319449017
ENOG41126EM	0.6329241888202966	0.3670758111797035
ENOG41126GF	0.8937627266434852	0.10623727335651481
ENOG41126Q7	0.9911128148619621	0.008887185138037877
ENOG41126RH	0.1940908494831164	0.8059091505168836
ENOG41126S5	0.35946465409772144	0.6405353459022786
ENOG41126TB	0.9242965074609566	0.07570349253904336
ENOG41126X9	0.5193839455644108	0.4806160544355892
ENOG41126ZD	0.566171697050192	0.433828302949808
ENOG4112703	0.5291397929192863	0.4708602070807137
ENOG4112704	0.8899938291235487	0.11000617087645125
ENOG411274N	0.44395913306016277	0.5560408669398372
ENOG41127H1	0.21107345786238374	0.7889265421376163
ENOG41127IP	0.5830002319855023	0.4169997680144976
ENOG41127P9	0.13834866096007814	0.8616513390399219
ENOG41127QI	0.8807114918241884	0.11928850817581156
ENOG41127QJ	0.4195415476803047	0.5804584523196953
ENOG41127RZ	0.7552674182194659	0.24473258178053414
ENOG41127XM	0.18005893994800615	0.8199410600519939
ENOG4112823	0.9100365780620194	0.08996342193798054
ENOG411284Y	0.9512241470964944	0.04877585290350565
ENOG41128GQ	0.9447477819596799	0.05525221804032008
ENOG41128QS	0.6696324401664631	0.33036755983353694
ENOG41128VI	0.7923371554196879	0.20766284458031217
ENOG41128XF	0.6012123350197038	0.3987876649802961
ENOG4112923	0.9576318414332748	0.04236815856672512
ENOG4112986	0.6618234134432789	0.3381765865567211
ENOG41129BN	0.5682437697684375	0.4317562302315625
ENOG41129DW	0.9931549454137254	0.0068450545862746475
ENOG41129FA	0.7817460146727395	0.2182539853272605
ENOG41129IY	0.7483244619585162	0.2516755380414838
ENOG41129K2	0.47557857238023926	0.5244214276197607
ENOG41129QP	0.7761810005740256	0.2238189994259744
ENOG41129R3	0.6294179384728278	0.37058206152717216
ENOG41129SD	0.7628745770478813	0.23712542295211872
ENOG41129Y0	0.5754119289790078	0.4245880710209921
ENOG4112A0K	0.4152165793040099	0.5847834206959901
ENOG4112A7R	0.8413885140395679	0.15861148596043204
ENOG4112AER	0.9429749907662572	0.05702500923374275
ENOG4112AIV	0.5051466343343388	0.4948533656656612
ENOG4112AN7	0.12773819208267667	0.8722618079173233
ENOG4112AQE	0.5686238333535726	0.4313761666464274
ENOG4112ARF	0.299209217359493	0.700790782640507
ENOG4112AT2	0.09458054176489017	0.9054194582351098
ENOG4112B40	0.8406857870418849	0.1593142129581151
ENOG4112BAR	0.6324969076876334	0.3675030923123665
ENOG4112BGZ	0.43741512677672445	0.5625848732232756
ENOG4112BP6	0.7788064817523647	0.22119351824763536
ENOG4112BPV	0.851877729344975	0.148122270655025
ENOG4112BRK	0.2052326183288693	0.7947673816711307
ENOG4112BX4	0.8958127879786092	0.1041872120213908
ENOG4112BYU	0.8220403699603901	0.17795963003960988
ENOG4112C0Y	0.19070377093767654	0.8092962290623235
ENOG4112C9F	0.4895481413213556	0.5104518586786444
ENOG4112CCT	0.9796281258888093	0.020371874111190645
ENOG4112CIP	0.12602835621823938	0.8739716437817606
ENOG4112CJA	0.6095338470493163	0.39046615295068365
ENOG4112D9A	0.6667207363665133	0.3332792636334867
ENOG4112DBA	0.8671094339900562	0.1328905660099438
COG1240	0.6928053799486056	0.30719462005139436
COG1334	0.41590400900263147	0.5840959909973685
COG1505	0.8581471736280474	0.1418528263719526
COG1700	0.9234678039610789	0.07653219603892117
COG1755	0.7930047061976508	0.2069952938023492
COG2048	0.1131281467701526	0.8868718532298474
COG2319	0.826921957958592	0.17307804204140795
COG2405	0.7364654898709606	0.2635345101290394
COG2830	0.9508563252683385	0.04914367473166153
COG2931	0.5180044251077269	0.4819955748922731
COG3419	0.259928895013384	0.740071104986616
COG3488	0.9622526893280854	0.03774731067191464
COG3566	0.5738568142641113	0.4261431857358887
COG3746	0.9232498182286987	0.07675018177130137
COG3866	0.7335665367356907	0.2664334632643092
COG3934	0.854742963451972	0.145257036548028
COG3952	0.6675998279056725	0.33240017209432754
COG3972	0.8864013812885252	0.11359861871147485
COG4226	0.2991659406509456	0.7008340593490544
COG4286	0.0904640375140926	0.9095359624859074
COG4372	0.34574379016889056	0.6542562098311094
COG4502	0.5820289279044515	0.4179710720955485
COG4641	0.6463758282704388	0.35362417172956123
COG4797	0.8618177732446767	0.1381822267553233
COG4834	0.6014455317492382	0.3985544682507618
COG4874	0.8959196298132238	0.10408037018677622
COG4938	0.8845860572535305	0.11541394274646954
COG4946	0.9206208547773556	0.07937914522264446
ENOG410XNTZ	0.30756023192477167	0.6924397680752283
ENOG410XNV1	0.7029696567099917	0.2970303432900083
ENOG410XNWS	0.9133978258550772	0.08660217414492277
ENOG410XNYE	0.9005670901054943	0.09943290989450566
ENOG410XP2N	0.5347730060150128	0.46522699398498724
ENOG410XP54	0.8866275888773982	0.11337241112260177
ENOG410XP59	0.7629111256755813	0.2370888743244187
ENOG410XP63	0.14957042314905233	0.8504295768509477
ENOG410XP71	0.9896746667188917	0.010325333281108268
ENOG410XP7P	0.47754408329764664	0.5224559167023534
ENOG410XPB1	0.8735190593905422	0.12648094060945775
ENOG410XPDP	0.9652529279295392	0.034747072070460766
ENOG410XPGH	0.9723070345074166	0.027692965492583394
ENOG410XPJG	0.9592440958114917	0.04075590418850827
ENOG410XPM9	0.7734985209211283	0.2265014790788718
ENOG410XPMX	0.7841913630028429	0.2158086369971571
ENOG410XPR1	0.5094933963755002	0.4905066036244999
ENOG410XPR3	0.6737633004034081	0.32623669959659185
ENOG410XPR9	0.5447428754823197	0.4552571245176803
ENOG410XPRV	0.8259787018023406	0.17402129819765938
ENOG410XPSK	0.8558468267988577	0.14415317320114235
ENOG410XPSU	0.9484830785683762	0.05151692143162383
ENOG410XPTC	0.519962498501024	0.48003750149897595
ENOG410XPXH	0.523415662360754	0.47658433763924607
ENOG410XPY1	0.9788279258732284	0.021172074126771603
ENOG410XPYX	0.930260918923094	0.06973908107690598
ENOG410XQ2W	0.9140354960733663	0.08596450392663366
ENOG410XQ84	0.8719347434241956	0.12806525657580436
ENOG410XQ9D	0.5136028480764756	0.48639715192352445
ENOG410XQ9V	0.9091007727509456	0.09089922724905439
ENOG410XQCP	0.07608040630898438	0.9239195936910156
ENOG410XQDB	0.9100303898694442	0.08996961013055584
ENOG410XQED	0.7093669762857595	0.2906330237142405
ENOG410XQGH	0.6170640644016105	0.38293593559838945
ENOG410XQGX	0.49659178401278425	0.5034082159872157
ENOG410XQH6	0.9384262841475685	0.06157371585243156
ENOG410XQI3	0.7619547045012085	0.2380452954987915
ENOG410XQJQ	0.9795095520495807	0.02049044795041937
ENOG410XQK0	0.9645972562199238	0.0354027437800762
ENOG410XQM1	0.9046351033967133	0.0953648966032867
ENOG410XQN2	0.1743288635410034	0.8256711364589966
ENOG410XQN3	0.554839699739911	0.44516030026008896
ENOG410XQP6	0.9912237424697543	0.008776257530245723
ENOG410XQRJ	0.9075551944617455	0.09244480553825453
ENOG410XQTH	0.4573554427951215	0.5426445572048785
ENOG410XQUD	0.7204983310056796	0.27950166899432033
ENOG410XQYP	0.8285565858511921	0.17144341414880787
ENOG410XR0J	0.9945120447033347	0.005487955296665357
ENOG410XR1R	0.9473642153310871	0.05263578466891293
ENOG410XR1Y	0.9509312157373804	0.04906878426261959
ENOG410XR25	0.4412203273375257	0.5587796726624743
ENOG410XR59	0.8471981292494472	0.15280187075055282
ENOG410XR5T	0.9341993490970707	0.0658006509029293
ENOG410XR5V	0.9596466486087967	0.04035335139120331
ENOG410XR7J	0.8493366100236258	0.1506633899763742
ENOG410XRBF	0.7967627608259704	0.20323723917402955
ENOG410XRBM	0.8304165087282702	0.1695834912717298
ENOG410XRD0	0.9264134143994613	0.0735865856005386
ENOG410XRD8	0.828282471369508	0.17171752863049192
ENOG410XREI	0.9667885243892684	0.033211475610731574
ENOG410XRFJ	0.6933025138844578	0.30669748611554215
ENOG410XRGF	0.9242731675202098	0.07572683247979017
ENOG410XRGM	0.9852279390295202	0.01477206097047983
ENOG410XRI8	0.5636510985090422	0.4363489014909579
ENOG410XRKQ	0.8085502222237592	0.19144977777624086
ENOG410XRKW	0.9268720480509423	0.07312795194905776
ENOG410XRP1	0.9348917245585073	0.06510827544149267
ENOG410XRP4	0.7674238420935799	0.23257615790642
ENOG410XRRN	0.8866874223312649	0.11331257766873515
ENOG410XRWQ	0.22528782831558192	0.7747121716844181
ENOG410XRX3	0.2419494908754246	0.7580505091245754
ENOG410XS1K	0.785572555373531	0.214427444626469
ENOG410XS27	0.7530034122965088	0.24699658770349123
ENOG410XS38	0.19339123652106638	0.8066087634789336
ENOG410XS3Y	0.9422820408283215	0.0577179591716786
ENOG410XS71	0.9638358911102829	0.0361641088897171
ENOG410XSAF	0.9932328712272092	0.006767128772790888
ENOG410XSCV	0.934899420532418	0.06510057946758192
ENOG410XSEP	0.7517949260742663	0.24820507392573363
ENOG410XSFE	0.7744127954738235	0.22558720452617653
ENOG410XSG7	0.3459819471576099	0.6540180528423901
ENOG410XSGG	0.9084820553447931	0.09151794465520686
ENOG410XSGQ	0.8877512496506064	0.11224875034939369
ENOG410XSHC	0.9162950732136248	0.08370492678637526
ENOG410XSIN	0.8746056225143063	0.12539437748569374
ENOG410XSKW	0.7971744612545681	0.2028255387454318
ENOG410XSNQ	0.6118429733618824	0.3881570266381176
ENOG410XSP4	0.3773590202219953	0.6226409797780047
ENOG410XSPA	0.9091731939131511	0.09082680608684894
ENOG410XSRK	0.9198263549733215	0.08017364502667844
ENOG410XSWU	0.7192612523500872	0.28073874764991275
ENOG410XSZ8	0.6959208003237962	0.3040791996762038
ENOG410XSZC	0.9543554689887739	0.04564453101122614
ENOG410XT0S	0.8685799182176424	0.13142008178235767
ENOG410XT1T	0.6135452995830838	0.3864547004169162
ENOG410XT2E	0.996603675328329	0.0033963246716709424
ENOG410XT2G	0.4622242845973459	0.5377757154026541
ENOG410XT2N	0.936632236502022	0.06336776349797806
ENOG410XT2W	0.990001992596219	0.009998007403781019
ENOG410XT32	0.7528593170410578	0.24714068295894223
ENOG410XT41	0.7136051869000126	0.28639481309998743
ENOG410XT60	0.8951535933454164	0.10484640665458354
ENOG410XTC8	0.8662469210116251	0.13375307898837482
ENOG410XTE0	0.8604514661567791	0.13954853384322083
ENOG410XTEU	0.939069867855136	0.060930132144864
ENOG410XTEX	0.547349923007655	0.45265007699234505
ENOG410XTI1	0.9919319505786887	0.008068049421311365
ENOG410XTJD	0.7117638239658775	0.28823617603412255
ENOG410XTK8	0.9271344056079546	0.07286559439204542
ENOG410XTM1	0.8549872629798012	0.1450127370201988
ENOG410XTNF	0.6183913324405078	0.3816086675594922
ENOG410XTPT	0.3976775486994498	0.6023224513005502
ENOG410XTWY	0.9871418030668715	0.012858196933128488
ENOG410XTX8	0.847983551430307	0.152016448569693
ENOG410XU7P	0.19713763686305597	0.802862363136944
ENOG410XUFW	0.9834913465315318	0.01650865346846818
ENOG410XUIX	0.29511532204955726	0.7048846779504427
ENOG410XUNF	0.9011331120516219	0.09886688794837804
ENOG410XUQX	0.2981033322691272	0.7018966677308728
ENOG410XUT4	0.8453232223626133	0.1546767776373867
ENOG410XUTU	0.7055143492569844	0.29448565074301564
ENOG410XV1E	0.513989318927897	0.48601068107210305
ENOG410XV1Q	0.9664144561297278	0.033585543870272204
ENOG410XV2J	0.2964809203093899	0.7035190796906101
ENOG410XV63	0.9767184766076301	0.02328152339236987
ENOG410XV65	0.8289565868558915	0.17104341314410854
ENOG410XVBQ	0.785455356849994	0.214544643150006
ENOG410XVCQ	0.7398978232808499	0.26010217671915015
ENOG410XVI4	0.920008589417132	0.07999141058286795
ENOG410XVIV	0.805019197879884	0.19498080212011606
ENOG410XVP9	0.9934067657683181	0.0065932342316819305
ENOG410XVPQ	0.3051801567355147	0.6948198432644853
ENOG410XVQ2	0.5583308499868074	0.4416691500131927
ENOG410XVR0	0.6174393564837968	0.38256064351620317
ENOG410XVRQ	0.8609901425247947	0.13900985747520533
ENOG410XW1B	0.03905677201015223	0.9609432279898478
ENOG410XW2M	0.6705496744387203	0.32945032556127973
ENOG410XWCQ	0.533247396914363	0.4667526030856371
ENOG410XWD1	0.15017725717405417	0.8498227428259458
ENOG410XWHS	0.5420068299203751	0.457993170079625
ENOG410XWJY	0.7264452996712565	0.2735547003287435
ENOG410XWM3	0.58760840431325	0.41239159568675
ENOG410XWND	0.37003887374087396	0.629961126259126
ENOG410XWRP	0.6002408541379912	0.3997591458620088
ENOG410XWUY	0.755072401989406	0.24492759801059405
ENOG410XWV3	0.3332317439511506	0.6667682560488494
ENOG410XX6V	0.6360756464892365	0.3639243535107635
ENOG410XXBN	0.8969428583570368	0.1030571416429632
ENOG410XXJC	0.9222700707475378	0.07772992925246222
ENOG410XXS0	0.19402762167477694	0.8059723783252231
ENOG410XXZT	0.5699080248296446	0.43009197517035536
ENOG410XY17	0.8777626500640464	0.1222373499359536
ENOG410XY68	0.5142504024489849	0.48574959755101516
ENOG410XY8M	0.957622706730089	0.04237729326991102
ENOG410XY9G	0.689469415853859	0.31053058414614104
ENOG410XYB5	0.8609071714825527	0.13909282851744734
ENOG410XYEE	0.3704631218869011	0.6295368781130989
ENOG410XYKK	0.9155425463488697	0.08445745365113029
ENOG410XYN2	0.6813523088242239	0.318647691175776
ENOG410XYSH	0.525476767266335	0.474523232733665
ENOG410XYV4	0.6440610997477456	0.3559389002522544
ENOG410XZ44	0.993755673222835	0.006244326777164997
ENOG410XZ45	0.3980118662456943	0.6019881337543057
ENOG410XZ91	0.05149970104970947	0.9485002989502905
ENOG410XZC7	0.9132850627834712	0.08671493721652877
ENOG410XZF7	0.9568072231268494	0.04319277687315064
ENOG410XZS0	0.9861461785904647	0.01385382140953527
ENOG410XZUM	0.6992897366761159	0.300710263323884
ENOG410XZUX	0.9205141586981431	0.07948584130185693
ENOG410Y00H	0.44414348425572525	0.5558565157442747
ENOG410Y01V	0.7546919457183773	0.2453080542816227
ENOG410Y02D	0.9795062948152665	0.020493705184733528
ENOG410Y037	0.6870852975299868	0.3129147024700132
ENOG410Y052	0.45683210928977314	0.5431678907102269
ENOG410Y061	0.23594628132268858	0.7640537186773114
ENOG410Y065	0.72263732922766	0.27736267077234006
ENOG410Y0TP	0.4863304713150042	0.5136695286849958
ENOG410Y12H	0.22956542369881283	0.7704345763011872
ENOG410Y12S	0.9291227545963983	0.0708772454036017
ENOG410Y19Z	0.5318869074624923	0.46811309253750766
ENOG410Y1AW	0.8945929322300975	0.10540706776990248
ENOG410Y1FH	0.9298120944584979	0.07018790554150214
ENOG410Y1KT	0.9904971572068916	0.009502842793108406
ENOG410Y1MD	0.9894714096624491	0.010528590337550915
ENOG410Y1MR	0.22600524552858925	0.7739947544714108
ENOG410Y1WM	0.7904410035162939	0.2095589964837061
ENOG410Y1YB	0.512544566637459	0.48745543336254105
ENOG410Y25P	0.8398805116722101	0.16011948832778986
ENOG410Y2F5	0.497008170646557	0.502991829353443
ENOG410Y2FJ	0.5184353804259224	0.4815646195740776
ENOG410Y2GD	0.8670831640877796	0.13291683591222042
ENOG410Y2IM	0.17888650744572787	0.8211134925542721
ENOG410Y2NR	0.6687733617673595	0.3312266382326405
ENOG410Y2QG	0.17011827523043743	0.8298817247695626
ENOG410Y30I	0.8857277088469224	0.11427229115307758
ENOG410Y3AH	0.3261345312509969	0.6738654687490031
ENOG410Y3CU	0.25601545376613133	0.7439845462338687
ENOG410Y3IK	0.9958702353915585	0.0041297646084414805
ENOG410Y44W	0.3983756012830786	0.6016243987169214
ENOG410Y47Q	0.9631937416351738	0.03680625836482623
ENOG410Y4AB	0.17984651840017107	0.8201534815998289
ENOG410Y4I7	0.39785437559127323	0.6021456244087268
ENOG410Y4NF	0.7894507062968539	0.21054929370314612
ENOG410Y4VD	0.336429459209746	0.663570540790254
ENOG410Y50B	0.7023877704594648	0.2976122295405352
ENOG410Y57Z	0.6576982889481362	0.34230171105186386
ENOG410Y5BR	0.4768443556607129	0.5231556443392871
ENOG410Y5R4	0.8738686958153739	0.1261313041846262
ENOG410Y5RX	0.544134995881606	0.455865004118394
ENOG410Y5SN	0.9133665496736291	0.08663345032637093
ENOG410Y5X3	0.9036149564455825	0.09638504355441746
ENOG410Y61A	0.08951847432719406	0.9104815256728059
ENOG410Y61B	0.808877736994029	0.19112226300597096
ENOG410Y65N	0.7629615411469433	0.2370384588530568
ENOG410Y698	0.6242673828814157	0.3757326171185843
ENOG410Y69H	0.6755601084311625	0.32443989156883746
ENOG410Y6BE	0.8936450008980054	0.10635499910199464
ENOG410Y6DH	0.7722870003732303	0.22771299962676966
ENOG410Y6JS	0.7040711341930466	0.29592886580695343
ENOG410Y6KN	0.4474024093003476	0.5525975906996524
ENOG410Y6N4	0.6959221688420282	0.3040778311579718
ENOG410Y6PP	0.3316160456090588	0.6683839543909412
ENOG410Y6T0	0.597929994987824	0.40207000501217605
ENOG410Y714	0.09612140394982693	0.9038785960501731
ENOG410Y74B	0.9410368427915128	0.05896315720848725
ENOG410Y74R	0.7637165492121228	0.2362834507878772
ENOG410Y74T	0.6296127248245511	0.3703872751754489
ENOG410Y7HR	0.42569089728517195	0.574309102714828
ENOG410Y7J2	0.6086651924832245	0.3913348075167755
ENOG410Y7MF	0.7867438886780708	0.21325611132192926
ENOG410Y7NJ	0.9785907556824531	0.021409244317546854
ENOG410Y80I	0.4655038588322218	0.5344961411677782
ENOG410Y82Q	0.5699679552473886	0.4300320447526113
ENOG410Y8AE	0.8970470367464856	0.10295296325351447
ENOG410Y8AI	0.9560528551686167	0.043947144831383275
ENOG410Y8MT	0.5480139201460903	0.45198607985390976
ENOG410Y8NU	0.7703401245930486	0.22965987540695143
ENOG410Y8YV	0.6984675869174726	0.3015324130825275
ENOG410Y909	0.9224068759869367	0.07759312401306327
ENOG410Y90I	0.650604384792425	0.349395615207575
ENOG410Y91P	0.9270749723310442	0.07292502766895584
ENOG410Y99K	0.8851841702443202	0.11481582975567987
ENOG410Y9BH	0.488641506450055	0.511358493549945
ENOG410Y9CX	0.9002016149360701	0.09979838506392989
ENOG410Y9CY	0.26880144439832476	0.7311985556016752
ENOG410Y9DN	0.8766947996460268	0.12330520035397316
ENOG410Y9EU	0.8970914736813784	0.10290852631862157
ENOG410Y9IT	0.5296956866439914	0.47030431335600864
ENOG410Y9J2	0.8271415061949373	0.17285849380506266
ENOG410Y9K3	0.7218998296727954	0.2781001703272046
ENOG410Y9VZ	0.9805946964873159	0.019405303512684154
ENOG410Y9XN	0.9772660213780806	0.022733978621919414
ENOG410Y9Y0	0.7784975586108196	0.22150244138918046
ENOG410Y9YJ	0.6460834514270197	0.35391654857298027
ENOG410Y9YN	0.8513022820068118	0.14869771799318823
ENOG410YA2N	0.7010102331691292	0.29898976683087075
ENOG410YA83	0.459111805243116	0.540888194756884
ENOG410YA89	0.842216369101987	0.15778363089801292
ENOG410YA9Z	0.9235049652628655	0.07649503473713447
ENOG410YAA3	0.5896450135535967	0.41035498644640334
ENOG410YAB1	0.9002629135957166	0.09973708640428339
ENOG410YABC	0.8802382980807427	0.11976170191925732
ENOG410YAFB	0.8321130792933199	0.1678869207066801
ENOG410YAGY	0.10539982890477273	0.8946001710952273
ENOG410YAQZ	0.9198724091319909	0.0801275908680091
ENOG410YAR1	0.7980539139076879	0.20194608609231213
ENOG410YARE	0.8358557702548928	0.16414422974510717
ENOG410YAT8	0.8653347726746485	0.13466522732535144
ENOG410YAVK	0.35695224884061594	0.6430477511593841
ENOG410YAVZ	0.8267031820624918	0.1732968179375082
ENOG410YAY4	0.5803269678179966	0.41967303218200336
ENOG410YAYF	0.7797401144547081	0.22025988554529186
ENOG410YAYV	0.8447109154225423	0.15528908457745771
ENOG410YB0P	0.9792742547806019	0.020725745219398066
ENOG410YB26	0.9372180692605592	0.06278193073944087
ENOG410YB56	0.40890412159770484	0.5910958784022952
ENOG410YB63	0.9463587921443288	0.053641207855671155
ENOG410YB6W	0.4999478792757278	0.5000521207242722
ENOG410YB9V	0.48684887245646635	0.5131511275435336
ENOG410YBD7	0.9919688980957556	0.008031101904244392
ENOG410YBE3	0.9079452008125278	0.09205479918747218
ENOG410YBFJ	0.9690289382797326	0.030971061720267402
ENOG410YBFN	0.9432399333765006	0.05676006662349939
ENOG410YBKF	0.5834348047881288	0.41656519521187113
ENOG410YBMI	0.9466009980744903	0.05339900192550969
ENOG410YBND	0.9652925555159942	0.03470744448400575
ENOG410YBPP	0.766323944514064	0.23367605548593592
ENOG410YBRJ	0.7055346215906692	0.29446537840933085
ENOG410YBTJ	0.9035820860733025	0.09641791392669752
ENOG410YBY0	0.2757396945617382	0.7242603054382618
ENOG410YBY2	0.9454231831334885	0.05457681686651156
ENOG410YBZF	0.9315129062436854	0.06848709375631454
ENOG410YC05	0.6976904807526607	0.30230951924733934
ENOG410YC06	0.8679559987133907	0.13204400128660934
ENOG410YC0Y	0.9873487983239154	0.012651201676084568
ENOG410YC2V	0.8495588099081516	0.15044119009184845
ENOG410YC2W	0.9463087627535307	0.05369123724646925
ENOG410YC2X	0.8555744665887683	0.14442553341123163
ENOG410YC5Y	0.5120617932883388	0.4879382067116612
ENOG410YC9E	0.7877730637299069	0.21222693627009315
ENOG410YCC6	0.7796046363066856	0.2203953636933144
ENOG410YCET	0.8782951361497511	0.12170486385024898
ENOG410YCFW	0.5451974386281677	0.45480256137183234
ENOG410YCGG	0.949809819774319	0.05019018022568103
ENOG410YCIZ	0.8898850946179012	0.11011490538209875
ENOG410YCMS	0.9579334055406641	0.04206659445933596
ENOG410YCNG	0.39880686424678446	0.6011931357532155
ENOG410YCTM	0.9905737652212314	0.009426234778768612
ENOG410YCVH	0.9101651932915764	0.0898348067084236
ENOG410YCVR	0.9409381707314852	0.059061829268514755
ENOG410YCW7	0.9563143572843733	0.04368564271562668
ENOG410YCWB	0.6188029911023737	0.3811970088976263
ENOG410YCXR	0.8371776289772408	0.16282237102275918
ENOG410YCZF	0.9066809164186022	0.09331908358139789
ENOG410YD2N	0.8047613363661124	0.1952386636338876
ENOG410YD3Q	0.9936486186919123	0.0063513813080876376
ENOG410YD8B	0.783596858897746	0.21640314110225398
ENOG410YD8C	0.9819813437144713	0.018018656285528675
ENOG410YD8U	0.9203115105921978	0.0796884894078022
ENOG410YD8Y	0.9297533080196307	0.07024669198036926
ENOG410YD95	0.5626577547256608	0.4373422452743391
ENOG410YDIC	0.9854555020806915	0.014544497919308398
ENOG410YDM2	0.5670897396240885	0.4329102603759115
ENOG410YDMQ	0.0748128269768571	0.9251871730231429
ENOG410YDN3	0.9138585211828847	0.08614147881711533
ENOG410YDQJ	0.31928195355534283	0.6807180464446572
ENOG410YDRB	0.24569380878625657	0.7543061912137434
ENOG410YDVK	0.7348459711134643	0.2651540288865357
ENOG410YDYP	0.6962022996857286	0.30379770031427145
ENOG410YE91	0.9725694935594129	0.02743050644058711
ENOG410YEA5	0.9860505603651251	0.013949439634874976
ENOG410YEB8	0.8553875488707354	0.14461245112926457
ENOG410YEBG	0.6874562314067201	0.3125437685932799
ENOG410YEEH	0.1451600204344703	0.8548399795655297
ENOG410YEG3	0.621119816005945	0.378880183994055
ENOG410YEGB	0.9456155755622142	0.05438442443778583
ENOG410YEUD	0.8151505280014449	0.18484947199855503
ENOG410YEV5	0.6313328036889629	0.36866719631103706
ENOG410YEWF	0.7612146197059273	0.23878538029407276
ENOG410YEWP	0.8043827443399274	0.19561725566007254
ENOG410YEZ1	0.6704233966918681	0.3295766033081319
ENOG410YF02	0.5704554239240034	0.4295445760759966
ENOG410YF0Y	0.5983066601487927	0.4016933398512073
ENOG410YF2K	0.937846823559672	0.06215317644032807
ENOG410YF6U	0.8233138288491817	0.17668617115081833
ENOG410YF7G	0.9482647609225081	0.0517352390774919
ENOG410YF9W	0.7986353483679136	0.20136465163208644
ENOG410YFDR	0.7850237476721913	0.21497625232780873
ENOG410YFF0	0.8898637418565702	0.11013625814342971
ENOG410YFFI	0.9286509221008434	0.07134907789915651
ENOG410YFI1	0.45675175438542903	0.543248245614571
ENOG410YFIY	0.9233323983124424	0.07666760168755762
ENOG410YFJQ	0.31619435091675985	0.6838056490832402
ENOG410YFKX	0.9746537485994407	0.02534625140055932
ENOG410YFS2	0.8224778285227253	0.17752217147727464
ENOG410YFS4	0.5443104420175586	0.45568955798244143
ENOG410YFSW	0.9461769737798655	0.05382302622013447
ENOG410YFW8	0.9065803720406173	0.09341962795938272
ENOG410YFWP	0.6610219520250411	0.33897804797495895
ENOG410YFX1	0.28794346589179376	0.7120565341082062
ENOG410YG02	0.9420874135604478	0.05791258643955223
ENOG410YG0G	0.7746453688090695	0.22535463119093044
ENOG410YGAE	0.7178607538740625	0.28213924612593755
ENOG410YGAP	0.9407865486782405	0.059213451321759515
ENOG410YGC5	0.7654012668307355	0.23459873316926452
ENOG410YGI2	0.6496247681467769	0.35037523185322306
ENOG410YGT9	0.9420016065297951	0.057998393470204905
ENOG410YGXY	0.3863712126355944	0.6136287873644056
ENOG410YGYK	0.8388217917819124	0.16117820821808757
ENOG410YH15	0.6375585685997844	0.3624414314002155
ENOG410YH8W	0.6168058719182481	0.3831941280817519
ENOG410YH96	0.7768167242219459	0.22318327577805414
ENOG410YH9E	0.806840584866581	0.1931594151334191
ENOG410YHCG	0.797780237062635	0.20221976293736504
ENOG410YHEK	0.8986273387260206	0.10137266127397938
ENOG410YHEN	0.600336748763246	0.399663251236754
ENOG410YHJ4	0.39441630482878176	0.6055836951712182
ENOG410YHJ9	0.8242692610074428	0.17573073899255723
ENOG410YI22	0.909575117367861	0.09042488263213895
ENOG410YI2M	0.8876822648059687	0.11231773519403132
ENOG410YI72	0.10677694502521184	0.8932230549747882
ENOG410YI7C	0.7230647369798391	0.2769352630201609
ENOG410YI7H	0.4648471991079126	0.5351528008920874
ENOG410YI9F	0.8838475494719265	0.11615245052807353
ENOG410YID6	0.9896332621097537	0.010366737890246332
ENOG410YIFJ	0.43323002206495076	0.5667699779350492
ENOG410YIHY	0.8384992703052965	0.1615007296947035
ENOG410YIIJ	0.6374434727770344	0.36255652722296555
ENOG410YITK	0.8668198828738602	0.13318011712613975
ENOG410YIUE	0.20437473461926514	0.7956252653807349
ENOG410YIUP	0.9345243487101462	0.06547565128985378
ENOG410YIX7	0.7532836663198569	0.24671633368014315
ENOG410YIXT	0.8200780678639047	0.17992193213609534
ENOG410YIZ7	0.7354272597341782	0.2645727402658218
ENOG410YJ0X	0.875792371773844	0.12420762822615604
ENOG410YJ36	0.8573056577458802	0.14269434225411984
ENOG410YJ3G	0.8910951743533968	0.10890482564660318
ENOG410YJ58	0.807730353460194	0.19226964653980602
ENOG410YJ6W	0.4868101580041635	0.5131898419958365
ENOG410YJ72	0.9635433969260148	0.0364566030739852
ENOG410YJAY	0.6585850156231146	0.3414149843768855
ENOG410YJC2	0.9226816442206363	0.07731835577936375
ENOG410YJED	0.9186286136180768	0.08137138638192325
ENOG410YJKP	0.9496598727051067	0.05034012729489329
ENOG410YJMH	0.3716590123624953	0.6283409876375047
ENOG410YJW3	0.519646025536558	0.480353974463442
ENOG410YK3M	0.9632930650539863	0.03670693494601375
ENOG410YK6C	0.9454823953362299	0.054517604663770085
ENOG410YK82	0.7795562152686688	0.22044378473133117
ENOG410YKJW	0.3605972363387143	0.6394027636612857
ENOG410YKSV	0.7161244394719521	0.2838755605280478
ENOG410YKUY	0.5795498866579455	0.4204501133420545
ENOG410YM1X	0.8109359299608423	0.1890640700391577
ENOG410YM4C	0.7838287464631952	0.2161712535368048
ENOG410YM68	0.5331809423363887	0.46681905766361126
ENOG410YMAW	0.42084895350221463	0.5791510464977854
ENOG410YMBB	0.8881587943458072	0.11184120565419275
ENOG410YMPY	0.41898048480003514	0.5810195151999649
ENOG410YMQ7	0.5615125971999708	0.4384874028000291
ENOG410YMZA	0.9209923990365185	0.07900760096348153
ENOG410YN3H	0.9278113526981294	0.07218864730187054
ENOG410YN8Y	0.8517500954510386	0.14824990454896136
ENOG410YN8Z	0.43548275614022813	0.5645172438597719
ENOG410YNGB	0.8988071640895715	0.10119283591042849
ENOG410YNH9	0.5380016508016179	0.4619983491983821
ENOG410YNPF	0.7579006213120736	0.24209937868792636
ENOG410YNZ3	0.979936876274901	0.02006312372509904
ENOG410YP1Q	0.6537362410047356	0.34626375899526435
ENOG410YP2K	0.9019012277683147	0.0980987722316853
ENOG410YP98	0.7780946455403223	0.22190535445967774
ENOG410YPAF	0.45104509197723264	0.5489549080227674
ENOG410YPBM	0.8297196212149386	0.17028037878506141
ENOG410YPC8	0.41905842032616125	0.5809415796738387
ENOG410YPQ3	0.5005487355620393	0.4994512644379607
ENOG410YPQK	0.7255987568496886	0.27440124315031145
ENOG410YQ0S	0.7068261290123121	0.2931738709876879
ENOG410YQ2I	0.7013559673845187	0.29864403261548134
ENOG410YQ2P	0.5251534125750159	0.47484658742498415
ENOG410YQ31	0.9834165562952977	0.016583443704702303
ENOG410YQBC	0.9502840227686823	0.04971597723131776
ENOG410YQEP	0.7202947536446738	0.27970524635532623
ENOG410YQF3	0.9874972118311806	0.012502788168819482
ENOG410YQFJ	0.7583323936711104	0.24166760632888967
ENOG410YQI4	0.3433337828827795	0.6566662171172205
ENOG410YQKC	0.23147313420375504	0.768526865796245
ENOG410YQS9	0.9340635226701354	0.06593647732986459
ENOG410YR38	0.5055175788514832	0.49448242114851687
ENOG410YR8A	0.5445441904125168	0.45545580958748316
ENOG410YRAH	0.9577859423777272	0.04221405762227278
ENOG410YRD4	0.6614578911107203	0.33854210888927966
ENOG410YRHR	0.19141475600958768	0.8085852439904123
ENOG410YRJC	0.261256495067008	0.738743504932992
ENOG410YRV1	0.7268302096948898	0.27316979030511024
ENOG410YS5K	0.5568928614634598	0.4431071385365402
ENOG410YSBZ	0.9939915767393481	0.006008423260651822
ENOG410YSH0	0.9474140441379071	0.05258595586209288
ENOG410YSHF	0.971519477397514	0.028480522602485996
ENOG410YSIM	0.9152854843714099	0.08471451562859016
ENOG410YSJJ	0.9328610579417427	0.06713894205825728
ENOG410YT0J	0.9572350618346085	0.04276493816539146
ENOG410YT0K	0.8545219417051771	0.14547805829482283
ENOG410YT74	0.7221397631333011	0.277860236866699
ENOG410YT7D	0.9158240921194125	0.08417590788058751
ENOG410YT9M	0.5613149413534981	0.4386850586465019
ENOG410YTK8	0.5865440459487579	0.4134559540512422
ENOG410YU4S	0.5630418214241828	0.43695817857581715
ENOG410YU6X	0.27298305996544636	0.7270169400345536
ENOG410YUBX	0.4860162322566981	0.5139837677433019
ENOG410YUF4	0.6777825773016513	0.3222174226983487
ENOG410YUMD	0.8004116833886051	0.19958831661139487
ENOG410YUU6	0.34358493318282524	0.6564150668171748
ENOG410YUYC	0.5626300387881733	0.43736996121182664
ENOG410YV3U	0.8931209690853171	0.10687903091468287
ENOG410YV6W	0.3976244731802272	0.6023755268197728
ENOG410YVAF	0.7932571043291621	0.2067428956708379
ENOG410YVDY	0.6361423547226261	0.3638576452773739
ENOG410YVFE	0.22548190270536084	0.7745180972946392
ENOG410YVPX	0.95495537903234	0.0450446209676601
ENOG410YVWG	0.8975904256810624	0.10240957431893757
ENOG410YW9Z	0.689858351059095	0.31014164894090507
ENOG410YWNZ	0.8536794443895223	0.14632055561047771
ENOG410YWW6	0.9236486729621952	0.07635132703780483
ENOG410YX06	0.30180678484559975	0.6981932151544002
ENOG410YX8I	0.5082699544316978	0.49173004556830224
ENOG410YX99	0.7090269877450726	0.29097301225492744
ENOG410YXCA	0.9109499980158854	0.08905000198411457
ENOG410YXTA	0.5719711171695099	0.42802888283049007
ENOG410YXTV	0.38125033755311943	0.6187496624468806
ENOG410YXW0	0.3653202509957887	0.6346797490042113
ENOG410YYXB	0.7907727456077942	0.20922725439220574
ENOG410YYXN	0.7850614321522773	0.2149385678477227
ENOG410Z02K	0.6891195289638001	0.31088047103619987
ENOG410Z07R	0.8133984830799555	0.18660151692004442
ENOG410Z08J	0.4166897820815356	0.5833102179184644
ENOG410Z0IW	0.33135875810335735	0.6686412418966426
ENOG410Z17U	0.7335486600486885	0.26645133995131154
ENOG410Z217	0.942800845083545	0.057199154916455046
ENOG410Z27T	0.9278258833493398	0.07217411665066026
ENOG410Z295	0.8179712621979001	0.18202873780209988
ENOG410Z2E7	0.9903329060450111	0.009667093954988867
ENOG410Z2G6	0.5044623432776193	0.4955376567223807
ENOG410Z2J1	0.4954610796518093	0.5045389203481907
ENOG410Z36F	0.7920159019955547	0.20798409800444528
ENOG410Z3XN	0.9959460944159041	0.004053905584095955
ENOG410Z42R	0.685002177107594	0.31499782289240597
ENOG410Z470	0.28693061199594216	0.7130693880040578
ENOG410Z51W	0.9238198631001986	0.07618013689980138
ENOG410Z568	0.47314857337850635	0.5268514266214936
ENOG410Z588	0.614636422023024	0.3853635779769759
ENOG410Z5P3	0.22807850096587934	0.7719214990341207
ENOG410Z6F6	0.8159419403790755	0.18405805962092447
ENOG410Z6ZU	0.8158855409423322	0.1841144590576677
ENOG410Z78K	0.6675120489576106	0.3324879510423894
ENOG410Z79W	0.1697960746393532	0.8302039253606468
ENOG410Z7CF	0.9483869288476323	0.05161307115236767
ENOG410Z7MK	0.8193436270476668	0.1806563729523332
ENOG410Z7PY	0.7120481582464239	0.28795184175357613
ENOG410Z89S	0.92584673266743	0.07415326733256994
ENOG410Z8B4	0.8280271541652886	0.17197284583471137
ENOG410Z8C3	0.9027227655151449	0.09727723448485519
ENOG410Z8K8	0.8461699811931289	0.15383001880687106
ENOG410Z92N	0.8758276276811711	0.1241723723188289
ENOG410Z937	0.6631883487661125	0.3368116512338874
ENOG410Z9WF	0.7856124073816589	0.21438759261834103
ENOG410ZA1A	0.8696682288434863	0.1303317711565138
ENOG410ZA63	0.8271358379243524	0.17286416207564761
ENOG410ZADN	0.7813300736795613	0.21866992632043866
ENOG410ZB0Z	0.7226050369841904	0.27739496301580957
ENOG410ZBEN	0.396890047422676	0.603109952577324
ENOG410ZBQS	0.8500142309592721	0.14998576904072788
ENOG410ZBWM	0.9759971330089688	0.024002866991031203
ENOG410ZC02	0.770332343940372	0.22966765605962808
ENOG410ZC5F	0.7715084754052121	0.22849152459478791
ENOG410ZC98	0.9922359316346326	0.007764068365367339
ENOG410ZD6H	0.6531332745241125	0.3468667254758875
ENOG410ZDI4	0.8671689246775262	0.13283107532247385
ENOG410ZEB6	0.9564118093054587	0.043588190694541326
ENOG410ZEMC	0.8920828035518971	0.1079171964481029
ENOG410ZFU4	0.7613508028815315	0.23864919711846855
ENOG410ZG3Z	0.6711207716747585	0.32887922832524147
ENOG410ZGRA	0.5411469413270902	0.4588530586729099
ENOG410ZHCN	0.22921730642827265	0.7707826935717274
ENOG410ZHKD	0.9919963250120202	0.008003674987979865
ENOG410ZI19	0.7569899199255103	0.2430100800744896
ENOG410ZI89	0.46798573022569545	0.5320142697743045
ENOG410ZIAB	0.519124668365502	0.48087533163449797
ENOG410ZIF1	0.6789340586273153	0.32106594137268474
ENOG410ZJH1	0.9710886057937268	0.028911394206273217
ENOG410ZJHZ	0.9081559094317466	0.09184409056825342
ENOG410ZJJS	0.9595981058467471	0.04040189415325286
ENOG410ZJK0	0.9435644698554996	0.056435530144500416
ENOG410ZJM7	0.42715114146705735	0.5728488585329427
ENOG410ZJMP	0.6602011497422975	0.33979885025770257
ENOG410ZJPZ	0.2705328492336757	0.7294671507663243
ENOG410ZJR9	0.8500048951363823	0.14999510486361767
ENOG410ZJV1	0.38465679790039076	0.6153432020996092
ENOG410ZJVD	0.8260193327038899	0.17398066729611003
ENOG410ZJWK	0.6531017253500737	0.34689827464992623
ENOG410ZJY7	0.6492589952568559	0.35074100474314407
ENOG410ZJYB	0.7814145402554216	0.21858545974457844
ENOG410ZK0W	0.7873589604782734	0.21264103952172667
ENOG410ZK6H	0.7028466300426108	0.29715336995738917
ENOG410ZKC2	0.8169917364286405	0.1830082635713595
ENOG410ZKE8	0.4659851398671999	0.5340148601328001
ENOG410ZKES	0.6279792604790339	0.37202073952096615
ENOG410ZKJY	0.3420253299165942	0.6579746700834058
ENOG410ZKM4	0.7880785287756226	0.2119214712243774
ENOG410ZKMW	0.619116456485676	0.38088354351432396
ENOG410ZKNE	0.9107033917074293	0.08929660829257066
ENOG410ZKR2	0.7738011906558233	0.2261988093441767
ENOG410ZM02	0.9291290801952548	0.07087091980474519
ENOG410ZM1E	0.801854480168655	0.19814551983134496
ENOG410ZM3M	0.812837710533775	0.187162289466225
ENOG410ZMS9	0.8033048240939857	0.1966951759060142
ENOG410ZMSK	0.5761028014470708	0.42389719855292923
ENOG410ZN54	0.9631005782171495	0.036899421782850515
ENOG410ZN8Y	0.3065716875364878	0.6934283124635122
ENOG410ZNCA	0.8263666377204228	0.17363336227957712
ENOG410ZNDB	0.9330993589211749	0.06690064107882511
ENOG410ZNXT	0.46005049985232105	0.539949500147679
ENOG410ZP37	0.3700032360312555	0.6299967639687445
ENOG410ZPH1	0.3632380059607253	0.6367619940392747
ENOG410ZPM6	0.7998338082697706	0.20016619173022943
ENOG410ZQ17	0.40922211794447605	0.590777882055524
ENOG410ZQ9R	0.6921011700242743	0.30789882997572576
ENOG410ZQEY	0.4662531830883122	0.5337468169116878
ENOG410ZQPZ	0.3631060250482253	0.6368939749517747
ENOG410ZQTG	0.44901758718312457	0.5509824128168754
ENOG410ZR3Q	0.5543005403975636	0.4456994596024364
ENOG410ZR5K	0.5017707611745541	0.4982292388254459
ENOG410ZR6H	0.7190213707314304	0.2809786292685696
ENOG410ZRD3	0.8804797152629229	0.11952028473707711
ENOG410ZRQY	0.4648410180448166	0.5351589819551834
ENOG410ZRT2	0.5971248918594213	0.4028751081405787
ENOG410ZS3Y	0.6639214189713565	0.3360785810286435
ENOG410ZSAC	0.9738627680315713	0.026137231968428674
ENOG410ZSR7	0.46713091916354677	0.5328690808364532
ENOG410ZSSQ	0.49184548842052	0.50815451157948
ENOG410ZT4I	0.9577991958739905	0.04220080412600951
ENOG410ZT6D	0.2573300761070342	0.7426699238929658
ENOG410ZT94	0.48431112777876173	0.5156888722212383
ENOG410ZTD8	0.9903696904347414	0.0096303095652586
ENOG410ZTGR	0.43206207278781206	0.5679379272121879
ENOG410ZTJW	0.1687067172648532	0.8312932827351468
ENOG410ZTS5	0.907023490769555	0.09297650923044497
ENOG410ZU9X	0.8070908183339592	0.19290918166604074
ENOG410ZUAG	0.7201485586566135	0.27985144134338646
ENOG410ZUBG	0.7314211200556302	0.26857887994436974
ENOG410ZUD8	0.2692451361286885	0.7307548638713115
ENOG410ZUKH	0.9931220351508745	0.006877964849125531
ENOG410ZUN9	0.5262445344011546	0.4737554655988454
ENOG410ZV35	0.7794694193011471	0.2205305806988529
ENOG410ZVB9	0.7464552382548115	0.2535447617451884
ENOG410ZVC8	0.08242725058160161	0.9175727494183984
ENOG410ZVEQ	0.9777552713921543	0.02224472860784566
ENOG410ZVF4	0.5457053156086886	0.4542946843913113
ENOG410ZVG1	0.7992055999310053	0.20079440006899474
ENOG410ZVID	0.8972120946953788	0.10278790530462123
ENOG410ZVJ2	0.8190890517814267	0.1809109482185734
ENOG410ZVN9	0.7271572750765884	0.2728427249234115
ENOG410ZVNW	0.42678980026279556	0.5732101997372044
ENOG410ZVPG	0.7173112874678109	0.28268871253218913
ENOG410ZVQE	0.9472483644986484	0.052751635501351625
ENOG410ZVQI	0.7159894504080282	0.28401054959197175
ENOG410ZVQZ	0.5940317293458743	0.4059682706541256
ENOG410ZVSH	0.21054469976118761	0.7894553002388124
ENOG410ZVSQ	0.5016954949470878	0.49830450505291224
ENOG410ZVWS	0.9655003407663341	0.03449965923366592
ENOG410ZVXI	0.6465075270315699	0.35349247296843017
ENOG410ZVYC	0.8667041563357942	0.13329584366420572
ENOG410ZW2X	0.7928011117966327	0.20719888820336732
ENOG410ZW3P	0.6684776185747415	0.33152238142525847
ENOG410ZW51	0.7348883451382902	0.2651116548617098
ENOG410ZW61	0.9264715487165448	0.07352845128345521
ENOG410ZW69	0.5276252919931195	0.4723747080068805
ENOG410ZW9J	0.8906738125126131	0.10932618748738686
ENOG410ZWAU	0.3005023719236102	0.6994976280763898
ENOG410ZWAW	0.49719416910492187	0.5028058308950781
ENOG410ZWBC	0.3929886251038138	0.6070113748961862
ENOG410ZWCY	0.8633469373177218	0.13665306268227823
ENOG410ZWE1	0.878006080328797	0.12199391967120303
ENOG410ZWFH	0.5121517315150144	0.48784826848498564
ENOG410ZWH8	0.962269122889827	0.03773087711017294
ENOG410ZWIY	0.8227651260759206	0.17723487392407947
ENOG410ZWMR	0.8869226012239232	0.11307739877607677
ENOG410ZWSP	0.892849092304423	0.10715090769557706
ENOG410ZWWG	0.9863514896195075	0.013648510380492508
ENOG410ZWZA	0.9096490229278368	0.09035097707216323
ENOG410ZX2Q	0.5409664303932304	0.45903356960676955
ENOG410ZX3G	0.8701301692387032	0.1298698307612968
ENOG410ZX7G	0.5894148321828763	0.4105851678171237
ENOG410ZXAN	0.7217077584832419	0.2782922415167581
ENOG410ZXF2	0.8619456012657358	0.13805439873426412
ENOG410ZXHK	0.672271849575865	0.32772815042413495
ENOG410ZXPF	0.39622995714257625	0.6037700428574237
ENOG410ZXW8	0.6595640221593859	0.34043597784061413
ENOG410ZXXH	0.3047227709689564	0.6952772290310436
ENOG410ZXYQ	0.43685139387023664	0.5631486061297634
ENOG410ZXZ4	0.8148648633493502	0.18513513665064987
ENOG410ZY0U	0.8006959098600566	0.19930409013994338
ENOG410ZY36	0.9174083574090096	0.08259164259099042
ENOG410ZY7A	0.8721560846426204	0.12784391535737955
ENOG410ZY90	0.7509991983113544	0.24900080168864552
ENOG410ZYMS	0.27477056213915074	0.7252294378608493
ENOG410ZYRK	0.7907170505551866	0.20928294944481338
ENOG410ZYVS	0.6952523986923136	0.3047476013076864
ENOG410ZZ6Q	0.7332510502347367	0.26674894976526337
ENOG410ZZ7B	0.21932049649361263	0.7806795035063874
ENOG410ZZBZ	0.9660723633189886	0.03392763668101141
ENOG410ZZJU	0.658252055660217	0.34174794433978295
ENOG410ZZMV	0.6845803463186223	0.3154196536813777
ENOG410ZZR9	0.6521059795236017	0.3478940204763982
ENOG410ZZRH	0.9918315219754369	0.008168478024563157
ENOG410ZZXB	0.11606646489077044	0.8839335351092296
ENOG410ZZY0	0.8363914368809073	0.1636085631190927
ENOG410ZZY5	0.7753225227414373	0.22467747725856274
ENOG410ZZYY	0.6875590993399574	0.3124409006600426
ENOG4110001	0.9580694523462969	0.04193054765370309
ENOG411000B	0.9681054939083225	0.03189450609167749
ENOG411001J	0.16224893503830218	0.8377510649616978
ENOG411004W	0.7580008134785358	0.2419991865214642
ENOG411005D	0.8274282897572673	0.1725717102427327
ENOG4110080	0.2513527029193863	0.7486472970806137
ENOG41100BD	0.42825358818663295	0.571746411813367
ENOG41100C5	0.8597455605526015	0.1402544394473985
ENOG41100EM	0.6404817081638077	0.3595182918361923
ENOG41100K7	0.7847365552670057	0.2152634447329943
ENOG41100PS	0.8847183096785363	0.11528169032146374
ENOG41100UY	0.5835932304102174	0.41640676958978257
ENOG41100V7	0.5059743568551319	0.4940256431448681
ENOG411011U	0.8280313582120413	0.17196864178795868
ENOG411015J	0.8779497198940414	0.1220502801059586
ENOG4110189	0.4538602508869808	0.5461397491130192
ENOG41101ZB	0.6884062342839032	0.3115937657160967
ENOG4110288	0.8522907739473559	0.1477092260526441
ENOG41102NG	0.778837028250253	0.22116297174974697
ENOG41102QB	0.8794970662994568	0.12050293370054317
ENOG41102XJ	0.2001504630947345	0.7998495369052655
ENOG4110335	0.8850743219953019	0.11492567800469812
ENOG411039E	0.6712808013966204	0.3287191986033796
ENOG41103XH	0.8388327584571593	0.16116724154284062
ENOG41104RH	0.6096098032760304	0.39039019672396963
ENOG4110816	0.9231994982418696	0.07680050175813036
ENOG41108DP	0.7330966280432636	0.26690337195673636
ENOG4110AED	0.8794286618298307	0.12057133817016925
ENOG4110AY7	0.923833147685911	0.07616685231408908
ENOG4110B36	0.9150464605905406	0.08495353940945934
ENOG4110B6A	0.7402687617914483	0.25973123820855176
ENOG4110CVX	0.8502498700296309	0.14975012997036907
ENOG4110EAV	0.9014280361767533	0.09857196382324673
ENOG4110I8X	0.9859023996080292	0.014097600391970836
ENOG4110MCC	0.1272215842544755	0.8727784157455245
ENOG4110MHZ	0.9075694675003261	0.09243053249967392
ENOG4110P7J	0.8078778821516831	0.1921221178483169
ENOG4110QSB	0.9519383177085151	0.04806168229148488
ENOG4110R7K	0.8636605033523419	0.13633949664765807
ENOG4110SIQ	0.19520491151917452	0.8047950884808255
ENOG4110SVC	0.9054573044240312	0.09454269557596887
ENOG4110TGQ	0.7705911548047975	0.2294088451952025
ENOG4110TKN	0.977657663133841	0.022342336866159017
ENOG4110WT0	0.7862868694035189	0.21371313059648112
ENOG4110Y31	0.6966921364308647	0.30330786356913525
ENOG41110TH	0.7442365764869225	0.2557634235130775
ENOG4111228	0.6560964939942968	0.34390350600570313
ENOG41112I7	0.2881058988360743	0.7118941011639257
ENOG4111454	0.9269487113896031	0.07305128861039693
ENOG41114H6	0.4243988822458281	0.5756011177541719
ENOG41114KY	0.7161431804828666	0.2838568195171334
ENOG4111604	0.9389997848303355	0.06100021516966447
ENOG41117TR	0.910133178564525	0.08986682143547496
ENOG41118QN	0.10365239795098613	0.8963476020490139
ENOG4111A91	0.9724496569270586	0.027550343072941352
ENOG4111D1K	0.5814298465696706	0.4185701534303295
ENOG4111EY6	0.7544554186718659	0.245544581328134
ENOG4111EYG	0.6743243734676845	0.3256756265323155
ENOG4111F5B	0.9747048937547514	0.025295106245248607
ENOG4111F6F	0.8463294239478178	0.15367057605218212
ENOG4111F81	0.7649265973737218	0.23507340262627816
ENOG4111F8X	0.5755788223665004	0.4244211776334997
ENOG4111FCG	0.32540159698201987	0.6745984030179801
ENOG4111FFG	0.4733645005803857	0.5266354994196143
ENOG4111FNX	0.9634943530301892	0.0365056469698108
ENOG4111FPT	0.6127106546656885	0.3872893453343115
ENOG4111FQP	0.9929153772110026	0.007084622788997367
ENOG4111FRV	0.7050369290005181	0.294963070999482
ENOG4111FTA	0.1949566625246505	0.8050433374753495
ENOG4111FTN	0.7430091672964848	0.2569908327035152
ENOG4111FU6	0.5187892289074889	0.48121077109251115
ENOG4111FUN	0.9403679725944445	0.05963202740555546
ENOG4111G1C	0.9226334350834223	0.0773665649165777
ENOG4111G3Y	0.9381503366035676	0.06184966339643243
ENOG4111G4S	0.9595970043480244	0.04040299565197554
ENOG4111G6R	0.9330848079623382	0.06691519203766179
ENOG4111G9A	0.962231139489946	0.037768860510054035
ENOG4111G9H	0.6440575979963743	0.35594240200362565
ENOG4111GA6	0.984260116668839	0.015739883331161105
ENOG4111GBW	0.48922498358911315	0.5107750164108869
ENOG4111GC9	0.9838944686046145	0.016105531395385488
ENOG4111GCX	0.9822030612497485	0.017796938750251415
ENOG4111GG0	0.8649250085935877	0.13507499140641235
ENOG4111GGS	0.9628569642981584	0.037143035701841666
ENOG4111GMI	0.9700642937856532	0.02993570621434687
ENOG4111GND	0.26678322205810834	0.7332167779418917
ENOG4111GQF	0.8944069717533668	0.1055930282466332
ENOG4111GRU	0.8608625742891627	0.13913742571083726
ENOG4111GS3	0.8157304305575709	0.18426956944242914
ENOG4111GVE	0.9187625030809891	0.08123749691901098
ENOG4111GWB	0.7736432181141603	0.22635678188583977
ENOG4111GZ2	0.9799723907648756	0.02002760923512432
ENOG4111H00	0.3053370502675806	0.6946629497324194
ENOG4111H11	0.8528212217988016	0.14717877820119843
ENOG4111H1Q	0.9132517317368627	0.08674826826313736
ENOG4111H6B	0.7837090601856398	0.21629093981436026
ENOG4111H7I	0.9644258550154261	0.035574144984573876
ENOG4111H7K	0.8802833788008049	0.11971662119919518
ENOG4111H7M	0.7550639984603498	0.2449360015396502
ENOG4111HEJ	0.8467131858549632	0.15328681414503678
ENOG4111HH3	0.9614716255274648	0.03852837447253525
ENOG4111HH7	0.8270449533446985	0.17295504665530145
ENOG4111HIF	0.7432833557153111	0.25671664428468893
ENOG4111HKV	0.8806010471598846	0.11939895284011533
ENOG4111HN5	0.49157117470323375	0.5084288252967663
ENOG4111HP7	0.9397509589003086	0.060249041099691446
ENOG4111HPB	0.9734191363733459	0.026580863626654107
ENOG4111HQ1	0.4254600379153376	0.5745399620846624
ENOG4111HQ9	0.8686662204496329	0.1313337795503671
ENOG4111HR3	0.7862103606953407	0.21378963930465936
ENOG4111HWZ	0.740217702083626	0.25978229791637397
ENOG4111HX8	0.4635578210128639	0.5364421789871361
ENOG4111HZY	0.7603331825605208	0.23966681743947912
ENOG4111I09	0.21869456868084491	0.7813054313191551
ENOG4111I2U	0.5532628126106647	0.4467371873893353
ENOG4111I30	0.9850512216507109	0.014948778349289059
ENOG4111I3U	0.9861017663218784	0.013898233678121636
ENOG4111I4Y	0.8908003040845713	0.10919969591542862
ENOG4111I6A	0.28476185670890275	0.7152381432910973
ENOG4111I86	0.9829132349995184	0.01708676500048151
ENOG4111I8A	0.7175429404095599	0.28245705959044015
ENOG4111IB2	0.6571590910952779	0.3428409089047221
ENOG4111IB6	0.5889227732870903	0.41107722671290975
ENOG4111IBJ	0.9658704445041955	0.034129555495804584
ENOG4111ICS	0.45607027757308494	0.5439297224269151
ENOG4111IEG	0.8952037402461832	0.10479625975381683
ENOG4111IFC	0.6711561920733153	0.3288438079266846
ENOG4111IHW	0.8482348393367259	0.15176516066327406
ENOG4111IJU	0.5657048248537813	0.4342951751462187
ENOG4111IME	0.35908845589306426	0.6409115441069357
ENOG4111IP3	0.7768489894010034	0.22315101059899659
ENOG4111IRT	0.552720238589115	0.447279761410885
ENOG4111ISZ	0.6950364321920475	0.3049635678079525
ENOG4111IUQ	0.7748511726530788	0.22514882734692118
ENOG4111IVE	0.5712332848701811	0.42876671512981884
ENOG4111IYN	0.8091286846003347	0.19087131539966531
ENOG4111J1K	0.8830980705762789	0.11690192942372114
ENOG4111J5Q	0.7772834024712993	0.2227165975287006
ENOG4111J85	0.6390408723494883	0.3609591276505118
ENOG4111J9Q	0.6476589360995764	0.3523410639004236
ENOG4111JA1	0.9743981319341576	0.025601868065842425
ENOG4111JB6	0.9668487655963026	0.03315123440369741
ENOG4111JCB	0.6026992568024079	0.39730074319759207
ENOG4111JDN	0.7045968798679008	0.2954031201320993
ENOG4111JHF	0.9800276464517248	0.019972353548275205
ENOG4111JJ0	0.8869745268467326	0.11302547315326743
ENOG4111JKB	0.6272578560406812	0.37274214395931876
ENOG4111JKF	0.5533429143989186	0.44665708560108147
ENOG4111JMZ	0.7057660975421263	0.2942339024578738
ENOG4111JP3	0.6837330825164074	0.31626691748359254
ENOG4111JP8	0.8155493894057968	0.1844506105942032
ENOG4111JQD	0.9606020873541186	0.039397912645881446
ENOG4111JQW	0.21299126579393013	0.7870087342060699
ENOG4111JV8	0.809970846870924	0.19002915312907598
ENOG4111JX7	0.6034338761031302	0.3965661238968698
ENOG4111JYJ	0.9748951264705548	0.02510487352944519
ENOG4111JYN	0.913136857080196	0.086863142919804
ENOG4111K03	0.32766610459555756	0.6723338954044424
ENOG4111K71	0.9712983406106137	0.028701659389386347
ENOG4111K7N	0.19918448175391157	0.8008155182460884
ENOG4111K9G	0.812948562060582	0.18705143793941806
ENOG4111KB5	0.9819936896043281	0.018006310395671916
ENOG4111KBS	0.06653275991580254	0.9334672400841975
ENOG4111KCZ	0.958776399883646	0.04122360011635399
ENOG4111KI8	0.21214745827932935	0.7878525417206707
ENOG4111KII	0.7850351739501608	0.21496482604983924
ENOG4111KKP	0.874304754154504	0.12569524584549596
ENOG4111KN8	0.9175321451874004	0.08246785481259959
ENOG4111KUX	0.9258855839248088	0.07411441607519122
ENOG4111KVS	0.9062318094795906	0.09376819052040938
ENOG4111KWQ	0.7669366728540312	0.23306332714596883
ENOG4111M1V	0.8286936180737052	0.17130638192629474
ENOG4111M2Z	0.28495380353401534	0.7150461964659847
ENOG4111M64	0.5678527341668562	0.4321472658331437
ENOG4111MD1	0.8836452513258803	0.11635474867411967
ENOG4111MDB	0.4601272609015895	0.5398727390984105
ENOG4111MF4	0.5437018558280493	0.45629814417195064
ENOG4111MG2	0.8444503946605851	0.1555496053394149
ENOG4111MJM	0.9801464499905502	0.01985355000944974
ENOG4111MME	0.9634435418207286	0.036556458179271466
ENOG4111MNA	0.8016395131648621	0.19836048683513788
ENOG4111MNS	0.9296745621368332	0.07032543786316686
ENOG4111MP4	0.7080539380163655	0.29194606198363454
ENOG4111MSQ	0.26888397032161526	0.7311160296783847
ENOG4111MU4	0.7167970925598283	0.28320290744017174
ENOG4111MX3	0.2250371655523744	0.7749628344476256
ENOG4111MXZ	0.9067059327903477	0.09329406720965232
ENOG4111N1J	0.7687603703336765	0.23123962966632355
ENOG4111N6Y	0.8619194892350465	0.1380805107649535
ENOG4111N7Z	0.7113586276073895	0.2886413723926104
ENOG4111NF7	0.5952874559584286	0.4047125440415714
ENOG4111NGN	0.9009776491511146	0.09902235084888547
ENOG4111NNW	0.43474519457319005	0.56525480542681
ENOG4111NTE	0.6403639194332661	0.3596360805667339
ENOG4111NUU	0.5823784205773959	0.41762157942260414
ENOG4111NXC	0.9923011561778134	0.007698843822186537
ENOG4111NZF	0.39218394595290784	0.6078160540470922
ENOG4111P35	0.8651085888929022	0.13489141110709782
ENOG4111P3D	0.8945272940152973	0.10547270598470272
ENOG4111P5M	0.4608614896810198	0.5391385103189802
ENOG4111P6W	0.2215022227622434	0.7784977772377566
ENOG4111P8K	0.9659534636505653	0.034046536349434615
ENOG4111PBC	0.9644146155884762	0.03558538441152385
ENOG4111PBT	0.9673534260508062	0.03264657394919384
ENOG4111PFT	0.27967592514879025	0.7203240748512098
ENOG4111PG4	0.9615532385282508	0.03844676147174925
ENOG4111PK8	0.9106002668198339	0.0893997331801662
ENOG4111PS8	0.9624711297315123	0.03752887026848767
ENOG4111PTW	0.9701944010549259	0.029805598945074046
ENOG4111PU7	0.3153716893108115	0.6846283106891885
ENOG4111Q0K	0.3591884520715133	0.6408115479284867
ENOG4111Q2M	0.8655498930293204	0.13445010697067958
ENOG4111Q5V	0.9800827034308421	0.019917296569157833
ENOG4111Q8K	0.3718142202880529	0.6281857797119471
ENOG4111Q97	0.9941876318660537	0.005812368133946258
ENOG4111QVU	0.6337592014026263	0.3662407985973737
ENOG4111R0C	0.8860874572230961	0.11391254277690385
ENOG4111R54	0.8184904713411398	0.18150952865886022
ENOG4111R8F	0.6909090831559908	0.3090909168440093
ENOG4111R9E	0.26491957617272255	0.7350804238272775
ENOG4111RBZ	0.02812479992540229	0.9718752000745977
ENOG4111REP	0.6331249107542803	0.36687508924571965
ENOG4111RNE	0.8848928890053549	0.11510711099464511
ENOG4111RNG	0.642305438540905	0.357694561459095
ENOG4111RP8	0.25529358891660103	0.744706411083399
ENOG4111RRS	0.980623347316469	0.01937665268353099
ENOG4111RTE	0.8635622053779557	0.13643779462204428
ENOG4111RTK	0.7290417407566308	0.2709582592433692
ENOG4111RUQ	0.6045338633558126	0.39546613664418734
ENOG4111RWT	0.8028843250113735	0.19711567498862645
ENOG4111RX2	0.8648003266287048	0.13519967337129518
ENOG4111RZ5	0.9864517552525658	0.013548244747434166
ENOG4111S06	0.984867061523716	0.015132938476284018
ENOG4111S4G	0.5322526102086362	0.4677473897913637
ENOG4111S67	0.965861000858993	0.034138999141007084
ENOG4111S7I	0.7891270646619922	0.21087293533800777
ENOG4111S8V	0.8947200686541515	0.10527993134584843
ENOG4111SD7	0.9720308293066781	0.027969170693321985
ENOG4111SFV	0.6746153822728878	0.3253846177271122
ENOG4111SGM	0.836840962324888	0.16315903767511197
ENOG4111SHJ	0.954149105681586	0.04585089431841403
ENOG4111SHR	0.977201469269415	0.022798530730585038
ENOG4111SIY	0.9815447470003807	0.018455252999619302
ENOG4111SJH	0.34015029953100384	0.6598497004689962
ENOG4111SQV	0.9597714987368885	0.04022850126311149
ENOG4111SU2	0.8122180929574242	0.1877819070425758
ENOG4111T4T	0.5279945403056577	0.47200545969434227
ENOG4111T5V	0.6167318422574457	0.38326815774255435
ENOG4111T8F	0.5919237392578904	0.4080762607421095
ENOG4111TA2	0.8157626421443278	0.18423735785567216
ENOG4111TB4	0.34176790324437967	0.6582320967556203
ENOG4111TR3	0.9038163204100889	0.09618367958991114
ENOG4111TT6	0.731692056946849	0.268307943053151
ENOG4111TVG	0.774334303840027	0.22566569615997295
ENOG4111TWF	0.24084807722849166	0.7591519227715083
ENOG4111TZY	0.5228295138225372	0.4771704861774628
ENOG4111U4Y	0.9704330010285153	0.029566998971484782
ENOG4111U73	0.8906917529707211	0.10930824702927884
ENOG4111U74	0.4942204441343303	0.5057795558656697
ENOG4111U81	0.7454442958648876	0.2545557041351124
ENOG4111U9Q	0.869403985096655	0.13059601490334502
ENOG4111UAG	0.9654688741295948	0.0345311258704052
ENOG4111UB9	0.7385174057783248	0.26148259422167525
ENOG4111UDA	0.4833533966039778	0.5166466033960222
ENOG4111UE5	0.5881842624090017	0.4118157375909983
ENOG4111UEJ	0.8010260332137433	0.19897396678625665
ENOG4111UGW	0.8837995307456177	0.11620046925438238
ENOG4111UID	0.7869571641022308	0.21304283589776923
ENOG4111UN1	0.5316380862358487	0.4683619137641513
ENOG4111UNT	0.965249233050517	0.034750766949482974
ENOG4111UQG	0.7151514299104255	0.28484857008957454
ENOG4111UR5	0.39844728842168886	0.6015527115783111
ENOG4111UTU	0.9481546491865581	0.05184535081344187
ENOG4111UTX	0.7168992930413183	0.28310070695868167
ENOG4111UXA	0.7410920437531006	0.2589079562468994
ENOG4111UZG	0.6170488198129146	0.3829511801870854
ENOG4111V4N	0.986057661224548	0.01394233877545204
ENOG4111V68	0.8603935631601612	0.13960643683983878
ENOG4111V8D	0.7108335240789474	0.28916647592105266
ENOG4111VAV	0.16686853728340423	0.8331314627165958
ENOG4111VAZ	0.6378611741398044	0.3621388258601957
ENOG4111VB3	0.3629909050076675	0.6370090949923325
ENOG4111VB9	0.6048935532042843	0.3951064467957157
ENOG4111VBB	0.7845986887216985	0.21540131127830153
ENOG4111VDK	0.6941049204461993	0.30589507955380063
ENOG4111VH8	0.21556954315743304	0.784430456842567
ENOG4111VI5	0.8535308239938133	0.14646917600618664
ENOG4111VTK	0.7514719854420947	0.24852801455790527
ENOG4111VYR	0.9543917310637755	0.0456082689362245
ENOG4111W0A	0.4069581949331914	0.5930418050668086
ENOG4111W0B	0.33691893562194886	0.6630810643780511
ENOG4111WEC	0.9727288649988296	0.027271135001170378
ENOG4111WMW	0.9795202224962436	0.0204797775037564
ENOG4111WN1	0.865643413588614	0.13435658641138604
ENOG4111WPM	0.7339801126820922	0.26601988731790777
ENOG4111WS7	0.44353145296352037	0.5564685470364796
ENOG4111X1K	0.7984260045859076	0.20157399541409235
ENOG4111X1V	0.879178123911647	0.12082187608835307
ENOG4111X3H	0.8779459878256938	0.12205401217430625
ENOG4111X7D	0.5738589325734775	0.4261410674265224
ENOG4111X94	0.48990973538719196	0.510090264612808
ENOG4111X9I	0.614763880929388	0.385236119070612
ENOG4111XEK	0.9941938340812706	0.005806165918729447
ENOG4111XFE	0.7856659713589187	0.21433402864108134
ENOG4111XHA	0.8315306092868315	0.16846939071316847
ENOG4111XHD	0.6982726463239588	0.30172735367604114
ENOG4111XKH	0.6236065707854784	0.37639342921452157
ENOG4111XMM	0.49413282181908125	0.5058671781809188
ENOG4111XN8	0.8124370764847617	0.1875629235152383
ENOG4111XQJ	0.4850570037665217	0.5149429962334783
ENOG4111XTW	0.34640146205624667	0.6535985379437533
ENOG4111XU3	0.924596798891673	0.07540320110832699
ENOG4111XV5	0.9381250804864447	0.06187491951355534
ENOG4111XVQ	0.9807999410380988	0.01920005896190124
ENOG4111XZR	0.2937931462562029	0.7062068537437971
ENOG4111Y3Y	0.23948714388362802	0.760512856116372
ENOG4111Y5F	0.7909516085080358	0.2090483914919642
ENOG4111Y80	0.9723728857616551	0.027627114238344803
ENOG4111YB4	0.645703915159332	0.354296084840668
ENOG4111YCW	0.9890230804710042	0.010976919528995814
ENOG4111YHK	0.9765955611589997	0.02340443884100032
ENOG4111YIU	0.9564815892564649	0.04351841074353518
ENOG4111YJG	0.9268772349410883	0.07312276505891165
ENOG4111YW1	0.9046024919413765	0.09539750805862342
ENOG4111YW5	0.36216111504718174	0.6378388849528183
ENOG4111YWK	0.809503080188618	0.190496919811382
ENOG4111Z0C	0.6211321350966041	0.3788678649033959
ENOG4111Z1K	0.6936422004883034	0.3063577995116966
ENOG4111Z3N	0.7274391069742072	0.2725608930257928
ENOG4111Z54	0.8882667996965239	0.11173320030347611
ENOG4111Z5U	0.11230838991541137	0.8876916100845886
ENOG4111Z66	0.9163289402787044	0.08367105972129563
ENOG4111Z9D	0.9926978637919692	0.007302136208030737
ENOG4111ZHE	0.6688569469366781	0.331143053063322
ENOG4111ZJM	0.3807825476634221	0.6192174523365779
ENOG4111ZU2	0.5729186449581625	0.4270813550418375
ENOG4111ZYQ	0.5182900923456037	0.4817099076543963
ENOG4111ZZI	0.21875082791832268	0.7812491720816773
ENOG411200G	0.805744710306201	0.19425528969379896
ENOG411201V	0.8244118931715072	0.17558810682849282
ENOG41120C4	0.4121587091771013	0.5878412908228987
ENOG41120CQ	0.6696424306267602	0.3303575693732398
ENOG41120DB	0.4150914501318147	0.5849085498681853
ENOG41120QD	0.5052193370033511	0.49478066299664897
ENOG41120UV	0.7875098439677699	0.21249015603223007
ENOG41120VS	0.7704738831873145	0.22952611681268553
ENOG41120XU	0.9751521905683331	0.024847809431666885
ENOG411211D	0.7197896815069729	0.2802103184930272
ENOG411215V	0.8922654263165973	0.10773457368340271
ENOG411217S	0.9475759718630946	0.05242402813690541
ENOG41121F2	0.37997369321626784	0.6200263067837322
ENOG41121IR	0.99782381817934	0.002176181820660005
ENOG41121SA	0.8936466293595058	0.10635337064049416
ENOG41121TI	0.6843964896375737	0.3156035103624263
ENOG41121VB	0.9642750244572309	0.03572497554276905
ENOG41121WJ	0.9332528903493871	0.06674710965061297
ENOG411220G	0.8760768572068641	0.12392314279313592
ENOG411222S	0.23571768745062982	0.7642823125493702
ENOG411226F	0.46673910587807454	0.5332608941219255
ENOG411228A	0.8997306127685136	0.10026938723148633
ENOG411229C	0.37327268250212275	0.6267273174978772
ENOG411229U	0.6188351703651055	0.3811648296348945
ENOG41122GJ	0.16944638998935768	0.8305536100106423
ENOG41122HI	0.948985383756973	0.05101461624302696
ENOG41122M6	0.9381313285567434	0.06186867144325657
ENOG41122NB	0.8870382644078858	0.1129617355921142
ENOG41122P4	0.28252832373255055	0.7174716762674495
ENOG41122UV	0.6099209270767998	0.39007907292320015
ENOG41122VM	0.370406600656357	0.629593399343643
ENOG411230M	0.5043692170298046	0.4956307829701953
ENOG411234I	0.8487537317360712	0.1512462682639288
ENOG411237Q	0.5513986973106055	0.44860130268939447
ENOG41123DX	0.9576043822144938	0.042395617785506115
ENOG41123G5	0.8191541813796251	0.18084581862037485
ENOG41123I1	0.43285602905082665	0.5671439709491733
ENOG41123IF	0.3144913676090936	0.6855086323909064
ENOG41123KX	0.32296328129346197	0.677036718706538
ENOG4112451	0.284777574384406	0.715222425615594
ENOG4112493	0.12410574919117956	0.8758942508088204
ENOG41124DC	0.9439392204818242	0.056060779518175785
ENOG41124FR	0.9017314352548462	0.09826856474515375
ENOG41124MH	0.5749524400649537	0.4250475599350462
ENOG41124PE	0.2412417709962955	0.7587582290037045
ENOG41124PH	0.7651982938639907	0.23480170613600926
ENOG41124UP	0.8852852440287895	0.11471475597121046
ENOG4112522	0.6357899960280632	0.3642100039719368
ENOG411257V	0.736633524926023	0.26336647507397704
ENOG411259P	0.23414988476251875	0.7658501152374813
ENOG41125AB	0.809096254951326	0.190903745048674
ENOG41125CR	0.27820890510215956	0.7217910948978404
ENOG41125D6	0.7935778803996658	0.2064221196003342
ENOG41125G7	0.9814683511294999	0.01853164887050011
ENOG41125GB	0.3083375438777365	0.6916624561222635
ENOG41125HN	0.7385163840616749	0.2614836159383251
ENOG41125JT	0.7291351554491032	0.2708648445508967
ENOG41125N3	0.6606973447418334	0.33930265525816655
ENOG41125QE	0.8118105904818079	0.18818940951819205
ENOG41125RF	0.9074789646895008	0.09252103531049917
ENOG41125TW	0.8122982582201979	0.18770174177980217
ENOG41125V3	0.47302061755472646	0.5269793824452735
ENOG41125X6	0.8982855474658348	0.10171445253416522
ENOG4112616	0.3630283420850887	0.6369716579149113
ENOG411261G	0.7434167820863748	0.25658321791362515
ENOG4112672	0.8349160245691836	0.1650839754308165
ENOG4112676	0.2944923750172913	0.7055076249827087
ENOG411267M	0.8903172773508404	0.10968272264915956
ENOG41126EI	0.8444605880632584	0.15553941193674162
ENOG41126GD	0.5298583019040002	0.4701416980959998
ENOG41126IB	0.20691706429671808	0.7930829357032819
ENOG41126IJ	0.8815325174415292	0.11846748255847081
ENOG41126QI	0.29172171534513147	0.7082782846548685
ENOG41126RN	0.16556197374354886	0.8344380262564511
ENOG41126VT	0.8312746864079172	0.1687253135920828
ENOG4112717	0.49394645131117765	0.5060535486888224
ENOG411271A	0.15990996437375482	0.8400900356262452
ENOG411271G	0.37312042448497207	0.6268795755150279
ENOG411278K	0.3565818741198421	0.6434181258801579
ENOG41127FW	0.7381288399366648	0.2618711600633353
ENOG41127G0	0.5122487584673938	0.48775124153260613
ENOG41127P0	0.8758554393590637	0.12414456064093626
ENOG41127PX	0.9317978159334144	0.06820218406658565
ENOG41127Q2	0.9815465967074015	0.0184534032925985
ENOG41127W8	0.5268289472713695	0.47317105272863047
ENOG411280K	0.7634788885084406	0.23652111149155938
ENOG4112857	0.7992670105980788	0.2007329894019212
ENOG411288G	0.37459956216477164	0.6254004378352284
ENOG41128BI	0.26357940271787605	0.736420597282124
ENOG41128D5	0.41146496243070807	0.5885350375692919
ENOG41128F3	0.5964452720341935	0.40355472796580644
ENOG41128MG	0.7073548399315615	0.29264516006843855
ENOG41128P6	0.46869804350494615	0.5313019564950539
ENOG41128TJ	0.9251830001954514	0.07481699980454859
ENOG41128UQ	0.35280719373044134	0.6471928062695587
ENOG41128YM	0.3987246139615487	0.6012753860384513
ENOG411292Y	0.8020506988935443	0.19794930110645573
ENOG411296X	0.184281098620924	0.815718901379076
ENOG411297B	0.03279555667466538	0.9672044433253346
ENOG411297U	0.9564950949004609	0.043504905099539054
ENOG4112983	0.5047911237182661	0.49520887628173393
ENOG411298D	0.9946484163727064	0.005351583627293583
ENOG41129PP	0.7056931012893259	0.29430689871067406
ENOG41129TD	0.7317367167929762	0.2682632832070238
ENOG4112A2A	0.11490554585230361	0.8850944541476964
ENOG4112AFU	0.8618510729040408	0.1381489270959592
ENOG4112AGB	0.5630175037605458	0.4369824962394541
ENOG4112AMX	0.5394705948564633	0.4605294051435367
ENOG4112AS9	0.47220505593129103	0.527794944068709
ENOG4112AUQ	0.947495820201182	0.05250417979881808
ENOG4112AYN	0.17504494793542025	0.8249550520645798
ENOG4112B21	0.6799796925002477	0.32002030749975224
ENOG4112BBM	0.6077228550278478	0.39227714497215216
ENOG4112BFC	0.6447548939170595	0.3552451060829404
ENOG4112BMZ	0.7969920054876136	0.20300799451238635
ENOG4112BNG	0.546025450066639	0.453974549933361
ENOG4112C7V	0.8501248583819313	0.1498751416180687
ENOG4112C8X	0.6701358432564335	0.32986415674356656
ENOG4112CHY	0.5753367968713881	0.42466320312861194
ENOG4112CHZ	0.5980134634185499	0.4019865365814501
ENOG4112CNW	0.8220028624004722	0.17799713759952782
ENOG4112CPX	0.8124768928944999	0.1875231071055001
ENOG4112CQB	0.9470731389281184	0.05292686107188163
ENOG4112D1P	0.9654585483565828	0.034541451643417126
ENOG4112D2I	0.9825665936647828	0.01743340633521715
ENOG4112D73	0.931519342807604	0.06848065719239609
ENOG4112DBJ	0.8924987241761675	0.10750127582383245
COG2366	0.10088020322625679	0.8991197967737432
COG4325	0.23712607014716836	0.7628739298528316
COG4403	0.8020661037862258	0.19793389621377425
COG5437	0.8317697936722879	0.16823020632771213
ENOG410XPZB	0.5361075716080113	0.46389242839198874
ENOG410XQJV	0.4254647638356176	0.5745352361643824
ENOG410XQYJ	0.31718015103722375	0.6828198489627763
ENOG410XR0I	0.39253036328806157	0.6074696367119384
ENOG410XSKS	0.683513071908404	0.31648692809159595
ENOG410XW26	0.48921190844744833	0.5107880915525517
ENOG410XWE4	0.23536841272327014	0.7646315872767299
ENOG410XWUM	0.46832367568304056	0.5316763243169594
ENOG410Y26I	0.20016960191552757	0.7998303980844724
ENOG410Y3AE	0.3839687982942742	0.6160312017057258
ENOG410Y3XW	0.7281101943003027	0.27188980569969734
ENOG410Y8WS	0.8293079970112343	0.1706920029887657
ENOG410Y90V	0.1352970205671995	0.8647029794328005
ENOG410Y96E	0.7989055474079738	0.20109445259202618
ENOG410YBJF	0.06182741255181756	0.9381725874481824
ENOG410YBRS	0.3793778501612999	0.6206221498387001
ENOG410YCWT	0.40105446311008675	0.5989455368899133
ENOG410YD57	0.9028769582587288	0.09712304174127115
ENOG410YHCY	0.5445790954029657	0.4554209045970344
ENOG410YPZ3	0.40100776204080135	0.5989922379591986
ENOG410YU90	0.4617870455538503	0.5382129544461497
ENOG410YXKT	0.25218051646821027	0.7478194835317897
ENOG410Z2RW	0.49517702544805764	0.5048229745519424
ENOG410Z4FU	0.351648900157957	0.648351099842043
ENOG410ZATI	0.1741390638759529	0.8258609361240471
ENOG410ZHID	0.2034273608341074	0.7965726391658926
ENOG410ZJ5G	0.7006137021448989	0.29938629785510107
ENOG410ZJ9F	0.6430037243566277	0.35699627564337233
ENOG410ZMFH	0.30119577780869744	0.6988042221913026
ENOG410ZPA9	0.26815603366436735	0.7318439663356326
ENOG410ZRB7	0.08516436796866633	0.9148356320313337
ENOG410ZT7X	0.04294289655436112	0.9570571034456389
ENOG410ZU50	0.08704981896414399	0.912950181035856
ENOG410ZWGS	0.5411527226640549	0.45884727733594516
ENOG410ZWMY	0.6573274579845244	0.3426725420154756
ENOG410ZXM0	0.2754165845348616	0.7245834154651384
ENOG41100UJ	0.33910802185875566	0.6608919781412443
ENOG4110504	0.8495033594018926	0.15049664059810747
ENOG4110HN9	0.2227469474105065	0.7772530525894935
ENOG4110WKJ	0.22994342955390712	0.7700565704460929
ENOG4111FR3	0.6950934058755661	0.3049065941244339
ENOG4111HC7	0.7736811768918374	0.22631882310816262
ENOG4111I5W	0.4988402486586181	0.5011597513413819
ENOG4111KN5	0.9206573201633134	0.07934267983668661
ENOG4111MDE	0.8754743434113629	0.12452565658863711
ENOG4111MR3	0.5020271231748097	0.49797287682519026
ENOG4111NCS	0.37770807497294134	0.6222919250270587
ENOG4111NYY	0.3584268808275073	0.6415731191724927
ENOG4111P36	0.32758036085182574	0.6724196391481743
ENOG4111PMH	0.34495263776408724	0.6550473622359128
ENOG4111PTZ	0.43746151622989393	0.5625384837701061
ENOG4111R4Y	0.9091118117634738	0.09088818823652621
ENOG4111RCW	0.5679865699752836	0.43201343002471637
ENOG4111RX8	0.2680494519930703	0.7319505480069297
ENOG4111TBD	0.5328934516661787	0.46710654833382126
ENOG4111TF3	0.10803034294863678	0.8919696570513632
ENOG4111TQC	0.21270913608099296	0.787290863919007
ENOG4111VCR	0.8214742015624944	0.17852579843750557
ENOG4111VSN	0.2855861332694807	0.7144138667305193
ENOG4111WD0	0.4018220515934393	0.5981779484065607
ENOG4111WSV	0.4607300775546608	0.5392699224453392
ENOG4111WXQ	0.41960407043654746	0.5803959295634525
ENOG4111WZY	0.26388031222957886	0.7361196877704211
ENOG4111X0V	0.8264548983030808	0.17354510169691922
ENOG4111X46	0.24990955681518157	0.7500904431848184
ENOG4111XD0	0.2773401377806919	0.7226598622193081
ENOG4111XP3	0.8192619727273018	0.1807380272726982
ENOG4111YTP	0.5751409579141455	0.42485904208585445
ENOG4111YZT	0.39817146439952367	0.6018285356004763
ENOG4111ZU6	0.3257887597771042	0.6742112402228958
ENOG41120S9	0.2634685546611558	0.7365314453388442
ENOG4112192	0.33205911972832114	0.6679408802716789
ENOG41121PH	0.16093771507067745	0.8390622849293226
ENOG41122RP	0.5465552046737122	0.4534447953262878
ENOG41124W3	0.7463709797584306	0.2536290202415694
ENOG411289F	0.08446474698432627	0.9155352530156737
ENOG41128AR	0.2945666494068534	0.7054333505931466
ENOG4112936	0.8395525166666487	0.16044748333335135
COG3202	0.6955678018380121	0.30443219816198785
COG3570	0.31372699412639027	0.6862730058736097
COG4085	0.9174432816877007	0.08255671831229928
COG4412	0.8335800859536696	0.1664199140463304
COG4849	0.7115092024739719	0.28849079752602813
COG5620	0.22639603070635417	0.7736039692936458
ENOG410XNWD	0.8915230062405475	0.10847699375945254
ENOG410XRAT	0.40735009787320775	0.5926499021267922
ENOG410XS8C	0.5126001518843066	0.48739984811569337
ENOG410XSYQ	0.15874855370531193	0.8412514462946881
ENOG410XV92	0.3853344937312909	0.6146655062687091
ENOG410XZ8Y	0.7298957810090567	0.27010421899094333
ENOG410Y6WN	0.8946764120411788	0.10532358795882121
ENOG410Y7HA	0.9211400413576148	0.07885995864238515
ENOG410Y8F2	0.9357972036502165	0.0642027963497835
ENOG410Y8W0	0.35063789232037845	0.6493621076796215
ENOG410Y9DH	0.563667347257006	0.436332652742994
ENOG410YAYG	0.9697011909593192	0.03029880904068086
ENOG410YBH3	0.4431649042606268	0.5568350957393732
ENOG410YBRQ	0.6959734556401516	0.30402654435984844
ENOG410YC6S	0.7753510938819739	0.22464890611802607
ENOG410YCYE	0.8459648496185407	0.15403515038145932
ENOG410YD8K	0.960968702235708	0.03903129776429209
ENOG410YDGG	0.9587501320798039	0.04124986792019616
ENOG410YDHJ	0.787793672132069	0.212206327867931
ENOG410YDTT	0.9170167023623309	0.08298329763766912
ENOG410YF69	0.8833856467517908	0.11661435324820923
ENOG410YF7B	0.7229016784740574	0.2770983215259426
ENOG410YF8B	0.893484350844412	0.10651564915558795
ENOG410YFAI	0.6414674193421439	0.35853258065785604
ENOG410YFWE	0.9234343263731446	0.07656567362685536
ENOG410YGXM	0.920402005423293	0.079597994576707
ENOG410YH1K	0.8492398444582441	0.1507601555417559
ENOG410YKUT	0.7803518475485078	0.21964815245149216
ENOG410YNNP	0.9543053131483213	0.04569468685167868
ENOG410YP9M	0.6031876742865998	0.39681232571340025
ENOG410YPHM	0.9856267534170013	0.01437324658299867
ENOG410YSK0	0.7493826726320474	0.25061732736795267
ENOG410YWDA	0.31126495090044426	0.6887350490995557
ENOG410YXBI	0.638911374373014	0.36108862562698596
ENOG410YYRY	0.45169574774830723	0.5483042522516928
ENOG410Z38T	0.35825795500820146	0.6417420449917985
ENOG410Z39D	0.4780734680991685	0.5219265319008315
ENOG410Z4FA	0.5780863722103066	0.42191362778969344
ENOG410Z67X	0.9712091300530333	0.028790869946966717
ENOG410Z6GU	0.6789212028093632	0.32107879719063676
ENOG410Z6IX	0.34153120757738575	0.6584687924226142
ENOG410Z8BV	0.865595811115442	0.1344041888845579
ENOG410ZAFM	0.7109056988431705	0.28909430115682955
ENOG410ZF12	0.8688521142884829	0.13114788571151717
ENOG410ZHQ3	0.31858798814321243	0.6814120118567876
ENOG410ZUFB	0.5663721682828519	0.43362783171714814
ENOG410ZVDK	0.8519007911866455	0.1480992088133545
ENOG410ZX82	0.949585496384032	0.050414503615968026
ENOG410ZXJN	0.6614798217142608	0.3385201782857392
ENOG410ZZBB	0.6390818127346936	0.36091818726530644
ENOG410ZZGZ	0.30143226379694943	0.6985677362030506
ENOG410ZZHJ	0.9047235643213567	0.09527643567864325
ENOG411006M	0.6576836544090452	0.34231634559095486
ENOG4110302	0.7121029056508583	0.28789709434914174
ENOG4110GT4	0.4811438718520167	0.5188561281479833
ENOG4110ZT3	0.8062310670245768	0.19376893297542316
ENOG4111FSH	0.8779994399063229	0.12200056009367713
ENOG4111G45	0.23424539157157231	0.7657546084284277
ENOG4111G6S	0.5420984927544583	0.45790150724554174
ENOG4111H1V	0.867549202929057	0.13245079707094298
ENOG4111HVI	0.9872278137983375	0.012772186201662582
ENOG4111I99	0.6903547659371776	0.3096452340628224
ENOG4111INE	0.9595892174063891	0.040410782593610826
ENOG4111ITZ	0.7218681836169922	0.2781318163830077
ENOG4111J8W	0.8948918371987576	0.10510816280124236
ENOG4111JVW	0.6826019901431746	0.31739800985682537
ENOG4111K16	0.2343047952605718	0.7656952047394282
ENOG4111MM6	0.5677020106705142	0.43229798932948577
ENOG4111MTW	0.16554610689184512	0.8344538931081549
ENOG4111N8E	0.3884089939316884	0.6115910060683116
ENOG4111NEX	0.5887162920556551	0.4112837079443449
ENOG4111NMM	0.5585603044517206	0.44143969554827944
ENOG4111Q21	0.13821992126992966	0.8617800787300703
ENOG4111QVE	0.8006322181786028	0.1993677818213973
ENOG4111RC3	0.20055107978456688	0.7994489202154331
ENOG4111RGQ	0.9196954941505007	0.08030450584949939
ENOG4111S0C	0.8458654225649292	0.15413457743507075
ENOG4111SX6	0.6950663205818786	0.3049336794181215
ENOG4111U8E	0.9801657965105762	0.019834203489423805
ENOG4111VYM	0.8582534132515811	0.14174658674841892
ENOG4111WZB	0.9284994087651682	0.07150059123483173
ENOG4111XK0	0.26577341336061744	0.7342265866393826
ENOG4111Y2Y	0.06045259574873496	0.939547404251265
ENOG4111YNF	0.760355976871957	0.23964402312804295
ENOG41120H7	0.6797718735164947	0.3202281264835053
ENOG41121MG	0.8728087786055757	0.12719122139442432
ENOG41122MK	0.37758125938806186	0.6224187406119381
ENOG411230S	0.3034941059138564	0.6965058940861436
ENOG411241Q	0.44127613655530185	0.5587238634446982
ENOG41125J2	0.9326324817269136	0.06736751827308639
ENOG41125RN	0.7391536611052627	0.2608463388947373
ENOG411266S	0.41376342547403644	0.5862365745259636
ENOG41127EG	0.7648897614387838	0.23511023856121613
ENOG41127TK	0.846770872726222	0.15322912727377808
ENOG41127TN	0.5554779937228105	0.4445220062771895
ENOG41128FT	0.6418532474124048	0.35814675258759526
ENOG4112A8K	0.9160774055264402	0.08392259447355975
ENOG4112B7S	0.9165276654278663	0.08347233457213367
ENOG4112BFI	0.43271569524747255	0.5672843047525274
ENOG4112C7Q	0.979020122750278	0.020979877249721914
ENOG4112CXG	0.5134394196269896	0.4865605803730104
COG3185	0.09510430387364488	0.9048956961263551
ENOG410XPAH	0.10843645096914611	0.8915635490308539
ENOG410XPKD	0.16388077916847965	0.8361192208315203
ENOG410XQ5V	0.3183694607729928	0.6816305392270072
ENOG410XQWS	0.28661043830478383	0.7133895616952162
ENOG410XSCE	0.4993846844472639	0.5006153155527361
ENOG410XTYU	0.30206634226687945	0.6979336577331205
ENOG410XUII	0.5077172190456476	0.49228278095435246
ENOG410XUNB	0.41340188474844863	0.5865981152515514
ENOG410XX9J	0.5223911249751796	0.4776088750248204
ENOG410XY5S	0.6224304034903916	0.37756959650960836
ENOG410XYIX	0.5830131637498657	0.4169868362501343
ENOG410XZ5W	0.1528947721931363	0.8471052278068637
ENOG410Y0TG	0.3018151803635445	0.6981848196364555
ENOG410Y1DB	0.2918000318385072	0.7081999681614928
ENOG410Y2ZR	0.266141613026321	0.733858386973679
ENOG410YGAS	0.0333376570818803	0.9666623429181197
ENOG410YNJZ	0.26464802915894514	0.7353519708410549
ENOG410YQRP	0.3546894750205396	0.6453105249794604
ENOG410YRAX	0.8476480385242895	0.15235196147571056
ENOG410Z0IY	0.8477970071455134	0.15220299285448652
ENOG410ZDE6	0.21054913465958158	0.7894508653404184
ENOG410ZEGC	0.5156001057202599	0.4843998942797401
ENOG410ZGJ0	0.0849949427113218	0.9150050572886782
ENOG410ZK9X	0.40521356605712433	0.5947864339428757
ENOG410ZKG3	0.4217504457948551	0.5782495542051449
ENOG410ZM4J	0.3895684993152223	0.6104315006847777
ENOG410ZNUV	0.653039062534378	0.346960937465622
ENOG410ZVP9	0.45964364077112996	0.54035635922887
ENOG410ZVWT	0.22887472188615998	0.77112527811384
ENOG410ZW5S	0.2274030939507331	0.7725969060492669
ENOG410ZX1W	0.3695525400226459	0.6304474599773541
ENOG411000U	0.6962742602055534	0.30372573979444667
ENOG41100PD	0.16656608417151586	0.8334339158284841
ENOG41110S8	0.5882779841266592	0.41172201587334073
ENOG411135P	0.12842908721483182	0.8715709127851682
ENOG4111FJC	0.05355753168453026	0.9464424683154697
ENOG4111G4W	0.6594086341852419	0.3405913658147581
ENOG4111GV6	0.35845330089244243	0.6415466991075576
ENOG4111HYH	0.3927736180083454	0.6072263819916546
ENOG4111IZA	0.24326867219403003	0.75673132780597
ENOG4111M39	0.2516414584261343	0.7483585415738657
ENOG4111NKW	0.15365975730008508	0.8463402426999149
ENOG4111Q58	0.20747260416671331	0.7925273958332867
ENOG4111QBF	0.1536239851516783	0.8463760148483217
ENOG4111QTY	0.033186511813161124	0.9668134881868389
ENOG4111SAV	0.2843645585646519	0.7156354414353481
ENOG4111V51	0.2647280211062887	0.7352719788937113
ENOG4111Y7C	0.7515883409400846	0.24841165905991536
ENOG4112264	0.20116019100760563	0.7988398089923944
ENOG4112608	0.4805342004958606	0.5194657995041394
COG4933	0.6299729140028085	0.3700270859971915
ENOG410XNTV	0.8761377587995581	0.12386224120044184
ENOG410XRH6	0.47994800060929765	0.5200519993907023
ENOG410XRPG	0.8542001465374596	0.1457998534625404
ENOG410XS7F	0.4824505986914913	0.5175494013085087
ENOG410XSQ0	0.7539262022266763	0.2460737977733237
ENOG410XSVW	0.46732749900454884	0.5326725009954512
ENOG410XTIS	0.3643563124335939	0.6356436875664061
ENOG410XTJ7	0.9884296216305491	0.01157037836945086
ENOG410XXXE	0.3787069547707729	0.6212930452292271
ENOG410XYZZ	0.7082480654960446	0.2917519345039554
ENOG410XZ74	0.9688482027903396	0.031151797209660475
ENOG410XZUT	0.7132451059781972	0.28675489402180276
ENOG410Y015	0.47467983939713143	0.5253201606028686
ENOG410Y2JB	0.2850305326819689	0.7149694673180311
ENOG410Y2W2	0.5507714107429323	0.44922858925706766
ENOG410Y315	0.3046638014319162	0.6953361985680838
ENOG410Y47H	0.8555811057779136	0.1444188942220864
ENOG410Y5P6	0.9611435858552378	0.03885641414476218
ENOG410Y6SJ	0.3928745462457215	0.6071254537542785
ENOG410Y85C	0.885454486208832	0.114545513791168
ENOG410Y8R0	0.8498865334330028	0.1501134665669972
ENOG410Y94C	0.9095563347573414	0.09044366524265862
ENOG410Y9V7	0.9320224737193361	0.06797752628066392
ENOG410YA56	0.799632373438034	0.200367626561966
ENOG410YACX	0.7007846215167366	0.29921537848326335
ENOG410YAS5	0.5950151089205101	0.4049848910794899
ENOG410YAUK	0.831615593958926	0.16838440604107394
ENOG410YBMR	0.41144159862248697	0.588558401377513
ENOG410YD4B	0.6468352020285497	0.35316479797145034
ENOG410YE0P	0.3314148947656792	0.6685851052343208
ENOG410YE84	0.27953972196161314	0.7204602780383869
ENOG410YFI4	0.7643072420125393	0.23569275798746067
ENOG410YHCP	0.6625802973248269	0.337419702675173
ENOG410YIQ3	0.7040875675605247	0.2959124324394753
ENOG410YJXD	0.65815246661624	0.34184753338375995
ENOG410YMAE	0.9903371494810849	0.009662850518915132
ENOG410Z2AQ	0.9186208310310388	0.08137916896896122
ENOG410Z2K9	0.681240167550577	0.3187598324494229
ENOG410Z9EY	0.894849657700009	0.10515034229999101
ENOG410ZJMR	0.7722853375859802	0.22771466241401989
ENOG410ZKHX	0.7406710682508801	0.2593289317491198
ENOG410ZT3S	0.9809704239228673	0.01902957607713271
ENOG410ZV69	0.2552719655937806	0.7447280344062194
ENOG410ZV6H	0.6802599453877877	0.31974005461221233
ENOG410ZVNY	0.2643171932382532	0.7356828067617468
ENOG410ZWGX	0.8673513560293151	0.13264864397068488
ENOG410ZWHD	0.8832322989751351	0.11676770102486489
ENOG410ZY5K	0.8604555269901204	0.13954447300987963
ENOG410ZZ1T	0.6653581614134614	0.3346418385865387
ENOG411028W	0.5101779049907662	0.48982209500923385
ENOG4110X8Q	0.7437474613680427	0.2562525386319573
ENOG41118GD	0.3655553891852328	0.6344446108147672
ENOG4111F1Q	0.8485512098534213	0.15144879014657878
ENOG4111FPX	0.3537782990195053	0.6462217009804947
ENOG4111GVU	0.5665752232158512	0.43342477678414876
ENOG4111H1F	0.7434819179796326	0.25651808202036747
ENOG4111I2C	0.5784841187660642	0.4215158812339358
ENOG4111I31	0.7092863500477671	0.290713649952233
ENOG4111JP6	0.7716343061952546	0.22836569380474533
ENOG4111N51	0.38779224635849197	0.612207753641508
ENOG4111PC7	0.8042646906074162	0.19573530939258377
ENOG4111PC8	0.9344849566180331	0.06551504338196687
ENOG4111Q0J	0.4080232271713954	0.5919767728286046
ENOG4111R12	0.2895557322239677	0.7104442677760323
ENOG4111URW	0.28603201971883463	0.7139679802811654
ENOG4111UWZ	0.8332183874880399	0.16678161251196005
ENOG4111YBT	0.38895754085456546	0.6110424591454345
ENOG41123TF	0.9133691718746373	0.08663082812536266
ENOG4112CWU	0.9244500193722811	0.07554998062771884
ENOG410XNQF	0.09768803448252705	0.902311965517473
ENOG410XZP0	0.5091960105566498	0.4908039894433503
ENOG410Y0X2	0.6721031851735321	0.32789681482646793
ENOG410Y5VR	0.48798393818141783	0.5120160618185822
ENOG410YAI5	0.5796364059580181	0.42036359404198187
ENOG410YDY0	0.6956327898344881	0.304367210165512
ENOG410YJJC	0.6985649888374861	0.3014350111625139
ENOG410YJNK	0.648209749602585	0.35179025039741496
ENOG410YJNW	0.4138809556292834	0.5861190443707166
ENOG410YN3N	0.3120352019679684	0.6879647980320316
ENOG410YUBD	0.5090996672705833	0.4909003327294167
ENOG410YUE3	0.4370335631718414	0.5629664368281586
ENOG410Z104	0.35457879764763023	0.6454212023523698
ENOG410ZFED	0.38016772191402304	0.619832278085977
ENOG410ZIQ4	0.748830007027921	0.2511699929720789
ENOG410ZJ1R	0.34408953416798194	0.6559104658320181
ENOG410ZMWT	0.8702210003959241	0.12977899960407585
ENOG410ZQFA	0.5227605496719977	0.4772394503280023
ENOG410ZS7B	0.3231084859133956	0.6768915140866044
ENOG410ZUG6	0.7830351567191807	0.21696484328081928
ENOG410ZVEY	0.72714201049655	0.27285798950344997
ENOG4110145	0.699361612959692	0.300638387040308
ENOG4111I0E	0.05186098949118634	0.9481390105088137
ENOG4111JKG	0.4815211594385823	0.5184788405614177
ENOG4111MBI	0.6468443714014627	0.3531556285985373
ENOG41123V7	0.699254931054238	0.300745068945762
ENOG41128KA	0.4001893594247228	0.5998106405752772
ENOG41128KE	0.23212980369849878	0.7678701963015012
COG4964	0.2886899927629053	0.7113100072370947
ENOG410XYCG	0.4525657884597546	0.5474342115402454
ENOG410Y4NK	0.42578791241666314	0.5742120875833369
ENOG410YZC6	0.3688938340559229	0.6311061659440771
ENOG4111THY	0.2584095899097545	0.7415904100902455
ENOG41121ZM	0.19873133022869216	0.8012686697713078
ENOG411252D	0.8796401854922474	0.12035981450775261
ENOG41126ZB	0.5393801469723136	0.46061985302768643
COG4249	0.7638380695828293	0.23616193041717073
COG4567	0.39858083443074976	0.6014191655692502
ENOG410XPS7	0.6762036117516441	0.3237963882483559
ENOG410XSUN	0.5164670305717538	0.48353296942824614
ENOG410XT3K	0.872747698807925	0.12725230119207498
ENOG410XU9J	0.8408820495518883	0.15911795044811178
ENOG410XUGE	0.6674119377310018	0.3325880622689982
ENOG410XVH5	0.43073070631105925	0.5692692936889407
ENOG410XW4I	0.6108880735861224	0.38911192641387754
ENOG410XWNB	0.39255823347035657	0.6074417665296434
ENOG410XZXZ	0.5237873127284416	0.47621268727155847
ENOG410Y6UB	0.8231563571357894	0.17684364286421062
ENOG410Y7NW	0.6244112619010582	0.3755887380989417
ENOG410Y881	0.41290078585402334	0.5870992141459767
ENOG410YAI8	0.8198821640906357	0.18011783590936425
ENOG410YBDJ	0.6806805871592413	0.3193194128407587
ENOG410YCZT	0.6335590831908977	0.3664409168091023
ENOG410YHV8	0.6013319465561925	0.3986680534438075
ENOG410YIZV	0.6640996510531098	0.33590034894689025
ENOG410YJPW	0.2851677104681677	0.7148322895318323
ENOG410YNRA	0.5293997008693909	0.4706002991306091
ENOG410YQXT	0.6668142164361622	0.33318578356383777
ENOG410YRWU	0.8378495095598862	0.16215049044011376
ENOG410YVRX	0.4870516449136657	0.5129483550863343
ENOG410YWEG	0.34806223594030195	0.651937764059698
ENOG410Z1WC	0.24591547599275387	0.7540845240072461
ENOG410Z2ND	0.6666663880048953	0.33333361199510475
ENOG410Z83I	0.8753294250270889	0.12467057497291106
ENOG410Z97P	0.37086171411613733	0.6291382858838627
ENOG410ZFFM	0.4945462613135333	0.5054537386864667
ENOG410ZRE2	0.3850290107014549	0.6149709892985451
ENOG410ZRJG	0.8459471728857412	0.15405282711425883
ENOG410ZW04	0.722537806035445	0.27746219396455496
ENOG410ZWMP	0.7807022470298429	0.21929775297015705
ENOG410ZXJU	0.9048607744484516	0.09513922555154838
ENOG411002P	0.8149482220033415	0.18505177799665856
ENOG41101HG	0.5823756583685878	0.41762434163141215
ENOG41101WE	0.7060895149119517	0.29391048508804835
ENOG41102A3	0.8785782665044818	0.12142173349551821
ENOG41103AJ	0.6789665054712914	0.3210334945287086
ENOG41104XX	0.8007485240298564	0.19925147597014353
ENOG4110E68	0.7589804969597199	0.24101950304028005
ENOG4110UJY	0.26435785011342494	0.7356421498865751
ENOG411173M	0.8189120161542637	0.18108798384573632
ENOG4111EUJ	0.6226708880115017	0.3773291119884983
ENOG4111HZH	0.5580085201223048	0.44199147987769516
ENOG4111IBH	0.4823458303068512	0.5176541696931488
ENOG4111JDD	0.8433259872421233	0.1566740127578768
ENOG4111JMR	0.45579775210869833	0.5442022478913017
ENOG4111MRX	0.7856772178225953	0.21432278217740475
ENOG4111NEG	0.8456138357140558	0.15438616428594423
ENOG4111PZB	0.8226064230408827	0.1773935769591173
ENOG4111RXE	0.7984257037576636	0.20157429624233641
ENOG4111SDT	0.7160842502057467	0.2839157497942533
ENOG4111SJZ	0.2796408973748775	0.7203591026251225
ENOG4111SZB	0.8032629694041152	0.1967370305958848
ENOG4111T54	0.8744914662633454	0.12550853373665458
ENOG4111VCI	0.6993352884106052	0.30066471158939484
ENOG4111W2S	0.6527088433302902	0.3472911566697098
ENOG4111WWY	0.669948381704312	0.33005161829568797
ENOG4111XST	0.7187650234079792	0.2812349765920208
ENOG4111YT4	0.6917162889301893	0.3082837110698107
ENOG4111YTD	0.7854098928832901	0.21459010711670992
ENOG41120F2	0.44812222227376086	0.5518777777262391
ENOG41120W9	0.8827437260781107	0.11725627392188934
ENOG41121XN	0.6096967466306515	0.3903032533693484
ENOG411234P	0.6832942522469763	0.3167057477530238
ENOG41123ZG	0.7462260831763421	0.2537739168236579
ENOG41125MV	0.5270938612096809	0.47290613879031906
ENOG41127JR	0.5703590306715189	0.42964096932848106
ENOG411293P	0.4855195678671218	0.5144804321328782
ENOG4112BED	0.6828318015829727	0.31716819841702726
ENOG4112BX3	0.46661468694619235	0.5333853130538077
ENOG410XSK8	0.9087744119471304	0.09122558805286962
ENOG410XTDY	0.6802726483025264	0.31972735169747357
ENOG410YENY	0.8602885794980302	0.13971142050196989
ENOG410YIUW	0.8242714536704651	0.17572854632953497
ENOG410YKVS	0.31348666540251047	0.6865133345974895
ENOG410YVH4	0.6720747499115001	0.32792525008849993
ENOG410Z6IM	0.8449972563306591	0.15500274366934091
ENOG4111M9Y	0.8375259674067077	0.16247403259329224
ENOG41123F0	0.7055229309987681	0.294477069001232
ENOG410XNMX	0.8318483700013	0.1681516299987001
ENOG410XRIS	0.8089513168042337	0.19104868319576632
ENOG410XWS1	0.35862748469801775	0.6413725153019822
ENOG410YC5T	0.6032687176453093	0.3967312823546907
ENOG410YXYD	0.6968683267992142	0.3031316732007858
ENOG410ZGJH	0.6233204902896641	0.376679509710336
ENOG4111MX4	0.44306521562812895	0.556934784371871
ENOG4111MY0	0.4917329215142987	0.5082670784857013
ENOG41126JQ	0.2904851286348814	0.7095148713651186
ENOG410YEWS	0.510776183201747	0.48922381679825305
ENOG410XP0R	0.39272272153478904	0.607277278465211
ENOG410Y3HN	0.7464689309451513	0.25353106905484873
ENOG410YAQA	0.662461134878991	0.33753886512100895
ENOG410ZNH8	0.46286143135430047	0.5371385686456995
ENOG410ZVH0	0.18236710198224615	0.8176328980177539
ENOG4111SUK	0.7010245217865705	0.29897547821342957
ENOG41125AW	0.5221263690083109	0.47787363099168917
ENOG410XRCN	0.24788802024313072	0.7521119797568693
ENOG410XSQ6	0.6063016300236704	0.39369836997632957
ENOG410YGA1	0.8292508156156511	0.17074918438434888
ENOG410YGUG	0.6908464967614825	0.3091535032385175
ENOG410YHWN	0.36573019140627605	0.634269808593724
ENOG410YHXN	0.4739090626274186	0.5260909373725814
ENOG410YPEJ	0.2509992036227291	0.7490007963772709
ENOG4110YX1	0.8789689243564038	0.12103107564359614
ENOG410YI10	0.5865631528400734	0.4134368471599266
ENOG410YWUA	0.5219617157583348	0.47803828424166517
ENOG410ZJ6Y	0.5445379300062566	0.4554620699937434
ENOG410ZK5M	0.3202692689807616	0.6797307310192384
ENOG411200D	0.9251746255846794	0.07482537441532051
ENOG410XPIG	0.35056015578862765	0.6494398442113724
ENOG410Z93W	0.6361362691071899	0.36386373089281004
ENOG4111KX8	0.5414635857617557	0.4585364142382443
ENOG41123RM	0.4307971854821213	0.5692028145178787
ENOG410Y5B4	0.22874625775886348	0.7712537422411365
ENOG410YBMA	0.5556822956376734	0.44431770436232665
ENOG410YDU4	0.4248497260209192	0.5751502739790808
ENOG410YE18	0.3916379677267414	0.6083620322732586
ENOG410YIPA	0.34180743161410854	0.6581925683858915
ENOG410ZV25	0.40188157165102645	0.5981184283489736
ENOG41101Y3	0.8050969107981427	0.19490308920185723
ENOG4111H2G	0.48719307962655445	0.5128069203734456
ENOG410Y3S9	0.4294522744734447	0.5705477255265553
ENOG410YCSD	0.359138492093545	0.640861507906455
ENOG410YPQE	0.27746464448396	0.72253535551604
ENOG410XRT1	0.3305867923594834	0.6694132076405166
ENOG410YK05	0.6686191445847112	0.3313808554152889
ENOG410Z01M	0.5567644896405822	0.4432355103594178
ENOG4111HK3	0.8272459039155597	0.17275409608444026
ENOG41124YU	0.5500118291943163	0.4499881708056836
COG3941	0.728031731653418	0.271968268346582
ENOG410XSCT	0.7187035385850327	0.2812964614149673
ENOG410YK7B	0.2492995036972151	0.7507004963027849
ENOG410XS5H	0.58219310177064	0.41780689822936
ENOG410YKXI	0.5420880374646813	0.4579119625353188
ENOG4111KBA	0.8085646179587979	0.19143538204120214
ENOG41123SZ	0.4271287437391681	0.5728712562608319
ENOG41122DJ	0.915167936328055	0.08483206367194497
ENOG410ZJP4	0.7291102242438843	0.2708897757561158
ENOG410XWYN	0.7500365366041547	0.24996346339584533
ENOG410YARU	0.8863346056390999	0.11366539436090012
ENOG410Z2RR	0.27581154625146564	0.7241884537485344
ENOG410Y5ZF	0.8821173464724112	0.11788265352758881
ENOG410YU1Z	0.9088345566298941	0.09116544337010594
ENOG4111W1V	0.26191470640814707	0.7380852935918529
ENOG4112D3M	0.31355197000604684	0.6864480299939532
ENOG410Y9J8	0.8193920165994759	0.18060798340052414
ENOG410XTB1	0.653981675297711	0.346018324702289
COG4675	0.4489852066472222	0.5510147933527778
K00001	0.4328497777891731	0.5671502222108269
K00002	0.17019491632789985	0.8298050836721002
K00003	0.26908239768815	0.73091760231185
K00005	0.03546167987901927	0.9645383201209807
K00007	0.07502859611458323	0.9249714038854168
K00008	0.4209354237595503	0.5790645762404497
K00009	0.04248354756369088	0.9575164524363091
K00010	0.8140636085954933	0.18593639140450674
K00012	0.5382541038223484	0.4617458961776516
K00013	0.4547704986348533	0.5452295013651467
K00014	0.4270183269190023	0.5729816730809977
K00016	0.2060977095350326	0.7939022904649674
K00018	0.8032784808493895	0.19672151915061056
K00020	0.2488960711453404	0.7511039288546596
K00024	0.9629352678900204	0.03706473210997964
K00027	0.02837366085140869	0.9716263391485913
K00029	0.44018778890244625	0.5598122110975537
K00030	0.007617006958755113	0.9923829930412449
K00031	0.5369591268103295	0.46304087318967047
K00033	0.5124385641651859	0.48756143583481415
K00036	0.8488550102173817	0.15114498978261826
K00039	0.06994474396997863	0.9300552560300214
K00040	0.4148734992450799	0.5851265007549201
K00041	0.6999902305030157	0.3000097694969843
K00042	0.5621201020649209	0.43787989793507914
K00045	0.7790743059374048	0.22092569406259518
K00046	0.43643762931882957	0.5635623706811704
K00048	0.3188336727040292	0.6811663272959708
K00052	0.12527603532175757	0.8747239646782424
K00053	0.3366748590169115	0.6633251409830885
K00054	0.4981796951569317	0.5018203048430683
K00055	0.16667085531450354	0.8333291446854965
K00057	0.5351280983421183	0.4648719016578818
K00058	0.46983055076949864	0.5301694492305014
K00059	0.4663266596463782	0.5336733403536218
K00060	0.39944099243528197	0.600559007564718
K00065	0.04076961211122243	0.9592303878887776
K00067	0.4745186926217734	0.5254813073782266
K00068	0.10177602218156234	0.8982239778184377
K00073	0.5143725860610691	0.485627413938931
K00074	0.19239821870658114	0.8076017812934189
K00075	0.34578160734470287	0.6542183926552971
K00076	0.13141377840617552	0.8685862215938245
K00077	0.9393583419100099	0.06064165808999015
K00087	0.11459524684150946	0.8854047531584905
K00088	0.6104183362468387	0.3895816637531613
K00090	0.5485236874428748	0.45147631255712517
K00094	0.42756790985153026	0.5724320901484697
K00096	0.30711309577259993	0.6928869042274001
K00097	0.2983108168287065	0.7016891831712935
K00098	0.27318664195335063	0.7268133580466494
K00099	0.45022597990038216	0.5497740200996178
K00100	0.6270295858128694	0.37297041418713067
K00101	0.09499773507220022	0.9050022649277998
K00104	0.6683330950840144	0.3316669049159856
K00105	0.04469325892335818	0.9553067410766418
K00108	0.029033330437704286	0.9709666695622957
K00111	0.2939362753068834	0.7060637246931166
K00112	0.12158989855962055	0.8784101014403795
K00113	0.09982858620833135	0.9001714137916687
K00116	0.22166205653555282	0.7783379434644472
K00117	0.6332741843035143	0.3667258156964857
K00121	0.09977864449651286	0.9002213555034871
K00123	0.18176624528519236	0.8182337547148076
K00124	0.09517412201262887	0.9048258779873711
K00127	0.018152449741537402	0.9818475502584626
K00128	0.1342576728550131	0.8657423271449869
K00130	0.12496695056873686	0.8750330494312631
K00131	0.5071395723542313	0.4928604276457687
K00132	0.916882922492563	0.08311707750743703
K00133	0.2791222217622118	0.7208777782377882
K00134	0.7632644520183021	0.23673554798169794
K00135	0.17424761094607755	0.8257523890539225
K00137	0.1750539805121083	0.8249460194878917
K00138	0.8298098912386309	0.1701901087613691
K00140	0.5215732726176456	0.4784267273823544
K00141	0.18640733621879746	0.8135926637812025
K00145	0.63822004134669	0.36177995865331003
K00146	0.5379899468168083	0.46201005318319166
K00147	0.21342483539428037	0.7865751646057196
K00151	0.06261884721221711	0.9373811527877829
K00156	0.056649183195642494	0.9433508168043575
K00158	0.021103648175447298	0.9788963518245527
K00161	0.7633034895056989	0.23669651049430104
K00162	0.5480252326586759	0.4519747673413241
K00163	0.611088578504845	0.38891142149515495
K00164	0.29373305304283404	0.706266946957166
K00169	0.4835175244635116	0.5164824755364884
K00170	0.5497085738545173	0.45029142614548273
K00172	0.7790077892541734	0.22099221074582667
K00174	0.9694843799420267	0.030515620057973314
K00175	0.9481602498378316	0.051839750162168324
K00176	0.7049805661913884	0.2950194338086116
K00177	0.7058689167845644	0.2941310832154356
K00179	0.6867357920684043	0.3132642079315957
K00180	0.6232270059858609	0.37677299401413916
K00183	0.8638025215529337	0.13619747844706637
K00184	0.8345845538741486	0.16541544612585138
K00185	0.8572126971848093	0.14278730281519067
K00194	0.46162543994416116	0.5383745600558388
K00196	0.2713163137790787	0.7286836862209213
K00197	0.6103083443325418	0.3896916556674582
K00198	0.4538929935290491	0.5461070064709509
K00208	0.7248509377110971	0.2751490622889029
K00210	0.9556705098493407	0.044329490150659366
K00215	0.7655795553699687	0.23442044463003128
K00216	0.27170340937220416	0.7282965906277958
K00219	0.30021344581500287	0.6997865541849971
K00226	0.6691788388571254	0.3308211611428746
K00228	0.052060710881292716	0.9479392891187073
K00230	0.01496210000144782	0.9850378999985522
K00239	0.9304649826798389	0.06953501732016112
K00240	0.8246185216065823	0.1753814783934177
K00241	0.9604085925781154	0.039591407421884585
K00242	0.04143180049620687	0.9585681995037931
K00243	0.5234115708970628	0.4765884291029372
K00244	0.56205721079071	0.43794278920929003
K00245	0.24789994125935322	0.7521000587406468
K00246	0.09963464938485711	0.9003653506151429
K00247	0.06783097677042871	0.9321690232295713
K00248	0.49650194901610667	0.5034980509838933
K00254	0.5342801233906478	0.46571987660935227
K00259	0.499904752559595	0.500095247440405
K00260	0.7644657468987247	0.23553425310127532
K00261	0.6684396835037916	0.3315603164962084
K00262	0.8876688620850859	0.11233113791491414
K00265	0.6451895345287232	0.3548104654712768
K00266	0.26461858953513795	0.735381410464862
K00275	0.3698499787475822	0.6301500212524178
K00276	0.04172427174165638	0.9582757282583436
K00278	0.6821600684354089	0.3178399315645911
K00281	0.8134754012315446	0.18652459876845542
K00282	0.7859707678648319	0.21402923213516814
K00283	0.6002033088413687	0.39979669115863126
K00284	0.7681157177523681	0.2318842822476319
K00285	0.07903944995696532	0.9209605500430347
K00286	0.10410542424393532	0.8958945757560647
K00287	0.08016834535996875	0.9198316546400312
K00290	0.9597957509393251	0.04020424906067486
K00297	0.7034921878603404	0.29650781213965965
K00299	0.01452508558620158	0.9854749144137984
K00302	0.04007086960301531	0.9599291303969847
K00313	0.12487419563198665	0.8751258043680133
K00322	0.4592206322198561	0.5407793677801439
K00324	0.38462692512925256	0.6153730748707474
K00325	0.04135736086954245	0.9586426391304576
K00330	0.8801951986314385	0.11980480136856148
K00331	0.9103676759780708	0.08963232402192925
K00332	0.4442511900971582	0.5557488099028418
K00333	0.7148237306766574	0.28517626932334256
K00334	0.6909277736093251	0.30907222639067483
K00335	0.17875120027731162	0.8212487997226884
K00336	0.2688402990600708	0.7311597009399292
K00337	0.9486254778593021	0.051374522140697924
K00338	0.6497134812316935	0.3502865187683065
K00339	0.9574227611323034	0.04257723886769654
K00340	0.9374247727178058	0.06257522728219417
K00341	0.980136549722647	0.01986345027735304
K00342	0.38050824320674115	0.6194917567932589
K00343	0.8651100899314546	0.13488991006854542
K00344	0.030151198351947683	0.9698488016480523
K00346	0.8934055445877755	0.10659445541222448
K00347	0.8131415325773026	0.18685846742269738
K00348	0.4020278798567155	0.5979721201432845
K00349	0.9524954068979952	0.04750459310200484
K00350	0.8536940697483022	0.14630593025169786
K00351	0.9736024941872339	0.026397505812766113
K00354	0.12412518628375235	0.8758748137162476
K00355	0.5809170930140134	0.4190829069859866
K00362	0.2163699536855015	0.7836300463144985
K00363	0.0636041493467695	0.9363958506532305
K00364	0.08222290085394834	0.9177770991460517
K00366	0.21909668253920522	0.7809033174607948
K00370	0.5756083772834218	0.42439162271657815
K00371	0.12946791209735664	0.8705320879026434
K00372	0.4221946361152462	0.5778053638847538
K00373	0.24663707176777183	0.7533629282322282
K00374	0.11550942182635893	0.8844905781736411
K00375	0.3304213653803064	0.6695786346196936
K00380	0.2742535494717696	0.7257464505282304
K00381	0.1516371368979046	0.8483628631020954
K00382	0.42702314112971385	0.5729768588702862
K00383	0.1683553123118937	0.8316446876881063
K00384	0.45011563273994437	0.5498843672600556
K00385	0.27616444221535996	0.72383555778464
K00389	0.5572114744518148	0.44278852554818515
K00390	0.30040776004437153	0.6995922399556285
K00425	0.6974822613786793	0.30251773862132075
K00426	0.9575713232961708	0.04242867670382921
K00427	0.2170423527759926	0.7829576472240074
K00428	0.3225808521653831	0.6774191478346169
K00432	0.8645223119042611	0.13547768809573893
K00433	0.6663308676920944	0.3336691323079056
K00449	0.1162028383095971	0.8837971616904029
K00450	0.1716137239224076	0.8283862760775924
K00455	0.11768770076824109	0.8823122992317589
K00457	0.23584081447870686	0.7641591855212931
K00459	0.3262953534952955	0.6737046465047045
K00481	0.3025164720905804	0.6974835279094196
K00483	0.09022844964465371	0.9097715503553463
K00484	0.18968869938704902	0.810311300612951
K00525	0.710566041354684	0.28943395864531596
K00526	0.20593361811556332	0.7940663818844367
K00528	0.2960708177229784	0.7039291822770216
K00529	0.17029238923774126	0.8297076107622587
K00533	0.20418298222028453	0.7958170177797155
K00537	0.20946316195569892	0.7905368380443011
K00547	0.22735679222538663	0.7726432077746134
K00548	0.6772751523084127	0.32272484769158727
K00549	0.24186335857951047	0.7581366414204895
K00554	0.6785760785118299	0.3214239214881701
K00556	0.41652010329733113	0.5834798967026689
K00557	0.3254884242325613	0.6745115757674387
K00558	0.12403333763429303	0.875966662365707
K00560	0.6053302367461648	0.3946697632538351
K00563	0.1538840490356731	0.8461159509643269
K00564	0.12748513192721045	0.8725148680727896
K00566	0.11203858938120492	0.8879614106187951
K00567	0.12985730963632724	0.8701426903636728
K00568	0.15349700836356617	0.8465029916364338
K00571	0.8535384415043055	0.14646155849569456
K00573	0.025973985239396535	0.9740260147606035
K00574	0.19623918958764175	0.8037608104123583
K00575	0.12522208317593697	0.874777916824063
K00590	0.7956275240541328	0.2043724759458672
K00595	0.6971510768109901	0.30284892318900986
K00598	0.44445058214758437	0.5555494178524156
K00600	0.3218477660977134	0.6781522339022866
K00602	0.9242785142686931	0.07572148573130685
K00604	0.7578523068751025	0.24214769312489745
K00605	0.9082392888958332	0.09176071110416685
K00606	0.8002200137939756	0.19977998620602444
K00609	0.7949079002621269	0.20509209973787307
K00610	0.715299920309181	0.28470007969081906
K00611	0.09158730795936243	0.9084126920406376
K00613	0.10205815535418328	0.8979418446458167
K00615	0.22760120347194135	0.7723987965280587
K00616	0.13434807595694165	0.8656519240430584
K00620	0.36438631377216213	0.6356136862278379
K00625	0.1152179721261205	0.8847820278738795
K00626	0.08112347256493047	0.9188765274350695
K00627	0.31147120490936075	0.6885287950906392
K00631	0.8479832200874933	0.15201677991250673
K00632	0.053366801971898914	0.9466331980281011
K00633	0.5887829390156137	0.41121706098438626
K00634	0.8221578098489247	0.17784219015107525
K00638	0.14046168867113817	0.8595383113288618
K00639	0.9155679067240982	0.08443209327590183
K00640	0.45479928384701285	0.5452007161529872
K00641	0.7609519634497897	0.2390480365502103
K00645	0.200673252067595	0.799326747932405
K00647	0.540592496479734	0.459407503520266
K00648	0.9756774167084039	0.02432258329159608
K00651	0.37423399281037717	0.6257660071896228
K00652	0.9369611793469541	0.06303882065304584
K00655	0.7621691393088668	0.23783086069113327
K00656	0.22254026941720761	0.7774597305827924
K00657	0.234509880745006	0.765490119254994
K00658	0.30981028625080376	0.6901897137491962
K00661	0.5439952895568814	0.4560047104431187
K00662	0.23586407108441687	0.7641359289155831
K00666	0.6830645021762223	0.3169354978237778
K00673	0.10416753478582153	0.8958324652141785
K00674	0.3761541022369861	0.6238458977630139
K00675	0.5731827451841509	0.42681725481584903
K00677	0.9612203520470258	0.038779647952974214
K00681	0.47926156732267056	0.5207384326773294
K00684	0.7972717761319003	0.20272822386809977
K00687	0.10249013290056153	0.8975098670994385
K00688	0.29029829200257606	0.7097017079974239
K00690	0.10965060066617849	0.8903493993338215
K00691	0.840966003277705	0.15903399672229498
K00694	0.02067315152473337	0.9793268484752666
K00697	0.03202041205615247	0.9679795879438475
K00700	0.06585290410498224	0.9341470958950178
K00702	0.5178342663829889	0.48216573361701115
K00703	0.4223896770147497	0.5776103229852503
K00705	0.39767177704500256	0.6023282229549974
K00712	0.43406369516706655	0.5659363048329334
K00728	0.8814553549105488	0.11854464508945119
K00748	0.9310604397479956	0.06893956025200446
K00756	0.11147995117440124	0.8885200488255988
K00757	0.31308443134339425	0.6869155686566057
K00758	0.32635655449468104	0.673643445505319
K00759	0.33872096808251395	0.661279031917486
K00760	0.18319507554809888	0.8168049244519011
K00761	0.3578859792140454	0.6421140207859546
K00762	0.7045462897483326	0.2954537102516675
K00763	0.10917968674410594	0.8908203132558941
K00764	0.9503946516172085	0.04960534838279151
K00765	0.6277173082967507	0.3722826917032494
K00766	0.4927358062779459	0.5072641937220541
K00767	0.2612526363856714	0.7387473636143286
K00768	0.6901817842637648	0.3098182157362352
K00769	0.03393602715850774	0.9660639728414923
K00772	0.48567689031534855	0.5143231096846514
K00773	0.5811077058707788	0.4188922941292213
K00782	0.2317530977700526	0.7682469022299474
K00783	0.4064994589724904	0.5935005410275096
K00784	0.38120528789225006	0.61879471210775
K00786	0.11076640113972314	0.8892335988602769
K00788	0.6266990174150443	0.3733009825849557
K00789	0.838133277542848	0.16186672245715195
K00790	0.1909538310765636	0.8090461689234364
K00791	0.5422418164016227	0.45775818359837733
K00793	0.7613487825968464	0.2386512174031537
K00794	0.6197173021500819	0.38028269784991814
K00795	0.06119644504538202	0.938803554954618
K00796	0.9911210136385147	0.008878986361485349
K00797	0.4736700020657073	0.5263299979342927
K00798	0.980004386163522	0.01999561383647798
K00799	0.02964035881794369	0.9703596411820563
K00800	0.4526973780704566	0.5473026219295434
K00801	0.6796860556443616	0.3203139443556384
K00803	0.11066498078490228	0.8893350192150977
K00805	0.6068479057288804	0.39315209427111963
K00806	0.9118092020097017	0.08819079799029832
K00812	0.9699582162358756	0.030041783764124398
K00813	0.1781893395465617	0.8218106604534383
K00817	0.5742439762564324	0.4257560237435675
K00820	0.03269184088919208	0.9673081591108079
K00821	0.0878657029899449	0.9121342970100551
K00823	0.5055348376429145	0.49446516235708543
K00824	0.38770855822322103	0.612291441776779
K00826	0.5407806541714393	0.4592193458285608
K00831	0.053258820968495324	0.9467411790315047
K00832	0.1569117208302221	0.8430882791697779
K00833	0.923127750096353	0.07687224990364701
K00835	0.18014534223427947	0.8198546577657205
K00836	0.028430050987344635	0.9715699490126554
K00839	0.21664006731784535	0.7833599326821546
K00840	0.49426489722759326	0.5057351027724067
K00841	0.31463913875670757	0.6853608612432924
K00845	0.8281289051296297	0.1718710948703704
K00847	0.5606482391782559	0.4393517608217441
K00848	0.9339554094901521	0.06604459050984787
K00849	0.8157002656208571	0.1842997343791429
K00850	0.3132330015205872	0.6867669984794128
K00851	0.42381979947779436	0.5761802005222056
K00852	0.22695216100606008	0.7730478389939399
K00853	0.1924855592623662	0.8075144407376338
K00854	0.4242452424308448	0.5757547575691552
K00855	0.7686757531726488	0.2313242468273512
K00857	0.4446324354040738	0.5553675645959262
K00858	0.05891236291072233	0.9410876370892777
K00859	0.9270194064136129	0.0729805935863871
K00860	0.8612654813704259	0.13873451862957412
K00863	0.07396447957966468	0.9260355204203353
K00864	0.22402752910551638	0.7759724708944836
K00865	0.08623514783604314	0.9137648521639569
K00867	0.2638982201348271	0.7361017798651729
K00868	0.34991690836288214	0.6500830916371179
K00869	0.26741067829525633	0.7325893217047437
K00872	0.009149969487367016	0.990850030512633
K00873	0.15485843794645038	0.8451415620535496
K00874	0.7571164555925568	0.24288354440744317
K00875	0.06906647385140674	0.9309335261485933
K00876	0.7726674332228094	0.22733256677719055
K00878	0.2102927242982694	0.7897072757017306
K00879	0.04245528910156904	0.957544710898431
K00880	0.18080509541366263	0.8191949045863374
K00881	0.07305431235536863	0.9269456876446314
K00882	0.3372884452722449	0.6627115547277551
K00883	0.09453520299827467	0.9054647970017253
K00884	0.0468102546761473	0.9531897453238527
K00885	0.2509750107584665	0.7490249892415335
K00886	0.2831058594743201	0.7168941405256799
K00891	0.507719285208972	0.4922807147910279
K00892	0.3854124272347095	0.6145875727652905
K00899	0.15954227075779592	0.8404577292422041
K00901	0.12963928802481584	0.8703607119751842
K00906	0.2514393757843074	0.7485606242156926
K00912	0.8354937649840836	0.1645062350159164
K00917	0.2664051443815576	0.7335948556184424
K00919	0.23590284506069414	0.7640971549393059
K00925	0.19386348255100228	0.8061365174489977
K00926	0.2899012041392728	0.7100987958607272
K00927	0.20297170304224488	0.7970282969577551
K00928	0.8924360524775335	0.1075639475224665
K00929	0.43396932760266815	0.5660306723973318
K00930	0.6043835649589748	0.3956164350410252
K00931	0.3256618068204554	0.6743381931795446
K00932	0.7264296464338508	0.2735703535661492
K00936	0.498942712943202	0.501057287056798
K00937	0.784799372175723	0.21520062782427699
K00938	0.07363894367709001	0.92636105632291
K00939	0.45007992667285457	0.5499200733271454
K00940	0.9656451118435883	0.0343548881564118
K00941	0.2713990624080096	0.7286009375919904
K00942	0.6779147313419489	0.32208526865805104
K00943	0.33683558186259144	0.6631644181374086
K00945	0.5023398887377669	0.4976601112622331
K00946	0.3468126787727118	0.6531873212272882
K00948	0.1350738066003746	0.8649261933996254
K00949	0.5685806124045854	0.4314193875954147
K00950	0.8577384278510819	0.14226157214891808
K00951	0.859864846920685	0.14013515307931504
K00954	0.461236381183309	0.538763618816691
K00955	0.7638641531574668	0.23613584684253325
K00956	0.5594533227348373	0.4405466772651627
K00957	0.9805092369427084	0.01949076305729162
K00962	0.40054874337109514	0.5994512566289049
K00963	0.014682814915004339	0.9853171850849957
K00965	0.04412521873218811	0.9558747812678119
K00966	0.7425056232963562	0.25749437670364383
K00968	0.41237935877555343	0.5876206412244466
K00969	0.2681994487463868	0.7318005512536132
K00970	0.8337832230545186	0.16621677694548145
K00971	0.7497243852285995	0.2502756147714004
K00973	0.25759743750835706	0.7424025624916429
K00974	0.1932884231237727	0.8067115768762273
K00975	0.28784764568859267	0.7121523543114073
K00978	0.6258306125517974	0.37416938744820266
K00979	0.5099308666070228	0.49006913339297725
K00980	0.39031951320199754	0.6096804867980025
K00981	0.26865834827742807	0.7313416517225719
K00982	0.5003744738480179	0.4996255261519821
K00983	0.19628963370286379	0.8037103662971362
K00986	0.8262371623548972	0.17376283764510286
K00989	0.2423734805086486	0.7576265194913514
K00990	0.33316984477447775	0.6668301552255222
K00991	0.6994693364594797	0.3005306635405202
K00995	0.08095451618214211	0.9190454838178579
K00996	0.5055218304415755	0.4944781695584245
K00997	0.047739000238833484	0.9522609997611665
K00998	0.06620161395524116	0.9337983860447588
K01000	0.47856572219787474	0.5214342778021253
K01002	0.4634010602345371	0.5365989397654629
K01006	0.17390006726774687	0.8260999327322531
K01007	0.8492195547518298	0.15078044524817028
K01008	0.513944414366666	0.486055585633334
K01011	0.16869582908902103	0.831304170910979
K01012	0.050977655326471694	0.9490223446735283
K01023	0.14236661501877745	0.8576333849812225
K01026	0.5112689042491634	0.4887310957508367
K01031	0.3496913767669879	0.6503086232330121
K01032	0.5265476733330655	0.4734523266669345
K01034	0.5858139415437313	0.41418605845626866
K01035	0.7553967428630537	0.24460325713694628
K01042	0.08606582973559485	0.9139341702644052
K01048	0.08683949652005485	0.9131605034799452
K01051	0.8326657240576447	0.16733427594235534
K01053	0.8060813060244064	0.1939186939755936
K01055	0.299746846118227	0.700253153881773
K01056	0.6073058578429547	0.39269414215704534
K01057	0.7963240037877533	0.20367599621224677
K01058	0.3171907478663266	0.6828092521336734
K01060	0.06584099910623387	0.9341590008937661
K01061	0.40328917593195357	0.5967108240680464
K01066	0.587850518282829	0.41214948171717103
K01069	0.5917145572504212	0.40828544274957873
K01070	0.2590413948453344	0.7409586051546656
K01071	0.5796802595902721	0.4203197404097279
K01077	0.866806915716992	0.13319308428300808
K01079	0.933067464146055	0.06693253585394496
K01081	0.4529147737886573	0.5470852262113427
K01082	0.9770052360967172	0.022994763903282787
K01085	0.44228816635560886	0.5577118336443911
K01087	0.16267861023408914	0.8373213897659109
K01089	0.8548717761934598	0.14512822380654022
K01091	0.7756734043920451	0.22432659560795487
K01092	0.29319508224421253	0.7068049177557875
K01093	0.13127207377418115	0.8687279262258188
K01095	0.5172846486846139	0.4827153513153862
K01096	0.5069264093089928	0.4930735906910072
K01101	0.23327018404557387	0.7667298159544261
K01104	0.9407903343353166	0.05920966566468349
K01114	0.1070991394135049	0.8929008605864951
K01118	0.06205112698201132	0.9379488730179887
K01119	0.6278952250860571	0.3721047749139429
K01126	0.15807523240613008	0.8419247675938699
K01129	0.3071645388004314	0.6928354611995686
K01130	0.6289958938909387	0.3710041061090613
K01133	0.8201842263356134	0.1798157736643866
K01138	0.22893021774550648	0.7710697822544935
K01139	0.8404132227899732	0.15958677721002676
K01141	0.8752813029963475	0.12471869700365248
K01142	0.8034736888247502	0.19652631117524982
K01143	0.029188936059601933	0.9708110639403981
K01144	0.9174783239005019	0.08252167609949808
K01146	0.0994818999418331	0.9005181000581669
K01147	0.07648527497968405	0.923514725020316
K01150	0.027468765363490077	0.9725312346365099
K01151	0.7783118310739418	0.22168816892605828
K01153	0.4624268797103921	0.5375731202896079
K01154	0.428312854769056	0.571687145230944
K01155	0.928249720409633	0.07175027959036691
K01159	0.6123285288456756	0.38767147115432443
K01160	0.028567641012564704	0.9714323589874353
K01163	0.8245304307668717	0.17546956923312826
K01169	0.1654783526605833	0.8345216473394167
K01173	0.4589516680187278	0.5410483319812722
K01174	0.2521492817429233	0.7478507182570767
K01175	0.05389782143196076	0.9461021785680392
K01176	0.4172333938321119	0.5827666061678881
K01179	0.4283918082045145	0.5716081917954855
K01182	0.39422497723605476	0.6057750227639452
K01183	0.16625253372419047	0.8337474662758095
K01185	0.39003670420121794	0.6099632957987821
K01186	0.441040317314604	0.558959682685396
K01187	0.9337777874073401	0.0662222125926599
K01190	0.896164667819643	0.10383533218035702
K01191	0.042123773836752365	0.9578762261632476
K01192	0.8627934578282125	0.13720654217178752
K01193	0.590863342487222	0.40913665751277795
K01194	0.04452794652649572	0.9554720534735043
K01195	0.7507967532683986	0.24920324673160146
K01197	0.35336492326048097	0.646635076739519
K01198	0.11207427626535804	0.887925723734642
K01200	0.5483861617355523	0.4516138382644477
K01201	0.7684511092513037	0.2315488907486963
K01205	0.9422051687864801	0.05779483121351994
K01206	0.7816689571697792	0.21833104283022073
K01207	0.6959150835003305	0.30408491649966957
K01208	0.12996960855119932	0.8700303914488007
K01209	0.8939511215848616	0.10604887841513846
K01210	0.16847584123098958	0.8315241587690104
K01214	0.18732243859138975	0.8126775614086102
K01215	0.25204297011463905	0.747957029885361
K01220	0.065063060055228	0.934936939944772
K01222	0.06112132106565005	0.93887867893435
K01223	0.025637602377608038	0.974362397622392
K01224	0.8070123049643799	0.19298769503562008
K01226	0.036860096564334754	0.9631399034356652
K01232	0.02170478378634666	0.9782952162136533
K01239	0.17044815629591947	0.8295518437040805
K01241	0.8101371112130934	0.18986288878690663
K01243	0.07934680292133256	0.9206531970786674
K01246	0.5968567077485445	0.4031432922514555
K01247	0.5447913982554606	0.4552086017445393
K01250	0.19386883241129826	0.8061311675887017
K01251	0.5854449083434863	0.4145550916565138
K01252	0.1756468303116261	0.8243531696883739
K01255	0.060462311982667605	0.9395376880173324
K01256	0.27058013776101064	0.7294198622389894
K01258	0.16329588225035874	0.8367041177496413
K01259	0.23319198755013204	0.766808012449868
K01261	0.6659819217917702	0.3340180782082299
K01262	0.9425621439297144	0.05743785607028562
K01265	0.5019831300262214	0.4980168699737786
K01266	0.08565219629781617	0.9143478037021838
K01267	0.8999066955255315	0.10009330447446853
K01270	0.06739131041978763	0.9326086895802124
K01271	0.1358835823663842	0.8641164176336158
K01273	0.10727976539353634	0.8927202346064637
K01277	0.9214961507934278	0.07850384920657215
K01278	0.8275485224725095	0.17245147752749046
K01281	0.5756411056355255	0.4243588943644745
K01284	0.8792341116602085	0.1207658883397915
K01286	0.4973239930152257	0.5026760069847743
K01297	0.3665134715424121	0.6334865284575879
K01299	0.14061255892204627	0.8593874410779537
K01304	0.22216717832310007	0.7778328216768999
K01305	0.3199656744602256	0.6800343255397744
K01338	0.3429154606674516	0.6570845393325484
K01354	0.2151250711674937	0.7848749288325063
K01355	0.14947360700383572	0.8505263929961643
K01356	0.013564847041245387	0.9864351529587546
K01358	0.39213205561934483	0.6078679443806552
K01372	0.8225048435332017	0.17749515646679828
K01407	0.1388285252642789	0.8611714747357211
K01409	0.4024845070268037	0.5975154929731963
K01414	0.3047411591457133	0.6952588408542867
K01419	0.3909516285774923	0.6090483714225077
K01420	0.2823993157627154	0.7176006842372846
K01421	0.6190659181383423	0.38093408186165767
K01424	0.45560216880650073	0.5443978311934993
K01425	0.7561747656402391	0.24382523435976083
K01426	0.2800835814225906	0.7199164185774094
K01428	0.5666412779264176	0.43335872207358245
K01429	0.2838900728331877	0.7161099271668123
K01430	0.10473271369969628	0.8952672863003037
K01433	0.9226385625392781	0.0773614374607219
K01436	0.35369458651410546	0.6463054134858945
K01438	0.7587640501588537	0.24123594984114627
K01439	0.2370244526383155	0.7629755473616845
K01442	0.23517270475939356	0.7648272952406064
K01443	0.7491984882706508	0.2508015117293492
K01444	0.7869527552388318	0.21304724476116824
K01447	0.9042664045401047	0.09573359545989531
K01448	0.4064221518777287	0.5935778481222713
K01449	0.18609542160630244	0.8139045783936976
K01451	0.0756854687952293	0.9243145312047707
K01457	0.15136123424905346	0.8486387657509465
K01460	0.019142521908907195	0.9808574780910928
K01462	0.27167280678953243	0.7283271932104676
K01464	0.32755619068125086	0.6724438093187491
K01465	0.8382888350451667	0.1617111649548333
K01466	0.367498465781369	0.632501534218631
K01467	0.2901910728335303	0.7098089271664697
K01468	0.34369948850336984	0.6563005114966302
K01470	0.5794376557621165	0.4205623442378835
K01476	0.7171957045273959	0.2828042954726041
K01478	0.2523047792465022	0.7476952207534978
K01479	0.03346381519390029	0.9665361848060997
K01480	0.13747980852202346	0.8625201914779765
K01482	0.9356078432290322	0.06439215677096775
K01483	0.5088199691312654	0.4911800308687346
K01484	0.08076579382995186	0.9192342061700481
K01485	0.15549512772586938	0.8445048722741306
K01486	0.6843739098038011	0.3156260901961989
K01487	0.3478447362544458	0.6521552637455542
K01488	0.017267480648243683	0.9827325193517563
K01489	0.9178552163073905	0.08214478369260943
K01491	0.6948284620467353	0.30517153795326474
K01493	0.14005795799826926	0.8599420420017307
K01494	0.15584263263532905	0.844157367364671
K01495	0.9754266561472169	0.02457334385278304
K01496	0.06542333689330193	0.9345766631066981
K01497	0.38156592110952703	0.618434078890473
K01501	0.8709036509847615	0.12909634901523845
K01507	0.36621445046592127	0.6337855495340787
K01512	0.23933652888676948	0.7606634711132305
K01515	0.8057428821913641	0.19425711780863586
K01520	0.11205673407174532	0.8879432659282547
K01521	0.036759259276351264	0.9632407407236487
K01523	0.1593427228206138	0.8406572771793862
K01524	0.3204839594667189	0.6795160405332811
K01525	0.11067767955128571	0.8893223204487143
K01531	0.5421782771915912	0.4578217228084088
K01533	0.8246963280278222	0.17530367197217775
K01534	0.6246264366935002	0.3753735633064998
K01537	0.19317796291617262	0.8068220370838274
K01539	0.7858791309619886	0.2141208690380114
K01546	0.9718821867229179	0.028117813277082068
K01547	0.6010471240782436	0.3989528759217565
K01548	0.9883502285552802	0.011649771444719783
K01551	0.9427123678629027	0.057287632137097345
K01560	0.288329181208682	0.711670818791318
K01567	0.12802759931661134	0.8719724006833887
K01571	0.19806517619183905	0.801934823808161
K01572	0.8895187946258906	0.11048120537410944
K01575	0.04593250951627936	0.9540674904837206
K01577	0.07995539462487566	0.9200446053751243
K01579	0.7991861726311416	0.2008138273688585
K01580	0.9899959380182791	0.010004061981720868
K01581	0.37417528772161546	0.6258247122783845
K01582	0.01647666229948308	0.9835233377005169
K01584	0.030223895421019997	0.96977610457898
K01585	0.763582645376837	0.23641735462316302
K01586	0.5693089122863234	0.4306910877136766
K01588	0.9706696500980634	0.02933034990193664
K01589	0.061246025584100305	0.9387539744158997
K01590	0.3944784023734951	0.6055215976265049
K01591	0.9761976081635901	0.02380239183640983
K01595	0.4459644913106082	0.5540355086893918
K01596	0.28539998690589385	0.7146000130941061
K01597	0.4643106646715206	0.5356893353284794
K01598	0.277432928147748	0.722567071852252
K01599	0.11649798571535419	0.8835020142846458
K01607	0.16551866753757682	0.8344813324624232
K01608	0.09877104628052169	0.9012289537194783
K01609	0.7136142325580819	0.2863857674419182
K01610	0.41127110550608914	0.5887288944939109
K01611	0.27772423167702587	0.7222757683229741
K01612	0.10435956396311674	0.8956404360368833
K01613	0.7998092820389506	0.20019071796104934
K01615	0.5627655539692039	0.4372344460307961
K01619	0.26102529591839274	0.7389747040816073
K01620	0.21411739445946565	0.7858826055405344
K01621	0.12947746100240587	0.8705225389975941
K01623	0.27220151759452293	0.7277984824054771
K01624	0.09210594954484508	0.9078940504551549
K01625	0.750011073535086	0.24998892646491402
K01626	0.8136474662570863	0.18635253374291375
K01627	0.8474733715979414	0.15252662840205852
K01628	0.676607439460368	0.3233925605396319
K01629	0.3980826250177206	0.6019173749822794
K01630	0.2260612606890008	0.7739387393109992
K01631	0.20118728180017642	0.7988127181998236
K01633	0.8483267618741342	0.15167323812586575
K01635	0.132413088609022	0.867586911390978
K01637	0.43072552645016027	0.5692744735498397
K01638	0.046118425882806235	0.9538815741171938
K01639	0.5912682268537846	0.4087317731462155
K01640	0.20610212643665538	0.7938978735633446
K01641	0.6412772546878618	0.35872274531213816
K01643	0.07021626091507938	0.9297837390849206
K01644	0.37331774851559985	0.6266822514844002
K01646	0.08484898532724405	0.915151014672756
K01647	0.042391303346293596	0.9576086966537064
K01649	0.5091589061563472	0.4908410938436528
K01652	0.07688156127037737	0.9231184387296226
K01653	0.4487845117252013	0.5512154882747987
K01654	0.6973647164833383	0.30263528351666175
K01657	0.7196917911966366	0.2803082088033634
K01658	0.931528516327224	0.068471483672776
K01659	0.07158760583946788	0.9284123941605321
K01661	0.6900467217939668	0.3099532782060332
K01662	0.43058304312130413	0.5694169568786959
K01664	0.2131222630268853	0.7868777369731147
K01665	0.8646191451558172	0.1353808548441828
K01666	0.5193211997061483	0.4806788002938517
K01667	0.8487546683783722	0.15124533162162776
K01669	0.06953078776301436	0.9304692122369856
K01671	0.11101134052021888	0.8889886594797811
K01673	0.48466057927783524	0.5153394207221648
K01674	0.3690050162896539	0.6309949837103461
K01676	0.7766901492188849	0.22330985078111504
K01677	0.06637362099923771	0.9336263790007623
K01678	0.06983791670133999	0.93016208329866
K01679	0.09395565741472578	0.9060443425852742
K01681	0.5824458937508232	0.4175541062491767
K01682	0.17641822750660385	0.8235817724933961
K01684	0.16602285678202777	0.8339771432179722
K01685	0.5391800714779721	0.4608199285220279
K01686	0.6444746843387672	0.35552531566123274
K01687	0.9425056051964336	0.05749439480356645
K01689	0.35132710178407267	0.6486728982159273
K01690	0.11313945572218997	0.88686054427781
K01693	0.37233360566643436	0.6276663943335656
K01695	0.3599896683981185	0.6400103316018815
K01696	0.7741068886179754	0.22589311138202464
K01697	0.40480975769580696	0.595190242304193
K01698	0.5353045725184971	0.464695427481503
K01699	0.3120355665937693	0.6879644334062307
K01703	0.22954462724857505	0.770455372751425
K01704	0.7987061687152297	0.20129383128477024
K01706	0.1036891087983679	0.8963108912016321
K01708	0.05487803603310526	0.9451219639668947
K01709	0.9471327960913581	0.05286720390864184
K01710	0.8990266030522898	0.10097339694771024
K01711	0.883843333587889	0.11615666641211093
K01712	0.7948922849052231	0.2051077150947769
K01713	0.20185896335952058	0.7981410366404794
K01714	0.18289898981730257	0.8171010101826974
K01715	0.5294592287657984	0.47054077123420157
K01716	0.006346281965960321	0.9936537180340397
K01719	0.9462711934687261	0.05372880653127388
K01720	0.42309139613197233	0.5769086038680277
K01727	0.2208216615700198	0.7791783384299802
K01728	0.6471146404038304	0.35288535959616957
K01730	0.5697886766181437	0.43021132338185625
K01731	0.17044882396335026	0.8295511760366497
K01733	0.07005122720131185	0.9299487727986882
K01734	0.22031581719014015	0.7796841828098598
K01735	0.7425856629100562	0.2574143370899437
K01736	0.38789005644616203	0.612109943553838
K01737	0.8783371889238935	0.12166281107610659
K01738	0.922581276219267	0.07741872378073301
K01739	0.07052690817201879	0.9294730918279812
K01740	0.7908723624790415	0.20912763752095856
K01744	0.5051314870241859	0.4948685129758142
K01745	0.6022190451856696	0.3977809548143304
K01749	0.07970353476497805	0.920296465235022
K01750	0.5017842884203063	0.49821571157969374
K01751	0.31745341293484486	0.6825465870651551
K01752	0.2362933919367013	0.7637066080632987
K01753	0.1052806950276507	0.8947193049723493
K01754	0.0662352217769353	0.9337647782230647
K01755	0.8879580417503072	0.11204195824969275
K01756	0.7269885923231192	0.2730114076768808
K01758	0.08251377461379694	0.9174862253862031
K01759	0.6088982707251313	0.39110172927486875
K01760	0.19929159518324002	0.80070840481676
K01766	0.45376569709789705	0.546234302902103
K01768	0.8202819826030804	0.17971801739691964
K01770	0.8120575149181497	0.18794248508185035
K01772	0.8144227114295662	0.18557728857043376
K01775	0.6546412909875672	0.34535870901243276
K01776	0.41579240788131655	0.5842075921186834
K01777	0.2964871035410924	0.7035128964589076
K01778	0.7095549979646982	0.2904450020353018
K01779	0.029996513891932253	0.9700034861080677
K01782	0.5963805700761707	0.40361942992382926
K01783	0.06344268481737714	0.9365573151826229
K01784	0.2142375593321182	0.7857624406678818
K01785	0.4822139869618848	0.5177860130381152
K01787	0.887396821741596	0.11260317825840402
K01788	0.04937313792185005	0.95062686207815
K01790	0.6951300583279274	0.3048699416720726
K01791	0.6324695108195925	0.36753048918040754
K01792	0.6276115059371741	0.372388494062826
K01801	0.2711018602386829	0.7288981397613171
K01802	0.296281003649564	0.703718996350436
K01803	0.053186220615819235	0.9468137793841808
K01804	0.7909615978394943	0.20903840216050573
K01805	0.7858539583706796	0.21414604162932038
K01807	0.6605075023174818	0.33949249768251827
K01808	0.10953917978547356	0.8904608202145264
K01809	0.7457939371823046	0.25420606281769537
K01810	0.3997960246856518	0.6002039753143482
K01811	0.9742332186011783	0.02576678139882168
K01812	0.04897478131714117	0.9510252186828588
K01813	0.7064145732357324	0.2935854267642676
K01814	0.5671766227089055	0.43282337729109455
K01815	0.49733359321394277	0.5026664067860572
K01816	0.34829802246243646	0.6517019775375635
K01817	0.5688463219060083	0.4311536780939917
K01818	0.612232116081361	0.38776788391863903
K01819	0.24009923644739184	0.7599007635526082
K01821	0.16415371334671192	0.8358462866532881
K01823	0.05077855068949766	0.9492214493105023
K01825	0.10970202200369639	0.8902979779963036
K01826	0.04161837028242199	0.958381629717578
K01834	0.27510032207970603	0.724899677920294
K01835	0.1867089462276954	0.8132910537723046
K01838	0.0594436825128839	0.9405563174871161
K01839	0.2529568749064478	0.7470431250935522
K01840	0.6842494668316311	0.3157505331683689
K01843	0.6469179478869641	0.3530820521130359
K01844	0.7491182338092035	0.2508817661907965
K01845	0.3903085793606972	0.6096914206393028
K01846	0.09765922409744676	0.9023407759025532
K01847	0.4119425289869437	0.5880574710130563
K01848	0.8664374109504844	0.13356258904951554
K01849	0.46730081600612816	0.5326991839938718
K01854	0.24894614454302444	0.7510538554569756
K01857	0.21317586282793133	0.7868241371720687
K01858	0.6983747716122656	0.3016252283877344
K01866	0.8599829739965644	0.14001702600343557
K01867	0.35018125794624155	0.6498187420537584
K01868	0.630816186366378	0.36918381363362196
K01869	0.1995202252323507	0.8004797747676493
K01870	0.8614944917574614	0.13850550824253857
K01872	0.5628475351501564	0.4371524648498436
K01873	0.5141693250462533	0.4858306749537467
K01874	0.18595196174132955	0.8140480382586704
K01875	0.4685432516743242	0.5314567483256758
K01876	0.3780546615692446	0.6219453384307554
K01878	0.8155539793021737	0.18444602069782634
K01879	0.7253274960305559	0.2746725039694441
K01880	0.9021035323470467	0.09789646765295339
K01881	0.3804160850191409	0.6195839149808591
K01883	0.9052371598048639	0.09476284019513619
K01885	0.24212684171113097	0.757873158288869
K01886	0.9313143772787836	0.06868562272121637
K01887	0.5088713405756307	0.4911286594243694
K01889	0.9509685945699239	0.049031405430076114
K01890	0.6768018344225707	0.3231981655774293
K01892	0.612817168535164	0.38718283146483595
K01893	0.5483783057592952	0.4516216942407048
K01894	0.23155001914929618	0.7684499808507038
K01895	0.9198742475743392	0.08012575242566077
K01897	0.35827340788388573	0.6417265921161143
K01902	0.12417642498771542	0.8758235750122846
K01903	0.3195709226009392	0.6804290773990608
K01905	0.42926888360646864	0.5707311163935314
K01908	0.19117577582059475	0.8088242241794052
K01910	0.160948641979469	0.839051358020531
K01911	0.6541978110426595	0.3458021889573405
K01912	0.7856487025059906	0.21435129749400939
K01914	0.6924697389727053	0.3075302610272947
K01915	0.21454364396867032	0.7854563560313297
K01916	0.3395137524518037	0.6604862475481963
K01918	0.746190049418409	0.2538099505815909
K01919	0.4328139839417917	0.5671860160582083
K01920	0.4608355703231365	0.5391644296768635
K01921	0.16162877611609783	0.8383712238839022
K01923	0.3013327636409694	0.6986672363590306
K01924	0.6036744627319082	0.39632553726809183
K01925	0.43498045744762637	0.5650195425523736
K01926	0.6646467599355554	0.33535324006444456
K01928	0.043990866974407794	0.9560091330255922
K01929	0.19343795690328158	0.8065620430967184
K01933	0.36954070194209165	0.6304592980579083
K01934	0.10485940646604752	0.8951405935339525
K01935	0.7054096215510096	0.2945903784489904
K01937	0.7512021755061814	0.2487978244938186
K01938	0.3405926007175133	0.6594073992824867
K01939	0.9219322015665029	0.0780677984334971
K01940	0.7951690764789128	0.20483092352108728
K01941	0.47180850198743907	0.5281914980125609
K01945	0.7839458064253312	0.21605419357466882
K01950	0.6930396896956306	0.30696031030436943
K01951	0.20216565414358734	0.7978343458564127
K01952	0.8148164935821456	0.18518350641785436
K01953	0.06635360510082045	0.9336463948991796
K01955	0.7884743319055404	0.2115256680944596
K01956	0.7241889888600903	0.27581101113990975
K01958	0.25354466770873174	0.7464553322912683
K01960	0.9189210551083398	0.08107894489166019
K01961	0.708654117585472	0.29134588241452797
K01962	0.47786874220728515	0.5221312577927149
K01963	0.3001383055956215	0.6998616944043785
K01966	0.9812872440403123	0.018712755959687702
K01972	0.18391597344982535	0.8160840265501746
K01974	0.27973985039972993	0.7202601496002701
K01975	0.30815988229967706	0.6918401177003229
K01989	0.3832928028881143	0.6167071971118857
K01990	0.06620088989819772	0.9337991101018023
K01991	0.9685210095823278	0.031478990417672215
K01992	0.7308591414960481	0.2691408585039519
K01993	0.9048322509340833	0.09516774906591675
K01995	0.8274177508737506	0.1725822491262494
K01996	0.8641603266229527	0.1358396733770473
K01997	0.03086666875132882	0.9691333312486712
K01998	0.44949806015448956	0.5505019398455104
K01999	0.27358614570350026	0.7264138542964997
K02000	0.6555058851705182	0.3444941148294817
K02001	0.7801640607161695	0.21983593928383052
K02002	0.1881774739830736	0.8118225260169264
K02003	0.11420345646246333	0.8857965435375367
K02004	0.6589120862322846	0.34108791376771547
K02005	0.4246841241347641	0.5753158758652359
K02006	0.21217890072174672	0.7878210992782533
K02007	0.24633510866210084	0.7536648913378992
K02008	0.35830877557344964	0.6416912244265504
K02009	0.36535793215362233	0.6346420678463777
K02010	0.6291195851237279	0.37088041487627205
K02011	0.12343565448449267	0.8765643455155073
K02012	0.5836046326567564	0.41639536734324356
K02013	0.18578906939190487	0.8142109306080951
K02014	0.7247786004572879	0.2752213995427121
K02015	0.8995904226033523	0.10040957739664771
K02016	0.24182840192071187	0.7581715980792881
K02017	0.11945114981628124	0.8805488501837188
K02018	0.25341614750871433	0.7465838524912857
K02019	0.24682517597058184	0.7531748240294182
K02020	0.5890800140219186	0.4109199859780815
K02024	0.2380216242484865	0.7619783757515135
K02025	0.06607906721880474	0.9339209327811953
K02026	0.09471737831081573	0.9052826216891843
K02027	0.8811077132458278	0.11889228675417214
K02028	0.05142732941692996	0.94857267058307
K02029	0.0897729167383653	0.9102270832616347
K02030	0.7007855230081317	0.29921447699186826
K02031	0.5607979276896824	0.4392020723103176
K02032	0.6741170462710351	0.32588295372896486
K02033	0.1839014314403773	0.8160985685596227
K02034	0.35608266900378605	0.643917330996214
K02035	0.07786496381787611	0.9221350361821239
K02036	0.15643096242300392	0.8435690375769961
K02037	0.07290373866152766	0.9270962613384723
K02038	0.448673063121527	0.551326936878473
K02039	0.5730949486045029	0.4269050513954971
K02040	0.2947678367497324	0.7052321632502676
K02041	0.6054537364300071	0.3945462635699929
K02042	0.41795105777231256	0.5820489422276874
K02043	0.008513388041736403	0.9914866119582636
K02044	0.13195113349577092	0.8680488665042291
K02045	0.5810227007729851	0.4189772992270149
K02046	0.6131935865160896	0.38680641348391037
K02047	0.14095513476101806	0.8590448652389819
K02048	0.15756747763218937	0.8424325223678106
K02049	0.8124498274389111	0.1875501725610889
K02050	0.3170856638132378	0.6829143361867622
K02051	0.3543515725391554	0.6456484274608446
K02052	0.3923117096264772	0.6076882903735228
K02053	0.730483981617621	0.2695160183823791
K02054	0.6631307444872961	0.33686925551270386
K02055	0.37565653207400096	0.624343467925999
K02056	0.34362705618662737	0.6563729438133726
K02057	0.07203936593177207	0.9279606340682279
K02058	0.48022279656759537	0.5197772034324046
K02062	0.05788015054479656	0.9421198494552034
K02063	0.15701700819699582	0.8429829918030042
K02064	0.17788192727488894	0.8221180727251111
K02065	0.9825458546748241	0.01745414532517584
K02066	0.07397728999663844	0.9260227100033616
K02067	0.5878008974663558	0.41219910253364417
K02068	0.5509773478356156	0.4490226521643844
K02069	0.37711270463003166	0.6228872953699683
K02071	0.21850246108346782	0.7814975389165322
K02072	0.3539366873044102	0.6460633126955898
K02073	0.3449528768009149	0.6550471231990851
K02074	0.6842803811037117	0.31571961889628836
K02075	0.17167749860866333	0.8283225013913367
K02077	0.25164173397039746	0.7483582660296025
K02078	0.516706241274296	0.48329375872570396
K02079	0.7212058696204149	0.27879413037958517
K02080	0.42021644233152844	0.5797835576684716
K02081	0.8443538553457359	0.15564614465426405
K02082	0.354611948023701	0.645388051976299
K02083	0.023750520755881688	0.9762494792441183
K02086	0.43763766804965076	0.5623623319503492
K02099	0.07530514142546973	0.9246948585745303
K02100	0.7828264194464343	0.21717358055356575
K02103	0.047068244784314706	0.9529317552156853
K02106	0.4006434145119382	0.5993565854880618
K02108	0.5799500550619558	0.4200499449380442
K02109	0.8058193166747933	0.19418068332520663
K02110	0.4830388434744429	0.5169611565255571
K02111	0.7707239020515906	0.22927609794840945
K02112	0.8486191570296644	0.15138084297033566
K02113	0.9080389615361297	0.09196103846387021
K02114	0.13566319289067308	0.8643368071093269
K02115	0.14304314641384408	0.8569568535861559
K02117	0.19617417054643715	0.8038258294535628
K02118	0.06825900402429708	0.9317409959757029
K02119	0.11446248499810108	0.8855375150018989
K02120	0.3490754211671516	0.6509245788328484
K02121	0.8709967765474431	0.12900322345255694
K02122	0.053977667197018575	0.9460223328029814
K02123	0.5057802901907298	0.49421970980927027
K02124	0.20670253407810513	0.7932974659218949
K02160	0.29257944252417667	0.7074205574758233
K02167	0.8624271540602189	0.1375728459397812
K02168	0.10579152124520563	0.8942084787547944
K02169	0.6412234626875761	0.3587765373124239
K02170	0.056894373674067356	0.9431056263259326
K02171	0.13260816428083777	0.8673918357191622
K02172	0.5777022706943444	0.42229772930565557
K02173	0.08474127720673164	0.9152587227932684
K02182	0.3314971671643653	0.6685028328356347
K02188	0.9688559362047363	0.031144063795263667
K02189	0.4035575500666333	0.5964424499333667
K02190	0.632767833528094	0.3672321664719061
K02191	0.40182572310918874	0.5981742768908113
K02193	0.4082143547469299	0.5917856452530701
K02194	0.3196592257156582	0.6803407742843418
K02195	0.4384877948349757	0.5615122051650243
K02198	0.16378287542058612	0.8362171245794139
K02200	0.11555715053369553	0.8844428494663045
K02203	0.5180214030343258	0.48197859696567424
K02217	0.9527487886701411	0.04725121132985882
K02221	0.08746888762828631	0.9125311123717137
K02224	0.43968275262655887	0.5603172473734411
K02226	0.3457615338699104	0.6542384661300896
K02227	0.6997743146116202	0.30022568538837985
K02230	0.8052019100436012	0.19479808995639877
K02231	0.9315696532265204	0.06843034677347955
K02232	0.4836066402521281	0.5163933597478719
K02233	0.7692934275879098	0.23070657241209028
K02236	0.3036761761214073	0.6963238238785927
K02237	0.12470909228057614	0.8752909077194239
K02238	0.7857225222913666	0.21427747770863342
K02240	0.6784731650612741	0.32152683493872586
K02242	0.1888961830576451	0.8111038169423549
K02243	0.08644032135121982	0.9135596786487802
K02244	0.04314139456834931	0.9568586054316507
K02245	0.2734784636046411	0.7265215363953589
K02246	0.17341415211245637	0.8265858478875436
K02248	0.08442564363215332	0.9155743563678467
K02255	0.16847074151926078	0.8315292584807392
K02257	0.2787711091674032	0.7212288908325968
K02279	0.2646477721667987	0.7353522278332013
K02283	0.5006364747075334	0.4993635252924666
K02291	0.6119408293387174	0.38805917066128265
K02297	0.20368817947626494	0.7963118205237351
K02298	0.29719570280528385	0.7028042971947162
K02299	0.02799044545603402	0.972009554543966
K02302	0.07658283097250052	0.9234171690274995
K02304	0.10427599710645397	0.895724002893546
K02313	0.04579284427577146	0.9542071557242285
K02314	0.43523636603734905	0.564763633962651
K02315	0.05027587468714667	0.9497241253128533
K02316	0.1792602758376628	0.8207397241623372
K02317	0.04145859710586319	0.9585414028941368
K02334	0.15302304431313707	0.8469769556868629
K02335	0.9085163064442182	0.09148369355578183
K02336	0.24981816774245635	0.7501818322575436
K02337	0.772868476537713	0.22713152346228704
K02338	0.3830576110764774	0.6169423889235226
K02339	0.2444416822887946	0.7555583177112054
K02340	0.2982628004892842	0.7017371995107158
K02341	0.5504518465010322	0.44954815349896776
K02342	0.2374428486527106	0.7625571513472894
K02343	0.4329237315327773	0.5670762684672227
K02344	0.09921540794913286	0.9007845920508671
K02345	0.06361622833581104	0.936383771664189
K02346	0.2753215191693843	0.7246784808306157
K02348	0.1213896273757098	0.8786103726242902
K02355	0.8065404080984563	0.19345959190154371
K02356	0.5082841632819673	0.49171583671803265
K02357	0.5277459816331558	0.4722540183668442
K02358	0.19139065630397334	0.8086093436960267
K02361	0.7810558246090121	0.21894417539098784
K02362	0.6277796613090773	0.37222033869092275
K02363	0.09673098110480138	0.9032690188951986
K02364	0.9423137984595367	0.05768620154046328
K02371	0.5609762470625597	0.43902375293744034
K02372	0.08898006105841416	0.9110199389415858
K02377	0.9332625551313887	0.06673744486861133
K02379	0.27142050377861515	0.7285794962213848
K02380	0.16463533386722629	0.8353646661327737
K02381	0.17377775431783604	0.826222245682164
K02386	0.2307001412684655	0.7692998587315345
K02387	0.4484197238276688	0.5515802761723312
K02388	0.4665280809058254	0.5334719190941746
K02389	0.296064574874492	0.703935425125508
K02390	0.22706123079281437	0.7729387692071856
K02391	0.2565235655456656	0.7434764344543344
K02392	0.007777758201484408	0.9922222417985156
K02393	0.1289187346104571	0.8710812653895429
K02394	0.015014167853823035	0.984985832146177
K02395	0.08845068225670594	0.9115493177432941
K02396	0.5312366680611356	0.4687633319388645
K02397	0.5763428087114439	0.42365719128855606
K02398	0.6301001841396524	0.3698998158603476
K02400	0.1877954535766343	0.8122045464233657
K02401	0.19341552572368514	0.8065844742763149
K02404	0.7882798205407678	0.21172017945923213
K02405	0.24179495416137697	0.758205045838623
K02406	0.0816198958956722	0.9183801041043278
K02407	0.4930112021120915	0.5069887978879085
K02408	0.6487336761401798	0.3512663238598202
K02409	0.1329743316622779	0.8670256683377221
K02410	0.5024892767984781	0.49751072320152195
K02411	0.3189073183281973	0.6810926816718027
K02412	0.09257950794402459	0.9074204920559754
K02413	0.6060072217734764	0.3939927782265235
K02414	0.3229769555948483	0.6770230444051517
K02416	0.3438396425879866	0.6561603574120134
K02417	0.40322625100387677	0.5967737489961232
K02418	0.42688113124772953	0.5731188687522705
K02419	0.24485948163749505	0.755140518362505
K02420	0.4210235363323529	0.5789764636676471
K02421	0.618468400742155	0.3815315992578449
K02422	0.7237210965470937	0.2762789034529063
K02424	0.17851043207874395	0.821489567921256
K02426	0.6483421811701229	0.35165781882987707
K02427	0.02702820960292296	0.972971790397077
K02428	0.8364241140120937	0.16357588598790632
K02429	0.6562510733796497	0.3437489266203503
K02430	0.039116610129276363	0.9608833898707236
K02431	0.4167575662702807	0.5832424337297193
K02433	0.21151436357866382	0.7884856364213362
K02434	0.5453973638280608	0.4546026361719392
K02435	0.30894099755857096	0.691059002441429
K02436	0.34402962174372176	0.6559703782562782
K02437	0.37064664180387064	0.6293533581961294
K02438	0.6852469833523811	0.3147530166476189
K02439	0.09174274651340553	0.9082572534865945
K02440	0.16835568408608803	0.831644315913912
K02441	0.07299062792055333	0.9270093720794467
K02443	0.024495992008669698	0.9755040079913303
K02444	0.33557561719327555	0.6644243828067244
K02445	0.1987747210976275	0.8012252789023725
K02446	0.12425286549362147	0.8757471345063785
K02450	0.17356670290513243	0.8264332970948676
K02451	0.0995503198049481	0.9004496801950519
K02452	0.11091768672986835	0.8890823132701317
K02453	0.17032419453515213	0.8296758054648479
K02454	0.5850007379405218	0.4149992620594782
K02455	0.08223360610130481	0.9177663938986952
K02456	0.04064408733033631	0.9593559126696637
K02457	0.05793621606979449	0.9420637839302055
K02458	0.028133077161579867	0.9718669228384201
K02459	0.030237696815820003	0.96976230318418
K02460	0.2377165281279694	0.7622834718720306
K02461	0.16272841484826406	0.8372715851517359
K02462	0.3030615165683699	0.6969384834316301
K02464	0.2158557340707553	0.7841442659292447
K02465	0.07996650687274087	0.9200334931272591
K02466	0.41258790786793476	0.5874120921320652
K02467	0.1124514832526321	0.8875485167473679
K02468	0.06000883676983648	0.9399911632301635
K02469	0.35525522329564485	0.6447447767043551
K02470	0.5100912581394441	0.48990874186055594
K02471	0.1956223089994754	0.8043776910005246
K02472	0.8097277828660071	0.19027221713399292
K02473	0.8001810753899805	0.19981892461001946
K02474	0.7087102399565477	0.29128976004345236
K02477	0.4166043821875728	0.5833956178124272
K02478	0.29063399291907976	0.7093660070809202
K02481	0.9650064297895119	0.03499357021048814
K02483	0.30866945834512005	0.69133054165488
K02484	0.22085930567903855	0.7791406943209614
K02485	0.15293517263656387	0.8470648273634361
K02492	0.8656287290666214	0.13437127093337858
K02493	0.3253762486555426	0.6746237513444574
K02494	0.3258742529141778	0.6741257470858222
K02495	0.18720986915697901	0.812790130843021
K02496	0.46788580727643536	0.5321141927235646
K02498	0.37905380606719097	0.620946193932809
K02499	0.489780277225219	0.510219722774781
K02500	0.788296047396674	0.21170395260332595
K02501	0.28783397045088965	0.7121660295491103
K02502	0.10009383105995673	0.8999061689400433
K02503	0.1052718776145144	0.8947281223854856
K02504	0.2114705550338296	0.7885294449661704
K02505	0.3024958883323845	0.6975041116676155
K02506	0.15377589165517058	0.8462241083448294
K02507	0.09812500202244512	0.9018749979775549
K02509	0.5300268499695907	0.4699731500304093
K02510	0.15209912746190557	0.8479008725380944
K02511	0.4106635366810779	0.5893364633189221
K02517	0.729426045116363	0.270573954883637
K02518	0.6285709384758023	0.3714290615241977
K02519	0.33588342490830214	0.6641165750916979
K02520	0.6405358523826208	0.3594641476173792
K02521	0.06744160437971791	0.9325583956202821
K02523	0.44078777515159207	0.5592122248484079
K02525	0.26342061622856816	0.7365793837714318
K02526	0.01478802168212412	0.9852119783178759
K02527	0.4621095815746008	0.5378904184253992
K02528	0.05538639442163762	0.9446136055783624
K02529	0.5215744264800586	0.47842557351994147
K02530	0.22600367301669277	0.7739963269833072
K02531	0.1693825766648278	0.8306174233351722
K02532	0.7232449219614778	0.2767550780385221
K02533	0.6104059007946633	0.3895940992053367
K02535	0.4261993531082441	0.5738006468917559
K02536	0.9320893808124712	0.06791061918752887
K02538	0.13736447146389752	0.8626355285361025
K02548	0.9505007973947286	0.04949920260527135
K02549	0.38275039689758683	0.6172496031024132
K02550	0.08579596842386916	0.9142040315761308
K02551	0.9838365495501508	0.01616345044984921
K02552	0.02590435165121463	0.9740956483487854
K02553	0.13995728832147014	0.8600427116785299
K02554	0.31795693978135986	0.6820430602186401
K02556	0.18488625022270677	0.8151137497772932
K02557	0.7957835625858065	0.2042164374141935
K02558	0.13664611246136116	0.8633538875386388
K02560	0.3622774350203173	0.6377225649796827
K02562	0.4130403052971787	0.5869596947028213
K02563	0.6370129101123247	0.3629870898876752
K02564	0.859663677578628	0.14033632242137198
K02565	0.1147193310093525	0.8852806689906475
K02566	0.03935573451313512	0.9606442654868649
K02567	0.2896901656104618	0.7103098343895382
K02573	0.8506736442276941	0.14932635577230588
K02574	0.13849099736029036	0.8615090026397096
K02575	0.28820888776399023	0.7117911122360098
K02584	0.5995919037698024	0.4004080962301976
K02585	0.8937507035440022	0.10624929645599773
K02587	0.28189567516445435	0.7181043248355456
K02588	0.782007701982808	0.21799229801719194
K02598	0.3600963389153585	0.6399036610846415
K02600	0.6833571115427635	0.31664288845723654
K02601	0.6309264173706965	0.3690735826293034
K02609	0.6015863371071297	0.3984136628928703
K02612	0.20983495799289364	0.7901650420071064
K02613	0.44679222033088484	0.5532077796691152
K02614	0.7263853138993261	0.27361468610067385
K02615	0.09783332403001088	0.9021666759699891
K02616	0.13859452376553205	0.861405476234468
K02618	0.0963929234328228	0.9036070765671772
K02619	0.3858324567790623	0.6141675432209377
K02621	0.6616493737722169	0.3383506262277831
K02622	0.8201906980993607	0.17980930190063923
K02624	0.5756955916367399	0.42430440836326005
K02647	0.011365332581689258	0.9886346674183107
K02650	0.4045493807338574	0.5954506192661426
K02652	0.730183814721489	0.26981618527851103
K02653	0.6420130020488088	0.35798699795119115
K02654	0.1272644044931942	0.8727355955068058
K02662	0.642944685072184	0.35705531492781595
K02669	0.6175905648019266	0.3824094351980734
K02679	0.05422126889225287	0.9457787311077471
K02680	0.4335434617303542	0.5664565382696458
K02682	0.15521313450597873	0.8447868654940213
K02686	0.00919383403396734	0.9908061659660327
K02687	0.8330590774144628	0.16694092258553717
K02688	0.5237330294849146	0.4762669705150854
K02744	0.3650030714654091	0.6349969285345909
K02745	0.6828368777635396	0.31716312223646037
K02746	0.789122856156403	0.210877143843597
K02747	0.4273578851524562	0.5726421148475438
K02749	0.7555643997673853	0.24443560023261468
K02750	0.012794194307449325	0.9872058056925507
K02752	0.16707989691111502	0.832920103088885
K02753	0.0773727138458341	0.9226272861541659
K02755	0.38836509095856464	0.6116349090414354
K02756	0.2248553446011614	0.7751446553988386
K02757	0.3282671166566319	0.6717328833433681
K02759	0.06955255714490083	0.9304474428550992
K02760	0.04379021110225956	0.9562097888977404
K02761	0.09027484844514011	0.9097251515548599
K02768	0.17969140816709794	0.8203085918329021
K02769	0.12215929618285548	0.8778407038171445
K02770	0.1399039307098383	0.8600960692901617
K02771	0.8961676347549159	0.1038323652450841
K02773	0.32833762142729184	0.6716623785727082
K02774	0.041928056527894886	0.9580719434721051
K02775	0.6363942606089023	0.36360573939109775
K02777	0.4466316450022435	0.5533683549977565
K02778	0.10883962844127926	0.8911603715587207
K02779	0.014398264486787493	0.9856017355132125
K02781	0.007301721342012235	0.9926982786579878
K02782	0.047782196846614	0.952217803153386
K02783	0.1552178616239468	0.8447821383760532
K02786	0.18573560153547664	0.8142643984645234
K02787	0.2466144123778864	0.7533855876221136
K02788	0.32611009752374454	0.6738899024762555
K02790	0.278111500644865	0.721888499355135
K02791	0.31390979074965464	0.6860902092503454
K02793	0.28229944419119124	0.7177005558088088
K02794	0.048099455021194726	0.9519005449788053
K02795	0.05904490000863927	0.9409550999913607
K02796	0.3632612485426935	0.6367387514573065
K02798	0.026993989017997322	0.9730060109820027
K02799	0.18235569721129652	0.8176443027887035
K02800	0.14471067509172109	0.8552893249082789
K02802	0.2870150296867364	0.7129849703132636
K02803	0.03272336564112499	0.967276634358875
K02804	0.2008421734352791	0.7991578265647209
K02805	0.12128409222098657	0.8787159077790134
K02806	0.48486946768971273	0.5151305323102873
K02808	0.2520153000941121	0.7479846999058879
K02809	0.10719742686838718	0.8928025731316128
K02810	0.5166634814750577	0.48333651852494236
K02812	0.073293771479646	0.926706228520354
K02813	0.3444412647143067	0.6555587352856933
K02814	0.27531374410027865	0.7246862558997214
K02815	0.06736563484941815	0.9326343651505818
K02818	0.27436024164736006	0.7256397583526399
K02819	0.7728331600485814	0.22716683995141868
K02821	0.07995888512668892	0.9200411148733111
K02822	0.07696271868603233	0.9230372813139677
K02823	0.4342005587777461	0.5657994412222539
K02824	0.4016951959887508	0.5983048040112492
K02825	0.2313934680708002	0.7686065319291998
K02834	0.21539062841834566	0.7846093715816543
K02835	0.4906782375015094	0.5093217624984906
K02836	0.43271612542076376	0.5672838745792362
K02837	0.33816504058912944	0.6618349594108706
K02838	0.16650606479584373	0.8334939352041563
K02839	0.2717067665291836	0.7282932334708164
K02841	0.04865324248196945	0.9513467575180306
K02843	0.581549301123147	0.418450698876853
K02844	0.07400163432174622	0.9259983656782538
K02846	0.731076153977384	0.26892384602261593
K02847	0.2157669082413678	0.7842330917586322
K02848	0.6527392709441873	0.3472607290558128
K02849	0.11261034072862464	0.8873896592713754
K02850	0.6370955268859827	0.3629044731140173
K02851	0.3964364751358661	0.6035635248641339
K02852	0.7330970998184738	0.2669029001815261
K02853	0.2790215800143504	0.7209784199856496
K02854	0.04618653915468807	0.9538134608453119
K02855	0.06671277432183575	0.9332872256781642
K02856	0.7371818198171879	0.2628181801828121
K02858	0.314584314390959	0.685415685609041
K02860	0.6690414985771427	0.3309585014228574
K02863	0.9438553047397622	0.05614469526023779
K02864	0.5794150946920814	0.4205849053079186
K02867	0.2820303304098605	0.7179696695901395
K02871	0.07566900096572293	0.9243309990342771
K02874	0.0765658109235774	0.9234341890764226
K02876	0.38066109784477664	0.6193389021552234
K02878	0.905848692781478	0.09415130721852204
K02879	0.7116184695281588	0.28838153047184123
K02881	0.7357902092219892	0.26420979077801077
K02884	0.5747888237811936	0.42521117621880644
K02886	0.0668033104464395	0.9331966895535605
K02887	0.10514037265261755	0.8948596273473824
K02888	0.5144043111082497	0.4855956888917503
K02890	0.4540430692716412	0.5459569307283588
K02892	0.7353974105707758	0.2646025894292242
K02895	0.6124751597824734	0.38752484021752664
K02897	0.2898099321227069	0.7101900678772931
K02899	0.13896036467213013	0.8610396353278699
K02902	0.016205115305391926	0.9837948846946081
K02904	0.7141169004661216	0.28588309953387836
K02906	0.08709802292308677	0.9129019770769132
K02907	0.31990929146289715	0.6800907085371029
K02909	0.7723789613110701	0.22762103868892997
K02911	0.34561119190274603	0.654388808097254
K02913	0.5892368747466997	0.4107631252533003
K02914	0.2985021199532819	0.7014978800467181
K02916	0.6431413151685512	0.3568586848314487
K02919	0.7904874897970824	0.20951251020291756
K02926	0.34439489879435514	0.6556051012056449
K02931	0.2656459489710592	0.7343540510289408
K02933	0.252630524605885	0.747369475394115
K02935	0.039792828572992156	0.9602071714270078
K02939	0.7578354983743815	0.24216450162561853
K02945	0.5188453186239521	0.48115468137604783
K02946	0.7872029482079812	0.21279705179201885
K02948	0.8520690507261408	0.14793094927385922
K02950	0.39888057994233606	0.601119420057664
K02952	0.08112055319819511	0.9188794468018049
K02954	0.18055493661060995	0.81944506338939
K02956	0.8991759112104935	0.10082408878950651
K02959	0.48500429857657257	0.5149957014234274
K02961	0.5732138722167176	0.4267861277832824
K02963	0.9033732299142969	0.09662677008570313
K02965	0.13119682594755022	0.8688031740524498
K02967	0.3721083980138945	0.6278916019861055
K02968	0.47777308292030785	0.5222269170796922
K02970	0.7643426530987003	0.23565734690129972
K02982	0.7510819179491083	0.24891808205089172
K02986	0.19224644779113942	0.8077535522088606
K02988	0.776254408091021	0.223745591908979
K02990	0.03836440958031939	0.9616355904196806
K02992	0.7915961411088255	0.2084038588911745
K02994	0.7390950602969196	0.2609049397030804
K02996	0.4250769542077537	0.5749230457922463
K03040	0.8830199800169409	0.11698001998305907
K03043	0.2542797349275654	0.7457202650724346
K03046	0.6196694007464145	0.38033059925358553
K03048	0.1382166824603126	0.8617833175396874
K03060	0.2504606068057549	0.7495393931942451
K03070	0.8847063751080796	0.11529362489192042
K03071	0.05951033941355799	0.940489660586442
K03072	0.08560952726893589	0.9143904727310641
K03073	0.2122583762268282	0.7877416237731718
K03074	0.8951678006150535	0.10483219938494652
K03075	0.35099384527973976	0.6490061547202602
K03076	0.3798833664489829	0.6201166335510171
K03077	0.015012535569220664	0.9849874644307793
K03078	0.057703149003681675	0.9422968509963183
K03079	0.4011783027037402	0.5988216972962598
K03086	0.19564509974441824	0.8043549002555818
K03087	0.12627642120526883	0.8737235787947312
K03088	0.9160640896192993	0.0839359103807007
K03089	0.05722353780445699	0.942776462195543
K03090	0.12390976872667492	0.8760902312733251
K03091	0.21572466512319266	0.7842753348768073
K03092	0.8716544922067878	0.12834550779321222
K03098	0.7456735361922845	0.2543264638077155
K03100	0.6582716905298691	0.34172830947013094
K03101	0.5125405945784034	0.48745940542159655
K03106	0.34186780834865815	0.6581321916513418
K03110	0.657161633909314	0.34283836609068596
K03111	0.3827700852177903	0.6172299147822097
K03112	0.12981909740642383	0.8701809025935762
K03113	0.19536504029240387	0.8046349597075961
K03116	0.40585473115947557	0.5941452688405244
K03117	0.6192460195919715	0.38075398040802855
K03118	0.12817896267591122	0.8718210373240888
K03119	0.09702064311780068	0.9029793568821993
K03147	0.3291869390262485	0.6708130609737515
K03148	0.08095380558326959	0.9190461944167304
K03149	0.9086418595861067	0.09135814041389338
K03150	0.49135105197529183	0.5086489480247082
K03151	0.17152454971646358	0.8284754502835364
K03152	0.6516184028343148	0.3483815971656852
K03154	0.13614279939523655	0.8638572006047635
K03168	0.42638705438242963	0.5736129456175704
K03169	0.434061830128587	0.565938169871413
K03177	0.8662701736690179	0.13372982633098204
K03179	0.5942429583017692	0.40575704169823074
K03181	0.10331305329587215	0.8966869467041279
K03182	0.053005111331221655	0.9469948886687783
K03183	0.7308234357156707	0.2691765642843293
K03184	0.40350617268155775	0.5964938273184422
K03185	0.11267078843315514	0.8873292115668449
K03186	0.054674210068357265	0.9453257899316427
K03187	0.10912558390802363	0.8908744160919764
K03188	0.2850734509057502	0.7149265490942498
K03189	0.28797629723916385	0.7120237027608362
K03190	0.20320243063011523	0.7967975693698848
K03191	0.567625840072878	0.4323741599271221
K03199	0.18911379610414658	0.8108862038958534
K03205	0.9069590713475532	0.09304092865244683
K03208	0.06317960798939926	0.9368203920106007
K03210	0.6325516658875319	0.3674483341124682
K03212	0.31483154252238055	0.6851684574776195
K03214	0.4195756849112512	0.5804243150887488
K03215	0.4822846296765161	0.5177153703234839
K03216	0.037441537367279176	0.9625584626327208
K03217	0.9375833102471239	0.062416689752876044
K03218	0.8424994398438316	0.15750056015616845
K03269	0.330906927408797	0.669093072591203
K03270	0.3882948870201124	0.6117051129798876
K03271	0.834416158373983	0.16558384162601705
K03272	0.32146708782218236	0.6785329121778176
K03273	0.36607072708458854	0.6339292729154115
K03274	0.024139253602622923	0.9758607463973771
K03275	0.35030849500133066	0.6496915049986693
K03276	0.4508136343861199	0.5491863656138801
K03281	0.6195243499558867	0.3804756500441134
K03282	0.5214530585262843	0.4785469414737157
K03284	0.09344248086275708	0.9065575191372429
K03286	0.7863370370178733	0.21366296298212675
K03288	0.06748128587686952	0.9325187141231305
K03289	0.40137690572101814	0.5986230942789819
K03290	0.39414250089664615	0.6058574991033538
K03291	0.18265263140930577	0.8173473685906942
K03292	0.11002616462222048	0.8899738353777795
K03293	0.7415674908515912	0.2584325091484088
K03294	0.6758931322364827	0.32410686776351727
K03296	0.7781292060415035	0.22187079395849654
K03297	0.33677306980738153	0.6632269301926185
K03299	0.055758648681806466	0.9442413513181935
K03300	0.3766343275955637	0.6233656724044363
K03303	0.8136858832904478	0.18631411670955222
K03304	0.054313998193288526	0.9456860018067115
K03305	0.7796869675221104	0.2203130324778896
K03306	0.2908454225987229	0.7091545774012771
K03307	0.8960512302415483	0.10394876975845166
K03308	0.6498429810227655	0.3501570189772345
K03310	0.09080701858067552	0.9091929814193245
K03311	0.06737964436218014	0.9326203556378199
K03312	0.7351118807236294	0.2648881192763706
K03313	0.838777662053386	0.161222337946614
K03314	0.10556844342661076	0.8944315565733892
K03315	0.6768909405223774	0.3231090594776226
K03316	0.5301860738339269	0.4698139261660731
K03317	0.9069633549466678	0.09303664505333217
K03319	0.5689340661314652	0.4310659338685348
K03320	0.15690193900921245	0.8430980609907875
K03321	0.679873730722001	0.32012626927799903
K03322	0.43249302559506386	0.5675069744049361
K03324	0.3045442542906499	0.6954557457093501
K03325	0.31512833277778396	0.684871667222216
K03326	0.7742159006298839	0.22578409937011615
K03327	0.869435035300468	0.13056496469953208
K03328	0.6867952343702098	0.31320476562979016
K03329	0.28147742965598666	0.7185225703440133
K03332	0.9566444874744497	0.04335551252555023
K03335	0.08550028399464538	0.9144997160053546
K03336	0.3734489125724605	0.6265510874275395
K03337	0.021334941768365923	0.9786650582316341
K03338	0.19183908570513464	0.8081609142948654
K03340	0.1237953343848548	0.8762046656151452
K03342	0.19370796493882758	0.8062920350611724
K03346	0.3218324868372965	0.6781675131627035
K03366	0.3952611414217373	0.6047388585782627
K03367	0.2680556561628674	0.7319443438371326
K03381	0.055909279782149435	0.9440907202178506
K03382	0.3212819792683095	0.6787180207316905
K03385	0.8071410749127658	0.1928589250872342
K03386	0.5384687576915508	0.4615312423084492
K03387	0.6904967262966042	0.3095032737033958
K03394	0.5256012290061496	0.47439877099385047
K03399	0.43321056915000233	0.5667894308499977
K03402	0.12365492256321431	0.8763450774367857
K03404	0.6101861632020389	0.38981383679796117
K03405	0.9411814634431923	0.05881853655680772
K03406	0.838924246556751	0.16107575344324904
K03407	0.1851458532212905	0.8148541467787095
K03408	0.038555992274955875	0.9614440077250441
K03410	0.7005902326420639	0.2994097673579361
K03411	0.13718236312461252	0.8628176368753875
K03412	0.09057023567452183	0.9094297643254782
K03413	0.7387113268145458	0.2612886731854543
K03415	0.6550014881931634	0.3449985118068366
K03417	0.4700130893402126	0.5299869106597874
K03424	0.3015985107898971	0.6984014892101029
K03426	0.73047151595407	0.26952848404593005
K03427	0.6645636541297371	0.3354363458702629
K03429	0.5115142889823404	0.4884857110176596
K03430	0.35841815148204437	0.6415818485179556
K03431	0.05982514290588059	0.9401748570941194
K03435	0.2760673666055574	0.7239326333944426
K03436	0.5942937894267599	0.40570621057324
K03437	0.6261468193842543	0.3738531806157457
K03438	0.435780690178569	0.564219309821431
K03439	0.5100028554105316	0.48999714458946847
K03442	0.6397919399076486	0.3602080600923514
K03444	0.355018245618276	0.644981754381724
K03445	0.11926614263686086	0.8807338573631391
K03446	0.4690789181483205	0.5309210818516795
K03449	0.1844197809712974	0.8155802190287026
K03451	0.2659514175771396	0.7340485824228604
K03453	0.8252721512125931	0.1747278487874069
K03455	0.7059077914079986	0.29409220859200136
K03457	0.762077030882695	0.23792296911730504
K03458	0.18352946017680083	0.8164705398231992
K03462	0.1562698527912999	0.8437301472087001
K03465	0.4391057544270256	0.5608942455729744
K03466	0.08601466929334611	0.9139853307066539
K03468	0.34670926012966397	0.653290739870336
K03469	0.17930115283307735	0.8206988471669227
K03470	0.10879275366789443	0.8912072463321056
K03471	0.2931326686822645	0.7068673313177355
K03472	0.0968765032332689	0.9031234967667311
K03473	0.6607349511071097	0.3392650488928903
K03474	0.4412132057034994	0.5587867942965006
K03475	0.34780798654722367	0.6521920134527763
K03476	0.6980211049329532	0.30197889506704684
K03477	0.22973182872899023	0.7702681712710098
K03478	0.09555940697811804	0.904440593021882
K03480	0.6999309160168301	0.30006908398316995
K03481	0.8961070844599754	0.1038929155400245
K03482	0.2344683641837776	0.7655316358162224
K03483	0.3473340162429901	0.6526659837570099
K03484	0.0975594816618871	0.9024405183381129
K03485	0.09245456832037202	0.907545431679628
K03486	0.1265874059557892	0.8734125940442108
K03487	0.015135618748165047	0.984864381251835
K03488	0.03408346531766426	0.9659165346823357
K03489	0.5413598116010745	0.4586401883989255
K03490	0.305653762483419	0.694346237516581
K03491	0.13703927083375267	0.8629607291662473
K03492	0.17858721758853013	0.8214127824114699
K03495	0.6197212555916791	0.3802787444083209
K03496	0.14292165901372744	0.8570783409862726
K03497	0.13986654903671414	0.8601334509632859
K03498	0.5577437367059978	0.44225626329400225
K03499	0.8504661706668545	0.1495338293331455
K03500	0.11689331227600808	0.8831066877239919
K03501	0.06276599405319139	0.9372340059468086
K03502	0.10756722845294431	0.8924327715470557
K03503	0.15187680415285032	0.8481231958471497
K03517	0.4496198725412466	0.5503801274587534
K03518	0.20769780972403218	0.7923021902759678
K03521	0.6491921475892352	0.35080785241076484
K03522	0.6418667061802538	0.35813329381974623
K03523	0.22072281194816668	0.7792771880518333
K03524	0.11889525621929564	0.8811047437807044
K03525	0.14562170113936534	0.8543782988606347
K03526	0.9879589654026786	0.01204103459732137
K03527	0.8872301531140838	0.11276984688591613
K03528	0.27872991715256556	0.7212700828474344
K03529	0.34236038280842307	0.6576396171915769
K03530	0.9814632029344704	0.018536797065529572
K03531	0.8950589404710285	0.10494105952897147
K03532	0.5128904639868899	0.4871095360131101
K03534	0.8346476837131763	0.1653523162868237
K03535	0.39430032957405936	0.6056996704259406
K03536	0.17275354551497724	0.8272464544850228
K03543	0.8719504624711205	0.12804953752887946
K03544	0.09160340034115078	0.9083965996588492
K03545	0.32500169997207673	0.6749983000279233
K03546	0.6423320279865334	0.35766797201346656
K03547	0.5414121176075902	0.4585878823924098
K03548	0.16430921216478522	0.8356907878352148
K03549	0.42516330480687414	0.5748366951931259
K03550	0.5499365284134841	0.450063471586516
K03551	0.23939369226784823	0.7606063077321518
K03553	0.19305116801201616	0.8069488319879838
K03554	0.008923930229436272	0.9910760697705637
K03555	0.3322485755397303	0.6677514244602697
K03556	0.2086265335733709	0.7913734664266291
K03557	0.5531697254081863	0.4468302745918137
K03558	0.8897444881285973	0.11025551187140273
K03559	0.8019120644441461	0.19808793555585394
K03560	0.2076536896739576	0.7923463103260424
K03561	0.913339370263173	0.08666062973682696
K03562	0.09711217471877431	0.9028878252812257
K03563	0.15907146179542297	0.840928538204577
K03564	0.23378684675753125	0.7662131532424687
K03565	0.0865763823980189	0.9134236176019811
K03566	0.15650036975623394	0.8434996302437661
K03567	0.016436014859505632	0.9835639851404944
K03568	0.2339044628933017	0.7660955371066983
K03569	0.6687710819973196	0.33122891800268034
K03570	0.8871202218327136	0.11287977816728642
K03571	0.13065906231599922	0.8693409376840008
K03572	0.7626848540077168	0.23731514599228323
K03573	0.195281427919075	0.804718572080925
K03574	0.6473584305368061	0.3526415694631939
K03575	0.09588075715020705	0.904119242849793
K03576	0.14171135813546742	0.8582886418645326
K03577	0.1501989104477559	0.8498010895522441
K03578	0.4983540498588179	0.5016459501411821
K03579	0.2431068471518304	0.7568931528481696
K03580	0.27283150733874995	0.72716849266125
K03581	0.19024984718255133	0.8097501528174487
K03582	0.6420607177644295	0.3579392822355704
K03583	0.046045302141449085	0.9539546978585509
K03584	0.6014688351173707	0.39853116488262924
K03585	0.7956319659233184	0.20436803407668158
K03587	0.8739027877460201	0.12609721225397985
K03588	0.5171098088116581	0.4828901911883418
K03589	0.5296945654706322	0.47030543452936785
K03590	0.14550454480290997	0.85449545519709
K03591	0.1761266473034957	0.8238733526965043
K03592	0.3330014229996847	0.6669985770003153
K03593	0.25374665013433295	0.746253349865667
K03594	0.6294755622946104	0.3705244377053896
K03595	0.7383687167981613	0.2616312832018387
K03596	0.5700650516530446	0.4299349483469554
K03597	0.04090188169213782	0.9590981183078622
K03598	0.39761073583097295	0.602389264169027
K03599	0.6214969861848098	0.37850301381519025
K03600	0.03275875338247625	0.9672412466175238
K03601	0.5878227847022426	0.41217721529775747
K03602	0.06598836740329705	0.934011632596703
K03603	0.022624370375369796	0.9773756296246302
K03604	0.15688274080662756	0.8431172591933724
K03605	0.5828807871250125	0.41711921287498754
K03606	0.696769025342995	0.30323097465700505
K03607	0.14802883130440914	0.8519711686955909
K03608	0.27672390642359357	0.7232760935764064
K03609	0.4969873411326031	0.5030126588673969
K03610	0.3391209994617641	0.6608790005382359
K03611	0.2674686657991293	0.7325313342008707
K03612	0.8523768954496758	0.14762310455032426
K03613	0.23753083238851436	0.7624691676114856
K03614	0.6810772740789073	0.3189227259210927
K03615	0.03400597064944333	0.9659940293505567
K03616	0.6418035994401332	0.3581964005598668
K03617	0.413106131847192	0.586893868152808
K03618	0.2817701464692709	0.7182298535307291
K03620	0.6496489943939622	0.3503510056060378
K03621	0.8618492650231997	0.1381507349768003
K03624	0.12284272151170494	0.8771572784882951
K03625	0.6064872577249782	0.3935127422750217
K03628	0.1759909205597222	0.8240090794402778
K03629	0.311341222533133	0.688658777466867
K03630	0.5601447101274901	0.4398552898725099
K03631	0.19233579906706566	0.8076642009329343
K03632	0.5529830952861478	0.44701690471385225
K03633	0.4891734628034664	0.5108265371965336
K03634	0.013928758285872367	0.9860712417141276
K03635	0.07558389009888566	0.9244161099011143
K03637	0.3843299459396943	0.6156700540603057
K03638	0.06757255092318548	0.9324274490768145
K03639	0.11291366142291992	0.8870863385770801
K03640	0.6686355690296251	0.3313644309703749
K03641	0.2156774741454286	0.7843225258545714
K03642	0.41599683366610385	0.5840031663338962
K03643	0.033825486845112995	0.966174513154887
K03644	0.4556663325941449	0.5443336674058551
K03645	0.238401133522397	0.761598866477603
K03646	0.1226224458673203	0.8773775541326797
K03647	0.22499866746078556	0.7750013325392144
K03648	0.5117452506671621	0.48825474933283786
K03649	0.5641371615977346	0.4358628384022653
K03650	0.8462670489022892	0.15373295109771073
K03651	0.18384363979290685	0.8161563602070931
K03654	0.9413106001334549	0.058689399866545096
K03655	0.07968392257438506	0.9203160774256149
K03656	0.13158869236869286	0.8684113076313071
K03657	0.46147310328331437	0.5385268967166856
K03658	0.049532736005715505	0.9504672639942845
K03660	0.4441368172060123	0.5558631827939877
K03664	0.2667033787386771	0.7332966212613229
K03665	0.2009826871148842	0.7990173128851158
K03666	0.12928826020452955	0.8707117397954705
K03667	0.17385766223106813	0.8261423377689319
K03669	0.4240253124948248	0.5759746875051752
K03670	0.22579483375911902	0.774205166240881
K03671	0.7930911159750766	0.20690888402492338
K03672	0.17591413582276827	0.8240858641772317
K03673	0.07358838920928756	0.9264116107907124
K03674	0.650308088495829	0.34969191150417106
K03675	0.05091231193416779	0.9490876880658322
K03683	0.08250387117121938	0.9174961288287806
K03684	0.5125000420195217	0.4874999579804783
K03685	0.1556728187540557	0.8443271812459443
K03686	0.8212401286208271	0.17875987137917299
K03687	0.6749236845701441	0.32507631542985593
K03688	0.16554812430734767	0.8344518756926523
K03690	0.5217474619334459	0.47825253806655416
K03693	0.06530294289562655	0.9346970571043735
K03694	0.23236534157241473	0.7676346584275853
K03695	0.6654184425494725	0.33458155745052753
K03696	0.6256945860268113	0.3743054139731888
K03697	0.6702062717237173	0.3297937282762827
K03698	0.04540552359594052	0.9545944764040595
K03699	0.6521356775352365	0.3478643224647635
K03700	0.14737168062804062	0.8526283193719594
K03701	0.7122601927727248	0.2877398072272752
K03702	0.5355659955160725	0.46443400448392747
K03703	0.14497071930243488	0.8550292806975651
K03704	0.05846620366439592	0.9415337963356041
K03705	0.18113527994997913	0.8188647200500209
K03706	0.26959921115358476	0.7304007888464152
K03707	0.596069809564066	0.4039301904359341
K03708	0.2760668780139818	0.7239331219860182
K03710	0.4712824323985869	0.5287175676014131
K03711	0.15185089646283467	0.8481491035371653
K03712	0.08870749319025195	0.911292506809748
K03716	0.26928279089842755	0.7307172091015725
K03717	0.565366739160502	0.4346332608394981
K03718	0.9969925473515644	0.003007452648435633
K03719	0.7337523441179862	0.2662476558820138
K03720	0.49444408540296103	0.505555914597039
K03721	0.05627863235721764	0.9437213676427824
K03722	0.2500851425949735	0.7499148574050265
K03723	0.16704826541594098	0.832951734584059
K03724	0.704502992401561	0.295497007598439
K03727	0.30851526538377216	0.6914847346162278
K03732	0.019357669670184152	0.9806423303298158
K03733	0.9245268932171299	0.0754731067828701
K03734	0.47260399236982387	0.5273960076301761
K03735	0.26129188072462406	0.7387081192753759
K03736	0.42193872116187736	0.5780612788381226
K03737	0.5335445421358969	0.46645545786410314
K03738	0.6100362703009239	0.3899637296990761
K03739	0.48903247842086084	0.5109675215791392
K03740	0.2316109372113374	0.7683890627886626
K03741	0.9482410023672163	0.0517589976327837
K03742	0.2693292682542824	0.7306707317457176
K03743	0.76414344674271	0.23585655325729007
K03744	0.796239908836767	0.20376009116323304
K03746	0.014767427803637156	0.9852325721963628
K03747	0.14208966609701734	0.8579103339029827
K03748	0.804457860865611	0.19554213913438898
K03749	0.21837220112278977	0.7816277988772102
K03750	0.017884527033487863	0.9821154729665121
K03752	0.22497359202999268	0.7750264079700073
K03753	0.08512226019908808	0.9148777398009119
K03755	0.023555167171498193	0.9764448328285018
K03756	0.03081430131573637	0.9691856986842636
K03757	0.3349508683790069	0.6650491316209931
K03758	0.19685243241854522	0.8031475675814548
K03759	0.11785182363625668	0.8821481763637433
K03760	0.11845499486817879	0.8815450051318212
K03761	0.6174909116861763	0.3825090883138237
K03762	0.472311629146436	0.527688370853564
K03763	0.46429533265510525	0.5357046673448947
K03764	0.4505779487719017	0.5494220512280983
K03765	0.3180455494258715	0.6819544505741285
K03767	0.16204342132257188	0.8379565786774281
K03768	0.2819662931671345	0.7180337068328655
K03769	0.11528198248218824	0.8847180175178118
K03770	0.9702060678531094	0.02979393214689059
K03771	0.8943934835011379	0.10560651649886212
K03772	0.1835769367093465	0.8164230632906535
K03773	0.9152572205598445	0.08474277944015556
K03774	0.139844727388044	0.860155272611956
K03775	0.6023048197467586	0.3976951802532414
K03776	0.005772385598391883	0.9942276144016081
K03777	0.11252648895283857	0.8874735110471614
K03778	0.8279497866308443	0.17205021336915566
K03779	0.2985210514141592	0.7014789485858408
K03780	0.049498611811295445	0.9505013881887046
K03781	0.24240257757448225	0.7575974224255178
K03782	0.09819248366213174	0.9018075163378683
K03783	0.16653838477568494	0.8334616152243151
K03784	0.2344760182824761	0.7655239817175239
K03785	0.49356458362744615	0.5064354163725538
K03786	0.5901689395741256	0.4098310604258744
K03787	0.43961926343702085	0.5603807365629792
K03788	0.15020511491020627	0.8497948850897937
K03789	0.5414054158299779	0.458594584170022
K03790	0.22028734797764982	0.7797126520223502
K03796	0.16313141939210607	0.8368685806078939
K03797	0.8544795437858506	0.1455204562141494
K03798	0.025018869223232487	0.9749811307767675
K03799	0.489247048338034	0.510752951661966
K03800	0.788656631679176	0.211343368320824
K03801	0.9737225831160445	0.02627741688395542
K03802	0.5724239516401987	0.42757604835980134
K03803	0.9612085392322287	0.0387914607677713
K03804	0.09186501069148845	0.9081349893085116
K03805	0.012651696168891613	0.9873483038311084
K03806	0.278264436056488	0.721735563943512
K03807	0.05396888402761202	0.946031115972388
K03808	0.029486694459057494	0.9705133055409425
K03809	0.05598919752503961	0.9440108024749604
K03810	0.13401776172585067	0.8659822382741493
K03811	0.4517884065603015	0.5482115934396985
K03813	0.35350035458890905	0.646499645411091
K03814	0.891310202081275	0.10868979791872499
K03815	0.028280757803361478	0.9717192421966385
K03816	0.22217193839409421	0.7778280616059058
K03817	0.40145632532129916	0.5985436746787008
K03818	0.31652319563858566	0.6834768043614143
K03819	0.057412199633836036	0.942587800366164
K03820	0.2443447574352886	0.7556552425647114
K03823	0.18132615403062458	0.8186738459693754
K03824	0.23731427715248532	0.7626857228475147
K03825	0.3293580457681884	0.6706419542318116
K03826	0.2831084794475561	0.7168915205524439
K03827	0.8997167295860339	0.10028327041396608
K03828	0.15212702482271534	0.8478729751772847
K03829	0.10386496373252396	0.896135036267476
K03830	0.5980249526627444	0.4019750473372557
K03831	0.2678222138619162	0.7321777861380838
K03832	0.9473672674178159	0.05263273258218416
K03833	0.6127727857178269	0.3872272142821731
K03834	0.26553240379823906	0.7344675962017609
K03835	0.19480183126213058	0.8051981687378694
K03836	0.2767511906898916	0.7232488093101084
K03837	0.10224982193619159	0.8977501780638084
K03838	0.12600081767940574	0.8739991823205943
K03839	0.9702114552903597	0.029788544709640343
K03840	0.16444284322676328	0.8355571567732367
K03841	0.07722479019099515	0.9227752098090048
K03855	0.20642145291840008	0.7935785470815999
K03856	0.16964848947756195	0.830351510522438
K03885	0.23423235343645255	0.7657676465635475
K03892	0.03822877015683779	0.9617712298431622
K03893	0.21872931360471004	0.78127068639529
K03894	0.4615360794351393	0.5384639205648607
K03895	0.08148102627241816	0.9185189737275818
K03896	0.19651496545918468	0.8034850345408153
K03897	0.016050713656390214	0.9839492863436098
K03919	0.017844567364461827	0.9821554326355382
K03923	0.053738338288025544	0.9462616617119745
K03924	0.5106344333510411	0.48936556664895897
K03925	0.3753016700507045	0.6246983299492955
K03926	0.30467641009660795	0.695323589903392
K03929	0.6599732971953702	0.3400267028046297
K03930	0.6575997947116283	0.3424002052883717
K03931	0.3116986029568125	0.6883013970431875
K03969	0.4694164681628634	0.5305835318371366
K03973	0.15234986906995518	0.8476501309300448
K03974	0.21528348360837068	0.7847165163916293
K03975	0.4991320986922121	0.5008679013077879
K03976	0.9675418086843214	0.03245819131567865
K03977	0.7564043894990738	0.24359561050092618
K03978	0.13854455115878117	0.8614554488412188
K03979	0.9653936212632549	0.03460637873674512
K03980	0.6654938465683298	0.3345061534316702
K03981	0.027553614298288065	0.9724463857017119
K04013	0.3557859086938667	0.6442140913061333
K04014	0.04466797077512552	0.9553320292248745
K04015	0.25642484786337616	0.7435751521366238
K04016	0.08951190731716263	0.9104880926828374
K04019	0.03705662972305468	0.9629433702769453
K04020	0.6375173063269077	0.36248269367309227
K04021	0.7823151594856543	0.21768484051434564
K04022	0.03957175308681116	0.9604282469131888
K04023	0.5701395335677283	0.4298604664322717
K04024	0.29833905699655006	0.7016609430034499
K04025	0.44304454120012715	0.5569554587998728
K04026	0.11586935359946537	0.8841306464005346
K04027	0.051036769328404064	0.9489632306715959
K04028	0.08600009912586937	0.9139999008741306
K04029	0.05723593429626128	0.9427640657037387
K04030	0.10666936977281394	0.8933306302271861
K04031	0.272822375933509	0.727177624066491
K04032	0.05686031398347102	0.943139686016529
K04033	0.3895164610570978	0.6104835389429022
K04041	0.022687793781810628	0.9773122062181894
K04042	0.043669907214078485	0.9563300927859215
K04043	0.5143219076021982	0.4856780923978018
K04044	0.24606341628278872	0.7539365837172113
K04045	0.21465519110403586	0.7853448088959641
K04046	0.11771065323228036	0.8822893467677196
K04047	0.6096751564849019	0.3903248435150981
K04061	0.7313687195423766	0.2686312804576234
K04063	0.5540383323577579	0.4459616676422421
K04064	0.13369543925035765	0.8663045607496423
K04065	0.2776890311965283	0.7223109688034717
K04066	0.645790707293239	0.35420929270676105
K04068	0.10591170814945539	0.8940882918505446
K04069	0.03954400153167836	0.9604559984683216
K04070	0.1367596683957445	0.8632403316042555
K04072	0.1671087323691981	0.8328912676308019
K04073	0.3560850661891657	0.6439149338108343
K04074	0.2716719254632728	0.7283280745367272
K04075	0.9201780549736212	0.07982194502637882
K04077	0.03585791152142259	0.9641420884785774
K04078	0.12786517368239947	0.8721348263176005
K04079	0.29377831266637444	0.7062216873336256
K04080	0.4735431225200786	0.5264568774799214
K04081	0.11704269909604226	0.8829573009039577
K04082	0.38845491916525554	0.6115450808347445
K04083	0.1527691889212588	0.8472308110787412
K04084	0.7627932361059232	0.23720676389407677
K04086	0.6596690590489352	0.34033094095106475
K04087	0.20087588168613535	0.7991241183138647
K04088	0.163656050059108	0.836343949940892
K04091	0.0334972665026928	0.9665027334973072
K04092	0.02564058599447605	0.974359414005524
K04094	0.2611679851968869	0.7388320148031131
K04095	0.0665235377871336	0.9334764622128664
K04096	0.8539078318335522	0.14609216816644782
K04103	0.5393208318874039	0.4606791681125962
K04127	0.18066473468174438	0.8193352653182556
K04333	0.23341010992990263	0.7665898900700974
K04477	0.24823960648871468	0.7517603935112853
K04485	0.8355441479771653	0.16445585202283478
K04486	0.862503332869627	0.13749666713037298
K04487	0.16714498841118774	0.8328550115888123
K04488	0.4243830149809108	0.5756169850190892
K04516	0.9870559544611166	0.012944045538883406
K04517	0.5826301393516922	0.41736986064830783
K04518	0.749801796938113	0.25019820306188695
K04562	0.6804825013832304	0.3195174986167696
K04564	0.8849375974346774	0.11506240256532262
K04565	0.07192148929765385	0.9280785107023461
K04567	0.6074320129168388	0.3925679870831612
K04568	0.43338403677400994	0.5666159632259901
K04651	0.2275642576123419	0.7724357423876581
K04652	0.3059846424907037	0.6940153575092963
K04653	0.556548672763022	0.44345132723697805
K04654	0.4029495319729569	0.5970504680270431
K04655	0.6943535559614303	0.30564644403856966
K04656	0.27877841691179506	0.7212215830882049
K04691	0.4307424234110234	0.5692575765889766
K04720	0.6406963214894312	0.35930367851056877
K04744	0.33109862135259815	0.6689013786474018
K04749	0.7878388784760431	0.212161121523957
K04750	0.21994776351346856	0.7800522364865314
K04751	0.252848467978828	0.747151532021172
K04753	0.07321578103444715	0.9267842189655529
K04754	0.012421951314158686	0.9875780486858413
K04755	0.40880548265329475	0.5911945173467053
K04758	0.9111875057896809	0.08881249421031914
K04759	0.3645135174332764	0.6354864825667236
K04760	0.021142751771476953	0.978857248228523
K04761	0.7133205800909488	0.28667941990905127
K04762	0.7698392998567634	0.2301607001432366
K04763	0.3561937451789744	0.6438062548210256
K04765	0.133186664041258	0.866813335958742
K04767	0.03158805600550252	0.9684119439944975
K04769	0.0770027958470807	0.9229972041529193
K04770	0.04726466689236575	0.9527353331076343
K04771	0.3396700852884966	0.6603299147115034
K04772	0.028810521390134736	0.9711894786098653
K04773	0.5563225180290976	0.44367748197090245
K04774	0.02511383231698605	0.974886167683014
K04775	0.1031866588041539	0.8968133411958461
K04781	0.013069497581522871	0.9869305024184771
K04783	0.07712607411789929	0.9228739258821007
K04784	0.27193722144663124	0.7280627785533688
K04785	0.014855667873722389	0.9851443321262776
K04786	0.6551245819977346	0.3448754180022654
K04835	0.38561657283364126	0.6143834271663587
K04844	0.0513759503166642	0.9486240496833358
K05020	0.15482126111548888	0.8451787388845111
K05245	0.44180644291990534	0.5581935570800947
K05275	0.15867358419427546	0.8413264158057245
K05297	0.3249369768221665	0.6750630231778335
K05306	0.3939430807740738	0.6060569192259262
K05311	0.6450985257634467	0.3549014742365533
K05337	0.5831359206366027	0.41686407936339737
K05340	0.6669683488086452	0.3330316511913548
K05341	0.056747251468194926	0.9432527485318051
K05342	0.38280341292015296	0.617196587079847
K05343	0.2090917278482486	0.7909082721517514
K05346	0.42243106217946624	0.5775689378205338
K05349	0.9533012877176762	0.046698712282323765
K05350	0.2022847610165952	0.7977152389834048
K05351	0.4705240238507592	0.5294759761492408
K05352	0.5895278353959192	0.4104721646040807
K05358	0.025773966547297245	0.9742260334527028
K05362	0.558905710823637	0.4410942891763629
K05363	0.15795365792188942	0.8420463420781106
K05364	0.9212813652198012	0.07871863478019885
K05365	0.30427372151699505	0.695726278483005
K05366	0.23100562439290562	0.7689943756070944
K05367	0.34336070367067895	0.656639296329321
K05368	0.10006211026170475	0.8999378897382952
K05372	0.4547599845406255	0.5452400154593745
K05373	0.32986601761604006	0.6701339823839599
K05374	0.2848659397414658	0.7151340602585342
K05396	0.12982207975041904	0.870177920249581
K05499	0.365227243007579	0.634772756992421
K05501	0.0525349076805951	0.9474650923194049
K05515	0.5216087985210178	0.4783912014789822
K05516	0.5461007374381388	0.4538992625618612
K05517	0.22551656706618373	0.7744834329338163
K05520	0.539873095811533	0.46012690418846697
K05522	0.4281032927886468	0.5718967072113532
K05523	0.2812576653600749	0.7187423346399251
K05524	0.46152003021585675	0.5384799697841433
K05526	0.03967029390169008	0.9603297060983099
K05527	0.18078259600674018	0.8192174039932598
K05539	0.10231540577167353	0.8976845942283265
K05540	0.07750742559616408	0.9224925744038359
K05541	0.1962710679486077	0.8037289320513923
K05549	0.08437442253909155	0.9156255774609084
K05550	0.14533334540474097	0.854666654595259
K05566	0.25380718688011417	0.7461928131198858
K05568	0.4669589421547027	0.5330410578452973
K05589	0.10251269687491915	0.8974873031250808
K05590	0.24278807436465455	0.7572119256353455
K05591	0.07979330695847042	0.9202066930415296
K05592	0.08447323106091831	0.9155267689390817
K05593	0.7209643037226469	0.27903569627735314
K05595	0.8603516877692952	0.13964831223070479
K05596	0.1956264931263595	0.8043735068736405
K05601	0.36837492986953113	0.6316250701304689
K05606	0.7171582732307282	0.2828417267692717
K05685	0.12337412413533555	0.8766258758646644
K05712	0.5858755539828002	0.4141244460171998
K05774	0.09059176068717956	0.9094082393128204
K05775	0.2053659933686116	0.7946340066313884
K05776	0.45011555307041873	0.5498844469295813
K05777	0.63650301176081	0.36349698823918997
K05778	0.028235062830713864	0.9717649371692861
K05780	0.34627295416012316	0.6537270458398768
K05781	0.203236495359424	0.796763504640576
K05782	0.024814857406391222	0.9751851425936088
K05783	0.09287222330620004	0.9071277766938
K05784	0.3330974969898288	0.6669025030101712
K05785	0.06132669045997674	0.9386733095400233
K05786	0.5949500524214644	0.40504994757853563
K05787	0.15695596458147787	0.8430440354185221
K05789	0.6172315831696995	0.38276841683030055
K05790	0.2063837502272049	0.7936162497727951
K05794	0.1996144883811004	0.8003855116188996
K05796	0.1903794777446638	0.8096205222553362
K05798	0.06877407304097272	0.9312259269590273
K05799	0.7952762191270497	0.2047237808729503
K05800	0.4555621862131177	0.5444378137868823
K05801	0.8485627956826322	0.15143720431736782
K05802	0.27112184271657236	0.7288781572834276
K05803	0.11950405636781303	0.880495943632187
K05804	0.026159823834714824	0.9738401761652852
K05805	0.026564599396606048	0.973435400603394
K05807	0.7378289031306882	0.2621710968693119
K05808	0.34541972697058154	0.6545802730294185
K05810	0.20339956380880342	0.7966004361911966
K05811	0.34579893548557716	0.6542010645144228
K05812	0.07418868338778017	0.9258113166122198
K05813	0.05626727335107384	0.9437327266489262
K05814	0.5861206350179743	0.4138793649820257
K05815	0.5791952091876027	0.42080479081239736
K05816	0.4098977588940895	0.5901022411059105
K05818	0.10650217147581442	0.8934978285241856
K05819	0.43061489435488676	0.5693851056451132
K05820	0.08175193546608084	0.9182480645339192
K05822	0.25296800553758647	0.7470319944624135
K05823	0.43312961405897066	0.5668703859410293
K05825	0.5485853031643673	0.4514146968356327
K05832	0.40643064797003914	0.5935693520299609
K05833	0.5041087318227456	0.4958912681772544
K05834	0.1482651904406589	0.8517348095593411
K05835	0.08558207547967844	0.9144179245203216
K05837	0.9285565808032509	0.07144341919674912
K05838	0.5168854885805418	0.48311451141945816
K05839	0.07888279447774638	0.9211172055222536
K05844	0.35574794793099884	0.6442520520690012
K05845	0.41780995135451193	0.5821900486454881
K05846	0.6078072708157708	0.3921927291842292
K05847	0.3636796666799297	0.6363203333200703
K05851	0.28043042074854074	0.7195695792514593
K05874	0.11867242593367022	0.8813275740663298
K05875	0.07708510008170655	0.9229148999182935
K05876	0.4274808172180342	0.5725191827819658
K05877	0.1104091074997735	0.8895908925002265
K05878	0.060099244136003094	0.9399007558639969
K05879	0.5026485719401843	0.4973514280598157
K05880	0.09611703704228203	0.903882962957718
K05881	0.10630159071674472	0.8936984092832553
K05882	0.08207297981359474	0.9179270201864053
K05887	0.4860602241397757	0.5139397758602243
K05895	0.4702243914201937	0.5297756085798063
K05896	0.06458317082119824	0.9354168291788018
K05910	0.02025150550294752	0.9797484944970525
K05916	0.07552924148374118	0.9244707585162588
K05919	0.7803714828246914	0.2196285171753086
K05934	0.3678332049836731	0.6321667950163269
K05936	0.5472194799425765	0.4527805200574235
K05939	0.24728670569251743	0.7527132943074826
K05946	0.29230956476656633	0.7076904352334337
K05964	0.11015621797547526	0.8898437820245247
K05966	0.046917897384628704	0.9530821026153713
K05970	0.8795262642974341	0.12047373570256593
K05982	0.10752898092935126	0.8924710190706487
K05984	0.07231332937986956	0.9276866706201304
K05985	0.630624872131986	0.3693751278680139
K05989	0.963367598881475	0.036632401118524935
K05995	0.349278280675109	0.650721719324891
K06001	0.7689576816553201	0.23104231834467992
K06006	0.11288499056716084	0.8871150094328392
K06012	0.13665099491441934	0.8633490050855807
K06015	0.3746671137664449	0.6253328862335551
K06016	0.4986190513799905	0.5013809486200095
K06020	0.9174009444633702	0.08259905553662988
K06023	0.7663834418918412	0.23361655810815884
K06024	0.558437147393344	0.44156285260665595
K06041	0.05607796793255293	0.9439220320674471
K06042	0.3040056322062895	0.6959943677937105
K06044	0.16750995477401287	0.8324900452259871
K06045	0.60375639316753	0.3962436068324699
K06048	0.4148370944026043	0.5851629055973957
K06073	0.20962219557269623	0.7903778044273038
K06074	0.20295981231203497	0.797040187687965
K06075	0.655005825386862	0.3449941746131379
K06076	0.6365400735805431	0.36345992641945685
K06077	0.7263681074198036	0.27363189258019643
K06079	0.304344340271985	0.695655659728015
K06080	0.025601283715206424	0.9743987162847936
K06113	0.9449943227417763	0.05500567725822368
K06131	0.35153419400834385	0.6484658059916562
K06132	0.2392048703263937	0.7607951296736063
K06133	0.11189689799720837	0.8881031020027916
K06141	0.5340369821944071	0.4659630178055929
K06142	0.6467940945800106	0.3532059054199894
K06143	0.7008070822351751	0.299192917764825
K06144	0.29846869400810105	0.701531305991899
K06145	0.19148379038266583	0.8085162096173342
K06146	0.15732786118230524	0.8426721388176948
K06147	0.1936242643936007	0.8063757356063993
K06148	0.11801797075879472	0.8819820292412053
K06149	0.4236778644934688	0.5763221355065312
K06153	0.20454962213031613	0.7954503778696839
K06155	0.05821107498735023	0.9417889250126498
K06156	0.09514582869812171	0.9048541713018783
K06157	0.2910435032623373	0.7089564967376627
K06158	0.8004824119542291	0.19951758804577097
K06159	0.03766465874982228	0.9623353412501777
K06162	0.3251531286108261	0.6748468713891739
K06163	0.11210293828694196	0.887897061713058
K06164	0.1590506739510693	0.8409493260489307
K06165	0.24339082197737538	0.7566091780226246
K06166	0.08402912636371784	0.9159708736362822
K06167	0.8408804737122968	0.1591195262877032
K06168	0.9469078863213064	0.05309211367869363
K06169	0.04077513940676036	0.9592248605932396
K06173	0.07348291990017009	0.9265170800998299
K06175	0.8378134948752962	0.16218650512470373
K06176	0.07338561638639374	0.9266143836136063
K06177	0.6252216388287914	0.37477836117120855
K06178	0.9656786241453571	0.03432137585464291
K06179	0.2745862066870848	0.7254137933129152
K06180	0.9499046187100247	0.05009538128997528
K06181	0.014188061762653525	0.9858119382373465
K06182	0.06012876400859268	0.9398712359914073
K06183	0.33568729615617854	0.6643127038438215
K06185	0.6820768381019398	0.31792316189806025
K06186	0.06617590434841025	0.9338240956515897
K06187	0.5086271497188024	0.49137285028119765
K06188	0.27598621071855034	0.7240137892814497
K06189	0.043577578841325404	0.9564224211586746
K06190	0.12155695789270804	0.878443042107292
K06191	0.1909223766437088	0.8090776233562912
K06192	0.8403031720053651	0.1596968279946349
K06193	0.4311232810904073	0.5688767189095927
K06194	0.5314230357520819	0.468576964247918
K06195	0.2595963574093927	0.7404036425906073
K06196	0.24756198942206686	0.7524380105779331
K06198	0.3539059593049281	0.6460940406950719
K06199	0.5408749472088998	0.4591250527911002
K06200	0.48910249888584834	0.5108975011141517
K06201	0.763364856482127	0.236635143517873
K06203	0.08809487187523024	0.9119051281247698
K06204	0.08254447757206329	0.9174555224279367
K06205	0.009361886895385862	0.9906381131046141
K06206	0.3801952063697329	0.6198047936302671
K06207	0.09497059302061905	0.905029406979381
K06209	0.3565810395997825	0.6434189604002175
K06211	0.45710470055055397	0.542895299449446
K06212	0.588182367330316	0.41181763266968396
K06213	0.3674672344492108	0.6325327655507892
K06214	0.11012779041337539	0.8898722095866246
K06215	0.3196191866770949	0.6803808133229051
K06217	0.07279102074932653	0.9272089792506735
K06218	0.2160044720910973	0.7839955279089027
K06219	0.07697868978071742	0.9230213102192826
K06221	0.284456938590535	0.715543061409465
K06222	0.4119310567387565	0.5880689432612435
K06223	0.22689899713467965	0.7731010028653204
K06281	0.55617896697154	0.44382103302845993
K06282	0.4359096259197808	0.5640903740802192
K06283	0.1917727885645375	0.8082272114354625
K06284	0.11358720976393388	0.8864127902360661
K06286	0.1580796127828612	0.8419203872171388
K06287	0.3529890725949848	0.6470109274050152
K06296	0.44479743907570535	0.5552025609242947
K06297	0.27608735409445195	0.723912645905548
K06298	0.21325030424652014	0.7867496957534799
K06306	0.1375458371407694	0.8624541628592306
K06330	0.4153061398485228	0.5846938601514772
K06333	0.465514650526894	0.534485349473106
K06334	0.6416119892935008	0.3583880107064992
K06346	0.6197354185586423	0.38026458144135766
K06351	0.13579144506447416	0.8642085549355258
K06373	0.07115493205355183	0.9288450679464482
K06374	0.31423224161762875	0.6857677583823713
K06378	0.2226891128322619	0.7773108871677381
K06379	0.45894315545693176	0.5410568445430682
K06381	0.42548395326442845	0.5745160467355716
K06382	0.2379778563270627	0.7620221436729373
K06383	0.3138650089124898	0.6861349910875102
K06385	0.14083677270826334	0.8591632272917367
K06387	0.6250673624071847	0.3749326375928153
K06390	0.4933777692201555	0.5066222307798445
K06392	0.060729487933191884	0.9392705120668081
K06393	0.697231753384266	0.302768246615734
K06394	0.5631022315608254	0.43689776843917455
K06395	0.138632756522737	0.861367243477263
K06396	0.243015241772227	0.756984758227773
K06397	0.5283279561909968	0.4716720438090032
K06398	0.4049339943667777	0.5950660056332223
K06399	0.2842171099234435	0.7157828900765565
K06400	0.23232756406809973	0.7676724359319003
K06404	0.5203267775768585	0.4796732224231414
K06405	0.3589907731507367	0.6410092268492633
K06406	0.21502772240159662	0.7849722775984034
K06407	0.42171597976683173	0.5782840202331683
K06408	0.1970930898331864	0.8029069101668136
K06409	0.0414907210900759	0.9585092789099241
K06410	0.18747449948625772	0.8125255005137423
K06411	0.017177821423270956	0.982822178576729
K06412	0.024603964177905224	0.9753960358220948
K06415	0.09319819725962186	0.9068018027403781
K06416	0.057076444927494085	0.9429235550725059
K06421	0.07785463843842444	0.9221453615615756
K06438	0.05623472910904326	0.9437652708909567
K06442	0.13387799917958065	0.8661220008204193
K06445	0.26077125068852536	0.7392287493114746
K06446	0.7665957295567964	0.2334042704432035
K06447	0.02375812722642956	0.9762418727735704
K06518	0.9418289405372636	0.05817105946273638
K06603	0.6428166007710895	0.3571833992289105
K06605	0.3200626159521276	0.6799373840478724
K06606	0.20069209637120067	0.7993079036287993
K06609	0.47031728614211654	0.5296827138578835
K06610	0.15889879807185092	0.8411012019281491
K06714	0.1117547220592564	0.8882452779407436
K06726	0.04366885726456782	0.9563311427354322
K06858	0.36293404476836855	0.6370659552316315
K06859	0.08516233447786026	0.9148376655221397
K06861	0.8757728964636446	0.1242271035363553
K06864	0.060874234144994266	0.9391257658550057
K06867	0.5457271648881041	0.4542728351118958
K06871	0.08833161698886016	0.9116683830111398
K06872	0.2848782514462198	0.7151217485537802
K06877	0.26074409260386056	0.7392559073961394
K06878	0.15129288729175827	0.8487071127082417
K06879	0.0761397717724146	0.9238602282275854
K06881	0.7717361046023474	0.22826389539765257
K06885	0.6848712649132815	0.31512873508671846
K06887	0.3733127503734217	0.6266872496265783
K06888	0.8598113669633543	0.1401886330366457
K06889	0.8035112661726305	0.19648873382736948
K06890	0.07497894730039611	0.9250210526996039
K06891	0.6584146343562423	0.34158536564375774
K06894	0.5062756736792293	0.4937243263207707
K06895	0.10723743069967395	0.892762569300326
K06896	0.45597487796148284	0.5440251220385172
K06897	0.31681900221738324	0.6831809977826168
K06898	0.09686262098020848	0.9031373790197915
K06899	0.020776883043214234	0.9792231169567858
K06901	0.19225484881589816	0.8077451511841018
K06902	0.36622860885606245	0.6337713911439375
K06904	0.7675305713318774	0.23246942866812265
K06907	0.14036628858317357	0.8596337114168264
K06908	0.3187883710512339	0.6812116289487661
K06909	0.0788643665195986	0.9211356334804014
K06910	0.18987071031570324	0.8101292896842968
K06911	0.8540520174509327	0.14594798254906724
K06915	0.24925148110307427	0.7507485188969257
K06916	0.14687543735719366	0.8531245626428063
K06917	0.018246470956302385	0.9817535290436976
K06918	0.40903003315940967	0.5909699668405903
K06919	0.18075638517375414	0.8192436148262459
K06920	0.904511962829102	0.09548803717089802
K06921	0.40934423638447726	0.5906557636155227
K06923	0.3587069864973701	0.6412930135026299
K06925	0.2380949122553052	0.7619050877446948
K06926	0.7676006005814894	0.23239939941851065
K06929	0.1753269662509388	0.8246730337490612
K06934	0.9086081837447726	0.09139181625522744
K06940	0.7611470273268455	0.23885297267315447
K06941	0.2738499487648559	0.7261500512351441
K06942	0.3715243049350442	0.6284756950649558
K06946	0.7256504542272869	0.2743495457727131
K06948	0.045061889635367836	0.9549381103646322
K06949	0.43806427807019255	0.5619357219298075
K06950	0.2952052714596811	0.7047947285403189
K06952	0.11349660148446905	0.886503398515531
K06954	0.1518667758409752	0.8481332241590248
K06956	0.5712349838901263	0.4287650161098738
K06957	0.6497669823945612	0.3502330176054388
K06958	0.06467207368216388	0.9353279263178361
K06959	0.5567120527501199	0.44328794724988
K06960	0.23304187909276963	0.7669581209072304
K06962	0.19373528696493436	0.8062647130350656
K06966	0.5591239243662715	0.44087607563372855
K06967	0.0601863811482134	0.9398136188517866
K06968	0.47313337070989003	0.52686662929011
K06969	0.9318091352092808	0.06819086479071917
K06970	0.2552851735150147	0.7447148264849853
K06971	0.029264920740398548	0.9707350792596015
K06972	0.023424834302204434	0.9765751656977956
K06973	0.24127413044655066	0.7587258695534493
K06975	0.43128400135000544	0.5687159986499946
K06978	0.6968336013489654	0.30316639865103456
K06980	0.3147095282421907	0.6852904717578093
K06987	0.07477204423113759	0.9252279557688624
K06990	0.8260296542803878	0.17397034571961228
K06993	0.7928648255313092	0.2071351744686908
K06996	0.6134955705156753	0.3865044294843248
K06997	0.573392277290635	0.426607722709365
K06999	0.6916033208951595	0.3083966791048405
K07000	0.6782295260754698	0.3217704739245302
K07001	0.4396428416789028	0.5603571583210972
K07003	0.6104500148212411	0.3895499851787589
K07005	0.2594526787031237	0.7405473212968763
K07006	0.06346073441843092	0.9365392655815691
K07007	0.4437411619784698	0.5562588380215302
K07009	0.34626308010228113	0.6537369198977189
K07010	0.36324316521864586	0.6367568347813541
K07011	0.4875248146881376	0.5124751853118624
K07012	0.0537591291752767	0.9462408708247233
K07014	0.20917868344822166	0.7908213165517783
K07015	0.149630637798306	0.850369362201694
K07017	0.9143807178658034	0.08561928213419652
K07019	0.4634158806178442	0.5365841193821558
K07023	0.27334882785601955	0.7266511721439805
K07025	0.8548113282154874	0.1451886717845125
K07027	0.5980433234755929	0.40195667652440714
K07029	0.46994796091820146	0.5300520390817985
K07030	0.1098505643546478	0.8901494356453522
K07031	0.34489379580831336	0.6551062041916866
K07032	0.7578322414825831	0.24216775851741684
K07033	0.4058560831840372	0.5941439168159628
K07034	0.24388947079540346	0.7561105292045965
K07035	0.7619304310571648	0.2380695689428351
K07037	0.8487878231799665	0.15121217682003354
K07038	0.20616981003091184	0.7938301899690882
K07039	0.17435071377791034	0.8256492862220897
K07040	0.2036253270895012	0.7963746729104988
K07042	0.18891184635549485	0.8110881536445051
K07043	0.2941907936178736	0.7058092063821264
K07045	0.6716216982463168	0.32837830175368327
K07046	0.17204913820694157	0.8279508617930584
K07048	0.010045583281693138	0.9899544167183069
K07051	0.7120403779412812	0.2879596220587189
K07052	0.6341582369730736	0.36584176302692634
K07053	0.2156054507410241	0.7843945492589759
K07054	0.08807627919813144	0.9119237208018686
K07056	0.795108831443255	0.20489116855674502
K07058	0.720095131143337	0.279904868856663
K07062	0.1645459101622465	0.8354540898377535
K07067	0.2638692609455152	0.7361307390544848
K07069	0.5534088564263966	0.44659114357360336
K07070	0.16543998338008692	0.8345600166199131
K07071	0.6806336443099575	0.31936635569004246
K07074	0.08319814024076677	0.9168018597592332
K07075	0.7463760632009526	0.25362393679904743
K07078	0.8758517669251171	0.12414823307488283
K07079	0.9101830173339789	0.08981698266602116
K07080	0.558794711580255	0.44120528841974505
K07082	0.784472517649468	0.21552748235053198
K07084	0.6101059218153886	0.38989407818461147
K07085	0.7071184329535414	0.29288156704645857
K07088	0.14483570471191043	0.8551642952880896
K07089	0.22414808277754528	0.7758519172224547
K07090	0.2391284055064019	0.7608715944935981
K07091	0.799318130641389	0.20068186935861096
K07095	0.8274754885404803	0.1725245114595197
K07098	0.23034363939735492	0.7696563606026451
K07099	0.9342225102359425	0.06577748976405753
K07102	0.3911513791998299	0.6088486208001701
K07104	0.02659285833958991	0.9734071416604101
K07105	0.5880951164276473	0.4119048835723526
K07106	0.292341639959971	0.707658360040029
K07107	0.8318644590651647	0.16813554093483535
K07109	0.02210645982543169	0.9778935401745683
K07112	0.4810949443960968	0.5189050556039032
K07113	0.31378651969100124	0.6862134803089988
K07114	0.7028742339355718	0.29712576606442814
K07115	0.11566994675556208	0.8843300532444379
K07118	0.3261434206829015	0.6738565793170985
K07119	0.1002247908401277	0.8997752091598723
K07120	0.052890245608213315	0.9471097543917867
K07121	0.4872987690504137	0.5127012309495863
K07124	0.030113359815615692	0.9698866401843843
K07126	0.22070634215128915	0.7792936578487109
K07127	0.7182750002487175	0.28172499975128257
K07132	0.573138153680748	0.42686184631925195
K07133	0.14389427809831545	0.8561057219016845
K07136	0.6280130465772892	0.3719869534227108
K07137	0.7453264997697558	0.25467350023024415
K07138	0.32637473096617986	0.6736252690338201
K07139	0.7239507355558412	0.27604926444415884
K07140	0.12234858717222608	0.8776514128277739
K07141	0.19867550694771174	0.8013244930522883
K07146	0.01846301780122328	0.9815369821987767
K07147	0.10737923022881679	0.8926207697711832
K07148	0.9614829324078616	0.03851706759213833
K07149	0.17374815815369637	0.8262518418463036
K07150	0.06382246705120354	0.9361775329487965
K07153	0.01685498581423639	0.9831450141857636
K07154	0.5615195006498233	0.4384804993501767
K07156	0.09531540599096122	0.9046845940090388
K07160	0.47612884031733316	0.5238711596826668
K07164	0.9575925176902661	0.04240748230973391
K07165	0.19241918082066845	0.8075808191793316
K07166	0.12429114016033072	0.8757088598396693
K07171	0.22870061776629214	0.7712993822337079
K07172	0.8630678850489156	0.13693211495108434
K07173	0.28814354189920055	0.7118564581007994
K07175	0.5041550457801287	0.49584495421987124
K07177	0.03146354236200255	0.9685364576379974
K07180	0.10034954563200738	0.8996504543679926
K07184	0.3625095154300877	0.6374904845699123
K07186	0.41771755871131	0.58228244128869
K07192	0.7666366235427324	0.23336337645726754
K07213	0.18804910949593312	0.8119508905040669
K07214	0.8086446427665275	0.1913553572334725
K07216	0.2929020733617065	0.7070979266382935
K07217	0.002287924691489085	0.9977120753085109
K07220	0.8976679703722762	0.10233202962772381
K07221	0.89803171744747	0.10196828255252999
K07223	0.04367343132036494	0.9563265686796351
K07224	0.015229346090306572	0.9847706539096934
K07225	0.11920139453903489	0.8807986054609651
K07227	0.07905854867954354	0.9209414513204565
K07229	0.5844226416164252	0.4155773583835748
K07230	0.267074469326781	0.732925530673219
K07232	0.2987604543959925	0.7012395456040075
K07233	0.19187787808112677	0.8081221219188732
K07235	0.65883718105347	0.34116281894653
K07236	0.02971307969949366	0.9702869203005063
K07237	0.037585245861886385	0.9624147541381136
K07238	0.10896632199508538	0.8910336780049146
K07239	0.43755337372685943	0.5624466262731406
K07240	0.9544069759557183	0.04559302404428165
K07241	0.2392439337470148	0.7607560662529852
K07243	0.1653441079228568	0.8346558920771432
K07245	0.24405031287851342	0.7559496871214866
K07246	0.35480306839739284	0.6451969316026072
K07248	0.4432087544142712	0.5567912455857288
K07250	0.3313742385670063	0.6686257614329937
K07251	0.043792881281348284	0.9562071187186517
K07258	0.11206886254952508	0.8879311374504749
K07259	0.39738772483145135	0.6026122751685487
K07260	0.1361254280720814	0.8638745719279186
K07261	0.23386231512222744	0.7661376848777726
K07262	0.20159106683352657	0.7984089331664734
K07263	0.9513195071080334	0.048680492891966666
K07264	0.4160075797246551	0.5839924202753449
K07265	0.06968937863534963	0.9303106213646504
K07266	0.16046190577258634	0.8395380942274137
K07267	0.8070974136040684	0.1929025863959316
K07269	0.05702732289183188	0.9429726771081681
K07270	0.7924008770874393	0.20759912291256066
K07271	0.4964430292705022	0.5035569707294978
K07272	0.4699892780699998	0.5300107219300002
K07273	0.8816477760107112	0.11835222398928882
K07274	0.28988556027610246	0.7101144397238975
K07275	0.020757798614639444	0.9792422013853606
K07277	0.7046458312087008	0.29535416879129917
K07278	0.6274916398148056	0.37250836018519434
K07279	0.15961859667362532	0.8403814033263747
K07282	0.3813128328299591	0.6186871671700409
K07283	0.013669745243836795	0.9863302547561632
K07284	0.11773679245537727	0.8822632075446227
K07285	0.38396910560891695	0.616030894391083
K07286	0.14712055712450778	0.8528794428754922
K07287	0.5393290528687065	0.46067094713129353
K07289	0.3665568148106457	0.6334431851893543
K07290	0.0290304940449595	0.9709695059550405
K07300	0.02948235444045011	0.9705176455595499
K07301	0.09157150414604143	0.9084284958539586
K07304	0.27023742023246355	0.7297625797675364
K07305	0.12950219921545458	0.8704978007845454
K07306	0.48022573978367333	0.5197742602163267
K07307	0.0759066678128979	0.9240933321871021
K07308	0.7714176347833441	0.2285823652166559
K07309	0.0703968786566852	0.9296031213433148
K07310	0.6262734094135052	0.3737265905864949
K07312	0.21313388658917842	0.7868661134108216
K07313	0.042177703198372885	0.9578222968016271
K07314	0.41687787060971915	0.5831221293902809
K07315	0.9229148168012355	0.07708518319876448
K07317	0.2887274418706163	0.7112725581293837
K07318	0.2512642951795965	0.7487357048204035
K07319	0.5288543978818843	0.4711456021181157
K07320	0.06886830876986871	0.9311316912301313
K07321	0.06574221130413926	0.9342577886958607
K07322	0.5938211933429575	0.40617880665704253
K07323	0.15636529661683152	0.8436347033831685
K07334	0.7685302181744146	0.23146978182558542
K07335	0.28915165415303956	0.7108483458469604
K07336	0.18869523946635225	0.8113047605336478
K07337	0.16208151579527363	0.8379184842047264
K07340	0.15257791159472844	0.8474220884052716
K07341	0.47554362771352965	0.5244563722864704
K07343	0.5645925797068443	0.43540742029315566
K07344	0.5735939859070099	0.42640601409299006
K07345	0.2828320818902156	0.7171679181097844
K07346	0.1575705004888187	0.8424294995111813
K07347	0.4154332727964648	0.5845667272035352
K07348	0.06907756021934675	0.9309224397806533
K07349	0.12154276600773728	0.8784572339922627
K07350	0.4801548482403175	0.5198451517596825
K07351	0.35337952804934913	0.6466204719506509
K07357	0.06372152317868662	0.9362784768213134
K07358	0.4297291263927263	0.5702708736072737
K07386	0.20960987664583453	0.7903901233541655
K07387	0.5331198776833075	0.46688012231669257
K07391	0.5326283817061458	0.4673716182938542
K07393	0.01984187722620634	0.9801581227737937
K07395	0.11316529023878175	0.8868347097612183
K07397	0.1098392296317291	0.8901607703682709
K07400	0.17289414229182754	0.8271058577081725
K07402	0.5690944830279254	0.4309055169720745
K07403	0.8686925455949729	0.13130745440502714
K07404	0.03437151777350944	0.9656284822264906
K07405	0.9773889742577069	0.02261102574229314
K07406	0.2931217830072491	0.7068782169927509
K07407	0.7824314396612012	0.2175685603387988
K07442	0.21855006210317107	0.7814499378968289
K07443	0.646243500814967	0.353756499185033
K07444	0.7851113066288403	0.21488869337115968
K07447	0.08747766465798013	0.9125223353420199
K07448	0.8282888790453546	0.17171112095464533
K07451	0.5782169567812896	0.4217830432187104
K07452	0.43573471321921875	0.5642652867807813
K07454	0.17414463059143193	0.8258553694085681
K07455	0.1112008550481598	0.8887991449518402
K07456	0.4073917206568083	0.5926082793431917
K07457	0.08528017768212925	0.9147198223178707
K07458	0.14400337943879926	0.8559966205612007
K07459	0.4188283370801241	0.5811716629198759
K07460	0.07686830613736895	0.923131693862631
K07461	0.41184490185781486	0.5881550981421851
K07462	0.786689984662942	0.21331001533705793
K07464	0.4274139310766111	0.5725860689233889
K07467	0.3407265456064562	0.6592734543935438
K07470	0.2003063407614959	0.7996936592385041
K07473	0.18842696354094157	0.8115730364590584
K07474	0.3674728798203034	0.6325271201796966
K07478	0.12750375767227862	0.8724962423277214
K07479	0.006175278450170851	0.9938247215498291
K07480	0.6477285241906006	0.3522714758093995
K07481	0.701959388033575	0.2980406119664249
K07482	0.49209043694864696	0.507909563051353
K07483	0.18596691513541552	0.8140330848645845
K07484	0.5224030563883997	0.4775969436116004
K07485	0.14058348184047997	0.85941651815952
K07486	0.769890332558321	0.23010966744167902
K07487	0.07809825895767242	0.9219017410423276
K07489	0.08253886730167459	0.9174611326983254
K07491	0.15357415443085187	0.8464258455691481
K07493	0.5594996997074082	0.44050030029259185
K07494	0.830710389955715	0.16928961004428503
K07495	0.31186329932027523	0.6881367006797248
K07496	0.4510333109866249	0.5489666890133751
K07497	0.5445485427565366	0.45545145724346336
K07498	0.16940225950602006	0.8305977404939799
K07503	0.17255727895142514	0.8274427210485749
K07506	0.2913002747924246	0.7086997252075754
K07507	0.3879101995202243	0.6120898004797757
K07533	0.2796974942116748	0.7203025057883252
K07552	0.32860868636220597	0.671391313637794
K07559	0.1398170303390135	0.8601829696609865
K07560	0.7072437227092648	0.29275627729073517
K07566	0.8054111951344016	0.19458880486559832
K07568	0.802700034977673	0.197299965022327
K07570	0.6325852152410458	0.36741478475895417
K07571	0.3121529958228595	0.6878470041771405
K07574	0.09848864382526468	0.9015113561747353
K07576	0.11563040954680837	0.8843695904531916
K07584	0.5169214757429658	0.48307852425703424
K07586	0.14162940249576728	0.8583705975042327
K07588	0.6801399655062589	0.3198600344937411
K07592	0.4336274619071495	0.5663725380928505
K07636	0.9281731757143471	0.07182682428565289
K07637	0.6259669653464947	0.37403303465350535
K07638	0.09642126285239816	0.9035787371476018
K07639	0.4594030131590895	0.5405969868409105
K07640	0.6904571098230048	0.30954289017699527
K07641	0.09166252543394782	0.9083374745660522
K07642	0.23587623962285442	0.7641237603771456
K07643	0.26125295329416065	0.7387470467058393
K07644	0.06286997598776056	0.9371300240122394
K07645	0.07421954525712948	0.9257804547428705
K07646	0.7019532999760965	0.29804670002390354
K07647	0.317672132117216	0.682327867882784
K07648	0.6585874155599064	0.3414125844400936
K07649	0.17910157816819172	0.8208984218318083
K07650	0.2392624742301881	0.7607375257698119
K07652	0.4825461628249039	0.5174538371750961
K07654	0.3684361322754188	0.6315638677245812
K07657	0.9451024154208393	0.05489758457916075
K07658	0.11301373232017287	0.8869862676798271
K07659	0.29389824926456787	0.7061017507354321
K07660	0.059284536243064734	0.9407154637569353
K07661	0.04118946460747086	0.9588105353925291
K07662	0.1593033712383235	0.8406966287616765
K07663	0.4902370554520934	0.5097629445479066
K07664	0.3104500387851731	0.6895499612148269
K07665	0.02063134984573689	0.9793686501542631
K07666	0.08665209062281753	0.9133479093771825
K07667	0.3157372492301914	0.6842627507698086
K07668	0.5243156729871292	0.4756843270128708
K07670	0.6236532923953885	0.37634670760461153
K07673	0.5780895299639334	0.42191047003606663
K07674	0.09177619743531995	0.90822380256468
K07675	0.07216187661742801	0.927838123382572
K07676	0.20209661742911533	0.7979033825708847
K07677	0.29942023016389163	0.7005797698361084
K07678	0.36468516455499755	0.6353148354450024
K07679	0.25912487821094254	0.7408751217890575
K07684	0.11018319327878134	0.8898168067212187
K07685	0.07644742175595742	0.9235525782440426
K07686	0.263758111141732	0.736241888858268
K07687	0.7169027287150255	0.2830972712849745
K07689	0.7000595677679314	0.29994043223206857
K07690	0.05307214236967994	0.9469278576303201
K07699	0.17982920871180874	0.8201707912881913
K07700	0.12829944055579123	0.8717005594442088
K07701	0.6888919934325684	0.3111080065674317
K07702	0.504533618728996	0.49546638127100395
K07703	0.2074190892530996	0.7925809107469004
K07704	0.5563068822807415	0.4436931177192585
K07705	0.5576765611937174	0.44232343880628255
K07706	0.39832731462065696	0.601672685379343
K07708	0.019694493921041945	0.980305506078958
K07709	0.040584605665834106	0.9594153943341659
K07710	0.6169794872612	0.3830205127388
K07711	0.4634717525892309	0.5365282474107691
K07712	0.2726635350976919	0.7273364649023081
K07713	0.698973540786948	0.3010264592130521
K07714	0.8426802237113269	0.15731977628867316
K07715	0.025101251382895873	0.9748987486171041
K07718	0.046608106047633435	0.9533918939523666
K07720	0.46036073032831926	0.5396392696716807
K07722	0.12303003947034952	0.8769699605296505
K07724	0.06415039614799056	0.9358496038520094
K07726	0.03587137991614764	0.9641286200838524
K07727	0.034488000743204905	0.9655119992567951
K07729	0.18388068695686888	0.8161193130431311
K07733	0.6337302810374283	0.36626971896257166
K07735	0.3687115389259741	0.6312884610740259
K07736	0.8036732241911285	0.19632677580887148
K07738	0.44615600443849124	0.5538439955615088
K07740	0.1266984565103303	0.8733015434896697
K07741	0.5590800786545229	0.44091992134547703
K07742	0.41293426140884293	0.5870657385911571
K07746	0.3684964832457649	0.6315035167542351
K07749	0.27209353714583706	0.7279064628541629
K07751	0.1570027557634578	0.8429972442365422
K07757	0.434416500695626	0.565583499304374
K07768	0.6929161786409404	0.3070838213590597
K07770	0.07314878779463407	0.9268512122053659
K07771	0.40136291656374623	0.5986370834362538
K07772	0.47401119327906727	0.5259888067209327
K07773	0.03173699201638791	0.9682630079836121
K07774	0.18491938558040677	0.8150806144195932
K07776	0.575947475389179	0.424052524610821
K07778	0.17961619541484453	0.8203838045851555
K07781	0.02956714824838247	0.9704328517516175
K07782	0.2750647791619002	0.7249352208380998
K07783	0.4344250009556778	0.5655749990443222
K07784	0.5737424344614526	0.4262575655385474
K07786	0.09167674230255374	0.9083232576974463
K07787	0.35100519761846427	0.6489948023815357
K07788	0.32722228604801284	0.6727777139519872
K07789	0.18306527670894612	0.8169347232910539
K07791	0.7587325182806475	0.24126748171935247
K07792	0.04544440099022384	0.9545555990097762
K07793	0.9005157682098921	0.09948423179010796
K07794	0.20015424863299325	0.7998457513670068
K07795	0.6723049287153229	0.32769507128467706
K07796	0.19271941769066292	0.8072805823093371
K07797	0.1526565014914254	0.8473434985085746
K07798	0.043701887225780056	0.9562981127742199
K07799	0.3307227955202091	0.6692772044797909
K07803	0.21212483340307786	0.7878751665969221
K07806	0.2934191787256403	0.7065808212743597
K07810	0.4714782616570511	0.5285217383429489
K07811	0.475489156989364	0.524510843010636
K07812	0.6674459913001882	0.33255400869981183
K07813	0.8976917471381055	0.10230825286189445
K07814	0.3448502275887989	0.6551497724112011
K07816	0.9653072911213911	0.034692708878608924
K07821	0.07373490605107391	0.9262650939489261
K07862	0.5001252515299702	0.4998747484700298
K07979	0.10421236601752437	0.8957876339824756
K08092	0.0438703880604181	0.9561296119395819
K08093	0.07398436174767109	0.9260156382523289
K08094	0.05521981445314528	0.9447801855468547
K08137	0.17496880405816473	0.8250311959418353
K08138	0.6469016525399873	0.3530983474600127
K08153	0.04279454303560104	0.957205456964399
K08154	0.11514398298378059	0.8848560170162194
K08156	0.7030618940796813	0.2969381059203186
K08159	0.40266201867146034	0.5973379813285397
K08160	0.40156555363501145	0.5984344463649885
K08161	0.16519772419766243	0.8348022758023376
K08162	0.06381234613303588	0.9361876538669641
K08163	0.7307358018853627	0.2692641981146373
K08167	0.36517177408953594	0.6348282259104641
K08168	0.47450044450669593	0.5254995554933041
K08169	0.8934114209017782	0.10658857909822185
K08170	0.09040869035325827	0.9095913096467417
K08172	0.22970596348247918	0.7702940365175208
K08173	0.5068897907735017	0.49311020922649834
K08177	0.296896167643078	0.703103832356922
K08191	0.7161490175536032	0.2838509824463969
K08194	0.6607182852865329	0.33928171471346713
K08195	0.039323971835754534	0.9606760281642455
K08217	0.14829905388535747	0.8517009461146425
K08218	0.85620467033032	0.14379532966967998
K08219	0.7917968771382962	0.2082031228617038
K08223	0.597759700253103	0.402240299746897
K08224	0.17125737825808285	0.8287426217419172
K08225	0.2554431397896074	0.7445568602103926
K08227	0.15371117536550238	0.8462888246344976
K08234	0.13079698759682346	0.8692030124031765
K08276	0.09285662360062885	0.9071433763993711
K08279	0.2524388789603238	0.7475611210396762
K08281	0.4743722123615529	0.5256277876384471
K08282	0.5431322703837629	0.4568677296162372
K08289	0.46044153572500257	0.5395584642749974
K08296	0.34527276852015876	0.6547272314798412
K08297	0.27401885010090166	0.7259811498990983
K08298	0.27619115930484706	0.7238088406951529
K08299	0.21441994000485998	0.78558005999514
K08300	0.0835440412101216	0.9164559587898784
K08301	0.4918323538153021	0.5081676461846979
K08302	0.2496428630779286	0.7503571369220714
K08303	0.9694912160305628	0.03050878396943724
K08304	0.023866678011561504	0.9761333219884385
K08305	0.05012715842460247	0.9498728415753975
K08306	0.4257175969375069	0.5742824030624931
K08307	0.9713662933037496	0.028633706696250382
K08308	0.03827141412832946	0.9617285858716705
K08309	0.12588846981667878	0.8741115301833212
K08311	0.18666353305796757	0.8133364669420324
K08312	0.06633257906794521	0.9336674209320548
K08313	0.309100437538947	0.690899562461053
K08314	0.12914474131615483	0.8708552586838452
K08316	0.03910413834979565	0.9608958616502044
K08317	0.3836867868611744	0.6163132131388256
K08318	0.9483418615140334	0.051658138485966544
K08319	0.029728312264203027	0.970271687735797
K08321	0.718898670110099	0.28110132988990105
K08322	0.0380800833157372	0.9619199166842628
K08323	0.1472785602423462	0.8527214397576538
K08324	0.3923926840311971	0.6076073159688029
K08325	0.6118171605261494	0.38818283947385057
K08326	0.19008252782253676	0.8099174721774632
K08344	0.09901230643488435	0.9009876935651157
K08348	0.25514096438447365	0.7448590356155264
K08349	0.18041512211590394	0.8195848778840961
K08350	0.07623575222714074	0.9237642477728593
K08351	0.0829770205689494	0.9170229794310506
K08352	0.7591612846193518	0.24083871538064813
K08353	0.42145521797711394	0.5785447820228861
K08354	0.6601645285608161	0.3398354714391839
K08364	0.7521903166631547	0.24780968333684533
K08368	0.7902356418223149	0.20976435817768507
K08369	0.25170601532526826	0.7482939846747317
K08372	0.11180027509965085	0.8881997249003492
K08384	0.05913459651449726	0.9408654034855027
K08475	0.2975630552792471	0.7024369447207529
K08476	0.18367699631186618	0.8163230036881338
K08478	0.15272423043202044	0.8472757695679796
K08483	0.10678927289810325	0.8932107271018968
K08484	0.004535502566229366	0.9954644974337706
K08591	0.19282511489750853	0.8071748851024915
K08600	0.8026928309943953	0.19730716900560474
K08602	0.5130830910182345	0.4869169089817656
K08641	0.9632810745416684	0.03671892545833152
K08643	0.16955165961084817	0.8304483403891518
K08659	0.11631745956931028	0.8836825404306897
K08675	0.6342290274954927	0.36577097250450735
K08678	0.968678908320521	0.03132109167947907
K08679	0.04335566116663192	0.9566443388333681
K08680	0.4716829079839827	0.5283170920160173
K08681	0.4432746881357029	0.5567253118642971
K08682	0.35557247567744776	0.6444275243225522
K08688	0.1364309790336975	0.8635690209663025
K08722	0.07238703581857209	0.9276129641814279
K08723	0.6795070961538572	0.32049290384614276
K08724	0.1014784100381656	0.8985215899618344
K08744	0.20513659377232285	0.7948634062276771
K08884	0.21863843577047015	0.7813615642295298
K08961	0.9542231602878648	0.045776839712135205
K08963	0.17481504299807182	0.8251849570019282
K08964	0.02705915278280613	0.9729408472171939
K08967	0.30950999825395265	0.6904900017460474
K08968	0.8586432809843244	0.14135671901567562
K08969	0.12009637570513598	0.879903624294864
K08970	0.05946811988197598	0.940531880118024
K08972	0.14196373599918632	0.8580362640008137
K08974	0.17034177803139938	0.8296582219686006
K08978	0.424798918407592	0.575201081592408
K08981	0.7871790384059495	0.21282096159405053
K08984	0.06437884798922555	0.9356211520107744
K08986	0.472226770228404	0.527773229771596
K08989	0.19069459365909758	0.8093054063409024
K08990	0.5227937931870386	0.4772062068129614
K08994	0.3228176861816857	0.6771823138183143
K08996	0.5823031260039644	0.41769687399603567
K08997	0.021725320000017256	0.9782746799999827
K08998	0.7838368709225076	0.2161631290774924
K08999	0.9682678789956474	0.03173212100435258
K09001	0.14111682282247895	0.858883177177521
K09004	0.1224681325365391	0.8775318674634609
K09007	0.9118814007129589	0.08811859928704117
K09009	0.30368622962072245	0.6963137703792776
K09013	0.38639463493462145	0.6136053650653785
K09014	0.8865092373299277	0.11349076267007233
K09015	0.9798314923227641	0.02016850767723593
K09016	0.010728739027250356	0.9892712609727496
K09017	0.8056344484459684	0.1943655515540316
K09018	0.0677874811934166	0.9322125188065834
K09019	0.05044751697542804	0.949552483024572
K09020	0.2923122603950621	0.7076877396049379
K09022	0.8371080090939207	0.1628919909060793
K09023	0.07369331417194425	0.9263066858280558
K09117	0.730179609451383	0.26982039054861695
K09118	0.19035477128359046	0.8096452287164095
K09121	0.2913278068154864	0.7086721931845136
K09125	0.5959445784659941	0.40405542153400587
K09131	0.5169767380856307	0.48302326191436923
K09136	0.04709601660707141	0.9529039833929286
K09144	0.8508963620330638	0.14910363796693613
K09153	0.13911901532427773	0.8608809846757223
K09155	0.2660359185730303	0.7339640814269697
K09157	0.21874670911815375	0.7812532908818463
K09158	0.46728127611013603	0.532718723889864
K09161	0.49012268596694186	0.5098773140330581
K09163	0.05099539993307145	0.9490046000669285
K09181	0.721860418948119	0.2781395810518809
K09251	0.21143146450878358	0.7885685354912164
K09384	0.2838088275067371	0.7161911724932629
K09456	0.25607084933617474	0.7439291506638253
K09457	0.676112380745582	0.32388761925441806
K09458	0.6803132048109577	0.31968679518904236
K09470	0.03312618957351321	0.9668738104264868
K09471	0.2925008038991135	0.7074991961008865
K09473	0.33293290911444273	0.6670670908855573
K09474	0.9760246023841725	0.02397539761582742
K09475	0.15096659349393415	0.8490334065060658
K09476	0.04393334345376321	0.9560666565462368
K09477	0.3228202877025178	0.6771797122974822
K09578	0.428676328716006	0.571323671283994
K09612	0.0896947137616696	0.9103052862383304
K09680	0.5535261552570478	0.44647384474295215
K09684	0.08088398708290123	0.9191160129170988
K09685	0.7228654406694597	0.27713455933054026
K09688	0.2196957451091175	0.7803042548908825
K09689	0.8121695124470609	0.18783048755293905
K09690	0.662889309733661	0.337110690266339
K09691	0.6187173000882669	0.38128269991173314
K09692	0.2403924355170588	0.7596075644829412
K09693	0.4055479628997667	0.5944520371002333
K09697	0.0903887002014625	0.9096112997985375
K09698	0.32113123454018533	0.6788687654598147
K09701	0.2685979625239491	0.7314020374760509
K09702	0.6323609298746448	0.36763907012535524
K09703	0.4698113943229143	0.5301886056770857
K09704	0.9024766677087449	0.09752333229125514
K09705	0.7008550094309206	0.2991449905690794
K09710	0.5595149927529648	0.44048500724703515
K09729	0.1646542245222956	0.8353457754777044
K09747	0.6507497465494159	0.3492502534505841
K09748	0.042915756106184366	0.9570842438938156
K09749	0.9291662893825386	0.07083371061746138
K09758	0.7473905512852683	0.2526094487147316
K09759	0.23508664276556002	0.76491335723444
K09760	0.4835760419723619	0.5164239580276381
K09761	0.8517701365611996	0.14822986343880037
K09762	0.5854411809622333	0.41455881903776676
K09765	0.3158761592287652	0.6841238407712348
K09766	0.20395443819087256	0.7960455618091274
K09767	0.07332169778302267	0.9266783022169773
K09768	0.14357697296336158	0.8564230270366384
K09769	0.39525673803683203	0.604743261963168
K09771	0.8656200732965093	0.13437992670349078
K09772	0.2095962389514212	0.7904037610485788
K09773	0.028223404472677127	0.9717765955273229
K09774	0.048872762584451834	0.9511272374155482
K09775	0.19319077158192421	0.8068092284180758
K09777	0.5927784681837915	0.4072215318162085
K09778	0.6465352495368365	0.3534647504631635
K09779	0.1626151445399684	0.8373848554600316
K09781	0.17942912912088704	0.820570870879113
K09786	0.19082413764955708	0.8091758623504429
K09787	0.22482745798680936	0.7751725420131906
K09790	0.879546910683063	0.12045308931693699
K09793	0.9131751950378346	0.08682480496216542
K09798	0.4496161102485082	0.5503838897514918
K09800	0.6266204132766593	0.37337958672334076
K09802	0.04984152313793	0.95015847686207
K09803	0.1531605935502549	0.8468394064497451
K09807	0.7231066885654401	0.27689331143455986
K09808	0.4946652173187459	0.5053347826812541
K09809	0.12542270839307335	0.8745772916069267
K09810	0.11840124104925809	0.8815987589507419
K09811	0.41801771500271234	0.5819822849972877
K09812	0.22408456340093763	0.7759154365990624
K09814	0.585082864655353	0.4149171353446471
K09815	0.8782351344414816	0.12176486555851844
K09816	0.5996046801594236	0.4003953198405764
K09817	0.3943772878019087	0.6056227121980913
K09819	0.5977045802743066	0.4022954197256933
K09820	0.17998920776386795	0.820010792236132
K09823	0.06984380734809137	0.9301561926519086
K09824	0.18917318967901942	0.8108268103209806
K09825	0.7100986722178642	0.28990132778213584
K09857	0.2413957083816063	0.7586042916183937
K09861	0.2753999752870696	0.7246000247129304
K09880	0.15043481520435664	0.8495651847956434
K09888	0.13543824867294596	0.864561751327054
K09889	0.47501298767810896	0.524987012321891
K09891	0.20893024923694448	0.7910697507630555
K09893	0.2585586484147452	0.7414413515852548
K09894	0.02894778182470792	0.9710522181752921
K09895	0.046848950261446864	0.9531510497385531
K09897	0.1152024758705773	0.8847975241294227
K09899	0.35317951745159426	0.6468204825484057
K09903	0.7378831567565337	0.2621168432434663
K09906	0.11737220383058766	0.8826277961694123
K09907	0.06568980799439228	0.9343101920056077
K09908	0.49834962207785305	0.501650377922147
K09909	0.4887902429327431	0.5112097570672569
K09910	0.12784403445185455	0.8721559655481455
K09911	0.7594771464668322	0.24052285353316777
K09914	0.049065475168474815	0.9509345248315252
K09915	0.13408155581322168	0.8659184441867783
K09920	0.12710391496558926	0.8728960850344107
K09921	0.17894743517296696	0.821052564827033
K09922	0.9416829338499229	0.05831706615007717
K09923	0.195850518549196	0.804149481450804
K09925	0.26983042277019575	0.7301695772298042
K09927	0.038067615889803896	0.9619323841101961
K09933	0.2157691869960443	0.7842308130039557
K09934	0.06777955100715705	0.932220448992843
K09935	0.10038271788841435	0.8996172821115856
K09936	0.3987506144695463	0.6012493855304537
K09940	0.915635845433199	0.08436415456680105
K09945	0.3903495972946074	0.6096504027053926
K09949	0.7246152713503405	0.27538472864965946
K09951	0.4423807450365622	0.5576192549634378
K09952	0.8722029043251434	0.1277970956748566
K09954	0.43700716461563094	0.5629928353843691
K09955	0.605072790723251	0.39492720927674896
K09958	0.1743126497415256	0.8256873502584744
K09961	0.4371211392840201	0.5628788607159799
K09962	0.3764759666173215	0.6235240333826785
K09963	0.31921265503267227	0.6807873449673277
K09967	0.39406868082330426	0.6059313191766957
K09968	0.07359743005775277	0.9264025699422472
K09969	0.5412774593029861	0.45872254069701385
K09970	0.2829085508196002	0.7170914491803998
K09971	0.3517316600046816	0.6482683399953184
K09972	0.19596554721110593	0.8040344527888941
K09973	0.6090302446322929	0.39096975536770706
K09974	0.7018804884648129	0.2981195115351871
K09975	0.11960134491071606	0.8803986550892839
K09979	0.10574654454283772	0.8942534554571623
K09988	0.07959929278084932	0.9204007072191507
K09996	0.02055539656358507	0.9794446034364149
K09997	0.64657939079293	0.35342060920707
K09998	0.05914496534864866	0.9408550346513513
K09999	0.04541009231299864	0.9545899076870014
K10000	0.027798356283545544	0.9722016437164545
K10001	0.0526367822934144	0.9473632177065856
K10002	0.230287073525426	0.769712926474574
K10003	0.7942064833998574	0.2057935166001426
K10004	0.6733020916534975	0.3266979083465024
K10005	0.47252455418974726	0.5274754458102527
K10006	0.6414464297833464	0.3585535702166535
K10007	0.31251369728065825	0.6874863027193417
K10008	0.6823357626633371	0.3176642373366629
K10009	0.578620312529845	0.421379687470155
K10010	0.19454367212646617	0.8054563278735338
K10011	0.23382161632612564	0.7661783836738744
K10012	0.3748955924285722	0.6251044075714278
K10013	0.07271278583224472	0.9272872141677553
K10014	0.3358922343964078	0.6641077656035922
K10015	0.016001782840154077	0.9839982171598459
K10016	0.12510223639775087	0.8748977636022491
K10017	0.1766223930784251	0.8233776069215749
K10026	0.5490611303136871	0.4509388696863129
K10036	0.07022632347941027	0.9297736765205897
K10037	0.019554357167480108	0.9804456428325199
K10038	0.23648870620500329	0.7635112937949967
K10039	0.3656519355904091	0.6343480644095909
K10040	0.60959836656866	0.3904016334313401
K10041	0.5622669855032867	0.43773301449671326
K10107	0.4357746216125369	0.5642253783874631
K10108	0.1597727161849396	0.8402272838150604
K10109	0.18688672065781098	0.813113279342189
K10110	0.1661254090983656	0.8338745909016344
K10111	0.2319538120931448	0.7680461879068552
K10112	0.06402107438250215	0.9359789256174978
K10117	0.22124271520811734	0.7787572847918827
K10118	0.1392168308198749	0.8607831691801251
K10119	0.4068250131797284	0.5931749868202716
K10124	0.4802148967582407	0.5197851032417593
K10125	0.06434492342813436	0.9356550765718656
K10126	0.3014184351919059	0.6985815648080941
K10188	0.45557378242219804	0.544426217577802
K10189	0.5491358198845576	0.4508641801154424
K10190	0.5622384928754239	0.43776150712457607
K10192	0.4941865883802373	0.5058134116197627
K10193	0.31531272128008936	0.6846872787199106
K10194	0.6966625605355539	0.30333743946444613
K10195	0.0976625837972056	0.9023374162027944
K10200	0.4606476584052309	0.5393523415947691
K10201	0.7550038071168228	0.24499619288317723
K10202	0.08483968764732608	0.9151603123526739
K10206	0.7155368566448688	0.2844631433551313
K10213	0.6595628840373444	0.34043711596265563
K10231	0.20743997060671437	0.7925600293932856
K10254	0.3138704665947467	0.6861295334052533
K10439	0.12636498425688847	0.8736350157431115
K10440	0.3043792743929078	0.6956207256070922
K10441	0.24631597816804107	0.7536840218319589
K10536	0.20192674149013334	0.7980732585098667
K10537	0.24628498754106998	0.75371501245893
K10538	0.15453055964085682	0.8454694403591432
K10539	0.02306309166761178	0.9769369083323882
K10540	0.6562949337703119	0.34370506622968816
K10541	0.5313518792218014	0.4686481207781986
K10542	0.09784342852336181	0.9021565714766382
K10543	0.3736348585574596	0.6263651414425404
K10544	0.08579046297536785	0.9142095370246321
K10545	0.2744262509514316	0.7255737490485684
K10546	0.42956939950526096	0.570430600494739
K10547	0.14352665175369694	0.8564733482463031
K10548	0.6782415087947848	0.32175849120521516
K10549	0.055061893676887186	0.9449381063231128
K10550	0.8104671864231077	0.18953281357689228
K10551	0.17501706139603712	0.8249829386039629
K10555	0.3615782938015505	0.6384217061984495
K10556	0.33931605302903645	0.6606839469709636
K10557	0.8754413775393526	0.12455862246064742
K10558	0.06282659508424138	0.9371734049157586
K10559	0.13735040378410135	0.8626495962158987
K10560	0.14153872617788266	0.8584612738221173
K10561	0.4408649183166249	0.5591350816833751
K10562	0.35557611835986136	0.6444238816401386
K10563	0.26027187731818335	0.7397281226818166
K10670	0.16037537294505588	0.8396246270549441
K10671	0.13382838769864913	0.8661716123013509
K10672	0.02175917454047016	0.9782408254595298
K10677	0.0599547866790856	0.9400452133209144
K10678	0.14261875995192852	0.8573812400480715
K10679	0.3113668784921537	0.6886331215078463
K10680	0.26508799636579705	0.734912003634203
K10708	0.7657460204063166	0.23425397959368346
K10709	0.04647788621670912	0.9535221137832909
K10710	0.13552235993828776	0.8644776400617122
K10711	0.5985795254130559	0.401420474586944
K10716	0.7601242599623816	0.23987574003761836
K10748	0.05019325841692346	0.9498067415830765
K10763	0.028131108716261566	0.9718688912837384
K10773	0.08136994561404964	0.9186300543859504
K10778	0.5433152343587357	0.4566847656412642
K10793	0.23197374745576504	0.768026252544235
K10794	0.23351801972828945	0.7664819802717106
K10795	0.4502567069978436	0.5497432930021564
K10796	0.07726323588631678	0.9227367641136832
K10797	0.06627568226517389	0.9337243177348261
K10800	0.9188610468232123	0.0811389531767877
K10804	0.3554107286021452	0.6445892713978548
K10805	0.29189122390840083	0.7081087760915992
K10806	0.21140377766651497	0.788596222333485
K10819	0.19093917660155946	0.8090608233984405
K10823	0.7086743275741079	0.2913256724258922
K10824	0.15396546740137662	0.8460345325986234
K10826	0.0716487573549427	0.9283512426450573
K10831	0.25015539681921417	0.7498446031807858
K10834	0.2513123895846109	0.7486876104153891
K10857	0.021084499606542906	0.9789155003934571
K10906	0.36514974177952075	0.6348502582204792
K10907	0.33829547809402805	0.661704521905972
K10914	0.1446196270489637	0.8553803729510363
K10939	0.18924992533492968	0.8107500746650703
K10947	0.04255826111464678	0.9574417388853532
K10972	0.2201388275337426	0.7798611724662574
K10973	0.1567101261454128	0.8432898738545872
K10974	0.46478461434775986	0.5352153856522401
K10975	0.04624074080554075	0.9537592591944593
K10979	0.7607339968074756	0.23926600319252442
K10984	0.12427720889120264	0.8757227911087974
K10985	0.4440788915563063	0.5559211084436937
K10986	0.009335640725108507	0.9906643592748915
K11003	0.055887223928651975	0.944112776071348
K11005	0.034383291287671036	0.965616708712329
K11031	0.7814523007787931	0.2185476992212069
K11041	0.2040059063760915	0.7959940936239085
K11050	0.8231491756344189	0.17685082436558106
K11051	0.15205380805376922	0.8479461919462308
K11065	0.5827998320277596	0.4172001679722404
K11066	0.06672537500929543	0.9332746249907046
K11068	0.41560548863829283	0.5843945113617072
K11069	0.35662907329587157	0.6433709267041284
K11070	0.15906993894284727	0.8409300610571527
K11071	0.1620230854520025	0.8379769145479975
K11072	0.723790256307288	0.27620974369271206
K11073	0.030018071235911492	0.9699819287640885
K11074	0.12826857654752544	0.8717314234524746
K11075	0.30916421705893715	0.6908357829410628
K11076	0.6070434738198422	0.3929565261801577
K11081	0.031383425475799975	0.9686165745242
K11082	0.08427642716085493	0.9157235728391451
K11084	0.04748842011770393	0.9525115798822961
K11085	0.6864396755113438	0.3135603244886563
K11102	0.2272765596253804	0.7727234403746196
K11103	0.09505016223730778	0.9049498377626922
K11104	0.24970771006357617	0.7502922899364238
K11105	0.5259661042267272	0.4740338957732728
K11106	0.09929190090284168	0.9007080990971583
K11139	0.2983280478671587	0.7016719521328413
K11144	0.0653409230247719	0.9346590769752281
K11145	0.4723026048204506	0.5276973951795494
K11175	0.4532885058041142	0.5467114941958858
K11183	0.057335981372581	0.942664018627419
K11184	0.08424903739987122	0.9157509626001288
K11189	0.5773846372487219	0.4226153627512781
K11191	0.06820166816169182	0.9317983318383082
K11192	0.13645440279041443	0.8635455972095856
K11201	0.08611423302952559	0.9138857669704744
K11202	0.7975566361149455	0.20244336388505446
K11203	0.08177793208677098	0.918222067913229
K11206	0.4537653875254999	0.5462346124745001
K11208	0.1965050595147121	0.8034949404852879
K11209	0.7639413553345272	0.2360586446654728
K11216	0.02423384803734152	0.9757661519626585
K11249	0.22994749288425098	0.770052507115749
K11250	0.18190255041776937	0.8180974495822306
K11263	0.1521816287120792	0.8478183712879208
K11264	0.3554629272574218	0.6445370727425782
K11358	0.02901905997864207	0.9709809400213579
K11381	0.9437612522259408	0.05623874777405926
K11382	0.37502053749410724	0.6249794625058928
K11391	0.258869923302109	0.741130076697891
K11392	0.40871477241060594	0.5912852275893941
K11472	0.08457901226649278	0.9154209877335072
K11473	0.054042276780760345	0.9459577232192397
K11474	0.1726103994413608	0.8273896005586392
K11517	0.5753889558782443	0.42461104412175565
K11529	0.963862609411841	0.03613739058815906
K11531	0.5488575484238047	0.4511424515761953
K11533	0.4390023679944529	0.5609976320055471
K11534	0.5348039609178925	0.4651960390821075
K11535	0.48058022414379997	0.5194197758562
K11537	0.9690326597145554	0.03096734028544456
K11604	0.3490224578151164	0.6509775421848836
K11605	0.757404130019527	0.24259586998047297
K11606	0.3246373520974246	0.6753626479025754
K11607	0.12171621007426936	0.8782837899257306
K11617	0.12940721912920627	0.8705927808707937
K11618	0.040235933599946705	0.9597640664000533
K11636	0.1989334625435648	0.8010665374564352
K11645	0.7276563380779999	0.2723436619220001
K11685	0.10056469274940094	0.8994353072505991
K11717	0.9460086657969929	0.05399133420300706
K11719	0.6984701533144094	0.3015298466855906
K11720	0.5464694775457872	0.4535305224542127
K11732	0.5331411540900441	0.4668588459099558
K11733	0.8604098818577878	0.1395901181422122
K11734	0.15665140868642036	0.8433485913135796
K11735	0.14140637260926192	0.8585936273907381
K11736	0.236889869188467	0.763110130811533
K11737	0.17959546364240453	0.8204045363575955
K11738	0.11159219898391626	0.8884078010160837
K11739	0.07660525094978854	0.9233947490502115
K11740	0.4987799463961414	0.5012200536038586
K11741	0.9330262245435728	0.06697377545642727
K11744	0.13787945486747655	0.8621205451325235
K11745	0.04044900790042205	0.959550992099578
K11746	0.3678922008373444	0.6321077991626556
K11747	0.04941157517169581	0.9505884248283042
K11748	0.02521571059671801	0.974784289403282
K11749	0.8351310308352724	0.16486896916472762
K11750	0.09007803917455448	0.9099219608254455
K11751	0.6306597781899991	0.3693402218100009
K11752	0.30486497657232514	0.6951350234276749
K11753	0.6958821320087234	0.30411786799127666
K11754	0.16849190860896512	0.8315080913910349
K11755	0.7340199423138396	0.2659800576861604
K11811	0.14931791555851903	0.850682084441481
K11891	0.23304693736658189	0.7669530626334181
K11892	0.01150984807987565	0.9884901519201243
K11893	0.07014698761398541	0.9298530123860146
K11894	0.1818221505739226	0.8181778494260774
K11895	0.3368578957224806	0.6631421042775194
K11896	0.28767227486801616	0.7123277251319838
K11900	0.3049814478307874	0.6950185521692126
K11901	0.3867496016402743	0.6132503983597257
K11903	0.02710831901178845	0.9728916809882115
K11904	0.039902430672537736	0.9600975693274623
K11905	0.029896459914232176	0.9701035400857678
K11906	0.11130378286744058	0.8886962171325594
K11907	0.04033015443963328	0.9596698455603667
K11910	0.008511628422629869	0.9914883715773701
K11911	0.10182381525587436	0.8981761847441256
K11921	0.36429057862738645	0.6357094213726135
K11924	0.26865783214467265	0.7313421678553274
K11925	0.6196750383740758	0.3803249616259242
K11927	0.950627656699057	0.04937234330094296
K11928	0.36408228608734305	0.635917713912657
K11929	0.14785322364056308	0.8521467763594369
K11930	0.45085645563080223	0.5491435443691978
K11931	0.19721877060536952	0.8027812293946305
K11932	0.6154250406301909	0.38457495936980907
K11933	0.24174457015843098	0.758255429841569
K11934	0.7798852395693039	0.2201147604306961
K11935	0.09296834919714536	0.9070316508028546
K11936	0.19330196875913896	0.806698031240861
K11938	0.5295371328245758	0.4704628671754242
K11939	0.6503141326103898	0.3496858673896102
K11941	0.03761877736615549	0.9623812226338445
K11960	0.5327894820266414	0.4672105179733586
K11961	0.7630593001141934	0.23694069988580654
K11962	0.42689028997771783	0.5731097100222822
K11963	0.10531590752041431	0.8946840924795857
K11991	0.20005382576830733	0.7999461742316927
K11996	0.4323508937617009	0.5676491062382991
K12056	0.10336002323204552	0.8966399767679545
K12057	0.13175565374288112	0.8682443462571189
K12058	0.10502468974254853	0.8949753102574515
K12059	0.08747383949464016	0.9125261605053598
K12060	0.13900777239308548	0.8609922276069145
K12061	0.3467717812122201	0.6532282187877799
K12062	0.06415027973884613	0.9358497202611539
K12063	0.479159640671153	0.520840359328847
K12064	0.08240656060372609	0.9175934393962739
K12065	0.09276473228958027	0.9072352677104197
K12066	0.18646238450957997	0.81353761549042
K12067	0.0623388672999966	0.9376611327000034
K12068	0.13959663227815655	0.8604033677218434
K12111	0.03320560283439866	0.9667943971656013
K12112	0.027535585067689605	0.9724644149323104
K12113	0.2668433928178553	0.7331566071821447
K12132	0.06587974607524993	0.9341202539247501
K12136	0.20533701198039678	0.7946629880196032
K12137	0.32590575005456546	0.6740942499454345
K12143	0.31057252602561247	0.6894274739743875
K12147	0.11723680826462601	0.882763191735374
K12149	0.1376728614317777	0.8623271385682223
K12151	0.17929484247904137	0.8207051575209586
K12251	0.5483974109579877	0.4516025890420124
K12257	0.09709847747974865	0.9029015225202514
K12262	0.22267925695158197	0.777320743048418
K12264	0.10595872217291347	0.8940412778270865
K12265	0.09540983605101572	0.9045901639489843
K12266	0.014856168840837403	0.9851438311591626
K12267	0.4592297930250312	0.5407702069749688
K12269	0.0897547114895606	0.9102452885104394
K12288	0.571740583692883	0.428259416307117
K12289	0.26353790495949925	0.7364620950405008
K12290	0.4964702824589712	0.5035297175410288
K12292	0.3219175595274991	0.6780824404725009
K12297	0.06113207352835848	0.9388679264716415
K12299	0.5091417490748135	0.49085825092518653
K12308	0.7944641630550663	0.20553583694493371
K12339	0.19820425353917537	0.8017957464608246
K12340	0.5244927314835836	0.47550726851641645
K12368	0.13671095032699487	0.8632890496730051
K12369	0.19984017040841207	0.8001598295915879
K12370	0.0794632080271156	0.9205367919728844
K12371	0.4812633485551746	0.5187366514448254
K12372	0.5587430116829812	0.4412569883170188
K12373	0.9013144418884931	0.09868555811150688
K12410	0.3231879329701479	0.6768120670298521
K12452	0.25084170245615356	0.7491582975438464
K12507	0.5814187137080132	0.41858128629198676
K12510	0.5536343375356452	0.4463656624643549
K12511	0.29915805223327663	0.7008419477667234
K12516	0.4404424789046365	0.5595575210953635
K12518	0.47682640070515225	0.5231735992948477
K12519	0.05200100081402459	0.9479989991859754
K12522	0.22705857029698617	0.7729414297030138
K12524	0.20912269340612055	0.7908773065938794
K12525	0.4788540553958853	0.5211459446041147
K12527	0.03514614862598098	0.964853851374019
K12528	0.2647332218637676	0.7352667781362324
K12529	0.25436164701676656	0.7456383529832334
K12541	0.06782777983263	0.93217222016737
K12542	0.5044627741839993	0.4955372258160007
K12543	0.323797240087359	0.676202759912641
K12554	0.5558485802319421	0.44415141976805794
K12555	0.4039769049647135	0.5960230950352865
K12556	0.765620974263008	0.23437902573699193
K12573	0.3168848291323215	0.6831151708676785
K12574	0.23476189605372488	0.7652381039462751
K12582	0.8486827949515448	0.15131720504845522
K12660	0.03602098059086167	0.9639790194091383
K12661	0.26589866501380754	0.7341013349861925
K12678	0.2573668412315997	0.7426331587684003
K12684	0.4033180463010737	0.5966819536989263
K12687	0.7340854793557539	0.2659145206442461
K12700	0.1732965890746362	0.8267034109253638
K12823	0.49980893676289795	0.500191063237102
K12940	0.4076113389364062	0.5923886610635938
K12941	0.852018802864736	0.14798119713526403
K12942	0.5780414736594353	0.4219585263405647
K12943	0.03920860136649296	0.960791398633507
K12944	0.2833109965444067	0.7166890034555933
K12945	0.2837292116784499	0.7162707883215501
K12952	0.413945603065896	0.586054396934104
K12957	0.17190522735331937	0.8280947726466806
K12960	0.48661784770619565	0.5133821522938044
K12961	0.2632903447152388	0.7367096552847612
K12962	0.03327686729433288	0.9667231327056671
K12963	0.23487749815933234	0.7651225018406677
K12972	0.3379276517405687	0.6620723482594313
K12973	0.5179171346338285	0.48208286536617156
K12974	0.048233777795082644	0.9517662222049174
K12975	0.03792810187792184	0.9620718981220782
K12981	0.3033142198098512	0.6966857801901488
K12983	0.17090347996859012	0.8290965200314099
K12984	0.5154795968852263	0.48452040311477373
K12985	0.24017712100451927	0.7598228789954807
K12992	0.4251662090779479	0.5748337909220521
K12994	0.04445769717520376	0.9555423028247962
K12995	0.6092914781681658	0.3907085218318342
K12996	0.6561081788067509	0.34389182119324907
K12999	0.10853646549993279	0.8914635345000672
K13004	0.10851128004428101	0.891488719955719
K13012	0.40718556061164457	0.5928144393883554
K13014	0.023375949381549632	0.9766240506184504
K13015	0.20993507248760457	0.7900649275123954
K13018	0.3573091125297744	0.6426908874702256
K13019	0.3873884029620178	0.6126115970379822
K13038	0.2868972370459162	0.7131027629540838
K13043	0.8357473359820617	0.16425266401793825
K13051	0.7484251802955992	0.2515748197044008
K13052	0.2506029944086554	0.7493970055913446
K13053	0.7380658907431276	0.26193410925687244
K13059	0.4703891387500042	0.5296108612499958
K13063	0.4220466625473591	0.5779533374526409
K13069	0.07874042538406867	0.9212595746159313
K13243	0.07108945050150683	0.9289105494984932
K13244	0.331658232086662	0.668341767913338
K13252	0.5466466555618692	0.4533533444381308
K13255	0.030250748998625454	0.9697492510013745
K13256	0.062022737557729246	0.9379772624422708
K13280	0.31687419112691606	0.6831258088730839
K13283	0.523719195746441	0.476280804253559
K13288	0.010580095554795221	0.9894199044452048
K13292	0.8992925201140901	0.10070747988590986
K13378	0.5311897259491616	0.46881027405083847
K13381	0.24964752521941191	0.7503524747805881
K13408	0.004093743165144548	0.9959062568348555
K13409	0.05045403504036139	0.9495459649596386
K13479	0.29083358904529055	0.7091664109547094
K13491	0.778009242258054	0.22199075774194602
K13497	0.35597708472762024	0.6440229152723798
K13498	0.17177940825612337	0.8282205917438766
K13525	0.053293988075351795	0.9467060119246482
K13527	0.3167287333521731	0.6832712666478269
K13529	0.5419476774045524	0.4580523225954476
K13542	0.3546434367612856	0.6453565632387144
K13566	0.9047678073110462	0.09523219268895382
K13570	0.42258418036706125	0.5774158196329388
K13571	0.9205977929318764	0.07940220706812366
K13574	0.21332324525150648	0.7866767547484935
K13620	0.03167201055353175	0.9683279894464683
K13626	0.05788789655606852	0.9421121034439315
K13629	0.06361830519221345	0.9363816948077865
K13631	0.12362935537915765	0.8763706446208424
K13632	0.44034850284988836	0.5596514971501116
K13633	0.4135261066816308	0.5864738933183692
K13634	0.03358992932108118	0.9664100706789188
K13635	0.3295053119821302	0.6704946880178698
K13636	0.08077336497976839	0.9192266350202316
K13637	0.11343364424781732	0.8865663557521827
K13638	0.07608236365329568	0.9239176363467043
K13639	0.41621863274690885	0.5837813672530912
K13640	0.763558852576682	0.23644114742331798
K13641	0.4426905965769181	0.5573094034230819
K13643	0.41601197861603634	0.5839880213839637
K13652	0.8368528379386028	0.16314716206139726
K13653	0.17323433319712533	0.8267656668028747
K13677	0.5782467056070877	0.42175329439291237
K13678	0.2953547734578671	0.7046452265421329
K13684	0.24854144492751573	0.7514585550724843
K13694	0.5863766410799669	0.41362335892003305
K13695	0.10640543456935869	0.8935945654306413
K13727	0.1270771884108457	0.8729228115891543
K13735	0.28625022498730035	0.7137497750126996
K13745	0.15353965582254459	0.8464603441774554
K13747	0.23963124995195684	0.7603687500480432
K13771	0.049106696054810106	0.9508933039451899
K13787	0.06617136335326823	0.9338286366467318
K13788	0.6834221077724516	0.3165778922275484
K13789	0.821392832174362	0.178607167825638
K13794	0.1667210263334018	0.8332789736665982
K13795	0.27493850748291093	0.7250614925170891
K13796	0.23809226151343343	0.7619077384865666
K13821	0.15488425273990958	0.8451157472600904
K13829	0.20443633209685652	0.7955636679031435
K13853	0.5896704503376835	0.41032954966231655
K13874	0.08873662596822596	0.911263374031774
K13888	0.0637387928530837	0.9362612071469163
K13889	0.1316494297608084	0.8683505702391916
K13890	0.4848556381207656	0.5151443618792344
K13891	0.12441074249231343	0.8755892575076866
K13892	0.2413699044722416	0.7586300955277584
K13893	0.23880227574634205	0.761197724253658
K13894	0.8900568797640154	0.10994312023598458
K13895	0.7940391573956866	0.20596084260431333
K13896	0.020406847119106453	0.9795931528808935
K13918	0.635325252327519	0.3646747476724809
K13919	0.6736764881403454	0.3263235118596545
K13920	0.055483180223467654	0.9445168197765323
K13921	0.5509509973352436	0.44904900266475645
K13922	0.3412276271238509	0.6587723728761491
K13926	0.12575897590555218	0.8742410240944478
K13928	0.0534600234334609	0.9465399765665391
K13929	0.3798323899609761	0.6201676100390239
K13930	0.15797156633058929	0.8420284336694107
K13932	0.14861311717758918	0.8513868828224108
K13933	0.17373212156682927	0.8262678784331707
K13934	0.18192731501870563	0.8180726849812944
K13935	0.0638797097036552	0.9361202902963448
K13936	0.19560161492144468	0.8043983850785553
K13938	0.1142249151286342	0.8857750848713658
K13940	0.38832859620989657	0.6116714037901034
K13953	0.11161658571215849	0.8883834142878415
K13954	0.1397716532204537	0.8602283467795463
K13963	0.483294574158713	0.516705425841287
K13979	0.34380588446150273	0.6561941155384973
K13993	0.7749673442777821	0.22503265572221787
K14051	0.26168247913659026	0.7383175208634097
K14052	0.1669411811286008	0.8330588188713992
K14053	0.36783439410876306	0.6321656058912369
K14054	0.16716135058645043	0.8328386494135496
K14055	0.10935045860029868	0.8906495413997013
K14056	0.09707428586094413	0.9029257141390559
K14058	0.7462341229861533	0.2537658770138466
K14059	0.057027025115153895	0.9429729748848461
K14061	0.35981016053863657	0.6401898394613634
K14062	0.028591336362132624	0.9714086636378674
K14063	0.3208835190199203	0.6791164809800797
K14065	0.014207681685063034	0.985792318314937
K14083	0.24378967239951221	0.7562103276004878
K14087	0.5820034187562187	0.41799658124378125
K14090	0.6517720297897593	0.3482279702102406
K14138	0.20145737131319386	0.7985426286868061
K14155	0.050696640708949636	0.9493033592910504
K14170	0.29522888406093284	0.7047711159390672
K14187	0.13008547913994517	0.8699145208600548
K14188	0.17791224028452024	0.8220877597154798
K14205	0.09451461592439536	0.9054853840756046
K14260	0.05168108834849772	0.9483189116515023
K14261	0.4998037354841339	0.5001962645158661
K14274	0.5863484082265142	0.41365159177348576
K14287	0.06438861529487716	0.9356113847051228
K14333	0.06840975124994664	0.9315902487500534
K14347	0.2725589974353808	0.7274410025646192
K14348	0.13088393180612834	0.8691160681938717
K14392	0.2165183957349971	0.7834816042650029
K14393	0.07502313270862149	0.9249768672913785
K14394	0.5768841814386221	0.4231158185613779
K14414	0.1820137227559534	0.8179862772440466
K14415	0.2007574435694388	0.7992425564305612
K14441	0.18895146714051614	0.8110485328594839
K14445	0.6266534260634171	0.3733465739365829
K14534	0.15311590355621862	0.8468840964437814
K14540	0.8574680965721848	0.14253190342781522
K14587	0.05877585972141053	0.9412241402785895
K14588	0.6419956537942977	0.3580043462057024
K14591	0.1975280383326451	0.8024719616673549
K14623	0.5650255418234436	0.4349744581765564
K14652	0.9496249541973324	0.05037504580266764
K14654	0.6042316990789035	0.3957683009210965
K14665	0.06765721947044889	0.9323427805295511
K14682	0.20513430971243263	0.7948656902875674
K14731	0.756181626475131	0.24381837352486901
K14742	0.07173203654328952	0.9282679634567105
K14744	0.14011058247791897	0.859889417522081
K14761	0.04855171087889354	0.9514482891211065
K14762	0.19655532801011033	0.8034446719898897
K14977	0.5194559765284601	0.48054402347153996
K14982	0.10284524555738372	0.8971547544426163
K15023	0.6927880789160933	0.3072119210839067
K15024	0.19846027598112304	0.801539724018877
K15034	0.2345132487831163	0.7654867512168837
K15051	0.12249389432433233	0.8775061056756677
K15125	0.3034787888308115	0.6965212111691885
K15255	0.9312377652650441	0.0687622347349559
K15256	0.10661426874524593	0.8933857312547541
K15257	0.08402416347536834	0.9159758365246317
K15268	0.45765626651361446	0.5423437334863855
K15303	0.8283136958594219	0.17168630414057806
K15342	0.23473558755196178	0.7652644124480382
K15372	0.3555295035636692	0.6444704964363308
K15373	0.10627489239720722	0.8937251076027928
K15396	0.5887103790914909	0.411289620908509
K15460	0.47561664047386154	0.5243833595261385
K15461	0.006286265037204419	0.9937137349627956
K15524	0.13654177308263848	0.8634582269173615
K15532	0.4524534244403624	0.5475465755596376
K15533	0.17918142468607456	0.8208185753139254
K15534	0.42283127474807614	0.5771687252519239
K15536	0.412579490919603	0.587420509080397
K15539	0.32791184633600734	0.6720881536639927
K15540	0.09339220278831273	0.9066077972116873
K15545	0.02714876326971305	0.972851236730287
K15547	0.16894310797317125	0.8310568920268288
K15548	0.18053187343957322	0.8194681265604268
K15549	0.07207703091675743	0.9279229690832426
K15550	0.2943438375720274	0.7056561624279726
K15551	0.20850821868662983	0.7914917813133702
K15552	0.3122443396931355	0.6877556603068645
K15553	0.7999290091282729	0.2000709908717271
K15554	0.05212903989415818	0.9478709601058418
K15555	0.6258777558806475	0.37412224411935247
K15576	0.025239711254037345	0.9747602887459627
K15577	0.30619260315164243	0.6938073968483576
K15578	0.12466718611175354	0.8753328138882465
K15580	0.2840339590793455	0.7159660409206545
K15581	0.2139447460018784	0.7860552539981216
K15582	0.22343225822837265	0.7765677417716274
K15583	0.10606937499562852	0.8939306250043715
K15584	0.04129670357697013	0.9587032964230299
K15585	0.26251554566278057	0.7374844543372194
K15586	0.2801718993199048	0.7198281006800952
K15587	0.3012124650266961	0.6987875349733039
K15598	0.3994991102392387	0.6005008897607613
K15599	0.20930263175719288	0.7906973682428071
K15600	0.22938588458168607	0.7706141154183139
K15633	0.17518419431932897	0.824815805680671
K15634	0.059070146999344986	0.940929853000655
K15635	0.3228440447247355	0.6771559552752645
K15640	0.4303610483628515	0.5696389516371485
K15669	0.6416079279583365	0.35839207204166346
K15711	0.02490838902845338	0.9750916109715466
K15721	0.09750582741265357	0.9024941725873464
K15723	0.0564984505333781	0.9435015494666219
K15724	0.771081664795756	0.228918335204244
K15726	0.9666820600021399	0.03331793999786019
K15727	0.8245934338043379	0.17540656619566208
K15735	0.33509926560879677	0.6649007343912032
K15736	0.14609274023746355	0.8539072597625365
K15737	0.31990154253370373	0.6800984574662963
K15738	0.523625002117949	0.47637499788205095
K15770	0.0258108810585449	0.9741891189414551
K15771	0.25390532463893967	0.7460946753610603
K15772	0.027461780174741657	0.9725382198252583
K15773	0.09459915305909206	0.9054008469409079
K15777	0.05515317204338133	0.9448468279566187
K15827	0.09495129536829072	0.9050487046317093
K15828	0.049774137292529996	0.95022586270747
K15829	0.030483041785780873	0.9695169582142191
K15830	0.41432353186207005	0.58567646813793
K15831	0.0360430475217296	0.9639569524782704
K15832	0.13861901217495642	0.8613809878250436
K15833	0.03362807734511486	0.9663719226548851
K15834	0.10116726645558827	0.8988327335444117
K15836	0.11666062323246518	0.8833393767675348
K15866	0.473168480064574	0.526831519935426
K15915	0.03807553375322992	0.9619244662467701
K15921	0.10147999048151024	0.8985200095184898
K15923	0.7672399216822073	0.2327600783177927
K15974	0.017336255299530312	0.9826637447004697
K15975	0.10325355840343475	0.8967464415965652
K15977	0.9766257497560284	0.023374250243971523
K15984	0.18818677191592104	0.811813228084079
K15986	0.15827376576058216	0.8417262342394178
K15987	0.6652974021499245	0.3347025978500755
K16012	0.06662758445695083	0.9333724155430492
K16013	0.6466498059527599	0.35335019404724016
K16044	0.4596573957568906	0.5403426042431094
K16052	0.03968695409177281	0.9603130459082272
K16053	0.9670718639073261	0.0329281360926739
K16055	0.40627720140585954	0.5937227985941405
K16066	0.20237242341430972	0.7976275765856903
K16074	0.12597447098001247	0.8740255290199875
K16076	0.2918514935238167	0.7081485064761833
K16077	0.6898750665547485	0.3101249334452515
K16087	0.13534266594520294	0.864657334054797
K16088	0.061382179447457386	0.9386178205525426
K16089	0.37299024059883223	0.6270097594011678
K16090	0.07185812221531074	0.9281418777846893
K16091	0.5212748038208539	0.4787251961791461
K16092	0.752411094967023	0.24758890503297704
K16135	0.01733953236225394	0.9826604676377461
K16136	0.16685092385388767	0.8331490761461123
K16137	0.43848887241411993	0.5615111275858801
K16139	0.259801827165527	0.740198172834473
K16140	0.20382558360033276	0.7961744163996672
K16147	0.32950408068486414	0.6704959193151359
K16148	0.8882328689252601	0.11176713107473986
K16169	0.43602435743524204	0.563975642564758
K16203	0.09164621340653956	0.9083537865934604
K16209	0.17759842341437126	0.8224015765856287
K16210	0.3123226321619321	0.6876773678380679
K16212	0.3524636811402948	0.6475363188597052
K16234	0.3568799677394958	0.6431200322605042
K16235	0.1441743287802122	0.8558256712197878
K16238	0.21373092415485617	0.7862690758451438
K16248	0.4083967718702871	0.5916032281297129
K16263	0.06685403253846789	0.9331459674615321
K16264	0.35039953562651194	0.6496004643734881
K16291	0.11742773478034152	0.8825722652196585
K16301	0.03711549240900869	0.9628845075909913
K16321	0.1742332200522142	0.8257667799477858
K16322	0.1172193729158918	0.8827806270841082
K16324	0.23500387524304422	0.7649961247569558
K16326	0.6337174513266579	0.3662825486733421
K16328	0.7667800001425692	0.23321999985743083
K16329	0.10107120329620467	0.8989287967037953
K16345	0.6463757538470436	0.35362424615295646
K16346	0.021014091162922965	0.978985908837077
K16363	0.9112150497621225	0.08878495023787746
K16370	0.2876654947910532	0.7123345052089468
K16371	0.35095296309212975	0.6490470369078702
K16435	0.6883241629351868	0.31167583706481317
K16509	0.02691440860201022	0.9730855913979898
K16511	0.17201475201679084	0.8279852479832092
K16554	0.4492849338814212	0.5507150661185788
K16651	0.5886289356491659	0.41137106435083415
K16692	0.06504491247581146	0.9349550875241885
K16693	0.17926641605596427	0.8207335839440357
K16695	0.09600195926869437	0.9039980407313056
K16698	0.4990460298910454	0.5009539701089546
K16704	0.11941469550666639	0.8805853044933336
K16711	0.23986934633053425	0.7601306536694658
K16783	0.30024110937886894	0.6997588906211311
K16784	0.17603494100015027	0.8239650589998497
K16785	0.18932961296474882	0.8106703870352512
K16786	0.5189913431520905	0.48100865684790944
K16787	0.0299658514558665	0.9700341485441335
K16788	0.10808635496676289	0.8919136450332371
K16789	0.49511743426502575	0.5048825657349743
K16839	0.23090911227977728	0.7690908877202227
K16840	0.042805575360284065	0.9571944246397159
K16841	0.14976584898743628	0.8502341510125637
K16842	0.21176058603661152	0.7882394139633885
K16850	0.8088473032055581	0.19115269679444186
K16868	0.27930281414685443	0.7206971858531456
K16898	0.09396834140806665	0.9060316585919334
K16899	0.30230989400152686	0.6976901059984731
K16905	0.6388291403867199	0.3611708596132801
K16906	0.5757420836106176	0.4242579163893824
K16907	0.6408663317041997	0.3591336682958003
K16923	0.06763942346239038	0.9323605765376096
K16924	0.45906345307669105	0.540936546923309
K16925	0.7253766711262848	0.2746233288737152
K16926	0.20774394638958915	0.7922560536104108
K16927	0.34783890848158583	0.6521610915184142
K16950	0.25162140827633406	0.7483785917236659
K16951	0.060008250633743265	0.9399917493662567
K16957	0.12074557147819331	0.8792544285218067
K16958	0.559695838017455	0.44030416198254496
K16959	0.3201592608294387	0.6798407391705613
K16960	0.24096858053194137	0.7590314194680586
K17073	0.06608030444138868	0.9339196955586113
K17074	0.3364943009328083	0.6635056990671917
K17076	0.17099813784009243	0.8290018621599076
K17103	0.3905481381239211	0.6094518618760789
K17195	0.5820551494716857	0.41794485052831426
K17202	0.34873805909816435	0.6512619409018356
K17203	0.15743469584513192	0.8425653041548681
K17204	0.28157459546983954	0.7184254045301605
K17213	0.21286531667294217	0.7871346833270578
K17214	0.20470723971937632	0.7952927602806237
K17215	0.4863848929535194	0.5136151070464806
K17235	0.6833883933528557	0.3166116066471443
K17236	0.3020853862421865	0.6979146137578135
K17241	0.7853998103933922	0.2146001896066078
K17242	0.7890316435931234	0.21096835640687664
K17243	0.3901338927317971	0.6098661072682029
K17247	0.1258736952096825	0.8741263047903175
K17318	0.26223696117977124	0.7377630388202288
K17319	0.06545328952600216	0.9345467104739978
K17320	0.47302340809225163	0.5269765919077484
K17331	0.17053767980028456	0.8294623201997154
K17462	0.10150396644841553	0.8984960335515845
K17463	0.07264360355716071	0.9273563964428393
K17464	0.1102949930934004	0.8897050069065996
K17465	0.22116564745960898	0.778834352540391
K17466	0.22429367761408725	0.7757063223859127
K17467	0.0790303869601704	0.9209696130398296
K17468	0.3553876034599387	0.6446123965400613
K17473	0.06937935370365622	0.9306206462963438
K17624	0.8972019474583788	0.10279805254162118
K17675	0.2629489622945531	0.7370510377054469
K17680	0.9546289238610045	0.045371076138995464
K17686	0.02581755858372281	0.9741824414162772
K17713	0.2971783446081878	0.7028216553918122
K17716	0.09131196539095843	0.9086880346090416
K17722	0.1446953140523154	0.8553046859476846
K17723	0.9677686025669493	0.03223139743305065
K17733	0.24610079819260455	0.7538992018073954
K17734	0.17534951187642733	0.8246504881235727
K17758	0.6461196548295443	0.3538803451704558
K17759	0.959490111569776	0.04050988843022396
K17810	0.5206954974674753	0.47930450253252466
K17818	0.7368469407155205	0.26315305928447946
K17828	0.1467175449176803	0.8532824550823197
K17836	0.6660771175768005	0.3339228824231995
K17865	0.5298024243171114	0.47019757568288856
K17869	0.758014988445156	0.24198501155484398
K17898	0.7093235177389219	0.2906764822610781
K17938	0.06493714570655473	0.9350628542934453
K17948	0.10987516368763695	0.890124836312363
K17992	0.6192371817591631	0.38076281824083696
K18011	0.4967818484331722	0.5032181515668278
K18012	0.29734760490994305	0.702652395090057
K18013	0.8524959351801368	0.14750406481986325
K18014	0.30550705039493165	0.6944929496050684
K18094	0.5618347596127209	0.43816524038727905
K18095	0.6893476808955735	0.3106523191044265
K18104	0.776529238343018	0.22347076165698196
K18118	0.7222645460239177	0.2777354539760823
K18120	0.4556231034841941	0.5443768965158059
K18122	0.20448952712305069	0.7955104728769493
K18138	0.18665685363016316	0.8133431463698368
K18139	0.9738365671979288	0.026163432802071247
K18140	0.11833643746824285	0.8816635625317572
K18141	0.08915921747655298	0.910840782523447
K18142	0.15509771358410096	0.844902286415899
K18148	0.03769016057554797	0.962309839424452
K18149	0.1751765762718669	0.8248234237281331
K18205	0.24910353870646773	0.7508964612935323
K18214	0.4553797628244708	0.5446202371755292
K18220	0.8106481254770421	0.18935187452295785
K18231	0.03295232819709104	0.967047671802909
K18234	0.6122286827847345	0.3877713172152655
K18237	0.2933365432199332	0.7066634567800668
K18324	0.2565011707179652	0.7434988292820348
K18325	0.056821329160680056	0.9431786708393199
K18326	0.09491346602362494	0.9050865339763751
K18330	0.5760960296865532	0.42390397031344684
K18331	0.7786679151354607	0.22133208486453926
K18332	0.2823657339115414	0.7176342660884586
K18333	0.15243751007499218	0.8475624899250078
K18334	0.4924023003907727	0.5075976996092273
K18344	0.3707405319997885	0.6292594680002115
K18346	0.03302529234858598	0.966974707651414
K18349	0.10155361825602804	0.898446381743972
K18350	0.4750027499063676	0.5249972500936324
K18369	0.4870588579599634	0.5129411420400366
K18427	0.6223140446266051	0.37768595537339494
K18446	0.10669346639162558	0.8933065336083744
K18471	0.3375559138258907	0.6624440861741093
K18475	0.41586672882424247	0.5841332711757575
K18478	0.03801162439824224	0.9619883756017578
K18581	0.8958705622394435	0.10412943776055646
K18640	0.25602474168134004	0.74397525831866
K18650	0.6821077328687104	0.31789226713128954
K18657	0.012925432374860879	0.9870745676251391
K18672	0.338326592245617	0.661673407754383
K18673	0.03295925113249365	0.9670407488675064
K18675	0.3626517372027783	0.6373482627972217
K18682	0.16544822650121493	0.8345517734987851
K18691	0.22768751025573009	0.7723124897442699
K18692	0.06848253599083265	0.9315174640091674
K18697	0.009043136888640557	0.9909568631113594
K18702	0.5979974596780873	0.4020025403219127
K18704	0.12442262019766448	0.8755773798023355
K18707	0.758353046743703	0.2416469532562971
K18765	0.10772441892622975	0.8922755810737703
K18778	0.050813629414336425	0.9491863705856636
K18800	0.3874795397348535	0.6125204602651465
K18814	0.8676370236805724	0.13236297631942764
K18827	0.09214765117358947	0.9078523488264105
K18828	0.04230074464869582	0.9576992553513042
K18831	0.4225720485075607	0.5774279514924393
K18837	0.05512886347784385	0.9448711365221562
K18838	0.06442339627506388	0.9355766037249361
K18850	0.2910317459671069	0.7089682540328931
K18856	0.0995976265048174	0.9004023734951826
K18887	0.11202210047861727	0.8879778995213827
K18888	0.31847932951093605	0.681520670489064
K18889	0.01240347314934187	0.9875965268506581
K18890	0.02790140399418406	0.9720985960058159
K18895	0.08253008515380189	0.9174699148461981
K18898	0.12313413799603923	0.8768658620039608
K18899	0.13845644555335057	0.8615435544466494
K18907	0.15232148775420729	0.8476785122457927
K18910	0.07146814046036065	0.9285318595396393
K18918	0.05758136134250913	0.9424186386574909
K18922	0.5288072393565645	0.4711927606434355
K18926	0.4195005919224335	0.5804994080775665
K18928	0.7818954692699948	0.21810453073000527
K18929	0.6391056405319626	0.36089435946803733
K18930	0.4875164618821528	0.5124835381178472
K18954	0.1585328827760243	0.8414671172239757
K18955	0.8417429756666516	0.15825702433334843
K18968	0.4483239262969373	0.5516760737030627
K18979	0.3494319431625994	0.6505680568374006
K18988	0.3801931688087703	0.6198068311912297
K18991	0.22376212218141067	0.7762378778185893
K18997	0.36296848911517365	0.6370315108848263
K19002	0.3151359677524639	0.6848640322475361
K19005	0.3176139708873157	0.6823860291126843
K19048	0.09683534117861214	0.9031646588213879
K19050	0.9433406969434713	0.05665930305652863
K19052	0.9825003896802595	0.017499610319740476
K19055	0.08440329508130884	0.9155967049186912
K19068	0.49770024019374337	0.5022997598062566
K19092	0.05816460023395553	0.9418353997660445
K19115	0.05773747064757184	0.9422625293524282
K19117	0.31483503606127416	0.6851649639387258
K19118	0.608445078161306	0.391554921838694
K19119	0.6902984838543319	0.3097015161456681
K19127	0.1313003417791605	0.8686996582208395
K19128	0.1295814417535549	0.8704185582464451
K19129	0.03879940552894423	0.9612005944710558
K19147	0.630983186417779	0.36901681358222105
K19157	0.18318678923986786	0.8168132107601321
K19158	0.5618109230538433	0.4381890769461568
K19159	0.17951201530535743	0.8204879846946426
K19160	0.06293595800801488	0.9370640419919851
K19162	0.3119675185966674	0.6880324814033326
K19163	0.0838101160796283	0.9161898839203717
K19164	0.40638760216341085	0.5936123978365891
K19168	0.02504731150764783	0.9749526884923522
K19221	0.10815889103230458	0.8918411089676954
K19222	0.09881010231381004	0.90118989768619
K19225	0.9376650193346754	0.06233498066532462
K19226	0.025477434309335356	0.9745225656906646
K19227	0.24784691364416211	0.7521530863558379
K19228	0.21801156859525983	0.7819884314047402
K19229	0.22361015942747642	0.7763898405725236
K19230	0.1774530052122706	0.8225469947877294
K19234	0.2074571576245463	0.7925428423754537
K19235	0.4998665378489794	0.5001334621510206
K19236	0.060275265649429643	0.9397247343505704
K19265	0.10229947201573075	0.8977005279842692
K19267	0.5925390251318796	0.40746097486812033
K19268	0.04844746230696484	0.9515525376930352
K19270	0.14659248181134865	0.8534075181886513
K19271	0.9296509602143849	0.07034903978561512
K19285	0.3369330875163026	0.6630669124836974
K19286	0.5570089151833377	0.4429910848166623
K19294	0.3541258344406256	0.6458741655593744
K19302	0.5581813437997545	0.4418186562002456
K19303	0.3074074133749658	0.6925925866250342
K19304	0.3351740045108915	0.6648259954891085
K19309	0.10293716015909393	0.8970628398409061
K19310	0.049154341128552215	0.9508456588714478
K19333	0.5247153409670364	0.4752846590329635
K19334	0.022874048943895664	0.9771259510561043
K19337	0.570548367851895	0.42945163214810494
K19338	0.5850360640579839	0.4149639359420161
K19350	0.29394485491076516	0.7060551450892348
K19353	0.26338096343459927	0.7366190365654007
K19354	0.49366288939653935	0.5063371106034606
K19405	0.15696432281054018	0.8430356771894598
K19411	0.7534357438850989	0.24656425611490107
K19416	0.3598472242097144	0.6401527757902856
K19421	0.35453723755334776	0.6454627624466522
K19424	0.2504940710283591	0.7495059289716409
K19427	0.4568556503743523	0.5431443496256477
K19504	0.035595363634476684	0.9644046363655233
K19505	0.1481693567055482	0.8518306432944518
K19506	0.1049219516695693	0.8950780483304307
K19507	0.031056352624524552	0.9689436473754754
K19508	0.009732090638069124	0.9902679093619309
K19509	0.16202816074428128	0.8379718392557187
K19510	0.22941157810105572	0.7705884218989443
K19545	0.2822608071367735	0.7177391928632265
K19577	0.04038123358900536	0.9596187664109946
K19585	0.04980615367196528	0.9501938463280347
K19586	0.23456883038576315	0.7654311696142369
K19587	0.2370867669447202	0.7629132330552798
K19591	0.09208500057560609	0.9079149994243939
K19611	0.8659974511760069	0.13400254882399315
K19689	0.851942460506791	0.14805753949320896
K19697	0.07750650433189876	0.9224934956681012
K19709	0.07321816049002361	0.9267818395099764
K19710	0.46687437421590294	0.5331256257840971
K19745	0.10963593889839007	0.8903640611016099
K19775	0.1148251331039678	0.8851748668960322
K19776	0.2828102462825869	0.7171897537174131
K19784	0.19860238988745482	0.8013976101125452
K19789	0.5772452603529812	0.42275473964701876
K19802	0.49488195801712753	0.5051180419828725
K19803	0.10275434055466726	0.8972456594453327
K19804	0.3117272470369682	0.6882727529630318
K19810	0.34417353653055494	0.6558264634694451
K19824	0.5540086553151272	0.4459913446848728
K19837	0.6323220409484542	0.3676779590515458
K19954	0.7857948388551504	0.21420516114484958
K19955	0.4129770165518991	0.5870229834481009
K19956	0.08626075567852032	0.9137392443214797
K19997	0.9229148138061473	0.07708518619385278
K20023	0.382278145153205	0.617721854846795
K20037	0.2394396900356336	0.7605603099643664
K20038	0.46374334134566386	0.5362566586543361
K20073	0.1598034163699994	0.8401965836300006
K20074	0.3437296672552149	0.6562703327447851
K20107	0.14525945538163665	0.8547405446183634
K20108	0.21112489970228687	0.7888751002977131
K20114	0.15147342702054933	0.8485265729794507
K20116	0.4447603658480045	0.5552396341519955
K20117	0.6874993884304312	0.3125006115695687
K20118	0.29567503736633616	0.7043249626336638
K20263	0.1578503882108564	0.8421496117891436
K20264	0.23032274992036994	0.7696772500796301
K20265	0.4533895755457047	0.5466104244542953
K20276	0.4154745921873997	0.5845254078126003
K20342	0.057146435454001776	0.9428535645459982
K20344	0.5490304598295358	0.4509695401704642
K20345	0.5922843405644962	0.4077156594355038
K20415	0.36232657661069956	0.6376734233893004
K20429	0.18820272970465268	0.8117972702953473
K20444	0.28540272520126486	0.7145972747987351
K20459	0.9075639931968682	0.0924360068031318
K20460	0.7137185524458107	0.2862814475541893
K20461	0.49495611307081433	0.5050438869291857
K20480	0.14587536904507425	0.8541246309549257
K20487	0.2840284678120234	0.7159715321879766
K20488	0.24657499033865915	0.7534250096613408
K20490	0.6166931709640882	0.3833068290359118
K20491	0.23145922118379736	0.7685407788162026
K20492	0.2852919742664759	0.7147080257335241
K20509	0.909166900972194	0.09083309902780605
K20534	0.3458573457116698	0.6541426542883302
K20541	0.5079602049851155	0.49203979501488454
K20542	0.4553617378931779	0.5446382621068221
K20543	0.032846756133051325	0.9671532438669487
K20609	0.23682530992040296	0.763174690079597
K20765	0.2721915351187859	0.7278084648812141
K20814	0.38885076251374784	0.6111492374862522
K20861	0.22409894705026945	0.7759010529497306
K20862	0.1547203662981752	0.8452796337018248
K20866	0.6969702580417176	0.3030297419582824
K20881	0.10577794073759672	0.8942220592624033
K20920	0.105246691735154	0.894753308264846
K20938	0.36668137035064396	0.633318629649356
K21011	0.6256320984632047	0.37436790153679533
K21012	0.2730604378547955	0.7269395621452045
K21021	0.5092716223724574	0.49072837762754257
K21028	0.1228336598639761	0.8771663401360239
K21029	0.4917579205423407	0.5082420794576593
K21063	0.9795860975800977	0.020413902419902236
K21064	0.17058864864199952	0.8294113513580005
K21065	0.9759907843786508	0.024009215621349216
K21071	0.3472383611316622	0.6527616388683378
K21084	0.5947740992687054	0.4052259007312946
K21085	0.1115945896882411	0.8884054103117589
K21086	0.22363492271853413	0.7763650772814659
K21087	0.18154837066471585	0.8184516293352841
K21088	0.6776949601357739	0.3223050398642261
K21089	0.17942677050745903	0.820573229492541
K21090	0.3548568226984784	0.6451431773015216
K21132	0.933892530713001	0.0661074692869989
K21298	0.08762583666143753	0.9123741633385625
K21393	0.09519943033909595	0.904800569660904
K21394	0.3244962902827414	0.6755037097172586
K21395	0.019297671944375483	0.9807023280556245
K21400	0.5804368685414547	0.41956313145854535
K21405	0.05924019648059975	0.9407598035194003
K21416	0.37381439290967045	0.6261856070903296
K21417	0.154071556384075	0.845928443615925
K21430	0.07102658255145022	0.9289734174485498
K21449	0.20791479835551674	0.7920852016444833
K21464	0.24451855159875913	0.7554814484012409
K21465	0.4427946766921661	0.5572053233078339
K21467	0.17079851637264298	0.829201483627357
K21469	0.5223608402055072	0.4776391597944928
K21470	0.12304751217736842	0.8769524878226316
K21471	0.019098741940381414	0.9809012580596186
K21472	0.07042547951150169	0.9295745204884983
K21495	0.24942992328810332	0.7505700767118967
K21498	0.5948437079751023	0.4051562920248977
K21511	0.34985145250836835	0.6501485474916316
K21512	0.18018104014252778	0.8198189598574722
K21528	0.3477294757752374	0.6522705242247626
K21557	0.9711716968604793	0.028828303139520728
K21567	0.1780530455457544	0.8219469544542456
K21571	0.8772899520896007	0.12271004791039934
K21572	0.9489071239928063	0.05109287600719373
K21573	0.9445145164465083	0.05548548355349168
K21574	0.9480931858769048	0.05190681412309512
K21575	0.9693357651533737	0.030664234846626236
K21576	0.1917191254248778	0.8082808745751222
K21577	0.14233059847584173	0.8576694015241583
K21578	0.6903299691305749	0.3096700308694251
K21583	0.14332921505027918	0.8566707849497208
K21600	0.40433642646805756	0.5956635735319424
K21602	0.2650580731540608	0.7349419268459392
K21613	0.03283670162651442	0.9671632983734856
K21636	0.0356683529963806	0.9643316470036194
K21638	0.7667646062089222	0.23323539379107783
K21645	0.009591457446260776	0.9904085425537392
K21672	0.5978979926663686	0.4021020073336314
K21681	0.9208141161840302	0.07918588381596982
K21695	0.15020647194359793	0.8497935280564021
K21698	0.2501535238598479	0.7498464761401521
K21739	0.9165322863645661	0.08346771363543395
K21741	0.37426129880164405	0.625738701198356
K21742	0.0933371636881074	0.9066628363118926
K21746	0.05295707229881497	0.947042927701185
K21755	0.16542834384531857	0.8345716561546814
K21885	0.28103565932478736	0.7189643406752126
K21898	0.22648650057111375	0.7735134994288863
K21901	0.6480280035249669	0.3519719964750331
K21903	0.2815567119444684	0.7184432880555316
K21905	0.755112046538299	0.24488795346170106
K21906	0.022650354279083684	0.9773496457209163
K21907	0.03081698774458952	0.9691830122554105
K21908	0.3629874595269471	0.6370125404730529
K21929	0.23561154070288248	0.7643884592971175
K21936	0.596752983099786	0.40324701690021403
K21948	0.11314455083213248	0.8868554491678675
K21963	0.2376921325112331	0.7623078674887669
K21964	0.32625673163991153	0.6737432683600885
K21965	0.6209705657677556	0.3790294342322445
K21966	0.20961229107476442	0.7903877089252356
K21967	0.11979087190220672	0.8802091280977933
K21968	0.154214694571153	0.845785305428847
K21972	0.09995337388566006	0.9000466261143399
K21973	0.16281061619592874	0.8371893838040713
K21975	0.3408301458063018	0.6591698541936982
K21977	0.2127638444634733	0.7872361555365267
K21990	0.3659639837893295	0.6340360162106705
K21993	0.4683332991967828	0.5316667008032172
K22010	0.29741384242157043	0.7025861575784296
K22014	0.27458328830450485	0.7254167116954952
K22015	0.23904889518270767	0.7609511048172923
K22024	0.19286353946592072	0.8071364605340793
K22041	0.09410002156935382	0.9058999784306462
K22044	0.6407890711515097	0.35921092884849026
K22051	0.04698379680743503	0.953016203192565
K22104	0.2384560656743192	0.7615439343256808
K22105	0.06005381260046794	0.9399461873995321
K22110	0.11207399444495525	0.8879260055550448
K22111	0.15704098252631093	0.8429590174736891
K22129	0.25871808140053976	0.7412819185994602
K22130	0.7307440573455442	0.2692559426544559
K22131	0.04726023139965363	0.9527397686003464
K22132	0.8793851686061779	0.12061483139382212
K22212	0.616302218850729	0.383697781149271
K22214	0.49752328267447343	0.5024767173255266
K22226	0.9148525778649461	0.08514742213505394
K22230	0.3713410221963751	0.6286589778036249
K22270	0.1270814584506329	0.8729185415493671
K22278	0.015963238622024978	0.984036761377975
K22293	0.32031015738658164	0.6796898426134184
K22306	0.756561741432555	0.2434382585674451
K22315	0.8005517689608016	0.19944823103919837
K22349	0.10353692590254404	0.896463074097456
K22373	0.6815277852900007	0.3184722147099993
K22396	0.07250733468166826	0.9274926653183317
K22397	0.1696700510209187	0.8303299489790813
K22405	0.6336217878538655	0.36637821214613453
K22430	0.4227276032719608	0.5772723967280392
K22431	0.12219150116503907	0.8778084988349609
K22432	0.40092322074325404	0.599076779256746
K22441	0.6706935396199956	0.3293064603800044
K22457	0.2730260518830283	0.7269739481169717
K22477	0.3588728348169278	0.6411271651830722
K00086	0.3377499324319698	0.6622500675680302
K00209	0.35625188684291653	0.6437481131570835
K00231	0.8160427450494446	0.18395725495055534
K00303	0.5898866876981389	0.4101133123018611
K00318	0.8401374421261725	0.1598625578738275
K00448	0.040325735464648016	0.959674264535352
K00520	0.18239181212649636	0.8176081878735036
K00561	0.39853766444510663	0.6014623355548934
K00603	0.6052286919020354	0.39477130809796457
K00689	0.48106369806470484	0.5189363019352952
K00721	0.9525463340690193	0.04745366593098068
K00844	0.9833291185719999	0.016670881428000075
K00895	0.7357629775018943	0.2642370224981056
K00897	0.3625124394283519	0.6374875605716481
K00984	0.1908637054774749	0.8091362945225251
K01156	0.719947265944423	0.28005273405557696
K01218	0.746705492717564	0.2532945072824359
K01235	0.5904231865931187	0.4095768134068814
K01361	0.24528950797693605	0.754710492023064
K01593	0.800544210399633	0.199455789600367
K01761	0.7443602235954667	0.2556397764045332
K01771	0.9729167591933245	0.027083240806675513
K01841	0.3090041904648334	0.6909958095351666
K01856	0.1327859467146616	0.8672140532853384
K01968	0.6217472050617207	0.37825279493827935
K02463	0.029051668755803006	0.970948331244197
K02508	0.052670717729514815	0.9473292822704852
K02611	0.39795134758985673	0.6020486524101433
K02671	0.7668367549775581	0.23316324502244187
K03146	0.9428578368723974	0.057142163127602556
K04561	0.04555277446993833	0.9544472255300617
K05338	0.3244683294834545	0.6755316705165455
K05603	0.11760748054990189	0.8823925194500981
K05713	0.13742989499610236	0.8625701050038976
K05714	0.03515859464989923	0.9648414053501008
K05795	0.2652514689388661	0.7347485310611339
K05836	0.04876303645132829	0.9512369635486717
K05921	0.14780693602707784	0.8521930639729222
K05988	0.5397244450246831	0.4602755549753169
K06310	0.14497725405424877	0.8550227459457512
K06320	0.8383130609974495	0.1616869390025505
K06403	0.6793743677727243	0.3206256322272757
K06893	0.39156414874093093	0.6084358512590691
K06903	0.1135074851067599	0.8864925148932401
K06905	0.15502762878277965	0.8449723712172204
K06989	0.6050346959440076	0.39496530405599234
K06994	0.06387178006684324	0.9361282199331568
K07016	0.37020926612469485	0.6297907338753052
K07130	0.16826170557398124	0.8317382944260188
K07168	0.21081911279633714	0.7891808872036629
K07316	0.9350196285764992	0.0649803714235008
K07401	0.1002568360831051	0.8997431639168949
K07450	0.3537863899333783	0.6462136100666217
K07469	0.6400401335382948	0.35995986646170514
K07492	0.08595730220004005	0.91404269779996
K07502	0.2720723742785047	0.7279276257214953
K07504	0.7643819965020713	0.23561800349792875
K07505	0.07286616970202564	0.9271338302979744
K07707	0.03976607668786003	0.96023392331214
K07775	0.5446780882601701	0.45532191173982994
K08152	0.18954588945894468	0.8104541105410553
K08357	0.361326348047991	0.638673651952009
K08363	0.5908532621437317	0.40914673785626826
K08365	0.17849332740643675	0.8215066725935632
K08566	0.4405922056464242	0.5594077943535758
K08676	0.9252283483689274	0.07477165163107252
K09002	0.8213752132880898	0.17862478671191012
K09011	0.8217384112067311	0.17826158879326892
K09123	0.20098276402709891	0.7990172359729011
K09459	0.5617506147277553	0.4382493852722446
K09472	0.2972306765678233	0.7027693234321767
K09770	0.44407128217571545	0.5559287178242845
K09797	0.9685667097895131	0.03143329021048686
K09924	0.534234946099047	0.4657650539009531
K09932	0.07163583756853387	0.9283641624314661
K10241	0.4081134976057972	0.5918865023942028
K10747	0.24097879705733827	0.7590212029426617
K11004	0.4038307841449007	0.5961692158550993
K11008	0.2947675022160391	0.7052324977839609
K11527	0.9864971678386566	0.01350283216134335
K11690	0.627655931044119	0.372344068955881
K11709	0.47705481616316503	0.522945183836835
K11959	0.13180666786900963	0.8681933321309904
K12070	0.5925090691108801	0.4074909308891199
K12072	0.0510171716608353	0.9489828283391647
K12218	0.05316422986997693	0.9468357701300231
K12240	0.5580609120377447	0.44193908796225534
K12255	0.13900093857057516	0.8609990614294248
K12268	0.6975000848136412	0.30249991518635877
K12296	0.20559096587002568	0.7944090341299743
K12343	0.9700771608957379	0.029922839104262133
K12472	0.32276874618198403	0.677231253818016
K12997	0.7001514090506696	0.29984859094933036
K13075	0.3105801430478512	0.6894198569521488
K13607	0.488270125184746	0.511729874815254
K13668	0.9456891253184362	0.054310874681563794
K13732	0.21127910270839123	0.7887208972916088
K13818	0.7205457681636767	0.27945423183632334
K14057	0.28646963538763903	0.713530364612361
K14379	0.9728383824921356	0.027161617507864406
K15269	0.3870053942451799	0.6129946057548201
K15531	0.8944296652377046	0.10557033476229534
K15876	0.9601131588054367	0.03988684119456328
K15894	0.7213677393434227	0.2786322606565773
K15922	0.19000337779206933	0.8099966222079307
K16014	0.20213784856281947	0.7978621514371805
K16165	0.3604564162526166	0.6395435837473834
K16211	0.9406816251175922	0.05931837488240772
K16213	0.2454500709640305	0.7545499290359695
K16650	0.1935876850017343	0.8064123149982657
K17218	0.9847251690014289	0.015274830998571068
K17234	0.8487976021147396	0.15120239788526038
K18197	0.9827067531407259	0.017293246859274188
K18206	0.9166982345752134	0.08330176542478666
K18244	0.1925293330591391	0.8074706669408609
K18320	0.6600978199157015	0.33990218008429846
K18445	0.2618452338113083	0.7381547661886917
K18474	0.4634722839674459	0.5365277160325541
K18480	0.364427620415291	0.635572379584709
K18785	0.5415863905718443	0.4584136094281556
K18829	0.29462460290206616	0.7053753970979338
K19046	0.6824973866979923	0.3175026133020077
K19049	0.9559386792633869	0.04406132073661307
K19057	0.34995425768198063	0.6500457423180194
K19058	0.1331209881037042	0.8668790118962958
K19059	0.3982944282682618	0.6017055717317382
K19075	0.8830990815777001	0.11690091842229991
K19090	0.8039482449073007	0.19605175509269934
K19123	0.1274849709265805	0.8725150290734195
K19124	0.2395492012600805	0.7604507987399195
K19125	0.17268249684676795	0.827317503153232
K19126	0.6594202574381303	0.34057974256186974
K19139	0.5830277327469098	0.4169722672530902
K19140	0.5169185489239918	0.48308145107600825
K19165	0.4466244679541882	0.5533755320458118
K19166	0.1080472212421778	0.8919527787578222
K19170	0.8497561351102231	0.1502438648897769
K19171	0.8703910711135843	0.1296089288864158
K19180	0.3768585087979617	0.6231414912020383
K19224	0.18649871023918296	0.813501289760817
K19428	0.9777279186457457	0.022272081354254323
K19431	0.2778495325704854	0.7221504674295146
K19540	0.7192384134407612	0.28076158655923883
K20483	0.4237324399259754	0.5762675600740246
K20484	0.6622664147668165	0.3377335852331836
K20533	0.12082630232738889	0.8791736976726111
K20885	0.867985327968219	0.132014672031781
K20903	0.5912338089457934	0.40876619105420664
K20904	0.2573873255761351	0.7426126744238649
K21030	0.44922256330334775	0.5507774366966522
K21350	0.4118826198890313	0.5881173801109687
K21397	0.5688131048744443	0.43118689512555575
K21688	0.20710040313351463	0.7928995968664854
K21712	0.36773384319599933	0.6322661568040007
K22103	0.4774378684524364	0.5225621315475636
K22227	0.6498347118583843	0.3501652881416158
K22300	0.03382968810641396	0.966170311893586
K22330	0.39476170247094855	0.6052382975290514
K22489	0.046013048613307905	0.9539869513866921
K00015	0.9466335288722806	0.053366471127719445
K00274	0.8919876221570564	0.10801237784294357
K00294	0.9761704584334036	0.023829541566596397
K00394	0.4462457032930506	0.5537542967069494
K00395	0.35287578894943206	0.6471242110505679
K00435	0.46539599678771415	0.5346040032122858
K00819	0.8788683801065995	0.12113161989340047
K00972	0.7845900733200009	0.2154099266799991
K01046	0.5053862174114485	0.49461378258855154
K01181	0.8956170232389936	0.10438297676100643
K01322	0.9312607420521641	0.06873925794783584
K01601	0.23081467621059615	0.7691853237894039
K02022	0.9586270759279073	0.04137292407209271
K02136	0.4989711332619474	0.5010288667380526
K03219	0.3074349388960257	0.6925650611039743
K03225	0.12217037670911624	0.8778296232908838
K03226	0.5201084241129666	0.47989157588703335
K03228	0.17624770521425592	0.8237522947857441
K03229	0.3085974350341991	0.6914025649658009
K03230	0.6567793224700471	0.3432206775299529
K03388	0.5287201225062711	0.4712798774937289
K03389	0.67775461166721	0.32224538833279
K03390	0.608538210159784	0.39146178984021596
K03409	0.38954250564941995	0.61045749435058
K05305	0.753912504784356	0.24608749521564394
K05658	0.7290235420723623	0.2709764579276377
K05708	0.3197181942760924	0.6802818057239076
K05711	0.07447503089038265	0.9255249691096173
K05817	0.6755548356553343	0.32444516434466575
K05967	0.7942424023214519	0.2057575976785481
K06331	0.34622174881278267	0.6537782511872173
K07096	0.9508636190767292	0.049136380923270793
K07353	0.3135944297160157	0.6864055702839843
K07356	0.18549788407948942	0.8145021159205106
K07739	0.7395366501121464	0.2604633498878536
K07777	0.8503429299880038	0.1496570700119962
K08717	0.8019098083742369	0.1980901916257631
K09124	0.8777855607724013	0.12221443922759868
K09128	0.6929123280417379	0.30708767195826214
K09469	0.4556923401061327	0.5443076598938673
K09515	0.3046258525341875	0.6953741474658125
K09789	0.9755848597294444	0.02441514027055561
K09939	0.9904481212795727	0.009551878720427263
K09960	0.07027185463374541	0.9297281453662546
K10120	0.3819855072930849	0.6180144927069151
K10122	0.8964936260305467	0.10350637396945322
K11177	0.6860331842615756	0.31396681573842444
K11178	0.2929692571553614	0.7070307428446386
K11332	0.12926187028943636	0.8707381297105636
K11778	0.849277571089605	0.15072242891039506
K11920	0.675313598467663	0.3246864015323369
K12138	0.24966456433562334	0.7503354356643767
K12139	0.3855643815257579	0.6144356184742421
K12140	0.8453005037519138	0.1546994962480862
K12141	0.617284857502413	0.38271514249758704
K12142	0.11978695048988675	0.8802130495101133
K12146	0.321850967410897	0.678149032589103
K12506	0.35912607103575334	0.6408739289642467
K13002	0.9690619531155568	0.03093804688444326
K13285	0.5423367251140133	0.4576632748859867
K13287	0.2117409687735642	0.7882590312264358
K13927	0.11325722102532998	0.88674277897467
K14048	0.9515743321494384	0.0484256678505616
K14127	0.2949529467752564	0.7050470532247436
K15212	0.2709032137497479	0.7290967862502521
K15725	0.8988277144451978	0.10117228555480214
K15835	0.22824293275402785	0.7717570672459722
K16936	0.9300239208304157	0.06997607916958425
K16937	0.9707438093006199	0.029256190699380093
K17947	0.9572020020556614	0.042797997944338535
K18015	0.14144871019221827	0.8585512898077817
K18221	0.5528827527422902	0.44711724725770985
K18345	0.38664772123995084	0.6133522787600492
K18430	0.4496281477084414	0.5503718522915586
K18479	0.7778658710387609	0.22213412896123907
K18530	0.39552503913667714	0.6044749608633229
K18531	0.1461728443337169	0.8538271556662831
K18589	0.6522035937890622	0.3477964062109377
K18986	0.3806242470128174	0.6193757529871826
K19134	0.6133248383961485	0.3866751616038515
K19155	0.23054198277487437	0.7694580172251256
K19335	0.3605638556230041	0.6394361443769959
K19336	0.0945597494078182	0.9054402505921818
K19355	0.9058606556111128	0.09413934438888717
K19429	0.9753592605448204	0.024640739455179677
K20382	0.5029213967992089	0.4970786032007911
K21023	0.22681246979535807	0.7731875302046419
K21140	0.16613584622164712	0.8338641537783529
K21364	0.9516968802426139	0.0483031197573861
K21556	0.7789168627794287	0.22108313722057132
K22074	0.3448651485448424	0.6551348514551576
K22443	0.3376113334234232	0.6623886665765768
K22444	0.25163226567739805	0.748367734322602
K22486	0.3659575666638907	0.6340424333361093
K22488	0.6558204401239189	0.34417955987608106
K00148	0.08929174376702764	0.9107082562329724
K01039	0.6661580940696821	0.333841905930318
K01434	0.6644373050827092	0.33556269491729085
K01473	0.8087820290781794	0.1912179709218206
K03196	0.10386097689269425	0.8961390231073058
K03204	0.3973878398379025	0.6026121601620975
K06906	0.8148040577947694	0.18519594220523064
K08256	0.6408109737033303	0.35918902629666966
K11707	0.2630411712480494	0.7369588287519506
K11708	0.838869526917123	0.161130473082877
K11710	0.9616788050650052	0.03832119493499476
K12203	0.14345240322558395	0.856547596774416
K12204	0.07229896661139534	0.9277010333886047
K12206	0.1623525645113406	0.8376474354886594
K12209	0.2560650204425904	0.7439349795574096
K12211	0.06859165282410529	0.9314083471758947
K12213	0.09458984019417882	0.9054101598058212
K12214	0.1566548330294485	0.8433451669705515
K12217	0.17486953482738865	0.8251304651726113
K12228	0.08026971375057834	0.9197302862494217
K13923	0.08326683141490998	0.91673316858509
K17816	0.5330266666497567	0.4669733333502433
K19132	0.25903788447306	0.74096211552694
K19299	0.7503677611036286	0.24963223889637146
K19883	0.09863459482393455	0.9013654051760654
K02021	0.46266949088744713	0.5373305091125529
K02651	0.9418075877440185	0.058192412255981506
K03301	0.41180081793421197	0.588199182065788
K04343	0.2922142585633255	0.7077857414366745
K05521	0.6819550871501586	0.3180449128498414
K08151	0.2569567890858113	0.7430432109141887
K15505	0.5919654486000699	0.40803455139993006
K15898	0.9603091013248403	0.03969089867515977
K16515	0.2764116160190023	0.7235883839809977
K16516	0.13099937157444863	0.8690006284255514
K18824	0.4962146127890624	0.5037853872109376
K19793	0.5875171849975958	0.4124828150024043
K20489	0.5548807704479154	0.4451192295520846
K01236	0.2863745659240463	0.7136254340759537
K03194	0.18229470161774808	0.8177052983822519
K03195	0.3616133785950425	0.6383866214049575
K03201	0.25651648556125983	0.7434835144387402
K03203	0.24386429209123528	0.7561357079087647
K06120	0.18863969335423625	0.8113603066457638
K07128	0.12504667656491186	0.8749533234350881
K09882	0.68667747782088	0.31332252217912004
K10242	0.5576321664585642	0.4423678335414359
K11083	0.05741218544261728	0.9425878145573827
K12979	0.056480285682049436	0.9435197143179506
K15054	0.5307861399252344	0.4692138600747656
K18146	0.08152187246550646	0.9184781275344935
K18301	0.3434150484547036	0.6565849515452964
K18476	0.14826486945245287	0.8517351305475471
K19231	0.18116618342387958	0.8188338165761204
K19273	0.30686602638193194	0.6931339736180681
K01561	0.3542935623828457	0.6457064376171543
K07076	0.7022404144996741	0.29775958550032583
K08222	0.47606598519762977	0.5239340148023702
K10240	0.33738376779043755	0.6626162322095625
K12454	0.5726575247021852	0.4273424752978148
K13990	0.9276550589973624	0.0723449410026375
K19262	0.3434804810214481	0.6565195189785519
K21076	0.3453273217060052	0.6546726782939948
K21923	0.26600643120716694	0.7339935687928331
K13403	0.18637954817673963	0.8136204518232604
K13663	0.40933475862154456	0.5906652413784554
K10673	0.23222323630284114	0.7677767636971589
K12733	0.6570869994111042	0.3429130005888958
K14153	0.6456942500271667	0.35430574997283326
K15924	0.8145691809715142	0.18543081902848577
K21749	0.9613914999377304	0.03860850006226954
K09141	0.42932597496104263	0.5706740250389574
K12685	0.8291064820368709	0.17089351796312915
K18698	0.09460905392348928	0.9053909460765107
K19175	0.40184169297295513	0.5981583070270449
K15739	0.8619531699352916	0.13804683006470844
K12990	0.9259855564824031	0.07401444351759691
K18959	0.5490015108687569	0.450998489131243
K22311	0.46403718080711176	0.5359628191928882
K16323	0.5928125511429907	0.40718744885700925
PF00004	0.8259568958145783	0.17404310418542165
PF00005	0.19333523287086152	0.8066647671291385
PF00006	0.13904012098365426	0.8609598790163457
PF00009	0.16957291080188375	0.8304270891981163
PF00011	0.06502550731004908	0.9349744926899509
PF00012	0.2589219974931255	0.7410780025068745
PF00015	0.5544139576485128	0.44558604235148724
PF00023	0.7292611836790142	0.2707388163209858
PF00027	0.8088652714984838	0.19113472850151625
PF00036	0.7346283006337309	0.2653716993662692
PF00037	0.34115751796935134	0.6588424820306487
PF00041	0.6508861696390169	0.34911383036098304
PF00044	0.4053538761798694	0.5946461238201306
PF00056	0.9417179497717463	0.058282050228253744
PF00069	0.8248244814971784	0.17517551850282168
PF00070	0.025105407507736377	0.9748945924922636
PF00072	0.42775441797152824	0.5722455820284718
PF00075	0.013764634057452207	0.9862353659425478
PF00076	0.9102163517892631	0.08978364821073692
PF00078	0.5512265231616382	0.44877347683836183
PF00079	0.050562053165309595	0.9494379468346904
PF00082	0.14815711806775123	0.8518428819322488
PF00083	0.7283123168062073	0.27168768319379266
PF00085	0.7082034373059405	0.29179656269405957
PF00089	0.20464958667999755	0.7953504133200024
PF00091	0.2138372833340877	0.7861627166659123
PF00092	0.3816626908410934	0.6183373091589066
PF00106	0.6764776990070482	0.3235223009929517
PF00107	0.19447133048138587	0.8055286695186141
PF00108	0.44868463518185675	0.5513153648181432
PF00109	0.6605629315810486	0.3394370684189514
PF00111	0.03617234749729348	0.9638276525027065
PF00112	0.6972630826152711	0.30273691738472885
PF00113	0.6479329797854433	0.3520670202145567
PF00115	0.42226115302035216	0.5777388469796478
PF00117	0.11286289448745812	0.8871371055125419
PF00118	0.6645771022238338	0.33542289777616613
PF00119	0.060605072092240864	0.9393949279077591
PF00120	0.6803338783661879	0.3196661216338122
PF00121	0.023599643417931637	0.9764003565820684
PF00122	0.29574423454830445	0.7042557654516955
PF00126	0.053440115572488955	0.946559884427511
PF00128	0.29079665732734317	0.7092033426726568
PF00132	0.44826263896739726	0.5517373610326027
PF00133	0.14006221355912107	0.8599377864408789
PF00135	0.35987617541653527	0.6401238245834647
PF00137	0.05034680825890203	0.949653191741098
PF00140	0.04826446756944014	0.9517355324305599
PF00141	0.10394813097294497	0.896051869027055
PF00142	0.6718371714580766	0.32816282854192336
PF00144	0.8511138367314315	0.14888616326856854
PF00145	0.4610467696774315	0.5389532303225685
PF00146	0.7907081916324666	0.20929180836753333
PF00148	0.47384231368799545	0.5261576863120045
PF00149	0.8734951993066506	0.1265048006933494
PF00150	0.6983596486097473	0.3016403513902527
PF00152	0.9138009615525013	0.08619903844749863
PF00154	0.7995618812742032	0.20043811872579673
PF00155	0.7267067835402162	0.27329321645978377
PF00156	0.26533322761105294	0.7346667723889471
PF00158	0.5844842733367577	0.4155157266632424
PF00160	0.7189430062588302	0.28105699374116977
PF00162	0.11744443479995992	0.8825555652000401
PF00163	0.1993801107805424	0.8006198892194576
PF00164	0.8206043625076866	0.1793956374923134
PF00165	0.27409623826281615	0.7259037617371839
PF00166	0.042871266922165585	0.9571287330778344
PF00171	0.09297216613197479	0.9070278338680252
PF00174	0.23053546560889693	0.7694645343911031
PF00175	0.08468496068914455	0.9153150393108554
PF00176	0.48103456861920546	0.5189654313807945
PF00177	0.04852957310849049	0.9514704268915095
PF00180	0.7306636905085618	0.26933630949143816
PF00181	0.08836799439078968	0.9116320056092103
PF00182	0.18275131170342906	0.8172486882965709
PF00183	0.24629218909516915	0.7537078109048309
PF00185	0.029790892985818496	0.9702091070141815
PF00186	0.2173038973059097	0.7826961026940903
PF00188	0.4506564733972406	0.5493435266027594
PF00189	0.5447258772780541	0.45527412272194595
PF00194	0.09513809582252952	0.9048619041774705
PF00196	0.5784427726440637	0.4215572273559363
PF00198	0.27428465013887426	0.7257153498611257
PF00199	0.11419623924223732	0.8858037607577627
PF00202	0.6458788016504515	0.35412119834954847
PF00203	0.578568417500551	0.421431582499449
PF00204	0.6559384143345948	0.3440615856654053
PF00205	0.3189479776066916	0.6810520223933084
PF00206	0.5410060087939341	0.4589939912060658
PF00207	0.9776673758681804	0.02233262413181962
PF00208	0.815945262521663	0.18405473747833703
PF00209	0.864151143405103	0.13584885659489698
PF00210	0.40661005775540404	0.593389942244596
PF00213	0.44009222601075204	0.559907773989248
PF00215	0.42325995241704994	0.57674004758295
PF00216	0.5746439066860289	0.425356093313971
PF00217	0.5342309792525346	0.46576902074746535
PF00218	0.03746658304307149	0.9625334169569285
PF00221	0.6870244087159392	0.3129755912840608
PF00224	0.3087752453109821	0.6912247546890179
PF00226	0.4348103225223744	0.5651896774776256
PF00230	0.3900209416895094	0.6099790583104906
PF00231	0.5512850486437435	0.44871495135625655
PF00232	0.1902694588674888	0.8097305411325112
PF00237	0.8454472300974317	0.15455276990256825
PF00238	0.48726501162600366	0.5127349883739963
PF00239	0.7827029348365206	0.21729706516347932
PF00245	0.8816235359304784	0.11837646406952167
PF00246	0.41497293021164994	0.5850270697883501
PF00248	0.13790059869428262	0.8620994013057174
PF00249	0.9540463116822254	0.04595368831777461
PF00251	0.21656290628086816	0.7834370937191318
PF00252	0.6512297426762457	0.34877025732375433
PF00253	0.13759418376533006	0.8624058162346699
PF00254	0.4402447658141272	0.5597552341858728
PF00258	0.2534553996048985	0.7465446003951015
PF00263	0.6537888326263869	0.3462111673736131
PF00265	0.6257489921734145	0.37425100782658555
PF00266	0.3858903512239559	0.6141096487760441
PF00267	0.27776466594563987	0.7222353340543601
PF00268	0.717594921548421	0.28240507845157903
PF00270	0.2744885220048294	0.7255114779951706
PF00271	0.23476949715344775	0.7652305028465523
PF00275	0.042615818126196414	0.9573841818738036
PF00276	0.3835874416358027	0.6164125583641973
PF00278	0.43268283319329615	0.5673171668067039
PF00282	0.1898174928932609	0.8101825071067391
PF00285	0.5746238414835497	0.4253761585164503
PF00288	0.24860516094291218	0.7513948390570878
PF00289	0.7351296477690451	0.2648703522309549
PF00290	0.2440031432496259	0.7559968567503741
PF00291	0.9191951826036664	0.08080481739633356
PF00293	0.2698799851607706	0.7301200148392294
PF00294	0.11173484962473423	0.8882651503752658
PF00295	0.9487917784689742	0.051208221531025784
PF00296	0.42557913315623075	0.5744208668437693
PF00297	0.4787513357782649	0.5212486642217351
PF00300	0.11558291335800852	0.8844170866419915
PF00302	0.6508174972728833	0.3491825027271167
PF00303	0.33458471903109965	0.6654152809689003
PF00306	0.07414674976217683	0.9258532502378232
PF00308	0.7171137206681872	0.28288627933181276
PF00310	0.607063199477071	0.392936800522929
PF00311	0.5289677899437394	0.4710322100562606
PF00312	0.2348460804357828	0.7651539195642172
PF00313	0.31954642221395446	0.6804535777860455
PF00317	0.22248817688472677	0.7775118231152732
PF00318	0.5554162803857604	0.4445837196142396
PF00324	0.34694525628685713	0.6530547437131429
PF00326	0.7131433298367875	0.2868566701632125
PF00327	0.6115833659726546	0.38841663402734533
PF00328	0.8631115012500366	0.1368884987499635
PF00329	0.9296514986479607	0.07034850135203935
PF00330	0.055341204037612	0.944658795962388
PF00331	0.8807017031730929	0.11929829682690708
PF00333	0.8973680320005681	0.10263196799943186
PF00334	0.8109955361445667	0.18900446385543332
PF00338	0.4221128460545932	0.5778871539454068
PF00342	0.7438531484356381	0.2561468515643619
PF00343	0.07599616407843068	0.9240038359215693
PF00344	0.8873359291506006	0.1126640708493994
PF00345	0.08360525955333975	0.9163947404466602
PF00346	0.9855121607039249	0.014487839296075082
PF00347	0.33667459294020496	0.663325407059795
PF00348	0.37664278187058575	0.6233572181294142
PF00350	0.5242496088522121	0.47575039114778794
PF00355	0.041732573941812956	0.958267426058187
PF00356	0.3883384045956787	0.6116615954043213
PF00358	0.03041762352421451	0.9695823764757855
PF00359	0.18444743067692848	0.8155525693230715
PF00361	0.7151583207648082	0.2848416792351917
PF00364	0.689401699513499	0.31059830048650106
PF00365	0.3098443910309082	0.6901556089690918
PF00366	0.884517781083549	0.11548221891645107
PF00367	0.051530309127349905	0.9484696908726501
PF00370	0.14960344856779306	0.8503965514322069
PF00374	0.4314671090538674	0.5685328909461326
PF00375	0.675692740011269	0.324307259988731
PF00376	0.1475442088730412	0.8524557911269588
PF00378	0.13686397262161742	0.8631360273783826
PF00380	0.8551274100154321	0.14487258998456784
PF00381	0.024353783889884628	0.9756462161101154
PF00383	0.6178746525293077	0.3821253474706922
PF00384	0.02459090848240808	0.9754090915175919
PF00389	0.3179436497367403	0.6820563502632597
PF00390	0.22850591873668924	0.7714940812633108
PF00391	0.15391415105571693	0.8460858489442831
PF00392	0.025794991028858294	0.9742050089711417
PF00393	0.2444202331833586	0.7555797668166414
PF00394	0.5455859513169949	0.4544140486830051
PF00395	0.5553854810171146	0.44461451898288534
PF00398	0.20369491827735176	0.7963050817226482
PF00403	0.18886127342782466	0.8111387265721753
PF00406	0.40332633588188405	0.596673664118116
PF00408	0.015381390093853309	0.9846186099061467
PF00410	0.2932581354647028	0.7067418645352972
PF00411	0.3020181908739562	0.6979818091260438
PF00416	0.7874082578469646	0.2125917421530354
PF00419	0.039299740017611384	0.9607002599823886
PF00425	0.589925189849686	0.41007481015031405
PF00430	0.44824181550086983	0.5517581844991302
PF00436	0.26773716841984274	0.7322628315801573
PF00437	0.5501044654766258	0.4498955345233741
PF00438	0.3734128135761591	0.6265871864238409
PF00440	0.09377565164200075	0.9062243483579993
PF00441	0.1050581766455565	0.8949418233544435
PF00444	0.33436604339040144	0.6656339566095986
PF00448	0.14972603322941658	0.8502739667705834
PF00449	0.5418028302972405	0.4581971697027595
PF00453	0.4784900412822868	0.5215099587177132
PF00455	0.07356953602570804	0.926430463974292
PF00456	0.7858170969622545	0.21418290303774548
PF00459	0.2620866916889417	0.7379133083110583
PF00462	0.11407101532783459	0.8859289846721654
PF00463	0.15470774884962257	0.8452922511503774
PF00464	0.9195551391184297	0.0804448608815703
PF00465	0.031229745912755513	0.9687702540872445
PF00466	0.07663606287124114	0.9233639371287589
PF00468	0.4334433234192746	0.5665566765807254
PF00471	0.21312182410252678	0.7868781758974732
PF00472	0.7099578679467	0.2900421320533
PF00474	0.6620154951668968	0.3379845048331031
PF00475	0.35715843579837636	0.6428415642016236
PF00476	0.5732446227087615	0.42675537729123847
PF00478	0.48375505029926746	0.5162449497007325
PF00479	0.6465750410182461	0.35342495898175386
PF00480	0.06800094226578002	0.93199905773422
PF00481	0.1596254906697373	0.8403745093302627
PF00482	0.11902597831088013	0.8809740216891199
PF00483	0.15696074649694292	0.8430392535030571
PF00484	0.1721158384562247	0.8278841615437753
PF00485	0.459630114400184	0.540369885599816
PF00486	0.03754926886178345	0.9624507311382166
PF00488	0.18194049659903988	0.8180595034009601
PF00490	0.6564096837086523	0.34359031629134773
PF00491	0.05518356680493397	0.944816433195066
PF00494	0.8090181814975529	0.19098181850244708
PF00496	0.07992777964160802	0.920072220358392
PF00497	0.6852784100003579	0.31472158999964206
PF00498	0.37095169735677824	0.6290483026432218
PF00499	0.9946473155139718	0.0053526844860282185
PF00501	0.3991811159067138	0.6008188840932862
PF00512	0.3959717665941268	0.6040282334058732
PF00515	0.9369697934500111	0.06303020654998896
PF00521	0.4588851352694826	0.5411148647305174
PF00528	0.6789895942027864	0.32101040579721357
PF00529	0.05701044942820577	0.9429895505717942
PF00532	0.05817625309421137	0.9418237469057886
PF00533	0.8204454779871084	0.1795545220128916
PF00534	0.5318602541898947	0.4681397458101053
PF00535	0.4469184115531475	0.5530815884468525
PF00543	0.17294432476180632	0.8270556752381937
PF00547	0.4453727356412118	0.5546272643587882
PF00549	0.12928329877948053	0.8707167012205195
PF00550	0.20946584199310136	0.7905341580068986
PF00551	0.2373191252946527	0.7626808747053473
PF00557	0.6747492359842638	0.32525076401573616
PF00561	0.09596110033519867	0.9040388996648013
PF00562	0.6231909813302902	0.37680901866970984
PF00563	0.04278289740766983	0.9572171025923302
PF00565	0.2077606238867643	0.7922393761132357
PF00570	0.7937002451307195	0.20629975486928057
PF00571	0.8603406132567967	0.13965938674320336
PF00572	0.300328845271873	0.699671154728127
PF00573	0.6674052167299644	0.3325947832700356
PF00574	0.687477028688149	0.312522971311851
PF00575	0.826302946561375	0.173697053438625
PF00577	0.5143097253156592	0.48569027468434073
PF00578	0.839949450014784	0.16005054998521592
PF00579	0.10070805077578948	0.8992919492242105
PF00580	0.15717129113765194	0.8428287088623481
PF00581	0.20506134521401143	0.7949386547859886
PF00582	0.5796946748650926	0.4203053251349074
PF00583	0.16682109998684547	0.8331789000131545
PF00584	0.3559171042278626	0.6440828957721374
PF00585	0.2375830151776268	0.7624169848223732
PF00586	0.6654733452991464	0.3345266547008536
PF00587	0.22400592904488048	0.7759940709551195
PF00588	0.4775115410895038	0.5224884589104962
PF00589	0.12869592867678314	0.8713040713232169
PF00590	0.49552505049689677	0.5044749495031032
PF00591	0.07905832494687781	0.9209416750531222
PF00593	0.303731164186557	0.696268835813443
PF00595	0.49481238813995	0.50518761186005
PF00596	0.2965466279496656	0.7034533720503344
PF00614	0.8052061768383489	0.19479382316165106
PF00623	0.2805953962718617	0.7194046037281383
PF00625	0.0963027442202391	0.9036972557797609
PF00636	0.07095420709682021	0.9290457929031798
PF00639	0.8838767253974615	0.11612327460253849
PF00652	0.5220733574531293	0.4779266425468707
PF00654	0.09916324325471448	0.9008367567452855
PF00656	0.6925128465340573	0.3074871534659427
PF00657	0.6740784129971147	0.32592158700288537
PF00662	0.9665605385855635	0.033439461414436586
PF00664	0.024939470072532166	0.9750605299274678
PF00665	0.4135348564623589	0.5864651435376411
PF00668	0.04023435227443373	0.9597656477255663
PF00669	0.573021325766085	0.42697867423391506
PF00670	0.4707858121845463	0.5292141878154537
PF00672	0.249550106606497	0.750449893393503
PF00673	0.3618382330895662	0.6381617669104338
PF00675	0.8871026691505102	0.1128973308494898
PF00676	0.5357819302626314	0.4642180697373685
PF00677	0.4993145411647242	0.5006854588352758
PF00679	0.3044788062486724	0.6955211937513276
PF00682	0.9615731275163317	0.03842687248366825
PF00684	0.28364926147814906	0.7163507385218509
PF00686	0.8404057101640651	0.15959428983593493
PF00687	0.33429098190261985	0.6657090180973801
PF00689	0.08336291889600578	0.9166370811039942
PF00690	0.6493417963400052	0.3506582036599948
PF00691	0.5091574786892359	0.49084252131076406
PF00692	0.6777664396015737	0.3222335603984263
PF00694	0.4480655753154734	0.5519344246845266
PF00696	0.29466261847488184	0.7053373815251182
PF00697	0.49370572913731736	0.5062942708626826
PF00698	0.38230206311407866	0.6176979368859213
PF00699	0.2678720299527033	0.7321279700472967
PF00700	0.5648184426480927	0.4351815573519073
PF00701	0.2598035729830086	0.7401964270169914
PF00702	0.21101278676769875	0.7889872132323013
PF00703	0.5414983404300595	0.4585016595699405
PF00704	0.8105540245525429	0.1894459754474571
PF00707	0.42542299709380116	0.5745770029061988
PF00708	0.4816386591543095	0.5183613408456905
PF00709	0.1341601499416567	0.8658398500583433
PF00710	0.7689423496629535	0.23105765033704656
PF00712	0.09567692954682594	0.9043230704531741
PF00717	0.40823035303859034	0.5917696469614097
PF00719	0.13546203056644723	0.8645379694335528
PF00722	0.9384637375835251	0.06153626241647491
PF00724	0.05596237486023892	0.9440376251397611
PF00725	0.5046325211750151	0.49536747882498494
PF00728	0.8486372084132032	0.15136279158679683
PF00730	0.42448860476513617	0.5755113952348638
PF00731	0.6114641934107861	0.3885358065892139
PF00733	0.27706177935080234	0.7229382206491977
PF00742	0.06877434031920393	0.9312256596807961
PF00749	0.05980168009693476	0.9401983199030652
PF00750	0.40091835357839223	0.5990816464216078
PF00753	0.21425940136294774	0.7857405986370523
PF00754	0.8321338350531728	0.16786616494682716
PF00756	0.12632274563819568	0.8736772543618043
PF00759	0.2883305454147822	0.7116694545852178
PF00762	0.42680535145552345	0.5731946485444765
PF00763	0.3412050581281757	0.6587949418718243
PF00764	0.5867087843589291	0.41329121564107085
PF00766	0.6633683281286696	0.33663167187133036
PF00768	0.19888409374145932	0.8011159062585407
PF00771	0.25455280954306125	0.7454471904569387
PF00772	0.9253597645932219	0.07464023540677808
PF00773	0.174010159098838	0.825989840901162
PF00775	0.021800310257332867	0.9781996897426671
PF00781	0.7033987294492847	0.29660127055071533
PF00793	0.24594321131498065	0.7540567886850194
PF00795	0.9260544001227463	0.07394559987725365
PF00800	0.27542832715941246	0.7245716728405875
PF00805	0.4622674866367066	0.5377325133632934
PF00809	0.6364175669950061	0.36358243300499393
PF00813	0.83021960652903	0.16978039347096996
PF00814	0.3802031313577785	0.6197968686422215
PF00815	0.861792389062407	0.13820761093759304
PF00817	0.28626261128927577	0.7137373887107242
PF00821	0.20091076776397943	0.7990892322360206
PF00825	0.4802475580175197	0.5197524419824803
PF00828	0.02709295467791717	0.9729070453220828
PF00829	0.5273340874977643	0.4726659125022356
PF00830	0.47339502578626	0.52660497421374
PF00831	0.20272648087253564	0.7972735191274644
PF00834	0.02685759320214154	0.9731424067978585
PF00842	0.2613003974405237	0.7386996025594763
PF00849	0.37049217443927596	0.629507825560724
PF00852	0.8988310512106715	0.10116894878932843
PF00854	0.7197884779632039	0.2802115220367961
PF00857	0.31630393396652057	0.6836960660334794
PF00860	0.13478418854978136	0.8652158114502186
PF00861	0.45097517832807643	0.5490248216719236
PF00871	0.8247631140946913	0.1752368859053087
PF00872	0.6687672640497375	0.3312327359502625
PF00873	0.9461216721711428	0.05387832782885715
PF00874	0.03241720998249953	0.9675827900175005
PF00877	0.08903978684656	0.91096021315344
PF00881	0.829306227019619	0.17069377298038096
PF00882	0.040860362387799776	0.9591396376122002
PF00883	0.2165779099304821	0.7834220900695179
PF00884	0.6155195261171423	0.38448047388285767
PF00885	0.9687933927024709	0.03120660729752916
PF00886	0.585007084159483	0.41499291584051706
PF00889	0.5901867691948806	0.4098132308051195
PF00890	0.8387429966900741	0.16125700330992587
PF00891	0.84343016456941	0.15656983543058997
PF00892	0.1765381663629545	0.8234618336370455
PF00893	0.3717735425893146	0.6282264574106854
PF00899	0.31122227427930094	0.6887777257206991
PF00902	0.5116177094756305	0.4883822905243695
PF00903	0.048160667595563145	0.9518393324044369
PF00905	0.8076757850222174	0.19232421497778265
PF00908	0.6442778825801536	0.35572211741984644
PF00909	0.23848391770125243	0.7615160822987476
PF00912	0.7779627575010614	0.22203724249893864
PF00916	0.7416967629051188	0.25830323709488123
PF00919	0.519006516226111	0.480993483773889
PF00920	0.22382761663020156	0.7761723833697984
PF00923	0.0635025155989547	0.9364974844010453
PF00924	0.7841711178791426	0.21582888212085735
PF00925	0.7973524018120156	0.2026475981879844
PF00926	0.5943710891758397	0.4056289108241603
PF00929	0.20950205010944933	0.7904979498905507
PF00930	0.6717419706726406	0.3282580293273593
PF00932	0.8684160656294696	0.13158393437053043
PF00933	0.92892876048826	0.07107123951173999
PF00936	0.07657155606064348	0.9234284439393565
PF00939	0.16427393681180413	0.8357260631881959
PF00941	0.5458267504674749	0.45417324953252514
PF00950	0.4144460246280782	0.5855539753719218
PF00953	0.874258963079074	0.12574103692092603
PF00958	0.21772306330927638	0.7822769366907236
PF00959	0.39450907765577814	0.6054909223442219
PF00962	0.15059380453410887	0.8494061954658911
PF00975	0.8185172899408233	0.1814827100591767
PF00977	0.5120817638412205	0.48791823615877944
PF00982	0.689321188575043	0.31067881142495696
PF00984	0.42167941229449246	0.5783205877055075
PF00986	0.10743259075131384	0.8925674092486862
PF00988	0.3136426721347807	0.6863573278652193
PF00989	0.009403533426776356	0.9905964665732236
PF00990	0.33281955464428736	0.6671804453557126
PF00994	0.08252124141712269	0.9174787585828773
PF00999	0.7895992780207772	0.21040072197922277
PF01000	0.23183987071785261	0.7681601292821474
PF01008	0.194303995758197	0.805696004241803
PF01011	0.6992147712732573	0.3007852287267428
PF01012	0.3735816655372115	0.6264183344627885
PF01016	0.4435623196106624	0.5564376803893376
PF01018	0.21604955432706374	0.7839504456729363
PF01019	0.07588856066994543	0.9241114393300546
PF01022	0.021799908076370444	0.9782000919236296
PF01024	0.12431985519794198	0.875680144802058
PF01025	0.32370929914731694	0.6762907008526831
PF01026	0.18671830385762456	0.8132816961423754
PF01027	0.02183641456011276	0.9781635854398872
PF01029	0.1432398320793642	0.8567601679206358
PF01032	0.12996031220653215	0.8700396877934679
PF01035	0.5314661636411214	0.4685338363588786
PF01037	0.13567836571790215	0.8643216342820979
PF01039	0.9872501921809854	0.012749807819014624
PF01040	0.4117697677160629	0.5882302322839371
PF01041	0.3004089190392317	0.6995910809607683
PF01042	0.21858106603509353	0.7814189339649065
PF01043	0.8885820393017164	0.1114179606982836
PF01047	0.014513782579467116	0.9854862174205329
PF01048	0.6898714706208962	0.31012852937910385
PF01050	0.10511060527074967	0.8948893947292503
PF01051	0.17174690265045411	0.8282530973495459
PF01052	0.12022735811071084	0.8797726418892892
PF01053	0.20131627761106285	0.7986837223889371
PF01055	0.16431763559152412	0.8356823644084759
PF01058	0.588326006643956	0.4116739933560441
PF01061	0.12087076755576087	0.8791292324442391
PF01063	0.485349127095566	0.514650872904434
PF01066	0.12779036694575074	0.8722096330542493
PF01070	0.02083384340745298	0.979166156592547
PF01071	0.15128775100658776	0.8487122489934122
PF01073	0.4740416909295865	0.5259583090704135
PF01074	0.03302669971296568	0.9669733002870343
PF01075	0.44776757048682436	0.5522324295131756
PF01076	0.053886160685667095	0.9461138393143329
PF01077	0.37947868075541136	0.6205213192445886
PF01078	0.07639073658452289	0.9236092634154771
PF01081	0.5246238829104799	0.47537611708952004
PF01084	0.48732277473915886	0.5126772252608411
PF01087	0.16798134283274968	0.8320186571672503
PF01094	0.0848201992532196	0.9151798007467804
PF01095	0.6264558409057536	0.37354415909424643
PF01098	0.4046040215647948	0.5953959784352052
PF01103	0.9079539246135658	0.0920460753864342
PF01112	0.48759986241902475	0.5124001375809752
PF01113	0.07219284602671694	0.9278071539732831
PF01116	0.026001940788885625	0.9739980592111144
PF01118	0.6121072025026788	0.3878927974973212
PF01119	0.1396944060673586	0.8603055939326414
PF01120	0.9901666274064947	0.009833372593505214
PF01121	0.14704186669426067	0.8529581333057393
PF01128	0.7601011243052783	0.23989887569472165
PF01131	0.2549671299856512	0.7450328700143488
PF01132	0.2845442998518366	0.7154557001481634
PF01134	0.8906964091819346	0.10930359081806544
PF01136	0.83617793982965	0.16382206017034992
PF01138	0.21809588283492887	0.7819041171650711
PF01139	0.15983064449193518	0.8401693555080648
PF01142	0.43619532186939314	0.5638046781306069
PF01144	0.03466421728177893	0.9653357827182211
PF01145	0.6093813176515732	0.39061868234842684
PF01148	0.432350336219809	0.567649663780191
PF01155	0.14498640457488188	0.8550135954251181
PF01156	0.8035814407344611	0.1964185592655389
PF01161	0.016556219807340566	0.9834437801926594
PF01168	0.3958906732821329	0.6041093267178671
PF01170	0.04165680690646101	0.958343193093539
PF01171	0.31177304986159204	0.688226950138408
PF01174	0.3628059259073917	0.6371940740926083
PF01176	0.8451762380078729	0.1548237619921271
PF01177	0.19985869678620505	0.800141303213795
PF01179	0.1435630930860431	0.8564369069139569
PF01180	0.5693957004924213	0.4306042995075787
PF01182	0.8897951294250804	0.11020487057491957
PF01183	0.3096899487256509	0.6903100512743491
PF01189	0.039098054936405946	0.960901945063594
PF01192	0.11424944471924514	0.8857505552807549
PF01193	0.18880776329411297	0.811192236705887
PF01195	0.17552668917937175	0.8244733108206282
PF01196	0.23510883060490706	0.7648911693950929
PF01197	0.15052066705628575	0.8494793329437142
PF01202	0.6707792403848873	0.32922075961511266
PF01204	0.19492227192822287	0.8050777280717771
PF01205	0.4198879239575093	0.5801120760424907
PF01206	0.3700621375581937	0.6299378624418063
PF01207	0.07599430353962244	0.9240056964603776
PF01208	0.14509431181364707	0.8549056881863529
PF01210	0.5531799304204887	0.44682006957951126
PF01212	0.14755259272085475	0.8524474072791453
PF01220	0.8228766294209141	0.1771233705790859
PF01223	0.9887704658336065	0.011229534166393546
PF01225	0.5789893378137994	0.4210106621862006
PF01226	0.030566426978576033	0.969433573021424
PF01227	0.7335858277295195	0.26641417227048053
PF01228	0.1465935539694424	0.8534064460305576
PF01229	0.08465468237261609	0.9153453176273839
PF01232	0.5407687528704828	0.45923124712951724
PF01235	0.1512075515294834	0.8487924484705166
PF01238	0.35225726203959296	0.647742737960407
PF01243	0.8558717260005906	0.14412827399940945
PF01244	0.8326247175894843	0.16737528241051564
PF01245	0.03131733149043703	0.968682668509563
PF01250	0.06707150300193676	0.9329284969980632
PF01252	0.07269286827950427	0.9273071317204957
PF01255	0.14537556128362683	0.8546244387163732
PF01256	0.6965482733463868	0.3034517266536132
PF01257	0.17239576194894635	0.8276042380510537
PF01259	0.42182753787796046	0.5781724621220395
PF01261	0.6036527538777274	0.3963472461222726
PF01262	0.5732760851083167	0.4267239148916833
PF01263	0.7366682257620223	0.2633317742379777
PF01264	0.3324956303834019	0.6675043696165981
PF01266	0.35106640524265487	0.6489335947573451
PF01268	0.062081257816968716	0.9379187421830313
PF01270	0.28874573550838234	0.7112542644916177
PF01272	0.4819528540386985	0.5180471459613015
PF01274	0.34274439008892554	0.6572556099110745
PF01276	0.2212899202622638	0.7787100797377362
PF01288	0.42750449315241934	0.5724955068475807
PF01289	0.3590695619404658	0.6409304380595342
PF01292	0.17059173744179223	0.8294082625582078
PF01293	0.23112667257274844	0.7688733274272516
PF01295	0.3639613982197226	0.6360386017802774
PF01297	0.7645093501406746	0.2354906498593254
PF01300	0.3960538900880821	0.6039461099119179
PF01301	0.870695982556332	0.12930401744366807
PF01306	0.04945159752199102	0.950548402478009
PF01311	0.6489205579714189	0.3510794420285811
PF01312	0.2116474064514221	0.7883525935485779
PF01315	0.041610568064495146	0.9583894319355049
PF01316	0.4363047521992073	0.5636952478007927
PF01321	0.1207268354506491	0.8792731645493509
PF01323	0.06173236446219943	0.9382676355378006
PF01325	0.5421837778150178	0.45781622218498214
PF01326	0.8821927505861272	0.11780724941387276
PF01327	0.5164735834756266	0.48352641652437345
PF01330	0.7861979163914479	0.21380208360855216
PF01336	0.591675159864848	0.40832484013515197
PF01343	0.8446466280799342	0.15535337192006582
PF01344	0.8105339865104354	0.1894660134895646
PF01345	0.5132156700702205	0.4867843299297795
PF01346	0.8165811521620656	0.1834188478379344
PF01348	0.08233011236808896	0.917669887631911
PF01351	0.026495477157349456	0.9735045228426505
PF01367	0.5358934115673156	0.4641065884326844
PF01368	0.33038796768358036	0.6696120323164196
PF01370	0.4134416779671619	0.5865583220328381
PF01379	0.07638718093605223	0.9236128190639478
PF01380	0.3627650528377412	0.6372349471622588
PF01381	0.24383096762009493	0.7561690323799051
PF01384	0.5908549919734527	0.4091450080265473
PF01385	0.8244066421696993	0.1755933578303007
PF01391	0.3899787077797021	0.6100212922202979
PF01396	0.16285105391322674	0.8371489460867733
PF01406	0.06883143374887735	0.9311685662511227
PF01408	0.09160578364258298	0.908394216357417
PF01409	0.044398232669545346	0.9556017673304547
PF01411	0.47248061554017107	0.5275193844598289
PF01416	0.34662811401471916	0.6533718859852808
PF01418	0.11051797904422755	0.8894820209557724
PF01420	0.7146371108714378	0.28536288912856217
PF01424	0.21776540866362282	0.7822345913363772
PF01425	0.03146104419737139	0.9685389558026286
PF01427	0.8577681173260436	0.14223188267395634
PF01430	0.3845571651622328	0.6154428348377672
PF01431	0.3299267536983408	0.6700732463016592
PF01432	0.6730914438977429	0.3269085561022571
PF01433	0.6896234189960819	0.3103765810039181
PF01434	0.07868972921470818	0.9213102707852918
PF01435	0.17164195008710004	0.8283580499129
PF01443	0.5725542698508697	0.42744573014913034
PF01446	0.6114596926794484	0.3885403073205516
PF01450	0.4293769240008969	0.5706230759991031
PF01451	0.31415162949931996	0.68584837050068
PF01455	0.24671843288569373	0.7532815671143063
PF01458	0.9400143058275126	0.05998569417248741
PF01464	0.6690045643710716	0.33099543562892836
PF01467	0.7899459765969996	0.21005402340300044
PF01470	0.6141092246108835	0.38589077538911654
PF01471	0.6226722993000713	0.37732770069992866
PF01472	0.7498288958959836	0.2501711041040165
PF01473	0.3477764346665243	0.6522235653334757
PF01474	0.16161579137256177	0.8383842086274382
PF01475	0.6577521232463257	0.3422478767536743
PF01476	0.8115258665185611	0.18847413348143896
PF01478	0.18874400010071513	0.8112559998992849
PF01479	0.3499335356354245	0.6500664643645755
PF01487	0.38358028838421754	0.6164197116157825
PF01488	0.4287592829414245	0.5712407170585755
PF01493	0.7018152365120967	0.2981847634879034
PF01494	0.6871789284626983	0.3128210715373016
PF01496	0.33086141988743045	0.6691385801125695
PF01497	0.4576827213879461	0.5423172786120539
PF01501	0.15812997178001398	0.841870028219986
PF01502	0.32208941255765455	0.6779105874423454
PF01503	0.7904023486097853	0.20959765139021463
PF01507	0.19691949472686143	0.8030805052731386
PF01509	0.5845525348376267	0.4154474651623733
PF01510	0.8905169042599427	0.10948309574005737
PF01512	0.2905378731578565	0.7094621268421435
PF01513	0.4298666141503109	0.5701333858496891
PF01514	0.04284703623965569	0.9571529637603443
PF01515	0.3005171577249133	0.6994828422750867
PF01520	0.2751369558967659	0.7248630441032341
PF01521	0.02366713139653487	0.9763328686034651
PF01522	0.4024061570280726	0.5975938429719274
PF01526	0.16063670212750314	0.8393632978724969
PF01527	0.05815126570014917	0.9418487342998508
PF01531	0.5625389362165508	0.4374610637834492
PF01544	0.47416965470862715	0.5258303452913728
PF01545	0.31331477289307264	0.6866852271069274
PF01546	0.16361990708512109	0.8363800929148789
PF01547	0.047107359624574685	0.9528926403754253
PF01548	0.36346333374083406	0.6365366662591659
PF01551	0.24201971184562354	0.7579802881543765
PF01553	0.0615963062087862	0.9384036937912138
PF01554	0.13259853100662544	0.8674014689933746
PF01555	0.5331312628747122	0.4668687371252877
PF01556	0.08750213005307839	0.9124978699469216
PF01557	0.24328781935881816	0.7567121806411818
PF01558	0.38715883112160654	0.6128411688783935
PF01564	0.19820236575430916	0.8017976342456908
PF01565	0.18239019905562492	0.8176098009443751
PF01566	0.35093234202906176	0.6490676579709382
PF01568	0.12975298136241853	0.8702470186375815
PF01569	0.8031528697411612	0.19684713025883888
PF01571	0.5218518324981636	0.47814816750183636
PF01575	0.5634113077091817	0.4365886922908183
PF01578	0.45914106855676307	0.5408589314432369
PF01580	0.16221572565757503	0.837784274342425
PF01584	0.6138538376735387	0.3861461623264612
PF01588	0.3399908328596899	0.6600091671403101
PF01590	0.06700221614491553	0.9329977838550845
PF01592	0.24953773793448353	0.7504622620655165
PF01593	0.3817261869511118	0.6182738130488882
PF01594	0.10506748062506621	0.8949325193749338
PF01595	0.7018969512356938	0.2981030487643061
PF01596	0.5577066025608075	0.4422933974391925
PF01597	0.5057164963987768	0.49428350360122314
PF01609	0.585311697670417	0.414688302329583
PF01610	0.19742937767060453	0.8025706223293955
PF01612	0.2686370540257633	0.7313629459742367
PF01613	0.5904005016937839	0.4095994983062161
PF01614	0.19852481540633649	0.8014751845936635
PF01618	0.8029664253566786	0.19703357464332136
PF01619	0.6544020480177728	0.34559795198222726
PF01624	0.8748002511799364	0.1251997488200636
PF01625	0.24834952316282022	0.7516504768371798
PF01628	0.1844697155922317	0.8155302844077683
PF01634	0.024639171486208977	0.975360828513791
PF01636	0.24616174732746687	0.7538382526725331
PF01637	0.6483588522726772	0.3516411477273228
PF01638	0.08231771491066164	0.9176822850893384
PF01641	0.36864835978337485	0.6313516402166252
PF01642	0.5749628602120338	0.4250371397879662
PF01643	0.6040165980789163	0.3959834019210838
PF01645	0.3602979375092552	0.6397020624907448
PF01648	0.024545991363996933	0.9754540086360031
PF01649	0.5110518761682303	0.4889481238317697
PF01653	0.020618440276856886	0.9793815597231431
PF01654	0.9255265059434197	0.07447349405658028
PF01656	0.0794186881234662	0.9205813118765338
PF01658	0.9038485428772582	0.0961514571227417
PF01661	0.715335007630341	0.28466499236965903
PF01663	0.825418040413794	0.174581959586206
PF01668	0.1964750929848934	0.8035249070151066
PF01676	0.03568905297216829	0.9643109470278317
PF01678	0.7075174059527439	0.2924825940472561
PF01680	0.09411991586199708	0.9058800841380029
PF01687	0.1061339026140673	0.8938660973859327
PF01693	0.1560353752663559	0.8439646247336441
PF01694	0.6057065709151831	0.3942934290848169
PF01695	0.21820471185867418	0.7817952881413258
PF01699	0.1874231968518082	0.8125768031481918
PF01702	0.1702385714359428	0.8297614285640572
PF01704	0.4445454720826112	0.5554545279173888
PF01709	0.5824339870761965	0.4175660129238035
PF01712	0.5501468431140502	0.4498531568859498
PF01713	0.7104866490269581	0.2895133509730419
PF01715	0.0871138549804844	0.9128861450195156
PF01717	0.02732283949878489	0.9726771605012151
PF01719	0.5890906888143194	0.41090931118568064
PF01725	0.14097135662218763	0.8590286433778124
PF01726	0.4315046362847439	0.5684953637152561
PF01728	0.03636192406899419	0.9636380759310058
PF01729	0.5833175711838916	0.4166824288161084
PF01734	0.232796458222862	0.767203541777138
PF01738	0.46466990573090994	0.5353300942690901
PF01740	0.9049890926827109	0.09501090731728909
PF01741	0.46865783457067756	0.5313421654293224
PF01743	0.06016401216509981	0.9398359878349002
PF01746	0.4703398100879036	0.5296601899120964
PF01750	0.5275775992422864	0.4724224007577135
PF01751	0.43879637308343533	0.5612036269165647
PF01757	0.6080979267810516	0.3919020732189485
PF01758	0.12208797358738888	0.8779120264126111
PF01761	0.07975333624875047	0.9202466637512495
PF01765	0.3637620889270118	0.6362379110729882
PF01769	0.6378912402041534	0.36210875979584656
PF01773	0.19251591987947192	0.8074840801205281
PF01774	0.17341958184656947	0.8265804181534305
PF01782	0.10303151410645295	0.896968485893547
PF01784	0.11275016882672018	0.8872498311732798
PF01790	0.570565771293364	0.4294342287066359
PF01791	0.2306547588836414	0.7693452411163586
PF01795	0.1559063796318545	0.8440936203681455
PF01797	0.10467203191074459	0.8953279680892554
PF01799	0.04943424558315346	0.9505657544168465
PF01807	0.5175923878142995	0.4824076121857005
PF01808	0.5500587066835014	0.4499412933164985
PF01810	0.421468799927751	0.578531200072249
PF01812	0.026173877269365264	0.9738261227306347
PF01813	0.044642307089174826	0.9553576929108252
PF01814	0.285683101498984	0.714316898501016
PF01815	0.22031057511958463	0.7796894248804154
PF01817	0.02084072890310895	0.979159271096891
PF01820	0.13505998305081457	0.8649400169491854
PF01823	0.6745129917761776	0.3254870082238224
PF01832	0.2783984806904686	0.7216015193095314
PF01833	0.9054911345957537	0.09450886540424626
PF01835	0.7401873584980914	0.2598126415019087
PF01841	0.13490556692065736	0.8650944330793426
PF01842	0.06158209284948524	0.9384179071505148
PF01850	0.39193735120158857	0.6080626487984114
PF01855	0.4529601592452337	0.5470398407547663
PF01863	0.6913797013733222	0.30862029862667784
PF01865	0.23435427266475894	0.765645727335241
PF01867	0.4812764469800931	0.5187235530199069
PF01869	0.605013153090262	0.3949868469097379
PF01871	0.3787660476079675	0.6212339523920325
PF01872	0.134694541697146	0.865305458302854
PF01874	0.19704961105389018	0.8029503889461098
PF01875	0.3989032533437187	0.6010967466562813
PF01882	0.5302841069985617	0.46971589300143834
PF01883	0.5834966609783605	0.4165033390216395
PF01887	0.2340571588639303	0.7659428411360697
PF01888	0.9202386985004285	0.07976130149957156
PF01890	0.05697621495722349	0.9430237850427765
PF01891	0.7516003874135289	0.24839961258647109
PF01895	0.823123937479398	0.17687606252060192
PF01906	0.6341084891835121	0.36589151081648785
PF01914	0.5345831291638026	0.4654168708361974
PF01915	0.3993382128589581	0.6006617871410419
PF01923	0.18756594143320837	0.8124340585667916
PF01924	0.23885547204015856	0.7611445279598414
PF01925	0.08680012314446073	0.9131998768555393
PF01926	0.557419524666585	0.44258047533341505
PF01928	0.1770967985349956	0.8229032014650044
PF01930	0.24644431788294352	0.7535556821170565
PF01933	0.11369920721489735	0.8863007927851027
PF01934	0.8668047393056961	0.13319526069430382
PF01935	0.1503680564713823	0.8496319435286177
PF01936	0.44665130125494856	0.5533486987450514
PF01938	0.9242961606103642	0.0757038393896358
PF01939	0.5646590577999747	0.4353409422000253
PF01943	0.19535092062486537	0.8046490793751346
PF01944	0.49873953155234574	0.5012604684476543
PF01955	0.9252392730885913	0.07476072691140866
PF01957	0.5844954150777132	0.4155045849222868
PF01960	0.8138336267094624	0.1861663732905376
PF01964	0.7343187310389262	0.2656812689610738
PF01965	0.7928463116452487	0.20715368835475137
PF01966	0.21817870545766538	0.7818212945423346
PF01967	0.040374700384148476	0.9596252996158515
PF01968	0.20180422933318176	0.7981957706668182
PF01969	0.7328666268966524	0.26713337310334767
PF01970	0.15321576077680588	0.8467842392231941
PF01972	0.7934396102830436	0.20656038971695645
PF01975	0.7943846705934641	0.2056153294065359
PF01977	0.12140344555341753	0.8785965544465825
PF01979	0.3416129984520273	0.6583870015479727
PF01980	0.228225090132548	0.771774909867452
PF01985	0.06614418141980638	0.9338558185801936
PF01987	0.09839642089681144	0.9016035791031886
PF01990	0.109661528429849	0.890338471570151
PF01992	0.5721048954071457	0.4278951045928543
PF01996	0.11550825835420486	0.8844917416457951
PF02001	0.4390336905169089	0.5609663094830911
PF02016	0.03830786495059313	0.9616921350494069
PF02018	0.4274015903535431	0.5725984096464569
PF02021	0.47853937402558544	0.5214606259744146
PF02028	0.23864562017632418	0.7613543798236758
PF02033	0.3412300638938035	0.6587699361061965
PF02036	0.09488048087278245	0.9051195191272176
PF02040	0.19261486243060666	0.8073851375693933
PF02055	0.20513941093755172	0.7948605890624483
PF02056	0.07036883111112002	0.92963116888888
PF02057	0.442315740753502	0.557684259246498
PF02065	0.025961614472911454	0.9740383855270885
PF02073	0.16877557555329825	0.8312244244467017
PF02074	0.11057847620724204	0.889421523792758
PF02075	0.16321556583707508	0.8367844341629249
PF02080	0.9129616894862461	0.0870383105137539
PF02082	0.13615822441841385	0.8638417755815861
PF02086	0.37048043785078033	0.6295195621492197
PF02091	0.3112363321105004	0.6887636678894996
PF02092	0.049255758190921095	0.9507442418090789
PF02096	0.4906861771395373	0.5093138228604627
PF02110	0.20627675121083733	0.7937232487891627
PF02113	0.5259086549606353	0.4740913450393647
PF02120	0.4232471129784007	0.5767528870215993
PF02126	0.03928224119598123	0.9607177588040188
PF02127	0.19423190449067473	0.8057680955093253
PF02129	0.9345318785456518	0.06546812145434826
PF02130	0.19074692929011872	0.8092530707098813
PF02132	0.17639685077443823	0.8236031492255618
PF02133	0.9165511847055413	0.08344881529445866
PF02142	0.8070143002375143	0.19298569976248567
PF02146	0.13829992430804816	0.8617000756919518
PF02152	0.3738306170459844	0.6261693829540156
PF02153	0.11096684048416527	0.8890331595158347
PF02163	0.8697940689557271	0.1302059310442729
PF02190	0.11569923489404321	0.8843007651059568
PF02195	0.41330660660854823	0.5866933933914518
PF02203	0.04720496445109956	0.9527950355489004
PF02219	0.20371732440576196	0.796282675594238
PF02222	0.593786237022834	0.406213762977166
PF02223	0.7878969809489009	0.21210301905109907
PF02224	0.6175211408750374	0.3824788591249626
PF02230	0.4023272987267531	0.5976727012732469
PF02233	0.024813285040528377	0.9751867149594716
PF02245	0.3139036743745407	0.6860963256254593
PF02254	0.10553355464659553	0.8944664453534045
PF02255	0.059140884440981534	0.9408591155590185
PF02256	0.22794424482782882	0.7720557551721712
PF02261	0.6207376460520768	0.37926235394792324
PF02264	0.0634027674939831	0.9365972325060169
PF02272	0.12274840419019628	0.8772515958098037
PF02274	0.212694842436854	0.787305157563146
PF02275	0.6865198493858489	0.31348015061415113
PF02277	0.12204427911752702	0.877955720882473
PF02278	0.6328337103589964	0.3671662896410036
PF02283	0.2593449457579735	0.7406550542420265
PF02286	0.4730961886220888	0.5269038113779112
PF02288	0.23491169752526753	0.7650883024747325
PF02302	0.005596530677423606	0.9944034693225764
PF02308	0.23156926940484157	0.7684307305951584
PF02310	0.23046983644413277	0.7695301635558672
PF02311	0.487522355515813	0.512477644484187
PF02317	0.9755703359824842	0.02442966401751579
PF02321	0.7644648168840741	0.2355351831159259
PF02322	0.12350370043153525	0.8764962995684648
PF02325	0.2544174008158915	0.7455825991841085
PF02335	0.3649771392134429	0.6350228607865571
PF02347	0.7842145013422079	0.21578549865779204
PF02348	0.9742954400234916	0.025704559976508397
PF02350	0.41857883753826186	0.5814211624617381
PF02353	0.09272602201307889	0.9072739779869211
PF02355	0.9685811242131714	0.031418875786828615
PF02357	0.41775646699294156	0.5822435330070584
PF02361	0.16389081121959648	0.8361091887804035
PF02366	0.25845192676924145	0.7415480732307586
PF02367	0.05965531893787823	0.9403446810621218
PF02368	0.46516572768916875	0.5348342723108312
PF02369	0.07030630892291756	0.9296936910770824
PF02371	0.3169687018615053	0.6830312981384947
PF02374	0.9155048518488378	0.0844951481511622
PF02378	0.05661299726793778	0.9433870027320622
PF02381	0.12105673908515235	0.8789432609148476
PF02384	0.5684368132737664	0.4315631867262336
PF02386	0.282000880797861	0.717999119202139
PF02387	0.1182782872497069	0.8817217127502931
PF02388	0.6602036654230196	0.33979633457698044
PF02390	0.12378691948928644	0.8762130805107136
PF02395	0.03543874556984017	0.9645612544301598
PF02397	0.3117966640521246	0.6882033359478754
PF02401	0.3119782274469928	0.6880217725530072
PF02403	0.5431461010729012	0.4568538989270988
PF02405	0.2750170863437116	0.7249829136562884
PF02410	0.7546505913145936	0.24534940868540644
PF02413	0.2938476973605806	0.7061523026394194
PF02415	0.3067316251884131	0.6932683748115869
PF02417	0.620771410542358	0.37922858945764204
PF02421	0.1644126145664283	0.8355873854335717
PF02423	0.443663143241397	0.556336856758603
PF02424	0.18313292747562282	0.8168670725243772
PF02436	0.801150108968115	0.19884989103188505
PF02441	0.10156925457790933	0.8984307454220907
PF02445	0.1584187657189976	0.8415812342810024
PF02446	0.39001803150150216	0.6099819684984978
PF02447	0.046216305106046573	0.9537836948939534
PF02449	0.4250946723467005	0.5749053276532995
PF02452	0.10958504778885858	0.8904149522111414
PF02457	0.1931484615887702	0.8068515384112298
PF02463	0.36353575104105185	0.6364642489589482
PF02464	0.08685850443492737	0.9131414955650726
PF02465	0.5725044537274702	0.4274955462725299
PF02467	0.09876770244702737	0.9012322975529726
PF02469	0.9603698721084286	0.03963012789157141
PF02470	0.5792196970536858	0.42078030294631413
PF02472	0.32534361065987294	0.6746563893401271
PF02481	0.5037886647145248	0.49621133528547523
PF02482	0.33091128863814734	0.6690887113618527
PF02485	0.7724076177047035	0.22759238229529655
PF02486	0.44167072644076677	0.5583292735592332
PF02491	0.5491928867562423	0.4508071132437577
PF02492	0.39235907182241747	0.6076409281775825
PF02493	0.9626861727413715	0.03731382725862854
PF02498	0.31719702607128275	0.6828029739287172
PF02502	0.4532244847222382	0.5467755152777618
PF02503	0.5973360003342643	0.40266399966573574
PF02504	0.49324472174917955	0.5067552782508205
PF02508	0.7156983552986562	0.2843016447013438
PF02511	0.539618060523307	0.4603819394766931
PF02514	0.8987416180481176	0.10125838195188241
PF02515	0.4015231888790347	0.5984768111209653
PF02517	0.31884801937421214	0.6811519806257879
PF02518	0.35980571919453175	0.6401942808054683
PF02525	0.4343843515748371	0.5656156484251629
PF02527	0.4201450584982124	0.5798549415017876
PF02534	0.4089569193938848	0.5910430806061152
PF02535	0.16579182780100654	0.8342081721989935
PF02537	0.4876302192330928	0.5123697807669072
PF02540	0.11376089891567376	0.8862391010843262
PF02541	0.05445920274588967	0.9455407972541103
PF02542	0.555549798780165	0.44445020121983503
PF02545	0.5302673249053629	0.46973267509463706
PF02547	0.5794052951274531	0.42059470487254697
PF02548	0.7687717759850754	0.23122822401492465
PF02550	0.3169111197081742	0.6830888802918258
PF02551	0.049169206387404074	0.9508307936125959
PF02554	0.4524242454549371	0.5475757545450629
PF02557	0.2521313697245826	0.7478686302754174
PF02558	0.5050092630293981	0.494990736970602
PF02559	0.05706143743553449	0.9429385625644655
PF02561	0.36373647186867875	0.6362635281313213
PF02562	0.5508800182886915	0.4491199817113085
PF02563	0.9423300911493817	0.05766990885061827
PF02565	0.6348253505303547	0.36517464946964534
PF02566	0.20570471096123832	0.7942952890387617
PF02567	0.2286255178657267	0.7713744821342733
PF02568	0.35350281081119916	0.6464971891888008
PF02569	0.6306714895347707	0.36932851046522924
PF02570	0.6840845447984992	0.31591545520150077
PF02571	0.7800322875996595	0.2199677124003405
PF02572	0.10179102526035844	0.8982089747396416
PF02574	0.3141280870970071	0.6858719129029929
PF02576	0.10679107849729719	0.8932089215027028
PF02577	0.9571178409156839	0.0428821590843161
PF02578	0.804735912748437	0.195264087251563
PF02579	0.0843710632370509	0.9156289367629491
PF02580	0.6577437208828176	0.3422562791171824
PF02581	0.7649336788143385	0.23506632118566148
PF02583	0.009926001075790225	0.9900739989242098
PF02585	0.858281295264447	0.14171870473555306
PF02586	0.028577760968906074	0.9714222390310939
PF02588	0.4111577500831177	0.5888422499168823
PF02589	0.8366710090869199	0.16332899091308004
PF02590	0.4752440530911938	0.5247559469088062
PF02592	0.6003933659070825	0.3996066340929175
PF02595	0.08792919134113997	0.91207080865886
PF02597	0.05009167727400743	0.9499083227259926
PF02599	0.17162923822519316	0.8283707617748068
PF02601	0.4500152456520936	0.5499847543479064
PF02602	0.5050765173016399	0.49492348269836006
PF02603	0.22601906680484962	0.7739809331951504
PF02606	0.43638822299009283	0.5636117770099072
PF02607	0.8443973049930583	0.15560269500694168
PF02608	0.16977051836551116	0.8302294816344888
PF02609	0.291598974727759	0.708401025272241
PF02610	0.11741946995560693	0.8825805300443931
PF02613	0.13656449991778596	0.863435500082214
PF02614	0.32241810699961837	0.6775818930003816
PF02615	0.6014568906583649	0.39854310934163506
PF02616	0.4382019545692276	0.5617980454307724
PF02618	0.5133766961634867	0.4866233038365133
PF02620	0.4761145494849178	0.5238854505150822
PF02622	0.9329645094621459	0.0670354905378541
PF02624	0.18139420565565545	0.8186057943443446
PF02625	0.4205749533414892	0.5794250466585108
PF02626	0.08492719415808814	0.9150728058419119
PF02627	0.9826999458269094	0.017300054173090603
PF02629	0.7817579622244435	0.21824203777555656
PF02631	0.13046351795392663	0.8695364820460734
PF02632	0.2255440221369981	0.7744559778630019
PF02633	0.24354351194039758	0.7564564880596024
PF02634	0.014490573059236178	0.9855094269407638
PF02635	0.10164381123594812	0.8983561887640519
PF02636	0.8469270023308818	0.15307299766911822
PF02637	0.24416073435347574	0.7558392656465243
PF02638	0.8800381761146691	0.11996182388533096
PF02639	0.03186810072429458	0.9681318992757054
PF02645	0.07800502012047528	0.9219949798795247
PF02646	0.10602409965197612	0.8939759003480239
PF02649	0.8785211356030376	0.12147886439696241
PF02650	0.3810725850416268	0.6189274149583732
PF02652	0.019009286337342557	0.9809907136626574
PF02653	0.01068734223256218	0.9893126577674378
PF02654	0.5429657869952436	0.45703421300475644
PF02657	0.8678872033930822	0.13211279660691777
PF02659	0.019259535921918647	0.9807404640780814
PF02660	0.6078580034397119	0.3921419965602881
PF02661	0.43940830129076847	0.5605916987092315
PF02664	0.14995044499679	0.85004955500321
PF02665	0.09326891300815732	0.9067310869918427
PF02666	0.27945643983785706	0.7205435601621429
PF02667	0.6115630131197272	0.3884369868802729
PF02669	0.8660400893248199	0.13395991067518004
PF02670	0.6866845009068063	0.3133154990931936
PF02673	0.8142776818030193	0.18572231819698065
PF02674	0.8509651639809978	0.14903483601900222
PF02675	0.8997978507524547	0.10020214924754528
PF02677	0.3209424550027993	0.6790575449972007
PF02678	0.8870129284126441	0.11298707158735584
PF02682	0.5155830622852596	0.48441693771474037
PF02683	0.2556568588146352	0.7443431411853648
PF02684	0.9614295217948758	0.03857047820512421
PF02685	0.16809103084583776	0.8319089691541622
PF02687	0.2004940227752352	0.7995059772247648
PF02690	0.7121065739199939	0.28789342608000607
PF02698	0.14895849544659412	0.8510415045534059
PF02699	0.0882270816059958	0.9117729183940042
PF02702	0.29019013794662196	0.709809862053378
PF02705	0.26653653125640697	0.733463468743593
PF02706	0.19434618840511697	0.805653811594883
PF02719	0.37995466871486516	0.6200453312851348
PF02729	0.32273676642366755	0.6772632335763324
PF02730	0.05208764948547184	0.9479123505145282
PF02733	0.3851687247440113	0.6148312752559887
PF02734	0.3786380880823276	0.6213619119176724
PF02737	0.28598871163512474	0.7140112883648753
PF02738	0.6759670027588481	0.32403299724115187
PF02739	0.43435156360579275	0.5656484363942073
PF02742	0.04194387642474029	0.9580561235752597
PF02743	0.7247400447061462	0.27525995529385383
PF02744	0.02150831262227526	0.9784916873777247
PF02746	0.027623060460637783	0.9723769395393622
PF02749	0.3053758849438538	0.6946241150561462
PF02753	0.08521993948358841	0.9147800605164116
PF02754	0.630134009025378	0.3698659909746221
PF02767	0.44387175432544734	0.5561282456745527
PF02768	0.24262725599448887	0.7573727440055111
PF02769	0.39677058706826596	0.603229412931734
PF02770	0.23083493084424755	0.7691650691557524
PF02771	0.17868253420973434	0.8213174657902657
PF02772	0.10296993501170726	0.8970300649882927
PF02773	0.6894953567791368	0.31050464322086324
PF02774	0.32116698948222755	0.6788330105177725
PF02775	0.9444970752424514	0.055502924757548554
PF02776	0.5766683421703642	0.4233316578296358
PF02779	0.484373916082125	0.515626083917875
PF02780	0.49095659482715404	0.509043405172846
PF02781	0.6526979827390473	0.34730201726095267
PF02782	0.14648847434005519	0.8535115256599448
PF02784	0.35862455530720616	0.6413754446927938
PF02785	0.5937743284773378	0.40622567152266215
PF02786	0.7013613143362103	0.29863868566378965
PF02787	0.46809638459400427	0.5319036154059957
PF02798	0.35355334971479646	0.6464466502852035
PF02800	0.22466582726746998	0.77533417273253
PF02801	0.03707796662695928	0.9629220333730407
PF02803	0.30054880001820594	0.6994511999817941
PF02806	0.6953544119567385	0.3046455880432614
PF02811	0.07442447671153918	0.9255755232884608
PF02812	0.5303140926620559	0.46968590733794413
PF02823	0.2078364012161411	0.7921635987838589
PF02824	0.29474435745502703	0.705255642544973
PF02826	0.7534847351807253	0.24651526481927463
PF02829	0.04097089402174059	0.9590291059782594
PF02833	0.08585130119074547	0.9141486988092545
PF02836	0.8315927552285178	0.16840724477148214
PF02837	0.8545789515582534	0.1454210484417466
PF02838	0.6686264469033205	0.33137355309667954
PF02843	0.0635409118468625	0.9364590881531375
PF02844	0.12857862425242061	0.8714213757475794
PF02852	0.13741714347424017	0.8625828565257598
PF02861	0.8028428102339199	0.19715718976608007
PF02863	0.2469875971190385	0.7530124028809615
PF02866	0.1701846633625781	0.8298153366374219
PF02867	0.387611468984422	0.612388531015578
PF02872	0.7754012465530061	0.2245987534469939
PF02873	0.33413972599898933	0.6658602740010107
PF02874	0.11311573832951527	0.8868842616704847
PF02875	0.49917789494616027	0.5008221050538397
PF02878	0.05916976656951778	0.9408302334304822
PF02879	0.20826535927740042	0.7917346407225996
PF02880	0.09203021174012971	0.9079697882598703
PF02881	0.29049507009371234	0.7095049299062877
PF02882	0.5081037566104858	0.49189624338951426
PF02885	0.600905039077607	0.399094960922393
PF02887	0.5192874183270572	0.48071258167294284
PF02894	0.0355155039375501	0.9644844960624499
PF02896	0.06422250297593712	0.9357774970240629
PF02897	0.03967182902872979	0.9603281709712702
PF02899	0.34930956089067144	0.6506904391093286
PF02900	0.39557925412674455	0.6044207458732554
PF02901	0.06263391864234225	0.9373660813576578
PF02903	0.10948210164332395	0.890517898356676
PF02906	0.18362254621838325	0.8163774537816167
PF02910	0.29504903781843994	0.7049509621815601
PF02911	0.38436555737936495	0.615634442620635
PF02912	0.8365763536059881	0.16342364639401188
PF02913	0.6231430213315753	0.3768569786684247
PF02915	0.977683567434572	0.02231643256542806
PF02920	0.1833058112338366	0.8166941887661634
PF02922	0.371040750314502	0.628959249685498
PF02926	0.028770965576749852	0.9712290344232501
PF02929	0.7302842219700756	0.26971577802992436
PF02934	0.45609905492080793	0.5439009450791921
PF02938	0.6925525784562329	0.30744742154376714
PF02952	0.552297863435854	0.4477021365641461
PF02954	0.352510240685146	0.647489759314854
PF02965	0.8725643323186795	0.1274356676813205
PF02976	0.5047226542307222	0.4952773457692778
PF02978	0.257928325442207	0.742071674557793
PF03006	0.2029921847882853	0.7970078152117147
PF03008	0.34709395709116453	0.6529060429088355
PF03009	0.3430052164937718	0.6569947835062282
PF03022	0.4897029351846339	0.5102970648153661
PF03023	0.27615538588486666	0.7238446141151333
PF03030	0.8802934780348934	0.11970652196510659
PF03033	0.11352678539784833	0.8864732146021517
PF03050	0.23094122086970847	0.7690587791302915
PF03051	0.8264501606378488	0.17354983936215115
PF03054	0.7538527477300989	0.2461472522699011
PF03060	0.20935422439784168	0.7906457756021583
PF03061	0.3267439544314733	0.6732560455685267
PF03062	0.8375841897569435	0.1624158102430565
PF03063	0.5162102881921876	0.4837897118078124
PF03065	0.8993346374634661	0.10066536253653388
PF03067	0.15873818451146948	0.8412618154885305
PF03069	0.038081637358437614	0.9619183626415624
PF03070	0.15757356391351207	0.8424264360864879
PF03090	0.04041406471506237	0.9595859352849376
PF03099	0.6955007387520993	0.3044992612479007
PF03102	0.5088161711567742	0.4911838288432258
PF03109	0.01563309230578125	0.9843669076942188
PF03116	0.1323190094107083	0.8676809905892917
PF03118	0.7321569472386993	0.26784305276130077
PF03120	0.19188775722373053	0.8081122427762695
PF03123	0.05024326011406277	0.9497567398859372
PF03129	0.5948857445766773	0.40511425542332274
PF03135	0.2726330523980639	0.7273669476019361
PF03136	0.26284101054862374	0.7371589894513763
PF03143	0.29911287946928944	0.7008871205307106
PF03144	0.32300885862993933	0.6769911413700607
PF03147	0.08213714642693037	0.9178628535730696
PF03150	0.6577776466169121	0.34222235338308793
PF03167	0.15441305527681892	0.8455869447231811
PF03169	0.9797497207784984	0.020250279221501574
PF03170	0.036504430740314064	0.9634955692596859
PF03171	0.09848568465943675	0.9015143153405633
PF03174	0.10976248686678225	0.8902375131332178
PF03176	0.39402729155270544	0.6059727084472946
PF03180	0.8699521040532914	0.13004789594670862
PF03186	0.33647364568772054	0.6635263543122795
PF03193	0.9450720804990662	0.05492791950093378
PF03200	0.5861159713119881	0.41388402868801194
PF03205	0.20682360097028973	0.7931763990297103
PF03212	0.5642402219992024	0.4357597780007975
PF03222	0.3944423557061174	0.6055576442938826
PF03230	0.04838782225004723	0.9516121777499528
PF03235	0.7673805454590342	0.23261945454096575
PF03237	0.5104913104207413	0.48950868957925875
PF03239	0.03666507067765934	0.9633349293223407
PF03241	0.8030194133258653	0.19698058667413465
PF03253	0.7122859076336753	0.2877140923663247
PF03255	0.05949794230654304	0.940502057693457
PF03264	0.48914958734695635	0.5108504126530437
PF03272	0.40852827216398124	0.5914717278360188
PF03275	0.029430489249059777	0.9705695107509402
PF03279	0.9416075871822043	0.05839241281779569
PF03306	0.12452790441254324	0.8754720955874568
PF03308	0.9228881622937598	0.07711183770624022
PF03309	0.23890216849488133	0.7610978315051187
PF03313	0.6833909937400227	0.3166090062599774
PF03315	0.12629146603180674	0.8737085339681933
PF03320	0.32635227934362854	0.6736477206563715
PF03321	0.8778394902136839	0.12216050978631612
PF03323	0.1519481635748151	0.8480518364251849
PF03328	0.4258757338257074	0.5741242661742926
PF03330	0.5413654704047206	0.4586345295952794
PF03331	0.8537911490301413	0.1462088509698587
PF03349	0.42297872422234106	0.5770212757776589
PF03352	0.6683933449842111	0.3316066550157889
PF03354	0.3668910064922334	0.6331089935077666
PF03358	0.09451641607317107	0.9054835839268289
PF03372	0.9606529017986076	0.039347098201392317
PF03374	0.5535501215486998	0.4464498784513002
PF03382	0.846813390440943	0.1531866095590571
PF03389	0.452031830192437	0.547968169807563
PF03390	0.044444579339210644	0.9555554206607894
PF03400	0.10996308363686225	0.8900369163631378
PF03401	0.4805302792455116	0.5194697207544884
PF03412	0.9473001698460505	0.05269983015394956
PF03413	0.2962109179954826	0.7037890820045174
PF03414	0.6444559574020785	0.35554404259792155
PF03415	0.9159193401859327	0.08408065981406729
PF03417	0.19317463003680668	0.8068253699631933
PF03418	0.1734725417786538	0.8265274582213462
PF03419	0.01392155113708815	0.9860784488629118
PF03422	0.08663402889160221	0.9133659711083978
PF03432	0.16456651314941817	0.8354334868505818
PF03435	0.7522575507452686	0.2477424492547314
PF03437	0.38801125936044667	0.6119887406395533
PF03442	0.023928576814390534	0.9760714231856095
PF03446	0.09350393646043198	0.906496063539568
PF03447	0.6737404085622155	0.3262595914377845
PF03448	0.5878369921001029	0.4121630078998971
PF03449	0.21540474454362835	0.7845952554563717
PF03450	0.5752751265389902	0.4247248734610099
PF03453	0.6498269460107353	0.35017305398926474
PF03458	0.7674416797701702	0.23255832022982986
PF03460	0.043918940928172945	0.956081059071827
PF03461	0.23504847504690451	0.7649515249530955
PF03462	0.17303847446201426	0.8269615255379857
PF03466	0.009230738504799607	0.9907692614952004
PF03471	0.36256801753592194	0.6374319824640781
PF03473	0.08871944753191752	0.9112805524680825
PF03477	0.9259954534785737	0.07400454652142625
PF03480	0.7389638730047361	0.26103612699526385
PF03481	0.8035186056659382	0.1964813943340617
PF03483	0.17247179057598605	0.827528209424014
PF03484	0.33777102742056875	0.6622289725794313
PF03485	0.682920599700404	0.317079400299596
PF03486	0.272725272516247	0.727274727483753
PF03496	0.6944052656883386	0.30559473431166145
PF03502	0.1963097743657921	0.8036902256342079
PF03544	0.7667760543675923	0.23322394563240761
PF03547	0.82704145486681	0.17295854513318998
PF03551	0.11718979872075208	0.8828102012792479
PF03553	0.762288464684073	0.237711535315927
PF03571	0.7196224476277213	0.2803775523722787
PF03572	0.9652307533254963	0.03476924667450364
PF03573	0.45975639041040084	0.5402436095895992
PF03575	0.7349457971431139	0.26505420285688613
PF03576	0.31834325398849483	0.6816567460115052
PF03577	0.3048156576521194	0.6951843423478806
PF03588	0.88508480667205	0.11491519332794994
PF03589	0.19712734716773694	0.8028726528322631
PF03590	0.4981468978387713	0.5018531021612287
PF03591	0.08040033425062454	0.9195996657493755
PF03592	0.43249484533829985	0.5675051546617002
PF03598	0.20930760345699595	0.790692396543004
PF03599	0.5005031912226462	0.4994968087773538
PF03600	0.20900016619845996	0.79099983380154
PF03601	0.5144582467669491	0.48554175323305093
PF03602	0.735719236115969	0.264280763884031
PF03605	0.2863600863890403	0.7136399136109597
PF03606	0.04424661021803733	0.9557533897819627
PF03609	0.3614369057101616	0.6385630942898384
PF03610	0.4151258075279005	0.5848741924720995
PF03611	0.5206394146129909	0.4793605853870091
PF03612	0.1586716232484764	0.8413283767515236
PF03613	0.055942805046359956	0.94405719495364
PF03616	0.28472850856887766	0.7152714914311223
PF03618	0.8711862064913143	0.12881379350868571
PF03625	0.8665666510714982	0.13343334892850173
PF03629	0.664255228308707	0.335744771691293
PF03630	0.5800231865249097	0.41997681347509036
PF03631	0.32075066506309846	0.6792493349369015
PF03632	0.38845193482453244	0.6115480651754676
PF03636	0.6661406530567762	0.3338593469432239
PF03641	0.7306589671523555	0.26934103284764455
PF03644	0.7223285560226436	0.2776714439773565
PF03649	0.27122890108905207	0.7287710989109479
PF03652	0.23760265884332898	0.762397341156671
PF03663	0.8468599057154476	0.15314009428455239
PF03668	0.5854694251090973	0.41453057489090267
PF03695	0.048919233859178735	0.9510807661408213
PF03699	0.3046657080256675	0.6953342919743325
PF03702	0.26086677785594325	0.7391332221440567
PF03703	0.5173965038026356	0.4826034961973645
PF03704	0.3925686885089942	0.6074313114910058
PF03706	0.8626805924191232	0.13731940758087677
PF03709	0.10447547639328891	0.8955245236067111
PF03710	0.33472474874535296	0.665275251254647
PF03711	0.6709660778592851	0.3290339221407149
PF03714	0.5585134477208783	0.4414865522791217
PF03717	0.2121589420811857	0.7878410579188143
PF03719	0.2942059636808424	0.7057940363191576
PF03720	0.581221138675454	0.41877886132454595
PF03721	0.7622192213699279	0.2377807786300721
PF03725	0.46122115436165634	0.5387788456383437
PF03726	0.2869181645304676	0.7130818354695324
PF03729	0.8976171838642207	0.10238281613577928
PF03733	0.3751359149245398	0.6248640850754602
PF03734	0.04069242364444692	0.9593075763555531
PF03737	0.39234286401220764	0.6076571359877924
PF03738	0.39922396442133934	0.6007760355786607
PF03739	0.8124266166985936	0.18757338330140638
PF03740	0.913002425231527	0.08699757476847303
PF03741	0.3114217283635152	0.6885782716364848
PF03743	0.04728824841851342	0.9527117515814866
PF03746	0.6375137445063244	0.3624862554936757
PF03747	0.794450064155548	0.20554993584445203
PF03749	0.35062660096505416	0.6493733990349458
PF03755	0.7768416714427704	0.22315832855722964
PF03764	0.2323864366225259	0.7676135633774741
PF03772	0.8488389432362349	0.15116105676376512
PF03773	0.583700775524475	0.4162992244755251
PF03775	0.4417447082276378	0.5582552917723622
PF03780	0.07019365637758834	0.9298063436224117
PF03781	0.6135378005531478	0.3864621994468522
PF03786	0.7641418584244727	0.23585814157552734
PF03788	0.26805905596986923	0.7319409440301308
PF03793	0.15242826082170102	0.847571739178299
PF03796	0.09696675804506161	0.9030332419549384
PF03797	0.7973789878137194	0.20262101218628054
PF03806	0.2384938066264468	0.7615061933735532
PF03807	0.6967455103386906	0.30325448966130936
PF03808	0.36324292987331674	0.6367570701266833
PF03811	0.16669743236351164	0.8333025676364884
PF03812	0.019223784225854912	0.9807762157741451
PF03814	0.7306511635768191	0.26934883642318086
PF03816	0.05189506762772933	0.9481049323722707
PF03819	0.9891869559528044	0.010813044047195582
PF03824	0.15128603437713606	0.8487139656228639
PF03825	0.812076954615725	0.18792304538427496
PF03830	0.2521410311806209	0.7478589688193791
PF03837	0.5906567156480304	0.40934328435196965
PF03838	0.17730050205478376	0.8226994979452162
PF03840	0.8257199853590313	0.17428001464096868
PF03841	0.06294911135487313	0.9370508886451269
PF03845	0.17256331918092882	0.8274366808190712
PF03852	0.3891567192731441	0.6108432807268559
PF03853	0.18144230566402486	0.8185576943359751
PF03861	0.5132714835785146	0.4867285164214854
PF03862	0.2906572417015143	0.7093427582984857
PF03864	0.12850224816926858	0.8714977518307314
PF03865	0.04350173070815766	0.9564982692918423
PF03880	0.9276077769464162	0.07239222305358384
PF03881	0.046354163734296794	0.9536458362657032
PF03883	0.4179701486628534	0.5820298513371466
PF03887	0.06844481758222154	0.9315551824177785
PF03894	0.8698366185602207	0.13016338143977937
PF03895	0.7598801160218909	0.24011988397810913
PF03916	0.20324703313541992	0.7967529668645801
PF03928	0.08373101074658762	0.9162689892534124
PF03929	0.7281049446843376	0.2718950553156624
PF03932	0.295907668453542	0.704092331546458
PF03934	0.28522864238224355	0.7147713576177565
PF03938	0.7436487367437713	0.2563512632562287
PF03946	0.26817819297618384	0.7318218070238162
PF03947	0.14790281545550266	0.8520971845444973
PF03948	0.18034398866618184	0.8196560113338182
PF03949	0.8429486824605452	0.15705131753945484
PF03950	0.2960413609794038	0.7039586390205962
PF03951	0.033315991830343616	0.9666840081696564
PF03952	0.049377942441718226	0.9506220575582818
PF03956	0.8938721399368099	0.10612786006319008
PF03958	0.12796329242671267	0.8720367075732873
PF03960	0.08652000869882659	0.9134799913011734
PF03961	0.842336429993801	0.15766357000619896
PF03963	0.262227357430576	0.737772642569424
PF03965	0.920701684986967	0.07929831501303294
PF03968	0.2621738210886819	0.7378261789113181
PF03969	0.09730706818370916	0.9026929318162908
PF03972	0.2708988207058929	0.7291011792941071
PF03976	0.1140993956300641	0.8859006043699359
PF03977	0.6808890738757908	0.3191109261242092
PF03979	0.28891720615612626	0.7110827938438737
PF03989	0.35357968743123425	0.6464203125687658
PF03990	0.7440183815975165	0.2559816184024834
PF03992	0.2360288701954404	0.7639711298045596
PF03993	0.332139348650776	0.667860651349224
PF03994	0.21365868339305605	0.786341316606944
PF04002	0.38934540869048384	0.6106545913095162
PF04011	0.29672236919294526	0.7032776308070547
PF04015	0.8389416054004367	0.1610583945995633
PF04018	0.8958830885271903	0.10411691147280965
PF04020	0.5240638106591065	0.4759361893408936
PF04023	0.10124373747141757	0.8987562625285824
PF04024	0.5223123855681671	0.4776876144318329
PF04026	0.7108730328118088	0.2891269671881912
PF04028	0.8963759523998519	0.10362404760014814
PF04041	0.5104461264016463	0.4895538735983537
PF04055	0.26322832111495353	0.7367716788850465
PF04069	0.27837789308236915	0.7216221069176308
PF04072	0.07557700701434944	0.9244229929856506
PF04073	0.9179393664212646	0.08206063357873543
PF04074	0.44303107703728173	0.5569689229627183
PF04076	0.13323543039361307	0.8667645696063869
PF04079	0.05177815500859373	0.9482218449914063
PF04085	0.8976400472737447	0.1023599527262553
PF04087	0.15909377188616092	0.8409062281138391
PF04095	0.2656707544173672	0.7343292455826328
PF04101	0.3924332485857547	0.6075667514142453
PF04107	0.45167715798174435	0.5483228420182557
PF04122	0.41557452512935333	0.5844254748706467
PF04127	0.2575834715080336	0.7424165284919664
PF04131	0.15369199866882544	0.8463080013311746
PF04138	0.1726095160956388	0.8273904839043612
PF04143	0.01487665532674931	0.9851233446732507
PF04166	0.9527924208647574	0.0472075791352426
PF04168	0.4147063078388058	0.5852936921611942
PF04170	0.19257145298479195	0.807428547015208
PF04172	0.044687879265346786	0.9553121207346532
PF04174	0.3720457711849673	0.6279542288150327
PF04198	0.14846169322066627	0.8515383067793337
PF04199	0.766126433669617	0.2338735663303831
PF04203	0.5838986003918076	0.4161013996081923
PF04204	0.08370310886178878	0.9162968911382112
PF04205	0.8219876830930243	0.17801231690697575
PF04214	0.5511591168024039	0.448840883197596
PF04216	0.0482608455202308	0.9517391544797692
PF04221	0.3525665857969852	0.6474334142030148
PF04223	0.21191344371709864	0.7880865562829014
PF04224	0.8645985704838328	0.13540142951616718
PF04228	0.08766424953065333	0.9123357504693467
PF04229	0.11342709910399085	0.8865729008960092
PF04230	0.8920956472692565	0.10790435273074346
PF04233	0.1336218278792688	0.8663781721207312
PF04234	0.20606887920496642	0.7939311207950336
PF04235	0.7031917125198064	0.29680828748019367
PF04237	0.5298162142619925	0.47018378573800745
PF04239	0.0287709439469237	0.9712290560530763
PF04245	0.2652195281362145	0.7347804718637855
PF04257	0.4626995641340035	0.5373004358659965
PF04260	0.3259624013539427	0.6740375986460573
PF04261	0.48632899492912907	0.5136710050708709
PF04262	0.16667589377685332	0.8333241062231467
PF04263	0.25799030317511085	0.7420096968248892
PF04266	0.4895281582576344	0.5104718417423656
PF04277	0.43600997763010807	0.5639900223698919
PF04282	0.6284428058833758	0.37155719411662425
PF04285	0.2600662864877309	0.7399337135122691
PF04286	0.7053597137151124	0.29464028628488764
PF04290	0.3138253029561574	0.6861746970438426
PF04293	0.5013598752078167	0.49864012479218334
PF04294	0.20557798877361355	0.7944220112263864
PF04295	0.2518598760655605	0.7481401239344395
PF04298	0.232773090545217	0.767226909454783
PF04303	0.11089528720497055	0.8891047127950295
PF04313	0.4841612383312077	0.5158387616687923
PF04317	0.019256087063383	0.980743912936617
PF04321	0.7242768552545118	0.2757231447454882
PF04324	0.506643835867516	0.493356164132484
PF04326	0.6788985480717333	0.3211014519282667
PF04327	0.8599034286078691	0.14009657139213091
PF04333	0.1957394792557935	0.8042605207442065
PF04343	0.5372709303539496	0.4627290696460505
PF04346	0.1269106319137201	0.8730893680862799
PF04348	0.09990519639423945	0.9000948036057606
PF04349	0.2590674150976938	0.7409325849023062
PF04357	0.8477793787226892	0.1522206212773108
PF04365	0.48426899407986157	0.5157310059201384
PF04371	0.8340342327964911	0.16596576720350892
PF04375	0.12210642753000156	0.8778935724699984
PF04378	0.16053086296103214	0.8394691370389679
PF04383	0.44634132814538285	0.5536586718546171
PF04389	0.9571339340020777	0.04286606599792229
PF04390	0.32442195449330247	0.6755780455066975
PF04392	0.3597789451374632	0.6402210548625368
PF04393	0.20868969953499972	0.7913103004650003
PF04397	0.10005571302129435	0.8999442869787057
PF04402	0.16422810838953517	0.8357718916104648
PF04403	0.05841392480057117	0.9415860751994288
PF04404	0.45375224094832345	0.5462477590516766
PF04408	0.7053214425960737	0.29467855740392634
PF04412	0.41413927788196736	0.5858607221180326
PF04413	0.7156183548745385	0.2843816451254615
PF04417	0.1632306185181891	0.8367693814818109
PF04422	0.19070589206788413	0.8092941079321159
PF04432	0.7139467288499811	0.2860532711500189
PF04439	0.10817666128045478	0.8918233387195452
PF04443	0.1788053764842794	0.8211946235157206
PF04450	0.9421280051146363	0.05787199488536364
PF04452	0.47692582017567653	0.5230741798243235
PF04453	0.7421804320255134	0.2578195679744865
PF04459	0.3038856513123729	0.6961143486876271
PF04463	0.019593703566010756	0.9804062964339892
PF04464	0.5833424919637722	0.41665750803622775
PF04465	0.7884205189878857	0.21157948101211427
PF04466	0.3770400983803055	0.6229599016196945
PF04468	0.715961907579691	0.2840380924203089
PF04471	0.14028196240844526	0.8597180375915547
PF04472	0.1587291456226475	0.8412708543773525
PF04474	0.7241704321010055	0.2758295678989945
PF04488	0.1311308773976041	0.8688691226023959
PF04509	0.6421285475241869	0.35787145247581303
PF04519	0.6861085568063995	0.3138914431936005
PF04536	0.3587519049545812	0.6412480950454188
PF04539	0.22668991849837372	0.7733100815016263
PF04542	0.2809542990212103	0.7190457009787897
PF04545	0.6812592491743725	0.31874075082562753
PF04551	0.36055726295094415	0.6394427370490559
PF04552	0.7065113069134746	0.29348869308652537
PF04560	0.2285474435516638	0.7714525564483362
PF04561	0.13511319597202087	0.8648868040279791
PF04563	0.05761205861970331	0.9423879413802967
PF04565	0.12158205412155754	0.8784179458784425
PF04586	0.2603963380923455	0.7396036619076545
PF04607	0.15598279503900214	0.8440172049609979
PF04613	0.9169617421196431	0.08303825788035693
PF04616	0.3742484657953117	0.6257515342046883
PF04632	0.1740577931175904	0.8259422068824096
PF04647	0.282609158287639	0.717390841712361
PF04657	0.12993263784181586	0.8700673621581841
PF04685	0.7875275513002685	0.2124724486997315
PF04688	0.3467479635187951	0.6532520364812049
PF04715	0.4247393281306717	0.5752606718693283
PF04717	0.2437659907022327	0.7562340092977673
PF04738	0.17648916641735757	0.8235108335826424
PF04754	0.10375674694163195	0.896243253058368
PF04760	0.8738767918523416	0.12612320814765846
PF04773	0.8520053807500622	0.14799461924993784
PF04794	0.3041490263869765	0.6958509736130235
PF04816	0.8938379535093417	0.10616204649065827
PF04829	0.16154234700573789	0.8384576529942621
PF04851	0.30414088815208085	0.6958591118479192
PF04854	0.5321236639026636	0.4678763360973364
PF04860	0.8793602369464428	0.12063976305355723
PF04865	0.5026952538736819	0.49730474612631814
PF04879	0.6661693774786479	0.33383062252135215
PF04892	0.03823069711848315	0.9617693028815169
PF04898	0.3185444461681337	0.6814555538318663
PF04909	0.3709497177259462	0.6290502822740538
PF04914	0.3590815120890628	0.6409184879109372
PF04917	0.02897545170593041	0.9710245482940696
PF04932	0.6446455023121076	0.3553544976878924
PF04952	0.3990983881852026	0.6009016118147974
PF04960	0.7268795562714437	0.27312044372855626
PF04961	0.4056524853775736	0.5943475146224264
PF04962	0.43661839599124486	0.5633816040087551
PF04963	0.4696328890945328	0.5303671109054672
PF04966	0.2785474040759591	0.7214525959240409
PF04972	0.04580756996020663	0.9541924300397934
PF04973	0.6542255243434101	0.34577447565659
PF04976	0.4366182343634034	0.5633817656365966
PF04977	0.05725916216501503	0.942740837834985
PF04983	0.630366954470183	0.369633045529817
PF04984	0.4169202646048509	0.5830797353951491
PF04985	0.2585299654079144	0.7414700345920856
PF04986	0.5028964272940184	0.49710357270598166
PF04991	0.25182558829122503	0.748174411708775
PF04993	0.40987560251305677	0.5901243974869432
PF04996	0.07564281020947183	0.9243571897905282
PF04997	0.07659425167236744	0.9234057483276326
PF04998	0.8744742601843383	0.12552573981566167
PF05000	0.4934849036722566	0.5065150963277434
PF05014	0.5244066468822167	0.4755933531177833
PF05015	0.06887556072417833	0.9311244392758217
PF05016	0.518639062850818	0.48136093714918204
PF05025	0.0491298393544517	0.9508701606455483
PF05031	0.21098251636119114	0.7890174836388089
PF05035	0.5881073831164576	0.4118926168835424
PF05036	0.8449084066688424	0.15509159333115768
PF05043	0.7257258961979951	0.2742741038020049
PF05045	0.3655098426745099	0.6344901573254901
PF05063	0.12134210971846715	0.8786578902815328
PF05065	0.21865393361803132	0.7813460663819687
PF05067	0.17774368798503504	0.822256312014965
PF05076	0.66268620695375	0.3373137930462499
PF05089	0.7621581563735113	0.23784184362648872
PF05103	0.33429295227306044	0.6657070477269396
PF05105	0.2921868014504243	0.7078131985495757
PF05107	0.5502125497768424	0.4497874502231575
PF05116	0.03925357420374631	0.9607464257962537
PF05127	0.05521241952594902	0.944787580474051
PF05130	0.10837624830533321	0.8916237516946668
PF05133	0.5176434813836169	0.48235651861638307
PF05136	0.1901759733410905	0.8098240266589095
PF05138	0.09247369830974916	0.9075263016902508
PF05139	0.4583461571675441	0.5416538428324559
PF05140	0.8864345868644791	0.11356541313552093
PF05147	0.03873134585593874	0.9612686541440613
PF05154	0.3314821707087534	0.6685178292912466
PF05157	0.3217639826355764	0.6782360173644236
PF05159	0.5381651438313659	0.46183485616863407
PF05167	0.47921450588896675	0.5207854941110333
PF05170	0.2228270917991786	0.7771729082008214
PF05173	0.8519708632427352	0.14802913675726478
PF05175	0.3133042689276666	0.6866957310723334
PF05188	0.9279559310034509	0.07204406899654914
PF05190	0.8623956667317471	0.13760433326825292
PF05192	0.5330820103378265	0.46691798966217346
PF05193	0.5858480258502536	0.4141519741497463
PF05195	0.8913661045681809	0.10863389543181914
PF05198	0.6457905389296419	0.35420946107035817
PF05201	0.1095199021949439	0.8904800978050561
PF05221	0.520752744536622	0.47924725546337793
PF05222	0.17287972402102836	0.8271202759789716
PF05229	0.6408778149377365	0.35912218506226345
PF05231	0.08736653512263381	0.9126334648773662
PF05257	0.18157127077757695	0.818428729222423
PF05258	0.2744810887415401	0.7255189112584599
PF05272	0.7011586491499116	0.2988413508500884
PF05275	0.09717506885554927	0.9028249311444507
PF05342	0.5991990945141812	0.40080090548581876
PF05343	0.01649363873017906	0.9835063612698209
PF05362	0.938361169282045	0.06163883071795496
PF05368	0.5756251338903854	0.4243748661096146
PF05378	0.32535962391188566	0.6746403760881143
PF05389	0.0908363707314298	0.9091636292685702
PF05402	0.9189879128164865	0.08101208718351353
PF05406	0.14722675623397774	0.8527732437660223
PF05420	0.07788014561368795	0.922119854386312
PF05425	0.060959973193420613	0.9390400268065794
PF05426	0.9589368243646166	0.04106317563538339
PF05430	0.763161804171866	0.2368381958281341
PF05437	0.44474464633500055	0.5552553536649995
PF05448	0.5840357087934761	0.4159642912065239
PF05496	0.3641331175295771	0.6358668824704229
PF05524	0.15563155181429633	0.8443684481857037
PF05525	0.14607609115922615	0.8539239088407738
PF05544	0.23450445722008084	0.7654955427799192
PF05547	0.21951601937352672	0.7804839806264733
PF05569	0.22447517722366184	0.7755248227763382
PF05576	0.9793191274927661	0.020680872507233966
PF05580	0.24538711033687266	0.7546128896631273
PF05592	0.516419939734432	0.48358006026556805
PF05593	0.09895879394380869	0.9010412060561913
PF05594	0.4578791398209955	0.5421208601790045
PF05598	0.38532796058843777	0.6146720394115622
PF05636	0.3178222177668698	0.6821777822331302
PF05638	0.24301920035734648	0.7569807996426535
PF05649	0.8003444735143413	0.19965552648565862
PF05651	0.49745991164070635	0.5025400883592936
PF05656	0.5613538108848768	0.4386461891151232
PF05658	0.05865325979025804	0.941346740209742
PF05662	0.8854371522973574	0.1145628477026426
PF05670	0.235728008225072	0.764271991774928
PF05673	0.22460986580874998	0.77539013419125
PF05681	0.7571838338897866	0.24281616611021337
PF05683	0.526453110684115	0.473546889315885
PF05684	0.0311059023654916	0.9688940976345084
PF05685	0.3202848225070969	0.6797151774929031
PF05688	0.4267577056635826	0.5732422943364174
PF05689	0.4994363950005126	0.5005636049994874
PF05690	0.7280510404041618	0.2719489595958382
PF05691	0.9610249724788894	0.038975027521110636
PF05697	0.9686943051349481	0.03130569486505184
PF05698	0.07242037063115936	0.9275796293688406
PF05704	0.48845367840831466	0.5115463215916853
PF05709	0.024659448715130927	0.9753405512848691
PF05717	0.5722665237514108	0.4277334762485891
PF05728	0.017048998762436485	0.9829510012375635
PF05731	0.804226110008891	0.19577388999110903
PF05737	0.10255286876438774	0.8974471312356123
PF05738	0.5556563414648068	0.44434365853519314
PF05746	0.26433674350302283	0.7356632564969772
PF05762	0.13316924890327497	0.866830751096725
PF05816	0.6450074225066411	0.3549925774933589
PF05833	0.05885595812096234	0.9411440418790377
PF05838	0.06332400308599795	0.936675996914002
PF05853	0.6794522036739682	0.3205477963260318
PF05857	0.010290240492571656	0.9897097595074283
PF05860	0.09127473122394603	0.908725268776054
PF05861	0.1374139353757865	0.8625860646242135
PF05866	0.043416478576350226	0.9565835214236498
PF05869	0.1251515509860044	0.8748484490139956
PF05872	0.06281391118318336	0.9371860888168166
PF05876	0.7135770183476134	0.28642298165238655
PF05893	0.2708676585452482	0.7291323414547518
PF05901	0.28521711063091115	0.7147828893690888
PF05935	0.3955985275625864	0.6044014724374136
PF05936	0.13960320693699335	0.8603967930630066
PF05943	0.47818550479090627	0.5218144952090937
PF05947	0.3485671782014841	0.6514328217985159
PF05949	0.44257812687477627	0.5574218731252237
PF05954	0.6061257638465112	0.3938742361534889
PF05958	0.04729741930555287	0.9527025806944471
PF05960	0.4240536563977185	0.5759463436022815
PF05970	0.9088115668142147	0.09118843318578523
PF05973	0.8429252092162577	0.1570747907837423
PF05974	0.18917031102612303	0.810829688973877
PF05977	0.35292044653830623	0.6470795534616938
PF05985	0.5295032814324055	0.47049671856759445
PF05987	0.8216714778543477	0.17832852214565237
PF05991	0.20961454112519728	0.7903854588748027
PF05992	0.18255192714643587	0.8174480728535641
PF06004	0.05331239170145141	0.9466876082985486
PF06007	0.061283587114724924	0.9387164128852751
PF06013	0.29247405811712834	0.7075259418828717
PF06026	0.2598005158898419	0.7401994841101581
PF06032	0.43196702371917506	0.5680329762808249
PF06039	0.06624743678229572	0.9337525632177043
PF06048	0.3820261538177524	0.6179738461822476
PF06050	0.4345332242521124	0.5654667757478876
PF06067	0.271360911698298	0.728639088301702
PF06071	0.35932233849728	0.64067766150272
PF06074	0.4021581428659228	0.5978418571340772
PF06082	0.6021279994111721	0.3978720005888278
PF06097	0.03320090506760587	0.9667990949323941
PF06100	0.06010495506153024	0.9398950449384698
PF06103	0.0856809496682377	0.9143190503317623
PF06114	0.4236997721552791	0.5763002278447209
PF06122	0.1987528165286856	0.8012471834713144
PF06123	0.19619814755693177	0.8038018524430682
PF06125	0.20253210257638188	0.7974678974236181
PF06130	0.04018053308219094	0.9598194669178091
PF06134	0.5063765805095055	0.49362341949049454
PF06144	0.40755654447386724	0.5924434555261328
PF06149	0.17367251143027929	0.8263274885697207
PF06152	0.2725342790297175	0.7274657209702825
PF06160	0.010830640235228173	0.9891693597647718
PF06161	0.12823154935973702	0.871768450640263
PF06165	0.7036281228010981	0.2963718771989019
PF06166	0.049143506330128206	0.9508564936698718
PF06172	0.07702168123125286	0.9229783187687471
PF06175	0.141773929375409	0.858226070624591
PF06177	0.12153637938825212	0.8784636206117479
PF06178	0.08257441374536667	0.9174255862546333
PF06180	0.1535007619149502	0.8464992380850498
PF06182	0.2673046961319202	0.7326953038680798
PF06202	0.5893831745166006	0.4106168254833994
PF06207	0.7184707536098314	0.2815292463901687
PF06224	0.32014372080858433	0.6798562791914157
PF06245	0.2620378454386455	0.7379621545613545
PF06250	0.944728040572156	0.05527195942784398
PF06253	0.9695053052476816	0.03049469475231832
PF06258	0.5707712021118923	0.42922879788810775
PF06277	0.2804096688899439	0.7195903311100561
PF06283	0.5481223782023552	0.4518776217976448
PF06290	0.04813293014769593	0.9518670698523041
PF06293	0.9621374593125096	0.03786254068749042
PF06315	0.0902413179016891	0.9097586820983109
PF06321	0.9565595885517373	0.043440411448262724
PF06325	0.021876377108097977	0.978123622891902
PF06368	0.29197685039727606	0.708023149602724
PF06379	0.783870171150614	0.21612982884938609
PF06381	0.19878611330394647	0.8012138866960535
PF06406	0.30202152574921015	0.6979784742507898
PF06414	0.19252037848057535	0.8074796215194247
PF06415	0.6509307929453625	0.34906920705463756
PF06418	0.4546577759251019	0.5453422240748981
PF06421	0.8391910771572403	0.1608089228427597
PF06426	0.23960845705815048	0.7603915429418495
PF06429	0.4487424069412488	0.5512575930587512
PF06439	0.8872549764876143	0.11274502351238569
PF06445	0.14268023237836347	0.8573197676216365
PF06450	0.03878468793602907	0.9612153120639709
PF06458	0.4325769790336921	0.5674230209663079
PF06463	0.025851646335363743	0.9741483536646363
PF06470	0.036730614044868104	0.9632693859551319
PF06476	0.26117591415545627	0.7388240858445437
PF06500	0.1428756148610555	0.8571243851389445
PF06506	0.3677448302132552	0.6322551697867448
PF06508	0.8745280705092097	0.12547192949079036
PF06541	0.03259609368751226	0.9674039063124877
PF06545	0.200867879608998	0.799132120391002
PF06551	0.20597175104060128	0.7940282489593987
PF06559	0.5870076978422162	0.4129923021577838
PF06560	0.3970805415726185	0.6029194584273815
PF06564	0.7254089527340539	0.27459104726594613
PF06574	0.8523099155673943	0.1476900844326057
PF06580	0.7269469374234987	0.27305306257650136
PF06605	0.3551898310121684	0.6448101689878316
PF06616	0.5614143624647909	0.43858563753520907
PF06628	0.8392062458510232	0.16079375414897676
PF06629	0.14753123181479344	0.8524687681852066
PF06634	0.6800101499419826	0.3199898500580174
PF06674	0.28360582492460085	0.7163941750753992
PF06675	0.27767432185564944	0.7223256781443506
PF06686	0.1617875654007911	0.8382124345992089
PF06689	0.2085693467323394	0.7914306532676606
PF06695	0.23399369863058894	0.7660063013694111
PF06717	0.4497998224061954	0.5502001775938046
PF06723	0.8908422774237886	0.10915772257621134
PF06725	0.3627628013687444	0.6372371986312556
PF06738	0.06967419681652554	0.9303258031834745
PF06744	0.03731110948697813	0.9626888905130219
PF06750	0.09444240303036044	0.9055575969696396
PF06751	0.8244193127048891	0.17558068729511087
PF06761	0.08529779878415233	0.9147022012158477
PF06769	0.4845481781203721	0.5154518218796279
PF06779	0.1395988718264738	0.8604011281735262
PF06781	0.08003191334660875	0.9199680866533912
PF06782	0.5436355238585755	0.45636447614142456
PF06800	0.19067699750551892	0.8093230024944811
PF06804	0.10800325821194179	0.8919967417880582
PF06808	0.25178825539320226	0.7482117446067977
PF06810	0.06082646296844063	0.9391735370315594
PF06812	0.07115825774765472	0.9288417422523453
PF06824	0.1150961954570704	0.8849038045429296
PF06826	0.5623231226861113	0.4376768773138887
PF06832	0.6525247667653711	0.347475233234629
PF06834	0.007303393866036623	0.9926966061339634
PF06835	0.1755951196006803	0.8244048803993197
PF06838	0.5716324385872095	0.42836756141279053
PF06841	0.8925080570478395	0.1074919429521605
PF06874	0.49702445059427414	0.5029755494057259
PF06889	0.5768500852504412	0.4231499147495588
PF06898	0.1851056626997587	0.8148943373002413
PF06899	0.021843198833007893	0.9781568011669921
PF06908	0.6964027325377667	0.30359726746223326
PF06912	0.6614793438776334	0.3385206561223666
PF06917	0.12382105150549039	0.8761789484945096
PF06925	0.5382823586648181	0.4617176413351819
PF06940	0.5206944259927669	0.47930557400723306
PF06947	0.10681315335689945	0.8931868466431006
PF06949	0.04222249461531846	0.9577775053846815
PF06952	0.14386661516040233	0.8561333848395977
PF06953	0.1505824376866307	0.8494175623133693
PF06956	0.2100515516191095	0.7899484483808905
PF06958	0.49914035597232853	0.5008596440276715
PF06961	0.4842239286554525	0.5157760713445475
PF06962	0.75195642463569	0.24804357536431004
PF06964	0.4737721557293352	0.5262278442706648
PF06965	0.1728499854999429	0.8271500145000571
PF06968	0.7038822947225483	0.2961177052774518
PF06969	0.1402118613162444	0.8597881386837556
PF06970	0.7013977112559843	0.29860228874401573
PF06986	0.5954097729136032	0.40459022708639686
PF06995	0.13125778330522175	0.8687422166947782
PF06996	0.21755724260336118	0.7824427573966388
PF07005	0.17288290150666574	0.8271170984933343
PF07009	0.024446201286683178	0.9755537987133168
PF07017	0.15897352865064218	0.8410264713493578
PF07063	0.02552033118034791	0.9744796688196521
PF07071	0.10620953533138722	0.8937904646686128
PF07081	0.4384490769177124	0.5615509230822876
PF07083	0.07971142461291292	0.9202885753870871
PF07085	0.2812284795900495	0.7187715204099505
PF07090	0.5680207973568128	0.4319792026431873
PF07095	0.14318628360572883	0.8568137163942712
PF07136	0.09974808021029791	0.9002519197897021
PF07148	0.06664841825223167	0.9333515817477683
PF07155	0.13383576569257638	0.8661642343074236
PF07157	0.8073888113475015	0.19261118865249846
PF07158	0.6841646453180521	0.31583535468194796
PF07168	0.9306410794339358	0.06935892056606414
PF07171	0.038016428964647186	0.9619835710353528
PF07179	0.5593450095753308	0.44065499042466916
PF07195	0.3797480814186801	0.6202519185813199
PF07221	0.45215005129414	0.54784994870586
PF07228	0.7020799935674167	0.2979200064325834
PF07238	0.3291231900707162	0.6708768099292838
PF07244	0.9170630644203317	0.08293693557966829
PF07261	0.10962854050557136	0.8903714594944286
PF07275	0.25845296087238334	0.7415470391276167
PF07282	0.7566343692657117	0.24336563073428827
PF07286	0.8458964522853588	0.15410354771464116
PF07287	0.47780148438506187	0.5221985156149381
PF07296	0.16909294853651002	0.83090705146349
PF07313	0.9250110480799458	0.07498895192005421
PF07335	0.14153501103612764	0.8584649889638724
PF07338	0.40660071235162343	0.5933992876483766
PF07350	0.03443002474826451	0.9655699752517355
PF07352	0.898872202061427	0.10112779793857297
PF07355	0.37285111299065543	0.6271488870093446
PF07356	0.04356010985562564	0.9564398901443744
PF07364	0.06392701954299462	0.9360729804570054
PF07385	0.5424094775043836	0.4575905224956164
PF07399	0.8163044002833554	0.18369559971664465
PF07429	0.0674157585474382	0.9325842414525618
PF07451	0.29623221433299074	0.7037677856670093
PF07454	0.02841334419235253	0.9715866558076475
PF07456	0.12135992260099804	0.878640077399002
PF07470	0.9877223411007597	0.012277658899240308
PF07475	0.15104573799037257	0.8489542620096274
PF07477	0.9335107306111772	0.06648926938882278
PF07478	0.23874654477647062	0.7612534552235294
PF07479	0.3217647739734252	0.6782352260265748
PF07484	0.3622177068023674	0.6377822931976326
PF07486	0.7540153643998243	0.24598463560017572
PF07488	0.754704415322591	0.24529558467740897
PF07494	0.8576697814484101	0.14233021855158987
PF07495	0.38349131805652437	0.6165086819434756
PF07497	0.7454877438851635	0.25451225611483647
PF07501	0.24672717697623092	0.7532728230237691
PF07503	0.07824877098832939	0.9217512290116706
PF07505	0.5469943946051008	0.4530056053948992
PF07508	0.22660358339293685	0.7733964166070632
PF07510	0.15915607351562244	0.8408439264843776
PF07516	0.4381302062983531	0.5618697937016469
PF07517	0.783499073296509	0.216500926703491
PF07521	0.12745783227629282	0.8725421677237072
PF07523	0.8006732443791132	0.19932675562088673
PF07532	0.7088756954187396	0.2911243045812604
PF07538	0.2557951803198708	0.7442048196801292
PF07553	0.5477765315610104	0.45222346843898964
PF07554	0.020264949299040658	0.9797350507009593
PF07555	0.20555784957131118	0.7944421504286888
PF07556	0.2032127186155096	0.7967872813844904
PF07561	0.02008342320797374	0.9799165767920263
PF07568	0.047366343015615486	0.9526336569843845
PF07580	0.13537661676247226	0.8646233832375277
PF07581	0.9500191212631764	0.049980878736823574
PF07584	0.942382765545182	0.057617234454818006
PF07610	0.9670486556992096	0.03295134430079034
PF07613	0.6018418829425056	0.3981581170574943
PF07650	0.5294936054566858	0.4705063945433142
PF07660	0.8842471430406081	0.11575285695939186
PF07662	0.4912138772652005	0.5087861227347995
PF07664	0.17613287767915464	0.8238671223208454
PF07669	0.5336344515860454	0.46636554841395456
PF07670	0.09030660687394021	0.9096933931260598
PF07676	0.6687338876111484	0.3312661123888517
PF07681	0.38903039810987405	0.610969601890126
PF07685	0.9240341594664381	0.07596584053356198
PF07687	0.5779385351205947	0.4220614648794053
PF07690	0.7887790555663189	0.21122094443368108
PF07691	0.9548103143949194	0.04518968560508068
PF07693	0.858771006301032	0.14122899369896805
PF07694	0.8267077406728087	0.17329225932719122
PF07696	0.184015989308963	0.815984010691037
PF07698	0.9813310505252884	0.018668949474711642
PF07702	0.2931483798678586	0.7068516201321414
PF07703	0.6215912742557222	0.37840872574427775
PF07714	0.30528325914826326	0.6947167408517367
PF07715	0.901644021860404	0.09835597813959593
PF07717	0.07432172951880378	0.9256782704811962
PF07719	0.49855386180477346	0.5014461381952265
PF07722	0.5927596319062435	0.4072403680937565
PF07724	0.24212999163268667	0.7578700083673133
PF07726	0.29706228987115857	0.7029377101288414
PF07728	0.7908317927602457	0.2091682072397542
PF07729	0.19520638976930615	0.8047936102306938
PF07730	0.050775281482341894	0.9492247185176581
PF07731	0.8269616265721016	0.17303837342789846
PF07732	0.12121600518682418	0.8787839948131758
PF07733	0.8409931801702315	0.15900681982976855
PF07745	0.8662404694963179	0.13375953050368206
PF07748	0.8694784129254446	0.13052158707455538
PF07751	0.9346362550245311	0.06536374497546893
PF07759	0.07742903980204163	0.9225709601979584
PF07786	0.14233191972530623	0.8576680802746938
PF07804	0.8264861721073451	0.17351382789265493
PF07826	0.6000404009648452	0.3999595990351548
PF07831	0.0641760031932902	0.9358239968067098
PF07833	0.3374776867505409	0.6625223132494591
PF07853	0.6165949166993278	0.38340508330067224
PF07859	0.08138414343360911	0.9186158565663909
PF07863	0.8620082695173439	0.13799173048265612
PF07866	0.9274215797308993	0.07257842026910065
PF07873	0.16714198759554622	0.8328580124044538
PF07881	0.6454331806130874	0.3545668193869126
PF07882	0.19147974099105558	0.8085202590089444
PF07883	0.4177977192203648	0.5822022807796352
PF07884	0.3878137758090455	0.6121862241909545
PF07885	0.4676316857199653	0.5323683142800347
PF07892	0.1059121100692646	0.8940878899307354
PF07905	0.339477466625941	0.660522533374059
PF07906	0.4416935673704253	0.5583064326295747
PF07907	0.05828861520229278	0.9417113847977072
PF07916	0.4214088604625428	0.5785911395374572
PF07929	0.5366429990110353	0.4633570009889647
PF07934	0.729137326775374	0.27086267322462604
PF07940	0.19896836490782654	0.8010316350921735
PF07943	0.04593824161921789	0.9540617583807821
PF07944	0.547225788225953	0.452774211774047
PF07949	0.6249624908016302	0.3750375091983698
PF07959	0.5931103392952932	0.40688966070470683
PF07969	0.019789978415571174	0.9802100215844288
PF07971	0.9366268548892709	0.06337314511072914
PF07972	0.7280431315651071	0.27195686843489286
PF07973	0.5663741943832888	0.43362580561671116
PF07977	0.7372355239492292	0.26276447605077086
PF07980	0.8045650712092645	0.19543492879073557
PF07991	0.9349304599528565	0.0650695400471435
PF07992	0.08784104187860908	0.9121589581213909
PF07993	0.4242377754083049	0.5757622245916951
PF07994	0.97777316876554	0.02222683123446006
PF07995	0.8649175468107206	0.1350824531892793
PF08000	0.3702384664457061	0.6297615335542939
PF08006	0.08259821448517546	0.9174017855148245
PF08007	0.21440059611426643	0.7855994038857336
PF08011	0.7323311111777177	0.26766888882228235
PF08013	0.1581009244212077	0.8418990755787923
PF08019	0.6406817006813368	0.3593182993186632
PF08020	0.6036924627218048	0.3963075372781953
PF08028	0.13102307197955154	0.8689769280204485
PF08029	0.5335707921118407	0.4664292078881593
PF08032	0.41365413062823553	0.5863458693717645
PF08124	0.8843437858780707	0.11565621412192933
PF08125	0.48392374398485727	0.5160762560151427
PF08148	0.595570321992791	0.404429678007209
PF08206	0.4185261486626701	0.5814738513373299
PF08212	0.38234380367781273	0.6176561963221873
PF08218	0.7993707506025223	0.20062924939747773
PF08220	0.020906904420466055	0.979093095579534
PF08238	0.8200300468952897	0.17996995310471034
PF08239	0.2824218394002318	0.7175781605997682
PF08240	0.03338136493403776	0.9666186350659622
PF08241	0.2866755639958267	0.7133244360041733
PF08242	0.42596397355090976	0.5740360264490902
PF08244	0.4863773584030935	0.5136226415969065
PF08245	0.8880007014439005	0.11199929855609947
PF08264	0.47388307640736205	0.526116923592638
PF08267	0.26396034119844647	0.7360396588015535
PF08275	0.6257261935957887	0.3742738064042113
PF08279	0.20109054395772108	0.7989094560422789
PF08281	0.73341305283391	0.26658694716609005
PF08282	0.10113191771684205	0.898868082283158
PF08299	0.4778607178730011	0.5221392821269989
PF08305	0.169355356598338	0.830644643401662
PF08306	0.8440359647459396	0.1559640352540604
PF08308	0.8961305558838363	0.10386944411616368
PF08323	0.10530400441602239	0.8946959955839776
PF08328	0.30375968839996315	0.6962403116000369
PF08331	0.5795658436085522	0.4204341563914478
PF08335	0.4073582148473006	0.5926417851526994
PF08338	0.3078802434568464	0.6921197565431536
PF08343	0.48808102860370295	0.511918971396297
PF08346	0.07013838788591775	0.9298616121140822
PF08348	0.17438158953077287	0.8256184104692271
PF08352	0.3788527940449845	0.6211472059550155
PF08353	0.3348566124424105	0.6651433875575895
PF08354	0.07731826311719103	0.922681736882809
PF08367	0.5190565003007465	0.48094349969925354
PF08388	0.4522669258289561	0.5477330741710439
PF08400	0.1597413992498392	0.8402586007501608
PF08401	0.5088290788489149	0.491170921151085
PF08402	0.5180372073967525	0.4819627926032475
PF08410	0.6004690477609509	0.39953095223904916
PF08428	0.6195394237464723	0.3804605762535277
PF08436	0.21789626364212045	0.7821037363578796
PF08439	0.15140752789045375	0.8485924721095462
PF08442	0.6985698856984117	0.3014301143015883
PF08447	0.12064644320456785	0.8793535567954321
PF08448	0.27603415909236717	0.7239658409076328
PF08450	0.8123423939742163	0.1876576060257838
PF08455	0.05235581679741075	0.9476441832025893
PF08459	0.12370120232534576	0.8762987976746542
PF08463	0.7238284896828941	0.2761715103171058
PF08478	0.20981826933358472	0.7901817306664153
PF08479	0.6917297651204238	0.30827023487957617
PF08481	0.7130290943383792	0.2869709056616208
PF08482	0.23141757727116619	0.7685824227288338
PF08486	0.3895993850280778	0.6104006149719222
PF08487	0.10728708978034174	0.8927129102196583
PF08494	0.26399147336891926	0.7360085266310807
PF08497	0.4258488095750892	0.5741511904249108
PF08501	0.13913923100111292	0.8608607689988871
PF08502	0.8721977665160145	0.12780223348398542
PF08522	0.6131865897650357	0.3868134102349643
PF08529	0.5865894331325601	0.41341056686743993
PF08530	0.1546860741101841	0.8453139258898159
PF08531	0.8578860249806594	0.14211397501934064
PF08532	0.642487428726934	0.35751257127306596
PF08534	0.5697033048528979	0.4302966951471021
PF08541	0.9534245644862611	0.04657543551373891
PF08543	0.4262855214411687	0.5737144785588313
PF08544	0.14718993143197667	0.8528100685680233
PF08545	0.8047757808714298	0.19522421912857021
PF08546	0.7839555232410169	0.21604447675898308
PF08659	0.13320997508715338	0.8667900249128466
PF08665	0.8654055041892683	0.1345944958107317
PF08666	0.15869751125784504	0.841302488742155
PF08676	0.37642646850907124	0.6235735314909288
PF08681	0.1231318188352003	0.8768681811647997
PF08704	0.39044720418557877	0.6095527958144212
PF08706	0.03908028601777469	0.9609197139822253
PF08713	0.7260392937544926	0.27396070624550745
PF08719	0.563327427869313	0.43667257213068694
PF08747	0.05924529502262188	0.9407547049773781
PF08751	0.4832212785232818	0.5167787214767182
PF08757	0.28481998210905857	0.7151800178909414
PF08760	0.8684057813841825	0.13159421861581752
PF08769	0.07080273992204678	0.9291972600779532
PF08780	0.5391433193643566	0.46085668063564345
PF08798	0.5746139721983408	0.4253860278016592
PF08800	0.9434934202909757	0.05650657970902424
PF08808	0.8172276833457979	0.18277231665420215
PF08841	0.16567792087809363	0.8343220791219064
PF08842	0.9616779269280401	0.03832207307195989
PF08843	0.6093335521327874	0.39066644786721255
PF08849	0.12302650384952551	0.8769734961504745
PF08867	0.27765992753953006	0.7223400724604699
PF08876	0.4338015105369586	0.5661984894630414
PF08885	0.9770453848875633	0.02295461511243668
PF08890	0.6399689867010026	0.3600310132989975
PF08902	0.7492453846180998	0.2507546153819003
PF08903	0.42621220789525394	0.5737877921047461
PF08924	0.25150444189312304	0.748495558106877
PF08942	0.7395997021990744	0.26040029780092555
PF08974	0.7578163384757022	0.24218366152429788
PF08984	0.5423028228130092	0.45769717718699077
PF09019	0.4514897634086338	0.5485102365913662
PF09035	0.6313362099423167	0.36866379005768335
PF09084	0.09749005696958613	0.9025099430304139
PF09092	0.9087087711247354	0.09129122887526465
PF09093	0.9177215989754006	0.0822784010245994
PF09134	0.4221018853513697	0.5778981146486303
PF09142	0.5439671728264193	0.4560328271735807
PF09148	0.2822332215283385	0.7177667784716615
PF09160	0.3891985345273242	0.6108014654726758
PF09180	0.691362827354676	0.308637172645324
PF09186	0.4665347942260156	0.5334652057739844
PF09190	0.142831429743852	0.857168570256148
PF09223	0.5213651915875417	0.4786348084124583
PF09234	0.9164223266832747	0.08357767331672522
PF09244	0.09637474474702346	0.9036252552529765
PF09261	0.11782019706980995	0.88217980293019
PF09269	0.06832784361526678	0.9316721563847332
PF09285	0.10303662336618735	0.8969633766338126
PF09299	0.605163680297162	0.3948363197028379
PF09314	0.8417631659380486	0.1582368340619514
PF09317	0.18377638095130566	0.8162236190486943
PF09327	0.08028331593793259	0.9197166840620674
PF09330	0.22162840118046934	0.7783715988195307
PF09334	0.0841252379019849	0.9158747620980151
PF09335	0.45614616058505	0.54385383941495
PF09338	0.1300526854454538	0.8699473145545462
PF09339	0.7744053425674405	0.22559465743255946
PF09344	0.504130152617118	0.4958698473828819
PF09357	0.7428572254486678	0.2571427745513321
PF09359	0.6495723658541436	0.3504276341458564
PF09362	0.1958395935579953	0.8041604064420047
PF09363	0.4219947178252169	0.5780052821747831
PF09364	0.3628704810958966	0.6371295189041034
PF09365	0.44609269268442653	0.5539073073155735
PF09371	0.1568419444053034	0.8431580555946966
PF09375	0.5422869969915061	0.457713003008494
PF09382	0.9808889572604402	0.019111042739559776
PF09383	0.15059469265114933	0.8494053073488507
PF09393	0.621341677507995	0.3786583224920051
PF09397	0.9504083416858599	0.049591658314140134
PF09413	0.16398525358068505	0.836014746419315
PF09414	0.6168850982451767	0.3831149017548233
PF09424	0.8512630049103262	0.14873699508967372
PF09471	0.911951182718119	0.08804881728188099
PF09479	0.1377043947662353	0.8622956052337647
PF09481	0.22724574328529523	0.7727542567147048
PF09492	0.9672311684323098	0.03276883156769017
PF09500	0.07727006012047355	0.9227299398795265
PF09508	0.024887772388272777	0.9751122276117272
PF09509	0.37346106864124895	0.626538931358751
PF09511	0.21908816472678982	0.7809118352732102
PF09512	0.23217037377431826	0.7678296262256817
PF09515	0.5906738421064482	0.40932615789355176
PF09519	0.22778046846593691	0.7722195315340631
PF09529	0.49037313910398117	0.5096268608960188
PF09546	0.24591046912824066	0.7540895308717593
PF09547	0.10622394753389508	0.8937760524661049
PF09551	0.03025519960218903	0.969744800397811
PF09565	0.14263413996143837	0.8573658600385616
PF09586	0.6999993954739212	0.30000060452607885
PF09587	0.20676057387445224	0.7932394261255478
PF09588	0.5988885790386154	0.40111142096138463
PF09601	0.25787669884048814	0.7421233011595119
PF09603	0.9522996368083657	0.04770036319163425
PF09605	0.1296899940115953	0.8703100059884047
PF09639	0.7936202391512845	0.20637976084871548
PF09660	0.15006642627173783	0.8499335737282622
PF09661	0.3834184809100116	0.6165815190899884
PF09669	0.11854139158480503	0.881458608415195
PF09674	0.878945860176291	0.12105413982370905
PF09681	0.9746886559735501	0.025311344026449866
PF09684	0.7023914716537385	0.29760852834626156
PF09693	0.4877292369877201	0.5122707630122799
PF09704	0.4044242561420228	0.5955757438579772
PF09709	0.4535428852767003	0.5464571147232997
PF09719	0.8844235406765538	0.11557645932344614
PF09721	0.34604862445815243	0.6539513755418476
PF09723	0.731139714126662	0.26886028587333805
PF09754	0.03409323156401656	0.9659067684359834
PF09768	0.5971609289629207	0.4028390710370792
PF09818	0.33011199200018326	0.6698880079998167
PF09819	0.5357728615623192	0.46422713843768076
PF09820	0.6978770964734285	0.30212290352657145
PF09821	0.41973703607528623	0.5802629639247138
PF09822	0.28273728542083787	0.7172627145791621
PF09826	0.1999524915146682	0.8000475084853318
PF09827	0.39483409504156497	0.605165904958435
PF09848	0.9355003998015341	0.06449960019846587
PF09861	0.5195638677703684	0.4804361322296316
PF09862	0.9052724915546813	0.09472750844531878
PF09863	0.02552332452797068	0.9744766754720293
PF09903	0.19602171106102362	0.8039782889389764
PF09906	0.22265098159126995	0.77734901840873
PF09913	0.3369643028021465	0.6630356971978535
PF09918	0.8252657654732549	0.17473423452674508
PF09924	0.7328425469919693	0.2671574530080308
PF09949	0.3512725874481878	0.6487274125518122
PF09950	0.09392508676799116	0.9060749132320088
PF09960	0.3674182948475605	0.6325817051524395
PF09967	0.5520747231025078	0.4479252768974922
PF09972	0.31723795216438444	0.6827620478356156
PF09979	0.6338019508853936	0.3661980491146064
PF09982	0.7951742870162398	0.20482571298376018
PF09983	0.16903029513181567	0.8309697048681843
PF09984	0.08740274940891268	0.9125972505910873
PF09986	0.8083196722127781	0.1916803277872219
PF09989	0.2906184568747012	0.7093815431252988
PF09991	0.32375914753033797	0.676240852469662
PF09992	0.5156753253697655	0.48432467463023454
PF09994	0.5444420430813904	0.45555795691860956
PF10009	0.29634042804544003	0.70365957195456
PF10011	0.24647077699399755	0.7535292230060024
PF10020	0.5103122096103928	0.4896877903896072
PF10022	0.6239858346262314	0.37601416537376864
PF10035	0.08571108383248927	0.9142889161675107
PF10050	0.3358225906761675	0.6641774093238325
PF10060	0.610337989608861	0.389662010391139
PF10076	0.9641099225440065	0.0358900774559935
PF10080	0.5947061686366342	0.4052938313633659
PF10086	0.5452041574544766	0.45479584254552335
PF10088	0.3561351141980301	0.6438648858019699
PF10101	0.8815024047545497	0.11849759524545032
PF10103	0.5022618870798741	0.4977381129201259
PF10105	0.20735081170210468	0.7926491882978953
PF10106	0.07801883700048573	0.9219811629995143
PF10111	0.35092562178006526	0.6490743782199347
PF10112	0.32729717931316593	0.6727028206868341
PF10117	0.6797469010247916	0.3202530989752083
PF10123	0.39093572549771716	0.6090642745022828
PF10124	0.4591189658934173	0.5408810341065827
PF10127	0.5511853913151303	0.4488146086848697
PF10128	0.7618526078503504	0.23814739214964964
PF10140	0.11483648202533736	0.8851635179746626
PF10143	0.5504006163074475	0.4495993836925525
PF10145	0.32095465863443773	0.6790453413655623
PF10150	0.41290539142959704	0.587094608570403
PF10282	0.44343258276725506	0.5565674172327449
PF10298	0.17292539181772126	0.8270746081822787
PF10369	0.7331312108253893	0.26686878917461065
PF10370	0.18895411497232906	0.8110458850276709
PF10371	0.440149472276016	0.559850527723984
PF10385	0.4805657003223952	0.5194342996776048
PF10387	0.8326659521307926	0.1673340478692074
PF10396	0.23865751241944244	0.7613424875805576
PF10397	0.932171636212388	0.06782836378761206
PF10410	0.06847002457774254	0.9315299754222575
PF10412	0.14848286272040034	0.8515171372795997
PF10415	0.23265632495162225	0.7673436750483777
PF10418	0.3810365566171974	0.6189634433828026
PF10423	0.28143788677135706	0.7185621132286429
PF10431	0.6247581645227098	0.3752418354772902
PF10437	0.07175741987172024	0.9282425801282798
PF10458	0.3540135037199452	0.6459864962800548
PF10459	0.9124228467983224	0.0875771532016776
PF10502	0.96814278214694	0.031857217853059984
PF10509	0.16675829765097727	0.8332417023490227
PF10531	0.890139380940922	0.10986061905907797
PF10543	0.8849045200920242	0.11509547990797571
PF10566	0.9178959504559103	0.08210404954408966
PF10588	0.7268069139120572	0.27319308608794274
PF10589	0.11975132451118486	0.8802486754888151
PF10592	0.80100275893101	0.19899724106898997
PF10593	0.24727425201659337	0.7527257479834066
PF10609	0.029089356613899553	0.9709106433861004
PF10611	0.06552080225490242	0.9344791977450976
PF10626	0.933216727344876	0.06678327265512395
PF10634	0.2938948544586867	0.7061051455413133
PF10646	0.10040568823130402	0.899594311768696
PF10662	0.11950631315732507	0.8804936868426749
PF10672	0.5977658696325951	0.40223413036740485
PF10728	0.7984034051846738	0.2015965948153262
PF10754	0.19657211799534213	0.8034278820046579
PF10797	0.05397594611584111	0.9460240538841589
PF10825	0.5262233972146408	0.4737766027853591
PF10844	0.83659086932009	0.16340913067991003
PF10923	0.26724500279281604	0.732754997207184
PF10926	0.46624426229428984	0.5337557377057102
PF10934	0.9588361458772391	0.04116385412276094
PF10938	0.5501301077079226	0.44986989229207747
PF10951	0.7961381479056668	0.2038618520943332
PF10991	0.30927672871794787	0.6907232712820521
PF10995	0.17760093098573393	0.8223990690142661
PF10996	0.7014562415166985	0.2985437584833015
PF11013	0.9833265723723309	0.01667342762766912
PF11104	0.546637845869201	0.4533621541307991
PF11130	0.3204763209459234	0.6795236790540766
PF11133	0.9522995020281791	0.04770049797182085
PF11175	0.8206714721201618	0.17932852787983827
PF11187	0.4588422739529002	0.5411577260470998
PF11188	0.8701445106737742	0.1298554893262258
PF11193	0.13176760301965706	0.8682323969803429
PF11195	0.33677172449818205	0.663228275501818
PF11228	0.5942449833497142	0.4057550166502858
PF11230	0.24866589064312172	0.7513341093568783
PF11238	0.23669654828655884	0.7633034517134412
PF11241	0.31322454877887307	0.6867754512211269
PF11248	0.6861283673091264	0.3138716326908736
PF11253	0.14257762183809952	0.8574223781619005
PF11258	0.0754559748167043	0.9245440251832957
PF11268	0.15824987208166763	0.8417501279183324
PF11273	0.03160915437139589	0.9683908456286041
PF11276	0.7178010632789404	0.2821989367210596
PF11306	0.9029576132697033	0.09704238673029669
PF11307	0.9980496087524666	0.0019503912475333704
PF11311	0.07530920697639365	0.9246907930236063
PF11325	0.9376441239923476	0.062355876007652404
PF11361	0.3765228848718477	0.6234771151281523
PF11368	0.13886151842828642	0.8611384815717136
PF11377	0.08674723574687326	0.9132527642531267
PF11392	0.779949243980313	0.22005075601968707
PF11398	0.019471675406692923	0.9805283245933071
PF11412	0.43118318142183076	0.5688168185781692
PF11443	0.5018512916998235	0.4981487083001765
PF11449	0.4066481011060351	0.5933518988939649
PF11452	0.2925883167192489	0.7074116832807511
PF11453	0.18485875064614177	0.8151412493538582
PF11655	0.8486864988143382	0.15131350118566178
PF11658	0.14430805680724268	0.8556919431927573
PF11672	0.20917230393238184	0.7908276960676182
PF11692	0.06968033742157775	0.9303196625784222
PF11694	0.1538680392460997	0.8461319607539003
PF11700	0.6926796615250613	0.30732033847493867
PF11738	0.4486371517759875	0.5513628482240125
PF11745	0.036690362732853754	0.9633096372671462
PF11753	0.27583775631088203	0.724162243689118
PF11760	0.2263432471659237	0.7736567528340763
PF11762	0.28522937668763704	0.714770623312363
PF11794	0.5110114235316972	0.48898857646830285
PF11795	0.34998738999917123	0.6500126100008288
PF11796	0.5775499155357707	0.42245008446422927
PF11799	0.320771903703131	0.679228096296869
PF11806	0.14799327231029336	0.8520067276897066
PF11818	0.618763666275669	0.38123633372433097
PF11838	0.3695280074220597	0.6304719925779403
PF11842	0.030841104848188472	0.9691588951518115
PF11852	0.5539146799289647	0.44608532007103535
PF11855	0.7860499731620033	0.21395002683799672
PF11863	0.6482919074127516	0.35170809258724844
PF11867	0.7488765750284823	0.2511234249715177
PF11893	0.059780274258125154	0.9402197257418748
PF11896	0.6636408880133859	0.336359111986614
PF11898	0.6969330307272437	0.30306696927275634
PF11907	0.04083927197967674	0.9591607280203233
PF11922	0.28245654268513887	0.7175434573148611
PF11924	0.34630126947188844	0.6536987305281116
PF11958	0.9111464612590282	0.08885353874097175
PF11967	0.39045156482501464	0.6095484351749854
PF11974	0.6288075202568978	0.3711924797431022
PF11975	0.22293221304126343	0.7770677869587366
PF11984	0.8554115163237331	0.14458848367626687
PF11987	0.9019427299067155	0.0980572700932845
PF11997	0.5452953158906144	0.45470468410938564
PF12002	0.8256876883349775	0.17431231166502245
PF12008	0.43150402597088067	0.5684959740291193
PF12010	0.037496798094768025	0.962503201905232
PF12029	0.09288869109893216	0.9071113089010678
PF12051	0.17295205114987566	0.8270479488501243
PF12072	0.44633948558944847	0.5536605144105515
PF12083	0.04898948870179909	0.9510105112982009
PF12089	0.5926017684590752	0.40739823154092475
PF12099	0.9304452899146273	0.06955471008537273
PF12111	0.18778568213043878	0.8122143178695612
PF12127	0.9077603078083836	0.09223969219161643
PF12137	0.06178414233070839	0.9382158576692916
PF12146	0.06284847181893205	0.937151528181068
PF12161	0.4865603651674215	0.5134396348325785
PF12164	0.39932550024165003	0.60067449975835
PF12169	0.37530783758415576	0.6246921624158442
PF12215	0.9425506921045927	0.05744930789540725
PF12224	0.5108647440404878	0.48913525595951224
PF12225	0.5033934008618943	0.4966065991381056
PF12229	0.16577640273000005	0.83422359727
PF12236	0.06230331249805843	0.9376966875019416
PF12282	0.34519191411778294	0.6548080858822171
PF12320	0.04776604234446902	0.952233957655531
PF12323	0.6416911729932234	0.3583088270067766
PF12327	0.6898736444086253	0.31012635559137464
PF12344	0.03588597481242706	0.9641140251875729
PF12385	0.26503136047892795	0.734968639521072
PF12392	0.13935468585150235	0.8606453141484977
PF12395	0.7404667658534201	0.25953323414657986
PF12401	0.5455170942187795	0.45448290578122047
PF12419	0.4504081141738673	0.5495918858261327
PF12421	0.19470124292836943	0.8052987570716306
PF12437	0.7061426596443265	0.29385734035567346
PF12439	0.8931727783419561	0.10682722165804394
PF12502	0.5162482183961785	0.4837517816038215
PF12508	0.9596323173502787	0.04036768264972134
PF12532	0.45192907847130503	0.548070921528695
PF12535	0.8868479802636978	0.11315201973630216
PF12541	0.08548383691068662	0.9145161630893134
PF12566	0.030086194911334907	0.9699138050886651
PF12570	0.740408385525199	0.25959161447480095
PF12571	0.09181076812330102	0.908189231876699
PF12627	0.03585591722061765	0.9641440827793823
PF12631	0.7785916883726081	0.22140831162739188
PF12641	0.20703575092924387	0.7929642490707561
PF12642	0.47544196656131144	0.5245580334386886
PF12643	0.16240768609819378	0.8375923139018062
PF12645	0.10245687503375367	0.8975431249662463
PF12648	0.5377844081818317	0.46221559181816835
PF12654	0.3590013955373277	0.6409986044626723
PF12663	0.2072206074251406	0.7927793925748594
PF12666	0.007726829996042017	0.992273170003958
PF12668	0.9272551475255915	0.0727448524744086
PF12671	0.01250788881679088	0.9874921111832091
PF12672	0.6769479020461364	0.3230520979538636
PF12673	0.17887224445799632	0.8211277555420037
PF12679	0.23312033417592892	0.7668796658240711
PF12682	0.3343767560898778	0.6656232439101222
PF12684	0.9105616907420455	0.0894383092579545
PF12685	0.021044115646640327	0.9789558843533597
PF12687	0.3037454601645534	0.6962545398354466
PF12695	0.6157251305168855	0.3842748694831145
PF12696	0.8064711851584517	0.19352881484154824
PF12697	0.08357592544635184	0.9164240745536482
PF12698	0.41618979861318717	0.5838102013868128
PF12700	0.307117044830056	0.692882955169944
PF12704	0.5401916811589156	0.4598083188410844
PF12705	0.3282690483296914	0.6717309516703086
PF12706	0.04789671927993633	0.9521032807200637
PF12708	0.47853377865061697	0.521466221349383
PF12710	0.535079501385781	0.4649204986142191
PF12715	0.9342878376861838	0.06571216231381613
PF12725	0.6309350897302144	0.36906491026978555
PF12727	0.7166681699143855	0.28333183008561447
PF12728	0.7491244215574089	0.2508755784425911
PF12729	0.5310020602112321	0.4689979397887679
PF12730	0.16337844716859995	0.8366215528314
PF12733	0.6883981650003681	0.3116018349996319
PF12741	0.9491110707116727	0.05088892928832731
PF12750	0.27645256921951056	0.7235474307804894
PF12759	0.13266052505328008	0.8673394749467199
PF12762	0.6763252245970239	0.323674775402976
PF12769	0.3711527994988352	0.6288472005011648
PF12771	0.9234840542565322	0.07651594574346772
PF12784	0.8828016642356782	0.11719833576432183
PF12792	0.3186882476485464	0.6813117523514536
PF12793	0.008653662717364008	0.991346337282636
PF12794	0.1787637702275806	0.8212362297724194
PF12795	0.3825683579398046	0.6174316420601954
PF12796	0.6139738820740597	0.3860261179259403
PF12799	0.6315512043588273	0.3684487956411727
PF12801	0.8434457575990801	0.15655424240091984
PF12802	0.23551830000841578	0.7644816999915842
PF12804	0.13204481191729833	0.8679551880827017
PF12805	0.02424878814522391	0.9757512118547761
PF12810	0.21613473728565247	0.7838652627143475
PF12821	0.2814167078851092	0.7185832921148908
PF12822	0.6249047490241354	0.3750952509758646
PF12826	0.15611373732366796	0.843886262676332
PF12831	0.809772161915557	0.190227838084443
PF12832	0.4159638546950907	0.5840361453049093
PF12833	0.3849095125517453	0.6150904874482547
PF12836	0.27595508051555484	0.7240449194844452
PF12837	0.3260346855782563	0.6739653144217437
PF12838	0.6233414679008026	0.3766585320991974
PF12840	0.12581255275590708	0.8741874472440929
PF12844	0.1659587757222336	0.8340412242777664
PF12846	0.05621356486978768	0.9437864351302123
PF12848	0.198818984272493	0.801181015727507
PF12849	0.30650689683359	0.69349310316641
PF12850	0.8235698125428444	0.17643018745715555
PF12888	0.9410323409616796	0.058967659038320346
PF12889	0.46902402921157194	0.5309759707884281
PF12890	0.2036173445098144	0.7963826554901856
PF12892	0.559843552318126	0.44015644768187406
PF12897	0.1291828859073768	0.8708171140926232
PF12900	0.30551143910079825	0.6944885608992017
PF12905	0.1831763515893573	0.8168236484106427
PF12911	0.6545521160327683	0.34544788396723164
PF12945	0.7038492944198256	0.29615070558017437
PF12950	0.7563288113439052	0.24367118865609483
PF12951	0.4510174196599429	0.5489825803400571
PF12957	0.650248669751727	0.349751330248273
PF12958	0.6389364116907198	0.3610635883092802
PF12960	0.44463726907082823	0.5553627309291718
PF12969	0.9885224165628055	0.01147758343719451
PF12971	0.2041880101559419	0.7958119898440581
PF12972	0.8418211204789476	0.15817887952105236
PF12974	0.22411753248998256	0.7758824675100174
PF12984	0.9768048297845292	0.023195170215470844
PF12990	0.9400974708319132	0.05990252916808675
PF12991	0.9479274249866881	0.05207257501331184
PF12993	0.34829302936702755	0.6517069706329724
PF12994	0.6242511274643306	0.37574887253566935
PF12997	0.3211882261912701	0.6788117738087299
PF13004	0.9433548702098689	0.0566451297901312
PF13006	0.5118478791774044	0.4881521208225956
PF13007	0.5058707476638189	0.4941292523361811
PF13018	0.24625574515973803	0.753744254840262
PF13023	0.6253048618935028	0.37469513810649724
PF13026	0.338860675612743	0.661139324387257
PF13083	0.23441290764113176	0.7655870923588682
PF13085	0.2968312347997869	0.7031687652002131
PF13086	0.9742414392255557	0.025758560774444283
PF13087	0.4908456501337328	0.5091543498662672
PF13088	0.2136808425741119	0.7863191574258881
PF13089	0.46319052702497976	0.5368094729750202
PF13090	0.8428358786278956	0.15716412137210445
PF13091	0.6535154491576398	0.34648455084236013
PF13098	0.7161545672088707	0.28384543279112934
PF13100	0.9004785098743775	0.09952149012562245
PF13101	0.971498067257717	0.028501932742282955
PF13102	0.9812559156504946	0.018744084349505353
PF13116	0.25742592084323046	0.7425740791567695
PF13145	0.09752091716141753	0.9024790828385825
PF13148	0.6810620365823303	0.3189379634176696
PF13149	0.8811274741514915	0.1188725258485085
PF13151	0.19004461290312213	0.8099553870968779
PF13154	0.3581948752910916	0.6418051247089084
PF13155	0.840832052197797	0.15916794780220295
PF13166	0.6730574295743391	0.3269425704256609
PF13167	0.33581842427159314	0.6641815757284069
PF13173	0.2932404213715324	0.7067595786284676
PF13174	0.8684868870630033	0.13151311293699672
PF13175	0.8133197188902699	0.18668028110973017
PF13177	0.5421661760545171	0.45783382394548283
PF13180	0.15369630601396644	0.8463036939860336
PF13181	0.6819169406319402	0.3180830593680598
PF13182	0.3108504426761388	0.6891495573238612
PF13184	0.19235208145593463	0.8076479185440654
PF13189	0.023765110851821203	0.9762348891481788
PF13190	0.8335099298423716	0.16649007015762846
PF13191	0.11954398246033926	0.8804560175396607
PF13192	0.8656917393537178	0.13430826064628215
PF13193	0.21301909204154834	0.7869809079584517
PF13195	0.7302373824448121	0.2697626175551879
PF13196	0.1967067158422101	0.8032932841577899
PF13200	0.03419933175808365	0.9658006682419163
PF13201	0.573623133628813	0.426376866371187
PF13202	0.8783146396805649	0.12168536031943515
PF13204	0.9526036222441835	0.04739637775581647
PF13205	0.7348210168637008	0.26517898313629923
PF13207	0.1686638455679519	0.8313361544320481
PF13224	0.4790129188870097	0.5209870811129903
PF13226	0.21224379103930646	0.7877562089606935
PF13228	0.4693065839896635	0.5306934160103365
PF13229	0.4876776146580354	0.5123223853419646
PF13231	0.9651292105640651	0.034870789435934905
PF13240	0.2535402638480334	0.7464597361519666
PF13241	0.649185077682493	0.35081492231750705
PF13242	0.13483587130014607	0.8651641286998539
PF13245	0.18728759206741552	0.8127124079325845
PF13246	0.5968135713998791	0.4031864286001209
PF13247	0.013457443658914214	0.9865425563410858
PF13262	0.4477306136798491	0.5522693863201509
PF13263	0.1793188254541468	0.8206811745458532
PF13274	0.43182296994218505	0.568177030057815
PF13276	0.1991210112224172	0.8008789887775828
PF13277	0.5948702294426906	0.40512977055730937
PF13280	0.39244309318726533	0.6075569068127347
PF13286	0.22311370671441444	0.7768862932855856
PF13287	0.9068958411417023	0.0931041588582977
PF13288	0.33486062071847655	0.6651393792815234
PF13289	0.23702827362697976	0.7629717263730202
PF13290	0.7355115828348302	0.2644884171651698
PF13291	0.6280662940681561	0.3719337059318439
PF13292	0.2617483930253942	0.7382516069746058
PF13296	0.11608974685653717	0.8839102531434628
PF13302	0.2368114132020377	0.7631885867979623
PF13303	0.36060221023871053	0.6393977897612895
PF13304	0.9331803209166364	0.06681967908336359
PF13306	0.6202265305229293	0.37977346947707075
PF13307	0.14116881820748106	0.8588311817925189
PF13308	0.6547988165711701	0.3452011834288299
PF13310	0.7298757787832698	0.2701242212167302
PF13311	0.40680268950509746	0.5931973104949025
PF13313	0.2993349996940684	0.7006650003059316
PF13320	0.33974850142877133	0.6602514985712287
PF13328	0.5198528305258667	0.48014716947413333
PF13332	0.07402562197605844	0.9259743780239416
PF13333	0.5249955284066515	0.47500447159334847
PF13335	0.22375784917289765	0.7762421508271024
PF13336	0.8552943991161333	0.14470560088386675
PF13337	0.5489869700027805	0.45101302999721943
PF13340	0.2567113199933796	0.7432886800066204
PF13342	0.8343544050201748	0.16564559497982528
PF13343	0.2816364909578294	0.7183635090421706
PF13344	0.10995869193746588	0.8900413080625341
PF13346	0.06270857905106086	0.9372914209489391
PF13347	0.18073953216425243	0.8192604678357476
PF13349	0.7242902136449785	0.2757097863550216
PF13350	0.2510202150166908	0.7489797849833092
PF13351	0.8220108878083754	0.1779891121916246
PF13353	0.6630918190388932	0.3369081809611067
PF13354	0.1729982451435107	0.8270017548564893
PF13356	0.22849309457659994	0.7715069054234001
PF13358	0.17608296046192473	0.8239170395380753
PF13360	0.36904046310178684	0.6309595368982132
PF13361	0.5447921988437361	0.4552078011562639
PF13365	0.1758788388431093	0.8241211611568907
PF13367	0.4539405711219122	0.5460594288780878
PF13368	0.9558621290114957	0.04413787098850427
PF13374	0.7327351616154556	0.26726483838454446
PF13375	0.12917226124727388	0.8708277387527261
PF13377	0.33702058284115377	0.6629794171588462
PF13378	0.254963628011561	0.745036371988439
PF13379	0.41898792514894745	0.5810120748510526
PF13382	0.204290476693614	0.795709523306386
PF13384	0.5274113228136825	0.47258867718631753
PF13385	0.13670099388296908	0.8632990061170309
PF13386	0.5271908055710919	0.4728091944289081
PF13387	0.902609653719159	0.09739034628084102
PF13393	0.3836521552002753	0.6163478447997247
PF13394	0.02201153655810728	0.9779884634418927
PF13395	0.4628291492153028	0.5371708507846972
PF13397	0.36568036245353475	0.6343196375464653
PF13399	0.039531676900255386	0.9604683230997446
PF13401	0.7670729968738345	0.23292700312616552
PF13402	0.49788489424863436	0.5021151057513656
PF13404	0.6770758784487871	0.3229241215512129
PF13406	0.6628508915736175	0.33714910842638246
PF13407	0.13804554690219384	0.8619544530978062
PF13408	0.11224112931349839	0.8877588706865016
PF13411	0.3437516190386841	0.6562483809613159
PF13412	0.18890764382076963	0.8110923561792304
PF13413	0.04291032564949171	0.9570896743505083
PF13414	0.9630667703011131	0.036933229698886905
PF13416	0.2865185565836569	0.7134814434163431
PF13417	0.07024931811687485	0.9297506818831252
PF13419	0.39994888604361956	0.6000511139563804
PF13420	0.2894275291460401	0.7105724708539599
PF13421	0.2672435641488773	0.7327564358511227
PF13424	0.9506344208633746	0.049365579136625426
PF13426	0.7510909421440481	0.2489090578559519
PF13428	0.8286513139486378	0.17134868605136228
PF13431	0.9757396691206033	0.02426033087939677
PF13432	0.35414923857451186	0.6458507614254881
PF13433	0.2885106608202377	0.7114893391797623
PF13437	0.917655774785617	0.08234422521438303
PF13438	0.588467487794796	0.4115325122052041
PF13439	0.9165241372103093	0.08347586278969069
PF13440	0.482834553635749	0.517165446364251
PF13442	0.590911603514864	0.40908839648513595
PF13443	0.18647204049103694	0.8135279595089631
PF13444	0.2011073961242844	0.7988926038757156
PF13448	0.9740570794158013	0.025942920584198694
PF13449	0.45300779909361955	0.5469922009063805
PF13450	0.6348265079490396	0.3651734920509604
PF13454	0.323623178532759	0.676376821467241
PF13458	0.31270448078145385	0.6872955192185461
PF13460	0.14983712162060303	0.850162878379397
PF13462	0.18361756466571222	0.8163824353342878
PF13470	0.3191000829815005	0.6808999170184995
PF13472	0.6067572560897406	0.3932427439102594
PF13473	0.6418210000131974	0.3581789999868025
PF13476	0.1637815596800799	0.8362184403199201
PF13478	0.207110943334615	0.792889056665385
PF13480	0.4604889158727834	0.5395110841272166
PF13481	0.7348016781238511	0.26519832187614883
PF13484	0.6282298719099348	0.3717701280900651
PF13487	0.4099810780360781	0.5900189219639219
PF13489	0.3499191962346314	0.6500808037653686
PF13491	0.9197729696132962	0.08022703038670377
PF13493	0.21756435026566	0.78243564973434
PF13495	0.29084920415625726	0.7091507958437427
PF13497	0.9491815206954658	0.05081847930453422
PF13500	0.30519139473214796	0.694808605267852
PF13502	0.9416142687573428	0.05838573124265724
PF13503	0.3129514008033192	0.6870485991966808
PF13505	0.8637848094656388	0.1362151905343612
PF13507	0.25919381487855575	0.7408061851214442
PF13508	0.7672741256406197	0.23272587435938027
PF13509	0.5649868525977471	0.4350131474022529
PF13510	0.4908009095413347	0.5091990904586653
PF13514	0.6882719608763121	0.3117280391236878
PF13515	0.08971275761560804	0.910287242384392
PF13518	0.9456134936016543	0.05438650639834571
PF13519	0.7786454198786216	0.22135458012137846
PF13520	0.5116939076359645	0.48830609236403555
PF13521	0.8958942494255271	0.1041057505744729
PF13522	0.4070815545065639	0.5929184454934361
PF13523	0.14549675903289327	0.8545032409671067
PF13524	0.32923868868665507	0.6707613113133449
PF13525	0.6297731362068881	0.3702268637931118
PF13526	0.8435936906478763	0.15640630935212374
PF13527	0.3183261707871803	0.6816738292128197
PF13528	0.948925728003364	0.05107427199663589
PF13529	0.5905557460971107	0.40944425390288924
PF13530	0.21700635034692461	0.7829936496530754
PF13531	0.3335094634401774	0.6664905365598226
PF13533	0.7733246912299592	0.2266753087700408
PF13535	0.49737978803156335	0.5026202119684366
PF13537	0.2706431258694043	0.7293568741305957
PF13538	0.5918565714935449	0.40814342850645513
PF13539	0.19065641572811287	0.8093435842718871
PF13540	0.6206279680015505	0.37937203199844943
PF13541	0.7743496726014096	0.22565032739859037
PF13542	0.12980045363618475	0.8701995463638152
PF13545	0.04379637707408712	0.9562036229259129
PF13546	0.17137758954447058	0.8286224104555294
PF13549	0.2793018221703485	0.7206981778296515
PF13550	0.2997850277415407	0.7002149722584593
PF13552	0.9021429886121652	0.09785701138783474
PF13555	0.2823171387658595	0.7176828612341405
PF13556	0.21342716481971913	0.7865728351802809
PF13558	0.22798223479707924	0.7720177652029208
PF13560	0.8020225180093049	0.1979774819906951
PF13561	0.16636610267950902	0.833633897320491
PF13566	0.27962755890181346	0.7203724410981865
PF13567	0.4287234804028335	0.5712765195971665
PF13568	0.9646773034262717	0.03532269657372835
PF13569	0.15258290566080845	0.8474170943391915
PF13570	0.2648456579554884	0.7351543420445116
PF13572	0.9567063054381574	0.04329369456184263
PF13575	0.36883706733252464	0.6311629326674754
PF13579	0.47514985701608525	0.5248501429839147
PF13580	0.17626704072254284	0.8237329592774572
PF13581	0.45400666435650283	0.5459933356434972
PF13584	0.5310269951653241	0.46897300483467586
PF13586	0.368638686436877	0.631361313563123
PF13589	0.14328188600555936	0.8567181139944406
PF13593	0.595050712000827	0.40494928799917296
PF13595	0.5896000159955475	0.4103999840044525
PF13596	0.06502887334540874	0.9349711266545913
PF13597	0.08181876602440274	0.9181812339755973
PF13599	0.3633656898562928	0.6366343101437072
PF13602	0.7154397640557668	0.28456023594423324
PF13603	0.7952406544522592	0.20475934554774078
PF13604	0.33217087507573617	0.6678291249242638
PF13605	0.8562529886284898	0.14374701137151027
PF13606	0.8938063687887297	0.10619363121127036
PF13609	0.10452634500488112	0.8954736549951189
PF13610	0.5593682669091433	0.4406317330908567
PF13612	0.6779962492179071	0.32200375078209287
PF13614	0.8988611457465221	0.10113885425347785
PF13616	0.9543503507412143	0.04564964925878568
PF13620	0.584418736867172	0.415581263132828
PF13622	0.026415399407968998	0.973584600592031
PF13623	0.6516008626109666	0.34839913738903333
PF13624	0.38055041332184314	0.6194495866781569
PF13630	0.061100417495258186	0.9388995825047418
PF13632	0.657203581049149	0.34279641895085106
PF13635	0.4628520193262555	0.5371479806737445
PF13637	0.5256979495930743	0.4743020504069257
PF13638	0.4308367819379084	0.5691632180620916
PF13641	0.8612765473514079	0.13872345264859215
PF13649	0.09912425437584949	0.9008757456241505
PF13650	0.57177549535028	0.4282245046497199
PF13651	0.427369383169905	0.572630616830095
PF13654	0.039901264638902756	0.9600987353610972
PF13655	0.37305903907989957	0.6269409609201004
PF13657	0.8738832275395236	0.1261167724604763
PF13662	0.4488350415393616	0.5511649584606384
PF13667	0.8141743237156732	0.18582567628432678
PF13671	0.6006770320681418	0.39932296793185823
PF13672	0.2255653339374608	0.7744346660625392
PF13673	0.5975988810659218	0.4024011189340781
PF13676	0.6101671291641662	0.3898328708358338
PF13677	0.27308068462903945	0.7269193153709606
PF13679	0.11593617518685306	0.8840638248131469
PF13683	0.13282294153868057	0.8671770584613194
PF13684	0.3229984960568131	0.6770015039431869
PF13685	0.47428103995196214	0.5257189600480379
PF13687	0.8403223875232949	0.15967761247670512
PF13692	0.8963619875167692	0.1036380124832308
PF13700	0.03339501836566483	0.9666049816343352
PF13701	0.5927933833124617	0.4072066166875384
PF13702	0.6116593421175804	0.3883406578824195
PF13707	0.04591201221590835	0.9540879877840917
PF13711	0.5007120064182438	0.4992879935817563
PF13714	0.07360903019459275	0.9263909698054072
PF13715	0.9904332655305078	0.009566734469492202
PF13720	0.49517354740706043	0.5048264525929396
PF13721	0.4142804083680791	0.5857195916319209
PF13722	0.751609891435546	0.248390108564454
PF13727	0.2894897478136682	0.7105102521863318
PF13730	0.18888215625983096	0.811117843740169
PF13731	0.2568793075619402	0.7431206924380598
PF13735	0.5760441017398887	0.4239558982601113
PF13737	0.1452901154611187	0.8547098845388813
PF13738	0.19794553107515012	0.8020544689248499
PF13740	0.1970080158150671	0.8029919841849329
PF13742	0.5230486158485731	0.4769513841514269
PF13749	0.5830101489128934	0.4169898510871066
PF13751	0.2623415622555594	0.7376584377444406
PF13768	0.7507744785772552	0.24922552142274484
PF13777	0.11478326511835801	0.885216734881642
PF13780	0.07498193795682373	0.9250180620431763
PF13782	0.649308706680364	0.350691293319636
PF13784	0.4131413453087299	0.5868586546912701
PF13786	0.30464564703667385	0.6953543529633261
PF13791	0.47626868949265067	0.5237313105073493
PF13793	0.2600162685896099	0.7399837314103901
PF13802	0.6690353987724751	0.33096460122752497
PF13806	0.3889075164698509	0.6110924835301491
PF13807	0.8138012534362516	0.18619874656374838
PF13808	0.45790892764782276	0.5420910723521772
PF13811	0.871935373642396	0.12806462635760402
PF13817	0.8637050095272322	0.1362949904727678
PF13828	0.25410164961269177	0.7458983503873082
PF13829	0.8128632234411013	0.18713677655889868
PF13834	0.26056061386839824	0.7394393861316018
PF13835	0.15209330248664243	0.8479066975133576
PF13840	0.4649867094764326	0.5350132905235674
PF13847	0.206919943790269	0.793080056209731
PF13855	0.42314941282267593	0.5768505871773241
PF13857	0.9133311652255975	0.08666883477440246
PF13859	0.4728452215580896	0.5271547784419104
PF13876	0.4389283593928234	0.5610716406071766
PF13899	0.9216575836435267	0.07834241635647336
PF13905	0.5052383864373713	0.49476161356262877
PF13906	0.9310301134939433	0.06896988650605676
PF13930	0.5905885335951067	0.4094114664048934
PF13932	0.717711602857865	0.2822883971421351
PF13936	0.39631910567977957	0.6036808943202204
PF13941	0.32737746991834205	0.672622530081658
PF13944	0.9520916726411691	0.047908327358830896
PF13953	0.09448011526212996	0.90551988473787
PF13954	0.10022174703736653	0.8997782529626335
PF13958	0.26610155122695556	0.7338984487730444
PF13964	0.9176341780549355	0.08236582194506444
PF13975	0.40911056385615396	0.590889436143846
PF14014	0.8672176545183464	0.13278234548165357
PF14018	0.0688799535673118	0.9311200464326882
PF14019	0.9489873483347075	0.05101265166529247
PF14022	0.1287455904884809	0.8712544095115191
PF14029	0.030494842061817184	0.9695051579381828
PF14031	0.47777396488378954	0.5222260351162105
PF14052	0.9152711200527628	0.08472887994723725
PF14053	0.7435545880037373	0.2564454119962627
PF14057	0.3312096172612894	0.6687903827387106
PF14058	0.677508669754135	0.32249133024586496
PF14059	0.8201400702021581	0.17985992979784196
PF14062	0.1353126886788153	0.8646873113211847
PF14072	0.12424530921089894	0.8757546907891011
PF14080	0.19209595810826907	0.8079040418917309
PF14092	0.925544515235013	0.07445548476498699
PF14133	0.4054603759674087	0.5945396240325913
PF14187	0.03852817679096554	0.9614718232090345
PF14190	0.5581537380126866	0.4418462619873133
PF14191	0.06672778756640418	0.9332722124335958
PF14193	0.43096268560789186	0.5690373143921081
PF14194	0.45470515615709794	0.545294843842902
PF14195	0.5706110795305702	0.4293889204694298
PF14196	0.11378165022817643	0.8862183497718236
PF14198	0.07396298053818517	0.9260370194618148
PF14199	0.8144016877176483	0.18559831228235163
PF14200	0.32121156294670195	0.678788437053298
PF14202	0.3084900522253996	0.6915099477746004
PF14203	0.05746289231032009	0.9425371076896799
PF14237	0.5971540587135757	0.4028459412864242
PF14238	0.5346519339018829	0.465348066098117
PF14253	0.36899708573732426	0.6310029142626757
PF14256	0.15488393969451442	0.8451160603054856
PF14262	0.40494713088649503	0.595052869113505
PF14264	0.6958727805423686	0.30412721945763144
PF14267	0.39535168042216196	0.604648319577838
PF14268	0.4470700979294524	0.5529299020705476
PF14269	0.2520485756186054	0.7479514243813946
PF14270	0.6749368257699226	0.3250631742300774
PF14274	0.9097753420913526	0.09022465790864748
PF14277	0.18323327663477607	0.8167667233652239
PF14278	0.04638570989975144	0.9536142901002486
PF14280	0.3056204963236251	0.6943795036763749
PF14283	0.3561577482343856	0.6438422517656144
PF14284	0.07226025987349993	0.9277397401265001
PF14285	0.23118358040195341	0.7688164195980466
PF14286	0.07517720776703629	0.9248227922329637
PF14287	0.17159155888219546	0.8284084411178045
PF14289	0.9671773845752079	0.032822615424792166
PF14292	0.7997951356566134	0.2002048643433866
PF14297	0.7588145130467027	0.24118548695329733
PF14305	0.3599444871584132	0.6400555128415868
PF14307	0.7993427064818359	0.20065729351816408
PF14310	0.5033560845867753	0.4966439154132247
PF14311	0.2784948400893912	0.7215051599106088
PF14319	0.21576546720223	0.78423453279777
PF14322	0.7493194947033792	0.2506805052966207
PF14323	0.7697975127666609	0.2302024872333391
PF14335	0.3867305110965873	0.6132694889034127
PF14343	0.46463066862685154	0.5353693313731485
PF14367	0.3786430144138607	0.6213569855861393
PF14378	0.99264053161238	0.007359468387620049
PF14386	0.3974747627190648	0.6025252372809352
PF14387	0.6677220681077665	0.3322779318922335
PF14390	0.2679869203039431	0.7320130796960569
PF14391	0.9900633208965848	0.009936679103415277
PF14393	0.5617312207040039	0.4382687792959961
PF14397	0.7103974090849292	0.2896025909150708
PF14403	0.6977950620001389	0.30220493799986115
PF14437	0.3564548035306542	0.6435451964693458
PF14446	0.6924268437331205	0.30757315626687953
PF14450	0.477090340305687	0.522909659694313
PF14478	0.6852104247360544	0.31478957526394563
PF14480	0.5446953548256982	0.4553046451743018
PF14486	0.07710910978025709	0.9228908902197429
PF14487	0.49188367929339216	0.5081163207066078
PF14488	0.5829840613081617	0.4170159386918383
PF14490	0.23750140343497372	0.7624985965650263
PF14492	0.32607383796359213	0.6739261620364079
PF14498	0.7479543460606219	0.25204565393937806
PF14501	0.021639061365207657	0.9783609386347923
PF14503	0.38967488520954885	0.6103251147904512
PF14508	0.9360043929488834	0.06399560705111666
PF14509	0.9089781814973167	0.0910218185026833
PF14512	0.6684361640581801	0.33156383594181993
PF14520	0.3858785198452158	0.6141214801547842
PF14522	0.5949196449322396	0.40508035506776047
PF14524	0.2588297995841994	0.7411702004158006
PF14526	0.23571021993728702	0.764289780062713
PF14527	0.026742093031382086	0.9732579069686179
PF14532	0.7826144707119785	0.21738552928802146
PF14535	0.20699300966095002	0.79300699033905
PF14559	0.46248113727191664	0.5375188627280834
PF14561	0.08083932198692079	0.9191606780130792
PF14572	0.8676506247765543	0.13234937522344564
PF14574	0.4133011473126216	0.5866988526873784
PF14579	0.36342479155588825	0.6365752084441118
PF14583	0.24798344731155086	0.7520165526884491
PF14584	0.5788558228872478	0.4211441771127522
PF14587	0.6726043307654745	0.3273956692345255
PF14588	0.028563801208618567	0.9714361987913814
PF14594	0.23979747924514205	0.760202520754858
PF14602	0.21291540545310428	0.7870845945468957
PF14620	0.14502382623608379	0.8549761737639162
PF14622	0.19860730305223795	0.801392696947762
PF14657	0.22165458172860963	0.7783454182713904
PF14659	0.15857769435608005	0.84142230564392
PF14667	0.1296796705892107	0.8703203294107893
PF14681	0.08151209798863734	0.9184879020113627
PF14691	0.039269822304598745	0.9607301776954013
PF14698	0.5407465117595507	0.45925348824044926
PF14711	0.07031396902799747	0.9296860309720025
PF14714	0.8946436275914441	0.10535637240855585
PF14717	0.4784099238080992	0.5215900761919008
PF14718	0.06797785849312321	0.9320221415068768
PF14720	0.5419724837155904	0.4580275162844096
PF14730	0.8510149336166333	0.14898506638336667
PF14742	0.09669911416697652	0.9033008858330235
PF14748	0.0851366668210295	0.9148633331789705
PF14765	0.06707552216504986	0.9329244778349501
PF14771	0.9757398192313663	0.02426018076863365
PF14789	0.41972265385235297	0.580277346147647
PF14801	0.04666064929077052	0.9533393507092295
PF14815	0.5489399266619206	0.45106007333807935
PF14821	0.4006643572277685	0.5993356427722315
PF14833	0.14495775562348634	0.8550422443765137
PF14849	0.3651509307696926	0.6348490692303074
PF14864	0.7907553418210729	0.20924465817892718
PF14871	0.7205846413258323	0.2794153586741676
PF14873	0.9499771880610259	0.050022811938974024
PF14890	0.5025677251510002	0.49743227484899977
PF14897	0.7635426919047562	0.23645730809524376
PF14903	0.6708182152836202	0.3291817847163799
PF14905	0.8141390433627176	0.18586095663728242
PF14907	0.7293086140847465	0.2706913859152535
PF15495	0.3968841887138622	0.6031158112861378
PF15523	0.467131301576041	0.532868698423959
PF15644	0.8344754959707593	0.1655245040292407
PF15714	0.21452045112716045	0.7854795488728396
PF15738	0.18149959227656454	0.8185004077234355
PF15869	0.9721032326705081	0.027896767329491826
PF15892	0.5063333206918995	0.4936666793081005
PF15902	0.582494618733516	0.4175053812664839
PF15922	0.730233068874653	0.26976693112534705
PF15976	0.2696608050715744	0.7303391949284256
PF15977	0.08150458208235212	0.9184954179176479
PF15979	0.7442858987912284	0.25571410120877164
PF16073	0.11208857401603045	0.8879114259839695
PF16079	0.13442929168988793	0.8655707083101121
PF16113	0.3918374422089417	0.6081625577910583
PF16116	0.879014792094305	0.12098520790569496
PF16124	0.68658041490741	0.3134195850925901
PF16125	0.9850666968617572	0.014933303138242766
PF16126	0.4619102523117643	0.5380897476882357
PF16127	0.8000840704691836	0.19991592953081636
PF16130	0.9211710271200768	0.07882897287992319
PF16140	0.608156197095904	0.3918438029040961
PF16141	0.9479222323506833	0.05207776764931671
PF16146	0.6469713053330537	0.35302869466694636
PF16149	0.9615199583619217	0.03848004163807832
PF16152	0.02949024490857155	0.9705097550914284
PF16153	0.7742876120111211	0.2257123879888789
PF16154	0.4280435412800324	0.5719564587199676
PF16161	0.35679423623659023	0.6432057637634098
PF16163	0.12846232816554204	0.871537671834458
PF16168	0.2802789067655499	0.7197210932344501
PF16187	0.2089468797676185	0.7910531202323815
PF16188	0.35910850609727774	0.6408914939027223
PF16189	0.7910436372641886	0.20895636273581145
PF16192	0.327335007966558	0.672664992033442
PF16193	0.464984662680866	0.535015337319134
PF16197	0.05987848823506037	0.9401215117649396
PF16198	0.5934971273924616	0.4065028726075384
PF16199	0.24814129723108946	0.7518587027689105
PF16215	0.9847849576129607	0.0152150423870393
PF16216	0.38839770176449484	0.6116022982355052
PF16259	0.8667517609349519	0.13324823906504815
PF16262	0.6419579481485949	0.3580420518514051
PF16269	0.9840335835470895	0.015966416452910474
PF16272	0.9794184201464163	0.020581579853583717
PF16280	0.17143015206780554	0.8285698479321945
PF16283	0.9854901191754966	0.014509880824503463
PF16285	0.3995767502998012	0.6004232497001988
PF16313	0.9794342493692992	0.02056575063070076
PF16318	0.8110435168678402	0.18895648313215982
PF16319	0.9088955319120602	0.09110446808793979
PF16321	0.5056398273906622	0.4943601726093378
PF16325	0.7444182207741026	0.2555817792258975
PF16326	0.4410969350554794	0.5589030649445206
PF16330	0.23300761061445974	0.7669923893855403
PF16332	0.9679713653486475	0.03202863465135258
PF16335	0.8898493521546899	0.11015064784531013
PF16338	0.47122321318052773	0.5287767868194723
PF16342	0.9159101068020075	0.08408989319799257
PF16343	0.986383789739231	0.013616210260769
PF16344	0.9919842293565345	0.008015770643465484
PF16347	0.8705168963719012	0.12948310362809878
PF16353	0.6625193128359419	0.3374806871640581
PF16355	0.9901242707175509	0.009875729282449045
PF16359	0.14163789654150039	0.8583621034584996
PF16360	0.369280079160338	0.630719920839662
PF16363	0.9329139682708948	0.06708603172910524
PF16364	0.10537762818904461	0.8946223718109554
PF16369	0.9218955953721613	0.07810440462783878
PF16378	0.9890057220140496	0.010994277985950403
PF16384	0.9539432530187453	0.046056746981254705
PF16385	0.8628578466292356	0.13714215337076444
PF16394	0.8536813854964058	0.14631861450359415
PF16403	0.16455951012989956	0.8354404898701004
PF16407	0.9340165745201839	0.06598342547981607
PF16409	0.9653221131919801	0.034677886808019844
PF16410	0.9727686119115962	0.027231388088403793
PF16411	0.9850075941198955	0.014992405880104495
PF16449	0.0062397594495986475	0.9937602405504014
PF16450	0.07662148606813624	0.9233785139318638
PF16472	0.5595970539932709	0.44040294600672913
PF16490	0.6756150849683813	0.3243849150316187
PF16499	0.26354386500498805	0.736456134995012
PF16565	0.16417154437357484	0.8358284556264252
PF16569	0.32109940991885155	0.6789005900811484
PF16576	0.8872729439756184	0.11272705602438156
PF16586	0.46631206092204813	0.5336879390779519
PF16592	0.5734310753543701	0.4265689246456299
PF16595	0.1859242969740884	0.8140757030259116
PF16653	0.3228618427501708	0.6771381572498292
PF16654	0.1728197975161242	0.8271802024838758
PF16656	0.18680944872780525	0.8131905512721948
PF16658	0.5137087205902137	0.48629127940978634
PF16697	0.33891672258437566	0.6610832774156243
PF16709	0.8311775997046292	0.16882240029537077
PF16729	0.3174659839714099	0.6825340160285901
PF16738	0.4963537998357004	0.5036462001642996
PF16819	0.7373924182914942	0.2626075817085058
PF16820	0.6643665423774461	0.335633457622554
PF16822	0.5156366610963201	0.4843633389036799
PF16868	0.5090675376323193	0.49093246236768073
PF16870	0.056075496922430856	0.9439245030775691
PF16874	0.7366669194370075	0.2633330805629926
PF16875	0.6244204859723692	0.3755795140276308
PF16886	0.27750363381767884	0.7224963661823212
PF16889	0.4645132577670552	0.5354867422329448
PF16916	0.2928420102648718	0.7071579897351282
PF16921	0.050766552801660425	0.9492334471983396
PF16929	0.8229014766446355	0.17709852335536444
PF16933	0.21563368507962255	0.7843663149203774
PF16957	0.15426887802372424	0.8457311219762758
PF16962	0.19691822139309823	0.8030817786069018
PF16966	0.31470984341919706	0.685290156580803
PF16967	0.11194683009564166	0.8880531699043583
PF16970	0.05851933090852224	0.9414806690914778
PF16980	0.20979200751095528	0.7902079924890447
PF16993	0.2099943104202313	0.7900056895797687
PF17042	0.2482749012977712	0.7517250987022288
PF17092	0.1562485713934021	0.8437514286065979
PF17127	0.9877040190399333	0.012295980960066698
PF17128	0.22662097984129614	0.7733790201587039
PF17131	0.7577271594166464	0.24227284058335363
PF17132	0.7479430651487842	0.2520569348512159
PF17136	0.5890514062470653	0.41094859375293474
PF17137	0.9912180120475317	0.008781987952468335
PF17145	0.9788126071914608	0.021187392808539235
PF17147	0.29442882151087657	0.7055711784891234
PF17148	0.9813220986677914	0.01867790133220864
PF17151	0.35467483811038814	0.6453251618896119
PF17154	0.09555273535763487	0.9044472646423651
PF17162	0.9160212339867242	0.08397876601327584
PF17167	0.4347057536606249	0.5652942463393751
PF17168	0.9759055603027129	0.024094439697287078
PF17170	0.9367755719942458	0.06322442800575424
PF17179	0.4179117638605061	0.5820882361394939
PF17189	0.654405198295217	0.3455948017047829
PF17191	0.6268542142445428	0.37314578575545715
PF17202	0.2001272827271111	0.7998727172728889
PF17203	0.07351530878619028	0.9264846912138097
PF17210	0.6898138583127733	0.31018614168722664
PF17284	0.4945457699354029	0.5054542300645971
PF17287	0.4807663943942643	0.5192336056057357
PF17288	0.8533745582442226	0.14662544175577738
PF17289	0.012208180943577007	0.987791819056423
PF17291	0.8518976059769432	0.14810239402305675
PF17293	0.7728797454024362	0.22712025459756377
PF17297	0.6350658867779377	0.3649341132220623
PF17385	0.16053959524766115	0.8394604047523389
PF17386	0.11549628150831548	0.8845037184916845
PF17389	0.2359045997970579	0.7640954002029421
PF17390	0.5394819876128286	0.4605180123871714
PF17425	0.9009168335454903	0.09908316645450968
PF17451	0.07801859285708601	0.921981407142914
PF17479	0.15577822355266724	0.8442217764473328
PF17482	0.21112167216301725	0.7888783278369828
PF17651	0.0935948713792113	0.9064051286207887
PF17657	0.3719671365877514	0.6280328634122486
PF17676	0.256800246259568	0.743199753740432
PF17677	0.26987553865943925	0.7301244613405607
PF17678	0.7277428889185338	0.27225711108146616
PF17728	0.11508047694528867	0.8849195230547113
PF17755	0.6696637328840862	0.3303362671159138
PF17757	0.789313198303508	0.210686801696492
PF17758	0.5027973858986019	0.49720261410139804
PF17759	0.0928594098114871	0.9071405901885129
PF17760	0.4380716417967173	0.5619283582032827
PF17761	0.8500959718204009	0.14990402817959908
PF17762	0.22149785250745357	0.7785021474925464
PF17763	0.7388413684454563	0.26115863155454366
PF17764	0.38701448890752443	0.6129855110924756
PF17767	0.10182873659738356	0.8981712634026164
PF17768	0.9651540359797484	0.034845964020251585
PF17769	0.5558989220052345	0.4441010779947655
PF17770	0.18467333038720957	0.8153266696127904
PF17774	0.2835505884600793	0.7164494115399207
PF17785	0.9469230444169755	0.05307695558302453
PF17788	0.5491077068157862	0.45089229318421375
PF17801	0.9478040655732143	0.05219593442678577
PF17802	0.0678797069961452	0.9321202930038548
PF17804	0.23481563499383862	0.7651843650061614
PF17805	0.7053650013089174	0.2946349986910826
PF17810	0.5905621686513141	0.4094378313486859
PF17815	0.7969416720420045	0.2030583279579955
PF17820	0.8648697370341493	0.13513026296585073
PF17827	0.06819480481325635	0.9318051951867437
PF17829	0.9435600737520903	0.05643992624790976
PF17836	0.367655121956467	0.632344878043533
PF17837	0.2830135579877132	0.7169864420122868
PF17839	0.5160391481353642	0.4839608518646358
PF17844	0.04111233047218377	0.9588876695278162
PF17851	0.9366093810653604	0.06339061893463965
PF17853	0.7037014050532057	0.29629859494679434
PF17854	0.13859086470214066	0.8614091352978593
PF17862	0.3013498445530276	0.6986501554469724
PF17863	0.42291177681406256	0.5770882231859374
PF17871	0.23980384914672792	0.7601961508532721
PF17874	0.2781050502547874	0.7218949497452126
PF17876	0.7233931632280373	0.27660683677196274
PF17892	0.5644691454608632	0.4355308545391368
PF17893	0.26125587981292986	0.7387441201870701
PF17894	0.829504162591497	0.1704958374085031
PF17900	0.4030250525712392	0.5969749474287608
PF17910	0.09096561150373328	0.9090343884962667
PF17912	0.12956430199867774	0.8704356980013223
PF17936	0.07249178245004062	0.9275082175499594
PF17941	0.809136819191633	0.190863180808367
PF17944	0.372571303556943	0.627428696443057
PF17954	0.8003431545462245	0.19965684545377552
PF17956	0.12029174025366696	0.879708259746333
PF17963	0.4603978160649257	0.5396021839350743
PF17969	0.8065941333928967	0.19340586660710338
PF17973	0.5550129824379939	0.44498701756200604
PF17974	0.7472926803425958	0.25270731965740423
PF17989	0.275733661889906	0.724266338110094
PF17995	0.2839481342269654	0.7160518657730346
PF17996	0.09982460631263168	0.9001753936873683
PF17998	0.021531304566405618	0.9784686954335944
PF18013	0.24072494457805294	0.7592750554219471
PF18019	0.3076067970354255	0.6923932029645745
PF18025	0.9326874669841593	0.06731253301584073
PF18072	0.9838125492734417	0.016187450726558236
PF18073	0.1773406726775676	0.8226593273224324
PF18074	0.03047086749414618	0.9695291325058538
PF18075	0.290118436644517	0.709881563355483
PF18080	0.35378650741926576	0.6462134925807342
PF18082	0.2258883960421567	0.7741116039578433
PF18090	0.09842444644098691	0.9015755535590131
PF18094	0.19866638190182206	0.8013336180981779
PF18096	0.6927442759461457	0.30725572405385426
PF18106	0.8754871140270111	0.12451288597298898
PF18120	0.3943696706309313	0.6056303293690687
PF18128	0.5143805697005474	0.48561943029945265
PF18134	0.23743669342536367	0.7625633065746363
PF18144	0.9626019132662318	0.037398086733768224
PF18164	0.7585651968487652	0.24143480315123472
PF18185	0.6788324316793263	0.3211675683206737
PF18186	0.3453242093932788	0.6546757906067212
PF18202	0.08635441712827341	0.9136455828717266
PF18272	0.2726913190456117	0.7273086809543883
PF18291	0.8994874248399601	0.10051257516003984
PF18305	0.7741838960467573	0.22581610395324264
PF18306	0.43277375508538585	0.5672262449146142
PF18310	0.4168359368187907	0.5831640631812093
PF18318	0.4638530243074208	0.5361469756925792
PF18335	0.14558781549588706	0.8544121845041129
PF18340	0.11396226786487917	0.8860377321351208
PF18368	0.9467679030261892	0.053232096973810795
PF18370	0.3209865898247851	0.6790134101752149
PF18395	0.22768183544991194	0.7723181645500881
PF18427	0.05041012057588434	0.9495898794241157
PF18435	0.37201372360800333	0.6279862763919967
PF18451	0.13070032667354814	0.8692996733264519
PF18470	0.7944907485049459	0.20550925149505408
PF18525	0.24683189356206103	0.753168106437939
PF18537	0.09662992019347039	0.9033700798065296
PF18541	0.8551214821778339	0.1448785178221661
PF18555	0.027197686305719948	0.97280231369428
PF18560	0.14489102255893016	0.8551089774410698
PF18565	0.23127640287999762	0.7687235971200024
PF18582	0.9669122321962086	0.033087767803791406
PF18610	0.18657594915117082	0.8134240508488292
PF18630	0.8891101231624124	0.11088987683758753
PF18649	0.40612572120446677	0.5938742787955332
PF18676	0.474845284721792	0.525154715278208
PF18693	0.8318057672896273	0.16819423271037268
PF18741	0.721224482869254	0.27877551713074605
PF18755	0.06487110998339574	0.9351288900166043
PF18765	0.18087692168713077	0.8191230783128692
PF18766	0.7792432445623328	0.22075675543766712
PF18789	0.11322801778970781	0.8867719822102922
PF18796	0.9108459822512666	0.08915401774873341
PF18812	0.79585740653684	0.20414259346316
PF18813	0.38683840424937355	0.6131615957506265
PF18818	0.9209581750920214	0.07904182490797865
PF18819	0.2455050330724634	0.7544949669275366
PF18824	0.5880594944940658	0.41194050550593414
PF18830	0.6744567689791725	0.3255432310208275
PF18832	0.6684778606972899	0.3315221393027101
PF18840	0.513986136435839	0.486013863564161
PF18842	0.06712224778115794	0.9328777522188421
PF18843	0.2921728575937479	0.7078271424062521
PF18852	0.710022441957933	0.28997755804206704
PF18863	0.48637309802786843	0.5136269019721316
PF18883	0.40303541247004326	0.5969645875299567
PF18885	0.23941738501681498	0.760582614983185
PF18889	0.19507333990642417	0.8049266600935758
PF18907	0.7351649080159537	0.26483509198404626
PF18912	0.5153164359894222	0.48468356401057777
PF18934	0.766675697336982	0.23332430266301793
PF18936	0.14225054149802063	0.8577494585019794
PF18937	0.16742635215085022	0.8325736478491498
PF18939	0.9722911024582748	0.027708897541725234
PF18940	0.9889869353712787	0.011013064628721361
PF18941	0.10773956830476117	0.8922604316952388
PF18942	0.9773925303784919	0.02260746962150801
PF18945	0.09178806282928209	0.9082119371707179
PF18948	0.4333050879173823	0.5666949120826177
PF18951	0.15872935138003053	0.8412706486199695
PF18952	0.21538803463183542	0.7846119653681646
PF18954	0.8159898102553806	0.1840101897446194
PF18956	0.11423008842239724	0.8857699115776028
PF18957	0.3529450028294322	0.6470549971705678
PF18959	0.11896471060918201	0.881035289390818
PF18960	0.3590397491665652	0.6409602508334348
PF18975	0.38857950597019975	0.6114204940298003
PF18976	0.9354515326976927	0.06454846730230729
PF18978	0.38027026987671697	0.619729730123283
PF18980	0.46260871658858893	0.5373912834114111
PF18982	0.0404437265180575	0.9595562734819425
PF18983	0.09379989638871866	0.9062001036112813
PF18984	0.14824449468480183	0.8517555053151982
PF18986	0.20461252720689793	0.7953874727931021
PF18987	0.24876839577044374	0.7512316042295563
PF18989	0.25493335390589045	0.7450666460941096
PF18991	0.9809572131452053	0.019042786854794713
PF18998	0.297157599961401	0.702842400038599
PF19040	0.3463803763002077	0.6536196236997923
PF19044	0.6394897817633509	0.360510218236649
PF19051	0.8450425081448597	0.15495749185514032
PF19076	0.3473427489315084	0.6526572510684916
PF19077	0.06769466623856413	0.9323053337614359
PF19085	0.13101329832699948	0.8689867016730005
PF19124	0.36398254096360716	0.6360174590363928
PF19127	0.39300410065714275	0.6069958993428572
PF19143	0.896553031584516	0.10344696841548395
PF19190	0.9938123368668985	0.00618766313310147
PF19238	0.16715007405886473	0.8328499259411353
PF19263	0.5082494790081382	0.49175052099186173
PF19269	0.3894764286938067	0.6105235713061933
PF19279	0.30584688956174955	0.6941531104382505
PF19289	0.4000899122428948	0.5999100877571052
PF19290	0.13181649864853817	0.8681835013514618
PF19295	0.9386076196950959	0.06139238030490416
PF19296	0.15545548217782545	0.8445445178221745
PF19300	0.06079116353297742	0.9392088364670226
PF19302	0.04135729427232848	0.9586427057276715
PF19305	0.17452137848906513	0.8254786215109349
PF19310	0.08970637261658887	0.9102936273834111
PF19328	0.4459714579610151	0.5540285420389849
PF19335	0.05211804511610074	0.9478819548838993
PF19407	0.20283971567668801	0.797160284323312
PF19425	0.6273812650243181	0.3726187349756819
PF19436	0.7744031531378858	0.2255968468621142
PF19478	0.09628713352000817	0.9037128664799918
PF19481	0.46030536404520095	0.539694635954799
PF19484	0.7871987482658769	0.2128012517341231
PF19499	0.1779206747872708	0.8220793252127292
PF19501	0.8349694567436531	0.1650305432563469
PF19502	0.46356913451759085	0.5364308654824091
PF19503	0.7498259120178343	0.25017408798216567
PF19511	0.08130523320409333	0.9186947667959067
PF19512	0.8652560584168489	0.13474394158315103
PF19514	0.9615343969086366	0.03846560309136333
PF19516	0.29526153179314185	0.7047384682068581
PF19517	0.26977053544243657	0.7302294645575634
PF19528	0.2902644569599957	0.7097355430400043
PF19537	0.17140922954588722	0.8285907704541128
PF19538	0.6721701664620257	0.3278298335379744
PF19546	0.33862748513566576	0.6613725148643342
PF19552	0.05700177684039842	0.9429982231596016
PF19553	0.7959784789832266	0.2040215210167734
PF19554	0.32652558990020353	0.6734744100997965
PF19555	0.9930731472778064	0.006926852722193641
PF19567	0.06324368140686742	0.9367563185931326
PF19568	0.4008124869681705	0.5991875130318295
PF19570	0.6145496886692683	0.3854503113307317
PF19576	0.9243410256779072	0.07565897432209275
PF19583	0.27463839861195427	0.7253616013880457
PF19595	0.4991499956170167	0.5008500043829833
PF19642	0.22343865805861773	0.7765613419413823
PF19700	0.163988356511648	0.836011643488352
PF19732	0.1324545480756002	0.8675454519243998
PF19762	0.8573414054685201	0.14265859453147992
PF19776	0.1956740528028802	0.8043259471971198
PF19789	0.5390182127449507	0.46098178725504935
PF19805	0.9034705363296464	0.0965294636703536
PF19808	0.4259856285636098	0.5740143714363902
PF19815	0.9675865705353593	0.03241342946464064
PF19821	0.3142216431980166	0.6857783568019834
PF19830	0.2969785478687915	0.7030214521312085
PF19838	0.9428034424805303	0.05719655751946975
PF19842	0.47336432067623035	0.5266356793237696
PF19845	0.08160478269399496	0.918395217306005
PF19864	0.10207692695259629	0.8979230730474037
PF19867	0.9207409704863968	0.07925902951360322
PF19877	0.1337040391200861	0.8662959608799139
PF19880	0.49602914135386933	0.5039708586461307
PF19898	0.8163210993149728	0.18367890068502726
PF19904	0.9135274928488015	0.0864725071511985
PF19909	0.48955280269749424	0.5104471973025058
PF19924	0.1404189088966753	0.8595810911033247
PF20016	0.4052760284466186	0.5947239715533814
PF20030	0.7731239818010522	0.2268760181989477
PF20041	0.682571480857441	0.31742851914255893
PF20047	0.06010107976960877	0.9398989202303912
PF20063	0.38584632394697804	0.614153676053022
PF20069	0.2130381319323924	0.7869618680676076
PF20070	0.15106980289911953	0.8489301971008805
PF20103	0.8019531053204499	0.19804689467955006
PF20142	0.14875079496455434	0.8512492050354457
PF20143	0.29293700025946456	0.7070629997405354
PF20148	0.1126269045781304	0.8873730954218696
PF20154	0.12495773379184305	0.875042266208157
PF20155	0.0639711679722963	0.9360288320277037
PF00013	0.6051683045944203	0.3948316954055797
PF00016	0.41211380326287594	0.5878861967371241
PF00240	0.19707027437820335	0.8029297256217967
PF00415	0.846233542990268	0.15376645700973204
PF00850	0.5951886595571028	0.4048113404428973
PF01030	0.9653702117899237	0.03462978821007636
PF01364	0.7034629859426498	0.2965370140573502
PF01640	0.9356849234156975	0.06431507658430242
PF02156	0.2833637243806161	0.7166362756193839
PF02305	0.5969548247559113	0.4030451752440886
PF02324	0.6819247702998128	0.31807522970018726
PF02342	0.5093186361253901	0.49068136387461
PF02914	0.6459780685591585	0.3540219314408415
PF03175	0.5825226195203679	0.41747738047963207
PF03690	0.6336235573132054	0.36637644268679465
PF03744	0.9115735258907505	0.08842647410924956
PF03787	0.6126168977692066	0.3873831022307935
PF03885	0.49209860643695014	0.5079013935630499
PF04555	0.6766052526034854	0.32339474739651464
PF04556	0.4172144097685797	0.5827855902314203
PF04740	0.158455015234927	0.841544984765073
PF04796	0.09580427382795342	0.9041957261720466
PF05108	0.3411946082774855	0.6588053917225145
PF05125	0.6244642361749464	0.3755357638250536
PF05352	0.6672311927669603	0.33276880723303964
PF05686	0.9583536500022405	0.04164634999775952
PF05693	0.8599950204513489	0.14000497954865107
PF05713	0.7200551408106954	0.27994485918930456
PF05766	0.9214028037848423	0.07859719621515773
PF05840	0.39821909389704013	0.6017809061029599
PF05894	0.14038832500204657	0.8596116749979534
PF06603	0.78998285493907	0.21001714506093005
PF06778	0.2936274556379208	0.7063725443620792
PF06941	0.29365213787315325	0.7063478621268467
PF07075	0.49907567737120917	0.5009243226287908
PF07396	0.9809952689665229	0.019004731033477055
PF07550	0.5848177483424726	0.4151822516575274
PF07632	0.934218331980749	0.06578166801925098
PF08310	0.07654456264967524	0.9234554373503248
PF08341	0.28746623700197693	0.7125337629980231
PF08840	0.31744833971404407	0.6825516602859559
PF08989	0.7679014803706307	0.2320985196293693
PF09087	0.9730575361203105	0.026942463879689512
PF09250	0.17213806375021112	0.8278619362497889
PF09374	0.7568480712073862	0.2431519287926138
PF09485	0.42328455973461265	0.5767154402653873
PF09563	0.2511077813392343	0.7488922186607657
PF09617	0.2519802845122249	0.7480197154877751
PF09640	0.9218496616821588	0.07815033831784123
PF09707	0.39620269987142953	0.6037973001285705
PF10021	0.4815738227292147	0.5184261772707853
PF10091	0.8970579388590738	0.10294206114092615
PF10438	0.9402469212091318	0.05975307879086827
PF10758	0.2524836646356443	0.7475163353643557
PF10902	0.9327814423945454	0.06721855760545456
PF10988	0.9576479222672073	0.04235207773279275
PF11028	0.8683949406103804	0.13160505938961964
PF11350	0.2016779181318482	0.7983220818681518
PF11396	0.2635570399103512	0.7364429600896488
PF11721	0.9380440178160633	0.06195598218393677
PF11775	0.7681820365926741	0.2318179634073259
PF11860	0.7472255407013066	0.2527744592986934
PF11888	0.9795474812636136	0.02045251873638637
PF11897	0.7854904442639377	0.2145095557360623
PF12128	0.9740290836897175	0.025970916310282463
PF12686	0.4089142593563988	0.5910857406436012
PF12904	0.2684061655908444	0.7315938344091556
PF12954	0.9260871899067696	0.07391281009323032
PF12988	0.7569603265232969	0.24303967347670305
PF12992	0.9575252899421681	0.04247471005783191
PF13194	0.6262095918405608	0.37379040815943926
PF13199	0.379845058180302	0.620154941819698
PF13271	0.3724263866335238	0.6275736133664762
PF13455	0.04166929519094997	0.95833070480905
PF13469	0.9340038563603587	0.06599614363964133
PF13479	0.4119655843627773	0.5880344156372227
PF13571	0.9464116102225858	0.05358838977741422
PF13585	0.9851756437332585	0.014824356266741553
PF13619	0.22330348191909877	0.7766965180809012
PF13643	0.11627008961312135	0.8837299103868786
PF13646	0.4167874787292476	0.5832125212707524
PF13814	0.26196403909305144	0.7380359609069486
PF13970	0.8832206722037742	0.11677932779622575
PF14028	0.3797743892662958	0.6202256107337042
PF14054	0.9585027781922094	0.041497221807790585
PF14055	0.847210395525181	0.15278960447481904
PF14060	0.7679901407128067	0.23200985928719337
PF14063	0.9646300520465296	0.03536994795347041
PF14082	0.3219882783816025	0.6780117216183975
PF14093	0.9764720294875506	0.023527970512449405
PF14121	0.9733292855856587	0.026670714414341358
PF14123	0.9784052648272361	0.02159473517276387
PF14125	0.9823993441311185	0.017600655868881515
PF14135	0.6514244345287934	0.3485755654712066
PF14220	0.27772754746707773	0.7222724525329223
PF14254	0.9857515935605891	0.01424840643941095
PF14266	0.6721800471457	0.32781995285429993
PF14293	0.9906783625784252	0.009321637421574791
PF14298	0.9095503765892979	0.09044962341070202
PF14349	0.9359958398156021	0.0640041601843979
PF14491	0.9126424686144462	0.08735753138555379
PF14528	0.5968715897948736	0.40312841020512635
PF14606	0.3556264961810248	0.6443735038189752
PF14607	0.7400796134355443	0.2599203865644557
PF14684	0.9681541049960799	0.03184589500392012
PF14690	0.6651492515249537	0.33485074847504626
PF14734	0.9557312592665813	0.04426874073341871
PF14888	0.7004683478814919	0.29953165211850813
PF14889	0.6594825796286055	0.34051742037139454
PF14900	0.6652091453141753	0.33479085468582465
PF15283	0.8367455580417269	0.16325444195827304
PF15415	0.7578206671049764	0.2421793328950236
PF15617	0.37378060166783145	0.6262193983321686
PF16109	0.9721271204343056	0.027872879565694363
PF16115	0.9503915692074151	0.04960843079258497
PF16120	0.9740421807564613	0.025957819243538724
PF16148	0.8160924202394392	0.1839075797605608
PF16160	0.8529288193818845	0.14707118061811558
PF16286	0.8658209942991026	0.13417900570089733
PF16288	0.2730303392502019	0.7269696607497981
PF16314	0.9255255318621711	0.07447446813782888
PF16334	0.5742359778185729	0.42576402218142706
PF16430	0.19844951886478868	0.8015504811352113
PF16464	0.7023296650716939	0.29767033492830614
PF16476	0.9701464102527203	0.029853589747279655
PF16480	0.37177887111403796	0.628221128885962
PF16838	0.35971059264388083	0.6402894073561192
PF16925	0.17301647707353918	0.8269835229264608
PF17139	0.7784640665428504	0.22153593345714964
PF17140	0.9949705296144352	0.005029470385564788
PF17161	0.9146248295355013	0.08537517046449873
PF17236	0.5485601889589091	0.45143981104109093
PF17555	0.9616468686188021	0.03835313138119784
PF17643	0.8064276502937431	0.19357234970625692
PF17786	0.8481903435826421	0.15180965641735783
PF17994	0.6938188845891775	0.30618111541082255
PF18088	0.47717595195589646	0.5228240480441035
PF18155	0.08287402725715953	0.9171259727428405
PF18211	0.5246942711570164	0.4753057288429836
PF18218	0.26095425401811223	0.7390457459818878
PF18220	0.3489850386606743	0.6510149613393257
PF18329	0.9202350010446004	0.07976499895539955
PF18416	0.2222008264472729	0.7777991735527271
PF18491	0.14377153630200945	0.8562284636979905
PF18655	0.5035752637437094	0.49642473625629063
PF18675	0.7068395108079046	0.2931604891920953
PF18847	0.3211470306287876	0.6788529693712124
PF18860	0.24900089867896225	0.7509991013210378
PF18906	0.22025852196707507	0.7797414780329249
PF18909	0.2839348040796629	0.7160651959203371
PF18911	0.9597058019701242	0.0402941980298758
PF18935	0.9694899491026427	0.030510050897357303
PF18943	0.986177366114286	0.013822633885714006
PF18974	0.6296868838039938	0.37031311619600615
PF18990	0.9261174984129883	0.07388250158701168
PF19320	0.1435530303057715	0.8564469696942285
PF19498	0.8449907873871845	0.15500921261281547
PF19506	0.9198113747937902	0.08018862520620981
PF19529	0.8801314894883319	0.11986851051166812
PF19572	0.963038958819064	0.036961041180936065
PF19580	0.8370579894025274	0.16294201059747265
PF19727	0.7291446447262279	0.27085535527377214
PF19753	0.8476813202879585	0.15231867971204144
PF19755	0.9809489943091565	0.019051005690843496
PF19763	0.954710814568136	0.04528918543186397
PF19775	0.8775555313611926	0.12244446863880742
PF19778	0.9500019208064704	0.04999807919352956
PF19866	0.7409963509240816	0.2590036490759185
PF19910	0.8392130848063324	0.16078691519366767
PF20020	0.39090417737669214	0.6090958226233079
PF00544	0.8175461489591932	0.18245385104080683
PF00801	0.7143875329089158	0.28561246709108423
PF02927	0.7971539801086245	0.20284601989137557
PF03457	0.7315631392428328	0.26843686075716716
PF03527	0.5357842827006793	0.4642157172993207
PF04301	0.9926166984887689	0.007383301511231087
PF04411	0.35300959701782153	0.6469904029821785
PF05183	0.31771649914971256	0.6822835008502874
PF06452	0.6548302838915863	0.3451697161084137
PF06537	0.9409450129571288	0.0590549870428711
PF08269	0.1228683110156028	0.8771316889843972
PF09028	0.8844612912332113	0.11553870876678868
PF09491	0.4795943741634453	0.5204056258365547
PF09517	0.5902833798629039	0.40971662013709614
PF09556	0.5600337165734366	0.43996628342656346
PF09561	0.8392492734668926	0.1607507265331074
PF09823	0.7805762089503248	0.2194237910496752
PF09925	0.9327837216855682	0.06721627831443182
PF10119	0.20912083972095885	0.7908791602790411
PF10131	0.9140117170131061	0.08598828298689389
PF11283	0.4869190097401839	0.5130809902598161
PF11551	0.9026057280044635	0.09739427199553657
PF11589	0.6074557350759947	0.3925442649240053
PF11751	0.8701548052254682	0.12984519477453185
PF12080	0.9367662558591017	0.06323374414089834
PF12667	0.8531550208307302	0.14684497916926975
PF12770	0.15194818245579822	0.8480518175442018
PF12864	0.9661583457855802	0.03384165421441971
PF12875	0.9776357587531532	0.02236424124684677
PF12930	0.9409968285070351	0.05900317149296486
PF12964	0.8651443489313827	0.1348556510686173
PF12985	0.9135788202584468	0.08642117974155318
PF12987	0.9749319327595058	0.02506806724049419
PF12995	0.3629674556629612	0.6370325443370388
PF12996	0.6874338597127594	0.31256614028724056
PF13084	0.5086370244325272	0.49136297556747277
PF13258	0.19878532253468584	0.8012146774653142
PF13264	0.29094304040389984	0.7090569595961002
PF13372	0.808634513261649	0.19136548673835102
PF13588	0.6164893560205056	0.38351064397949436
PF13734	0.9170709399491366	0.08292906005086337
PF14064	0.9600658893929197	0.03993411060708033
PF14100	0.6475446931882567	0.35245530681174325
PF14127	0.972965535814735	0.02703446418526501
PF14129	0.9483430885053435	0.051656911494656406
PF14134	0.8537913934556596	0.1462086065443404
PF14239	0.7225768558512615	0.27742314414873853
PF14282	0.7227000160918959	0.2772999839081041
PF14294	0.9280700728836303	0.07192992711636967
PF14614	0.9757326276675932	0.024267372332406806
PF14683	0.8572335638034693	0.14276643619653073
PF14848	0.85775232955581	0.14224767044418996
PF14902	0.6569386137013431	0.34306138629865685
PF15515	0.6431241977368634	0.3568758022631366
PF15889	0.7565811011517859	0.24341889884821408
PF15890	0.983087539357177	0.016912460642822983
PF16023	0.6804615568304964	0.3195384431695036
PF16128	0.9876577494977692	0.012342250502230813
PF16147	0.6628269815252312	0.3371730184747688
PF16151	0.9003510763453123	0.0996489236546877
PF16217	0.8976077680567132	0.10239223194328681
PF16226	0.7708936773012394	0.22910632269876066
PF16227	0.5878747721613033	0.4121252278386967
PF16287	0.9494236943137103	0.05057630568628963
PF16324	0.9369301570115214	0.06306984298847862
PF16352	0.8770971747871832	0.12290282521281687
PF16370	0.7852913764110386	0.21470862358896134
PF16371	0.9448153406426624	0.0551846593573376
PF16372	0.9928983806694264	0.007101619330573593
PF16373	0.9927821559477276	0.007217844052272446
PF16375	0.8946667055260472	0.1053332944739528
PF16389	0.7427396978499925	0.25726030215000745
PF16401	0.8248383741919887	0.1751616258080113
PF16412	0.3462807410159223	0.6537192589840777
PF16432	0.8127396822979522	0.1872603177020478
PF16434	0.8248270934189922	0.1751729065810078
PF16439	0.8150169862397153	0.18498301376028467
PF16888	0.2044501483439053	0.7955498516560947
PF16961	0.9353731246872534	0.06462687531274655
PF17116	0.862955233653318	0.13704476634668197
PF17200	0.6535037622089649	0.3464962377910351
PF17415	0.4083934458172481	0.5916065541827519
PF17541	0.9150848694997982	0.08491513050020182
PF17642	0.8370551944042421	0.1629448055957578
PF17753	0.7491037219444419	0.25089627805555814
PF18175	0.9376542468706065	0.06234575312939354
PF18283	0.9781927264423155	0.021807273557684564
PF18760	0.9742466454884546	0.025753354511545316
PF18798	0.9451953474146524	0.05480465258534762
PF18838	0.9254862984907627	0.07451370150923727
PF18864	0.8899725058338182	0.1100274941661818
PF18925	0.7577378293550743	0.24226217064492567
PF18949	0.6804014175593336	0.31959858244066636
PF18961	0.8245142507525473	0.17548574924745272
PF18979	0.7630732110412926	0.2369267889587074
PF19513	0.8636627202015686	0.13633727979843138
PF19515	0.922572605727996	0.07742739427200399
PF19527	0.9113443488875491	0.08865565111245093
PF19543	0.8331453526561152	0.16685464734388475
PF19557	0.5162064665552801	0.4837935334447198
PF19558	0.9176046596301055	0.08239534036989454
PF19841	0.9768789849902184	0.02312101500978156
PF01804	0.6647554439124155	0.3352445560875846
PF04513	0.7895298441045497	0.21047015589545023
PF05732	0.3411049971738003	0.6588950028261997
PF06864	0.10517841723808419	0.8948215827619158
PF07655	0.2590089602631618	0.7409910397368382
PF13468	0.16431934176232355	0.8356806582376765
PF14236	0.4772520189498157	0.5227479810501843
PF14336	0.9624120822818335	0.037587917718166476
PF16263	0.6637684242473072	0.33623157575269275
PF18821	0.10191515082344482	0.8980848491765552
PF01436	0.8615745025053764	0.13842549749462366
PF03515	0.1441566445095317	0.8558433554904683
PF04655	0.4896372869066723	0.5103627130933277
PF09952	0.7243764936722297	0.2756235063277703
PF10908	0.5833318234873288	0.4166681765126712
PF10933	0.5047321311005148	0.4952678688994851
PF12183	0.4013949537037492	0.5986050462962508
PF13146	0.6689543892154391	0.33104561078456085
PF16383	0.6671255208380944	0.33287447916190555
PF16443	0.8749610168332866	0.1250389831667134
PF17142	0.7614327806177946	0.2385672193822054
PF17883	0.4732562810057347	0.5267437189942653
PF18763	0.8594765929398864	0.14052340706011363
PF18823	0.8776115560899581	0.12238844391004189
PF18857	0.8118078199664464	0.18819218003355365
PF18862	0.8224325955626313	0.17756740443736868
PF19886	0.821511609680323	0.17848839031967698
PF11533	0.48894218664352973	0.5110578133564703
PF14436	0.05902435178514642	0.9409756482148536
PF18623	0.20838652310562455	0.7916134768943754
PF00541	0.6556164516803001	0.34438354831969986
PF00608	0.5180595894673135	0.4819404105326865
PF00770	0.4041043269229121	0.5958956730770879
PF01065	0.3287073784888276	0.6712926215111724
PF01310	0.6644502529935193	0.33554974700648066
PF01686	0.5818499892831075	0.41815001071689256
PF01691	0.6826702142828531	0.31732978571714693
PF01696	0.44351747186209944	0.5564825281379006
PF02236	0.4200716958766968	0.5799283041233032
PF02438	0.5102891273412973	0.4897108726587027
PF02455	0.570799462337134	0.42920053766286603
PF02456	0.6159863759501552	0.3840136240498448
PF02459	0.4028911473786335	0.5971088526213665
PF02703	0.3136149025297912	0.6863850974702088
PF02993	0.5688568796069097	0.43114312039309033
PF03052	0.4177843604045497	0.5822156395954503
PF03228	0.3385972404713242	0.6614027595286758
PF03307	0.7410890321873589	0.25891096781264117
PF03678	0.5598975280838346	0.44010247191616536
PF03728	0.5066980899489828	0.49330191005101715
PF03910	0.34867026076502716	0.6513297392349728
PF03955	0.5773090558443199	0.42269094415568004
PF04528	0.3779726776108261	0.6220273223891739
PF05385	0.6988177871382202	0.30118221286177976
PF06931	0.5289322312991016	0.4710677687008984
PF08645	0.5890104840619186	0.4109895159380814
PF19404	0.20497634260866726	0.7950236573913327
PF19614	0.16513465374013536	0.8348653462598646
PF00931	0.2801621832753579	0.7198378167246421
PF03425	0.7012530723183976	0.29874692768160244
PF09564	0.9170729233862792	0.08292707661372077
PF18551	0.5474680806426537	0.45253191935734627
PF14743	0.5402515335152305	0.4597484664847696
PF16467	0.6906948608021242	0.3093051391978758
PF00940	0.5489296405074133	0.4510703594925867
PF13946	0.8874663535486781	0.11253364645132187
PF14449	0.6806618714612004	0.3193381285387996
k_Bacteria.p_Actinobacteria.c_Actinomycetia.o_Actinomycetales.f_Actinomycetaceae.g_Actinomyces.s_Actinomyces.graevenitzii	0.160846990716508	0.839153009283492
k_Bacteria.p_Actinobacteria.c_Actinomycetia.o_Actinomycetales.f_Actinomycetaceae.g_Actinomyces.s_Actinomyces.sp.	0.12343392191833558	0.8765660780816644
k_Bacteria.p_Actinobacteria.c_Actinomycetia.o_Actinomycetales.f_Actinomycetaceae.g_Unclassified.Actinomycetaceae.s_Unclassified.Actinomycetaceae	0.19624655598484697	0.803753444015153
k_Bacteria.p_Actinobacteria.c_Actinomycetia.o_Actinomycetales.f_Actinomycetaceae.g_Varibaculum.s_Unclassified.Varibaculum	0.6487778749902517	0.35122212500974825
k_Bacteria.p_Actinobacteria.c_Actinomycetia.o_Actinomycetales.f_Actinomycetaceae.g_Varibaculum.s_Varibaculum.cambriense	0.4959006835706177	0.5040993164293823
k_Bacteria.p_Actinobacteria.c_Actinomycetia.o_Bifidobacteriales.f_Bifidobacteriaceae.g_Bifidobacterium.s_Bifidobacterium.adolescentis	0.35635097800608007	0.6436490219939199
k_Bacteria.p_Actinobacteria.c_Actinomycetia.o_Bifidobacteriales.f_Bifidobacteriaceae.g_Bifidobacterium.s_Bifidobacterium.animalis	0.5345526567195937	0.4654473432804063
k_Bacteria.p_Actinobacteria.c_Actinomycetia.o_Bifidobacteriales.f_Bifidobacteriaceae.g_Bifidobacterium.s_Bifidobacterium.bifidum	0.8837497222333307	0.11625027776666934
k_Bacteria.p_Actinobacteria.c_Actinomycetia.o_Bifidobacteriales.f_Bifidobacteriaceae.g_Bifidobacterium.s_Bifidobacterium.breve	0.058169268623565196	0.9418307313764348
k_Bacteria.p_Actinobacteria.c_Actinomycetia.o_Bifidobacteriales.f_Bifidobacteriaceae.g_Bifidobacterium.s_Bifidobacterium.catenulatum	0.9280393232931026	0.07196067670689747
k_Bacteria.p_Actinobacteria.c_Actinomycetia.o_Bifidobacteriales.f_Bifidobacteriaceae.g_Bifidobacterium.s_Bifidobacterium.dentium	0.4277483346021541	0.5722516653978459
k_Bacteria.p_Actinobacteria.c_Actinomycetia.o_Bifidobacteriales.f_Bifidobacteriaceae.g_Bifidobacterium.s_Bifidobacterium.longum	0.9394276050582786	0.060572394941721355
k_Bacteria.p_Actinobacteria.c_Actinomycetia.o_Bifidobacteriales.f_Bifidobacteriaceae.g_Bifidobacterium.s_Bifidobacterium.pseudocatenulatum	0.6128343298685668	0.38716567013143327
k_Bacteria.p_Actinobacteria.c_Actinomycetia.o_Bifidobacteriales.f_Bifidobacteriaceae.g_Bifidobacterium.s_Bifidobacterium.scardovii	0.5754718152618126	0.4245281847381874
k_Bacteria.p_Actinobacteria.c_Actinomycetia.o_Bifidobacteriales.f_Bifidobacteriaceae.g_Bifidobacterium.s_Bifidobacterium.sp.	0.868017537178909	0.13198246282109105
k_Bacteria.p_Actinobacteria.c_Actinomycetia.o_Bifidobacteriales.f_Bifidobacteriaceae.g_Bifidobacterium.s_Unclassified.Bifidobacterium	0.37687708807932585	0.6231229119206741
k_Bacteria.p_Actinobacteria.c_Actinomycetia.o_Bifidobacteriales.f_Bifidobacteriaceae.g_Gardnerella.s_Unclassified.Gardnerella	0.530532159450051	0.46946784054994894
k_Bacteria.p_Actinobacteria.c_Actinomycetia.o_Bifidobacteriales.f_Bifidobacteriaceae.g_Unclassified.Bifidobacteriaceae.s_Unclassified.Bifidobacteriaceae	0.12050218560269643	0.8794978143973036
k_Bacteria.p_Actinobacteria.c_Actinomycetia.o_Corynebacteriales.f_Corynebacteriaceae.g_Corynebacterium.s_Corynebacterium.flavescens	0.5359588105767117	0.46404118942328826
k_Bacteria.p_Actinobacteria.c_Actinomycetia.o_Corynebacteriales.f_Corynebacteriaceae.g_Corynebacterium.s_Unclassified.Corynebacterium	0.7718810611563992	0.22811893884360077
k_Bacteria.p_Actinobacteria.c_Actinomycetia.o_Micrococcales.f_Micrococcaceae.g_Rothia.s_Rothia.mucilaginosa	0.04220252651961476	0.9577974734803852
k_Bacteria.p_Actinobacteria.c_Actinomycetia.o_Micrococcales.f_Micrococcaceae.g_Rothia.s_Unclassified.Rothia	0.18068590342323188	0.8193140965767681
k_Bacteria.p_Actinobacteria.c_Actinomycetia.o_Micrococcales.f_Unclassified.Micrococcales.g_Unclassified.Micrococcales.s_Unclassified.Micrococcales	0.11321403690900134	0.8867859630909987
k_Bacteria.p_Actinobacteria.c_Actinomycetia.o_Propionibacteriales.f_Propionibacteriaceae.g_Propionibacterium.s_Propionibacterium.freudenreichii	0.6141915355586278	0.3858084644413722
k_Bacteria.p_Actinobacteria.c_Actinomycetia.o_Propionibacteriales.f_Propionibacteriaceae.g_Unclassified.Propionibacteriaceae.s_Unclassified.Propionibacteriaceae	0.8013504825724407	0.19864951742755935
k_Bacteria.p_Actinobacteria.c_Actinomycetia.o_Streptomycetales.f_Streptomycetaceae.g_Streptomyces.s_Unclassified.Streptomyces	0.5379482856506128	0.46205171434938713
k_Bacteria.p_Actinobacteria.c_Actinomycetia.o_Unclassified.Actinomycetia.f_Unclassified.Actinomycetia.g_Unclassified.Actinomycetia.s_Unclassified.Actinomycetia	0.3093341630747577	0.6906658369252423
k_Bacteria.p_Actinobacteria.c_Coriobacteriia.o_Coriobacteriales.f_Coriobacteriaceae.g_Collinsella.s_Collinsella.intestinalis	0.8490362231141241	0.15096377688587595
k_Bacteria.p_Actinobacteria.c_Coriobacteriia.o_Coriobacteriales.f_Coriobacteriaceae.g_Collinsella.s_Collinsella.phocaeensis	0.2317396172510554	0.7682603827489446
k_Bacteria.p_Actinobacteria.c_Coriobacteriia.o_Coriobacteriales.f_Coriobacteriaceae.g_Collinsella.s_Collinsella.tanakaei	0.48697502136426307	0.5130249786357369
k_Bacteria.p_Actinobacteria.c_Coriobacteriia.o_Coriobacteriales.f_Coriobacteriaceae.g_Collinsella.s_Unclassified.Collinsella	0.3072505322870056	0.6927494677129944
k_Bacteria.p_Actinobacteria.c_Coriobacteriia.o_Coriobacteriales.f_Coriobacteriaceae.g_Unclassified.Coriobacteriaceae.s_Unclassified.Coriobacteriaceae	0.05062732428500982	0.9493726757149902
k_Bacteria.p_Actinobacteria.c_Coriobacteriia.o_Coriobacteriales.f_Unclassified.Coriobacteriales.g_Unclassified.Coriobacteriales.s_Unclassified.Coriobacteriales	0.5100431069794834	0.4899568930205166
k_Bacteria.p_Actinobacteria.c_Coriobacteriia.o_Eggerthellales.f_Eggerthellaceae.g_Adlercreutzia.s_Unclassified.Adlercreutzia	0.027106819256203507	0.9728931807437965
k_Bacteria.p_Actinobacteria.c_Coriobacteriia.o_Eggerthellales.f_Eggerthellaceae.g_Eggerthella.s_Eggerthella.lenta	0.5934625566237612	0.40653744337623876
k_Bacteria.p_Actinobacteria.c_Coriobacteriia.o_Eggerthellales.f_Eggerthellaceae.g_Eggerthella.s_Unclassified.Eggerthella	0.9098124944343899	0.09018750556561003
k_Bacteria.p_Actinobacteria.c_Coriobacteriia.o_Eggerthellales.f_Eggerthellaceae.g_Gordonibacter.s_Gordonibacter.pamelaeae	0.5756845960635013	0.42431540393649875
k_Bacteria.p_Actinobacteria.c_Coriobacteriia.o_Eggerthellales.f_Eggerthellaceae.g_Unclassified.Eggerthellaceae.s_Unclassified.Eggerthellaceae	0.03873445312012924	0.9612655468798708
k_Bacteria.p_Actinobacteria.c_Coriobacteriia.o_Unclassified.Coriobacteriia.f_Unclassified.Coriobacteriia.g_Unclassified.Coriobacteriia.s_Unclassified.Coriobacteriia	0.11980865991858658	0.8801913400814134
k_Bacteria.p_Actinobacteria.c_Unclassified.Actinobacteria.o_Unclassified.Actinobacteria.f_Unclassified.Actinobacteria.g_Unclassified.Actinobacteria.s_Unclassified.Actinobacteria	0.018141388657580193	0.9818586113424198
k_Bacteria.p_Bacteroidetes.c_Bacteroidia.o_Bacteroidales.f_Bacteroidaceae.g_Bacteroides.s_Bacteroides.caccae	0.8433171071837795	0.15668289281622053
k_Bacteria.p_Bacteroidetes.c_Bacteroidia.o_Bacteroidales.f_Bacteroidaceae.g_Bacteroides.s_Bacteroides.faecis	0.8395791368919074	0.16042086310809253
k_Bacteria.p_Bacteroidetes.c_Bacteroidia.o_Bacteroidales.f_Bacteroidaceae.g_Bacteroides.s_Bacteroides.fragilis	0.8272059397518295	0.17279406024817046
k_Bacteria.p_Bacteroidetes.c_Bacteroidia.o_Bacteroidales.f_Bacteroidaceae.g_Bacteroides.s_Bacteroides.stercoris	0.7520865435351083	0.24791345646489174
k_Bacteria.p_Bacteroidetes.c_Bacteroidia.o_Bacteroidales.f_Bacteroidaceae.g_Bacteroides.s_Bacteroides.thetaiotaomicron	0.9671841075404352	0.032815892459564885
k_Bacteria.p_Bacteroidetes.c_Bacteroidia.o_Bacteroidales.f_Bacteroidaceae.g_Bacteroides.s_Bacteroides.xylanisolvens	0.30637396699486574	0.6936260330051343
k_Bacteria.p_Bacteroidetes.c_Bacteroidia.o_Bacteroidales.f_Bacteroidaceae.g_Bacteroides.s_Unclassified.Bacteroides	0.890099692364257	0.10990030763574297
k_Bacteria.p_Bacteroidetes.c_Bacteroidia.o_Bacteroidales.f_Bacteroidaceae.g_Unclassified.Bacteroidaceae.s_Unclassified.Bacteroidaceae	0.9855628781716453	0.014437121828354637
k_Bacteria.p_Bacteroidetes.c_Bacteroidia.o_Bacteroidales.f_Prevotellaceae.g_Prevotella.s_Prevotella.copri	0.7921980583412429	0.20780194165875707
k_Bacteria.p_Bacteroidetes.c_Bacteroidia.o_Bacteroidales.f_Prevotellaceae.g_Prevotella.s_Unclassified.Prevotella	0.5251151968838408	0.47488480311615916
k_Bacteria.p_Bacteroidetes.c_Bacteroidia.o_Bacteroidales.f_Rikenellaceae.g_Alistipes.s_Unclassified.Alistipes	0.8340282088688417	0.16597179113115834
k_Bacteria.p_Bacteroidetes.c_Bacteroidia.o_Bacteroidales.f_Tannerellaceae.g_Parabacteroides.s_Parabacteroides.distasonis	0.6626714998403456	0.3373285001596544
k_Bacteria.p_Bacteroidetes.c_Bacteroidia.o_Bacteroidales.f_Tannerellaceae.g_Parabacteroides.s_Parabacteroides.merdae	0.6094710748709692	0.3905289251290308
k_Bacteria.p_Bacteroidetes.c_Bacteroidia.o_Bacteroidales.f_Tannerellaceae.g_Parabacteroides.s_Unclassified.Parabacteroides	0.9137921963964072	0.08620780360359284
k_Bacteria.p_Bacteroidetes.c_Bacteroidia.o_Bacteroidales.f_Unclassified.Bacteroidales.g_Unclassified.Bacteroidales.s_Unclassified.Bacteroidales	0.8893453325611265	0.11065466743887359
k_Bacteria.p_Firmicutes.c_Bacilli.o_Bacillales.f_Bacillaceae.g_Bacillus.s_Unclassified.Bacillus	0.020228630623604582	0.9797713693763954
k_Bacteria.p_Firmicutes.c_Bacilli.o_Bacillales.f_Bacillaceae.g_Unclassified.Bacillaceae.s_Unclassified.Bacillaceae	0.07770837069523684	0.9222916293047632
k_Bacteria.p_Firmicutes.c_Bacilli.o_Bacillales.f_Unclassified.Bacillales.g_Unclassified.Bacillales.s_Unclassified.Bacillales	0.08675148410118805	0.913248515898812
k_Bacteria.p_Firmicutes.c_Bacilli.o_Lactobacillales.f_Carnobacteriaceae.g_Granulicatella.s_Unclassified.Granulicatella	0.7452672914380469	0.2547327085619531
k_Bacteria.p_Firmicutes.c_Bacilli.o_Lactobacillales.f_Enterococcaceae.g_Enterococcus.s_Enterococcus.avium	0.10314988318204199	0.896850116817958
k_Bacteria.p_Firmicutes.c_Bacilli.o_Lactobacillales.f_Enterococcaceae.g_Enterococcus.s_Enterococcus.casseliflavus	0.08540532934857725	0.9145946706514227
k_Bacteria.p_Firmicutes.c_Bacilli.o_Lactobacillales.f_Enterococcaceae.g_Enterococcus.s_Enterococcus.faecalis	0.20199463812115137	0.7980053618788486
k_Bacteria.p_Firmicutes.c_Bacilli.o_Lactobacillales.f_Enterococcaceae.g_Enterococcus.s_Enterococcus.faecium	0.3415753155769585	0.6584246844230415
k_Bacteria.p_Firmicutes.c_Bacilli.o_Lactobacillales.f_Enterococcaceae.g_Enterococcus.s_Enterococcus.gallinarum	0.6941970172027516	0.3058029827972484
k_Bacteria.p_Firmicutes.c_Bacilli.o_Lactobacillales.f_Enterococcaceae.g_Enterococcus.s_Enterococcus.raffinosus	0.18910413635843204	0.810895863641568
k_Bacteria.p_Firmicutes.c_Bacilli.o_Lactobacillales.f_Enterococcaceae.g_Enterococcus.s_Enterococcus.sp.	0.7242681022348381	0.27573189776516194
k_Bacteria.p_Firmicutes.c_Bacilli.o_Lactobacillales.f_Enterococcaceae.g_Enterococcus.s_Unclassified.Enterococcus	0.1479690489801384	0.8520309510198616
k_Bacteria.p_Firmicutes.c_Bacilli.o_Lactobacillales.f_Lactobacillaceae.g_Lacticaseibacillus.s_Unclassified.Lacticaseibacillus	0.4398084113470766	0.5601915886529234
k_Bacteria.p_Firmicutes.c_Bacilli.o_Lactobacillales.f_Lactobacillaceae.g_Lactobacillus.s_Lactobacillus.sp.	0.07041814238677135	0.9295818576132286
k_Bacteria.p_Firmicutes.c_Bacilli.o_Lactobacillales.f_Lactobacillaceae.g_Lactobacillus.s_Unclassified.Lactobacillus	0.31483803841922564	0.6851619615807744
k_Bacteria.p_Firmicutes.c_Bacilli.o_Lactobacillales.f_Streptococcaceae.g_Lactococcus.s_Lactococcus.lactis	0.015112724455130455	0.9848872755448695
k_Bacteria.p_Firmicutes.c_Bacilli.o_Lactobacillales.f_Streptococcaceae.g_Lactococcus.s_Unclassified.Lactococcus	0.34294283672840875	0.6570571632715912
k_Bacteria.p_Firmicutes.c_Bacilli.o_Lactobacillales.f_Streptococcaceae.g_Streptococcus.s_Streptococcus.lactarius	0.47927932688701214	0.5207206731129879
k_Bacteria.p_Firmicutes.c_Bacilli.o_Lactobacillales.f_Streptococcaceae.g_Streptococcus.s_Streptococcus.mitis	0.14022612445435478	0.8597738755456452
k_Bacteria.p_Firmicutes.c_Bacilli.o_Lactobacillales.f_Streptococcaceae.g_Streptococcus.s_Streptococcus.parasanguinis	0.3466458431920071	0.6533541568079929
k_Bacteria.p_Firmicutes.c_Bacilli.o_Lactobacillales.f_Streptococcaceae.g_Streptococcus.s_Streptococcus.pneumoniae	0.4332522002609043	0.5667477997390957
k_Bacteria.p_Firmicutes.c_Bacilli.o_Lactobacillales.f_Streptococcaceae.g_Streptococcus.s_Streptococcus.salivarius	0.38695932367359986	0.6130406763264001
k_Bacteria.p_Firmicutes.c_Bacilli.o_Lactobacillales.f_Streptococcaceae.g_Streptococcus.s_Streptococcus.sp.	0.45720904488984104	0.542790955110159
k_Bacteria.p_Firmicutes.c_Bacilli.o_Lactobacillales.f_Streptococcaceae.g_Streptococcus.s_Streptococcus.thermophilus	0.22342636200600918	0.7765736379939908
k_Bacteria.p_Firmicutes.c_Bacilli.o_Lactobacillales.f_Streptococcaceae.g_Streptococcus.s_Unclassified.Streptococcus	0.622999840085178	0.3770001599148221
k_Bacteria.p_Firmicutes.c_Bacilli.o_Lactobacillales.f_Streptococcaceae.g_Unclassified.Streptococcaceae.s_Unclassified.Streptococcaceae	0.17513041869135548	0.8248695813086445
k_Bacteria.p_Firmicutes.c_Bacilli.o_Lactobacillales.f_Unclassified.Lactobacillales.g_Unclassified.Lactobacillales.s_Unclassified.Lactobacillales	0.07909331419392795	0.920906685806072
k_Bacteria.p_Firmicutes.c_Bacilli.o_Unclassified.Bacilli.f_Unclassified.Bacilli.g_Unclassified.Bacilli.s_Unclassified.Bacilli	0.27472493224107164	0.7252750677589284
k_Bacteria.p_Firmicutes.c_Clostridia.o_Clostridia.bacterium..no.order.in.NCBI..f_Clostridia.bacterium..no.family.in.NCBI..g_Clostridia.bacterium..no.genus.in.NCBI..s_Clostridia.bacterium	0.6854915392094698	0.31450846079053013
k_Bacteria.p_Firmicutes.c_Clostridia.o_Eubacteriales.f_Clostridiaceae.g_Beduini.s_Unclassified.Beduini	0.41146266861331404	0.588537331386686
k_Bacteria.p_Firmicutes.c_Clostridia.o_Eubacteriales.f_Clostridiaceae.g_Butyricicoccus.s_Unclassified.Butyricicoccus	0.19368541125840055	0.8063145887415994
k_Bacteria.p_Firmicutes.c_Clostridia.o_Eubacteriales.f_Clostridiaceae.g_Clostridiaceae.bacterium..no.genus.in.NCBI..s_Clostridiaceae.bacterium	0.31046350741490814	0.6895364925850919
k_Bacteria.p_Firmicutes.c_Clostridia.o_Eubacteriales.f_Clostridiaceae.g_Clostridium.s_Clostridium.butyricum	0.48451094588528565	0.5154890541147144
k_Bacteria.p_Firmicutes.c_Clostridia.o_Eubacteriales.f_Clostridiaceae.g_Clostridium.s_Clostridium.carnis	0.3025118374084004	0.6974881625915996
k_Bacteria.p_Firmicutes.c_Clostridia.o_Eubacteriales.f_Clostridiaceae.g_Clostridium.s_Clostridium.paraputrificum	0.5823527035550359	0.4176472964449641
k_Bacteria.p_Firmicutes.c_Clostridia.o_Eubacteriales.f_Clostridiaceae.g_Clostridium.s_Unclassified.Clostridium	0.2128499572459226	0.7871500427540774
k_Bacteria.p_Firmicutes.c_Clostridia.o_Eubacteriales.f_Clostridiaceae.g_Clostridium.s_.Clostridium..sp.	0.3395060691627363	0.6604939308372637
k_Bacteria.p_Firmicutes.c_Clostridia.o_Eubacteriales.f_Clostridiaceae.g_Hungatella.s_Hungatella.effluvii	0.46463711287490206	0.5353628871250979
k_Bacteria.p_Firmicutes.c_Clostridia.o_Eubacteriales.f_Clostridiaceae.g_Hungatella.s_Hungatella.hathewayi	0.3890634303967089	0.6109365696032911
k_Bacteria.p_Firmicutes.c_Clostridia.o_Eubacteriales.f_Clostridiaceae.g_Hungatella.s_Hungatella.sp.	0.4078116466365196	0.5921883533634804
k_Bacteria.p_Firmicutes.c_Clostridia.o_Eubacteriales.f_Clostridiaceae.g_Hungatella.s_Unclassified.Hungatella	0.7301259230757638	0.26987407692423615
k_Bacteria.p_Firmicutes.c_Clostridia.o_Eubacteriales.f_Clostridiaceae.g_Unclassified.Clostridiaceae.s_Unclassified.Clostridiaceae	0.2253076187464974	0.7746923812535026
k_Bacteria.p_Firmicutes.c_Clostridia.o_Eubacteriales.f_Clostridiales.Family.XIII..Incertae.Sedis.g_Mogibacterium.s_Unclassified.Mogibacterium	0.7365736640505763	0.26342633594942366
k_Bacteria.p_Firmicutes.c_Clostridia.o_Eubacteriales.f_Clostridiales.bacterium..no.family.in.NCBI..g_Clostridiales.bacterium..no.genus.in.NCBI..s_Clostridiales.bacterium	0.31546416737972816	0.6845358326202718
k_Bacteria.p_Firmicutes.c_Clostridia.o_Eubacteriales.f_Eubacteriaceae.g_Eubacterium.s_Eubacterium.callanderi	0.7225649344420577	0.27743506555794234
k_Bacteria.p_Firmicutes.c_Clostridia.o_Eubacteriales.f_Eubacteriaceae.g_Eubacterium.s_Eubacterium.limosum	0.2333596874861984	0.7666403125138016
k_Bacteria.p_Firmicutes.c_Clostridia.o_Eubacteriales.f_Eubacteriaceae.g_Eubacterium.s_Eubacterium.maltosivorans	0.5826260673457739	0.4173739326542261
k_Bacteria.p_Firmicutes.c_Clostridia.o_Eubacteriales.f_Eubacteriaceae.g_Eubacterium.s_Eubacterium.ramulus	0.6541445073226491	0.34585549267735094
k_Bacteria.p_Firmicutes.c_Clostridia.o_Eubacteriales.f_Eubacteriaceae.g_Eubacterium.s_Eubacterium.sp.	0.22681365559220978	0.7731863444077902
k_Bacteria.p_Firmicutes.c_Clostridia.o_Eubacteriales.f_Eubacteriaceae.g_Eubacterium.s_Unclassified.Eubacterium	0.8410477986626229	0.1589522013373771
k_Bacteria.p_Firmicutes.c_Clostridia.o_Eubacteriales.f_Evtepia..no.family.in.NCBI..g_Evtepia.s_Unclassified.Evtepia	0.4089506562744224	0.5910493437255776
k_Bacteria.p_Firmicutes.c_Clostridia.o_Eubacteriales.f_Flintibacter..no.family.in.NCBI..g_Flintibacter.s_Unclassified.Flintibacter	0.8281768462972084	0.17182315370279155
k_Bacteria.p_Firmicutes.c_Clostridia.o_Eubacteriales.f_Intestinimonas..no.family.in.NCBI..g_Intestinimonas.s_Intestinimonas.butyriciproducens	0.5377493646324265	0.46225063536757344
k_Bacteria.p_Firmicutes.c_Clostridia.o_Eubacteriales.f_Intestinimonas..no.family.in.NCBI..g_Intestinimonas.s_Intestinimonas.timonensis	0.41744372058699597	0.582556279413004
k_Bacteria.p_Firmicutes.c_Clostridia.o_Eubacteriales.f_Intestinimonas..no.family.in.NCBI..g_Intestinimonas.s_Unclassified.Intestinimonas	0.15932412267300233	0.8406758773269977
k_Bacteria.p_Firmicutes.c_Clostridia.o_Eubacteriales.f_Lachnospiraceae.g_Anaerobutyricum.s_Anaerobutyricum.hallii	0.14858857785826296	0.851411422141737
k_Bacteria.p_Firmicutes.c_Clostridia.o_Eubacteriales.f_Lachnospiraceae.g_Anaerobutyricum.s_Unclassified.Anaerobutyricum	0.6472525270352112	0.35274747296478887
k_Bacteria.p_Firmicutes.c_Clostridia.o_Eubacteriales.f_Lachnospiraceae.g_Anaerostipes.s_Anaerostipes.caccae	0.5089092797796873	0.49109072022031275
k_Bacteria.p_Firmicutes.c_Clostridia.o_Eubacteriales.f_Lachnospiraceae.g_Anaerostipes.s_Anaerostipes.hadrus	0.7220712397857407	0.2779287602142592
k_Bacteria.p_Firmicutes.c_Clostridia.o_Eubacteriales.f_Lachnospiraceae.g_Anaerostipes.s_Anaerostipes.sp.	0.42476058403598216	0.5752394159640178
k_Bacteria.p_Firmicutes.c_Clostridia.o_Eubacteriales.f_Lachnospiraceae.g_Anaerostipes.s_Unclassified.Anaerostipes	0.5452180047395645	0.45478199526043556
k_Bacteria.p_Firmicutes.c_Clostridia.o_Eubacteriales.f_Lachnospiraceae.g_Anaerotignum.s_Anaerotignum.lactatifermentans	0.3833946006580805	0.6166053993419195
k_Bacteria.p_Firmicutes.c_Clostridia.o_Eubacteriales.f_Lachnospiraceae.g_Blautia.s_Blautia.argi	0.6917246092452307	0.30827539075476934
k_Bacteria.p_Firmicutes.c_Clostridia.o_Eubacteriales.f_Lachnospiraceae.g_Blautia.s_Blautia.caecimuris	0.20404566510185806	0.7959543348981419
k_Bacteria.p_Firmicutes.c_Clostridia.o_Eubacteriales.f_Lachnospiraceae.g_Blautia.s_Blautia.faecis	0.6684920864761354	0.3315079135238645
k_Bacteria.p_Firmicutes.c_Clostridia.o_Eubacteriales.f_Lachnospiraceae.g_Blautia.s_Blautia.glucerasea	0.574395065060319	0.425604934939681
k_Bacteria.p_Firmicutes.c_Clostridia.o_Eubacteriales.f_Lachnospiraceae.g_Blautia.s_Blautia.hansenii	0.05673035903021073	0.9432696409697893
k_Bacteria.p_Firmicutes.c_Clostridia.o_Eubacteriales.f_Lachnospiraceae.g_Blautia.s_Blautia.luti	0.4028399309317191	0.5971600690682809
k_Bacteria.p_Firmicutes.c_Clostridia.o_Eubacteriales.f_Lachnospiraceae.g_Blautia.s_Blautia.marasmi	0.2987982256494842	0.7012017743505158
k_Bacteria.p_Firmicutes.c_Clostridia.o_Eubacteriales.f_Lachnospiraceae.g_Blautia.s_Blautia.obeum	0.13175825262709806	0.8682417473729019
k_Bacteria.p_Firmicutes.c_Clostridia.o_Eubacteriales.f_Lachnospiraceae.g_Blautia.s_Blautia.producta	0.08179059088665241	0.9182094091133476
k_Bacteria.p_Firmicutes.c_Clostridia.o_Eubacteriales.f_Lachnospiraceae.g_Blautia.s_Blautia.sp.	0.8689266177929922	0.13107338220700776
k_Bacteria.p_Firmicutes.c_Clostridia.o_Eubacteriales.f_Lachnospiraceae.g_Blautia.s_Blautia.wexlerae	0.31416514281588626	0.6858348571841137
k_Bacteria.p_Firmicutes.c_Clostridia.o_Eubacteriales.f_Lachnospiraceae.g_Blautia.s_Unclassified.Blautia	0.44080898571251403	0.559191014287486
k_Bacteria.p_Firmicutes.c_Clostridia.o_Eubacteriales.f_Lachnospiraceae.g_Coprococcus.s_Coprococcus.comes	0.13966982172181874	0.8603301782781813
k_Bacteria.p_Firmicutes.c_Clostridia.o_Eubacteriales.f_Lachnospiraceae.g_Coprococcus.s_Coprococcus.phoceensis	0.22559055336140377	0.7744094466385962
k_Bacteria.p_Firmicutes.c_Clostridia.o_Eubacteriales.f_Lachnospiraceae.g_Coprococcus.s_Coprococcus.sp.	0.2680534772042401	0.7319465227957599
k_Bacteria.p_Firmicutes.c_Clostridia.o_Eubacteriales.f_Lachnospiraceae.g_Coprococcus.s_Unclassified.Coprococcus	0.5497672369302304	0.45023276306976956
k_Bacteria.p_Firmicutes.c_Clostridia.o_Eubacteriales.f_Lachnospiraceae.g_Dorea.s_Dorea.formicigenerans	0.13424462368579293	0.8657553763142071
k_Bacteria.p_Firmicutes.c_Clostridia.o_Eubacteriales.f_Lachnospiraceae.g_Dorea.s_Dorea.longicatena	0.7981149790454046	0.2018850209545954
k_Bacteria.p_Firmicutes.c_Clostridia.o_Eubacteriales.f_Lachnospiraceae.g_Dorea.s_Dorea.sp.	0.4572775750674465	0.5427224249325535
k_Bacteria.p_Firmicutes.c_Clostridia.o_Eubacteriales.f_Lachnospiraceae.g_Dorea.s_Unclassified.Dorea	0.5831128791687445	0.41688712083125545
k_Bacteria.p_Firmicutes.c_Clostridia.o_Eubacteriales.f_Lachnospiraceae.g_Eisenbergiella.s_Eisenbergiella.massiliensis	0.8214437676772314	0.1785562323227686
k_Bacteria.p_Firmicutes.c_Clostridia.o_Eubacteriales.f_Lachnospiraceae.g_Eisenbergiella.s_Eisenbergiella.sp.	0.5251684774879095	0.47483152251209054
k_Bacteria.p_Firmicutes.c_Clostridia.o_Eubacteriales.f_Lachnospiraceae.g_Eisenbergiella.s_Unclassified.Eisenbergiella	0.1638737600882113	0.8361262399117887
k_Bacteria.p_Firmicutes.c_Clostridia.o_Eubacteriales.f_Lachnospiraceae.g_Enterocloster.s_Enterocloster.aldenensis	0.306177033078886	0.693822966921114
k_Bacteria.p_Firmicutes.c_Clostridia.o_Eubacteriales.f_Lachnospiraceae.g_Enterocloster.s_Enterocloster.bolteae	0.6747540853545486	0.32524591464545144
k_Bacteria.p_Firmicutes.c_Clostridia.o_Eubacteriales.f_Lachnospiraceae.g_Enterocloster.s_Enterocloster.citroniae	0.4393306177858285	0.5606693822141715
k_Bacteria.p_Firmicutes.c_Clostridia.o_Eubacteriales.f_Lachnospiraceae.g_Enterocloster.s_Enterocloster.clostridioformis	0.7812296110466972	0.21877038895330286
k_Bacteria.p_Firmicutes.c_Clostridia.o_Eubacteriales.f_Lachnospiraceae.g_Enterocloster.s_Enterocloster.lavalensis	0.14505250935214453	0.8549474906478555
k_Bacteria.p_Firmicutes.c_Clostridia.o_Eubacteriales.f_Lachnospiraceae.g_Enterocloster.s_Unclassified.Enterocloster	0.71307216104551	0.28692783895449
k_Bacteria.p_Firmicutes.c_Clostridia.o_Eubacteriales.f_Lachnospiraceae.g_Faecalicatena.s_Faecalicatena.fissicatena	0.5133103835395454	0.4866896164604546
k_Bacteria.p_Firmicutes.c_Clostridia.o_Eubacteriales.f_Lachnospiraceae.g_Faecalimonas.s_Faecalimonas.umbilicata	0.03821370949587466	0.9617862905041253
k_Bacteria.p_Firmicutes.c_Clostridia.o_Eubacteriales.f_Lachnospiraceae.g_Faecalimonas.s_Unclassified.Faecalimonas	0.050633307928983906	0.9493666920710161
k_Bacteria.p_Firmicutes.c_Clostridia.o_Eubacteriales.f_Lachnospiraceae.g_Fusicatenibacter.s_Unclassified.Fusicatenibacter	0.12985215096090796	0.870147849039092
k_Bacteria.p_Firmicutes.c_Clostridia.o_Eubacteriales.f_Lachnospiraceae.g_Lachnoclostridium.s_Lachnoclostridium.sp.	0.06719813418616549	0.9328018658138345
k_Bacteria.p_Firmicutes.c_Clostridia.o_Eubacteriales.f_Lachnospiraceae.g_Lachnoclostridium.s_Unclassified.Lachnoclostridium	0.4007583775151158	0.5992416224848842
k_Bacteria.p_Firmicutes.c_Clostridia.o_Eubacteriales.f_Lachnospiraceae.g_Lachnospira.s_Lachnospira.eligens	0.5299746257393979	0.4700253742606021
k_Bacteria.p_Firmicutes.c_Clostridia.o_Eubacteriales.f_Lachnospiraceae.g_Lachnospiraceae.bacterium..no.genus.in.NCBI..s_Lachnospiraceae.bacterium	0.2705691994844813	0.7294308005155187
k_Bacteria.p_Firmicutes.c_Clostridia.o_Eubacteriales.f_Lachnospiraceae.g_Mediterraneibacter.s_Mediterraneibacter.glycyrrhizinilyticus	0.5767230831814609	0.42327691681853913
k_Bacteria.p_Firmicutes.c_Clostridia.o_Eubacteriales.f_Lachnospiraceae.g_Mediterraneibacter.s_Unclassified.Mediterraneibacter	0.7203694167347734	0.2796305832652266
k_Bacteria.p_Firmicutes.c_Clostridia.o_Eubacteriales.f_Lachnospiraceae.g_Roseburia.s_Roseburia.faecis	0.4298347818596193	0.5701652181403807
k_Bacteria.p_Firmicutes.c_Clostridia.o_Eubacteriales.f_Lachnospiraceae.g_Roseburia.s_Roseburia.hominis	0.8759163767395319	0.12408362326046804
k_Bacteria.p_Firmicutes.c_Clostridia.o_Eubacteriales.f_Lachnospiraceae.g_Roseburia.s_Roseburia.intestinalis	0.5732634690693976	0.4267365309306023
k_Bacteria.p_Firmicutes.c_Clostridia.o_Eubacteriales.f_Lachnospiraceae.g_Roseburia.s_Roseburia.inulinivorans	0.5495287779323972	0.4504712220676028
k_Bacteria.p_Firmicutes.c_Clostridia.o_Eubacteriales.f_Lachnospiraceae.g_Roseburia.s_Unclassified.Roseburia	0.4578439556450239	0.5421560443549761
k_Bacteria.p_Firmicutes.c_Clostridia.o_Eubacteriales.f_Lachnospiraceae.g_Sellimonas.s_Sellimonas.intestinalis	0.6041880974821248	0.39581190251787524
k_Bacteria.p_Firmicutes.c_Clostridia.o_Eubacteriales.f_Lachnospiraceae.g_Tyzzerella.s_Tyzzerella.nexilis	0.7305015727084749	0.269498427291525
k_Bacteria.p_Firmicutes.c_Clostridia.o_Eubacteriales.f_Lachnospiraceae.g_Tyzzerella.s_Unclassified.Tyzzerella	0.26113365532367916	0.7388663446763208
k_Bacteria.p_Firmicutes.c_Clostridia.o_Eubacteriales.f_Lachnospiraceae.g_Unclassified.Lachnospiraceae.s_Unclassified.Lachnospiraceae	0.14454822876650486	0.8554517712334951
k_Bacteria.p_Firmicutes.c_Clostridia.o_Eubacteriales.f_Lawsonibacter..no.family.in.NCBI..g_Lawsonibacter.s_Lawsonibacter.asaccharolyticus	0.45452095899000367	0.5454790410099963
k_Bacteria.p_Firmicutes.c_Clostridia.o_Eubacteriales.f_Oscillospiraceae.g_Agathobaculum.s_Agathobaculum.desmolans	0.6398992865254012	0.36010071347459877
k_Bacteria.p_Firmicutes.c_Clostridia.o_Eubacteriales.f_Oscillospiraceae.g_Agathobaculum.s_Unclassified.Agathobaculum	0.6651464304628656	0.33485356953713447
k_Bacteria.p_Firmicutes.c_Clostridia.o_Eubacteriales.f_Oscillospiraceae.g_Anaeromassilibacillus.s_Unclassified.Anaeromassilibacillus	0.46936232850029347	0.5306376714997065
k_Bacteria.p_Firmicutes.c_Clostridia.o_Eubacteriales.f_Oscillospiraceae.g_Anaerotruncus.s_Anaerotruncus.colihominis	0.7130394443229362	0.28696055567706374
k_Bacteria.p_Firmicutes.c_Clostridia.o_Eubacteriales.f_Oscillospiraceae.g_Anaerotruncus.s_Unclassified.Anaerotruncus	0.10538021824266908	0.8946197817573309
k_Bacteria.p_Firmicutes.c_Clostridia.o_Eubacteriales.f_Oscillospiraceae.g_Dysosmobacter.s_Dysosmobacter.sp.	0.7671873391094313	0.23281266089056876
k_Bacteria.p_Firmicutes.c_Clostridia.o_Eubacteriales.f_Oscillospiraceae.g_Faecalibacterium.s_Faecalibacterium.prausnitzii	0.43687417874772216	0.5631258212522778
k_Bacteria.p_Firmicutes.c_Clostridia.o_Eubacteriales.f_Oscillospiraceae.g_Faecalibacterium.s_Unclassified.Faecalibacterium	0.5157339414478028	0.4842660585521972
k_Bacteria.p_Firmicutes.c_Clostridia.o_Eubacteriales.f_Oscillospiraceae.g_Flavonifractor.s_Flavonifractor.plautii	0.4886782065851418	0.5113217934148582
k_Bacteria.p_Firmicutes.c_Clostridia.o_Eubacteriales.f_Oscillospiraceae.g_Flavonifractor.s_Flavonifractor.sp.	0.7560322860217173	0.24396771397828265
k_Bacteria.p_Firmicutes.c_Clostridia.o_Eubacteriales.f_Oscillospiraceae.g_Flavonifractor.s_Unclassified.Flavonifractor	0.5221493274814938	0.4778506725185062
k_Bacteria.p_Firmicutes.c_Clostridia.o_Eubacteriales.f_Oscillospiraceae.g_Hydrogeniiclostidium.s_Unclassified.Hydrogeniiclostidium	0.16727606694390917	0.8327239330560908
k_Bacteria.p_Firmicutes.c_Clostridia.o_Eubacteriales.f_Oscillospiraceae.g_Oscillibacter.s_Unclassified.Oscillibacter	0.7082712626077379	0.2917287373922622
k_Bacteria.p_Firmicutes.c_Clostridia.o_Eubacteriales.f_Oscillospiraceae.g_Oscillospiraceae.bacterium..no.genus.in.NCBI..s_Oscillospiraceae.bacterium	0.2353202607585011	0.7646797392414989
k_Bacteria.p_Firmicutes.c_Clostridia.o_Eubacteriales.f_Oscillospiraceae.g_Pseudoflavonifractor.s_Pseudoflavonifractor.sp.	0.7800147445033977	0.2199852554966023
k_Bacteria.p_Firmicutes.c_Clostridia.o_Eubacteriales.f_Oscillospiraceae.g_Pseudoflavonifractor.s_Unclassified.Pseudoflavonifractor	0.7837113138955406	0.2162886861044594
k_Bacteria.p_Firmicutes.c_Clostridia.o_Eubacteriales.f_Oscillospiraceae.g_Ruminococcus.s_Ruminococcus.sp.	0.07322011764255376	0.9267798823574462
k_Bacteria.p_Firmicutes.c_Clostridia.o_Eubacteriales.f_Oscillospiraceae.g_Ruminococcus.s_Unclassified.Ruminococcus	0.30814108283951247	0.6918589171604875
k_Bacteria.p_Firmicutes.c_Clostridia.o_Eubacteriales.f_Oscillospiraceae.g_Ruthenibacterium.s_Ruthenibacterium.lactatiformans	0.7735373891700226	0.22646261082997743
k_Bacteria.p_Firmicutes.c_Clostridia.o_Eubacteriales.f_Oscillospiraceae.g_Ruthenibacterium.s_Unclassified.Ruthenibacterium	0.1355688293573324	0.8644311706426676
k_Bacteria.p_Firmicutes.c_Clostridia.o_Eubacteriales.f_Oscillospiraceae.g_Subdoligranulum.s_Subdoligranulum.variabile	0.638643480163804	0.361356519836196
k_Bacteria.p_Firmicutes.c_Clostridia.o_Eubacteriales.f_Oscillospiraceae.g_Unclassified.Oscillospiraceae.s_Unclassified.Oscillospiraceae	0.3755930763362314	0.6244069236637686
k_Bacteria.p_Firmicutes.c_Clostridia.o_Eubacteriales.f_Peptostreptococcaceae.g_Clostridioides.s_Clostridioides.difficile	0.008251943948578977	0.991748056051421
k_Bacteria.p_Firmicutes.c_Clostridia.o_Eubacteriales.f_Peptostreptococcaceae.g_Clostridioides.s_Unclassified.Clostridioides	0.03691828557304022	0.9630817144269598
k_Bacteria.p_Firmicutes.c_Clostridia.o_Eubacteriales.f_Peptostreptococcaceae.g_Intestinibacter.s_Intestinibacter.bartlettii	0.5999144077455112	0.40008559225448875
k_Bacteria.p_Firmicutes.c_Clostridia.o_Eubacteriales.f_Peptostreptococcaceae.g_Intestinibacter.s_Unclassified.Intestinibacter	0.6276443995047043	0.3723556004952957
k_Bacteria.p_Firmicutes.c_Clostridia.o_Eubacteriales.f_Peptostreptococcaceae.g_Romboutsia.s_Romboutsia.timonensis	0.5052692901966743	0.4947307098033257
k_Bacteria.p_Firmicutes.c_Clostridia.o_Eubacteriales.f_Peptostreptococcaceae.g_Romboutsia.s_Unclassified.Romboutsia	0.25534510116874165	0.7446548988312583
k_Bacteria.p_Firmicutes.c_Clostridia.o_Eubacteriales.f_Peptostreptococcaceae.g_Terrisporobacter.s_Unclassified.Terrisporobacter	0.27390634204464537	0.7260936579553546
k_Bacteria.p_Firmicutes.c_Clostridia.o_Eubacteriales.f_Peptostreptococcaceae.g_Unclassified.Peptostreptococcaceae.s_Unclassified.Peptostreptococcaceae	0.23249967067852095	0.767500329321479
k_Bacteria.p_Firmicutes.c_Clostridia.o_Eubacteriales.f_Unclassified.Eubacteriales.g_Unclassified.Eubacteriales.s_Unclassified.Eubacteriales	0.08976439470211117	0.9102356052978888
k_Bacteria.p_Firmicutes.c_Clostridia.o_Unclassified.Clostridia.f_Unclassified.Clostridia.g_Unclassified.Clostridia.s_Unclassified.Clostridia	0.10957576018983473	0.8904242398101653
k_Bacteria.p_Firmicutes.c_Erysipelotrichia.o_Erysipelotrichales.f_Coprobacillaceae.g_Catenibacterium.s_Catenibacterium.sp.	0.3512723672364443	0.6487276327635557
k_Bacteria.p_Firmicutes.c_Erysipelotrichia.o_Erysipelotrichales.f_Coprobacillaceae.g_Catenibacterium.s_Unclassified.Catenibacterium	0.2989651540063353	0.7010348459936647
k_Bacteria.p_Firmicutes.c_Erysipelotrichia.o_Erysipelotrichales.f_Coprobacillaceae.g_Coprobacillus.s_Coprobacillus.cateniformis	0.7250909426051795	0.2749090573948206
k_Bacteria.p_Firmicutes.c_Erysipelotrichia.o_Erysipelotrichales.f_Coprobacillaceae.g_Coprobacillus.s_Coprobacillus.sp.	0.28739134504328645	0.7126086549567135
k_Bacteria.p_Firmicutes.c_Erysipelotrichia.o_Erysipelotrichales.f_Coprobacillaceae.g_Coprobacillus.s_Unclassified.Coprobacillus	0.8241613929911733	0.17583860700882675
k_Bacteria.p_Firmicutes.c_Erysipelotrichia.o_Erysipelotrichales.f_Erysipelotrichaceae.g_Erysipelatoclostridium.s_Erysipelatoclostridium.ramosum	0.30876351367287347	0.6912364863271265
k_Bacteria.p_Firmicutes.c_Erysipelotrichia.o_Erysipelotrichales.f_Erysipelotrichaceae.g_Erysipelatoclostridium.s_Unclassified.Erysipelatoclostridium	0.04889774315069306	0.9511022568493069
k_Bacteria.p_Firmicutes.c_Erysipelotrichia.o_Erysipelotrichales.f_Erysipelotrichaceae.g_Erysipelotrichaceae.bacterium..no.genus.in.NCBI..s_Erysipelotrichaceae.bacterium	0.3695516018257594	0.6304483981742406
k_Bacteria.p_Firmicutes.c_Erysipelotrichia.o_Erysipelotrichales.f_Erysipelotrichaceae.g_Faecalitalea.s_Faecalitalea.cylindroides	0.12514321636035475	0.8748567836396453
k_Bacteria.p_Firmicutes.c_Erysipelotrichia.o_Erysipelotrichales.f_Erysipelotrichaceae.g_Holdemanella.s_Holdemanella.biformis	0.30720021297382594	0.6927997870261741
k_Bacteria.p_Firmicutes.c_Erysipelotrichia.o_Erysipelotrichales.f_Erysipelotrichaceae.g_Holdemanella.s_Unclassified.Holdemanella	0.4507258712349361	0.5492741287650639
k_Bacteria.p_Firmicutes.c_Erysipelotrichia.o_Erysipelotrichales.f_Erysipelotrichaceae.g_Holdemania.s_Holdemania.massiliensis	0.09716503681027666	0.9028349631897233
k_Bacteria.p_Firmicutes.c_Erysipelotrichia.o_Erysipelotrichales.f_Erysipelotrichaceae.g_Holdemania.s_Unclassified.Holdemania	0.7564575997079076	0.24354240029209237
k_Bacteria.p_Firmicutes.c_Erysipelotrichia.o_Erysipelotrichales.f_Erysipelotrichaceae.g_Massilimicrobiota.s_Massilimicrobiota.timonensis	0.18679436192540122	0.8132056380745988
k_Bacteria.p_Firmicutes.c_Erysipelotrichia.o_Erysipelotrichales.f_Erysipelotrichaceae.g_Massilimicrobiota.s_Unclassified.Massilimicrobiota	0.07232303568861509	0.9276769643113849
k_Bacteria.p_Firmicutes.c_Erysipelotrichia.o_Erysipelotrichales.f_Erysipelotrichaceae.g_Unclassified.Erysipelotrichaceae.s_Unclassified.Erysipelotrichaceae	0.008577857652482535	0.9914221423475175
k_Bacteria.p_Firmicutes.c_Erysipelotrichia.o_Erysipelotrichales.f_Unclassified.Erysipelotrichales.g_Unclassified.Erysipelotrichales.s_Unclassified.Erysipelotrichales	0.6581090840482341	0.3418909159517659
k_Bacteria.p_Firmicutes.c_Firmicutes.bacterium..no.class.in.NCBI..o_Firmicutes.bacterium..no.order.in.NCBI..f_Firmicutes.bacterium..no.family.in.NCBI..g_Firmicutes.bacterium..no.genus.in.NCBI..s_Firmicutes.bacterium	0.18726168978903224	0.8127383102109678
k_Bacteria.p_Firmicutes.c_Negativicutes.o_Acidaminococcales.f_Acidaminococcaceae.g_Phascolarctobacterium.s_Phascolarctobacterium.sp.	0.4199796028944557	0.5800203971055443
k_Bacteria.p_Firmicutes.c_Negativicutes.o_Selenomonadales.f_Selenomonadaceae.g_Megamonas.s_Unclassified.Megamonas	0.8784252748158703	0.12157472518412969
k_Bacteria.p_Firmicutes.c_Negativicutes.o_Veillonellales.f_Veillonellaceae.g_Dialister.s_Dialister.sp.	0.40735131646226463	0.5926486835377354
k_Bacteria.p_Firmicutes.c_Negativicutes.o_Veillonellales.f_Veillonellaceae.g_Megasphaera.s_Unclassified.Megasphaera	0.6141514234504857	0.3858485765495143
k_Bacteria.p_Firmicutes.c_Negativicutes.o_Veillonellales.f_Veillonellaceae.g_Veillonella.s_Unclassified.Veillonella	0.8880210716497452	0.11197892835025475
k_Bacteria.p_Firmicutes.c_Negativicutes.o_Veillonellales.f_Veillonellaceae.g_Veillonella.s_Veillonella.parvula	0.9046918693221898	0.09530813067781019
k_Bacteria.p_Firmicutes.c_Negativicutes.o_Veillonellales.f_Veillonellaceae.g_Veillonella.s_Veillonella.seminalis	0.7358443721702512	0.26415562782974883
k_Bacteria.p_Firmicutes.c_Negativicutes.o_Veillonellales.f_Veillonellaceae.g_Veillonella.s_Veillonella.sp.	0.17848725152577638	0.8215127484742236
k_Bacteria.p_Firmicutes.c_Unclassified.Firmicutes.o_Unclassified.Firmicutes.f_Unclassified.Firmicutes.g_Unclassified.Firmicutes.s_Unclassified.Firmicutes	0.3277539367301404	0.6722460632698596
k_Bacteria.p_Proteobacteria.c_Betaproteobacteria.o_Burkholderiales.f_Sutterellaceae.g_Sutterella.s_Unclassified.Sutterella	0.6764906461476365	0.3235093538523635
k_Bacteria.p_Proteobacteria.c_Epsilonproteobacteria.o_Campylobacterales.f_Campylobacteraceae.g_Campylobacter.s_Unclassified.Campylobacter	0.808695239572267	0.19130476042773306
k_Bacteria.p_Proteobacteria.c_Gammaproteobacteria.o_Enterobacterales.f_Enterobacteriaceae.g_Citrobacter.s_Citrobacter.freundii	0.009357411854864939	0.9906425881451351
k_Bacteria.p_Proteobacteria.c_Gammaproteobacteria.o_Enterobacterales.f_Enterobacteriaceae.g_Citrobacter.s_Unclassified.Citrobacter	0.600459329398735	0.3995406706012649
k_Bacteria.p_Proteobacteria.c_Gammaproteobacteria.o_Enterobacterales.f_Enterobacteriaceae.g_Enterobacter.s_Enterobacter.asburiae	0.3949265822002278	0.6050734177997722
k_Bacteria.p_Proteobacteria.c_Gammaproteobacteria.o_Enterobacterales.f_Enterobacteriaceae.g_Enterobacter.s_Enterobacter.cloacae	0.25778588197604224	0.7422141180239578
k_Bacteria.p_Proteobacteria.c_Gammaproteobacteria.o_Enterobacterales.f_Enterobacteriaceae.g_Enterobacter.s_Enterobacter.hormaechei	0.5560467356335228	0.44395326436647714
k_Bacteria.p_Proteobacteria.c_Gammaproteobacteria.o_Enterobacterales.f_Enterobacteriaceae.g_Enterobacter.s_Enterobacter.roggenkampii	0.21097955447298355	0.7890204455270164
k_Bacteria.p_Proteobacteria.c_Gammaproteobacteria.o_Enterobacterales.f_Enterobacteriaceae.g_Enterobacter.s_Unclassified.Enterobacter	0.26328531436781266	0.7367146856321873
k_Bacteria.p_Proteobacteria.c_Gammaproteobacteria.o_Enterobacterales.f_Enterobacteriaceae.g_Escherichia.s_Escherichia.coli	0.5222899711924383	0.4777100288075617
k_Bacteria.p_Proteobacteria.c_Gammaproteobacteria.o_Enterobacterales.f_Enterobacteriaceae.g_Escherichia.s_Unclassified.Escherichia	0.07276010260703913	0.9272398973929609
k_Bacteria.p_Proteobacteria.c_Gammaproteobacteria.o_Enterobacterales.f_Enterobacteriaceae.g_Klebsiella.s_Klebsiella.grimontii	0.04182484226167826	0.9581751577383217
k_Bacteria.p_Proteobacteria.c_Gammaproteobacteria.o_Enterobacterales.f_Enterobacteriaceae.g_Klebsiella.s_Klebsiella.michiganensis	0.11155592412581206	0.8884440758741879
k_Bacteria.p_Proteobacteria.c_Gammaproteobacteria.o_Enterobacterales.f_Enterobacteriaceae.g_Klebsiella.s_Klebsiella.oxytoca	0.7696224146918229	0.23037758530817706
k_Bacteria.p_Proteobacteria.c_Gammaproteobacteria.o_Enterobacterales.f_Enterobacteriaceae.g_Klebsiella.s_Klebsiella.pneumoniae	0.03808458715041263	0.9619154128495874
k_Bacteria.p_Proteobacteria.c_Gammaproteobacteria.o_Enterobacterales.f_Enterobacteriaceae.g_Klebsiella.s_Klebsiella.variicola	0.22207352720749818	0.7779264727925018
k_Bacteria.p_Proteobacteria.c_Gammaproteobacteria.o_Enterobacterales.f_Enterobacteriaceae.g_Klebsiella.s_Unclassified.Klebsiella	0.6939702395217769	0.30602976047822306
k_Bacteria.p_Proteobacteria.c_Gammaproteobacteria.o_Enterobacterales.f_Enterobacteriaceae.g_Salmonella.enterica..no.genus.in.NCBI..s_Salmonella.enterica	0.1319497862054564	0.8680502137945436
k_Bacteria.p_Proteobacteria.c_Gammaproteobacteria.o_Enterobacterales.f_Enterobacteriaceae.g_Shigella.s_Unclassified.Shigella	0.6686791412686395	0.33132085873136047
k_Bacteria.p_Proteobacteria.c_Gammaproteobacteria.o_Enterobacterales.f_Enterobacteriaceae.g_Unclassified.Enterobacteriaceae.s_Unclassified.Enterobacteriaceae	0.2445640598854052	0.7554359401145948
k_Bacteria.p_Proteobacteria.c_Gammaproteobacteria.o_Enterobacterales.f_Unclassified.Enterobacterales.g_Unclassified.Enterobacterales.s_Unclassified.Enterobacterales	0.14014580939203225	0.8598541906079677
k_Bacteria.p_Proteobacteria.c_Gammaproteobacteria.o_Pasteurellales.f_Pasteurellaceae.g_Haemophilus.s_Haemophilus.parainfluenzae	0.05438105119590231	0.9456189488040977
k_Bacteria.p_Proteobacteria.c_Gammaproteobacteria.o_Pasteurellales.f_Pasteurellaceae.g_Haemophilus.s_Unclassified.Haemophilus	0.27190233400973884	0.7280976659902612
k_Bacteria.p_Proteobacteria.c_Gammaproteobacteria.o_Pasteurellales.f_Pasteurellaceae.g_Unclassified.Pasteurellaceae.s_Unclassified.Pasteurellaceae	0.6757086557008067	0.3242913442991932
k_Bacteria.p_Proteobacteria.c_Gammaproteobacteria.o_Pseudomonadales.f_Moraxellaceae.g_Acinetobacter.s_Acinetobacter.baumannii	0.09480708700728346	0.9051929129927165
k_Bacteria.p_Proteobacteria.c_Gammaproteobacteria.o_Pseudomonadales.f_Pseudomonadaceae.g_Pseudomonas.s_Pseudomonas.aeruginosa	0.4851026434082225	0.5148973565917775
k_Bacteria.p_Proteobacteria.c_Gammaproteobacteria.o_Unclassified.Gammaproteobacteria.f_Unclassified.Gammaproteobacteria.g_Unclassified.Gammaproteobacteria.s_Unclassified.Gammaproteobacteria	0.11703548270026964	0.8829645172997304
k_Bacteria.p_Proteobacteria.c_Unclassified.Proteobacteria.o_Unclassified.Proteobacteria.f_Unclassified.Proteobacteria.g_Unclassified.Proteobacteria.s_Unclassified.Proteobacteria	0.146803487090706	0.853196512909294
k_Bacteria.p_Unclassified.Bacteria.c_Unclassified.Bacteria.o_Unclassified.Bacteria.f_Unclassified.Bacteria.g_Unclassified.Bacteria.s_Unclassified.Bacteria	0.4175989407882019	0.5824010592117981
k_Bacteria.p_Verrucomicrobia.c_Unclassified.Verrucomicrobia.o_Unclassified.Verrucomicrobia.f_Unclassified.Verrucomicrobia.g_Unclassified.Verrucomicrobia.s_Unclassified.Verrucomicrobia	0.3673878912257017	0.6326121087742983
k_Bacteria.p_Verrucomicrobia.c_Verrucomicrobiae.o_Verrucomicrobiales.f_Akkermansiaceae.g_Akkermansia.s_Akkermansia.muciniphila	0.6602698140165137	0.3397301859834863
k_Bacteria.p_Verrucomicrobia.c_Verrucomicrobiae.o_Verrucomicrobiales.f_Akkermansiaceae.g_Akkermansia.s_Akkermansia.sp.	0.9662278905816811	0.03377210941831892
k_Bacteria.p_Verrucomicrobia.c_Verrucomicrobiae.o_Verrucomicrobiales.f_Akkermansiaceae.g_Akkermansia.s_Unclassified.Akkermansia	0.20249400218430424	0.7975059978156958
k_Bacteria.p_Verrucomicrobia.c_Verrucomicrobiae.o_Verrucomicrobiales.f_Akkermansiaceae.g_Unclassified.Akkermansiaceae.s_Unclassified.Akkermansiaceae	0.9431275096126146	0.056872490387385434
k_Bacteria.p_bacterium.1xD42.87..no.phylum.in.NCBI..c_bacterium.1xD42.87..no.class.in.NCBI..o_bacterium.1xD42.87..no.order.in.NCBI..f_bacterium.1xD42.87..no.family.in.NCBI..g_bacterium.1xD42.87..no.genus.in.NCBI..s_bacterium.1xD42.87	0.12024357318464485	0.8797564268153552
k_Eukaryota.p_Streptophyta.c_Magnoliopsida.o_Unclassified.Magnoliopsida.f_Unclassified.Magnoliopsida.g_Unclassified.Magnoliopsida.s_Unclassified.Magnoliopsida	0.31914967094974356	0.6808503290502564
k_Viruses.p_Uroviricota.c_Caudoviricetes.o_Caudovirales.f_Siphoviridae.g_Moineauvirus.s_Unclassified.Moineauvirus	0.0451864474114263	0.9548135525885737
k_Bacteria.p_Actinobacteria.c_Actinomycetia.o_Bifidobacteriales.f_Bifidobacteriaceae.g_Bifidobacterium.s_Bifidobacterium.pseudolongum	0.851309727959607	0.14869027204039298
k_Bacteria.p_Actinobacteria.c_Actinomycetia.o_Propionibacteriales.f_Propionibacteriaceae.g_Propionibacterium.s_Unclassified.Propionibacterium	0.6848445632821634	0.31515543671783663
k_Bacteria.p_Actinobacteria.c_Coriobacteriia.o_Coriobacteriales.f_Atopobiaceae.g_Atopobium.s_Atopobium.sp.	0.1791390297646639	0.8208609702353361
k_Bacteria.p_Actinobacteria.c_Coriobacteriia.o_Coriobacteriales.f_Coriobacteriaceae.g_Collinsella.s_Collinsella.aerofaciens	0.1994791806083569	0.8005208193916431
k_Bacteria.p_Actinobacteria.c_Coriobacteriia.o_Coriobacteriales.f_Coriobacteriaceae.g_Collinsella.s_Collinsella.sp.	0.6942491363216592	0.3057508636783408
k_Bacteria.p_Actinobacteria.c_Coriobacteriia.o_Coriobacteriales.f_Coriobacteriaceae.g_Collinsella.s_Collinsella.stercoris	0.9230450417619873	0.07695495823801263
k_Bacteria.p_Actinobacteria.c_Coriobacteriia.o_Eggerthellales.f_Eggerthellaceae.g_Adlercreutzia.s_Adlercreutzia.equolifaciens	0.3364224048817748	0.6635775951182252
k_Bacteria.p_Actinobacteria.c_Coriobacteriia.o_Eggerthellales.f_Eggerthellaceae.g_Gordonibacter.s_Gordonibacter.urolithinfaciens	0.3339744783989165	0.6660255216010835
k_Bacteria.p_Actinobacteria.c_Coriobacteriia.o_Eggerthellales.f_Eggerthellaceae.g_Gordonibacter.s_Unclassified.Gordonibacter	0.7716587189372475	0.22834128106275253
k_Bacteria.p_Actinobacteria.c_Coriobacteriia.o_Eggerthellales.f_Eggerthellaceae.g_Slackia.s_Unclassified.Slackia	0.35266175491562735	0.6473382450843727
k_Bacteria.p_Bacteroidetes.c_Bacteroidia.o_Bacteroidales.f_Bacteroidaceae.g_Bacteroides.s_Bacteroides.sp.	0.9950382196627718	0.004961780337228161
k_Bacteria.p_Bacteroidetes.c_Bacteroidia.o_Bacteroidales.f_Bacteroidaceae.g_Bacteroides.s_Bacteroides.uniformis	0.946461301748813	0.05353869825118698
k_Bacteria.p_Bacteroidetes.c_Bacteroidia.o_Bacteroidales.f_Barnesiellaceae.g_Barnesiella.s_Barnesiella.intestinihominis	0.8816973423191147	0.1183026576808853
k_Bacteria.p_Bacteroidetes.c_Bacteroidia.o_Bacteroidales.f_Phocaeicola..no.family.in.NCBI..g_Phocaeicola.s_Phocaeicola.massiliensis	0.9045995405495737	0.09540045945042634
k_Bacteria.p_Bacteroidetes.c_Bacteroidia.o_Bacteroidales.f_Phocaeicola..no.family.in.NCBI..g_Phocaeicola.s_Phocaeicola.vulgatus	0.5278750449388616	0.4721249550611384
k_Bacteria.p_Bacteroidetes.c_Bacteroidia.o_Bacteroidales.f_Phocaeicola..no.family.in.NCBI..g_Phocaeicola.s_Unclassified.Phocaeicola	0.930817848781956	0.06918215121804405
k_Bacteria.p_Bacteroidetes.c_Bacteroidia.o_Bacteroidales.f_Porphyromonadaceae.g_Porphyromonas.s_Unclassified.Porphyromonas	0.7965522779357963	0.20344772206420364
k_Bacteria.p_Bacteroidetes.c_Bacteroidia.o_Bacteroidales.f_Prevotellaceae.g_Prevotella.s_Prevotella.sp.	0.8837789832634043	0.11622101673659566
k_Bacteria.p_Bacteroidetes.c_Bacteroidia.o_Bacteroidales.f_Prevotellaceae.g_Unclassified.Prevotellaceae.s_Unclassified.Prevotellaceae	0.5569100010197122	0.4430899989802878
k_Bacteria.p_Bacteroidetes.c_Flavobacteriia.o_Flavobacteriales.f_Flavobacteriales.bacterium..no.family.in.NCBI..g_Flavobacteriales.bacterium..no.genus.in.NCBI..s_Flavobacteriales.bacterium	0.45973264176704665	0.5402673582329534
k_Bacteria.p_Bacteroidetes.c_Unclassified.Bacteroidetes.o_Unclassified.Bacteroidetes.f_Unclassified.Bacteroidetes.g_Unclassified.Bacteroidetes.s_Unclassified.Bacteroidetes	0.8422090289184652	0.15779097108153486
k_Bacteria.p_Firmicutes.c_Bacilli.o_Lactobacillales.f_Carnobacteriaceae.g_Granulicatella.s_Granulicatella.sp.	0.19980183187005507	0.8001981681299449
k_Bacteria.p_Firmicutes.c_Bacilli.o_Lactobacillales.f_Enterococcaceae.g_Enterococcus.s_Enterococcus.durans	0.4724771094325554	0.5275228905674446
k_Bacteria.p_Firmicutes.c_Bacilli.o_Lactobacillales.f_Lactobacillaceae.g_Leuconostoc.s_Unclassified.Leuconostoc	0.19420510289636228	0.8057948971036377
k_Bacteria.p_Firmicutes.c_Bacilli.o_Lactobacillales.f_Lactobacillaceae.g_Limosilactobacillus.s_Limosilactobacillus.reuteri	0.2846885754911378	0.7153114245088622
k_Bacteria.p_Firmicutes.c_Bacilli.o_Lactobacillales.f_Lactobacillaceae.g_Limosilactobacillus.s_Unclassified.Limosilactobacillus	0.3401001851376374	0.6598998148623626
k_Bacteria.p_Firmicutes.c_Bacilli.o_Lactobacillales.f_Lactobacillaceae.g_Unclassified.Lactobacillaceae.s_Unclassified.Lactobacillaceae	0.7250539032753183	0.27494609672468173
k_Bacteria.p_Firmicutes.c_Bacilli.o_Lactobacillales.f_Streptococcaceae.g_Streptococcus.s_Streptococcus.equinus	0.06043972259342523	0.9395602774065748
k_Bacteria.p_Firmicutes.c_Bacilli.o_Lactobacillales.f_Streptococcaceae.g_Streptococcus.s_Streptococcus.gordonii	0.5252592259495337	0.47474077405046633
k_Bacteria.p_Firmicutes.c_Clostridia.o_Eubacteriales.f_Clostridiaceae.g_Clostridium.s_Clostridium.botulinum	0.12322753512326412	0.8767724648767359
k_Bacteria.p_Firmicutes.c_Clostridia.o_Eubacteriales.f_Clostridiaceae.g_Clostridium.s_Clostridium.neonatale	0.37927915516252786	0.6207208448374721
k_Bacteria.p_Firmicutes.c_Clostridia.o_Eubacteriales.f_Clostridiaceae.g_Lactonifactor.s_Unclassified.Lactonifactor	0.46437098164182644	0.5356290183581736
k_Bacteria.p_Firmicutes.c_Clostridia.o_Eubacteriales.f_Clostridiales.Family.XIII..Incertae.Sedis.g_Mogibacterium.s_Mogibacterium.sp.	0.3094103038238063	0.6905896961761937
k_Bacteria.p_Firmicutes.c_Clostridia.o_Eubacteriales.f_Lachnospiraceae.g_Blautia.s_Blautia.coccoides	0.4956853261665338	0.5043146738334662
k_Bacteria.p_Firmicutes.c_Clostridia.o_Eubacteriales.f_Lachnospiraceae.g_Blautia.s_Blautia.massiliensis	0.9263520759502242	0.07364792404977587
k_Bacteria.p_Firmicutes.c_Clostridia.o_Eubacteriales.f_Lachnospiraceae.g_Eisenbergiella.s_Eisenbergiella.tayi	0.6755200476316106	0.3244799523683895
k_Bacteria.p_Firmicutes.c_Clostridia.o_Eubacteriales.f_Lachnospiraceae.g_Enterocloster.s_Enterocloster.asparagiformis	0.47600712686412083	0.5239928731358792
k_Bacteria.p_Firmicutes.c_Clostridia.o_Eubacteriales.f_Lachnospiraceae.g_Faecalicatena.s_Unclassified.Faecalicatena	0.6745221255431297	0.3254778744568702
k_Bacteria.p_Firmicutes.c_Clostridia.o_Eubacteriales.f_Lachnospiraceae.g_Fusicatenibacter.s_Fusicatenibacter.saccharivorans	0.8062419937498017	0.19375800625019834
k_Bacteria.p_Firmicutes.c_Clostridia.o_Eubacteriales.f_Lachnospiraceae.g_Lachnoclostridium.s_Lachnoclostridium.edouardi	0.21272335845596524	0.7872766415440348
k_Bacteria.p_Firmicutes.c_Clostridia.o_Eubacteriales.f_Lachnospiraceae.g_Lachnospira.s_Lachnospira.sp.	0.3682134624074832	0.6317865375925168
k_Bacteria.p_Firmicutes.c_Clostridia.o_Eubacteriales.f_Lachnospiraceae.g_Lachnotalea.s_Lachnotalea.sp.	0.15798970958608394	0.8420102904139161
k_Bacteria.p_Firmicutes.c_Clostridia.o_Eubacteriales.f_Lachnospiraceae.g_Mediterraneibacter.s_Mediterraneibacter.faecis	0.0541848653303858	0.9458151346696142
k_Bacteria.p_Firmicutes.c_Clostridia.o_Eubacteriales.f_Lachnospiraceae.g_Roseburia.s_Roseburia.sp.	0.49146979846407035	0.5085302015359296
k_Bacteria.p_Firmicutes.c_Clostridia.o_Eubacteriales.f_Lachnospiraceae.g_.Eubacterium..rectale..no.genus.in.NCBI..s_.Eubacterium..rectale	0.17688617499909298	0.823113825000907
k_Bacteria.p_Firmicutes.c_Clostridia.o_Eubacteriales.f_Oscillospiraceae.g_Agathobaculum.s_Agathobaculum.sp.	0.8470413003757064	0.15295869962429362
k_Bacteria.p_Firmicutes.c_Clostridia.o_Eubacteriales.f_Oscillospiraceae.g_Anaeromassilibacillus.s_Anaeromassilibacillus.sp.	0.6189111990597639	0.3810888009402361
k_Bacteria.p_Firmicutes.c_Clostridia.o_Eubacteriales.f_Oscillospiraceae.g_Dysosmobacter.s_Unclassified.Dysosmobacter	0.5351785902768254	0.46482140972317465
k_Bacteria.p_Firmicutes.c_Clostridia.o_Eubacteriales.f_Oscillospiraceae.g_Faecalibacterium.s_Faecalibacterium.sp.	0.20195737286007642	0.7980426271399236
k_Bacteria.p_Firmicutes.c_Clostridia.o_Eubacteriales.f_Oscillospiraceae.g_Massilimaliae.s_Massilimaliae.timonensis	0.458405007333227	0.541594992666773
k_Bacteria.p_Firmicutes.c_Clostridia.o_Eubacteriales.f_Oscillospiraceae.g_Oscillibacter.s_Oscillibacter.sp.	0.26171038128191815	0.7382896187180819
k_Bacteria.p_Firmicutes.c_Clostridia.o_Eubacteriales.f_Oscillospiraceae.g_Ruminococcus.s_Ruminococcus.bromii	0.3208379135614603	0.6791620864385397
k_Bacteria.p_Firmicutes.c_Clostridia.o_Eubacteriales.f_Oscillospiraceae.g_Subdoligranulum.s_Unclassified.Subdoligranulum	0.6253392680085064	0.3746607319914936
k_Bacteria.p_Firmicutes.c_Erysipelotrichia.o_Erysipelotrichales.f_Erysipelotrichaceae.g_Dielma.s_Dielma.fastidiosa	0.6031960257040969	0.3968039742959031
k_Bacteria.p_Firmicutes.c_Erysipelotrichia.o_Erysipelotrichales.f_Erysipelotrichaceae.g_Intestinibaculum.s_Intestinibaculum.porci	0.26967760834020704	0.730322391659793
k_Bacteria.p_Firmicutes.c_Erysipelotrichia.o_Erysipelotrichales.f_Erysipelotrichaceae.g_Longicatena.s_Longicatena.caecimuris	0.1438080447116583	0.8561919552883417
k_Bacteria.p_Firmicutes.c_Erysipelotrichia.o_Erysipelotrichales.f_Erysipelotrichaceae.g_Solobacterium.s_Solobacterium.sp.	0.17364328541744156	0.8263567145825584
k_Bacteria.p_Firmicutes.c_Negativicutes.o_Acidaminococcales.f_Acidaminococcaceae.g_Phascolarctobacterium.s_Phascolarctobacterium.faecium	0.7246183713390858	0.2753816286609142
k_Bacteria.p_Firmicutes.c_Negativicutes.o_Acidaminococcales.f_Acidaminococcaceae.g_Phascolarctobacterium.s_Phascolarctobacterium.succinatutens	0.46777656249847466	0.5322234375015253
k_Bacteria.p_Firmicutes.c_Negativicutes.o_Acidaminococcales.f_Acidaminococcaceae.g_Phascolarctobacterium.s_Unclassified.Phascolarctobacterium	0.48014246129473614	0.5198575387052639
k_Bacteria.p_Firmicutes.c_Negativicutes.o_Unclassified.Negativicutes.f_Unclassified.Negativicutes.g_Unclassified.Negativicutes.s_Unclassified.Negativicutes	0.4100327817538989	0.5899672182461011
k_Bacteria.p_Firmicutes.c_Negativicutes.o_Veillonellales.f_Veillonellaceae.g_Dialister.s_Unclassified.Dialister	0.3613173964839288	0.6386826035160712
k_Bacteria.p_Firmicutes.c_Negativicutes.o_Veillonellales.f_Veillonellaceae.g_Megasphaera.s_Megasphaera.elsdenii	0.40032949921521976	0.5996705007847802
k_Bacteria.p_Firmicutes.c_Negativicutes.o_Veillonellales.f_Veillonellaceae.g_Megasphaera.s_Megasphaera.micronuciformis	0.0950739200150299	0.9049260799849701
k_Bacteria.p_Firmicutes.c_Negativicutes.o_Veillonellales.f_Veillonellaceae.g_Megasphaera.s_Megasphaera.sp.	0.4079254162064283	0.5920745837935717
k_Bacteria.p_Firmicutes.c_Negativicutes.o_Veillonellales.f_Veillonellaceae.g_Unclassified.Veillonellaceae.s_Unclassified.Veillonellaceae	0.2960683570036502	0.7039316429963498
k_Bacteria.p_Firmicutes.c_Negativicutes.o_Veillonellales.f_Veillonellaceae.g_Veillonella.s_Veillonella.atypica	0.72872628791819	0.27127371208180995
k_Bacteria.p_Firmicutes.c_Negativicutes.o_Veillonellales.f_Veillonellaceae.g_Veillonella.s_Veillonella.ratti	0.6055974957830023	0.39440250421699774
k_Bacteria.p_Proteobacteria.c_Deltaproteobacteria.o_Desulfovibrionales.f_Desulfovibrionaceae.g_Unclassified.Desulfovibrionaceae.s_Unclassified.Desulfovibrionaceae	0.7239612936783995	0.27603870632160055
k_Bacteria.p_Proteobacteria.c_Gammaproteobacteria.o_Pseudomonadales.f_Moraxellaceae.g_Acinetobacter.s_Unclassified.Acinetobacter	0.7407087945810287	0.25929120541897127
k_Bacteria.p_Proteobacteria.c_Gammaproteobacteria.o_Pseudomonadales.f_Unclassified.Pseudomonadales.g_Unclassified.Pseudomonadales.s_Unclassified.Pseudomonadales	0.18559514116226528	0.8144048588377347
k_Viruses.p_Phixviricota.c_Malgrandaviricetes.o_Petitvirales.f_Microviridae.g_Unclassified.Microviridae.s_Unclassified.Microviridae	0.09712434258333091	0.9028756574166691
k_Viruses.p_Uroviricota.c_Caudoviricetes.o_Caudovirales.f_Podoviridae.g_Unclassified.Podoviridae.s_Unclassified.Podoviridae	0.6022735075798605	0.39772649242013947
k_Viruses.p_Uroviricota.c_Caudoviricetes.o_Caudovirales.f_Siphoviridae.g_Skunavirus.s_Unclassified.Skunavirus	0.5276379975539702	0.47236200244602977
k_Viruses.p_Uroviricota.c_Caudoviricetes.o_Caudovirales.f_Siphoviridae.g_Unclassified.Siphoviridae.s_Unclassified.Siphoviridae	0.46488923671292637	0.5351107632870736
k_Bacteria.p_Actinobacteria.c_Actinomycetia.o_Bifidobacteriales.f_Bifidobacteriaceae.g_Bifidobacterium.s_Bifidobacterium.merycicum	0.5937199346234723	0.40628006537652767
k_Bacteria.p_Actinobacteria.c_Coriobacteriia.o_Coriobacteriales.f_Coriobacteriaceae.g_Senegalimassilia.s_Senegalimassilia.anaerobia	0.6896227778614856	0.31037722213851443
k_Bacteria.p_Bacteroidetes.c_Bacteroidia.o_Bacteroidales.f_Bacteroidaceae.g_Bacteroides.s_Bacteroides.cellulosilyticus	0.7678035801806007	0.23219641981939929
k_Bacteria.p_Bacteroidetes.c_Bacteroidia.o_Bacteroidales.f_Bacteroidaceae.g_Bacteroides.s_Bacteroides.finegoldii	0.7852254249344235	0.21477457506557657
k_Bacteria.p_Bacteroidetes.c_Bacteroidia.o_Bacteroidales.f_Bacteroidaceae.g_Bacteroides.s_Bacteroides.ovatus	0.9297968223187639	0.07020317768123607
k_Bacteria.p_Bacteroidetes.c_Bacteroidia.o_Bacteroidales.f_Odoribacteraceae.g_Odoribacter.s_Odoribacter.splanchnicus	0.3891806968217856	0.6108193031782144
k_Bacteria.p_Bacteroidetes.c_Bacteroidia.o_Bacteroidales.f_Phocaeicola..no.family.in.NCBI..g_Phocaeicola.s_Phocaeicola.dorei	0.7537945987887947	0.2462054012112053
k_Bacteria.p_Bacteroidetes.c_Bacteroidia.o_Bacteroidales.f_Porphyromonadaceae.g_Porphyromonas.s_Porphyromonas.asaccharolytica	0.852977881723427	0.14702211827657297
k_Bacteria.p_Bacteroidetes.c_Bacteroidia.o_Bacteroidales.f_Rikenellaceae.g_Alistipes.s_Alistipes.indistinctus	0.7332730097028357	0.26672699029716435
k_Bacteria.p_Bacteroidetes.c_Bacteroidia.o_Bacteroidales.f_Rikenellaceae.g_Alistipes.s_Alistipes.putredinis	0.9110252463804714	0.08897475361952853
k_Bacteria.p_Bacteroidetes.c_Bacteroidia.o_Bacteroidales.f_Tannerellaceae.g_Parabacteroides.s_Parabacteroides.sp.	0.9386084409974293	0.0613915590025707
k_Bacteria.p_Bacteroidetes.c_Bacteroidia.o_Unclassified.Bacteroidia.f_Unclassified.Bacteroidia.g_Unclassified.Bacteroidia.s_Unclassified.Bacteroidia	0.766739050428982	0.23326094957101795
k_Bacteria.p_Chlamydiae.c_Chlamydiia.o_Chlamydiales.f_Chlamydiaceae.g_Chlamydia.s_Unclassified.Chlamydia	0.9197807222913804	0.0802192777086196
k_Bacteria.p_Firmicutes.c_Bacilli.o_Lactobacillales.f_Lactobacillaceae.g_Lacticaseibacillus.s_Lacticaseibacillus.rhamnosus	0.49127792740855414	0.5087220725914459
k_Bacteria.p_Firmicutes.c_Clostridia.o_Eubacteriales.f_Clostridiaceae.g_Butyricicoccus.s_Butyricicoccus.pullicaecorum	0.29782924561236257	0.7021707543876374
k_Bacteria.p_Firmicutes.c_Clostridia.o_Eubacteriales.f_Clostridiaceae.g_Butyricicoccus.s_Butyricicoccus.sp.	0.18877473651929555	0.8112252634807045
k_Bacteria.p_Firmicutes.c_Clostridia.o_Eubacteriales.f_Clostridiales.Family.XIII..Incertae.Sedis.g_Clostridiales.Family..no.genus.in.NCBI..s_Clostridiales.Family	0.32616102174238204	0.673838978257618
k_Bacteria.p_Firmicutes.c_Clostridia.o_Eubacteriales.f_Evtepia..no.family.in.NCBI..g_Evtepia.s_Evtepia.gabavorous	0.47157666149724486	0.5284233385027551
k_Bacteria.p_Firmicutes.c_Clostridia.o_Eubacteriales.f_Gemmiger..no.family.in.NCBI..g_Gemmiger.s_Gemmiger.formicilis	0.8811786116160713	0.11882138838392875
k_Bacteria.p_Firmicutes.c_Clostridia.o_Eubacteriales.f_Gemmiger..no.family.in.NCBI..g_Gemmiger.s_Unclassified.Gemmiger	0.8871120928921024	0.11288790710789763
k_Bacteria.p_Firmicutes.c_Clostridia.o_Eubacteriales.f_Lachnospiraceae.g_Anaerobutyricum.s_Anaerobutyricum.soehngenii	0.42396926471620666	0.5760307352837933
k_Bacteria.p_Firmicutes.c_Clostridia.o_Eubacteriales.f_Lachnospiraceae.g_Butyrivibrio.s_Butyrivibrio.sp.	0.5537960447966082	0.4462039552033919
k_Bacteria.p_Firmicutes.c_Clostridia.o_Eubacteriales.f_Lachnospiraceae.g_Dorea.s_Dorea.phocaeensis	0.6364561183177206	0.36354388168227936
k_Bacteria.p_Firmicutes.c_Clostridia.o_Eubacteriales.f_Lachnospiraceae.g_Lachnospira.s_Unclassified.Lachnospira	0.19714556479071876	0.8028544352092812
k_Bacteria.p_Firmicutes.c_Clostridia.o_Eubacteriales.f_Lachnospiraceae.g_Lacrimispora.s_Lacrimispora.celerecrescens	0.6010012044241062	0.39899879557589374
k_Bacteria.p_Firmicutes.c_Clostridia.o_Eubacteriales.f_Lachnospiraceae.g_Merdimonas.s_Merdimonas.faecis	0.8635193554614189	0.13648064453858105
k_Bacteria.p_Firmicutes.c_Clostridia.o_Eubacteriales.f_Lawsonibacter..no.family.in.NCBI..g_Lawsonibacter.s_Unclassified.Lawsonibacter	0.464300863496403	0.535699136503597
k_Bacteria.p_Firmicutes.c_Clostridia.o_Eubacteriales.f_Oscillospiraceae.g_Drancourtella.s_Drancourtella.sp.	0.6805269428065344	0.3194730571934656
k_Bacteria.p_Firmicutes.c_Clostridia.o_Eubacteriales.f_Oscillospiraceae.g_Neobittarella.s_Neobittarella.massiliensis	0.3916574976818984	0.6083425023181016
k_Bacteria.p_Firmicutes.c_Clostridia.o_Eubacteriales.f_Oscillospiraceae.g_Phocea.s_Unclassified.Phocea	0.8578734196057051	0.1421265803942949
k_Bacteria.p_Firmicutes.c_Clostridia.o_Eubacteriales.f_Oscillospiraceae.g_Subdoligranulum.s_Subdoligranulum.sp.	0.2768240486390474	0.7231759513609526
k_Bacteria.p_Firmicutes.c_Erysipelotrichia.o_Erysipelotrichales.f_Erysipelotrichaceae.g_Erysipelatoclostridium.s_Erysipelatoclostridium.sp.	0.8827764320041249	0.11722356799587512
k_Bacteria.p_Firmicutes.c_Negativicutes.o_Acidaminococcales.f_Acidaminococcaceae.g_Acidaminococcus.s_Unclassified.Acidaminococcus	0.20903069551201936	0.7909693044879806
k_Bacteria.p_Firmicutes.c_Negativicutes.o_Veillonellales.f_Veillonellaceae.g_Veillonella.s_Veillonella.dispar	0.3921066797705619	0.6078933202294381
k_Bacteria.p_Firmicutes.c_Negativicutes.o_Veillonellales.f_Veillonellaceae.g_Veillonella.s_Veillonella.tobetsuensis	0.6044642919303191	0.3955357080696808
k_Bacteria.p_Proteobacteria.c_Alphaproteobacteria.o_Rhodospirillales.f_Azospirillaceae.g_Azospirillum.s_Unclassified.Azospirillum	0.6827907435905527	0.31720925640944725
k_Bacteria.p_Proteobacteria.c_Betaproteobacteria.o_Burkholderiales.f_Sutterellaceae.g_Parasutterella.s_Unclassified.Parasutterella	0.7556274033877873	0.24437259661221267
k_Bacteria.p_Proteobacteria.c_Betaproteobacteria.o_Burkholderiales.f_Sutterellaceae.g_Unclassified.Sutterellaceae.s_Unclassified.Sutterellaceae	0.8464406123254384	0.15355938767456162
k_Bacteria.p_Proteobacteria.c_Betaproteobacteria.o_Burkholderiales.f_Unclassified.Burkholderiales.g_Unclassified.Burkholderiales.s_Unclassified.Burkholderiales	0.28590321138120023	0.7140967886187998
k_Bacteria.p_Proteobacteria.c_Gammaproteobacteria.o_Xanthomonadales.f_Xanthomonadaceae.g_Xanthomonas.s_Xanthomonas.citri	0.918066988303975	0.08193301169602497
k_Viruses.p_Uroviricota.c_Caudoviricetes.o_Caudovirales.f_Unclassified.Caudovirales.g_Unclassified.Caudovirales.s_Unclassified.Caudovirales	0.41184107079900467	0.5881589292009953
k_Archaea.p_Euryarchaeota.c_Methanobacteria.o_Methanobacteriales.f_Methanobacteriaceae.g_Methanobrevibacter.s_Unclassified.Methanobrevibacter	0.23592513234326917	0.7640748676567308
k_Bacteria.p_Actinobacteria.c_Coriobacteriia.o_Eggerthellales.f_Eggerthellaceae.g_Slackia.s_Slackia.piriformis	0.29562484374192566	0.7043751562580743
k_Bacteria.p_Bacteroidetes.c_Bacteroidia.o_Bacteroidales.f_Prevotellaceae.g_Prevotellaceae.bacterium..no.genus.in.NCBI..s_Prevotellaceae.bacterium	0.82569716071267	0.1743028392873301
k_Bacteria.p_Bacteroidetes.c_Flavobacteriia.o_Flavobacteriales.f_Flavobacteriaceae.g_Capnocytophaga.s_Capnocytophaga.sp.	0.5861901319652807	0.41380986803471936
k_Bacteria.p_Firmicutes.c_Clostridia.o_Eubacteriales.f_Clostridiaceae.g_Clostridium.s_Clostridium.jeddahense	0.6144514251830399	0.38554857481696014
k_Bacteria.p_Firmicutes.c_Clostridia.o_Eubacteriales.f_Clostridiaceae.g_Clostridium.s_Clostridium.saudiense	0.333500445100807	0.666499554899193
k_Bacteria.p_Firmicutes.c_Clostridia.o_Eubacteriales.f_Clostridiaceae.g_Clostridium.s_Clostridium.ventriculi	0.2409355582950855	0.7590644417049145
k_Bacteria.p_Firmicutes.c_Clostridia.o_Eubacteriales.f_Lachnospiraceae.g_Butyrivibrio.s_Unclassified.Butyrivibrio	0.04426013556864561	0.9557398644313544
k_Bacteria.p_Firmicutes.c_Clostridia.o_Eubacteriales.f_Neglecta..no.family.in.NCBI..g_Neglecta.s_Neglecta.timonensis	0.6865327533028363	0.3134672466971637
k_Bacteria.p_Firmicutes.c_Clostridia.o_Eubacteriales.f_Neglecta..no.family.in.NCBI..g_Neglecta.s_Unclassified.Neglecta	0.3054206447765738	0.6945793552234262
k_Bacteria.p_Firmicutes.c_Clostridia.o_Eubacteriales.f_Oscillospiraceae.g_Acutalibacter.s_Unclassified.Acutalibacter	0.6501239620874506	0.34987603791254945
k_Bacteria.p_Firmicutes.c_Clostridia.o_Eubacteriales.f_Oscillospiraceae.g_Massilimaliae.s_Unclassified.Massilimaliae	0.5835495282112815	0.4164504717887186
k_Bacteria.p_Firmicutes.c_Clostridia.o_Eubacteriales.f_Oscillospiraceae.g_Monoglobus.s_Monoglobus.pectinilyticus	0.4648085523258534	0.5351914476741466
k_Bacteria.p_Firmicutes.c_Clostridia.o_Eubacteriales.f_Oscillospiraceae.g_Ruminiclostridium.s_Unclassified.Ruminiclostridium	0.4811751701030519	0.5188248298969481
k_Bacteria.p_Firmicutes.c_Clostridia.o_Eubacteriales.f_Oscillospiraceae.g_Ruminococcus.s_Ruminococcus.bicirculans	0.3515989622423902	0.6484010377576098
k_Bacteria.p_Firmicutes.c_Clostridia.o_Eubacteriales.f_Peptostreptococcaceae.g_Terrisporobacter.s_Terrisporobacter.glycolicus	0.5204607232454572	0.4795392767545427
k_Bacteria.p_Firmicutes.c_Negativicutes.o_Acidaminococcales.f_Acidaminococcaceae.g_Unclassified.Acidaminococcaceae.s_Unclassified.Acidaminococcaceae	0.2804512769331272	0.7195487230668728
k_Bacteria.p_Proteobacteria.c_Betaproteobacteria.o_Neisseriales.f_Neisseriaceae.g_Neisseria.s_Unclassified.Neisseria	0.7513990850672733	0.24860091493272674
k_Bacteria.p_Proteobacteria.c_Gammaproteobacteria.o_Pseudomonadales.f_Pseudomonadaceae.g_Pseudomonas.s_Unclassified.Pseudomonas	0.5264809874877419	0.47351901251225814
k_Eukaryota.p_Streptophyta.c_Magnoliopsida.o_Rosales.f_Rosaceae.g_Unclassified.Rosaceae.s_Unclassified.Rosaceae	0.35944930360377747	0.6405506963962225
k_Bacteria.p_Bacteroidetes.c_Bacteroidia.o_Bacteroidales.f_Prevotellaceae.g_Paraprevotella.s_Unclassified.Paraprevotella	0.3158868590204146	0.6841131409795854
k_Bacteria.p_Bacteroidetes.c_Bacteroidia.o_Bacteroidales.f_Prevotellaceae.g_Prevotella.s_Prevotella.marseillensis	0.6811267755718682	0.3188732244281319
k_Bacteria.p_Bacteroidetes.c_Bacteroidia.o_Bacteroidales.f_Rikenellaceae.g_Alistipes.s_Alistipes.finegoldii	0.8569231202054864	0.14307687979451358
k_Bacteria.p_Bacteroidetes.c_Bacteroidia.o_Bacteroidales.f_Rikenellaceae.g_Alistipes.s_Alistipes.onderdonkii	0.35088442390752084	0.6491155760924792
k_Bacteria.p_Chlamydiae.c_Chlamydiia.o_Chlamydiales.f_Chlamydiaceae.g_Chlamydia.s_Chlamydia.trachomatis	0.42280853088484127	0.5771914691151587
k_Bacteria.p_Firmicutes.c_Clostridia.o_Eubacteriales.f_Clostridiaceae.g_Butyricicoccus.s_Butyricicoccus.faecihominis	0.48491567028048055	0.5150843297195195
k_Bacteria.p_Firmicutes.c_Clostridia.o_Eubacteriales.f_Clostridiaceae.g_Clostridium.s_Clostridium.phoceensis	0.5850088713163568	0.41499112868364324
k_Bacteria.p_Firmicutes.c_Clostridia.o_Eubacteriales.f_Clostridiales.Family.XIII..Incertae.Sedis.g_Unclassified.Clostridiales.Family.XIII..Incertae.Sedis.s_Unclassified.Clostridiales.Family.XIII..Incertae.Sedis	0.5178698114263256	0.48213018857367435
k_Bacteria.p_Firmicutes.c_Clostridia.o_Eubacteriales.f_Oscillospiraceae.g_Anaerotruncus.s_Anaerotruncus.sp.	0.3590448787456958	0.6409551212543042
k_Bacteria.p_Firmicutes.c_Erysipelotrichia.o_Erysipelotrichales.f_Coprobacillaceae.g_Unclassified.Coprobacillaceae.s_Unclassified.Coprobacillaceae	0.9009445925232196	0.09905540747678047
k_Bacteria.p_Firmicutes.c_Erysipelotrichia.o_Erysipelotrichales.f_Erysipelotrichaceae.g_Holdemania.s_Holdemania.filiformis	0.9200644413402341	0.07993555865976587
k_Bacteria.p_Firmicutes.c_Erysipelotrichia.o_Erysipelotrichales.f_Erysipelotrichaceae.g_Holdemania.s_Holdemania.sp.	0.9122586098016774	0.08774139019832256
k_Bacteria.p_Proteobacteria.c_Betaproteobacteria.o_Burkholderiales.f_Sutterellaceae.g_Sutterella.s_Sutterella.wadsworthensis	0.6805031819426428	0.31949681805735713
k_Bacteria.p_Proteobacteria.c_Deltaproteobacteria.o_Desulfovibrionales.f_Desulfovibrionaceae.g_Bilophila.s_Bilophila.wadsworthia	0.6604629280562312	0.3395370719437688
k_Bacteria.p_Proteobacteria.c_Deltaproteobacteria.o_Desulfovibrionales.f_Desulfovibrionaceae.g_Bilophila.s_Unclassified.Bilophila	0.5765353151006276	0.42346468489937233
k_Bacteria.p_Actinobacteria.c_Coriobacteriia.o_Coriobacteriales.f_Coriobacteriaceae.g_Coriobacteriaceae.bacterium..no.genus.in.NCBI..s_Coriobacteriaceae.bacterium	0.0833586344987417	0.9166413655012583
k_Bacteria.p_Actinobacteria.c_Coriobacteriia.o_Coriobacteriales.f_Coriobacteriaceae.g_Enorma.s_Unclassified.Enorma	0.44999777422633347	0.5500022257736665
k_Bacteria.p_Actinobacteria.c_Coriobacteriia.o_Eggerthellales.f_Eggerthellaceae.g_Slackia.s_Slackia.isoflavoniconvertens	0.43563580135820623	0.5643641986417938
k_Bacteria.p_Bacteroidetes.c_Bacteroidia.o_Bacteroidales.f_Prevotellaceae.g_Prevotella.s_Prevotella.bivia	0.6417792050500559	0.358220794949944
k_Bacteria.p_Firmicutes.c_Clostridia.o_Eubacteriales.f_Christensenellaceae.g_Christensenella.s_Unclassified.Christensenella	0.14997589402484912	0.8500241059751509
k_Bacteria.p_Proteobacteria.c_Gammaproteobacteria.o_Enterobacterales.f_Yersiniaceae.g_Serratia.s_Unclassified.Serratia	0.13601253451732553	0.8639874654826745
k_Bacteria.p_Bacteroidetes.c_Bacteroidia.o_Bacteroidales.f_Rikenellaceae.g_Alistipes.s_Alistipes.sp.	0.9034609716765021	0.09653902832349798
k_Bacteria.p_Bacteroidetes.c_Chitinophagia.o_Chitinophagales.f_Chitinophagaceae.g_Chitinophaga.s_Chitinophaga.silvisoli	0.47367603323461915	0.5263239667653808
k_Bacteria.p_Bacteroidetes.c_Chitinophagia.o_Chitinophagales.f_Chitinophagaceae.g_Chitinophaga.s_Unclassified.Chitinophaga	0.7694415974585007	0.23055840254149926
k_Bacteria.p_Bacteroidetes.c_Flavobacteriia.o_Flavobacteriales.f_Unclassified.Flavobacteriales.g_Unclassified.Flavobacteriales.s_Unclassified.Flavobacteriales	0.6204521496680333	0.37954785033196675
k_Bacteria.p_Firmicutes.c_Clostridia.o_Eubacteriales.f_Peptococcaceae.g_Unclassified.Peptococcaceae.s_Unclassified.Peptococcaceae	0.4338916988991083	0.5661083011008917
k_Bacteria.p_Firmicutes.c_Negativicutes.o_Selenomonadales.f_Selenomonadaceae.g_Megamonas.s_Megamonas.funiformis	0.7700277334066111	0.22997226659338887
k_Viruses.p_Preplasmiviricota.c_Tectiliviricetes.o_Rowavirales.f_Adenoviridae.g_Mastadenovirus.s_Unclassified.Mastadenovirus	0.5429611575544134	0.45703884244558657
k_Viruses.p_Uroviricota.c_Caudoviricetes.o_Caudovirales.f_Podoviridae.g_CrAssphage.LMMB..no.genus.in.NCBI..s_CrAssphage.LMMB	0.6651431357454931	0.33485686425450695
k_Viruses.p_Uroviricota.c_Caudoviricetes.o_Caudovirales.f_Podoviridae.g_CrAssphage.sp..C0531BW4..no.genus.in.NCBI..s_CrAssphage.sp..C0531BW4	0.7197003499692782	0.2802996500307218
k_Viruses.p_Uroviricota.c_Caudoviricetes.o_Caudovirales.f_Siphoviridae.g_Parabacteroides.phage.PDS1..no.genus.in.NCBI..s_Parabacteroides.phage.PDS1	0.784251336012363	0.21574866398763706
k_Bacteria.p_Candidatus.Melainabacteria.c_Candidatus.Gastranaerophilales..no.class.in.NCBI..o_Candidatus.Gastranaerophilales.f_Candidatus.Gastranaerophilales.bacterium..no.family.in.NCBI..g_Candidatus.Gastranaerophilales.bacterium..no.genus.in.NCBI..s_Candidatus.Gastranaerophilales.bacterium	0.4686360999161463	0.5313639000838537
k_Bacteria.p_Candidatus.Melainabacteria.c_Unclassified.Candidatus.Melainabacteria.o_Unclassified.Candidatus.Melainabacteria.f_Unclassified.Candidatus.Melainabacteria.g_Unclassified.Candidatus.Melainabacteria.s_Unclassified.Candidatus.Melainabacteria	0.295002261240049	0.704997738759951
k_Bacteria.p_Firmicutes.c_Clostridia.o_Eubacteriales.f_Oscillospiraceae.g_Monoglobus.s_Unclassified.Monoglobus	0.32760283883499963	0.6723971611650004
k_Bacteria.p_Firmicutes.c_Erysipelotrichia.o_Erysipelotrichales.f_Erysipelotrichaceae.g_Holdemanella.s_Holdemanella.sp.	0.5254797494873327	0.47452025051266733
k_Bacteria.p_Actinobacteria.c_Actinomycetia.o_Bifidobacteriales.f_Bifidobacteriaceae.g_Bifidobacterium.s_Bifidobacterium.angulatum	0.45602569678409677	0.5439743032159032
k_Bacteria.p_Firmicutes.c_Erysipelotrichia.o_Erysipelotrichales.f_Coprobacillaceae.g_Catenibacterium.s_Catenibacterium.mitsuokai	0.8806036590968453	0.11939634090315464
k_Bacteria.p_Actinobacteria.c_Coriobacteriia.o_Eggerthellales.f_Eggerthellaceae.g_Gordonibacter.s_Gordonibacter.sp.	0.4057958352033151	0.5942041647966849
k_Bacteria.p_Bacteroidetes.c_Bacteroidia.o_Bacteroidales.f_Prevotellaceae.g_Prevotella.s_Prevotella.pectinovora	0.2816648332214937	0.7183351667785063
k_Bacteria.p_Bacteroidetes.c_Bacteroidia.o_Bacteroidales.f_Prevotellaceae.g_Prevotella.s_Prevotella.stercorea	0.7027716501609937	0.2972283498390063
k_Bacteria.p_Firmicutes.c_Clostridia.o_Eubacteriales.f_Clostridiaceae.g_Sarcina.s_Unclassified.Sarcina	0.5850640930915165	0.41493590690848353
k_Bacteria.p_Firmicutes.c_Clostridia.o_Eubacteriales.f_Lachnospiraceae.g_Fusicatenibacter.s_Fusicatenibacter.sp.	0.8609148065063044	0.1390851934936956
k_Bacteria.p_Firmicutes.c_Clostridia.o_Eubacteriales.f_Oscillospiraceae.g_Hydrogeniiclostidium.s_Hydrogeniiclostidium.mannosilyticum	0.801713366769375	0.19828663323062506
k_Bacteria.p_Proteobacteria.c_Alphaproteobacteria.o_Rhodospirillales.f_Azospirillaceae.g_Azospirillum.s_Azospirillum.sp.	0.2731653049972903	0.7268346950027097
k_Bacteria.p_Proteobacteria.c_Betaproteobacteria.o_Burkholderiales.f_Sutterellaceae.g_Sutterella.s_Sutterella.sp.	0.8061341586785002	0.19386584132149978
k_Bacteria.p_Bacteroidetes.c_Bacteroidia.o_Bacteroidales.f_Bacteroidaceae.g_Bacteroides.s_Bacteroides.eggerthii	0.931482006373445	0.06851799362655496
k_Bacteria.p_Bacteroidetes.c_Bacteroidia.o_Bacteroidales.f_Bacteroidaceae.g_Bacteroides.s_Bacteroides.oleiciplenus	0.7121626136478194	0.28783738635218065
k_Bacteria.p_Firmicutes.c_Bacilli.o_Lactobacillales.f_Streptococcaceae.g_Streptococcus.s_Streptococcus.lutetiensis	0.23850384768746402	0.761496152312536
k_Bacteria.p_Proteobacteria.c_Deltaproteobacteria.o_Desulfovibrionales.f_Desulfovibrionaceae.g_Desulfovibrio.s_Unclassified.Desulfovibrio	0.5283382871422	0.47166171285779995
k_Bacteria.p_Firmicutes.c_Bacilli.o_Lactobacillales.f_Lactobacillaceae.g_Leuconostoc.s_Leuconostoc.mesenteroides	0.5662791546067472	0.43372084539325284
k_Bacteria.p_Firmicutes.c_Clostridia.o_Candidatus.Metalachnospira..no.order.in.NCBI..f_Candidatus.Metalachnospira..no.family.in.NCBI..g_Candidatus.Metalachnospira.s_Candidatus.Metalachnospira.gallinarum	0.8373294458117013	0.16267055418829873
k_Bacteria.p_Firmicutes.c_Clostridia.o_Eubacteriales.f_Lachnospiraceae.g_Lacrimispora.s_Lacrimispora.saccharolytica	0.5672896804422249	0.43271031955777506
k_Bacteria.p_Firmicutes.c_Clostridia.o_Eubacteriales.f_Peptostreptococcaceae.g_Peptacetobacter.s_Unclassified.Peptacetobacter	0.45383633640680177	0.5461636635931982
k_Bacteria.p_Bacteroidetes.c_Bacteroidia.o_Bacteroidales.f_Barnesiellaceae.g_Barnesiella.s_Unclassified.Barnesiella	0.8437568209279735	0.15624317907202642
k_Bacteria.p_Firmicutes.c_Bacilli.o_Lactobacillales.f_Lactobacillaceae.g_Leuconostoc.s_Leuconostoc.pseudomesenteroides	0.21380429039555138	0.7861957096044486
k_Bacteria.p_Firmicutes.c_Clostridia.o_Eubacteriales.f_Peptostreptococcaceae.g_Criibacterium.s_Unclassified.Criibacterium	0.6467867048244967	0.35321329517550326
k_Bacteria.p_Proteobacteria.c_Epsilonproteobacteria.o_Campylobacterales.f_Unclassified.Campylobacterales.g_Unclassified.Campylobacterales.s_Unclassified.Campylobacterales	0.33536019204847534	0.6646398079515247
k_Bacteria.p_Bacteroidetes.c_Bacteroidia.o_Bacteroidales.f_Porphyromonadaceae.g_Porphyromonas.s_Porphyromonas.uenonis	0.7910886960740384	0.20891130392596155
k_Bacteria.p_Firmicutes.c_Clostridia.o_Candidatus.Allochristensenella..no.order.in.NCBI..f_Candidatus.Allochristensenella..no.family.in.NCBI..g_Candidatus.Allochristensenella.s_Unclassified.Candidatus.Allochristensenella	0.5787083205165141	0.4212916794834859
