0.0
0.0
0.0
0.0
0.0
0.0
0.0
0.0
0.0
0.0
0.0
0.0
0.0
0.0
0.0
0.0
0.0
0.0
0.0
0.5435217399561193
0.0
0.0
-6.512794748097825
0.0
0.0
0.0
0.0
0.0
0.0
0.0
0.0
0.0
0.0
-13.94785470165245
0.0
0.0
0.0
0.0
0.0
0.0
0.0
0.0
0.0
0.0
0.0
0.0
0.0
0.0
0.0
0.0
0.0
0.0
0.0
-2.3555092759271803
0.0
0.0
0.0
0.0
0.0
0.0
0.0
0.0
0.0
2.8170238578652746
0.0
-0.44878038837100526
0.0
0.0
0.0
0.0
0.0
0.0
0.0
0.0
0.0
0.0
0.0
0.0
0.0
0.0
0.0
0.0
0.0
0.0
0.0
0.0
17.577408856177783
0.0
0.0
0.0
-15.340238932371742
0.0
0.0
0.0
0.0
0.0
0.0
0.0
-2.4750391141782844
0.0
0.0
0.0
0.0
0.0
0.0
13.722718010884353
0.0
0.0
-1.143505024019259
0.0
4.2758107441698225
0.0
0.0
0.0
0.0
0.0
0.0
0.0
0.0
0.0
0.0
0.0
0.0
8.00932947900536
1.7962618123101093
0.0
0.0
0.40914362908323915
