-20.243173280227754
0.0
0.0
-9.071430185629104
0.0
0.0
0.0
3.8334743533859736
0.0
0.0
2.835496561297654
0.0
0.0
0.0
0.0
0.0
0.0
0.0
0.0
0.0
0.0
0.0
0.0
0.0
0.0
0.20076909922877054
-14.735774502825844
-17.76303708094888
7.582668773860904
0.0
0.0
0.0
0.0
25.919137600563303
3.9735980821854433
1.0783448048607716
0.0
0.0
0.0
8.677432995261032
0.0
0.0
0.0
0.0
-4.501933431173825
8.1289227978044
-4.824602707400816
3.248493011068136
0.0
0.0
0.06406518179758917
14.922589809866745
4.568770852700859
0.0
11.632208371313629
-5.460778983565702
0.0
0.0
0.0
0.0
0.0
0.0
4.588997903363731
-5.276934015383257
-5.037653336760834
-6.999274788855076
0.0
0.0
0.0
2.925761891149511
0.0
0.0
14.549758539500175
-16.089222300127922
0.0
0.0
-7.445610244281538
0.0
0.0
0.0
-7.8928021133849775
0.0
0.0
0.0
0.0
0.0
-0.04212634226508913
0.0
-7.420630243955141
0.0
-22.350009550553942
0.0
0.0
0.0
-7.166059296180284
0.0
4.976890264110239
0.0
6.328000746632207
11.563715173684422
-10.526842566849131
0.0
-0.03847391121575159
0.0
0.0
0.0
-0.5799212645441953
-5.317987381710019
0.0
0.0
0.0
-15.711788996736665
0.0
0.0
0.0
0.0
0.0
0.15746958162919683
0.0
0.0
-12.020310495920977
0.0
0.0
0.0
0.0
0.0
0.0
0.0
