0.0
-11.620571326561961
0.0
6.9019716202635415
0.0
0.0
0.0
0.0
7.309850437832678
0.0
0.0
0.0
0.0
0.0
0.0
0.0
0.0
0.0
0.0
0.0
0.0
0.0
-6.347609721380947
0.0
0.0
0.0
0.0
1.024305824444414
0.0
-2.897707152257192
0.0
0.0
0.0
-3.4091362847112476
0.0
0.0
1.3594529262385266
0.0
0.0
0.0
0.0
0.0
0.0
0.0
0.0
0.0
0.0
0.0
0.0
0.0
0.0
0.0
2.467398259866201
0.0
0.0
0.0
0.0
0.0
-0.9236945042161145
0.0
0.0
0.0
0.0
5.465814884961537
0.0
0.0
0.0
0.24000717117992373
0.0
0.0
-6.295992069374666
0.0
0.0
0.0
0.0
-0.07137500306412307
0.0
0.0
-1.5581544992074852
0.0
0.0
0.0
0.0
0.0
0.0
0.0
4.492606162836042
0.0
0.0
0.0
0.0
15.119075623994227
0.0
1.8551237380573669
-2.818312934461483
0.0
0.0
0.0
0.0
0.0
0.0
0.0
0.0
0.0
0.0
0.0
0.0
0.0
9.930614244765662
0.0
0.0
0.0
0.0
1.4696259872083932
6.451577006135122
-11.777766163927234
0.0
0.0
0.0
0.0
-3.632303017484262
0.0
0.0
0.0
0.0
0.0
0.0
0.0
