-0.6144134845974905
-2.062040176069523
2.430973191434521
2.3417383132485274
0.08217518478232894
-0.9175245863183951
2.1341474042558066
-1.1929344920664846
-0.8825713751286516
-0.28158425262553366
-3.0441263598197454
-0.264954264814581
0.6725837070038617
-0.9721734843051667
-5.878953043688497
0.3873851342592534
2.0118568788131634
-0.8143920800234437
-2.9255613828388563
3.4632709498371193
1.4363175628625637
-0.6027370808157739
1.9884422541726885
-1.8518693606510674
-1.4139601846966972
2.9005465019996186
1.0786838550236477
0.6902005494724464
2.16535542443914
-0.6376103710780272
2.098165520976494
-2.885319574210625
-3.5227782150549354
-0.16174454686400125
0.5174108220758658
4.740617576006586
1.891609143176731
2.605999134274251
4.11082867571013
-1.6247638972663054
-0.5945545399712527
-3.8652639769627544
-1.0318547388763932
2.8727626236051353
3.3711357458368543
-1.4369920597728836
-1.0947165510745418
0.8176599875628984
-1.663677994774892
3.0955766282520205
2.292833017675134
-1.4943548112892218
-0.8915605995162755
1.626681314896421
-2.5874714344284886
0.46020050779432997
-2.103100983418093
3.267790929459069
-0.261312677164399
-5.25410784226264
-2.029012809095198
-1.066841546685414
1.325057810103584
-2.0438833196532884
0.7879126505202377
0.21468761998021452
-0.0069368897412658845
0.6699208729235651
0.9975116587199151
1.0889081544689327
-2.10325456970315
1.5008351600349574
-1.8663051059978104
-2.079471613721656
-2.012208593101959
2.1843871154647947
1.3264476709417614
2.08806513270671
1.1995379576603404
-0.44422702683797255
0.07206741789485353
-1.4945955488369325
0.09071533268208788
1.6715097892609487
0.3441164803797001
-2.184230490224014
0.7602206144513145
1.0844684644438571
-3.4282045008640085
-1.2167165220565854
-0.614392613721387
-0.28186217981632855
2.1824943003865824
0.04002938029108192
-1.0859137675013344
-4.543757968739317
-0.4546955058112439
-0.09013010179168227
-1.2957403934575191
-1.8703604867353998
-2.2779069672977825
-2.4825422503712256
-1.2196041790325898
1.0266653314852756
2.865674875446978
1.2854314032360936
-0.7188167460000282
-1.364483019895535
-1.9882790621044475
-3.1420978855752906
-1.4466447823737274
-0.863163710926716
1.4364524884952998
-0.015489619404896956
-1.2280773797799125
3.280615708111957
-3.206281141317233
1.9044841444656047
2.7490826377284723
-4.141533711294923
3.471787387576912
-2.3323695822195796
2.8699113546561152
0.9767799995404389
-0.4852035304541196
-0.3610125638332685
-1.8696014201210855
1.5137106121193844
