0.0
0.48719303517337154
-2.0711148422120367
1.5332131420781363
-0.0641091423781017
0.0
0.0
-0.5146975237877254
0.0
-1.3173757142933393
1.6909220687278534
-3.273160469845334
-0.7973781260491626
0.0
0.0
0.0
0.13130446362309978
0.0
0.0
-0.7680849543481247
-0.08284795611070123
0.875554682489829
3.3501558637797646
0.0
-0.8598688456200696
0.0
0.0
0.0
-1.0334816190474403
0.0
-0.42113517095674835
0.0
2.271394231604214
0.0
1.4732114825908131
0.0
0.6356988367566401
0.0
0.0
-0.39337158486415674
0.0
-1.7288533815408347
-0.15229461671414093
1.227473124273589
0.0
0.0
0.5015589899458479
0.0
1.4123425302236248
0.0
2.15963792616775
1.4434730084960747
0.19883523117128193
0.0
0.0
-2.677722240260197
0.0
0.0
0.0
5.2881992719057065
0.0
2.779077038344872
0.0
0.5115331184865592
0.0
-0.005346911081599588
0.0
-2.724210457292498
0.0
0.0
0.0
-1.847366169900658
-0.26875387906212067
2.036087764285026
-1.409137049543994
1.523234898793795
-0.494056409899352
0.6383845606617743
0.0
0.0
3.079951786071593
2.5359834928421825
0.0
1.2205373451398407
0.0
2.2716638620489027
0.0
1.0246070110177554
0.0
0.0
1.3561944275625772
0.0
0.0
0.0
0.0
0.0
0.0
0.0
0.0
0.0
0.0
0.0
0.0
0.0
0.0
5.385123172457866
-1.0866390903611718
0.0
0.0
0.0
-1.107460819963047
0.0
0.0
-0.10517016048183751
-1.0870096412068897
-0.010258319155954692
0.0
0.0
1.0286244550092944
3.444970296218047
1.5995426365460925
1.5146743685385913
0.0
0.8947310014717466
0.0
0.0
-0.3293301815647174
1.319498035791369
