0.64222292926689
-3.276607306681834
-0.9697566384877535
0.7798990435421741
2.1020493348744362
1.126171476884181
0.49428299050018004
0.1140675111374892
-0.915971195484277
-0.6614416810152521
1.2141988591045039
1.825262697149777
0.48737085878950825
2.811679644098783
1.2061617783325909
-2.8108311916441164
-1.3299935662951499
-1.0364723127227164
0.5631924755704416
-0.7190715096573519
2.993514513592215
1.642718087109041
-4.35851756271648
2.497031652827741
-1.378869404493715
0.6621414132901045
-0.7098429480299986
1.342947803332949
-2.063631043508344
1.2131225881622667
1.7410799405585315
-2.0950622477562506
-2.0535381743346055
1.6173086726627188
1.796076108475627
3.9375943241052047
0.0
-1.0934371274889039
0.051409858070360755
0.9293076245193834
-2.9050025757480755
1.6281081548171783
-3.683755992064338
-0.7675481896036198
1.679229237581496
0.8340348946897463
-1.4944309411206274
-0.03900070627172829
-3.457151208753648
-3.198284648993196
-0.9342805635743484
-3.187877394621392
-2.3666273159760687
-0.10141569949736973
3.3017549517454827
-3.2586664062059674
-0.7007397674155442
-1.5040957109270816
-0.33005718453924854
3.168872839231935
-1.5114671215524635
-3.4930358352415274
-0.8062519533814555
-1.029101232950257
0.9248322657186197
-1.196016225061937
-0.8629491644263563
0.2987605710001533
-2.5408867267241733
0.5413229381203104
0.0
0.00021967722567942298
3.7431701040793754
0.7161983030194276
0.0
1.5814134628814822
2.4523969667339087
0.3650503569613707
-0.5650244111259382
0.2190951839351703
-0.7961864261700248
-0.9529130994406749
-0.04443982883782915
0.36650828062770957
-0.057768312904345746
0.13436573669545998
-1.5626511892255905
-0.2652769410614673
0.23811872631914024
0.0
-5.369812497428712
-0.0034829436548892197
-3.8845684416892112
-1.1643316694516044
1.386203258514927
-3.960939142023853
1.6466757980112974
2.515799595616826
-0.6929522813963008
-2.7330015675510757
1.6520613311739727
-1.072598470999803
-3.456820708664981
-2.1312454468343964
-0.5639334966748144
0.4041668758462179
-1.919210547323001
-1.0542281628590822
0.0
-4.076780493553577
-3.2028965529139017
3.6879373027359796
3.287530590945645
-2.5473222524414227
2.183267855016648
1.5297438040763698
2.054449685720688
-2.7849320885320434
-1.3729516779448077
0.0
0.5706682780934388
2.6890928627394133
1.5685538254701206
0.5173314228823388
0.1843516546376489
-2.249040149261926
0.0286974423779188
1.2627118547188354
