0.0
0.0
0.0
0.0
0.0
0.0
0.0
0.0
0.0
0.0
0.0
0.0
0.0
0.0
0.0
0.0
0.0
0.0
0.0
0.0
0.0
0.0
-2.5428618604907927
0.0
0.0
0.0
4.388327522233491
0.0
0.0
-52.87650116513205
0.0
0.0
-7.706232415073551
0.0
0.0
4.586698631129469
0.0
0.0
1.0094349178123476
0.0
0.0
0.0
0.0
0.0
0.0
0.0
0.0
0.0
0.0
0.0
-0.00623996860920303
0.0
16.267763592546032
0.0
0.0
0.0
0.0
-4.681196140403029
0.0
0.0
0.0
-2.9271039356461985
0.0
0.0
7.890941458983639
1.1468435424896806
0.0
0.0
0.0
0.0
-8.785016175447588
0.0
0.0
0.0
0.0
2.606684634538451
-28.826311632463824
0.0
0.0
0.0
0.0
-6.253473073570242
-13.361034696870579
0.0
0.0
0.0
0.0
0.0
0.0
-21.57813880645252
0.0
0.0
0.0
0.0
0.0
28.875128626005694
0.0
7.957075194088279
0.0
0.0
-2.3497158858332767
0.0
0.0
0.0
2.2719257591081505
0.0
0.0
0.0
0.0
-5.324322262512151
8.778832924453253
-4.709463870700764
-2.6765028709892635
0.0
-7.44114081785102
0.0
0.5970001121353921
0.0
6.534512165044214
0.0
0.0
0.0
0.0
0.0
0.0
0.0
0.0
11.293897239953425
