0.06126330733594579
-1.6167417632776235
-2.296175879017799
0.7779024151604971
1.3005105619681083
0.7375919074157573
-1.370503267089069
0.7826757133795335
0.05287771498825152
2.440720264464536
0.39944737665849617
-0.5350660485786762
-1.8509669169359153
0.42812175063934466
1.3081206882715362
-0.2176506009940902
0.31223502080148013
0.5381845082988818
-0.2924669295430149
1.1023944616631212
0.7738810940095818
-2.5654345187644303
0.031603514925605515
3.0866519502180148
0.5068662253528532
-0.7651448578457407
0.23935968073074998
-0.6522151010811271
0.5985239465864777
0.4387234446356499
0.6344515252102034
0.08018908914095432
-0.8502827809987803
1.4530899239933914
-0.5115368393474353
0.14629322632293454
0.7564948157989012
0.6188242655142032
0.5804034902217565
-0.42220596944836203
-0.37948561837343275
0.761100570360713
-1.5448338095120642
-0.3401503174091911
0.3437166232863296
-1.8108580032889368
-0.17252183259248538
-0.2084538394978098
1.2335142529899288
-0.4013297656843552
0.891809716707334
-0.035124322295511996
-0.6983927556597549
-1.0866547184664068
-0.9675052775116002
1.8689752423360657
-0.6938795957183228
-1.3633178199956568
0.39509455141052446
-1.424537023350855
1.4026036881231942
0.57890789691534
0.1854617193826148
-1.3217598742938423
-1.3005054497706001
-0.7704603061115837
-0.45159670902240934
-0.14905877882071014
0.6344433930533268
1.3735737275646596
0.4091673224754847
2.3870394116011977
-0.5234057639516434
-0.2886314177397131
2.1556927307595837
0.5890070521951308
0.6293811987510711
0.043955261301925855
0.48019810514080413
0.2598258525257056
-2.7686672820141305
1.2971076663449075
0.8197710881646201
0.48652936102079314
0.8321258227153848
-1.2726590051338313
-1.4306456224652617
-1.3284002309505214
1.729039761552737
1.819932423515131
-0.13962693757128894
0.1685298332211285
1.4589457846298277
-0.1945563741582211
-0.6782960866351133
0.8505485274557357
-1.7670229141543365
0.23215868131839743
3.7090408839719275
0.08494766120564744
-0.9893363764975808
-1.0952689273902119
2.2739495198856536
1.693314639695283
-1.466939672802666
-0.8095169301573506
0.6962675819782516
-2.477000282001462
0.8488018826219393
0.955830773987197
-2.269837143065187
0.9907703463800632
1.012185664971084
-1.356725896959494
-1.1339735185266029
3.270721496691678
-1.0691540597798892
0.03897926949176159
-1.1677169705141541
-1.1488419633481617
-1.331329123891812
-1.3293306150851487
-1.4385526420903743
1.2427638401132204
-0.4131452515870867
-2.3590962003050167
0.39028093650466006
0.8721561256961141
