0.0
0.0
0.46354489639930363
0.0
3.6050538692084926
-2.298838658184811
-1.7505037283239162
0.0
0.0
-3.5922348832882856
-4.873178508313555
0.0
0.0
0.0
0.0
0.0
0.48255804380019496
0.0
0.0
0.0
0.0
0.13808796359311035
0.0
2.334367923498233
0.0
0.0
-3.3212762422611735
0.0
0.10008622913365056
-1.2089324815264253
0.0
1.681305261112953
3.6852628793564457
0.0
-1.78906083786118
0.0
1.105969096397389
0.0
0.0
1.2725748500216703
2.786601707235192
1.2964840338792292
0.0
0.0
0.0
3.555592905129167
-1.7107882184909278
-8.928941199061848
0.0
0.0
-3.292949171337878
0.7662967260726684
0.0
0.0
0.0
0.0
0.0
5.7028570032371295
1.425152778704569
0.0
0.0
0.0
2.003006686437366
0.19003860031778463
0.0
-2.480788158104993
0.0
0.0
-1.651118314830589
-2.854076141927486
1.2926424230315714
0.0
0.6771094782689208
0.0
0.5128397327525384
0.0
-0.620077228399648
0.0
0.7650934388585303
0.0
0.6857821839243147
0.0
5.6575542378830965
0.0
0.0
-2.6703475574119357
-1.710821272820156
0.5916889308296812
-2.240268836350196
-1.990887824579021
3.6043282998513084
0.0
0.0
0.0
-7.327699907460163
2.392634527275651
0.0
0.37456300994627345
-4.297115970106263
0.0
-4.732688651416953
-0.7476328118630179
0.5477781790592121
3.2356108470112006
0.0
0.0
0.0
-6.789915712570917
-2.7809004433420506
0.0
-0.12958971598051672
0.0
1.0729082450447216
0.0
0.0
1.197539527661695
0.9867188695792224
0.0
-0.9106976414482316
0.0
-2.295749292690976
0.0
0.8167277007807143
0.0
2.389315621035389
0.9202059539378484
0.0
0.0
