-2.8555219615387566
-0.9225578415761896
2.876321807539581
0.5934596146378589
4.2195603755844955
-1.7005555457115273
2.8906961115144107
2.2516493906494923
0.4248952320431248
1.1503750659801006
4.867303269111316
-2.025919015455972
2.65488854680683
0.07498408765245751
-3.4736765690372207
0.345333889695965
-0.7889370543757749
-2.516203009865405
0.7379075624660385
-0.3652417771321121
-3.3165602444866957
-2.6220823826336774
1.2842935889941116
-2.0001077207060387
-1.8732974819788168
0.8567800527397027
0.05365751246675482
4.168419066146184
-1.4014423922883747
-1.9980218282854045
0.6931893219746557
-0.26309919792573105
4.00966649090087
2.054664610258481
-8.812221255915716
3.367660967053444
2.7405671441422768
3.262771771486233
-4.998426720122506
-1.2339192375386452
2.379560666594426
3.563222100637102
3.0534053827108836
3.1053002349649046
1.1924841712566698
2.5225732634490656
-1.2753622628313
-0.9424895083534373
-1.4302531222179933
-0.07832086202861197
-4.169990629634248
-1.503747952248113
-2.281561001667947
-1.9947907827287372
0.19756935197806483
0.8034126984123575
-0.4125196362303734
0.9486952893873954
-1.3515899059365788
-3.210076381864588
4.976381157892767
3.5368563657278003
-2.767955959741996
1.1776266222810314
-0.06070983784031596
1.8138220108529595
3.468417564800426
-0.9366546814527104
3.7012489943309452
1.6393474299450037
2.076785305014532
0.8510579262563898
2.4104072950085005
-1.4888039243147084
-1.7009171666570446
-0.5790451288868935
0.10360957844117986
1.7333469113524225
-3.779147549716218
0.2859147744128933
-2.4086103028249912
-3.8315590392539036
3.0598769485411776
-1.803088881663554
-1.0396810073569467
-3.5484025467383393
3.4952404780303263
0.5168990820292324
4.309611779340131
-0.49769389439897394
3.9062965337356528
3.2754754562148647
6.1895913027151845
-2.789507751241654
-0.27801704002784194
-5.708608174665085
-5.6972624477768665
1.033872003270483
-1.979220768925475
-1.730666988321271
0.9657071283469327
-3.873907307455678
1.9792796770514374
-0.9036836376966917
0.47212604882371495
0.6358897732429458
3.9267833465015594
0.5163535942992965
5.324317099023848
-1.3520440257764148
3.2085002050339053
2.714694607310274
3.895508886932742
1.2386519209405848
1.9150254948797636
-1.759039276452079
0.6155667771123015
1.0415628212115469
-3.007146153418008
-4.596555224671916
3.830552625398093
-2.609221343422603
3.382314939928978
-0.17717130109741153
-1.5101032185758554
-1.5878300056206711
-2.8439949730914007
0.41219992762097774
